{"lowlevel": {"average_loudness": 0.692745745182, "barkbands": {"dmean": [8.94484401215e-06, 0.000887269270606, 0.00209183292463, 0.000968690903392, 0.00117205211427, 0.00018872806686, 0.000200630849577, 0.000272648583632, 0.000403907266445, 0.000350725080352, 0.000473464257084, 0.000266663293587, 0.000355099735316, 0.00018494539836, 0.000245028641075, 0.000199171860004, 0.000165124729392, 0.000186420613318, 0.000144769248436, 0.000146404883708, 0.000121948614833, 6.13343872828e-05, 3.85842758988e-05, 2.66434235527e-05, 2.22728704102e-05, 1.04633081719e-05, 1.29370289415e-06], "dmean2": [1.51315325638e-05, 0.0014423513785, 0.00314316828735, 0.00153641868383, 0.00185026670806, 0.000302705244394, 0.000329086091369, 0.000421866803663, 0.000627522764262, 0.000542748544831, 0.000684587866999, 0.000390712637454, 0.00050807982916, 0.000278250634437, 0.000363419239875, 0.00029986462323, 0.000239537010202, 0.000274958903901, 0.000219937719521, 0.00021365005523, 0.000179267473868, 9.11020106287e-05, 5.60514454264e-05, 3.99627861043e-05, 3.31775372615e-05, 1.60349209182e-05, 2.13206089938e-06], "dvar": [8.10787881278e-10, 5.49541891814e-06, 1.91255312529e-05, 4.46798139819e-06, 1.01399364212e-05, 1.1524420529e-07, 2.18035097532e-07, 7.81946994266e-07, 1.32003560793e-06, 2.79007826975e-06, 2.95822587759e-06, 1.61469438353e-06, 1.41220414207e-06, 5.62666457427e-07, 8.99167730495e-07, 6.62436661969e-07, 4.21515778726e-07, 2.98193299386e-07, 2.0073842677e-07, 1.23116890904e-07, 1.36478831791e-07, 5.60429107566e-08, 1.4192409914e-08, 1.26330927941e-08, 6.61605792374e-09, 1.32747546289e-09, 5.82244877312e-11], "dvar2": [2.14090878359e-09, 1.41207474371e-05, 4.42973541794e-05, 1.09555694507e-05, 2.48988326348e-05, 3.11635716344e-07, 5.96018480792e-07, 1.78827315267e-06, 3.01210320686e-06, 6.21806839263e-06, 5.61139677302e-06, 3.18884531225e-06, 2.64224308921e-06, 1.09260440695e-06, 1.93353685063e-06, 1.34493666337e-06, 8.89619457212e-07, 6.22613185897e-07, 4.78155072869e-07, 2.49164287425e-07, 2.86031763608e-07, 1.30158710476e-07, 2.97586471021e-08, 3.18813668798e-08, 1.49490588797e-08, 3.07369063535e-09, 1.25829680009e-10], "max": [0.000705641694367, 0.0477237813175, 0.0626948848367, 0.0300871357322, 0.0661259144545, 0.00601737573743, 0.00992545112967, 0.053695358336, 0.0449444837868, 0.0884270295501, 0.034011144191, 0.0401003882289, 0.0323196165264, 0.0281275585294, 0.0310580451041, 0.0333389900625, 0.0197139140218, 0.0148359192535, 0.0124798361212, 0.0100318286568, 0.0136680779979, 0.00685546221212, 0.00380658055656, 0.0052521773614, 0.00333382911049, 0.000714103865903, 0.000315709214192], "mean": [9.55928317126e-06, 0.00148695381358, 0.00454604206607, 0.0015646853717, 0.00214436044917, 0.000358496239642, 0.000330535171088, 0.000482015107991, 0.000697558687534, 0.000582130160183, 0.000785131007433, 0.00043920436292, 0.000762330077123, 0.000281094224192, 0.000370848079911, 0.000312015094096, 0.000307539419737, 0.000353547336999, 0.000279117841274, 0.000329512287863, 0.000298569066217, 0.000115419104986, 8.16157626105e-05, 5.37179075764e-05, 3.61280690413e-05, 1.43479446706e-05, 1.25532801576e-06], "median": [3.3654323488e-06, 0.000599269522354, 0.00125182536431, 0.000544947863091, 0.00110528385267, 0.000195529632038, 0.000114872018457, 0.000174816828803, 0.000240628171014, 0.000124239377328, 0.000116441267892, 2.9696526326e-05, 5.81766435062e-05, 2.58148429566e-05, 3.19918617606e-05, 2.33138289332e-05, 2.90115567623e-05, 4.19946372858e-05, 4.28756393376e-05, 4.95188869536e-05, 3.0093924579e-05, 1.09303991849e-05, 1.07857640614e-05, 7.88829129306e-06, 3.59218165613e-06, 8.41423911879e-07, 4.05242133183e-08], "min": [5.05086369923e-23, 4.29788776104e-23, 6.41967313275e-24, 1.59246719848e-24, 4.46379530683e-23, 4.75390363789e-23, 2.78300061497e-23, 3.76535963391e-23, 2.5181164269e-23, 6.04878347284e-23, 9.47878034991e-23, 7.8422398082e-23, 2.02125992725e-22, 9.03880043755e-23, 1.4601383691e-22, 2.10364666693e-22, 1.23944664225e-22, 2.40747676012e-22, 3.31217147631e-22, 2.96378550945e-22, 5.06096755592e-22, 2.31198192899e-22, 8.03755204957e-22, 8.02597081417e-22, 1.18982428733e-21, 1.6140516193e-21, 2.53609738789e-21], "var": [6.76494416041e-10, 7.00292957845e-06, 4.59872244392e-05, 6.62697630105e-06, 1.23175086628e-05, 2.2868478311e-07, 3.6056721342e-07, 1.90155003565e-06, 3.01056479657e-06, 6.47775277685e-06, 7.02028319211e-06, 3.98932570533e-06, 6.43526391286e-06, 1.0691260286e-06, 1.50767095874e-06, 1.38888242418e-06, 1.0062212823e-06, 8.95649520771e-07, 4.22347198992e-07, 4.77694413803e-07, 6.22065613243e-07, 1.06578212922e-07, 4.75258872257e-08, 2.62422226172e-08, 1.34447528666e-08, 2.17608153719e-09, 6.69887617599e-11]}, "barkbands_crest": {"dmean": 2.16008687019, "dmean2": 3.44540309906, "dvar": 4.3960442543, "dvar2": 10.8023729324, "max": 25.3448944092, "mean": 10.4902954102, "median": 10.0579090118, "min": 2.55013036728, "var": 16.2446403503}, "barkbands_flatness_db": {"dmean": 0.0211706310511, "dmean2": 0.0297671537846, "dvar": 0.000596056925133, "dvar2": 0.00116456893738, "max": 0.513914525509, "mean": 0.166560545564, "median": 0.148945331573, "min": 0.024453856051, "var": 0.00654378905892}, "barkbands_kurtosis": {"dmean": 3.15888977051, "dmean2": 4.73953962326, "dvar": 38.3585281372, "dvar2": 84.9675979614, "max": 117.832115173, "mean": 5.4435095787, "median": 1.959887743, "min": -1.84865927696, "var": 91.8792495728}, "barkbands_skewness": {"dmean": 0.517075896263, "dmean2": 0.748041510582, "dvar": 0.384606063366, "dvar2": 0.782626152039, "max": 8.99656200409, "mean": 1.5246295929, "median": 1.33941340446, "min": -2.12570023537, "var": 1.88474452496}, "barkbands_spread": {"dmean": 4.58395433426, "dmean2": 6.86116695404, "dvar": 38.1125907898, "dvar2": 82.6479415894, "max": 101.222221375, "mean": 21.2310848236, "median": 17.3153839111, "min": 0.528662979603, "var": 294.316864014}, "dissonance": {"dmean": 0.0231680776924, "dmean2": 0.0389493815601, "dvar": 0.000618508609477, "dvar2": 0.00163939758204, "max": 0.499999910593, "mean": 0.456082880497, "median": 0.467632383108, "min": 0.184463247657, "var": 0.00149691500701}, "dynamic_complexity": 5.10981082916, "erbbands": {"dmean": [0.0138426041231, 0.261614352465, 1.92371213436, 2.90178465843, 4.5858168602, 3.63215327263, 1.99397528172, 1.4920681715, 2.27028989792, 4.21085262299, 6.42093610764, 9.87732982635, 9.25892162323, 12.7528753281, 17.375875473, 10.6939001083, 15.1048021317, 11.538394928, 10.0473823547, 12.0324363708, 8.2065114975, 8.6964302063, 9.4936132431, 9.22962284088, 6.04695701599, 6.44348049164, 6.58655595779, 3.43160700798, 2.1999771595, 1.51241803169, 1.10344016552, 0.581546247005, 0.464248478413, 0.272931158543, 0.150595888495, 0.0607076101005, 0.0165430493653, 0.00259922468103, 0.000228437857004, 1.28704568851e-05], "dmean2": [0.0223624128848, 0.423254191875, 2.93586158752, 4.35855436325, 7.24628973007, 5.83557128906, 3.12210798264, 2.3920750618, 3.72857761383, 6.65562295914, 10.0479545593, 15.4457244873, 14.1224431992, 19.2942485809, 24.1359272003, 14.9566173553, 20.467250824, 16.3903102875, 14.7773313522, 17.4482097626, 11.8669958115, 12.1861457825, 14.0537204742, 13.7062330246, 8.92636108398, 9.42944908142, 9.65576934814, 4.98369836807, 3.24970316887, 2.19257569313, 1.62722837925, 0.846338629723, 0.699975848198, 0.409897625446, 0.227614432573, 0.0936423391104, 0.0253207217902, 0.00402286602184, 0.000374645984266, 1.93050218513e-05], "dvar": [0.00245746807195, 0.394968777895, 15.4868927002, 35.8800239563, 205.823532104, 63.1940231323, 10.536403656, 8.06421756744, 36.4885292053, 87.1852416992, 678.653137207, 648.887207031, 1367.35900879, 3020.97802734, 3878.38085938, 2480.18310547, 2284.84667969, 1551.66137695, 1222.50585938, 2125.46948242, 1022.94970703, 1272.40637207, 866.396179199, 941.477294922, 284.083221436, 239.866470337, 367.966674805, 112.625213623, 74.4212341309, 19.6089515686, 12.53703022, 4.21563100815, 4.83198976517, 1.36687099934, 0.234164983034, 0.0420455671847, 0.00372889032587, 9.68914391706e-05, 2.2531344257e-06, 4.3380614656e-09], "dvar2": [0.0060614249669, 1.02061164379, 36.6245346069, 81.1366271973, 509.886352539, 163.709594727, 25.9994525909, 21.1285266876, 101.967453003, 205.674911499, 1621.1340332, 1547.09448242, 2859.51660156, 6546.12158203, 7086.07177734, 4940.29882813, 4097.50830078, 2826.32080078, 2749.19091797, 4102.96435547, 2184.9362793, 2644.90454102, 1888.17932129, 2207.96069336, 664.632507324, 498.923919678, 824.095275879, 234.739746094, 172.789642334, 40.7383384705, 27.7002925873, 9.22372055054, 12.6476955414, 3.41519021988, 0.493912994862, 0.0953046828508, 0.0084996400401, 0.000216200685827, 4.73628142572e-06, 1.01163930566e-08], "max": [0.991393268108, 11.7874279022, 55.2838439941, 102.831359863, 325.663269043, 170.945648193, 56.8330459595, 50.8976516724, 159.328918457, 219.612548828, 1483.13781738, 696.172180176, 1392.29321289, 1773.38635254, 1654.38146973, 2007.62817383, 1621.7791748, 1661.14819336, 905.276855469, 1647.2479248, 987.65625, 1091.3404541, 851.836853027, 986.913879395, 586.261169434, 574.634887695, 677.722290039, 492.959533691, 278.848419189, 144.460174561, 114.936302185, 60.4744682312, 116.578445435, 53.8723106384, 12.7113008499, 4.50440645218, 1.54535210133, 0.320876479149, 0.0647363439202, 0.00290441862307], "mean": [0.0189299490303, 0.483778506517, 4.1642537117, 5.78079795837, 6.85801076889, 7.11381912231, 4.57417297363, 2.77674722672, 3.92352795601, 7.68612718582, 11.7024831772, 17.4064044952, 16.1572437286, 22.5312423706, 28.245470047, 20.3581600189, 33.9607963562, 21.0987567902, 17.0624027252, 19.8598670959, 14.2965269089, 17.422668457, 19.5359611511, 16.9192218781, 13.5308151245, 15.1842575073, 16.0681266785, 8.48530483246, 4.17350625992, 3.01806616783, 2.31730604172, 1.22241687775, 0.89276278019, 0.440968692303, 0.235082864761, 0.0872284471989, 0.0219078045338, 0.00318502727896, 0.000227021999308, 2.77537837974e-05], "median": [0.0073504243046, 0.228898435831, 1.40673732758, 2.04289865494, 2.34600496292, 3.86849594116, 2.99170207977, 1.60529601574, 1.40914702415, 3.13883686066, 3.98916125298, 6.62006282806, 5.38278388977, 3.72253322601, 4.85079240799, 2.16639852524, 3.29836273193, 2.75588750839, 2.48500013351, 2.12362194061, 1.51391458511, 1.76629447937, 2.78095293045, 2.32528829575, 2.16474890709, 2.38649344444, 1.85465526581, 0.804871797562, 0.417034566402, 0.342726647854, 0.297063320875, 0.173247694969, 0.126318752766, 0.0533455722034, 0.018249373883, 0.00476184906438, 0.00147268909495, 0.00021201299387, 1.43046763696e-05, 1.55088000611e-05], "min": [9.01153500653e-22, 1.11606996797e-20, 1.39893560677e-20, 5.11210624034e-21, 2.20026763297e-20, 1.02363587879e-19, 4.70058773069e-19, 4.03260965925e-19, 3.72011426552e-19, 5.86460094157e-19, 7.84521202304e-19, 5.92261111793e-19, 1.19956346905e-18, 3.33763530775e-18, 3.39731018509e-18, 3.15248809163e-18, 1.00088746585e-17, 5.51795229432e-18, 5.68770340449e-18, 1.14000824338e-17, 9.70652856413e-18, 6.38949749825e-18, 1.1742665902e-17, 2.04799629541e-17, 1.48606388486e-17, 1.35308657774e-17, 1.58655276352e-17, 1.86463682339e-17, 8.1170414601e-18, 1.54576465295e-17, 2.54501190237e-17, 1.86059902395e-17, 1.19008832193e-17, 9.1728705104e-18, 1.0002377982e-17, 6.19363767281e-18, 3.35916723269e-18, 1.26110911874e-18, 3.67471264814e-19, 3.66533164451e-20], "var": [0.00252573867328, 0.550738096237, 37.6727600098, 72.8981018066, 216.6043396, 99.765586853, 26.9523181915, 14.0946540833, 57.0127906799, 181.50302124, 1817.77429199, 1430.85437012, 2986.58056641, 6328.12011719, 9169.91015625, 6808.10595703, 11781.7021484, 4091.68212891, 2133.58374023, 4282.11523438, 2082.50488281, 3238.47558594, 2720.23852539, 1735.90087891, 904.995849609, 1026.81555176, 1458.86962891, 546.624511719, 134.076477051, 59.5078430176, 35.687789917, 11.9039392471, 8.30298233032, 2.15512919426, 0.557683229446, 0.0779918283224, 0.00569649087265, 0.000142607968883, 2.62544403995e-06, 4.7601793618e-09]}, "erbbands_crest": {"dmean": 2.46573591232, "dmean2": 3.87713980675, "dvar": 6.3968205452, "dvar2": 15.162024498, "max": 31.6853275299, "mean": 9.54553985596, "median": 8.42079162598, "min": 2.17296624184, "var": 22.7092647552}, "erbbands_flatness_db": {"dmean": 0.0192431081086, "dmean2": 0.0261970795691, "dvar": 0.000537387677468, "dvar2": 0.000994310015813, "max": 0.392014920712, "mean": 0.175414085388, "median": 0.173444017768, "min": 0.0299583356827, "var": 0.00303890905343}, "erbbands_kurtosis": {"dmean": 1.0681810379, "dmean2": 1.65284228325, "dvar": 5.87596940994, "dvar2": 14.0971946716, "max": 88.5668487549, "mean": 0.907796084881, "median": 0.149764820933, "min": -1.76296210289, "var": 10.511256218}, "erbbands_skewness": {"dmean": 0.351375252008, "dmean2": 0.518282234669, "dvar": 0.142544329166, "dvar2": 0.301722556353, "max": 6.71688222885, "mean": 0.359954684973, "median": 0.317682653666, "min": -4.55911016464, "var": 0.742148339748}, "erbbands_spread": {"dmean": 7.71680307388, "dmean2": 11.2672662735, "dvar": 107.162902832, "dvar2": 228.280426025, "max": 125.855705261, "mean": 34.7669258118, "median": 30.086971283, "min": 1.33810448647, "var": 386.462768555}, "gfcc": {"cov": [[28687.6933594, 48.8150558472, -3219.11157227, 2124.16625977, -440.804870605, 676.016052246, -325.925506592, 225.23777771, -447.836395264, 197.292327881, -433.726013184, -274.899871826, -506.799346924], [48.8150558472, 2685.17529297, 807.543029785, -379.522186279, 340.821289063, -223.960220337, 318.932312012, -131.016876221, 65.4792861938, -276.315734863, 8.44358730316, -125.059967041, 109.30304718], [-3219.11157227, 807.543029785, 1764.69006348, -325.003875732, 76.1973800659, -43.2406196594, 165.670562744, -10.6067857742, 0.526413321495, -134.039352417, -103.240921021, 42.9500465393, 68.7190704346], [2124.16625977, -379.522186279, -325.003875732, 575.642700195, -0.392210334539, 96.6202087402, -34.1051521301, 17.8067760468, -7.91079330444, 33.4874076843, -55.3050346375, -15.9668073654, -62.3967285156], [-440.804870605, 340.821289063, 76.1973800659, -0.392210334539, 354.308868408, 13.5542564392, 61.1076850891, -16.3658638, 46.7122077942, -29.184381485, -8.03424358368, 3.90890693665, 10.5649747849], [676.016052246, -223.960220337, -43.2406196594, 96.6202087402, 13.5542564392, 203.894790649, 33.9751472473, -12.2340250015, -40.6717529297, 36.7836723328, -1.95776367188, 1.04986679554, -44.4261131287], [-325.925506592, 318.932312012, 165.670562744, -34.1051521301, 61.1076850891, 33.9751472473, 219.623718262, -30.8694839478, 3.76540827751, -7.17634868622, 16.4617443085, -5.16771745682, -10.1204586029], [225.23777771, -131.016876221, -10.6067857742, 17.8067760468, -16.3658638, -12.2340250015, -30.8694839478, 142.584060669, 33.2601585388, 5.0065984726, -21.1291065216, 1.79392278194, 6.0551815033], [-447.836395264, 65.4792861938, 0.526413321495, -7.91079330444, 46.7122077942, -40.6717529297, 3.76540827751, 33.2601585388, 127.575157166, 16.4057731628, -4.39688301086, 3.89783930779, 13.7197389603], [197.292327881, -276.315734863, -134.039352417, 33.4874076843, -29.184381485, 36.7836723328, -7.17634868622, 5.0065984726, 16.4057731628, 127.527900696, 20.5214862823, 11.3225383759, -31.1631793976], [-433.726013184, 8.44358730316, -103.240921021, -55.3050346375, -8.03424358368, -1.95776367188, 16.4617443085, -21.1291065216, -4.39688301086, 20.5214862823, 124.15335083, 7.38877773285, 5.00855016708], [-274.899871826, -125.059967041, 42.9500465393, -15.9668073654, 3.90890693665, 1.04986679554, -5.16771745682, 1.79392278194, 3.89783930779, 11.3225383759, 7.38877773285, 100.591880798, 31.7147445679], [-506.799346924, 109.30304718, 68.7190704346, -62.3967285156, 10.5649747849, -44.4261131287, -10.1204586029, 6.0551815033, 13.7197389603, -31.1631793976, 5.00855016708, 31.7147445679, 107.244445801]], "icov": [[0.000151648040628, -0.000408458494348, 0.000323585991282, -0.000395561975893, 0.000334961805493, -0.000510928104632, 0.000362393067917, -0.000510682468303, 0.00060360057978, -0.000456556619611, 0.000634775264189, -0.000418410782004, 0.000398030155338], [-0.000408458494348, 0.0020632611122, -0.00105969770811, 0.00127533939667, -0.00147172936704, 0.00214373716153, -0.00200349488296, 0.00200486904941, -0.0019414764829, 0.00246933382004, -0.00189378648065, 0.00242292834446, -0.00154345342889], [0.000323585991282, -0.00105969770811, 0.00154537847266, -0.000416327326093, 0.000832334859297, -0.00130494055338, 0.000375194533262, -0.00122417055536, 0.0013484810479, -0.000619726080913, 0.00228555500507, -0.00155826692935, 0.000860173953697], [-0.000395561975893, 0.00127533939667, -0.000416327326093, 0.00343840685673, -0.00104118452873, 0.000585295667406, -0.0010826139478, 0.001343163196, -0.00179233879317, 0.00159921741579, -0.000354041723767, 0.00121968227904, -0.000384940940421], [0.000334961805493, -0.00147172936704, 0.000832334859297, -0.00104118452873, 0.0043820142746, -0.00216692965478, 0.000684184778947, -0.000945130712353, -0.000111761604785, -0.000691468943842, 0.00167813047301, -0.00189584959298, 0.00102801190224], [-0.000510928104632, 0.00214373716153, -0.00130494055338, 0.000585295667406, -0.00216692965478, 0.00902748573571, -0.0030781342648, 0.00205857260153, 0.000166627956787, 0.000694047717843, -0.00220704381354, 0.00183430407196, -0.0001352558902], [0.000362393067917, -0.00200349488296, 0.000375194533262, -0.0010826139478, 0.000684184778947, -0.0030781342648, 0.00761605845764, -0.00097002525581, 0.00117692979984, -0.00227873935364, 0.000501266214997, -0.00188654684462, 0.00203692237847], [-0.000510682468303, 0.00200486904941, -0.00122417055536, 0.001343163196, -0.000945130712353, 0.00205857260153, -0.00097002525581, 0.010128762573, -0.00453655421734, 0.00231720530428, -0.00111375935376, 0.00223327730782, -0.00196304451674], [0.00060360057978, -0.0019414764829, 0.0013484810479, -0.00179233879317, -0.000111761604785, 0.000166627956787, 0.00117692979984, -0.00453655421734, 0.0127834333107, -0.00485524348915, 0.00296817719936, -0.0018816345837, 0.000743110256735], [-0.000456556619611, 0.00246933382004, -0.000619726080913, 0.00159921741579, -0.000691468943842, 0.000694047717843, -0.00227873935364, 0.00231720530428, -0.00485524348915, 0.0136522017419, -0.00342326541431, 0.000727837381419, 0.00119588419329], [0.000634775264189, -0.00189378648065, 0.00228555500507, -0.000354041723767, 0.00167813047301, -0.00220704381354, 0.000501266214997, -0.00111375935376, 0.00296817719936, -0.00342326541431, 0.0127463452518, -0.00266358908266, 0.00110791018233], [-0.000418410782004, 0.00242292834446, -0.00155826692935, 0.00121968227904, -0.00189584959298, 0.00183430407196, -0.00188654684462, 0.00223327730782, -0.0018816345837, 0.000727837381419, -0.00266358908266, 0.0146150672808, -0.00584148708731], [0.000398030155338, -0.00154345342889, 0.000860173953697, -0.000384940940421, 0.00102801190224, -0.0001352558902, 0.00203692237847, -0.00196304451674, 0.000743110256735, 0.00119588419329, 0.00110791018233, -0.00584148708731, 0.0140772983432]], "mean": [-88.8894805908, 102.597450256, -108.682151794, 30.6793708801, -57.4436798096, 10.0309524536, -27.8843746185, 6.52563619614, -30.9336071014, -5.58230257034, -20.8136253357, -10.1325101852, -12.5633926392]}, "hfc": {"dmean": 4.20208692551, "dmean2": 5.38443422318, "dvar": 69.706413269, "dvar2": 112.75806427, "max": 268.0574646, "mean": 14.8064756393, "median": 5.67044448853, "min": 1.14029494418e-16, "var": 474.576293945}, "melbands": {"dmean": [0.00018226953398, 0.000770643528085, 0.000549330492504, 0.000286692811642, 8.63639143063e-05, 3.37696947099e-05, 3.62793252862e-05, 4.71337189083e-05, 5.66744056414e-05, 6.31785878795e-05, 4.77748944832e-05, 5.18601846125e-05, 6.00660823693e-05, 3.35105687554e-05, 3.2166713936e-05, 3.76603384211e-05, 2.15631407627e-05, 1.5963882106e-05, 1.92885636352e-05, 1.7001228116e-05, 9.21595983527e-06, 1.05850276668e-05, 9.05929118744e-06, 9.20990987652e-06, 8.48508261697e-06, 4.98472127219e-06, 4.77655476061e-06, 4.94978894494e-06, 4.99901352669e-06, 3.12599763674e-06, 1.94845824808e-06, 1.52214397531e-06, 9.26973086735e-07, 8.44568205594e-07, 7.41814801586e-07, 4.49975402717e-07, 3.53256268681e-07, 3.77738103907e-07, 2.80643234873e-07, 2.28070291541e-07], "dmean2": [0.000295108242426, 0.00117455550935, 0.000827095180284, 0.00045574005344, 0.000135591079015, 5.41522240383e-05, 5.98303231527e-05, 7.39311581128e-05, 8.86632624315e-05, 9.90465705399e-05, 7.29337552912e-05, 7.97042594058e-05, 8.42786903377e-05, 4.74622393085e-05, 4.28294661106e-05, 5.17022381246e-05, 3.16898913297e-05, 2.38299435296e-05, 2.83543286059e-05, 2.4772962206e-05, 1.37560800795e-05, 1.519183661e-05, 1.34600941237e-05, 1.34199390232e-05, 1.27943521875e-05, 7.48469756218e-06, 7.12915971235e-06, 7.36309448257e-06, 7.3424043876e-06, 4.74010084872e-06, 2.90623984256e-06, 2.30301679949e-06, 1.3687451883e-06, 1.25190308609e-06, 1.1141790992e-06, 6.64353024149e-07, 5.29904468749e-07, 5.79187485528e-07, 4.22164646352e-07, 3.50805976268e-07], "dvar": [3.00924597241e-07, 2.40188842326e-06, 1.36789060434e-06, 6.55791893678e-07, 2.02201313471e-08, 4.07591738139e-09, 8.40007796654e-09, 1.10078488547e-08, 5.47189102917e-08, 2.73295466258e-08, 4.16611349863e-08, 5.43629994354e-08, 4.58219027166e-08, 2.47330120828e-08, 1.52088883709e-08, 1.67350453495e-08, 6.60631505056e-09, 3.44118489259e-09, 6.79265665937e-09, 4.81198458857e-09, 1.64865010532e-09, 2.38347097614e-09, 9.71491997959e-10, 7.56056939277e-10, 8.79627981565e-10, 2.40768266435e-10, 2.03934466536e-10, 1.54537146968e-10, 1.95833030348e-10, 1.23679039232e-10, 4.30015918707e-11, 4.59593925417e-11, 7.8829946043e-12, 6.40729439991e-12, 6.04289448342e-12, 1.8763985591e-12, 1.94057161833e-12, 3.99651882768e-12, 1.17676246351e-12, 9.96239549189e-13], "dvar2": [7.55323924295e-07, 5.67064716961e-06, 3.11224562211e-06, 1.61520415531e-06, 5.08216722039e-08, 1.08448734437e-08, 2.33843930886e-08, 2.5245366686e-08, 1.31253983682e-07, 6.55172485153e-08, 8.71597336527e-08, 1.20750598853e-07, 8.35782145714e-08, 4.97527317123e-08, 2.47681093413e-08, 2.96808924105e-08, 1.20153105243e-08, 7.73850317159e-09, 1.37812543599e-08, 8.97615404227e-09, 3.63362251399e-09, 5.11135489489e-09, 2.08326889073e-09, 1.48941092792e-09, 2.10889927743e-09, 5.5288945644e-10, 4.66566341117e-10, 3.36418587432e-10, 4.36498948098e-10, 2.78933515174e-10, 9.88540638236e-11, 1.12024896304e-10, 1.66091498194e-11, 1.3834777074e-11, 1.39455938117e-11, 3.85143609713e-12, 4.63149657515e-12, 1.08557616021e-11, 2.8211599723e-12, 2.5565684552e-12], "max": [0.0114824995399, 0.0200199745595, 0.0192655138671, 0.0167189948261, 0.00219480018131, 0.00128335668705, 0.00217265752144, 0.00266985991038, 0.0117936851457, 0.00540847610682, 0.00862342957407, 0.0093651637435, 0.00464563909918, 0.00520144263282, 0.00356195727363, 0.00424821814522, 0.00367619656026, 0.00147088849917, 0.0031305202283, 0.00353235239163, 0.00153812253848, 0.00161912408657, 0.00107887084596, 0.000913257012144, 0.000955794821493, 0.000427928665886, 0.000515041407198, 0.000482571689645, 0.000484523596242, 0.000465572084067, 0.00024532203679, 0.000231360536418, 7.14641064405e-05, 8.86918278411e-05, 8.55951948324e-05, 3.69462104572e-05, 4.70053564641e-05, 0.000107112849946, 5.06082069478e-05, 4.2173476686e-05], "mean": [0.000284635520075, 0.00169410603121, 0.00108675577212, 0.000505267933477, 0.000199465779588, 6.23044252279e-05, 6.17553087068e-05, 8.63951281644e-05, 0.00010057738109, 0.000107909276267, 7.96165477368e-05, 8.83468965185e-05, 9.92029745248e-05, 4.82738796563e-05, 6.43406820018e-05, 8.04438022897e-05, 3.30427392328e-05, 2.44732073043e-05, 2.88803566946e-05, 2.74652702501e-05, 1.39817711897e-05, 1.85653261724e-05, 1.74486103788e-05, 1.63190725289e-05, 1.36234912134e-05, 9.76041519607e-06, 8.9455388661e-06, 1.06503957795e-05, 1.11573235699e-05, 7.21492870071e-06, 4.12010376749e-06, 2.57031842921e-06, 1.68908889009e-06, 1.59565433933e-06, 1.45359160797e-06, 9.34571971811e-07, 6.58090129946e-07, 6.98031726643e-07, 4.55984491055e-07, 3.40497848583e-07], "median": [0.000113364279969, 0.000703349011019, 0.000415345071815, 0.000239712971961, 0.000131628155941, 3.53199138772e-05, 2.1425934392e-05, 3.51811104338e-05, 3.07708178298e-05, 3.92572583223e-05, 2.23741735681e-05, 1.12287034426e-05, 1.47187829498e-05, 6.03186072112e-06, 4.12773442804e-06, 5.65367372474e-06, 3.08416906591e-06, 2.91220226245e-06, 2.18077661884e-06, 2.21974528358e-06, 1.21623918403e-06, 1.46022171066e-06, 2.01131365429e-06, 2.2373073989e-06, 1.53309235884e-06, 1.30899866235e-06, 1.37553024615e-06, 1.47726746036e-06, 1.21449238577e-06, 6.59872000597e-07, 3.32018288418e-07, 2.20562071718e-07, 1.75038366024e-07, 1.85426600297e-07, 1.727081127e-07, 1.27788780446e-07, 8.72872902846e-08, 8.83682247377e-08, 6.32935837075e-08, 3.50599265175e-08], "min": [1.41083434164e-23, 1.06769388959e-23, 1.02660573408e-24, 3.21374833039e-24, 1.51340487643e-23, 8.96942580073e-24, 5.42306807472e-24, 6.37514666782e-24, 5.80871416672e-24, 3.91856478363e-24, 6.1499414733e-24, 1.31721706257e-23, 1.23028664185e-23, 6.60509764954e-24, 1.36901871832e-23, 2.3276983417e-23, 8.18629202568e-24, 8.14280843486e-24, 1.34909950715e-23, 1.61399237269e-23, 9.97286712736e-24, 5.47348890834e-24, 8.04487135348e-24, 1.41932595597e-23, 1.75367486877e-23, 8.54195154252e-24, 1.52461963861e-23, 6.51929127672e-24, 8.09827408132e-24, 1.1295193642e-23, 1.07080697138e-23, 3.57736193174e-24, 5.25676160197e-24, 1.07694288927e-23, 1.71567622783e-23, 9.94242340731e-24, 1.21493430423e-23, 9.08863924959e-24, 6.3350307242e-24, 8.17149930599e-24], "var": [3.47732992623e-07, 5.52526171305e-06, 2.58402496911e-06, 7.75676426201e-07, 5.01989383395e-08, 7.2598438372e-09, 1.34436275445e-08, 2.38501360883e-08, 1.54649029582e-07, 5.81039536485e-08, 9.26568901605e-08, 1.15263965483e-07, 1.16779368398e-07, 4.19461230194e-08, 6.26713116958e-08, 8.73955485758e-08, 1.41851215218e-08, 5.59882806783e-09, 1.19187788528e-08, 1.15713332249e-08, 3.12914005818e-09, 4.89262896863e-09, 2.76544054323e-09, 1.86440729522e-09, 1.40580835861e-09, 5.85865078673e-10, 5.11871933728e-10, 5.64879698572e-10, 6.58735399561e-10, 4.20987467109e-10, 1.48341089412e-10, 6.54187121141e-11, 1.85124155588e-11, 1.8757745357e-11, 1.4502781788e-11, 6.20239797022e-12, 4.31833735437e-12, 5.85460629629e-12, 2.13605240267e-12, 1.3898531848e-12]}, "melbands_crest": {"dmean": 2.67762351036, "dmean2": 4.25516080856, "dvar": 7.226811409, "dvar2": 17.4435691833, "max": 32.3290939331, "mean": 14.4769849777, "median": 14.0057430267, "min": 2.36380958557, "var": 25.2821788788}, "melbands_flatness_db": {"dmean": 0.0265527945012, "dmean2": 0.0366022065282, "dvar": 0.000962855992839, "dvar2": 0.00180572841782, "max": 0.663770258427, "mean": 0.234276384115, "median": 0.210303217173, "min": 0.00945824198425, "var": 0.0128115043044}, "melbands_kurtosis": {"dmean": 7.26440954208, "dmean2": 11.0441217422, "dvar": 262.64666748, "dvar2": 623.582702637, "max": 336.042785645, "mean": 13.9138669968, "median": 6.86634540558, "min": -1.77171456814, "var": 452.690124512}, "melbands_skewness": {"dmean": 0.701524436474, "dmean2": 1.02307903767, "dvar": 0.769387602806, "dvar2": 1.62459421158, "max": 12.4633197784, "mean": 2.51988339424, "median": 2.28072071075, "min": -2.22291660309, "var": 2.9493625164}, "melbands_spread": {"dmean": 6.17426633835, "dmean2": 9.09794902802, "dvar": 86.3877792358, "dvar2": 172.810409546, "max": 190.454727173, "mean": 24.7135677338, "median": 17.6381950378, "min": 0.502291023731, "var": 477.979217529}, "mfcc": {"cov": [[17933.3144531, -1659.16943359, -1850.23791504, 918.533081055, -109.71055603, 556.74609375, 42.6480674744, -60.8095359802, -159.838439941, 33.9954719543, -54.1768684387, 219.250976563, -83.3588943481], [-1659.16943359, 3091.01464844, 727.032287598, 2.7158780098, 124.309425354, -21.8458003998, 171.145599365, 132.874343872, 93.7241134644, -69.1962051392, -42.5486831665, -133.387512207, -70.0123672485], [-1850.23791504, 727.032287598, 1171.06433105, -20.6393222809, 9.06082820892, 20.6851997375, 79.6532058716, 101.231117249, 89.9188537598, -60.1659164429, -1.04902911186, -90.495765686, -39.9855499268], [918.533081055, 2.7158780098, -20.6393222809, 350.056610107, 61.736541748, 90.2462387085, 5.7051949501, 46.3593521118, 61.4804077148, -23.2952022552, -1.43581843376, 43.9612846375, -4.03424787521], [-109.71055603, 124.309425354, 9.06082820892, 61.736541748, 253.363586426, 9.05607795715, -11.9561510086, 38.0332641602, 54.8331985474, -6.4577050209, -15.517159462, -1.77905786037, -3.89179563522], [556.74609375, -21.8458003998, 20.6851997375, 90.2462387085, 9.05607795715, 269.805114746, 75.0587158203, 29.659986496, 18.3410205841, -18.0965099335, 44.9788475037, 21.0776538849, 9.79472541809], [42.6480674744, 171.145599365, 79.6532058716, 5.7051949501, -11.9561510086, 75.0587158203, 174.561523438, 36.6893119812, -26.2375183105, 16.0494098663, 10.3611049652, -17.0217914581, -2.63031959534], [-60.8095359802, 132.874343872, 101.231117249, 46.3593521118, 38.0332641602, 29.659986496, 36.6893119812, 123.34790802, 45.9314041138, -12.969244957, -0.557293534279, -8.5005235672, 11.0392169952], [-159.838439941, 93.7241134644, 89.9188537598, 61.4804077148, 54.8331985474, 18.3410205841, -26.2375183105, 45.9314041138, 148.088607788, -9.70651435852, 6.75213909149, 0.0331525616348, 1.20595347881], [33.9954719543, -69.1962051392, -60.1659164429, -23.2952022552, -6.4577050209, -18.0965099335, 16.0494098663, -12.969244957, -9.70651435852, 118.961524963, 24.2794780731, -5.05218648911, -3.51936078072], [-54.1768684387, -42.5486831665, -1.04902911186, -1.43581843376, -15.517159462, 44.9788475037, 10.3611049652, -0.557293534279, 6.75213909149, 24.2794780731, 110.315361023, 29.1353912354, 2.58438754082], [219.250976563, -133.387512207, -90.495765686, 43.9612846375, -1.77905786037, 21.0776538849, -17.0217914581, -8.5005235672, 0.0331525616348, -5.05218648911, 29.1353912354, 125.901634216, 21.3847980499], [-83.3588943481, -70.0123672485, -39.9855499268, -4.03424787521, -3.89179563522, 9.79472541809, -2.63031959534, 11.0392169952, 1.20595347881, -3.51936078072, 2.58438754082, 21.3847980499, 90.693611145]], "icov": [[8.81984306034e-05, 1.67874768522e-05, 0.00012797024101, -0.000207570017665, 7.74087384343e-05, -0.000152489970787, -2.65171593128e-07, -3.78506956622e-05, 8.6453917902e-05, -2.70567652478e-05, 0.000118960422697, -3.26260965267e-06, 0.000160781739396], [1.67874768522e-05, 0.000428089813795, -0.000159616625751, -3.11931980832e-05, -0.000157916045282, 0.000153171349666, -0.000424477766501, -0.000104851023934, -0.000135236914502, 0.00021513865795, 3.09976639983e-05, 0.000193104628124, 0.000215004198253], [0.00012797024101, -0.000159616625751, 0.00134670792613, -0.000125089238281, 0.000315388082527, -0.000178910719114, -0.000321379862726, -0.000570399861317, -0.000468948390335, 0.000514551589731, -7.6224161603e-05, 0.000511484919116, 0.000583317771088], [-0.000207570017665, -3.11931980832e-05, -0.000125089238281, 0.00423598242924, -0.000631658360362, -0.000783453811891, 8.76220728969e-05, -0.000813738442957, -0.0012951354729, 0.000297702848911, 0.000515713647474, -0.00133761612233, 0.00040698464727], [7.74087384343e-05, -0.000157916045282, 0.000315388082527, -0.000631658360362, 0.00466800993308, -0.000253712991253, 0.000460554932943, -0.000975389964879, -0.00111691397615, -0.000276565289823, 0.000807876640465, -1.65554974956e-05, 0.000404990511015], [-0.000152489970787, 0.000153171349666, -0.000178910719114, -0.000783453811891, -0.000253712991253, 0.00558338267729, -0.00257734465413, 0.000187551951967, -0.000727817299776, 0.00149747123942, -0.00237306347117, 3.02182306768e-05, -0.000718818046153], [-2.65171593128e-07, -0.000424477766501, -0.000321379862726, 8.76220728969e-05, 0.000460554932943, -0.00257734465413, 0.00861980021, -0.00261455588043, 0.00276986579411, -0.00200430490077, 0.000249432312557, 0.000551847973838, 0.000148791063111], [-3.78506956622e-05, -0.000104851023934, -0.000570399861317, -0.000813738442957, -0.000975389964879, 0.000187551951967, -0.00261455588043, 0.0113837383687, -0.0028716607485, 0.000824087590445, -0.000101669298601, 0.000594977056608, -0.00199420563877], [8.6453917902e-05, -0.000135236914502, -0.000468948390335, -0.0012951354729, -0.00111691397615, -0.000727817299776, 0.00276986579411, -0.0028716607485, 0.00963813439012, -0.000510782410856, -0.000709693413228, 0.000251880730502, -1.59017617989e-05], [-2.70567652478e-05, 0.00021513865795, 0.000514551589731, 0.000297702848911, -0.000276565289823, 0.00149747123942, -0.00200430490077, 0.000824087590445, -0.000510782410856, 0.0100239720196, -0.00284674810246, 0.00108629115857, 0.000270036864094], [0.000118960422697, 3.09976639983e-05, -7.6224161603e-05, 0.000515713647474, 0.000807876640465, -0.00237306347117, 0.000249432312557, -0.000101669298601, -0.000709693413228, -0.00284674810246, 0.0116163026541, -0.00289185647853, 0.000682993791997], [-3.26260965267e-06, 0.000193104628124, 0.000511484919116, -0.00133761612233, -1.65554974956e-05, 3.02182306768e-05, 0.000551847973838, 0.000594977056608, 0.000251880730502, 0.00108629115857, -0.00289185647853, 0.0101532060653, -0.00202114298008], [0.000160781739396, 0.000215004198253, 0.000583317771088, 0.00040698464727, 0.000404990511015, -0.000718818046153, 0.000148791063111, -0.00199420563877, -1.59017617989e-05, 0.000270036864094, 0.000682993791997, -0.00202114298008, 0.012425025925]], "mean": [-724.666381836, 128.992858887, 7.68576145172, 25.9932193756, -3.32185316086, 2.82833409309, 8.75163650513, 4.70352840424, 1.42030751705, 3.68012952805, -5.53256559372, -3.55744743347, -9.15825080872]}, "pitch_salience": {"dmean": 0.0607583299279, "dmean2": 0.0947827771306, "dvar": 0.00327822542749, "dvar2": 0.00824217777699, "max": 0.9204839468, "mean": 0.524032950401, "median": 0.523817658424, "min": 0.155763238668, "var": 0.0107578868046}, "silence_rate_20dB": {"dmean": 0, "dmean2": 0, "dvar": 0, "dvar2": 0, "max": 1, "mean": 1, "median": 1, "min": 1, "var": 0}, "silence_rate_30dB": {"dmean": 0.00135116872843, "dmean2": 0.00270270276815, "dvar": 0.00134939141572, "dvar2": 0.00350621296093, "max": 1, "mean": 0.999054312706, "median": 1, "min": 0, "var": 0.000944832514506}, "silence_rate_60dB": {"dmean": 0.0408052951097, "dmean2": 0.0816216245294, "dvar": 0.0391419418156, "dvar2": 0.0873877182603, "max": 1, "mean": 0.19508241117, "median": 0, "min": 0, "var": 0.157038852572}, "spectral_centroid": {"dmean": 217.425674438, "dmean2": 310.816619873, "dvar": 88166.140625, "dvar2": 154582.4375, "max": 11227.5888672, "mean": 1341.55859375, "median": 1210.79284668, "min": 148.760131836, "var": 779310.125}, "spectral_complexity": {"dmean": 2.29941892624, "dmean2": 3.39054059982, "dvar": 9.63514518738, "dvar2": 17.4985046387, "max": 55, "mean": 13.0351257324, "median": 11, "min": 0, "var": 90.1608428955}, "spectral_contrast_coeffs": {"dmean": [0.0421263799071, 0.0403313264251, 0.0371122434735, 0.0317925997078, 0.0248243678361, 0.0201139915735], "dmean2": [0.0687055513263, 0.067091204226, 0.0587487407029, 0.0482324659824, 0.0373269952834, 0.030658999458], "dvar": [0.00148161547258, 0.00108453480061, 0.00101585639641, 0.000940177415032, 0.000635652337223, 0.000419954943936], "dvar2": [0.00384822371416, 0.00289717921987, 0.00243638083339, 0.00190061412286, 0.00119791238103, 0.000893740390893], "max": [-0.302400529385, -0.486469864845, -0.373940646648, -0.471216768026, -0.510742008686, -0.576103448868], "mean": [-0.628118693829, -0.766109108925, -0.734444379807, -0.75539380312, -0.773431658745, -0.772190451622], "median": [-0.62769651413, -0.770213544369, -0.737581133842, -0.76866877079, -0.782212495804, -0.775031924248], "min": [-0.964351773262, -0.9584223032, -0.966694116592, -0.952383637428, -0.96456348896, -0.960135638714], "var": [0.00769318733364, 0.00440460583195, 0.00562855089083, 0.00751343183219, 0.00604760413989, 0.00456083472818]}, "spectral_contrast_valleys": {"dmean": [0.413365364075, 0.3377366364, 0.312370330095, 0.318359136581, 0.316764205694, 0.391458034515], "dmean2": [0.652273058891, 0.552485883236, 0.490509867668, 0.475425899029, 0.431937456131, 0.497759789228], "dvar": [0.174546092749, 0.107651881874, 0.106588259339, 0.137308940291, 0.15740826726, 0.270133137703], "dvar2": [0.373726308346, 0.222948685288, 0.20937128365, 0.244680956006, 0.259841740131, 0.482689797878], "max": [-5.32002210617, -5.03969907761, -5.57100820541, -5.89632415771, -5.71938800812, -7.57870292664], "mean": [-7.93120479584, -7.53653144836, -8.22459125519, -8.97368144989, -8.72671222687, -11.1948757172], "median": [-7.47935247421, -7.21078205109, -7.91426610947, -8.63188934326, -8.36766815186, -10.9147052765], "min": [-27.0016326904, -27.2256603241, -27.1322250366, -27.4846858978, -27.2062702179, -27.2747211456], "var": [3.32598400116, 2.50152754784, 2.43763995171, 2.76098036766, 3.00564646721, 2.67471528053]}, "spectral_decrease": {"dmean": 1.36507682935e-09, "dmean2": 1.912623393e-09, "dvar": 5.4416324751e-18, "dvar2": 1.10901792173e-17, "max": -2.48874445204e-29, "mean": -4.15468370818e-09, "median": -2.89337709347e-09, "min": -3.78744076102e-08, "var": 1.78569566881e-17}, "spectral_energy": {"dmean": 0.00545793538913, "dmean2": 0.00757553707808, "dvar": 8.41798537294e-05, "dvar2": 0.000168401544215, "max": 0.149527713656, "mean": 0.017023710534, "median": 0.0118022700772, "min": 1.04367381214e-20, "var": 0.000299179635476}, "spectral_energyband_high": {"dmean": 0.000291525881039, "dmean2": 0.000403610087233, "dvar": 6.32886838048e-07, "dvar2": 1.17777778996e-06, "max": 0.0295891910791, "mean": 0.000813211721834, "median": 0.000130900443764, "min": 7.56601426787e-21, "var": 3.31363958139e-06}, "spectral_energyband_low": {"dmean": 0.00301651493646, "dmean2": 0.00447964249179, "dvar": 3.71203786926e-05, "dvar2": 8.22746296762e-05, "max": 0.0870366767049, "mean": 0.0068072010763, "median": 0.00304011395201, "min": 7.42700804015e-23, "var": 8.47721239552e-05}, "spectral_energyband_middle_high": {"dmean": 0.00144454848487, "dmean2": 0.0019421215402, "dvar": 1.01171153801e-05, "dvar2": 1.73594471562e-05, "max": 0.0994431078434, "mean": 0.0045147202909, "median": 0.0011182948947, "min": 1.80599336725e-21, "var": 5.73418110434e-05}, "spectral_energyband_middle_low": {"dmean": 0.00242139725015, "dmean2": 0.0036598900333, "dvar": 2.90591906378e-05, "dvar2": 6.81383389747e-05, "max": 0.122859172523, "mean": 0.00574858766049, "median": 0.0036335750483, "min": 1.91784581616e-22, "var": 5.18378546985e-05}, "spectral_entropy": {"dmean": 0.194063469768, "dmean2": 0.269062936306, "dvar": 0.0649287551641, "dvar2": 0.126687973738, "max": 9.80661964417, "mean": 7.17095518112, "median": 7.29314231873, "min": 4.47938203812, "var": 0.510008990765}, "spectral_flux": {"dmean": 0.0201041549444, "dmean2": 0.0314195305109, "dvar": 0.000665758852847, "dvar2": 0.00159156124573, "max": 0.312067985535, "mean": 0.0573869273067, "median": 0.0440461561084, "min": 1.02160356563e-10, "var": 0.00220405892469}, "spectral_kurtosis": {"dmean": 3.134339571, "dmean2": 4.89095067978, "dvar": 45.9196166992, "dvar2": 99.0168380737, "max": 181.207931519, "mean": 8.20361614227, "median": 3.87214159966, "min": -1.19515383244, "var": 151.980178833}, "spectral_rms": {"dmean": 0.000591360789258, "dmean2": 0.00079041410936, "dvar": 6.7364953793e-07, "dvar2": 1.20972458717e-06, "max": 0.012078108266, "mean": 0.00353039917536, "median": 0.0033932889346, "min": 3.19095336092e-12, "var": 4.14465466747e-06}, "spectral_rolloff": {"dmean": 391.104431152, "dmean2": 637.151733398, "dvar": 519510.3125, "dvar2": 1103196.125, "max": 18475.4882813, "mean": 1551.59741211, "median": 925.927734375, "min": 86.1328125, "var": 2593599.25}, "spectral_skewness": {"dmean": 0.326565504074, "dmean2": 0.484805554152, "dvar": 0.252167612314, "dvar2": 0.505820512772, "max": 11.1588306427, "mean": 1.89278066158, "median": 1.47956383228, "min": -0.035884115845, "var": 1.53387820721}, "spectral_spread": {"dmean": 617546.8125, "dmean2": 880392.625, "dvar": 1073562386430.0, "dvar2": 2233362022