{"lowlevel": {"average_loudness": 0.53921443224, "barkbands": {"dmean": [1.44366194945e-05, 0.000603086082265, 0.00146997021511, 0.0013593545882, 0.00218469602987, 0.00152183405589, 0.000993529218249, 0.000403587764595, 0.000248378753895, 6.66044652462e-05, 7.09562009433e-05, 0.000117973788292, 0.000119718570204, 5.49934375158e-05, 5.31859841431e-05, 3.4444135963e-05, 4.64167897007e-05, 1.7173395463e-05, 1.85757944564e-05, 1.31337101266e-05, 8.61796888785e-06, 1.04071850728e-05, 7.17700640962e-06, 5.23548487763e-06, 1.8030505089e-06, 5.60390844839e-07, 8.94738363399e-08], "dmean2": [2.46486142714e-05, 0.000969306624029, 0.0023929560557, 0.00223624845967, 0.0034106625244, 0.002330964664, 0.00139175308868, 0.000564785092138, 0.000330353330355, 9.6029631095e-05, 0.00010418475722, 0.000180084374733, 0.000182638148544, 8.42090012156e-05, 7.73480933276e-05, 5.19831082784e-05, 6.71209272696e-05, 2.63635247393e-05, 2.56141684076e-05, 1.9478102331e-05, 1.25201058836e-05, 1.51932972585e-05, 1.04512155303e-05, 7.67706569604e-06, 2.57955070992e-06, 8.74891213698e-07, 1.52841977297e-07], "dvar": [9.11129283132e-10, 9.59538738243e-07, 6.50125639368e-06, 7.4902122833e-06, 1.07282858153e-05, 1.62321557582e-05, 1.04525788629e-05, 3.24408438246e-06, 1.80693086804e-06, 1.43179804013e-07, 7.87370169064e-08, 4.4510292696e-07, 5.53775123535e-07, 8.23817813966e-08, 5.01337815706e-08, 2.75526073068e-08, 4.07032487715e-08, 2.78500866813e-09, 4.20838164317e-09, 4.24477430983e-09, 1.67584734978e-09, 4.27043556073e-09, 2.12364881236e-09, 1.12722409185e-09, 2.47255327324e-10, 8.55144167283e-12, 3.04903156759e-13], "dvar2": [2.35575647878e-09, 2.25451844926e-06, 1.58997554536e-05, 2.07981011044e-05, 2.49942913797e-05, 3.44808067894e-05, 1.93101714103e-05, 5.6458356994e-06, 3.31976866619e-06, 2.94687112046e-07, 1.729119532e-07, 1.00064085018e-06, 1.30249452468e-06, 1.76990511136e-07, 9.4374691173e-08, 6.41421493697e-08, 7.76677282488e-08, 5.6619025024e-09, 7.23906579125e-09, 8.91589735375e-09, 3.50692541673e-09, 8.65493454683e-09, 4.64639127173e-09, 2.27692864563e-09, 4.03274635907e-10, 1.87445909489e-11, 8.31760658612e-13], "max": [0.000933635281399, 0.0199602022767, 0.0486209541559, 0.0624733790755, 0.0762489438057, 0.0997496694326, 0.0749612525105, 0.0491524375975, 0.0554521307349, 0.0157438404858, 0.0111095719039, 0.0265171863139, 0.0278052520007, 0.010048924014, 0.00845442246646, 0.00671069929376, 0.00870035775006, 0.00218595471233, 0.00212366250344, 0.00318663846701, 0.00229337182827, 0.00466974684969, 0.00309023936279, 0.00242899311706, 0.00094233523123, 0.000129252439365, 2.07247630897e-05], "mean": [1.76013672899e-05, 0.00160159321968, 0.00420025130734, 0.00303736934438, 0.00471668504179, 0.00364999449812, 0.0020541108679, 0.000827773939818, 0.000565704365727, 0.000125797174405, 0.000128132785903, 0.000216747590457, 0.000193647880224, 8.81286468939e-05, 9.27666478674e-05, 6.60826772219e-05, 8.52342855069e-05, 3.54566000169e-05, 3.93229383917e-05, 2.32356505876e-05, 1.60208346642e-05, 1.85491626326e-05, 1.22446554087e-05, 7.35990170142e-06, 2.89179888568e-06, 7.449215218e-07, 1.0709218401e-07], "median": [7.01870703779e-06, 0.000716958427802, 0.00172758358531, 0.00118533917703, 0.00259613245726, 0.00121055473574, 0.000362795777619, 0.000101882054878, 0.000108003216155, 2.29096549447e-05, 2.06537006306e-05, 5.10373938596e-05, 1.84573909792e-05, 1.40391202876e-05, 1.61637763085e-05, 1.27464845718e-05, 1.31290917125e-05, 1.17205217975e-05, 5.05140542373e-06, 2.76649689113e-06, 3.14153248837e-06, 2.69962970378e-06, 1.34245601657e-06, 7.21921082913e-07, 1.71987238673e-07, 1.0325473454e-07, 3.99313719868e-08], "min": [1.19348324351e-24, 1.27727797171e-25, 6.97132454985e-25, 2.56236122904e-25, 5.562018429e-24, 7.39085990912e-24, 1.12384642877e-23, 7.22574895508e-24, 1.93405990543e-23, 1.34177808908e-23, 1.31439806813e-23, 2.88011191676e-23, 2.48384057834e-23, 2.27972423906e-23, 5.3904304536e-23, 5.65367964856e-23, 5.61986275928e-23, 5.98066754249e-23, 1.15393210064e-22, 1.88029477489e-22, 2.21108396864e-22, 3.01578696789e-22, 4.60147993378e-22, 5.15547183019e-22, 8.91890329872e-22, 1.26536399203e-21, 1.89327889528e-21], "var": [1.19150023181e-09, 5.13474697073e-06, 2.99376479234e-05, 1.99033620447e-05, 3.86377723771e-05, 6.14673772361e-05, 3.06365254801e-05, 1.12954157885e-05, 6.59193301544e-06, 3.68986235344e-07, 1.8125275858e-07, 1.12874067781e-06, 1.2625631598e-06, 1.69501277014e-07, 1.28908482111e-07, 5.9182102774e-08, 9.28420789137e-08, 8.95145113589e-09, 1.63598681269e-08, 9.79034009418e-09, 3.71785158215e-09, 8.40525782309e-09, 4.19760448622e-09, 2.49663445473e-09, 8.26934409837e-10, 1.7586886808e-11, 2.24955945256e-13]}, "barkbands_crest": {"dmean": 2.16254758835, "dmean2": 3.60881090164, "dvar": 3.8496131897, "dvar2": 10.1831865311, "max": 25.8055076599, "mean": 12.1397676468, "median": 11.5910377502, "min": 3.79025292397, "var": 13.4753475189}, "barkbands_flatness_db": {"dmean": 0.0216452721506, "dmean2": 0.0329593233764, "dvar": 0.000469161313958, "dvar2": 0.00097098655533, "max": 0.464002668858, "mean": 0.241094738245, "median": 0.242954522371, "min": 0.0454495064914, "var": 0.00344654126093}, "barkbands_kurtosis": {"dmean": 5.25659132004, "dmean2": 8.52901649475, "dvar": 53.5733451843, "dvar2": 142.166671753, "max": 225.795608521, "mean": 15.538517952, "median": 12.602853775, "min": -1.86924159527, "var": 172.368057251}, "barkbands_skewness": {"dmean": 0.543125808239, "dmean2": 0.876235485077, "dvar": 0.307995676994, "dvar2": 0.771507918835, "max": 14.1035318375, "mean": 2.70766043663, "median": 2.63937091827, "min": -2.22197031975, "var": 1.62354207039}, "barkbands_spread": {"dmean": 1.66604161263, "dmean2": 2.55740475655, "dvar": 12.7834205627, "dvar2": 25.8534851074, "max": 102.846611023, "mean": 6.17423391342, "median": 4.37040901184, "min": 0.495911091566, "var": 44.6026000977}, "dissonance": {"dmean": 0.0268224105239, "dmean2": 0.0446794740856, "dvar": 0.00057644827757, "dvar2": 0.00155197572894, "max": 0.5, "mean": 0.41917181015, "median": 0.424495667219, "min": 0.187252804637, "var": 0.0016920651542}, "dynamic_complexity": 4.36747360229, "erbbands": {"dmean": [0.0108241727576, 0.176833331585, 1.38764595985, 2.9937312603, 6.28399944305, 9.18583106995, 6.68291187286, 14.4252624512, 13.5043649673, 13.9540758133, 7.78960704803, 5.56207847595, 2.87959909439, 2.45316553116, 2.83219408989, 4.28951072693, 5.18263721466, 3.20680952072, 2.25396466255, 2.21954059601, 2.05839776993, 2.43832945824, 1.12175405025, 0.614382386208, 1.15134894848, 0.487992852926, 0.271819323301, 0.409587979317, 0.386538654566, 0.278660327196, 0.177832558751, 0.141652420163, 0.0667667239904, 0.027557849884, 0.00995693635195, 0.00344684044831, 0.000821231165901, 0.000142931399751, 1.33175290102e-05, 6.57893997413e-06], "dmean2": [0.0184210054576, 0.282916992903, 2.27993202209, 4.8093957901, 10.1325120926, 14.512509346, 10.3334598541, 21.990228653, 18.4897708893, 20.242433548, 10.7331132889, 7.3961353302, 3.89551019669, 3.46178364754, 4.17229700089, 6.29687023163, 7.66775226593, 4.80064249039, 3.21133947372, 3.1501789093, 2.99036741257, 3.53045845032, 1.67374277115, 0.867842376232, 1.59874868393, 0.712201654911, 0.387474954128, 0.595504045486, 0.574070453644, 0.41291859746, 0.258047938347, 0.214134037495, 0.0956721380353, 0.0404090359807, 0.0137584218755, 0.00520506827161, 0.00131120404694, 0.000233926053625, 2.19758585445e-05, 9.90005355561e-06], "dvar": [0.000433289271314, 0.0756060034037, 4.753490448, 31.4760017395, 105.943305969, 260.658447266, 287.988677979, 1733.93115234, 2044.15100098, 2604.69897461, 1416.01428223, 1122.42089844, 220.579589844, 136.759490967, 129.31300354, 738.373901367, 1158.0748291, 252.75151062, 130.415298462, 100.233352661, 81.0738449097, 122.80027771, 13.315331459, 4.23984527588, 22.4590396881, 6.18040847778, 1.48407590389, 3.9207444191, 3.63335990906, 7.19300270081, 1.14786970615, 0.705152571201, 0.210926041007, 0.069439008832, 0.00534526444972, 0.000351044203853, 2.21387126658e-05, 5.7101397033e-07, 5.2889386204e-09, 1.17127668675e-10], "dvar2": [0.00117038143799, 0.175237700343, 12.1025466919, 83.9588088989, 277.269622803, 588.734191895, 651.390136719, 3736.52172852, 3626.25073242, 5323.92431641, 2476.58349609, 2129.35107422, 403.987487793, 275.218841553, 281.45602417, 1585.42492676, 2625.57592773, 560.407836914, 261.979125977, 175.371032715, 177.130645752, 230.317642212, 27.4726142883, 8.44852352142, 40.3392562866, 12.7437601089, 2.96739077568, 8.78953361511, 8.34038257599, 13.4950819016, 2.39013504982, 1.58316290379, 0.377252042294, 0.119679301977, 0.00754287932068, 0.00063185102772, 5.49528704141e-05, 1.48419724155e-06, 1.43607490344e-08, 2.60477334146e-10], "max": [0.459294378757, 6.20976018906, 41.5243606567, 123.051292419, 168.896743774, 404.146484375, 568.273254395, 1039.11657715, 1341.68029785, 1186.85107422, 1243.8223877, 1696.56286621, 754.559326172, 583.530395508, 431.0440979, 1087.93188477, 1281.06787109, 567.872314453, 442.027496338, 591.879821777, 392.404815674, 566.422058105, 157.068252563, 59.3264389038, 207.987319946, 110.387321472, 67.2299041748, 95.2772521973, 108.086914062, 205.88494873, 79.0133361816, 48.3973350525, 35.8254203796, 16.1480560303, 4.98895406723, 1.03833043575, 0.18743121624, 0.0238972641528, 0.00298073072918, 0.000309074821416], "mean": [0.0272355731577, 0.48063403368, 3.76024842262, 8.28961181641, 12.4197292328, 18.6235103607, 18.7972049713, 32.8089904785, 29.9819869995, 28.7641735077, 17.7221488953, 11.5724563599, 6.86429738998, 5.23868656158, 5.62421369553, 8.17712306976, 9.19320964813, 5.95694160461, 4.06428194046, 4.38046836853, 4.22643899918, 4.77248430252, 2.49094486237, 1.31196463108, 2.44570922852, 0.965511441231, 0.503664910793, 0.759200036526, 0.703766644001, 0.482870668173, 0.300180792809, 0.201007336378, 0.0959691181779, 0.0437129624188, 0.0155483372509, 0.00493889208883, 0.00103121961001, 0.000170832368894, 2.60364668065e-05, 2.53486268775e-05], "median": [0.0114681515843, 0.270875990391, 1.85904717445, 5.2152428627, 6.42100143433, 8.58173751831, 7.31049728394, 10.8419046402, 6.71617507935, 5.51797389984, 2.69751024246, 2.18964481354, 1.72317290306, 1.16804599762, 1.48206210136, 1.83858203888, 1.01298952103, 0.886373221874, 0.650119245052, 0.912753582001, 0.789646625519, 0.719220280647, 0.75849366188, 0.390156596899, 0.220032483339, 0.132146865129, 0.111630626023, 0.133109599352, 0.104505211115, 0.0534407049417, 0.0374051257968, 0.0226535033435, 0.00823720544577, 0.00251703243703, 0.0010225197766, 0.000551648554392, 0.00016854464775, 4.16725306422e-05, 1.4794877643e-05, 1.84525088116e-05], "min": [2.19050580617e-23, 4.796279668e-23, 9.60244811765e-22, 1.61583290509e-21, 9.67137714272e-21, 1.62120372256e-20, 2.74559210635e-20, 6.71199358314e-20, 9.01404175152e-20, 2.29558491511e-19, 2.09199948125e-19, 4.67688435325e-19, 5.76473284128e-19, 5.03347467749e-19, 8.13555758792e-19, 1.45933860984e-18, 1.34676987503e-18, 1.84118430915e-18, 1.97399373996e-18, 2.50146737784e-18, 3.45306298556e-18, 4.3778761394e-18, 4.27117645783e-18, 6.16937811981e-18, 5.3632637295e-18, 9.53601686138e-18, 9.66989108044e-18, 1.09867609613e-17, 9.94450180891e-18, 1.11272245011e-17, 1.27527568275e-17, 1.15466886169e-17, 9.3359218712e-18, 7.59467773046e-18, 6.08312551579e-18, 4.04753039484e-18, 2.23199282059e-18, 9.79799054484e-19, 2.39908924968e-19, 2.47042175142e-20], "var": [0.00146207015496, 0.429642856121, 20.8803367615, 92.6811904907, 260.646148682, 890.279418945, 1877.6439209, 5375.67626953, 6523.84033203, 7663.63378906, 4900.82470703, 3060.71411133, 824.392700195, 487.642547607, 267.66394043, 1926.55895996, 2939.86254883, 689.565307617, 311.521911621, 271.105255127, 184.06451416, 289.296142578, 40.7651557922, 10.8870830536, 76.8670349121, 15.4614286423, 3.41093230247, 7.96191072464, 7.54111814499, 13.8574695587, 2.31064343452, 1.24656963348, 0.56771427393, 0.211477547884, 0.0203099474311, 0.0010562078096, 2.9362985515e-05, 5.67198014778e-07, 4.27973079198e-09, 5.4418641815e-10]}, "erbbands_crest": {"dmean": 2.44396209717, "dmean2": 3.91775727272, "dvar": 5.60399007797, "dvar2": 13.6025848389, "max": 28.8848953247, "mean": 11.1778869629, "median": 10.2544555664, "min": 2.65411329269, "var": 20.8999042511}, "erbbands_flatness_db": {"dmean": 0.0180449429899, "dmean2": 0.0275244172662, "dvar": 0.000347426248481, "dvar2": 0.000755701737944, "max": 0.352168649435, "mean": 0.210551306605, "median": 0.21308529377, "min": 0.0384171493351, "var": 0.00185329199303}, "erbbands_kurtosis": {"dmean": 1.64589762688, "dmean2": 2.59608435631, "dvar": 4.5406036377, "dvar2": 10.710981369, "max": 46.1936035156, "mean": 3.21463060379, "median": 2.13650417328, "min": -1.80491185188, "var": 17.3035526276}, "erbbands_skewness": {"dmean": 0.346635341644, "dmean2": 0.539915442467, "dvar": 0.11031845957, "dvar2": 0.248432144523, "max": 4.95828914642, "mean": 1.44932699203, "median": 1.4292178154, "min": -2.85855579376, "var": 0.639943480492}, "erbbands_spread": {"dmean": 5.4117026329, "dmean2": 8.47290992737, "dvar": 49.956489563, "dvar2": 109.92376709, "max": 125.919967651, "mean": 25.7171878815, "median": 22.6832771301, "min": 3.07696223259, "var": 199.886062622}, "gfcc": {"cov": [[18507.4785156, 1691.72583008, -2223.27416992, 423.236297607, -1329.25585938, 21.8862705231, -691.727783203, -246.004074097, -130.556869507, -283.036071777, -250.765640259, -191.462371826, -90.3932037354], [1691.72583008, 1093.37207031, -76.5035400391, -123.095878601, 139.615753174, -141.273681641, 90.9029464722, -118.504379272, 16.4435768127, -93.776184082, 13.4252548218, -21.4342136383, 1.161937356], [-2223.27416992, -76.5035400391, 684.786132812, 42.2044639587, 221.465499878, 46.7733726501, 102.408172607, 31.0665550232, -7.90913486481, 39.3245201111, 19.7050304413, 39.0102729797, 15.4164323807], [423.236297607, -123.095878601, 42.2044639587, 307.943817139, 6.00315380096, 32.6506156921, -16.9772262573, 14.1626749039, 47.077796936, 11.0012922287, -4.52481174469, -2.652374506, 24.968214035], [-1329.25585938, 139.615753174, 221.465499878, 6.00315380096, 335.286865234, -10.3400964737, 86.9984970093, 25.4813804626, 33.8131027222, 32.1172599792, 23.0317707062, 12.0645933151, 13.9318504333], [21.8862705231, -141.273681641, 46.7733726501, 32.6506156921, -10.3400964737, 169.360473633, 22.9117507935, 43.2864761353, 13.9194164276, 28.6115875244, 16.6187782288, -0.266559839249, 1.21102809906], [-691.727783203, 90.9029464722, 102.408172607, -16.9772262573, 86.9984970093, 22.9117507935, 180.3644104, 39.4863777161, 16.0542030334, 3.87055182457, 36.25989151, 7.95393371582, -7.16707468033], [-246.004074097, -118.504379272, 31.0665550232, 14.1626749039, 25.4813804626, 43.2864761353, 39.4863777161, 149.509353638, 19.6323833466, 30.9092693329, 24.6524372101, 2.71183252335, -9.35401916504], [-130.556869507, 16.4435768127, -7.90913486481, 47.077796936, 33.8131027222, 13.9194164276, 16.0542030334, 19.6323833466, 121.212356567, 32.4351768494, 10.4855575562, -3.45861005783, 19.6850376129], [-283.036071777, -93.776184082, 39.3245201111, 11.0012922287, 32.1172599792, 28.6115875244, 3.87055182457, 30.9092693329, 32.4351768494, 98.3145523071, 24.1019458771, 10.0988454819, -6.26728534698], [-250.765640259, 13.4252548218, 19.7050304413, -4.52481174469, 23.0317707062, 16.6187782288, 36.25989151, 24.6524372101, 10.4855575562, 24.1019458771, 81.4342956543, 15.5599508286, -8.4932384491], [-191.462371826, -21.4342136383, 39.0102729797, -2.652374506, 12.0645933151, -0.266559839249, 7.95393371582, 2.71183252335, -3.45861005783, 10.0988454819, 15.5599508286, 81.7914276123, 21.4152622223], [-90.3932037354, 1.161937356, 15.4164323807, 24.968214035, 13.9318504333, 1.21102809906, -7.16707468033, -9.35401916504, 19.6850376129, -6.26728534698, -8.4932384491, 21.4152622223, 79.7932434082]], "icov": [[0.000555693986826, -0.00169085350353, 0.00110556196887, -0.00152231054381, 0.0017142976867, -0.00143688858952, 0.00146349181887, -0.000928053457756, 0.00114521977957, -0.000818559085019, 0.00128871388733, -0.000325018540025, 0.00053961656522], [-0.00169085350353, 0.00662730494514, -0.00306282774545, 0.0050648082979, -0.00594691233709, 0.00511091900989, -0.00517462892458, 0.00390911055729, -0.00408513378352, 0.00376272201538, -0.00451928051189, 0.00130713835824, -0.00157933821902], [0.00110556196887, -0.00306282774545, 0.00435781944543, -0.00329203880392, 0.00200880272314, -0.00324110221118, 0.00207473314367, -0.00153923919424, 0.00304013374262, -0.00193024950568, 0.00282733468339, -0.00127204414457, 0.000930287293158], [-0.00152231054381, 0.0050648082979, -0.00329203880392, 0.0079706646502, -0.00478360196576, 0.00358852697536, -0.00355533370748, 0.00260945688933, -0.00472937012091, 0.00287837721407, -0.00358827994205, 0.00127768993843, -0.0022210883908], [0.0017142976867, -0.00594691233709, 0.00200880272314, -0.00478360196576, 0.0100770099089, -0.00371827906929, 0.00345810246654, -0.00355042866431, 0.00294311670586, -0.00405387254432, 0.00401129387319, -0.0007530869334, 0.000913357653189], [-0.00143688858952, 0.00511091900989, -0.00324110221118, 0.00358852697536, -0.00371827906929, 0.0111234178767, -0.00488792918622, 0.0014526990708, -0.00324302329682, 0.00114914367441, -0.00422115810215, 0.00169808079954, -0.00200196588412], [0.00146349181887, -0.00517462892458, 0.00207473314367, -0.00355533370748, 0.00345810246654, -0.00488792918622, 0.0118862809613, -0.00425246916711, 0.00218877522275, -0.000705784535967, 0.00107559212483, -0.00121055077761, 0.00232841190882], [-0.000928053457756, 0.00390911055729, -0.00153923919424, 0.00260945688933, -0.00355042866431, 0.0014526990708, -0.00425246916711, 0.0104284007102, -0.00281124422327, 0.000724266923498, -0.00353450747207, 0.00073414988583, -1.1831601114e-05], [0.00114521977957, -0.00408513378352, 0.00304013374262, -0.00472937012091, 0.00294311670586, -0.00324302329682, 0.00218877522275, -0.00281124422327, 0.0134786479175, -0.0057833828032, 0.00251655350439, 0.000790345657151, -0.00207195361145], [-0.000818559085019, 0.00376272201538, -0.00193024950568, 0.00287837721407, -0.00405387254432, 0.00114914367441, -0.000705784535967, 0.000724266923498, -0.0057833828032, 0.0160128306597, -0.00515939947218, -0.000925084808841, 0.00158562441356], [0.00128871388733, -0.00451928051189, 0.00282733468339, -0.00358827994205, 0.00401129387319, -0.00422115810215, 0.00107559212483, -0.00353450747207, 0.00251655350439, -0.00515939947218, 0.0186974145472, -0.00386340962723, 0.00314920744859], [-0.000325018540025, 0.00130713835824, -0.00127204414457, 0.00127768993843, -0.0007530869334, 0.00169808079954, -0.00121055077761, 0.00073414988583, 0.000790345657151, -0.000925084808841, -0.00386340962723, 0.0148929441348, -0.00513411685824], [0.00053961656522, -0.00157933821902, 0.000930287293158, -0.0022210883908, 0.000913357653189, -0.00200196588412, 0.00232841190882, -1.1831601114e-05, -0.00207195361145, 0.00158562441356, 0.00314920744859, -0.00513411685824, 0.0161094348878]], "mean": [-116.011367798, 154.759780884, -90.7196121216, 29.6042919159, -51.0533332825, -8.62062263489, -37.3741950989, -11.4205770493, -15.557600975, -10.6055746078, -11.1420459747, -1.6854878664, -13.1097612381]}, "hfc": {"dmean": 1.87122786045, "dmean2": 2.59411978722, "dvar": 14.4163980484, "dvar2": 23.6941242218, "max": 101.123207092, "mean": 7.36143922806, "median": 3.78400731087, "min": 1.01793157201e-16, "var": 95.9252853394}, "melbands": {"dmean": [0.000123950507259, 0.000550001626834, 0.000601810752414, 0.000541209767107, 0.000252594705671, 0.000310305884341, 0.000205644959351, 0.000135255075293, 6.09938761045e-05, 3.40409642376e-05, 1.47470473166e-05, 1.01099521999e-05, 9.89613454294e-06, 1.19779169836e-05, 1.27942339532e-05, 1.09648517537e-05, 5.42953921467e-06, 3.59800492333e-06, 4.17990577262e-06, 2.23242113861e-06, 2.67676023213e-06, 3.01448267237e-06, 1.55094437559e-06, 7.78701974014e-07, 4.91600076202e-07, 7.93120250364e-07, 8.31180614114e-07, 2.35740884591e-07, 1.5997360947e-07, 2.14075370764e-07, 2.61074973196e-07, 2.62867843048e-07, 1.55383133915e-07, 1.60474513677e-07, 1.05666700279e-07, 9.90568125303e-08, 8.63521520955e-08, 5.23090690763e-08, 3.06603027411e-08, 2.21695390934e-08], "dmean2": [0.000202161711059, 0.00089183129603, 0.000972623529378, 0.000854585028719, 0.000389482302126, 0.000471535138786, 0.000284371024463, 0.000196923414478, 8.26156174298e-05, 4.51873784186e-05, 2.06683307624e-05, 1.43608222061e-05, 1.45237108882e-05, 1.80347797141e-05, 1.89004404092e-05, 1.66104910022e-05, 8.26229461381e-06, 5.20325193065e-06, 6.18461535851e-06, 3.33310072165e-06, 3.94001017412e-06, 4.39165387434e-06, 2.27784698836e-06, 1.20406741644e-06, 7.08515699444e-07, 1.10313453661e-06, 1.19432763768e-06, 3.54232014388e-07, 2.37742710851e-07, 3.09821075462e-07, 3.87708496419e-07, 3.98192014472e-07, 2.36354935623e-07, 2.35280722904e-07, 1.52823375288e-07, 1.48071777062e-07, 1.33522860324e-07, 7.61164997698e-08, 4.47235954937e-08, 3.33667848906e-08], "dvar": [4.46313030977e-08, 7.04998399215e-07, 1.05568381059e-06, 6.45575880753e-07, 2.79380827806e-07, 7.59692170504e-07, 4.1453324684e-07, 2.45764596229e-07, 9.30843242486e-08, 3.97409749553e-08, 6.09682349051e-09, 2.36695907319e-09, 1.56950863417e-09, 4.6718811042e-09, 7.35942506935e-09, 5.19427389989e-09, 7.75140729381e-10, 4.52586135236e-10, 3.0948316132e-10, 1.48799320088e-10, 1.49174270159e-10, 2.20358092884e-10, 3.16636161735e-11, 4.75444770359e-12, 3.33162880964e-12, 8.40503274618e-12, 1.71245725933e-11, 1.64244496909e-12, 4.60369210201e-13, 1.40205620551e-12, 1.48468585516e-12, 1.52237911947e-12, 2.00322462611e-12, 2.08158685601e-12, 3.99751520948e-13, 2.92964898218e-13, 3.01963505199e-13, 1.38106567198e-13, 6.55020742507e-14, 5.30154126979e-14], "dvar2": [1.08732365334e-07, 1.73816124516e-06, 2.87587658931e-06, 1.50769687934e-06, 6.26734333764e-07, 1.62501760315e-06, 7.42639599594e-07, 4.85608836698e-07, 1.7066189173e-07, 7.39395673577e-08, 1.19334577775e-08, 4.77329287207e-09, 3.56445295502e-09, 1.07899138513e-08, 1.3409207078e-08, 1.20382681601e-08, 1.72304526203e-09, 9.39128330657e-10, 6.39123809432e-10, 2.89238549778e-10, 3.33465033364e-10, 4.1785494509e-10, 6.8160234401e-11, 1.0145512902e-11, 6.88151575653e-12, 1.49694683732e-11, 3.38309900927e-11, 3.4077283096e-12, 9.99145969953e-13, 2.79010408527e-12, 3.50274865536e-12, 3.8359879509e-12, 3.69215769069e-12, 4.12530730062e-12, 8.1413256128e-13, 6.75078374278e-13, 7.03426791641e-13, 2.72817223456e-13, 1.10030345566e-13, 1.03248200191e-13], "max": [0.00397163396701, 0.0159063488245, 0.0212657190859, 0.0214292444289, 0.0173575226218, 0.0220165830106, 0.0172047596425, 0.0109968483448, 0.0124202743173, 0.0109354918823, 0.00363518716767, 0.00255060545169, 0.00174784497358, 0.00293416646309, 0.00413584895432, 0.00374613259919, 0.000960496661719, 0.000733537890483, 0.000545353337657, 0.000679921358824, 0.000516421278007, 0.000798330060206, 0.000237310683588, 0.00010344308248, 5.24129682162e-05, 9.50363464653e-05, 0.000220486399485, 5.81970889471e-05, 3.12158190354e-05, 7.34051354812e-05, 4.49249237136e-05, 5.58088577236e-05, 0.000108665029984, 0.000107106250653, 4.84484880872e-05, 2.59790813288e-05, 3.09348179144e-05, 2.86632712232e-05, 1.82009116543e-05, 1.33306784846e-05], "mean": [0.00033949574572, 0.00154915056191, 0.00161397794727, 0.00109650648665, 0.000701303593814, 0.000726572063286, 0.000460017792648, 0.000284195615677, 0.000132944245706, 7.11143802619e-05, 3.32861636707e-05, 2.05087926588e-05, 1.85365843208e-05, 2.15407544601e-05, 2.26111696975e-05, 1.93415726244e-05, 9.31070007937e-06, 5.87917656958e-06, 7.34390050638e-06, 4.5702213356e-06, 4.91596802021e-06, 5.45053353562e-06, 3.10301311401e-06, 1.5238879314e-06, 9.23911329664e-07, 1.68588871929e-06, 1.59794853971e-06, 4.13248812947e-07, 2.73850588428e-07, 3.72426114836e-07, 4.68530828357e-07, 4.58601647324e-07, 2.57736815001e-07, 2.73199759704e-07, 1.78989651545e-07, 1.45781612559e-07, 1.14685853703e-07, 7.23781070633e-08, 4.65594318655e-08, 3.34887637621e-08], "median": [0.000153393601067, 0.000873637734912, 0.00108614459168, 0.000629740417935, 0.000295025762171, 0.000241407120484, 0.000105346975033, 4.84966221848e-05, 1.91598064703e-05, 1.36045455292e-05, 8.23428672447e-06, 4.41722431788e-06, 4.18548006564e-06, 5.42454381502e-06, 2.9024131436e-06, 1.76411754182e-06, 1.49207426148e-06, 7.44729618418e-07, 1.30568287204e-06, 8.79226888628e-07, 7.99772010396e-07, 7.03085561327e-07, 6.23538312539e-07, 6.07697643318e-07, 2.34798008591e-07, 1.70211592376e-07, 1.06104153019e-07, 7.12180394657e-08, 6.70566890904e-08, 5.75093253019e-08, 7.69503571973e-08, 6.37512300727e-08, 3.69952033452e-08, 2.2193162863e-08, 2.09196358014e-08, 1.68450249305e-08, 1.0911097803e-08, 5.68402303003e-09, 2.65557376089e-09, 1.52808166121e-09], "min": [4.22500539505e-25, 4.54660229243e-25, 2.80539719451e-25, 7.60980144944e-25, 8.56469637457e-25, 1.2502179226e-24, 1.52721637149e-24, 2.71550930468e-24, 1.51103752458e-24, 2.92329349218e-24, 2.59354312569e-24, 1.32878235509e-24, 2.34842649028e-24, 2.5210428642e-24, 3.38735886626e-24, 2.52676644449e-24, 2.41525760288e-24, 3.0189683177e-24, 4.62553443271e-24, 3.19228559453e-24, 3.45103611296e-24, 3.40526916425e-24, 4.38610528721e-24, 2.90867294137e-24, 4.33437060576e-24, 3.40488025582e-24, 4.69386043672e-24, 5.85370960946e-24, 5.34404906114e-24, 4.65391567593e-24, 5.57478535389e-24, 4.66594698802e-24, 5.06689264285e-24, 5.10868333816e-24, 6.14497243846e-24, 5.75477106916e-24, 5.99823050502e-24, 5.8531751562e-24, 5.75204989347e-24, 4.79540695118e-24], "var": [1.98092507731e-07, 3.40220435646e-06, 2.96751682072e-06, 1.98631414605e-06, 1.83113456842e-06, 2.52637892117e-06, 1.35019104164e-06, 7.64942967635e-07, 3.09371330331e-07, 1.20222239275e-07, 2.04810781668e-08, 8.58316706598e-09, 2.92408675051e-09, 8.65961258256e-09, 2.14632596141e-08, 1.42243594681e-08, 1.86177417927e-09, 9.53375267621e-10, 7.49713013892e-10, 3.72894132239e-10, 2.83610190888e-10, 4.78237893731e-10, 8.30318661049e-11, 1.22166122704e-11, 7.40865355175e-12, 3.21053218733e-11, 4.67196385745e-11, 3.50602468065e-12, 8.67940376688e-13, 3.10502383354e-12, 2.80246247215e-12, 2.84106614103e-12, 3.72123339087e-12, 4.04063327936e-12, 8.33617246412e-13, 4.79445096905e-13, 4.96775906002e-13, 3.19651829962e-13, 2.01487264373e-13, 1.43455058488e-13]}, "melbands_crest": {"dmean": 2.80714678764, "dmean2": 4.69158267975, "dvar": 6.07655858994, "dvar2": 16.5367908478, "max": 38.9218444824, "mean": 16.1351108551, "median": 15.7090759277, "min": 1.62170338631, "var": 25.3046646118}, "melbands_flatness_db": {"dmean": 0.0249375272542, "dmean2": 0.0371418371797, "dvar": 0.000674011767842, "dvar2": 0.00134702608921, "max": 0.603832483292, "mean": 0.3354177773, "median": 0.340524464846, "min": 0.00285205314867, "var": 0.00623634923249}, "melbands_kurtosis": {"dmean": 8.07135677338, "dmean2": 13.1857404709, "dvar": 195.323516846, "dvar2": 466.916229248, "max": 685.100280762, "mean": 23.1158714294, "median": 18.1361160278, "min": -1.3833053112, "var": 538.284729004}, "melbands_skewness": {"dmean": 0.634056866169, "dmean2": 1.0131496191, "dvar": 0.457806289196, "dvar2": 1.10515236855, "max": 23.7429294586, "mean": 3.09369039536, "median": 2.99221324921, "min": -0.373902738094, "var": 2.0917263031}, "melbands_spread": {"dmean": 1.73313391209, "dmean2": 2.68056893349, "dvar": 18.8646678925, "dvar2": 41.3262557983, "max": 169.933303833, "mean": 7.48237895966, "median": 4.54922151566, "min": 0.523203015327, "var": 225.697494507}, "mfcc": {"cov": [[7608.90771484, 379.776824951, -559.035705566, -46.6210861206, -442.313110352, 50.0111122131, -488.639251709, -1.25549292564, -152.38621521, 69.4581298828, -225.683105469, -64.6664657593, 70.3934707642], [379.776824951, 1488.34887695, -20.6083068848, 80.1668624878, 43.7028465271, 7.25794267654, 41.4838409424, 13.3553256989, -15.6604824066, -103.849372864, 19.7910900116, -47.0643844604, 1.73280990124], [-559.035705566, -20.6083068848, 404.922668457, 71.3208007812, 70.1425628662, 45.7386131287, 71.6844940186, 17.1454868317, 24.0228404999, -18.5061187744, 20.7460212708, 26.3453769684, -17.4299259186], [-46.6210861206, 80.1668624878, 71.3208007812, 265.441589355, 80.4834823608, 32.9230690002, -0.255940556526, 10.1240386963, 33.8159332275, 3.49391174316, -5.75869417191, -4.47930002213, 1.02376282215], [-442.313110352, 43.7028465271, 70.1425628662, 80.4834823608, 221.497512817, 29.2112560272, 35.1584205627, -5.28430223465, 44.507648468, 23.8881072998, 16.8409824371, 15.7495708466, -6.08809232712], [50.0111122131, 7.25794267654, 45.7386131287, 32.9230690002, 29.2112560272, 140.421798706, 0.426520258188, -1.20041000843, 17.3601608276, 5.4868683815, 4.27923679352, 4.36016941071, 11.3358640671], [-488.639251709, 41.4838409424, 71.6844940186, -0.255940556526, 35.1584205627, 0.426520258188, 183.212020874, 45.7674331665, 14.0848588943, 11.0004262924, 50.5023384094, 28.4674263, -15.8696660995], [-1.25549292564, 13.3553256989, 17.1454868317, 10.1240386963, -5.28430223465, -1.20041000843, 45.7674331665, 106.453536987, 23.152513504, 14.5150680542, 17.7994194031, 24.3178424835, 0.764141440392], [-152.38621521, -15.6604824066, 24.0228404999, 33.8159332275, 44.507648468, 17.3601608276, 14.0848588943, 23.152513504, 101.733016968, 28.1133537292, -2.90141296387, 1.9091155529, 12.7002182007], [69.4581298828, -103.849372864, -18.5061187744, 3.49391174316, 23.8881072998, 5.4868683815, 11.0004262924, 14.5150680542, 28.1133537292, 135.537521362, 38.9998397827, 5.35232400894, 0.22430036962], [-225.683105469, 19.7910900116, 20.7460212708, -5.75869417191, 16.8409824371, 4.27923679352, 50.5023384094, 17.7994194031, -2.90141296387, 38.9998397827, 133.555419922, 32.9683876038, -11.2870464325], [-64.6664657593, -47.0643844604, 26.3453769684, -4.47930002213, 15.7495708466, 4.36016941071, 28.4674263, 24.3178424835, 1.9091155529, 5.35232400894, 32.9683876038, 93.4931716919, 3.98774719238], [70.3934707642, 1.73280990124, -17.4299259186, 1.02376282215, -6.08809232712, 11.3358640671, -15.8696660995, 0.764141440392, 12.7002182007, 0.22430036962, -11.2870464325, 3.98774719238, 94.3866424561]], "icov": [[0.000216516622459, -0.000103745995148, 0.000157013229909, -7.16618451406e-05, 0.000351577356923, -0.000206772543606, 0.000464344309876, -0.000208297511563, 0.000277190236375, -0.000382050551707, 0.000333116884576, -0.000188569785678, 8.880925634e-06], [-0.000103745995148, 0.000829304859508, 9.59643584793e-05, -0.00019046277157, -0.000385205581551, 5.79752486374e-05, -0.000413221627241, -0.000130402637296, -2.08347755688e-05, 0.000957990821917, -0.000558287953027, 0.000678750919178, -0.000113206035167], [0.000157013229909, 9.59643584793e-05, 0.0031672809273, -0.000664126535412, -0.000239385743043, -0.000922464940231, -0.000679552555084, -0.00014280542382, -0.000110811612103, 0.000620305305347, 5.1148384955e-05, -0.000512479280587, 0.000496679567732], [-7.16618451406e-05, -0.00019046277157, -0.000664126535412, 0.00463605578989, -0.00151751330122, -0.000459599978058, 0.000494809413794, -0.000593078089878, -0.000743209209759, 8.22324873297e-05, 0.000146197955473, 0.000502313894685, 2.53959478869e-05], [0.000351577356923, -0.000385205581551, -0.000239385743043, -0.00151751330122, 0.00666236458346, -0.000794021296315, -0.000161977703101, 0.00143817940261, -0.00167320575565, -0.00148614088539, 0.000477018591482, -0.00143844704144, 0.000549824151676], [-0.000206772543606, 5.79752486374e-05, -0.000922464940231, -0.000459599978058, -0.000794021296315, 0.00798450224102, -6.52823873679e-05, 0.0005582520389, -0.00100958580151, 0.000182255622349, -0.000603683583904, 2.48274245678e-05, -0.000975695555098], [0.000464344309876, -0.000413221627241, -0.000679552555084, 0.000494809413794, -0.000161977703101, -6.52823873679e-05, 0.0084463795647, -0.00306704407558, 0.00029401134816, -0.00063928659074, -0.00128908548504, -0.000965247745626, 0.000821360619739], [-0.000208297511563, -0.000130402637296, -0.00014280542382, -0.000593078089878, 0.00143817940261, 0.0005582520389, -0.00306704407558, 0.0122330952436, -0.00300342869014, -0.000527948432136, -0.000292575103231, -0.00252055819146, 2.56944167631e-05], [0.000277190236375, -2.08347755688e-05, -0.000110811612103, -0.000743209209759, -0.00167320575565, -0.00100958580151, 0.00029401134816, -0.00300342869014, 0.0130810989067, -0.00277268211357, 0.00181103812065, 0.000522585527506, -0.00169072241988], [-0.000382050551707, 0.000957990821917, 0.000620305305347, 8.22324873297e-05, -0.00148614088539, 0.000182255622349, -0.00063928659074, -0.000527948432136, -0.00277268211357, 0.0103743327782, -0.00383153720759, 0.00143522629514, -1.03557558759e-05], [0.000333116884576, -0.000558287953027, 5.1148384955e-05, 0.000146197955473, 0.000477018591482, -0.000603683583904, -0.00128908548504, -0.000292575103231, 0.00181103812065, -0.00383153720759, 0.0106480848044, -0.0032496904023, 0.000834618345834], [-0.000188569785678, 0.000678750919178, -0.000512479280587, 0.000502313894685, -0.00143844704144, 2.48274245678e-05, -0.000965247745626, -0.00252055819146, 0.000522585527506, 0.00143522629514, -0.0032496904023, 0.0133722228929, -0.00123685982544], [8.880925634e-06, -0.000113206035167, 0.000496679567732, 2.53959478869e-05, 0.000549824151676, -0.000975695555098, 0.000821360619739, 2.56944167631e-05, -0.00169072241988, -1.03557558759e-05, 0.000834618345834, -0.00123685982544, 0.0113517381251]], "mean": [-758.852783203, 181.19909668, 18.2259712219, 36.3048210144, 5.21195077896, 5.10798501968, -13.5195350647, 1.88341534138, -10.2673187256, -9.51463031769, -3.95940446854, 0.938529491425, -4.37035560608]}, "pitch_salience": {"dmean": 0.0653680190444, "dmean2": 0.109506927431, "dvar": 0.00331381568685, "dvar2": 0.00874559022486, "max": 0.958160340786, "mean": 0.543895423412, "median": 0.547777533531, "min": 0.0520660281181, "var": 0.0119895897806}, "silence_rate_20dB": {"dmean": 0, "dmean2": 0, "dvar": 0, "dvar2": 0, "max": 1, "mean": 1, "median": 1, "min": 1, "var": 0}, "silence_rate_30dB": {"dmean": 0.00410069478676, "dmean2": 0.00820232369006, "dvar": 0.00408368231729, "dvar2": 0.00973053276539, "max": 1, "mean": 0.99578589201, "median": 1, "min": 0, "var": 0.00419651390985}, "silence_rate_60dB": {"dmean": 0.0289326794446, "dmean2": 0.0578719526529, "dvar": 0.0280973613262, "dvar2": 0.0622735545039, "max": 1, "mean": 0.0848519355059, "median": 0, "min": 0, "var": 0.0776546597481}, "spectral_centroid": {"dmean": 81.396270752, "dmean2": 122.489692688, "dvar": 32276.4960938, "dvar2": 56525.0976562, "max": 11722.0771484, "mean": 570.310424805, "median": 380.191864014, "min": 140.402053833, "var": 1270505.125}, "spectral_complexity": {"dmean": 1.36484789848, "dmean2": 2.1683754921, "dvar": 2.36050605774, "dvar2": 4.7134680748, "max": 36, "mean": 8.63109302521, "median": 8, "min": 0, "var": 18.5752296448}, "spectral_contrast_coeffs": {"dmean": [0.044010438025, 0.0373117439449, 0.0303412955254, 0.0281559061259, 0.0244443882257, 0.0191135033965], "dmean2": [0.0740186199546, 0.0599487610161, 0.047549713403, 0.0444978252053, 0.0374723672867, 0.0274971611798], "dvar": [0.0013561459491, 0.00112850964069, 0.000710669264663, 0.000606055837125, 0.000507316552103, 0.000322688894812], "dvar2": [0.00373544520698, 0.00273131066933, 0.00164577004034, 0.00140082405414, 0.00105428392999, 0.000660224759486], "max": [-0.272716015577, -0.396792858839, -0.454070568085, -0.539820611477, -0.551274955273, -0.605183124542], "mean": [-0.577749788761, -0.675940454006, -0.749412178993, -0.759862244129, -0.756334543228, -0.757005035877], "median": [-0.580490291119, -0.68062722683, -0.752296507359, -0.762162446976, -0.757651925087, -0.756040215492], "min": [-0.980243325233, -0.97826731205, -0.975941777229, -0.972036778927, -0.967960715294, -0.964679002762], "var": [0.00988001562655, 0.00705139432102, 0.0039461767301, 0.00318869389594, 0.00304329162464, 0.00259643187746]}, "spectral_contrast_valleys": {"dmean": [0.391387939453, 0.281830489635, 0.288627654314, 0.292463093996, 0.314191401005, 0.350717872381], "dmean2": [0.653565704823, 0.448586702347, 0.45284178853, 0.45474332571, 0.474691033363, 0.540005862713], "dvar": [0.138812348247, 0.0847576260567, 0.0852470695972, 0.0950953215361, 0.119921058416, 0.172510772943], "dvar2": [0.319766104221, 0.164336889982, 0.169494211674, 0.190495625138, 0.250066131353, 0.382048130035], "max": [-5.74533128738, -4.99564170837, -5.29654932022, -6.20162582397, -6.56192970276, -7.79696846008], "mean": [-7.68725967407, -7.38446903229, -8.78836154938, -9.48369121552, -9.78563022614, -12.4109745026], "median": [-7.36814975739, -7.10809326172, -8.5309047699, -9.21803283691, -9.59202575684, -12.4310092926], "min": [-28.6736507416, -28.0875930786, -27.6525592804, -27.6414356232, -27.5878696442, -27.4231891632], "var": [5.01090478897, 5.13266563416, 4.72373867035, 4.53690338135, 4.30000638962, 3.29081273079]}, "spectral_decrease": {"dmean": 1.40284950323e-09, "dmean2": 2.08529504775e-09, "dvar": 4.15946861124e-18, "dvar2": 8.0876873017e-18, "max": 1.58457944512e-28, "mean": -5.60534019201e-09, "median": -4.06988931445e-09, "min": -4.61495659465e-08, "var": 2.62540790221e-17}, "spectral_energy": {"dmean": 0.00544357486069, "dmean2": 0.00807562097907, "dvar": 6.34404059383e-05, "dvar2": 0.000122422512504, "max": 0.183350861073, "mean": 0.0218234527856, "median": 0.0157364681363, "min": 9.59176504773e-21, "var": 0.000404346210416}, "spectral_energyband_high": {"dmean": 3.1694136851e-05, "dmean2": 4.42891287094e-05, "dvar": 2.67573785351e-08, "dvar2": 4.65368223956e-08, "max": 0.0107111372054, "mean": 6.25518587185e-05, "median": 1.1406134945e-05, "min": 6.74904174262e-21, "var": 7.57468043844e-08}, "spectral_energyband_low": {"dmean": 0.00233037187718, "dmean2": 0.00371246575378, "dvar": 1.26744034787e-05, "dvar2": 3.09743300022e-05, "max": 0.0629156529903, "mean": 0.0072281556204, "median": 0.00489991763607, "min": 6.57170280083e-24, "var": 5.43320638826e-05}, "spectral_energyband_middle_high": {"dmean": 0.000377529417165, "dmean2": 0.000514091516379, "dvar": 1.58148475293e-06, "dvar2": 2.69129554908e-06, "max": 0.0480761788785, "mean": 0.00107227812987, "median": 0.000295952078886, "min": 1.17704691161e-21, "var": 7.23935409042e-06}, "spectral_energyband_middle_low": {"dmean": 0.00436340086162, "dmean2": 0.00657036527991, "dvar": 4.74601074529e-05, "dvar2": 9.69663451542e-05, "max": 0.14260199666, "mean": 0.0148823540658, "median": 0.00824102107435, "min": 1.71741468793e-22, "var": 0.000275128724752}, "spectral_entropy": {"dmean": 0.212397098541, "dmean2": 0.329987853765, "dvar": 0.0510136336088, "dvar2": 0.113633096218, "max": 9.82098197937, "mean": 6.42257976532, "median": 6.37295341492, "min": 4.82025194168, "var": 0.379960656166}, "spectral_flux": {"dmean": 0.0181379262358, "dmean2": 0.0288200620562, "dvar": 0.000469686550787, "dvar2": 0.00109688506927, "max": 0.325509905815, "mean": 0.0517454780638, "median": 0.0414112508297, "min": 6.25448026703e-11, "var": 0.00152470625471}, "spectral_kurtosis": {"dmean": 5.98740243912, "dmean2": 10.0644664764, "dvar": 36.8716201782, "dvar2": 98.3739547729, "max": 84.186126709, "mean": 14.655254364, "median": 11.8631534576, "min": -1.29260265827, "var": 108.79775238}, "spectral_rms": {"dmean": 0.000555605336558, "dmean2": 0.000821903173346, "dvar": 4.19303432864e-07, "dvar2": 7.72528039761e-07, "max": 0.0133745614439, "mean": 0.00415186909959, "median": 0.00391824590042, "min": 3.05905539615e-12, "var": 4.05316404795e-06}, "spectral_rolloff": {"dmean": 94.9281158447, "dmean2": 162.74760437, "dvar": 157263.484375, "dvar2": 312723.59375, "max": 19466.015625, "mean": 645.337097168, "median": 366.064453125, "min": 43.06640625, "var": 4061668.75}, "spectral_skewness": {"dmean": 0.498573929071, "dmean2": 0.814802229404, "dvar": 0.209716036916, "dvar2": 0.541703999043, "max": 7.67349100113, "mean": 2.7875020504, "median": 2.68418121338, "min": -0.102199099958, "var": 0.967094182968}, "spectral_spread": {"dmean": 487762.53125, "dmean2": 775369.125, "dvar": 585931292672, "