{"lowlevel": {"average_loudness": 0.877917706966, "barkbands": {"dmean": [2.36887735809e-05, 0.00219940743409, 0.000591875344981, 0.000595182413235, 0.000718693132512, 0.000535877712537, 0.00050571578322, 0.000402212172048, 0.00107535580173, 0.00027516137925, 0.000239754735958, 0.000365217798389, 0.000427992345067, 0.000258322717855, 0.000212556667975, 0.000151439468027, 0.000155181798618, 0.000128676765598, 0.000270395132247, 0.00039057576214, 0.000173023625393, 0.00022585442639, 0.000133451118018, 8.54181707837e-05, 5.99517479714e-05, 1.91275248653e-05, 3.5615116758e-06], "dmean2": [4.01816105295e-05, 0.00339286890812, 0.000956165953539, 0.00100027117878, 0.00113875593524, 0.00088820559904, 0.00077411957318, 0.000580400286708, 0.00150222866796, 0.000398130621761, 0.00036689042463, 0.000518450338859, 0.00062775722472, 0.000379216508009, 0.000331185932737, 0.000232950260397, 0.000247426069109, 0.000193534477148, 0.000402973062592, 0.000579294748604, 0.000254021433648, 0.000317888654536, 0.000183767042472, 0.000120774813695, 7.98191977083e-05, 2.3981436243e-05, 4.49227263744e-06], "dvar": [1.75199943442e-09, 2.3194377718e-05, 1.71691215201e-06, 1.43023066812e-06, 1.32026150368e-06, 1.44406430991e-06, 1.92859261006e-06, 1.38150960538e-06, 5.54758344151e-06, 6.06220567079e-07, 8.75387286214e-07, 1.41894054195e-06, 1.13775422506e-06, 6.76777005992e-07, 2.47813119358e-07, 9.92587061432e-08, 2.0899111064e-07, 8.32376514381e-08, 2.42205686618e-07, 5.80818948492e-07, 9.17126570243e-08, 1.72026787482e-07, 5.54954731058e-08, 4.02904341001e-08, 1.15715721449e-08, 8.93993046258e-10, 3.69093262897e-11], "dvar2": [4.7814818771e-09, 5.44871072634e-05, 4.39823543275e-06, 3.75210493075e-06, 3.28692021867e-06, 4.00277849621e-06, 4.48015498478e-06, 2.64117056759e-06, 1.01368450487e-05, 1.09112852442e-06, 1.92048605641e-06, 2.52249310506e-06, 2.2947870093e-06, 1.36665005357e-06, 5.75710430439e-07, 2.18524007778e-07, 5.39614518402e-07, 1.84213618581e-07, 5.07195522914e-07, 1.10068253889e-06, 1.8039899885e-07, 2.83497882947e-07, 1.02082125863e-07, 7.90333203327e-08, 2.19652207534e-08, 1.69224767532e-09, 6.80778419748e-11], "max": [0.00076219625771, 0.0690273866057, 0.0248320698738, 0.0367759503424, 0.0179409887642, 0.0162234194577, 0.0307257436216, 0.0350142493844, 0.0451751537621, 0.0318718776107, 0.0418029427528, 0.0432752594352, 0.0264671165496, 0.0202588159591, 0.0105108991265, 0.00852314289659, 0.0158807579428, 0.00689832447097, 0.0091361599043, 0.0184350498021, 0.00675101205707, 0.0125020239502, 0.00641550030559, 0.00509644439444, 0.00278234062716, 0.000499704096001, 0.00010537874914], "mean": [3.63100152754e-05, 0.00398572999984, 0.000997169874609, 0.000909489637706, 0.00147690507583, 0.000856021302752, 0.000830883334856, 0.000650103203952, 0.00357198691927, 0.000473885942483, 0.000369568530004, 0.000595141260419, 0.000953860930167, 0.000454156572232, 0.000375084608095, 0.000267719646217, 0.000258558138739, 0.000242056194111, 0.000666074047331, 0.00109439471271, 0.000458333466668, 0.000700477918144, 0.000364863692084, 0.000167320788023, 0.000115503338748, 3.43965584761e-05, 5.26832263859e-06], "median": [2.0332807253e-05, 0.00147977727465, 0.000358730438165, 0.000316719000693, 0.000842735986225, 0.000366129504982, 0.000133607740281, 7.11624088581e-05, 0.000246399897151, 4.3143183575e-05, 6.34317402728e-05, 5.26500916749e-05, 0.000192448220332, 7.42511765566e-05, 9.29957823246e-05, 0.000118159718113, 0.000112133893708, 8.53155652294e-05, 0.00027269840939, 0.00041275244439, 0.000225994634093, 0.00030295731267, 0.000167573831277, 9.18337682378e-05, 6.22229927103e-05, 1.88048761629e-05, 2.0447055249e-06], "min": [1.57556269814e-24, 1.10923483154e-23, 6.40129504024e-24, 3.83212771652e-24, 1.95297458113e-23, 6.18921522901e-23, 1.25541470159e-23, 3.30565062585e-23, 5.32783276305e-23, 4.58398236782e-23, 3.68266523848e-23, 6.50313327546e-23, 6.60381464616e-23, 9.97360881439e-23, 1.53582458735e-22, 1.11250062103e-22, 2.30169947419e-22, 2.57907281345e-22, 2.97468744094e-22, 4.07305394647e-22, 3.88049691225e-22, 4.51113024281e-22, 5.94524251292e-22, 7.45548882184e-22, 1.16787239617e-21, 1.43576885277e-21, 2.38872696266e-21], "var": [3.29844973557e-09, 4.5130323997e-05, 3.19995046993e-06, 2.89904505735e-06, 3.29423073708e-06, 1.92753896044e-06, 4.0596942199e-06, 3.54582675755e-06, 5.65558329981e-05, 2.34144749811e-06, 1.70705800429e-06, 4.0694371819e-06, 4.31833177572e-06, 1.72776083218e-06, 6.2610263285e-07, 2.06616050491e-07, 2.83283725366e-07, 2.0326713468e-07, 1.0674287978e-06, 3.21149309457e-06, 4.49573917649e-07, 1.40284066674e-06, 3.14272000423e-07, 8.50212913406e-08, 2.65643542718e-08, 2.04493177947e-09, 6.82069192792e-11]}, "barkbands_crest": {"dmean": 2.46325397491, "dmean2": 3.81725025177, "dvar": 5.94692230225, "dvar2": 13.9799032211, "max": 26.9479408264, "mean": 10.7059898376, "median": 9.57347106934, "min": 2.53443408012, "var": 23.0762615204}, "barkbands_flatness_db": {"dmean": 0.0198127459735, "dmean2": 0.0276452042162, "dvar": 0.000398368603783, "dvar2": 0.000814440660179, "max": 0.652006924152, "mean": 0.120150752366, "median": 0.114908635616, "min": 0.0261620562524, "var": 0.00234164204448}, "barkbands_kurtosis": {"dmean": 10.0853872299, "dmean2": 13.3620157242, "dvar": 72944.796875, "dvar2": 139405.140625, "max": 20798.1054688, "mean": 11.0776586533, "median": 0.0904769897461, "min": -1.94313848019, "var": 99691.2109375}, "barkbands_skewness": {"dmean": 0.532986223698, "dmean2": 0.758986771107, "dvar": 2.51252532005, "dvar2": 4.64118480682, "max": 129.337554932, "mean": 1.26052474976, "median": 0.956801056862, "min": -3.11182570457, "var": 7.8763628006}, "barkbands_spread": {"dmean": 7.34402894974, "dmean2": 10.7008857727, "dvar": 66.0033721924, "dvar2": 141.707733154, "max": 115.943367004, "mean": 35.4645690918, "median": 32.7743911743, "min": 0.0184073168784, "var": 319.532196045}, "dissonance": {"dmean": 0.0163317304105, "dmean2": 0.0272511988878, "dvar": 0.000284630252281, "dvar2": 0.000769112375565, "max": 0.499999970198, "mean": 0.463978886604, "median": 0.471373796463, "min": 0.302691668272, "var": 0.000720221956726}, "dynamic_complexity": 4.22047138214, "erbbands": {"dmean": [0.045387275517, 0.554903864861, 0.81637018919, 1.09320676327, 2.92950296402, 2.1496720314, 2.81348323822, 4.96866798401, 7.09296512604, 5.45549345016, 13.7934093475, 26.967710495, 8.74902153015, 9.17727470398, 11.7296915054, 13.0501785278, 18.3904819489, 12.627117157, 9.27628707886, 10.1413192749, 8.27395248413, 7.63407659531, 6.78736114502, 10.4446678162, 14.1205053329, 18.9368610382, 6.41334676743, 7.62224054337, 9.09613132477, 6.42191362381, 3.07428121567, 1.79582130909, 1.41646170616, 0.760809421539, 0.399448752403, 0.120955988765, 0.0280749369413, 0.00704023521394, 0.000555388105568, 1.3832028344e-05], "dmean2": [0.0710809081793, 0.850790679455, 1.29193091393, 1.80833649635, 4.79201602936, 3.40706276894, 4.49569559097, 8.31531715393, 10.7825708389, 8.14192199707, 18.9303607941, 37.0311203003, 12.0735025406, 13.31346035, 16.7005233765, 18.7577590942, 26.7629241943, 18.2245845795, 13.9937582016, 15.585144043, 12.5487747192, 12.0170345306, 10.3042154312, 15.2533826828, 20.5294952393, 27.8990688324, 9.51055908203, 11.1487579346, 12.758190155, 8.8694229126, 4.2970123291, 2.56460976601, 2.00251483917, 1.04320263863, 0.533326983452, 0.156509965658, 0.0354641638696, 0.00858456082642, 0.000698153686244, 1.64292669069e-05], "dvar": [0.0115020386875, 1.4354364872, 2.70885920525, 5.20175361633, 30.6151504517, 12.7948789597, 26.876077652, 139.840118408, 401.876342773, 226.186920166, 1054.24621582, 3873.05639648, 482.865905762, 777.799072266, 1850.94287109, 1380.70117188, 2077.47412109, 1687.48657227, 636.273498535, 539.89855957, 250.183761597, 433.323455811, 304.107269287, 455.305175781, 835.425231934, 1393.36022949, 107.400726318, 211.070892334, 301.885406494, 124.549491882, 27.2182826996, 15.9579229355, 12.5004339218, 2.63800120354, 0.403113901615, 0.0360636785626, 0.0020529422909, 0.000123892576084, 9.85662040875e-07, 3.23221838183e-10], "dvar2": [0.02676076442, 3.41379976273, 7.27153921127, 13.0701246262, 77.0084533691, 31.2426567078, 68.8413696289, 390.297912598, 924.472839355, 493.220245361, 1884.41833496, 6855.59130859, 788.856689453, 1675.52612305, 3676.87988281, 2932.54370117, 4292.19433594, 3216.62402344, 1399.11352539, 1230.81286621, 508.757385254, 1133.00463867, 699.717834473, 925.559509277, 1676.57299805, 2662.80810547, 215.610687256, 419.378753662, 486.797119141, 217.00088501, 53.0643615723, 33.1858520508, 24.3549060822, 5.08539533615, 0.788907170296, 0.0695948898792, 0.00387885654345, 0.000212213315535, 1.85931151009e-06, 5.32668742448e-10], "max": [1.89725720882, 16.9879398346, 27.7167949677, 70.7903823853, 90.7796554565, 83.0480804443, 76.6502380371, 148.181793213, 491.800262451, 396.679016113, 955.958679199, 1136.35925293, 703.471008301, 853.535095215, 1485.94555664, 848.542907715, 1385.55151367, 1058.24926758, 543.884277344, 489.771209717, 450.770111084, 598.105834961, 456.845550537, 556.366455078, 597.793762207, 911.065856934, 274.382965088, 382.593780518, 582.264221191, 274.323394775, 120.104141235, 133.259262085, 105.309677124, 46.5996742249, 12.3559103012, 3.76580619812, 0.865179240704, 0.178105637431, 0.0166211351752, 0.000288703944534], "mean": [0.078912332654, 1.00212085247, 1.53860151768, 1.80887103081, 5.26557588577, 4.29645776749, 5.31935882568, 7.44071388245, 11.764799118, 10.2183189392, 34.5030860901, 84.7927246094, 17.7719497681, 16.2543144226, 21.4559459686, 24.1890392303, 43.0888442993, 24.4682483673, 18.1124267578, 19.4824771881, 16.3231830597, 14.278963089, 13.4276924133, 30.2980575562, 35.9949569702, 54.1319007874, 18.0657901764, 19.9340419769, 29.3023548126, 19.6578540802, 8.23332309723, 3.74428153038, 2.63594484329, 1.42365658283, 0.750068128109, 0.222079187632, 0.0505048185587, 0.0116436081007, 0.000824614136945, 4.41770534962e-05], "median": [0.0219988115132, 0.38121265173, 0.704484581947, 0.825315177441, 1.93310236931, 2.3031244278, 2.87983465195, 3.00232362747, 1.95100879669, 2.62732696533, 4.70536327362, 6.58566999435, 4.14524841309, 4.39887714386, 4.52899885178, 6.13699769974, 10.0590953827, 5.51578903198, 4.65902233124, 6.0005865097, 8.22547912598, 7.13605308533, 6.78741073608, 10.4108982086, 18.2788925171, 19.1220054626, 10.6172828674, 9.4296131134, 12.0615129471, 9.04629993439, 4.36259698868, 2.17114114761, 1.41576433182, 0.749837338924, 0.405873388052, 0.121619701385, 0.0273427702487, 0.00553687708452, 0.000328033056576, 4.20959477196e-05], "min": [1.06573013081e-22, 3.42518366435e-21, 1.09862421187e-20, 1.39477643925e-20, 2.35167028096e-20, 6.42784024063e-20, 3.58011213738e-19, 5.06152230412e-19, 2.00131864337e-19, 6.6156923115e-19, 6.97863589983e-19, 1.36603511829e-18, 1.07487260915e-18, 2.16347290095e-18, 2.05871874818e-18, 2.32809363018e-18, 2.92077184779e-18, 5.00773777992e-18, 6.51084158539e-18, 8.452364764e-18, 7.23972294908e-18, 1.45828534009e-17, 1.45756072987e-17, 1.23780498003e-17, 1.50824142426e-17, 1.54115196298e-17, 1.62574243027e-17, 1.53894570685e-17, 1.95660309477e-17, 1.46312434667e-17, 1.88100523879e-17, 1.43217720385e-17, 1.37298506912e-17, 1.17000396306e-17, 7.8112261702e-18, 5.63932781432e-18, 2.38136178688e-18, 1.21883739771e-18, 3.26509461826e-19, 3.35772643916e-20], "var": [0.0219968296587, 2.81369757652, 5.25282669067, 9.21384334564, 84.5364151001, 31.6172504425, 50.9911155701, 166.716644287, 841.333129883, 569.14831543, 5003.33203125, 33622.3867188, 1925.15075684, 1618.47802734, 4669.38818359, 3192.00024414, 8100.14355469, 4703.00683594, 1620.05639648, 1233.38256836, 642.223022461, 584.587646484, 576.734741211, 2819.8762207, 3106.92919922, 7972.21289062, 524.086547852, 997.051208496, 2679.18237305, 841.24597168, 129.777374268, 34.6984710693, 24.4373531342, 5.50699853897, 0.947098433971, 0.0827807188034, 0.00455375155434, 0.000265705253696, 1.73091575562e-06, 1.03832731302e-09]}, "erbbands_crest": {"dmean": 2.26810121536, "dmean2": 3.48816227913, "dvar": 4.88370990753, "dvar2": 10.9760322571, "max": 27.5957336426, "mean": 9.7081451416, "median": 8.72510147095, "min": 2.41305446625, "var": 21.6263618469}, "erbbands_flatness_db": {"dmean": 0.015157463029, "dmean2": 0.0197053551674, "dvar": 0.000212883271161, "dvar2": 0.00036026869202, "max": 0.317879855633, "mean": 0.146100997925, "median": 0.142458945513, "min": 0.0335470959544, "var": 0.00196667481214}, "erbbands_kurtosis": {"dmean": 0.739471554756, "dmean2": 1.1107916832, "dvar": 1.338768363, "dvar2": 2.86377835274, "max": 22.6114425659, "mean": 0.0474184937775, "median": -0.618741989136, "min": -1.80107033253, "var": 4.35773038864}, "erbbands_skewness": {"dmean": 0.321171045303, "dmean2": 0.450866252184, "dvar": 0.102351561189, "dvar2": 0.202386543155, "max": 3.64796185493, "mean": -0.12493917346, "median": -0.0755512788892, "min": -4.42131519318, "var": 0.83438616991}, "erbbands_spread": {"dmean": 8.39983940125, "dmean2": 12.4451494217, "dvar": 91.2598495483, "dvar2": 204.142196655, "max": 143.07963562, "mean": 49.8295021057, "median": 46.7529525757, "min": 5.35745429993, "var": 459.013641357}, "gfcc": {"cov": [[17275.2070312, -314.634765625, -1196.63366699, -271.284301758, -597.832641602, 132.496734619, 48.1910514832, 246.2159729, 54.0411453247, 169.448043823, -163.021820068, -112.489677429, -211.150268555], [-314.634765625, 714.059997559, 154.735855103, 52.7361488342, 170.868637085, -30.9261341095, -24.0045261383, -24.1134109497, 61.9512863159, -57.0090637207, 25.5504722595, 24.405122757, 16.1080932617], [-1196.63366699, 154.735855103, 861.978210449, 438.388549805, 305.116729736, 64.8273773193, -37.9106941223, -2.79709219933, 15.259601593, -46.1630859375, 30.6549987793, 134.520645142, 2.9167072773], [-271.284301758, 52.7361488342, 438.388549805, 735.675170898, 274.649383545, 37.424446106, 88.451789856, -63.5090370178, 37.5116729736, -55.4688262939, 37.7094306946, 138.76473999, -80.0446548462], [-597.832641602, 170.868637085, 305.116729736, 274.649383545, 342.88369751, 71.8997421265, 6.85984563828, -10.7246580124, 29.2907409668, -18.5267848969, 16.8152980804, 47.7896575928, -24.3046760559], [132.496734619, -30.9261341095, 64.8273773193, 37.424446106, 71.8997421265, 200.046951294, 141.006454468, 24.6700325012, 7.84492588043, 22.4477329254, 26.1015300751, -0.607479453087, -39.7557640076], [48.1910514832, -24.0045261383, -37.9106941223, 88.451789856, 6.85984563828, 141.006454468, 288.138031006, 27.5952587128, 2.04885077477, 19.278553009, 54.5157775879, 30.9256210327, -74.3049545288], [246.2159729, -24.1134109497, -2.79709219933, -63.5090370178, -10.7246580124, 24.6700325012, 27.5952587128, 144.647079468, 77.4119338989, 41.8791313171, -12.5415782928, -28.4328556061, 42.0557174683], [54.0411453247, 61.9512863159, 15.259601593, 37.5116729736, 29.2907409668, 7.84492588043, 2.04885077477, 77.4119338989, 178.262832642, 59.0061607361, -25.4681034088, -24.6329650879, 24.2404727936], [169.448043823, -57.0090637207, -46.1630859375, -55.4688262939, -18.5267848969, 22.4477329254, 19.278553009, 41.8791313171, 59.0061607361, 115.47605896, 22.6773014069, -29.3944549561, 19.8945236206], [-163.021820068, 25.5504722595, 30.6549987793, 37.7094306946, 16.8152980804, 26.1015300751, 54.5157775879, -12.5415782928, -25.4681034088, 22.6773014069, 124.570098877, 78.4681625366, -24.5531845093], [-112.489677429, 24.405122757, 134.520645142, 138.76473999, 47.7896575928, -0.607479453087, 30.9256210327, -28.4328556061, -24.6329650879, -29.3944549561, 78.4681625366, 173.682601929, -5.63006496429], [-211.150268555, 16.1080932617, 2.9167072773, -80.0446548462, -24.3046760559, -39.7557640076, -74.3049545288, 42.0557174683, 24.2404727936, 19.8945236206, -24.5531845093, -5.63006496429, 160.943237305]], "icov": [[9.08772053663e-05, -0.00013158164802, 0.000212211205508, -0.000208412966458, 0.000254923361354, -0.000344324740581, 0.000321183761116, -0.000402110541472, 0.000280274165561, -0.00035472214222, 0.00037748075556, -0.000296597572742, 0.000280546373688], [-0.00013158164802, 0.0024546450004, -0.000694686779752, 0.00122849771287, -0.00187508575618, 0.00175406539347, -0.00139437010512, 0.00187802512664, -0.00253716716543, 0.00289325043559, -0.00228429748677, 0.00133178965189, -0.00105651002377], [0.000212211205508, -0.000694686779752, 0.00291046127677, -0.00172273057979, -0.000108345782792, -0.00214590621181, 0.00223531899974, -0.00216098432429, 0.00154719897546, -0.00114821083844, 0.0013452070998, -0.001937543042, 0.000535000232048], [-0.000208412966458, 0.00122849771287, -0.00172273057979, 0.00405392656103, -0.00268704118207, 0.00268487096764, -0.00287446496077, 0.00306620029733, -0.00292682601139, 0.00231021340005, -0.00100691604894, -2.60111046373e-05, -0.000219111650949], [0.000254923361354, -0.00187508575618, -0.000108345782792, -0.00268704118207, 0.00719390716404, -0.00408691726625, 0.002904843539, -0.00191985908896, 0.00151772762183, -0.00200647069141, 0.00149722211063, -0.000923802959733, 0.00132285244763], [-0.000344324740581, 0.00175406539347, -0.00214590621181, 0.00268487096764, -0.00408691726625, 0.0118632856756, -0.00700925523415, 0.00225724186748, -0.00197935872711, 0.00157443841454, -0.00242472905666, 0.00288209342398, -0.000931325019337], [0.000321183761116, -0.00139437010512, 0.00223531899974, -0.00287446496077, 0.002904843539, -0.00700925523415, 0.00936223287135, -0.00440677441657, 0.0025682002306, -0.00244275061414, 0.000759916729294, -0.00253130844794, 0.00321452831849], [-0.000402110541472, 0.00187802512664, -0.00216098432429, 0.00306620029733, -0.00191985908896, 0.00225724186748, -0.00440677441657, 0.0141411367804, -0.00716597028077, 0.0026386261452, -0.00274720834568, 0.0028713750653, -0.00417898688465], [0.000280274165561, -0.00253716716543, 0.00154719897546, -0.00292682601139, 0.00151772762183, -0.00197935872711, 0.0025682002306, -0.00716597028077, 0.0127933304757, -0.00830767024308, 0.00585698988289, -0.00255485810339, 0.00184065429494], [-0.00035472214222, 0.00289325043559, -0.00114821083844, 0.00231021340005, -0.00200647069141, 0.00157443841454, -0.00244275061414, 0.0026386261452, -0.00830767024308, 0.0184226091951, -0.00979459937662, 0.00607902929187, -0.00362411653623], [0.00037748075556, -0.00228429748677, 0.0013452070998, -0.00100691604894, 0.00149722211063, -0.00242472905666, 0.000759916729294, -0.00274720834568, 0.00585698988289, -0.00979459937662, 0.0185120142996, -0.0097478274256, 0.00370629830286], [-0.000296597572742, 0.00133178965189, -0.001937543042, -2.60111046373e-05, -0.000923802959733, 0.00288209342398, -0.00253130844794, 0.0028713750653, -0.00255485810339, 0.00607902929187, -0.0097478274256, 0.0130501901731, -0.00324402982369], [0.000280546373688, -0.00105651002377, 0.000535000232048, -0.000219111650949, 0.00132285244763, -0.000931325019337, 0.00321452831849, -0.00417898688465, 0.00184065429494, -0.00362411653623, 0.00370629830286, -0.00324402982369, 0.0097370184958]], "mean": [-8.64082145691, 47.8309707642, -111.847648621, 48.2997398376, -65.8684387207, 15.8184719086, -29.974653244, 7.37239408493, -25.8970394135, 6.97101736069, -17.8012390137, 0.731085300446, -14.6463451385]}, "hfc": {"dmean": 6.28579092026, "dmean2": 7.97843122482, "dvar": 61.4856643677, "dvar2": 98.6135940552, "max": 124.695137024, "mean": 29.0341815948, "median": 26.0589599609, "min": 1.13536560948e-16, "var": 505.74432373}, "melbands": {"dmean": [0.00053643505089, 0.000541338114999, 0.000254903687164, 0.000176840752829, 9.33157571126e-05, 0.000107546096842, 0.000108550710138, 6.16675097262e-05, 0.000143058030517, 0.000155897199875, 4.28509738413e-05, 4.00254284614e-05, 3.77968681278e-05, 4.38376628153e-05, 4.06461731473e-05, 3.50436857843e-05, 2.54669666901e-05, 1.70989460457e-05, 1.61950756592e-05, 1.05587814687e-05, 1.08643589556e-05, 8.0901054389e-06, 9.00836221263e-06, 5.46556429981e-06, 9.44213297771e-06, 9.00305258256e-06, 1.61646203196e-05, 1.19590977192e-05, 5.41873578186e-06, 2.61810168922e-06, 5.88874672758e-06, 4.63468950329e-06, 5.95540450377e-06, 3.86324018109e-06, 1.90252887933e-06, 1.15639761589e-06, 1.19540459309e-06, 1.12795805762e-06, 8.05543322713e-07, 6.3379201265e-07], "dmean2": [0.000829778437037, 0.000829365919344, 0.00041675826651, 0.000284632202238, 0.000147143451613, 0.0001790690294, 0.000164093566127, 9.09977898118e-05, 0.000195543456357, 0.000215254112845, 6.03570224484e-05, 5.80890373385e-05, 5.48764946871e-05, 6.17755576968e-05, 5.90531235503e-05, 5.13770683028e-05, 3.74820047e-05, 2.59608241322e-05, 2.47680472967e-05, 1.63318854902e-05, 1.66188219737e-05, 1.29173249661e-05, 1.42455783134e-05, 8.20491004561e-06, 1.39343283081e-05, 1.3465880329e-05, 2.3868829885e-05, 1.78453828994e-05, 8.1609668996e-06, 4.03784542868e-06, 8.67032758833e-06, 6.6723373493e-06, 8.48427862365e-06, 5.4645538512e-06, 2.73086516245e-06, 1.65809831287e-06, 1.75677291736e-06, 1.63790389252e-06, 1.14038277843e-06, 8.86589020865e-07], "dvar": [1.46257445977e-06, 1.12195982638e-06, 2.30170158488e-07, 8.61286792997e-08, 2.57335397436e-08, 6.18731590407e-08, 9.02231249711e-08, 2.64972097597e-08, 1.00645145551e-07, 1.25307551002e-07, 1.4064419851e-08, 1.38218201329e-08, 2.14096829154e-08, 2.16393338803e-08, 1.02584705175e-08, 1.00638857248e-08, 7.44045491885e-09, 2.35422925599e-09, 1.55636370458e-09, 6.13576744968e-10, 4.48016429511e-10, 3.72754493938e-10, 1.07880049338e-09, 2.10893913444e-10, 4.14795447989e-10, 2.81404927138e-10, 1.10970899136e-09, 6.02362160151e-10, 9.85357698213e-11, 1.87247682637e-11, 1.473868666e-10, 6.33457938881e-11, 1.57639123977e-10, 6.37463068442e-11, 1.15850289431e-11, 4.96795530061e-12, 7.84969051565e-12, 7.5052021889e-12, 5.02308958317e-12, 1.45381070463e-12], "dvar2": [3.35372828886e-06, 2.9189018278e-06, 5.89658895933e-07, 2.17842341499e-07, 6.46183977437e-08, 1.71675353045e-07, 2.06783312251e-07, 5.61835911128e-08, 1.75575706862e-07, 2.23234167152e-07, 2.27783871765e-08, 2.85496337682e-08, 4.5675829341e-08, 3.86679417375e-08, 2.01621208618e-08, 2.11016644158e-08, 1.474677358e-08, 5.03420460873e-09, 3.54987528262e-09, 1.39444589209e-09, 9.2649993233e-10, 9.61625890028e-10, 2.80322254298e-09, 4.37600733427e-10, 8.43804137673e-10, 5.79737313711e-10, 2.09068784507e-09, 1.19160448175e-09, 1.99041658155e-10, 4.40917059807e-11, 2.91106888595e-10, 1.10497784533e-10, 2.52823123548e-10, 1.15826646885e-10, 2.2806815464e-11, 1.07592016893e-11, 1.65795085993e-11, 1.53654276802e-11, 9.88984588668e-12, 2.86481862538e-12], "max": [0.0189803168178, 0.0175690930337, 0.0122472485527, 0.00463085714728, 0.00230272253975, 0.00320009002462, 0.00717428093776, 0.00360923912376, 0.00842534564435, 0.0069343210198, 0.00397324888036, 0.00339099578559, 0.00656172912568, 0.00494502857327, 0.00271978648379, 0.00335362716578, 0.00224548531696, 0.0011700282339, 0.000714606721886, 0.000707422906999, 0.000502938870341, 0.000445756479166, 0.0011980405543, 0.000456196081359, 0.000541169545613, 0.000363688159268, 0.000917830620892, 0.000683191523422, 0.000284839246888, 8.27928670333e-05, 0.000286270631477, 0.000240468289121, 0.000369226501789, 0.000229205106734, 7.93616563897e-05, 6.83244870743e-05, 8.55503094499e-05, 7.0995905844e-05, 7.63170100981e-05, 2.81464872387e-05], "mean": [0.000953391252551, 0.00103872921318, 0.000457573478343, 0.000344754313119, 0.00018918394926, 0.000165016608662, 0.000179361333721, 0.00011084399739, 0.000413645844674, 0.00047806170187, 7.61200863053e-05, 6.73731265124e-05, 6.47755296086e-05, 7.0876609243e-05, 9.40364698181e-05, 7.1651142207e-05, 4.40919247922e-05, 2.93703142233e-05, 2.86899648927e-05, 1.88355097634e-05, 1.96342261916e-05, 1.37382403409e-05, 1.53390665218e-05, 1.02147469079e-05, 2.65055496129e-05, 2.13287348743e-05, 3.96896830352e-05, 3.32126292051e-05, 1.32078685056e-05, 5.53456720809e-06, 1.44622954394e-05, 1.36350372486e-05, 1.81242139661e-05, 9.85244423646e-06, 4.64389449917e-06, 2.50697780757e-06, 2.22099129132e-06, 1.98014367925e-06, 1.43502143146e-06, 1.1239513924e-06], "median": [0.000326957320794, 0.000518821529113, 0.000196399618289, 0.000179094611667, 0.000107242281956, 6.82043319102e-05, 2.8362554076e-05, 1.90918290173e-05, 3.81790850952e-05, 3.45355656464e-05, 7.42215979699e-06, 1.33570711114e-05, 1.28601768665e-05, 6.26452765573e-06, 1.91738836293e-05, 1.57535650942e-05, 6.81182973494e-06, 6.54145515e-06, 6.92615958542e-06, 7.19060699339e-06, 9.04236367205e-06, 5.90613808527e-06, 6.71662746754e-06, 3.44723844137e-06, 6.92561980031e-06, 1.01039295259e-05, 1.37578099384e-05, 1.06072511699e-05, 6.19795355306e-06, 3.50553523276e-06, 5.45544116903e-06, 6.35601145405e-06, 5.98385531703e-06, 3.6638380152e-06, 2.34866138271e-06, 1.55023531079e-06, 1.07525056592e-06, 1.02575063465e-06, 7.01696706074e-07, 5.75450769702e-07], "min": [2.18604913649e-24, 6.18493060989e-24, 2.44050884324e-24, 4.18900365688e-24, 1.17201309236e-23, 1.15741616794e-23, 2.89039444255e-24, 9.48355485166e-24, 6.64903167993e-24, 7.75460840568e-24, 5.28968628958e-24, 8.91626840863e-24, 5.90892474523e-24, 7.83758000683e-24, 5.92399396068e-24, 6.56082283123e-24, 9.37024918212e-24, 1.01829352644e-23, 1.05643936883e-23, 7.99660332127e-24, 8.94645732662e-24, 1.15229417297e-23, 1.81605735807e-23, 7.83358915951e-24, 9.52183906025e-24, 8.32011202306e-24, 1.06934032119e-23, 7.80567452752e-24, 7.30861327114e-24, 9.08070567547e-24, 8.65578022684e-24, 1.05316109956e-23, 8.41123965711e-24, 7.90520826338e-24, 1.02044120025e-23, 7.59889751818e-24, 9.25844392602e-24, 1.00454249757e-23, 8.31084369629e-24, 1.0137589173e-23], "var": [2.82856899503e-06, 2.22534868044e-06, 5.48958439595e-07, 2.05584953505e-07, 5.51698633444e-08, 7.7602273052e-08, 1.91262444105e-07, 6.71234019478e-08, 7.48367313008e-07, 1.04259288491e-06, 5.47553291597e-08, 3.23124034196e-08, 4.41792984418e-08, 6.04680749916e-08, 4.37208313997e-08, 2.91498878369e-08, 1.83114536867e-08, 5.46741762975e-09, 3.93638721619e-09, 1.16816800677e-09, 1.0846592513e-09, 5.32407951059e-10, 1.33648980771e-09, 5.10283260091e-10, 2.59976018491e-09, 9.9235397677e-10, 4.73020023151e-09, 3.42952510834e-09, 4.36098629431e-10, 4.20310591887e-11, 6.92882751174e-10, 4.74903338876e-10, 1.29635724377e-09, 3.36573574566e-10, 5.08008739242e-11, 1.21794622998e-11, 1.55682931824e-11, 1.40435423707e-11, 9.12077878501e-12, 3.07954768457e-12]}, "melbands_crest": {"dmean": 2.92913913727, "dmean2": 4.56728887558, "dvar": 7.27780818939, "dvar2": 17.3812046051, "max": 39.9567604065, "mean": 14.2769126892, "median": 13.7581453323, "min": 1.80557894707, "var": 26.4037494659}, "melbands_flatness_db": {"dmean": 0.0237502008677, "dmean2": 0.0338857322931, "dvar": 0.000615369179286, "dvar2": 0.00130635243841, "max": 0.659415483475, "mean": 0.167269587517, "median": 0.158852100372, "min": 0.00661686062813, "var": 0.00357036222704}, "melbands_kurtosis": {"dmean": 17.1083660126, "dmean2": 30.1206474304, "dvar": 150320.609375, "dvar2": 405468.5, "max": 24808.625, "mean": 26.7103900909, "median": 5.90849161148, "min": -1.82489907742, "var": 186600.46875}, "melbands_skewness": {"dmean": 0.782518208027, "dmean2": 1.16739201546, "dvar": 4.01774835587, "dvar2": 9.82028770447, "max": 133.553390503, "mean": 2.90233588219, "median": 2.22488832474, "min": -1.09811413288, "var": 11.8742809296}, "melbands_spread": {"dmean": 10.3149814606, "dmean2": 15.2119531631, "dvar": 176.226257324, "dvar2": 371.718109131, "max": 232.83996582, "mean": 39.7644309998, "median": 32.2802124023, "min": 0.0240305289626, "var": 857.08380127}, "mfcc": {"cov": [[10676.1367188, 496.694946289, -424.574371338, -121.978218079, -347.4659729, 51.7984771729, -92.0984344482, -59.4036903381, -0.796269178391, 186.363388062, 103.544639587, -18.6749534607, 43.3125], [496.694946289, 804.546264648, 25.0685710907, -20.348323822, 112.510246277, -43.2535629272, -23.3117027283, 2.11355662346, 28.6467132568, -63.6949310303, -36.171043396, 48.8038215637, -8.22443389893], [-424.574371338, 25.0685710907, 514.955200195, 306.762115479, 176.103103638, 103.692687988, 47.8703575134, 119.804901123, 8.97653388977, -70.85206604, 16.9532356262, 50.7559432983, 24.247341156], [-121.978218079, -20.348323822, 306.762115479, 652.90222168, 206.552383423, 189.772781372, 11.8841152191, 176.96005249, -51.9983406067, -72.4143829346, 55.6804618835, 39.031047821, 36.3639793396], [-347.4659729, 112.510246277, 176.103103638, 206.552383423, 359.349395752, 45.9318771362, -31.2492485046, 23.276468277, 64.0560455322, -18.9321174622, -20.5345344543, 39.112285614, -29.7175235748], [51.7984771729, -43.2535629272, 103.692687988, 189.772781372, 45.9318771362, 247.306518555, 99.6634979248, 108.345443726, -25.0600452423, 17.1334629059, 86.4075546265, 20.3574924469, 11.7098417282], [-92.0984344482, -23.3117027283, 47.8703575134, 11.8841152191, -31.2492485046, 99.6634979248, 209.672195435, 83.9145736694, -32.9499702454, -6.18317317963, 44.9797286987, 13.5817556381, 22.2887840271], [-59.4036903381, 2.11355662346, 119.804901123, 176.96005249, 23.276468277, 108.345443726, 83.9145736694, 220.41696167, -28.9758930206, -51.4762496948, 69.0707778931, 38.4964141846, 24.4324798584], [-0.796269178391, 28.6467132568, 8.97653388977, -51.9983406067, 64.0560455322, -25.0600452423, -32.9499702454, -28.9758930206, 182.580932617, 86.9561004639, -40.7641372681, 9.51452636719, -5.71751689911], [186.363388062, -63.6949310303, -70.85206604, -72.4143829346, -18.9321174622, 17.1334629059, -6.18317317963, -51.4762496948, 86.9561004639, 195.743240356, 46.0905418396, -9.94895458221, -5.17681217194], [103.544639587, -36.171043396, 16.9532356262, 55.6804618835, -20.5345344543, 86.4075546265, 44.9797286987, 69.0707778931, -40.7641372681, 46.0905418396, 170.801025391, 37.1847076416, 14.2366495132], [-18.6749534607, 48.8038215637, 50.7559432983, 39.031047821, 39.112285614, 20.3574924469, 13.5817556381, 38.4964141846, 9.51452636719, -9.94895458221, 37.1847076416, 113.325317383, 33.161239624], [43.3125, -8.22443389893, 24.247341156, 36.3639793396, -29.7175235748, 11.7098417282, 22.2887840271, 24.4324798584, -5.71751689911, -5.17681217194, 14.2366495132, 33.161239624, 110.833099365]], "icov": [[0.000108232241473, -0.00010061654757, 7.03096811776e-05, -4.8364745453e-05, 0.000137983588502, -8.16461542854e-05, 8.14917439129e-05, 1.03585298348e-05, -3.96521727453e-06, -9.63477505138e-05, -1.99989481189e-05, 6.23223377261e-06, -2.63247147814e-05], [-0.00010061654757, 0.00149846333079, 2.45566534431e-05, 0.000249822362093, -0.000612205185462, 0.000210541198612, -5.34566315764e-05, -8.37551124278e-05, -0.000212851766264, 0.000643667997792, 4.31250809925e-05, -0.000511631253175, 7.26203215891e-05], [7.03096811776e-05, 2.45566534431e-05, 0.00322022801265, -0.00108140858356, -0.000704565492924, -9.94926376734e-05, -0.000622048450168, -0.000264326634351, -0.000854094920214, 0.000940907455515, -0.000123527541291, -0.000377890857635, -0.000241565619945], [-4.8364745453e-05, 0.000249822362093, -0.00108140858356, 0.00364507990889, -0.00158528983593, -0.00183403037954, 0.00164213590324, -0.00181192951277, 0.00141093169805, -5.50311851839e-05, 0.000379271717975, 0.000517109117936, -0.00121723790653], [0.000137983588502, -0.000612205185462, -0.000704565492924, -0.00158528983593, 0.0050858403556, -0.000458637165138, 0.000328045600327, 0.00104765011929, -0.0019587802235, 0.000437885144493, 0.000256565748714, -0.00138394662645, 0.00199063983746], [-8.16461542854e-05, 0.000210541198612, -9.94926376734e-05, -0.00183403037954, -0.000458637165138, 0.00803837925196, -0.00304347695783, -0.00103654921986, 0.000176963614649, -0.00127394322772, -0.00193731696345, 0.000324786262354, 0.000640634738375], [8.14917439129e-05, -5.34566315764e-05, -0.000622048450168, 0.00164213590324, 0.000328045600327, -0.00304347695783, 0.00746361492202, -0.00236002495512, 0.00128506519832, -0.000526162213646, 0.000556846614927, 6.30830836599e-05, -0.00105837651063], [1.03585298348e-05, -8.37551124278e-05, -0.000264326634351, -0.00181192951277, 0.00104765011929, -0.00103654921986, -0.00236002495512, 0.00899981334805, -0.00224655703641, 0.00337145291269, -0.00307715963572, -0.000727200007532, 0.000177549460204], [-3.96521727453e-06, -0.000212851766264, -0.000854094920214, 0.00141093169805, -0.0019587802235, 0.000176963614649, 0.00128506519832, -0.00224655703641, 0.0107375336811, -0.00653943279758, 0.00453879870474, -0.00159044319298, -0.000456090259831], [-9.63477505138e-05, 0.000643667997792, 0.000940907455515, -5.50311851839e-05, 0.000437885144493, -0.00127394322772, -0.000526162213646, 0.00337145291269, -0.00653943279758, 0.0109755685553, -0.0052640568465, 0.00157093477901, -0.000106320738269], [-1.99989481189e-05, 4.31250809925e-05, -0.000123527541291, 0.000379271717975, 0.000256565748714, -0.00193731696345, 0.000556846614927, -0.00307715963572, 0.00453879870474, -0.0052640568465, 0.0110982432961, -0.00344547466375, 0.000347005377989], [6.23223377261e-06, -0.000511631253175, -0.000377890857635, 0.000517109117936, -0.00138394662645, 0.000324786262354, 6.30830836599e-05, -0.000727200007532, -0.00159044319298, 0.00157093477901, -0.00344547466375, 0.0121466135606, -0.00358551926911], [-2.63247147814e-05, 7.26203215891e-05, -0.000241565619945, -0.00121723790653, 0.00199063983746, 0.000640634738375, -0.00105837651063, 0.000177549460204, -0.000456090259831, -0.000106320738269, 0.000347005377989, -0.00358551926911, 0.0111299557611]], "mean": [-648.429016113, 72.0330581665, 9.68163776398, 32.5416145325, -4.58753442764, 12.6412401199, 2.18445658684, 2.40254449844, -1.60804653168, 4.36454057693, 2.08137798309, -3.19972443581, 3.0421807766]}, "pitch_salience": {"dmean": 0.065360404551, "dmean2": 0.100988589227, "dvar": 0.00391694204882, "dvar2": 0.00926345121115, "max": 0.82895886898, "mean": 0.495436966419, "median": 0.491838991642, "min": 0.0103899315, "var": 0.0155420163646}, "silence_rate_20dB": {"dmean": 0, "dmean2": 0, "dvar": 0, "dvar2": 0, "max": 1, "mean": 1, "median": 1, "min": 1, "var": 0}, "silence_rate_30dB": {"dmean": 0, "dmean2": 0, "dvar": 0, "dvar2": 0, "max": 1, "mean": 1, "median": 1, "min": 1, "var": 0}, "silence_rate_60dB": {"dmean": 0.0258356202394, "dmean2": 0.051679585129, "dvar": 0.0251675620675, "dvar2": 0.0577336251736, "max": 1, "mean": 0.0815305113792, "median": 0, "min": 0, "var": 0.0748852565885}, "spectral_centroid": {"dmean": 288.06350708, "dmean2": 419.016235352, "dvar": 99922.75, "dvar2": 200858.9375, "max": 11260.5507812, "mean": 2156.34716797, "median": 2121.58496094, "min": 174.815872192, "var": 693362.375}, "spectral_complexity": {"dmean": 3.10770225525, "dmean2": 4.48643398285, "dvar": 16.4754085541, "dvar2": 28.0584850311, "max": 50, "mean": 14.7026157379, "median": 14, "min": 0, "var": 79.0319747925}, "spectral_contrast_coeffs": {"dmean": [0.0486251078546, 0.0465820990503, 0.0407468192279, 0.0306211318821, 0.0244176220149, 0.0186687801033], "dmean2": [0.0798091217875, 0.0731353163719, 0.0616609342396, 0.0475229360163, 0.0366717502475, 0.0273628477007], "dvar": [0.00161721790209, 0.0016025226796, 0.0012579850154, 0.000752895779442, 0.000497055705637, 0.000273430690868], "dvar2": [0.00414403853938, 0.00349229341373, 0.00263782613911, 0.00157560687512, 0.000933561066631, 0.000521094538271], "max": [-0.279311299324, -0.362629890442, -0.408464193344, -0.518456935883, -0.477865129709, -0.526693701744], "mean": [-0.658336043358, -0.682688355446, -0.730767905712, -0.750937283039, -0.743634462357, -0.738566756248], "median": [-0.665695250034, -0.696269750595, -0.747550964355, -0.759149193764, -0.748195052147, -0.742902934551], "min": [-0.959386348724, -0.958322405815, -0.973235249519, -0.966848731041, -0.965461313725, -0.959406256676], "var": [0.00784601457417, 0.0107447393239, 0.00950728356838, 0.00584042770788, 0.0054146614857, 0.00275642587803]}, "spectral_contrast_valleys": {"dmean": [0.415910214186, 0.384211480618, 0.347396552563, 0.296127945185, 0.248500823975, 0.326418608427], "dmean2": [0.676901876926, 0.599182665348, 0.529910564423, 0.442382544279, 0.353213965893, 0.373858422041], "dvar": [0.152145877481, 0.138151362538, 0.137112528086, 0.109202638268, 0.0839162766933, 0.121287539601], "dvar2": [0.337878376245, 0.278728753328, 0.258250385523, 0.204835921526, 0.149227887392, 0.195248067379], "max": [-5.6183757782, -5.06067895889, -5.71447610855, -6.1325802803, -5.89546346664, -7.59508180618], "mean": [-7.84758329391, -7.66644525528, -8.18908882141, -8.29898643494, -7.73156785965, -9.83378982544], "median": [-7.53178119659, -7.58724784851, -8.08888339996, -8.13013267517, -7.5385928154, -9.56148719788], "min": [-27.5238647461, -27.2560367584, -27.8544101715, -27.4994621277, -27.1795692444, -27.2316703796], "var": [1.89262390137, 1.87214303017, 1.75682723522, 1.68559682369, 1.62723660469, 1.67420268059]}, "spectral_decrease": {"dmean": 1.17654985754e-09, "dmean2": 1.70195912919e-09, "dvar": 2.31010327903e-18, "dvar2": 4.93817974862e-18, "max": 4.48107323867e-29, "mean": -4.84278572799e-09, "median": -4.77868056237e-09, "min": -2.49409719544e-08, "var": 9.59364653465e-18}, "spectral_energy": {"dmean": 0.00476700859144, "dmean2": 0.00677628256381, "dvar": 3.58470169886e-05, "dvar2": 7.40759278415e-05, "max": 0.0968844667077, "mean": 0.0209112539887, "median": 0.0211071819067, "min": 1.08079434992e-20, "var": 0.000167866470292}, "spectral_energyband_high": {"dmean": 0.000643400941044, "dmean2": 0.000853550154716, "dvar": 8.14870645627e-07, "dvar2": 1.46208560636e-06, "max": 0.0169772356749, "mean": 0.0022206059657, "median": 0.00147824548185, "min": 7.6234710087e-21, "var": 5.55709448236e-06}, "spectral_energyband_low": {"dmean": 0.00264709442854, "dmean2": 0.0040481495671, "dvar": 2.77621093119e-05, "dvar2": 6.69267683406e-05, "max": 0.0798282697797, "mean": 0.00527133466676, "median": 0.00265863607638, "min": 2.83239782268e-23, "var": 5.8539044403e-05}, "spectral_energyband_middle_high": {"dmean": 0.00153955817223, "dmean2": 0.00208222796209, "dvar": 5.32620197191e-06, "dvar2": 9.1223491836e-06, "max": 0.0490139462054, "mean": 0.00537860998884, "median": 0.00386889977381, "min": 1.78524256415e-21, "var": 3.0791205063e-05}, "spectral_energyband_middle_low": {"dmean": 0.00251360656694, "dmean2": 0.00371924508363, "dvar": 1.09230959424e-05, "dvar2": 2.3018943466e-05, "max": 0.0458221174777, "mean": 0.00836588162929, "median": 0.00542961759493, "min": 2.58857953399e-22, "var": 6.72820970067e-05}, "spectral_entropy": {"dmean": 0.15806928277, "dmean2": 0.204783678055, "dvar": 0.0253230258822, "dvar2": 0.0437099784613, "max": 9.81995487213, "mean": 7.65872526169, "median": 7.6838722229, "min": 6.03492927551, "var": 0.161784395576}, "spectral_flux": {"dmean": 0.0216379929334, "dmean2": 0.0343511253595, "dvar": 0.000483070180053, "dvar2": 0.00118314020801, "max": 0.228660002351, "mean": 0.0696868374944, "median": 0.0650084540248, "min": 6.97294375018e-11, "var": 0.00143377541099}, "spectral_kurtosis": {"dmean": 0.678083896637, "dmean2": 1.126308918, "dvar": 0.460191398859, "dvar2": 1.20119690895, "max": 11.4005422592, "mean": 2.21138548851, "median": 2.03267526627, "min": -1.20451879501, "var": 1.28360545635}, "spectral_rms": {"dmean": 0.000530166667886, "dmean2": 0.000734013039619, "dvar": 3.85483417631e-07, "dvar2": 7.03345051534e-07, "max": 0.00972221326083, "mean": 0.00420236168429, "median": 0.00453788228333, "min": 3.24720415487e-12, "var": 2.74146373158e-06}, "spectral_rolloff": {"dmean": 701.311828613, "dmean2": 1147.43688965, "dvar": 1148094.25, "dvar2": 2391063.75, "max": 19121.484375, "mean": 2782.80200195, "median": 2670.1171875, "min": 21.533203125, "var": 3848850.75}, "spectral_skewness": {"dmean": 0.130446001887, "dmean2": 0.199619218707, "dvar": 0.015551853925, "dvar2": 0.0345919318497, "max": 2.57513999939, "mean": 1.04440641403, "median": 1.03134846687, "min": -0.129744946957, "var": 0.087222635746}, "spectral_spread": {"dmean": 500794.3125, "dmean2": 689612.25, "dvar": 428577423360, "dvar2": 794502365184, "max": 40355868, "mean": 5526468, "median": 5260930.5, "min": 2653702.25, "var": 1818030374910.0}, "spectral_strongpeak": {"dmean": 0.833116233349, "dmean2": 1.43837726116, 