{"lowlevel": {"average_loudness": 0.78478628397, "barkbands": {"dmean": [1.12276511572e-05, 0.000153647459229, 0.000326287467033, 0.000665072468109, 0.000812477839645, 0.000573401455767, 0.00119585532229, 0.000347188208252, 0.0003347909078, 0.000170777755557, 0.000230987934629, 0.000130595770315, 0.00015233369777, 0.000157783681061, 0.000162120471941, 0.000175627545104, 0.000252196157817, 0.00023308195523, 0.000286494905595, 0.000349784240825, 0.000238275446463, 0.000121040138765, 0.000117059891636, 7.24142955733e-05, 2.95893150906e-05, 7.12995370122e-06, 2.98724813774e-07], "dmean2": [1.67225480254e-05, 0.000254437880358, 0.000511285266839, 0.00104486860801, 0.00130013667513, 0.000874408870004, 0.00178420834709, 0.000532748235855, 0.000493922969326, 0.000268227275228, 0.000352340372046, 0.000206262309803, 0.000239175424213, 0.00025464722421, 0.000254699989455, 0.000275311234873, 0.00039249175461, 0.000359776226105, 0.000435910624219, 0.000524480361491, 0.000362695835065, 0.000173978987732, 0.000170255923877, 0.000104455037217, 3.92452238884e-05, 9.45530518948e-06, 4.35955797684e-07], "dvar": [4.52420101382e-10, 7.35869605251e-08, 4.59051449297e-07, 1.43527108776e-06, 1.36913581628e-06, 1.07778589609e-06, 5.99095392317e-06, 7.34432035188e-07, 8.36824312955e-07, 1.28047844328e-07, 3.5184848457e-07, 1.03627591841e-07, 1.32432560918e-07, 1.46405241708e-07, 1.13267894619e-07, 1.54238591676e-07, 1.77917101496e-07, 1.58900078873e-07, 2.66657593784e-07, 5.94504228957e-07, 3.0693769304e-07, 5.95251208324e-08, 8.88326781023e-08, 4.45522267967e-08, 3.92965837648e-09, 1.96866897784e-10, 6.31466070839e-13], "dvar2": [9.09371578039e-10, 1.92059573578e-07, 1.02027956927e-06, 3.31177534463e-06, 3.52704978468e-06, 2.40627991843e-06, 1.39409321491e-05, 1.7189800019e-06, 1.62365688539e-06, 3.14098485887e-07, 8.09813514024e-07, 2.28429527738e-07, 3.24111880445e-07, 3.74482965526e-07, 2.6381823659e-07, 4.06753628113e-07, 4.21657858851e-07, 3.8186166762e-07, 6.5014609163e-07, 1.28131546262e-06, 7.84033147738e-07, 1.23424939602e-07, 1.89765643199e-07, 1.02017608583e-07, 7.75213049309e-09, 3.71361358331e-10, 1.40760753747e-12], "max": [0.000686468556523, 0.00477929227054, 0.0210100263357, 0.0286195427179, 0.0222549494356, 0.0279824603349, 0.0432487763464, 0.0232144668698, 0.0257666446269, 0.00787618197501, 0.00987976137549, 0.00958886835724, 0.00773094315082, 0.0103697292507, 0.00852801464498, 0.010460675694, 0.00639430852607, 0.00761026982218, 0.00982710812241, 0.0315436050296, 0.0196118950844, 0.00776883028448, 0.00984340626746, 0.00732672680169, 0.00253878370859, 0.000239962464548, 3.76600328309e-05], "mean": [1.57490685524e-05, 0.000216855783947, 0.000525878451299, 0.00118773838039, 0.00160759408027, 0.00116553751286, 0.00212104292586, 0.000597658741754, 0.000594631943386, 0.000278996536508, 0.000357180775609, 0.000209985417314, 0.000244608760113, 0.000248520780588, 0.000258968939306, 0.000275633268757, 0.000396491959691, 0.000421600328991, 0.000564771413337, 0.000808681827039, 0.000552165263798, 0.000252820318565, 0.000253274571151, 0.000141238910146, 5.27423471794e-05, 1.15655802801e-05, 4.73759314445e-07], "median": [4.1448133743e-06, 0.000113170899567, 0.000241938731051, 0.000560234591831, 0.00106243113987, 0.000545906834304, 0.000739062728826, 0.00019024037465, 0.000147582963109, 0.000113642629003, 7.36557558412e-05, 8.66555201355e-05, 9.3055969046e-05, 9.12969990168e-05, 0.000103970844066, 0.000115008369903, 0.000187615107279, 0.000203654839424, 0.000284423615085, 0.000262946035946, 0.000153310509631, 0.000104125771031, 8.66120972205e-05, 4.12008048443e-05, 1.68205697264e-05, 3.19487276101e-06, 9.86914017176e-08], "min": [2.40727561242e-25, 2.43615748649e-24, 7.37400106411e-25, 1.15384968834e-24, 9.93309276052e-24, 8.37422630344e-24, 3.8931054812e-24, 7.98457398133e-24, 1.53254343086e-23, 1.07825776263e-23, 1.51675832414e-23, 2.27554927161e-23, 2.48523907095e-23, 4.05837759953e-23, 2.41743915827e-23, 4.58283094644e-23, 5.89490574032e-23, 9.19869560106e-23, 1.15544431544e-22, 1.48168752467e-22, 2.334818758e-22, 3.25241848129e-22, 3.49159580661e-22, 5.67930879274e-22, 8.74662617444e-22, 1.36645572186e-21, 1.87084020752e-21], "var": [1.18032994489e-09, 9.67069979652e-08, 1.05702213204e-06, 3.85195698982e-06, 3.43945521308e-06, 3.8851158024e-06, 1.45095809785e-05, 1.6915158767e-06, 2.66867050414e-06, 2.65708365532e-07, 7.30770011614e-07, 1.8634128196e-07, 2.41863972406e-07, 3.00874233972e-07, 2.23495206342e-07, 2.90830229233e-07, 3.12547570047e-07, 3.75275163833e-07, 6.69649693918e-07, 2.67944642474e-06, 1.58257478233e-06, 1.92667386045e-07, 3.14864649908e-07, 1.05730286748e-07, 9.47211464819e-09, 4.19293905152e-10, 1.77754545024e-12]}, "barkbands_crest": {"dmean": 2.31865215302, "dmean2": 3.65282797813, "dvar": 4.75376033783, "dvar2": 11.3674755096, "max": 25.6148605347, "mean": 8.46696853638, "median": 7.47476673126, "min": 2.30371570587, "var": 15.5004787445}, "barkbands_flatness_db": {"dmean": 0.0172169487923, "dmean2": 0.024750245735, "dvar": 0.000253559584962, "dvar2": 0.000528058095369, "max": 0.381966888905, "mean": 0.103779219091, "median": 0.0989353135228, "min": 0.0303784199059, "var": 0.00122352666222}, "barkbands_kurtosis": {"dmean": 1.55925035477, "dmean2": 2.38538265228, "dvar": 28.8810081482, "dvar2": 81.4519042969, "max": 290.131011963, "mean": 1.07536458969, "median": -0.270869761705, "min": -1.91141366959, "var": 27.4059143066}, "barkbands_skewness": {"dmean": 0.485565245152, "dmean2": 0.703669011593, "dvar": 0.250746369362, "dvar2": 0.537128925323, "max": 14.3670845032, "mean": 0.81492805481, "median": 0.820750951767, "min": -3.71972084045, "var": 1.33580636978}, "barkbands_spread": {"dmean": 6.58935880661, "dmean2": 9.7841835022, "dvar": 45.0155906677, "dvar2": 97.4573364258, "max": 88.6431274414, "mean": 32.1825523376, "median": 31.1119861603, "min": 1.14717781544, "var": 190.611190796}, "dissonance": {"dmean": 0.0116231134161, "dmean2": 0.0190717522055, "dvar": 0.000138182353112, "dvar2": 0.000364911422366, "max": 0.500000059605, "mean": 0.475537180901, "median": 0.479732453823, "min": 0.2857465446, "var": 0.000358339952072}, "dynamic_complexity": 3.80606365204, "erbbands": {"dmean": [0.00471531087533, 0.0375708527863, 0.265309423208, 1.51221930981, 1.96935009956, 3.49339175224, 3.79705762863, 4.75316810608, 13.9116039276, 13.1116828918, 9.00535488129, 6.27138137817, 5.08361959457, 8.99443721771, 5.97140932083, 5.45148038864, 6.87235164642, 7.19697856903, 7.66656684875, 6.91970300674, 12.0215129852, 12.8691520691, 13.5470972061, 11.7261400223, 16.0441627502, 15.122833252, 11.6450967789, 7.61256599426, 4.62648773193, 3.54231190681, 3.51031112671, 2.0398542881, 0.968497753143, 0.418211936951, 0.170799747109, 0.0492592528462, 0.0101878968999, 0.000942811137065, 5.65636364627e-05, 7.02330362401e-06], "dmean2": [0.00783150270581, 0.0618925616145, 0.411839097738, 2.34159016609, 3.1895210743, 5.6112742424, 5.90334129333, 7.25449991226, 21.1203193665, 19.2925109863, 13.5507049561, 9.29387664795, 7.93063020706, 13.749753952, 9.11810398102, 8.54874134064, 10.82351017, 11.4753599167, 11.9418392181, 10.6075649261, 18.7529220581, 19.8021659851, 21.0034389496, 18.0008525848, 23.7869873047, 22.4727611542, 17.9307727814, 11.3554601669, 6.67826843262, 5.05284690857, 5.14028930664, 2.97673630714, 1.37157690525, 0.566869020462, 0.228044256568, 0.0644761249423, 0.0136709148064, 0.0012967614457, 8.03752991487e-05, 9.57337852014e-06], "dvar": [7.70397527958e-05, 0.00426662713289, 0.258199900389, 9.01736831665, 8.2775554657, 30.0672264099, 41.2921714783, 103.903770447, 839.551513672, 789.204589844, 514.215637207, 246.653167725, 125.508216858, 478.896789551, 202.668991089, 175.576828003, 270.173736572, 368.587768555, 215.17616272, 147.10043335, 683.233093262, 463.661132813, 605.201049805, 399.387023926, 994.97833252, 1153.9420166, 1044.29943848, 277.421020508, 87.4646606445, 62.229598999, 89.8903503418, 42.1164398193, 5.65487766266, 0.856009483337, 0.137244135141, 0.00948521774262, 0.000415208924096, 3.85247449231e-06, 1.97737879404e-08, 1.14975050314e-10], "dvar2": [0.000202666706173, 0.0109706576914, 0.554037749767, 20.9600791931, 21.1103229523, 79.4495849609, 96.3835220337, 230.979141235, 2119.63061523, 1679.4387207, 1188.20959473, 488.529632568, 302.43447876, 1093.97680664, 467.98815918, 376.256713867, 674.931945801, 941.638122559, 516.453918457, 346.186553955, 1785.44116211, 1090.77624512, 1484.01550293, 972.817810059, 2182.28173828, 2507.45849609, 2615.73168945, 693.120605469, 191.279678345, 126.764900208, 200.420944214, 96.7355575562, 12.341088295, 1.6859306097, 0.291467964649, 0.0178285781294, 0.0008233297267, 8.18435728434e-06, 4.42727028371e-08, 2.29555333076e-10], "max": [0.10813433677, 1.23400378227, 19.7936553955, 74.4928665161, 66.9697265625, 99.1204681396, 124.111160278, 357.614868164, 651.335876465, 500.74697876, 634.972167969, 409.082122803, 310.548797607, 511.309997559, 313.97756958, 445.1456604, 358.225067139, 606.668457031, 272.366638184, 273.318878174, 722.093078613, 346.789550781, 520.782592773, 361.036773682, 744.827148438, 1451.92932129, 1318.76123047, 674.336975098, 337.726501465, 264.142944336, 298.459381104, 229.325241089, 75.8653182983, 45.014213562, 9.44920921326, 1.53229606152, 0.392737597227, 0.0377257019281, 0.00653600087389, 0.00061886489857], "mean": [0.00610288884491, 0.055340372026, 0.459875077009, 2.80637741089, 3.69702100754, 6.3642206192, 7.63562726974, 9.75844478607, 25.3556308746, 23.7700519562, 16.4171409607, 11.8213844299, 8.78105163574, 14.5046300888, 10.0845632553, 9.3651342392, 11.6321058273, 12.3770723343, 12.9456443787, 12.2592754364, 19.7300510406, 21.3929748535, 24.6444549561, 23.4161548615, 35.2791252136, 36.0347633362, 27.0688209534, 17.6327495575, 9.77724170685, 7.4781794548, 7.37809896469, 3.96139454842, 1.92180943489, 0.76688015461, 0.290893703699, 0.0830083340406, 0.0156237948686, 0.00142290128861, 9.96271483018e-05, 2.38162192545e-05], "median": [0.00269659725018, 0.0302542932332, 0.238924100995, 1.34919655323, 2.46292161942, 3.74021077156, 4.17133760452, 4.24632978439, 9.71889019012, 8.97451877594, 5.53778457642, 3.72462916374, 3.57451963425, 4.95154905319, 3.57186150551, 4.25145292282, 5.02190494537, 5.29010105133, 6.00492763519, 5.94000482559, 8.32161808014, 10.8142337799, 11.4575901031, 12.1561508179, 16.3181991577, 11.9441843033, 7.65401363373, 5.04050397873, 3.86094641685, 3.28603291512, 2.30351901054, 1.15551936626, 0.518863499165, 0.234814658761, 0.0975924432278, 0.0245760064572, 0.00408957339823, 0.000337821256835, 3.26288900396e-05, 1.857278221e-05], "min": [7.99862422514e-23, 6.45210318879e-22, 7.37741708821e-22, 6.1191134139e-21, 1.14233279086e-20, 2.46204670927e-20, 4.41030924499e-20, 6.35576566741e-20, 4.92686350425e-20, 1.68819317065e-19, 2.47530334488e-19, 4.11990823315e-19, 4.12087939489e-19, 5.41185138811e-19, 7.09774990804e-19, 1.35552868374e-18, 1.50507342591e-18, 2.05192201188e-18, 3.12004275928e-18, 2.63498652962e-18, 3.92407823791e-18, 4.66419230073e-18, 5.95442076197e-18, 7.14798944633e-18, 6.64609306017e-18, 7.48958195209e-18, 9.15117521729e-18, 9.72103813925e-18, 9.60773672921e-18, 1.13092671016e-17, 9.03477518867e-18, 9.59957907401e-18, 8.83627831144e-18, 8.69904904782e-18, 6.18787760062e-18, 3.94346156121e-18, 2.29309168935e-18, 9.40935317572e-19, 2.30579904472e-19, 2.76660281703e-20], "var": [9.38718221732e-05, 0.00617375876755, 0.657195270061, 22.1091499329, 18.2592391968, 70.8195877075, 120.901954651, 394.039886475, 2128.72070313, 1868.00415039, 1370.59082031, 770.892700195, 235.164932251, 990.148742676, 455.791290283, 315.615570068, 492.024536133, 802.062438965, 432.209655762, 329.217407227, 1326.48144531, 825.744262695, 1410.52453613, 1002.480896, 3378.66918945, 5442.85986328, 4570.06835938, 1475.91271973, 309.283538818, 168.822921753, 308.848602295, 93.144203186, 18.9513149261, 2.31308698654, 0.254042893648, 0.0204355977476, 0.000799398752861, 7.54915527068e-06, 5.57964767722e-08, 6.5211197553e-10]}, "erbbands_crest": {"dmean": 2.24439477921, "dmean2": 3.60658931732, "dvar": 4.67908382416, "dvar2": 11.4186878204, "max": 29.0243911743, "mean": 8.06308937073, "median": 7.17705917358, "min": 2.52735447884, "var": 13.7971744537}, "erbbands_flatness_db": {"dmean": 0.0145112061873, "dmean2": 0.0213686432689, "dvar": 0.000179146707524, "dvar2": 0.000381657067919, "max": 0.368187367916, "mean": 0.157371580601, "median": 0.154186204076, "min": 0.0293207187206, "var": 0.00106869172305}, "erbbands_kurtosis": {"dmean": 0.845217823982, "dmean2": 1.30632174015, "dvar": 1.54284918308, "dvar2": 3.23974919319, "max": 23.86977005, "mean": 0.0873458385468, "median": -0.599735081196, "min": -1.87976062298, "var": 5.10944747925}, "erbbands_skewness": {"dmean": 0.385475873947, "dmean2": 0.560442507267, "dvar": 0.130132362247, "dvar2": 0.270310521126, "max": 3.92431116104, "mean": -0.24956266582, "median": -0.238146781921, "min": -3.950766325, "var": 0.815214514732}, "erbbands_spread": {"dmean": 8.1468629837, "dmean2": 12.4691371918, "dvar": 57.0759506226, "dvar2": 127.294960022, "max": 111.063331604, "mean": 44.9822463989, "median": 44.2911491394, "min": 4.61200284958, "var": 238.443710327}, "gfcc": {"cov": [[28741.1816406, 1671.00964355, -1933.06396484, 1141.81628418, -1301.94897461, -42.7998085022, -874.79107666, 94.8882217407, -734.785766602, -258.437042236, -520.258483887, -148.242141724, -382.556091309], [1671.00964355, 1059.78771973, -151.515808105, -106.035774231, 68.6012496948, -92.5315093994, -26.5313663483, -45.2631988525, -0.561262726784, -97.9413299561, 50.4410095215, -44.2127609253, -65.4801483154], [-1933.06396484, -151.515808105, 663.629394531, 11.5823745728, 145.152572632, 62.7754516602, 19.6856517792, -5.71020030975, 19.3056201935, 38.8089561462, 0.887694358826, 48.8176689148, 24.0691814423], [1141.81628418, -106.035774231, 11.5823745728, 393.784301758, -37.9723625183, 32.0676956177, -33.125164032, -0.62938451767, -28.505865097, -41.2538032532, -30.1872940063, -45.2847061157, 20.849521637], [-1301.94897461, 68.6012496948, 145.152572632, -37.9723625183, 325.661346436, -1.56414663792, 21.4560966492, 17.8345336914, 26.7239017487, -11.0775537491, -11.5296707153, 17.0044250488, 20.5151958466], [-42.7998085022, -92.5315093994, 62.7754516602, 32.0676956177, -1.56414663792, 166.097106934, 40.295627594, 4.84510278702, -10.8139343262, -1.17734384537, 0.603960096836, 4.6050567627, -3.59060740471], [-874.79107666, -26.5313663483, 19.6856517792, -33.125164032, 21.4560966492, 40.295627594, 192.256134033, 25.4240055084, 27.403585434, 2.30047893524, 39.4327735901, -26.0278949738, -4.61742973328], [94.8882217407, -45.2631988525, -5.71020030975, -0.62938451767, 17.8345336914, 4.84510278702, 25.4240055084, 96.5406112671, 12.912902832, 15.1346387863, -10.9824371338, 1.775603652, -3.60469484329], [-734.785766602, -0.561262726784, 19.3056201935, -28.505865097, 26.7239017487, -10.8139343262, 27.403585434, 12.912902832, 111.040237427, 30.9383049011, 38.2858276367, 5.615193367, 12.4849901199], [-258.437042236, -97.9413299561, 38.8089561462, -41.2538032532, -11.0775537491, -1.17734384537, 2.30047893524, 15.1346387863, 30.9383049011, 121.938018799, 24.3801956177, 21.3023757935, 9.22745227814], [-520.258483887, 50.4410095215, 0.887694358826, -30.1872940063, -11.5296707153, 0.603960096836, 39.4327735901, -10.9824371338, 38.2858276367, 24.3801956177, 106.396110535, 15.696190834, 3.93350887299], [-148.242141724, -44.2127609253, 48.8176689148, -45.2847061157, 17.0044250488, 4.6050567627, -26.0278949738, 1.775603652, 5.615193367, 21.3023757935, 15.696190834, 101.078216553, 32.4164009094], [-382.556091309, -65.4801483154, 24.0691814423, 20.849521637, 20.5151958466, -3.59060740471, -4.61742973328, -3.60469484329, 12.4849901199, 9.22745227814, 3.93350887299, 32.4164009094, 69.4415969849]], "icov": [[0.000150636551552, -0.000342034210917, 0.000298431172268, -0.000497620028909, 0.000440050673205, -0.000174127868377, 0.000310689298203, -0.000363117957022, 0.000508203462232, -0.000345029664459, 0.000601078674663, -0.000508369819727, 0.000573853903916], [-0.000342034210917, 0.00211414787918, -0.000460929761175, 0.00145306088962, -0.00146723806392, 0.000909145106561, -0.00030829012394, 0.00116267544217, -0.001153096091, 0.00187743501738, -0.00241998303682, 0.00153222854715, -0.000267263239948], [0.000298431172268, -0.000460929761175, 0.00249703857116, -0.00121272285469, -5.66802264075e-05, -0.000868266623002, 0.000443443306722, -0.000118134754302, 0.000874575634953, -0.00122964393813, 0.00131544424221, -0.00181727891322, 0.00148322631139], [-0.000497620028909, 0.00145306088962, -0.00121272285469, 0.00498860888183, -0.00107633974403, -0.000127823164803, 7.71155755501e-05, 0.000622282153927, -0.00125729350839, 0.00237315450795, -0.00233051623218, 0.00413227826357, -0.00398619286716], [0.000440050673205, -0.00146723806392, -5.66802264075e-05, -0.00107633974403, 0.00521084805951, -0.000411746063037, 0.000493475643452, -0.00186567462515, 0.000612878764514, -0.00035661761649, 0.00282655050978, -0.00164441450033, 0.000303486012854], [-0.000174127868377, 0.000909145106561, -0.000868266623002, -0.000127823164803, -0.000411746063037, 0.00739296432585, -0.00214885757305, 0.000632597773802, 0.000231368350796, 0.000725930614863, -0.000721021031495, -0.00065007887315, 0.000837443920318], [0.000310689298203, -0.00030829012394, 0.000443443306722, 7.71155755501e-05, 0.000493475643452, -0.00214885757305, 0.00802464596927, -0.00293556437828, 0.000522876973264, 0.000393878202885, -0.00217286287807, 0.00243210443296, 0.000209734876989], [-0.000363117957022, 0.00116267544217, -0.000118134754302, 0.000622282153927, -0.00186567462515, 0.000632597773802, -0.00293556437828, 0.0130364857614, -0.00278096040711, -0.00084176659584, 0.00131891574711, -0.000515292980708, 0.000793123734184], [0.000508203462232, -0.001153096091, 0.000874575634953, -0.00125729350839, 0.000612878764514, 0.000231368350796, 0.000522876973264, -0.00278096040711, 0.0135020138696, -0.00313324597664, -0.00181971699931, -0.000416018592659, -0.000205850636121], [-0.000345029664459, 0.00187743501738, -0.00122964393813, 0.00237315450795, -0.00035661761649, 0.000725930614863, 0.000393878202885, -0.00084176659584, -0.00313324597664, 0.011759236455, -0.00381117290817, 0.00087935233023, -0.00148524076212], [0.000601078674663, -0.00241998303682, 0.00131544424221, -0.00233051623218, 0.00282655050978, -0.000721021031495, -0.00217286287807, 0.00131891574711, -0.00181971699931, -0.00381117290817, 0.0162863470614, -0.00538897514343, 0.00275158253498], [-0.000508369819727, 0.00153222854715, -0.00181727891322, 0.00413227826357, -0.00164441450033, -0.00065007887315, 0.00243210443296, -0.000515292980708, -0.000416018592659, 0.00087935233023, -0.00538897514343, 0.017077922821, -0.00908847898245], [0.000573853903916, -0.000267263239948, 0.00148322631139, -0.00398619286716, 0.000303486012854, 0.000837443920318, 0.000209734876989, 0.000793123734184, -0.000205850636121, -0.00148524076212, 0.00275158253498, -0.00908847898245, 0.0223225969821]], "mean": [-39.6875762939, 64.1589736938, -133.750915527, 48.2503433228, -78.6000671387, 0.501920342445, -47.4863853455, 3.49417734146, -27.6572093964, -0.887555956841, -14.3776865005, -4.86449813843, -13.8277425766]}, "hfc": {"dmean": 5.93167543411, "dmean2": 7.88849687576, "dvar": 65.4958877563, "dvar2": 122.897842407, "max": 329.968078613, "mean": 20.5226917267, "median": 14.0663852692, "min": 1.04534705066e-16, "var": 547.648254395}, "melbands": {"dmean": [4.08707892348e-05, 0.000103533304355, 0.000253262754995, 0.000198472669581, 0.000126482977066, 0.000109079985123, 0.000231448793784, 0.000124389116536, 7.9308723798e-05, 3.79670891562e-05, 2.52323497989e-05, 3.5326287616e-05, 2.36690102611e-05, 1.66068402905e-05, 1.43903998833e-05, 1.53024575411e-05, 1.45335734487e-05, 1.2400732885e-05, 1.36095832204e-05, 9.07457160793e-06, 1.59572809935e-05, 1.50570149344e-05, 1.26173645185e-05, 1.08875365186e-05, 1.0200908946e-05, 1.11072686195e-05, 1.45561016325e-05, 1.04265600385e-05, 8.9394452516e-06, 6.41238193566e-06, 3.96657424062e-06, 2.9138498121e-06, 2.29655893236e-06, 2.04203524845e-06, 2.21067898565e-06, 1.83020438271e-06, 1.12999180146e-06, 7.76536523972e-07, 4.7699040806e-07, 3.3022848811e-07], "dmean2": [6.72581081744e-05, 0.000162443029694, 0.000396955671022, 0.000317504105624, 0.000197978166398, 0.000166912461282, 0.00034773760126, 0.000183223382919, 0.00011913626804, 5.64497531741e-05, 3.95252645831e-05, 5.41706176591e-05, 3.61492493539e-05, 2.58680665866e-05, 2.29181023315e-05, 2.39717574004e-05, 2.33499722526e-05, 1.95728880499e-05, 2.1370666218e-05, 1.42997905641e-05, 2.51263390965e-05, 2.36438318097e-05, 1.9596393031e-05, 1.68203168869e-05, 1.60120362125e-05, 1.68354345078e-05, 2.19798039325e-05, 1.59509891091e-05, 1.40667543747e-05, 1.0038766959e-05, 5.99568511461e-06, 4.34428648077e-06, 3.37975006914e-06, 3.02835724142e-06, 3.33179582412e-06, 2.73022419606e-06, 1.69228212599e-06, 1.12395900942e-06, 6.77153593642e-07, 4.54415982176e-07], "dvar": [5.47877210266e-09, 3.76588609186e-08, 2.02655826342e-07, 8.31467730222e-08, 3.94519084068e-08, 5.10415389954e-08, 2.18063732405e-07, 7.00827555988e-08, 4.86358615603e-08, 8.0378166345e-09, 3.15996873113e-09, 7.05027103365e-09, 3.18848170089e-09, 1.86409065961e-09, 9.23715937073e-10, 1.51734391718e-09, 1.66255087475e-09, 6.26257379288e-10, 9.66371316302e-10, 3.34103106292e-10, 1.1688655599e-09, 6.90395351999e-10, 4.71880479136e-10, 3.56211726782e-10, 3.30022453809e-10, 4.29903501686e-10, 1.07045883269e-09, 6.10104855525e-10, 8.28556223631e-10, 2.8328484003e-10, 8.19991921586e-11, 3.9903084309e-11, 2.43368450392e-11, 2.206768622e-11, 3.65009932002e-11, 3.01954850013e-11, 1.35651429325e-11, 4.17091361449e-12, 1.28493548267e-12, 5.27563669833e-13], "dvar2": [1.44022695991e-08, 8.17862755298e-08, 4.76958689433e-07, 2.11594937127e-07, 9.61647614872e-08, 1.17592655613e-07, 5.31648026936e-07, 1.50697417212e-07, 1.09693182537e-07, 1.59272168787e-08, 7.66454544276e-09, 1.61559352563e-08, 7.50718953668e-09, 4.09007983038e-09, 2.29797048057e-09, 3.6949827642e-09, 4.19834478294e-09, 1.52581003388e-09, 2.24216800682e-09, 8.69362026812e-10, 3.07725533943e-09, 1.65421165654e-09, 1.12183728973e-09, 8.55926052257e-10, 8.28921487006e-10, 1.00715091822e-09, 2.3028072782e-09, 1.41498246453e-09, 1.99394567524e-09, 7.52475026733e-10, 1.97483029929e-10, 9.7669150545e-11, 4.87602666577e-11, 4.8288272686e-11, 8.63318444511e-11, 7.02898295124e-11, 3.18160185697e-11, 9.62849591724e-12, 2.74999055645e-12, 1.04982634998e-12], "max": [0.00111628323793, 0.00730441929772, 0.0106473546475, 0.00617103977129, 0.00381743814796, 0.00689572561532, 0.00916389375925, 0.0046798074618, 0.00564430234954, 0.00223661144264, 0.00154034560546, 0.00196622428484, 0.00109304115176, 0.00129814911634, 0.000791633385234, 0.000918896170333, 0.00136204925366, 0.000385041959817, 0.000824818678666, 0.000419609481469, 0.000886294757947, 0.000441127689555, 0.000349117268343, 0.00036747122067, 0.000328952941345, 0.000614221091382, 0.00102035223972, 0.00113536952995, 0.0011055606883, 0.000576197111513, 0.000432985805674, 0.00018908191123, 0.000217095264816, 0.00013298682461, 0.000208261961234, 0.000143842087709, 0.000124848913401, 7.301086589e-05, 5.23264170624e-05, 3.33188363584e-05], "mean": [5.6859524193e-05, 0.000177585869096, 0.000483385199914, 0.000373812159523, 0.000262918969383, 0.000221359878196, 0.00042202239274, 0.00022695257212, 0.000139380776091, 6.97687719367e-05, 4.13813904743e-05, 5.58523097425e-05, 3.82427642762e-05, 2.61291261268e-05, 2.34233684751e-05, 2.46687886829e-05, 2.32606580539e-05, 1.94999247469e-05, 2.10557045648e-05, 1.49145726027e-05, 2.49591212196e-05, 2.28141780099e-05, 2.18437380681e-05, 1.92391089513e-05, 1.85206172318e-05, 2.20734182221e-05, 2.99752209685e-05, 2.25263484026e-05, 1.89807997231e-05, 1.30804874061e-05, 8.66726441018e-06, 5.58211331736e-06, 4.50119341622e-06, 3.99421787733e-06, 4.41142628915e-06, 3.46308343069e-06, 2.04614070753e-06, 1.4819657963e-06, 8.62510489696e-07, 5.6681795968e-07], "median": [2.80588501482e-05, 9.36137803365e-05, 0.000270906020887, 0.000230833305977, 0.0001627352176, 9.6455863968e-05, 0.000160080729984, 8.51655568113e-05, 3.86214233004e-05, 2.04518964892e-05, 1.51406266014e-05, 1.78836344276e-05, 1.09594111564e-05, 1.01536079455e-05, 9.77065701591e-06, 9.27600467548e-06, 8.27804433357e-06, 8.12403322925e-06, 8.0032796177e-06, 7.05940419721e-06, 9.71313329501e-06, 1.06429597508e-05, 9.99367512122e-06, 9.432641491e-06, 8.96482742974e-06, 1.13576752483e-05, 1.02196481748e-05, 6.52020662528e-06, 4.44787292508e-06, 3.40368546858e-06, 2.534884743e-06, 1.98533416551e-06, 2.03409945243e-06, 1.70611076555e-06, 1.40180384278e-06, 9.38213702284e-07, 6.12376823028e-07, 3.76064178909e-07, 2.43625834173e-07, 1.72457845338e-07], "min": [9.82776424967e-25, 5.76006708685e-25, 1.57053154051e-24, 1.36369901508e-24, 1.72169760311e-24, 1.60604290302e-24, 5.64312486715e-25, 1.81211822058e-24, 2.65001432524e-24, 2.0957628226e-24, 1.77055945037e-24, 1.54188662053e-24, 2.35711973746e-24, 1.77738289998e-24, 4.08099873819e-24, 3.23307798636e-24, 3.18033612675e-24, 3.92416530163e-24, 2.00670259576e-24, 2.59417894758e-24, 3.84900657888e-24, 3.68381555545e-24, 4.42789677139e-24, 5.17761794837e-24, 4.33313761616e-24, 3.88043479734e-24, 4.51791881688e-24, 4.50172389693e-24, 4.52169351631e-24, 3.59111374947e-24, 5.53708569123e-24, 4.72905625487e-24, 5.23543632512e-24, 6.10411141572e-24, 3.99897179798e-24, 5.46606572722e-24, 4.96201161335e-24, 5.73503258602e-24, 6.66540843232e-24, 6.7084005628e-24], "var": [6.96346003082e-09, 9.29887491452e-08, 5.09966071149e-07, 2.15232333289e-07, 1.10767999217e-07, 1.88175746985e-07, 5.38862707344e-07, 1.70113381159e-07, 1.3555370515e-07, 2.45242421926e-08, 5.81380232845e-09, 1.48734802252e-08, 6.89993129299e-09, 3.28724891752e-09, 1.64737390396e-09, 2.8538695851e-09, 3.51756046513e-09, 1.20661380887e-09, 1.88513338273e-09, 6.17164208627e-10, 2.20380735882e-09, 1.06616504514e-09, 1.05674702322e-09, 7.91088639041e-10, 7.36194050166e-10, 1.10158360211e-09, 3.69401398359e-09, 2.61448795946e-09, 2.88661827774e-09, 1.02749120323e-09, 3.38413824741e-10, 1.16302349695e-10, 5.90582582838e-11, 5.33371298517e-11, 1.12060638546e-10, 7.77374623007e-11, 2.56430744694e-11, 1.32727960567e-11, 3.46465347731e-12, 1.24973675072e-12]}, "melbands_crest": {"dmean": 3.15535616875, "dmean2": 5.02705287933, "dvar": 8.00110626221, "dvar2": 19.6871109009, "max": 31.855052948, "mean": 12.1047849655, "median": 11.3276910782, "min": 1.62290775776, "var": 26.8041973114}, "melbands_flatness_db": {"dmean": 0.0221081115305, "dmean2": 0.0315295308828, "dvar": 0.000428794621257, "dvar2": 0.000842678186018, "max": 0.480308115482, "mean": 0.130936473608, "median": 0.129682525992, "min": 0.00306391832419, "var": 0.00254908506759}, "melbands_kurtosis": {"dmean": 3.97930049896, "dmean2": 5.9972987175, "dvar": 53.4387588501, "dvar2": 129.365036011, "max": 296.128265381, "mean": 7.00936412811, "median": 4.17965316772, "min": -1.82066619396, "var": 106.816207886}, "melbands_skewness": {"dmean": 0.578000605106, "dmean2": 0.861442744732, "dvar": 0.335873901844, "dvar2": 0.747689962387, "max": 9.72541713715, "mean": 2.11059451103, "median": 1.99185180664, "min": -2.63546252251, "var": 1.58257997036}, "melbands_spread": {"dmean": 12.5041809082, "dmean2": 18.3199729919, "dvar": 214.719467163, "dvar2": 400.461120605, "max": 226.452438354, "mean": 46.0681762695, "median": 36.5071716309, "min": 0.549606323242, "var": 1150.69262695}, "mfcc": {"cov": [[11867.8193359, 1109.5045166, -95.1762695313, 477.71395874, -283.339416504, -143.003250122, -113.739181519, 2.45066714287, -173.674423218, 63.4445762634, -132.138809204, -25.4408092499, -85.4172668457], [1109.5045166, 1155.03820801, -168.218734741, -14.1818733215, 44.6262130737, -67.8686904907, -45.067691803, 31.509809494, -117.545188904, -8.39724254608, 28.7922344208, -55.633480072, 61.4694442749], [-95.1762695313, -168.218734741, 405.288299561, 22.9285850525, -4.40584421158, 62.3387489319, 7.33336400986, -23.8460426331, -5.74046516418, -7.28349208832, -10.0691661835, 23.6909599304, 3.77916407585], [477.71395874, -14.1818733215, 22.9285850525, 258.135284424, 53.0156059265, -5.91453266144, -2.20875024796, -16.6750564575, 14.6306734085, 7.6266541481, -40.2313156128, 12.4804754257, -13.2798213959], [-283.339416504, 44.6262130737, -4.40584421158, 53.0156059265, 225.848236084, 17.0535144806, -26.1073303223, -2.03039336205, 20.3427410126, -18.4167823792, -17.4755516052, -23.5154018402, 7.27109193802], [-143.003250122, -67.8686904907, 62.3387489319, -5.91453266144, 17.0535144806, 117.263343811, 33.340297699, 4.03927659988, 8.18121433258, -0.451713442802, -0.386080503464, 8.83312892914, -5.80443763733], [-113.739181519, -45.067691803, 7.33336400986, -2.20875024796, -26.1073303223, 33.340297699, 127.178863525, 33.0232391357, 9.60549736023, 24.5116062164, 11.3138599396, 6.59742212296, -11.1768512726], [2.45066714287, 31.509809494, -23.8460426331, -16.6750564575, -2.03039336205, 4.03927659988, 33.0232391357, 109.719390869, 2.3356347084, 10.3579521179, 4.20254659653, -7.79543113708, -0.639033079147], [-173.674423218, -117.545188904, -5.74046516418, 14.6306734085, 20.3427410126, 8.18121433258, 9.60549736023, 2.3356347084, 104.711196899, 4.91578292847, -3.49043083191, 13.1809740067, -9.97459506989], [63.4445762634, -8.39724254608, -7.28349208832, 7.6266541481, -18.4167823792, -0.451713442802, 24.5116062164, 10.3579521179, 4.91578292847, 103.24785614, 25.5401325226, 3.09974861145, -7.76599979401], [-132.138809204, 28.7922344208, -10.0691661835, -40.2313156128, -17.4755516052, -0.386080503464, 11.3138599396, 4.20254659653, -3.49043083191, 25.5401325226, 77.5518035889, 18.4124927521, 5.03504943848], [-25.4408092499, -55.633480072, 23.6909599304, 12.4804754257, -23.5154018402, 8.83312892914, 6.59742212296, -7.79543113708, 13.1809740067, 3.09974861145, 18.4124927521, 76.2284164429, 19.6815071106], [-85.4172668457, 61.4694442749, 3.77916407585, -13.2798213959, 7.27109193802, -5.80443763733, -11.1768512726, -0.639033079147, -9.97459506989, -7.76599979401, 5.03504943848, 19.6815071106, 72.1363296509]], "icov": [[0.000117647214211, -0.000134532281663, -1.15719467431e-05, -0.000227684067795, 0.000230042933254, 4.15784006691e-06, 0.000127775871078, -4.02153309551e-05, 5.98567312409e-05, -8.67293347255e-05, 0.000200960566872, -7.33942870283e-05, 0.000214162966586], [-0.000134532281663, 0.00134677393362, 0.000418379058829, 5.15681167599e-05, -0.000469018617878, 0.000249114062171, 3.85618805012e-05, -0.000262537243543, 0.00109936168883, 0.000199448782951, -0.000901724095456, 0.000943118473515, -0.00126927474048], [-1.15719467431e-05, 0.000418379058829, 0.00294513581321, -0.000262461631792, 8.14249724499e-05, -0.00146125967149, 0.000141944154166, 0.000430855638115, 0.000730259518605, 0.00010170906171, 0.000161297924933, -0.000394048140151, -0.00046462516184], [-0.000227684067795, 5.15681167599e-05, -0.000262461631792, 0.0054055727087, -0.00182424741797, 0.000844084250275, -0.000680108380038, 0.000736050482374, -0.000221124195377, -0.00104019825812, 0.00281099276617, -0.00225724396296, 0.00112537166569], [0.000230042933254, -0.000469018617878, 8.14249724499e-05, -0.00182424741797, 0.00598222902045, -0.00152853189502, 0.00149056210648, -0.000278090068605, -0.00147312751506, 0.000624073436484, 8.5377519099e-07, 0.00234530889429, -0.000941991107538], [4.15784006691e-06, 0.000249114062171, -0.00146125967149, 0.000844084250275, -0.00152853189502, 0.0106838969514, -0.00288616446778, 4.90022684971e-05, 7.590813766e-05, 0.000305351510178, 0.000447874306701, -0.00133956037462, 0.000969179847743], [0.000127775871078, 3.85618805012e-05, 0.000141944154166, -0.000680108380038, 0.00149056210648, -0.00288616446778, 0.010288673453, -0.00287037342787, -0.000400981982239, -0.00165303854737, -0.000641829858068, -0.00023026636336, 0.00104624649975], [-4.02153309551e-05, -0.000262537243543, 0.000430855638115, 0.000736050482374, -0.000278090068605, 4.90022684971e-05, -0.00287037342787, 0.0103665161878, -0.000482168223243, -0.000519161811098, 0.000220024696318, 0.000917455763556, -0.000420141324867], [5.98567312409e-05, 0.00109936168883, 0.000730259518605, -0.000221124195377, -0.00147312751506, 7.590813766e-05, -0.000400981982239, -0.000482168223243, 0.0117462743074, -0.000538524356671, 0.000603415828664, -0.00233826297335, 0.0013053874718], [-8.67293347255e-05, 0.000199448782951, 0.00010170906171, -0.00104019825812, 0.000624073436484, 0.000305351510178, -0.00165303854737, -0.000519161811098, -0.000538524356671, 0.0115181049332, -0.00444062659517, 0.0010943338275, 0.000408388295909], [0.000200960566872, -0.000901724095456, 0.000161297924933, 0.00281099276617, 8.5377519099e-07, 0.000447874306701, -0.000641829858068, 0.000220024696318, 0.000603415828664, -0.00444062659517, 0.0178824327886, -0.00566866481677, 0.00135765376035], [-7.33942870283e-05, 0.000943118473515, -0.000394048140151, -0.00225724396296, 0.00234530889429, -0.00133956037462, -0.00023026636336, 0.000917455763556, -0.00233826297335, 0.0010943338275, -0.00566866481677, 0.0186913106591, -0.0065667363815], [0.000214162966586, -0.00126927474048, -0.00046462516184, 0.00112537166569, -0.000941991107538, 0.000969179847743, 0.00104624649975, -0.000420141324867, 0.0013053874718, 0.000408388295909, 0.00135765376035, -0.0065667363815, 0.0176820084453]], "mean": [-658.839355469, 80.1536560059, -3.24673843384, 32.3700942993, -7.83878231049, -4.94269323349, -10.7473716736, -3.8989777565, -11.7803583145, -1.58602297306, -6.01300096512, -1.67732274532, -1.62982237339]}, "pitch_salience": {"dmean": 0.0624214746058, "dmean2": 0.0980223938823, "dvar": 0.0031502887141, "dvar2": 0.0075302273035, "max": 0.855042755604, "mean": 0.600546002388, "median": 0.607983350754, "min": 0.145339757204, "var": 0.0115638477728}, "silence_rate_20dB": {"dmean": 0, "dmean2": 0, "dvar": 0, "dvar2": 0, "max": 1, "mean": 1, "median": 1, "min": 1, "var": 0}, "silence_rate_30dB": {"dmean": 0, "dmean2": 0, "dvar": 0, "dvar2": 0, "max": 1, "mean": 1, "median": 1, "min": 1, "var": 0}, "silence_rate_60dB": {"dmean": 0.0240343343467, "dmean2": 0.0480755455792, "dvar": 0.0234579890966, "dvar2": 0.0540617480874, "max": 1, "mean": 0.118008866906, "median": 0, "min": 0, "var": 0.104075625539}, "spectral_centroid": {"dmean": 331.415557861, "dmean2": 479.207366943, "dvar": 122896.6875, "dvar2": 229081.84375, "max": 11791.2451172, "mean": 2231.25439453, "median": 2061.62670898, "min": 274.199676514, "var": 1757314.75}, "spectral_complexity": {"dmean": 4.25236034393, "dmean2": 5.86521673203, "dvar": 21.2532844543, "dvar2": 35.2067489624, "max": 57, "mean": 18.8516654968, "median": 18, "min": 0, "var": 130.57522583}, "spectral_contrast_coeffs": {"dmean": [0.0487659275532, 0.0473195947707, 0.0368551015854, 0.0295612327754, 0.0240947362036, 0.017027946189], "dmean2": [0.0799944996834, 0.0748801231384, 0.0583312027156, 0.047747451812, 0.0372416116297, 0.0267775505781], "dvar": [0.00159786839504, 0.0014856744092, 0.000869637879077, 0.00055647327099, 0.000412499997765, 0.000240358436713], "dvar2": [0.00422626873478, 0.00373560376465, 0.00213891407475, 0.00136258010752, 0.000886999012437, 0.000526392075699], "max": [-0.311518520117, -0.394902795553, -0.546718001366, -0.592198312283, -0.55972892046, -0.56660169363], "mean": [-0.598425805569, -0.716648995876, -0.780910789967, -0.783274710178, -0.774842619896, -0.747088849545], "median": [-0.590626120567, -0.71890437603, -0.785110652447, -0.78590118885, -0.778243899345, -0.747422158718], "min": [-0.977137625217, -0.976318836212, -0.977348268032, -0.972278952599, -0.967018425465, -0.965030133724], "var": [0.00943734124303, 0.00728695793077, 0.00417868886143, 0.00286747259088, 0.00303712044843, 0.00231209187768]}, "spectral_contrast_valleys": {"dmean": [0.411578774452, 0.347020685673, 0.321177095175, 0.318655222654, 0.279607802629, 0.278682589531], "dmean2": [0.665782988071, 0.54204583168, 0.48420548439, 0.457050293684, 0.37436440587, 0.34767267108], "dvar": [0.143279090524, 0.105838939548, 0.0959624797106, 0.0878607854247, 0.0844928622246, 0.102571353316], "dvar2": [0.326196402311, 0.221296295524, 0.191763117909, 0.156985148787, 0.138435289264, 0.163795202971], "max": [-6.2523021698, -5.29010295868, -6.01439809799, -6.22410058975, -5.43863868713, -7.46566009521], "mean": [-8.60300445557, -7.33956432343, -8.14670944214, -8.32214832306, -7.61113214493, -10.1610374451], "median": [-8.07451152802, -6.84184265137, -7.70076370239, -7.9113445282, -7.22479295731, -9.88019657135], "min": [-28.1031093597, -28.2099781036, -27.7418632507, -27.7321052551, -27.5620269775, -27.424654007], "var": [6.48342466354, 6.87270975113, 6.25980901718, 6.04268598557, 6.46134138107, 5.20272254944]}, "spectral_decrease": {"dmean": 7.96876509224e-10, "dmean2": 1.13609655017e-09, "dvar": 8.72473920969e-19, "dvar2": 1.85291703896e-18, "max": 2.38098265312e-28, "mean": -3.04723246636e-09, "median": -2.70342948028e-09, "min": -1.76669257002e-08, "var": 4.88931612188e-18}, "spectral_energy": {"dmean": 0.00338864326477, "dmean2": 0.0047814277932, "dvar": 1.51441963681e-05, "dvar2": 3.11908988806e-05, "max": 0.0725748315454, "mean": 0.0133624216542, "median": 0.0117614232004, "min": 9.83150202253e-21, "var": 9.59991084528e-05}, "spectral_energyband_high": {"dmean": 0.000603301799856, "dmean2": 0.000832268444356, "dvar": 1.30796422582e-06, "dvar2": 2.69410475084e-06, "max": 0.053419560194, "mean": 0.00166171812452, "median": 0.00058814388467, "min": 7.11010204103e-21, "var": 1.04968621599e-05}, "spectral_energyband_low": {"dmean": 0.000730961211957, "dmean2": 0.0011190607911, "dvar": 1.9362241801e-06, "dvar2": 4.48036826128e-06, "max": 0.0317155234516, "mean": 0.00148733076639, "median": 0.000886988593265, "min": 1.25180613626e-23, "var": 4.61116087536e-06}, "spectral_energyband_middle_high": {"dmean": 0.00126674899366, "dmean2": 0.0017628778005, "dvar": 2.77731555798e-06, "dvar2": 5.53763402422e-06, "max": 0.024155035615, "mean": 0.00364038161933, "median": 0.0024436309468, "min": 1.16440847638e-21, "var": 1.28306319311e-05}, "spectral_energyband_middle_low": {"dmean": 0.00248370971531, "dmean2": 0.00367851555347, "dvar": 1.02182675619e-05, "dvar2": 2.33163063967e-05, "max": 0.0480317883193, "mean": 0.00737237650901, "median": 0.00596386054531, "min": 1.41272479947e-22, "var": 3.99072996515e-05}, "spectral_entropy": {"dmean": 0.133488580585, "dmean2": 0.183287397027, "dvar": 0.0163488294929, "dvar2": 0.0281944628805, "max": 9.82342720032, "mean": 7.8003783226, "median": 7.79143333435, "min": 5.71562719345, "var": 0.154918089509}, "spectral_flux": {"dmean": 0.0121056670323, "dmean2": 0.0183599032462, "dvar": 0.00014850597654, "dvar2": 0.000331897113938, "max": 0.177449777722, "mean": 0.0572302639484, "median": 0.0558297559619, "min": 6.35844363273e-11, "var": 0.000823156442493}, "spectral_kurtosis": {"dmean": 0.896722018719, "dmean2": 1.48929452896, "dvar": 0.805021524429, "dvar2": 2.22695732117, "max": 12.9749040604, "mean": 2.57839989662, "median": 2.46101260185, "min": -1.24493813515, "var": 2.08860063553}, "spectral_rms": {"dmean": 0.000443598983111, "dmean2": 0.000613799144048, "dvar": 1.93833258777e-07, "dvar2": 3.66161060583e-07, "max": 0.00841455347836, "mean": 0.00330511387438, "median": 0.0033874118235, "min": 3.09704844235e-12, "var": 2.11270821637e-06}, "spectral_rolloff": {"dmean": 714.93359375, "dmean2": 1106.95849609, "dvar": 836571.4375, "dvar2": 1564376.75, "max": 19595.2148438, "mean": 3167.39428711, "median": 2820.84960938, "min": 86.1328125, "var": 6667794.5}, "spectral_skewness": {"dmean": 0.154486954212, "dmean2": 0.240242108703, "dvar": 0.0221701338887, "dvar2": 0.050248414278, "max": 2.77086472511, "mean": 1.02634179592, "median": 1.06493628025, "min": -0.173667475581, "var": 0.117107465863}, "spectral_spread": {"dmean": 437340.8125, "dmean2": 645630.25, "dvar": 455736426496, "dvar2": 89210087014