{"lowlevel": {"average_loudness": 0.350343883038, "barkbands": {"dmean": [0.000122485100292, 0.00303762825206, 0.000906388449948, 0.000459413276985, 0.000860473082867, 0.000280770182144, 0.000329164264258, 0.000509367324412, 0.000392355170334, 0.00036318221828, 0.000351244758349, 0.000185890792636, 0.000222753500566, 0.000345917447703, 0.000536995299626, 0.000271047931165, 0.00018395614461, 0.00016037595924, 6.92168978276e-05, 6.89750086167e-05, 4.02825862693e-05, 8.27095718705e-05, 0.000138143645017, 7.3568582593e-05, 1.88552621694e-05, 2.30877540162e-05, 8.85019562702e-06], "dmean2": [0.000193841653527, 0.00503292866051, 0.00158063392155, 0.0007702888106, 0.0013808052754, 0.000441651820438, 0.000486508040922, 0.000755543238483, 0.000577676517423, 0.000527872005478, 0.000531642464921, 0.000276958948234, 0.00033544600592, 0.000546086579561, 0.000808324897662, 0.000411791959777, 0.000294671015581, 0.000253686099313, 0.000111611792818, 0.000107550433313, 6.13934971625e-05, 0.000122260360513, 0.000199524554773, 0.000106968167529, 2.78815332422e-05, 3.40538608725e-05, 1.37515298775e-05], "dvar": [1.61080137673e-07, 0.000109847453132, 8.32958448882e-06, 9.45066517488e-07, 3.77120272788e-06, 5.03887065406e-07, 8.33511762721e-07, 2.39379414779e-06, 2.63910283138e-06, 2.45986984737e-06, 2.6061582048e-06, 5.53654615487e-07, 8.97183099369e-07, 1.89327590761e-06, 3.68735163647e-06, 7.60497698593e-07, 3.42540232623e-07, 2.51738526913e-07, 4.47770638345e-08, 4.63891005609e-08, 1.19020953093e-08, 5.16994447253e-08, 1.92883987893e-07, 1.14052376432e-07, 3.35138805596e-09, 7.29806792776e-09, 9.35986621542e-10], "dvar2": [3.67573221638e-07, 0.000285969377728, 2.37470412685e-05, 2.60412593889e-06, 9.61150090006e-06, 1.21731329727e-06, 1.75632987975e-06, 5.37949563295e-06, 5.54456983082e-06, 4.8564907047e-06, 6.53597680866e-06, 1.12703730792e-06, 1.98277507479e-06, 4.51032792625e-06, 8.57199665916e-06, 1.60457454967e-06, 8.73401631907e-07, 5.79041341098e-07, 1.08336664084e-07, 1.05123419303e-07, 2.79134670933e-08, 1.09798499182e-07, 3.87029672311e-07, 2.30484147323e-07, 7.18435844149e-09, 1.59873589922e-08, 2.17540674363e-09], "max": [0.00946389697492, 0.165883898735, 0.0725748687983, 0.0139615647495, 0.0512004643679, 0.0249634236097, 0.0246018692851, 0.0394288264215, 0.0463247299194, 0.0695858076215, 0.0747544690967, 0.0251660048962, 0.0332586653531, 0.0462063886225, 0.0518973842263, 0.0284879133105, 0.0291269160807, 0.0147179150954, 0.00731194578111, 0.00724035035819, 0.00269940774888, 0.0054897214286, 0.0126455891877, 0.0117404377088, 0.00153124704957, 0.00130862463266, 0.000426948012318], "mean": [0.000163888296811, 0.00532230176032, 0.00194809422828, 0.000779234571382, 0.00176869344432, 0.000598957936745, 0.00062934512971, 0.00102090113796, 0.000820713292342, 0.000764186435845, 0.000799306144472, 0.000315599580063, 0.000368515524315, 0.000555843464099, 0.000998256029561, 0.000532758713234, 0.000360389443813, 0.000324202817865, 0.00014072220074, 0.000139520969242, 8.83411994437e-05, 0.000184860182344, 0.000303446664475, 0.000136346425279, 2.83863791992e-05, 2.58301497524e-05, 8.25757342682e-06], "median": [1.47857699631e-05, 0.00312820659019, 0.00113038974814, 0.000337051576935, 0.000789932906628, 0.000128441111883, 0.000106150677311, 8.17531108623e-05, 4.7936788178e-05, 4.39581563114e-05, 3.78308686777e-05, 2.84823072434e-05, 3.02049102174e-05, 3.72280483134e-05, 4.18876443291e-05, 3.37506899086e-05, 2.98360027955e-05, 2.41762027144e-05, 1.27563926071e-05, 1.5219056877e-05, 1.18708221635e-05, 1.92433290067e-05, 2.95872760034e-05, 1.03792453956e-05, 2.11190331356e-06, 6.4689396595e-07, 1.05790874727e-07], "min": [5.72081670924e-09, 3.36289190939e-10, 9.86757724142e-12, 4.3168767172e-12, 2.69156034266e-11, 1.82245902397e-11, 1.45673108992e-11, 7.02771174588e-12, 1.72632342449e-11, 9.82257764709e-12, 1.30857460284e-11, 1.70094043017e-11, 1.22177493816e-11, 1.03830459855e-11, 1.54551840076e-11, 1.63749951099e-11, 2.01904604147e-11, 2.11962340041e-11, 2.13343769734e-11, 1.48173400633e-11, 1.67704166526e-11, 1.36218519103e-11, 1.14226137229e-11, 1.04089306618e-11, 1.33480917291e-11, 1.00411293863e-11, 1.17058749846e-11], "var": [1.84610527754e-07, 9.6328665677e-05, 8.11864447314e-06, 1.42303588291e-06, 7.27410497348e-06, 1.42282590332e-06, 2.73327350442e-06, 8.47531646286e-06, 9.89350519376e-06, 8.82316817297e-06, 1.29579048007e-05, 1.36655660299e-06, 1.99128635359e-06, 3.18251841236e-06, 1.01275563793e-05, 2.16998523683e-06, 7.9925649743e-07, 7.84863800618e-07, 1.22185312534e-07, 1.27809713035e-07, 3.59927163629e-08, 1.85284278587e-07, 5.86901421684e-07, 3.29243079022e-07, 7.20554504952e-09, 9.1615772746e-09, 9.93369275726e-10]}, "barkbands_crest": {"dmean": 2.31564998627, "dmean2": 3.70902490616, "dvar": 6.5189037323, "dvar2": 16.8742542267, "max": 26.8355121613, "mean": 12.6837348938, "median": 11.7182836533, "min": 2.87561559677, "var": 28.8128700256}, "barkbands_flatness_db": {"dmean": 0.0234004594386, "dmean2": 0.0336570851505, "dvar": 0.000836257531773, "dvar2": 0.00168404227588, "max": 0.645850777626, "mean": 0.212308108807, "median": 0.176999777555, "min": 0.0193820204586, "var": 0.0159358456731}, "barkbands_kurtosis": {"dmean": 25.9667739868, "dmean2": 42.3311157227, "dvar": 20342.7402344, "dvar2": 50350.6875, "max": 5996.91796875, "mean": 51.9366950989, "median": 4.19938278198, "min": -1.97001314163, "var": 59758.8046875}, "barkbands_skewness": {"dmean": 1.04585039616, "dmean2": 1.61608970165, "dvar": 5.16691350937, "dvar2": 12.6334724426, "max": 72.4547042847, "mean": 3.09745573997, "median": 1.92381179333, "min": -4.78608036041, "var": 19.3628501892}, "barkbands_spread": {"dmean": 5.15296792984, "dmean2": 7.82004070282, "dvar": 86.0059890747, "dvar2": 182.911132812, "max": 134.19720459, "mean": 19.0321006775, "median": 15.1153860092, "min": 0.0571836307645, "var": 334.498168945}, "dissonance": {"dmean": 0.0224072504789, "dmean2": 0.0367992259562, "dvar": 0.000678824842907, "dvar2": 0.00172062497586, "max": 0.499999970198, "mean": 0.442270457745, "median": 0.45895844698, "min": 0.157805860043, "var": 0.00270993518643}, "dynamic_complexity": 6.17519855499, "erbbands": {"dmean": [0.0921301469207, 0.685740411282, 1.12649691105, 1.2681248188, 2.29544949532, 3.20810461044, 1.93535256386, 2.75022768974, 3.50004124641, 9.99252891541, 7.03706741333, 9.80431652069, 11.7607746124, 8.73976230621, 15.3874778748, 7.15107536316, 9.34227180481, 15.2891979218, 26.5118618011, 18.7818279266, 9.67395877838, 8.54434204102, 9.38978481293, 4.11603450775, 3.91991066933, 3.13726615906, 1.64405095577, 1.698559165, 2.4917652607, 4.00358915329, 4.09626579285, 2.41317224503, 0.723063647747, 0.236286044121, 0.132634609938, 0.0936254560947, 0.04327108711, 0.0104170907289, 0.00152897497173, 8.73299286468e-05], "dmean2": [0.149310827255, 1.16250729561, 1.94526219368, 2.14271378517, 3.75436639786, 5.16605138779, 2.95953798294, 4.32757377625, 5.09713935852, 15.3025455475, 10.3144168854, 14.3885192871, 17.0413475037, 12.557849884, 23.2602100372, 10.674249649, 14.0302448273, 23.7856674194, 39.9352302551, 28.4732170105, 14.7352170944, 13.4610872269, 14.7744979858, 6.60836267471, 6.31239366531, 4.8892865181, 2.54652309418, 2.56145811081, 3.68731093407, 5.83442354202, 5.94670820236, 3.4877603054, 1.05150532722, 0.35109859705, 0.196824103594, 0.137671008706, 0.0644845068455, 0.0160181559622, 0.00237482716329, 0.000135866532219], "dvar": [0.102006435394, 5.71805906296, 13.5659208298, 9.80269050598, 23.7123394012, 65.5190048218, 22.4552345276, 51.321937561, 117.468544006, 810.967041016, 608.155334473, 1873.4083252, 2800.62426758, 1219.890625, 5708.171875, 679.957702637, 1477.93737793, 2935.68432617, 11995.8330078, 3662.97363281, 894.748779297, 1002.94012451, 883.133605957, 185.981506348, 171.332000732, 94.7447738647, 24.4531879425, 19.6796379089, 48.324180603, 130.020202637, 183.686233521, 119.763427734, 10.2423152924, 0.637176930904, 0.174251616001, 0.111554838717, 0.0278275217861, 0.0014756124001, 2.73974601441e-05, 8.38520719526e-08], "dvar2": [0.258172482252, 15.4425649643, 38.1324958801, 27.4545288086, 61.1075363159, 168.565933228, 49.5942192078, 121.518432617, 225.725967407, 1900.54248047, 1337.50500488, 3965.05126953, 6161.95507812, 2503.15771484, 14456.5742188, 1480.62597656, 3266.95825195, 6861.96191406, 26981.59375, 8557.40039062, 1962.2220459, 2568.48388672, 2009.10620117, 470.833068848, 413.47833252, 222.874450684, 56.6962547302, 45.3299674988, 105.15057373, 258.131469727, 372.720458984, 245.515991211, 21.8823451996, 1.41611766815, 0.374051719904, 0.243172764778, 0.0616685971618, 0.0034307395108, 6.35316973785e-05, 1.95874960696e-07], "max": [5.45568370819, 41.6318893433, 94.0135726929, 57.397644043, 94.9765090942, 263.399597168, 118.758171082, 292.642608643, 357.860931396, 988.007141113, 912.143981934, 1350.98425293, 2584.49584961, 1358.5045166, 3564.92016602, 895.157409668, 1260.59033203, 1744.48669434, 3174.13647461, 1929.78283691, 1109.49157715, 1949.63977051, 988.226989746, 576.282104492, 496.837219238, 431.866333008, 147.909088135, 144.518051147, 173.987670898, 362.628540039, 382.002624512, 373.501556396, 91.1537780762, 22.9379386902, 8.68776607513, 5.93480014801, 2.90867233276, 0.547415494919, 0.0779444128275, 0.00459182914346], "mean": [0.144631490111, 1.20614373684, 2.43322086334, 2.51902413368, 4.27558422089, 6.26550102234, 4.33439922333, 5.92200183868, 7.52389192581, 20.4287834167, 14.5541219711, 21.3357429504, 24.9260139465, 19.6542205811, 36.3096046448, 14.3831996918, 17.0142402649, 28.0344257355, 49.9261703491, 42.9268417358, 22.4856204987, 18.7860908508, 20.53789711, 9.02344322205, 8.05763053894, 6.49960851669, 3.6101360321, 3.84062504768, 5.6083073616, 9.07834815979, 8.77010536194, 4.62999486923, 1.28959429264, 0.385966598988, 0.184473961592, 0.11218585819, 0.0474948473275, 0.010188292712, 0.0014557732502, 9.93066496449e-05], "median": [0.0593849346042, 0.75835287571, 1.51888632774, 1.37829852104, 2.04665327072, 2.12039399147, 1.41228544712, 1.27300262451, 1.5653924942, 2.53209424019, 1.82270145416, 1.54104149342, 1.67253613472, 1.56882953644, 2.09161829948, 1.5330747366, 1.72506129742, 2.25513243675, 2.27319669724, 2.34701633453, 1.95357477665, 1.7447924614, 1.64037108421, 0.776087760925, 0.800745606422, 0.718848645687, 0.46480885148, 0.529012680054, 0.620800256729, 0.844835698605, 0.828099787235, 0.371687889099, 0.0997482836246, 0.0326050445437, 0.0113869793713, 0.00359262479469, 0.00105769338552, 0.00016258659889, 3.36931007041e-05, 1.82027870324e-05], "min": [3.82180360248e-07, 7.32350216026e-08, 3.21209228105e-08, 1.00256912106e-07, 4.55095872098e-08, 1.21248945106e-07, 8.7396067272e-08, 1.12729885871e-07, 2.65680341727e-07, 3.70477835077e-07, 2.78888279581e-07, 4.85732584821e-07, 5.18877300237e-07, 4.71786592016e-07, 6.15018223016e-07, 8.30057331314e-07, 7.7508832419e-07, 4.86033911784e-07, 7.73607155224e-07, 1.08673020804e-06, 1.27056443944e-06, 1.17237982522e-06, 1.11120914426e-06, 1.1591251905e-06, 9.81345920081e-07, 7.30338967969e-07, 7.09397227183e-07, 6.12855160398e-07, 5.08579375946e-07, 4.02018059731e-07, 3.26749159285e-07, 2.08074425245e-07, 1.92591002701e-07, 1.52137388909e-07, 8.34481781453e-08, 4.12459542076e-08, 1.61703574975e-08, 8.22364309983e-09, 1.66817348823e-09, 1.89822976782e-10], "var": [0.0944896861911, 4.65752315521, 12.606713295, 12.5617055893, 42.5042190552, 128.534942627, 72.7763519287, 157.465942383, 453.659301758, 2785.33349609, 1947.1953125, 7046.84570312, 10525.8261719, 4534.14599609, 29549.7636719, 2160.27734375, 3408.73046875, 6368.30273438, 31530.7734375, 15700.1845703, 3055.71411133, 2122.86669922, 2735.99365234, 663.821838379, 455.864990234, 278.193756104, 69.3371658325, 67.8020706177, 163.821853638, 485.839324951, 532.53527832, 330.026550293, 28.1030921936, 1.57033157349, 0.305925637484, 0.148422271013, 0.0338205434382, 0.00160232058261, 2.92312015517e-05, 9.02435104422e-08]}, "erbbands_crest": {"dmean": 2.59239697456, "dmean2": 4.14257669449, "dvar": 6.58584690094, "dvar2": 16.1171569824, "max": 29.8796863556, "mean": 11.696559906, "median": 11.0335159302, "min": 2.26303219795, "var": 26.7216262817}, "erbbands_flatness_db": {"dmean": 0.021032454446, "dmean2": 0.0290188919753, "dvar": 0.000519398017786, "dvar2": 0.000966884428635, "max": 0.425826102495, "mean": 0.181200429797, "median": 0.175447449088, "min": 0.0295785143971, "var": 0.0039049400948}, "erbbands_kurtosis": {"dmean": 2.44385170937, "dmean2": 3.72733139992, "dvar": 35.7774009705, "dvar2": 75.5327224731, "max": 197.552337646, "mean": 7.1595621109, "median": 0.743562340736, "min": -1.91324043274, "var": 428.98526001}, "erbbands_skewness": {"dmean": 0.459132403135, "dmean2": 0.673344910145, "dvar": 0.371650278568, "dvar2": 0.720622479916, "max": 11.3748369217, "mean": 1.03612101078, "median": 0.539744734764, "min": -6.47268676758, "var": 4.30300521851}, "erbbands_spread": {"dmean": 9.88513374329, "dmean2": 15.2734479904, "dvar": 226.388366699, "dvar2": 527.735046387, "max": 189.896881104, "mean": 38.0455703735, "median": 33.8148956299, "min": 1.46323871613, "var": 606.567504883}, "gfcc": {"cov": [[23830.734375, -1616.32092285, -5528.03076172, -1673.76965332, -1971.85766602, -191.017807007, -951.320495605, 299.167388916, 539.52911377, 227.067276001, -448.394165039, 474.845428467, -224.922439575], [-1616.32092285, 1666.08679199, 192.291397095, -4.54803752899, 124.267181396, -100.504463196, 161.78843689, -123.942153931, 5.45267057419, -143.33164978, 166.543518066, -115.345085144, 32.1065673828], [-5528.03076172, 192.291397095, 2861.49316406, 709.051696777, 795.615905762, 195.62336731, 357.653106689, 14.0746421814, -321.277923584, 18.6080589294, 81.5007324219, -133.533859253, 20.475605011], [-1673.76965332, -4.54803752899, 709.051696777, 815.839660645, 321.258331299, 48.8890571594, -3.03539323807, -22.9780464172, 34.9361495972, -56.5392837524, 43.5323791504, -92.0730209351, 65.7462997437], [-1971.85766602, 124.267181396, 795.615905762, 321.258331299, 835.473327637, 107.656738281, 162.538635254, 125.082496643, -46.4777297974, 86.7218399048, -10.5811786652, -48.3173522949, 34.6717681885], [-191.017807007, -100.504463196, 195.62336731, 48.8890571594, 107.656738281, 350.52746582, 158.846511841, 20.3162879944, 7.13026762009, 10.542049408, 20.5116577148, -1.8456196785, -20.3701648712], [-951.320495605, 161.78843689, 357.653106689, -3.03539323807, 162.538635254, 158.846511841, 363.988586426, 77.0246963501, -67.2385864258, 29.6317996979, 34.7222328186, 5.83479642868, -14.0994405746], [299.167388916, -123.942153931, 14.0746421814, -22.9780464172, 125.082496643, 20.3162879944, 77.0246963501, 241.059646606, 62.0457077026, 64.3102874756, -20.5718173981, 14.8607130051, 4.24304819107], [539.52911377, 5.45267057419, -321.277923584, 34.9361495972, -46.4777297974, 7.13026762009, -67.2385864258, 62.0457077026, 266.711608887, 10.1278162003, -9.97918796539, -0.604991555214, 18.815536499], [227.067276001, -143.33164978, 18.6080589294, -56.5392837524, 86.7218399048, 10.542049408, 29.6317996979, 64.3102874756, 10.1278162003, 165.888961792, -3.37724041939, 15.8030385971, -7.81115865707], [-448.394165039, 166.543518066, 81.5007324219, 43.5323791504, -10.5811786652, 20.5116577148, 34.7222328186, -20.5718173981, -9.97918796539, -3.37724041939, 132.143463135, -2.584897995, -5.09530878067], [474.845428467, -115.345085144, -133.533859253, -92.0730209351, -48.3173522949, -1.8456196785, 5.83479642868, 14.8607130051, -0.604991555214, 15.8030385971, -2.584897995, 125.741195679, 15.8829956055], [-224.922439575, 32.1065673828, 20.475605011, 65.7462997437, 34.6717681885, -20.3701648712, -14.0994405746, 4.24304819107, 18.815536499, -7.81115865707, -5.09530878067, 15.8829956055, 95.5850906372]], "icov": [[0.000107491163362, -4.68195830763e-05, 0.000162930911756, -5.97937723796e-05, 0.00015338002413, -0.000175489651156, 0.000231131489272, -0.000256598665146, 0.000138289338793, -0.000205341726542, 0.0002914906363, -0.000241390385781, 0.000238987791818], [-4.68195830763e-05, 0.00121589074843, -6.8264460424e-05, 0.000580074964091, -0.000595872872509, 0.000931315124035, -0.00107527931686, 0.000979250762612, -0.000769471167587, 0.00124378839973, -0.00162748445291, 0.00126251368783, -0.000733851979021], [0.000162930911756, -6.8264460424e-05, 0.000973487913143, -0.000574443431105, -0.000130457439809, -0.000324532564264, -2.50315952144e-05, -0.00037632897147, 0.000984861166216, -0.000377636402845, 0.000293987046462, -6.44577376079e-05, 0.000385738618206], [-5.97937723796e-05, 0.000580074964091, -0.000574443431105, 0.00248367572203, -0.000883664411958, 0.000345883658156, -6.27309345873e-05, 0.000844136462547, -0.00128201080952, 0.00145041965879, -0.00146369251888, 0.00151008472312, -0.00153138220776], [0.00015338002413, -0.000595872872509, -0.000130457439809, -0.000883664411958, 0.0025660067331, -0.000859017192852, 0.000474795000628, -0.00153653032612, 0.00072552356869, -0.00174219976179, 0.00162193318829, -0.000536774576176, 0.00011169759091], [-0.000175489651156, 0.000931315124035, -0.000324532564264, 0.000345883658156, -0.000859017192852, 0.00469519151375, -0.00279825064354, 0.0015771050239, -0.00155834062025, 0.00122086913325, -0.00156447838526, 0.000901121529751, 0.000108645770524], [0.000231131489272, -0.00107527931686, -2.50315952144e-05, -6.27309345873e-05, 0.000474795000628, -0.00279825064354, 0.00585818989202, -0.00271106744185, 0.00179620191921, -0.00121263985056, 0.000798223307356, -0.00169584900141, 0.00104114948772], [-0.000256598665146, 0.000979250762612, -0.00037632897147, 0.000844136462547, -0.00153653032612, 0.0015771050239, -0.00271106744185, 0.00719688925892, -0.00269680353813, -5.75264675717e-05, -0.00090951094171, 0.000886536261532, -0.000928306544665], [0.000138289338793, -0.000769471167587, 0.000984861166216, -0.00128201080952, 0.00072552356869, -0.00155834062025, 0.00179620191921, -0.00269680353813, 0.00618715863675, -0.00128235016018, 0.00108285387978, -0.000396876217565, -0.000154937661137], [-0.000205341726542, 0.00124378839973, -0.000377636402845, 0.00145041965879, -0.00174219976179, 0.00122086913325, -0.00121263985056, -5.75264675717e-05, -0.00128235016018, 0.00892165955156, -0.00239564292133, 0.000861692649778, -0.0003912987886], [0.0002914906363, -0.00162748445291, 0.000293987046462, -0.00146369251888, 0.00162193318829, -0.00156447838526, 0.000798223307356, -0.00090951094171, 0.00108285387978, -0.00239564292133, 0.010980270803, -0.00240166787989, 0.00198822305538], [-0.000241390385781, 0.00126251368783, -6.44577376079e-05, 0.00151008472312, -0.000536774576176, 0.000901121529751, -0.00169584900141, 0.000886536261532, -0.000396876217565, 0.000861692649778, -0.00240166787989, 0.0111551918089, -0.00375282205641], [0.000238987791818, -0.000733851979021, 0.000385738618206, -0.00153138220776, 0.00011169759091, 0.000108645770524, 0.00104114948772, -0.000928306544665, -0.000154937661137, -0.0003912987886, 0.00198822305538, -0.00375282205641, 0.0131469657645]], "mean": [-95.6749038696, 94.9086685181, -88.6580581665, 48.568321228, -45.7917137146, 22.0332546234, -31.6774311066, -0.567370355129, -9.65757656097, -7.21014213562, -11.9091739655, -2.93879127502, -13.1013336182]}, "hfc": {"dmean": 4.70759773254, "dmean2": 6.82864904404, "dvar": 93.9618148804, "dvar2": 197.921783447, "max": 186.164810181, "mean": 17.321439743, "median": 5.27330589294, "min": 3.84938175557e-06, "var": 640.610595703}, "melbands": {"dmean": [0.000833602854982, 0.000688711355906, 0.000231614118093, 0.000209507663385, 8.14583618194e-05, 5.89945811953e-05, 5.4931781051e-05, 0.00011568593618, 5.34098726348e-05, 6.47226406727e-05, 5.89740920987e-05, 3.54194962711e-05, 4.84847987536e-05, 2.72790512099e-05, 1.78507580131e-05, 2.32230158872e-05, 3.1056599255e-05, 4.41322008555e-05, 3.27794114128e-05, 2.51586752711e-05, 1.00563966043e-05, 9.01303883438e-06, 1.24764019347e-05, 6.29820442555e-06, 3.38502422892e-06, 2.80786366602e-06, 3.04294985654e-06, 2.04846651286e-06, 1.14963950182e-06, 1.07902565105e-06, 1.07069547539e-06, 1.30163743961e-06, 2.08244591704e-06, 2.47802927333e-06, 2.67688278655e-06, 1.98370162252e-06, 1.37775577969e-06, 6.23196967808e-07, 2.19863423467e-07, 2.04961935424e-07], "dmean2": [0.00136786804069, 0.00116644776426, 0.00038886530092, 0.000340969796525, 0.000125392092741, 9.28615118028e-05, 8.03376824479e-05, 0.000175377892447, 7.74004220148e-05, 9.49228342506e-05, 8.51244985824e-05, 5.07448421558e-05, 7.29903040337e-05, 4.07063598686e-05, 2.6736935979e-05, 3.48045577994e-05, 4.87963079649e-05, 6.65344487061e-05, 4.86104436277e-05, 3.79853554477e-05, 1.54734843818e-05, 1.43846764331e-05, 1.98128200282e-05, 9.98302948574e-06, 5.5111254369e-06, 4.53574966741e-06, 4.87239412905e-06, 3.22110713569e-06, 1.81888810857e-06, 1.67312896338e-06, 1.63157471889e-06, 1.98107909455e-06, 3.11511212203e-06, 3.66152448805e-06, 3.96315635953e-06, 2.93309949484e-06, 2.03467084248e-06, 9.21649757402e-07, 3.3698063362e-07, 3.09150863131e-07], "dvar": [8.34117690829e-06, 5.22926984559e-06, 2.75579566278e-07, 2.50285808079e-07, 3.47039730286e-08, 2.29107399718e-08, 2.59053063445e-08, 1.10930372443e-07, 4.06416944543e-08, 8.10950666619e-08, 7.1114577338e-08, 2.17068301112e-08, 4.94084737568e-08, 1.25645014393e-08, 4.64842386805e-09, 1.17953034007e-08, 1.31531177061e-08, 3.56214471253e-08, 1.26775905329e-08, 6.67727340087e-09, 1.02001473934e-09, 1.41160882983e-09, 1.3018217615e-09, 4.31348318175e-10, 1.37661437805e-10, 9.96005292131e-11, 1.07318785803e-10, 3.9512896427e-11, 1.2653608196e-11, 1.05433743333e-11, 7.65266669478e-12, 1.4006401941e-11, 3.49781106856e-11, 5.37392248756e-11, 7.59277293816e-11, 6.4758941265e-11, 4.46919896924e-11, 8.46207652561e-12, 8.54513237513e-13, 4.80411879982e-13], "dvar2": [2.14234405576e-05, 1.42485378092e-05, 7.6188945286e-07, 6.49948788123e-07, 7.78454634087e-08, 5.49592336085e-08, 5.14252853634e-08, 2.5607548082e-07, 8.61490079274e-08, 1.7068417435e-07, 1.54073347858e-07, 4.37989804425e-08, 1.24982861394e-07, 2.68384816593e-08, 1.00940118486e-08, 2.67531294895e-08, 3.12246051237e-08, 7.92414809325e-08, 2.87003931732e-08, 1.43717526768e-08, 2.22621721058e-09, 3.58832408232e-09, 3.20201465343e-09, 1.0056688815e-09, 3.53159307354e-10, 2.35493541334e-10, 2.54076593098e-10, 9.35713798111e-11, 2.91565382948e-11, 2.55512538211e-11, 1.79904442038e-11, 3.10358058697e-11, 7.58539203671e-11, 1.08790643161e-10, 1.55545035185e-10, 1.40887107536e-10, 9.35794497448e-11, 1.87388975864e-11, 2.19347543601e-12, 1.07547228501e-12], "max": [0.0469059720635, 0.0505877323449, 0.00880881026387, 0.0122277569026, 0.00446632644162, 0.00562713341787, 0.00551626179367, 0.0114286420867, 0.00756953284144, 0.00910217408091, 0.0130439782515, 0.0059197912924, 0.0105616934597, 0.00401859963313, 0.00200425763614, 0.0038554391358, 0.00366218853742, 0.00491208489984, 0.00336443958804, 0.00300214672461, 0.00134462898131, 0.00253890827298, 0.00104168336838, 0.000719371193554, 0.000480999675347, 0.000417996314354, 0.000359263445716, 0.000264587986749, 0.000114109687274, 9.94919537334e-05, 7.66059238231e-05, 0.000131349748699, 0.000152609936777, 0.000249556847848, 0.000280833628494, 0.000262609537458, 0.000243874179432, 8.8857326773e-05, 4.41608826804e-05, 2.28393982979e-05], "mean": [0.00140159123112, 0.00143336108886, 0.00048528375919, 0.00040012516547, 0.000186901335837, 0.00012678951316, 0.000115278460726, 0.000237181782722, 0.000105815648567, 0.000138247734867, 0.000121322766063, 7.38277594792e-05, 0.00011363329395, 5.47909585293e-05, 3.129056131e-05, 3.91967332689e-05, 5.21133188158e-05, 7.73419887992e-05, 6.30972499494e-05, 5.18229826412e-05, 2.0775007215e-05, 1.76997200469e-05, 2.49550175795e-05, 1.29350910356e-05, 6.56472548144e-06, 5.33361071575e-06, 5.81736503591e-06, 3.88831085729e-06, 2.22404787564e-06, 2.11702035813e-06, 2.24490236178e-06, 2.73495220426e-06, 4.34172625319e-06, 5.29120370629e-06, 5.46354885955e-06, 3.79355265068e-06, 2.43132990363e-06, 1.03133152152e-06, 3.33549337483e-07, 3.17682292916e-07], "median": [0.000711971719284, 0.00106300413609, 0.000293948687613, 0.000189971382497, 5.85421112191e-05, 2.484523975e-05, 2.23495699174e-05, 2.55228169408e-05, 1.09081638584e-05, 8.04989485914e-06, 7.39516235626e-06, 4.74256648886e-06, 6.06413323112e-06, 4.04956790589e-06, 3.41594750353e-06, 3.03176602756e-06, 3.66544122699e-06, 3.17211242873e-06, 2.79313053397e-06, 2.72542501989e-06, 2.0091144961e-06, 1.55247983002e-06, 1.65938126884e-06, 1.02305750715e-06, 4.73836507808e-07, 4.54160073105e-07, 5.7477603832e-07, 3.91517573917e-07, 2.42386903437e-07, 2.44002194449e-07, 2.89557732458e-07, 2.95244376503e-07, 3.71101691599e-07, 4.52296490039e-07, 4.85818077323e-07, 3.11802295982e-07, 1.73339458343e-07, 6.95146766816e-08, 2.11692832153e-08, 2.56774228546e-08], "min": [3.68397312656e-09, 2.56800969378e-11, 1.4073589516e-11, 6.25750666561e-12, 4.25308182769e-12, 2.58224041108e-12, 3.52210968724e-12, 3.45695846081e-12, 2.62977335221e-12, 2.78869852557e-12, 2.47647713968e-12, 1.47010463698e-12, 1.85473750074e-12, 1.9774661509e-12, 1.90255233443e-12, 1.38764867652e-12, 7.8452820412e-13, 1.17908645087e-12, 1.21348634266e-12, 1.22801530229e-12, 1.28461791985e-12, 1.20833356342e-12, 9.22490599534e-13, 1.01114938904e-12, 9.29742611025e-13, 7.86312258794e-13, 5.61267124357e-13, 4.59956888115e-13, 4.60112742177e-13, 3.6985624524e-13, 3.42735930782e-13, 2.88139927499e-13, 2.54772196178e-13, 2.083514703e-13, 1.86239763303e-13, 1.57972728865e-13, 1.17420613163e-13, 1.21683113347e-13, 1.60570545033e-13, 1.1673255136e-13], "var": [7.4809177022e-06, 4.56265979665e-06, 3.95603450443e-07, 3.96300094962e-07, 1.21781482676e-07, 6.96079993645e-08, 1.02627865317e-07, 4.05136262316e-07, 1.26412302848e-07, 3.09425075784e-07, 2.64546741846e-07, 7.96652201984e-08, 2.62311914412e-07, 4.67927172565e-08, 1.14224851799e-08, 2.58707579803e-08, 2.69099107442e-08, 8.88783020514e-08, 3.8352805376e-08, 2.13721982334e-08, 3.26595817057e-09, 2.35405894777e-09, 3.9313818867e-09, 1.31769084533e-09, 4.32301389131e-10, 2.48189746532e-10, 2.63349314578e-10, 1.06591957483e-10, 3.18439094538e-11, 2.46232478851e-11, 2.45686214428e-11, 4.28344512637e-11, 1.15321113769e-10, 1.81509737796e-10, 2.09327347123e-10, 1.6001493186e-10, 1.16065955458e-10, 2.10312097598e-11, 1.35058338211e-12, 1.13966995563e-12]}, "melbands_crest": {"dmean": 2.60637664795, "dmean2": 4.1641907692, "dvar": 8.49049568176, "dvar2": 20.9812316895, "max": 39.8302078247, "mean": 17.0507583618, "median": 16.2067222595, "min": 3.78099799156, "var": 38.9921607971}, "melbands_flatness_db": {"dmean": 0.0265165846795, "dmean2": 0.0379560254514, "dvar": 0.00117277132813, "dvar2": 0.00224640080705, "max": 0.804197371006, "mean": 0.293438971043, "median": 0.248652011156, "min": 0.0458655618131, "var": 0.0243190135807}, "melbands_kurtosis": {"dmean": 23.3859157562, "dmean2": 36.9874000549, "dvar": 4055.58520508, "dvar2": 10562.2617188, "max": 1367.46447754, "mean": 49.3417854309, "median": 14.0648832321, "min": -1.93031573296, "var": 8965.68164062}, "melbands_skewness": {"dmean": 1.0704177618, "dmean2": 1.62395989895, "dvar": 2.86697149277, "dvar2": 6.7823266983, "max": 33.0466041565, "mean": 3.69445538521, "median": 2.90084648132, "min": -2.53136110306, "var": 9.95120620728}, "melbands_spread": {"dmean": 6.27410364151, "dmean2": 9.45105075836, "dvar": 205.673706055, "dvar2": 436.345428467, "max": 266.998321533, "mean": 21.0893917084, "median": 13.0222902298, "min": 0.205366939306, "var": 687.991271973}, "mfcc": {"cov": [[22069.671875, -882.138671875, -4110.57958984, -1791.07653809, -1740.08251953, -792.485656738, -1925.88232422, 62.8283691406, -314.674255371, 202.222763062, -176.993988037, -24.026638031, 47.3245239258], [-882.138671875, 1528.02404785, 93.2534561157, 2.05055356026, -29.0011959076, -41.8602180481, 172.581130981, -14.4758205414, -66.5869064331, -56.7145652771, 34.467830658, 14.18080616, 10.9337520599], [-4110.57958984, 93.2534561157, 1709.80383301, 531.023620605, 409.842926025, 281.04397583, 505.845031738, 25.9423065186, 38.0844345093, -51.9079017639, 29.9301433563, -1.97379016876, -10.5271320343], [-1791.07653809, 2.05055356026, 531.023620605, 710.516052246, 437.447387695, 85.4891967773, 185.64251709, -20.4732570648, 97.463218689, 0.356496363878, -35.4467811584, 3.34174084663, 36.9193572998], [-1740.08251953, -29.0011959076, 409.842926025, 437.447387695, 671.198181152, 143.306015015, 202.373397827, 1.27352249622, 132.81942749, 68.9549255371, -3.03504800797, 8.43752861023, 23.2973155975], [-792.485656738, -41.8602180481, 281.04397583, 85.4891967773, 143.306015015, 328.525238037, 180.132369995, 50.1562652588, 28.9015731812, 10.9500703812, 34.4103927612, 4.75046443939, -13.0015029907], [-1925.88232422, 172.581130981, 505.845031738, 185.64251709, 202.373397827, 180.132369995, 563.747619629, 50.0715293884, 93.5907516479, -11.3426542282, 81.6126098633, 17.326965332, 31.7771472931], [62.8283691406, -14.4758205414, 25.9423065186, -20.4732570648, 1.27352249622, 50.1562652588, 50.0715293884, 202.433837891, 48.7081680298, 36.6744842529, 26.1058559418, 3.18919539452, 15.403927803], [-314.674255371, -66.5869064331, 38.0844345093, 97.463218689, 132.81942749, 28.9015731812, 93.5907516479, 48.7081680298, 229.692871094, 53.5332107544, 40.2376251221, 20.8411922455, 15.9650726318], [202.222763062, -56.7145652771, -51.9079017639, 0.356496363878, 68.9549255371, 10.9500703812, -11.3426542282, 36.6744842529, 53.5332107544, 173.498321533, 39.0598640442, 13.4595909119, 3.03944039345], [-176.993988037, 34.467830658, 29.9301433563, -35.4467811584, -3.03504800797, 34.4103927612, 81.6126098633, 26.1058559418, 40.2376251221, 39.0598640442, 135.911010742, 24.6433143616, 5.07539701462], [-24.026638031, 14.18080616, -1.97379016876, 3.34174084663, 8.43752861023, 4.75046443939, 17.326965332, 3.18919539452, 20.8411922455, 13.4595909119, 24.6433143616, 130.579345703, 39.1943969727], [47.3245239258, 10.9337520599, -10.5271320343, 36.9193572998, 23.2973155975, -13.0015029907, 31.7771472931, 15.403927803, 15.9650726318, 3.03944039345, 5.07539701462, 39.1943969727, 129.685333252]], "icov": [[0.000103094032966, 2.96155703836e-05, 0.000164228200447, 3.175164602e-05, 0.000119499760331, -2.85246660496e-05, 0.000149440937093, -6.38641577098e-05, 1.49445704665e-05, -0.000100832112366, 5.60168082302e-05, 1.88896992768e-05, -9.65630752034e-05], [2.96155703836e-05, 0.000731307023671, 7.55476867198e-05, -5.39178881809e-06, 2.454809146e-05, 0.000246693380177, -0.000300958694424, -3.69525150745e-05, 0.000331509683747, 0.000129887586809, -0.000159893374075, -8.50724245538e-05, 2.17735941987e-05], [0.000164228200447, 7.55476867198e-05, 0.00130987144075, -0.000537566374987, 8.79965446074e-05, -0.000374965398805, -0.000437627313659, -0.000206766853807, 0.000440832955064, 9.07794965315e-05, 4.26613814852e-06, -2.02117480512e-05, 0.000221002730541], [3.175164602e-05, -5.39178881809e-06, -0.000537566374987, 0.00288646062836, -0.00144033378456, 0.000259819353232, 6.28796260571e-05, 0.000304892542772, -0.000555491133127, 0.000283354165731, 0.000810066005215, 9.11877068575e-05, -0.000640843063593], [0.000119499760331, 2.454809146e-05, 8.79965446074e-05, -0.00144033378456, 0.00318101327866, -0.000752491119783, -0.000109234184492, 0.000366433203453, -0.000809940509498, -0.00129531032871, 0.000613730109762, 9.6459290944e-05, -0.000215250838664], [-2.85246660496e-05, 0.000246693380177, -0.000374965398805, 0.000259819353232, -0.000752491119783, 0.00430630892515, -0.0010059659835, -0.000849242031109, 0.000488387653604, 9.71289191511e-05, -0.000447279919172, -0.00025098194601, 0.000830438628327], [0.000149440937093, -0.000300958694424, -0.000437627313659, 6.28796260571e-05, -0.000109234184492, -0.0010059659835, 0.0035301647149, -0.000279654341284, -0.000880651641637, 0.00056401558686, -0.00134175340645, 0.000246520037763, -0.000922401435673], [-6.38641577098e-05, -3.69525150745e-05, -0.000206766853807, 0.000304892542772, 0.000366433203453, -0.000849242031109, -0.000279654341284, 0.00581476138905, -0.0011543383589, -0.000980383483693, -9.88943065749e-05, 0.000431223394116, -0.000811651581898], [1.49445704665e-05, 0.000331509683747, 0.000440832955064, -0.000555491133127, -0.000809940509498, 0.000488387653604, -0.000880651641637, -0.0011543383589, 0.00608693016693, -0.000877133454196, -0.00115456851199, -0.00055345648434, 0.00019155863265], [-0.000100832112366, 0.000129887586809, 9.07794965315e-05, 0.000283354165731, -0.00129531032871, 9.71289191511e-05, 0.00056401558686, -0.000980383483693, -0.000877133454196, 0.00747903576121, -0.00215679570101, -0.000319235899951, 0.000286812370177], [5.60168082302e-05, -0.000159893374075, 4.26613814852e-06, 0.000810066005215, 0.000613730109762, -0.000447279919172, -0.00134175340645, -9.88943065749e-05, -0.00115456851199, -0.00215679570101, 0.00983053632081, -0.00133224343881, 0.000158790266141], [1.88896992768e-05, -8.50724245538e-05, -2.02117480512e-05, 9.11877068575e-05, 9.6459290944e-05, -0.00025098194601, 0.000246520037763, 0.000431223394116, -0.00055345648434, -0.000319235899951, -0.00133224343881, 0.0088164806366, -0.00271826027893], [-9.65630752034e-05, 2.17735941987e-05, 0.000221002730541, -0.000640843063593, -0.000215250838664, 0.000830438628327, -0.000922401435673, -0.000811651581898, 0.00019155863265, 0.000286812370177, 0.000158790266141, -0.00271826027893, 0.00917411409318]], "mean": [-740.668884277, 116.481681824, 22.9128990173, 31.4849338531, 17.4114398956, 22.5696353912, -4.54182052612, 15.2579307556, -2.93075609207, 8.86878204346, -2.14045810699, 0.203410103917, -0.850888550282]}, "pitch_salience": {"dmean": 0.0622118115425, "dmean2": 0.0995560884476, "dvar": 0.00479641044512, "dvar2": 0.0123039614409, "max": 0.971616089344, "mean": 0.456998586655, "median": 0.455629050732, "min": 0.013347486034, "var": 0.0175316687673}, "silence_rate_20dB": {"dmean": 0, "dmean2": 0, "dvar": 0, "dvar2": 0, "max": 1, "mean": 1, "median": 1, "min": 1, "var": 0}, "silence_rate_30dB": {"dmean": 0.0052504921332, "dmean2": 0.0105017507449, "dvar": 0.00522278249264, "dvar2": 0.0127235641703, "max": 1, "mean": 0.99577075243, "median": 1, "min": 0, "var": 0.0042115249671}, "silence_rate_60dB": {"dmean": 0.031648799777, "dmean2": 0.063302218914, "dvar": 0.0306510273367, "dvar2": 0.0671800971031, "max": 1, "mean": 0.127971410751, "median": 0, "min": 0, "var": 0.111584365368}, "spectral_centroid": {"dmean": 192.527709961, "dmean2": 285.049591064, "dvar": 120309.90625, "dvar2": 218288.734375, "max": 10546.7197266, "mean": 1078.88476562, "median": 929.502258301, "min": 78.8247070312, "var": 697415}, "spectral_complexity": {"dmean": 1.81535768509, "dmean2": 2.79550766945, "dvar": 7.19272089005, "dvar2": 14.5186481476, "max": 54, "mean": 11.0271987915, "median": 7, "min": 0, "var": 100.97089386}, "spectral_contrast_coeffs": {"dmean": [0.0422063656151, 0.0438643731177, 0.035919662565, 0.0310279540718, 0.022525973618, 0.0200769584626], "dmean2": [0.0688812211156, 0.0691209211946, 0.0560137555003, 0.0485657788813, 0.034563023597, 0.0296557527035], "dvar": [0.00143660861067, 0.00159374624491, 0.00110426510219, 0.000838235660922, 0.000425477337558, 0.000398124800995], "dvar2": [0.00354625098407, 0.00352592254058, 0.00229856139049, 0.00178331125062, 0.000899355800357, 0.000826552277431], "max": [-0.278010398149, -0.276225149632, -0.379664063454, -0.473764210939, -0.498898386955, -0.534882426262], "mean": [-0.636934876442, -0.705979049206, -0.76267015934, -0.759192168713, -0.781508266926, -0.75717997551], "median": [-0.646052122116, -0.719024181366, -0.782603025436, -0.77051627636, -0.786818861961, -0.755282104015], "min": [-0.971897542477, -0.973228514194, -0.971360146999, -0.972334563732, -0.961063504219, -0.957904696465], "var": [0.00892582535744, 0.0125428428873, 0.0104001900181, 0.00794620532542, 0.00437032571062, 0.0038025288377]}, "spectral_contrast_valleys": {"dmean": [0.393624514341, 0.380524545908, 0.344541370869, 0.311112463474, 0.274674326181, 0.367467224598], "dmean2": [0.620455563068, 0.605772793293, 0.539002239704, 0.479081511497, 0.403906941414, 0.480114459991], "dvar": [0.184705719352, 0.155082434416, 0.14128908515, 0.124052628875, 0.131704747677, 0.233155846596], "dvar2": [0.377856701612, 0.345977216959, 0.302084386349, 0.257548123598, 0.258442521095, 0.412512302399], "max": [-5.06932735443, -5.08782052994, -5.08206272125, -5.57257223129, -5.28823184967, -7.5029258728], "mean": [-7.81361150742, -8.29448986053, -8.77421474457, -9.01001644135, -8.96440696716, -11.2002162933], "median": [-7.61925029755, -7.99673461914, -8.5069026947, -8.74860572815, -8.76495361328, -11.0452289581], "min": [-26.9246006012, -27.6113567352, -26.863527298, -27.1391887665, -27.252199173, -27.3035430908], "var": [1.72188937664, 2.56641674042, 2.79824852943, 2.92142057419, 2.6955344677, 2.56348347664]}, "spectral_decrease": {"dmean": 1.51475776367e-09, "dmean2": 2.34785879627e-09, "dvar": 1.22586967368e-17, "dvar2": 2.97069079155e-17, "max": 2.94481480216e-13, "mean": -4.65148497497e-09, "median": -3.03787905942e-09, "min": -6.83167229454e-08, "var": 2.52492646817e-17}, "spectral_energy": {"dmean": 0.00602835090831, "dmean2": 0.00932281836867, "dvar": 0.000183679716429, "dvar2": 0.000442082353402, "max": 0.266145884991, "mean": 0.0191268827766, "median": 0.012218542397, "min": 3.33342384806e-08, "var": 0.000426665501436}, "spectral_energyband_high": {"dmean": 0.00032444766839, "dmean2": 0.000450561317848, "dvar": 7.55968699195e-07, "dvar2": 1.47080629631e-06, "max": 0.0203156135976, "mean": 0.000829541590065, "median": 0.000117618641525, "min": 9.42625838496e-11, "var": 2.98581562674e-06}, "spectral_energyband_low": {"dmean": 0.00382796651684, "dmean2": 0.00617320137098, "dvar": 0.000148241961142, "dvar2": 0.000373878399841, "max": 0.210363984108, "mean": 0.00784918479621, "median": 0.0054199360311, "min": 1.46931595779e-08, "var": 0.000147667073179}, "spectral_energyband_middle_high": {"dmean": 0.00152507366147, "dmean2": 0.002278650878, "dvar": 1.33089442897e-05, "dvar2": 2.88998835458e-05, "max": 0.0950081944466, "mean": 0.00506952218711, "median": 0.000860973494127, "min": 3.88344356672e-10, "var": 8.78375285538e-05}, "spectral_energyband_middle_low": {"dmean": 0.0020365267992, "dmean2": 0.00313214049675, "dvar": 1.21587918329e-05, "dvar2": 2.89607232844e-05, "max": 0.0747067555785, "mean": 0.00599750969559, "median": 0.0038668520283, "min": 3.03416597403e-10, "var": 4.91598548251e-05}, "spectral_entropy": {"dmean": 0.20877122879, "dmean2": 0.293811321259, "dvar": 0.077859416604, "dvar2": 0.140753403306, "max": 9.80533123016, "mean": 7.02007198334, "median": 7.2501616478, "min": 3.77479219437, "var": 0.894202113152}, "spectral_flux": {"dmean": 0.0205663368106, "dmean2": 0.0314855203032, "dvar": 0.00088907929603, "dvar2": 0.00189326202963, "max": 0.438104689121, "mean": 0.0565693490207, "median": 0.0417553335428, "min": 9.6492258308e-05, "var": 0.00262277317233}, "spectral_kurtosis": {"dmean": 2.17522501945, "dmean2": 3.51122951508, "dvar": 15.6199903488, "dvar2": 35.3916702271, "max": 128.472595215, "mean": 6.04302406311, "median": 3.79465770721, "min": -1.20832204819, "var": 72.4093856812}, "spectral_rms": {"dmean": 0.00057736603776, "dmean2": 0.000853651261423, "dvar": 9.25074914448e-07, "dvar2": 1.97930012291e-06, "max": 0.0161137990654, "mean": 0.00378975924104, "median": 0.0034526118543, "min": 5.70273687117e-06, "var": 4.2981050683e-06}, "spectral_rolloff": {"dmean": 377.914276123, "dmean2": 641.783081055, "dvar": 1026791.125, "dvar2": 2181027.75, "max": 15073.2421875, "mean": 1239.20227051, "median": 559.86328125, "min": 21.533203125, "var": 2695955.5}, "spectral_skewness": {"dmean": 0.273789554834, "dmean2": 0.416411399841, "dvar": 0.128997072577, "dvar2": 0.263844639063, "max": 9.77979183197, "mean": 1.79001045227, "median": 1.56108498573, "min": -0.5846170187, "var": 1.0213739872}, "spectral_spread": {"dmean": 728414.5, "dmean2": 1058998.375, "dvar": 1182440095740.0, "dvar2": 2318730264580.0, "max": 41297920, "mean": 4800585, "me