{"lowlevel": {"average_loudness": 0.475407034159, "barkbands": {"dmean": [1.11090434984e-06, 0.000510009122081, 0.00187911977991, 0.000428768282291, 0.000808669952676, 0.000993603724055, 0.000775513704866, 0.000900316401385, 0.00141007802449, 0.00160084792878, 0.000436086236732, 0.000449389248388, 0.00031499742181, 0.000367146887584, 0.000162427386385, 3.55653137376e-05, 4.60412993561e-05, 0.000105193947093, 4.09414351452e-05, 6.91278410159e-06, 4.73432646686e-06, 3.79334960598e-06, 3.08637845592e-06, 3.48561889041e-06, 1.22789049328e-06, 5.05308037191e-07, 1.37136044742e-08], "dmean2": [1.91299636754e-06, 0.000729256833438, 0.00257508503273, 0.000689865963068, 0.00126400752924, 0.00150163366925, 0.0011871351162, 0.00139294320252, 0.00229596998543, 0.00263588316739, 0.000688206171617, 0.000694801681675, 0.000494518259075, 0.000581684871577, 0.000262467190623, 5.34477185283e-05, 7.24211422494e-05, 0.000154720066348, 6.3833736931e-05, 1.0729539099e-05, 6.93618540026e-06, 5.51030871065e-06, 4.73355385111e-06, 5.30209490535e-06, 1.91606818589e-06, 7.70086160173e-07, 2.17919655654e-08], "dvar": [6.13976230968e-12, 2.3065242658e-06, 3.22993982991e-05, 8.63031061726e-07, 2.86371960101e-06, 3.54239136868e-06, 2.89692798106e-06, 4.54980545328e-06, 1.0771338566e-05, 1.8012129658e-05, 2.12847385228e-06, 1.62155936323e-06, 9.83434119917e-07, 1.51979565999e-06, 5.65693312637e-07, 4.43370922198e-08, 1.88175786064e-08, 1.17939841004e-07, 1.87427602327e-08, 3.13481574032e-10, 4.39403652353e-10, 2.54438498049e-10, 1.86094362142e-10, 3.33729932578e-10, 2.90764981536e-11, 6.04236192331e-12, 3.36117877712e-15], "dvar2": [1.67819386859e-11, 4.18723402618e-06, 5.0856386224e-05, 2.35947686633e-06, 7.1174954428e-06, 8.02727117843e-06, 6.87697774993e-06, 1.05942981463e-05, 2.8852984542e-05, 4.83892363263e-05, 4.5299316298e-06, 3.6359481328e-06, 2.51190522249e-06, 3.84844452128e-06, 1.47770515468e-06, 9.833081549e-08, 4.45801546789e-08, 2.3262091986e-07, 4.52492550096e-08, 7.19263926197e-10, 9.79342273943e-10, 4.30680047181e-10, 3.95195348668e-10, 7.14653947131e-10, 6.20327816891e-11, 1.29132780857e-11, 8.4039483475e-15], "max": [7.00340096955e-05, 0.0291633475572, 0.147118017077, 0.0195923931897, 0.0426511578262, 0.0653564035892, 0.0405341982841, 0.0569244213402, 0.0503706522286, 0.0692042708397, 0.0426953732967, 0.0443048067391, 0.0236576460302, 0.0310117360204, 0.0289538837969, 0.0142445415258, 0.00347246299498, 0.0155154140666, 0.00567530188709, 0.000436636328232, 0.000571415759623, 0.000818710774183, 0.000575562007725, 0.000832457852084, 0.000195833446924, 0.000137401220854, 2.98870759252e-06], "mean": [1.21447476431e-06, 0.000966647698078, 0.00321254762821, 0.000819579756353, 0.00181949697435, 0.0021505006589, 0.00150751741603, 0.00174397067167, 0.00262816739269, 0.00294173927978, 0.000687758962158, 0.000923660234548, 0.000548574724235, 0.000691652821843, 0.00028807084891, 7.06291102688e-05, 0.000101024925243, 0.000270449876552, 8.85627814569e-05, 1.39700132422e-05, 8.40917437017e-06, 8.67187736731e-06, 6.57201007925e-06, 7.38600238037e-06, 2.19700859816e-06, 9.98609834824e-07, 3.51084423755e-08], "median": [5.81836502533e-07, 0.000115259375889, 0.000286758528091, 0.000258878455497, 0.000944686937146, 0.000912095652893, 0.000484855874674, 0.000530876917765, 0.000372067093849, 0.000158372073201, 4.52901840617e-05, 7.92384234956e-05, 3.19409446092e-05, 2.35074294324e-05, 1.0861879673e-05, 5.37713003723e-06, 1.24716525534e-05, 2.381750528e-05, 1.07853102236e-05, 1.52752284066e-06, 1.32149045839e-06, 1.39327141824e-06, 1.35171023885e-06, 1.41869850268e-06, 4.61856586753e-07, 2.71700059784e-07, 1.6788586521e-08], "min": [7.91454482662e-25, 1.04965516504e-24, 2.35475532411e-24, 5.77952483412e-25, 1.03194531661e-23, 6.06486243024e-24, 1.09233183004e-23, 8.72667121209e-24, 1.2251016169e-23, 1.51627096587e-23, 1.66930130402e-23, 2.84835805651e-23, 3.21892736e-23, 4.16427270973e-23, 5.71186539784e-23, 6.49549015992e-23, 4.95873768282e-23, 1.11895287214e-22, 1.25025820184e-22, 1.84272189796e-22, 2.07605294355e-22, 2.61662334984e-22, 3.73783703423e-22, 6.15489018709e-22, 8.68540551948e-22, 1.22830535143e-21, 2.10932288086e-21], "var": [6.21126847872e-12, 6.01756391916e-06, 9.1449568572e-05, 3.11628332383e-06, 8.78924674907e-06, 1.12035386337e-05, 9.03181808098e-06, 1.38076729854e-05, 2.61124514509e-05, 4.56814595964e-05, 4.36002937931e-06, 5.97502412347e-06, 2.28576186601e-06, 4.5427891564e-06, 1.06753941509e-06, 1.12258575768e-07, 6.69065585157e-08, 6.56138524846e-07, 4.4720117387e-08, 9.42359412726e-10, 8.29537938341e-10, 7.5255829346e-10, 4.35260605336e-10, 6.40807185093e-10, 5.68308178295e-11, 1.1317977805e-11, 5.80826331448e-15]}, "barkbands_crest": {"dmean": 2.66179537773, "dmean2": 4.35990333557, "dvar": 5.70275402069, "dvar2": 14.5607404709, "max": 26.7823200226, "mean": 11.2900323868, "median": 10.4865436554, "min": 3.70587921143, "var": 18.1413021088}, "barkbands_flatness_db": {"dmean": 0.02043145895, "dmean2": 0.0306950993836, "dvar": 0.000440480915131, "dvar2": 0.000865533947945, "max": 0.576765596867, "mean": 0.232489615679, "median": 0.224173381925, "min": 0.0412929430604, "var": 0.00465619564056}, "barkbands_kurtosis": {"dmean": 4.64152622223, "dmean2": 7.47946119308, "dvar": 448.483917236, "dvar2": 1190.57629395, "max": 1080.89916992, "mean": 8.47589206696, "median": 3.15121078491, "min": -1.89077877998, "var": 616.122253418}, "barkbands_skewness": {"dmean": 0.54061961174, "dmean2": 0.833018660545, "dvar": 0.550744712353, "dvar2": 1.28500461578, "max": 29.2316055298, "mean": 1.34853041172, "median": 1.0703189373, "min": -3.68388009071, "var": 2.4097597599}, "barkbands_spread": {"dmean": 2.32028245926, "dmean2": 3.62414312363, "dvar": 17.7383384705, "dvar2": 41.9695472717, "max": 142.831802368, "mean": 9.16604328156, "median": 7.22812175751, "min": 0.192563295364, "var": 86.371307373}, "dissonance": {"dmean": 0.0395652502775, "dmean2": 0.0664159804583, "dvar": 0.00127081712708, "dvar2": 0.00346748717129, "max": 0.499995678663, "mean": 0.408614218235, "median": 0.417999148369, "min": 0.102042935789, "var": 0.00330747407861}, "dynamic_complexity": 5.92924499512, "erbbands": {"dmean": [0.00406016223133, 0.18117621541, 1.85543620586, 1.69698190689, 2.13813185692, 2.77958869934, 3.79507064819, 10.2240200043, 11.3469161987, 10.6491041183, 22.4552974701, 25.231136322, 44.9990768433, 39.6156311035, 17.0326366425, 16.7341899872, 10.7678070068, 18.7663478851, 12.6720962524, 2.57325744629, 1.77406108379, 2.1690518856, 5.08028650284, 3.4853284359, 0.941257953644, 0.26974144578, 0.22778852284, 0.139927268028, 0.159439831972, 0.0782597064972, 0.0971930995584, 0.0861642733216, 0.0520898774266, 0.0167826022953, 0.00755723938346, 0.00320427305996, 0.000778639980126, 5.8612851717e-05, 4.34608591604e-06, 6.46336911814e-06], "dmean2": [0.00586618343368, 0.250976622105, 2.49837183952, 2.56784081459, 3.39752912521, 4.34491586685, 5.67684030533, 15.6468105316, 17.4583415985, 15.8607683182, 35.0982475281, 40.6356201172, 73.1361923218, 64.7715759277, 26.9500408173, 25.9092845917, 16.9973201752, 29.8946495056, 19.7837638855, 3.90636444092, 2.55916976929, 3.2280921936, 7.55527591705, 5.10687446594, 1.46334195137, 0.41319835186, 0.329671978951, 0.204656720161, 0.23118789494, 0.115983009338, 0.149147287011, 0.132742658257, 0.0789463147521, 0.0256068222225, 0.0122087066993, 0.00494039757177, 0.00120028434321, 9.00425511645e-05, 6.54277937429e-06, 9.59546287049e-06], "dvar": [0.000114633832709, 0.291720569134, 33.7097167969, 14.2955760956, 21.6318073273, 37.6652832031, 77.2415618896, 456.520721436, 641.220703125, 812.047790527, 2885.0300293, 3245.40576172, 12731.3027344, 16161.6210938, 2490.18481445, 2377.10180664, 1346.2298584, 3965.96435547, 2941.47875977, 187.749557495, 106.79662323, 42.8384094238, 291.892272949, 153.082183838, 5.30681610107, 0.496036887169, 0.937395334244, 0.469670504332, 0.390335887671, 0.122074842453, 0.205492779613, 0.200820744038, 0.0620439238846, 0.00570771237835, 0.00131625903305, 0.00015894594253, 2.30630794249e-05, 5.01218764271e-08, 1.19289245148e-10, 8.89290099892e-11], "dvar2": [0.000219618319534, 0.480159044266, 49.7564315796, 34.7367134094, 55.7341117859, 88.4506530762, 148.567153931, 1056.9263916, 1626.64868164, 1752.89770508, 7131.2421875, 8481.71484375, 34256.5234375, 43082.1054688, 5565.14550781, 5475.78173828, 3588.37768555, 9950.41308594, 6707.94726563, 333.929718018, 208.09538269, 89.991569519, 644.064208984, 294.627716064, 13.0737628937, 1.10469055176, 2.04354023933, 0.96288651228, 0.677390933037, 0.21285019815, 0.44699203968, 0.447530448437, 0.133231237531, 0.0114588551223, 0.00303880078718, 0.000317288795486, 5.30536781298e-05, 1.13851285732e-07, 2.71168948407e-10, 1.78551090579e-10], "max": [0.255215793848, 10.5842351913, 141.909179688, 122.719596863, 162.556365967, 164.930953979, 507.332702637, 725.462463379, 647.121276855, 1187.75476074, 1264.9901123, 1160.64013672, 2081.11157227, 2672.84204102, 1628.22558594, 2026.65771484, 1146.90795898, 1657.7487793, 2079.56079102, 923.122741699, 785.074035645, 195.833892822, 601.368408203, 579.828979492, 47.0613059998, 24.7512226105, 33.6457328796, 23.7007961273, 25.9963684082, 15.8888339996, 17.3704166412, 17.3922634125, 11.2739515305, 3.02594161034, 1.49804258347, 0.450971752405, 0.311908632517, 0.00795657560229, 0.000500847934745, 0.000189030353795], "mean": [0.00868207681924, 0.340922415257, 3.18438792229, 3.23431110382, 4.198117733, 6.097676754, 8.74982357025, 21.5265731812, 24.3263874054, 22.9500999451, 43.6272735596, 50.208820343, 90.8276138306, 72.5951004028, 35.065322876, 34.7500915527, 22.8132762909, 40.0515823364, 25.3869609833, 6.02549600601, 4.46592378616, 5.85183334351, 13.2805261612, 9.8480014801, 2.47617769241, 0.660315155983, 0.401555031538, 0.289795279503, 0.34981161356, 0.178869485855, 0.202734455466, 0.178855523467, 0.107909962535, 0.0322141647339, 0.0129411257803, 0.0061701615341, 0.001412580139, 0.000134852103656, 1.78960726771e-05, 2.50269313256e-05], "median": [0.00120107224211, 0.0471181571484, 0.339088380337, 0.911695957184, 1.96349430084, 2.70577907562, 4.21342945099, 7.74691867828, 8.74817848206, 7.79688596725, 14.9646816254, 10.7741260529, 10.0339393616, 4.918176651, 3.26837491989, 3.16216754913, 2.15616941452, 1.95886707306, 0.985009133816, 0.472268372774, 0.394832134247, 0.880743026733, 1.3848721981, 0.953889012337, 0.319189548492, 0.0907749012113, 0.0572825707495, 0.0515871718526, 0.0548871383071, 0.0330774672329, 0.0415797904134, 0.0335373729467, 0.0210874006152, 0.00669027445838, 0.00277824234217, 0.00158155313693, 0.000377532240236, 4.74880434922e-05, 1.12139323392e-05, 1.63511940627e-05], "min": [5.75711887699e-23, 3.63923144056e-22, 3.24661948273e-21, 4.77714413649e-21, 1.42088432733e-20, 2.22843943362e-20, 4.79682909637e-20, 4.37722008178e-20, 1.11949331633e-19, 1.90505407787e-19, 2.79590433314e-19, 3.74769091618e-19, 6.9306511525e-19, 7.42267524145e-19, 1.14819741417e-18, 1.14629200362e-18, 1.69310988052e-18, 2.05791886453e-18, 3.11621270625e-18, 3.70859851552e-18, 3.33753542569e-18, 3.61082121763e-18, 5.75422609653e-18, 6.31697981472e-18, 6.18504988369e-18, 9.25977079683e-18, 1.02299701101e-17, 8.21445769366e-18, 8.87841902775e-18, 1.21135075142e-17, 1.14233129742e-17, 1.21611729698e-17, 1.0325391184e-17, 7.428394575e-18, 6.68795088071e-18, 4.20094841023e-18, 2.37135662378e-18, 9.78747914721e-19, 2.63781796886e-19, 2.85914881794e-20], "var": [0.000437873037299, 0.763599872589, 91.6064453125, 43.250743866, 49.0121917725, 126.159202576, 305.94921875, 1318.21862793, 2258.01855469, 2531.1953125, 6974.74609375, 8206.94042969, 36023.2109375, 36102.1796875, 7474.97509766, 8707.79492188, 3576.04541016, 12779.0058594, 6670.64160156, 553.201782227, 397.156402588, 206.714324951, 1509.07580566, 778.230895996, 20.607843399, 1.81434798241, 1.75295209885, 0.992326498032, 1.22310876846, 0.352230429649, 0.439106613398, 0.380220323801, 0.121156327426, 0.0130276549608, 0.00206514005549, 0.000364004314179, 3.2010157156e-05, 1.05072139434e-07, 4.27437946149e-10, 6.26907636914e-10]}, "erbbands_crest": {"dmean": 3.15401220322, "dmean2": 5.1684756279, "dvar": 7.88867139816, "dvar2": 20.3514518738, "max": 31.0785160065, "mean": 12.7986869812, "median": 11.9931602478, "min": 2.52968502045, "var": 24.1575489044}, "erbbands_flatness_db": {"dmean": 0.018877632916, "dmean2": 0.0290558133274, "dvar": 0.000325293425703, "dvar2": 0.00069276324939, "max": 0.426494032145, "mean": 0.250183850527, "median": 0.254019916058, "min": 0.0284158084542, "var": 0.00292651657946}, "erbbands_kurtosis": {"dmean": 2.33595871925, "dmean2": 3.79007720947, "dvar": 15.5779733658, "dvar2": 40.2281303406, "max": 115.278083801, "mean": 4.26849031448, "median": 2.48085403442, "min": -1.88747155666, "var": 41.9408912659}, "erbbands_skewness": {"dmean": 0.435564488173, "dmean2": 0.680455327034, "dvar": 0.185192510486, "dvar2": 0.441738069057, "max": 9.4172077179, "mean": 1.0393525362, "median": 0.932338953018, "min": -3.69329452515, "var": 1.09812164307}, "erbbands_spread": {"dmean": 4.15759038925, "dmean2": 6.37955379486, "dvar": 41.1311645508, "dvar2": 86.9597549438, "max": 128.353057861, "mean": 16.7401409149, "median": 12.7119731903, "min": 1.56860792637, "var": 197.767196655}, "gfcc": {"cov": [[24101.3828125, 2198.47290039, -4724.58105469, -161.25592041, -1000.27075195, 129.962768555, 18.5197181702, 495.476470947, -196.831802368, -729.351989746, 110.668792725, -496.939575195, -509.863891602], [2198.47290039, 1592.29052734, 303.312255859, -212.520065308, 34.9239311218, -140.103820801, -30.8352890015, -121.669342041, 61.5485534668, -131.889755249, 83.8330383301, -60.2690315247, -43.1691055298], [-4724.58105469, 303.312255859, 1966.3581543, 205.994125366, 166.048187256, -47.3910980225, -99.7419586182, -253.93119812, 41.9370346069, 182.390792847, -71.9985427856, 136.794204712, 159.641525269], [-161.25592041, -212.520065308, 205.994125366, 447.760650635, 89.8452224731, -5.74700021744, -45.2711868286, 4.86657142639, 44.9530448914, 33.6223602295, -56.0908699036, 16.2130889893, 33.3816299438], [-1000.27075195, 34.9239311218, 166.048187256, 89.8452224731, 416.865997314, 109.120025635, 2.53093576431, 14.5011444092, 73.4440841675, 39.4149551392, -7.97574329376, -44.1853370667, 3.0130572319], [129.962768555, -140.103820801, -47.3910980225, -5.74700021744, 109.120025635, 335.342193604, 178.788467407, 52.8578071594, -15.1687335968, 25.4332027435, -24.1503391266, -42.4061088562, -25.9886188507], [18.5197181702, -30.8352890015, -99.7419586182, -45.2711868286, 2.53093576431, 178.788467407, 392.766967773, 132.815155029, -33.6912345886, -47.5542297363, 53.4304008484, -4.7608962059, -65.5722732544], [495.476470947, -121.669342041, -253.93119812, 4.86657142639, 14.5011444092, 52.8578071594, 132.815155029, 212.453018188, 14.1470127106, -24.7385921478, 47.2732162476, -0.202557370067, -58.2063560486], [-196.831802368, 61.5485534668, 41.9370346069, 44.9530448914, 73.4440841675, -15.1687335968, -33.6912345886, 14.1470127106, 152.239273071, 49.8962249756, 6.5083937645, 1.9532943964, 28.7525177002], [-729.351989746, -131.889755249, 182.390792847, 33.6223602295, 39.4149551392, 25.4332027435, -47.5542297363, -24.7385921478, 49.8962249756, 160.24697876, -5.09531116486, 20.5456523895, 40.9594345093], [110.668792725, 83.8330383301, -71.9985427856, -56.0908699036, -7.97574329376, -24.1503391266, 53.4304008484, 47.2732162476, 6.5083937645, -5.09531116486, 130.939025879, 33.2066879272, -39.060749054], [-496.939575195, -60.2690315247, 136.794204712, 16.2130889893, -44.1853370667, -42.4061088562, -4.7608962059, -0.202557370067, 1.9532943964, 20.5456523895, 33.2066879272, 129.883895874, 31.5282840729], [-509.863891602, -43.1691055298, 159.641525269, 33.3816299438, 3.0130572319, -25.9886188507, -65.5722732544, -58.2063560486, 28.7525177002, 40.9594345093, -39.060749054, 31.5282840729, 141.420913696]], "icov": [[0.000529281445779, -0.00148859783076, 0.00147973117419, -0.0013871784322, 0.00136659643613, -0.00134804320987, 0.000923604471609, -0.000831509649288, 0.000905941938981, -0.00044694475946, 0.000430407002568, -4.5232460252e-05, -5.73690340389e-06], [-0.00148859783076, 0.00524344388396, -0.00449877465144, 0.00440173968673, -0.00387937622145, 0.00403962051496, -0.00262004649267, 0.00296590290964, -0.00350651424378, 0.00256075151265, -0.00205339118838, 0.000933928706218, 0.000299909268506], [0.00147973117419, -0.00449877465144, 0.00507634831592, -0.00426249112934, 0.00339768268168, -0.00355217815377, 0.00214065844193, -0.00149577262346, 0.00297264778055, -0.00236290763132, 0.0018126941286, -0.0012409738265, -0.000253566948231], [-0.0013871784322, 0.00440173968673, -0.00426249112934, 0.00657244306058, -0.00407367898151, 0.00386366108432, -0.00225312053226, 0.00173641834408, -0.00325051415712, 0.0017312115524, -0.00011443218682, -4.64188888145e-05, 0.000207728939131], [0.00136659643613, -0.00387937622145, 0.00339768268168, -0.00407367898151, 0.00694942334667, -0.00494011957198, 0.0030791463796, -0.00264337914996, 0.000936682044994, -0.000850728421938, 0.00025795865804, 0.0012740639504, -4.07686457038e-06], [-0.00134804320987, 0.00403962051496, -0.00355217815377, 0.00386366108432, -0.00494011957198, 0.00890035741031, -0.00516052637249, 0.00242324965075, -0.00153561541811, -0.000625146843959, 0.000756135908887, 0.000865281559527, 0.000325517117744], [0.000923604471609, -0.00262004649267, 0.00214065844193, -0.00225312053226, 0.0030791463796, -0.00516052637249, 0.00665490049869, -0.00388087960891, 0.00188121432438, 0.00084878486814, -0.000952315866016, -3.10534051096e-05, 0.000235469648032], [-0.000831509649288, 0.00296590290964, -0.00149577262346, 0.00173641834408, -0.00264337914996, 0.00242324965075, -0.00388087960891, 0.00983661971986, -0.00328583037481, 0.0012057084823, -0.00199112086557, -0.0007694902597, 0.00187734351493], [0.000905941938981, -0.00350651424378, 0.00297264778055, -0.00325051415712, 0.000936682044994, -0.00153561541811, 0.00188121432438, -0.00328583037481, 0.0111839808524, -0.00433420250192, 0.000643042265438, -0.000171855732333, -0.00197745277546], [-0.00044694475946, 0.00256075151265, -0.00236290763132, 0.0017312115524, -0.000850728421938, -0.000625146843959, 0.00084878486814, 0.0012057084823, -0.00433420250192, 0.010805092752, -0.00250191870145, 0.000486271019327, -0.00082565046614], [0.000430407002568, -0.00205339118838, 0.0018126941286, -0.00011443218682, 0.00025795865804, 0.000756135908887, -0.000952315866016, -0.00199112086557, 0.000643042265438, -0.00250191870145, 0.0126486076042, -0.00444543175399, 0.00285662058741], [-4.5232460252e-05, 0.000933928706218, -0.0012409738265, -4.64188888145e-05, 0.0012740639504, 0.000865281559527, -3.10534051096e-05, -0.0007694902597, -0.000171855732333, 0.000486271019327, -0.00444543175399, 0.0116799520329, -0.00260307104327], [-5.73690340389e-06, 0.000299909268506, -0.000253566948231, 0.000207728939131, -4.07686457038e-06, 0.000325517117744, 0.000235469648032, 0.00187734351493, -0.00197745277546, -0.00082565046614, 0.00285662058741, -0.00260307104327, 0.0103314276785]], "mean": [-123.628097534, 140.252319336, -106.571350098, -5.46024274826, -63.8714485168, 0.479859232903, -38.8220252991, 6.46281957626, -23.7340488434, -13.0307331085, -7.85689878464, -4.9552564621, -17.3985748291]}, "hfc": {"dmean": 3.28717541695, "dmean2": 5.04188680649, "dvar": 28.0143013, "dvar2": 68.8959121704, "max": 94.1392059326, "mean": 13.656961441, "median": 6.85706043243, "min": 1.09382704757e-16, "var": 267.061157227}, "melbands": {"dmean": [8.27283874969e-05, 0.000711531785782, 0.000291059259325, 0.00018658983754, 0.000124189988128, 0.000218065470108, 0.000169581442606, 0.000123092744616, 0.000184697011719, 0.000184556061868, 0.000233556333114, 0.000176876827027, 5.904698628e-05, 5.59349355171e-05, 2.94436467811e-05, 3.17116100632e-05, 3.65469168173e-05, 2.4629809559e-05, 6.25191023573e-06, 2.31783337767e-06, 2.41305474447e-06, 2.20587162403e-06, 3.73070406567e-06, 6.28977613815e-06, 2.95800737149e-06, 9.97176925921e-07, 3.93401251131e-07, 1.49503065927e-07, 1.58252035476e-07, 1.09075081411e-07, 8.37288638422e-08, 1.05473226597e-07, 6.6807004373e-08, 3.99319084465e-08, 5.44092486621e-08, 7.017604986e-08, 5.07258235416e-08, 4.44080292539e-08, 2.09867110357e-08, 1.39167672941e-08], "dmean2": [0.000118681520689, 0.000959793746006, 0.000437724054791, 0.000293309160043, 0.000186245830264, 0.000332165916916, 0.000260076427367, 0.000182162475539, 0.000288514333079, 0.000299194449326, 0.00038018374471, 0.000290088442853, 9.28577865125e-05, 8.64155299496e-05, 4.58980066469e-05, 5.00917085446e-05, 5.77927639824e-05, 3.80714700441e-05, 9.8115824585e-06, 3.46336310031e-06, 3.58900888386e-06, 3.2910400023e-06, 5.67549705011e-06, 9.58263444772e-06, 4.44756824436e-06, 1.58195132371e-06, 6.1413925323e-07, 2.28355091281e-07, 2.33619658729e-07, 1.63485708526e-07, 1.2324501597e-07, 1.55178426553e-07, 1.00177906859e-07, 6.05917449548e-08, 8.39240996697e-08, 1.108348755e-07, 7.85807401371e-08, 6.78795757381e-08, 3.18060422444e-08, 2.16925997165e-08], "dvar": [5.48919771859e-08, 4.72304509458e-06, 3.72602897869e-07, 1.70006970279e-07, 7.57881366553e-08, 1.91201237953e-07, 1.31833985506e-07, 9.80467262934e-08, 1.99018472813e-07, 1.83511986052e-07, 3.29185525061e-07, 3.18373594155e-07, 3.06815906015e-08, 2.51899479053e-08, 9.75160396877e-09, 8.82997674978e-09, 1.6057802199e-08, 1.15949267965e-08, 6.5564836893e-10, 1.46799128409e-10, 2.85933970945e-10, 5.4848646458e-11, 1.17030232727e-10, 4.91891638532e-10, 1.14668489981e-10, 6.46719353417e-12, 9.60768682494e-13, 2.05656008174e-13, 3.77636154769e-13, 3.15137971057e-13, 1.60326857042e-13, 1.59510330834e-13, 7.85594327221e-14, 3.37011133247e-14, 6.98977280136e-14, 9.93796177621e-14, 7.60267703285e-14, 4.65643013514e-14, 7.21519435724e-15, 4.45320075777e-15], "dvar2": [1.0387980609e-07, 7.04663079887e-06, 8.67243727498e-07, 4.36194682152e-07, 1.48090919083e-07, 4.43326342747e-07, 3.24208315305e-07, 2.0340215201e-07, 4.95239817155e-07, 4.8115731488e-07, 8.81303776623e-07, 8.56531073623e-07, 6.86999399591e-08, 5.49649286086e-08, 2.43813822465e-08, 2.19809379587e-08, 4.02168893743e-08, 2.56893653017e-08, 1.43726885948e-09, 2.85190093763e-10, 6.45301923008e-10, 1.14015637209e-10, 2.62823235397e-10, 1.05462172328e-09, 2.38356945292e-10, 1.58854891047e-11, 2.26516960571e-12, 4.43648996663e-13, 8.24438065559e-13, 7.35397148992e-13, 3.19059692945e-13, 2.94783294996e-13, 1.39635346471e-13, 6.69605768945e-14, 1.53595086411e-13, 2.30490919319e-13, 1.64338784551e-13, 1.03086755712e-13, 1.5003682636e-14, 9.34173918099e-15], "max": [0.00424711126834, 0.0520751811564, 0.0201349500567, 0.0116053381935, 0.0155305452645, 0.0146284820512, 0.00872241333127, 0.0111681455746, 0.00872199609876, 0.00811831559986, 0.0103161027655, 0.0117162512615, 0.0052222548984, 0.00605429941788, 0.00309315347113, 0.00189394061454, 0.00358607131056, 0.00382784404792, 0.00108672433998, 0.000734592264052, 0.00123058375902, 0.000200043403311, 0.000379534903914, 0.000916661636438, 0.000497275323141, 6.33822928648e-05, 2.86691174551e-05, 2.09368317883e-05, 1.82958156074e-05, 1.58933562489e-05, 1.77043548319e-05, 1.8381717382e-05, 1.26128343254e-05, 8.85841654963e-06, 1.14082859e-05, 1.01333062048e-05, 1.28079609567e-05, 9.79620563157e-06, 3.18963930113e-06, 2.59495936916e-06], "mean": [0.000166153477039, 0.00125160207972, 0.000609325594269, 0.00038229659549, 0.000297170394333, 0.000463815551484, 0.000365007086657, 0.000265364942607, 0.000350438815076, 0.000352967967046, 0.0004685066815, 0.000315058394335, 0.000105426021037, 0.000114642672997, 5.44596405234e-05, 6.04612650932e-05, 7.41238472983e-05, 4.52161220892e-05, 1.28396941363e-05, 4.67799554826e-06, 5.37543746759e-06, 5.35356548426e-06, 8.59617193782e-06, 1.47845303218e-05, 7.40300311008e-06, 2.29928900808e-06, 8.60205830122e-07, 2.99689958183e-07, 2.62302762621e-07, 1.80854243581e-07, 1.60575893915e-07, 2.16175649825e-07, 1.40855519248e-07, 8.07188058616e-08, 1.0501205594e-07, 1.37058506766e-07, 9.92241879771e-08, 8.67395328896e-08, 4.05947844229e-08, 2.31559162955e-08], "median": [1.92731367861e-05, 0.000152830471052, 0.000211374048376, 0.000189245736692, 0.000143334211316, 0.0001782237523, 0.000135221634991, 8.74347679201e-05, 0.000106289982796, 5.28434538865e-05, 4.66349993076e-05, 1.60244671861e-05, 8.80215247889e-06, 9.60091711022e-06, 4.12696999774e-06, 3.67003394786e-06, 2.47801881414e-06, 1.16801606964e-06, 7.09774212737e-07, 3.85650650969e-07, 3.95851913026e-07, 6.71031898491e-07, 1.10138000764e-06, 1.14626186587e-06, 6.56184056425e-07, 2.76191059356e-07, 7.36743501761e-08, 3.71449715431e-08, 2.89398016662e-08, 2.82478325175e-08, 2.63278909785e-08, 3.08164160856e-08, 2.26386163149e-08, 1.44784504386e-08, 2.09295585307e-08, 2.51427465514e-08, 1.74680252485e-08, 1.63252771301e-08, 7.50280726436e-09, 4.33542002298e-09], "min": [1.01761528356e-24, 1.62004843813e-24, 1.51639852468e-24, 2.02817637568e-24, 1.82819855849e-24, 1.06316085817e-24, 2.25257298777e-24, 2.20626547212e-24, 2.40640678074e-24, 1.93049113814e-24, 2.55564585337e-24, 3.10871367023e-24, 2.48874709595e-24, 3.77776494496e-24, 2.68608104582e-24, 2.11208553802e-24, 3.66949378572e-24, 4.03348919574e-24, 3.95667938713e-24, 4.1015813025e-24, 3.26057964967e-24, 2.63995220718e-24, 5.01616849221e-24, 4.56940619044e-24, 3.63496731605e-24, 3.59008980801e-24, 4.41298098939e-24, 4.47532151129e-24, 5.52342814238e-24, 4.08182270341e-24, 4.11962570685e-24, 4.35142143979e-24, 4.07303163748e-24, 6.31019738291e-24, 6.04528724131e-24, 6.18164934296e-24, 7.20887679803e-24, 6.91862331657e-24, 4.674508101e-24, 6.17696469247e-24], "var": [1.60858675713e-07, 1.29261306938e-05, 1.29582656427e-06, 4.29105284638e-07, 3.42527158637e-07, 5.7783995544e-07, 4.68878738502e-07, 3.56643255373e-07, 4.51482776498e-07, 4.65301440045e-07, 9.6438861874e-07, 7.10636527401e-07, 7.71004806666e-08, 9.41988957948e-08, 2.40273987373e-08, 2.37725110708e-08, 5.10210718119e-08, 2.45022082623e-08, 1.85040993639e-09, 4.73908690068e-10, 6.82235989924e-10, 2.26461349673e-10, 4.98491303791e-10, 2.13941331317e-09, 4.9237131039e-10, 2.25120113523e-11, 3.16989663685e-12, 5.78377569362e-13, 7.45058203501e-13, 5.16337786329e-13, 3.26100122383e-13, 4.76067861348e-13, 2.21167322737e-13, 8.40631072239e-14, 1.39229543151e-13, 1.95055899059e-13, 1.35016197983e-13, 8.31794079144e-14, 1.63956254308e-14, 9.00787352153e-15]}, "melbands_crest": {"dmean": 3.28608942032, "dmean2": 5.27823352814, "dvar": 9.27729034424, "dvar2": 22.2422046661, "max": 35.1591644287, "mean": 14.4791574478, "median": 13.3585968018, "min": 1.52527880669, "var": 35.0136604309}, "melbands_flatness_db": {"dmean": 0.0226606745273, "dmean2": 0.0328944921494, "dvar": 0.000590548384935, "dvar2": 0.00107319036033, "max": 0.72343558073, "mean": 0.306404054165, "median": 0.29310053587, "min": 0.0035100125242, "var": 0.00849059503525}, "melbands_kurtosis": {"dmean": 5.2708363533, "dmean2": 8.29815101624, "dvar": 252.763122559, "dvar2": 604.118652344, "max": 461.498016357, "mean": 9.43592453003, "median": 3.6396074295, "min": -1.89160966873, "var": 506.757873535}, "melbands_skewness": {"dmean": 0.579728245735, "dmean2": 0.892988443375, "dvar": 0.53633928299, "dvar2": 1.18588316441, "max": 16.1690044403, "mean": 1.49083101749, "median": 1.12838828564, "min": -1.65003788471, "var": 2.44915437698}, "melbands_spread": {"dmean": 3.18455290794, "dmean2": 4.91320419312, "dvar": 43.0148773193, "dvar2": 79.4801254272, "max": 198.82699585, "mean": 13.7374773026, "median": 10.2881069183, "min": 0.280112475157, "var": 318.376617432}, "mfcc": {"cov": [[13936.0478516, 859.746398926, -2928.23144531, -674.741943359, -558.740783691, -591.270080566, 269.719848633, 880.965515137, -339.723236084, 454.979003906, 403.085723877, -156.35218811, -502.621124268], [859.746398926, 2060.77539063, 368.685028076, -58.6705780029, 96.4037094116, -69.5217590332, -54.7152557373, 26.2596035004, -110.145843506, -95.9975662231, 45.5864562988, 28.8687515259, -12.7116260529], [-2928.23144531, 368.685028076, 1336.23120117, 319.487670898, 100.408943176, 208.356048584, -69.1904983521, -222.72203064, 110.007980347, -198.511520386, -139.571426392, 87.1994934082, 134.122573853], [-674.741943359, -58.6705780029, 319.487670898, 408.868225098, 165.644866943, 26.844285965, -93.6008682251, -58.493637085, 65.3959350586, -56.928188324, -62.3307266235, 59.3836784363, 67.7635269165], [-558.740783691, 96.4037094116, 100.408943176, 165.644866943, 447.267242432, 114.153373718, -131.776229858, -125.569068909, 64.6692199707, 46.9056434631, -55.9295959473, -2.23238396645, 8.15452861786], [-591.270080566, -69.5217590332, 208.356048584, 26.844285965, 114.153373718, 310.559661865, 74.6553878784, -48.9945983887, 102.807395935, 25.448802948, -2.71835303307, 0.334944456816, -1.05567574501], [269.719848633, -54.7152557373, -69.1904983521, -93.6008682251, -131.776229858, 74.6553878784, 345.186523438, 186.561691284, -5.00567770004, 69.1724243164, 81.5942993164, -7.46628189087, -17.9754219055], [880.965515137, 26.2596035004, -222.72203064, -58.493637085, -125.569068909, -48.9945983887, 186.561691284, 319.874542236, -20.4121570587, 42.6841888428, 105.349151611, 24.2133541107, -13.7003450394], [-339.723236084, -110.145843506, 110.007980347, 65.3959350586, 64.6692199707, 102.807395935, -5.00567770004, -20.4121570587, 171.905975342, 31.902130127, -26.4397583008, 1.94925415516, 10.152636528], [454.979003906, -95.9975662231, -198.511520386, -56.928188324, 46.9056434631, 25.448802948, 69.1724243164, 42.6841888428, 31.902130127, 217.881286621, 67.6425323486, -51.3689613342, -25.1216392517], [403.085723877, 45.5864562988, -139.571426392, -62.3307266235, -55.9295959473, -2.71835303307, 81.5942993164, 105.349151611, -26.4397583008, 67.6425323486, 170.377441406, 24.4308547974, -10.8359642029], [-156.35218811, 28.8687515259, 87.1994934082, 59.3836784363, -2.23238396645, 0.334944456816, -7.46628189087, 24.2133541107, 1.94925415516, -51.3689613342, 24.4308547974, 145.648025513, 54.4431343079], [-502.621124268, -12.7116260529, 134.122573853, 67.7635269165, 8.15452861786, -1.05567574501, -17.9754219055, -13.7003450394, 10.152636528, -25.1216392517, -10.8359642029, 54.4431343079, 144.914901733]], "icov": [[0.000213991763303, -0.000210574857192, 0.000501113536302, -0.000256564497249, 0.000349070091033, -0.000154249093612, 0.000152387015987, -0.000251995195867, 6.62899619783e-05, -0.000277402898064, 0.00022654539498, -0.000144606572576, 0.000372759532183], [-0.000210574857192, 0.000859351712279, -0.000909021007828, 0.000700565287843, -0.000826002738904, 0.00049176637549, -1.02463673102e-05, -0.000109935528599, 0.000276021222817, 0.000492667139042, -0.00060111284256, 0.000195003347471, -0.000154985042172], [0.000501113536302, -0.000909021007828, 0.00284929992631, -0.00168445741292, 0.00137675437145, -0.00130191585049, -0.000140086442116, 0.000481302529806, -0.000348641071469, 0.000173451247974, 0.000924218387809, -0.000472365150927, 5.11197504238e-05], [-0.000256564497249, 0.000700565287843, -0.00168445741292, 0.00469803996384, -0.00222069746815, 0.00127173075452, 0.000241484565777, -0.000601542182267, -0.000871878990438, 0.000838397303596, -0.000142780641909, -0.000558122410439, -0.000953512149863], [0.000349070091033, -0.000826002738904, 0.00137675437145, -0.00222069746815, 0.00486209290102, -0.00235209753737, 0.00171085644979, 0.000132400091388, 0.000391856388887, -0.00233181472868, 0.00148546579294, -0.000586832175031, 0.000736313697416], [-0.000154249093612, 0.00049176637549, -0.00130191585049, 0.00127173075452, -0.00235209753737, 0.00643584178761, -0.00269542867318, 0.00154196284711, -0.00292884767987, 0.000943562015891, -0.00151407544035, 4.90564925713e-05, 0.000346217682818], [0.000152387015987, -1.02463673102e-05, -0.000140086442116, 0.000241484565777, 0.00171085644979, -0.00269542867318, 0.00641599856317, -0.00372021878138, 0.00140100205317, -0.00196931720711, 0.000354328396497, 0.000216727872612, 0.000378130062018], [-0.000251995195867, -0.000109935528599, 0.000481302529806, -0.000601542182267, 0.000132400091388, 0.00154196284711, -0.00372021878138, 0.0070693930611, -0.0013947233092, 0.0010334883118, -0.00227395188995, -0.000723043922335, -0.000458685390186], [6.62899619783e-05, 0.000276021222817, -0.000348641071469, -0.000871878990438, 0.000391856388887, -0.00292884767987, 0.00140100205317, -0.0013947233092, 0.00889257248491, -0.00244864285924, 0.0018785702996, -0.000499162299093, 0.00026355360751], [-0.000277402898064, 0.000492667139042, 0.000173451247974, 0.000838397303596, -0.00233181472868, 0.000943562015891, -0.00196931720711, 0.0010334883118, -0.00244864285924, 0.0087004294619, -0.00382320396602, 0.00305155967362, -0.00123249588069], [0.00022654539498, -0.00060111284256, 0.000924218387809, -0.000142780641909, 0.00148546579294, -0.00151407544035, 0.000354328396497, -0.00227395188995, 0.0018785702996, -0.00382320396602, 0.0102042723447, -0.00309892115183, 0.00081162317656], [-0.000144606572576, 0.000195003347471, -0.000472365150927, -0.000558122410439, -0.000586832175031, 4.90564925713e-05, 0.000216727872612, -0.000723043922335, -0.000499162299093, 0.00305155967362, -0.00309892115183, 0.0101286368445, -0.00326735130511], [0.000372759532183, -0.000154985042172, 5.11197504238e-05, -0.000953512149863, 0.000736313697416, 0.000346217682818, 0.000378130062018, -0.000458685390186, 0.00026355360751, -0.00123249588069, 0.00081162317656, -0.00326735130511, 0.00959914643317]], "mean": [-766.186584473, 178.914382935, 7.51995229721, 0.789021909237, -4.49064254761, -13.5932426453, -5.0338010788, 8.73181819916, -14.5007886887, -4.1798620224, 3.92993426323, -2.49618411064, -14.5630989075]}, "pitch_salience": {"dmean": 0.0650356188416, "dmean2": 0.103936523199, "dvar": 0.00374754099175, "dvar2": 0.00875615887344, "max": 0.853941142559, "mean": 0.535088300705, "median": 0.540041327477, "min": 0.0553091317415, "var": 0.0148824648932}, "silence_rate_20dB": {"dmean": 0, "dmean2": 0, "dvar": 0, "dvar2": 0, "max": 1, "mean": 1, "median": 1, "min": 1, "var": 0}, "silence_rate_30dB": {"dmean": 0.00358476466499, "dmean2": 0.00717060035095, "dvar": 0.00357213406824, "dvar2": 0.00950810406357, "max": 1, "mean": 0.996714472771, "median": 1, "min": 0, "var": 0.00327467103489}, "silence_rate_60dB": {"dmean": 0.0295743085444, "dmean2": 0.0591574534774, "dvar": 0.0286982450634, "dvar2": 0.064327545464, "max": 1, "mean": 0.169504180551, "median": 0, "min": 0, "var": 0.14077205956}, "spectral_centroid": {"dmean": 103.191101074, "dmean2": 151.530929565, "dvar": 58140.1601563, "dvar2": 117693.140625, "max": 11776.7578125, "mean": 857.548339844, "median": 688.569580078, "min": 116.697372437, "var": 1389774.5}, "spectral_complexity": {"dmean": 1.42793130875, "dmean2": 2.30714082718, "dvar": 2.16362047195, "dvar2": 5.0317773819, "max": 34, "mean": 10.6698026657, "median": 10, "min": 0, "var": 43.5341453552}, "spectral_contrast_coeffs": {"dmean": [0.0441533103585, 0.0430185459554, 0.0363193191588, 0.0280479416251, 0.0208676829934, 0.0137189161032], "dmean2": [0.0718864202499, 0.0685103982687, 0.0585590712726, 0.0451760366559, 0.0318930521607, 0.0212049167603], "dvar": [0.00136718165595, 0.00123085512314, 0.000890231342055, 0.000540926295798, 0.000351016351487, 0.000162630618433], "dvar2": [0.00344748538919, 0.00316575774923, 0.00224382919259, 0.00130013481248, 0.000704992271494, 0.000344584055711], "max": [-0.277539432049, -0.323674976826, -0.365607708693, -0.505405843258, -0.483114868402, -0.631470382214], "mean": [-0.584251284599, -0.674414217472, -0.713465332985, -0.750005841255, -0.750196039677, -0.816375374794], "median": [-0.580796062946, -0.674113094807, -0.723189234734, -0.758937954903, -0.750707626343, -0.813063144684], "min": [-0.975586175919, -0.974008858204, -0.974576354027, -0.973787605762, -0.968034505844, -0.964152157307], "var": [0.0105132088065, 0.00809616595507, 0.00979798939079, 0.00728696445003, 0.00679707806557, 0.00215992936864]}, "spectral_contrast_valleys": {"dmean": [0.405017733574, 0.315941482782, 0.276761472225, 0.261590838432, 0.231743216515, 0.196623578668], "dmean2": [0.66459530592, 0.506174385548, 0.44064900279, 0.41136559844, 0.342664420605, 0.28872230649], "dvar": [0.169546753168, 0.120625726879, 0.100769504905, 0.0943538621068, 0.0915182083845, 0.0902740135789], "dvar2": [0.377904772758, 0.246554628015, 0.199936106801, 0.17875136435, 0.159023627639, 0.1578643471], "max": [-5.90612506866, -5.00469636917, -5.28751659393, -6.22693538666, -6.93907165527, -8.61267185211], "mean": [-8.63424491882, -7.46246337891, -8.20575523376, -9.33996391296, -9.77396965027, -11.9905052185], "median": [-8.30586051941, -7.01297473907, -7.91101551056, -9.02247619629, -9.40473747253, -11.8113822937], "min": [-28.1609554291, -28.1738376617, -27.6193599701, -27.664232254, -27.4637203217, -27.4303188324], "var": [5.27013397217, 6.00775337219, 5.86318445206, 5.07751178741, 4.84835147858, 3.43106627464]}, "spectral_decrease": {"dmean": 1.44185630102e-09, "dmean2": 2.1336956646e-09, "dvar": 4.60653243536e-18, "dvar2": 8.90421051925e-18, "max": 2.80283326324e-19, "mean": -5.37096500608e-09, "median": -3.56999407813e-09, "min": -4.54876882827e-08, "var": 2.91705871674e-17}, "spectral_energy": {"dmean": 0.00570266181603, "dmean2": 0.00845422036946, "dvar": 7.06588252797e-05, "dvar2": 0.000139164680149, "max": 0.173915922642, "mean": 0.0215099900961, "median": 0.0141350999475, "min": 1.01348543563e-20, "var": 0.000466794153908}, "spectral_energyband_high": {"dmean": 1.37597207868e-05, "dmean2": 1.95545817405e-05, "dvar": 2.93775692661e-09, "dvar2": 5.19180654024e-09, "max": 0.00196316675283, "mean": 3.80397177651e-05, "median": 8.98125563253e-06, "min": 7.25494023538e-21, "var": 1.04026636194e-08}, "spectral_energyband_low": {"dmean": 0.00246455078013, "dmean2": 0.00340396282263, "dvar": 4.77937137475e-05, "dvar2": 7.60658003855e-05, "max": 0.161087334156, "mean": 0.00458712829277, "median": 0.000893668446224, "min": 1.72946961853e-23, "var": 0.000135238093208}, "spectral_energyband_middle_high": {"dmean": 0.00204259739257, "dmean2": 0.00324713485315, "dvar": 1.96934233827e-05, "dvar2": 5.09356978e-05, "max": 0.0883041098714, "mean": 0.00617165816948, "median": 0.00102791958489, "min": 1.23540787636e-21, "var": 0.000105685838207}, "spectral_energyband_middle_low": {"dmean": 0.00358518632129, "dmean2": 0.00554352952167, "dvar": 2.39101736952e-05, "dvar2": 6.03015250817e-05, "max": 0.0775139778852, "mean": 0.0114721721038, "median": 0.00868117343634, "min": 1.4726863062e-22, "var": 0.000108479056507}, "spectral_entropy": {"dmean": 0.170383244753, "dmean2": 0.254545092583, "dvar": 0.0350912921131, "dvar2": 0.0639074668288, "max": 9.82185745239, "mean": 6.52371120453, "median": 6.58455991745, "min": 4.1093916893, "var": 0.53147149086}, "spectral_flux": {"dmean": 0.0178961828351, "dmean2": 0.0295669995248, "dvar": 0.000435694324551, "dvar2": 0.00114518764894, "max": 0.265937387943, "mean": 0.0607879720628, "median": 0.0531882196665, "min": 6.38455954771e-11, "var": 0.00176394626033}, "spectral_kurtosis": {"dmean": 5.71818304062, "dmean2": 9.52332115173, "dvar": 40.3746414185, "dvar2": 102.581993103, "max": 146.727249146, "mean": 18.8571910858, "median": 14.2085380554, "min": -1.24621045589, "var": 244.240951538}, "spectral_rms": {"dmean": 0.000557812280022, "dmean2": 0.000815485254861, "dvar": 4.09946295576e-07, "dvar2": 7.64278638599e-07, "max": 0.0130258994177, "mean": 0.00396208046004, "median": 0.00371353467926, "min": 3.14446537385e-12, "var": 5.2872019296e-06}, "spectral_rolloff": {"dmean": 170.081436157, "dmean2": 290.060119629, "dvar": 258235.609375, "dvar2": 542121.5, "max": 19961.2792969, "mean": 1083.93908691, "median": 753.662109375, "min": 64.599609375, "var": 4483855.5}, "spectral_skewness": {"dmean": 0.443693041801, "dmean2": 0.717079401016, "dvar": 0.181166142225, "dvar2": 0.426482021809, "max": 10.4552125931, "mean": 3.16972756386, "median": 2.88720369339, "min": -0.126679524779, "var": 1.87002706528}, "