{"lowlevel": {"average_loudness": 0.735857725143, "barkbands": {"dmean": [3.33317402692e-05, 0.00314531265758, 0.00111009925604, 0.000468684505904, 0.00043227878632, 0.00035667870543, 0.000224037488806, 0.000280605308944, 0.000528394826688, 0.000804109440651, 0.000658078293782, 0.000381515041227, 0.000534320366569, 0.000358768942533, 0.000428345025284, 0.000466194935143, 0.000329184811562, 0.000418122042902, 0.000345603126334, 0.000260465225438, 0.000134956819238, 0.000114288908662, 9.03096515685e-05, 6.79858349031e-05, 6.33956078673e-05, 5.47358285985e-05, 4.63835840492e-06], "dmean2": [4.89745580126e-05, 0.00513687403873, 0.00203282665461, 0.000799683795776, 0.000712902110536, 0.000569830648601, 0.000357710930984, 0.000436446513049, 0.000843246642035, 0.00126550253481, 0.00104107661173, 0.000599720573518, 0.000830857723486, 0.00057040178217, 0.000693254172802, 0.000753519067075, 0.000532040779945, 0.000681928708218, 0.000578748702537, 0.00041211018106, 0.000195908243768, 0.000165333069162, 0.000131824112032, 9.45712890825e-05, 9.01996900211e-05, 7.75755252107e-05, 5.95595747654e-06], "dvar": [3.47636541775e-09, 5.61683264095e-05, 7.57902353143e-06, 1.06095831143e-06, 7.9835018596e-07, 6.35580647668e-07, 3.31193746206e-07, 7.11693985522e-07, 2.96648977383e-06, 7.25391691958e-06, 4.04241473007e-06, 1.14537579066e-06, 2.61503441834e-06, 9.15114014788e-07, 1.13028033866e-06, 1.58572674991e-06, 4.16484454036e-07, 7.72130363202e-07, 4.31942055457e-07, 2.22391761895e-07, 7.23841893091e-08, 4.51926922551e-08, 3.18264774535e-08, 1.73011027726e-08, 1.1956921675e-08, 7.60114815535e-09, 1.44597056551e-10], "dvar2": [7.400691171e-09, 0.000138315444929, 2.1856973035e-05, 2.84235693471e-06, 2.14206306737e-06, 1.61181401381e-06, 8.09163282156e-07, 1.68602434769e-06, 7.18278261047e-06, 1.71751889866e-05, 9.67774303717e-06, 2.76221430795e-06, 6.53766755931e-06, 2.30451360039e-06, 2.76935020338e-06, 3.71115493181e-06, 9.87512294159e-07, 1.88224021258e-06, 1.12590919343e-06, 5.3159072877e-07, 1.43087291349e-07, 9.53361762868e-08, 6.97799222849e-08, 3.59688208107e-08, 2.54220093865e-08, 1.59431934321e-08, 2.31334867928e-10], "max": [0.00102994637564, 0.0726796686649, 0.0237919725478, 0.0161971729249, 0.0275448281318, 0.0180839300156, 0.0172521732748, 0.0218945331872, 0.0566311962903, 0.0829181745648, 0.0464922785759, 0.0271821226925, 0.0412412472069, 0.0248406119645, 0.0242856666446, 0.0432690121233, 0.0129096694291, 0.0270210523158, 0.0102750733495, 0.00927049014717, 0.00524622248486, 0.00389802874997, 0.00305412779562, 0.00252575078048, 0.00270236982033, 0.00123995391186, 0.000341979437508], "mean": [4.73932232126e-05, 0.00297892582603, 0.00102279358543, 0.000500969646964, 0.000700261967722, 0.000511336373165, 0.000350374495611, 0.000442418036982, 0.000787944707554, 0.00134262186475, 0.00097419868689, 0.000566792848986, 0.000811286794487, 0.000559709442314, 0.000549700343981, 0.000630454684142, 0.000472727348097, 0.000650862464681, 0.00052928889636, 0.00046944982023, 0.00024394049251, 0.000212283906876, 0.000160425959621, 0.000123743520817, 0.000104069506051, 7.68556055846e-05, 7.8841294453e-06], "median": [1.79723301699e-05, 0.000774515443482, 0.000334906304488, 0.000186749763088, 0.000364657811588, 0.000227079290198, 0.000134569287184, 0.000119226526294, 0.000170675004483, 0.000196033986867, 0.000153154076543, 0.000145272802911, 0.000165490317158, 0.00013664420112, 0.000172575004399, 0.000214756742935, 0.00018705164257, 0.000287304632366, 0.000226705305977, 0.000199784262804, 8.47637857078e-05, 8.54284517118e-05, 5.51382509002e-05, 4.44136530859e-05, 3.64488805644e-05, 1.5546404029e-05, 9.49078753365e-07], "min": [1.30064064948e-23, 3.00144187942e-23, 5.48636824591e-24, 4.43635020485e-24, 4.01566172815e-23, 2.12738099877e-23, 2.10728192731e-23, 6.75997755096e-23, 7.27286966798e-23, 3.93077303723e-23, 1.02266602467e-22, 8.12138360377e-23, 9.02683562643e-23, 1.83435908884e-22, 5.64403345741e-23, 1.3482371244e-22, 1.61799890256e-22, 2.26670509956e-22, 2.00852392571e-22, 3.04703292793e-22, 4.72469167681e-22, 6.26278868844e-22, 8.65118334502e-22, 8.50217168521e-22, 1.11522677285e-21, 1.78452504152e-21, 2.31610268592e-21], "var": [5.71872726951e-09, 4.74974622193e-05, 4.9994227993e-06, 9.75735588327e-07, 1.35601089823e-06, 9.16783960747e-07, 7.42258180253e-07, 1.49966558638e-06, 5.93143113292e-06, 2.24288687605e-05, 8.17565614852e-06, 2.30071941587e-06, 5.19475815963e-06, 1.98846282728e-06, 1.55012185132e-06, 2.42388296101e-06, 7.09625851414e-07, 1.3728721342e-06, 6.5482493028e-07, 4.76819423056e-07, 1.72015745648e-07, 1.10872143466e-07, 7.15212067348e-08, 4.21899919445e-08, 2.8386866191e-08, 1.57696877778e-08, 3.82640835683e-10]}, "barkbands_crest": {"dmean": 3.19539904594, "dmean2": 5.22863531113, "dvar": 9.91525363922, "dvar2": 25.143995285, "max": 26.2181415558, "mean": 8.62977600098, "median": 7.59223175049, "min": 1.85179281235, "var": 19.3319244385}, "barkbands_flatness_db": {"dmean": 0.0236821323633, "dmean2": 0.0344531461596, "dvar": 0.000589500297792, "dvar2": 0.00120178575162, "max": 0.412697196007, "mean": 0.0941826328635, "median": 0.0848822370172, "min": 0.017978195101, "var": 0.00238934718072}, "barkbands_kurtosis": {"dmean": 2.15058922768, "dmean2": 3.44698238373, "dvar": 35.2278060913, "dvar2": 78.0693817139, "max": 176.286865234, "mean": 1.56264472008, "median": -0.287409484386, "min": -1.9740446806, "var": 58.386554718}, "barkbands_skewness": {"dmean": 0.584927558899, "dmean2": 0.89623516798, "dvar": 0.489032566547, "dvar2": 1.1160094738, "max": 13.1278820038, "mean": 0.659565210342, "median": 0.480552077293, "min": -3.31135988235, "var": 1.34721541405}, "barkbands_spread": {"dmean": 9.4137802124, "dmean2": 14.3658399582, "dvar": 123.32485199, "dvar2": 270.036743164, "max": 159.976715088, "mean": 35.3020401001, "median": 31.4813957214, "min": 0.881529510021, "var": 451.928375244}, "dissonance": {"dmean": 0.0143028590828, "dmean2": 0.0237840991467, "dvar": 0.000249455712037, "dvar2": 0.000635538483039, "max": 0.500000119209, "mean": 0.476684451103, "median": 0.483160972595, "min": 0.251366257668, "var": 0.00048259421601}, "dynamic_complexity": 4.68364715576, "erbbands": {"dmean": [0.0740457326174, 0.776257276535, 1.44381558895, 1.28569567204, 1.67783582211, 1.30527114868, 2.11725997925, 3.39650011063, 2.75237417221, 4.43533182144, 6.29188489914, 12.6123552322, 18.5171470642, 27.0765762329, 22.8696079254, 14.3283634186, 25.4085865021, 16.4201087952, 20.0210590363, 23.1997871399, 21.9388313293, 17.7703914642, 22.5841903687, 17.7780570984, 16.4160690308, 12.4630088806, 7.10776185989, 4.64748811722, 4.10703802109, 3.54799604416, 2.43703222275, 1.55365657806, 1.11188900471, 0.783896744251, 0.421343535185, 0.229514032602, 0.119499780238, 0.0123234502971, 0.000819593318738, 4.67114150524e-05], "dmean2": [0.11671037972, 1.2986882925, 2.61274886131, 2.22959041595, 2.81797933578, 2.15960764885, 3.43315577507, 5.42541360855, 4.45838117599, 7.00049066544, 9.66497707367, 20.2064418793, 29.3891773224, 41.2867774963, 36.1372718811, 22.5278587341, 39.5559463501, 25.4094696045, 31.8380069733, 37.6856079102, 35.2450180054, 28.5293636322, 36.4956054688, 29.5460281372, 26.8528270721, 19.781747818, 10.6278877258, 6.72653245926, 5.98950147629, 5.28642606735, 3.5619366169, 2.18471693993, 1.58073842525, 1.12626039982, 0.607114136219, 0.330420553684, 0.171277374029, 0.016845099628, 0.00105916406028, 6.02183536103e-05], "dvar": [0.0269012004137, 3.63811278343, 13.3365135193, 7.83693218231, 12.9161233902, 9.30016613007, 31.5014152527, 60.1508331299, 44.1177444458, 204.277099609, 433.318450928, 1896.25341797, 4243.15185547, 7441.48779297, 4698.10546875, 1718.25671387, 6727.82421875, 1877.71618652, 1907.38708496, 3859.72875977, 2933.8894043, 1105.29748535, 2635.72119141, 1155.9967041, 985.162841797, 499.064666748, 176.449829102, 90.7930221558, 60.5924911499, 47.6126022339, 22.9299945831, 10.0972213745, 4.35506486893, 1.97191178799, 0.514398515224, 0.128090128303, 0.0403444506228, 0.000439679803094, 3.9542187551e-06, 1.13061124907e-08], "dvar2": [0.0613847114146, 9.2831993103, 37.6095199585, 22.0063743591, 33.7227401733, 24.8793621063, 84.8432769775, 151.457489014, 106.706741333, 517.936401367, 982.494934082, 4487.02050781, 10136.4912109, 16267.3408203, 12030.1455078, 4506.28271484, 17346.609375, 4694.97949219, 4681.42675781, 9526.39746094, 6565.14501953, 2570.54296875, 6416.45996094, 3003.22119141, 2488.49975586, 1212.35241699, 373.760925293, 181.863067627, 127.437820435, 106.851005554, 50.1718292236, 21.2389678955, 9.30475234985, 4.32885837555, 1.09140217304, 0.274919748306, 0.0860270038247, 0.000781671202276, 6.28287807558e-06, 1.79309331827e-08], "max": [1.59793329239, 18.7320213318, 33.0638427734, 40.2370948792, 73.2293243408, 106.235122681, 211.737106323, 177.079071045, 251.341400146, 515.508361816, 759.254577637, 1744.32800293, 1975.34936523, 2812.44262695, 1944.71411133, 1354.93701172, 2274.56787109, 1534.63342285, 935.679382324, 1553.48120117, 1977.82958984, 754.848571777, 1636.54638672, 723.544494629, 707.686157227, 460.528625488, 291.3152771, 172.660446167, 160.398727417, 124.327049255, 80.0183486938, 67.428024292, 40.1223716736, 30.2406425476, 22.3059196472, 6.85870599747, 2.29206776619, 0.461472690105, 0.0542345903814, 0.00279667950235], "mean": [0.077513165772, 0.691646158695, 1.30191195011, 1.42040872574, 2.17318868637, 2.11821556091, 3.23608183861, 4.66852617264, 4.38943195343, 7.47654056549, 10.5459518433, 18.9874210358, 30.2804889679, 46.5725364685, 37.5962333679, 22.8484649658, 39.0429000854, 27.5682487488, 31.5323181152, 30.5117588043, 32.9522705078, 28.5550956726, 35.1806869507, 28.0803050995, 26.7257194519, 22.5600719452, 13.1478204727, 8.53617954254, 7.54635763168, 6.20074510574, 4.33344602585, 2.81170034409, 1.96207392216, 1.32744860649, 0.648362457752, 0.322210371494, 0.161431744695, 0.0193879045546, 0.0013918238692, 8.82770618773e-05], "median": [0.0202723741531, 0.167704328895, 0.411404848099, 0.588630199432, 0.86112254858, 1.07473361492, 1.41681408882, 1.89712762833, 2.00256681442, 2.38567948341, 2.83581471443, 4.3329205513, 5.46251249313, 7.77882099152, 7.7855181694, 6.75949764252, 8.61029052734, 8.13543128967, 10.418211937, 10.7132778168, 11.7586307526, 12.8501977921, 15.0265378952, 12.2682952881, 11.2876138687, 9.97623062134, 5.46442174911, 2.93366265297, 2.93967628479, 2.25549411774, 1.5488846302, 0.965369045734, 0.683275520802, 0.488356530666, 0.193443700671, 0.0723899751902, 0.0297955777496, 0.00351925333962, 0.000198638546863, 2.81639968307e-05], "min": [1.96752501955e-21, 2.55222276502e-21, 5.05091426206e-21, 1.61636439286e-20, 3.96685319495e-20, 1.94446264246e-19, 1.61910730439e-19, 1.28146006241e-19, 3.15848266953e-19, 7.14281315685e-19, 1.54132534004e-18, 2.10254153626e-18, 1.77210128632e-18, 1.10366655948e-18, 5.33542744753e-18, 2.99929651693e-18, 3.38143658914e-18, 9.66995063744e-18, 4.27701056269e-18, 4.07442327733e-18, 8.26910041775e-18, 1.01207739974e-17, 1.23734357868e-17, 7.44007684679e-18, 1.57768224407e-17, 1.32163187689e-17, 2.30644606539e-17, 1.41286121306e-17, 2.02092118504e-17, 2.33621513758e-17, 2.60353410353e-17, 1.90795660294e-17, 1.38659003952e-17, 1.22830199828e-17, 8.43154462798e-18, 6.32953765719e-18, 3.27941482072e-18, 1.3064691186e-18, 3.12736413489e-19, 3.2951721978e-20], "var": [0.0261867884547, 2.8591837883, 8.71583175659, 6.80566453934, 15.5352544785, 16.7155761719, 49.9221572876, 81.5823364258, 97.1799316406, 513.517028809, 1053.65319824, 3418.06933594, 11436.7587891, 21747.9882813, 10162.6542969, 2972.79711914, 12441.1054688, 4001.90771484, 3827.15820313, 5144.77929688, 5906.72607422, 2192.96166992, 4334.44482422, 1882.96398926, 1701.68591309, 1070.8671875, 415.286560059, 216.41746521, 145.737411499, 103.198356628, 51.4269523621, 23.5678806305, 10.261516571, 4.42385387421, 1.1964097023, 0.264331847429, 0.0780376493931, 0.00114935194142, 1.05058124973e-05, 3.06779348591e-08]}, "erbbands_crest": {"dmean": 2.75722026825, "dmean2": 4.43304395676, "dvar": 8.08508586884, "dvar2": 19.1465549469, "max": 34.0852546692, "mean": 8.48063182831, "median": 6.96432447433, "min": 2.49737048149, "var": 23.1262302399}, "erbbands_flatness_db": {"dmean": 0.0206079594791, "dmean2": 0.0282145962119, "dvar": 0.000378370459657, "dvar2": 0.000696967588738, "max": 0.427747309208, "mean": 0.142517656088, "median": 0.136672466993, "min": 0.0480754375458, "var": 0.00194070511498}, "erbbands_kurtosis": {"dmean": 1.13086569309, "dmean2": 1.81326794624, "dvar": 3.24990773201, "dvar2": 7.86433839798, "max": 55.4709739685, "mean": 0.883609056473, "median": 0.325947225094, "min": -1.84404206276, "var": 5.47419309616}, "erbbands_skewness": {"dmean": 0.426226168871, "dmean2": 0.654076933861, "dvar": 0.214548796415, "dvar2": 0.474933803082, "max": 6.77505159378, "mean": -0.0747973322868, "median": -0.126866728067, "min": -3.58672118187, "var": 0.755018830299}, "erbbands_spread": {"dmean": 8.67341899872, "dmean2": 13.6079616547, "dvar": 118.183059692, "dvar2": 301.142822266, "max": 174.874908447, "mean": 33.3336906433, "median": 30.9119701385, "min": 1.527790308, "var": 272.875793457}, "gfcc": {"cov": [[23420.5800781, 526.834472656, -1805.25744629, 264.559020996, -342.30480957, 250.516036987, -272.970855713, 225.818862915, -365.832244873, 28.7444553375, -199.564697266, -20.5790119171, -182.027267456], [526.834472656, 1882.33337402, -266.362518311, -152.586608887, 25.8489704132, -22.221036911, 61.6526794434, -25.121635437, 65.3739471436, -88.6610946655, 131.819152832, -72.7402572632, 75.665512085], [-1805.25744629, -266.362518311, 954.226501465, 219.39515686, 36.2915802002, 3.59793162346, -26.0736942291, -14.9433746338, 34.6318206787, 75.9983596802, -60.4019165039, 63.0221366882, -27.4787406921], [264.559020996, -152.586608887, 219.39515686, 439.420135498, 98.7585678101, -4.80550336838, -36.6758728027, -14.8195486069, 48.4930000305, 2.70507597923, -17.5525341034, -1.77606344223, 1.94376289845], [-342.30480957, 25.8489704132, 36.2915802002, 98.7585678101, 238.151901245, 75.3480300903, 26.6538982391, 2.50302505493, 23.5109615326, -2.94264149666, 3.54425430298, -5.38772821426, 18.5704212189], [250.516036987, -22.221036911, 3.59793162346, -4.80550336838, 75.3480300903, 166.630218506, 95.2849655151, 18.3092269897, -8.72614192963, 13.6029586792, 8.97916316986, -0.738340198994, -3.57922506332], [-272.970855713, 61.6526794434, -26.0736942291, -36.6758728027, 26.6538982391, 95.2849655151, 188.318878174, 39.4906806946, 19.3018283844, -14.5237512589, 28.8848590851, -13.8069734573, 8.36493778229], [225.818862915, -25.121635437, -14.9433746338, -14.8195486069, 2.50302505493, 18.3092269897, 39.4906806946, 113.67880249, 32.9356536865, 10.3860177994, -3.39999651909, 1.58718669415, 5.86337709427], [-365.832244873, 65.3739471436, 34.6318206787, 48.4930000305, 23.5109615326, -8.72614192963, 19.3018283844, 32.9356536865, 120.258583069, 27.0717353821, 11.9213609695, -4.28294658661, 18.07554245], [28.7444553375, -88.6610946655, 75.9983596802, 2.70507597923, -2.94264149666, 13.6029586792, -14.5237512589, 10.3860177994, 27.0717353821, 98.1038513184, 18.3100757599, 19.9065742493, -18.678686142], [-199.564697266, 131.819152832, -60.4019165039, -17.5525341034, 3.54425430298, 8.97916316986, 28.8848590851, -3.39999651909, 11.9213609695, 18.3100757599, 103.310180664, 12.2644033432, 15.7213163376], [-20.5790119171, -72.7402572632, 63.0221366882, -1.77606344223, -5.38772821426, -0.738340198994, -13.8069734573, 1.58718669415, -4.28294658661, 19.9065742493, 12.2644033432, 76.7793121338, 18.7692699432], [-182.027267456, 75.665512085, -27.4787406921, 1.94376289845, 18.5704212189, -3.57922506332, 8.36493778229, 5.86337709427, 18.07554245, -18.678686142, 15.7213163376, 18.7692699432, 71.7710342407]], "icov": [[9.00803061086e-05, -9.65869621723e-05, 0.000256476108916, -0.000290226744255, 0.000245559494942, -0.000333237432642, 0.000200377719011, -0.000293404387776, 0.000331781891873, -0.000262995134108, 0.00036136500421, -0.000245937728323, 0.000189963306184], [-9.65869621723e-05, 0.000831713085063, -0.000305420981022, 0.000642737897579, -0.000363276747521, 0.000365023297491, -8.21039648145e-05, 0.000544171256479, -0.000920804974157, 0.00105199881364, -0.00140174280386, 0.00103510194458, -0.000636794720776], [0.000256476108916, -0.000305420981022, 0.00219943583943, -0.00152580335271, 0.000658655248117, -0.000721840246115, 7.19902891433e-05, -0.000435303343693, 0.000820679066237, -0.00186033197679, 0.00224173069, -0.00208419119008, 0.00103979336563], [-0.000290226744255, 0.000642737897579, -0.00152580335271, 0.00416914885864, -0.00198338739574, 0.00106385746039, 0.000258037034655, 0.00135454535484, -0.00258219335228, 0.00206887652166, -0.00178723386489, 0.00149578973651, -0.000496197259054], [0.000245559494942, -0.000363276747521, 0.000658655248117, -0.00198338739574, 0.00657070567831, -0.0042755282484, 0.00143514957745, -0.000600578030571, -3.46890265064e-05, -0.000105253246147, 0.000880784064066, -6.62820457364e-05, -0.000914143980481], [-0.000333237432642, 0.000365023297491, -0.000721840246115, 0.00106385746039, -0.0042755282484, 0.0126369213685, -0.00681735575199, 0.000935400777962, 0.00181405933108, -0.00263128918596, -0.000103306221718, 0.000318927428452, -0.00028300107806], [0.000200377719011, -8.21039648145e-05, 7.19902891433e-05, 0.000258037034655, 0.00143514957745, -0.00681735575199, 0.0104242982343, -0.00286938087083, -0.00168285390828, 0.00342104164883, -0.00251447502524, 0.00119638163596, 0.000475560489576], [-0.000293404387776, 0.000544171256479, -0.000435303343693, 0.00135454535484, -0.000600578030571, 0.000935400777962, -0.00286938087083, 0.0117282327265, -0.00403381278738, -0.000124289203086, 0.000489893020131, 2.52652152994e-05, -0.00107320642564], [0.000331781891873, -0.000920804974157, 0.000820679066237, -0.00258219335228, -3.46890265064e-05, 0.00181405933108, -0.00168285390828, -0.00403381278738, 0.0139684472233, -0.00664288457483, 0.00193894479889, 0.00124718854204, -0.00317616178654], [-0.000262995134108, 0.00105199881364, -0.00186033197679, 0.00206887652166, -0.000105253246147, -0.00263128918596, 0.00342104164883, -0.000124289203086, -0.00664288457483, 0.0179405137897, -0.00626443931833, -0.00222061923705, 0.00525809451938], [0.00036136500421, -0.00140174280386, 0.00224173069, -0.00178723386489, 0.000880784064066, -0.000103306221718, -0.00251447502524, 0.000489893020131, 0.00193894479889, -0.00626443931833, 0.0154009284452, -0.00396444555372, -0.00113446335308], [-0.000245937728323, 0.00103510194458, -0.00208419119008, 0.00149578973651, -6.62820457364e-05, 0.000318927428452, 0.00119638163596, 2.52652152994e-05, 0.00124718854204, -0.00222061923705, -0.00396444555372, 0.0190504249185, -0.00766756152734], [0.000189963306184, -0.000636794720776, 0.00103979336563, -0.000496197259054, -0.000914143980481, -0.00028300107806, 0.000475560489576, -0.00107320642564, -0.00317616178654, 0.00525809451938, -0.00113446335308, -0.00766756152734, 0.0201745908707]], "mean": [-30.3019351959, 52.3531837463, -120.259155273, 35.1680183411, -47.3860282898, 17.8401012421, -31.5003547668, 15.7221927643, -26.5315742493, 3.78684830666, -16.5800876617, 4.2024974823, -12.005730629]}, "hfc": {"dmean": 8.90941905975, "dmean2": 12.4809865952, "dvar": 188.623031616, "dvar2": 407.401153564, "max": 201.138717651, "mean": 22.3907909393, "median": 13.9258794785, "min": 1.1562357072e-16, "var": 595.043945313}, "melbands": {"dmean": [0.000788551114965, 0.000853951787576, 0.000241803456447, 9.96364760795e-05, 6.97983850841e-05, 7.17617731425e-05, 4.30423206126e-05, 5.14365892741e-05, 5.58206556889e-05, 8.19509587018e-05, 9.69833126874e-05, 0.000112319183245, 8.48651543492e-05, 4.58056711068e-05, 4.39161922259e-05, 5.48442549189e-05, 3.15156430588e-05, 3.41398881574e-05, 3.45458429365e-05, 3.35648328473e-05, 2.59139033005e-05, 1.96317869268e-05, 2.30323130381e-05, 1.87341793207e-05, 1.51522217493e-05, 1.25702808873e-05, 1.09628817881e-05, 8.6896452558e-06, 5.27640077053e-06, 3.2295984056e-06, 2.6987088404e-06, 2.5807144084e-06, 2.29955207942e-06, 1.97829535864e-06, 1.54824488163e-06, 1.13222063192e-06, 9.3387996003e-07, 7.92933519733e-07, 8.17488796656e-07, 6.23454695869e-07], "dmean2": [0.00126715691295, 0.00147697178181, 0.000415780377807, 0.000165837045643, 0.000112840454676, 0.000114491660497, 6.90792949172e-05, 8.06596799521e-05, 8.6057727458e-05, 0.000131106120534, 0.000154161505634, 0.00017173368542, 0.000133820663905, 7.15296628186e-05, 6.93859619787e-05, 8.56198676047e-05, 4.92928884341e-05, 5.41067274753e-05, 5.56799022888e-05, 5.44212889508e-05, 4.1786726797e-05, 3.18564889312e-05, 3.72339891328e-05, 3.07717782562e-05, 2.54068327195e-05, 2.10859634535e-05, 1.75069508259e-05, 1.40567672133e-05, 8.16086412669e-06, 4.74176249554e-06, 4.01815123041e-06, 3.83158612749e-06, 3.50081427314e-06, 3.01253589896e-06, 2.33131072491e-06, 1.64783023138e-06, 1.34116044137e-06, 1.14051874789e-06, 1.21457833302e-06, 8.99901806406e-07], "dvar": [3.3443218399e-06, 4.40668236479e-06, 2.47733794367e-07, 4.01533952754e-08, 3.24297388943e-08, 2.57053880404e-08, 1.03464792289e-08, 2.53281058349e-08, 3.69258437161e-08, 8.11053979533e-08, 1.19736185411e-07, 1.34023878218e-07, 6.94770392329e-08, 1.5768364392e-08, 1.51959334005e-08, 2.92501702859e-08, 7.56199902696e-09, 6.54454490601e-09, 8.68505800611e-09, 1.13057767592e-08, 4.22810808587e-09, 1.49450896103e-09, 2.7622066856e-09, 1.61095703444e-09, 8.67736438259e-10, 5.84539028292e-10, 4.60178478656e-10, 2.59030713545e-10, 1.04382370802e-10, 4.0634245968e-11, 3.13255081597e-11, 2.29149511866e-11, 1.8927087328e-11, 1.54885965165e-11, 9.19064650773e-12, 5.47039323562e-12, 3.56388985163e-12, 2.32961111339e-12, 2.160593102e-12, 1.27696518724e-12], "dvar2": [7.95232426754e-06, 1.18436191769e-05, 6.77578441355e-07, 1.0864510358e-07, 8.60793747393e-08, 6.44891002821e-08, 2.49226612681e-08, 6.41812789581e-08, 8.51701784654e-08, 1.94496124095e-07, 2.82183435729e-07, 2.98137791788e-07, 1.78279037755e-07, 3.72380029035e-08, 3.7780889528e-08, 7.18742754202e-08, 1.88858617634e-08, 1.60611879352e-08, 2.0804437284e-08, 2.75689693296e-08, 9.25680510022e-09, 3.53647489071e-09, 6.77021816387e-09, 3.86996390489e-09, 2.28445817818e-09, 1.5266300446e-09, 1.10564191136e-09, 6.49438003375e-10, 2.36519415164e-10, 8.13350775619e-11, 6.67962699041e-11, 5.06094124941e-11, 4.42986168581e-11, 3.55707269195e-11, 2.09293710834e-11, 1.21917302642e-11, 7.55934724539e-12, 5.04068791915e-12, 4.8956754449e-12, 2.81638427857e-12], "max": [0.0164585690945, 0.0196552928537, 0.00613434566185, 0.00503823254257, 0.0076252380386, 0.00348086212762, 0.00386332976632, 0.00572094740346, 0.00732054561377, 0.0112161990255, 0.0104982536286, 0.0113027160987, 0.00744009343907, 0.00310463597998, 0.00295475078747, 0.00406874064356, 0.00282061239704, 0.00172770232894, 0.00233796844259, 0.00411503948271, 0.00306932348758, 0.000988478190266, 0.00174644996878, 0.00126348610502, 0.000679037068039, 0.000372842507204, 0.000667954038363, 0.000371040718164, 0.000288049457595, 0.00011639972945, 9.75064103841e-05, 7.90779959061e-05, 9.11602182896e-05, 6.61518424749e-05, 5.48112475371e-05, 5.36194784218e-05, 3.73387083528e-05, 3.30325819959e-05, 2.97361184494e-05, 2.79373780359e-05], "mean": [0.000778140034527, 0.000785419717431, 0.000280864362139, 0.000151250307681, 0.000112298592285, 0.000100869176094, 6.81897363393e-05, 8.55653197505e-05, 9.13806798053e-05, 0.000119351876492, 0.00015305323177, 0.000190959748579, 0.000132873872644, 6.92074536346e-05, 6.55754338368e-05, 8.14597733552e-05, 4.84626507387e-05, 5.22032278241e-05, 4.24810677941e-05, 4.18824674853e-05, 3.76606112695e-05, 2.77145900327e-05, 3.48769717675e-05, 2.74060839729e-05, 2.23459719564e-05, 1.87432469829e-05, 1.82747535291e-05, 1.44803443618e-05, 8.93971810001e-06, 5.60925218451e-06, 4.69351380161e-06, 4.42096825282e-06, 3.83872384191e-06, 3.25346627505e-06, 2.58657678387e-06, 1.98675388674e-06, 1.61308253155e-06, 1.35710149607e-06, 1.32451964419e-06, 1.04428477243e-06], "median": [0.000202167531825, 0.000237464220845, 0.000122480691061, 7.63200587244e-05, 5.20387402503e-05, 4.30023283116e-05, 2.95813570119e-05, 2.63123893092e-05, 2.1429024855e-05, 2.61557179329e-05, 2.38309912675e-05, 2.8145061151e-05, 2.30605583056e-05, 1.80895713129e-05, 1.5684587197e-05, 1.67034304468e-05, 1.27237717606e-05, 1.50374617078e-05, 1.3264093468e-05, 1.35722893901e-05, 1.24864818645e-05, 1.13883907034e-05, 1.38423483804e-05, 1.10649243652e-05, 9.1993724709e-06, 7.66217453929e-06, 7.17169268682e-06, 6.2682747739e-06, 3.47850323124e-06, 1.88689955394e-06, 1.53334303832e-06, 1.66700090176e-06, 1.487284635e-06, 1.07341577404e-06, 8.95036009751e-07, 6.71057136969e-07, 5.48132277345e-07, 4.40638160626e-07, 4.63717583443e-07, 3.82664836707e-07], "min": [1.29271385956e-23, 2.56567227548e-24, 2.73376137666e-24, 8.17351326788e-24, 6.76413437461e-24, 3.38411704237e-24, 4.83380436131e-24, 9.0410346494e-24, 1.27627368276e-23, 1.24088017606e-23, 8.03769903013e-24, 2.99269057208e-24, 1.69535659086e-23, 1.06025366908e-23, 5.53254895216e-24, 1.23445237964e-23, 1.80463433661e-23, 7.74569664404e-24, 4.52915535161e-24, 6.1680694969e-24, 1.05299930419e-23, 9.65059457062e-24, 1.10003505678e-23, 1.14355319971e-23, 4.6324598426e-24, 9.1184905351e-24, 1.36339114239e-23, 6.67711355043e-24, 1.41798284139e-23, 1.15131267223e-23, 6.94313401375e-24, 1.13650322868e-23, 1.33921697327e-23, 1.30319726879e-23, 1.54127154568e-23, 1.45736246223e-23, 9.8333263107e-24, 8.8630652626e-24, 9.87743862366e-24, 1.1020556451e-23], "var": [3.00946453535e-06, 3.18720299219e-06, 2.27493174521e-07, 6.0076729369e-08, 5.60625998958e-08, 3.60797507426e-08, 2.34447625758e-08, 6.33443093534e-08, 9.75859038022e-08, 1.39875766081e-07, 3.26025144659e-07, 4.027760383e-07, 1.44081226949e-07, 3.18456265802e-08, 2.79442655682e-08, 5.53547643278e-08, 1.5766930872e-08, 1.33864812568e-08, 1.08873488003e-08, 1.39723974613e-08, 9.13594266905e-09, 2.34033659119e-09, 5.1047406302e-09, 2.76442779779e-09, 1.3051132397e-09, 8.53643655763e-10, 8.70739313985e-10, 4.96720276022e-10, 2.14755435657e-10, 9.31813237681e-11, 6.85352677388e-11, 5.10748839055e-11, 3.88867965606e-11, 3.07073880212e-11, 1.87234325266e-11, 1.18663186915e-11, 7.98402663427e-12, 5.35332498816e-12, 4.30772952031e-12, 2.87938618261e-12]}, "melbands_crest": {"dmean": 3.80913043022, "dmean2": 6.07375192642, "dvar": 12.1868677139, "dvar2": 28.5771102905, "max": 35.7646789551, "mean": 12.9638605118, "median": 11.8699274063, "min": 1.8738155365, "var": 31.5278129578}, "melbands_flatness_db": {"dmean": 0.0326657183468, "dmean2": 0.0471758916974, "dvar": 0.00120995531324, "dvar2": 0.00258238473907, "max": 0.515790581703, "mean": 0.141637459397, "median": 0.128819420934, "min": 0.0076795136556, "var": 0.00470695644617}, "melbands_kurtosis": {"dmean": 6.41541337967, "dmean2": 10.30717659, "dvar": 501.721679688, "dvar2": 1101.4909668, "max": 1028.09375, "mean": 7.52753257751, "median": 2.10322833061, "min": -1.78239166737, "var": 676.019226074}, "melbands_skewness": {"dmean": 0.815787732601, "dmean2": 1.24484169483, "dvar": 1.16472792625, "dvar2": 2.70032382011, "max": 27.6073741913, "mean": 1.76961040497, "median": 1.42361629009, "min": -2.17185688019, "var": 2.89022707939}, "melbands_spread": {"dmean": 15.0672578812, "dmean2": 23.692817688, "dvar": 312.865234375, "dvar2": 792.275939941, "max": 230.283126831, "mean": 44.8931617737, "median": 39.9676895142, "min": 0.634576022625, "var": 803.814025879}, "mfcc": {"cov": [[14026.6005859, -100.248199463, -1187.70092773, -32.4709587097, -97.9454956055, 9.42634963989, 133.989898682, 115.933097839, -36.7162475586, 99.9990386963, -41.7755470276, 7.90150213242, 38.2358627319], [-100.248199463, 1558.7364502, -94.3105545044, -119.949417114, -28.3627986908, -38.5452651978, 43.3787498474, 30.6839904785, -32.7196273804, 30.3833522797, 3.57666349411, 7.13538217545, 7.23066091537], [-1187.70092773, -94.3105545044, 677.569396973, 184.061172485, 60.8120269775, 57.397567749, -41.7294044495, -18.3106269836, 37.7664146423, -26.509765625, 29.7366218567, 28.3779907227, -5.13704633713], [-32.4709587097, -119.949417114, 184.061172485, 341.63961792, 143.677276611, 46.2466812134, -49.8286552429, 7.26564073563, 28.0331668854, -2.75765490532, -14.5797691345, 18.6065235138, 9.73385620117], [-97.9454956055, -28.3627986908, 60.8120269775, 143.677276611, 225.847732544, 58.801574707, -9.76832485199, -1.2056773901, 25.8063678741, 0.998580634594, -14.2321882248, 5.73394775391, 16.8938369751], [9.42634963989, -38.5452651978, 57.397567749, 46.2466812134, 58.801574707, 174.318710327, 58.708694458, 19.0036144257, 17.8337421417, 7.10102176666, 22.4294719696, 5.07203674316, -9.76400852203], [133.989898682, 43.3787498474, -41.7294044495, -49.8286552429, -9.76832485199, 58.708694458, 164.426879883, 56.1911849976, -0.0459326468408, 21.1141662598, 18.2291698456, -6.83975458145, -2.63421678543], [115.933097839, 30.6839904785, -18.3106269836, 7.26564073563, -1.2056773901, 19.0036144257, 56.1911849976, 103.977088928, 41.7563247681, 21.5067558289, 0.407293081284, -4.98630809784, -1.676025033], [-36.7162475586, -32.7196273804, 37.7664146423, 28.0331668854, 25.8063678741, 17.8337421417, -0.0459326468408, 41.7563247681, 99.7237930298, 39.2480773926, 6.08065271378, -2.46481084824, -6.71096086502], [99.9990386963, 30.3833522797, -26.509765625, -2.75765490532, 0.998580634594, 7.10102176666, 21.1141662598, 21.5067558289, 39.2480773926, 83.7777786255, 33.1582374573, 4.40003824234, -4.00521230698], [-41.7755470276, 3.57666349411, 29.7366218567, -14.5797691345, -14.2321882248, 22.4294719696, 18.2291698456, 0.407293081284, 6.08065271378, 33.1582374573, 74.5860748291, 32.2880516052, -0.627395868301], [7.90150213242, 7.13538217545, 28.3779907227, 18.6065235138, 5.73394775391, 5.07203674316, -6.83975458145, -4.98630809784, -2.46481084824, 4.40003824234, 32.2880516052, 76.2917022705, 30.8969860077], [38.2358627319, 7.23066091537, -5.13704633713, 9.73385620117, 16.8938369751, -9.76400852203, -2.63421678543, -1.676025033, -6.71096086502, -4.00521230698, -0.627395868301, 30.8969860077, 67.7209854126]], "icov": [[8.79400176927e-05, 1.18294719869e-05, 0.000175959663466, -0.00010690522322, 7.54502252676e-05, -4.9253267207e-05, -2.72308516287e-05, -3.85338280466e-05, 2.48658252531e-05, -6.55252224533e-05, 4.83030453324e-05, -6.3925406721e-05, -2.19358043978e-05], [1.18294719869e-05, 0.000691669993103, -1.60377767315e-05, 0.000285094429273, -0.000158174705575, 0.000124634243548, -9.49770401348e-06, -0.000373131362721, 0.000509446719661, -0.000495084444992, 0.000253612088272, -0.000236305873841, 5.64659276279e-05], [0.000175959663466, -1.60377767315e-05, 0.0023562470451, -0.00135556643363, 0.000439197116066, -0.000365213403711, -4.52137319371e-05, 0.000605979177635, -0.00127311830875, 0.00155854597688, -0.00144533545244, -0.000107085630589, 0.000128441446577], [-0.00010690522322, 0.000285094429273, -0.00135556643363, 0.00536730652675, -0.00282856170088, -0.000602090149187, 0.00183553365059, -0.0016974224709, 0.000989009393379, -0.00124468025751, 0.00177897221874, -0.00134980771691, 0.000460534065496], [7.54502252676e-05, -0.000158174705575, 0.000439197116066, -0.00282856170088, 0.00704235257581, -0.0019842479378, -0.000309661962092, 0.00151653471403, -0.00167493091431, -6.02584586886e-05, 0.00130905280821, 0.000387410516851, -0.00193740555551], [-4.9253267207e-05, 0.000124634243548, -0.000365213403711, -0.000602090149187, -0.0019842479378, 0.00830186717212, -0.00341103831306, 0.00048409041483, -0.0012163487263, 0.00162354507484, -0.00262105418369, -8.67953203851e-05, 0.0016353961546], [-2.72308516287e-05, -9.49770401348e-06, -4.52137319371e-05, 0.00183553365059, -0.000309661962092, -0.00341103831306, 0.0103445872664, -0.00602421769872, 0.00353775499389, -0.00198304606602, -0.00120246806182, 0.00143653713167, -0.00084538012743], [-3.85338280466e-05, -0.000373131362721, 0.000605979177635, -0.0016974224709, 0.00151653471403, 0.00048409041483, -0.00602421769872, 0.0160242021084, -0.00743154902011, 0.000608042639215, 0.00130658212584, -5.39146785741e-05, -0.000458509864984], [2.48658252531e-05, 0.000509446719661, -0.00127311830875, 0.000989009393379, -0.00167493091431, -0.0012163487263, 0.00353775499389, -0.00743154902011, 0.0174457412213, -0.00848694518209, 0.00237622275017, -0.000236798208789, 0.00124591845088], [-6.55252224533e-05, -0.000495084444992, 0.00155854597688, -0.00124468025751, -6.02584586886e-05, 0.00162354507484, -0.00198304606602, 0.000608042639215, -0.00848694518209, 0.0208933129907, -0.0106756715104, 0.00272582890466, -0.000373864750145], [4.83030453324e-05, 0.000253612088272, -0.00144533545244, 0.00177897221874, 0.00130905280821, -0.00262105418369, -0.00120246806182, 0.00130658212584, 0.00237622275017, -0.0106756715104, 0.0252048224211, -0.0114314965904, 0.00391450710595], [-6.3925406721e-05, -0.000236305873841, -0.000107085630589, -0.00134980771691, 0.000387410516851, -8.67953203851e-05, 0.00143653713167, -5.39146785741e-05, -0.000236798208789, 0.00272582890466, -0.0114314965904, 0.0223121382296, -0.00995523668826], [-2.19358043978e-05, 5.64659276279e-05, 0.000128441446577, 0.000460534065496, -0.00193740555551, 0.0016353961546, -0.00084538012743, -0.000458509864984, 0.00124591845088, -0.000373864750145, 0.00391450710595, -0.00995523668826, 0.0200708396733]], "mean": [-666.362792969, 86.6481323242, -10.1279411316, 22.8688583374, 6.87847757339, 5.35325574875, 7.62917661667, 8.62676715851, 1.28610491753, 3.03736281395, -0.592589259148, -2.36270236969, 1.34277629852]}, "pitch_salience": {"dmean": 0.0840762853622, "dmean2": 0.13644759357, "dvar": 0.00698572071269, "dvar2": 0.0178303942084, "max": 0.900732278824, "mean": 0.570429742336, "median": 0.582544386387, "min": 0.0315163955092, "var": 0.0134048191831}, "silence_rate_20dB": {"dmean": 0, "dmean2": 0, "dvar": 0, "dvar2": 0, "max": 1, "mean": 1, "median": 1, "min": 1, "var": 0}, "silence_rate_30dB": {"dmean": 0, "dmean2": 0, "dvar": 0, "dvar2": 0, "max": 1, "mean": 1, "median": 1, "min": 1, "var": 0}, "silence_rate_60dB": {"dmean": 0.0769969299436, "dmean2": 0.154008641839, "dvar": 0.0710624530911, "dvar2": 0.147173553705, "max": 1, "mean": 0.203705474734, "median": 0, "min": 0, "var": 0.16221280396}, "spectral_centroid": {"dmean": 333.864593506, "dmean2": 503.943969727, "dvar": 151643.640625, "dvar2": 307695.15625, "max": 11048.3261719, "mean": 2129.50439453, "median": 2133.02050781, "min": 159.589294434, "var": 610164.3125}, "spectral_complexity": {"dmean": 5.65533781052, "dmean2": 8.13288497925, "dvar": 52.9383888245, "dvar2": 100.499298096, "max": 64, "mean": 20.1540756226, "median": 19, "min": 0, "var": 202.228424072}, "spectral_contrast_coeffs": {"dmean": [0.0480723716319, 0.0444600321352, 0.0417287200689, 0.0352753214538, 0.0258595515043, 0.0172666665167], "dmean2": [0.078123986721, 0.0718077123165, 0.0652325674891, 0.054372087121, 0.0390162877738, 0.0260597411543], "dvar": [0.00160460115876, 0.00130979763344, 0.00125112826936, 0.000907193403691, 0.000519169203471, 0.000222935152124], "dvar2": [0.00410559121519, 0.0033889671322, 0.00284858630039, 0.00193216232583, 0.00106547470205, 0.000467827892862], "max": [-0.384500324726, -0.447239756584, -0.429007351398, -0.508164227009, -0.556437492371, -0.650963842869], "mean": [-0.707913637161, -0.765609025955, -0.765596747398, -0.774075984955, -0.788287043571, -0.779525816441], "median": [-0.712625265121, -0.771104633808, -0.776365756989, -0.783226191998, -0.794940531254, -0.776541650295], "min": [-0.977533936501, -0.961273491383, -0.982871413231, -0.964169859886, -0.967897236347, -0.957507669926], "var": [0.00525445863605, 0.00489184167236, 0.0072764614597, 0.00501242186874, 0.0032698919531, 0.00148073933087]}, "spectral_contrast_valleys": {"dmean": [0.457059860229, 0.423400044441, 0.420154392719, 0.440807491541, 0.41243109107, 0.421724140644], "dmean2": [0.701638042927, 0.644818902016, 0.609094023705, 0.6258212924, 0.556474030018, 0.466879189014], "dvar": [0.230490058661, 0.180380612612, 0.196815505624, 0.267953068018, 0.265606403351, 0.220063880086], "dvar2": [0.449957937002, 0.341794937849, 0.3391456604, 0.481168925762, 0.466971933842, 0.308423370123], "max": [-5.43072080612, -5.36706447601, -5.24568367004, -5.00342416763, -5.14785861969, -7.60174274445], "mean": [-7.85852384567, -7.54497003555, -7.76436710358, -7.96648597717, -7.54258871078, -10.0425815582], "median": [-7.53461503983, -7.19484186172, -7.42046403885, -7.63048458099, -7.24732351303, -9.76807403564], "min": [-26.8957996368, -27.7652320862, -27.2543945313, -27.418718338, -26.9876708984, -27.3099040985], "var": [2.4662463665, 2.31084227562, 2.44840812683, 2.45403075218, 2.45035052299, 2.19278597832]}, "spectral_decrease": {"dmean": 1.76519687756e-09, "dmean2": 2.63328248096e-09, "dvar": 7.87781751823e-18, "dvar2": 1.81030511922e-17, "max": -1.79456858234e-29, "mean": -3.65586161344e-09, "median": -2.28558971749e-09, "min": -2.69533835251e-08, "var": 1.48902370252e-17}, "spectral_energy": {"dmean": 0.00730460323393, "dmean2": 0.0107211368158, "dvar": 0.00012849686027, "dvar2": 0.000289126852294, "max": 0.106186658144, "mean": 0.0158289801329, "median": 0.0100182387978, "min": 1.05551259232e-20, "var": 0.000267978059128}, "spectral_energyband_high": {"dmean": 0.000574324978516, "dmean2": 0.000780232949182, "dvar": 1.03038053112e-06, "dvar2": 2.05138462661e-06, "max": 0.0191095322371, "mean": 0.00116872123908, "median": 0.000524925417267, "min": 7.8557609346e-21, "var": 2.83830627268e-06}, "spectral_energyband_low": {"dmean": 0.00410359166563, "dmean2": 0.00665742065758, "dvar": 8.71050433489e-05, "dvar2": 0.000215097970795, "max": 0.0863957330585, "mean": 0.00428967224434, "median": 0.00148207554594, "min": 5.23128660122e-23, "var": 7.61396295275e-05}, "spectral_energyband_middle_high": {"dmean": 0.00294614746235, "dmean2": 0.00438974518329, "dvar": 2.18049917748e-05, "dvar2": 4.80249145767e-05, "max": 0.084723778069, "mean": 0.00722262868658, "median": 0.00325589091517, "min": 1.4565339942e-21, "var": 9.50709509198e-05}, "spectral_energyband_middle_low": {"dmean": 0.00170070386957, "dmean2": 0.00269041466527, "dvar": 7.81603921496e-06, "dvar2": 1.89100537682e-05, "max": 0.0593245998025, "mean": 0.00358424545266, "median": 0.0022274015937, "min": 2.59304764216e-22, "var": 1.96445889742e-05}, "spectral_entropy": {"dmean": 0.177874237299, "dmean2": 0.233391776681, "dvar": 0.0451568923891, "dvar2": 0.0775095373392, "max": 9.79992198944, "mean": 7.85064077377, "median": 7.8916516304, "min": 5.13718795776, "var": 0.18798430264}, "spectral_flux": {"dmean": 0.0241245776415, "dmean2": 0.0343694165349, "dvar": 0.000928390596528, "dvar2": 0.00185625837184, "max": 0.270150899887, "mean": 0.0747161433101, "median": 0.0639118552208, "min": 1.02738144381e-10, "var": 0.00262333173305}, "spectral_kurtosis": {"dmean": 1.20937013626, "dmean2": 1.93980193138, "dvar": 2.68678832054, "dvar2": 6.35679101944, "max": 37.0214157104, "mean": 4.15530776978, "median": 3.6889667511, "min": -1.20784807205, "var": 5.75272893906}, "spectral_rms": {"dmean": 0.000815729144961, "dmean2": 0.00111375877168, "dvar": 1.10532789677e-06, "dvar2": 2.18165951082e-06, "max": 0.010178248398, "mean": 0.0033987890929, "median": 0.00312632229179, "min": 3.20900033976e-12, "var": 3.89107071896e-06}, "spectral_rolloff": {"dmean": 1003.40014648, "dmean2": 1620.91137695, "dvar": 2245238.25, "dvar2": 5151350, "max": 20456.5429688, "mean": 3030.90942383, "median": 2497.8515625, "min": 43.06640625, "var": 6513687}, "spectral_skewness": {"dmean": 0.189561843872, "dmean2": 0.288782954216, "dvar": 0.0511137731373, "dvar2": 0.111958436668, "max": 4.8217625618, "mean": 1.45703303814, "median": 1.4105309248, "min": -0.0503646098077, "var": 0.152226448059}, "spectral_spread": {"dmean": 711975.125, "dmean2": 1050935.75, "dvar": 807122173952, "dvar2": 1698036318210.0, "max": 40647876, "mean": 4840773.5, "median": 4516492, "min": 1767890, "var": 2564884267010.0}, "spectral_strongpeak": {"dmea