{"lowlevel": {"average_loudness": 0.444398134947, "barkbands": {"dmean": [8.65609479206e-07, 0.000525629613549, 0.00126849208027, 0.00361995818093, 0.00142911798321, 0.000736629532184, 0.000435981346527, 0.000374021881726, 0.000548412790522, 0.000491799029987, 0.000296805927064, 0.000279010215309, 0.00022021777113, 0.000177295572939, 0.000152539156261, 0.000145453159348, 7.80770133133e-05, 7.23515913705e-05, 5.72298704355e-05, 3.57826429536e-05, 2.42751793849e-05, 1.46528118421e-05, 7.98037581262e-06, 4.29253532275e-06, 6.92469370733e-07, 2.65717631009e-07, 3.79871529788e-08], "dmean2": [1.47261607708e-06, 0.00079388753511, 0.00198782514781, 0.00560664013028, 0.00235585356131, 0.00106678309385, 0.000623279134743, 0.000567387090996, 0.000727298902348, 0.000659306184389, 0.000444035220426, 0.000453489890788, 0.000339142658049, 0.000266460207058, 0.00023773459543, 0.000222611168283, 0.000118312149425, 0.000114192553156, 8.6726344307e-05, 5.54334874323e-05, 3.65795385733e-05, 2.21320879064e-05, 1.18451680464e-05, 6.2258059188e-06, 1.07209996258e-06, 4.16391486624e-07, 6.43479225459e-08], "dvar": [3.01818466053e-12, 9.48491560848e-07, 6.44520423521e-06, 7.71463019191e-05, 1.1881725186e-05, 5.7971287788e-06, 1.92143124877e-06, 1.49211041389e-06, 4.7494595492e-06, 5.60646321901e-06, 1.8087217768e-06, 1.5634183228e-06, 6.72211058372e-07, 3.61538212701e-07, 3.18449508541e-07, 2.18518451334e-07, 7.45176720329e-08, 8.38032789829e-08, 2.89671469034e-08, 1.13569589288e-08, 4.75921657639e-09, 1.78047443455e-09, 1.12130038588e-09, 6.72398858814e-10, 8.70703596029e-12, 1.48036108111e-12, 2.16671282018e-14], "dvar2": [8.33838033343e-12, 2.05098808692e-06, 1.61738989846e-05, 0.000184641612577, 3.1447980291e-05, 1.19061696751e-05, 3.19407490679e-06, 3.09270922116e-06, 7.84776420915e-06, 1.0131907402e-05, 3.25652194988e-06, 4.06071558245e-06, 1.49643688019e-06, 7.80839684467e-07, 7.72309874719e-07, 4.97703695146e-07, 1.4656755809e-07, 2.13559701479e-07, 6.77247058434e-08, 2.57984975605e-08, 1.06553716961e-08, 3.81827547358e-09, 2.48583553741e-09, 1.26497279318e-09, 1.98331125828e-11, 3.73063992892e-12, 6.21324552138e-14], "max": [3.81573809136e-05, 0.0207919497043, 0.100959166884, 0.182858586311, 0.0563945770264, 0.0810091048479, 0.0588838011026, 0.0360287986696, 0.0652746260166, 0.0802869945765, 0.0819007158279, 0.0233273021877, 0.0267385654151, 0.0136796217412, 0.0140421260148, 0.0114150000736, 0.0123507427052, 0.00648229941726, 0.00427791150287, 0.00253833201714, 0.00213886774145, 0.00117265642621, 0.00219731847756, 0.00209491839632, 0.000150129329995, 4.55137669633e-05, 6.52666858514e-06], "mean": [1.59619514761e-06, 0.00178779603448, 0.00322126061656, 0.00661967834458, 0.0025399220176, 0.00155243882909, 0.000816475250758, 0.00055321661057, 0.00110661122017, 0.00101732520852, 0.000412266992498, 0.000314530770993, 0.000299615552649, 0.000255086808465, 0.000188942474779, 0.000211006423342, 0.000120372300444, 9.10849921638e-05, 8.5094026872e-05, 4.72934552818e-05, 3.34258584189e-05, 1.95280372282e-05, 1.12087464004e-05, 6.30780368738e-06, 8.27638700684e-07, 3.75710300204e-07, 1.66786307432e-07], "median": [6.18541321273e-07, 0.00081657449482, 0.00190897018183, 0.00193864875473, 0.00110277323984, 0.000337147997925, 0.000143485085573, 7.35457797418e-05, 5.97551079409e-05, 6.118415331e-05, 3.66878884961e-05, 3.9469137846e-05, 4.3986037781e-05, 4.51448722742e-05, 3.61701058864e-05, 3.90518689528e-05, 3.20815488521e-05, 2.3365872039e-05, 2.26871816267e-05, 1.27375187731e-05, 6.57476266497e-06, 2.87873831439e-06, 9.87443172562e-07, 3.58444395943e-07, 1.58920443027e-07, 1.53955014071e-07, 1.69791192661e-07], "min": [2.19227186853e-24, 3.51161905276e-23, 1.36910927955e-23, 9.0581316318e-24, 3.12810422626e-23, 4.05364822063e-23, 8.0205886371e-23, 4.27912202229e-23, 9.82477852948e-23, 7.81139913334e-23, 9.85802175911e-23, 1.04572480758e-22, 1.83025019637e-22, 1.58518771627e-22, 1.32832980925e-22, 1.15456861673e-22, 1.58003651766e-22, 2.48836946035e-22, 1.86553209502e-22, 3.63589373852e-22, 4.12221601052e-22, 6.47677825303e-22, 6.19237281834e-22, 8.39085369272e-22, 1.00690953151e-21, 1.92191457138e-21, 2.37071357002e-21], "var": [8.42740374013e-12, 5.83767541684e-06, 2.04707866942e-05, 0.000173975204234, 1.85958178918e-05, 1.84029522643e-05, 8.15790281194e-06, 3.12357201437e-06, 1.90996779565e-05, 2.33865594055e-05, 5.01728163727e-06, 1.72955583366e-06, 1.17435160973e-06, 6.15611099875e-07, 3.92594046161e-07, 3.2630399005e-07, 1.47050798205e-07, 7.86113929507e-08, 4.54517845583e-08, 1.70058740423e-08, 6.85330547867e-09, 3.01543257031e-09, 3.01877012276e-09, 2.38618635962e-09, 1.00349763221e-11, 1.28554675585e-12, 1.72386265012e-14]}, "barkbands_crest": {"dmean": 2.17906332016, "dmean2": 3.49955391884, "dvar": 4.64194726944, "dvar2": 11.8962001801, "max": 24.2569389343, "mean": 11.0862483978, "median": 10.6104507446, "min": 2.88860225677, "var": 14.630654335}, "barkbands_flatness_db": {"dmean": 0.0249835178256, "dmean2": 0.0366353094578, "dvar": 0.000910270726308, "dvar2": 0.00170044845436, "max": 1, "mean": 0.216133370996, "median": 0.211256757379, "min": 0.0335540622473, "var": 0.00689319940284}, "barkbands_kurtosis": {"dmean": 5.326359272, "dmean2": 8.20746231079, "dvar": 74.5204162598, "dvar2": 162.863082886, "max": 308.130767822, "mean": 11.6630325317, "median": 6.6038441658, "min": -1.98311984539, "var": 294.311157227}, "barkbands_skewness": {"dmean": 0.665104806423, "dmean2": 0.983029007912, "dvar": 0.540773808956, "dvar2": 1.13705408573, "max": 13.0752420425, "mean": 2.28379321098, "median": 2.2787733078, "min": -8.2251329422, "var": 3.04817557335}, "barkbands_spread": {"dmean": 3.99192667007, "dmean2": 6.13757801056, "dvar": 36.9933357239, "dvar2": 82.8082046509, "max": 164.275588989, "mean": 13.1330432892, "median": 9.34083652496, "min": 0.173010289669, "var": 201.302978516}, "dissonance": {"dmean": 0.0226324442774, "dmean2": 0.0363519378006, "dvar": 0.000653089664411, "dvar2": 0.00159892381635, "max": 0.500000238419, "mean": 0.446107685566, "median": 0.459895670414, "min": 0.159437268972, "var": 0.00230703828856}, "dynamic_complexity": 5.63921737671, "erbbands": {"dmean": [0.0063213496469, 0.152400448918, 1.06781518459, 6.95443820953, 9.68185997009, 3.23497152328, 3.69663977623, 7.04314374924, 6.12298345566, 7.36898994446, 7.86172056198, 11.9917287827, 15.523223877, 11.2765855789, 13.3853321075, 10.1693372726, 9.96034908295, 9.28502368927, 8.22209644318, 7.87500715256, 6.39620113373, 4.32225561142, 4.28847503662, 3.1048579216, 2.66787338257, 1.6079376936, 1.09955644608, 0.846505463123, 0.546805918217, 0.388134479523, 0.191225007176, 0.140287473798, 0.0382153429091, 0.00993776973337, 0.00423608766869, 0.00153655407485, 0.000423922640039, 7.49546670704e-05, 8.7004937086e-06, 7.92347236711e-06], "dmean2": [0.00956909544766, 0.228280752897, 1.66337740421, 10.7466373444, 15.6278123856, 5.16309833527, 5.43265008926, 10.1889743805, 8.83323001862, 10.4531669617, 11.5771894455, 15.650601387, 19.7877998352, 15.9045791626, 20.0274391174, 16.0897903442, 15.178776741, 13.6832256317, 12.5417356491, 11.9419822693, 9.73313713074, 6.50960063934, 6.68850708008, 4.63835144043, 4.126932621, 2.48303508759, 1.66068017483, 1.27639222145, 0.831327915192, 0.582901418209, 0.279798448086, 0.203548938036, 0.0562552437186, 0.015444743447, 0.00654156878591, 0.00238339998759, 0.000669889617711, 0.000123115372844, 1.38976865856e-05, 1.16906267067e-05], "dvar": [0.000134258545586, 0.0753613337874, 3.77309393883, 238.454116821, 617.114379883, 71.8070220947, 112.037322998, 767.312194824, 406.013305664, 547.91027832, 707.768310547, 2418.17211914, 6229.55810547, 1965.41247559, 2989.78076172, 1790.98400879, 1288.10705566, 914.579528809, 827.242919922, 791.544067383, 363.271728516, 228.467605591, 297.051605225, 95.9312515259, 62.6810112, 23.5876960754, 9.62946605682, 6.81520748138, 2.67661619186, 1.68171882629, 0.719913244247, 0.704763293266, 0.0429300069809, 0.00118256232236, 0.000571522163227, 5.61182168894e-05, 3.052182592e-06, 9.32543429144e-08, 4.99089714001e-10, 2.01686889412e-10], "dvar2": [0.000300051877275, 0.163170605898, 9.39975261688, 574.344848633, 1594.02294922, 171.632995605, 229.50390625, 1576.1060791, 711.468322754, 984.772644043, 1496.85449219, 3773.60424805, 11232.3125, 3636.68823242, 6012.97412109, 4452.14501953, 2857.49609375, 1876.00024414, 1920.28833008, 1913.3215332, 836.859680176, 464.588439941, 751.082458496, 217.425140381, 147.678161621, 54.0475540161, 21.201379776, 15.5091791153, 5.9433631897, 3.54584908485, 1.56060707569, 1.25043439865, 0.0947238877416, 0.00278351223096, 0.00131135177799, 0.000140548465424, 7.51384277464e-06, 2.47641622764e-07, 1.36172662035e-09, 4.57131638099e-10], "max": [0.271308422089, 5.84102058411, 72.0048599243, 310.945220947, 457.180145264, 211.613311768, 309.964477539, 1021.94110107, 798.621948242, 684.491088867, 687.358581543, 1808.60339355, 2860.39501953, 1466.30981445, 3298.47558594, 999.852172852, 851.081787109, 784.585449219, 1001.03240967, 790.435668945, 405.10357666, 713.226135254, 435.707489014, 238.160446167, 156.541641235, 131.807449341, 64.1090927124, 108.223350525, 38.5413284302, 69.0118026733, 57.0283470154, 61.5296783447, 16.2298564911, 1.12024021149, 1.45001530647, 0.254094451666, 0.0689447298646, 0.0118026966229, 0.000932794471737, 0.000247582473094], "mean": [0.0236002560705, 0.528628349304, 2.9771027565, 14.0631666183, 16.8991603851, 6.16122817993, 8.31287670135, 14.1162776947, 11.5050649643, 13.4211425781, 12.6504182816, 25.6175632477, 34.9456520081, 19.8654766083, 18.2212028503, 12.8840389252, 13.9509553909, 14.0464696884, 11.3448028564, 10.5738182068, 9.97152233124, 6.60811948776, 5.79382419586, 4.51274299622, 3.73516702652, 2.24055480957, 1.59530127048, 1.09835886955, 0.71983653307, 0.518782615662, 0.281732708216, 0.210078686476, 0.0534414686263, 0.0119176572189, 0.00527479266748, 0.00199880613945, 0.00062832981348, 0.000148877079482, 3.52939423465e-05, 2.61001550825e-05], "median": [0.0141223901883, 0.266037046909, 2.14556455612, 6.00535917282, 5.86938619614, 2.79914283752, 2.25138735771, 2.80448150635, 2.32776832581, 2.1915705204, 1.52158367634, 1.6416374445, 1.86147868633, 1.41423106194, 1.92750632763, 2.07296442986, 2.41836476326, 2.90614557266, 2.43079137802, 2.34902977943, 2.36370563507, 1.88442969322, 1.52157366276, 1.17552685738, 1.03081989288, 0.608438670635, 0.345217496157, 0.202955305576, 0.109201319516, 0.0562611781061, 0.0263506360352, 0.0116922101006, 0.00422732392326, 0.00188641133718, 0.00113180978224, 0.000624661392067, 0.000293903169222, 0.000107757201476, 3.09661845677e-05, 1.70721596078e-05], "min": [1.36898583228e-21, 6.57525263073e-21, 1.78970364451e-20, 1.70311269778e-20, 2.99595382838e-20, 1.43902401043e-19, 1.21274836612e-19, 4.32805272466e-19, 1.30623833521e-18, 8.57658857704e-19, 1.46644088598e-18, 1.94671373695e-18, 1.68275947291e-18, 4.46361961375e-18, 2.82612108582e-18, 5.07061384623e-18, 7.98337651774e-18, 7.49521836078e-18, 7.07234129777e-18, 7.31430568901e-18, 8.84193291811e-18, 8.84313398436e-18, 1.42552468649e-17, 1.04038955872e-17, 9.37799724024e-18, 1.75108907896e-17, 1.53926764555e-17, 2.00054359065e-17, 1.99036794563e-17, 2.29382312381e-17, 1.79306336653e-17, 1.52613913117e-17, 1.57667639244e-17, 1.04920076933e-17, 7.65844921978e-18, 6.15026487098e-18, 3.43560347758e-18, 1.55208851077e-18, 3.71102872046e-19, 3.35205799014e-20], "var": [0.000820305780508, 0.450745224953, 11.9713878632, 536.047973633, 1166.79663086, 154.868881226, 459.38067627, 2156.02075195, 1472.68969727, 1928.16442871, 1563.25219727, 11455.7451172, 28450.1914063, 6704.76025391, 7484.14990234, 2410.09912109, 2109.61791992, 1724.99914551, 1256.01477051, 968.309753418, 584.395812988, 412.762542725, 296.255889893, 145.585632324, 89.3555145264, 37.9157028198, 15.839302063, 8.83866786957, 3.91670894623, 4.16538286209, 2.15713882446, 2.45880866051, 0.126372024417, 0.00148879864719, 0.000610854534898, 5.06164578837e-05, 2.78386551145e-06, 7.28911544456e-08, 6.64937660488e-10, 7.87308773731e-10]}, "erbbands_crest": {"dmean": 2.59141921997, "dmean2": 4.05340576172, "dvar": 6.68639659882, "dvar2": 15.9856376648, "max": 31.230430603, "mean": 10.4957036972, "median": 9.43341827393, "min": 2.35404419899, "var": 22.3493728638}, "erbbands_flatness_db": {"dmean": 0.0183857195079, "dmean2": 0.0263004247099, "dvar": 0.000494266336318, "dvar2": 0.000892855518032, "max": 0.674672663212, "mean": 0.201564922929, "median": 0.192897588015, "min": 0.0235483124852, "var": 0.00355668971315}, "erbbands_kurtosis": {"dmean": 1.64703428745, "dmean2": 2.58033275604, "dvar": 208.526870728, "dvar2": 402.137145996, "max": 957.315368652, "mean": 4.23961305618, "median": -0.333741247654, "min": -1.89328706264, "var": 2501.46362305}, "erbbands_skewness": {"dmean": 0.429639726877, "dmean2": 0.64381223917, "dvar": 0.342908680439, "dvar2": 0.676255464554, "max": 11.6737585068, "mean": 0.351645350456, "median": 0.291860997677, "min": -27.8975334167, "var": 3.50247073174}, "erbbands_spread": {"dmean": 7.8975892067, "dmean2": 11.814915657, "dvar": 93.0836715698, "dvar2": 197.811813354, "max": 156.498672485, "mean": 37.2084503174, "median": 36.8912811279, "min": 1.0129314661, "var": 406.926544189}, "gfcc": {"cov": [[18482.9648438, 2740.34106445, -2730.11450195, 561.703430176, -919.274414063, 65.8587188721, 61.8619270325, -146.229293823, 195.037261963, -299.589019775, -29.4161567688, -264.084838867, -2.0822353363], [2740.34106445, 1528.38134766, 15.5321292877, -284.88973999, 186.24810791, -209.820724487, 138.010177612, -16.7173080444, 49.2609176636, -83.2814788818, -29.1711902618, -7.66997003555, 73.5883560181], [-2730.11450195, 15.5321292877, 1306.22436523, 109.440216064, 218.304595947, -13.7607507706, -0.336215704679, -8.7469997406, -50.787525177, -6.31584644318, 4.41542577744, 27.8299884796, 24.7110347748], [561.703430176, -284.88973999, 109.440216064, 638.856506348, 22.3811035156, 51.6271362305, -79.497215271, -56.8372612, -30.6962738037, -7.42838764191, 17.6493034363, -39.7569046021, -27.3443508148], [-919.274414063, 186.24810791, 218.304595947, 22.3811035156, 437.904449463, -57.3182868958, -19.7187862396, 15.2648296356, -34.812122345, 22.3259353638, -26.3209705353, -4.54440927505, 3.92860150337], [65.8587188721, -209.820724487, -13.7607507706, 51.6271362305, -57.3182868958, 263.833984375, 46.0017471313, -10.3096561432, 24.6489830017, 1.8696975708, -4.33393526077, -33.0189437866, -29.0026245117], [61.8619270325, 138.010177612, -0.336215704679, -79.497215271, -19.7187862396, 46.0017471313, 220.976974487, 53.5854568481, 15.5942144394, -24.4779090881, -22.9870109558, 12.304643631, 9.23070144653], [-146.229293823, -16.7173080444, -8.7469997406, -56.8372612, 15.2648296356, -10.3096561432, 53.5854568481, 123.281600952, 12.1809082031, -11.8916711807, -10.5131731033, 1.55443072319, -2.38638544083], [195.037261963, 49.2609176636, -50.787525177, -30.6962738037, -34.812122345, 24.6489830017, 15.5942144394, 12.1809082031, 121.464569092, 23.8788471222, -16.4225196838, -11.3387508392, 5.97324037552], [-299.589019775, -83.2814788818, -6.31584644318, -7.42838764191, 22.3259353638, 1.8696975708, -24.4779090881, -11.8916711807, 23.8788471222, 100.220108032, 26.0503253937, -6.07041406631, -14.2629652023], [-29.4161567688, -29.1711902618, 4.41542577744, 17.6493034363, -26.3209705353, -4.33393526077, -22.9870109558, -10.5131731033, -16.4225196838, 26.0503253937, 89.7787780762, 27.5245018005, -9.97163200378], [-264.084838867, -7.66997003555, 27.8299884796, -39.7569046021, -4.54440927505, -33.0189437866, 12.304643631, 1.55443072319, -11.3387508392, -6.07041406631, 27.5245018005, 114.552085876, 42.9862785339], [-2.0822353363, 73.5883560181, 24.7110347748, -27.3443508148, 3.92860150337, -29.0026245117, 9.23070144653, -2.38638544083, 5.97324037552, -14.2629652023, -9.97163200378, 42.9862785339, 94.0596313477]], "icov": [[0.000611391093116, -0.00188943336252, 0.00115585711319, -0.00146726565436, 0.00161197327543, -0.00122354773339, 0.00109425024129, -0.000935439253226, 0.000683279591613, -0.000266119284788, 0.000652825576253, -8.23804584797e-05, 0.000208926183404], [-0.00188943336252, 0.00707251112908, -0.00352880428545, 0.00502296723425, -0.00571412732825, 0.00488448049873, -0.00445012049749, 0.00408016284928, -0.00321193272248, 0.00242515350692, -0.0030836511869, 0.0013525710674, -0.00127608596813], [0.00115585711319, -0.00352880428545, 0.00305143231526, -0.00289511191659, 0.00258618826047, -0.00234065111727, 0.00194285449106, -0.00166533712763, 0.00143619463779, -0.000367923348676, 0.00107210199349, -0.000275801809039, 0.00017311765987], [-0.00146726565436, 0.00502296723425, -0.00289511191659, 0.00552707631141, -0.00425859540701, 0.00297378282994, -0.00250469963066, 0.00326527445577, -0.00185617082752, 0.00174860761035, -0.00244079413824, 0.00120867253281, -0.000599499966484], [0.00161197327543, -0.00571412732825, 0.00258618826047, -0.00425859540701, 0.00751565489918, -0.00338537525386, 0.00370513997041, -0.00374176213518, 0.00344402273186, -0.00296099414118, 0.00378480530344, -0.000860423431732, 0.000899166450836], [-0.00122354773339, 0.00488448049873, -0.00234065111727, 0.00297378282994, -0.00338537525386, 0.00795777700841, -0.00441939989105, 0.00369506143034, -0.00314188259654, 0.00192709371913, -0.00233315327205, 0.00201371917501, 7.76246597525e-05], [0.00109425024129, -0.00445012049749, 0.00194285449106, -0.00250469963066, 0.00370513997041, -0.00441939989105, 0.00870547723025, -0.00491318712011, 0.00196313741617, -0.00100131565705, 0.00318900938146, -0.0020205383189, 0.000755803543143], [-0.000935439253226, 0.00408016284928, -0.00166533712763, 0.00326527445577, -0.00374176213518, 0.00369506143034, -0.00491318712011, 0.0122830010951, -0.00325867463835, 0.00318956910633, -0.00216281111352, 0.00123890803661, 0.0001584526035], [0.000683279591613, -0.00321193272248, 0.00143619463779, -0.00185617082752, 0.00344402273186, -0.00314188259654, 0.00196313741617, -0.00325867463835, 0.0118869505823, -0.00534758763388, 0.00423457473516, -0.000431508844486, -0.00069651735248], [-0.000266119284788, 0.00242515350692, -0.000367923348676, 0.00174860761035, -0.00296099414118, 0.00192709371913, -0.00100131565705, 0.00318956910633, -0.00534758763388, 0.0151969548315, -0.00634038727731, 0.00236266688444, 0.000490929640364], [0.000652825576253, -0.0030836511869, 0.00107210199349, -0.00244079413824, 0.00378480530344, -0.00233315327205, 0.00318900938146, -0.00216281111352, 0.00423457473516, -0.00634038727731, 0.0171891767532, -0.00601715547964, 0.00353226182051], [-8.23804584797e-05, 0.0013525710674, -0.000275801809039, 0.00120867253281, -0.000860423431732, 0.00201371917501, -0.0020205383189, 0.00123890803661, -0.000431508844486, 0.00236266688444, -0.00601715547964, 0.013750448823, -0.00628594588488], [0.000208926183404, -0.00127608596813, 0.00017311765987, -0.000599499966484, 0.000899166450836, 7.76246597525e-05, 0.000755803543143, 0.0001584526035, -0.00069651735248, 0.000490929640364, 0.00353226182051, -0.00628594588488, 0.0146968895569]], "mean": [-113.783340454, 137.262390137, -110.987724304, 33.4710655212, -31.2399139404, -5.28678941727, -26.3389968872, -9.67806339264, -21.5346660614, -7.62442207336, -18.1792621613, -8.84389781952, -15.0767230988]}, "hfc": {"dmean": 3.28584527969, "dmean2": 4.51294565201, "dvar": 42.9991378784, "dvar2": 86.9603881836, "max": 112.518791199, "mean": 8.79985046387, "median": 4.23975467682, "min": 1.2040004245e-16, "var": 150.262832642}, "melbands": {"dmean": [0.000102382866316, 0.000418650073698, 0.00132470927201, 0.000423344026785, 0.000124491620227, 0.000150112304254, 9.25143031054e-05, 8.0184538092e-05, 7.13161934982e-05, 7.83226641943e-05, 7.87535245763e-05, 4.89481390105e-05, 4.33037857874e-05, 3.53136820195e-05, 2.04832995223e-05, 2.31070644077e-05, 1.74932283699e-05, 1.40954271046e-05, 1.06656880234e-05, 1.19800479297e-05, 6.65485504214e-06, 4.56073894384e-06, 5.0637518143e-06, 2.85514920506e-06, 2.64026789409e-06, 1.9676415377e-06, 1.7160398329e-06, 9.70339556261e-07, 7.22060292446e-07, 6.35900676116e-07, 4.66286223855e-07, 3.295639317e-07, 2.57293777395e-07, 2.0998137984e-07, 1.12769171778e-07, 1.0228407632e-07, 8.32783300098e-08, 3.24509095151e-08, 1.11031104311e-08, 7.29247240372e-09], "dmean2": [0.000154506560648, 0.000641071179416, 0.00205573136918, 0.000687882071361, 0.000183512922376, 0.000217228080146, 0.000132793516968, 0.000115333270514, 0.000103685641079, 0.000101366065792, 0.000100870187453, 6.9722198532e-05, 6.46123735351e-05, 5.68296127312e-05, 3.14088974847e-05, 3.51889175363e-05, 2.63738220383e-05, 2.19708799705e-05, 1.65174587892e-05, 1.82074163604e-05, 1.03097763713e-05, 6.87003694111e-06, 7.90940703155e-06, 4.46994772574e-06, 3.94406242776e-06, 3.04500031234e-06, 2.70993655249e-06, 1.49982338371e-06, 1.09741108645e-06, 9.75653620117e-07, 7.12057840246e-07, 5.07398397076e-07, 3.91903313357e-07, 3.23220973542e-07, 1.6927775448e-07, 1.53550260507e-07, 1.21167914813e-07, 4.83937760976e-08, 1.72240728347e-08, 1.15287743796e-08], "dvar": [3.59732723609e-08, 5.58277235996e-07, 9.4200422609e-06, 1.08936740162e-06, 1.01422088505e-07, 3.03318500983e-07, 8.99070897731e-08, 6.72296991411e-08, 6.48265867653e-08, 1.01841429512e-07, 1.59706402769e-07, 4.06273237274e-08, 3.90009908813e-08, 2.64972648267e-08, 6.49708553624e-09, 7.32980298679e-09, 3.60542684597e-09, 2.66761079892e-09, 1.73549474791e-09, 1.68418845536e-09, 4.53335258221e-10, 2.69358868543e-10, 4.36663566417e-10, 1.07873557309e-10, 7.15533604589e-11, 3.573132068e-11, 2.8417219966e-11, 9.66820200288e-12, 4.75420874543e-12, 3.24001437658e-12, 2.13201093065e-12, 9.27238429267e-13, 7.72977602065e-13, 6.00336837533e-13, 3.08072632075e-13, 3.03494913662e-13, 2.87222773777e-13, 4.28040713768e-14, 1.78646194246e-15, 7.1654143368e-16], "dvar2": [7.82148674716e-08, 1.37136339617e-06, 2.2814661861e-05, 2.8431948067e-06, 2.07988307466e-07, 6.21394349309e-07, 1.53347130549e-07, 1.25446106836e-07, 1.34446281663e-07, 1.56279369889e-07, 2.88734696596e-07, 7.61184608677e-08, 7.02379736595e-08, 7.07532592514e-08, 1.35699158577e-08, 1.60022395335e-08, 7.70925634441e-09, 6.302896427e-09, 4.22750945361e-09, 3.85385279245e-09, 1.09675046822e-09, 5.52517920305e-10, 1.05522368621e-09, 2.67989852532e-10, 1.62682187166e-10, 8.44111100462e-11, 6.77519498837e-11, 2.27831625094e-11, 1.08379945643e-11, 7.30630573403e-12, 5.00718824042e-12, 2.04198593798e-12, 1.74647731173e-12, 1.35348752605e-12, 7.48182819952e-13, 6.46573614961e-13, 4.86188346527e-13, 1.06347175261e-13, 4.26587052764e-15, 1.71772479527e-15], "max": [0.00392309157178, 0.0275869481266, 0.0613360181451, 0.016431979835, 0.00892198178917, 0.0197578091174, 0.0128038404509, 0.00811428017914, 0.00816022790968, 0.0120157636702, 0.0146356709301, 0.00648781470954, 0.0136606628075, 0.00324668595567, 0.00256952433847, 0.00301548163407, 0.00163647101726, 0.00169890548568, 0.0010826967191, 0.000983526464552, 0.000468020036351, 0.000787239114288, 0.000614446122199, 0.00026119366521, 0.000218647590373, 0.00015773094492, 0.000119966993225, 9.40020763665e-05, 5.28223936271e-05, 4.7263896704e-05, 5.96773970756e-05, 2.85499500023e-05, 3.09466231556e-05, 4.32439410361e-05, 3.87954823964e-05, 2.59363350779e-05, 4.47436686954e-05, 1.52741686179e-05, 1.83497547823e-06, 9.56528651841e-07], "mean": [0.000365321087884, 0.00127978262026, 0.00268224882893, 0.000760451541282, 0.000282220978988, 0.000305562309222, 0.000174914384843, 0.000140076968819, 0.000111993060273, 0.000165167570231, 0.000175071632839, 8.28665797599e-05, 5.94511402596e-05, 4.08043524658e-05, 2.70992950391e-05, 3.22183186654e-05, 2.53840607911e-05, 1.88362646441e-05, 1.28935207613e-05, 1.69378690771e-05, 1.00456873042e-05, 6.70978033668e-06, 6.72677379043e-06, 3.78233335141e-06, 3.69881627194e-06, 2.78568086287e-06, 2.12010922951e-06, 1.31840192807e-06, 1.01736202396e-06, 8.41609505642e-07, 5.68692030356e-07, 4.23075960043e-07, 3.29878645289e-07, 2.6994473501e-07, 1.58637618597e-07, 1.47727519106e-07, 1.2220718304e-07, 4.27948805282e-08, 1.28360344576e-08, 8.28344681736e-09], "median": [0.000180110306246, 0.000960822915658, 0.00114850280806, 0.000317688623909, 8.92079478945e-05, 6.4618223405e-05, 3.36497832905e-05, 2.12388440559e-05, 1.20663971757e-05, 9.13528219826e-06, 8.80248990143e-06, 4.85382497573e-06, 5.64067340747e-06, 5.50130880583e-06, 4.74761782243e-06, 4.52515587313e-06, 4.57814076071e-06, 3.84910117646e-06, 2.47664524977e-06, 3.28366513713e-06, 2.34530898524e-06, 1.61105356256e-06, 1.66870063367e-06, 1.01902242022e-06, 8.06308719348e-07, 7.36231186238e-07, 5.36062884748e-07, 3.04638547277e-07, 1.95742316578e-07, 1.63812444498e-07, 8.69585008445e-08, 6.25651566111e-08, 3.86098619742e-08, 2.38550192933e-08, 1.47185357235e-08, 1.01876196368e-08, 5.17625187157e-09, 2.95316837651e-09, 1.78612835633e-09, 1.37213818086e-09], "min": [1.05989260744e-23, 8.78817633029e-24, 3.66311426758e-24, 5.46775349513e-24, 5.35262121816e-24, 1.04859493599e-23, 1.9028413662e-23, 9.25211805042e-24, 1.46893978488e-23, 1.14170955288e-23, 8.09964591044e-24, 1.78900637099e-23, 1.10764866892e-23, 1.26692717986e-23, 1.53246675358e-23, 1.68810222597e-23, 1.2962656269e-23, 1.22122073679e-23, 1.00526462084e-23, 6.29456176533e-24, 1.27208940674e-23, 1.00773580651e-23, 8.80783632177e-24, 1.36750773414e-23, 7.81745222084e-24, 6.20635212777e-24, 7.73360813953e-24, 1.30321643811e-23, 9.18199857114e-24, 9.21408706618e-24, 1.32779221632e-23, 1.19021645217e-23, 1.01324986536e-23, 1.23781758137e-23, 1.07262221921e-23, 9.10233624149e-24, 9.22584898228e-24, 1.01966433003e-23, 1.17445280248e-23, 7.89939672509e-24], "var": [2.25650865104e-07, 1.95355823962e-06, 2.12772229133e-05, 1.80306915354e-06, 4.29363439025e-07, 8.79491551586e-07, 3.52941043502e-07, 2.07421450682e-07, 1.5291968225e-07, 4.84619363306e-07, 7.26597079392e-07, 1.2880671818e-07, 1.12141812281e-07, 2.54863312676e-08, 1.19545662258e-08, 1.319747156e-08, 6.10485528796e-09, 3.99928978823e-09, 2.0930694955e-09, 2.41087971808e-09, 6.77623124279e-10, 4.87833939911e-10, 4.91016505233e-10, 1.08954921474e-10, 1.09029854589e-10, 5.14019798947e-11, 3.53127665997e-11, 1.52905431372e-11, 7.61650551656e-12, 4.34346135447e-12, 2.64365677786e-12, 1.30267357231e-12, 1.32220547445e-12, 1.42191889773e-12, 7.55560165214e-13, 7.86992866708e-13, 1.06135673167e-12, 1.02646346013e-13, 2.13114527145e-15, 7.8341060852e-16]}, "melbands_crest": {"dmean": 2.9110224247, "dmean2": 4.6089849472, "dvar": 8.55323886871, "dvar2": 20.9651412964, "max": 40, "mean": 16.2415313721, "median": 15.9547176361, "min": 1.78143906593, "var": 30.0653705597}, "melbands_flatness_db": {"dmean": 0.0315407849848, "dmean2": 0.0449443235993, "dvar": 0.00140549405478, "dvar2": 0.00263737980276, "max": 1, "mean": 0.30102878809, "median": 0.299186110497, "min": 0.00375115033239, "var": 0.00992497336119}, "melbands_kurtosis": {"dmean": 10159.1181641, "dmean2": 19742.8457031, "dvar": 53778620416, "dvar2": 156907585536, "max": 7640009.5, "mean": 15573.7607422, "median": 17.2395076752, "min": -1.81485199928, "var": 106708320256}, "melbands_skewness": {"dmean": 3.42038607597, "dmean2": 6.10180950165, "dvar": 3500.50830078, "dvar2": 9543.60449219, "max": 2710.34667969, "mean": 9.70254039764, "median": 3.43112492561, "min": -2.80190563202, "var": 14854.2177734}, "melbands_spread": {"dmean": 4.8882226944, "dmean2": 7.41698122025, "dvar": 74.2383575439, "dvar2": 155.430755615, "max": 225.883163452, "mean": 13.8823060989, "median": 8.4328250885, "min": 0.000150790292537, "var": 297.19039917}, "mfcc": {"cov": [[10939.0166016, 1673.59265137, -1391.63366699, 96.7465591431, -699.968444824, 155.527618408, -316.913543701, 218.426681519, 22.158290863, 134.528549194, -82.2448501587, 78.80909729, -35.006652832], [1673.59265137, 2251.76586914, -166.953140259, 40.7503662109, 3.7355594635, -123.122337341, 36.2060813904, 31.6152057648, 142.151901245, -73.7629241943, -6.25049209595, -48.3565330505, 20.3054561615], [-1391.63366699, -166.953140259, 929.958679199, 156.218704224, 114.143875122, 85.2735748291, 47.927482605, 15.7847766876, -18.930398941, -2.81566500664, -52.103717804, 18.889509201, -9.25121212006], [96.7465591431, 40.7503662109, 156.218704224, 500.142028809, 197.204345703, 34.5535736084, 38.327583313, -28.5190105438, -12.8738632202, -39.4462432861, -19.6799297333, 10.8979558945, -9.01842403412], [-699.968444824, 3.7355594635, 114.143875122, 197.204345703, 383.208374023, 44.8344955444, 36.819393158, -61.2690467834, -20.165643692, -10.012421608, 2.80287146568, -11.5842351913, 3.68491292], [155.527618408, -123.122337341, 85.2735748291, 34.5535736084, 44.8344955444, 231.28314209, 18.8752880096, 5.7968916893, 6.68062448502, 32.2086257935, 11.7934894562, 27.7717933655, -12.6033325195], [-316.913543701, 36.2060813904, 47.927482605, 38.327583313, 36.819393158, 18.8752880096, 171.946746826, 45.0182647705, 9.68314266205, -10.3138170242, 23.9569206238, -7.72602081299, -7.05548524857], [218.426681519, 31.6152057648, 15.7847766876, -28.5190105438, -61.2690467834, 5.7968916893, 45.0182647705, 148.939956665, 50.1108169556, -9.75588989258, 1.61960065365, -4.91549539566, -5.19430541992], [22.158290863, 142.151901245, -18.930398941, -12.8738632202, -20.165643692, 6.68062448502, 9.68314266205, 50.1108169556, 158.844863892, 21.7449245453, -10.1609334946, 1.13515341282, -5.43799972534], [134.528549194, -73.7629241943, -2.81566500664, -39.4462432861, -10.012421608, 32.2086257935, -10.3138170242, -9.75588989258, 21.7449245453, 134.964828491, 23.3140201569, 5.60190248489, -6.84098148346], [-82.2448501587, -6.25049209595, -52.103717804, -19.6799297333, 2.80287146568, 11.7934894562, 23.9569206238, 1.61960065365, -10.1609334946, 23.3140201569, 122.557273865, 12.0628604889, -18.7093505859], [78.80909729, -48.3565330505, 18.889509201, 10.8979558945, -11.5842351913, 27.7717933655, -7.72602081299, -4.91549539566, 1.13515341282, 5.60190248489, 12.0628604889, 93.7258300781, 24.3881549835], [-35.006652832, 20.3054561615, -9.25121212006, -9.01842403412, 3.68491292, -12.6033325195, -7.05548524857, -5.19430541992, -5.43799972534, -6.84098148346, -18.7093505859, 24.3881549835, 103.054008484]], "icov": [[0.000251695077168, -0.000228092787438, 0.000407629850088, -0.000372065667761, 0.000443726603407, -0.000420852215029, 0.000468205602374, -0.000590526382439, 0.000520246918313, -0.000482673203805, 0.000409110536566, -0.000263575348072, 0.000201490620384], [-0.000228092787438, 0.000718759489246, -0.000305081019178, 0.000271296565188, -0.000403282232583, 0.000586862734053, -0.000514670682605, 0.000632748648059, -0.00101723719854, 0.000739360111766, -0.000482522998936, 0.000479757320136, -0.000345635809936], [0.000407629850088, -0.000305081019178, 0.00191583507694, -0.000845734961331, 0.000472853018437, -0.000969928165432, 0.000487857119879, -0.00125706684776, 0.00108052568976, -0.000917846453376, 0.00136197952088, -0.000744606368244, 0.000550635100808], [-0.000372065667761, 0.000271296565188, -0.000845734961331, 0.00326424697414, -0.00192443758715, 0.000538329884876, -0.00101281981915, 0.00103487668093, -0.000742800591979, 0.00135144498199, -0.000147076003486, -0.000298639934044, 0.00024185203074], [0.000443726603407, -0.000403282232583, 0.000472853018437, -0.00192443758715, 0.00456013297662, -0.00133457034826, 0.0001024262383, 0.000629470101558, 0.000728104147129, -0.000707114348188, 0.000253524747677, 0.000625053595286, -0.000293716526357], [-0.000420852215029, 0.000586862734053, -0.000969928165432, 0.000538329884876, -0.00133457034826, 0.00580588448793, -0.00114252511412, 0.000590982032008, -0.00105276773684, -0.00028249665047, -0.000737809168641, -0.00115836563054, 0.00047665918828], [0.000468205602374, -0.000514670682605, 0.000487857119879, -0.00101281981915, 0.0001024262383, -0.00114252511412, 0.00795688387007, -0.00349772395566, 0.00105720234569, -0.000412675697589, -0.000888680457138, 0.000245135743171, 0.00024972789106], [-0.000590526382439, 0.000632748648059, -0.00125706684776, 0.00103487668093, 0.000629470101558, 0.000590982032008, -0.00349772395566, 0.0106385331601, -0.00408033654094, 0.00240993802436, -0.00128403573763, 0.00135790905915, -0.000610839750152], [0.000520246918313, -0.00101723719854, 0.00108052568976, -0.000742800591979, 0.000728104147129, -0.00105276773684, 0.00105720234569, -0.00408033654094, 0.00914824195206, -0.00291732349433, 0.00218450604007, -0.00132786913309, 0.00112100224942], [-0.000482673203805, 0.000739360111766, -0.000917846453376, 0.00135144498199, -0.000707114348188, -0.00028249665047, -0.000412675697589, 0.00240993802436, -0.00291732349433, 0.00969391781837, -0.00258464412764, 0.000784867384937, -0.00035523599945], [0.000409110536566, -0.000482522998936, 0.00136197952088, -0.000147076003486, 0.000253524747677, -0.000737809168641, -0.000888680457138, -0.00128403573763, 0.00218450604007, -0.00258464412764, 0.0105518242344, -0.00264880969189, 0.00260480307043], [-0.000263575348072, 0.000479757320136, -0.000744606368244, -0.000298639934044, 0.000625053595286, -0.00115836563054, 0.000245135743171, 0.00135790905915, -0.00132786913309, 0.000784867384937, -0.00264880969189, 0.013179323636, -0.00397363025695], [0.000201490620384, -0.000345635809936, 0.000550635100808, 0.00024185203074, -0.000293716526357, 0.00047665918828, 0.00024972789106, -0.000610839750152, 0.00112100224942, -0.00035523599945, 0.00260480307043, -0.00397363025695, 0.0114147467539]], "mean": [-754.55657959, 166.011474609, -11.0710525513, 43.4611549377, 7.94068431854, 13.727232933, -0.483276367188, 1.56944143772, -3.64027881622, -0.57250136137, -4.60851573944, -3.24475026131, -5.40095901489]}, "pitch_salience": {"dmean": 0.0644231587648, "dmean2": 0.103159338236, "dvar": 0.00407150387764, "dvar2": 0.0101318266243, "max": 0.947249472141, "mean": 0.521183073521, "median": 0.523964822292, "min": 0.0013312518131, "var": 0.0136278523132}, "silence_rate_20dB": {"dmean": 0, "dmean2": 0, "dvar": 0, "dvar2": 0, "max": 1, "mean": 1, "median": 1, "min": 1, "var": 0}, "silence_rate_30dB": {"dmean": 0.00856481492519, "dmean2": 0.0171316117048, "dvar": 0.00849163904786, "dvar2": 0.0191515032202, "max": 1, "mean": 0.986922800541, "median": 1, "min": 0, "var": 0.012904859148}, "silence_rate_60dB": {"dmean": 0.0435185171664, "dmean2": 0.0870471149683, "dvar": 0.0416230373085, "dvar2": 0.0891872942448, "max": 1, "mean": 0.171623662114, "median": 0, "min": 0, "var": 0.14218300581}, "spectral_centroid": {"dmean": 204.290847778, "dmean2": 310.259429932, "dvar": 98561.6328125, "dvar2": 198438.1875, "max": 14722.8808594, "mean": 893.27947998, "median": 657.733520508, "min": 130.489181519, "var": 1021055.25}, "spectral_complexity": {"dmean": 2.60949063301, "dmean2": 3.76200938225, "dvar": 16.2328338623, "dvar2": 29.2310466766, "max": 54, "mean": 9.94005298615, "median": 9, "min": 0, "var": 52.0010490417}, "spectral_contrast_coeffs": {"dmean": [0.0466439314187, 0.0450042709708, 0.037477850914, 0.0316136330366, 0.0240009557456, 0.0204478092492], "dmean2": [0.0772584155202, 0.0714983791113, 0.0576403476298, 0.0491044484079, 0.0364927239716, 0.0304601881653], "dvar": [0.00179108139127, 0.00156080245506, 0.001078419853, 0.000784687988926, 0.000483977142721, 0.000453654240118], "dvar2": [0.00460561690852, 0.00366651429795, 0.00228636502288, 0.00170543452259, 0.00103292544372, 0.000935889547691], "max": [-0.270895808935, -0.417453676462, -0.390155881643, -0.548967182636, -0.573364377022, -0.537799537182], "mean": [-0.598170876503, -0.727693736553, -0.775336623192, -0.772196233273, -0.774796366692, -0.747330367565], "median": [-0.597358167171, -0.733804941177, -0.788192868233, -0.777825832367, -0.774976491928, -0.743216454983], "min": [-0.995687663555, -0.990605354309, -0.99131000042, -0.996301651001, -0.988695144653, -0.970107257366], "var": [0.00749050267041, 0.00837755203247, 0.00692258775234, 0.0046381726861, 0.00314183696173, 0.00310696312226]}, "spectral_contrast_valleys": {"dmean": [0.377624452114, 0.413741797209, 0.406410813332, 0.383866637945, 0.390575677156, 0.336890876293], "dmean2": [0.619430661201, 0.653794765472, 0.612841248512, 0.551495909691, 0.538955688477, 0.455690592527], "dvar": [0.139981597662, 0.173435553908, 0.192042350769, 0.17835624516, 0.201680168509, 0.189041495323], "dvar2": [0.314293175936, 0.362706631422, 0.355479449034, 0.335936158895, 0.369732379913, 0.367221683264], "max": [-5.76442480087, -4.9643740654, -4.7713561058, -5.65941762924, -5.63741159439, -9.04477119446], "mean": [-7.81552886963, -7.69026041031, -8.39755916595, -8.77509403229, -9.05285930634, -12.2737474442], "median": [-7.38380289078, -7.42934703827, -8.18231964111, -8.54233264923, -8.89558982849, -12.3565120697], "min": [-27.4180335999, -27.7082481384, -27.3753147125, -27.2761001587, -27.2549571991, -27.0704555511], "var": [3.11756968498, 3.13250589371, 3.23337221146, 3.11637687683, 2.8309905529, 1.7823394537]}, "spectral_decrease": {"dmean": 1.75848380302e-09, "dmean2": 2.60613775005e-09, "dvar": 1.04584158886e-17, "dvar2": 2.40972171554e-17, "max": 8.69795171002e-17, "mean": -5.43563194455e-09, "median": -3.39281047701e-09, "min": -5.81947787737e-08, "var": 3.97328894963e-17}, "spectral_energy": {"dmean": 0.00689008506015, "dmean2": 0.0101861478761, "dvar": 0.000157728500199, "dvar2": 0.000360890757293, "max": 0.223332613707, "mean": 0.0213133711368, "median": 0.0133142825216, "min": 1.08657718251e-20, "var": 0.000606768822763}, "spectral_energyband_high": {"dmean": 6.02980653639e-05, "dmean2": 8.73642056831e-05, "dvar": 2.6414740617e-08, "dvar2": 5.10218001182e-08, "max": 0.00524602876976, "mean": 9.2101698101e-05, "median": 1.85183125723e-05, "min": 7.81991024831e-21, "var": 6.07333774383e-08}, "spectral_energyband_low": {"dmean": 0.00288716424257, "dmean2": 0.00441422499716, "dvar": 3.09579954774e-05, "dvar2": 7.49307801016e-05, "max": 0.118891812861, "mean": 0.00814886018634, "median": 0.00547641562298, "min": 5.36524875133e-23, "var": 9.53928029048e-05}, "spectral_energyband_middle_high": {"dmean": 0.0014337192988, "dmean2": 0.00198159669526, "dvar": 1.53234286699e-05, "dvar2": 3.05330577248e-05, "max": 0.100940436125, "mean": 0.0028181783855, "median": 0.000751880637836, "min": 1.57678567867e-21, "var": 4.63352625957e-05}, "spectral_energyband_middle_low": {"dmean": 0.00546783627942, "dmean2": 0.00826505478472, "dvar": 0.000127254301333, "dvar2": 0.000302021886455, "max": 0.212700426579, "mean": 0.0136354602873, "median": 0.0060223354958, "min": 3.17148917791e-22, "var": 0.000386083207559}, "spectral_entropy": {"dmean": 0.240417420864, "dmean2": 0.348524898291, "dvar": 0.0819212645292, "dvar2": 0.159437611699, "max": 9.80839538574, "mean": 6.79991960526, "median": 6.80745315552, "min": 2.26166605949, "var": 0.501786828041}, "spectral_flux": {"dmean": 0.0214955154806, "dmean2": 0.0333548635244, "dvar": 0.000869146373589, "dvar2": 0.00190598261543, "max": 0.355675578117, "mean": 0.0535179525614, "median": 0.0380326956511, "min": 9.85910034168e-11, "var": 0.0021459700074}, "spectral_kurtosis": {"dmean": 4.47841453552, "dmean2": 7.46340084076, "dvar": 32.2980880737, "dvar2": 80.2121887207, "max": 131.593414307, "mean": 10.9519958496, "median": 7.78788757324, "min": -1.16888928413, "var": 139.672058105}, "spectral_rms": {"dmean": 0.000665160361677, "dmean2": 0.000956768286414, "dvar": 9.00155782801e-07, "dvar2": 1.91478443412e-06, "max": 0.014760944061, "mean": 0.00389044336043, "median": 0.00360410101712, "min": 3.25587972382e-12, "var": 5.65796790397e-06}, "spectral_rolloff": {"dmean": 266.188903809, "dmean2": 441.16418457, "dvar": 340008.4375, "dvar2": 714044.875, "max": 20801.0742188, "mean": 935.770996094, "median": 387.59765625, "min": 107.666015625, "var": 3476251.75}, "spectral_skewness": {"dmean": 0.438959032297, "dmean2": 0.702281713486, "dvar": 0.228121697903, "dvar2": 0.527994275093, "max": 8.22700309753, "mean": 2.0771291256, "median": 1.9327082634, "min": -9.5300951004, "var": 1.42131304741}, "spectral_spread": {"dmean": 384181.03125, "dmean2": 583543.5625, "dvar": 401695440896, "dvar2": 7352479