{"lowlevel": {"average_loudness": 0.81473171711, "barkbands": {"dmean": [0.000143543031299, 0.00442117732018, 0.00205862638541, 0.0011775274761, 0.00144810508937, 0.00105301139411, 0.000938406505156, 0.000885504414327, 0.000722296943422, 0.000618633581325, 0.000664833758492, 0.00050848867977, 0.00071585731348, 0.00038255774416, 0.000192153776879, 0.000167662408785, 0.000233845639741, 0.000155164278112, 0.00015836278908, 0.000182593939826, 0.000139560448588, 0.000171180683537, 0.00011852683383, 0.000153638509801, 0.000162789583555, 0.000104523707705, 5.4847496358e-05], "dmean2": [0.000213065257412, 0.00697875907645, 0.00370864057913, 0.00203988305293, 0.0023643814493, 0.00160965928808, 0.0014438709477, 0.00134569057263, 0.00105534610339, 0.00099642330315, 0.00102998875082, 0.00078472669702, 0.00118132052012, 0.000647204986308, 0.000303466367768, 0.000272180564934, 0.000382037542295, 0.000248859636486, 0.000254845333984, 0.000283703149762, 0.000206793425605, 0.000254217244219, 0.000165198143804, 0.000208487908822, 0.000218221786781, 0.000145587691804, 8.67904382176e-05], "dvar": [1.15853495686e-07, 7.738921704e-05, 3.3462576539e-05, 7.45675788494e-06, 6.54566701996e-06, 5.35260505785e-06, 8.73172757565e-06, 7.85617703514e-06, 5.27167367181e-06, 4.11525024901e-06, 3.56999930773e-06, 2.41733550865e-06, 7.79993843025e-06, 1.75393847712e-06, 5.37848677595e-07, 3.18741086858e-07, 3.68820138874e-07, 1.63032396472e-07, 1.6336805686e-07, 2.33322282384e-07, 1.17224558949e-07, 1.72968114498e-07, 8.04951412192e-08, 1.8907849153e-07, 1.69445485199e-07, 5.76745193825e-08, 3.04802156847e-08], "dvar2": [2.69046864787e-07, 0.000180388917215, 9.60415709415e-05, 2.08409383049e-05, 1.68762089743e-05, 1.36941680466e-05, 1.88234225789e-05, 1.83269003173e-05, 1.31301012516e-05, 1.00550550997e-05, 8.6618874775e-06, 5.3884900808e-06, 1.94084441318e-05, 4.41136262452e-06, 1.26659858779e-06, 8.15930036424e-07, 9.41753285133e-07, 3.99619040081e-07, 4.19785266104e-07, 5.66533913116e-07, 2.67698112566e-07, 4.00722456106e-07, 1.63988062241e-07, 3.19893189271e-07, 3.46165307974e-07, 1.30201613047e-07, 7.71526202925e-08], "max": [0.00582346646115, 0.119423560798, 0.0699058398604, 0.038261346519, 0.0608977004886, 0.0734460502863, 0.132524877787, 0.0879835039377, 0.0712250620127, 0.0456833951175, 0.0581828318536, 0.0511453561485, 0.129049062729, 0.0355708375573, 0.0355381816626, 0.0217175632715, 0.0114142065868, 0.0116729466245, 0.00789408106357, 0.00590583356097, 0.0045227156952, 0.00487772282213, 0.0081678070128, 0.0166914947331, 0.00915816798806, 0.00356859667227, 0.00209658383392], "mean": [0.000246011593845, 0.0078225210309, 0.00204867077991, 0.00175756530371, 0.00287704681978, 0.00223970902152, 0.00164652511012, 0.00157157680951, 0.00129878474399, 0.000825370545499, 0.0011098231189, 0.000761355215218, 0.000870195915923, 0.000406069797464, 0.000248763913987, 0.000217871638597, 0.00030547005008, 0.000189653786947, 0.000194924185053, 0.000213328938116, 0.000174600587343, 0.000216262735194, 0.000173036925844, 0.00021287954587, 0.000206631899346, 0.000123741221614, 4.85315176775e-05], "median": [7.37573718652e-05, 0.00551798660308, 0.000739649694879, 0.000765355071053, 0.00158395932522, 0.00110586313531, 0.000549735384993, 0.000501770351548, 0.00048901385162, 0.00015629758127, 0.00039917655522, 0.000146739446791, 0.000175701396074, 5.88843322475e-05, 4.78081856272e-05, 5.034656715e-05, 5.46717419638e-05, 4.27592603955e-05, 4.89222729811e-05, 4.67157078674e-05, 3.74516748707e-05, 5.3496012697e-05, 3.68699838873e-05, 4.03198137064e-05, 2.72920187854e-05, 2.56687035289e-05, 4.27791110269e-06], "min": [4.33253995542e-25, 4.6891986632e-24, 1.62121871329e-24, 2.22632896596e-24, 1.10946107685e-23, 8.62591000867e-24, 7.75012530916e-24, 9.77130764405e-24, 2.32712515536e-23, 2.14003022561e-23, 2.71614055117e-23, 2.12122173059e-23, 3.73495567244e-23, 5.33211596222e-23, 5.77848186139e-23, 5.39879616573e-23, 6.25276144592e-23, 8.98408756952e-23, 1.19483359194e-22, 2.27242301584e-22, 2.51099146676e-22, 2.97060227741e-22, 3.66774907783e-22, 5.11816287456e-22, 1.018005182e-21, 1.27019853555e-21, 2.1048610331e-21], "var": [2.14414370703e-07, 0.000114881047921, 2.23041915888e-05, 8.577087101e-06, 1.54664285219e-05, 1.38638279168e-05, 1.98601937882e-05, 1.44983368955e-05, 8.73126373335e-06, 6.08417985859e-06, 5.78594790568e-06, 5.3682260841e-06, 9.39803248912e-06, 2.19116714106e-06, 8.82985602857e-07, 4.18798634882e-07, 5.43353337434e-07, 2.03666189691e-07, 1.70267341559e-07, 2.48485605425e-07, 1.46286197378e-07, 2.09799523532e-07, 1.35998206474e-07, 3.85822602311e-07, 2.84049065158e-07, 7.59382245974e-08, 2.59829615601e-08]}, "barkbands_crest": {"dmean": 2.75759339333, "dmean2": 4.41841077805, "dvar": 6.35653066635, "dvar2": 15.2877082825, "max": 26.9111022949, "mean": 10.4852485657, "median": 9.65074157715, "min": 1.98583424091, "var": 19.7340602875}, "barkbands_flatness_db": {"dmean": 0.0272760186344, "dmean2": 0.0389486551285, "dvar": 0.000734561181162, "dvar2": 0.00141439482104, "max": 0.515039563179, "mean": 0.137206211686, "median": 0.129418253899, "min": 0.0133320344612, "var": 0.00493884785101}, "barkbands_kurtosis": {"dmean": 5.41001033783, "dmean2": 8.59439945221, "dvar": 279.941741943, "dvar2": 737.059936523, "max": 845.284729004, "mean": 9.3558883667, "median": 3.06547141075, "min": -1.94677054882, "var": 864.64074707}, "barkbands_skewness": {"dmean": 0.658932387829, "dmean2": 0.997492551804, "dvar": 0.611117064953, "dvar2": 1.43204522133, "max": 28.8739185333, "mean": 1.50935900211, "median": 1.46430850029, "min": -15.8221445084, "var": 3.63336920738}, "barkbands_spread": {"dmean": 7.62260961533, "dmean2": 10.9948568344, "dvar": 116.08266449, "dvar2": 223.734130859, "max": 138.644302368, "mean": 22.8219490051, "median": 16.5325126648, "min": 0.141260117292, "var": 363.072418213}, "dissonance": {"dmean": 0.0223254822195, "dmean2": 0.036412268877, "dvar": 0.000488470192067, "dvar2": 0.00124137511011, "max": 0.500000238419, "mean": 0.453872710466, "median": 0.461286664009, "min": 0.22587749362, "var": 0.00121145357843}, "dynamic_complexity": 4.520403862, "erbbands": {"dmean": [0.145928606391, 0.961813092232, 2.16098666191, 3.29216742516, 3.68620729446, 6.38078403473, 5.36765050888, 11.0307941437, 10.308672905, 18.5893707275, 14.6957292557, 17.5844173431, 19.1849040985, 19.9473762512, 26.3101348877, 19.8014755249, 28.5227870941, 23.651184082, 13.1417551041, 7.540538311, 9.08460330963, 12.1634778976, 9.16839790344, 6.65657091141, 9.79831886292, 7.23783636093, 5.88306093216, 6.34256792068, 6.03387069702, 4.24884653091, 3.48946070671, 3.41020226479, 2.4071495533, 1.8752682209, 1.10963964462, 0.482626587152, 0.192349925637, 0.0589975677431, 0.010069584474, 0.000409073196352], "dmean2": [0.217917889357, 1.59388172626, 3.85239052773, 5.83123111725, 6.27607393265, 10.342423439, 8.43665981293, 16.7169208527, 15.9163560867, 27.5021934509, 22.474111557, 25.2320995331, 29.6154460907, 31.2301902771, 41.3133468628, 30.2480640411, 47.0986938477, 39.1375770569, 21.293132782, 11.9009609222, 14.6832275391, 19.6626224518, 14.7727212906, 10.4234304428, 15.8342266083, 11.016450882, 8.90038871765, 9.51443099976, 8.98676586151, 6.03525161743, 4.87451934814, 4.66153621674, 3.35272336006, 2.57887387276, 1.53637099266, 0.669667720795, 0.270226657391, 0.0885674580932, 0.0159389190376, 0.000664587016217], "dvar": [0.108029194176, 3.37937355042, 30.4630680084, 82.2210998535, 42.2472343445, 153.760437012, 107.996124268, 656.190490723, 813.742248535, 3053.04785156, 2462.70068359, 2752.07275391, 3943.5390625, 3117.87573242, 6362.84423828, 3440.46557617, 12575.6474609, 6787.99462891, 1988.71411133, 461.903839111, 727.398132324, 1073.10009766, 575.594787598, 256.249755859, 746.690002441, 309.437866211, 218.355941772, 264.359008789, 215.049957275, 87.9745559692, 74.3845214844, 94.4233627319, 50.2126197815, 26.1871643066, 7.8647108078, 1.27502274513, 0.19427934289, 0.0262949261814, 0.00105517695192, 1.94020753952e-06], "dvar2": [0.21813441813, 8.66722011566, 87.5452804565, 233.997756958, 114.461700439, 387.925842285, 263.191986084, 1614.13769531, 1926.04638672, 6221.54833984, 5767.1015625, 6671.39160156, 8909.91015625, 7990.96972656, 15871.5439453, 7118.859375, 31573.3183594, 16583.5, 4817.50537109, 1123.81311035, 1820.05688477, 2754.41992188, 1450.77685547, 623.448852539, 1943.9498291, 723.627746582, 508.786895752, 626.614135742, 502.3152771, 183.672149658, 153.916641235, 165.572418213, 94.146232605, 52.8398170471, 17.0891819, 2.87679100037, 0.426229864359, 0.0642712339759, 0.00267633469775, 4.98575673191e-06], "max": [5.0488948822, 21.7144851685, 62.0468597412, 133.182022095, 157.797348022, 351.410858154, 234.611724854, 808.155639648, 1128.4777832, 2376.01538086, 1713.2644043, 1767.63000488, 1590.20581055, 1885.26428223, 2645.33251953, 2637.06860352, 3675.62060547, 3065.99047852, 1487.76733398, 786.892333984, 878.448852539, 767.533996582, 836.408996582, 305.383392334, 338.686920166, 228.313278198, 198.179489136, 194.446990967, 194.432907104, 202.36706543, 241.329421997, 333.598327637, 235.51625061, 148.853927612, 59.8582725525, 21.7852287292, 5.97809171677, 2.10928440094, 0.416973590851, 0.0199002306908], "mean": [0.250970095396, 1.63272714615, 2.54610514641, 4.25338029861, 6.96103477478, 11.7948226929, 10.7291402817, 23.1692676544, 19.8516082764, 34.9451065063, 26.2332344055, 33.4929885864, 30.3562660217, 32.668838501, 40.9846191406, 32.4462013245, 37.0187301636, 27.7994384766, 16.4232063293, 11.1227140427, 12.8605098724, 16.4920482635, 11.9679517746, 8.40985202789, 11.6290073395, 9.08026504517, 7.28313922882, 7.65283536911, 7.62350559235, 5.92243814468, 5.018201828, 4.74487352371, 3.24369454384, 2.39058089256, 1.38982689381, 0.580017030239, 0.225653931499, 0.0598746798933, 0.0088668698445, 0.000362355000107], "median": [0.14947026968, 1.09474134445, 1.3626434803, 1.79991662502, 3.95176553726, 5.44205713272, 5.38325786591, 10.7724933624, 7.34834384918, 13.8488311768, 9.12290382385, 13.5305671692, 9.22514057159, 12.044421196, 13.663687706, 6.30378055573, 8.01504039764, 5.88920450211, 2.90102672577, 2.8408472538, 3.29642295837, 3.13384747505, 2.65686988831, 2.22833967209, 2.73686981201, 2.19234824181, 1.5163872242, 1.73865628242, 1.84802293777, 1.36760556698, 1.07048523426, 1.01797842979, 0.499930918217, 0.298807621002, 0.196926593781, 0.11260612309, 0.0461023375392, 0.0085494145751, 0.00076603499474, 5.72878889216e-05], "min": [1.5910611328e-22, 4.46491637284e-22, 2.11921188971e-21, 9.07955526383e-21, 7.56963237526e-21, 2.7863785729e-20, 3.72911276274e-20, 5.90757723954e-20, 1.12895690877e-19, 1.70038077225e-19, 2.58260314599e-19, 4.6553233736e-19, 8.41388111658e-19, 6.36009350222e-19, 1.2268160717e-18, 8.68236998474e-19, 1.57612658617e-18, 2.23384239643e-18, 2.95990100628e-18, 3.38512312633e-18, 4.04859621706e-18, 4.37404339804e-18, 5.20279275862e-18, 7.08710978043e-18, 8.34966532787e-18, 9.35928724196e-18, 8.35167289521e-18, 1.17881161679e-17, 1.00514529534e-17, 1.23014123437e-17, 9.97472367977e-18, 9.7366644082e-18, 1.02744955881e-17, 8.66254143148e-18, 7.15588736682e-18, 4.1405691886e-18, 2.12698368939e-18, 9.78794857221e-19, 2.40623738264e-19, 2.87997373609e-20], "var": [0.169246688485, 4.58092403412, 21.501209259, 66.6221008301, 84.8266143799, 363.77947998, 275.529022217, 1791.9420166, 1822.67529297, 6654.9375, 4648.82519531, 5259.07910156, 7060.21679688, 5041.04833984, 8952.18164063, 9514.91308594, 15920.7255859, 8484.24023438, 3077.02416992, 834.670227051, 1020.55407715, 1584.8302002, 778.643615723, 293.516357422, 712.53894043, 379.620819092, 263.291870117, 299.942077637, 260.43536377, 137.47215271, 122.363769531, 185.669143677, 92.232749939, 43.9333763123, 12.0293445587, 1.76097166538, 0.25438272953, 0.026171606034, 0.000893753545824, 1.53611085807e-06]}, "erbbands_crest": {"dmean": 2.78212952614, "dmean2": 4.36163330078, "dvar": 7.1147236824, "dvar2": 16.8275318146, "max": 31.6199169159, "mean": 9.68294048309, "median": 8.51704406738, "min": 2.20538425446, "var": 24.6857299805}, "erbbands_flatness_db": {"dmean": 0.024050205946, "dmean2": 0.0325814038515, "dvar": 0.000562433560845, "dvar2": 0.00105845334474, "max": 0.603122353554, "mean": 0.141290679574, "median": 0.128124192357, "min": 0.0301432516426, "var": 0.00563535140827}, "erbbands_kurtosis": {"dmean": 1.66992688179, "dmean2": 2.58396267891, "dvar": 7.48065757751, "dvar2": 19.5136756897, "max": 100.281524658, "mean": 2.48011493683, "median": 0.915530443192, "min": -1.77079081535, "var": 44.2870826721}, "erbbands_skewness": {"dmean": 0.44341224432, "dmean2": 0.656489551067, "dvar": 0.164932817221, "dvar2": 0.358924269676, "max": 5.01857328415, "mean": 0.657068669796, "median": 0.661402344704, "min": -3.31569576263, "var": 0.736859500408}, "erbbands_spread": {"dmean": 10.5176477432, "dmean2": 15.385093689, "dvar": 133.99887085, "dvar2": 293.120819092, "max": 154.502487183, "mean": 37.4453353882, "median": 33.3402366638, "min": 0.29966750741, "var": 509.472930908}, "gfcc": {"cov": [[32682.4101563, 1081.76672363, 163.49357605, -219.402191162, -1952.33374023, 577.251403809, 336.931884766, 150.591644287, -1099.05126953, 550.162963867, -27.3709774017, -269.910583496, -134.968933105], [1081.76672363, 2028.17541504, 57.0305328369, -329.926513672, -224.313446045, 34.9309959412, 225.169845581, -35.0330543518, -73.7597732544, 29.8480262756, 95.0200271606, -21.5501403809, 19.7092552185], [163.49357605, 57.0305328369, 869.039306641, 62.2487411499, -164.179138184, 29.1739711761, 135.128051758, 28.7241172791, -130.954986572, 113.471084595, 4.2122387886, -50.3596954346, 66.0030212402], [-219.402191162, -329.926513672, 62.2487411499, 409.64163208, 137.422973633, -54.7682533264, -112.538452148, 16.9793891907, 45.5046615601, -36.2835273743, -41.8083648682, 6.39162254333, 27.7076377869], [-1952.33374023, -224.313446045, -164.179138184, 137.422973633, 443.124938965, -20.7390289307, -103.16709137, -17.4796161652, 136.606414795, -84.5173110962, -25.0265407562, 39.7570915222, -18.5490150452], [577.251403809, 34.9309959412, 29.1739711761, -54.7682533264, -20.7390289307, 189.409515381, 100.470214844, 11.6101160049, -47.8271903992, 29.7293395996, 30.073928833, -8.89958953857, -20.2765007019], [336.931884766, 225.169845581, 135.128051758, -112.538452148, -103.16709137, 100.470214844, 250.649627686, 41.5251350403, -84.3575057983, 46.6860275269, 36.4818229675, -9.50273799896, 9.42838096619], [150.591644287, -35.0330543518, 28.7241172791, 16.9793891907, -17.4796161652, 11.6101160049, 41.5251350403, 106.484603882, 28.4042282104, 9.2331533432, -2.02267718315, 8.35581970215, 3.92389082909], [-1099.05126953, -73.7597732544, -130.954986572, 45.5046615601, 136.606414795, -47.8271903992, -84.3575057983, 28.4042282104, 194.063812256, -20.364107132, -6.07092380524, 27.7705593109, -5.84181499481], [550.162963867, 29.8480262756, 113.471084595, -36.2835273743, -84.5173110962, 29.7293395996, 46.6860275269, 9.2331533432, -20.364107132, 121.516281128, 30.8575057983, -15.8486156464, 4.11058044434], [-27.3709774017, 95.0200271606, 4.2122387886, -41.8083648682, -25.0265407562, 30.073928833, 36.4818229675, -2.02267718315, -6.07092380524, 30.8575057983, 89.5022888184, 21.6753387451, 4.41082954407], [-269.910583496, -21.5501403809, -50.3596954346, 6.39162254333, 39.7570915222, -8.89958953857, -9.50273799896, 8.35581970215, 27.7705593109, -15.8486156464, 21.6753387451, 87.9875946045, 24.6456813812], [-134.968933105, 19.7092552185, 66.0030212402, 27.7076377869, -18.5490150452, -20.2765007019, 9.42838096619, 3.92389082909, -5.84181499481, 4.11058044434, 4.41082954407, 24.6456813812, 92.6606903076]], "icov": [[5.98967235419e-05, -4.04434140364e-05, 9.0233690571e-05, -9.82530618785e-05, 0.000209325778997, -0.000177097448613, 0.000166301790159, -0.000174713088199, 0.000304943416268, -0.000237790431129, 0.000167996171513, -5.09760066052e-05, 8.99157457752e-05], [-4.04434140364e-05, 0.000676708295941, -7.49005048419e-05, 0.000398794509238, 5.79184052185e-05, 0.000350174785126, -0.000673870905302, 0.000520416768268, -0.000457738147816, 0.000511908088811, -0.000628131674603, 0.00031539981137, -0.000239549655817], [9.0233690571e-05, -7.49005048419e-05, 0.00184422405437, -0.000696639704984, 0.000380950019462, -3.27419875248e-05, -0.000395987939555, -0.000511956110131, 0.00124372541904, -0.00166906137019, 0.000515261723194, 0.000616627046838, -0.000862997025251], [-9.82530618785e-05, 0.000398794509238, -0.000696639704984, 0.00385300582275, -0.00133941334207, 0.00046223422396, 0.00117856345605, -0.00092282879632, -0.000104806640593, 0.000818881148007, -6.12889562035e-06, 0.000535459956154, -0.00131673610304], [0.000209325778997, 5.79184052185e-05, 0.000380950019462, -0.00133941334207, 0.00468139583245, -0.0014054189669, 0.000243110756855, 0.00105858466122, -0.00157274736557, 0.00103959045373, 0.000834160891827, -0.00119405204896, 0.00111438112799], [-0.000177097448613, 0.000350174785126, -3.27419875248e-05, 0.00046223422396, -0.0014054189669, 0.00809363368899, -0.00326503138058, 0.000240179593675, 0.000405938597396, -0.000217757755308, -0.00207805098034, 0.00053292704979, 0.00135689019226], [0.000166301790159, -0.000673870905302, -0.000395987939555, 0.00117856345605, 0.000243110756855, -0.00326503138058, 0.00871121976525, -0.00432746345177, 0.00342743936926, -0.00120416621212, -0.000455834611785, -3.05318608298e-05, -0.000754392298404], [-0.000174713088199, 0.000520416768268, -0.000511956110131, -0.00092282879632, 0.00105858466122, 0.000240179593675, -0.00432746345177, 0.0133242476732, -0.00510496273637, 0.000911136972718, 0.000922309351154, -0.00137853622437, 0.00037648374564], [0.000304943416268, -0.000457738147816, 0.00124372541904, -0.000104806640593, -0.00157274736557, 0.000405938597396, 0.00342743936926, -0.00510496273637, 0.0108702499419, -0.00300785829313, 0.000387419248, -0.00103152089287, 0.000403059966629], [-0.000237790431129, 0.000511908088811, -0.00166906137019, 0.000818881148007, 0.00103959045373, -0.000217757755308, -0.00120416621212, 0.000911136972718, -0.00300785829313, 0.0130970077589, -0.00451381644234, 0.00220799772069, -0.000409874483012], [0.000167996171513, -0.000628131674603, 0.000515261723194, -6.12889562035e-06, 0.000834160891827, -0.00207805098034, -0.000455834611785, 0.000922309351154, 0.000387419248, -0.00451381644234, 0.0157789252698, -0.00504281418398, 0.000547528092284], [-5.09760066052e-05, 0.00031539981137, 0.000616627046838, 0.000535459956154, -0.00119405204896, 0.00053292704979, -3.05318608298e-05, -0.00137853622437, -0.00103152089287, 0.00220799772069, -0.00504281418398, 0.0156560968608, -0.0048887161538], [8.99157457752e-05, -0.000239549655817, -0.000862997025251, -0.00131673610304, 0.00111438112799, 0.00135689019226, -0.000754392298404, 0.00037648374564, 0.000403059966629, -0.000409874483012, 0.000547528092284, -0.0048887161538, 0.0138810798526]], "mean": [-25.254989624, 78.3211288452, -83.5921630859, 19.6608352661, -53.9647674561, 15.3827724457, -29.5043773651, 10.59578228, -20.418012619, 5.32080221176, -13.7003879547, 8.02050971985, -12.8226051331]}, "hfc": {"dmean": 11.6631126404, "dmean2": 16.3733539581, "dvar": 542.773742676, "dvar2": 1172.78076172, "max": 287.246887207, "mean": 23.0507678986, "median": 12.2732849121, "min": 1.05017500611e-16, "var": 931.229248047}, "melbands": {"dmean": [0.00126161740627, 0.00112465571146, 0.000569490075577, 0.000343122490449, 0.000204150288482, 0.000228439297643, 0.000171162071638, 0.000209818361327, 0.000111083019874, 0.00011839720537, 9.84017096926e-05, 8.18398184492e-05, 8.18514381535e-05, 6.71475063427e-05, 4.46071462648e-05, 8.22510046419e-05, 4.03044323321e-05, 2.33534919971e-05, 1.40090887726e-05, 1.18266589197e-05, 1.12325242299e-05, 1.37837223519e-05, 1.14375161502e-05, 6.72273836244e-06, 5.22666687175e-06, 7.60218836149e-06, 7.10730955689e-06, 4.52856829725e-06, 3.98237762056e-06, 3.21848438034e-06, 4.19515617978e-06, 3.59517275683e-06, 3.110804073e-06, 2.19068238039e-06, 2.03884133043e-06, 2.16507919504e-06, 2.12369968722e-06, 1.77940535195e-06, 1.55874784014e-06, 1.65175504208e-06], "dmean2": [0.00193345232401, 0.00197262992151, 0.00100102287252, 0.000564205576666, 0.000324175140122, 0.000346956861904, 0.000263956782874, 0.000311438081553, 0.000169959719642, 0.000169132719748, 0.00015285864356, 0.000129360501887, 0.000127973209601, 0.000104147839011, 6.87534993631e-05, 0.000138099378091, 6.59292927594e-05, 3.84741142625e-05, 2.21167611016e-05, 1.91556919162e-05, 1.84098371392e-05, 2.2434960556e-05, 1.85336011782e-05, 1.08235408334e-05, 8.24137987365e-06, 1.26707336676e-05, 1.12482503027e-05, 6.96507731845e-06, 6.18607418801e-06, 4.85476721224e-06, 6.4672294684e-06, 5.47189347344e-06, 4.63905780634e-06, 3.15776469506e-06, 2.93193852485e-06, 3.07179493575e-06, 2.96577127301e-06, 2.53027747021e-06, 2.22913672587e-06, 2.30100931731e-06], "dvar": [7.05459524397e-06, 5.71732107346e-06, 1.99298028747e-06, 3.79737343792e-07, 1.36924242611e-07, 2.75222760138e-07, 2.29890630976e-07, 3.57028483222e-07, 1.34366388238e-07, 1.29473519905e-07, 1.05706256193e-07, 5.35382440603e-08, 6.2905115783e-08, 4.05992039987e-08, 2.71541757968e-08, 1.02472327512e-07, 2.07963655185e-08, 6.15679551785e-09, 2.54578136349e-09, 2.10550621382e-09, 1.0777213566e-09, 1.4658617653e-09, 9.38129018913e-10, 3.0179489463e-10, 1.54992865764e-10, 4.73807382217e-10, 3.94122123826e-10, 1.19724050118e-10, 1.06505561315e-10, 6.3347958823e-11, 1.25387561445e-10, 8.04480718153e-11, 5.32518265595e-11, 2.41871071782e-11, 2.7995477464e-11, 3.12259523794e-11, 4.96340607503e-11, 3.05603771455e-11, 1.99241144416e-11, 2.04276855847e-11], "dvar2": [1.54326571646e-05, 1.63904387591e-05, 5.65174286749e-06, 9.72374891717e-07, 3.39425525908e-07, 6.82361189774e-07, 5.38092876923e-07, 7.5148977885e-07, 3.077410895e-07, 3.12409923708e-07, 2.41434577219e-07, 1.38923681448e-07, 1.5594218894e-07, 9.24385474832e-08, 6.31195717915e-08, 2.53772469705e-07, 4.99647256902e-08, 1.499125446e-08, 5.81730530413e-09, 5.52835954792e-09, 2.77044454045e-09, 3.80905662567e-09, 2.34434982538e-09, 7.68532570916e-10, 3.7561737054e-10, 1.26833399339e-09, 9.81415171353e-10, 2.79315265361e-10, 2.56834664647e-10, 1.44718098616e-10, 3.0777594362e-10, 1.94022201083e-10, 1.20241608337e-10, 5.16214258839e-11, 6.24044635411e-11, 6.10523367972e-11, 9.26465362761e-11, 5.79367422093e-11, 4.28129545704e-11, 4.19523756012e-11], "max": [0.0376252233982, 0.0286024902016, 0.0202623270452, 0.0161462500691, 0.00811539683491, 0.0165171194822, 0.0182184185833, 0.0207101814449, 0.0119695849717, 0.0127597237006, 0.00810077786446, 0.00708285439759, 0.00735828233883, 0.00589308934286, 0.00538408337161, 0.0151249906048, 0.00461684679613, 0.00211474439129, 0.00281656114385, 0.00230553606525, 0.000960988109, 0.0010119273793, 0.000883086177055, 0.000540737528354, 0.000240362685872, 0.000379045523005, 0.00028115636087, 0.000180395742063, 0.000141340715345, 0.000112079273094, 0.000133889028803, 0.000108382802864, 0.000120877397421, 0.000123290505144, 0.000150963285705, 0.000245348608587, 0.000307669630274, 0.000197926317924, 0.0001294358226, 0.000126954968437], "mean": [0.00221908604726, 0.00165087985806, 0.000835754093714, 0.000673955364618, 0.000419295887696, 0.00048350400175, 0.000322282838169, 0.000392694986658, 0.000187525845831, 0.000219492532779, 0.000148438804899, 0.000125728984131, 0.000131870823679, 0.000104074300907, 6.37096600258e-05, 9.56532021519e-05, 4.47634774901e-05, 2.67307132162e-05, 1.82841868082e-05, 1.54576264322e-05, 1.47588461914e-05, 1.77735946636e-05, 1.42893131851e-05, 8.04803585197e-06, 6.30154136161e-06, 8.53749043017e-06, 8.158494893e-06, 5.54917096451e-06, 4.69763881483e-06, 3.90210789192e-06, 4.83666599393e-06, 4.39923132944e-06, 3.90192872146e-06, 3.05454727823e-06, 2.85065334538e-06, 2.94281539936e-06, 2.8648114494e-06, 2.3615457394e-06, 1.94914014173e-06, 2.04553521144e-06], "median": [0.0015133114066, 0.00102492445149, 0.000406286329962, 0.000380990328267, 0.000222307426156, 0.000227248776355, 0.000115021670354, 0.000150481006131, 5.80122032261e-05, 8.26706818771e-05, 4.10952488892e-05, 4.31258122262e-05, 4.74977641716e-05, 2.40443623625e-05, 9.23971947486e-06, 1.9836705178e-05, 7.98022301751e-06, 3.87449654227e-06, 3.76404977942e-06, 3.47455170413e-06, 3.45170678884e-06, 3.09099345941e-06, 2.59423950411e-06, 1.83554288924e-06, 1.52042366608e-06, 1.94318567992e-06, 1.72787633801e-06, 1.1938575426e-06, 9.10090136585e-07, 7.568755791e-07, 1.08068070404e-06, 1.0290307273e-06, 9.24188896079e-07, 6.39764039079e-07, 5.65076788916e-07, 6.41714223093e-07, 5.47510353499e-07, 3.51380492702e-07, 2.51831977494e-07, 2.37840183104e-07], "min": [1.94752185622e-24, 7.98683603998e-25, 1.27625674197e-24, 2.68425049409e-24, 1.76554249223e-24, 1.51896035047e-24, 2.01031577593e-24, 1.86848745985e-24, 1.73019402949e-24, 2.62825517489e-24, 3.87575448559e-24, 1.77694843484e-24, 4.76283843428e-24, 2.77003458159e-24, 2.00185622879e-24, 3.00430004081e-24, 4.17123417056e-24, 2.96424069797e-24, 3.97056728336e-24, 3.86998120706e-24, 4.29277318136e-24, 3.80163982026e-24, 4.8028068609e-24, 4.32154727731e-24, 4.92641505386e-24, 3.87407381744e-24, 5.28021246453e-24, 5.08244543003e-24, 3.23473104439e-24, 6.10366847032e-24, 5.77261391955e-24, 5.03148186011e-24, 4.59036464697e-24, 5.78089577576e-24, 5.40733306068e-24, 5.57396336083e-24, 4.74389315078e-24, 5.33298844239e-24, 6.32657965733e-24, 6.48123426007e-24], "var": [1.07245869003e-05, 5.2772120398e-06, 1.83879933502e-06, 8.64530477429e-07, 3.61174699037e-07, 7.3630354791e-07, 5.37481128049e-07, 7.62322372339e-07, 2.57171564044e-07, 2.45000677523e-07, 1.82484697575e-07, 8.03116719794e-08, 8.92860114732e-08, 8.44180831905e-08, 4.60485303222e-08, 1.15605814699e-07, 2.70618762954e-08, 8.71809113789e-09, 4.24995061366e-09, 2.78943268484e-09, 1.36345967849e-09, 2.08914086031e-09, 1.31689659177e-09, 3.55127399709e-10, 1.78117381955e-10, 4.22015505874e-10, 4.00619482033e-10, 1.51958626238e-10, 1.18746693034e-10, 7.79872555423e-11, 1.30378527419e-10, 9.16483555713e-11, 6.79832509731e-11, 3.80036835335e-11, 4.058172548e-11, 5.41530327525e-11, 8.78032507812e-11, 5.39322163318e-11, 3.15199359668e-11, 3.27099215769e-11]}, "melbands_crest": {"dmean": 3.26925969124, "dmean2": 5.2367067337, "dvar": 8.86199092865, "dvar2": 21.3002052307, "max": 39.9229850769, "mean": 14.1484556198, "median": 13.3472633362, "min": 1.46955227852, "var": 28.4066181183}, "melbands_flatness_db": {"dmean": 0.0333397462964, "dmean2": 0.0476420298219, "dvar": 0.00114552420564, "dvar2": 0.00214682659134, "max": 0.506905734539, "mean": 0.219310879707, "median": 0.217863082886, "min": 0.00064251141157, "var": 0.00653323531151}, "melbands_kurtosis": {"dmean": 9.0538110733, "dmean2": 14.0376377106, "dvar": 498.926330566, "dvar2": 923.872375488, "max": 1878.49914551, "mean": 17.7737350464, "median": 8.01991844177, "min": -1.75901830196, "var": 1997.73291016}, "melbands_skewness": {"dmean": 0.802790760994, "dmean2": 1.23788225651, "dvar": 0.858361899853, "dvar2": 1.84159350395, "max": 41.6621131897, "mean": 2.3854072094, "median": 2.19518280029, "min": -12.0039997101, "var": 5.70224332809}, "melbands_spread": {"dmean": 7.62561273575, "dmean2": 11.367808342, "dvar": 148.863113403, "dvar2": 294.238037109, "max": 231.847625732, "mean": 21.8685359955, "median": 15.5559225082, "min": 0.41158747673, "var": 459.859893799}, "mfcc": {"cov": [[15755.3847656, 1314.59545898, 364.791046143, 39.3372993469, -343.103210449, 211.740768433, 310.409423828, 28.0898475647, -291.810028076, 171.340667725, 173.962234497, -109.677238464, -30.4762916565], [1314.59545898, 2227.26123047, 200.345581055, -97.175567627, -249.087142944, 66.259223938, 123.766799927, 66.3229980469, -94.7054672241, 40.2183418274, 37.8365211487, -8.02468681335, 42.1373405457], [364.791046143, 200.345581055, 619.562011719, 149.788497925, -53.6755828857, 15.2186832428, 91.0758743286, -43.7661094666, -1.27956712246, 25.7482681274, -0.0757227763534, -25.4108600616, -8.0323009491], [39.3372993469, -97.175567627, 149.788497925, 329.84185791, 100.55771637, -15.0348310471, -18.5542831421, -22.4463558197, 37.4419288635, -0.974956214428, -37.4809532166, -15.8378562927, -14.2618560791], [-343.103210449, -249.087142944, -53.6755828857, 100.55771637, 258.634613037, 20.9984855652, -69.2128295898, -5.59571075439, 28.8764381409, 6.38985443115, -18.0661621094, 1.74017834663, -7.5279302597], [211.740768433, 66.259223938, 15.2186832428, -15.0348310471, 20.9984855652, 136.460540771, 75.9399490356, 6.080098629, -8.4834280014, 5.79311656952, 22.9089813232, 5.7190952301, -7.95055389404], [310.409423828, 123.766799927, 91.0758743286, -18.5542831421, -69.2128295898, 75.9399490356, 210.254470825, 36.9711227417, -23.0975341797, 4.64628696442, 24.0742301941, -8.15087795258, -11.3867940903], [28.0898475647, 66.3229980469, -43.7661094666, -22.4463558197, -5.59571075439, 6.080098629, 36.9711227417, 131.389450073, 19.7583408356, -2.7259824276, 12.2121324539, 7.45245361328, 13.8559808731], [-291.810028076, -94.7054672241, -1.27956712246, 37.4419288635, 28.8764381409, -8.4834280014, -23.0975341797, 19.7583408356, 111.053352356, 11.6025075912, -19.2185726166, 13.0000915527, 7.87594032288], [171.340667725, 40.2183418274, 25.7482681274, -0.974956214428, 6.38985443115, 5.79311656952, 4.64628696442, -2.7259824276, 11.6025075912, 92.5610656738, 31.524564743, -9.39761924744, -3.34796571732], [173.962234497, 37.8365211487, -0.0757227763534, -37.4809532166, -18.0661621094, 22.9089813232, 24.0742301941, 12.2121324539, -19.2185726166, 31.524564743, 102.966873169, 25.0037097931, -13.8384256363], [-109.677238464, -8.02468681335, -25.4108600616, -15.8378562927, 1.74017834663, 5.7190952301, -8.15087795258, 7.45245361328, 13.0000915527, -9.39761924744, 25.0037097931, 93.9439544678, 31.5516357422], [-30.4762916565, 42.1373405457, -8.0323009491, -14.2618560791, -7.5279302597, -7.95055389404, -11.3867940903, 13.8559808731, 7.87594032288, -3.34796571732, -13.8384256363, 31.5516357422, 92.8000335693]], "icov": [[7.45858997107e-05, -2.08928922802e-05, -3.64156767318e-06, -7.30007814127e-05, 9.42345504882e-05, -0.000106961022539, 2.33208720601e-06, -3.7298668758e-05, 0.000177405090653, -0.000131214954308, -4.50116422144e-05, 6.11168798059e-05, -2.04990319617e-05], [-2.08928922802e-05, 0.000575120036956, -0.000165857418324, 9.54880670179e-06, 0.000520125264302, -0.000382992613595, 0.000172971296706, -0.000417925097281, 0.00045986493933, -0.000327649380779, 0.000180340008228, -3.37973870046e-05, -0.000200353708351], [-3.64156767318e-06, -0.000165857418324, 0.00225078780204, -0.00120455177967, 0.000510513724294, 0.000168236452737, -0.00103960046545, 0.000999233219773, -0.000258159183431, -0.000380291283363, -0.000250862649409, 0.000359527766705, -0.00028857649886], [-7.30007814127e-05, 9.54880670179e-06, -0.00120455177967, 0.00453754141927, -0.00204488355666, 0.000982959172688, -0.000278258085018, 0.000362415652489, -0.00118084938731, 0.000476095767226, 0.000928272551391, 2.85934202111e-05, 0.000640952726826], [9.42345504882e-05, 0.000520125264302, 0.000510513724294, -0.00204488355666, 0.00633294088766, -0.00302359415218, 0.00249563716352, -0.000951004389208, 0.000474996661069, -0.00130914791953, 0.000805843272246, -0.000216800894123, 0.000333933945512], [-0.000106961022539, -0.000382992613595, 0.000168236452737, 0.000982959172688, -0.00302359415218, 0.0110499374568, -0.00478043779731, 0.00143920781557, -0.00085544429021, 0.000720189651474, -0.00156823161524, -0.000572788063437, 0.000263836438535], [2.33208720601e-06, 0.000172971296706, -0.00103960046545, -0.000278258085018, 0.00249563716352, -0.00478043779731, 0.00832953676581, -0.00282837706618, 0.00140712526627, -0.000310528819682, 9.41307953326e-05, 0.000366598629626, 0.000785494747106], [-3.7298668758e-05, -0.000417925097281, 0.000999233219773, 0.000362415652489, -0.000951004389208, 0.00143920781557, -0.00282837706618, 0.00972814392298, -0.00302684679627, 0.00150152458809, -0.00210051611066, 0.000875345256645, -0.00173348456156], [0.000177405090653, 0.00045986493933, -0.000258159183431, -0.00118084938731, 0.000474996661069, -0.00085544429021, 0.00140712526627, -0.00302684679627, 0.0121742468327, -0.00359845184721, 0.00352817634121, -0.00278377579525, 0.000545015500393], [-0.000131214954308, -0.000327649380779, -0.000380291283363, 0.000476095767226, -0.00130914791953, 0.000720189651474, -0.000310528819682, 0.00150152458809, -0.00359845184721, 0.0142588587478, -0.00611581886187, 0.00368887954392, -0.0015072375536], [-4.50116422144e-05, 0.000180340008228, -0.000250862649409, 0.000928272551391, 0.000805843272246, -0.00156823161524, 9.41307953326e-05, -0.00210051611066, 0.00352817634121, -0.00611581886187, 0.0154029708356, -0.00630352925509, 0.00420047156513], [6.11168798059e-05, -3.37973870046e-05, 0.000359527766705, 2.85934202111e-05, -0.000216800894123, -0.000572788063437, 0.000366598629626, 0.000875345256645, -0.00278377579525, 0.00368887954392, -0.00630352925509, 0.0152034768835, -0.00582120940089], [-2.04990319617e-05, -0.000200353708351, -0.00028857649886, 0.000640952726826, 0.000333933945512, 0.000263836438535, 0.000785494747106, -0.00173348456156, 0.000545015500393, -0.0015072375536, 0.00420047156513, -0.00582120940089, 0.0138434609398]], "mean": [-670.479614258, 119.395858765, 23.0642337799, 15.0215053558, 0.595484852791, 6.38244104385, 2.3297355175, 7.52722215652, 0.190479025245, 0.602434098721, 0.799990832806, 2.98117089272, 1.73430025578]}, "pitch_salience": {"dmean": 0.0719988569617, "dmean2": 0.114963904023, "dvar": 0.00422961311415, "dvar2": 0.0103074945509, "max": 0.968994498253, "mean": 0.548382937908, "median": 0.55159008503, "min": 0.00676616514102, "var": 0.0133158285171}, "silence_rate_20dB": {"dmean": 0, "dmean2": 0, "dvar": 0, "dvar2": 0, "max": 1, "mean": 1, "median": 1, "min": 1, "var": 0}, "silence_rate_30dB": {"dmean": 0.00742023251951, "dmean2": 0.0148416887969, "dvar": 0.007364182733, "dvar2": 0.0179169587791, "max": 1, "mean": 0.993075013161, "median": 1, "min": 0, "var": 0.00687694363296}, "silence_rate_60dB": {"dmean": 0.0108830081299, "dmean2": 0.0217678099871, "dvar": 0.0107664652169, "dvar2": 0.023606646806, "max": 1, "mean": 0.0948062688112, "median": 0, "min": 0, "var": 0.0858232825994}, "spectral_centroid": {"dmean": 275.193389893, "dmean2": 396.151672363, "dvar": 134750.203125, "dvar2": 239479.046875, "max": 11803.9384766, "mean": 1236.75769043, "median": 936.705322266, "min": 240.119979858, "var": 1024769}, "spectral_complexity": {"dmean": 3.9584467411, "dmean2": 5.79930734634, "dvar": 34.7273406982, "dvar2": 58.3685874939, "max": 59, "mean": 15.2662820816, "median": 13, "min": 0, "var": 102.85925293}, "spectral_contrast_coeffs": {"dmean": [0.0486095361412, 0.0435320697725, 0.0397545993328, 0.0327527150512, 0.0224622506648, 0.0168823190033], "dmean2": [0.0805839970708, 0.0702697709203, 0.0633758828044, 0.0531556643546, 0.0355666428804, 0.0272178575397], "dvar": [0.00181778334081, 0.00130710622761, 0.00114176713396, 0.000720644718967, 0.000404568592785, 0.000229665078223], "dvar2": [0.0049845688045, 0.00333970040083, 0.00275756651536, 0.00180258334149, 0.000908256042749, 0.0005517055979], "max": [-0.311282634735, -0.408768266439, -0.423175901175, -0.485808938742, -0.461387515068, -0.623383462429], "mean": [-0.681028187275, -0.720657289028, -0.745542287827, -0.782352149487, -0.805674910545, -0.790865540504], "median": [-0.681374549866, -0.721494913101, -0.7476760149, -0.787524461746, -0.817951440811, -0.7903444767], "min": [-0.978332281113, -0.97464543581, -0.975825130939, -0.971744537354, -0.980829656124, -0.964118003845], "var": [0.00728883361444, 0.00682952255011, 0.00642536999658, 0.00377118424512, 0.00380294583738, 0.00132374616805]}, "spectral_contrast_valleys": {"dmean": [0.368754118681, 0.341479957104, 0.371448338032, 0.392458707094, 0.398569732904, 0.455746382475], "dmean2": [0.59753292799, 0.550554394722, 0.58408010006, 0.57881462574, 0.530444860458, 0.525390923023], "dvar": [0.108827456832, 0.0938488095999, 0.1351018399, 0.151220306754, 0.195427641273, 0.243099033833], "dvar2": [0.258870363235, 0.216644018888, 0.300542593002, 0.291557967663, 0.354294151068, 0.42736530304], "max": [-5.16204833984, -4.77285957336, -4.92629241943, -5.70414113998, -5.27214479446, -7.17200088501], "mean": [-7.36537885666, -7.11208534241, -7.76659440994, -8.35257720947, -8.17286300659, -10.2162075043], "median": [-6.83649682999, -6.65705108643, -7.34052371979, -8.03575801849, -7.82313871384, -9.88405990601], "min": [-28.012676239, -27.8756198883, -27.7556304932, -27.6055755615, -27.586812973, -27.3947658539], "var": [4.77776050568, 4.8475227356, 4.61944770813, 3.93298196793, 4.30718612671, 4.22312641144]}, "spectral_decrease": {"dmean": 2.37968555972e-09, "dmean2": 3.82429687917e-09, "dvar": 1.21498621021e-17, "dvar2": 3.0224782536e-17, "max": 2.08290861122e-18, "mean": -6.86660062144e-09, "median": -5.7202589332e-09, "min": -3.98168218396e-08, "var": 3.10140782765e-17}, "spectral_energy": {"dmean": 0.00978656020015, "dmean2": 0.0155483391136, "dvar": 0.000195892789634, "dvar2": 0.000482156465296, "max": 0.157625198364, "mean": 0.0280068926513, "median": 0.0233299657702, "min": 9.98474288556e-21, "var": 0.000502170994878}, "spectral_energyband_high": {"dmean": 0.000905565219, "dmean2": 0.00122105632909, "dvar": 4.10147549701e-06, "dvar2": 8.24862399895e-06, "max": 0.024897845462, "mean": 0.00125511642545, "median": 0.000310254079523, "min": 6.88891927667e-21, "var": 6.85426857672e-06}, "spectral_energyband_low": {"dmean": 0.00596934044734, "dmean2": 0.010005238466, "dvar": 0.000131468768814, "dvar2": 0.0003469363146, "max": 0.128857836127, "mean": 0.0109107913449, "median": 0.00756721757352, "min": 1.8299651336e-23, "var": 0.000189413869521}, "spectral_energyband_middle_high": {"dmean": 0.00260520260781, "dmean2": 0.00407749321312, "dvar": 3.32074123435e-05, "dvar2": 8.33657686599e-05, "max": 0.135654747486, "mean": 0.00510844308883, "median": 0.00231632217765, "min": 1.06722677034e-21, "var": 6.61222002236e-05}, "spectral_energyband_middle_low": {"dmean": 0.00398604758084, "dmean2": 0.0062788031064, "dvar": 3.57458739018e-05, "dvar2": 8.64920002641e-05, "max": 0.144236654043, "mean": 0.0117228571326, "median": 0.00906667858362, "min": 1.86453371266e-22, "var": 0.000120298529509}, "spectral_entropy": {"dmean": 0.240860134363, "dmean2": 0.321025371552, "dvar": 0.0686498582363, "dvar2": 0.123336270452, "max": 9.81924629211, "mean": 7.53610897064, "median": 7.55889225006, "min": 4.91697835922, "var": 0.412300288677}, "spectral_flux": {"dmean": 0.0262980647385, "dmean2": 0.0411419942975, "dvar": 0.00105995661579, "dvar2": 0.00221456424333, "max": 0.353579342365, "mean": 0.0800885185599, "median": 0.0706063807011, "min": 6.41876135576e-11, "var": 0.00280798273161}, "spectral_kurtosis": {"dmean": 2.27168273926, "dmean2": 3.51100802422, "dvar": 29.6394920349, "dvar2": 86.1952514648, "max": 169.482040405, "mean": 6.82383537292, "median": 3.99015808105, "min": -1.26145839691, "var": 195.206741333}, "spectral_rms": {"dmean": 0.000824086484499, "dmean2": 0.00127136369701, "dvar": 9.66105517364e-07, "dvar2": 2.2256037937e-06, "max": 0.0124008338898, "mean": 0.00474734650925, "median": 0.00477084331214, "min": 3.12109149289e-12, "var": 4.78646506963e-06}, "spectral_rolloff": {"dmean": 701.125488281, "dmean2": 1122.95263672, "dvar": 2232751.5, "dvar2": 4564359, "max": 19552.1484375, "mean": 1656.17382813, "median": 839.794921875, "min": 21.533203125, "var": 5909001.5}, "spectral_skewness": {"dmean": 0.280941784382, "dmean2": 0.404772311449, "dvar": 0.132786437869, "dvar2": 0.317941635847, "max": 10.4600944519, "mean": 1.90106904507, "median": 1.72909212112, "min": -0.0836041048169, "var": 1.07069826126}, "spectral_spread": {"dmean": 898322.1875, "dmean2": 1215916.875, "dvar": 1050088046590.0, "dvar2": 2161597218820.0, "max": 42788272, "mean": 5771314, "median": 5497947, "min": 416035.75, "var": 9684668907520.0}, "spectral_strongpeak": {"dmean": 0.448124319315, "