{"lowlevel": {"average_loudness": 0.947036266327, "barkbands": {"dmean": [0.000143571567605, 0.00285637471825, 0.00200987327844, 0.00146323931403, 0.00144936121069, 0.000792044971604, 0.00064124155324, 0.000507552875206, 0.000567476206925, 0.000686987885274, 0.0012089132797, 0.000530855613761, 0.000466545578092, 0.000394777045585, 0.000544236507267, 0.00032160981209, 0.000402311008656, 0.000346664019162, 0.00031271611806, 0.000375821924536, 0.000382893020287, 0.000219613386435, 0.000181927229278, 0.000170257306308, 0.000152675478603, 5.55207043362e-05, 8.49573189043e-06], "dmean2": [0.000207092671189, 0.00449099252, 0.00342865753919, 0.00242404919118, 0.00230376631953, 0.00125146762002, 0.000969966349658, 0.000802481023129, 0.000927311310079, 0.00109239085577, 0.00205768574961, 0.000878261344042, 0.000772214785684, 0.000660661607981, 0.00091940438142, 0.000539629196282, 0.000679131248035, 0.000580066174734, 0.000542487134226, 0.000637279124931, 0.000667492800858, 0.00036141226883, 0.000295565085253, 0.00026096086367, 0.000242525624344, 8.82059757714e-05, 1.25840088003e-05], "dvar": [5.22982297468e-08, 2.13541406993e-05, 1.67134821822e-05, 5.22322625329e-06, 3.4802430946e-06, 1.00556303551e-06, 1.01860553059e-06, 6.17399791736e-07, 1.1027200344e-06, 1.19163496493e-06, 8.95856373972e-06, 7.27296480818e-07, 6.46898229206e-07, 3.06900716396e-07, 6.29998169188e-07, 2.29226216675e-07, 3.51602267301e-07, 2.37471425635e-07, 2.93737713264e-07, 3.24406045138e-07, 5.45000432339e-07, 1.49746966827e-07, 1.83217039762e-07, 4.60409523839e-07, 5.17920213383e-08, 5.55964518867e-09, 6.49283737886e-10], "dvar2": [1.15956012792e-07, 5.28883501829e-05, 4.63575524918e-05, 1.40003303386e-05, 8.51431559568e-06, 2.60982255895e-06, 2.27062218983e-06, 1.43368606587e-06, 2.95014547191e-06, 2.79585628959e-06, 2.53356447502e-05, 1.94878225557e-06, 1.67119810612e-06, 8.15545604382e-07, 1.79043252047e-06, 6.13261761373e-07, 9.57378460953e-07, 6.28742100162e-07, 8.09185905837e-07, 8.42116946842e-07, 1.50908817886e-06, 3.63626327271e-07, 4.25212931532e-07, 1.06069660433e-06, 1.15331417305e-07, 1.14863993872e-08, 7.79408093621e-10], "max": [0.00416704919189, 0.0516560934484, 0.0409947521985, 0.0277237165719, 0.0563485138118, 0.0168169476092, 0.0326112434268, 0.0282922834158, 0.0234778933227, 0.0288198105991, 0.0590444356203, 0.0170510709286, 0.0196001958102, 0.00971547700465, 0.0180893298239, 0.00796243082732, 0.0126844355837, 0.00663872295991, 0.00730040716007, 0.00723828654736, 0.00892378110439, 0.00763453403488, 0.0116692855954, 0.0236752834171, 0.00538159441203, 0.0030431849882, 0.00151148170698], "mean": [0.000252072000876, 0.00502735422924, 0.00224217190407, 0.00197900063358, 0.00272133736871, 0.00155612733215, 0.00129360356368, 0.00084602140123, 0.000898093509022, 0.00114520115312, 0.00174137915019, 0.0008500002441, 0.000757208152208, 0.000661625934299, 0.00092268496519, 0.000554578902666, 0.000723902543541, 0.000625158369076, 0.000465658784378, 0.000584058638196, 0.000560465501621, 0.000337676319759, 0.000273930869298, 0.000273247394944, 0.000185105585842, 6.23144514975e-05, 1.0671594282e-05], "median": [5.64995280001e-05, 0.00299480510876, 0.00102820189204, 0.000974602648057, 0.00180290732533, 0.00112865865231, 0.0008132889634, 0.000488572870381, 0.000498729641549, 0.000644973246381, 0.000573448895011, 0.000476452929433, 0.00040601589717, 0.000402393285185, 0.00060693861451, 0.000363432773156, 0.000459015427623, 0.000410129752709, 0.000290210417006, 0.000365023995982, 0.000324366788846, 0.000180351315066, 0.000122413504869, 0.000123011792311, 7.82308343332e-05, 2.1170846594e-05, 2.91223614113e-06], "min": [4.21474103277e-24, 6.27948426685e-24, 8.12031524944e-25, 2.34487247469e-24, 7.77641725427e-24, 6.32886656509e-24, 1.05593962544e-23, 7.45553151499e-24, 1.76256201795e-23, 1.8657663236e-23, 9.09906404645e-24, 3.68124497331e-23, 2.98168785572e-23, 3.766146286e-23, 6.74355851562e-23, 4.65210871114e-23, 6.25143174197e-23, 1.2228012985e-22, 1.37463354625e-22, 1.97888042616e-22, 2.19932527109e-22, 3.67583610118e-22, 4.00957475119e-22, 6.77212828082e-22, 8.62887814515e-22, 1.38129690917e-21, 1.83363788064e-21], "var": [1.50183709025e-07, 3.58954821422e-05, 1.3784137991e-05, 7.19187210052e-06, 9.08845595404e-06, 2.32898173635e-06, 2.75980573861e-06, 1.52095060457e-06, 1.93217010747e-06, 2.74974695458e-06, 1.51491794895e-05, 1.34241031446e-06, 1.3694776726e-06, 6.17942987446e-07, 1.24090547615e-06, 4.25086767564e-07, 7.78628077569e-07, 4.50537385177e-07, 3.14997777195e-07, 4.46833013257e-07, 5.51977791474e-07, 2.47523900043e-07, 2.56386130104e-07, 6.48095976885e-07, 9.78358158932e-08, 1.69561431562e-08, 2.2719519599e-09]}, "barkbands_crest": {"dmean": 2.4087972641, "dmean2": 3.87316608429, "dvar": 5.01030349731, "dvar2": 12.6903429031, "max": 25.4841804504, "mean": 7.58906316757, "median": 6.68539428711, "min": 2.05485606194, "var": 12.9527778625}, "barkbands_flatness_db": {"dmean": 0.0209314748645, "dmean2": 0.0315437540412, "dvar": 0.000353674520738, "dvar2": 0.000812469224911, "max": 0.301250755787, "mean": 0.0780901163816, "median": 0.0732634216547, "min": 0.0160269998014, "var": 0.00099149113521}, "barkbands_kurtosis": {"dmean": 1.25462579727, "dmean2": 1.98865926266, "dvar": 11.1672153473, "dvar2": 22.9523181915, "max": 134.41368103, "mean": 0.72585952282, "median": -0.14885032177, "min": -1.88281023502, "var": 20.0415458679}, "barkbands_skewness": {"dmean": 0.425155222416, "dmean2": 0.678433358669, "dvar": 0.232310622931, "dvar2": 0.554474473, "max": 10.9870014191, "mean": 0.896032750607, "median": 0.79217684269, "min": -2.71547341347, "var": 0.690583467484}, "barkbands_spread": {"dmean": 7.51551151276, "dmean2": 11.7279291153, "dvar": 59.9540672302, "dvar2": 137.45741272, "max": 95.8014907837, "mean": 33.7287063599, "median": 32.4145584106, "min": 2.00515151024, "var": 161.542709351}, "dissonance": {"dmean": 0.0131061114371, "dmean2": 0.0221595782787, "dvar": 0.000156266396516, "dvar2": 0.000432732980698, "max": 0.500000059605, "mean": 0.477527201176, "median": 0.480593174696, "min": 0.286644995213, "var": 0.000232168022194}, "dynamic_complexity": 2.97527694702, "erbbands": {"dmean": [0.0895627588034, 0.68047773838, 2.17036390305, 3.79160618782, 4.64437532425, 5.24204444885, 5.38756799698, 6.94184684753, 9.36610126495, 11.0437364578, 10.4765615463, 11.818315506, 20.9661197662, 26.6318054199, 39.4667015076, 22.9827728271, 19.619600296, 22.9182186127, 22.3028564453, 25.9432239532, 17.3241825104, 18.4644756317, 18.9025688171, 15.2516431808, 16.3624038696, 19.0233802795, 18.6723155975, 11.4459629059, 7.49892568588, 6.70436429977, 5.01004266739, 3.59907484055, 2.92371678352, 1.79642522335, 1.03690445423, 0.331259310246, 0.0875373631716, 0.014825203456, 0.0015073484974, 7.06647333573e-05], "dmean2": [0.14503633976, 1.05832469463, 3.68148732185, 6.31522941589, 7.6104631424, 8.38151073456, 8.21465873718, 11.152510643, 14.217912674, 17.1111469269, 16.6003932953, 19.135219574, 33.8970947266, 43.4143371582, 66.9106903076, 37.9972648621, 32.0372695923, 38.2543525696, 37.6702461243, 43.548866272, 29.0081920624, 30.8626213074, 31.6713867188, 25.8114242554, 28.5882911682, 32.3147621155, 32.5791397095, 19.4956912994, 12.1904096603, 11.1968832016, 8.09735393524, 5.51676130295, 4.59336137772, 2.84469866753, 1.6583969593, 0.529232263565, 0.138550341129, 0.0223303120583, 0.00227726297453, 0.000107158230094], "dvar": [0.0243917964399, 1.22788131237, 20.0865707397, 35.8306236267, 45.3898735046, 58.5330123901, 55.8486824036, 85.3209609985, 220.883026123, 297.448822021, 263.88369751, 538.293640137, 1351.9519043, 2716.41455078, 7512.76611328, 1318.0670166, 1215.12414551, 1088.99572754, 1452.2911377, 1675.12548828, 672.001708984, 668.171936035, 727.239074707, 520.318115234, 946.856994629, 885.66394043, 1278.27978516, 421.101318359, 157.464035034, 234.043045044, 152.424636841, 143.50994873, 175.545333862, 14.7772979736, 1.72480595112, 0.177998617291, 0.0160744357854, 0.00101588282268, 2.08541587199e-05, 4.24412682776e-08], "dvar2": [0.0682917907834, 2.9695148468, 55.1049003601, 98.0511245728, 116.658180237, 143.046646118, 129.120925903, 227.521469116, 520.208740234, 662.260803223, 634.286743164, 1402.13256836, 3407.85131836, 7203.55078125, 21175.8027344, 3567.30517578, 3070.37939453, 2912.14672852, 4253.73681641, 4578.38720703, 1787.08227539, 1788.56213379, 1905.35510254, 1382.55065918, 2617.03588867, 2327.24682617, 3553.23486328, 1117.92944336, 358.767181396, 614.23626709, 345.513153076, 311.358306885, 427.787506104, 33.0905952454, 3.94803714752, 0.407228022814, 0.0310655217618, 0.00138085195795, 2.66861625278e-05, 6.44371453973e-08], "max": [1.71968913078, 10.6718225479, 47.4542922974, 64.9308700562, 84.5179977417, 325.62411499, 156.084823608, 162.028152466, 567.775512695, 487.436859131, 318.572601318, 625.105895996, 858.235412598, 1303.38110352, 1535.86999512, 620.12890625, 752.103271484, 619.303894043, 942.003173828, 1076.85473633, 541.893676758, 457.676727295, 415.440155029, 452.465423584, 440.60848999, 366.039520264, 505.546142578, 273.02255249, 289.228881836, 264.127563477, 417.837493896, 522.440063477, 564.504821777, 142.366027832, 24.8899898529, 12.8254146576, 6.22446393967, 1.81949365139, 0.274035692215, 0.0125344684348], "mean": [0.13557420671, 1.15402066708, 2.61826372147, 5.21278095245, 7.43173313141, 9.24041652679, 10.3430318832, 12.7692899704, 18.7043914795, 20.2306137085, 17.7292194366, 19.6615657806, 35.0752944946, 45.4451713562, 61.4338302612, 39.2366485596, 34.653591156, 40.2362556458, 38.3333702087, 44.9802055359, 34.8510665894, 35.1631088257, 35.8105430603, 27.0854263306, 23.6695804596, 28.8369121552, 27.6892852783, 17.0897674561, 11.8544044495, 9.82986927032, 7.64725446701, 5.78032016754, 4.46109008789, 2.40464019775, 1.13916790485, 0.367480784655, 0.0974954515696, 0.0187987256795, 0.0018221468199, 0.000106635561679], "median": [0.0710190832615, 0.648078799248, 1.32302618027, 2.8472340107, 4.48274230957, 5.41666793823, 6.81369256973, 8.98420524597, 11.3988714218, 12.4381036758, 11.1016902924, 11.3943996429, 20.5375289917, 21.2845230103, 25.8073348999, 24.0756034851, 19.4673233032, 24.9327259064, 24.4364261627, 28.9309368134, 24.0753898621, 23.5678863525, 23.5435066223, 18.9667377472, 14.0507106781, 17.7113494873, 15.4965486526, 10.2157621384, 6.39654064178, 4.59204673767, 3.5298948288, 2.63624620438, 1.99782884121, 1.09244143963, 0.428147435188, 0.135613560677, 0.0307990405709, 0.00588461942971, 0.000437556853285, 5.35838407814e-05], "min": [1.66975991619e-22, 9.39155240242e-22, 2.97450089111e-21, 1.01170893602e-20, 2.01142019886e-20, 2.82585867569e-20, 5.62562885034e-20, 6.08626634643e-20, 1.3044167801e-19, 1.51233405544e-19, 2.76654614223e-19, 3.76438445491e-19, 4.26426184829e-19, 6.97887009535e-19, 9.45984428031e-19, 1.48485185846e-18, 1.6723065983e-18, 1.71200030756e-18, 3.0732119289e-18, 3.19387235127e-18, 4.29003534861e-18, 4.02413235045e-18, 6.70712285935e-18, 6.96045684812e-18, 7.58866081868e-18, 8.8301960524e-18, 9.29793029285e-18, 1.04216336483e-17, 1.14942437117e-17, 9.99531964985e-18, 1.05161795651e-17, 1.12882285899e-17, 1.13142798161e-17, 8.2289366631e-18, 6.51527692784e-18, 4.47733757703e-18, 2.18144650169e-18, 9.7660014026e-19, 2.53308992398e-19, 2.75912717224e-20], "var": [0.0327726006508, 2.05776715279, 16.9447746277, 43.758605957, 78.9097366333, 167.444763184, 139.261734009, 174.062942505, 597.160583496, 718.225219727, 509.027587891, 887.398010254, 2573.78955078, 5407.02929688, 13058.3603516, 2398.60302734, 2719.03198242, 2237.57104492, 2545.2265625, 3299.64746094, 1565.2845459, 1505.46154785, 1480.07946777, 792.129943848, 921.050720215, 1125.02587891, 1369.05273438, 494.027984619, 295.337799072, 273.618103027, 217.403091431, 228.669799805, 209.77281189, 25.6857700348, 3.05238819122, 0.409709095955, 0.054319690913, 0.00415405351669, 6.89432781655e-05, 1.10931672737e-07]}, "erbbands_crest": {"dmean": 2.16676163673, "dmean2": 3.61093688011, "dvar": 4.42634391785, "dvar2": 11.6574516296, "max": 25.6630496979, "mean": 6.75574636459, "median": 5.8401184082, "min": 2.19683623314, "var": 10.3671073914}, "erbbands_flatness_db": {"dmean": 0.01806980744, "dmean2": 0.0257267132401, "dvar": 0.000246381270699, "dvar2": 0.000491615210194, "max": 0.308530896902, "mean": 0.125261634588, "median": 0.121483877301, "min": 0.0345538929105, "var": 0.000930112029891}, "erbbands_kurtosis": {"dmean": 0.602318525314, "dmean2": 0.992597281933, "dvar": 0.568590283394, "dvar2": 1.48804044724, "max": 19.3285541534, "mean": -0.0202729906887, "median": -0.256515026093, "min": -1.73484420776, "var": 1.12612426281}, "erbbands_skewness": {"dmean": 0.302450597286, "dmean2": 0.479556977749, "dvar": 0.076702721417, "dvar2": 0.189671829343, "max": 4.06326580048, "mean": -0.00276637077332, "median": -0.0316518545151, "min": -2.91262674332, "var": 0.263698101044}, "erbbands_spread": {"dmean": 7.53912496567, "dmean2": 11.9587268829, "dvar": 48.9019317627, "dvar2": 117.13722229, "max": 124.613494873, "mean": 39.6691818237, "median": 37.9128646851, "min": 6.58421754837, "var": 211.21333313}, "gfcc": {"cov": [[18637.4707031, 34.8886413574, -510.884338379, 369.460449219, -454.860046387, 206.673339844, -298.494354248, 175.975280762, -357.62109375, -5.39102602005, -304.956634521, 46.992313385, -88.4089736938], [34.8886413574, 871.047668457, -183.368057251, -1.41446483135, 52.7225341797, -29.7782917023, 43.2758674622, -27.0301532745, 31.755022049, -65.4013977051, 88.1695175171, -19.2097434998, 94.9135894775], [-510.884338379, -183.368057251, 421.564147949, 70.0048217773, 32.1396217346, 34.3599662781, -2.63158226013, 13.6522636414, 22.0695476532, 16.783826828, -20.7060165405, 19.4740867615, -40.1427993774], [369.460449219, -1.41446483135, 70.0048217773, 230.265884399, 19.0581493378, 32.5824432373, 22.1864585876, -6.81107616425, 45.9791297913, 0.0412943512201, -6.93504142761, 4.07494497299, -8.9030008316], [-454.860046387, 52.7225341797, 32.1396217346, 19.0581493378, 160.20300293, 21.4206047058, 46.2715187073, 13.6865844727, 7.14440870285, 13.3023872375, 8.20713233948, 6.28881788254, 10.0580310822], [206.673339844, -29.7782917023, 34.3599662781, 32.5824432373, 21.4206047058, 140.279663086, 45.1006355286, 24.8522491455, 13.1747817993, 10.7655420303, 10.581193924, 7.86611700058, -3.1808578968], [-298.494354248, 43.2758674622, -2.63158226013, 22.1864585876, 46.2715187073, 45.1006355286, 112.127670288, 26.7282104492, 29.1999759674, 3.88147568703, 19.4321403503, 9.81941795349, 10.2334156036], [175.975280762, -27.0301532745, 13.6522636414, -6.81107616425, 13.6865844727, 24.8522491455, 26.7282104492, 88.4320602417, 23.107460022, 23.4758739471, -4.18380975723, 11.2042627335, 8.39428043365], [-357.62109375, 31.755022049, 22.0695476532, 45.9791297913, 7.14440870285, 13.1747817993, 29.1999759674, 23.107460022, 95.8016738892, 20.7809944153, 23.9596481323, -0.252907007933, 4.86830711365], [-5.39102602005, -65.4013977051, 16.783826828, 0.0412943512201, 13.3023872375, 10.7655420303, 3.88147568703, 23.4758739471, 20.7809944153, 74.1002731323, 17.9591522217, 11.9259271622, -7.42388057709], [-304.956634521, 88.1695175171, -20.7060165405, -6.93504142761, 8.20713233948, 10.581193924, 19.4321403503, -4.18380975723, 23.9596481323, 17.9591522217, 73.7631072998, 15.7739868164, 21.6958732605], [46.992313385, -19.2097434998, 19.4740867615, 4.07494497299, 6.28881788254, 7.86611700058, 9.81941795349, 11.2042627335, -0.252907007933, 11.9259271622, 15.7739868164, 69.9403762817, 23.2172279358], [-88.4089736938, 94.9135894775, -40.1427993774, -8.9030008316, 10.0580310822, -3.1808578968, 10.2334156036, 8.39428043365, 4.86830711365, -7.42388057709, 21.6958732605, 23.2172279358, 71.1462860107]], "icov": [[9.81141565717e-05, -0.000114971597213, 0.000158863520483, -0.00030889021582, 0.000284637353616, -0.000235794679611, 0.000258606829448, -0.00038178046816, 0.000488142337417, -0.000210680183955, 0.000351993832737, -0.000201528397156, 0.000186387260328], [-0.000114971597213, 0.00203578174114, 0.000325132714352, 0.000160005845828, -0.0010420732433, 0.000694589631166, -0.000388839194784, 0.000449523999123, -0.000986075610854, 0.00219176476821, -0.00262598018162, 0.00135337898973, -0.00181867741048], [0.000158863520483, 0.000325132714352, 0.0032917552162, -0.00111424818169, -0.000443358934717, -0.000805749848951, 0.00117241800763, -0.000860855914652, -5.67702445551e-05, 0.000242937516305, 0.000662999227643, -0.00154475960881, 0.00177227705717], [-0.00030889021582, 0.000160005845828, -0.00111424818169, 0.0065177124925, -0.00123111647554, -0.000419371965108, -0.00118775002193, 0.00313036330044, -0.00473749125376, 0.000830495497212, 0.000992226996459, -0.000294670404401, -0.000249173142947], [0.000284637353616, -0.0010420732433, -0.000443358934717, -0.00123111647554, 0.00860630068928, -0.000744408520404, -0.00250714085996, -0.00102884124499, 0.00276658637449, -0.00303901568986, 0.00195646914653, -0.000215630599996, -0.000460952142021], [-0.000235794679611, 0.000694589631166, -0.000805749848951, -0.000419371965108, -0.000744408520404, 0.00954126939178, -0.00371644133702, -0.00106934842188, -3.61358543159e-05, 0.000635686970782, -0.00278341863304, 0.000759102462325, 0.000135685913847], [0.000258606829448, -0.000388839194784, 0.00117241800763, -0.00118775002193, -0.00250714085996, -0.00371644133702, 0.0140420868993, -0.00385464332066, -0.00141675875057, 0.00202276697382, -0.00139460107312, -0.00170398736373, 0.00126564176753], [-0.00038178046816, 0.000449523999123, -0.000860855914652, 0.00313036330044, -0.00102884124499, -0.00106934842188, -0.00385464332066, 0.0174193233252, -0.00567042315379, -0.00412968918681, 0.00428566755727, -0.000651071255561, -0.00370861706324], [0.000488142337417, -0.000986075610854, -5.67702445551e-05, -0.00473749125376, 0.00276658637449, -3.61358543159e-05, -0.00141675875057, -0.00567042315379, 0.0180631987751, -0.0040555363521, -0.00290700583719, 0.0018332003383, 0.000406353821745], [-0.000210680183955, 0.00219176476821, 0.000242937516305, 0.000830495497212, -0.00303901568986, 0.000635686970782, 0.00202276697382, -0.00412968918681, -0.0040555363521, 0.0206968914717, -0.0081827128306, -0.00153478072025, 0.00314289913513], [0.000351993832737, -0.00262598018162, 0.000662999227643, 0.000992226996459, 0.00195646914653, -0.00278341863304, -0.00139460107312, 0.00428566755727, -0.00290700583719, -0.0081827128306, 0.0239530913532, -0.00467462837696, -0.0027010969352], [-0.000201528397156, 0.00135337898973, -0.00154475960881, -0.000294670404401, -0.000215630599996, 0.000759102462325, -0.00170398736373, -0.000651071255561, 0.0018332003383, -0.00153478072025, -0.00467462837696, 0.0194352548569, -0.00778045272455], [0.000186387260328, -0.00181867741048, 0.00177227705717, -0.000249173142947, -0.000460952142021, 0.000135685913847, 0.00126564176753, -0.00370861706324, 0.000406353821745, 0.00314289913513, -0.0027010969352, -0.00778045272455, 0.0216717701405]], "mean": [30.5571174622, 69.4549179077, -120.183784485, 34.9163322449, -55.1756477356, 18.1405982971, -35.2215309143, 10.1239519119, -25.5897674561, 4.51392173767, -14.9521570206, 1.29542863369, -7.85978746414]}, "hfc": {"dmean": 12.8580350876, "dmean2": 20.4974708557, "dvar": 363.059814453, "dvar2": 914.147460938, "max": 332.819671631, "mean": 31.7726669312, "median": 27.1974754333, "min": 1.08883511183e-16, "var": 632.915527344}, "melbands": {"dmean": [0.000780831382144, 0.00100826914422, 0.00065852625994, 0.000334906217176, 0.000195423257537, 0.000156310125021, 0.000139986339491, 0.000115937706141, 8.49797143019e-05, 7.86984383012e-05, 0.000105303821329, 0.000104486709461, 0.000167729391251, 6.485562335e-05, 5.1681392506e-05, 3.99745840696e-05, 4.60003575427e-05, 3.49546353391e-05, 3.44547443092e-05, 3.08191119984e-05, 2.21633126785e-05, 2.05917749554e-05, 2.03135441552e-05, 1.94453459699e-05, 1.2441934814e-05, 1.28164392663e-05, 1.19944616017e-05, 1.2883519048e-05, 1.38581772262e-05, 7.67530764278e-06, 7.1778245001e-06, 4.56419365946e-06, 4.09902850151e-06, 3.71904525309e-06, 3.03773299493e-06, 2.61625336861e-06, 2.14400870391e-06, 2.15385307456e-06, 1.93243613467e-06, 1.39385406328e-06], "dmean2": [0.00121660565492, 0.00166267820168, 0.00109325232916, 0.000541812216397, 0.000299339706544, 0.000249167002039, 0.000211710634176, 0.000180364950211, 0.000135235473863, 0.000127878927742, 0.000170339204487, 0.00016971353034, 0.000285346934106, 0.000107091495011, 8.4521183453e-05, 6.61365047563e-05, 7.71293925936e-05, 5.90959825786e-05, 5.82484572078e-05, 5.20952962688e-05, 3.73111215595e-05, 3.43900392181e-05, 3.48228932125e-05, 3.26632180077e-05, 2.1195906811e-05, 2.25357616728e-05, 2.06232980418e-05, 2.18452587433e-05, 2.43315917032e-05, 1.33176017698e-05, 1.23022819025e-05, 7.4192653301e-06, 6.90184106134e-06, 6.23498908681e-06, 4.99812085764e-06, 4.22328366767e-06, 3.26005510942e-06, 3.41319446306e-06, 3.09819051836e-06, 2.20331844503e-06], "dvar": [1.6758590391e-06, 3.59052432941e-06, 9.92877858152e-07, 1.98046677724e-07, 7.24666762153e-08, 4.09476967889e-08, 4.77886175076e-08, 3.27218820928e-08, 1.61709827751e-08, 2.40355753078e-08, 3.34450724893e-08, 3.99677304586e-08, 1.68653812693e-07, 1.04646744603e-08, 7.24445481382e-09, 4.50092718651e-09, 4.50754100711e-09, 3.60713281466e-09, 2.36272867937e-09, 2.15515827406e-09, 1.27484156565e-09, 8.89108509039e-10, 9.61439039493e-10, 8.23437540376e-10, 3.63394092595e-10, 5.44206790742e-10, 3.69710650983e-10, 4.02078065287e-10, 7.13957448717e-10, 2.03766906126e-10, 1.69469896449e-10, 5.91440438291e-11, 6.90758283906e-11, 7.32687452376e-11, 5.25469563695e-11, 6.2146593427e-11, 6.8774951012e-11, 1.16903237091e-10, 7.14807241176e-11, 6.31209537763e-12], "dvar2": [4.33495006291e-06, 9.8415885077e-06, 2.73369482784e-06, 5.05059233546e-07, 1.66913267208e-07, 1.0761109337e-07, 1.1049628057e-07, 7.32333731435e-08, 3.86461067592e-08, 6.4360094143e-08, 8.43561096531e-08, 1.02903229049e-07, 4.80299036099e-07, 2.76945293365e-08, 1.84115265256e-08, 1.18017631223e-08, 1.21088250538e-08, 1.0429005215e-08, 6.52707843329e-09, 5.89360871217e-09, 3.39313510622e-09, 2.36795738573e-09, 2.61565680226e-09, 2.18011186881e-09, 9.69034852361e-10, 1.52155932298e-09, 9.74682445865e-10, 1.05287245589e-09, 1.99191374506e-09, 5.60232804592e-10, 4.4812295541e-10, 1.35184183292e-10, 1.76093431503e-10, 1.92889246242e-10, 1.23753229886e-10, 1.32631725047e-10, 1.58653701288e-10, 2.99794467029e-10, 1.81941905986e-10, 1.36600184289e-11], "max": [0.0153200775385, 0.0211769603193, 0.0111020701006, 0.0112794544548, 0.00787304341793, 0.00337916472927, 0.00798556115478, 0.00621523102745, 0.00288412463851, 0.00438581220806, 0.00424345722422, 0.00481582339853, 0.00797407887876, 0.00209101941437, 0.00160268554464, 0.00197960389778, 0.00106363848317, 0.0014536131639, 0.00149502104614, 0.000724836310837, 0.000817984051537, 0.000536624225788, 0.00054740649648, 0.000425620324677, 0.000421457283664, 0.000337821169524, 0.00030022446299, 0.000270335032837, 0.000317021273077, 0.000198217516299, 0.000184562013601, 0.000176246423507, 0.000179521506652, 0.000147486338392, 0.000264461064944, 0.000338692276273, 0.000341019156622, 0.000547087343875, 0.000466581783257, 8.66162663442e-05], "mean": [0.00133643858135, 0.00146147073247, 0.000961438752711, 0.000595371064264, 0.000381328980438, 0.000294169585686, 0.000285799964331, 0.000210306374356, 0.000139199517434, 0.000128196610603, 0.000173391294084, 0.000172834086698, 0.000244756607572, 0.000106723833596, 8.71614684002e-05, 6.75414412399e-05, 7.55378059694e-05, 5.66524649912e-05, 5.91145653743e-05, 5.14543535246e-05, 4.08563137171e-05, 3.7808495108e-05, 3.2722560718e-05, 3.33443858835e-05, 2.00779013539e-05, 1.72146865225e-05, 1.72743257281e-05, 1.90323953575e-05, 1.94173298951e-05, 1.16479068311e-05, 9.69337270362e-06, 6.89914850227e-06, 5.93301547269e-06, 5.20467392562e-06, 4.47014645033e-06, 3.87700492865e-06, 3.40863152815e-06, 3.28399482896e-06, 2.62805360762e-06, 1.79890207619e-06], "median": [0.000799614121206, 0.000837558181956, 0.000610045623034, 0.000387939304346, 0.000250201905146, 0.000208000768907, 0.000176754110726, 0.000129662686959, 8.6204832769e-05, 7.26649377611e-05, 0.000100099052361, 7.70672995714e-05, 8.63765162649e-05, 6.28428679192e-05, 4.9480702728e-05, 3.832038783e-05, 4.39785762865e-05, 3.38528479915e-05, 4.04250458814e-05, 3.26129411405e-05, 2.65015514742e-05, 2.42545138462e-05, 1.96040309675e-05, 2.09776408155e-05, 1.2932530808e-05, 9.9580429378e-06, 9.94658330455e-06, 1.13434653031e-05, 1.00312981886e-05, 6.82189647705e-06, 5.18739489053e-06, 3.59167688657e-06, 2.97460383081e-06, 2.22689095608e-06, 2.05026117328e-06, 1.74370131845e-06, 1.47565242514e-06, 1.42284625326e-06, 1.2183020317e-06, 7.80187974669e-07], "min": [2.58326722632e-24, 1.39187485864e-24, 2.01394552217e-24, 1.087034846e-24, 2.59824966707e-24, 1.43553022392e-24, 1.76445899177e-24, 1.55272793595e-24, 1.54468628788e-24, 2.26270610331e-24, 2.11824792219e-24, 2.87949060991e-24, 1.82847801246e-24, 3.93216592893e-24, 2.36417826762e-24, 3.67056229781e-24, 2.70929741948e-24, 3.97162435697e-24, 4.14081253861e-24, 4.25335459079e-24, 4.66395826968e-24, 3.21949419601e-24, 4.97184200352e-24, 5.03918035368e-24, 5.62385250219e-24, 4.10978387819e-24, 6.01293290014e-24, 4.93469651564e-24, 4.23219931347e-24, 5.00875872173e-24, 5.96449329069e-24, 5.76921826778e-24, 5.01756240943e-24, 5.09106018554e-24, 4.69842399706e-24, 7.05901058098e-24, 6.6424036706e-24, 6.91549784966e-24, 6.30823469697e-24, 6.68740976297e-24], "var": [2.65194876192e-06, 3.71638566321e-06, 1.23271445318e-06, 4.45357215995e-07, 1.98834243292e-07, 8.98559235907e-08, 1.34365237159e-07, 8.34583175902e-08, 3.08890584222e-08, 4.03546742689e-08, 6.38880877091e-08, 8.248425587e-08, 2.80995806179e-07, 2.04320489416e-08, 1.52118264651e-08, 9.69021396457e-09, 8.68514948849e-09, 6.31495389314e-09, 4.58304949547e-09, 3.8650904699e-09, 2.83087442376e-09, 2.10975326098e-09, 1.50523982168e-09, 1.48119838617e-09, 5.4462134802e-10, 5.06979291881e-10, 4.7029813377e-10, 5.15014253466e-10, 7.52048534558e-10, 2.40572395338e-10, 1.88106780152e-10, 1.09903620926e-10, 9.029364062e-11, 8.34672608807e-11, 7.10175113161e-11, 8.95902518838e-11, 1.01830571753e-10, 1.27730201416e-10, 7.46444434041e-11, 1.24113922265e-11]}, "melbands_crest": {"dmean": 3.34855365753, "dmean2": 5.65997934341, "dvar": 9.62454795837, "dvar2": 27.6799030304, "max": 31.7686748505, "mean": 11.7243299484, "median": 10.8956775665, "min": 1.7215899229, "var": 20.7739601135}, "melbands_flatness_db": {"dmean": 0.0275781564415, "dmean2": 0.0425690114498, "dvar": 0.000692517147399, "dvar2": 0.00170639029238, "max": 0.417015343904, "mean": 0.136019185185, "median": 0.132132798433, "min": 0.00463463366032, "var": 0.0019724117592}, "melbands_kurtosis": {"dmean": 3.87773823738, "dmean2": 6.28448534012, "dvar": 99.1413650513, "dvar2": 216.924331665, "max": 431.244598389, "mean": 6.63582134247, "median": 3.56509971619, "min": -1.51087391376, "var": 212.961013794}, "melbands_skewness": {"dmean": 0.588397622108, "dmean2": 0.947559118271, "dvar": 0.445416927338, "dvar2": 1.10415291786, "max": 16.6486625671, "mean": 2.04046845436, "median": 1.83820390701, "min": -0.956491053104, "var": 1.52122020721}, "melbands_spread": {"dmean": 10.8039083481, "dmean2": 17.5639343262, "dvar": 178.001113892, "dvar2": 439.835662842, "max": 245.709945679, "mean": 37.1737556458, "median": 34.4608612061, "min": 1.03831493855, "var": 361.400878906}, "mfcc": {"cov": [[10438.9863281, 615.285400391, -102.678230286, 182.919754028, -39.7911109924, 57.2388496399, 55.6322898865, 45.5715026855, 29.5611972809, -74.0279769897, -144.37461853, -19.3980522156, -50.0189704895], [615.285400391, 826.251403809, -147.836273193, 18.0048027039, 24.5690383911, -36.9422988892, 55.5709648132, -8.21537971497, 7.97237873077, -26.932258606, -61.2316894531, 29.203502655, -8.32953453064], [-102.678230286, -147.836273193, 324.841278076, 37.3600120544, 29.7837924957, 39.4753341675, -30.9958457947, 32.3390655518, -8.47332572937, 17.4654045105, 19.9152297974, 3.04995942116, 10.0070571899], [182.919754028, 18.0048027039, 37.3600120544, 191.343475342, 34.6875686646, 33.0748748779, -17.0456371307, 17.0947742462, 16.2256507874, 4.66402673721, 2.2067091465, 6.11548471451, 16.9418983459], [-39.7911109924, 24.5690383911, 29.7837924957, 34.6875686646, 102.159889221, 25.4527320862, 10.7499094009, 3.92842960358, 12.0450325012, 9.09160518646, 4.51096916199, 8.52851200104, -0.234329894185], [57.2388496399, -36.9422988892, 39.4753341675, 33.0748748779, 25.4527320862, 119.240264893, 28.2626800537, 32.7792129517, -1.06075429916, 16.4352226257, 29.411605835, -10.5356245041, 17.3618717194], [55.6322898865, 55.5709648132, -30.9958457947, -17.0456371307, 10.7499094009, 28.2626800537, 97.1128082275, 20.0938644409, 14.9564180374, 2.84791135788, 4.62198162079, 10.7378482819, 1.67696738243], [45.5715026855, -8.21537971497, 32.3390655518, 17.0947742462, 3.92842960358, 32.7792129517, 20.0938644409, 86.9945678711, 32.5154647827, 9.09126663208, 7.2424120903, 0.768625080585, 22.999753952], [29.5611972809, 7.97237873077, -8.47332572937, 16.2256507874, 12.0450325012, -1.06075429916, 14.9564180374, 32.5154647827, 74.9758605957, 23.4935703278, 3.80701804161, 8.21570396423, 4.15760040283], [-74.0279769897, -26.932258606, 17.4654045105, 4.66402673721, 9.09160518646, 16.4352226257, 2.84791135788, 9.09126663208, 23.4935703278, 71.8539047241, 35.8450965881, 5.5299744606, 0.950529098511], [-144.37461853, -61.2316894531, 19.9152297974, 2.2067091465, 4.51096916199, 29.411605835, 4.62198162079, 7.2424120903, 3.80701804161, 35.8450965881, 77.9550094604, 15.7139873505, 7.85038661957], [-19.3980522156, 29.203502655, 3.04995942116, 6.11548471451, 8.52851200104, -10.5356245041, 10.7378482819, 0.768625080585, 8.21570396423, 5.5299744606, 15.7139873505, 72.4460754395, 10.1414203644], [-50.0189704895, -8.32953453064, 10.0070571899, 16.9418983459, -0.234329894185, 17.3618717194, 1.67696738243, 22.999753952, 4.15760040283, 0.950529098511, 7.85038661957, 10.1414203644, 70.3908615112]], "icov": [[0.00010628237942, -6.94809568813e-05, 3.20590925185e-06, -0.000103880127426, 0.000121598364785, -0.000123678619275, -1.18562174976e-05, -3.26742701873e-05, -4.18409035774e-05, 3.89214583265e-05, 0.000162948956131, -1.54253502842e-05, 0.000119711417938], [-6.94809568813e-05, 0.00155628961511, 0.000618478225078, -0.000249882432399, -0.000532835314516, 0.00041965013952, -0.000755154178478, -0.000173274631379, 0.000389372842619, -0.000219164139708, 0.00109218526632, -0.000682296289597, 3.2786243537e-05], [3.20590925185e-06, 0.000618478225078, 0.00398021098226, -0.000326750800014, -0.00116273143794, -0.000658132543322, 0.00144334184006, -0.0019840458408, 0.00150786049198, -0.00081777718151, 0.0003197157057, -0.000768131401855, 0.000357602402801], [-0.000103880127426, -0.000249882432399, -0.000326750800014, 0.00649841735139, -0.00165249023121, -0.00197668676265, 0.00231619505212, -3.23185558955e-05, -0.00161642942112, 0.000462834403152, 0.000324270367855, -0.000675501825754, -0.00103318493348], [0.000121598364785, -0.000532835314516, -0.00116273143794, -0.00165249023121, 0.0119031304494, -0.00260908273049, -0.000939162680879, 0.00186178693548, -0.00216707913205, -0.000384320679586, 0.000770639337134, -0.00124492950272, 0.000910183647648], [-0.000123678619275, 0.00041965013952, -0.000658132543322, -0.00197668676265, -0.00260908273049, 0.0138899050653, -0.00442442623898, -0.00383659056388, 0.00379316555336, -0.00119818525854, -0.00437938887626, 0.00388234551065, -0.0018233335577], [-1.18562174976e-05, -0.000755154178478, 0.00144334184006, 0.00231619505212, -0.000939162680879, -0.00442442623898, 0.013992681168, -0.0021673606243, -0.00206194375642, 0.000822784320917, 0.000176390865818, -0.00255474215373, 0.00106159958523], [-3.26742701873e-05, -0.000173274631379, -0.0019840458408, -3.23185558955e-05, 0.00186178693548, -0.00383659056388, -0.0021673606243, 0.0181998983026, -0.00832913164049, 0.00148897443432, 6.34954631096e-05, 0.000926580687519, -0.00436518294737], [-4.18409035774e-05, 0.000389372842619, 0.00150786049198, -0.00161642942112, -0.00216707913205, 0.00379316555336, -0.00206194375642, -0.00832913164049, 0.0205043349415, -0.00721264025196, 0.00195214035921, -0.00121332216077, 0.000862255110405], [3.89214583265e-05, -0.000219164139708, -0.00081777718151, 0.000462834403152, -0.000384320679586, -0.00119818525854, 0.000822784320917, 0.00148897443432, -0.00721264025196, 0.0210084617138, -0.00919385720044, 0.000919723010156, 0.000829888042063], [0.000162948956131, 0.00109218526632, 0.0003197157057, 0.000324270367855, 0.000770639337134, -0.00437938887626, 0.000176390865818, 6.34954631096e-05, 0.00195214035921, -0.00919385720044, 0.0206959750503, -0.00514760380611, -0.000378330791136], [-1.54253502842e-05, -0.000682296289597, -0.000768131401855, -0.000675501825754, -0.00124492950272, 0.00388234551065, -0.00255474215373, 0.000926580687519, -0.00121332216077, 0.000919723010156, -0.00514760380611, 0.0168214384466, -0.00281371013261], [0.000119711417938, 3.2786243537e-05, 0.000357602402801, -0.00103318493348, 0.000910183647648, -0.0018233335577, 0.00106159958523, -0.00436518294737, 0.000862255110405, 0.000829888042063, -0.000378330791136, -0.00281371013261, 0.0167323630303]], "mean": [-603.923034668, 98.2113342285, -4.24160289764, 19.9541320801, 4.30359888077, 6.73898410797, 4.40812683105, 2.19583058357, 2.39295482635, 0.47482213378, -3.79082655907, 2.0789604187, -0.40403008461]}, "pitch_salience": {"dmean": 0.0697266608477, "dmean2": 0.115181535482, "dvar": 0.0039221434854, "dvar2": 0.010865076445, "max": 0.886275112629, "mean": 0.593027889729, "median": 0.603825211525, "min": 0.116410076618, "var": 0.0085167074576}, "silence_rate_20dB": {"dmean": 0, "dmean2": 0, "dvar": 0, "dvar2": 0, "max": 1, "mean": 1, "median": 1, "min": 1, "var": 0}, "silence_rate_30dB": {"dmean": 0, "dmean2": 0, "dvar": 0, "dvar2": 0, "max": 1, "mean": 1, "median": 1, "min": 1, "var": 0}, "silence_rate_60dB": {"dmean": 0.00494217639789, "dmean2": 0.00988532975316, "dvar": 0.00491625862196, "dvar2": 0.0117661077529, "max": 1, "mean": 0.0661197900772, "median": 0, "min": 0, "var": 0.061754770577}, "spectral_centroid": {"dmean": 334.959289551, "dmean2": 527.632873535, "dvar": 131432.125, "dvar2": 316170.03125, "max": 11555.6064453, "mean": 1887.56591797, "median": 1830.80236816, "min": 389.254058838, "var": 599913.1875}, "spectral_complexity": {"dmean": 5.6665019989, "dmean2": 8.62890434265, "dvar": 31.2391757965, "dvar2": 67.6884689331, "max": 61, "mean": 28.6283855438, "median": 29, "min": 0, "var": 142.622039795}, "spectral_contrast_coeffs": {"dmean": [0.0518695190549, 0.0452198386192, 0.0410622954369, 0.0337064415216, 0.0217110961676, 0.0192399490625], "dmean2": [0.0834256410599, 0.074609965086, 0.0676279962063, 0.0546339601278, 0.0360796265304, 0.0312215015292], "dvar": [0.00178446853533, 0.00124015798792, 0.00105275062378, 0.000725579448044, 0.00030423887074, 0.000297701335512], "dvar2": [0.004636161495, 0.00330577185377, 0.00281174969859, 0.00184687087312, 0.000810959725641, 0.000734661065508], "max": [-0.256403535604, -0.508382260799, -0.481016039848, -0.51694881916, -0.650490343571, -0.618683874607], "mean": [-0.661199748516, -0.751629829407, -0.765937745571, -0.772736489773, -0.790825068951, -0.758133292198], "median": [-0.664632380009, -0.753126561642, -0.770552039146, -0.775522768497, -0.791051447392, -0.752838253975], "min": [-0.970708668232, -0.977380216122, -0.979110836983, -0.972608566284, -0.968152940273, -0.963274776936], "var": [0.00743775255978, 0.00370126869529, 0.00369020318612, 0.00243690144271, 0.00124730530661, 0.0013952490408]}, "spectral_contrast_valleys": {"dmean": [0.384675502777, 0.34905564785, 0.338205605745, 0.346900135279, 0.328279674053, 0.422383069992], "dmean2": [0.620913147926, 0.57776248455, 0.545784831047, 0.523679196835, 0.493139058352, 0.574497282505], "dvar": [0.145266458392, 0.107638545334, 0.110847599804, 0.13037545979, 0.145000472665, 0.188519328833], "dvar2": [0.30851534009, 0.244557470083, 0.247384592891, 0.277995526791, 0.312790393829, 0.349481016397], "max": [-5.43598270416, -4.93308448792, -5.1754322052, -5.74359226227, -5.27859067917, -7.11785125732], "mean": [-7.2328338623, -6.6671833992, -7.03312635422, -7.38201093674, -7.07919692993, -9.56192588806], "median": [-6.88740348816, -6.36869001389, -6.71154689789, -7.06993770599, -6.80049419403, -9.28074645996], "min": [-27.8922080994, -27.8611183167, -27.6001739502, -27.5796871185, -27.5111255646, -27.3768310547], "var": [2.99140167236, 2.78941655159, 2.76472187042, 2.6936879158, 2.74902296066, 2.57176303864]}, "spectral_decrease": {"dmean": 1.93749394306e-09, "dmean2": 3.1379094878e-09, "dvar": 5.52776472433e-18, "dvar2": 1.46892321364e-17, "max": 1.28663796235e-28, "mean": -6.5361205337e-09, "median": -6.24735818633e-09, "min": -2.43067912464e-08, "var": 1.22751485321e-17}, "spectral_energy": {"dmean": 0.00805427506566, "dmean2": 0.0130187217146, "dvar": 9.55260547926e-05, "dvar2": 0.000250871264143, "max": 0.100798025727, "mean": 0.0275506563485, "median": 0.0265051554888, "min": 1.00706097261e-20, "var": 0.000215897467569}, "spectral_energyband_high": {"dmean": 0.00121179688722, "dmean2": 0.00196179607883, "dvar": 4.45435125584e-06, "dvar2": 1.10380560727e-05, "max": 0.0401217974722, "mean": 0.00200702948496, "median": 0.00124379352201, "min": 7.04997392688e-21, "var": 6.61246895106e-06}, "spectral_energyband_low": {"dmean": 0.00462112762034, "dmean2": 0.00760692637414, "dvar": 5.17565931659e-05, "dvar2": 0.000141821496072, "max": 0.0747940316796, "mean": 0.00864839646965, "median": 0.00592691078782, "min": 2.02694890811e-23, "var": 7.42803531466e-05}, "spectral_energyband_middle_high": {"dmean": 0.00296003581025, "dmean2": 0.00481408368796, "dvar": 1.45351214087e-05, "dvar2": 3.98197043978e-05, "max": 0.0705120712519, "mean": 0.00845373887569, "median": 0.00721749197692, "min": 1.18473185571e-21, "var": 4.43767603429e-05}, "spectral_energyband_middle_low": {"dmean": 0.00338827795349, "dmean2": 0.00538295926526, "dvar": 1.37737424666e-05, "dvar2": 3.52232345904e-05, "max": 0.0615262575448, "mean": 0.00980575848371, "median": 0.00888418033719, "min": 1.77617068899e-22, "var": 3.96855793952e-05}, "spectral_entropy": {"dmean": 0.15468506515, "dmean2": 0.224182099104, "dvar": 0.0224427320063, "dvar2": 0.0443912036717, "max": 9.82519054413, "mean": 7.94371509552, "median": 7.95971775055, "min": 6.49528217316, "var": 0.0744677186012}, "spectral_flux": {"dmean": 0.0206628665328, "dmean2": 0.0320993177593, "dvar": 0.000539236294571, "dvar2": 0.00112759100739, "max": 0.262210100889, "mean": 0.0899776518345, "median": 0.0884489864111, "min": 6.4719112014e-11, "var": 0.0014807402622}, "spectral_kurtosis": {"dmean": 0.871797740459, "dmean2": 1.43170440197, "dvar": 0.80170494318, "dvar2": 2.14277434349, "max": 14.7907829285, "mean": 3.11490917206, "median": 3.01817202568, "min": -1.25363492966, "var": 2.12111115456}, "spectral_rms": {"dmean": 0.000721240649, "dmean2": 0.00114391709212, "dvar": 6.02848672315e-07, "dvar2": 1.50572498114e-06, "max": 0.00991662964225, "mean": 0.00491483602673, "median": 0.00508514372632, "min": 3.13448312445e-12, "var": 2.72308648164e-06}, "spectral_rolloff": {"dmean": 782.236755371, "dmean2": 1294.57434082, "dvar": 1048667.75, "dvar2": 2339596.75, "max": 19401.4160156, "mean": 2279.34912109, "median": 1959.52148438, "min": 64.599609375, "var": 3112680.25}, "spectral_skewness": {"dmean": 0.153737664223, "dmean2": 0.244475677609, "dvar": 0.0198998041451, "dvar2": 0.0480787195265, "max": 2.61118173599, "mean": 1.30993926525, "median": 1.30826401711, "min": -0.0687941685319, "var": 0.0818070843816}, "spectral_spread": {"dmean": 675477.5625, "dmean2": 963330.625, "dvar": 583357497344, "dvar2": 1069058883580.0, "max": 42237864, "mean": 5069398.5, "median": 4808420, "min": 2450898.25, "var": 5854899732480.0}, "spectral_strongpeak": {"dmean": 0.531480789185, "dmean2": 0.925247609615, "dvar": 0