{"lowlevel": {"average_loudness": 0.475109994411, "barkbands": {"dmean": [3.98345073336e-05, 0.00132902024779, 0.000879532541148, 0.000688276893925, 0.00210292683914, 0.00129625108093, 0.000706700549927, 0.000501281931065, 0.000562191067729, 0.000267863302724, 0.000243038331973, 0.000188503690879, 0.000163957272889, 0.000300149520626, 0.00031105830567, 0.000193957952433, 0.000130856118631, 0.000161158168339, 0.000100752404251, 8.50045544212e-05, 3.86627652915e-05, 3.99010750698e-05, 2.89166073344e-05, 2.87794609903e-05, 2.48223932431e-05, 2.13189341594e-05, 9.30795522436e-06], "dmean2": [6.57313648844e-05, 0.00238470290788, 0.0015109134838, 0.00118811498396, 0.00342518487014, 0.00204495899379, 0.00106842734385, 0.000736522779334, 0.000836176099256, 0.000414687790908, 0.000380796554964, 0.000304246903397, 0.000260309432633, 0.000466194178443, 0.000481112423586, 0.000308522285195, 0.000215279418626, 0.000252988975262, 0.000158246955834, 0.000132099274197, 6.1003229348e-05, 6.22751540504e-05, 4.46413723694e-05, 4.30081126979e-05, 3.70357083739e-05, 3.29982249241e-05, 1.4306153389e-05], "dvar": [1.47293475194e-08, 2.71586795861e-05, 9.51736183197e-06, 2.98424697576e-06, 2.22290964302e-05, 7.16726981409e-06, 3.46516685568e-06, 1.63764957506e-06, 2.25158214562e-06, 4.61448451006e-07, 3.87608736219e-07, 3.59408886652e-07, 1.84936368441e-07, 8.73169597071e-07, 8.15931343823e-07, 2.97742502653e-07, 6.4923646903e-08, 1.4054829478e-07, 4.74724117794e-08, 3.00300335709e-08, 7.2680834684e-09, 1.54182817624e-08, 7.60856000426e-09, 1.53710999484e-08, 4.6889776506e-09, 6.2366174447e-09, 1.83517012697e-09], "dvar2": [3.70314161557e-08, 7.89545301814e-05, 2.67477917077e-05, 8.34534148453e-06, 5.55109945708e-05, 1.89164638869e-05, 8.60113868839e-06, 3.58483202945e-06, 4.91411037729e-06, 1.06857442006e-06, 9.23057370983e-07, 8.68765653195e-07, 3.89777454757e-07, 2.02505339075e-06, 1.80119297966e-06, 6.72881810715e-07, 1.72306670265e-07, 3.20956218047e-07, 1.13126539247e-07, 6.79823415339e-08, 1.66974079008e-08, 3.45592070516e-08, 1.58908850523e-08, 2.98788300768e-08, 9.62750323907e-09, 1.52084780325e-08, 4.36401847992e-09], "max": [0.00251609273255, 0.0857307761908, 0.0534515157342, 0.0489629805088, 0.0876259729266, 0.109474793077, 0.103029064834, 0.0584813319147, 0.045672301203, 0.0283443704247, 0.033958632499, 0.0292458236217, 0.0233095064759, 0.0423251800239, 0.0253908447921, 0.0185598116368, 0.00623949011788, 0.012706826441, 0.00883121974766, 0.00433598738164, 0.00289097521454, 0.00553457718343, 0.0042117969133, 0.00766983767971, 0.00238100718707, 0.00222177314572, 0.00149916857481], "mean": [4.96013635711e-05, 0.00182392762508, 0.00142412481364, 0.00117686635349, 0.00458853878081, 0.0032151308842, 0.00152677414007, 0.000998181523755, 0.00117773620877, 0.00050713843666, 0.000450233084848, 0.000339585007168, 0.000298191880574, 0.000593807024416, 0.000564634276088, 0.000376374286134, 0.000255375955021, 0.000345358334016, 0.000234248960624, 0.000198603083845, 9.36734431889e-05, 8.76326739672e-05, 6.12828298472e-05, 5.73537618038e-05, 4.5331849833e-05, 2.47006883001e-05, 8.99514452612e-06], "median": [4.94299183629e-06, 0.000783395138569, 0.000604601984378, 0.000597038888372, 0.00272042956203, 0.0016600311501, 0.000580581952818, 0.000321848579915, 0.000329990230966, 0.000170951941982, 0.000160121096997, 0.000128266838146, 0.000110588640382, 0.000147217855556, 0.000147347425809, 0.000131973982207, 0.000121230928926, 0.000109404041723, 8.58419152792e-05, 6.72567693982e-05, 3.11488984153e-05, 1.95997836272e-05, 1.46573574966e-05, 1.51965341502e-05, 1.27023831737e-05, 2.87339662464e-06, 6.13203496869e-07], "min": [1.63657543073e-09, 4.06840285905e-08, 1.04818180802e-08, 5.89353499336e-09, 2.6964946187e-07, 4.71427767934e-07, 1.54694726007e-06, 4.12295889873e-07, 5.21434003531e-07, 9.31861094955e-08, 1.51556093897e-07, 1.39438583346e-07, 1.34395449436e-07, 1.72469441395e-07, 3.27601583194e-07, 8.43430711939e-08, 1.04271926205e-07, 7.75400863517e-08, 2.83404233414e-08, 2.40667148432e-08, 3.35071099755e-08, 3.32009157944e-08, 2.45585933811e-08, 1.43297285149e-08, 2.24470735333e-08, 2.74773519493e-08, 4.07049398632e-08], "var": [1.80881922773e-08, 1.99880851142e-05, 8.46659804665e-06, 4.2720307647e-06, 3.94797425542e-05, 2.29759225476e-05, 1.00215684142e-05, 5.33665570401e-06, 7.21538117432e-06, 1.3068579392e-06, 9.60466991273e-07, 9.93123649096e-07, 6.51665573059e-07, 3.35796858053e-06, 2.2032927518e-06, 8.56599513099e-07, 1.64557775406e-07, 4.3634511826e-07, 2.15750290522e-07, 1.1374018527e-07, 2.62762043235e-08, 3.91505672326e-08, 2.05017869348e-08, 3.0462295797e-08, 9.97215732212e-09, 6.35531716142e-09, 1.75652614676e-09]}, "barkbands_crest": {"dmean": 2.12301135063, "dmean2": 3.47592544556, "dvar": 4.11672210693, "dvar2": 11.0421571732, "max": 24.6297683716, "mean": 9.55119991302, "median": 8.81137371063, "min": 2.05230617523, "var": 16.7344150543}, "barkbands_flatness_db": {"dmean": 0.017125306651, "dmean2": 0.0263018347323, "dvar": 0.000333625270287, "dvar2": 0.000744380580727, "max": 0.41460070014, "mean": 0.140222132206, "median": 0.133854359388, "min": 0.0242265891284, "var": 0.00303233764134}, "barkbands_kurtosis": {"dmean": 2.78277373314, "dmean2": 4.45369911194, "dvar": 28.1783390045, "dvar2": 72.1926422119, "max": 134.610168457, "mean": 5.6029086113, "median": 2.63049793243, "min": -1.86894869804, "var": 78.6703491211}, "barkbands_skewness": {"dmean": 0.443982988596, "dmean2": 0.692443549633, "dvar": 0.268340736628, "dvar2": 0.653223097324, "max": 9.08521747589, "mean": 1.69703257084, "median": 1.57489144802, "min": -1.96842181683, "var": 1.36859405041}, "barkbands_spread": {"dmean": 3.812687397, "dmean2": 5.82222318649, "dvar": 28.3376903534, "dvar2": 58.9631576538, "max": 83.7871627808, "mean": 17.4212760925, "median": 15.5332365036, "min": 0.501222550869, "var": 129.429962158}, "dissonance": {"dmean": 0.0176730751991, "dmean2": 0.0296535808593, "dvar": 0.000287096307147, "dvar2": 0.0007874884177, "max": 0.5, "mean": 0.459057062864, "median": 0.465402454138, "min": 0.195512413979, "var": 0.000974764232524}, "dynamic_complexity": 2.99341034889, "erbbands": {"dmean": [0.0273928493261, 0.342310249805, 0.989594101906, 1.53554618359, 5.0549993515, 8.13512420654, 8.53699302673, 11.4836893082, 9.48312473297, 11.7462625504, 10.625374794, 12.7198705673, 9.91905784607, 6.6243724823, 9.23655605316, 7.31013965607, 7.03704452515, 12.3319263458, 15.9288063049, 12.112452507, 9.66961669922, 6.77147865295, 9.17013454437, 5.02612161636, 4.88183164597, 4.18397474289, 1.77395486832, 1.58423268795, 1.46731293201, 1.11122357845, 0.798069775105, 0.64585763216, 0.443105131388, 0.283369362354, 0.184932276607, 0.0954713970423, 0.0376222357154, 0.00969756767154, 0.00152422126848, 0.000102278994746], "dmean2": [0.0486056543887, 0.619986712933, 1.72060966492, 2.61678338051, 8.32660961151, 13.2803230286, 13.6303291321, 17.948425293, 14.2111463547, 17.2393684387, 15.6450643539, 18.9202632904, 14.940114975, 10.2747058868, 14.3179702759, 11.647646904, 11.1563892365, 18.9078884125, 24.3167476654, 18.8528289795, 15.2898607254, 10.8568058014, 14.1688451767, 7.80494403839, 7.57080793381, 6.522315979, 2.76963043213, 2.49964952469, 2.2724750042, 1.72473156452, 1.2463157177, 0.992323815823, 0.659387350082, 0.422644555569, 0.279884874821, 0.146695762873, 0.0586806945503, 0.0150057263672, 0.00234931544401, 0.000157346046763], "dvar": [0.0104357395321, 1.82851970196, 13.4570398331, 14.0489034653, 260.741394043, 263.697509766, 239.65184021, 694.911743164, 666.371520996, 983.42755127, 927.770385742, 1271.86120605, 653.250976563, 227.871673584, 567.310302734, 549.70916748, 359.489776611, 1615.87646484, 2231.99560547, 1029.22485352, 799.74822998, 171.929641724, 483.393493652, 116.010398865, 120.981216431, 84.9623718262, 12.573384285, 17.60131073, 21.9678115845, 10.1432600021, 6.30300092697, 8.73686218262, 3.38207387924, 0.724615454674, 0.265203744173, 0.10657171905, 0.0215164162219, 0.0015829410404, 4.75473607366e-05, 2.32656901744e-07], "dvar2": [0.029864301905, 5.33787250519, 38.14012146, 38.9382095337, 645.92980957, 712.262939453, 618.911376953, 1784.96679688, 1676.16918945, 2178.80688477, 2108.7956543, 2864.75561523, 1467.52380371, 543.703491211, 1312.67175293, 1289.01525879, 777.981384277, 3526.19116211, 4999.68652344, 2348.90380859, 1755.16418457, 453.077697754, 1079.38891602, 271.037719727, 293.053833008, 197.624435425, 28.818107605, 40.7863044739, 48.0347175598, 22.0293712616, 13.6251325607, 18.0668525696, 6.56779289246, 1.37122762203, 0.587223172188, 0.257684797049, 0.0531325787306, 0.00376571156085, 0.000112922331027, 5.55024371351e-07], "max": [1.71726310253, 21.1249542236, 65.1189422607, 79.5516052246, 352.045043945, 363.330322266, 351.52911377, 1116.68811035, 1146.03881836, 1521.29785156, 1666.93212891, 1347.20141602, 943.471191406, 496.357879639, 1649.03173828, 1400.29602051, 1126.03369141, 1855.79187012, 1619.94628906, 1037.97412109, 1124.84838867, 378.424041748, 825.758422852, 363.108947754, 357.548126221, 252.665054321, 95.4817199707, 152.280944824, 191.802337646, 150.731430054, 119.726249695, 184.369812012, 117.640045166, 38.0229759216, 17.53175354, 8.96305274963, 3.78483343124, 1.05839669704, 0.240415349603, 0.017362523824], "mean": [0.0366009920835, 0.465961456299, 1.5792671442, 2.88031768799, 9.14322948456, 17.1852264404, 19.4074802399, 28.3665027618, 22.1236515045, 24.9117107391, 23.5860652924, 26.6818847656, 20.0612468719, 14.0429973602, 18.4248752594, 14.3324728012, 14.3315505981, 26.761302948, 31.4087791443, 25.0610198975, 20.074754715, 15.2839288712, 19.8843765259, 12.476017952, 12.2164669037, 9.82879543304, 4.54978179932, 3.5710504055, 3.18032050133, 2.45186018944, 1.6688028574, 1.26741695404, 0.880441308022, 0.551965117455, 0.299396365881, 0.121244959533, 0.0420061685145, 0.0100458962843, 0.00147332600318, 0.000117915282317], "median": [0.0107023315504, 0.20310933888, 0.697223484516, 1.5882294178, 4.94239330292, 9.29508209229, 11.1999387741, 13.9591236115, 9.83615016937, 9.25273227692, 7.98785400391, 7.52431058884, 7.21127223969, 5.97298145294, 6.83075284958, 5.83385562897, 5.8527507782, 7.54967832565, 8.09898090363, 8.46787548065, 7.79276847839, 7.03651237488, 6.67111682892, 4.97313690186, 4.47006177902, 3.28874969482, 1.79474401474, 1.03902971745, 0.714671850204, 0.547585189342, 0.403710752726, 0.290404886007, 0.256549566984, 0.171427309513, 0.0659181699157, 0.0157069154084, 0.00502296397462, 0.000975063652731, 0.000102478603367, 3.06149740936e-05], "min": [1.62916569479e-06, 7.96494623501e-06, 2.38194588746e-05, 0.000104553982965, 0.000387711334042, 0.00110379967373, 0.00364052178338, 0.00573433469981, 0.0288782287389, 0.011791232042, 0.0139512065798, 0.0161339342594, 0.0188367515802, 0.0173299647868, 0.0192308649421, 0.00785566214472, 0.00919527187943, 0.0098838834092, 0.0130227655172, 0.0135808680207, 0.00523273833096, 0.00509973242879, 0.00508535280824, 0.00164809124544, 0.00176549481694, 0.00106406270061, 0.00123073544819, 0.00224510091357, 0.00118730776012, 0.000879470549989, 0.000672637543175, 0.000374776253011, 0.000244710507104, 0.000257255131146, 0.000161620351719, 0.000104222082882, 5.95740857534e-05, 3.66241038137e-05, 6.54046289128e-06, 1.36293203923e-06], "var": [0.00784407835454, 1.3374247551, 11.3671331406, 19.5152702332, 318.217376709, 569.715393066, 669.191162109, 2184.38623047, 1654.89624023, 3038.70288086, 3400.72851563, 4143.18017578, 1897.7767334, 688.790161133, 1696.09265137, 1524.79907227, 1316.1541748, 6479.21435547, 6884.18603516, 3033.34326172, 2261.68774414, 538.950073242, 1443.61083984, 507.303039551, 549.305725098, 298.265960693, 54.5194396973, 48.1610069275, 55.7295761108, 28.3524150848, 15.4486780167, 16.7407989502, 6.48142671585, 1.61953353882, 0.486288756132, 0.123141594231, 0.0207570772618, 0.00155890302267, 4.55948102172e-05, 2.21371180942e-07]}, "erbbands_crest": {"dmean": 2.24448823929, "dmean2": 3.59910607338, "dvar": 4.45282697678, "dvar2": 11.1142501831, "max": 32.0587387085, "mean": 9.06787872314, "median": 8.09136486053, "min": 2.55572342873, "var": 16.6121482849}, "erbbands_flatness_db": {"dmean": 0.0154616320506, "dmean2": 0.0221564248204, "dvar": 0.00028515883605, "dvar2": 0.000520278757904, "max": 0.367923557758, "mean": 0.16704197228, "median": 0.167942911386, "min": 0.0439974218607, "var": 0.00205835374072}, "erbbands_kurtosis": {"dmean": 0.901778936386, "dmean2": 1.42148518562, "dvar": 4.64253234863, "dvar2": 10.7880067825, "max": 92.8086700439, "mean": 0.860454976559, "median": -0.159554123878, "min": -1.86414456367, "var": 19.4745140076}, "erbbands_skewness": {"dmean": 0.317717313766, "dmean2": 0.486256450415, "dvar": 0.100897371769, "dvar2": 0.225049287081, "max": 7.89060163498, "mean": 0.625670552254, "median": 0.498083889484, "min": -2.74026298523, "var": 0.801976203918}, "erbbands_spread": {"dmean": 6.00612926483, "dmean2": 9.13801956177, "dvar": 50.5731658936, "dvar2": 103.080200195, "max": 139.058258057, "mean": 35.0869979858, "median": 32.6387138367, "min": 1.2699187994, "var": 257.950653076}, "gfcc": {"cov": [[4067.01123047, -954.139160156, -119.335037231, 319.584594727, 44.5370674133, 455.063720703, 97.9963989258, 316.048461914, -83.1167144775, 95.2802429199, 13.2530632019, -21.2484302521, -27.6677474976], [-954.139160156, 2348.33007813, 582.415649414, 187.71887207, 238.225982666, -425.074676514, -48.7573394775, -135.773681641, 42.606754303, -111.839546204, 133.018081665, -227.576507568, 61.1797790527], [-119.335037231, 582.415649414, 1106.72595215, 212.270675659, 58.3006057739, -74.6958312988, -23.0103607178, -115.152809143, 15.7026586533, 42.9615592957, -7.79240942001, 25.7177276611, -4.28527355194], [319.584594727, 187.71887207, 212.270675659, 364.18182373, 60.3645782471, 21.0406265259, 0.11654599756, 9.09680080414, 29.2045288086, 18.9851226807, 7.36238431931, -12.3520393372, 29.1462345123], [44.5370674133, 238.225982666, 58.3006057739, 60.3645782471, 259.061279297, -10.0604038239, 21.4627037048, 33.3124504089, 16.5325984955, 0.06750331074, 21.7988185883, -22.9029026031, 0.515907406807], [455.063720703, -425.074676514, -74.6958312988, 21.0406265259, -10.0604038239, 306.76449585, 115.750801086, 54.6838340759, -2.56385564804, 38.8073005676, -15.9443540573, 45.4426879883, -34.0923728943], [97.9963989258, -48.7573394775, -23.0103607178, 0.11654599756, 21.4627037048, 115.750801086, 176.187698364, 36.4584693909, 9.34979343414, 16.8675022125, 2.40449118614, 21.6048202515, -26.2302112579], [316.048461914, -135.773681641, -115.152809143, 9.09680080414, 33.3124504089, 54.6838340759, 36.4584693909, 155.295501709, 20.0116539001, 13.8359050751, 14.4590759277, -20.37849617, 9.52535057068], [-83.1167144775, 42.606754303, 15.7026586533, 29.2045288086, 16.5325984955, -2.56385564804, 9.34979343414, 20.0116539001, 93.0102462769, 29.559053421, -2.12602472305, 0.31981292367, 3.18459248543], [95.2802429199, -111.839546204, 42.9615592957, 18.9851226807, 0.06750331074, 38.8073005676, 16.8675022125, 13.8359050751, 29.559053421, 88.4451904297, 15.2440137863, 22.5377426147, -9.35634899139], [13.2530632019, 133.018081665, -7.79240942001, 7.36238431931, 21.7988185883, -15.9443540573, 2.40449118614, 14.4590759277, -2.12602472305, 15.2440137863, 88.3710861206, 4.19078683853, 8.48824310303], [-21.2484302521, -227.576507568, 25.7177276611, -12.3520393372, -22.9029026031, 45.4426879883, 21.6048202515, -20.37849617, 0.31981292367, 22.5377426147, 4.19078683853, 112.606407166, 11.1842374802], [-27.6677474976, 61.1797790527, -4.28527355194, 29.1462345123, 0.515907406807, -34.0923728943, -26.2302112579, 9.52535057068, 3.18459248543, -9.35634899139, 8.48824310303, 11.1842374802, 76.3476028442]], "icov": [[0.000415959162638, 0.000137949115015, -5.05934403918e-05, -0.000391687004594, -3.17163103318e-05, -0.00037953411811, 0.000136557777296, -0.000632889801636, 0.000609110342339, -0.000185372075066, -0.00017938487872, 0.000367795495549, 6.1441467551e-05], [0.000137949115015, 0.00156664685346, -0.000673457456287, -0.00026793483994, -0.000725825026166, 0.00109495350625, -0.00127416918986, 0.00137383653782, -0.000942264567129, 0.00160149100702, -0.00256158900447, 0.00311612267978, -0.00119236530736], [-5.05934403918e-05, -0.000673457456287, 0.00149084650911, -0.000611244875472, 7.06970167812e-05, -6.87609353918e-05, 0.00043572334107, 0.000222518850933, 0.000549983175006, -0.00139582518023, 0.00137819594238, -0.00163439440075, 0.00082130782539], [-0.000391687004594, -0.00026793483994, -0.000611244875472, 0.00394967989996, -0.000464176497189, -0.000616959587205, 0.000200136069907, 0.000475000735605, -0.00130021956284, -0.000182517498615, 0.000151915781316, 0.000370089604985, -0.00177146785427], [-3.17163103318e-05, -0.000725825026166, 7.06970167812e-05, -0.000464176497189, 0.00473540881649, -0.000200382550247, -3.78250078938e-05, -0.00158739520703, -2.53361376963e-05, -0.000195382061065, 0.00018545408966, -0.000832403602544, 0.000893312681001], [-0.00037953411811, 0.00109495350625, -6.87609353918e-05, -0.000616959587205, -0.000200382550247, 0.00690221926197, -0.00388837954961, 0.000230083984206, -3.78790027753e-05, -0.000213320803596, -0.000237447035033, 9.47397984419e-06, 0.000936028838623], [0.000136557777296, -0.00127416918986, 0.00043572334107, 0.000200136069907, -3.78250078938e-05, -0.00388837954961, 0.0093438141048, -0.00264921574853, 0.000289758812869, -0.000789193378296, 0.00142175366636, -0.00353871798143, 0.00307473842986], [-0.000632889801636, 0.00137383653782, 0.000222518850933, 0.000475000735605, -0.00158739520703, 0.000230083984206, -0.00264921574853, 0.0115721039474, -0.00355618260801, 0.000862231536303, -0.00349126965739, 0.00519585609436, -0.00385856209323], [0.000609110342339, -0.000942264567129, 0.000549983175006, -0.00130021956284, -2.53361376963e-05, -3.78790027753e-05, 0.000289758812869, -0.00355618260801, 0.0148976407945, -0.00643245968968, 0.00355971325189, -0.00168069521897, 0.000470269122161], [-0.000185372075066, 0.00160149100702, -0.00139582518023, -0.000182517498615, -0.000195382061065, -0.000213320803596, -0.000789193378296, 0.000862231536303, -0.00643245968968, 0.0175322070718, -0.00591455819085, 0.000466944737127, 0.00117422058247], [-0.00017938487872, -0.00256158900447, 0.00137819594238, 0.000151915781316, 0.00018545408966, -0.000237447035033, 0.00142175366636, -0.00349126965739, 0.00355971325189, -0.00591455819085, 0.0170464776456, -0.00583101948723, 0.000909472582862], [0.000367795495549, 0.00311612267978, -0.00163439440075, 0.000370089604985, -0.000832403602544, 9.47397984419e-06, -0.00353871798143, 0.00519585609436, -0.00168069521897, 0.000466944737127, -0.00583101948723, 0.0178607665002, -0.00629177736118], [6.1441467551e-05, -0.00119236530736, 0.00082130782539, -0.00177146785427, 0.000893312681001, 0.000936028838623, 0.00307473842986, -0.00385856209323, 0.000470269122161, 0.00117422058247, 0.000909472582862, -0.00629177736118, 0.0176926739514]], "mean": [-17.9687385559, 94.8903121948, -116.666412354, 20.2790546417, -56.9314956665, -3.63388562202, -46.0081291199, 2.76419711113, -25.0055046082, -0.330082833767, -14.7398481369, -2.98472094536, -8.31915569305]}, "hfc": {"dmean": 3.49962997437, "dmean2": 5.23624801636, "dvar": 29.6500167847, "dvar2": 65.1504364014, "max": 123.961181641, "mean": 15.2507324219, "median": 10.6009521484, "min": 0.294312417507, "var": 222.488616943}, "melbands": {"dmean": [0.000307314068777, 0.000495953776408, 0.000350967049599, 0.000475860753795, 0.00030486821197, 0.000250541605055, 0.000145287020132, 0.000122269775602, 9.22675681068e-05, 7.82381903264e-05, 5.02455295646e-05, 2.78404259006e-05, 3.29215945385e-05, 2.32504553423e-05, 1.80333936441e-05, 1.65024339367e-05, 2.64903283096e-05, 2.86863978545e-05, 2.15806412598e-05, 1.45304247781e-05, 1.19110391097e-05, 7.50074559619e-06, 9.28617009777e-06, 7.50410936234e-06, 4.26592350777e-06, 3.98970587412e-06, 3.50020263795e-06, 2.94664778266e-06, 1.30370926854e-06, 9.19315482406e-07, 1.04866603579e-06, 9.49467278133e-07, 7.45493196064e-07, 6.12719702531e-07, 4.89041156015e-07, 4.36875751575e-07, 4.20064878881e-07, 3.57932606221e-07, 2.56329400372e-07, 2.52545390822e-07], "dmean2": [0.000547805335373, 0.000876388454344, 0.000592459109612, 0.000780338421464, 0.000486996228574, 0.000392594258301, 0.000218994027819, 0.000178008704097, 0.000135866546771, 0.00011716386507, 7.57815869292e-05, 4.30176369264e-05, 5.1127273764e-05, 3.71632668248e-05, 2.85092264676e-05, 2.57629817497e-05, 4.08242522099e-05, 4.40859985247e-05, 3.29142276314e-05, 2.30200130318e-05, 1.88703816093e-05, 1.23001182146e-05, 1.4595923858e-05, 1.16618693937e-05, 6.73877502777e-06, 6.27316467217e-06, 5.45606280866e-06, 4.65840685138e-06, 2.06572553907e-06, 1.47122966609e-06, 1.67698885889e-06, 1.50044684233e-06, 1.17411843803e-06, 9.60030433816e-07, 7.75721048285e-07, 6.95749463375e-07, 6.45062868898e-07, 5.44208376141e-07, 3.86825831811e-07, 3.81322536214e-07], "dvar": [1.40937049764e-06, 3.58685929314e-06, 7.84415192356e-07, 1.35767140819e-06, 2.65469708438e-07, 3.17144667861e-07, 1.4648259139e-07, 9.45089482229e-08, 6.94392596756e-08, 4.46624355277e-08, 1.65702349619e-08, 4.09502298737e-09, 7.20187065539e-09, 4.99781238616e-09, 3.57294949183e-09, 2.0606665263e-09, 8.05092170708e-09, 7.64977947654e-09, 4.23533297322e-09, 1.6442289752e-09, 1.33757860343e-09, 2.53682408413e-10, 4.50083414982e-10, 3.29981347802e-10, 9.26639737164e-11, 8.36174185448e-11, 5.94775964591e-11, 4.72942865426e-11, 7.59474080847e-12, 3.97565183899e-12, 8.94711388311e-12, 9.45530806429e-12, 5.31548286289e-12, 3.1551605946e-12, 2.1063133876e-12, 3.4195129367e-12, 3.73481757673e-12, 2.34775480307e-12, 6.48689814971e-13, 6.05953113207e-13], "dvar2": [4.07731204177e-06, 1.02698923001e-05, 2.09416771213e-06, 3.39785469805e-06, 6.93647280059e-07, 8.27802637104e-07, 3.81673942229e-07, 2.04844397445e-07, 1.57137719725e-07, 1.01414165954e-07, 3.72693946815e-08, 9.57212087371e-09, 1.66784488442e-08, 1.24958292602e-08, 8.26136314913e-09, 4.23620605261e-09, 1.77176762151e-08, 1.68791256527e-08, 8.6871736471e-09, 3.84336695802e-09, 2.81767742472e-09, 7.10847658514e-10, 1.02390995682e-09, 7.21149195915e-10, 2.25864105197e-10, 2.01795871679e-10, 1.39146777434e-10, 1.13042360195e-10, 1.74878930781e-11, 9.54989906599e-12, 2.12090883051e-11, 2.15377299329e-11, 1.18572157301e-11, 7.0376946458e-12, 4.59797651342e-12, 8.1355660056e-12, 7.58601775147e-12, 4.72775464611e-12, 1.26784943221e-12, 1.1767441405e-12], "max": [0.0202787276357, 0.0302964244038, 0.0210128892213, 0.0230055749416, 0.011707351543, 0.0256185866892, 0.0157284922898, 0.0134531985968, 0.0137040885165, 0.00771620916203, 0.00486639747396, 0.00235728523694, 0.00484752329066, 0.00416785106063, 0.00286826421507, 0.00274189701304, 0.00432657869533, 0.00304892426357, 0.00214098556899, 0.00183720036875, 0.00160938198678, 0.000530494784471, 0.000768196827266, 0.00046506311628, 0.000313150230795, 0.000321310159052, 0.000242391441134, 0.00019348989008, 7.3598101153e-05, 4.70783088531e-05, 0.000115474154882, 0.000121843600937, 0.000100129596831, 8.16588581074e-05, 5.51181074115e-05, 0.000120931974379, 0.000122371988255, 9.91268607322e-05, 4.42378332082e-05, 3.68525579688e-05], "mean": [0.000419404299464, 0.000782706076279, 0.000673637201544, 0.000962779216934, 0.000727810023818, 0.000630269816611, 0.00033626408549, 0.000258463784121, 0.000198945897864, 0.000161962598213, 9.71133558778e-05, 5.49485848751e-05, 6.24935346423e-05, 4.33405584772e-05, 3.2107320294e-05, 3.09140159516e-05, 5.34002028871e-05, 5.16981672263e-05, 3.9709979319e-05, 2.76640494121e-05, 2.24387513299e-05, 1.47246892084e-05, 1.85097560461e-05, 1.56220557983e-05, 9.34398394747e-06, 8.95194898476e-06, 8.12109374237e-06, 6.15887438471e-06, 2.92332606477e-06, 2.06826143767e-06, 2.10195776162e-06, 1.88605361018e-06, 1.53059727381e-06, 1.27713894926e-06, 9.82584424492e-07, 8.06138700682e-07, 7.79430934017e-07, 6.53214442536e-07, 5.1694485137e-07, 4.48024792377e-07], "median": [0.000169919105247, 0.000363528321031, 0.000396110437578, 0.000554847065359, 0.000436641072156, 0.000317039142828, 0.000149775471073, 9.21560786082e-05, 6.02592626819e-05, 4.5543332817e-05, 3.36048578902e-05, 2.1683423256e-05, 2.27284144785e-05, 1.56684782269e-05, 1.34162255563e-05, 1.14992499221e-05, 1.33105213536e-05, 1.21294515338e-05, 1.10726905405e-05, 9.7408919828e-06, 8.10114124761e-06, 6.79884533383e-06, 6.28536963632e-06, 4.92260005558e-06, 3.45363991983e-06, 3.1321296774e-06, 2.61695709014e-06, 1.90452931292e-06, 1.03800698525e-06, 7.19125182513e-07, 5.17246917298e-07, 4.07252940704e-07, 3.23527757473e-07, 2.78090993788e-07, 2.34493498397e-07, 1.85508511663e-07, 1.63793657748e-07, 1.706173407e-07, 1.66018480741e-07, 1.31191882247e-07], "min": [1.10262563524e-08, 9.6901757729e-09, 3.11208907533e-08, 2.91678166064e-08, 1.44329433738e-07, 9.24312359984e-08, 4.20853382366e-07, 1.16649871984e-07, 1.07753969303e-07, 6.57900400824e-08, 3.15197112855e-08, 3.96428170291e-08, 3.61428185158e-08, 3.3991579329e-08, 1.25217161084e-08, 2.40349233849e-08, 1.60932351889e-08, 1.86623108078e-08, 2.99391693659e-08, 7.62462892823e-09, 6.20516615868e-09, 6.537038022e-09, 2.82681833497e-09, 4.17466905489e-09, 8.71430594351e-10, 1.39080147399e-09, 9.01890284677e-10, 6.71550370868e-10, 6.81823209003e-10, 6.97348789824e-10, 7.04361124981e-10, 5.24397913981e-10, 5.47537126749e-10, 4.77723083314e-10, 4.31466862238e-10, 2.75670819505e-10, 1.85108497974e-10, 1.6596198027e-10, 1.85637394345e-10, 2.04815928107e-10], "var": [1.02841408989e-06, 2.89979038826e-06, 1.03805462004e-06, 2.12475379158e-06, 7.93115816577e-07, 1.00059344277e-06, 3.73523704411e-07, 3.09108230567e-07, 2.56701810031e-07, 1.41751115734e-07, 4.59599860392e-08, 1.15626779262e-08, 1.95481657528e-08, 1.6096540989e-08, 7.65924212942e-09, 7.12412573378e-09, 3.18826636203e-08, 2.15032009976e-08, 1.10021751709e-08, 4.53366144626e-09, 3.50025941565e-09, 6.01350358398e-10, 1.25676291596e-09, 9.95909577028e-10, 3.32785771162e-10, 3.4088018519e-10, 2.29830487974e-10, 1.37001965328e-10, 2.66414425243e-11, 1.19852027608e-11, 2.10148374397e-11, 2.14138897586e-11, 1.27548588011e-11, 8.4028244432e-12, 5.27757134869e-12, 5.79637423129e-12, 7.09097971313e-12, 4.27001272882e-12, 1.38624311682e-12, 1.25496390623e-12]}, "melbands_crest": {"dmean": 2.49650406837, "dmean2": 4.09647321701, "dvar": 5.7806763649, "dvar2": 15.3875494003, "max": 31.3505592346, "mean": 11.8169736862, "median": 11.0067014694, "min": 2.41335320473, "var": 20.6602268219}, "melbands_flatness_db": {"dmean": 0.0194296836853, "dmean2": 0.0298726987094, "dvar": 0.000475218053907, "dvar2": 0.00108169170562, "max": 0.53701788187, "mean": 0.206045806408, "median": 0.203371226788, "min": 0.0194660387933, "var": 0.00547870667651}, "melbands_kurtosis": {"dmean": 5.19528007507, "dmean2": 8.36111354828, "dvar": 105.666679382, "dvar2": 270.847381592, "max": 232.194732666, "mean": 12.1228590012, "median": 8.09470176697, "min": -1.59731674194, "var": 203.470169067}, "melbands_skewness": {"dmean": 0.53749614954, "dmean2": 0.845915794373, "dvar": 0.43684104085, "dvar2": 1.06686866283, "max": 11.2460575104, "mean": 2.44158196449, "median": 2.30283689499, "min": -1.31192791462, "var": 1.72769808769}, "melbands_spread": {"dmean": 4.53705024719, "dmean2": 7.02167463303, "dvar": 38.7055511475, "dvar2": 87.7403259277, "max": 165.136489868, "mean": 19.6558475494, "median": 15.9063606262, "min": 0.833555161953, "var": 219.092697144}, "mfcc": {"cov": [[4374.70410156, -1244.40112305, -271.428344727, -152.329406738, 66.1119537354, 82.0110321045, 313.383392334, 201.243011475, 130.375167847, 167.68737793, 138.28968811, 23.1500816345, 6.93887996674], [-1244.40112305, 1990.39929199, 393.88861084, 471.247314453, 224.816894531, -159.609939575, -0.594091951847, -152.266983032, -104.700241089, 27.6516513824, -32.7563514709, -59.1622695923, -8.7431268692], [-271.428344727, 393.88861084, 901.40423584, 280.360137939, 80.1697845459, 115.523475647, -25.0920505524, -67.0465011597, 11.6522521973, -64.75756073, -4.19312810898, 44.7565612793, 19.7692832947], [-152.329406738, 471.247314453, 280.360137939, 427.664031982, 157.170654297, -6.71407461166, -16.3785514832, -56.8500862122, 6.69570684433, 6.47522592545, -36.145488739, 14.7425498962, 26.6002941132], [66.1119537354, 224.816894531, 80.1697845459, 157.170654297, 245.364898682, -21.1234874725, 18.3070983887, -17.1973514557, 5.9206867218, 34.1947288513, -5.28182411194, -7.04992675781, 8.14531707764], [82.0110321045, -159.609939575, 115.523475647, -6.71407461166, -21.1234874725, 252.3800354, 36.2736854553, 54.1915969849, 29.5947341919, -17.2668571472, 37.2589912415, 33.2318115234, 8.0510635376], [313.383392334, -0.594091951847, -25.0920505524, -16.3785514832, 18.3070983887, 36.2736854553, 168.813842773, 64.9646530151, 14.4793376923, 29.8384914398, 38.3000183105, 10.8773326874, 8.1283454895], [201.243011475, -152.266983032, -67.0465011597, -56.8500862122, -17.1973514557, 54.1915969849, 64.9646530151, 125.505004883, 40.6804847717, 14.421787262, 24.4591255188, 10.7881450653, 8.11119937897], [130.375167847, -104.700241089, 11.6522521973, 6.69570684433, 5.9206867218, 29.5947341919, 14.4793376923, 40.6804847717, 108.319709778, 31.4568328857, 11.4030952454, 13.3165588379, 6.56990337372], [167.68737793, 27.6516513824, -64.75756073, 6.47522592545, 34.1947288513, -17.2668571472, 29.8384914398, 14.421787262, 31.4568328857, 116.470565796, 37.6144104004, -10.968375206, -8.49376678467], [138.28968811, -32.7563514709, -4.19312810898, -36.145488739, -5.28182411194, 37.2589912415, 38.3000183105, 24.4591255188, 11.4030952454, 37.6144104004, 105.141708374, 20.6494369507, -5.03798484802], [23.1500816345, -59.1622695923, 44.7565612793, 14.7425498962, -7.04992675781, 33.2318115234, 10.8773326874, 10.7881450653, 13.3165588379, -10.968375206, 20.6494369507, 86.2655792236, 36.4845695496], [6.93887996674, -8.7431268692, 19.7692832947, 26.6002941132, 8.14531707764, 8.0510635376, 8.1283454895, 8.11119937897, 6.56990337372, -8.49376678467, -5.03798484802, 36.4845695496, 75.4162139893]], "icov": [[0.000374073511921, 0.000319366401527, -2.4423463401e-05, -0.000186690565897, -0.000164709694218, 0.000152586930199, -0.00063632929232, -1.45544081533e-05, 1.73930438905e-05, -0.00029968880699, -0.000214202183997, 0.000179182956344, 1.0244936675e-05], [0.000319366401527, 0.00112695735879, -0.00024234468583, -0.000927169632632, -0.000253751670243, 0.000584369525313, -0.000860402768012, 0.000299099861877, 0.000733013672289, -0.000455910485471, -0.000429275707575, 0.000716947659384, 2.66825845756e-05], [-2.4423463401e-05, -0.00024234468583, 0.00175018352456, -0.000821102003101, -8.24288144941e-06, -0.00089286029106, 5.4480304243e-05, 0.000855833757669, -0.000675563234836, 0.00114737451077, -0.000405035418225, -0.000422118551796, 0.000168497077539], [-0.000186690565897, -0.000927169632632, -0.000821102003101, 0.00488971546292, -0.00187513639685, -0.00042691436829, 0.000592853117269, 0.000720968819223, -0.000867307826411, -0.000486423668917, 0.00173504580744, -0.00115504220594, -0.00079761951929], [-0.000164709694218, -0.000253751670243, -8.24288144941e-06, -0.00187513639685, 0.00581547338516, 0.000200986018172, -0.000440403877292, 0.000127694671392, -1.14089889394e-05, -0.00119392387569, 0.000133296358399, 0.00061464717146, -0.000388459215173], [0.000152586930199, 0.000584369525313, -0.00089286029106, -0.00042691436829, 0.000200986018172, 0.00560794165358, -0.000696475908626, -0.00190894980915, -0.000289754592814, 0.000953042064793, -0.0016722639557, -0.000509881705511, 0.000365867250366], [-0.00063632929232, -0.000860402768012, 5.4480304243e-05, 0.000592853117269, -0.000440403877292, -0.000696475908626, 0.00937598384917, -0.00421796832234, 0.00088193861302, -0.000698961026501, -0.00118185416795, -0.000651743612252, -0.000618763500825], [-1.45544081533e-05, 0.000299099861877, 0.000855833757669, 0.000720968819223, 0.000127694671392, -0.00190894980915, -0.00421796832234, 0.0134916054085, -0.00395742384717, 0.000669740606099, -0.00048971635988, 0.000515352701768, -0.00111091847066], [1.73930438905e-05, 0.000733013672289, -0.000675563234836, -0.000867307826411, -1.14089889394e-05, -0.000289754592814, 0.00088193861302, -0.00395742384717, 0.0127562014386, -0.00416328478605, 0.000930384034291, -0.00123332731891, 7.77542754804e-06], [-0.00029968880699, -0.000455910485471, 0.00114737451077, -0.000486423668917, -0.00119392387569, 0.000953042064793, -0.000698961026501, 0.000669740606099, -0.00416328478605, 0.0133076515049, -0.00487944250926, 0.00213852594607, 0.000376964861061], [-0.000214202183997, -0.000429275707575, -0.000405035418225, 0.00173504580744, 0.000133296358399, -0.0016722639557, -0.00118185416795, -0.00048971635988, 0.000930384034291, -0.00487944250926, 0.0140354726464, -0.00456428946927, 0.00232341769151], [0.000179182956344, 0.000716947659384, -0.000422118551796, -0.00115504220594, 0.00061464717146, -0.000509881705511, -0.000651743612252, 0.000515352701768, -0.00123332731891, 0.00213852594607, -0.00456428946927, 0.0176069773734, -0.00788690149784], [1.0244936675e-05, 2.66825845756e-05, 0.000168497077539, -0.00079761951929, -0.000388459215173, 0.000365867250366, -0.000618763500825, -0.00111091847066, 7.77542754804e-06, 0.000376964861061, 0.00232341769151, -0.00788690149784, 0.0177006144077]], "mean": [-663.765197754, 131.783096313, -5.63158464432, 21.3590126038, 4.12122344971, -6.35526752472, -7.68415641785, -6.18513536453, -6.46288728714, -1.59820151329, -5.32136631012, -5.75199174881, -2.59646105766]}, "pitch_salience": {"dmean": 0.0581140518188, "dmean2": 0.0948340520263, "dvar": 0.00312110455707, "dvar2": 0.00841966830194, "max": 0.868895232677, "mean": 0.612729907036, "median": 0.621188521385, "min": 0.140797629952, "var": 0.0110669964924}, "silence_rate_20dB": {"dmean": 0, "dmean2": 0, "dvar": 0, "dvar2": 0, "max": 1, "mean": 1, "median": 1, "min": 1, "var": 0}, "silence_rate_30dB": {"dmean": 0.000459347735159, "dmean2": 0.000918765785173, "dvar": 0.00045907284948, "dvar2": 0.00122422364075, "max": 1, "mean": 0.99969381094, "median": 1, "min": 0, "var": 0.000306086702039}, "silence_rate_60dB": {"dmean": 0.0186035837978, "dmean2": 0.0372100137174, "dvar": 0.0182596165687, "dvar2": 0.0448548682034, "max": 1, "mean": 0.0552706122398, "median": 0, "min": 0, "var": 0.0522139891982}, "spectral_centroid": {"dmean": 165.521957397, "dmean2": 252.730117798, "dvar": 40074.3789063, "dvar2": 87610.9296875, "max": 4680.47021484, "mean": 1148.41955566, "median": 992.678466797, "min": 198.641265869, "var": 444512.625}, "spectral_complexity": {"dmean": 2.47236251831, "dmean2": 4.00811576843, "dvar": 5.97547674179, "dvar2": 14.8778820038, "max": 49, "mean": 16.4514274597, "median": 15, "min": 0, "var": 65.805267334}, "spectral_contrast_coeffs": {"dmean": [0.044586583972, 0.0416097603738, 0.0347726009786, 0.0285479743034, 0.0219192374498, 0.0163143295795], "dmean2": [0.0745240673423, 0.0677715837955, 0.0563984848559, 0.0461820736527, 0.0349298417568, 0.0259485132992], "dvar": [0.00146751804277, 0.00113787071314, 0.000762393057812, 0.000550956174266, 0.000357701908797, 0.000218604909605], "dvar2": [0.00394117599353, 0.00298414588906, 0.00192112359218, 0.00132919801399, 0.000808185723145, 0.000533888640348], "max": [-0.216317310929, -0.349532932043, -0.466548442841, -0.505837023258, -0.547615408897, -0.60126376152], "mean": [-0.600799918175, -0.695884764194, -0.756667792797, -0.775600910187, -0.781362116337, -0.776890039444], "median": [-0.604743480682, -0.699062407017, -0.763673782349, -0.789203643799, -0.793272137642, -0.77539306879], "min": [-0.871254324913, -0.936951518059, -0.932639062405, -0.91507768631, -0.895319163799, -0.885146796703], "var": [0.00806661974639, 0.00666810991243, 0.00432901829481, 0.00385744916275, 0.00275755068287, 0.00109256093856]}, "spectral_contrast_valleys": {"dmean": [0.345839083195, 0.293464034796, 0.268522977829, 0.2354041785, 0.205936610699, 0.271737873554], "dmean2": [0.582828760147, 0.48262783885, 0.443907767534, 0.385751247406, 0.322481751442, 0.374362826347], "dvar": [0.103186666965, 0.0566797442734, 0.0511589385569, 0.0432486571372, 0.0525019131601, 0.118204891682], "dvar2": [0.275286525488, 0.151978999376, 0.129863366485, 0.107271544635, 0.112880587578, 0.218649804592], "max": [-5.1673283577, -4.90184402466, -5.20701313019, -5.95141363144, -5.87434053421, -7.48916721344], "mean": [-7.67473268509, -6.76848936081, -7.57024145126, -7.80865049362, -7.80169534683, -10.5149154663], "median": [-7.32611465454, -6.7108464241, -7.46842336655, -7.69642353058, -7.68374729156, -10.4458141327], "min": [-11.9705467224, -9.46125602722, -10.3456344604, -10.939915657, -11.3234529495, -13.4383010864], "var": [1.35825645924, 0.479533016682, 0.578186690807, 0.585212945938, 0.651817500591, 1.10693991184]}, "spectral_decrease": {"dmean": 1.38109468306e-09, "dmean2": 2.25893526107e-09, "dvar": 6.70815973025e-18, "dvar2": 1.82983270281e-17, "max": -1.88699958437e-11, "mean": -5.07132069671e-09, "median": -4.08983424904e-09, "min": -3.94643429047e-08, "var": 1.76513592925e-17}, "spectral_energy": {"dmean": 0.00543918926269, "dmean2": 0.00887090712786, "dvar": 9.99478434096e-05, "dvar2": 0.000271513243206, "max": 0.154258012772, "mean": 0.0205235928297, "median": 0.0164995845407, "min": 0.000102072954178, "var": 0.000283233966911}, "spectral_energyband_high": {"dmean": 0.000184652089956, "dmean2": 0.000274117599474, "dvar": 1.85098983252e-07, "dvar2": 3.84462794045e-07, "max": 0.0142772113904, "mean": 0.000469706719741, "median": 0.00016501553182, "min": 3.32401441483e-07, "var": 6.00947430485e-07}, "spectral_energyband_low": {"dmean": 0.00218722154386, "dmean2": 0.00384260620922, "dvar": 6.30603753962e-05, "dvar2": 0.000179272450623, "max": 0.110160060227, "mean": 0.00376069266349, "median": 0.00192812015302, "min": 1.32445819645e-07, "var": 5.25419854966e-05}, "spectral_energyband_middle_high": {"dmean": 0.0010297652334, "dmean2": 0.00153406406753, "dvar": 3.05343360196e-06, "dvar2": 6.5278341026e-06, "max": 0.0581839457154, "mean": 0.00396513799205, "median": 0.00220744614489, "min": 2.65227481577e-06, "var": 3.06781657855e-05}, "spectral_energyband_middle_low": {"dmean": 0.00377169949934, "dmean2": 0.00599066540599, "dvar": 4.44331453764e-05, "dvar2": 0.000114095069875, "max": 0.149892881513, "mean": 0.0128976516426, "median": 0.00983046833426, "min": 1.01909599834e-05, "var": 0.000138725881698}, "spectral_entropy": {"dmean": 0.140408799052, "dmean2": 0.208559155464, "dvar": 0.0274562314153, "dvar2": 0.0528233721852, "max": 8.70994663239, "mean": 7.36173915863, "median": 7.40524816513, "min": 4.82821369171, "var": 0.293898493052}, "spectral_flux": {"dmean": 0.0159342829138, "dmean2": 0.0256775915623, "dvar": 0.000526642776094, "dvar2": 0.00117729045451, "max": 0.311702281237, "mean": 0.0645095184445, "median": 0.0552397929132, "min": 0.00390004459769, "var": 0.00159300863743}, "spectral_kurtosis": {"dmean": 1.94580149651, "dmean2": 3.29316473007, "dvar": 7.71911144257, "dvar2": 19.7276916504, "max": 86.7525253296, "mean": 6.46693849564, "median": 5.23472642899, "min": -0.96881210804, "var": 26.9664459229}, "spectral_rms": {"dmean": 0.000530597928446, "dmean2": 0.000850480631925, "dvar": 5.48180423721e-07, "dvar2": 1.4235049548e-06, "max": 0.0122676659375, "mean": 0.00413326220587, "median": 0.00401212600991, "min": 0.000315568322549, "var": 2.9391451335e-06}, "spectral_rolloff": {"dmean": 353.818084717, "dmean2": 594.238769531, "dvar": 513407.25, "dvar2": 1187668.875, "max": 12769.1894531, "mean": 1367.44299316, "median": 882.861328125, "min": 107.666015625, "var": 1720106.125}, "spectral_skewness": {"dmean": 0.220666915178, "dmean2": 0.359843939543, "dvar": 0.0603215694427, "dvar2": 0.144280105829, "max": 7.97131538391, "mean": 1.8245934248, "median": 1.70987272263, "min": 0.00361850531772, "var": 0.384685605764}, "spectral_spread": {"dmean": 512780.78125, "dmean2": 731543.6875, "dvar": 526198669312, "dvar2": 981590671360, "max": 14874018, "mean": 415