{"lowlevel": {"average_loudness": 0.931833982468, "barkbands": {"dmean": [3.06709466713e-06, 0.00335347047076, 0.00223121303134, 0.00202127196826, 0.00177298591007, 0.000676812778693, 0.000330703682266, 0.00055917626014, 0.000575538957492, 0.000494764419273, 0.000467713922262, 0.000706782855559, 0.000559827021789, 0.000523448747117, 0.000475694250781, 0.000511286780238, 0.000600490078796, 0.000327664252836, 0.000225941985263, 0.000150507083163, 0.00012214545859, 0.000154125897097, 0.000190056496649, 0.00011073526548, 0.000176879068022, 2.93588891509e-05, 2.31708986576e-06], "dmean2": [4.13362158724e-06, 0.00517321331427, 0.0035493762698, 0.00328300381079, 0.00289397593588, 0.00108835566789, 0.000546930998098, 0.000890000374056, 0.00088705093367, 0.000769234320614, 0.000732176180463, 0.00109136279207, 0.000867105729412, 0.000815201899968, 0.000717101909686, 0.000764615193475, 0.000926553097088, 0.000501255970448, 0.000359569297871, 0.000236470150412, 0.000187845653272, 0.000233494851273, 0.00029169220943, 0.000160258030519, 0.000263085501501, 4.36294212705e-05, 3.69348276763e-06], "dvar": [6.18205278635e-11, 3.14977223752e-05, 1.83776410267e-05, 1.24317311929e-05, 1.90257651411e-05, 1.85485089332e-06, 9.47164721765e-07, 2.23351207751e-06, 1.70780640474e-06, 2.31060380429e-06, 2.4261762519e-06, 3.49053152604e-06, 1.78758727998e-06, 1.71401018179e-06, 1.26531290334e-06, 1.1861798157e-06, 1.57724309702e-06, 5.09054586928e-07, 1.5782829621e-07, 6.8353095628e-08, 3.688014516e-08, 5.13408622282e-08, 1.08782124641e-07, 9.06368242681e-08, 6.84698306941e-08, 6.21228002373e-09, 2.25529109277e-11], "dvar2": [8.47584225028e-11, 7.74373402237e-05, 4.40132389485e-05, 3.04948516714e-05, 4.63046271761e-05, 4.39103951066e-06, 2.12660506804e-06, 5.24044617123e-06, 3.63113554158e-06, 5.54029156774e-06, 5.4104807532e-06, 7.84805342846e-06, 3.63877484233e-06, 3.93617847294e-06, 2.79094024336e-06, 2.51086589742e-06, 3.44332124769e-06, 1.08834342427e-06, 3.78158915737e-07, 1.6294508498e-07, 8.89090827627e-08, 1.13815602276e-07, 2.49026385291e-07, 1.72812903543e-07, 1.51929299363e-07, 1.24592203221e-08, 5.04918225286e-11], "max": [0.000353991548764, 0.0610479786992, 0.0485306717455, 0.0434718616307, 0.0796593651175, 0.032458472997, 0.0256683006883, 0.0325998440385, 0.0258770640939, 0.056725345552, 0.0652969479561, 0.0407612882555, 0.033409550786, 0.0237695872784, 0.0208321977407, 0.0269542727619, 0.0223338101059, 0.028529766947, 0.00991605594754, 0.00558861112222, 0.00337729579769, 0.00450140144676, 0.0143840108067, 0.0101064210758, 0.0058392197825, 0.00326989847235, 0.000142388656968], "mean": [4.5355459406e-06, 0.00579480268061, 0.00311442906968, 0.00312510202639, 0.00301526393741, 0.0010148352012, 0.000424916768679, 0.000728882383555, 0.000889554154128, 0.000763799820561, 0.000637856079265, 0.00113027007319, 0.000813669408672, 0.00074243725976, 0.00079150556121, 0.000932031136472, 0.00105838337913, 0.000648951856419, 0.00046986376401, 0.000342682760675, 0.000300347339362, 0.00033092108788, 0.000385254621506, 0.000247285992373, 0.000298718165141, 5.69566473132e-05, 3.40033034263e-06], "median": [8.73149417657e-07, 0.00313299801201, 0.0015740696108, 0.00170156999957, 0.00147926039062, 0.000446760299383, 0.000161888092407, 0.000146646110807, 0.000270892225672, 0.00017129688058, 0.000123942503706, 0.000208418845432, 0.000224663846893, 0.000228506803978, 0.000221463706112, 0.000275319383945, 0.000403142126743, 0.000318647362292, 0.000245184928644, 0.000155758782057, 0.000140404416015, 0.000232440550462, 0.000240918976488, 6.79368604324e-05, 0.000174053420778, 2.641833089e-05, 1.37296319735e-06], "min": [2.13905427648e-25, 3.96784689653e-24, 1.17902204261e-24, 9.52758393979e-25, 1.34298220637e-23, 1.1660975822e-23, 7.65259291342e-24, 1.82805088372e-23, 2.01463163394e-23, 9.67124616025e-24, 1.50914849853e-23, 3.4515457171e-23, 2.2819199545e-23, 3.84534571208e-23, 4.23046413502e-23, 4.66073727172e-23, 7.35964941627e-23, 1.0465827727e-22, 1.30364982252e-22, 1.23595659539e-22, 2.20401426032e-22, 3.37823056229e-22, 3.90617162104e-22, 5.90061797679e-22, 8.85887413928e-22, 1.23936889212e-21, 2.06141486584e-21], "var": [1.87570958765e-10, 5.46286100871e-05, 2.43730592047e-05, 1.86639044841e-05, 2.50528555625e-05, 3.14328531204e-06, 1.19516153063e-06, 3.94733024223e-06, 3.44518571183e-06, 4.1858647819e-06, 3.81407403438e-06, 8.23615573609e-06, 3.38176664627e-06, 2.55582813224e-06, 2.8800338896e-06, 3.14449471261e-06, 3.62000423593e-06, 1.32246464091e-06, 4.02329675353e-07, 2.29499050874e-07, 1.72312425661e-07, 1.24226872344e-07, 2.42139748252e-07, 2.54038440062e-07, 1.41356892414e-07, 1.41612250815e-08, 4.50304897537e-11]}, "barkbands_crest": {"dmean": 2.56491327286, "dmean2": 4.119535923, "dvar": 5.82420778275, "dvar2": 14.1355113983, "max": 25.9922599792, "mean": 9.08336544037, "median": 8.2767496109, "min": 2.25039696693, "var": 15.6108999252}, "barkbands_flatness_db": {"dmean": 0.0219790246338, "dmean2": 0.0322275348008, "dvar": 0.00043224930414, "dvar2": 0.000898606027476, "max": 0.362765520811, "mean": 0.114725925028, "median": 0.110524654388, "min": 0.0234853792936, "var": 0.00190857890993}, "barkbands_kurtosis": {"dmean": 2.6544213295, "dmean2": 4.01587915421, "dvar": 65.5558624268, "dvar2": 151.889053345, "max": 496.259063721, "mean": 2.77167105675, "median": 0.309784680605, "min": -1.94796025753, "var": 84.261100769}, "barkbands_skewness": {"dmean": 0.61682498455, "dmean2": 0.896021366119, "dvar": 0.492469370365, "dvar2": 0.959417700768, "max": 20.4227180481, "mean": 0.964947521687, "median": 0.816531658173, "min": -5.50755262375, "var": 2.28740024567}, "barkbands_spread": {"dmean": 8.31421756744, "dmean2": 12.7987546921, "dvar": 88.489440918, "dvar2": 201.224197388, "max": 126.092308044, "mean": 33.2978630066, "median": 31.0497398376, "min": 0.693198680878, "var": 315.158966064}, "dissonance": {"dmean": 0.011761018075, "dmean2": 0.0198791362345, "dvar": 0.000223420574912, "dvar2": 0.000588649942074, "max": 0.500000059605, "mean": 0.479594677687, "median": 0.485091298819, "min": 0.21897290647, "var": 0.00042182704783}, "dynamic_complexity": 3.47670698166, "erbbands": {"dmean": [0.0372183322906, 0.932643353939, 2.60744214058, 5.00383663177, 6.42772340775, 5.26350069046, 5.90819263458, 5.49892997742, 4.60331535339, 6.25739765167, 13.1025943756, 11.4887733459, 13.7826108932, 16.5921230316, 17.930934906, 26.7527503967, 22.6303768158, 23.839553833, 23.7360401154, 21.2023639679, 30.0514373779, 31.9823093414, 18.6538829803, 12.0283231735, 10.230881691, 6.75859117508, 5.28679895401, 5.31074666977, 5.89589929581, 3.80609273911, 7.01652908325, 2.80789518356, 1.72099900246, 0.868871688843, 1.93336582184, 0.353751003742, 0.0527444668114, 0.00530376844108, 0.000371744739823, 2.91935139103e-05], "dmean2": [0.0550831370056, 1.44139790535, 4.1063246727, 8.03672122955, 10.6968507767, 8.56195068359, 9.65149307251, 8.7813949585, 7.50487422943, 10.0935201645, 20.5049095154, 17.7211894989, 21.2066078186, 25.4775562286, 27.5520248413, 40.5712509155, 33.814655304, 37.0408172607, 36.0283966064, 31.179485321, 44.5814704895, 49.0170860291, 28.0730190277, 18.7113132477, 16.3386611938, 10.635061264, 8.2062921524, 8.16750812531, 8.9443025589, 5.75707912445, 10.8941373825, 4.18612957001, 2.51339435577, 1.25277304649, 2.92760658264, 0.521771430969, 0.0793101936579, 0.00800029095262, 0.000581597385462, 4.42510572611e-05], "dvar": [0.00335456267931, 2.4922208786, 25.1597957611, 75.9651565552, 245.437133789, 149.067352295, 129.885665894, 153.356658936, 244.281021118, 281.434143066, 1052.1652832, 804.453186035, 1333.54589844, 2429.74780273, 3044.95019531, 4974.78613281, 2582.10717773, 3303.19921875, 3771.46704102, 2712.79394531, 3649.93139648, 4926.56152344, 1544.84277344, 421.148620605, 315.225372314, 137.911682129, 88.6568603516, 56.6331291199, 70.0329666138, 47.5995597839, 140.068405151, 59.1313552856, 19.2891559601, 3.39039874077, 8.7990732193, 0.474861651659, 0.0108004054055, 0.000100358287455, 7.39565791719e-07, 1.72726877246e-09], "dvar2": [0.0073223086074, 6.13882064819, 59.4179649353, 183.111236572, 632.486206055, 357.953369141, 332.170440674, 357.46395874, 519.332580566, 702.873718262, 2341.83862305, 1744.0657959, 2989.44726562, 5328.29101562, 6491.08984375, 10896.6064453, 5258.91699219, 7768.59130859, 8526.15917969, 5779.42724609, 7596.08935547, 10890.2607422, 3244.74365234, 959.534606934, 787.803405762, 330.533599854, 215.622467041, 135.885437012, 155.499008179, 105.760093689, 324.804046631, 122.694503784, 36.6933898926, 6.67511796951, 20.3484573364, 0.999599575996, 0.0233155153692, 0.000210900980164, 1.73547664417e-06, 4.1867029843e-09], "max": [0.66573625803, 17.4454498291, 63.3174591064, 100.912185669, 276.198822021, 216.057342529, 197.712783813, 346.142150879, 523.727233887, 390.198730469, 702.107910156, 621.053344727, 1163.55297852, 1700.80725098, 1752.8815918, 1844.05651855, 1233.70666504, 1204.68151855, 1200.19580078, 1179.7557373, 1042.17407227, 1545.47314453, 1534.61523438, 455.238891602, 361.420013428, 253.139907837, 195.162963867, 125.574775696, 146.554901123, 189.249847412, 468.592773438, 181.254989624, 174.194519043, 59.0157737732, 62.0650749207, 25.5605754852, 3.47266173363, 0.261501848698, 0.0316061340272, 0.000894702388905], "mean": [0.0706553533673, 1.60652041435, 3.97526741028, 7.90801811218, 10.736954689, 8.42982673645, 9.75759792328, 7.8638677597, 6.33448266983, 8.49307441711, 19.2868251801, 17.4753818512, 22.4873847961, 27.7829208374, 28.8432540894, 46.2874565125, 38.1892280579, 37.5195350647, 40.0825576782, 39.7732276917, 57.2847862244, 61.4018096924, 39.483745575, 25.9175624847, 22.4846019745, 15.7323541641, 12.7226724625, 12.5453290939, 12.3879003525, 8.72527599335, 12.9507989883, 6.03488826752, 3.75108456612, 1.92867136002, 2.86658644676, 0.608198285103, 0.0940059795976, 0.00964490976185, 0.000614389951807, 6.8605884735e-05], "median": [0.0265386868268, 0.896399259567, 2.71078491211, 3.66898560524, 5.6780128479, 5.11582422256, 4.09233283997, 3.15508985519, 2.66140341759, 3.03869509697, 5.19463443756, 6.03480482101, 5.93120384216, 7.28888893127, 5.58237552643, 9.32062149048, 12.3056869507, 13.7024402618, 11.8216171265, 12.7524204254, 19.2452850342, 25.2905540466, 19.7281455994, 14.8988323212, 11.274523735, 7.09657764435, 5.46294307709, 7.45767974854, 8.70420074463, 5.18736171722, 8.06756305695, 2.07809948921, 1.0573694706, 0.784521996975, 1.60395550728, 0.354644596577, 0.0476045273244, 0.00446702586487, 0.000278193067061, 5.83073233429e-05], "min": [9.21390799476e-23, 7.34398453196e-22, 1.58146411609e-21, 7.95799044168e-21, 2.8302049282e-20, 3.84800737421e-20, 3.97438635464e-20, 8.37982815871e-20, 9.15783094514e-20, 2.61418541876e-19, 3.45932929229e-19, 4.59592973767e-19, 5.35525724156e-19, 7.85319741787e-19, 1.00531581862e-18, 1.47530040393e-18, 1.1060892681e-18, 1.87357711553e-18, 2.4380381345e-18, 2.10869824156e-18, 3.2418016775e-18, 5.39239868504e-18, 5.99193174839e-18, 5.76793454724e-18, 8.14190899086e-18, 6.40241268275e-18, 8.78458779496e-18, 9.35241502543e-18, 1.09481126015e-17, 1.26711389164e-17, 1.22922959861e-17, 9.85272694713e-18, 9.17062636939e-18, 8.09113747204e-18, 6.73941640406e-18, 3.90710283738e-18, 2.42214964929e-18, 1.05462922482e-18, 2.52599168034e-19, 2.88729008399e-20], "var": [0.00818999391049, 4.19940090179, 33.3865890503, 124.421936035, 292.685516357, 193.998947144, 227.220062256, 246.428375244, 335.967315674, 390.003417969, 2009.99035645, 1329.84997559, 3023.50317383, 4919.92138672, 6143.91796875, 13370.4482422, 6100.87207031, 5195.78613281, 7279.83154297, 6239.06982422, 9903.75683594, 11728.1894531, 4566.21142578, 1081.16931152, 900.186462402, 475.260223389, 347.889923096, 221.303207397, 169.628173828, 122.829864502, 271.663696289, 143.966949463, 56.562625885, 11.3729667664, 13.6173963547, 0.936157643795, 0.0247786808759, 0.000267424999038, 1.44837565585e-06, 3.43535400127e-09]}, "erbbands_crest": {"dmean": 2.57283353806, "dmean2": 4.15650224686, "dvar": 6.47977495193, "dvar2": 15.6402606964, "max": 30.5350055695, "mean": 8.44168186188, "median": 7.38551044464, "min": 2.31654644012, "var": 18.3900604248}, "erbbands_flatness_db": {"dmean": 0.0187810007483, "dmean2": 0.0263211391866, "dvar": 0.000361644284567, "dvar2": 0.000661602360196, "max": 0.387323439121, "mean": 0.139249101281, "median": 0.128030121326, "min": 0.045228343457, "var": 0.00248985667713}, "erbbands_kurtosis": {"dmean": 1.14695489407, "dmean2": 1.74646568298, "dvar": 3.71238636971, "dvar2": 7.54787492752, "max": 88.6923980713, "mean": 0.884271085262, "median": 0.0165312048048, "min": -1.82467544079, "var": 8.26822853088}, "erbbands_skewness": {"dmean": 0.38093110919, "dmean2": 0.560489535332, "dvar": 0.154108092189, "dvar2": 0.30731973052, "max": 7.16582679749, "mean": -0.217341661453, "median": -0.228084146976, "min": -4.11493873596, "var": 0.703243434429}, "erbbands_spread": {"dmean": 10.6284837723, "dmean2": 15.7018060684, "dvar": 133.995758057, "dvar2": 260.551940918, "max": 174.06729126, "mean": 44.1111297607, "median": 39.9349975586, "min": 1.27107679844, "var": 574.461853027}, "gfcc": {"cov": [[26045.375, 1646.3293457, -1419.46350098, 854.089904785, -620.964660645, 345.163757324, -701.710205078, 225.969024658, -589.75378418, -85.8927459717, -383.162689209, -92.0765151978, -293.617340088], [1646.3293457, 1406.37109375, 21.3426570892, 176.620666504, 192.720092773, -86.0634994507, 30.824382782, -72.1540603638, -92.6307907104, -196.394668579, -1.36996889114, -124.330383301, -21.7673416138], [-1419.46350098, 21.3426570892, 1082.68151855, 388.309692383, 123.969589233, -16.5114383698, 116.04599762, -35.6318283081, -96.2854690552, 15.5697164536, -45.9082603455, -60.2727355957, -23.9368743896], [854.089904785, 176.620666504, 388.309692383, 482.31149292, 118.843757629, 8.82037734985, -27.5027046204, -9.36689949036, -44.4223747253, 8.9911403656, -25.5007381439, -80.4761199951, -13.0783586502], [-620.964660645, 192.720092773, 123.969589233, 118.843757629, 384.585418701, 37.2557868958, -5.77803993225, -8.47567844391, 76.1828536987, 16.031036377, -20.60455513, -11.6481924057, 4.37931776047], [345.163757324, -86.0634994507, -16.5114383698, 8.82037734985, 37.2557868958, 205.383087158, 100.126457214, 48.2324142456, 6.42043495178, 19.119890213, -0.151679649949, 34.8016777039, -8.62350654602], [-701.710205078, 30.824382782, 116.04599762, -27.5027046204, -5.77803993225, 100.126457214, 277.447357178, 77.2266082764, -31.182767868, -28.9652137756, 36.2235145569, 19.0939254761, -3.31693911552], [225.969024658, -72.1540603638, -35.6318283081, -9.36689949036, -8.47567844391, 48.2324142456, 77.2266082764, 135.238098145, 53.1372070312, 29.6953163147, 7.336769104, 17.5739421844, -7.46806907654], [-589.75378418, -92.6307907104, -96.2854690552, -44.4223747253, 76.1828536987, 6.42043495178, -31.182767868, 53.1372070312, 178.471328735, 73.5448150635, 2.73820257187, 10.4352350235, 15.3796234131], [-85.8927459717, -196.394668579, 15.5697164536, 8.9911403656, 16.031036377, 19.119890213, -28.9652137756, 29.6953163147, 73.5448150635, 129.980682373, 20.4422454834, 11.4572153091, -2.07071566582], [-383.162689209, -1.36996889114, -45.9082603455, -25.5007381439, -20.60455513, -0.151679649949, 36.2235145569, 7.336769104, 2.73820257187, 20.4422454834, 120.468818665, 18.4151058197, 14.9421806335], [-92.0765151978, -124.330383301, -60.2727355957, -80.4761199951, -11.6481924057, 34.8016777039, 19.0939254761, 17.5739421844, 10.4352350235, 11.4572153091, 18.4151058197, 138.809707642, 33.5225105286], [-293.617340088, -21.7673416138, -23.9368743896, -13.0783586502, 4.37931776047, -8.62350654602, -3.31693911552, -7.46806907654, 15.3796234131, -2.07071566582, 14.9421806335, 33.5225105286, 77.3915634155]], "icov": [[0.000140150019433, -0.000276268605376, 0.000278172519756, -0.000345868262229, 0.000302603177261, -0.000415630813222, 0.000561182561796, -0.000655338400975, 0.000763521995395, -0.000518734799698, 0.000476223853184, -0.000229990124353, 0.000221046444494], [-0.000276268605376, 0.00175607518759, -0.000261858018348, 0.000213011328015, -0.00129589438438, 0.00138449529186, -0.001493453281, 0.00152682245243, -0.00144271494355, 0.00269554881379, -0.00134700583294, 0.00105041428469, -0.000124387253891], [0.000278172519756, -0.000261858018348, 0.00241256714799, -0.0021793867927, 0.000154219393153, 0.000337605684763, -0.000705075275619, -0.000219193621888, 0.00216347724199, -0.0019763763994, 0.0018815647345, -0.000648497079965, 0.000771941442508], [-0.000345868262229, 0.000213011328015, -0.0021793867927, 0.00495760235935, -0.0013985716505, -0.000261650624452, 0.000671585672535, -0.00020382409275, -0.000443384720711, 0.000682978716213, -0.00156988145318, 0.00235190987587, -0.00163873005658], [0.000302603177261, -0.00129589438438, 0.000154219393153, -0.0013985716505, 0.0046410174109, -0.00203205435537, 0.00122574996203, -0.000155343848746, -0.00112119212281, -0.00113514414988, 0.00146286259405, -0.00109770381823, 0.000528894248419], [-0.000415630813222, 0.00138449529186, 0.000337605684763, -0.000261650624452, -0.00203205435537, 0.00889771152288, -0.00525039015338, 0.00195438973606, -0.0015257941559, 8.80384905031e-05, -1.94620351976e-05, -0.00102536706254, 0.000696206814609], [0.000561182561796, -0.001493453281, -0.000705075275619, 0.000671585672535, 0.00122574996203, -0.00525039015338, 0.0102402763441, -0.00752042699605, 0.0043938155286, 0.000450813269708, -0.000933280040044, -0.000177490830538, 5.9210582549e-05], [-0.000655338400975, 0.00152682245243, -0.000219193621888, -0.00020382409275, -0.000155343848746, 0.00195438973606, -0.00752042699605, 0.0159580260515, -0.00816540978849, 0.00116728851572, -0.00103908521123, -0.000434742425568, 0.0013278760016], [0.000763521995395, -0.00144271494355, 0.00216347724199, -0.000443384720711, -0.00112119212281, -0.0015257941559, 0.0043938155286, -0.00816540978849, 0.0155716780573, -0.00806083250791, 0.00332892918959, 5.31685400347e-05, -0.00159691995941], [-0.000518734799698, 0.00269554881379, -0.0019763763994, 0.000682978716213, -0.00113514414988, 8.80384905031e-05, 0.000450813269708, 0.00116728851572, -0.00806083250791, 0.0169557444751, -0.0056186071597, 0.000934352749027, 0.00123589602299], [0.000476223853184, -0.00134700583294, 0.0018815647345, -0.00156988145318, 0.00146286259405, -1.94620351976e-05, -0.000933280040044, -0.00103908521123, 0.00332892918959, -0.0056186071597, 0.0120331421494, -0.00177447590977, -0.000847176765092], [-0.000229990124353, 0.00105041428469, -0.000648497079965, 0.00235190987587, -0.00109770381823, -0.00102536706254, -0.000177490830538, -0.000434742425568, 5.31685400347e-05, 0.000934352749027, -0.00177447590977, 0.0106134619564, -0.00472218170762], [0.000221046444494, -0.000124387253891, 0.000771941442508, -0.00163873005658, 0.000528894248419, 0.000696206814609, 5.9210582549e-05, 0.0013278760016, -0.00159691995941, 0.00123589602299, -0.000847176765092, -0.00472218170762, 0.0164245199412]], "mean": [-0.0273327175528, 48.7161445618, -114.154441833, 42.5851516724, -52.1562194824, 24.948846817, -42.4404335022, 12.3017978668, -26.7373447418, 1.24443793297, -22.977684021, 4.79608535767, -15.1265563965]}, "hfc": {"dmean": 7.92366218567, "dmean2": 10.6746749878, "dvar": 84.4779586792, "dvar2": 154.49937439, "max": 173.961227417, "mean": 31.6408100128, "median": 29.1691360474, "min": 1.11095769336e-16, "var": 527.192382812}, "melbands": {"dmean": [0.000648333225399, 0.00131005677395, 0.00085433194181, 0.000431512540672, 0.000197131259483, 0.000121224948089, 6.92579415045e-05, 7.9679506598e-05, 0.000110938766738, 7.31936161174e-05, 7.14023335604e-05, 6.92416433594e-05, 6.05441819062e-05, 7.59529939387e-05, 7.08257066435e-05, 4.71816347272e-05, 4.81659990328e-05, 4.21361728513e-05, 3.79428020096e-05, 3.04301156575e-05, 3.96265641029e-05, 3.79393932235e-05, 2.6690588129e-05, 1.38890236485e-05, 1.03784377643e-05, 9.51841866481e-06, 6.46508624413e-06, 4.6155041673e-06, 3.9374294829e-06, 3.25733321915e-06, 3.50411983163e-06, 4.12998087995e-06, 2.46263834924e-06, 2.12620443563e-06, 4.84670363221e-06, 2.43699173552e-06, 1.69082090906e-06, 1.37975825965e-06, 9.31927047532e-07, 6.86604835209e-07], "dmean2": [0.000984148471616, 0.00204183883034, 0.00137852854095, 0.000711613334715, 0.000320347695379, 0.00019376767159, 0.000113080153824, 0.000127177307149, 0.000172299085534, 0.000113074565888, 0.000109807806439, 0.00010670953634, 9.21507889871e-05, 0.000116932314995, 0.000108481464849, 7.23373159417e-05, 7.5635369285e-05, 6.53193128528e-05, 5.6844066421e-05, 4.57686983282e-05, 5.97982216277e-05, 5.87031026953e-05, 4.06859362556e-05, 2.14639730984e-05, 1.64554985531e-05, 1.54220269906e-05, 1.03156471596e-05, 7.37321033739e-06, 6.21198569206e-06, 5.16823183716e-06, 5.48796197108e-06, 6.35021751805e-06, 3.83910037272e-06, 3.28723945131e-06, 7.57906627769e-06, 3.76815637537e-06, 2.56054613601e-06, 2.05615265259e-06, 1.37066297157e-06, 1.02140040781e-06], "dvar": [1.0928138181e-06, 5.58156716579e-06, 2.10379312193e-06, 1.30445255309e-06, 1.34054729983e-07, 7.01789630853e-08, 4.6675776133e-08, 4.95372916021e-08, 6.96067417039e-08, 3.09623615635e-08, 3.6356595956e-08, 4.33033697789e-08, 4.13824103873e-08, 4.61514488848e-08, 3.41313466379e-08, 1.04132586998e-08, 1.49469414623e-08, 1.38170745956e-08, 8.07787525758e-09, 6.22297591235e-09, 6.70766597821e-09, 6.92610013786e-09, 5.5167870272e-09, 7.09350078676e-10, 3.53454349122e-10, 3.31780658502e-10, 1.42247588708e-10, 6.62016899633e-11, 5.57007356905e-11, 3.31235559814e-11, 2.36670873871e-11, 3.31556934685e-11, 2.07645567407e-11, 1.53900312633e-11, 6.09698819209e-11, 3.79580637755e-11, 2.2629249169e-11, 1.28245174896e-11, 4.56700736257e-12, 2.26421594147e-12], "dvar2": [2.58999580183e-06, 1.3378854419e-05, 5.23371181771e-06, 3.18179149872e-06, 3.42191555092e-07, 1.60633035762e-07, 9.912722021e-08, 1.2073441269e-07, 1.52062654024e-07, 6.71595472568e-08, 8.16261120917e-08, 9.63382689179e-08, 9.01875125692e-08, 1.0766605385e-07, 7.44749470982e-08, 2.25231282514e-08, 3.51890321326e-08, 3.17821289286e-08, 1.73621685917e-08, 1.34120075046e-08, 1.42963170191e-08, 1.5832197775e-08, 1.19866783166e-08, 1.62375024537e-09, 8.21217982505e-10, 8.55524817656e-10, 3.4177996544e-10, 1.63199190273e-10, 1.38859340693e-10, 8.42932945666e-11, 5.7398506087e-11, 7.42896993922e-11, 5.00741843823e-11, 3.44531278507e-11, 1.43035638889e-10, 9.16508119397e-11, 4.64804097988e-11, 2.52677410245e-11, 9.07274082251e-12, 4.7090369798e-12], "max": [0.0117794331163, 0.0271417237818, 0.0182357951999, 0.0205821245909, 0.00649551255628, 0.00666069425642, 0.00677857268602, 0.00588951865211, 0.00570384925231, 0.00348635320552, 0.00565642071888, 0.0076763429679, 0.00861514732242, 0.00597608229145, 0.00434664962813, 0.0018772467738, 0.0027612990234, 0.00227040541358, 0.00169684027787, 0.00271176081151, 0.0016764603788, 0.00155587133486, 0.00366845843382, 0.0012040816946, 0.000440807722043, 0.000409378873883, 0.000267430586973, 0.000154984008987, 0.000141360098496, 0.000100294855656, 0.000108122585516, 7.76390734245e-05, 0.000122296056361, 9.34282288654e-05, 0.000261324865278, 0.000275831320323, 0.000125882565044, 0.00013817990839, 7.85514785093e-05, 3.93873560824e-05], "mean": [0.00117052718997, 0.00222548982129, 0.00145255972166, 0.000691217195708, 0.000343092367984, 0.00017703899357, 9.59567987593e-05, 0.000106255421997, 0.000166383251781, 0.000110484441393, 0.000113189315016, 0.000112139729026, 8.86641646503e-05, 0.00011847535643, 0.000119073461974, 7.04037374817e-05, 6.92141620675e-05, 6.17402911303e-05, 6.22676525381e-05, 5.31352052349e-05, 6.83381076669e-05, 6.49179564789e-05, 4.85307064082e-05, 2.6988247555e-05, 1.99645346584e-05, 1.85917997442e-05, 1.32272143674e-05, 9.65077379078e-06, 8.29923737911e-06, 7.07401113687e-06, 7.37121717975e-06, 7.88581837696e-06, 4.97011023981e-06, 4.46689500677e-06, 8.38701180328e-06, 4.70231589134e-06, 3.35834306497e-06, 2.77861090581e-06, 1.98233237825e-06, 1.40465760978e-06], "median": [0.000563230249099, 0.00159675627947, 0.000947568099946, 0.000395537237637, 0.000168875150848, 7.33732158551e-05, 4.01216602768e-05, 3.06533329422e-05, 4.36561313109e-05, 3.37429955835e-05, 2.64441896434e-05, 2.78225652437e-05, 1.71393221535e-05, 2.01334205485e-05, 2.39815744862e-05, 2.20213278226e-05, 2.11114347621e-05, 1.62824544532e-05, 1.79925882549e-05, 1.50924424815e-05, 2.13670227822e-05, 2.49261611316e-05, 1.79178787221e-05, 1.39461471917e-05, 1.09509892354e-05, 8.59661122377e-06, 6.01391138844e-06, 4.08836422139e-06, 3.39873895427e-06, 2.96635516861e-06, 4.69314409202e-06, 5.49397282157e-06, 2.95554445984e-06, 2.29796273743e-06, 5.29353565071e-06, 2.14341207538e-06, 8.55548137224e-07, 7.39389975024e-07, 5.99665270329e-07, 5.28346049578e-07], "min": [1.22608469536e-24, 1.09837235493e-24, 2.02271173897e-24, 2.28386138063e-24, 1.17985152985e-24, 1.91646104973e-24, 1.46046069372e-24, 2.86713448433e-24, 2.27568858444e-24, 2.8439520317e-24, 2.10571430292e-24, 2.83289713219e-24, 2.84935474282e-24, 3.39852716452e-24, 2.91676152667e-24, 2.03359210301e-24, 3.51313603228e-24, 3.19953483181e-24, 3.19557159463e-24, 2.68482675698e-24, 3.34970653525e-24, 4.12189210423e-24, 3.01484770276e-24, 4.35081441133e-24, 4.36124275806e-24, 5.49621756874e-24, 4.363656278e-24, 3.44517763744e-24, 3.53450666863e-24, 4.62177590493e-24, 4.82972989473e-24, 5.30292455886e-24, 5.35424784935e-24, 5.94220008151e-24, 5.7024806352e-24, 5.40898730199e-24, 5.95812205559e-24, 6.02150860704e-24, 5.39790775058e-24, 6.4196167292e-24], "var": [2.20995184463e-06, 8.15769089968e-06, 3.28374881065e-06, 1.50219682382e-06, 2.43074737227e-07, 1.18178263619e-07, 6.55446754649e-08, 7.85051454955e-08, 1.39267967825e-07, 5.58142900786e-08, 8.11991256455e-08, 8.49699262062e-08, 7.1851360417e-08, 1.01220948068e-07, 9.85564412304e-08, 1.95930223157e-08, 2.19853291128e-08, 2.2008114442e-08, 1.82300183837e-08, 1.39086262507e-08, 1.60698583329e-08, 1.45644341032e-08, 1.24139996061e-08, 1.72166436663e-09, 7.57393370243e-10, 7.7459144654e-10, 3.6469408049e-10, 2.0026204306e-10, 1.67370783899e-10, 1.16979051445e-10, 7.00307659085e-11, 7.03750599462e-11, 4.24832877211e-11, 3.88430017317e-11, 1.08386681574e-10, 7.48352421698e-11, 5.24886453745e-11, 3.374575272e-11, 1.46328799772e-11, 6.65437279931e-12]}, "melbands_crest": {"dmean": 3.46751356125, "dmean2": 5.57352161407, "dvar": 10.5149049759, "dvar2": 25.4462451935, "max": 36.1646499634, "mean": 12.9949760437, "median": 12.5219306946, "min": 1.73047459126, "var": 25.7902851105}, "melbands_flatness_db": {"dmean": 0.0277836490422, "dmean2": 0.040250595659, "dvar": 0.000731197826099, "dvar2": 0.0014993523946, "max": 0.494421452284, "mean": 0.156412214041, "median": 0.157216444612, "min": 0.00174303003587, "var": 0.00406228424981}, "melbands_kurtosis": {"dmean": 8.55853939056, "dmean2": 12.7054653168, "dvar": 381.451934814, "dvar2": 739.858459473, "max": 738.303039551, "mean": 14.0477294922, "median": 4.38992214203, "min": -1.93117535114, "var": 779.500732422}, "melbands_skewness": {"dmean": 0.913064360619, "dmean2": 1.32731282711, "dvar": 1.09325826168, "dvar2": 2.05359816551, "max": 20.6768417358, "mean": 2.55361557007, "median": 2.01574897766, "min": -3.0584089756, "var": 4.9528093338}, "melbands_spread": {"dmean": 13.0144929886, "dmean2": 19.5609912872, "dvar": 326.842407227, "dvar2": 685.919616699, "max": 245.492858887, "mean": 41.3245201111, "median": 32.8114776611, "min": 0.392177760601, "var": 1211.21118164}, "mfcc": {"cov": [[11537.0957031, 1206.38366699, 67.9430236816, 404.913330078, 280.070343018, 20.1101818085, 181.224304199, 111.750160217, -68.2329788208, 17.0906295776, -36.2769203186, -21.0072231293, -156.766403198], [1206.38366699, 1147.79211426, -31.4179534912, 202.63671875, 130.43057251, 46.1125335693, 73.6003112793, 86.8425750732, -8.19346523285, -64.9996490479, -35.8775291443, -23.8915138245, -46.5598716736], [67.9430236816, -31.4179534912, 800.195556641, 350.538787842, 2.49622559547, 48.5933456421, 184.503845215, -34.5441932678, -1.51592338085, 10.1308937073, -40.1745948792, -15.3625183105, -36.239818573], [404.913330078, 202.63671875, 350.538787842, 474.140014648, 207.532272339, 62.9431266785, 59.6931495667, -33.9258842468, 17.2532691956, 33.3493766785, -15.9558038712, -36.0927963257, -36.884185791], [280.070343018, 130.43057251, 2.49622559547, 207.532272339, 350.735534668, 95.3404922485, -70.3364562988, -48.8050842285, 24.6842079163, 57.2358322144, 15.6716346741, -26.7010097504, -17.0721054077], [20.1101818085, 46.1125335693, 48.5933456421, 62.9431266785, 95.3404922485, 186.399185181, 38.756362915, 41.6144294739, 34.9549217224, 6.07817029953, 10.6092672348, 10.5587348938, 9.84382820129], [181.224304199, 73.6003112793, 184.503845215, 59.6931495667, -70.3364562988, 38.756362915, 273.855041504, 72.1764831543, -1.6118067503, -3.81771993637, -15.1047258377, 36.6607475281, -4.01457118988], [111.750160217, 86.8425750732, -34.5441932678, -33.9258842468, -48.8050842285, 41.6144294739, 72.1764831543, 182.68699646, 52.3730697632, -33.0609283447, 18.832983017, 32.1445388794, 16.2175445557], [-68.2329788208, -8.19346523285, -1.51592338085, 17.2532691956, 24.6842079163, 34.9549217224, -1.6118067503, 52.3730697632, 116.622612, 41.3427581787, 17.3994216919, 7.16829824448, 5.4832611084], [17.0906295776, -64.9996490479, 10.1308937073, 33.3493766785, 57.2358322144, 6.07817029953, -3.81771993637, -33.0609283447, 41.3427581787, 148.172683716, 46.9130172729, -3.19144535065, -1.02653837204], [-36.2769203186, -35.8775291443, -40.1745948792, -15.9558038712, 15.6716346741, 10.6092672348, -15.1047258377, 18.832983017, 17.3994216919, 46.9130172729, 92.6116867065, 40.2714042664, 15.310503006], [-21.0072231293, -23.8915138245, -15.3625183105, -36.0927963257, -26.7010097504, 10.5587348938, 36.6607475281, 32.1445388794, 7.16829824448, -3.19144535065, 40.2714042664, 93.8775634766, 40.3483695984], [-156.766403198, -46.5598716736, -36.239818573, -36.884185791, -17.0721054077, 9.84382820129, -4.01457118988, 16.2175445557, 5.4832611084, -1.02653837204, 15.310503006, 40.3483695984, 83.4374160767]], "icov": [[0.000102646103187, -8.59570573084e-05, 1.21548036986e-05, -3.799732076e-05, -5.32074009243e-05, 4.61987692688e-05, -1.66805384652e-05, -0.000105987855932, 0.000130612708745, -0.000109760134364, 7.86521923146e-05, -0.000107091291284, 0.000164254350238], [-8.59570573084e-05, 0.00123096664902, 0.000416910945205, -0.000663982063998, -0.000231861515203, 4.11969631386e-05, -0.00032129054307, -0.000552596990019, 0.000183133292012, 0.000518605636898, 0.000197200162802, 0.000118150557682, 0.000353637733497], [1.21548036986e-05, 0.000416910945205, 0.00269579677843, -0.00241860467941, 0.00127002899535, -0.000589010829572, -0.00117593083996, 0.000815267150756, -0.000171422565472, 0.000174279033672, 0.000320631253999, -9.34382333071e-05, 0.000471267208923], [-3.799732076e-05, -0.000663982063998, -0.00241860467941, 0.00568823609501, -0.0032335082069, 0.000684628612362, -0.000566554022953, 0.000229003111599, -0.000634263968095, 0.000189533995581, -0.000426277809311, 0.00108010869008, -0.000192091960344], [-5.32074009243e-05, -0.000231861515203, 0.00127002899535, -0.0032335082069, 0.00651122163981, -0.00311384885572, 0.00174641422927, 0.00128411035985, -2.22996422963e-05, -0.00149424443953, -3.98679258069e-05, -0.000299360603094, 0.000562093802728], [4.61987692688e-05, 4.11969631386e-05, -0.000589010829572, 0.000684628612362, -0.00311384885572, 0.00777314417064, -0.00142608000897, -0.00138410751242, -0.00138456176501, 0.00103022821713, -0.000652282556985, 0.000375769188395, -0.00115552812349], [-1.66805384652e-05, -0.00032129054307, -0.00117593083996, -0.000566554022953, 0.00174641422927, -0.00142608000897, 0.00676827831194, -0.00296338298358, 0.00216529332101, -0.0027148721274, 0.00317953201011, -0.00373423146084, 0.00150204927195], [-0.000105987855932, -0.000552596990019, 0.000815267150756, 0.000229003111599, 0.00128411035985, -0.00138410751242, -0.00296338298358, 0.0106171844527, -0.00575639586896, 0.00435420963913, -0.0038604834117, 0.000809102668427, -0.00108336145058], [0.000130612708745, 0.000183133292012, -0.000171422565472, -0.000634263968095, -2.22996422963e-05, -0.00138456176501, 0.00216529332101, -0.00575639586896, 0.0134312948212, -0.00547563517466, 0.00239420961589, -0.0014563651057, 0.000689485459588], [-0.000109760134364, 0.000518605636898, 0.000174279033672, 0.000189533995581, -0.00149424443953, 0.00103022821713, -0.0027148721274, 0.00435420963913, -0.00547563517466, 0.0124016748741, -0.00766819575801, 0.0038384438958, -0.00109824410174], [7.86521923146e-05, 0.000197200162802, 0.000320631253999, -0.000426277809311, -3.98679258069e-05, -0.000652282556985, 0.00317953201011, -0.0038604834117, 0.00239420961589, -0.00766819575801, 0.0196479987353, -0.00962333008647, 0.00197736057453], [-0.000107091291284, 0.000118150557682, -9.34382333071e-05, 0.00108010869008, -0.000299360603094, 0.000375769188395, -0.00373423146084, 0.000809102668427, -0.0014563651057, 0.0038384438958, -0.00962333008647, 0.019847182557, -0.00782975740731], [0.000164254350238, 0.000353637733497, 0.000471267208923, -0.000192091960344, 0.000562093802728, -0.00115552812349, 0.00150204927195, -0.00108336145058, 0.000689485459588, -0.00109824410174, 0.00197736057453, -0.00782975740731, 0.0165095534176]], "mean": [-634.757995605, 81.1138076782, -2.53867149353, 23.6866016388, 10.9476766586, 13.5555038452, -2.01588082314, 12.3189477921, -0.640855908394, -0.211574360728, -0.873670816422, -0.418968617916, -3.03758907318]}, "pitch_salience": {"dmean": 0.0808142498136, "dmean2": 0.129252210259, "dvar": 0.00580231286585, "dvar2": 0.0136398850009, "max": 0.905181467533, "mean": 0.590093135834, "median": 0.603736877441, "min": 0.0095061166212, "var": 0.0149702290073}, "silence_rate_20dB": {"dmean": 0, "dmean2": 0, "dvar": 0, "dvar2": 0, "max": 1, "mean": 1, "median": 1, "min": 1, "var": 0}, "silence_rate_30dB": {"dmean": 0, "dmean2": 0, "dvar": 0, "dvar2": 0, "max": 1, "mean": 1, "median": 1, "min": 1, "var": 0}, "silence_rate_60dB": {"dmean": 0.0318228974938, "dmean2": 0.0636531338096, "dvar": 0.0308102015406, "dvar2": 0.0653670951724, "max": 1, "mean": 0.133502423763, "median": 0, "min": 0, "var": 0.115679524839}, "spectral_centroid": {"dmean": 326.748291016, "dmean2": 491.047637939, "dvar": 183038.625, "dvar2": 355516.46875, "max": 11816.8837891, "mean": 2020.05627441, "median": 1868.58935547, "min": 232.244216919, "var": 1275973.75}, "spectral_complexity": {"dmean": 4.21976232529, "dmean2": 5.94119024277, "dvar": 19.5603752136, "dvar2": 34.1473731995, "max": 56, "mean": 21.4552688599, "median": 22, "min": 0, "var": 175.530227661}, "spectral_contrast_coeffs": {"dmean": [0.0556958727539, 0.0508096516132, 0.0386438332498, 0.0325757190585, 0.0251657180488, 0.0180453639477], "dmean2": [0.0892062336206, 0.0825740844011, 0.0618761852384, 0.0510302968323, 0.0388416238129, 0.0282907262444], "dvar": [0.00251872069202, 0.00186117901467, 0.00107689970173, 0.000807352771517, 0.000538593099918, 0.000247853167821], "dvar2": [0.00596033642069, 0.00472187064588, 0.00255619897507, 0.00181518634781, 0.00112103729043, 0.00058679387439], "max": [-0.268285095692, -0.389392793179, -0.459095805883, -0.496229797602, -0.55283588171, -0.604220449924], "mean": [-0.646094918251, -0.748955070972, -0.790422558784, -0.779023826122, -0.781574547291, -0.753720343113], "median": [-0.636566102505, -0.75684005022, -0.800563454628, -0.789837062359, -0.786919891834, -0.748547315598], "min": [-0.989831268787, -0.985793709755, -0.995243489742, -0.985095083714, -0.972430467606, -0.9651658535], "var": [0.00915122963488, 0.00728898821399, 0.00516998907551, 0.00479772593826, 0.00331401941366, 0.00162548106164]}, "spectral_contrast_valleys": {"dmean": [0.425406754017, 0.411452502012, 0.356678932905, 0.315188914537, 0.243977695704, 0.294311016798], "dmean2": [0.681457161903, 0.652193009853, 0.542194247246, 0.468262135983, 0.35013243556, 0.389871299267], "dvar": [0.174657985568, 0.173724964261, 0.153794854879, 0.136738434434, 0.115192115307, 0.129894450307], "dvar2": [0.397913366556, 0.39224755764, 0.312711566687, 0.27072301507, 0.228783279657, 0.247524306178], "max": [-5.40029764175, -4.60165834427, -5.10307788849, -5.6322221756, -5.53134584427, -7.24347400665], "mean": [-7.73231887817, -7.40002584457, -7.62405157089, -7.6840596199, -7.41041660309, -9.75295639038], "median": [-7.0231089592, -6.97962760925, -7.30711650848, -7.30637073517, -7.05924701691, -9.50317192078], "min": [-28.3963871002, -28.0377101898, -27.7398834229, -27.6277351379, -27.5671405792, -27.3618621826], "var": [5.22514152527, 4.67180395126, 4.55986404419, 4.39932060242, 4.38064861298, 3.79219818115]}, "spectral_decrease": {"dmean": 1.89445326093e-09, "dmean2": 2.83884049601e-09, "dvar": 6.03389089855e-18, "dvar2": 1.45306831197e-17, "max": 1.07223061909e-16, "mean": -6.67599131532e-09, "median": -6.78309231006e-09, "min": -2.81796399548e-08, "var": 2.06145138069e-17}, "spectral_energy": {"dmean": 0.00749372877181, "dmean2": 0.0111199747771, "dvar": 8.8770299044e-05, "dvar2": 0.000210668338696, "max": 0.109764501452, "mean": 0.0280666556209, "median": 0.0288481302559, "min": 1.01771722379e-20, "var": 0.000332446070388}, "spectral_energyband_high": {"dmean": 0.000655070238281, "dmean2": 0.000901373161469, "dvar": 8.97320489912e-07, "dvar2": 1.73156445271e-06, "max": 0.0211262237281, "mean": 0.00178780360147, "median": 0.00114985462278, "min": 7.29527579156e-21, "var": 4.02960222345e-06}, "spectral_energyband_low": {"dmean": 0.00526166241616, "dmean2": 0.00798043236136, "dvar": 6.90933811711e-05, "dvar2": 0.000162718701176, "max": 0.0968542471528, "mean": 0.0107423160225, "median": 0.00749981310219, "min": 1.59777654792e-23, "var": 0.000145430036355}, "spectral_energyband_middle_high": {"dmean": 0.00250088586472, "dmean2": 0.00349944783375, "dvar": 1.27760686155e-05, "dvar2": 2.29970210057e-05, "max": 0.0666171908379, "mean": 0.00807641260326, "median": 0.00557495746762, "min": 1.17790125428e-21, "var": 6.31940856692e-05}, "spectral_energyband_middle_low": {"dmean": 0.00406133616343, "dmean2": 0.00638007000089, "dvar": 4.40847325081e-05, "dvar2": 0.000107295891212, "max": 0.0985012128949, "mean": 0.00939455721527, "median": 0.00804542284459, "min": 1.27809615655e-22, "var": 8.13615188235e-05}, "spectral_entropy": {"dmean": 0.143487766385, "dmean2": 0.207268208265, "dvar": 0.0219693761319, "dvar2": 0.0424835458398, "max": 9.82078075409, "mean": 7.92008686066, "median": 7.93855857849, "min": 6.10555696487, "var": 0.149866789579}, "spectral_flux": {"dmean": 0.0248604044318, "dmean2": 0.0387228690088, "dvar": 0.000625841901638, "dvar2": 0.00149209040683, "max": 0.322131067514, "mean": 0.093456953764, "median": 0.0949741378427, "min": 6.440459277e-11, "var": 0.00228534545749}, "spectral_kurtosis": {"dmean": 0.946884989738, "dmean2": 1.46380102634, "dvar": 1.35387718678, "dvar2": 3.0179772377, "max": 21.706949234, "mean": 3.19013333321, "median": 2.70040607452, "min": -1.25727796555, "var": 4.80205774307}, "spectral_rms": {"dmean": 0.000690035638399, "dmean2": 0.000983153469861, "dvar": 5.65369248307e-07, "dvar2": 1.18613252198e-06, "max": 0.0103483004496, "mean": 0.00479543069378, "median": 0.00530514027923, "min": 3.15102349595e-12, "var": 4.38594634034e-06}, "spectral_rolloff": {"dmean": 871.447937012, "dmean2": 1405.20288086, "dvar": 1980856, "dvar2": 3829742.25, "max": 22050, "mean": 3002.41723633, "median": 2239.453125, "min": 64.599609375, "var": 10432105}, "spectral_skewness": {"dmean": 0.162990644574, "dmean2": 0.24482151866, "dvar": 0.0295904036611, "dvar2": 0.0577992834151, "max": 3.58916592598, "mean": 1.35501980782, "median": 1.32990860939, "min": -0.0762868076563, "var": 0.149107575417}, "spectral_spread": {"dmean": 698131.5625, "dmean2": 1016654.75, "dvar": 1165279494140.0, "dvar2": 2503102955520.0, "max": 45057800, "mean": 5727608.5, "median": 5332760, "min": 1620628.125, "var": 11147062280200.0}, "spectral_strongpeak": {"dmean": 0.700501024723, "dmean2": 1.19604325294,