{"lowlevel": {"average_loudness": 0.63639575243, "barkbands": {"dmean": [1.77865349542e-05, 0.00112383929081, 0.001203224645, 0.00146761257201, 0.00218628440052, 0.00136647105683, 0.00112977973185, 0.000621776503976, 0.00101972662378, 0.000741431955248, 0.000339268910466, 0.000596186087932, 0.000522623537108, 0.000202279625228, 9.70049950411e-05, 7.20341995475e-05, 5.40775326954e-05, 3.27585657942e-05, 2.04942825803e-05, 1.91546478163e-05, 2.61572713498e-05, 3.18112215609e-05, 3.56542368536e-05, 5.49641372345e-05, 8.86456327862e-05, 0.000114166810818, 4.78870315419e-05], "dmean2": [2.29088691412e-05, 0.00180653925054, 0.00206642597914, 0.00242141704075, 0.0033840930555, 0.0019514192827, 0.00155976554379, 0.00092121725902, 0.00148203689605, 0.00111982657108, 0.000524951377884, 0.000916079850867, 0.00083102483768, 0.000325753731886, 0.00015519009321, 0.000117401519674, 8.42469744384e-05, 5.25997529621e-05, 3.17771919072e-05, 2.92290278594e-05, 3.97033836634e-05, 4.51154010079e-05, 5.0480110076e-05, 7.4532625149e-05, 0.000120068230899, 0.000164879573276, 7.04528792994e-05], "dvar": [1.60212110245e-09, 8.98692451301e-06, 1.03758475234e-05, 1.53370201588e-05, 1.56652549776e-05, 6.87102419761e-06, 6.11256791672e-06, 2.76617629424e-06, 8.48202034831e-06, 6.12693611401e-06, 1.7822742393e-06, 4.20735523221e-06, 2.7425380722e-06, 4.39457238599e-07, 7.1072612684e-08, 4.0719584149e-08, 1.39635529806e-08, 5.7599298664e-09, 3.42106454276e-09, 3.00265967645e-09, 7.96088173161e-09, 9.3279952651e-09, 1.22132819413e-08, 2.78143819088e-08, 7.58766631748e-08, 1.50338991034e-07, 2.91487012305e-08], "dvar2": [2.55577892183e-09, 2.15572363231e-05, 2.9387711038e-05, 4.07587613154e-05, 3.9691614802e-05, 1.48454937516e-05, 1.16010332931e-05, 6.1705063672e-06, 1.87227724382e-05, 1.39524181577e-05, 4.18800800617e-06, 9.89190539258e-06, 6.73552676744e-06, 1.17003287414e-06, 1.7860250523e-07, 1.08913013719e-07, 3.32795053737e-08, 1.42771465761e-08, 8.49536352376e-09, 7.36492911102e-09, 1.91012698991e-08, 1.91730791244e-08, 2.78338294635e-08, 5.84663872871e-08, 1.52031077505e-07, 3.01066194197e-07, 6.06891248367e-08], "max": [0.000667213986162, 0.0299339964986, 0.041810773313, 0.055201806128, 0.0910331532359, 0.0538604855537, 0.0543999150395, 0.0441677644849, 0.0692670047283, 0.0814577713609, 0.0477708913386, 0.0441525429487, 0.0527789965272, 0.0209432542324, 0.0083336615935, 0.00609925203025, 0.00445573171601, 0.00165770435706, 0.00106897030491, 0.00119596335571, 0.00230736285448, 0.00278155575506, 0.00247848406434, 0.0030507594347, 0.00679784594104, 0.00808072742075, 0.00391924660653], "mean": [2.28984790738e-05, 0.00110085844062, 0.00136743916664, 0.00182359304745, 0.0041167489253, 0.00289439177141, 0.00216783722863, 0.000937705684919, 0.00162771274336, 0.00121007463895, 0.000503192772157, 0.00092690665042, 0.000787249649875, 0.000281968503259, 0.000143506695167, 0.000104292565084, 8.57870618347e-05, 4.6788049076e-05, 2.86369158857e-05, 2.75317343039e-05, 3.61941783922e-05, 4.83638068545e-05, 5.2011146181e-05, 7.39913448342e-05, 0.000105289829662, 0.000119586933579, 4.55779518234e-05], "median": [2.84233965431e-06, 0.000191245577298, 0.000584853929467, 0.000625660410151, 0.00235155760311, 0.00118284160271, 0.000455305038486, 0.000162547716172, 0.000232572245295, 0.000216128304601, 3.91877147194e-05, 9.43728227867e-05, 0.000110499859147, 4.27929262514e-05, 3.28887363139e-05, 1.8268592612e-05, 2.11853166547e-05, 9.99601070362e-06, 5.34239143235e-06, 4.91849095852e-06, 6.4604405452e-06, 6.71810903441e-06, 7.0192709245e-06, 7.35655885364e-06, 6.74938473821e-06, 3.97925941797e-06, 4.84323663841e-07], "min": [2.37069867632e-23, 5.15886001933e-24, 1.15360368207e-23, 9.86228539453e-24, 2.43506010209e-23, 6.34001955945e-23, 5.97490002264e-23, 4.45019282047e-23, 5.98716775635e-23, 6.89116133296e-23, 3.8021704081e-23, 6.33518037112e-23, 1.41432725995e-22, 1.39570320061e-22, 3.27138471693e-22, 1.00302862616e-22, 1.69805351696e-22, 2.38029879799e-22, 1.77314979348e-22, 2.68665930453e-22, 6.07575670979e-22, 3.32416923026e-22, 7.36752313163e-22, 7.76556745071e-22, 1.17374343982e-21, 1.80046886704e-21, 2.62621160705e-21], "var": [2.94495650088e-09, 8.31823763292e-06, 7.29703560864e-06, 1.37084880407e-05, 2.82310375042e-05, 2.27583896049e-05, 2.252061131e-05, 5.58894862479e-06, 1.88495105249e-05, 1.46467000377e-05, 3.69506096831e-06, 1.00960542113e-05, 4.90812908538e-06, 6.4636009256e-07, 1.26887229612e-07, 7.00404285681e-08, 2.8506040195e-08, 9.31284027672e-09, 4.81836881505e-09, 3.81181441966e-09, 9.77360148369e-09, 1.59362105734e-08, 1.79924324328e-08, 3.9557821907e-08, 1.06118562826e-07, 1.90117944499e-07, 3.32801732839e-08]}, "barkbands_crest": {"dmean": 2.36228060722, "dmean2": 3.76037454605, "dvar": 4.48114824295, "dvar2": 11.1242866516, "max": 25.362701416, "mean": 10.6174020767, "median": 9.93521022797, "min": 2.48883843422, "var": 14.6691827774}, "barkbands_flatness_db": {"dmean": 0.0242419596761, "dmean2": 0.0337660573423, "dvar": 0.000707244267687, "dvar2": 0.00135560368653, "max": 0.496415048838, "mean": 0.174762681127, "median": 0.167378395796, "min": 0.0165641847998, "var": 0.00422970205545}, "barkbands_kurtosis": {"dmean": 4.81860637665, "dmean2": 7.20075511932, "dvar": 59.7579650879, "dvar2": 126.316696167, "max": 195.009475708, "mean": 9.45052814484, "median": 5.27781772614, "min": -1.93841063976, "var": 188.371948242}, "barkbands_skewness": {"dmean": 0.60867369175, "dmean2": 0.897841095924, "dvar": 0.356536239386, "dvar2": 0.758132755756, "max": 10.3613681793, "mean": 2.00641274452, "median": 1.87384235859, "min": -2.32090735435, "var": 1.60704791546}, "barkbands_spread": {"dmean": 4.89701128006, "dmean2": 6.84077835083, "dvar": 65.0335769653, "dvar2": 123.1795578, "max": 137.414871216, "mean": 14.9119672775, "median": 9.4435749054, "min": 0.336240172386, "var": 350.366882324}, "dissonance": {"dmean": 0.0331257469952, "dmean2": 0.0541221871972, "dvar": 0.000989089603536, "dvar2": 0.00247753132135, "max": 0.500000059605, "mean": 0.423182398081, "median": 0.435257524252, "min": 0.117678917944, "var": 0.00288510066457}, "dynamic_complexity": 5.16515445709, "erbbands": {"dmean": [0.0205985233188, 0.303719460964, 1.19078755379, 3.1755490303, 5.79816627502, 7.98455762863, 11.321972847, 11.5319328308, 16.599023819, 11.5707674026, 14.216345787, 22.2266330719, 19.9708023071, 21.0790348053, 18.5217723846, 17.6854000092, 22.285861969, 13.1389532089, 6.57045507431, 3.99072551727, 3.65664625168, 2.9200797081, 2.07127904892, 1.03466308117, 1.04397332668, 0.914086401463, 0.954935371876, 1.10060405731, 1.21152222157, 1.07792282104, 1.02051079273, 1.04391729832, 1.04561603069, 1.00899159908, 0.60731446743, 0.440809845924, 0.226267650723, 0.0549939498305, 0.00790062826127, 0.000453713088064], "dmean2": [0.0302652642131, 0.498097300529, 2.03400826454, 5.23359012604, 9.22453689575, 12.3066091537, 16.9770717621, 15.989982605, 22.8304405212, 16.3949489594, 21.0610198975, 32.3901519775, 29.4891490936, 32.2263832092, 28.3936367035, 27.1968955994, 35.0051574707, 21.2487220764, 10.4562578201, 6.39966630936, 5.91291093826, 4.55285024643, 3.30095219612, 1.59198415279, 1.62314605713, 1.39523637295, 1.4610581398, 1.67967760563, 1.74677324295, 1.53164851665, 1.44817984104, 1.45834934711, 1.41159832478, 1.35737967491, 0.844745159149, 0.632669270039, 0.327798604965, 0.0802192837, 0.0116215236485, 0.000669562083203], "dvar": [0.00264107109979, 0.672354400158, 10.4678258896, 59.5519065857, 225.335006714, 220.843521118, 420.132354736, 589.557189941, 1265.54370117, 578.657470703, 1270.19128418, 4605.14794922, 3611.91992188, 4641.78369141, 3402.1171875, 3385.13891602, 5347.08349609, 2145.66357422, 263.829101563, 161.824050903, 105.541908264, 39.2284889221, 20.118473053, 7.90693950653, 8.58533191681, 6.83196020126, 9.68986129761, 15.7302436829, 13.3763666153, 11.2124233246, 9.69882774353, 10.2631902695, 10.7286748886, 10.2201442719, 3.48528170586, 2.30766749382, 0.597983896732, 0.0366174653172, 0.000785595213529, 2.64983464149e-06], "dvar2": [0.00580306630582, 1.63291871548, 28.7871723175, 161.509674072, 586.555603027, 531.865478516, 939.030944824, 1242.62280273, 2358.97509766, 1194.63439941, 2829.27685547, 9780.29394531, 8265.20996094, 11014.8583984, 8091.02246094, 7704.20898438, 12709.7890625, 5869.71826172, 682.657653809, 390.026550293, 286.743377686, 94.9331283569, 50.1882781982, 18.8704776764, 21.0367774963, 16.8206214905, 23.6483745575, 37.974937439, 27.9845371246, 24.6098136902, 22.0293388367, 22.8489780426, 22.4623146057, 20.9317131042, 6.98209238052, 4.71222448349, 1.22410976887, 0.0740300193429, 0.0016335551627, 5.5542550399e-06], "max": [0.520002782345, 7.81892776489, 36.826335907, 116.315643311, 269.552001953, 371.172668457, 652.350463867, 622.152404785, 754.142150879, 715.583190918, 1107.58776855, 2172.69018555, 1565.9486084, 2420.41918945, 1371.30041504, 2187.88085938, 2647.98608398, 1193.85107422, 512.994689941, 836.53503418, 329.413238525, 152.610824585, 93.2755584717, 53.528793335, 56.7478027344, 53.3860397339, 58.6495780945, 127.767494202, 102.82220459, 96.0062713623, 70.1169891357, 70.3196792603, 80.0735778809, 95.1691513062, 35.2288742065, 46.8913955688, 15.6849327087, 3.76243448257, 0.642996191978, 0.0327362716198], "mean": [0.0227282196283, 0.287976801395, 1.30877971649, 4.42685031891, 8.20249176025, 14.8426113129, 21.7575645447, 24.9278373718, 33.6687507629, 21.7877464294, 23.0523471832, 36.0246315002, 34.718711853, 36.00258255, 31.7836380005, 29.8986091614, 34.3960418701, 20.0482635498, 10.3366909027, 6.02281093597, 5.68400621414, 4.79109859467, 3.21433615685, 1.46716487408, 1.5238929987, 1.32664453983, 1.3324226141, 1.49723541737, 1.81987464428, 1.57045483589, 1.49193382263, 1.50512874126, 1.29916083813, 1.18709456921, 0.716810584068, 0.476771652699, 0.230267450213, 0.0542289204895, 0.00755844917148, 0.000445254467195], "median": [0.00392869999632, 0.055874440819, 0.519312798977, 1.81216168404, 3.56088209152, 7.73682403564, 10.2881736755, 8.94590854645, 8.92850208282, 5.78075027466, 5.23139190674, 5.05384111404, 6.36231660843, 7.81479644775, 3.61974024773, 4.01720285416, 4.74171447754, 3.63167262077, 2.32241988182, 1.21995568275, 1.20690202713, 1.26780700684, 0.832656085491, 0.327860206366, 0.291137546301, 0.230220586061, 0.263567447662, 0.228323847055, 0.239085018635, 0.21185682714, 0.188110366464, 0.190429985523, 0.0922545790672, 0.0717873498797, 0.0463297851384, 0.0211038887501, 0.00612014299259, 0.000929831410758, 9.80506156338e-05, 2.5079905754e-05], "min": [2.75413733041e-22, 1.17990579402e-21, 9.50538606603e-21, 2.79985483142e-20, 4.79460087859e-20, 1.14208491133e-19, 9.66755902564e-20, 6.72594307945e-19, 5.9167841475e-19, 1.16463483711e-18, 1.21541990101e-18, 1.21407542232e-18, 2.10372998801e-18, 1.87508299783e-18, 1.14615324408e-18, 2.79136750597e-18, 6.26593987579e-18, 7.7156462776e-18, 1.13459467715e-17, 1.46201410486e-17, 7.24396224972e-18, 7.30837480402e-18, 1.25952682563e-17, 1.36201466896e-17, 7.88588087484e-18, 1.41947303313e-17, 1.96059953518e-17, 2.44407932402e-17, 1.29458861297e-17, 1.28933055669e-17, 2.43920094364e-17, 1.70020555989e-17, 1.35380969903e-17, 1.07127706182e-17, 9.60730328657e-18, 5.97013512566e-18, 3.34790248031e-18, 1.45651864774e-18, 4.25918657825e-19, 3.60523374183e-20], "var": [0.00313675194047, 0.58270829916, 7.54423522949, 56.8550109863, 229.428466797, 481.080566406, 1173.57287598, 2077.74121094, 5210.03955078, 1733.31921387, 2616.57446289, 11098.34375, 8166.30712891, 11207.4726563, 8749.17773438, 8699.60546875, 9769.46875, 3559.39501953, 456.165344238, 270.899597168, 186.666763306, 78.9466018677, 36.2565422058, 10.9602918625, 12.3665237427, 8.87086582184, 11.6067209244, 19.3850402832, 22.2650032043, 17.4354343414, 14.2710027695, 14.3539962769, 14.5994052887, 14.0551071167, 4.88205528259, 2.98610520363, 0.726014971733, 0.0438361056149, 0.000899350619875, 2.99714338325e-06]}, "erbbands_crest": {"dmean": 2.68301320076, "dmean2": 4.20714712143, "dvar": 6.25658464432, "dvar2": 15.0921497345, "max": 31.2905826569, "mean": 10.2625179291, "median": 9.48963546753, "min": 2.20113873482, "var": 19.335193634}, "erbbands_flatness_db": {"dmean": 0.0241665635258, "dmean2": 0.0309107843786, "dvar": 0.000624478736427, "dvar2": 0.000934492971282, "max": 0.423901230097, "mean": 0.176393210888, "median": 0.1802636832, "min": 0.0333771817386, "var": 0.00368541525677}, "erbbands_kurtosis": {"dmean": 2.04794859886, "dmean2": 3.03369212151, "dvar": 16.7459449768, "dvar2": 31.6547145844, "max": 136.808364868, "mean": 3.15380764008, "median": 1.37033963203, "min": -1.86451685429, "var": 55.4119262695}, "erbbands_skewness": {"dmean": 0.460158199072, "dmean2": 0.676681041718, "dvar": 0.203225404024, "dvar2": 0.418813496828, "max": 8.5184803009, "mean": 0.989300072193, "median": 0.874693751335, "min": -3.41704368591, "var": 1.0138092041}, "erbbands_spread": {"dmean": 8.63189029694, "dmean2": 11.3030042648, "dvar": 158.433074951, "dvar2": 235.990020752, "max": 169.221481323, "mean": 29.8144989014, "median": 22.2847957611, "min": 1.27754831314, "var": 593.68145752}, "gfcc": {"cov": [[26064.0839844, 855.403686523, -1357.9954834, -489.372589111, -825.918151855, 307.782836914, -623.294616699, 54.7843818665, -213.865463257, -64.2307052612, -297.663238525, 104.138587952, -341.561981201], [855.403686523, 2005.20263672, -266.543823242, -304.761322021, -41.3536720276, -65.1298446655, -1.62305915356, -158.999237061, -46.3438606262, -132.85546875, 12.0615110397, -93.1142883301, 12.2475090027], [-1357.9954834, -266.543823242, 1364.43041992, 244.170669556, 174.009857178, -46.6909599304, 65.9354705811, 39.2426834106, -46.9230232239, 40.257068634, -15.9360771179, -13.1396865845, 14.5821971893], [-489.372589111, -304.761322021, 244.170669556, 424.131530762, 83.256439209, -17.0236778259, -37.4066009521, 19.3964080811, 17.6084747314, 20.6625366211, -13.666176796, -11.5764608383, 21.2069168091], [-825.918151855, -41.3536720276, 174.009857178, 83.256439209, 302.381378174, -22.0637283325, 16.6817092896, 17.4675178528, 29.8854961395, 13.6489868164, -11.4682674408, -28.2247409821, 22.9293708801], [307.782836914, -65.1298446655, -46.6909599304, -17.0236778259, -22.0637283325, 176.168533325, 54.0575294495, 8.83865642548, -4.64244604111, 11.4637813568, 5.19807720184, 7.28275251389, -24.9129810333], [-623.294616699, -1.62305915356, 65.9354705811, -37.4066009521, 16.6817092896, 54.0575294495, 212.553756714, 33.3463592529, -24.0739059448, -0.548332154751, 19.9726467133, -10.6125993729, -2.67104196548], [54.7843818665, -158.999237061, 39.2426834106, 19.3964080811, 17.4675178528, 8.83865642548, 33.3463592529, 108.059249878, 38.1666793823, 6.24544239044, -11.2779827118, 13.3654680252, -1.42212295532], [-213.865463257, -46.3438606262, -46.9230232239, 17.6084747314, 29.8854961395, -4.64244604111, -24.0739059448, 38.1666793823, 123.005020142, 24.5915546417, -9.0363702774, -1.8052970171, -3.13683342934], [-64.2307052612, -132.85546875, 40.257068634, 20.6625366211, 13.6489868164, 11.4637813568, -0.548332154751, 6.24544239044, 24.5915546417, 98.0673751831, 30.7730178833, 3.81878638268, -4.43519210815], [-297.663238525, 12.0615110397, -15.9360771179, -13.666176796, -11.4682674408, 5.19807720184, 19.9726467133, -11.2779827118, -9.0363702774, 30.7730178833, 95.8087463379, 37.8977851868, 0.850563108921], [104.138587952, -93.1142883301, -13.1396865845, -11.5764608383, -28.2247409821, 7.28275251389, -10.6125993729, 13.3654680252, -1.8052970171, 3.81878638268, 37.8977851868, 90.2623443604, 18.7285270691], [-341.561981201, 12.2475090027, 14.5821971893, 21.2069168091, 22.9293708801, -24.9129810333, -2.67104196548, -1.42212295532, -3.13683342934, -4.43519210815, 0.850563108921, 18.7285270691, 79.7125930786]], "icov": [[6.13593147136e-05, -5.80939085921e-05, 4.38500355813e-05, 2.22924631998e-06, 8.43365269247e-05, -0.000107450483483, 0.000213357168832, -0.000220626490773, 0.000249443808571, -0.00018157089653, 0.000310220348183, -0.000201179878786, 0.000252273108345], [-5.80939085921e-05, 0.000825811526738, -4.05736645916e-05, 0.000499710906297, -7.26072248654e-05, 0.000231830403209, -0.000192540159333, 0.00107140187174, -0.00055205100216, 0.00129062822089, -0.00103126105387, 0.00125215563457, -0.000628433423117], [4.38500355813e-05, -4.05736645916e-05, 0.000980860204436, -0.000476699729916, -0.000365034356946, 0.000287907547317, -0.000222863149247, -0.000390803033952, 0.000865714682732, -0.000670033216011, 0.000638742931187, -0.000424467696575, 0.000411760585848], [2.22924631998e-06, 0.000499710906297, -0.000476699729916, 0.00320194545202, -0.000407310493756, -0.000169007631484, 0.000862487591803, 7.76756860432e-06, -0.000326141103869, 0.000442622229457, -0.000559958396479, 0.00126162637025, -0.00101714464836], [8.43365269247e-05, -7.26072248654e-05, -0.000365034356946, -0.000407310493756, 0.0041666184552, 5.06274773215e-05, -3.00539813907e-05, -0.000473012332805, -0.000765057629906, -0.000310783740133, 0.000150297564687, 0.00122613704298, -0.000981566612609], [-0.000107450483483, 0.000231830403209, 0.000287907547317, -0.000169007631484, 5.06274773215e-05, 0.00707092881203, -0.0024896285031, 0.000863568042405, -0.000249409262324, -0.000727104081307, 0.000567124050576, -0.00118732685223, 0.00184623303358], [0.000213357168832, -0.000192540159333, -0.000222863149247, 0.000862487591803, -3.00539813907e-05, -0.0024896285031, 0.0073337755166, -0.00384841812775, 0.0024928082712, 0.000194968000869, -0.00171799946111, 0.00206017703749, -0.000194017658941], [-0.000220626490773, 0.00107140187174, -0.000390803033952, 7.76756860432e-06, -0.000473012332805, 0.000863568042405, -0.00384841812775, 0.0145549001172, -0.00548117794096, 0.00149059307296, 0.00143124861643, -0.00227038864978, -0.000118486801512], [0.000249443808571, -0.00055205100216, 0.000865714682732, -0.000326141103869, -0.000765057629906, -0.000249409262324, 0.0024928082712, -0.00548117794096, 0.0121248066425, -0.0040829339996, 0.00247604050674, -0.000850746058859, 0.00163334957324], [-0.00018157089653, 0.00129062822089, -0.000670033216011, 0.000442622229457, -0.000310783740133, -0.000727104081307, 0.000194968000869, 0.00149059307296, -0.0040829339996, 0.0151937212795, -0.00744271278381, 0.00392012065277, -0.00123313604854], [0.000310220348183, -0.00103126105387, 0.000638742931187, -0.000559958396479, 0.000150297564687, 0.000567124050576, -0.00171799946111, 0.00143124861643, 0.00247604050674, -0.00744271278381, 0.0186122115701, -0.00997953955084, 0.00345124816522], [-0.000201179878786, 0.00125215563457, -0.000424467696575, 0.00126162637025, 0.00122613704298, -0.00118732685223, 0.00206017703749, -0.00227038864978, -0.000850746058859, 0.00392012065277, -0.00997953955084, 0.0190524198115, -0.00619293330237], [0.000252273108345, -0.000628433423117, 0.000411760585848, -0.00101714464836, -0.000981566612609, 0.00184623303358, -0.000194017658941, -0.000118486801512, 0.00163334957324, -0.00123313604854, 0.00345124816522, -0.00619293330237, 0.0161824896932]], "mean": [-76.9274749756, 101.551750183, -78.5351638794, -4.84170818329, -61.6548576355, 8.61461353302, -45.9668312073, -4.56792783737, -29.4316978455, -1.85310578346, -18.6751480103, 1.1899497509, -12.1520061493]}, "hfc": {"dmean": 7.07705879211, "dmean2": 9.71104812622, "dvar": 202.456558228, "dvar2": 368.877868652, "max": 235.932785034, "mean": 15.2309856415, "median": 6.18791866302, "min": 1.18506156189e-16, "var": 455.302276611}, "melbands": {"dmean": [0.000252152560279, 0.000530313118361, 0.000630193273537, 0.000468556390842, 0.000385005812859, 0.000251452409429, 0.00025464585633, 0.000129476728034, 0.000118723219202, 0.000144676101627, 0.000104362887214, 9.43768391153e-05, 5.7880042732e-05, 7.59842514526e-05, 4.15471367887e-05, 4.62396128569e-05, 2.26507763728e-05, 1.19845226436e-05, 6.00434623266e-06, 5.22361824551e-06, 4.25171811003e-06, 3.03943079416e-06, 3.0094900012e-06, 1.37884444484e-06, 8.2260896761e-07, 8.11471181805e-07, 7.1676583957e-07, 6.00497230607e-07, 6.150874583e-07, 6.34953607914e-07, 6.68750715249e-07, 7.01774467871e-07, 6.54219149965e-07, 6.23285927759e-07, 5.92358105678e-07, 6.17069758846e-07, 6.65416109769e-07, 6.95091159741e-07, 8.86389898369e-07, 8.54654956584e-07], "dmean2": [0.000395586306695, 0.000862666987814, 0.00102162978146, 0.000732637709007, 0.000577311438974, 0.000351733586285, 0.00034861129825, 0.000185865166713, 0.000176053654286, 0.000209759949939, 0.000154565423145, 0.000143928918988, 8.88692957233e-05, 0.000117192255857, 6.48875866318e-05, 7.40333998692e-05, 3.68658475054e-05, 1.9182678443e-05, 9.58496639214e-06, 8.45740487421e-06, 6.93261517881e-06, 4.75307251691e-06, 4.83015583086e-06, 2.21426694225e-06, 1.27525754579e-06, 1.28263513943e-06, 1.1194513263e-06, 9.30654152853e-07, 9.63565526035e-07, 9.63611682891e-07, 1.03800539364e-06, 1.03471063539e-06, 9.37662662182e-07, 9.17392810607e-07, 8.58273381255e-07, 8.92017226306e-07, 9.38917878557e-07, 9.59445515036e-07, 1.21500045225e-06, 1.1745505617e-06], "dvar": [4.39432369603e-07, 1.86974546068e-06, 2.5302326776e-06, 9.69102643467e-07, 4.2455798166e-07, 2.63287375901e-07, 2.97511462577e-07, 7.64146719234e-08, 8.6286469525e-08, 1.8820061598e-07, 1.02258972845e-07, 9.78959278086e-08, 3.76305138161e-08, 7.21629760392e-08, 1.84654371793e-08, 2.14704343193e-08, 6.18433659838e-09, 9.4379171145e-10, 3.0915017768e-10, 2.72398603673e-10, 1.41737663273e-10, 4.6643671564e-11, 4.17706910727e-11, 1.32596225666e-11, 5.35529606771e-12, 5.57861135758e-12, 3.64667584324e-12, 3.09392073593e-12, 3.84884442026e-12, 4.71811912456e-12, 5.73711304158e-12, 4.73051632588e-12, 3.66269427982e-12, 4.12530079541e-12, 3.36848127516e-12, 3.47176302463e-12, 4.4629217856e-12, 4.90786014259e-12, 7.91230449215e-12, 7.91818520474e-12], "dvar2": [1.03345973912e-06, 4.80331163999e-06, 6.64474464429e-06, 2.51722963185e-06, 9.53545225002e-07, 5.60816943107e-07, 5.51770767743e-07, 1.62917530133e-07, 1.89245682236e-07, 4.04444620017e-07, 2.31783545246e-07, 2.30188277328e-07, 8.84210749064e-08, 1.7069231717e-07, 4.44411192291e-08, 5.42539311255e-08, 1.67580900268e-08, 2.43281639278e-09, 7.50834727725e-10, 6.77259082149e-10, 3.8761760468e-10, 1.16067426503e-10, 1.05802748507e-10, 3.2245494469e-11, 1.30367314166e-11, 1.40524814007e-11, 8.8543547494e-12, 7.72485287542e-12, 9.72402366961e-12, 1.12339347894e-11, 1.408918468e-11, 1.03576288171e-11, 7.5116718401e-12, 9.63650773761e-12, 7.84017642474e-12, 8.0086284826e-12, 1.02101304841e-11, 1.07306550798e-11, 1.62384827807e-11, 1.68720939997e-11], "max": [0.00643351767212, 0.0143250059336, 0.0221285317093, 0.0228733364493, 0.0189838819206, 0.0121596856043, 0.0115616554394, 0.00632489053532, 0.00756867416203, 0.0138119980693, 0.00874253455549, 0.0109323039651, 0.00682653486729, 0.00581763405353, 0.00506218103692, 0.00347767444327, 0.00210172310472, 0.000825515016913, 0.000754052249249, 0.00087810237892, 0.000357370154234, 0.000166450889083, 0.000215347696212, 0.000109681874164, 4.83354378957e-05, 3.90278401028e-05, 3.72290996893e-05, 3.45434309565e-05, 3.71720088879e-05, 6.1748069129e-05, 7.05122583895e-05, 5.65629998164e-05, 5.93911972828e-05, 5.32546764589e-05, 4.23322453571e-05, 3.57393000741e-05, 5.11741491209e-05, 4.84070660605e-05, 5.94416742388e-05, 9.67330342974e-05], "mean": [0.000257095467532, 0.000594166980591, 0.000864398549311, 0.000800779496785, 0.000766238663346, 0.000537144311238, 0.00051480170805, 0.000230341393035, 0.000190261183889, 0.000232409060118, 0.000178566682735, 0.000156896508997, 9.32520561037e-05, 0.000119367279694, 6.16405886831e-05, 7.10603562766e-05, 3.23546373693e-05, 1.76265602931e-05, 8.96331403055e-06, 7.26949019736e-06, 6.27704275757e-06, 4.66381652586e-06, 4.60835144622e-06, 1.86360023235e-06, 1.06742845674e-06, 1.11180054319e-06, 1.04294144876e-06, 8.22164395231e-07, 8.1503861793e-07, 8.32888360947e-07, 8.72172620348e-07, 1.01967373212e-06, 9.51803258431e-07, 8.54381767112e-07, 8.33425133351e-07, 8.89256853043e-07, 9.22035042095e-07, 8.55294445046e-07, 1.0269827726e-06, 9.92153559309e-07], "median": [4.3788106268e-05, 0.000212457554881, 0.000364078063285, 0.000410962937167, 0.000391773006413, 0.00020056127687, 0.000133229797939, 5.57047096663e-05, 3.7030018575e-05, 3.1244220736e-05, 3.10706236633e-05, 3.14007811539e-05, 9.63277034316e-06, 1.07454598037e-05, 9.26714710658e-06, 9.86684517557e-06, 5.2852024055e-06, 3.36190896633e-06, 1.96089968085e-06, 1.22691369597e-06, 1.26722909499e-06, 1.10737880732e-06, 1.20096660794e-06, 3.8311264916e-07, 2.02742356237e-07, 2.04043530516e-07, 1.80837702146e-07, 1.2777255165e-07, 1.50978763713e-07, 1.46962818803e-07, 1.13876872376e-07, 1.32510393769e-07, 1.14083391622e-07, 1.09766901346e-07, 9.3985150329e-08, 1.14804215912e-07, 1.06095860986e-07, 5.94511959662e-08, 5.80150896212e-08, 5.88578181748e-08], "min": [3.53410001083e-24, 3.85708057025e-24, 4.84495057147e-24, 6.82916175675e-24, 3.42010172142e-24, 1.40325843705e-23, 1.11433410732e-23, 1.29798029497e-23, 9.90948767566e-24, 7.54790476041e-24, 1.07965018101e-23, 7.90131286823e-24, 4.16716562044e-24, 4.26652699019e-24, 9.91504362301e-24, 1.65597823219e-23, 1.32100619816e-23, 1.47036604539e-23, 2.875998796e-23, 9.53416737847e-24, 8.55756309984e-24, 7.00033747343e-24, 9.58007671658e-24, 1.35403367434e-23, 1.09190426743e-23, 4.99084684602e-24, 7.02717057713e-24, 9.24764363137e-24, 1.17817780367e-23, 1.14514977529e-23, 1.54754440983e-23, 6.86740336685e-24, 6.21176568574e-24, 7.35958788512e-24, 1.56118681255e-23, 1.04558006738e-23, 1.07221264263e-23, 1.03754354691e-23, 8.30897251822e-24, 8.99829022125e-24], "var": [4.3752044121e-07, 1.56099099513e-06, 2.39201972363e-06, 1.36536777973e-06, 1.24428868276e-06, 9.10525670861e-07, 1.20841446005e-06, 1.99652376409e-07, 1.86190860063e-07, 4.56182590369e-07, 2.33560712104e-07, 2.34504142327e-07, 8.64634799314e-08, 1.73973162987e-07, 3.33777059325e-08, 3.97394082086e-08, 9.8046868402e-09, 1.54561752286e-09, 5.92588478288e-10, 4.38032582428e-10, 2.36271502363e-10, 8.33966437574e-11, 7.7222138406e-11, 1.94119789687e-11, 6.84648865379e-12, 7.40203471433e-12, 5.11146723906e-12, 3.84572885689e-12, 4.42532555739e-12, 5.66624264869e-12, 6.98032603941e-12, 7.30234882979e-12, 6.26982406965e-12, 5.66681207168e-12, 4.70279891418e-12, 4.9511896319e-12, 5.77851568678e-12, 6.34598927227e-12, 1.05770210299e-11, 1.0405545349e-11]}, "melbands_crest": {"dmean": 2.99432587624, "dmean2": 4.77266788483, "dvar": 7.0210185051, "dvar2": 18.5490379333, "max": 34.5621337891, "mean": 13.5412807465, "median": 12.8288011551, "min": 2.93173313141, "var": 21.8715400696}, "melbands_flatness_db": {"dmean": 0.0273759048432, "dmean2": 0.0385337546468, "dvar": 0.00102648220491, "dvar2": 0.00206088460982, "max": 0.625996351242, "mean": 0.260557770729, "median": 0.249425157905, "min": 0.00743929343298, "var": 0.00685118464753}, "melbands_kurtosis": {"dmean": 7.51449346542, "dmean2": 11.2780656815, "dvar": 190.68812561, "dvar2": 423.490875244, "max": 378.743133545, "mean": 15.134393692, "median": 8.54037380219, "min": -1.83193349838, "var": 468.21572876}, "melbands_skewness": {"dmean": 0.694139301777, "dmean2": 0.99931126833, "dvar": 0.594056725502, "dvar2": 1.20454216003, "max": 14.444108963, "mean": 2.42293834686, "median": 2.16542100906, "min": -1.93833696842, "var": 2.64053034782}, "melbands_spread": {"dmean": 3.79896306992, "dmean2": 5.78812599182, "dvar": 39.2884216309, "dvar2": 81.7938232422, "max": 203.903335571, "mean": 13.7582044601, "median": 10.3351173401, "min": 0.583904564381, "var": 308.240905762}, "mfcc": {"cov": [[14905.8486328, 26.8430156708, -969.778869629, -772.19744873, -226.266067505, -9.20850658417, -307.898468018, 203.310745239, -12.6328039169, -60.0158882141, 29.8868942261, 159.194534302, 59.6288032532], [26.8430156708, 1953.74523926, -45.8746643066, -142.55581665, -69.310874939, 12.7960863113, 15.854804039, -0.530050218105, -57.2217292786, -66.6111068726, -15.36789608, -13.7450294495, -89.2567062378], [-969.778869629, -45.8746643066, 934.776184082, 265.601074219, 114.243858337, 29.0067253113, 114.237586975, -15.4851198196, 26.6438121796, -13.3210363388, 17.4450092316, -25.126707077, 7.84433078766], [-772.19744873, -142.55581665, 265.601074219, 395.763214111, 175.949615479, -0.953300356865, 30.7536735535, -42.9375648499, 41.4761009216, 24.6763324738, -19.0446796417, -41.2434692383, 18.8893108368], [-226.266067505, -69.310874939, 114.243858337, 175.949615479, 300.775421143, 16.545539856, -33.41929245, -34.9499435425, 44.7798271179, 26.9892978668, -14.0496644974, -23.0232372284, 12.5315713882], [-9.20850658417, 12.7960863113, 29.0067253113, -0.953300356865, 16.545539856, 131.839004517, 42.5083694458, -0.191288352013, -3.32287955284, 11.7168684006, 20.2710800171, 1.26549315453, -9.10791397095], [-307.898468018, 15.854804039, 114.237586975, 30.7536735535, -33.41929245, 42.5083694458, 204.933685303, 22.1932487488, 3.96374559402, -1.21530926228, 18.6872215271, -10.611872673, -1.60808813572], [203.310745239, -0.530050218105, -15.4851198196, -42.9375648499, -34.9499435425, -0.191288352013, 22.1932487488, 120.748908997, 25.4938201904, -14.6629095078, 11.958114624, 16.9762897491, -2.0321457386], [-12.6328039169, -57.2217292786, 26.6438121796, 41.4761009216, 44.7798271179, -3.32287955284, 3.96374559402, 25.4938201904, 120.509101868, 37.3204612732, 10.7065963745, -21.8119106293, -15.7779903412], [-60.0158882141, -66.6111068726, -13.3210363388, 24.6763324738, 26.9892978668, 11.7168684006, -1.21530926228, -14.6629095078, 37.3204612732, 93.4591522217, 21.1089096069, -11.1180553436, -6.52024936676], [29.8868942261, -15.36789608, 17.4450092316, -19.0446796417, -14.0496644974, 20.2710800171, 18.6872215271, 11.958114624, 10.7065963745, 21.1089096069, 108.06111908, 34.059753418, -14.6275749207], [159.194534302, -13.7450294495, -25.126707077, -41.2434692383, -23.0232372284, 1.26549315453, -10.611872673, 16.9762897491, -21.8119106293, -11.1180553436, 34.059753418, 87.0457763672, 28.7152252197], [59.6288032532, -89.2567062378, 7.84433078766, 18.8893108368, 12.5315713882, -9.10791397095, -1.60808813572, -2.0321457386, -15.7779903412, -6.52024936676, -14.6275749207, 28.7152252197, 100.48841095]], "icov": [[7.96531166998e-05, 4.1902430894e-06, 4.02634250349e-05, 0.000124658778077, -2.24645864364e-05, -3.68420296581e-05, 9.18408331927e-05, -9.04972403077e-05, -4.27052145824e-05, 3.60574667866e-05, -1.02779313238e-05, -3.04704735754e-05, -6.81720121065e-05], [4.1902430894e-06, 0.000566140399314, -1.3851267795e-05, 0.000197709989152, -4.73852924188e-05, -2.43693211814e-05, -7.65712102293e-05, 6.50061192573e-05, 0.00017018429935, 0.000321828381857, 0.00011265782814, 1.50480184402e-06, 0.000531654455699], [4.02634250349e-05, -1.3851267795e-05, 0.00146506621968, -0.000832606106997, -0.000148883191287, -0.000115897979413, -0.000582123408094, 2.63360980171e-05, -0.000130630040076, 0.000657715601847, -0.000447119178716, 8.5506340838e-05, -6.21259241598e-05], [0.000124658778077, 0.000197709989152, -0.000832606106997, 0.00466498080641, -0.00205634650774, 0.000555562262889, -0.000571603013668, 0.000756102264859, -0.00053749140352, -0.000285136484308, 0.000303124717902, 0.000954870251007, -0.000728957587853], [-2.24645864364e-05, -4.73852924188e-05, -0.000148883191287, -0.00205634650774, 0.00513848895207, -0.001162221306, 0.00135644199327, 0.000742324395105, -0.00143430463504, -0.000260601460468, 0.000323719956214, 7.73193678469e-05, -0.000557105697226], [-3.68420296581e-05, -2.43693211814e-05, -0.000115897979413, 0.000555562262889, -0.001162221306, 0.00875721499324, -0.00201450590976, 6.48635905236e-05, 0.00107118755113, -0.00112665141933, -0.00107341923285, -0.000113718670036, 0.000783896190114], [9.18408331927e-05, -7.65712102293e-05, -0.000582123408094, -0.000571603013668, 0.00135644199327, -0.00201450590976, 0.00638710102066, -0.00132338365074, 2.07858447538e-05, 0.000166592290043, -0.00107333471533, 0.00152405106928, -0.00082359201042], [-9.04972403077e-05, 6.50061192573e-05, 2.63360980171e-05, 0.000756102264859, 0.000742324395105, 6.48635905236e-05, -0.00132338365074, 0.0106071503833, -0.00385945173912, 0.00253575458191, -8.99911174201e-05, -0.0021810233593, 0.000242581823841], [-4.27052145824e-05, 0.00017018429935, -0.000130630040076, -0.00053749140352, -0.00143430463504, 0.00107118755113, 2.07858447538e-05, -0.00385945173912, 0.012017657049, -0.00427607866004, -0.0010312628001, 0.00264965556562, 0.00118817656767], [3.60574667866e-05, 0.000321828381857, 0.000657715601847, -0.000285136484308, -0.000260601460468, -0.00112665141933, 0.000166592290043, 0.00253575458191, -0.00427607866004, 0.0143412267789, -0.00321798631921, 0.00167652301025, -0.00043731846381], [-1.02779313238e-05, 0.00011265782814, -0.000447119178716, 0.000303124717902, 0.000323719956214, -0.00107341923285, -0.00107333471533, -8.99911174201e-05, -0.0010312628001, -0.00321798631921, 0.0132286250591, -0.00695076351985, 0.00346855679527], [-3.04704735754e-05, 1.50480184402e-06, 8.5506340838e-05, 0.000954870251007, 7.73193678469e-05, -0.000113718670036, 0.00152405106928, -0.0021810233593, 0.00264965556562, 0.00167652301025, -0.00695076351985, 0.0181964337826, -0.00589314009994], [-6.81720121065e-05, 0.000531654455699, -6.21259241598e-05, -0.000728957587853, -0.000557105697226, 0.000783896190114, -0.00082359201042, 0.000242581823841, 0.00118817656767, -0.00043731846381, 0.00346855679527, -0.00589314009994, 0.0130852926522]], "mean": [-730.336730957, 151.588546753, 27.0070705414, -2.20374941826, 1.51458084583, 2.27777266502, -6.80838775635, -5.09672117233, -7.92551088333, -9.01889610291, -5.59560680389, -2.81683564186, -7.67847824097]}, "pitch_salience": {"dmean": 0.0661848261952, "dmean2": 0.105817586184, "dvar": 0.00349590228871, "dvar2": 0.00886330008507, "max": 0.858680009842, "mean": 0.585354685783, "median": 0.595753073692, "min": 0.173209816217, "var": 0.0102147562429}, "silence_rate_20dB": {"dmean": 0, "dmean2": 0, "dvar": 0, "dvar2": 0, "max": 1, "mean": 1, "median": 1, "min": 1, "var": 0}, "silence_rate_30dB": {"dmean": 0.000388274114812, "dmean2": 0.000776623608544, "dvar": 0.000388124550227, "dvar2": 0.000970180903096, "max": 1, "mean": 0.999611735344, "median": 1, "min": 0, "var": 0.00038808688987}, "silence_rate_60dB": {"dmean": 0.0619297213852, "dmean2": 0.123871468008, "dvar": 0.0581011138856, "dvar2": 0.119205117226, "max": 1, "mean": 0.172085806727, "median": 0, "min": 0, "var": 0.142470166087}, "spectral_centroid": {"dmean": 128.173919678, "dmean2": 193.669586182, "dvar": 48278.8984375, "dvar2": 100606.890625, "max": 10730.4726563, "mean": 688.485168457, "median": 581.299865723, "min": 156.326141357, "var": 289034.8125}, "spectral_complexity": {"dmean": 2.2917881012, "dmean2": 3.50354337692, "dvar": 9.52029323578, "dvar2": 19.7387294769, "max": 44, "mean": 11.1417064667, "median": 11, "min": 0, "var": 41.7133674622}, "spectral_contrast_coeffs": {"dmean": [0.0516355112195, 0.045002348721, 0.0401475578547, 0.0340044274926, 0.0218003056943, 0.0155953988433], "dmean2": [0.081804446876, 0.0703401789069, 0.0605837218463, 0.0516337864101, 0.0333010405302, 0.0236165523529], "dvar": [0.00213094195351, 0.00149598671123, 0.00119888945483, 0.000854617625009, 0.000377199728973, 0.000217939072172], "dvar2": [0.00541463820264, 0.00354648940265, 0.00258357450366, 0.00182996189687, 0.000813655904494, 0.000474895641673], "max": [-0.265265524387, -0.394168525934, -0.409510999918, -0.509026229382, -0.614351689816, -0.668050527573], "mean": [-0.585043847561, -0.698296248913, -0.726699769497, -0.7611322999, -0.804765045643, -0.818891108036], "median": [-0.583964824677, -0.699114620686, -0.730736196041, -0.761685967445, -0.805322647095, -0.820165514946], "min": [-0.973109304905, -0.962820470333, -0.958504319191, -0.958125114441, -0.959387004375, -0.960241854191], "var": [0.0079973610118, 0.00743185309693, 0.00773490406573, 0.00554412323982, 0.00293277832679, 0.00159972044639]}, "spectral_contrast_valleys": {"dmean": [0.450672984123, 0.394710510969, 0.403143048286, 0.410912454128, 0.387242138386, 0.401637256145], "dmean2": [0.661060869694, 0.572512090206, 0.563497781754, 0.557788789272, 0.487039089203, 0.464557439089], "dvar": [0.190220668912, 0.163009896874, 0.190113171935, 0.225360825658, 0.240014389157, 0.284409433603], "dvar2": [0.341933995485, 0.282384485006, 0.291473418474, 0.362670481205, 0.357105463743, 0.395938903093], "max": [-5.32062292099, -4.42244720459, -5.06604242325, -6.05255508423, -5.93826198578, -7.60967588425], "mean": [-7.97187280655, -7.20365285873, -8.18803596497, -8.88954257965, -9.22220230103, -10.9367246628], "median": [-7.75434112549, -6.90520143509, -7.87601232529, -8.62239360809, -9.10406684875, -10.8747959137], "min": [-27.2709503174, -27.2982120514, -27.1701641083, -27.4841537476, -27.2536849976, -27.1505184174], "var": [2.74634480476, 2.68260025978, 2.86071300507, 2.62398028374, 2.27935385704, 2.44478869438]}, "spectral_decrease": {"dmean": 1.87945370378e-09, "dmean2": 2.63300803383e-09, "dvar": 8.0853538252e-18, "dvar2": 1.68233117947e-17, "max": 1.21238094978e-29, "mean": -5.11485254151e-09, "median": -3.09613823468e-09, "min": -3.2155273999e-08, "var": 2.75468961451e-17}, "spectral_energy": {"dmean": 0.00764956185594, "dmean2": 0.0106448885053, "dvar": 0.000135024776682, "dvar2": 0.000275134225376, "max": 0.125797718763, "mean": 0.0206861048937, "median": 0.0123883085325, "min": 1.07031048189e-20, "var": 0.000457999209175}, "spectral_energyband_high": {"dmean": 0.000378753669793, "dmean2": 0.000508422788698, "dvar": 1.12474720027e-06, "dvar2": 2.02582964448e-06, "max": 0.0183112695813, "mean": 0.000494066393003, "median": 5.28380987816e-05, "min": 7.99438477304e-21, "var": 1.77831896053e-06}, "spectral_energyband_low": {"dmean": 0.0024016040843, "dmean2": 0.00360430683941, "dvar": 2.83942335955e-05, "dvar2": 6.60873702145e-05, "max": 0.0709331333637, "mean": 0.00344863045029, "median": 0.00139305426273, "min": 3.33130217367e-23, "var": 3.35287986672e-05}, "spectral_energyband_middle_high": {"dmean": 0.00178521929774, "dmean2": 0.00267414026894, "dvar": 1.51026451931e-05, "dvar2": 3.46395754605e-05, "max": 0.0826910287142, "mean": 0.00405715825036, "median": 0.0010311662918, "min": 1.60766277998e-21, "var": 5.58303217986e-05}, "spectral_energyband_middle_low": {"dmean": 0.00541374925524, "dmean2": 0.00786510854959, "dvar": 7.40801842767e-05, "dvar2": 0.000172582600499, "max": 0.117311805487, "mean": 0.013734953478, "median": 0.00856770668179, "min": 2.80502378128e-22, "var": 0.000209217017982}, "spectral_entropy": {"dmean": 0.259040981531, "dmean2": 0.33780965209, "dvar": 0.0969454795122, "dvar2": 0.154860660434, "max": 9.80712509155, "mean": 6.93745994568, "median": 6.91656303406, "min": 4.16987609863, "var": 0.565896570683}, "spectral_flux": {"dmean": 0.0219400264323, "dmean2": 0.0321020036936, "dvar": 0.000803157803603, "dvar2": 0.00151260360144, "max": 0.301183879375, "mean": 0.0635804086924, "median": 0.0496718473732, "min": 1.03455813361e-10, "var": 0.00243046414107}, "spectral_kurtosis": {"dmean": 3.36316633224, "dmean2": 4.89608097076, "dvar": 23.977563858, "dvar2": 45.9771080017, "max": 110.069061279, "mean": 11.1832056046, "median": 8.69435119629, "min": -1.12017214298, "var": 112.636680603}, "spectral_rms": {"dmean": 0.000762807147112, "dmean2": 0.00100759207271, "dvar": 9.29467887545e-07, "dvar2": 1.66926906786e-06, "max": 0.0110783344135, "mean": 0.00387304509059, "median": 0.00347651471384, "min": 3.23141665336e-12, "var": 5.18094702784e-06}, "spectral_rolloff": {"dmean": 392.194061279, "dmean2": 676.757568359, "dvar": 1332862.625, "dvar2": 3186352.75, "max": 18841.5527344, "mean": 1159.24804688, "median": 710.595703125, "min": 150.732421875, "var": 4140818.75}, "spectral_skewness": {"dmean": 0.362883448601, "dmean2": 0.503957271576, "dvar": 0.196112424135, "dvar2": 0.337107330561, "max": 9.29851341248, "mean": 2.67713356018, "median": 2.56323075294, "min": 0.0545523278415, "var": 1.17566239834}, "spectral_spread": {"dmean": 965379.125, "dmean2": 1202658.25, "dvar": 1550510587900.0, "dvar2":