{"lowlevel": {"average_loudness": 0.933408737183, "barkbands": {"dmean": [0.00016353421961, 0.00219272007234, 0.00143939128611, 0.00109823944513, 0.00121621182188, 0.00130825222004, 0.000526043935679, 0.000617002253421, 0.000610762508586, 0.000415573042119, 0.00028454940184, 0.000583035987802, 0.000820243207272, 0.000440575444372, 0.000683447811753, 0.00033934408566, 0.000559266889468, 0.000275181722827, 0.000239609566052, 0.000184484757483, 0.000159685863764, 0.00013026529632, 0.000119453638035, 0.000103961923742, 5.31423065695e-05, 2.7222393328e-05, 3.61012394023e-06], "dmean2": [0.00024771867902, 0.00349237606861, 0.00253246235661, 0.00185947224963, 0.00207775924355, 0.00195047457237, 0.000831457902677, 0.000979035394266, 0.000956694653723, 0.000644741754513, 0.00043418732821, 0.000923367508221, 0.00124700937886, 0.000693381589372, 0.00107981695328, 0.000535971659701, 0.000852326629683, 0.000431347900303, 0.000371186935809, 0.000287681497866, 0.000243502247031, 0.000186846606084, 0.000169084305526, 0.000141393567901, 7.02603720129e-05, 3.56854980055e-05, 5.4613346947e-06], "dvar": [9.45595175494e-08, 1.14939630294e-05, 9.14563770493e-06, 3.58153920388e-06, 6.07517040407e-06, 4.43846511189e-06, 1.93497157852e-06, 3.22658343066e-06, 2.75627689916e-06, 1.18394871151e-06, 6.15392991676e-07, 1.41539123888e-06, 2.20567881115e-06, 9.01047997104e-07, 1.13565329229e-06, 3.15603159606e-07, 9.56922463047e-07, 1.58634023251e-07, 1.84693774941e-07, 1.4813259952e-07, 7.55060440838e-08, 6.77735911836e-08, 6.63563213266e-08, 5.73662859438e-08, 1.60270321459e-08, 5.19102361096e-09, 1.72637723561e-10], "dvar2": [2.07711863709e-07, 2.87817674689e-05, 2.55870345427e-05, 9.70682140178e-06, 1.64452922036e-05, 9.98312680167e-06, 4.28543626185e-06, 7.41210487831e-06, 6.12332542005e-06, 2.81333973362e-06, 1.14281021979e-06, 3.3324731703e-06, 5.15151759828e-06, 2.1132236725e-06, 2.65448284154e-06, 7.6676280969e-07, 2.01865827876e-06, 3.61828540463e-07, 4.23808103278e-07, 3.34260022328e-07, 1.658470552e-07, 1.39825843348e-07, 1.3898707607e-07, 1.10749141413e-07, 3.04194678336e-08, 9.63121493669e-09, 3.83542697602e-10], "max": [0.00665757805109, 0.0370297729969, 0.0279289223254, 0.0387007668614, 0.0362945459783, 0.0519009977579, 0.0304609313607, 0.0380775891244, 0.0346705913544, 0.0303137525916, 0.0327292121947, 0.0214605946094, 0.0301864221692, 0.0208390913904, 0.0228474140167, 0.0192130096257, 0.0249428767711, 0.0123742064461, 0.0166615042835, 0.0206065699458, 0.00815062504262, 0.00719896890223, 0.00627986807376, 0.0059763439931, 0.00190157792531, 0.00149651209358, 0.000275968661299], "mean": [0.000261745997705, 0.00471000187099, 0.0017648129724, 0.00173549726605, 0.00172610371374, 0.00259020249359, 0.000797903048806, 0.000905136403162, 0.000999270589091, 0.000855176243931, 0.000489548954647, 0.00101664406247, 0.00163032778073, 0.000763671356253, 0.00128126388881, 0.000619698257651, 0.00107968051452, 0.000543595990166, 0.000483418902149, 0.000403843441745, 0.000361489655916, 0.000289156421786, 0.000240493769525, 0.000185540426173, 8.95727789612e-05, 4.03709091188e-05, 3.8212237996e-06], "median": [5.14154235134e-05, 0.00355693302117, 0.000872856355272, 0.000787626951933, 0.00084574893117, 0.00130679039285, 0.000282140652416, 0.000213880586671, 0.000314256700221, 0.000151405285578, 0.000138040428283, 0.000469820573926, 0.000677080766764, 0.00034015183337, 0.000747298588976, 0.000399799406296, 0.000522041518707, 0.00036821939284, 0.000301714986563, 0.000265195441898, 0.000224104689551, 0.000145228055771, 7.64115320635e-05, 5.00774913235e-05, 2.00738359126e-05, 7.6823771451e-06, 2.43463546212e-07], "min": [2.69997505573e-25, 1.00835514121e-24, 1.32850073174e-24, 3.63731412794e-25, 7.38936896201e-24, 7.79266305575e-24, 7.56459942375e-24, 3.03467512997e-24, 1.28563604175e-23, 1.20151183593e-23, 1.23607135887e-23, 1.75340949596e-23, 2.71761256562e-23, 4.05150472778e-23, 4.68957455543e-23, 3.99872456897e-23, 9.08296591973e-23, 9.50009032286e-23, 1.16745267169e-22, 1.60481697373e-22, 2.19554176798e-22, 3.30484024482e-22, 3.82310772316e-22, 5.57559920591e-22, 8.93571853156e-22, 1.27247833095e-21, 1.939673711e-21], "var": [2.3934248361e-07, 2.27323471336e-05, 7.79651873017e-06, 6.09256494499e-06, 7.46049954614e-06, 1.10239225251e-05, 4.25723555963e-06, 5.17872786077e-06, 5.72799308429e-06, 6.20519085714e-06, 2.11057863453e-06, 3.03983597405e-06, 6.91625473337e-06, 2.06503273148e-06, 2.84653560811e-06, 6.16613647253e-07, 2.59448438555e-06, 3.72004848259e-07, 4.04607675364e-07, 3.19275784477e-07, 1.99068537654e-07, 1.86681802461e-07, 1.87129643336e-07, 1.21580811197e-07, 3.18695541068e-08, 9.32608834603e-09, 2.06831191063e-10]}, "barkbands_crest": {"dmean": 2.23913788795, "dmean2": 3.58314418793, "dvar": 4.30607318878, "dvar2": 10.7660388947, "max": 24.2916851044, "mean": 8.57818031311, "median": 7.89776420593, "min": 2.4465546608, "var": 11.3128404617}, "barkbands_flatness_db": {"dmean": 0.016320368275, "dmean2": 0.0232290104032, "dvar": 0.000276943144854, "dvar2": 0.0005215263227, "max": 0.336037069559, "mean": 0.103172950447, "median": 0.0990175977349, "min": 0.0153532717377, "var": 0.00154771760572}, "barkbands_kurtosis": {"dmean": 1.34436559677, "dmean2": 2.11566305161, "dvar": 11.368103981, "dvar2": 25.148267746, "max": 112.891792297, "mean": 0.828934669495, "median": -0.469955742359, "min": -1.91257917881, "var": 27.5145263672}, "barkbands_skewness": {"dmean": 0.42997816205, "dmean2": 0.644667506218, "dvar": 0.223583757877, "dvar2": 0.483830451965, "max": 9.92271327972, "mean": 0.758214950562, "median": 0.640578448772, "min": -3.02671122551, "var": 0.993262469769}, "barkbands_spread": {"dmean": 5.98165416718, "dmean2": 8.74368286133, "dvar": 40.9372406006, "dvar2": 83.7978515625, "max": 127.72795105, "mean": 32.4751472473, "median": 31.0831890106, "min": 1.32818603516, "var": 186.456481934}, "dissonance": {"dmean": 0.0108492169529, "dmean2": 0.0181337185204, "dvar": 0.000146000718814, "dvar2": 0.000390827422962, "max": 0.500000059605, "mean": 0.478947103024, "median": 0.484146028757, "min": 0.297402173281, "var": 0.000319893355481}, "dynamic_complexity": 2.59536075592, "erbbands": {"dmean": [0.0624341368675, 0.528702497482, 1.48940634727, 2.92676472664, 3.09587407112, 5.01177310944, 8.1417350769, 10.2077617645, 5.59069108963, 10.8869724274, 15.2004995346, 14.3049211502, 11.0084733963, 12.8918952942, 11.2792129517, 25.823179245, 36.2008247375, 20.8747253418, 22.9932155609, 38.2047195435, 16.9119186401, 26.8667106628, 19.5310382843, 10.4860897064, 12.172328949, 8.22000408173, 7.55274772644, 6.20561647415, 4.89504623413, 3.88744354248, 3.46682143211, 2.50114274025, 1.60490906239, 0.772401094437, 0.307068765163, 0.129146680236, 0.0489325150847, 0.00923357624561, 0.000578308652621, 2.51151195698e-05], "dmean2": [0.100423671305, 0.859551250935, 2.57814693451, 5.03525495529, 5.29451990128, 8.69672393799, 12.4274663925, 15.3030405045, 8.80636501312, 17.4622364044, 23.8970680237, 22.26379776, 16.8241596222, 19.6126499176, 16.8903884888, 40.4030990601, 54.8992843628, 32.1815910339, 36.2129135132, 60.2491340637, 26.0827541351, 40.7549705505, 29.8359909058, 16.1531658173, 18.9221916199, 12.7449960709, 11.6109781265, 9.46543598175, 7.117664814, 5.53687810898, 4.97508716583, 3.4670817852, 2.18984508514, 1.04142320156, 0.407743662596, 0.169574767351, 0.065369181335, 0.0123579269275, 0.000892323150765, 3.80162637157e-05], "dvar": [0.0116365030408, 0.729256808758, 8.34854888916, 29.0231380463, 26.4832401276, 130.041412354, 180.885131836, 268.206237793, 298.308929443, 683.411010742, 1933.96081543, 1640.26904297, 888.748718262, 1094.6541748, 731.741394043, 2446.29614258, 4156.4453125, 1801.45996094, 1818.84558105, 3653.93652344, 693.809875488, 1898.69775391, 783.459594727, 318.725067139, 550.487365723, 240.495544434, 154.06552124, 126.592727661, 94.7483291626, 73.8185424805, 58.2867012024, 32.5774612427, 13.8571357727, 3.56270885468, 0.516026079655, 0.101075805724, 0.0189203694463, 0.000732618325856, 5.63396179132e-06, 6.97813407058e-09], "dvar2": [0.0292308088392, 1.86501193047, 23.2565727234, 80.4590377808, 71.5002746582, 356.655822754, 433.68081665, 607.894165039, 653.783874512, 1637.5168457, 4416.45361328, 3564.76733398, 2018.35900879, 2416.28979492, 1446.22058105, 5879.99658203, 9747.65722656, 3964.06030273, 4349.70898438, 8539.10058594, 1593.35290527, 3987.55541992, 1733.6472168, 717.023864746, 1239.8359375, 530.759216309, 362.205749512, 284.074035645, 203.242004395, 153.860107422, 126.134231567, 66.0531082153, 26.8816318512, 6.95372867584, 0.979072928429, 0.18484583497, 0.0367384031415, 0.00141187920235, 1.30800872284e-05, 1.66689275716e-08], "max": [1.33959615231, 9.73102855682, 28.2384319305, 82.4137039185, 118.61857605, 149.778305054, 337.274993896, 297.726043701, 479.11315918, 519.493041992, 984.477905273, 946.467102051, 825.970092773, 1120.50134277, 1109.55993652, 976.50592041, 1531.75256348, 901.386535645, 820.06237793, 1501.25292969, 635.438049316, 1136.57336426, 638.858520508, 908.02130127, 720.859313965, 695.352661133, 224.16255188, 334.179168701, 294.368560791, 230.613311768, 221.309204102, 205.408309937, 63.6610946655, 29.3945541382, 13.1684503555, 5.67027425766, 2.97428846359, 0.502559065819, 0.0501497201622, 0.00207451730967], "mean": [0.116975300014, 1.08298754692, 2.23381614685, 4.29774999619, 4.88191652298, 6.43531560898, 15.6598243713, 19.6681423187, 8.82828807831, 15.9878082275, 23.9185657501, 23.369474411, 22.123342514, 26.6910209656, 21.453332901, 49.58644104, 75.195274353, 42.653842926, 45.0781288147, 72.7298278809, 35.3997459412, 54.5661354065, 40.4598464966, 23.0500526428, 24.154088974, 18.5592441559, 15.9427938461, 14.1567354202, 11.0448255539, 7.93427562714, 6.7919678688, 4.59037017822, 2.71032381058, 1.26121282578, 0.529049694538, 0.205512270331, 0.0691107362509, 0.0121836075559, 0.000591712072492, 5.14301391377e-05], "median": [0.0631477534771, 0.736801803112, 1.42920529842, 2.27791452408, 2.54736256599, 2.93369579315, 8.84281921387, 9.12428379059, 3.75197219849, 5.48256111145, 6.75830936432, 8.16459465027, 6.64168119431, 5.72659397125, 9.01116752625, 26.9836425781, 33.3315963745, 21.2179412842, 27.3983840942, 42.581703186, 23.5988731384, 29.6419830322, 26.2881507874, 16.193359375, 15.4374904633, 12.4880828857, 10.1293907166, 8.31125831604, 5.72491836548, 3.00621128082, 2.0463411808, 1.36819672585, 0.655328512192, 0.285899758339, 0.11459364742, 0.0424847304821, 0.0117785353214, 0.00153283064719, 5.61172128073e-05, 3.65891828551e-05], "min": [8.61240155452e-23, 6.56971692239e-22, 2.6537107176e-21, 2.17291541968e-21, 1.51074699957e-20, 1.43402842114e-20, 4.43817586122e-20, 6.46684439145e-20, 9.69124741044e-20, 1.11339867543e-19, 1.79671887928e-19, 3.14147816258e-19, 3.98751228925e-19, 7.23744675483e-19, 8.42875227303e-19, 9.16319973506e-19, 1.59889070002e-18, 1.99211581962e-18, 2.93048873845e-18, 2.92406444022e-18, 3.96967367405e-18, 5.94860692304e-18, 6.26455848417e-18, 5.71579528527e-18, 6.9126036225e-18, 7.59678704102e-18, 6.10483652533e-18, 1.10858456181e-17, 1.25457557064e-17, 1.12681752503e-17, 1.33907587524e-17, 1.11151666893e-17, 1.09726864831e-17, 8.63763502324e-18, 6.3677186599e-18, 4.24317019024e-18, 2.45199515297e-18, 9.24621661531e-19, 2.45396906441e-19, 2.77864960405e-20], "var": [0.0221075378358, 1.33143675327, 7.61166334152, 33.3200950623, 49.8509750366, 131.441452026, 414.054870605, 652.713684082, 514.979003906, 1164.40112305, 3117.24975586, 3279.57470703, 3592.39501953, 4856.77197266, 2052.88427734, 5622.91601563, 13088.3623047, 5440.28955078, 3729.46118164, 9762.72753906, 1822.97717285, 5520.72998047, 2077.16796875, 675.673522949, 1091.07067871, 561.836364746, 358.425079346, 354.691741943, 263.32421875, 185.147918701, 158.135604858, 71.0099258423, 27.5223503113, 6.48714780807, 1.11979949474, 0.198672145605, 0.0312223229557, 0.0012077606516, 5.8379409893e-06, 7.03426561444e-09]}, "erbbands_crest": {"dmean": 2.4991607666, "dmean2": 3.98170685768, "dvar": 5.5460100174, "dvar2": 13.6248264313, "max": 31.9694042206, "mean": 8.63421916962, "median": 7.75557899475, "min": 2.27463817596, "var": 15.9804296494}, "erbbands_flatness_db": {"dmean": 0.0156087502837, "dmean2": 0.0216614026576, "dvar": 0.000245542469202, "dvar2": 0.000438299466623, "max": 0.324843585491, "mean": 0.151523694396, "median": 0.148719802499, "min": 0.0242702011019, "var": 0.00156878179405}, "erbbands_kurtosis": {"dmean": 0.789858102798, "dmean2": 1.23726260662, "dvar": 1.03993523121, "dvar2": 2.33363127708, "max": 29.9178295135, "mean": 0.516071796417, "median": 0.157490164042, "min": -1.63345110416, "var": 2.54844880104}, "erbbands_skewness": {"dmean": 0.290929019451, "dmean2": 0.438407868147, "dvar": 0.0808315426111, "dvar2": 0.175296038389, "max": 4.18242645264, "mean": -0.247938960791, "median": -0.308704435825, "min": -3.28126525879, "var": 0.404288828373}, "erbbands_spread": {"dmean": 7.04414367676, "dmean2": 10.7164936066, "dvar": 53.7932357788, "dvar2": 122.897125244, "max": 124.984634399, "mean": 34.2688865662, "median": 32.2930793762, "min": 3.60125160217, "var": 201.54536438}, "gfcc": {"cov": [[18441.0117188, 507.815948486, -1751.47521973, 572.165771484, -995.625732422, 368.215209961, -583.399780273, 168.889907837, -265.145507813, 111.958770752, -202.060501099, 9.40869140625, -198.752853394], [507.815948486, 1217.46960449, -394.748962402, -52.5768280029, 208.308349609, -194.61114502, 115.499710083, -130.56590271, 29.4940223694, -68.5861740112, 20.4805927277, -33.2581138611, 16.4986343384], [-1751.47521973, -394.748962402, 792.778808594, 59.9532699585, 47.1127319336, 80.2880859375, -29.0423069, 71.2569961548, 15.857676506, 33.6743621826, 7.68784046173, 6.11036109924, 4.10841751099], [572.165771484, -52.5768280029, 59.9532699585, 298.632659912, 5.32277679443, 76.7022781372, -24.4134120941, 28.4869308472, 14.4244747162, 25.7037277222, 8.08626747131, -8.58055305481, 6.42336082458], [-995.625732422, 208.308349609, 47.1127319336, 5.32277679443, 303.329223633, -13.5158338547, 69.7314834595, -36.4307022095, 28.6181240082, 6.94382762909, 4.21513032913, -11.6508646011, 12.0589542389], [368.215209961, -194.61114502, 80.2880859375, 76.7022781372, -13.5158338547, 235.205429077, 62.1361923218, 71.9855117798, -6.35254907608, 17.8746738434, -9.24957275391, 8.41027164459, 10.4704866409], [-583.399780273, 115.499710083, -29.0423069, -24.4134120941, 69.7314834595, 62.1361923218, 202.571304321, 35.8381538391, 15.8181428909, -32.6950111389, 12.9062042236, -2.82322192192, 7.42693471909], [168.889907837, -130.56590271, 71.2569961548, 28.4869308472, -36.4307022095, 71.9855117798, 35.8381538391, 127.055023193, 31.4171695709, 16.031255722, 2.51805782318, 2.97067070007, -13.3197441101], [-265.145507813, 29.4940223694, 15.857676506, 14.4244747162, 28.6181240082, -6.35254907608, 15.8181428909, 31.4171695709, 98.1928024292, 32.6766014099, 8.80384540558, -0.0701010003686, 8.24071025848], [111.958770752, -68.5861740112, 33.6743621826, 25.7037277222, 6.94382762909, 17.8746738434, -32.6950111389, 16.031255722, 32.6766014099, 84.2765655518, 25.9968452454, 13.0568571091, 8.76328468323], [-202.060501099, 20.4805927277, 7.68784046173, 8.08626747131, 4.21513032913, -9.24957275391, 12.9062042236, 2.51805782318, 8.80384540558, 25.9968452454, 80.9845199585, 41.2964324951, 13.7850341797], [9.40869140625, -33.2581138611, 6.11036109924, -8.58055305481, -11.6508646011, 8.41027164459, -2.82322192192, 2.97067070007, -0.0701010003686, 13.0568571091, 41.2964324951, 73.4803237915, 32.3602828979], [-198.752853394, 16.4986343384, 4.10841751099, 6.42336082458, 12.0589542389, 10.4704866409, 7.42693471909, -13.3197441101, 8.24071025848, 8.76328468323, 13.7850341797, 32.3602828979, 71.4826202393]], "icov": [[0.000206639248063, -0.000353306619218, 0.000410218548495, -0.000338531768648, 0.000518075830769, -0.000535386730917, 0.000656827702187, -0.000525956798811, 0.000610335089732, -0.00064284884138, 0.000807719829027, -0.000698361196555, 0.000656543532386], [-0.000353306619218, 0.00214541726746, -7.85903175711e-05, 0.000378799217287, -0.00166342791636, 0.00184518180322, -0.00181359355338, 0.00159774813801, -0.00159883650485, 0.00200205226429, -0.00213435990736, 0.00198690034449, -0.00155954807997], [0.000410218548495, -7.85903175711e-05, 0.0025145446416, -0.00076489377534, 0.000194180785911, -0.00111138413195, 0.00175197597127, -0.00174623262137, 0.001099837129, -0.000828456308227, 0.000959489960223, -0.000873956421856, 0.000890936818905], [-0.000338531768648, 0.000378799217287, -0.00076489377534, 0.00467553734779, -0.00111675285734, -0.00101144157816, 0.00053103879327, 0.000333078787662, -0.00154181616381, 0.0013244417496, -0.00296645145863, 0.00300900777802, -0.00183617777657], [0.000518075830769, -0.00166342791636, 0.000194180785911, -0.00111675285734, 0.00607959227636, -0.00129067606758, -0.000385180028388, 0.000754868087824, 0.000709174957592, -0.00341201829724, 0.00299521326087, -0.00177795742638, 0.00182152213529], [-0.000535386730917, 0.00184518180322, -0.00111138413195, -0.00101144157816, -0.00129067606758, 0.00926908757538, -0.00530902808532, -0.00111108191777, 0.00107733719051, -0.00122141942848, 0.00097482156707, 0.000400199380238, -0.0028987438418], [0.000656827702187, -0.00181359355338, 0.00175197597127, 0.00053103879327, -0.000385180028388, -0.00530902808532, 0.0114015899599, -0.00457751518115, 0.00026854276075, 0.00358618982136, -0.00181538891047, 0.000275287369732, 0.000656370830256], [-0.000525956798811, 0.00159774813801, -0.00174623262137, 0.000333078787662, 0.000754868087824, -0.00111108191777, -0.00457751518115, 0.0150102004409, -0.00636254716665, 0.000803639763035, -0.00149758323096, 5.41338013136e-05, 0.0024464703165], [0.000610335089732, -0.00159883650485, 0.001099837129, -0.00154181616381, 0.000709174957592, 0.00107733719051, 0.00026854276075, -0.00636254716665, 0.0167289022356, -0.0084857577458, 0.00384186138399, -0.00127518398222, -0.000401417753892], [-0.00064284884138, 0.00200205226429, -0.000828456308227, 0.0013244417496, -0.00341201829724, -0.00122141942848, 0.00358618982136, 0.000803639763035, -0.0084857577458, 0.0222999658436, -0.0106417071074, 0.00447587668896, -0.00351883331314], [0.000807719829027, -0.00213435990736, 0.000959489960223, -0.00296645145863, 0.00299521326087, 0.00097482156707, -0.00181538891047, -0.00149758323096, 0.00384186138399, -0.0106417071074, 0.0256606303155, -0.0160403177142, 0.00538600515574], [-0.000698361196555, 0.00198690034449, -0.000873956421856, 0.00300900777802, -0.00177795742638, 0.000400199380238, 0.000275287369732, 5.41338013136e-05, -0.00127518398222, 0.00447587668896, -0.0160403177142, 0.0284666195512, -0.0125929880887], [0.000656543532386, -0.00155954807997, 0.000890936818905, -0.00183617777657, 0.00182152213529, -0.0028987438418, 0.000656370830256, 0.0024464703165, -0.000401417753892, -0.00351883331314, 0.00538600515574, -0.0125929880887, 0.0219334773719]], "mean": [12.0959472656, 78.295501709, -130.620727539, 45.0101165771, -46.7945632935, 17.8466358185, -38.051448822, 4.21472358704, -22.0615329742, 6.9691901207, -14.1133346558, 3.36211919785, -11.739276886]}, "hfc": {"dmean": 7.83042383194, "dmean2": 10.5293083191, "dvar": 117.888496399, "dvar2": 209.006195068, "max": 203.684371948, "mean": 28.9990062714, "median": 24.563369751, "min": 1.08952901711e-16, "var": 470.537261963}, "melbands": {"dmean": [0.000570493692067, 0.000729273539037, 0.000488366058562, 0.000282859284198, 0.000262573448708, 0.000231782367337, 8.98535363376e-05, 0.000121079276141, 0.000127044550027, 8.36292820168e-05, 5.6715154642e-05, 5.6021825003e-05, 3.96460636694e-05, 6.3464663981e-05, 8.26284376672e-05, 6.66778651066e-05, 4.04125967179e-05, 3.98039519496e-05, 5.25213145011e-05, 3.71698515664e-05, 2.08533765544e-05, 2.71644894383e-05, 3.23902859236e-05, 1.26224613268e-05, 8.84818564373e-06, 1.08406138679e-05, 7.6291116784e-06, 5.86414807913e-06, 5.3791004575e-06, 4.02562591262e-06, 3.94098560719e-06, 3.07875006911e-06, 2.48961646321e-06, 2.3055508791e-06, 2.15697127715e-06, 1.8198492171e-06, 1.54643441874e-06, 1.21648463391e-06, 8.86587315563e-07, 6.16772240392e-07], "dmean2": [0.000907358364202, 0.0012210624991, 0.000836253282614, 0.00049208139535, 0.00040593315498, 0.000345512235072, 0.000141093129059, 0.000193908548681, 0.000199650981813, 0.00013017503079, 8.69808500283e-05, 8.52035518619e-05, 5.91561547481e-05, 0.000100726407254, 0.000125987207866, 0.000102301200968, 6.26275868854e-05, 6.29308560747e-05, 8.37338884594e-05, 5.85170091654e-05, 3.25849541696e-05, 4.14403439208e-05, 4.98758017784e-05, 1.99820333364e-05, 1.38933091876e-05, 1.71666797542e-05, 1.200281622e-05, 9.30390433496e-06, 8.51165623317e-06, 6.21528624833e-06, 6.06861340202e-06, 4.60224919152e-06, 3.61523279935e-06, 3.3877918213e-06, 3.20465687764e-06, 2.61666536971e-06, 2.19890011977e-06, 1.70730618265e-06, 1.21810376186e-06, 8.61351225012e-07], "dvar": [8.05845502327e-07, 1.62963885941e-06, 7.45285774428e-07, 3.45887229969e-07, 1.7618187087e-07, 1.37466216188e-07, 6.77581581954e-08, 8.31736386431e-08, 1.21993778635e-07, 5.43504938832e-08, 2.33366730384e-08, 2.09614459123e-08, 1.08099404983e-08, 1.87569231258e-08, 2.52744456475e-08, 1.39702116542e-08, 7.57126805695e-09, 6.73221611791e-09, 7.41485584044e-09, 3.54920048906e-09, 1.11270281877e-09, 1.90103111031e-09, 3.63854080199e-09, 3.47019052382e-10, 2.48057907548e-10, 4.19636214666e-10, 4.14850681585e-10, 9.39327157723e-11, 8.29829815974e-11, 4.70916049211e-11, 5.27503249415e-11, 3.55167076305e-11, 2.89492804728e-11, 2.72013366692e-11, 2.45202226579e-11, 1.51246948993e-11, 1.36134341647e-11, 7.94948655514e-12, 4.61562515638e-12, 2.30308632408e-12], "dvar2": [2.01885768547e-06, 4.30492809755e-06, 2.05823971555e-06, 9.46088221099e-07, 4.31584282978e-07, 3.06971486452e-07, 1.46897491504e-07, 1.98731370915e-07, 2.76826398249e-07, 1.17982558834e-07, 5.32650545892e-08, 4.73461128081e-08, 1.96743581427e-08, 4.35429292622e-08, 5.88328710194e-08, 3.23628910337e-08, 1.67024509778e-08, 1.61926685394e-08, 1.72150809163e-08, 8.57927595632e-09, 2.5839912432e-09, 4.05948252791e-09, 7.94090304623e-09, 8.07053091023e-10, 5.62151103445e-10, 1.00425479044e-09, 9.03457586521e-10, 2.22482365864e-10, 2.069438787e-10, 1.09472791943e-10, 1.21576207435e-10, 7.97809179831e-11, 6.17622133992e-11, 6.05450550806e-11, 5.62919814928e-11, 3.18283524536e-11, 2.88235737361e-11, 1.57760835645e-11, 9.22239021262e-12, 4.70677533407e-12], "max": [0.0104596884921, 0.0129497479647, 0.0135646527633, 0.0103080784902, 0.00926349777728, 0.00750984344631, 0.00711772684008, 0.00615387782454, 0.0069038560614, 0.0053351088427, 0.0043716323562, 0.00498884683475, 0.00511253764853, 0.00256995344535, 0.00369441928342, 0.00291745504364, 0.00187373743393, 0.00161698576994, 0.00184062402695, 0.00201391754672, 0.000805702118669, 0.00150150596164, 0.00171584228519, 0.000441349635366, 0.000832071295008, 0.000506673997734, 0.00120706949383, 0.000297021178994, 0.00014160151477, 0.000151032203576, 0.000221276539378, 0.000167739824974, 0.000157481874339, 0.000126073486172, 0.0001594236237, 0.000125279300846, 0.000130253552925, 4.36760601588e-05, 4.46190497314e-05, 2.65909366135e-05], "mean": [0.00118547829334, 0.00133379653562, 0.000773179577664, 0.000385257211747, 0.000507654680405, 0.000454931345303, 0.000138575691381, 0.00017831538571, 0.0002012612822, 0.000135166977998, 0.000112715664727, 0.00011423259275, 6.94697373547e-05, 0.000107852960355, 0.000163475589943, 0.000136102069519, 7.40705436328e-05, 6.89027583576e-05, 9.69173124759e-05, 6.9609232014e-05, 3.75338968297e-05, 5.29577846464e-05, 5.93492914049e-05, 2.40582248807e-05, 1.72965319507e-05, 1.96381915885e-05, 1.4299645045e-05, 1.19942560559e-05, 1.03182264866e-05, 8.37474817672e-06, 8.16595365905e-06, 6.38541951048e-06, 5.04740455654e-06, 4.2030824261e-06, 4.01201486966e-06, 3.32159629579e-06, 2.59426906268e-06, 1.97875465346e-06, 1.39278756706e-06, 9.70621158558e-07], "median": [0.000883383967448, 0.000935630872846, 0.000430240062997, 0.000196950539248, 0.000303141394397, 0.000214545725612, 5.12550905114e-05, 5.91155221628e-05, 5.6527358538e-05, 4.40946096205e-05, 2.92988734145e-05, 2.17067517951e-05, 2.32739294006e-05, 4.43384233222e-05, 8.55200923979e-05, 6.0012574977e-05, 3.17987578455e-05, 3.60392732546e-05, 5.70442134631e-05, 4.23799610871e-05, 2.14369356399e-05, 2.87956700049e-05, 2.85818168777e-05, 1.67696689459e-05, 1.15067687148e-05, 1.12377192636e-05, 9.23829611565e-06, 7.67721394368e-06, 6.3396510086e-06, 4.7273670134e-06, 4.79291247757e-06, 3.20120648212e-06, 2.2331234959e-06, 1.4203885712e-06, 1.17729064186e-06, 9.72703219304e-07, 7.25553718439e-07, 4.64843878945e-07, 3.16437422043e-07, 2.10424076386e-07], "min": [1.04202806338e-24, 1.92503399561e-24, 5.64481302948e-25, 1.51181041105e-24, 1.95476221883e-24, 1.63873053791e-24, 1.57320272214e-24, 1.130901626e-24, 1.20806514013e-24, 1.83948025551e-24, 1.79947909115e-24, 1.91455535899e-24, 2.21569157108e-24, 2.50808385168e-24, 2.4235731829e-24, 1.89448969579e-24, 2.99491141275e-24, 3.62055127744e-24, 3.00657097414e-24, 2.84071158831e-24, 3.06377561711e-24, 5.36959316611e-24, 5.13224345796e-24, 3.67961723772e-24, 4.13808662975e-24, 4.26474692555e-24, 4.82746862495e-24, 4.55060605735e-24, 2.87191892572e-24, 4.69001395095e-24, 5.35875816158e-24, 5.97179577609e-24, 4.50474050103e-24, 6.12646300061e-24, 5.97258739801e-24, 6.6017982388e-24, 6.1115949447e-24, 5.98027524196e-24, 7.36866609641e-24, 6.70978580255e-24], "var": [1.54371696226e-06, 2.03025456358e-06, 9.55338123276e-07, 4.14171239527e-07, 3.82565701784e-07, 3.44230841165e-07, 1.35256996714e-07, 1.34537017971e-07, 2.02290465268e-07, 1.09684961558e-07, 9.9975899559e-08, 9.71688223217e-08, 3.53038487333e-08, 4.12391152338e-08, 6.26007476967e-08, 4.83826489983e-08, 2.04910541868e-08, 1.27405597183e-08, 1.7579983691e-08, 8.09361200282e-09, 2.74182854199e-09, 5.43732037173e-09, 8.82403394797e-09, 7.38317296189e-10, 4.75078199003e-10, 8.18502710054e-10, 7.24121984597e-10, 2.22607432487e-10, 1.69493488689e-10, 1.19481757821e-10, 1.30561561562e-10, 9.03219929405e-11, 7.06493544222e-11, 5.97671426239e-11, 5.96740781789e-11, 3.55455734291e-11, 2.5758142147e-11, 1.50834674612e-11, 8.07648305873e-12, 3.99709692428e-12]}, "melbands_crest": {"dmean": 2.82463049889, "dmean2": 4.57645702362, "dvar": 7.04601144791, "dvar2": 17.6431732178, "max": 33.3972740173, "mean": 12.1713590622, "median": 11.6629400253, "min": 1.0019993782, "var": 19.7858753204}, "melbands_flatness_db": {"dmean": 0.0218168273568, "dmean2": 0.0312716066837, "dvar": 0.000534710416105, "dvar2": 0.00103085371666, "max": 0.433594286442, "mean": 0.153908327222, "median": 0.150083243847, "min": -2.41601952666e-07, "var": 0.00310908257961}, "melbands_kurtosis": {"dmean": 4.02156829834, "dmean2": 6.23127746582, "dvar": 79.4115753174, "dvar2": 175.230865479, "max": 308.748931885, "mean": 6.34305334091, "median": 2.73631119728, "min": -1.82073092461, "var": 186.436706543}, "melbands_skewness": {"dmean": 0.595888435841, "dmean2": 0.897548854351, "dvar": 0.460313975811, "dvar2": 1.0181273222, "max": 13.7020969391, "mean": 1.94546532631, "median": 1.74621105194, "min": -1.6259149313, "var": 1.8088799715}, "melbands_spread": {"dmean": 9.36496067047, "dmean2": 14.0556049347, "dvar": 110.687667847, "dvar2": 235.254867554, "max": 211.232696533, "mean": 39.4886741638, "median": 36.7637405396, "min": 1.14190578461, "var": 489.706604004}, "mfcc": {"cov": [[7486.99658203, 52.4189033508, -114.289794922, -39.2134094238, -131.793624878, 5.89631319046, -113.59286499, 43.5848884583, -32.7513427734, 30.5738220215, 21.533454895, 63.0490951538, -33.5719680786], [52.4189033508, 1227.93933105, -416.52633667, 155.728927612, -0.160651564598, 29.4672641754, -0.277343064547, -14.8062562943, -4.82806491852, -70.3402328491, -3.45658493042, 9.41915416718, -4.80153417587], [-114.289794922, -416.52633667, 608.882385254, -13.4226303101, 76.5955352783, -15.5083580017, 20.4778022766, 22.6066894531, 7.32629442215, 53.3939323425, 0.841060936451, -11.1407461166, 11.8194065094], [-39.2134094238, 155.728927612, -13.4226303101, 230.207366943, 75.3892593384, 30.4735126495, -5.96671104431, -12.266907692, -1.51980340481, 5.58029222488, 2.6013276577, 9.68380737305, 15.8944234848], [-131.793624878, -0.160651564598, 76.5955352783, 75.3892593384, 193.571990967, 48.145275116, -1.42338204384, -30.4883117676, 23.6271095276, 19.9087524414, -2.09675931931, 7.36164999008, 19.3084869385], [5.89631319046, 29.4672641754, -15.5083580017, 30.4735126495, 48.145275116, 148.403259277, 63.8012809753, 24.8412895203, 34.8394851685, 16.2208652496, 0.831536889076, -9.27492618561, -2.64188742638], [-113.59286499, -0.277343064547, 20.4778022766, -5.96671104431, -1.42338204384, 63.8012809753, 144.62461853, 69.9421615601, 21.6916828156, 17.1404743195, 9.05859565735, 2.89619326591, 0.232706293464], [43.5848884583, -14.8062562943, 22.6066894531, -12.266907692, -30.4883117676, 24.8412895203, 69.9421615601, 129.772750854, 39.127243042, 18.0052509308, 19.7987747192, 16.7548160553, -1.94042801857], [-32.7513427734, -4.82806491852, 7.32629442215, -1.51980340481, 23.6271095276, 34.8394851685, 21.6916828156, 39.127243042, 91.4439239502, 43.6039047241, 11.8091678619, -3.19691514969, -1.91283023357], [30.5738220215, -70.3402328491, 53.3939323425, 5.58029222488, 19.9087524414, 16.2208652496, 17.1404743195, 18.0052509308, 43.6039047241, 86.4474029541, 35.3795204163, -2.54215049744, -2.64303851128], [21.533454895, -3.45658493042, 0.841060936451, 2.6013276577, -2.09675931931, 0.831536889076, 9.05859565735, 19.7987747192, 11.8091678619, 35.3795204163, 67.3118743896, 31.4943008423, -0.202656179667], [63.0490951538, 9.41915416718, -11.1407461166, 9.68380737305, 7.36164999008, -9.27492618561, 2.89619326591, 16.7548160553, -3.19691514969, -2.54215049744, 31.4943008423, 75.0213394165, 32.2333030701], [-33.5719680786, -4.80153417587, 11.8194065094, 15.8944234848, 19.3084869385, -2.64188742638, 0.232706293464, -1.94042801857, -1.91283023357, -2.64303851128, -0.202656179667, 32.2333030701, 72.0513381958]], "icov": [[0.000144658100908, -1.53061591845e-05, 9.47694934439e-06, 2.70003474725e-05, 0.00010695947276, -0.000152595617692, 0.00024528009817, -0.000136169415782, 0.000172859508893, -0.000260185537627, 0.000199550966499, -0.000275000958936, 0.000138786126627], [-1.53061591845e-05, 0.00123098539189, 0.00076226767851, -0.00082258292241, -0.000104730606836, 0.000161977819516, -0.000286574882921, 5.66291091673e-05, -0.000439743686002, 0.00108155142516, -0.000538848340511, 0.000330609356752, 4.63554752059e-05], [9.47694934439e-06, 0.00076226767851, 0.00248520355672, -9.73174828687e-05, -0.00125064945314, 0.000777323148213, -0.000307896989398, -0.000875217374414, 0.000795578525867, -0.0010622140253, 0.000354891904863, 0.000688241212629, -0.000314658187563], [2.70003474725e-05, -0.00082258292241, -9.73174828687e-05, 0.0057709235698, -0.00202962383628, -0.000893320364412, 0.000852915458381, -0.000611293537077, 0.00157189974561, -0.00134957581758, 0.000315116922138, -0.000306561181787, -0.000677143165376], [0.00010695947276, -0.000104730606836, -0.00125064945314, -0.00202962383628, 0.00816095992923, -0.00249948934652, 0.000249513192102, 0.0031424718909, -0.0023643837776, -0.000712077016942, 0.00119193282444, -0.00218645134009, -0.000606463174336], [-0.000152595617692, 0.000161977819516, 0.000777323148213, -0.000893320364412, -0.00249948934652, 0.0104727754369, -0.00479009607807, 0.00037022709148, -0.00279685948044, 0.000959738215897, -0.000580563384574, 0.00208937027492, 0.000113116606371], [0.00024528009817, -0.000286574882921, -0.000307896989398, 0.000852915458381, 0.000249513192102, -0.00479009607807, 0.0120669966564, -0.00607831915841, 0.00248227617703, -0.00209770491347, 0.000872554199304, -0.000209724821616, -0.000402398029109], [-0.000136169415782, 5.66291091673e-05, -0.000875217374414, -0.000611293537077, 0.0031424718909, 0.00037022709148, -0.00607831915841, 0.0140999220312, -0.00633576139808, 0.00194267753977, -0.00160275702365, -0.00311712664552, 0.00108260335401], [0.000172859508893, -0.000439743686002, 0.000795578525867, 0.00157189974561, -0.0023643837776, -0.00279685948044, 0.00248227617703, -0.00633576139808, 0.0191291756928, -0.0100709814578, 0.00320563721471, 0.000157240443514, 3.47222112396e-06], [-0.000260185537627, 0.00108155142516, -0.0010622140253, -0.00134957581758, -0.000712077016942, 0.000959738215897, -0.00209770491347, 0.00194267753977, -0.0100709814578, 0.0245276391506, -0.0146951377392, 0.00736325280741, -0.00199511274695], [0.000199550966499, -0.000538848340511, 0.000354891904863, 0.000315116922138, 0.00119193282444, -0.000580563384574, 0.000872554199304, -0.00160275702365, 0.00320563721471, -0.0146951377392, 0.0294666178524, -0.0152616146952, 0.00599910318851], [-0.000275000958936, 0.000330609356752, 0.000688241212629, -0.000306561181787, -0.00218645134009, 0.00208937027492, -0.000209724821616, -0.00311712664552, 0.000157240443514, 0.00736325280741, -0.0152616146952, 0.0262666977942, -0.0110915750265], [0.000138786126627, 4.63554752059e-05, -0.000314658187563, -0.000677143165376, -0.000606463174336, 0.000113116606371, -0.000402398029109, 0.00108260335401, 3.47222112396e-06, -0.00199511274695, 0.00599910318851, -0.0110915750265, 0.0192506369203]], "mean": [-616.84765625, 101.880943298, -16.0693969727, 29.2247772217, 10.3290805817, 15.8891124725, -0.546673297882, 1.45770394802, -2.62541532516, 0.261534541845, 0.143797516823, 4.22269201279, -1.8205177784]}, "pitch_salience": {"dmean": 0.0622198171914, "dmean2": 0.0996823236346, "dvar": 0.00332045299001, "dvar2": 0.00851410627365, "max": 0.996022582054, "mean": 0.563639640808, "median": 0.564049124718, "min": 0.136375114322, "var": 0.00898318458349}, "silence_rate_20dB": {"dmean": 0, "dmean2": 0, "dvar": 0, "dvar2": 0, "max": 1, "mean": 1, "median": 1, "min": 1, "var": 0}, "silence_rate_30dB": {"dmean": 0, "dmean2": 0, "dvar": 0, "dvar2": 0, "max": 1, "mean": 1, "median": 1, "min": 1, "var": 0}, "silence_rate_60dB": {"dmean": 0.00880378577858, "dmean2": 0.0176095087081, "dvar": 0.00872539822012, "dvar2": 0.0192797835916, "max": 1, "mean": 0.0458846837282, "median": 0, "min": 0, "var": 0.0437796972692}, "spectral_centroid": {"dmean": 259.559204102, "dmean2": 389.703857422, "dvar": 82958.515625, "dvar2": 174054.171875, "max": 11762.7470703, "mean": 1937.4251709, "median": 1843.72692871, "min": 247.401794434, "var": 1119372.5}, "spectral_complexity": {"dmean": 4.62726974487, "dmean2": 6.56350421906, "dvar": 22.2481899261, "dvar2": 37.6397399902, "max": 64, "mean": 25.956205368, "median": 27, "min": 0, "var": 129.762771606}, "spectral_contrast_coeffs": {"dmean": [0.0489471741021, 0.0514409281313, 0.0373649522662, 0.0301611460745, 0.0215620677918, 0.0188177153468], "dmean2": [0.0803121626377, 0.0823583453894, 0.0601725913584, 0.0489777252078, 0.0345253311098, 0.0285042244941], "dvar": [0.0018887585029, 0.00183391850442, 0.00090407661628, 0.000599656254053, 0.000321354338666, 0.000330159295117], "dvar2": [0.00497816503048, 0.00445175543427, 0.0022733528167, 0.00150785141159, 0.00077790702926, 0.000638195604552], "max": [-0.337832540274, -0.411945164204, -0.454874515533, -0.504193246365, -0.605932354927, -0.586482703686], "mean": [-0.6721611619, -0.708378076553, -0.77164208889, -0.769108355045, -0.786916971207, -0.736095488071], "median": [-0.675449252129, -0.711262583733, -0.783731341362, -0.773398458958, -0.791904568672, -0.733342289925], "min": [-0.979094088078, -0.981915831566, -0.991142511368, -0.986278772354, -0.980508863926, -0.966686189175], "var": [0.00704297795892, 0.0072505325079, 0.00516383303329, 0.0031942143105, 0.00204675807618, 0.00240814569406]}, "spectral_contrast_valleys": {"dmean": [0.390979796648, 0.408492207527, 0.34281784296, 0.277235388756, 0.23196785152, 0.295865982771], "dmean2": [0.614224493504, 0.649219751358, 0.535760581493, 0.420319736004, 0.328979939222, 0.354218840599], "dvar": [0.131624147296, 0.146023899317, 0.105952046812, 0.0838053673506, 0.0731741860509, 0.148769006133], "dvar2": [0.273535221815, 0.32455176115, 0.212281912565, 0.152414888144, 0.114961110055, 0.204770386219], "max": [-5.34061384201, -4.84399557114, -5.09202814102, -5.3930850029, -5.34892892838, -7.57366514206], "mean": [-7.38695335388, -7.11573219299, -7.49211168289, -7.26488494873, -7.18066644669, -10.0267028809], "median": [-7.07227420807, -6.84461355209, -7.21448898315, -6.93627738953, -6.85169696808, -9.81464862823], "min": [-28.1789207458, -28.117805481, -27.8505535126, -27.6770267487, -27.4522762299, -27.3791408539], "var": [4.41817760468, 4.52848911285, 4.29156970978, 4.38227510452, 4.34517431259, 3.82553577423]}, "spectral_decrease": {"dmean": 1.60690105666e-09, "dmean2": 2.45013076494e-09, "dvar": 3.7779824253e-18, "dvar2": 8.85899848132e-18, "max": 1.15351525493e-19, "mean": -6.15693673822e-09, "median": -5.99924465661e-09, "min": -2.18426716714e-08, "var": 1.11274726553e-17}, "spectral_energy": {"dmean": 0.00654778303578, "dmean2": 0.00983266346157, "dvar": 6.1564038333e-05, "dvar2": 0.000141835218528, "max": 0.0883059576154, "mean": 0.0258680675179, "median": 0.0251922383904, "min": 1.00679642022e-20, "var": 0.000193261992536}, "spectral_energyband_high": {"dmean": 0.000565504888073, "dmean2": 0.000738839269616, "dvar": 1.07886364731e-06, "dvar2": 1.86454633422e-06, "max": 0.0252979844809, "mean": 0.00143643654883, "median": 0.000731404754333, "min": 7.15265014379e-21, "var": 3.75348622583e-06}, "spectral_energyband_low": {"dmean": 0.00340672815219, "dmean2": 0.00544262630865, "dvar": 2.71969529422e-05, "dvar2": 6.53556853649e-05, "max": 0.0544991157949, "mean": 0.00764731457457, "median": 0.00619303435087, "min": 1.26657148248e-23, "var": 4.7042620281e-05}, "spectral_energyband_middle_high": {"dmean": 0.00255278125405, "dmean2": 0.00373584008776, "dvar": 9.68388940237e-06, "dvar2": 2.10241050809e-05, "max": 0.050998557359, "mean": 0.00887215603143, "median": 0.00689472677186, "min": 1.15322447348e-21, "var": 5.30202560185e-05}, "spectral_energyband_middle_low": {"dmean": 0.00357226049528, "dmean2": 0.00566623732448, "dvar": 2.26570282393e-05, "dvar2": 5.58704268769e-05, "max": 0.0567886717618, "mean": 0.00892352126539, "median": 0.0072865197435, "min": 1.40304995689e-22, "var": 5.20269932167e-05}, "spectral_entropy": {"dmean": 0.114996924996, "dmean2": 0.153419852257, "dvar": 0.0153812672943, "dvar2": 0.0256375819445, "max": 9.82026672363, "mean": 7.83671569824, "median": 7.8479642868, "min": 5.93952989578, "var": 0.140675142407}, "spectral_flux": {"dmean": 0.0211481768638, "dmean2": 0.0309561658651, "dvar": 0.000506432901602, "dvar2": 0.000949438603129, "max": 0.253075271845, "mean": 0.0827474072576, "median": 0.0770105570555, "min": 6.43105083076e-11, "var": 0.00155895901844}, "spectral_kurtosis": {"dmean": 1.19137299061, "dmean2": 1.97801363468, "dvar": 1.77105939388, "dvar2": 4.91160345078, "max": 24.4322872162, "mean": 3.58004617691, "median": 3.18347501755, "min": -1.24753642082, "var": 4.24135160446}, "spectral_rms": {"dmean": 0.000625424669124, "dmean2": 0.000916832243092, "dvar": 4.92663389196e-07, "dvar2": 1.0724401136e-06, "max": 0.00928181875497, "mean": 0.00477644382045, "median": 0.00495759956539, "min": 3.13407134446e-12, "var": 2.4227870199e-06}, "spectral_rolloff": {"dmean": 527.419311523, "dmean2": 815.04095459, "dvar": 587984.125, "dvar2": 1121975.125, "max": 19487.5488281, "mean": 2360.19140625, "median": 1981.0546875, "min": 64.599609375, "var": 4343741}, "spectral_skewness": {"dmean": 0.16123560071, "dmean2": 0.258738279343, "dvar": 0.0247233491391, "dvar2": 0.0620647333562, "max": 3.70149946213, "mean": 1.26753139496, "median": 1.25873994827, "min": -0.0685896724463, "var": 0.0982984304428}, "spectral_spread": {"dmean": 450577.75, "dmean2": 597409.125, "dvar": 448257064960, "dvar2": 815587786752, "max": 42963996, "mean": 4595760, "median": 4063486, "min": 1906855.875, "var": 13291288002600.0}, "spectral_strongpeak": {"dmean": 0.669470608234, "dmean2": 1.15188002586, "dvar