{"lowlevel": {"average_loudness": 0.106425717473, "barkbands": {"dmean": [0.00114810746163, 0.0031641186215, 0.00205457210541, 0.00138212600723, 0.00226108101197, 0.00109530019108, 0.000477941590361, 0.00026696085115, 0.000222117829253, 8.83509783307e-05, 6.7911525548e-05, 7.24268393242e-05, 5.93095755903e-05, 1.87911537068e-05, 2.16099688259e-05, 2.73411369562e-05, 2.56144685409e-05, 3.12477313855e-05, 2.67667837761e-05, 1.82431376743e-05, 9.98607902147e-06, 4.10454231314e-06, 2.57853753283e-06, 1.28817976019e-06, 1.17990100534e-06, 2.52719905802e-06, 7.0692076406e-05], "dmean2": [0.00199209270068, 0.00520093599334, 0.00326118827797, 0.00212624925189, 0.00350298313424, 0.00164168595802, 0.000728670042008, 0.000416042166762, 0.000342553685186, 0.000139146897709, 0.000108990141598, 0.00011306371016, 9.33626579354e-05, 3.07739610435e-05, 3.44406471413e-05, 4.53348184237e-05, 3.91179382859e-05, 4.95527929161e-05, 4.16859293182e-05, 2.75835154753e-05, 1.51883814397e-05, 6.14305736235e-06, 4.04260799769e-06, 2.16650323637e-06, 2.00225963454e-06, 3.89625438402e-06, 0.000103224978375], "dvar": [1.25868773466e-05, 7.28906379663e-05, 2.6401508876e-05, 1.18673806355e-05, 3.54172916559e-05, 1.03026450233e-05, 3.88279704566e-06, 1.83918314178e-06, 1.01534908481e-06, 3.00414200183e-07, 1.46991808947e-07, 1.78191868372e-07, 5.46750023034e-08, 3.75232422911e-09, 9.90815696156e-09, 2.46762805745e-08, 1.96386444884e-08, 3.52165976381e-08, 2.25972183188e-08, 1.68854956684e-08, 2.62672750218e-09, 2.2067579708e-10, 7.21180060115e-11, 1.08576446445e-11, 9.10780912494e-12, 6.80619935411e-11, 1.0986314436e-07], "dvar2": [3.43703286489e-05, 0.000187801881111, 6.58583230688e-05, 2.62040703092e-05, 7.96816093498e-05, 2.27343916777e-05, 7.8279454101e-06, 4.19177604272e-06, 2.06565687222e-06, 6.97508994563e-07, 3.09967759904e-07, 4.10902657677e-07, 1.22052384199e-07, 9.49848200094e-09, 2.11046380372e-08, 6.55847358644e-08, 4.40326992646e-08, 8.41406091467e-08, 4.56376589852e-08, 3.74061031039e-08, 5.45037837085e-09, 4.39775826866e-10, 1.65728750168e-10, 2.72658267492e-11, 2.31336217543e-11, 1.57083304697e-10, 2.08443012184e-07], "max": [0.0648169443011, 0.204702138901, 0.157570540905, 0.120268926024, 0.194958180189, 0.0938207432628, 0.0911934971809, 0.0441896915436, 0.039534073323, 0.0239017549902, 0.0223553180695, 0.0222325623035, 0.0145204141736, 0.00174049998168, 0.005209478084, 0.00605819281191, 0.00550567731261, 0.0109214643016, 0.00950014404953, 0.00681342184544, 0.00285945599899, 0.000616121629719, 0.000324675202137, 8.68249262567e-05, 8.19894776214e-05, 0.000350111833541, 0.0242590736598], "mean": [0.00134628196247, 0.00505573116243, 0.00376208568923, 0.00273946905509, 0.00456231832504, 0.00255608418956, 0.000906866858713, 0.000443657627329, 0.000427417195169, 0.000126798942802, 9.04329644982e-05, 0.000109340180643, 0.0001065762699, 2.80586173176e-05, 3.2278119761e-05, 4.05266800954e-05, 3.98953379772e-05, 4.82733703393e-05, 4.15670547227e-05, 2.85998848994e-05, 1.59183346113e-05, 5.5260084082e-06, 3.00464762404e-06, 1.26309134885e-06, 1.13411351776e-06, 2.988261258e-06, 0.00015837882529], "median": [0.000243158981903, 0.000995545298792, 0.00085296673933, 0.000641144870315, 0.00130589248147, 0.000344232306816, 0.000174876055098, 4.17730807385e-05, 3.73706643586e-05, 1.64034827321e-05, 1.47647624544e-05, 1.1030711903e-05, 1.04150021798e-05, 4.99425459566e-06, 3.71967212232e-06, 2.86787394543e-06, 3.33962111654e-06, 3.4788999983e-06, 2.81011921288e-06, 1.77531035206e-06, 1.19355593142e-06, 7.38732069294e-07, 4.7105626777e-07, 2.76079305195e-07, 2.54810061051e-07, 5.80110906867e-07, 1.34113097374e-05], "min": [4.50982668171e-24, 1.77160835927e-23, 2.70499142223e-23, 4.4469616462e-23, 3.49001152147e-23, 7.3495343262e-23, 1.31572949179e-22, 8.39030565527e-23, 2.06480050538e-23, 9.79261130612e-23, 9.0712478643e-23, 6.48644224088e-23, 7.9580887653e-23, 1.35290705474e-22, 2.265621394e-22, 2.5963896356e-22, 1.13551882494e-22, 2.61085166481e-22, 2.16785388616e-22, 3.37271636146e-22, 5.36626051277e-22, 4.58916360624e-22, 7.60893829756e-22, 1.01433476998e-21, 1.108546522e-21, 1.71745252801e-21, 2.32888985614e-21], "var": [1.33941703098e-05, 0.000153687447892, 7.22428158042e-05, 5.1098613767e-05, 0.000117865129141, 4.66261953989e-05, 1.07135283542e-05, 4.72113651995e-06, 3.51385097019e-06, 5.6002807014e-07, 2.14726782133e-07, 4.5597010967e-07, 3.09894801376e-07, 5.84822412719e-09, 1.78845347421e-08, 5.07477011524e-08, 4.3305266928e-08, 7.08958438622e-08, 6.33095922353e-08, 4.32129709793e-08, 8.55007709077e-09, 5.07596853438e-10, 1.23801802143e-10, 1.16154637991e-11, 9.35297152227e-12, 9.47395287221e-11, 6.91564594035e-07]}, "barkbands_crest": {"dmean": 2.80084490776, "dmean2": 4.62041521072, "dvar": 6.03952550888, "dvar2": 16.0219917297, "max": 26.456401825, "mean": 12.6854085922, "median": 11.9341726303, "min": 2.93412256241, "var": 19.4187393188}, "barkbands_flatness_db": {"dmean": 0.0379248932004, "dmean2": 0.0606235489249, "dvar": 0.00106352230068, "dvar2": 0.00265010260046, "max": 0.502202391624, "mean": 0.233822926879, "median": 0.233409151435, "min": 0.0498885773122, "var": 0.00465905899182}, "barkbands_kurtosis": {"dmean": 13.4034509659, "dmean2": 22.112487793, "dvar": 346.675750732, "dvar2": 925.884155273, "max": 412.776092529, "mean": 29.7393703461, "median": 22.1954879761, "min": -1.69764709473, "var": 878.452453613}, "barkbands_skewness": {"dmean": 0.99169075489, "dmean2": 1.59742677212, "dvar": 0.921581745148, "dvar2": 2.46537995338, "max": 15.7634057999, "mean": 3.39350986481, "median": 3.21059942245, "min": -1.74947082996, "var": 3.28569626808}, "barkbands_spread": {"dmean": 3.49862837791, "dmean2": 5.46504068375, "dvar": 49.3093566895, "dvar2": 107.648612976, "max": 109.259681702, "mean": 9.68386173248, "median": 4.83281087875, "min": 0.329569101334, "var": 207.613143921}, "dissonance": {"dmean": 0.0330002754927, "dmean2": 0.0546905472875, "dvar": 0.000995237729512, "dvar2": 0.00260824360885, "max": 0.500000119209, "mean": 0.425270289183, "median": 0.436590671539, "min": 0.161665305495, "var": 0.00285291578621}, "dynamic_complexity": 5.82021379471, "erbbands": {"dmean": [0.0996959209442, 0.728391826153, 2.2434387207, 3.65839552879, 4.12212228775, 10.3649091721, 10.7383546829, 8.02748203278, 7.11888360977, 4.99567556381, 6.58968448639, 4.94446849823, 2.8719496727, 2.52475500107, 2.48089838028, 3.03509259224, 2.56158614159, 0.981420278549, 1.20077848434, 1.17377114296, 1.39328753948, 1.48062717915, 1.58074820042, 1.6877644062, 1.04840052128, 0.749165296555, 0.634812772274, 0.269459962845, 0.149437397718, 0.114625677466, 0.0660981312394, 0.0328038781881, 0.019388474524, 0.0132319424301, 0.00838404148817, 0.00482388120145, 0.00484481733292, 0.00691875489429, 0.00776855414733, 0.00185341306496], "dmean2": [0.163309916854, 1.21482074261, 3.65654087067, 5.6207909584, 6.46118021011, 15.9899930954, 16.0215339661, 11.7321453094, 10.8924417496, 7.58580064774, 9.93285083771, 7.68385124207, 4.52025508881, 3.9638094902, 3.90049529076, 4.68008756638, 4.06166696548, 1.56682240963, 1.93625557423, 1.86344110966, 2.24864888191, 2.25126338005, 2.46652197838, 2.66136789322, 1.61682736874, 1.13094937801, 0.953265845776, 0.411834925413, 0.226452723145, 0.179469913244, 0.10328835994, 0.0538148730993, 0.0328999720514, 0.0224596243352, 0.0142143173143, 0.00813599955291, 0.00742070330307, 0.00994355138391, 0.0111545119435, 0.00277248746715], "dvar": [0.130894064903, 3.33725404739, 29.4211711884, 68.9177627563, 160.093063354, 851.794311523, 838.812744141, 717.31829834, 841.976257324, 386.770263672, 1347.77282715, 499.13760376, 311.693725586, 123.218269348, 237.209594727, 390.509399414, 100.963745117, 9.41062068939, 25.3132858276, 38.8617706299, 57.6649703979, 68.9755020142, 94.3228149414, 84.9821014404, 36.7359428406, 21.639995575, 17.1044712067, 1.55793452263, 0.283571571112, 0.204429283738, 0.0414679050446, 0.00732772797346, 0.00250257086009, 0.00115564686712, 0.000455735542346, 0.000146306891111, 0.000252196419751, 0.000913926982321, 0.00208930321969, 5.53699646844e-05], "dvar2": [0.323873758316, 9.08053588867, 78.8739013672, 160.98223877, 385.454376221, 1902.7635498, 1843.30249023, 1440.74597168, 1759.50756836, 796.911071777, 2930.15673828, 1057.47631836, 759.955383301, 265.018798828, 490.165893555, 886.978820801, 222.996963501, 22.6162204742, 58.5938987732, 93.0430831909, 147.974685669, 152.9012146, 223.29838562, 178.939117432, 75.3445358276, 44.918132782, 35.6916046143, 3.21370148659, 0.567984759808, 0.468043625355, 0.0903513580561, 0.017663853243, 0.0063709821552, 0.00293902005069, 0.00115582591388, 0.000368318811525, 0.000569692288991, 0.00190430937801, 0.00398598937318, 0.000112015513878], "max": [9.86518573761, 35.2036933899, 141.041046143, 263.946380615, 462.333587646, 1170.56860352, 656.997497559, 1145.84875488, 987.296081543, 1192.5838623, 1183.8963623, 1125.70629883, 816.935852051, 528.285705566, 1060.18603516, 1144.58496094, 652.765625, 85.633026123, 193.850082397, 264.796936035, 276.352661133, 342.184906006, 583.663452148, 415.622924805, 419.436645508, 284.661590576, 228.650817871, 89.2958297729, 24.4850406647, 17.1742992401, 6.92167520523, 2.60202383995, 1.36635732651, 0.925757467747, 0.57858556509, 0.323525905609, 0.669093966484, 1.80293321609, 3.07205677032, 0.475030481815], "mean": [0.157122269273, 1.10252523422, 3.9859919548, 7.65928888321, 8.33566379547, 19.6716308594, 22.5240898132, 19.2937011719, 13.6867685318, 9.80928516388, 11.9309263229, 9.97720718384, 4.59219837189, 3.82839417458, 3.50640034676, 5.09671878815, 4.91517019272, 1.67405247688, 1.88753139973, 1.80287671089, 2.20150184631, 2.37621998787, 2.56060123444, 2.63375544548, 1.66307210922, 1.21136558056, 1.01567733288, 0.428670495749, 0.207875654101, 0.139360919595, 0.0760834813118, 0.0344711430371, 0.018429974094, 0.0126214222983, 0.00815133564174, 0.00491098873317, 0.00586937600747, 0.0102593740448, 0.0148804327473, 0.00549421831965], "median": [0.0222295615822, 0.250581800938, 1.05550825596, 2.31049227715, 2.73294949532, 5.12634897232, 4.11863327026, 2.72432756424, 2.64463353157, 1.88182675838, 0.876760840416, 0.87231439352, 0.619089245796, 0.624230384827, 0.545365393162, 0.482712715864, 0.493232548237, 0.335751354694, 0.245987102389, 0.194019630551, 0.170905590057, 0.19348244369, 0.201606467366, 0.178438439965, 0.12323191762, 0.0833361595869, 0.0605361051857, 0.0393123403192, 0.0272485781461, 0.0192595217377, 0.0125949168578, 0.00713055813685, 0.00399890355766, 0.00278866710141, 0.00189318426419, 0.00128597998992, 0.00114212266635, 0.000944265513681, 0.000878773222212, 0.00155855703633], "min": [5.06065907975e-22, 4.80698160747e-21, 2.61666760683e-20, 7.62664272936e-20, 1.49161977269e-19, 1.41476823143e-19, 1.43075349677e-19, 8.03368512561e-19, 2.27269382904e-18, 1.454169248e-18, 1.48205888313e-18, 5.59464537878e-19, 2.44533758981e-18, 2.15819879737e-18, 4.20984804644e-18, 2.97168667565e-18, 3.81334935957e-18, 5.3145097042e-18, 9.57954227803e-18, 1.63705247079e-17, 1.02019055263e-17, 8.10260054097e-18, 1.1252304963e-17, 1.60994096447e-17, 9.86028572357e-18, 1.66742373047e-17, 2.1414680355e-17, 1.84898871687e-17, 1.63950522674e-17, 2.22393546103e-17, 2.0180856099e-17, 1.78050593765e-17, 1.89407419616e-17, 1.04171023529e-17, 9.41226650584e-18, 6.35891539024e-18, 3.2541961518e-18, 1.22793100777e-18, 3.2435806845e-19, 3.51126990166e-20], "var": [0.225069284439, 6.33314990997, 66.8049240112, 264.230499268, 402.372711182, 2671.10058594, 2820.83105469, 3621.97021484, 2306.39526367, 1170.9588623, 3638.02148438, 1870.72619629, 521.397888184, 272.300048828, 368.929626465, 1194.31665039, 670.766967773, 20.952703476, 45.4376754761, 78.1564254761, 127.976135254, 160.520217896, 194.606002808, 226.264175415, 100.213905334, 63.6150665283, 49.0423583984, 5.81938695908, 0.77536469698, 0.342361330986, 0.0658874586225, 0.00913035497069, 0.00255091302097, 0.00118052191101, 0.000471523526357, 0.000156926675118, 0.000386495143175, 0.00254678865895, 0.00966350641102, 0.000369109358871]}, "erbbands_crest": {"dmean": 2.75321912766, "dmean2": 4.42408132553, "dvar": 6.38678455353, "dvar2": 16.1196327209, "max": 31.3693084717, "mean": 11.8055677414, "median": 10.9072799683, "min": 2.33944773674, "var": 25.2689571381}, "erbbands_flatness_db": {"dmean": 0.0326693169773, "dmean2": 0.0515796020627, "dvar": 0.000779749883804, "dvar2": 0.00196327548474, "max": 0.439795404673, "mean": 0.184810593724, "median": 0.180506020784, "min": 0.0290125329047, "var": 0.00337143451907}, "erbbands_kurtosis": {"dmean": 3.02809071541, "dmean2": 4.89855909348, "dvar": 20.4228725433, "dvar2": 50.6385612488, "max": 132.673965454, "mean": 5.76689434052, "median": 3.72645902634, "min": -1.84715664387, "var": 63.3898506165}, "erbbands_skewness": {"dmean": 0.522570610046, "dmean2": 0.81291282177, "dvar": 0.252030462027, "dvar2": 0.601478874683, "max": 8.43225097656, "mean": 1.5318171978, "median": 1.54087007046, "min": -4.18220901489, "var": 1.47387886047}, "erbbands_spread": {"dmean": 6.81701421738, "dmean2": 10.6385164261, "dvar": 68.0531616211, "dvar2": 147.771728516, "max": 105.965744019, "mean": 23.3276634216, "median": 18.5053005219, "min": 1.20606696606, "var": 288.122772217}, "gfcc": {"cov": [[12305.1757812, 278.737976074, -781.989624023, 348.971252441, 355.986236572, -331.499664307, 100.725135803, -48.183506012, -114.265411377, -87.9437103271, 0.668545901775, -40.1192016602, -48.3065071106], [278.737976074, 1008.34527588, 362.475189209, -242.07598877, -33.6726531982, 16.0519561768, -36.6727523804, -13.1495676041, -21.2963848114, -54.848526001, 59.4377555847, -95.185546875, 10.5773525238], [-781.989624023, 362.475189209, 683.053649902, 62.796749115, -158.658554077, 173.009933472, -100.295715332, 92.9760894775, -8.09181308746, 5.42270469666, -27.7759933472, -39.7992095947, 14.1285810471], [348.971252441, -242.07598877, 62.796749115, 393.001495361, 189.158630371, 34.4449234009, 100.268745422, 39.1888694763, 32.0132446289, 12.9527711868, -18.670463562, 45.0864753723, -14.0851783752], [355.986236572, -33.6726531982, -158.658554077, 189.158630371, 422.127166748, 9.23615837097, 161.883285522, -42.5922660828, 31.497549057, -28.1849994659, 33.0761756897, 11.363574028, -12.169169426], [-331.499664307, 16.0519561768, 173.009933472, 34.4449234009, 9.23615837097, 325.344085693, -51.0977325439, 91.6494903564, -41.493057251, 33.8724594116, -5.46145772934, -11.4995918274, 23.9334392548], [100.725135803, -36.6727523804, -100.295715332, 100.268745422, 161.883285522, -51.0977325439, 229.751205444, -2.97003817558, 53.3036727905, -17.4223899841, 4.16846084595, 34.6731491089, -15.3021688461], [-48.183506012, -13.1495676041, 92.9760894775, 39.1888694763, -42.5922660828, 91.6494903564, -2.97003817558, 170.336791992, 39.3050498962, 35.4668617249, -7.62920236588, -10.6418056488, 26.6905765533], [-114.265411377, -21.2963848114, -8.09181308746, 32.0132446289, 31.497549057, -41.493057251, 53.3036727905, 39.3050498962, 129.047561646, 39.1930923462, -8.24168395996, 15.6820344925, -5.93469905853], [-87.9437103271, -54.848526001, 5.42270469666, 12.9527711868, -28.1849994659, 33.8724594116, -17.4223899841, 35.4668617249, 39.1930923462, 81.7910232544, 23.0216884613, 8.54626464844, 7.01741218567], [0.668545901775, 59.4377555847, -27.7759933472, -18.670463562, 33.0761756897, -5.46145772934, 4.16846084595, -7.62920236588, -8.24168395996, 23.0216884613, 71.5886993408, 22.9466133118, 2.32477092743], [-40.1192016602, -95.185546875, -39.7992095947, 45.0864753723, 11.363574028, -11.4995918274, 34.6731491089, -10.6418056488, 15.6820344925, 8.54626464844, 22.9466133118, 86.5569381714, 16.8785915375], [-48.3065071106, 10.5773525238, 14.1285810471, -14.0851783752, -12.169169426, 23.9334392548, -15.3021688461, 26.6905765533, -5.93469905853, 7.01741218567, 2.32477092743, 16.8785915375, 75.7736663818]], "icov": [[0.000124931713799, -0.000307826703647, 0.00038830016274, -0.000400168646593, 5.35610961379e-05, 0.000107043073513, 0.000159365910804, -0.000186178600416, 0.000301259773551, -0.000195626635104, 0.000391830137232, -0.000133318288135, 0.000107770443719], [-0.000307826703647, 0.00349365849979, -0.00294809532352, 0.002853784943, -0.000692997069564, -9.98986506602e-05, -0.00114872760605, 0.000988030456938, -0.00194025004748, 0.00298990262672, -0.00496030366048, 0.00312911206856, -0.00123718753457], [0.00038830016274, -0.00294809532352, 0.00531248282641, -0.00456975214183, 0.00300467945635, -0.00177782424726, 0.001319934614, -0.000179234004463, -0.000709456508048, 0.000910917122383, 0.00122326740529, 0.000304095505271, -5.23498492839e-05], [-0.000400168646593, 0.002853784943, -0.00456975214183, 0.0090870205313, -0.00563587993383, 0.00205479678698, -0.00113930890802, -0.00235132151283, 0.00280892639421, -0.00379529688507, 0.00364007381722, -0.00425695767626, 0.00233979034238], [5.35610961379e-05, -0.000692997069564, 0.00300467945635, -0.00563587993383, 0.00869740266353, -0.00391661282629, -0.00244946731254, 0.00421150727198, -0.00585790118203, 0.00733980815858, -0.00851144827902, 0.00662899715826, -0.00317525421269], [0.000107043073513, -9.98986506602e-05, -0.00177782424726, 0.00205479678698, -0.00391661282629, 0.00679468736053, 0.00106989732012, -0.00443549454212, 0.00642453180626, -0.00660838047042, 0.00577042717487, -0.0038575513754, 0.0015963310143], [0.000159365910804, -0.00114872760605, 0.001319934614, -0.00113930890802, -0.00244946731254, 0.00106989732012, 0.00808739848435, -0.00193560717162, -0.000982776400633, 0.000760761031415, 0.00255366251804, -0.00397628033534, 0.00204770220444], [-0.000186178600416, 0.000988030456938, -0.000179234004463, -0.00235132151283, 0.00421150727198, -0.00443549454212, -0.00193560717162, 0.0118622621521, -0.00731488596648, 0.00364453415386, -0.00648252852261, 0.00697454903275, -0.00541732087731], [0.000301259773551, -0.00194025004748, -0.000709456508048, 0.00280892639421, -0.00585790118203, 0.00642453180626, -0.000982776400633, -0.00731488596648, 0.0205663945526, -0.0166741702706, 0.0152490269393, -0.00984281860292, 0.00540509214625], [-0.000195626635104, 0.00298990262672, 0.000910917122383, -0.00379529688507, 0.00733980815858, -0.00660838047042, 0.000760761031415, 0.00364453415386, -0.0166741702706, 0.0319591611624, -0.0221065208316, 0.0106425136328, -0.00523955514655], [0.000391830137232, -0.00496030366048, 0.00122326740529, 0.00364007381722, -0.00851144827902, 0.00577042717487, 0.00255366251804, -0.00648252852261, 0.0152490269393, -0.0221065208316, 0.0375998094678, -0.0184962321073, 0.0072083985433], [-0.000133318288135, 0.00312911206856, 0.000304095505271, -0.00425695767626, 0.00662899715826, -0.0038575513754, -0.00397628033534, 0.00697454903275, -0.00984281860292, 0.0106425136328, -0.0184962321073, 0.0258032325655, -0.0092831812799], [0.000107770443719, -0.00123718753457, -5.23498492839e-05, 0.00233979034238, -0.00317525421269, 0.0015963310143, 0.00204770220444, -0.00541732087731, 0.00540509214625, -0.00523955514655, 0.0072083985433, -0.0092831812799, 0.0179461147636]], "mean": [-129.811889648, 124.313064575, -46.9244728088, 2.85340809822, -22.0973339081, -24.9439353943, -13.2352819443, -18.7939548492, -11.7989749908, -12.0002756119, -2.65964889526, -5.17852830887, -7.83127737045]}, "hfc": {"dmean": 18.3581447601, "dmean2": 27.5237293243, "dvar": 1886.46411133, "dvar2": 4113.08349609, "max": 2385.90625, "mean": 71.8769226074, "median": 33.5606918335, "min": 1.21338634364e-16, "var": 24464.0742188}, "melbands": {"dmean": [0.000881247746293, 0.00107643578667, 0.000598714861553, 0.000483162584715, 0.000397837604396, 0.000184437201824, 0.000102716847323, 5.34886494279e-05, 5.50646000193e-05, 2.9102242479e-05, 1.43668685268e-05, 1.0422862033e-05, 8.43127054395e-06, 8.18358057586e-06, 7.2923830885e-06, 4.6705913519e-06, 1.62843014095e-06, 2.09106747207e-06, 1.56058604261e-06, 1.80499705493e-06, 1.66177972005e-06, 1.48370463648e-06, 1.6134681573e-06, 1.50515188579e-06, 1.45715819144e-06, 9.13095504984e-07, 6.7901987677e-07, 5.14655766892e-07, 5.08460288984e-07, 2.50596713158e-07, 1.35177828042e-07, 8.99756145145e-08, 7.37542791285e-08, 6.04384169378e-08, 3.99681781005e-08, 2.93711188704e-08, 1.67051421585e-08, 1.3733450821e-08, 1.21449410528e-08, 1.08157331979e-08], "dmean2": [0.00144195661414, 0.00177037739195, 0.00091819424415, 0.000757461762987, 0.000596531492192, 0.000272391713224, 0.000156233698362, 8.16663596197e-05, 8.22572546895e-05, 4.53386710433e-05, 2.27729415201e-05, 1.64817720361e-05, 1.35957752718e-05, 1.25422156998e-05, 1.14144013423e-05, 7.36760603104e-06, 2.6438203804e-06, 3.416553227e-06, 2.48614219345e-06, 2.95957602248e-06, 2.6555740078e-06, 2.31447597798e-06, 2.50006519309e-06, 2.34997446569e-06, 2.33203900279e-06, 1.43319653034e-06, 1.06978654912e-06, 7.80268862854e-07, 7.69990037952e-07, 3.81895659984e-07, 2.11152894281e-07, 1.37119670285e-07, 1.144051609e-07, 9.60879660283e-08, 6.31524059713e-08, 4.67621319444e-08, 2.80997465296e-08, 2.33383179449e-08, 2.06268158109e-08, 1.83582464786e-08], "dvar": [7.38769313102e-06, 6.23619735052e-06, 1.94543667931e-06, 1.89286458863e-06, 9.92236891761e-07, 3.30947273142e-07, 1.69094704461e-07, 4.42899228403e-08, 8.57629558482e-08, 1.66342211116e-08, 8.20668155654e-09, 2.28426433324e-09, 2.60827492937e-09, 2.22412110951e-09, 1.15486942232e-09, 2.69116978702e-10, 2.49164716637e-11, 7.52939030568e-11, 5.9593295576e-11, 1.1933126709e-10, 8.79352007876e-11, 6.44466771615e-11, 1.68318581295e-10, 6.2199044526e-11, 6.71137034836e-11, 2.82550597502e-11, 1.86643582534e-11, 1.36223116121e-11, 1.54435440131e-11, 2.02508149139e-12, 3.65268904533e-13, 1.16254228466e-13, 8.3477644827e-14, 6.0037275173e-14, 1.60608576812e-14, 8.01773774597e-15, 1.81883194182e-15, 1.26222679278e-15, 9.79742998936e-16, 7.70404152917e-16], "dvar2": [1.83591146197e-05, 1.69774848473e-05, 4.48136233899e-06, 4.35830816059e-06, 2.14765464079e-06, 6.91020886734e-07, 3.44907306271e-07, 9.38597395361e-08, 1.81467257221e-07, 3.60769156771e-08, 2.0062362438e-08, 4.75928318977e-09, 5.29166133134e-09, 5.05571229326e-09, 2.60545540698e-09, 6.1850774502e-10, 6.18475964886e-11, 1.80984102705e-10, 1.21782972595e-10, 3.06970976416e-10, 2.3230835311e-10, 1.47216488999e-10, 4.30455615597e-10, 1.36039207677e-10, 1.47138523587e-10, 6.12398812216e-11, 4.52900945913e-11, 2.86321018977e-11, 3.41103603696e-11, 4.23060588298e-12, 8.20806964064e-13, 2.52587176435e-13, 1.82730065345e-13, 1.44606264354e-13, 3.55201538484e-14, 1.83532388506e-14, 4.57340108574e-15, 3.21556936656e-15, 2.49415373473e-15, 1.95880498338e-15], "max": [0.072421297431, 0.0562977939844, 0.0415179356933, 0.0503455512226, 0.0270194895566, 0.0223197173327, 0.0142901195213, 0.0105229858309, 0.0105751072988, 0.00608677510172, 0.00421335594729, 0.00240761530586, 0.00311867822893, 0.00247510313056, 0.001816757489, 0.000701204582583, 0.000130962303956, 0.000287052534986, 0.00045703840442, 0.000432651344454, 0.000383256934583, 0.000295897509204, 0.000879173807334, 0.000364410312613, 0.00038373231655, 0.000293192540994, 0.000240942579694, 0.000242867172346, 0.000200271955691, 0.000104373204522, 3.36453122145e-05, 1.71509818756e-05, 1.11210274554e-05, 1.08310468931e-05, 4.52130188933e-06, 3.82746247851e-06, 1.13519195111e-06, 9.71429358287e-07, 8.53655194533e-07, 7.55373832817e-07], "mean": [0.00145617302042, 0.00191716232803, 0.00133058952633, 0.000957450713031, 0.000855932303239, 0.000444199511549, 0.000199910209631, 9.96360104182e-05, 0.000100994424429, 5.68348914385e-05, 2.15006002691e-05, 1.55005436682e-05, 1.15055499919e-05, 1.22616702356e-05, 1.41853279274e-05, 7.97567918198e-06, 2.46575291385e-06, 3.13229065796e-06, 2.32436855185e-06, 2.59950093096e-06, 2.50575817518e-06, 2.30211549024e-06, 2.43136764766e-06, 2.30937234846e-06, 2.17336832975e-06, 1.36411097174e-06, 9.67549681263e-07, 7.86211728609e-07, 7.59577574172e-07, 3.88449905131e-07, 1.9878881119e-07, 1.21846269963e-07, 8.93928771006e-08, 7.067949781e-08, 4.50564243692e-08, 3.22661328767e-08, 1.63845168544e-08, 1.28612791528e-08, 1.14688267772e-08, 1.03193880108e-08], "median": [0.000279085419606, 0.000531728379428, 0.000440952571807, 0.000288446579361, 0.000182778137969, 6.46263652015e-05, 3.73794937332e-05, 1.68720762304e-05, 6.31439161225e-06, 5.21787251273e-06, 2.79631353806e-06, 2.48081687459e-06, 1.95950542548e-06, 1.1782542515e-06, 1.14416661745e-06, 8.62740080265e-07, 5.16448210419e-07, 3.60837987046e-07, 2.66654609504e-07, 2.1257361027e-07, 1.80893508173e-07, 1.93652923031e-07, 1.8287516923e-07, 1.61025965895e-07, 1.36716110433e-07, 9.51299696794e-08, 7.07014820023e-08, 4.69011069981e-08, 3.82014349043e-08, 2.81351510978e-08, 1.99926262212e-08, 1.53863197738e-08, 1.23000356567e-08, 9.56015089315e-09, 7.28330951105e-09, 5.86114401457e-09, 3.51992457404e-09, 2.66131405802e-09, 2.44223552492e-09, 2.27905805339e-09], "min": [5.7533325813e-24, 1.07360103782e-23, 1.81598099633e-23, 9.60870605655e-24, 5.05135405517e-24, 1.8847649341e-23, 3.21469212358e-23, 1.64069373661e-23, 1.09789748039e-23, 2.89113498573e-24, 1.29115767366e-23, 8.75622036388e-24, 1.36682032075e-23, 8.05784180449e-24, 8.90808634332e-24, 7.31293307346e-24, 1.03250067468e-23, 1.47816519762e-23, 2.08905261396e-23, 1.89682409299e-23, 1.05129449689e-23, 7.72843321199e-24, 7.22618282857e-24, 1.35698874729e-23, 1.30480875385e-23, 7.11368258602e-24, 7.30806816826e-24, 1.22812019315e-23, 1.33742767896e-23, 1.25889018608e-23, 1.03936731443e-23, 7.96573677177e-24, 1.03712994713e-23, 1.35026402361e-23, 1.07332446319e-23, 1.25829956592e-23, 9.51644482938e-24, 1.43554020301e-23, 1.10444116048e-23, 7.75454450795e-24], "var": [1.45913727465e-05, 1.38025743581e-05, 7.71306167735e-06, 5.33858064955e-06, 3.67665256817e-06, 1.63295806033e-06, 4.88976525048e-07, 1.33059984364e-07, 2.4185223424e-07, 6.06479275689e-08, 1.36117446203e-08, 5.33461497199e-09, 3.88617715785e-09, 5.72245584252e-09, 7.1926389289e-09, 1.10265885311e-09, 4.35872692106e-11, 1.29203536758e-10, 1.10279861631e-10, 2.12304007707e-10, 1.72209219107e-10, 1.38605127376e-10, 2.3851523534e-10, 1.44265904778e-10, 1.6534010272e-10, 6.83409925872e-11, 3.73967835865e-11, 3.46671094609e-11, 3.51111327512e-11, 6.03820552586e-12, 1.16004309023e-12, 2.95933714816e-13, 1.26671148072e-13, 9.58875922999e-14, 2.34628007805e-14, 1.09435276122e-14, 1.95290306956e-15, 1.27569091087e-15, 9.95228243519e-16, 7.87459373068e-16]}, "melbands_crest": {"dmean": 3.52558135986, "dmean2": 5.80942583084, "dvar": 9.34020137787, "dvar2": 25.0421180725, "max": 39.0080680847, "mean": 16.8927631378, "median": 16.265920639, "min": 2.74681830406, "var": 27.2457427979}, "melbands_flatness_db": {"dmean": 0.045951128006, "dmean2": 0.073470979929, "dvar": 0.00153193203732, "dvar2": 0.00384090328589, "max": 0.674239933491, "mean": 0.363394141197, "median": 0.364674985409, "min": 0.0062317554839, "var": 0.00679097650573}, "melbands_kurtosis": {"dmean": 12.0502557755, "dmean2": 19.5418319702, "dvar": 265.25604248, "dvar2": 693.329284668, "max": 368.547515869, "mean": 24.3462314606, "median": 17.0671024323, "min": -1.90558731556, "var": 612.776977539}, "melbands_skewness": {"dmean": 0.89697098732, "dmean2": 1.43110251427, "dvar": 0.774303913116, "dvar2": 1.98178243637, "max": 16.0628643036, "mean": 2.97277450562, "median": 2.72991251945, "min": -1.72198021412, "var": 3.0346224308}, "melbands_spread": {"dmean": 2.21236777306, "dmean2": 3.46671676636, "dvar": 26.7499599457, "dvar2": 54.1331863403, "max": 175.602020264, "mean": 6.12567138672, "median": 3.7427546978, "min": 0.390639841557, "var": 85.7059783936}, "mfcc": {"cov": [[8794.62890625, 297.654632568, -1308.33532715, 805.543212891, -154.176879883, 119.1301651, 15.666226387, 119.354248047, -61.0469169617, 43.6486816406, 45.5824165344, 15.5467262268, -42.2343635559], [297.654632568, 1228.62036133, 322.5105896, -143.272720337, 36.325088501, -95.1436386108, 41.3931541443, -48.3011360168, -60.5938568115, -16.2265872955, 36.3421974182, -27.4188213348, -66.205871582], [-1308.33532715, 322.5105896, 903.475952148, -188.600280762, 53.2015838623, -45.0021934509, -38.3247947693, -19.3948574066, 26.8947505951, 26.263299942, 12.2336483002, -25.5784034729, -30.0170230865], [805.543212891, -143.272720337, -188.600280762, 475.550109863, 28.7762126923, 78.2416687012, 29.9557933807, 85.0171661377, 33.3249855042, 18.0813560486, 10.4672250748, 25.8158836365, 27.9314670563], [-154.176879883, 36.325088501, 53.2015838623, 28.7762126923, 225.646347046, 88.8430099487, 68.462928772, 31.0562057495, 29.0785427094, 2.81863808632, 9.57554340363, 26.3501834869, 20.8005104065], [119.1301651, -95.1436386108, -45.0021934509, 78.2416687012, 88.8430099487, 184.617721558, 79.383895874, 53.0820999146, 18.0140323639, 0.13560526073, -9.33943557739, 14.092168808, 31.8843040466], [15.666226387, 41.3931541443, -38.3247947693, 29.9557933807, 68.462928772, 79.383895874, 160.274429321, 57.4220237732, 10.0348787308, -8.69903469086, 0.0170390699059, 11.413476944, 10.3826627731], [119.354248047, -48.3011360168, -19.3948574066, 85.0171661377, 31.0562057495, 53.0820999146, 57.4220237732, 120.190895081, 54.7292366028, 16.5388240814, 8.09097576141, 10.5329437256, 19.4972991943], [-61.0469169617, -60.5938568115, 26.8947505951, 33.3249855042, 29.0785427094, 18.0140323639, 10.0348787308, 54.7292366028, 125.025733948, 58.85546875, 1.03042161465, 13.8489704132, 17.1690120697], [43.6486816406, -16.2265872955, 26.263299942, 18.0813560486, 2.81863808632, 0.13560526073, -8.69903469086, 16.5388240814, 58.85546875, 81.2788314819, 35.7044677734, 7.47836446762, 4.72562503815], [45.5824165344, 36.3421974182, 12.2336483002, 10.4672250748, 9.57554340363, -9.33943557739, 0.0170390699059, 8.09097576141, 1.03042161465, 35.7044677734, 73.8561477661, 30.755317688, -1.72558891773], [15.5467262268, -27.4188213348, -25.5784034729, 25.8158836365, 26.3501834869, 14.092168808, 11.413476944, 10.5329437256, 13.8489704132, 7.47836446762, 30.755317688, 60.3091011047, 30.0095615387], [-42.2343635559, -66.205871582, -30.0170230865, 27.9314670563, 20.8005104065, 31.8843040466, 10.3826627731, 19.4972991943, 17.1690120697, 4.72562503815, -1.72558891773, 30.0095615387, 58.4982719421]], "icov": [[0.00019644339045, -0.000169230479514, 0.000291094271233, -0.000236904088524, 0.000117463627248, -0.000192653926206, 0.000213613355299, -0.000212816696148, 0.000248248979915, -0.000398727832362, 0.000225572584895, -0.000230594057939, 0.000393338152207], [-0.000169230479514, 0.00121393904556, -0.000579930143431, 0.000243915710598, -0.000377075601136, 0.000818021828309, -0.000903910258785, 0.00041634804802, 0.000109170105134, 0.000507222022861, -0.000797270273324, 0.000552283891011, 0.000167691250681], [0.000291094271233, -0.000579930143431, 0.00184998917393, 0.000157855232828, -0.000328149471898, -0.00030528701609, 0.000935190822929, -0.000586751732044, -2.64931168203e-05, -0.000787940458395, 0.000171366467839, 0.000172519110492, 0.000728365732357], [-0.000236904088524, 0.000243915710598, 0.000157855232828, 0.00304995500483, -0.000279554718873, -0.000471200735774, 0.000417310686316, -0.00172046630178, 0.000252927246038, -0.00033380946843, 0.000157452508574, -0.000647658889648, -0.00012504933693], [0.000117463627248, -0.000377075601136, -0.000328149471898, -0.000279554718873, 0.0065394337289, -0.0028190005105, -0.00138296710793, 0.00101590226404, -0.00201077829115, 0.00161735981237, -0.00131374632474, -0.00132568273693, -0.000157940667123], [-0.000192653926206, 0.000818021828309, -0.00030528701609, -0.000471200735774, -0.0028190005105, 0.00967033207417, -0.003288728185, -0.00140776031185, 0.00161611114163, -0.00139483402018, 0.00187499274034, 0.000680454308167, -0.00301587302238], [0.000213613355299, -0.000903910258785, 0.000935190822929, 0.000417310686316, -0.00138296710793, -0.003288728185, 0.0104421209544, -0.00474052410573, 0.00129395036492, 3.15758952638e-05, 0.00122546532657, -0.00199432694353, 0.00209967372939], [-0.000212816696148, 0.00041634804802, -0.000586751732044, -0.00172046630178, 0.00101590226404, -0.00140776031185, -0.00474052410573, 0.0164762828499, -0.00928458198905, 0.00662220874801, -0.0075470530428, 0.00605838745832, -0.00454663159326], [0.000248248979915, 0.000109170105134, -2.64931168203e-05, 0.000252927246038, -0.00201077829115, 0.00161611114163, 0.00129395036492, -0.00928458198905, 0.0222669243813, -0.0200629215688, 0.0150611121207, -0.0104261618108, 0.00374577380717], [-0.000398727832362, 0.000507222022861, -0.000787940458395, -0.00033380946843, 0.00161735981237, -0.00139483402018, 3.15758952638e-05, 0.00662220874801, -0.0200629215688, 0.0358153618872, -0.0242988727987, 0.0147851435468, -0.00729275168851], [0.000225572584895, -0.000797270273324, 0.000171366467839, 0.000157452508574, -0.00131374632474, 0.00187499274034, 0.00122546532657, -0.0075470530428, 0.0150611121207, -0.0242988727987, 0.0370730683208, -0.0246687773615, 0.012307564728], [-0.000230594057939, 0.000552283891011, 0.000172519110492, -0.000647658889648, -0.00132568273693, 0.000680454308167, -0.00199432694353, 0.00605838745832, -0.0104261618108, 0.0147851435468, -0.0246687773615, 0.0401605963707, -0.0201728157699], [0.000393338152207, 0.000167691250681, 0.000728365732357, -0.00012504933693, -0.000157940667123, -0.00301587302238, 0.00209967372939, -0.00454663159326, 0.00374577380717, -0.00729275168851, 0.012307564728, -0.0201728157699, 0.0310458485037]], "mean": [-803.587463379, 182.896972656, 28.8160095215, 38.2677688599, 7.70466709137, 4.78531932831, 2.21929216385, 0.20600694418, -8.01612854004, -5.18030929565, -1.14600920677, -0.911896646023, -1.88321805]}, "pitch_salience": {"dmean": 0.076041854918, "dmean2": 0.125439748168, "dvar": 0.00445639714599, "dvar2": 0.0117893824354, "max": 0.824041187763, "mean": 0.552220582962, "median": 0.565661787987, "min": 0.0332000814378, "var": 0.013926175423}, "silence_rate_20dB": {"dmean": 0, "dmean2": 0, "dvar": 0, "dvar2": 0, "max": 1, "mean": 1, "median": 1, "min": 1, "var": 0}, "silence_rate_30dB": {"dmean": 0.0217948723584, "dmean2": 0.0435944013298, "dvar": 0.0213191658258, "dvar2": 0.0489577911794, "max": 1, "mean": 0.956735372543, "median": 1, "min": 0, "var": 0.0413906387985}, "silence_rate_60dB": {"dmean": 0.0290598291904, "dmean2": 0.0581258684397, "dvar": 0.0282123405486, "dvar2": 0.062014196068, "max": 1, "mean": 0.225723743439, "median": 0, "min": 0, "var": 0.174758717418}, "spectral_centroid": {"dmean": 103.791679382, "dmean2": 157.365737915, "dvar": 46331.8515625, "dvar2": 86865.53125, "max": 11163.3134766, "mean": 492.872283936, "median": 344.88293457, "min": 127.911407471, "var": 231265.5}, "spectral_complexity": {"dmean": 1.54102563858, "dmean2": 2.51885890961, "dvar": 5.54828834534, "dvar2": 11.8414497375, "max": 59, "mean": 6.46127557755, "median": 5, "min": 0, "var": 27.701581955}, "spectral_contrast_coeffs": {"dmean": [0.0494506023824, 0.0450780019164, 0.0369288697839, 0.0369888842106, 0.0288331937045, 0.0291623603553], "dmean2": [0.0815121904016, 0.0735433772206, 0.0606281645596, 0.0607223585248, 0.0472843162715, 0.0460446216166], "dvar": [0.00163184490521, 0.00129818217829, 0.000877318088897, 0.000901722407434, 0.000613018404692, 0.00117627601139], "dvar2": [0.00440842844546, 0.00340908416547, 0.00231440644711, 0.00236052367836, 0.00157174316701, 0.00260077579878], "max": [-0.281944572926, -0.424030840397, -0.537771642208, -0.595764636993, -0.657485067844, -0.493851035833], "mean": [-0.637566864491, -0.744083404541, -0.824346661568, -0.845121502876, -0.861942648888, -0.822276830673], "median": [-0.64562267065, -0.75206720829, -0.832437157631, -0.846857249737, -0.859939277172, -0.847789525986], "min": [-0.970770120621, -0.968883812428, -0.963303923607, -0.98104095459, -0.973515927792, -0.963756859303], "var": [0.00929270405322, 0.00566263077781, 0.00319880107418, 0.0035723245237, 0.00268000597134, 0.00413706852123]}, "spectral_contrast_valleys": {"dmean": [0.403010010719, 0.367785841227, 0.410862505436, 0.503847301006, 0.522863984108, 0.712867736816], "dmean2": [0.666692435741, 0.596793830395, 0.656804144382, 0.814123928547, 0.827039122581, 1.16713023186], "dvar": [0.121405772865, 0.107623279095, 0.134167313576, 0.220194399357, 0.266262978315, 0.36111330986], "dvar2": [0.30578109622, 0.248454391956, 0.315173268318, 0.540629088879, 0.634181976318, 0.928141653538], "max": [-4.57147264481, -4.451649189, -5.57744884491, -5.91124820709, -5.34482240677, -8.82259464264], "mean": [-7.43534946442, -7.36122274399, -8.41919136047, -9.10281944275, -9.13986301422, -11.899096489], "median": [-7.2452507019, -7.30739021301, -8.33740139008, -9.01708507538, -9.04917907715, -11.8466110229], "min": [-26.9091434479, -27.859003067, -27.1731796265, -27.2364807129, -27.2996463776, -27.0891513824], "var": [1.58457422256, 1.3332887888, 1.25228798389, 1.36607885361, 1.53888654709, 1.27648055553]}, "spectral_decrease": {"dmean": 2.04862260489e-09, "dmean2": 3.14224291031e-09, "dvar": 1.71421386356e-17, "dvar2": 4.16337902486e-17, "max": 1.8442337435e-08, "mean": -5.05217156999e-09, "median": -2.08241823785e-09, "min": -8.72310152999e-08, "var": 6.08564122019e-17}, "spectral_energy": {"dmean": 0.00802031718194, "dmean2": 0.0122995926067, "dvar": 0.000261542038061, "dvar2": 0.00063824391691, "max": 0.34865835309, "mean": 0.0255874954164, "median": 0.0124666793272, "min": 1.11760291783e-20, "var": 0.00117475260049}, "spectral_energyband_high": {"dmean": 8.70030708029e-05, "dmean2": 0.000124834026792, "dvar": 1.67668986251e-07, "dvar2": 3.06344787759e-07, "max": 0.030254425481, "mean": 0.000176760688191, "median": 1.54215758812e-05, "min": 7.97608340199e-21, "var": 9.36421201914e-07}, "spectral_energyband_low": {"dmean": 0.00532547291368, "dmean2": 0.00853310525417, "dvar": 0.000156655616593, "dvar2": 0.000398129632231, "max": 0.286521345377, "mean": 0.0113470098004, "median": 0.00387718714774, "min": 5.99183402637e-23, "var": 0.000427738268627}, "spectral_energyband_middle_high": {"dmean": 0.000310697854729, "dmean2": 0.000464356242446, "dvar": 1.13894418519e-06, "dvar2": 2.4403302632e-06, "max": 0.0303403101861, "mean": 0.000656472053379, "median": 0.000108353873657, "min": 1.64539108144e-21, "var": 3.92455376641e-06}, "spectral_energyband_middle_low": {"dmean": 0.00411602947861, "dmean2": 0.00609544850886, "dvar": 7.2781011113e-05, "dvar2": 0.000158195267431, "max": 0.247710734606, "mean": 0.0116779292002, "median": 0.00416698260233, "min": 4.18986392547e-22, "var": 0.000376561656594}, "spectral_entropy": {"dmean": 0.369368135929, "dmean2": 0.587901294231, "dvar": 0.115554355085, "dvar2": 0.286785662174, "max": 9.80880832672, "mean": 6.59802722931, "median": 6.59386348724, "min": 3.7484087944, "var": 0.466112315655}, "spectral_flux": {"dmean": 0.0172038953751, "dmean2": 0.0278922580183, "dvar": 0.000599232153036, "dvar2": 0.00142901972868, "max": 0.398871719837, "mean": 0.0609211660922, "median": 0.0479954816401, "min": 1.05716740917e-10, "var": 0.00237231655046}, "spectral_kurtosis": {"dmean": 10.7328367233, "dmean2": 17.5795783997, "dvar": 162.331878662, "dvar2": 421.673950195, "max": 154.265396118, "mean": 25.156539917, "median": 20.6731739044, "min": -1.17596209049, "var": 267.908233643}, "spectral_rms": {"dmean": 0.000659849203657, "dmean2": 0.000989694264717, "dvar": 7.99569761512e-07, "dvar2": 1.83626059425e-06, "max": 0.0184432771057, "mean": 0.0041113900952, "median": 0.00348749384284, "min": 3.30203616186e-12, "var": 8.05979198049e-06}, "spectral_rolloff": {"dmean": 3324.39770508, "dmean2": 6519.56445312, "dvar": 54358948, "dvar2": 138820672, "max": 22050, "mean": 9847.46582031, "median": 925.927734375, "min": 21.533203125, "var": 109836608}, "spectral_skewness": {"dmean": 0.784376978874, "dmean2": 1.26062500477, "dvar": 0.670329213142, "dvar2": 1.73034453392, "max": 10.2188472748, "mean": 3.6826171875, "median": 3.45496940613, "min": -0.00519511057064, "var": 1.55877184868}, "spectral_spread": {"dmean": 737923.25, "dmean2": 1190850.625, "dvar": 492926697472, "dvar2": 1141711962110.0, "max": 39441500, "mean": 3670210.5, "median": 3627909.5, "min": 859731.4375,