{"lowlevel": {"average_loudness": 0.867713868618, "barkbands": {"dmean": [4.80038215755e-06, 0.000402969453717, 0.00107107381336, 0.00142765103374, 0.00200828583911, 0.0010851767147, 0.00101413636003, 0.000850988319144, 0.000782769056968, 0.000675902527291, 0.00050632073544, 0.000323678628774, 0.000351423455868, 0.000517842767294, 0.000353604700649, 0.000311875366606, 0.000301082269289, 0.000227428783546, 0.000235632425756, 0.000161088493769, 9.8169883131e-05, 0.000191031445866, 0.000142974720802, 7.17152288416e-05, 8.58696075738e-05, 6.23884943707e-06, 3.90561410768e-07], "dmean2": [7.94554034655e-06, 0.00068255054066, 0.00184025755152, 0.00251045031473, 0.00326542300172, 0.00182158919051, 0.00161959324032, 0.00132746738382, 0.00127640063874, 0.00108925928362, 0.000820657820441, 0.000527342199348, 0.000577270402573, 0.000836656603497, 0.000551061297301, 0.000498291803524, 0.000463003234472, 0.000348646979546, 0.000358605437214, 0.000247768359259, 0.000155428308062, 0.000304511340801, 0.000214590923861, 0.000108269137854, 0.000126577229821, 8.98299822438e-06, 5.98038127464e-07], "dvar": [1.2290078677e-10, 6.93582592248e-07, 3.3462272313e-06, 5.59317868465e-06, 9.01617295312e-06, 6.01156307312e-06, 4.36830032413e-06, 3.92908941649e-06, 2.40355757342e-06, 2.25877784032e-06, 1.44448313222e-06, 4.08679369457e-07, 3.91603265371e-07, 9.73035525931e-07, 5.26776204879e-07, 4.00416382718e-07, 4.56349965816e-07, 1.65623845305e-07, 1.59790232601e-07, 7.89456180428e-08, 3.82324145676e-08, 2.94008344781e-07, 9.61220578688e-08, 2.88647168389e-08, 4.80207269504e-08, 1.41306688572e-10, 1.52717562988e-12], "dvar2": [3.10499070899e-10, 1.84445684681e-06, 9.28877216211e-06, 1.71768915607e-05, 2.11276692426e-05, 1.62152191479e-05, 1.03440570456e-05, 8.45983231557e-06, 5.95416577198e-06, 5.67756296732e-06, 3.3633343719e-06, 9.70173232417e-07, 1.01496721072e-06, 2.53706753028e-06, 1.06456764115e-06, 9.87416683529e-07, 9.15062855711e-07, 3.76025695914e-07, 3.52115336e-07, 1.87902728044e-07, 1.00507136835e-07, 7.12289704552e-07, 2.10350009411e-07, 5.72925671349e-08, 1.00915485746e-07, 3.0230792869e-10, 3.57220871806e-12], "max": [0.000269452808425, 0.0139110358432, 0.0365794710815, 0.0379872471094, 0.0662737861276, 0.0368651933968, 0.0378854870796, 0.0488162599504, 0.03495432809, 0.0315856747329, 0.0437824390829, 0.0175575520843, 0.00925493985415, 0.0207564160228, 0.0224033426493, 0.0109119303524, 0.0327808968723, 0.00771436234936, 0.00986021012068, 0.00449548941106, 0.00392583571374, 0.00755985500291, 0.00521183013916, 0.00287919887342, 0.00359220919199, 0.000302883971017, 4.77574576507e-05], "mean": [5.36719471711e-06, 0.0006053315592, 0.00154568639118, 0.00192798872013, 0.0035891123116, 0.00145298102871, 0.0017679563025, 0.00128097704146, 0.00125655997545, 0.00113288708963, 0.000880208273884, 0.000540497945622, 0.000609036360402, 0.0010053612059, 0.000599481340032, 0.000529013224877, 0.000525045848917, 0.000506729935296, 0.000472366955364, 0.000313686527079, 0.000214373678318, 0.00033719628118, 0.000355411262717, 0.000152234657435, 0.000174665634404, 1.25834239952e-05, 5.82805284921e-07], "median": [1.64654068158e-06, 0.000207246674108, 0.000711555359885, 0.000824427348562, 0.00186194851995, 0.000703365192749, 0.00068879313767, 0.000498098612297, 0.000548161158804, 0.000365236599464, 0.000246625451837, 0.000246114330366, 0.000246785726631, 0.000347342516761, 0.000280354026472, 0.000195698667085, 0.000212935352465, 0.000191614919459, 0.000222186412429, 0.000165370394825, 0.000101404344605, 0.000121389035485, 0.000141382333823, 7.72782368585e-05, 5.15708597959e-05, 6.22492007096e-06, 1.96509219563e-07], "min": [2.18493097546e-25, 1.33125040504e-24, 2.21641811197e-24, 1.8124410619e-24, 8.83554979423e-24, 9.13629039257e-24, 6.37451202922e-24, 6.21289494012e-24, 1.16208401569e-23, 2.4196411846e-23, 1.38759528823e-23, 2.1128807887e-23, 2.6980810007e-23, 4.05235922191e-23, 3.45358634249e-23, 3.85814040487e-23, 6.44240928733e-23, 8.9316125421e-23, 1.35153557273e-22, 1.53503219235e-22, 2.60438300538e-22, 3.50049920633e-22, 4.49122519957e-22, 6.08977445253e-22, 9.11827886795e-22, 1.26330472428e-21, 1.98292520001e-21], "var": [1.57353435837e-10, 1.29965621909e-06, 6.0835950535e-06, 8.90294177225e-06, 2.73944169749e-05, 6.40684811515e-06, 1.17039799079e-05, 7.00038299328e-06, 4.62798561784e-06, 5.65347636439e-06, 3.45389776157e-06, 7.81319045018e-07, 8.14515942693e-07, 3.00068040815e-06, 1.13981877803e-06, 8.32300031561e-07, 1.03858451439e-06, 5.6042028973e-07, 4.51153226777e-07, 1.64537624414e-07, 8.57267536958e-08, 5.36112111149e-07, 3.71382412823e-07, 7.46617345726e-08, 1.14273873919e-07, 3.19340415222e-10, 1.88116471185e-12]}, "barkbands_crest": {"dmean": 2.41614580154, "dmean2": 4.02518701553, "dvar": 4.64789915085, "dvar2": 12.3827638626, "max": 26.4021892548, "mean": 8.42928218842, "median": 7.33512878418, "min": 2.33315205574, "var": 16.9840126038}, "barkbands_flatness_db": {"dmean": 0.0169027354568, "dmean2": 0.0267733838409, "dvar": 0.000245975446887, "dvar2": 0.000592558819335, "max": 0.385270804167, "mean": 0.114582888782, "median": 0.100996688008, "min": 0.0299410242587, "var": 0.00310061802156}, "barkbands_kurtosis": {"dmean": 2.1200003624, "dmean2": 3.40493059158, "dvar": 19.6552715302, "dvar2": 48.8427696228, "max": 159.20401001, "mean": 2.94747138023, "median": 0.415489196777, "min": -1.93054282665, "var": 78.7257766724}, "barkbands_skewness": {"dmean": 0.470084398985, "dmean2": 0.730509519577, "dvar": 0.250745594501, "dvar2": 0.586304843426, "max": 12.4813365936, "mean": 1.17502403259, "median": 0.93722486496, "min": -5.01234579086, "var": 1.64399063587}, "barkbands_spread": {"dmean": 5.73176050186, "dmean2": 8.70102882385, "dvar": 43.5357818604, "dvar2": 84.6939468384, "max": 152.563980103, "mean": 27.0224552155, "median": 24.4634227753, "min": 0.911048233509, "var": 244.65385437}, "dissonance": {"dmean": 0.0174358263612, "dmean2": 0.0294606760144, "dvar": 0.000347766414052, "dvar2": 0.000909242720809, "max": 0.500000178814, "mean": 0.464782357216, "median": 0.474138975143, "min": 0, "var": 0.00120664539281}, "dynamic_complexity": 3.52857160568, "erbbands": {"dmean": [0.00430588051677, 0.124741777778, 0.997033834457, 3.04262065887, 5.10148096085, 8.14635658264, 8.08275032043, 9.04163074493, 12.3201627731, 17.5014152527, 18.1609115601, 17.3903808594, 16.0477981567, 21.7467556, 17.5601730347, 12.3176898956, 14.5479860306, 21.1297397614, 22.2946815491, 16.6130924225, 16.8219013214, 16.0570335388, 12.1273002625, 9.62359142303, 11.6008453369, 7.90796899796, 4.0645160675, 5.88907527924, 7.72900533676, 2.79340696335, 4.74085664749, 1.53004205227, 1.24555456638, 0.90722566843, 0.650494873524, 0.0574566423893, 0.00777201820165, 0.000897319056094, 7.22476324881e-05, 8.59241390572e-06], "dmean2": [0.00741537055001, 0.211416199803, 1.69521570206, 5.38093328476, 8.68729877472, 13.1789588928, 13.1960325241, 15.188747406, 19.6558055878, 27.4575595856, 28.2127361298, 28.3021354675, 25.6522693634, 34.8606109619, 28.6860771179, 19.9639949799, 23.7536811829, 33.7764930725, 35.3122901917, 25.8731193542, 26.3919200897, 24.2471885681, 18.3562507629, 14.2664327621, 17.7118663788, 12.0448007584, 6.2973408699, 9.28694438934, 12.3640966415, 4.27196645737, 7.23348426819, 2.3628077507, 1.86053431034, 1.30199837685, 0.987478554249, 0.0830776616931, 0.0110976444557, 0.00131208449602, 0.000108196996734, 1.26342511066e-05], "dvar": [6.13624288235e-05, 0.0659745186567, 3.12214255333, 26.2824459076, 78.9876174927, 183.208221436, 176.061599731, 538.705932617, 748.607177734, 1671.66113281, 1710.50817871, 1304.01611328, 1112.27050781, 2566.10131836, 1575.76818848, 595.903076172, 637.432006836, 1471.08984375, 1991.20593262, 1155.54162598, 1051.77697754, 1467.3729248, 475.006774902, 281.122833252, 394.458099365, 200.642578125, 55.814540863, 200.54335022, 510.101409912, 23.7687492371, 124.225242615, 9.57699680328, 10.2787008286, 3.88482785225, 4.03651046753, 0.0128187490627, 0.000227269323659, 5.13161421622e-06, 4.63282141538e-08, 1.59386490117e-10], "dvar2": [0.000165476682014, 0.173535570502, 8.28233337402, 82.7995910645, 214.087524414, 419.382232666, 444.982666016, 1457.43005371, 1850.50622559, 3510.2434082, 3725.16601562, 3252.45727539, 2611.52099609, 6410.69042969, 4023.23706055, 1437.67956543, 1618.59594727, 3505.88549805, 4696.27001953, 2728.94287109, 2564.18164062, 2716.01538086, 1053.98999023, 596.672851562, 892.248779297, 460.122711182, 139.623168945, 495.159667969, 1244.41296387, 50.4606361389, 286.506378174, 21.355966568, 19.7229557037, 7.3846616745, 8.90186882019, 0.0264025405049, 0.000477807392599, 1.1274548342e-05, 1.08646183605e-07, 3.33104127614e-10], "max": [0.151723027229, 4.35874986649, 35.2925453186, 93.3409729004, 163.809677124, 345.740142822, 217.344833374, 363.819793701, 655.833312988, 883.867858887, 985.592590332, 847.024414062, 1001.07806396, 1076.72155762, 1088.96057129, 699.660949707, 418.623199463, 1203.99804688, 1095.87158203, 891.064208984, 581.803649902, 2078.56787109, 406.892425537, 469.849609375, 398.983520508, 233.787063599, 155.420318604, 261.336120605, 309.423065186, 79.6699295044, 188.695220947, 61.1280860901, 55.2735061646, 32.6151390076, 32.3334083557, 3.04825735092, 0.365449130535, 0.067135989666, 0.00848707929254, 0.000253392499872], "mean": [0.00636522984132, 0.193452894688, 1.50700843334, 4.36962604523, 7.6764831543, 14.303276062, 13.2963666916, 12.0794525146, 20.852481842, 30.8770523071, 28.6978244781, 28.7505397797, 28.0038261414, 39.9532585144, 31.8844947815, 22.9586486816, 28.1250915527, 42.943901062, 42.996547699, 29.4947509766, 30.5830307007, 31.6909770966, 28.3637237549, 22.4970874786, 23.1036987305, 15.6780462265, 9.29289245605, 11.3410377502, 13.2293748856, 7.60134315491, 10.8592891693, 3.50254130363, 2.54420042038, 1.90463626385, 1.22167646885, 0.122348867357, 0.0158689282835, 0.001496057841, 0.000132618457428, 3.58879769919e-05], "median": [0.00320074497722, 0.0750193819404, 0.718923091888, 2.16285133362, 3.87523722649, 6.35980129242, 6.89824962616, 5.57377719879, 7.03303623199, 13.2406597137, 12.1486368179, 12.9311790466, 12.45698452, 13.7479171753, 11.4965524673, 11.4499797821, 12.8710699081, 16.5056838989, 18.1400279999, 14.7570858002, 12.007191658, 13.5345849991, 11.7298707962, 10.3000822067, 11.131354332, 8.30527973175, 4.26559782028, 4.81751585007, 4.42889213562, 3.92346143723, 4.08223152161, 2.24897909164, 1.17681002617, 0.72570079565, 0.241063684225, 0.0580349117517, 0.00783632881939, 0.000566089525819, 5.99185405008e-05, 3.36869161401e-05], "min": [1.20071374535e-23, 5.9263462019e-22, 1.68338403628e-21, 9.05859140518e-21, 7.67249923145e-21, 3.05327356742e-20, 2.70537287245e-20, 5.36559977803e-20, 6.91516077381e-20, 1.4311745834e-19, 2.67254869784e-19, 3.31547069305e-19, 5.98491746359e-19, 5.98662455758e-19, 9.87637728162e-19, 1.23224858038e-18, 1.42297740448e-18, 2.1983418725e-18, 2.664682934e-18, 3.20956913737e-18, 3.56417608929e-18, 4.82824579085e-18, 5.17765763494e-18, 6.78516859092e-18, 6.86385828259e-18, 8.04970564952e-18, 8.63045923142e-18, 9.98545882976e-18, 1.1629282601e-17, 1.08207681462e-17, 1.19046857686e-17, 9.5781228361e-18, 1.03517575661e-17, 7.2473421097e-18, 6.84239790878e-18, 3.93789877159e-18, 1.95091560767e-18, 9.26763438932e-19, 2.45274742204e-19, 2.86001057211e-20], "var": [8.30990757095e-05, 0.121829114854, 5.54826641083, 43.4658088684, 120.006492615, 653.276306152, 351.460235596, 546.469116211, 2128.26269531, 3978.3190918, 3236.07202148, 2517.63354492, 2166.36694336, 6635.29589844, 3379.70141602, 1142.44714355, 1511.16101074, 4969.65283203, 5306.92089844, 2284.80688477, 2400.76000977, 3767.18383789, 1663.33337402, 1030.88244629, 1041.21826172, 416.020721436, 168.987838745, 389.225311279, 891.860412598, 111.743743896, 385.959594727, 21.7729358673, 27.0435256958, 10.5411148071, 8.49417304993, 0.0312189012766, 0.000524768605828, 8.24590188131e-06, 6.3519877358e-08, 6.0809002278e-10]}, "erbbands_crest": {"dmean": 2.36378288269, "dmean2": 3.85104632378, "dvar": 4.94530200958, "dvar2": 12.946097374, "max": 26.0523452759, "mean": 8.12678718567, "median": 7.3364315033, "min": 2.4799478054, "var": 12.5069742203}, "erbbands_flatness_db": {"dmean": 0.0133156673983, "dmean2": 0.0201340541244, "dvar": 0.000145638623508, "dvar2": 0.000303469889332, "max": 0.315889328718, "mean": 0.152762204409, "median": 0.148637399077, "min": 0.0309714991599, "var": 0.00151518953498}, "erbbands_kurtosis": {"dmean": 0.731907367706, "dmean2": 1.16475510597, "dvar": 0.789009213448, "dvar2": 1.88665449619, "max": 20.0228309631, "mean": 0.225254833698, "median": -0.102220535278, "min": -1.76632630825, "var": 2.12395596504}, "erbbands_skewness": {"dmean": 0.334902584553, "dmean2": 0.50855666399, "dvar": 0.0954456627369, "dvar2": 0.203548520803, "max": 3.63401460648, "mean": 0.249801948667, "median": 0.26983243227, "min": -3.17731165886, "var": 0.493679225445}, "erbbands_spread": {"dmean": 7.80444145203, "dmean2": 11.9459943771, "dvar": 69.5520019531, "dvar2": 149.508209229, "max": 211.246734619, "mean": 41.6470718384, "median": 38.2807235718, "min": 4.14251708984, "var": 430.590942383}, "gfcc": {"cov": [[30048.1972656, 272.94909668, -4412.15039062, 1097.55480957, -2042.71533203, 239.455978394, -1438.40576172, 194.078308105, -858.091491699, -182.904983521, -422.370635986, -106.299781799, -304.026550293], [272.94909668, 1037.38745117, 194.126052856, -262.024658203, 28.5248527527, -135.893417358, 24.7695045471, -111.766014099, 8.48176574707, -104.261299133, -43.8073196411, -133.985946655, -19.3231773376], [-4412.15039062, 194.126052856, 1270.50927734, -169.70324707, 222.377944946, -16.770652771, 131.726074219, -69.6997756958, 170.469161987, 46.8628044128, -33.059425354, 13.7255420685, 52.2410583496], [1097.55480957, -262.024658203, -169.70324707, 368.439758301, -35.6013641357, -1.17177045345, -96.7745361328, 38.1519966125, 9.43601989746, 29.8274803162, -9.89358520508, 25.4912128448, 4.79323291779], [-2042.71533203, 28.5248527527, 222.377944946, -35.6013641357, 326.452362061, -10.5095243454, 138.722869873, 16.8443508148, 55.2287216187, 24.0301189423, 30.7016353607, -9.69886875153, 10.0687532425], [239.455978394, -135.893417358, -16.770652771, -1.17177045345, -10.5095243454, 256.391235352, 58.9611549377, 3.97944307327, -31.7709560394, 13.0310525894, 9.15791606903, 4.95497226715, -14.9658269882], [-1438.40576172, 24.7695045471, 131.726074219, -96.7745361328, 138.722869873, 58.9611549377, 210.929031372, 19.2434310913, 15.909330368, 8.0129737854, 35.4110832214, 0.233894571662, -2.44314694405], [194.078308105, -111.766014099, -69.6997756958, 38.1519966125, 16.8443508148, 3.97944307327, 19.2434310913, 113.766960144, 21.7995758057, 6.93271446228, 6.41290426254, 13.5609693527, -15.1151018143], [-858.091491699, 8.48176574707, 170.469161987, 9.43601989746, 55.2287216187, -31.7709560394, 15.909330368, 21.7995758057, 119.941009521, 40.5431938171, -8.66802310944, -5.03173828125, 4.08933544159], [-182.904983521, -104.261299133, 46.8628044128, 29.8274803162, 24.0301189423, 13.0310525894, 8.0129737854, 6.93271446228, 40.5431938171, 95.8264846802, 8.76683044434, 16.5294723511, -3.09744358063], [-422.370635986, -43.8073196411, -33.059425354, -9.89358520508, 30.7016353607, 9.15791606903, 35.4110832214, 6.41290426254, -8.66802310944, 8.76683044434, 91.6774215698, 23.1216125488, -0.0588119365275], [-106.299781799, -133.985946655, 13.7255420685, 25.4912128448, -9.69886875153, 4.95497226715, 0.233894571662, 13.5609693527, -5.03173828125, 16.5294723511, 23.1216125488, 88.4700012207, 22.4109096527], [-304.026550293, -19.3231773376, 52.2410583496, 4.79323291779, 10.0687532425, -14.9658269882, -2.44314694405, -15.1151018143, 4.08933544159, -3.09744358063, -0.0588119365275, 22.4109096527, 59.0005378723]], "icov": [[0.000494181527756, -0.00112875096966, 0.0011027319124, -0.000883177679498, 0.00129843363538, -0.000974846887402, 0.0016053665895, -0.00162379012909, 0.00195789407007, -0.00159624603111, 0.00172707182355, -0.000765964970924, 0.000526958086994], [-0.00112875096966, 0.00445524044335, -0.00261883926578, 0.00288168946281, -0.00293275807053, 0.00309768831357, -0.00386048783548, 0.00505173858255, -0.00497363647446, 0.00515644950792, -0.00376596278511, 0.00359985069372, -0.000607702357229], [0.0011027319124, -0.00261883926578, 0.00380735844374, -0.00153303926345, 0.00232235877775, -0.00238868035376, 0.00329754012637, -0.00254448619671, 0.00248324405402, -0.00347837177105, 0.00462985038757, -0.00261789234355, 0.000704746111296], [-0.000883177679498, 0.00288168946281, -0.00153303926345, 0.00565603096038, -0.0029397783801, 0.00165353901684, -0.000913123774808, 0.00251296022907, -0.00431100418791, 0.00263048894703, -0.00264937034808, 0.00139279046562, -0.00127697992139], [0.00129843363538, -0.00293275807053, 0.00232235877775, -0.0029397783801, 0.00855055358261, -0.00170024635736, 0.000954569433816, -0.00470948312432, 0.0045732120052, -0.00472646253183, 0.00338028348051, -0.000506088195834, 0.000485840078909], [-0.000974846887402, 0.00309768831357, -0.00238868035376, 0.00165353901684, -0.00170024635736, 0.00707118306309, -0.00537562603131, 0.00378757552244, -0.00226796162315, 0.00263676000759, -0.00309277698398, 0.00240597128868, 0.000182042625966], [0.0016053665895, -0.00386048783548, 0.00329754012637, -0.000913123774808, 0.000954569433816, -0.00537562603131, 0.0143085438758, -0.0071653528139, 0.00654037483037, -0.00522410962731, 0.00364306638949, -0.00273684435524, 0.00170846062247], [-0.00162379012909, 0.00505173858255, -0.00254448619671, 0.00251296022907, -0.00470948312432, 0.00378757552244, -0.0071653528139, 0.0180161017925, -0.0107623403892, 0.00781215541065, -0.00489772995934, 0.000505147094373, 0.00237851217389], [0.00195789407007, -0.00497363647446, 0.00248324405402, -0.00431100418791, 0.0045732120052, -0.00226796162315, 0.00654037483037, -0.0107623403892, 0.0225004628301, -0.0122152473778, 0.0074576982297, -0.000658733421005, 0.000826295465231], [-0.00159624603111, 0.00515644950792, -0.00347837177105, 0.00263048894703, -0.00472646253183, 0.00263676000759, -0.00522410962731, 0.00781215541065, -0.0122152473778, 0.0202482547611, -0.00633401749656, 0.000689146923833, 0.00123160483781], [0.00172707182355, -0.00376596278511, 0.00462985038757, -0.00264937034808, 0.00338028348051, -0.00309277698398, 0.00364306638949, -0.00489772995934, 0.0074576982297, -0.00633401749656, 0.0195250343531, -0.00654686475173, 0.00297351437621], [-0.000765964970924, 0.00359985069372, -0.00261789234355, 0.00139279046562, -0.000506088195834, 0.00240597128868, -0.00273684435524, 0.000505147094373, -0.000658733421005, 0.000689146923833, -0.00654686475173, 0.0188841093332, -0.00694811483845], [0.000526958086994, -0.000607702357229, 0.000704746111296, -0.00127697992139, 0.000485840078909, 0.000182042625966, 0.00170846062247, 0.00237851217389, 0.000826295465231, 0.00123160483781, 0.00297351437621, -0.00694811483845, 0.0222379844636]], "mean": [-14.0702152252, 77.4851303101, -123.367271423, 30.9587459564, -73.7304229736, 16.1576042175, -48.8932037354, 3.74823212624, -26.5406284332, -4.49563789368, -19.8355922699, -8.36755943298, -13.2596931458]}, "hfc": {"dmean": 5.75811433792, "dmean2": 7.99741315842, "dvar": 64.7253799438, "dvar2": 128.062393188, "max": 116.678688049, "mean": 25.7732467651, "median": 23.140127182, "min": 1.10156753904e-16, "var": 383.300964355}, "melbands": {"dmean": [7.10392487235e-05, 0.000394812988816, 0.000565806229133, 0.000434442103142, 0.000310263683787, 0.000202625553356, 0.000190712598851, 0.000189315440366, 0.000151914966409, 0.000105440725747, 8.36362087284e-05, 9.3161535915e-05, 6.96986608091e-05, 3.30700386257e-05, 4.15358408645e-05, 3.35338445439e-05, 4.40704825451e-05, 4.26007209171e-05, 2.6441159207e-05, 2.05222822842e-05, 2.20090951188e-05, 1.92911284103e-05, 1.33635485327e-05, 1.01354316939e-05, 8.03158400231e-06, 1.0746616681e-05, 6.36528602627e-06, 5.40159408047e-06, 2.93014181807e-06, 2.18861009671e-06, 4.59505008621e-06, 6.11437553744e-06, 1.44912019095e-06, 2.07687071452e-06, 3.85363182431e-06, 1.07792754989e-06, 9.73676833382e-07, 9.73677515503e-07, 8.26326981951e-07, 8.48270531151e-07], "dmean2": [0.000121026299894, 0.00066981324926, 0.000988533603959, 0.0007110144943, 0.000497869739775, 0.000338407757226, 0.000303690845612, 0.000295372854453, 0.000239237866481, 0.000171546329511, 0.00013418434537, 0.000149560670252, 0.000113485082693, 5.37803462066e-05, 6.81870151311e-05, 5.46013216081e-05, 7.04610501998e-05, 6.78638680256e-05, 4.12733243138e-05, 3.26253284584e-05, 3.47833847627e-05, 2.93895882351e-05, 2.05543674383e-05, 1.52819557115e-05, 1.21124785437e-05, 1.6494304873e-05, 9.80030017672e-06, 8.38206869958e-06, 4.63041624243e-06, 3.50667437488e-06, 7.33045544621e-06, 9.85252518149e-06, 2.34565209212e-06, 3.21418997373e-06, 5.89006322116e-06, 1.6906003566e-06, 1.51502570134e-06, 1.49119591697e-06, 1.22953008486e-06, 1.24395455714e-06], "dvar": [1.91088602719e-08, 4.94930702644e-07, 7.83877169397e-07, 4.5493146672e-07, 2.35468249343e-07, 2.41603117956e-07, 1.6245842005e-07, 1.85422706522e-07, 1.09354573397e-07, 4.49637944655e-08, 2.9826377812e-08, 4.88353961714e-08, 2.75538418748e-08, 3.99459931799e-09, 7.39202743461e-09, 4.18672430058e-09, 6.59802346092e-09, 8.23345391865e-09, 3.53831564048e-09, 2.02537520089e-09, 1.8969137372e-09, 2.74131095601e-09, 6.09109207517e-10, 3.79591497124e-10, 2.20565024578e-10, 3.79093728631e-10, 1.29599095344e-10, 9.73502459201e-11, 3.02820511722e-11, 1.80220959684e-11, 1.50558454592e-10, 3.42255945807e-10, 8.42368015619e-12, 1.64629403859e-11, 9.83527773113e-11, 3.00429646438e-12, 4.78296222073e-12, 6.64949432322e-12, 3.82733948701e-12, 4.17167515809e-12], "dvar2": [5.15389935174e-08, 1.30607202209e-06, 2.36355867855e-06, 1.1243720337e-06, 5.50006916455e-07, 6.48802711112e-07, 3.95370506112e-07, 3.90524093064e-07, 2.41531552092e-07, 1.12082318537e-07, 7.04738241097e-08, 1.23072638303e-07, 6.75111522241e-08, 9.53005585558e-09, 1.86145516778e-08, 1.0717407406e-08, 1.58096753466e-08, 2.07314982958e-08, 7.55402762564e-09, 5.01358954352e-09, 4.67855887365e-09, 4.93164531434e-09, 1.3385994535e-09, 8.76219874435e-10, 4.70186056756e-10, 8.41047509414e-10, 3.01025065985e-10, 2.25269691789e-10, 7.49969253366e-11, 4.80884117249e-11, 3.74941910852e-10, 8.3330620182e-10, 2.12067030603e-11, 3.83284966265e-11, 2.27754384796e-10, 7.03142708988e-12, 1.09242163926e-11, 1.38634884822e-11, 7.00060452316e-12, 8.70301140182e-12], "max": [0.00210617831908, 0.0136191230267, 0.015252049081, 0.0109619852155, 0.0118914786726, 0.00751060433686, 0.00890298746526, 0.00997622590512, 0.00839150231332, 0.00457840692252, 0.00498649617657, 0.004873030819, 0.00575436558574, 0.00214009918272, 0.00209967070259, 0.00101078918669, 0.00247411895543, 0.00160541653167, 0.00214230967686, 0.00112251157407, 0.000810698431451, 0.00302625633776, 0.000531457713805, 0.000433506647823, 0.000478805217426, 0.000603929336648, 0.000260819680989, 0.000191823564819, 9.63870188571e-05, 7.97296961537e-05, 0.000204701165785, 0.000251207384281, 5.65553818888e-05, 7.2393733717e-05, 0.000172048952663, 3.22251980833e-05, 4.67123609269e-05, 4.10651664424e-05, 4.15596587118e-05, 3.99787604692e-05], "mean": [0.000107916734123, 0.000608451198786, 0.000875263533089, 0.000761572446208, 0.000548741489183, 0.000273584213573, 0.000327775778715, 0.0003253716568, 0.00023548831814, 0.000171067469637, 0.000139844298246, 0.000164724100614, 0.000121493038023, 5.69932271901e-05, 6.91368986736e-05, 5.97881735303e-05, 8.32329969853e-05, 7.64992291806e-05, 4.37732560385e-05, 3.2425923564e-05, 3.7328889448e-05, 3.32669660565e-05, 2.80180993286e-05, 2.22501657845e-05, 1.72914315044e-05, 2.00621125259e-05, 1.21509001474e-05, 9.97473762254e-06, 6.04977094554e-06, 4.54505334346e-06, 7.77018703957e-06, 9.7407892099e-06, 2.90816751658e-06, 4.92840172228e-06, 8.29697728477e-06, 2.38963457377e-06, 1.92869697457e-06, 1.79554945134e-06, 1.63480683568e-06, 1.63089066518e-06], "median": [4.16494222009e-05, 0.00029152337811, 0.000446519843535, 0.000407597399317, 0.000272691861028, 0.000127027815324, 0.000115889662993, 0.000143468569149, 9.41691905609e-05, 7.43641649024e-05, 5.66438902752e-05, 5.23070048075e-05, 3.67869688489e-05, 2.72726065305e-05, 2.8961989301e-05, 2.33343289437e-05, 2.8414739063e-05, 2.51658566413e-05, 2.07010762097e-05, 1.31922388391e-05, 1.31208244056e-05, 1.24524976854e-05, 1.15866150736e-05, 8.14510622149e-06, 7.28788199922e-06, 8.77025013324e-06, 5.74588057134e-06, 4.93880725116e-06, 2.53442476605e-06, 2.02576484298e-06, 2.83628446596e-06, 2.54085375673e-06, 1.9177143713e-06, 2.12021222978e-06, 2.41228622144e-06, 1.64106279499e-06, 1.05733408873e-06, 7.43231453271e-07, 7.75478270043e-07, 5.10518191277e-07], "min": [2.35320412775e-25, 1.05004091803e-24, 2.53437066919e-24, 1.68688872124e-24, 1.31813618413e-24, 1.26497987672e-24, 1.2537849544e-24, 1.72276631243e-24, 2.70190204571e-24, 2.00836886721e-24, 2.6489452215e-24, 1.99791823515e-24, 3.19313598658e-24, 2.47259654942e-24, 1.77769903599e-24, 2.82896288564e-24, 3.57874164946e-24, 3.33780854065e-24, 3.11596941562e-24, 3.77007670658e-24, 3.68502685137e-24, 4.51079185303e-24, 2.95721865262e-24, 4.98899775605e-24, 4.7836517404e-24, 3.37557486206e-24, 4.84228067174e-24, 4.12774466328e-24, 3.23542287541e-24, 5.00560327811e-24, 5.1205130963e-24, 5.67899111845e-24, 4.50694181738e-24, 5.58971572981e-24, 5.44765568585e-24, 5.77462630372e-24, 5.50367427645e-24, 5.81072576203e-24, 5.43119846964e-24, 5.98640035246e-24], "var": [3.41467512044e-08, 8.92783873496e-07, 1.4321682329e-06, 1.11418739834e-06, 7.12595806363e-07, 2.6094153327e-07, 4.62118038058e-07, 4.22361779329e-07, 2.18409880404e-07, 8.57333546378e-08, 5.80406123163e-08, 1.24013084246e-07, 6.07160686172e-08, 8.69318572683e-09, 1.33727571239e-08, 8.87932749549e-09, 2.07227461857e-08, 2.08986605799e-08, 6.61416077463e-09, 3.85408238657e-09, 4.15820355926e-09, 6.01121552535e-09, 1.88886795094e-09, 1.19007470545e-09, 7.3874067974e-10, 1.01597463775e-09, 3.11137171582e-10, 1.91216625867e-10, 8.38751845755e-11, 4.36745674348e-11, 2.61672905566e-10, 5.98463612e-10, 1.25684991928e-11, 6.49897982652e-11, 2.93695484599e-10, 6.95818706473e-12, 9.71003659422e-12, 1.52914434587e-11, 1.03234799181e-11, 9.58006070306e-12]}, "melbands_crest": {"dmean": 3.34791302681, "dmean2": 5.6656665802, "dvar": 8.72734546661, "dvar2": 24.6859149933, "max": 31.7181892395, "mean": 12.0215997696, "median": 10.9524059296, "min": 1.63886475563, "var": 28.7811946869}, "melbands_flatness_db": {"dmean": 0.0220998357981, "dmean2": 0.0347083583474, "dvar": 0.000436096801423, "dvar2": 0.00104125658982, "max": 0.515350580215, "mean": 0.15753698349, "median": 0.138624221087, "min": 0.00313275610097, "var": 0.00676436163485}, "melbands_kurtosis": {"dmean": 5.73378992081, "dmean2": 9.04473781586, "dvar": 252.426635742, "dvar2": 550.715881348, "max": 1247.8482666, "mean": 14.0472297668, "median": 4.49585342407, "min": -1.79486179352, "var": 4290.75390625}, "melbands_skewness": {"dmean": 0.615464031696, "dmean2": 0.975332975388, "dvar": 0.427442073822, "dvar2": 1.0111798048, "max": 27.5977535248, "mean": 2.29824209213, "median": 1.94117772579, "min": -1.5567882061, "var": 4.4053030014}, "melbands_spread": {"dmean": 8.82123184204, "dmean2": 13.517788887, "dvar": 125.345169067, "dvar2": 264.944763184, "max": 232.24118042, "mean": 33.437374115, "median": 29.5330314636, "min": 0.400778830051, "var": 590.69354248}, "mfcc": {"cov": [[14424.4296875, -432.394378662, -1570.09375, 170.548828125, -235.705322266, -250.545974731, -159.006576538, 39.1034011841, -321.675201416, -220.079971313, -97.4848098755, -102.0679245, -71.6185684204], [-432.394378662, 1252.359375, 310.223754883, -77.3507003784, -30.0434246063, -18.3935947418, -19.1226558685, -40.59633255, -14.1873779297, 46.5311508179, -50.5310096741, -64.36769104, -83.6118545532], [-1570.09375, 310.223754883, 767.331787109, -21.5509605408, 57.1900444031, 68.4307632446, -88.7358627319, -46.1147613525, 72.0180587769, -2.3299882412, -22.8268795013, -12.9178543091, 28.344329834], [170.548828125, -77.3507003784, -21.5509605408, 292.920684814, 66.9280929565, -45.1272735596, -77.403137207, -27.0861644745, 32.7489089966, -12.6289367676, -15.0426692963, 16.4860076904, 59.8448829651], [-235.705322266, -30.0434246063, 57.1900444031, 66.9280929565, 152.956253052, 14.9880256653, -14.3261346817, -7.26636981964, 29.8125724792, 22.2700080872, -13.4038791656, 18.1232089996, 18.8236904144], [-250.545974731, -18.3935947418, 68.4307632446, -45.1272735596, 14.9880256653, 173.727401733, 58.8214073181, 1.48399603367, 19.8353061676, 16.2442646027, 29.4662895203, -13.7896118164, 0.742601752281], [-159.006576538, -19.1226558685, -88.7358627319, -77.403137207, -14.3261346817, 58.8214073181, 181.771591187, 60.8479423523, -22.1466827393, 26.7740097046, 26.9347286224, -4.28076648712, -38.7775268555], [39.1034011841, -40.59633255, -46.1147613525, -27.0861644745, -7.26636981964, 1.48399603367, 60.8479423523, 104.554748535, 11.92557621, -2.08349537849, 19.5316638947, 2.04343438148, -2.7650809288], [-321.675201416, -14.1873779297, 72.0180587769, 32.7489089966, 29.8125724792, 19.8353061676, -22.1466827393, 11.92557621, 104.929733276, 28.0106239319, 4.67620182037, 5.72620677948, 23.6025981903], [-220.079971313, 46.5311508179, -2.3299882412, -12.6289367676, 22.2700080872, 16.2442646027, 26.7740097046, -2.08349537849, 28.0106239319, 87.975227356, 27.8557186127, 7.87577199936, -12.7209768295], [-97.4848098755, -50.5310096741, -22.8268795013, -15.0426692963, -13.4038791656, 29.4662895203, 26.9347286224, 19.5316638947, 4.67620182037, 27.8557186127, 85.8415145874, 24.2387866974, 4.1986823082], [-102.0679245, -64.36769104, -12.9178543091, 16.4860076904, 18.1232089996, -13.7896118164, -4.28076648712, 2.04343438148, 5.72620677948, 7.87577199936, 24.2387866974, 69.7984008789, 23.282579422], [-71.6185684204, -83.6118545532, 28.344329834, 59.8448829651, 18.8236904144, 0.742601752281, -38.7775268555, -2.7650809288, 23.6025981903, -12.7209768295, 4.1986823082, 23.282579422, 82.7594299316]], "icov": [[0.000104858678242, -1.12701845865e-05, 0.000227288619499, -4.90760066896e-05, 5.4397911299e-05, -8.76841440913e-05, 0.000283135130303, -0.000151417567395, 0.000207095145015, 9.17051365832e-05, 7.28531958885e-05, 0.000109807937406, 7.34653585823e-05], [-1.12701845865e-05, 0.00108470348641, -0.000547664880287, -2.45772425842e-05, 0.00035771439434, 0.000236335996306, 7.91663696873e-05, -5.28855480297e-06, 0.00040140360943, -0.00100699893665, 0.000561924651265, 0.000459873845102, 0.00081775104627], [0.000227288619499, -0.000547664880287, 0.0023987502791, 0.000468673330033, -0.000603136257268, -0.000988136394881, 0.00141804374289, 9.69308239291e-05, -0.0007164478302, 0.00100956810638, 9.25398126128e-05, 0.000259409018327, -0.000421512115281], [-4.90760066896e-05, -2.45772425842e-05, 0.000468673330033, 0.00512436823919, -0.00218827929348, 0.00130353786517, 0.000556707498617, 0.00125033024233, -0.00137104385067, 0.000972424808424, -0.00061215122696, 0.000749180850107, -0.00278391130269], [5.4397911299e-05, 0.00035771439434, -0.000603136257268, -0.00218827929348, 0.00914316996932, -0.00169515796006, 0.000443548924522, -0.00102080125362, 6.65731640765e-05, -0.00343551882543, 0.00373682845384, -0.00287948944606, 0.000380178535124], [-8.76841440913e-05, 0.000236335996306, -0.000988136394881, 0.00130353786517, -0.00169515796006, 0.00911065284163, -0.00441730255261, 0.00328236632049, -0.00246550119482, 0.0014285731595, -0.00398416863754, 0.00355472671799, -0.00197275076061], [0.000283135130303, 7.91663696873e-05, 0.00141804374289, 0.000556707498617, 0.000443548924522, -0.00441730255261, 0.0118761816993, -0.00675108609721, 0.00386151857674, -0.0033414629288, 0.00120512594003, -0.00090016645845, 0.00329182809219], [-0.000151417567395, -5.28855480297e-06, 9.69308239291e-05, 0.00125033024233, -0.00102080125362, 0.00328236632049, -0.00675108609721, 0.0151510061696, -0.00512196077034, 0.0044220816344, -0.00401795329526, 0.00139448943082, -0.00157602736726], [0.000207095145015, 0.00040140360943, -0.0007164478302, -0.00137104385067, 6.65731640765e-05, -0.00246550119482, 0.00386151857674, -0.00512196077034, 0.0150810787454, -0.00657477695495, 0.00221932632849, 0.000147374201333, -0.00199896632694], [9.17051365832e-05, -0.00100699893665, 0.00100956810638, 0.000972424808424, -0.00343551882543, 0.0014285731595, -0.0033414629288, 0.0044220816344, -0.00657477695495, 0.0186375733465, -0.0068432870321, -2.37880522036e-06, 0.00245145149529], [7.28531958885e-05, 0.000561924651265, 9.25398126128e-05, -0.00061215122696, 0.00373682845384, -0.00398416863754, 0.00120512594003, -0.00401795329526, 0.00221932632849, -0.0068432870321, 0.0184215754271, -0.00654660491273, -0.000119717333291], [0.000109807937406, 0.000459873845102, 0.000259409018327, 0.000749180850107, -0.00287948944606, 0.00355472671799, -0.00090016645845, 0.00139448943082, 0.000147374201333, -2.37880522036e-06, -0.00654660491273, 0.0201317798346, -0.00519700348377], [7.34653585823e-05, 0.00081775104627, -0.000421512115281, -0.00278391130269, 0.000380178535124, -0.00197275076061, 0.00329182809219, -0.00157602736726, -0.00199896632694, 0.00245145149529, -0.000119717333291, -0.00519700348377, 0.0189664568752]], "mean": [-638.34942627, 100.323547363, 4.17252969742, 10.5259542465, -1.01005911827, 1.43736159801, -8.23700809479, -0.463773936033, -6.2815155983, -0.208404839039, -3.34607219696, -7.45446681976, -5.5046415329]}, "pitch_salience": {"dmean": 0.0684602633119, "dmean2": 0.113736800849, "dvar": 0.00347126997076, "dvar2": 0.00959068350494, "max": 0.958256661892, "mean": 0.586646974087, "median": 0.598777294159, "min": 0.0230936482549, "var": 0.0125649925321}, "silence_rate_20dB": {"dmean": 0, "dmean2": 0, "dvar": 0, "dvar2": 0, "max": 1, "mean": 1, "median": 1, "min": 1, "var": 0}, "silence_rate_30dB": {"dmean": 0, "dmean2": 0, "dvar": 0, "dvar2": 0, "max": 1, "mean": 1, "median": 1, "min": 1, "var": 0}, "silence_rate_60dB": {"dmean": 0.00612190598622, "dmean2": 0.0122454408556, "dvar": 0.0060845897533, "dvar2": 0.0134275201708, "max": 1, "mean": 0.0988689288497, "median": 0, "min": 0, "var": 0.0890854597092}, "spectral_centroid": {"dmean": 277.77355957, "dmean2": 417.548492432, "dvar": 95277.2890625, "dvar2": 187198.75, "max": 11682.9941406, "mean": 1633.07141113, "median": 1512.77502441, "min": 205.332046509, "var": 1526800.875}, "spectral_complexity": {"dmean": 4.03300523758, "dmean2": 5.85305452347, "dvar": 20.6039295197, "dvar2": 37.5806388855, "max": 59, "mean": 21.4345970154, "median": 21, "min": 0, "var": 128.265396118}, "spectral_contrast_coeffs": {"dmean": [0.0548270270228, 0.048775922507, 0.0379423722625, 0.0304118636996, 0.0221199579537, 0.0179983973503], "dmean2": [0.0917823389173, 0.0810128226876, 0.0622028261423, 0.0491889826953, 0.0347061678767, 0.0281348843127], "dvar": [0.00191657536197, 0.00158010353334, 0.000915759301279, 0.000597609614488, 0.000359774072422, 0.000296872924082], "dvar2": [0.00522828288376, 0.00424261530861, 0.0024074469693, 0.00154319859575, 0.000825846218504, 0.000627377710771], "max": [-0.280839890242, -0.40797996521, -0.508594453335, -0.591082394123, -0.576641142368, -0.615888893604], "mean": [-0.58664649725, -0.742339134216, -0.77103471756, -0.775549530983, -0.784304201603, -0.775446355343], "median": [-0.581128239632, -0.745984554291, -0.773066103458, -0.777443647385, -0.783496677876, -0.77607268095], "min": [-0.979615867138, -0.978331804276, -0.976579189301, -0.974050819874, -0.968813300133, -0.966556668282], "var": [0.00944417808205, 0.00557375093922, 0.00430850777775, 0.00323634408414, 0.0030837377999, 0.00264967861585]}, "spectral_contrast_valleys": {"dmean": [0.444019645452, 0.347577244043, 0.311200231314, 0.284930109978, 0.266045004129, 0.220442414284], "dmean2": [0.739538013935, 0.570182621479, 0.504127681255, 0.437510281801, 0.382625520229, 0.318088322878], "dvar": [0.148502722383, 0.097677052021, 0.0812396630645, 0.0764409005642, 0.0849220454693, 0.0752158686519], "dvar2": [0.374149382114, 0.227797329426, 0.188217312098, 0.157616183162, 0.157569944859, 0.139827147126], "max": [-5.71387624741, -4.67977952957, -5.383913517, -5.74443244934, -5.48978567123, -8.03744983673], "mean": [-8.03384876251, -6.90584230423, -7.50084733963, -7.85678434372, -7.83074092865, -9.91292858124], "median": [-7.69951725006, -6.47761726379, -7.03775310516, -7.35921525955, -7.31193065643, -9.44024944305], "min": [-28.1754703522, -28.1331424713, -27.890296936, -27.6310806274, -27.5596885681, -27.4075546265], "var": [5.34695959091, 6.2602148056, 6.11558198929, 6.225918293, 6.39155340195, 5.1487994194]}, "spectral_decrease": {"dmean": 1.34224154014e-09, "dmean2": 2.10818917878e-09, "dvar": 2.65169371684e-18, "dvar2": 6.15402564764e-18, "max": 2.85863984699e-16, "mean": -5.15485876207e-09, "median": -4.96120211579e-09, "min": -2.04862935504e-08, "var": 1.0909717359e-17}, "spectral_energy": {"dmean": 0.00536625692621, "dmean2": 0.00836522225291, "dvar": 4.15052527387e-05, "dvar2": 9.48290253291e-05, "max": 0.085267290473, "mean": 0.021793268621, "median": 0.0213371422142, "min": 1.01109703239e-20, "var": 0.000184303222341}, "spectral_energyband_high": {"dmean": 0.000462460768176, "dmean2": 0.00065726635512, "dvar": 9.06961759028e-07, "dvar2": 1.78810648777e-06, "max": 0.0134282456711, "mean": 0.00140943191946, "median": 0.000759371323511, "min": 7.18181714611e-21, "var": 3.55397651219e-06}, "spectral_energyband_low": {"dmean": 0.00183764984831, "dmean2": 0.00317404395901, "dvar": 8.48152103572e-06, "dvar2": 2.45500250458e-05, "max": 0.0543102324009, "mean": 0.00304065016098, "median": 0.00162001047283, "min": 1.08787232046e-23, "var": 1.73246953636e-05}, "spectral_energyband_middle_high": {"dmean": 0.00204894109629, "dmean2": 0.00306598329917, "dvar": 7.36807396606e-06, "dvar2": 1.61379830388e-05, "max": 0.0472273677588, "mean": 0.00683580292389, "median": 0.00502645177767, "min": 1.15820845881e-21, "var": 4.0676601202e-05}, "spectral_energyband_middle_low": {"dmean": 0.00423271302134, "dmean2": 0.00672769080848, "dvar": 3.02777534671e-05, "dvar2": 7.21014439478e-05, "max": 0.0734611600637, "mean": 0.011507852003, "median": 0.00900606438518, "min": 1.51147996116e-22, "var": 9.39011151786e-05}, "spectral_entropy": {"dmean": 0.129087015986, "dmean2": 0.196115508676, "dvar": 0.0166324395686, "dvar2": 0.0354878529906, "max": 9.82005405426, "mean": 7.72213459015, "median": 7.79309368134, "min": 5.00995779037, "var": 0.336841702461}, "spectral_flux": {"dmean": 0.0163997597992, "dmean2": 0.0253789909184, "dvar": 0.000277073995676, "dvar2": 0.000619328639004, "max": 0.233062714338, "mean": 0.0804244726896, "median": 0.0809065625072, "min": 6.34482605344e-11, "var": 0.00141692289617}, "spectral_kurtosis": {"dmean": 1.04461252689, "dmean2": 1.68427312374, "dvar": 3.24217581749, "dvar2": 8.53202629089, "max": 89.0654449463, "mean": 4.49825763702, "median": 2.81305360794, "min": -1.26036095619, "var": 82.9761886597}, "spectral_rms": {"dmean": 0.000545980525203, "dmean2": 0.000844899914227, "dvar": 3.19745055322e-07, "dvar2": 7.07680783307e-07, "max": 0.00912072416395, "mean": 0.00429832749069, "median": 0.00456253485754, "min": 3.14075805294e-12, "var": 2.78615880234e-06}, "spectral_rolloff": {"dmean": 623.598205566, "dmean2": 1014.93566895, "dvar": 1130571.875, "dvar2": 2234196.75, "max": 22050, "mean": 2456.61425781, "median": 1722.65625, "min": 64.599609375, "var": 7122538.5}, "spectral_skewness": {"dmean": 0.159125953913, "dmean2": 0.248255059123, "dvar": 0.0271901693195, "dvar2": 0.0614760294557, "max": 7.98663663864, "mean": 1.5059864521, "median": 1.35689103603, "min": -0.0950686633587, "var": 0.908028304577}, "spectral_spread": {"dmean": 549877.1875, "dmean2": 789867.1875, "dvar": 581387550720, "dvar2": 1081773588480.0, "max": 43146832, "mean": 5601628.5, "median": 4958862.5, "min": 1205054.625, "var": 17256336588800.0}, "spectral_strongpeak": {"dmean": 0.62764030695, "dmean2": 1.07158458233, "dva