{"lowlevel": {"average_loudness": 0.91085255146, "barkbands": {"dmean": [4.54430119134e-05, 0.000707359344233, 0.000230867633945, 0.000283821573248, 0.00153621297795, 0.00124210945796, 0.00263924524188, 0.00149580591824, 0.00176941731479, 0.000689130043611, 0.000481444731122, 0.00055684603285, 0.000825556111522, 0.000519111461472, 0.000189119789866, 9.51224355958e-05, 6.99648007867e-05, 3.03611650452e-05, 4.30372856499e-05, 5.24304196006e-05, 4.68592952529e-05, 5.39317916264e-05, 5.12293809152e-05, 3.56936907338e-05, 3.23437525367e-05, 2.46650215558e-05, 1.41253494803e-05], "dmean2": [8.18735352368e-05, 0.00102459476329, 0.00036995409755, 0.000459413800854, 0.00250689731911, 0.0019243088318, 0.0041799065657, 0.0023035290651, 0.00271774781868, 0.00105479883496, 0.000758122478146, 0.000853193923831, 0.00128399883397, 0.000813743739855, 0.000284580193693, 0.000145137470099, 0.000107501873572, 4.68947619083e-05, 6.31691145827e-05, 7.76821616455e-05, 6.67373024044e-05, 7.61433402658e-05, 7.24721030565e-05, 5.1259110478e-05, 4.65771991003e-05, 3.56896780431e-05, 2.09324462048e-05], "dvar": [3.23045878936e-09, 2.47621164817e-06, 1.78313470656e-07, 2.09166444165e-07, 5.01274871567e-06, 4.02371279051e-06, 1.98829166038e-05, 9.01008843357e-06, 1.14767408377e-05, 3.0269236504e-06, 7.66434254729e-07, 1.45479748426e-06, 2.22879930334e-06, 9.98047880785e-07, 1.98439451538e-07, 7.60064509109e-08, 1.86080644227e-08, 3.70254027438e-09, 5.86491122334e-09, 1.09414797222e-08, 1.37720679305e-08, 1.78512173932e-08, 2.04908072732e-08, 1.39847440295e-08, 1.19074261562e-08, 9.05270702845e-09, 3.52011042537e-09], "dvar2": [1.10500808503e-08, 4.80589278595e-06, 4.28180499057e-07, 5.38438428066e-07, 1.38735285873e-05, 9.81477933237e-06, 4.82901486976e-05, 2.03566905839e-05, 2.5957775506e-05, 6.69372957418e-06, 1.71218187006e-06, 3.28044234266e-06, 5.11744428877e-06, 2.41393559008e-06, 4.1991438593e-07, 1.67085019598e-07, 4.32686455554e-08, 9.37397803824e-09, 1.26224568575e-08, 2.49401583829e-08, 2.86618107026e-08, 3.63605821008e-08, 4.31796536304e-08, 2.79365259814e-08, 2.39388899814e-08, 1.88852684602e-08, 7.68018093567e-09], "max": [0.00108772027306, 0.0272955745459, 0.00613054959103, 0.0113811921328, 0.0450166761875, 0.0422915779054, 0.106443949044, 0.0662842616439, 0.0755466893315, 0.04763700068, 0.0212641172111, 0.0256156548858, 0.0324159897864, 0.0284752380103, 0.0115461740643, 0.00878933630884, 0.00585250509903, 0.00154823658522, 0.00221348530613, 0.00175686343573, 0.00281562772579, 0.00447318097576, 0.00327195646241, 0.00366438459605, 0.00151415914297, 0.00160115584731, 0.000828279822599], "mean": [0.000617977289949, 0.00183178624138, 0.00044451202848, 0.00045653124107, 0.00277315545827, 0.00270223524421, 0.00552966073155, 0.00305638695136, 0.00398239213973, 0.00131405179854, 0.000941163569223, 0.00113801180851, 0.00189793028403, 0.000918911886401, 0.000379614473786, 0.000254598882748, 0.000196929468075, 6.31341172266e-05, 9.42498882068e-05, 0.000107623069198, 8.64292087499e-05, 0.000102638201497, 7.91648417362e-05, 4.99423658766e-05, 3.70047200704e-05, 2.37835811276e-05, 1.24719272208e-05], "median": [0.000669037923217, 0.000340591097483, 0.000187545956578, 0.000232723250519, 0.00183249323163, 0.00131189730018, 0.0022982605733, 0.00069818116026, 0.00122398487292, 0.000402770907385, 0.000394782109652, 0.000385974883102, 0.000640087469947, 0.000334075710271, 0.000115013295726, 5.70962292841e-05, 8.27554031275e-05, 3.07138288917e-05, 4.49268118246e-05, 5.45396105736e-05, 3.52307943103e-05, 4.5145436161e-05, 2.73380028375e-05, 1.47315076902e-05, 5.2759078244e-06, 1.05083586277e-06, 7.62146257216e-08], "min": [6.40435148182e-24, 2.00707261097e-23, 2.02845484358e-23, 1.32430813325e-23, 5.25796997911e-23, 5.46360456008e-23, 5.06732943513e-23, 8.08387169e-23, 7.36894535317e-23, 3.41485832076e-23, 6.7077063652e-23, 9.45977889952e-23, 7.65087161893e-23, 1.78332950704e-22, 1.14473852632e-22, 1.96806798305e-22, 7.16337135672e-23, 1.05436422289e-22, 3.93087495805e-22, 3.54057258301e-22, 2.9677876217e-22, 6.53596730717e-22, 8.07391891595e-22, 8.68637689125e-22, 1.24930778222e-21, 1.86188036323e-21, 2.40828929947e-21], "var": [3.6097489442e-08, 1.12882244139e-05, 4.97179826198e-07, 4.90835077471e-07, 8.89425973583e-06, 1.57442609634e-05, 7.32941189199e-05, 3.72633985535e-05, 4.87179604534e-05, 7.60948069001e-06, 2.53319490184e-06, 5.71288137508e-06, 1.13050509754e-05, 2.28308590522e-06, 7.31686441213e-07, 5.97242205913e-07, 1.56711010391e-07, 8.92106744033e-09, 2.05528767339e-08, 2.37246222667e-08, 2.67692197298e-08, 3.54746596543e-08, 3.62648648888e-08, 2.05530010788e-08, 1.55343649055e-08, 1.03322612688e-08, 3.64310537293e-09]}, "barkbands_crest": {"dmean": 2.25466322899, "dmean2": 3.60724306107, "dvar": 4.26535654068, "dvar2": 10.7144765854, "max": 24.829668045, "mean": 10.418636322, "median": 9.51702594757, "min": 3.08876895905, "var": 17.8001823425}, "barkbands_flatness_db": {"dmean": 0.0188644211739, "dmean2": 0.0260469149798, "dvar": 0.000302509579342, "dvar2": 0.000549873628188, "max": 0.372636973858, "mean": 0.151813879609, "median": 0.147462844849, "min": 0.0236259400845, "var": 0.00232086633332}, "barkbands_kurtosis": {"dmean": 1.56023693085, "dmean2": 2.42812156677, "dvar": 3.87368869781, "dvar2": 9.1515417099, "max": 48.3581390381, "mean": 2.71237659454, "median": 1.76945161819, "min": -1.8327858448, "var": 12.5807294846}, "barkbands_skewness": {"dmean": 0.354160964489, "dmean2": 0.536992430687, "dvar": 0.114491470158, "dvar2": 0.250872284174, "max": 4.62834596634, "mean": 0.83982616663, "median": 0.810428977013, "min": -2.04035019875, "var": 0.593139410019}, "barkbands_spread": {"dmean": 3.53908753395, "dmean2": 5.25256490707, "dvar": 26.5572776794, "dvar2": 53.2757148743, "max": 105.627258301, "mean": 15.4287519455, "median": 12.7846546173, "min": 1.19082796574, "var": 117.63923645}, "dissonance": {"dmean": 0.0318246744573, "dmean2": 0.0530957356095, "dvar": 0.000787348893937, "dvar2": 0.00217421771958, "max": 0.500000059605, "mean": 0.431867837906, "median": 0.440037429333, "min": 0.162856042385, "var": 0.00199719634838}, "dynamic_complexity": 4.60377883911, "erbbands": {"dmean": [0.0132557759061, 0.182824611664, 0.305577039719, 0.496437132359, 3.16144299507, 6.27475452423, 7.04357337952, 10.4882898331, 32.0074119568, 38.5644950867, 32.4220809937, 39.3284759521, 30.1214294434, 16.9891967773, 16.3042507172, 24.6034088135, 32.1954841614, 31.1371917725, 13.1899366379, 6.7268371582, 3.53619599342, 3.46673059464, 1.8349134922, 1.19777035713, 2.82672476768, 2.40897512436, 1.92770028114, 1.85318255424, 1.89160037041, 1.84469664097, 1.40682280064, 0.965629756451, 0.474953114986, 0.330465376377, 0.255978673697, 0.105463191867, 0.0408735573292, 0.0178681313992, 0.00174316007178, 0.000158531809575], "dmean2": [0.0180524550378, 0.268623560667, 0.486010164022, 0.79964864254, 4.96715641022, 10.4965620041, 11.196852684, 16.1649074554, 49.7636032104, 61.7549209595, 47.9231758118, 58.9927101135, 46.9827766418, 25.5540046692, 25.2746982574, 36.9443092346, 49.4474487305, 48.0615463257, 19.7255077362, 10.1706027985, 5.36207866669, 5.21077775955, 2.79009652138, 1.74629247189, 4.15896320343, 3.52229237556, 2.81672811508, 2.61509084702, 2.67542910576, 2.64315223694, 1.97247815132, 1.37362921238, 0.688781380653, 0.475938498974, 0.372182786465, 0.152053326368, 0.0593242906034, 0.0264078583568, 0.0025806974154, 0.000239335931838], "dvar": [0.001011873479, 0.16005076468, 0.304010868073, 0.516628801823, 25.2440109253, 113.589553833, 149.494613647, 306.808563232, 3278.18017578, 4691.19287109, 4505.88037109, 6094.30029297, 6497.88769531, 926.968688965, 864.218444824, 2805.55541992, 3695.72753906, 3316.21166992, 756.139404297, 287.956329346, 61.5718269348, 37.6469345093, 11.1278944016, 4.80022716522, 25.7026729584, 24.2498626709, 26.8071975708, 22.5307922363, 21.6858978271, 24.7747383118, 15.4343128204, 8.91059684753, 2.89456176758, 1.13389980793, 0.861364603043, 0.156422749162, 0.0256241764873, 0.00555558595806, 5.23660019098e-05, 4.51134610557e-07], "dvar2": [0.00177956058178, 0.318405210972, 0.691444039345, 1.31669867039, 59.898651123, 323.413024902, 370.978759766, 774.31427002, 7629.28857422, 11788.1728516, 9444.81738281, 12582.9013672, 15714.9873047, 1841.98059082, 1900.44909668, 6213.8046875, 8205.76074219, 8253.73535156, 1613.50939941, 642.211791992, 142.321121216, 86.3618164062, 27.260509491, 10.2260694504, 58.3969497681, 55.7031517029, 61.2425727844, 43.9362564087, 43.0082931519, 53.7893447876, 32.1880149841, 18.1216011047, 5.916680336, 2.27061486244, 1.78052461147, 0.323912888765, 0.0538116209209, 0.012065933086, 0.000111263296276, 1.03465333723e-06], "max": [0.73688775301, 6.81740522385, 7.91623687744, 18.5498161316, 90.1037216187, 255.769973755, 224.108398438, 367.998748779, 1496.34448242, 1326.67370605, 1784.04321289, 1924.29248047, 2138.62280273, 874.009460449, 871.682067871, 1319.83032227, 1477.16870117, 1616.72460938, 665.252197266, 468.786437988, 295.108825684, 212.712432861, 97.1565551758, 64.5338439941, 91.516166687, 78.7609558105, 102.117622375, 191.55305481, 184.676391602, 102.874641418, 97.8401412964, 78.9164276123, 62.3497886658, 19.929359436, 16.0904903412, 5.62007141113, 2.78227806091, 1.00014281273, 0.0928038731217, 0.0117363585159], "mean": [0.0374133735895, 0.466390788555, 0.674584448338, 0.991197109222, 5.31543493271, 9.76873016357, 13.4462203979, 23.6485080719, 71.3686294556, 72.7930603027, 79.5250244141, 91.0127258301, 57.581577301, 41.2659721375, 35.677696228, 56.3362998962, 79.6647262573, 63.322769165, 28.9938087463, 17.9735660553, 9.65169906616, 10.2867841721, 5.26249504089, 2.94547152519, 6.26895809174, 5.10703802109, 3.39265775681, 3.61819601059, 3.73581838608, 3.0010201931, 2.12148141861, 1.36938607693, 0.648491322994, 0.406070381403, 0.271013319492, 0.1067635566, 0.0388541445136, 0.0161113888025, 0.00159405579325, 0.000162973679835], "median": [0.00536274537444, 0.0943521261215, 0.312234222889, 0.6496925354, 2.68011903763, 5.97477436066, 7.05419826508, 12.0115776062, 27.3681106567, 35.5269889832, 24.6157741547, 31.607170105, 22.9933204651, 19.3230018616, 19.8940486908, 22.2628440857, 32.68724823, 28.6520080566, 11.1636924744, 4.65271186829, 3.55186986923, 4.64375162125, 2.48536968231, 1.56169736385, 3.3069767952, 2.55167245865, 1.28793263435, 1.61020576954, 1.66613507271, 1.11801695824, 0.6951212883, 0.418261110783, 0.181601658463, 0.0729811564088, 0.0287995487452, 0.00737211667001, 0.00146623176988, 0.00022131181322, 3.12749107252e-05, 3.55289666913e-05], "min": [4.97794505747e-22, 5.12554065515e-21, 1.9027653402e-20, 4.26779927326e-20, 2.40789852933e-20, 1.34052450631e-19, 4.71069019091e-19, 5.79778904651e-19, 9.02343619684e-19, 4.61818865096e-19, 2.35689275038e-18, 2.11955705505e-18, 9.27523307722e-19, 1.7917579928e-18, 2.60610055545e-18, 3.82081176947e-18, 3.78703550352e-18, 7.37491569403e-18, 7.60111898589e-18, 9.41921978607e-18, 9.26107277911e-18, 4.01348157288e-18, 5.65432459882e-18, 7.30545154773e-18, 2.88062935169e-17, 1.72859439851e-17, 1.37061147435e-17, 1.24874485722e-17, 2.39756943972e-17, 1.74784686183e-17, 2.25641834738e-17, 1.71653460149e-17, 1.66294686356e-17, 1.41671736364e-17, 8.6174427173e-18, 5.82734059088e-18, 3.52870203513e-18, 1.41203959524e-18, 3.25385323374e-19, 3.48997549388e-20], "var": [0.00642976444215, 0.669687926769, 0.932492673397, 1.42811369896, 57.7283821106, 150.780136108, 334.591644287, 1204.66564941, 12894.0126953, 14480.9570312, 22683.6054688, 26403.5761719, 13975.1210938, 4868.98242188, 2662.23852539, 12319.3876953, 20465.7324219, 8470.32324219, 2869.45605469, 1801.59619141, 342.293121338, 340.620635986, 70.9123001099, 17.7807807922, 71.0019836426, 57.2144050598, 41.686958313, 48.3984794617, 46.1463050842, 41.5024223328, 27.253484726, 13.5865020752, 4.03599786758, 1.58770751953, 1.02998685837, 0.18356898427, 0.0288872029632, 0.00582110974938, 5.63316934858e-05, 4.35402228049e-07]}, "erbbands_crest": {"dmean": 2.8790667057, "dmean2": 4.52249097824, "dvar": 6.47195863724, "dvar2": 15.9493236542, "max": 31.1671676636, "mean": 11.9519710541, "median": 10.968503952, "min": 2.28470206261, "var": 26.6407566071}, "erbbands_flatness_db": {"dmean": 0.0198150314391, "dmean2": 0.0264887381345, "dvar": 0.000329656148097, "dvar2": 0.000558757747058, "max": 0.393702238798, "mean": 0.205438122153, "median": 0.206253051758, "min": 0.0361524000764, "var": 0.00287251197733}, "erbbands_kurtosis": {"dmean": 1.3531730175, "dmean2": 2.1206908226, "dvar": 4.26598739624, "dvar2": 9.92439365387, "max": 57.0507392883, "mean": 2.27046561241, "median": 1.40829873085, "min": -1.8910330534, "var": 13.7385005951}, "erbbands_skewness": {"dmean": 0.391068041325, "dmean2": 0.600622236729, "dvar": 0.118540257215, "dvar2": 0.27096554637, "max": 6.63766956329, "mean": 0.867436826229, "median": 0.810862183571, "min": -1.91711366177, "var": 0.637241780758}, "erbbands_spread": {"dmean": 4.99463796616, "dmean2": 7.13580369949, "dvar": 48.0785484314, "dvar2": 88.4637069702, "max": 111.750946045, "mean": 22.1576557159, "median": 18.2303695679, "min": 1.98897588253, "var": 201.487548828}, "gfcc": {"cov": [[18327.1347656, 1103.4387207, -1077.61499023, 233.962524414, -609.997741699, -14.6310243607, -307.611022949, -177.655212402, -39.0546417236, -116.170318604, -114.768157959, -258.118804932, 36.8188285828], [1103.4387207, 1382.70898438, -237.608184814, 8.45948791504, 11.7788600922, 31.8292007446, 101.699607849, -42.6207885742, 139.144683838, -78.4694671631, 159.638412476, -86.8115692139, 29.8751487732], [-1077.61499023, -237.608184814, 685.607177734, 56.6781616211, 85.744392395, 2.66925215721, -25.9033222198, 24.33568573, -37.2761421204, 73.0331420898, 21.187330246, 106.603729248, -11.476234436], [233.962524414, 8.45948791504, 56.6781616211, 356.380493164, 71.2880096436, 15.4634752274, -52.7634391785, 58.6899642944, 51.0720405579, 13.8189630508, -6.21378660202, 18.7914485931, 34.902469635], [-609.997741699, 11.7788600922, 85.744392395, 71.2880096436, 216.121368408, 20.9728775024, 12.7509727478, 54.6806182861, 44.4594612122, 18.9077987671, -18.7866210938, 17.6662693024, 8.28926181793], [-14.6310243607, 31.8292007446, 2.66925215721, 15.4634752274, 20.9728775024, 192.203964233, 112.391990662, 27.07462883, -5.15569496155, 23.232257843, 12.684094429, -5.55826568604, -4.65028047562], [-307.611022949, 101.699607849, -25.9033222198, -52.7634391785, 12.7509727478, 112.391990662, 203.99961853, 35.0397224426, -0.9398483634, 3.60507893562, 40.5307617188, -0.260354667902, -15.624876976], [-177.655212402, -42.6207885742, 24.33568573, 58.6899642944, 54.6806182861, 27.07462883, 35.0397224426, 119.239883423, 33.1635017395, 10.0424776077, 1.07584273815, 5.57883071899, -7.13571596146], [-39.0546417236, 139.144683838, -37.2761421204, 51.0720405579, 44.4594612122, -5.15569496155, -0.9398483634, 33.1635017395, 143.692169189, 36.727645874, 22.9070701599, -2.54795122147, 28.7028312683], [-116.170318604, -78.4694671631, 73.0331420898, 13.8189630508, 18.9077987671, 23.232257843, 3.60507893562, 10.0424776077, 36.727645874, 94.486946106, 17.2966976166, 14.0713443756, 8.05183792114], [-114.768157959, 159.638412476, 21.187330246, -6.21378660202, -18.7866210938, 12.684094429, 40.5307617188, 1.07584273815, 22.9070701599, 17.2966976166, 113.02973175, 25.7808208466, -1.1296005249], [-258.118804932, -86.8115692139, 106.603729248, 18.7914485931, 17.6662693024, -5.55826568604, -0.260354667902, 5.57883071899, -2.54795122147, 14.0713443756, 25.7808208466, 95.8003616333, 31.0584526062], [36.8188285828, 29.8751487732, -11.476234436, 34.902469635, 8.28926181793, -4.65028047562, -15.624876976, -7.13571596146, 28.7028312683, 8.05183792114, -1.1296005249, 31.0584526062, 91.9315185547]], "icov": [[7.77576351538e-05, -0.000113189489639, 0.000100260986073, -8.2450627815e-05, 0.000241043206188, -7.64492287999e-05, 0.000164873636095, -5.91980387981e-05, 0.000118592863146, -0.000173340653419, 0.000227930111578, -8.459311357e-05, 5.6821070757e-05], [-0.000113189489639, 0.001667620847, -0.00016386162315, 7.23905804989e-06, -0.000866704096552, -5.55320875719e-05, -0.00068747746991, 0.00119137007277, -0.00162813975476, 0.00237579527311, -0.0028765569441, 0.00215662876144, -0.000932527531404], [0.000100260986073, -0.00016386162315, 0.00233919592574, -0.00030331662856, -0.000434144109022, -4.81497008877e-05, 0.000630636874121, -0.000226246847888, 0.00128650374245, -0.0019479180919, 0.000190274615306, -0.00242973957211, 0.0011387441773], [-8.2450627815e-05, 7.23905804989e-06, -0.00030331662856, 0.00385853182524, -0.000827963987831, -0.00110781611875, 0.00177629757673, -0.00175622827373, -0.000717004062608, 0.000588356633671, -0.00039481712156, -8.46929906402e-05, -0.0010918189073], [0.000241043206188, -0.000866704096552, -0.000434144109022, -0.000827963987831, 0.00712686683983, -0.000438090733951, 5.50635850232e-05, -0.00215273699723, -0.00109432917088, -0.00107811449561, 0.00353219988756, -0.0017507817829, 0.00069374096347], [-7.64492287999e-05, -5.55320875719e-05, -4.81497008877e-05, -0.00110781611875, -0.000438090733951, 0.00878589693457, -0.00528614129871, -0.000119374948554, 0.00155919487588, -0.00262733828276, 0.000630825117696, 0.00103679043241, -0.000559753447305], [0.000164873636095, -0.00068747746991, 0.000630636874121, 0.00177629757673, 5.50635850232e-05, -0.00528614129871, 0.00982636958361, -0.00282628112473, 0.000774472835474, 0.000210120691918, -0.00168549979571, -0.0011904159328, 0.000861349049956], [-5.91980387981e-05, 0.00119137007277, -0.000226246847888, -0.00175622827373, -0.00215273699723, -0.000119374948554, -0.00282628112473, 0.0123720848933, -0.00348112010397, 0.0019057423342, -0.000931805931032, 0.000512308208272, 0.00167852721643], [0.000118592863146, -0.00162813975476, 0.00128650374245, -0.000717004062608, -0.00109432917088, 0.00155919487588, 0.000774472835474, -0.00348112010397, 0.0125464405864, -0.00660241162404, -5.52674027858e-05, 0.000159768678714, -0.00244023906998], [-0.000173340653419, 0.00237579527311, -0.0019479180919, 0.000588356633671, -0.00107811449561, -0.00262733828276, 0.000210120691918, 0.0019057423342, -0.00660241162404, 0.0176328793168, -0.00511982059106, 0.00277391006239, -0.00150427105837], [0.000227930111578, -0.0028765569441, 0.000190274615306, -0.00039481712156, 0.00353219988756, 0.000630825117696, -0.00168549979571, -0.000931805931032, -5.52674027858e-05, -0.00511982059106, 0.0167854316533, -0.00763287581503, 0.00362242455594], [-8.459311357e-05, 0.00215662876144, -0.00242973957211, -8.46929906402e-05, -0.0017507817829, 0.00103679043241, -0.0011904159328, 0.000512308208272, 0.000159768678714, 0.00277391006239, -0.00763287581503, 0.0194278229028, -0.0078405616805], [5.6821070757e-05, -0.000932527531404, 0.0011387441773, -0.0010918189073, 0.00069374096347, -0.000559753447305, 0.000861349049956, 0.00167852721643, -0.00244023906998, -0.00150427105837, 0.00362242455594, -0.0078405616805, 0.0154874725267]], "mean": [-34.6782951355, 110.565383911, -129.139923096, 4.13111209869, -78.0001678467, 12.4911146164, -33.7270469666, -4.96075105667, -15.9849500656, 5.33839941025, -7.39379262924, -4.27678918839, -11.5806570053]}, "hfc": {"dmean": 5.21896028519, "dmean2": 7.39977884293, "dvar": 52.8528251648, "dvar2": 102.21484375, "max": 112.573867798, "mean": 21.755273819, "median": 19.8075904846, "min": 1.2132059521e-16, "var": 247.132369995}, "melbands": {"dmean": [0.000166449055541, 0.000189698170288, 0.000151357409777, 0.000330346723786, 0.000250157812843, 0.000251908786595, 0.000505896925461, 0.000394340226194, 0.00026474709739, 0.000253525824519, 0.00015118077863, 7.00171658536e-05, 6.44394021947e-05, 5.58466344955e-05, 8.03523143986e-05, 7.45955549064e-05, 5.90590170759e-05, 2.44054754148e-05, 1.13899541248e-05, 8.99540009414e-06, 3.8115388179e-06, 3.83431870432e-06, 3.27736847794e-06, 1.29614829802e-06, 9.65901790551e-07, 1.93868072529e-06, 2.23758956963e-06, 1.58984994414e-06, 1.23845507005e-06, 1.17092736218e-06, 1.14901274628e-06, 1.10297605715e-06, 1.11458268748e-06, 1.04982723315e-06, 8.52626840242e-07, 7.68421330122e-07, 5.35832725745e-07, 3.37300917863e-07, 2.95224452884e-07, 2.81363526256e-07], "dmean2": [0.000232882332057, 0.000293452496408, 0.000236539635807, 0.000545228191186, 0.000402384146582, 0.000386829167837, 0.000791315047536, 0.000633214076515, 0.000388855754863, 0.000386005965993, 0.000235632556723, 0.000105660736153, 0.000101169629488, 8.57247723616e-05, 0.000121460769151, 0.000115186579933, 9.15366836125e-05, 3.72426111426e-05, 1.71275187313e-05, 1.33683724926e-05, 5.89966157349e-06, 5.82341135669e-06, 4.99892348671e-06, 1.98204611479e-06, 1.45218552916e-06, 2.86440490527e-06, 3.34623359777e-06, 2.37138169723e-06, 1.85923784102e-06, 1.72339230176e-06, 1.68528845279e-06, 1.60430602136e-06, 1.62227172495e-06, 1.53333201069e-06, 1.22630387978e-06, 1.10596499781e-06, 7.74839179485e-07, 4.9935476909e-07, 4.44447380232e-07, 4.05789762681e-07], "dvar": [1.48103481479e-07, 1.24502619769e-07, 5.15057507755e-08, 2.67595311243e-07, 1.68198241113e-07, 1.720615046e-07, 7.77220066084e-07, 4.67158685069e-07, 2.66909808033e-07, 2.5720640906e-07, 1.58938192385e-07, 1.75087340182e-08, 1.35270514789e-08, 1.59695350277e-08, 2.63078270279e-08, 1.83392021569e-08, 1.23867920365e-08, 2.59345722675e-09, 8.0246298495e-10, 8.10187306133e-10, 6.07661768126e-11, 4.59633268945e-11, 4.79439543621e-11, 5.50963051224e-12, 3.34559550202e-12, 1.39682770559e-11, 1.58328662681e-11, 1.27598565394e-11, 1.16978544906e-11, 8.96380279031e-12, 1.03287448039e-11, 7.26955344879e-12, 8.80095302191e-12, 8.6129818555e-12, 6.06375583426e-12, 5.00415247434e-12, 2.96190285839e-12, 1.46062730053e-12, 1.09982162266e-12, 8.45022511166e-13], "dvar2": [2.71931668294e-07, 2.7065934205e-07, 1.20524461522e-07, 7.41653479963e-07, 4.30445652455e-07, 4.23548527806e-07, 1.83291160738e-06, 1.17255524401e-06, 5.52658491415e-07, 5.58545195872e-07, 3.82823856171e-07, 3.4629767498e-08, 3.01918881007e-08, 3.55414258024e-08, 5.81405572575e-08, 4.03283628714e-08, 3.03947942371e-08, 5.62444402163e-09, 1.77765635545e-09, 1.71749248157e-09, 1.42006212345e-10, 1.05690463326e-10, 1.13016575265e-10, 1.32913740777e-11, 7.42691411842e-12, 3.01932714941e-11, 3.5974813406e-11, 2.99359599609e-11, 2.76010221623e-11, 1.93778309371e-11, 2.15988338326e-11, 1.43026025051e-11, 1.96654394158e-11, 1.92985540742e-11, 1.3351884702e-11, 1.06647468634e-11, 6.09823042758e-12, 3.03402116798e-12, 2.31393571838e-12, 1.71361969753e-12], "max": [0.00760702416301, 0.00532459793612, 0.00417880620807, 0.0110905822366, 0.00654884660617, 0.00890857446939, 0.0235880482942, 0.0123915700242, 0.0127599239349, 0.0121334167197, 0.0103922542185, 0.00379598559812, 0.00346707506105, 0.00347745185718, 0.00364460190758, 0.00301429559477, 0.00303619797342, 0.00105304527096, 0.000835166254546, 0.000870612682775, 0.00026622635778, 0.000231329104281, 0.000273069512332, 5.57563325856e-05, 5.47579584236e-05, 0.000107454725367, 9.42425540416e-05, 5.74650111957e-05, 6.65082770865e-05, 9.21420141822e-05, 0.000148827835801, 0.00011890038877, 8.39944332256e-05, 5.27796582901e-05, 6.28855414107e-05, 3.91839275835e-05, 5.08091434313e-05, 4.46891244792e-05, 3.61149686796e-05, 1.37939741762e-05], "mean": [0.000470484781545, 0.000465154007543, 0.000286362017505, 0.000552283250727, 0.000473856605822, 0.000558089348488, 0.00112537329551, 0.000746764417272, 0.000660607533064, 0.000558054016437, 0.000276043079793, 0.000162719370564, 0.000128342988319, 0.000121301629406, 0.00018169642135, 0.000164860262885, 0.000110745910206, 4.83165640617e-05, 2.35493898799e-05, 2.27109012485e-05, 8.95569519344e-06, 1.01729438029e-05, 8.98822690942e-06, 2.74263879874e-06, 2.06071536013e-06, 4.17498813476e-06, 4.70334680358e-06, 3.06276797346e-06, 1.96331075131e-06, 2.10377038456e-06, 2.11668952943e-06, 2.17498791244e-06, 1.86870590824e-06, 1.60482170486e-06, 1.24605674046e-06, 1.06825223156e-06, 7.33817387299e-07, 4.55651530729e-07, 3.68579719634e-07, 3.31311554191e-07], "median": [9.86323284451e-05, 0.000171782972757, 0.000170394094312, 0.000340888334904, 0.000269674084848, 0.000267458613962, 0.000458796392195, 0.000346178334439, 0.000174777465872, 0.000174056476681, 9.09060472623e-05, 6.59896613797e-05, 6.15639582975e-05, 4.07592160627e-05, 6.24580643489e-05, 6.31107832305e-05, 4.17911578552e-05, 1.51764324983e-05, 7.02019406162e-06, 4.44101624453e-06, 3.73434841094e-06, 4.56373936686e-06, 3.45273087987e-06, 1.28850433612e-06, 9.87175553746e-07, 1.8196885776e-06, 2.59762055066e-06, 1.21501886952e-06, 6.30892827758e-07, 8.72784426065e-07, 9.32817442845e-07, 9.97737288344e-07, 7.05400111656e-07, 5.58778822324e-07, 3.84455915992e-07, 3.26992505961e-07, 2.08501461429e-07, 1.27194468291e-07, 7.99283412789e-08, 5.0307043864e-08], "min": [5.93956568052e-24, 9.18961817862e-24, 6.7774621796e-24, 3.11524977726e-24, 1.62889300855e-23, 1.28659789985e-23, 1.22472296366e-23, 5.30834521657e-24, 1.95981353186e-23, 1.23961949745e-23, 3.98458139734e-24, 6.64182622442e-24, 9.94227667918e-24, 6.47396924557e-24, 1.27994709245e-23, 6.74949153849e-24, 1.51217094021e-23, 1.41481477599e-23, 8.71374572616e-24, 1.55497753059e-23, 9.27935820634e-24, 4.5695391135e-24, 3.28080249341e-24, 5.68651487934e-24, 4.71248504827e-24, 1.88840852485e-23, 1.72696230302e-23, 1.09715532005e-23, 7.80360297879e-24, 8.31077664311e-24, 7.13444777163e-24, 1.47481017219e-23, 1.11382442429e-23, 9.00987543251e-24, 1.15329121426e-23, 1.63899531908e-23, 8.04320449039e-24, 1.08960150356e-23, 1.20425991178e-23, 1.28798140411e-23], "var": [7.85001361692e-07, 4.1707926357e-07, 1.33696744342e-07, 4.40060887286e-07, 3.46488690184e-07, 7.11576831236e-07, 3.00568490275e-06, 1.37747633744e-06, 1.41783948493e-06, 9.93654339254e-07, 3.47913129417e-07, 9.24201941643e-08, 4.28703330613e-08, 7.3331179351e-08, 1.25545227547e-07, 7.67897532228e-08, 3.01964249161e-08, 8.9462481867e-09, 2.46613773847e-09, 5.25334797885e-09, 2.51842158239e-10, 3.04493097403e-10, 3.58142376866e-10, 1.703817816e-11, 1.0561443213e-11, 4.80664709424e-11, 3.71820109424e-11, 2.85563100944e-11, 1.62723619301e-11, 1.6318384144e-11, 1.89841770776e-11, 1.567216322e-11, 1.41998834566e-11, 1.36029156689e-11, 1.01181641191e-11, 7.7576304755e-12, 4.27230993638e-12, 1.98307147613e-12, 1.45629255183e-12, 1.14475356278e-12]}, "melbands_crest": {"dmean": 2.78133153915, "dmean2": 4.42461681366, "dvar": 6.27293968201, "dvar2": 15.6643619537, "max": 33.0623016357, "mean": 12.5288648605, "median": 11.3086490631, "min": 1.91933822632, "var": 25.7180595398}, "melbands_flatness_db": {"dmean": 0.0207304582, "dmean2": 0.028838198632, "dvar": 0.000385711580748, "dvar2": 0.000714847701602, "max": 0.434589505196, "mean": 0.211683899164, "median": 0.206187009811, "min": 0.00741918571293, "var": 0.00312481680885}, "melbands_kurtosis": {"dmean": 2.66507506371, "dmean2": 4.09622335434, "dvar": 14.0219964981, "dvar2": 33.6401596069, "max": 106.507957458, "mean": 5.28857564926, "median": 3.54443478584, "min": -1.55694496632, "var": 38.8746032715}, "melbands_skewness": {"dmean": 0.422368496656, "dmean2": 0.633129477501, "dvar": 0.178465157747, "dvar2": 0.383554518223, "max": 6.21774435043, "mean": 1.33434569836, "median": 1.21390652657, "min": -1.07075750828, "var": 0.941899120808}, "melbands_spread": {"dmean": 4.13769197464, "dmean2": 6.34564065933, "dvar": 35.1108474731, "dvar2": 70.1955871582, "max": 177.160079956, "mean": 18.072435379, "median": 16.5109519958, "min": 1.09143507481, "var": 122.098114014}, "mfcc": {"cov": [[12177.90625, 1185.82580566, -437.876434326, 108.764099121, -321.554229736, 103.373756409, -288.50189209, -106.206962585, -123.526031494, -27.3137798309, -88.2806930542, -62.8989715576, -117.558403015], [1185.82580566, 1371.46459961, -46.4167289734, -38.7391052246, -69.5764160156, 48.7531394958, -0.135913208127, 34.6363220215, -69.8496551514, -7.51710271835, 54.7535057068, 45.7787208557, 52.718296051], [-437.876434326, -46.4167289734, 431.587432861, 49.4724273682, 36.5127792358, 23.4825725555, 38.3300857544, -13.4312753677, -36.8929214478, -33.2212791443, -10.6539735794, 15.9845705032, 51.3039512634], [108.764099121, -38.7391052246, 49.4724273682, 255.154190063, 126.382377625, -21.5323104858, -58.1750946045, 10.4164962769, 22.3508930206, -0.512394309044, -29.9186954498, 8.88129138947, 26.8813076019], [-321.554229736, -69.5764160156, 36.5127792358, 126.382377625, 224.383834839, -10.7443666458, -50.899520874, -4.9194021225, 45.4906616211, 27.8874282837, -24.3558597565, -12.1272325516, 29.0297203064], [103.373756409, 48.7531394958, 23.4825725555, -21.5323104858, -10.7443666458, 140.038909912, 46.6929969788, 4.49234819412, 23.9457645416, 8.56483840942, 21.050409317, 9.3322725296, -5.41570806503], [-288.50189209, -0.135913208127, 38.3300857544, -58.1750946045, -50.899520874, 46.6929969788, 180.83946228, 62.7171134949, -4.0531373024, 3.96699500084, 36.2914733887, 7.47801303864, -7.06070375443], [-106.206962585, 34.6363220215, -13.4312753677, 10.4164962769, -4.9194021225, 4.49234819412, 62.7171134949, 120.853775024, 15.6946048737, 2.7446231842, 24.1149597168, 17.5559062958, 9.46157932281], [-123.526031494, -69.8496551514, -36.8929214478, 22.3508930206, 45.4906616211, 23.9457645416, -4.0531373024, 15.6946048737, 123.130271912, 35.4010009766, -0.0716470181942, -6.67613792419, -1.07658243179], [-27.3137798309, -7.51710271835, -33.2212791443, -0.512394309044, 27.8874282837, 8.56483840942, 3.96699500084, 2.7446231842, 35.4010009766, 102.574806213, 40.3368148804, 0.209744125605, -9.3106136322], [-88.2806930542, 54.7535057068, -10.6539735794, -29.9186954498, -24.3558597565, 21.050409317, 36.2914733887, 24.1149597168, -0.0716470181942, 40.3368148804, 100.358795166, 33.6381034851, -3.74288964272], [-62.8989715576, 45.7787208557, 15.9845705032, 8.88129138947, -12.1272325516, 9.3322725296, 7.47801303864, 17.5559062958, -6.67613792419, 0.209744125605, 33.6381034851, 80.1147766113, 32.6426429749], [-117.558403015, 52.718296051, 51.3039512634, 26.8813076019, 29.0297203064, -5.41570806503, -7.06070375443, 9.46157932281, -1.07658243179, -9.3106136322, -3.74288964272, 32.6426429749, 88.1464691162]], "icov": [[0.000111197659862, -8.6843072495e-05, 8.58556159073e-05, -0.000180201896001, 0.000255602470133, -0.00017310892872, 0.000191843791981, 6.47321621727e-06, 9.79675605777e-05, -9.23014231375e-05, 0.000136648610351, 9.47930748225e-05, 8.72269811225e-05], [-8.6843072495e-05, 0.000907743582502, 0.000112296896987, 0.000151070315042, 2.83080566987e-06, -0.000344914355082, 0.00016698174295, -0.000329014466843, 0.000528290867805, 4.77664907521e-05, -0.000479213224025, 2.6818817787e-05, -0.000762365118135], [8.58556159073e-05, 0.000112296896987, 0.00300203636289, -0.000745214871131, -0.000232241247431, -0.000730204978026, -0.000990214524791, 0.000924084743019, 0.00107627396937, 0.000631625705864, -3.0907074688e-05, 0.000183260883205, -0.00160887790844], [-0.000180201896001, 0.000151070315042, -0.000745214871131, 0.00644466280937, -0.00345741212368, 0.000565144815482, 0.00124248920474, -0.00159609201364, -0.000271489378065, 0.000364822073607, 0.00101927819196, -0.0017219602596, 0.000298079597997], [0.000255602470133, 2.83080566987e-06, -0.000232241247431, -0.00345741212368, 0.00814667902887, -0.00054193160031, 0.0014609292848, -1.92442348634e-05, -0.00126110762358, -0.00235127354972, 0.000867408060003, 0.00218758336268, -0.00210548681207], [-0.00017310892872, -0.000344914355082, -0.000730204978026, 0.000565144815482, -0.00054193160031, 0.00915864855051, -0.00276300590485, 0.00156106997747, -0.00280604721047, 0.000635885226075, -0.0010862465715, -0.00129469693638, 0.00104659167118], [0.000191843791981, 0.00016698174295, -0.000990214524791, 0.00124248920474, 0.0014609292848, -0.00276300590485, 0.00952783506364, -0.00496583292261, 0.000912972958758, -0.00046152874711, -0.00119227473624, 0.00125281268265, 0.000446574762464], [6.47321621727e-06, -0.000329014466843, 0.000924084743019, -0.00159609201364, -1.92442348634e-05, 0.00156106997747, -0.00496583292261, 0.0119734350592, -0.00206042104401, 0.00134311721195, -0.0017782546347, -0.00120542501099, -0.000938841258176], [9.79675605777e-05, 0.000528290867805, 0.00107627396937, -0.000271489378065, -0.00126110762358, -0.00280604721047, 0.000912972958758, -0.00206042104401, 0.0112313730642, -0.00348940282129, 0.00143647158984, 0.000685581704602, -0.000616003002506], [-9.23014231375e-05, 4.77664907521e-05, 0.000631625705864, 0.000364822073607, -0.00235127354972, 0.000635885226075, -0.00046152874711, 0.00134311721195, -0.00348940282129, 0.0145560875535, -0.00710023194551, 0.00143431487959, 0.000663978396915], [0.000136648610351, -0.000479213224025, -3.0907074688e-05, 0.00101927819196, 0.000867408060003, -0.0010862465715, -0.00119227473624, -0.0017782546347, 0.00143647158984, -0.00710023194551, 0.0172828305513, -0.00712838070467, 0.00256020342931], [9.47930748225e-05, 2.6818817787e-05, 0.000183260883205, -0.0017219602596, 0.00218758336268, -0.00129469693638, 0.00125281268265, -0.00120542501099, 0.000685581704602, 0.00143431487959, -0.00712838070467, 0.0193686187267, -0.00735685136169], [8.72269811225e-05, -0.000762365118135, -0.00160887790844, 0.000298079597997, -0.00210548681207, 0.00104659167118, 0.000446574762464, -0.000938841258176, -0.000616003002506, 0.000663978396915, 0.00256020342931, -0.00735685136169, 0.016552541405]], "mean": [-667.399047852, 141.535995483, -0.611460447311, -3.55765843391, -18.3920001984, 7.94701051712, -9.27563667297, -4.75728130341, -9.08682250977, 3.2972612381, 3.80162620544, 3.79015183449, 0.13778115809]}, "pitch_salience": {"dmean": 0.061471875757, "dmean2": 0.0977799147367, "dvar": 0.00286275730468, "dvar2": 0.00714892847463, "max": 0.902541577816, "mean": 0.577801823616, "median": 0.583836197853, "min": 0.149636238813, "var": 0.0123096387833}, "silence_rate_20dB": {"dmean": 0, "dmean2": 0, "dvar": 0, "dvar2": 0, "max": 1, "mean": 1, "median": 1, "min": 1, "var": 0}, "silence_rate_30dB": {"dmean": 0.000278978928691, "dmean2": 0.000558035739232, "dvar": 0.000278912688373, "dvar2": 0.000836788502056, "max": 1, "mean": 0.999860525131, "median": 1, "min": 0, "var": 0.000139445110108}, "silence_rate_60dB": {"dmean": 0.00557957869023, "dmean2": 0.0111607145518, "dvar": 0.00554827274755, "dvar2": 0.0135469119996, "max": 1, "mean": 0.0783821493387, "median": 0, "min": 0, "var": 0.0722380802035}, "spectral_centroid": {"dmean": 134.959503174, "dmean2": 201.807479858, "dvar": 41443.8164062, "dvar2": 74111.90625, "max": 11125.7236328, "mean": 953.934936523, "median": 892.250244141, "min": 327.631195068, "var": 192024.5625}, "spectral_complexity": {"dmean": 2.42906951904, "dmean2": 3.705078125, "dvar": 6.91718482971, "dvar2": 14.1812028885, "max": 48, "mean": 15.7926082611, "median": 16, "min": 0, "var": 46.7843513489}, "spectral_contrast_coeffs": {"dmean": [0.050427608192, 0.0474812574685, 0.0402360893786, 0.0324564501643, 0.0223808847368, 0.0172368325293], "dmean2": [0.0833131745458, 0.0767839178443, 0.0639781951904, 0.0506767891347, 0.0336134545505, 0.0258361082524], "dvar": [0.00178045406938, 0.00149471138138, 0.00107423006557, 0.000712232547812, 0.000361306156265, 0.000225336654694], "dvar2": [0.0046585323289, 0.00399764208123, 0.00260221771896, 0.00163452723064, 0.000757308036555, 0.000483521202113], "max": [-0.271522402763, -0.336762487888, -0.437065333128, -0.512046039104, -0.598539829254, -0.624346315861], "mean": [-0.614039003849, -0.670811653137, -0.729809463024, -0.730210185051, -0.786697387695, -0.759084939957], "median": [-0.613827526569, -0.672208726406, -0.735718667507, -0.729184627533, -0.786764740944, -0.757841348648], "min": [-0.964094996452, -0.97235763073, -0.970733106136, -0.955374896526, -0.966107666492, -0.961824893951], "var": [0.00917978584766, 0.00813426543027, 0.00642952369526, 0.00498978979886, 0.00267326715402, 0.00188388559036]}, "spectral_contrast_valleys": {"dmean": [0.396850466728, 0.34073343873, 0.299626737833, 0.288180023432, 0.27720078826, 0.311867982149], "dmean2": [0.651344358921, 0.546174049377, 0.476007401943, 0.439936965704, 0.381428182125, 0.383422166109], "dvar": [0.138751327991, 0.096660643816, 0.0808656662703, 0.0875065401196, 0.0844805389643, 0.11459942162], "dvar2": [0.29683431983, 0.209956914186, 0.151156023145, 0.159662202001, 0.124788023531, 0.158213764429], "max": [-5.89450597763, -4.62394332886, -5.3187828064, -5.73961687088, -6.19863367081, -7.81597137451], "mean": [-8.05465698242, -6.66163444519, -7.31281614304, -7.99464988708, -8.40248298645, -10.6862535477], "median": [-7.7498626709, -6.34975624084, -7.03568553925, -7.74158096313, -8.16282558441, -10.5068683624], "min": [-27.7426071167, -27.0164165497, -27.3289089203, -27.3136520386, -27.1047878265, -27.1378669739], "var": [2.21330308914, 1.96878910065, 1.87818133831, 1.76409840584, 1.62623548508, 1.62564897537]}, "spectral_decrease": {"dmean": 1.51784318447e-09, "dmean2": 2.32227392871e-09, "dvar": 2.79578051454e-18, "dvar2": 6.56500702626e-18, "max": 1.82086790805e-29, "mean": -7.18530834831e-09, "median": -6.94698032433e-09, "min": -3.20051007918e-08, "var": 1.84640344658e-17}, "spectral_energy": {"dmean": 0.00607482669875, "dmean2": 0.00926122814417, "dvar": 4.49026410934e-05, "dvar2": 0.000103698890598, "max": 0.126619920135, "mean": 0.0290922205895, "median": 0.0282214358449, "min": 1.09354068617e-20, "var": 0.000301862339256}, "spectral_energyband_high": {"dmean": 0.000253761536442, "dmean2": 0.000341805949574, "dvar": 4.55941602695e-07, "dvar2": 8.59557474087e-07, "max": 0.0101391803473, "mean": 0.000437645619968, "median": 0.000166172190802, "min": 8.04923153286e-21, "var": 8.23037964892e-07}, "spectral_energyband_low": {"dmean": 0.000898122380022, "dmean2": 0.00132540077902, "dvar": 2.94040705739e-06, "dvar2": 5.8431664911e-06, "max": 0.0302012432367, "mean": 0.0025696370285, "median": 0.00103622511961, "min": 5.48942681741e-23, "var": 1.30088174046e-05}, "spectral_energyband_middle_high": {"dmean": 0.00181468157098, "dmean2": 0.00266348710284, "dvar": 5.15506189913e-06, "dvar2": 1.10688552013e-05, "max": 0.0426204390824, "mean": 0.00690375734121, "median": 0.0053626941517, "min": 1.51383624451e-21, "var": 3.86308347515e-05}, "spectral_energyband_middle_low": {"dmean": 0.00548073183745, "dmean2": 0.00855573825538, "dvar": 4.01678771595e-05, "dvar2": 9.92782734102e-05, "max": 0.115985356271, "mean": 0.0190485659987, "median": 0.0165633074939, "min": 3.32244812509e-22, "var": 0.00018939988513}, "spectral_entropy": {"dmean": 0.184041008353, "dmean2": 0.249260693789, "dvar": 0.0321469157934, "dvar2": 0.0546226166189, "max": 9.80134105682, "mean": 7.19549274445, "median": 7.21369600296, "min": 5.20290231705, "var": 0.260137975216}, "spectral_flux": {"dmean": 0.0202596895397, "dmean2": 0.0321828015149, "dvar": 0.00039130897494, "dvar2": 0.000934809097089, "max": 0.238218426704, "mean": 0.0762340575457, "median": 0.0732483267784, "min": 1.04572496495e-10, "var": 0.00142222875729}, "spectral_kurtosis": {"dmean": 2.26616883278, "dmean2": 3.64060711861, "dvar": 7.04614830017, "dvar2": 17.2781982422, "max": 52.3513565063, "mean": 6.58401727676, "median": 5.28486680984, "min": -1.19652700424, "var": 23.0740528107}, "spectral_rms": {"dmean": 0.000545624934603, "dmean2": 0.000817560474388, "dvar": 3.01777390632e-07, "dvar2": 6.59100692246e-07, "max": 0.0111144781113, "mean": 0.0049728131853, "median": 0.0052471999079, "min": 3.26629608777e-12, "var": 3.65382243217e-06}, "spectral_rolloff": {"dmean": 260.026092529, "dmean2": 444.669830322, "dvar": 416793.6875, "dvar2": 896362.0625, "max": 18690.8203125, "mean": 1163.19128418, "median": 1141.25976562, "min": 43.06640625, "var": 656581.875}, "spectral_skewness": {"dmean": 0.264140188694, "dmean2": 0.398123592138, "dvar": 0.0682984218001, "dvar2": 0.144873380661, "max": 6.05786514282, "mean": 2.00447773933, "median": 1.89846229553, "min": -0.107967019081, "var": 0.385936915874}, "spectral_spread": {"dmean": 511863.1875, "dmean2": 673813, "dvar": 515227582464, "dvar2": 707604316160, "max": 40287216, "mean": 4039