{"lowlevel": {"average_loudness": 0.857365787029, "barkbands": {"dmean": [6.36924887658e-05, 0.00218576588668, 0.000952256377786, 0.00142016983591, 0.00121186219621, 0.000639752834104, 0.00040300632827, 0.000419431045884, 0.00130476197228, 0.00113387499005, 0.00101757189259, 0.000927630113438, 0.000732896558475, 0.000838431995362, 0.000536846171599, 0.000369181798305, 0.000254875572864, 0.000193644722458, 0.000119656506286, 0.000119553726108, 7.91429702076e-05, 6.34932584944e-05, 7.39613169571e-05, 9.47328808252e-05, 9.54270435614e-05, 7.49970859033e-05, 3.6224944779e-05], "dmean2": [9.37127042562e-05, 0.00350822182372, 0.00166036572773, 0.00237073516473, 0.00204125395976, 0.000982277560979, 0.000635239121038, 0.000656685617287, 0.00206272373907, 0.00177111569792, 0.00152280903421, 0.00146413990296, 0.00116995850112, 0.00133899739012, 0.000843159388751, 0.000571939977817, 0.000407574727433, 0.000302969652694, 0.000184048214578, 0.000184608972631, 0.000125286533148, 9.37360164244e-05, 0.00010866770026, 0.000133296445711, 0.000128243962536, 0.000102583813714, 4.94433807035e-05], "dvar": [3.28857545639e-08, 5.76939128223e-05, 1.00884972198e-05, 1.26048489619e-05, 8.23053596832e-06, 2.67151222033e-06, 7.81887933954e-07, 1.01860905488e-06, 1.27769735627e-05, 9.53641756496e-06, 7.68305199017e-06, 4.54486780654e-06, 4.52385302196e-06, 4.77504090668e-06, 2.16754961002e-06, 1.06411198431e-06, 3.12808055014e-07, 1.27675562567e-07, 3.93729351345e-08, 4.06901534689e-08, 3.11097814176e-08, 2.7795810098e-08, 3.00985156798e-08, 9.01132537479e-08, 7.2517615024e-08, 2.74762026464e-08, 7.28189331056e-09], "dvar2": [6.89662726927e-08, 0.000138068397064, 2.87088696496e-05, 3.16585064866e-05, 2.20196452574e-05, 6.15323006059e-06, 1.96146788767e-06, 2.42492319558e-06, 3.07169575535e-05, 2.30058194575e-05, 1.70588773472e-05, 1.07489177026e-05, 1.08871709017e-05, 1.18538064271e-05, 4.99864290759e-06, 2.38831512434e-06, 7.65328820762e-07, 2.99418303484e-07, 9.0126739849e-08, 8.98676688621e-08, 7.66163879007e-08, 5.7529835118e-08, 6.13533472915e-08, 1.80715133524e-07, 1.31246096657e-07, 5.03401125229e-08, 1.43424854215e-08], "max": [0.00405481085181, 0.162460252643, 0.0496952682734, 0.0518088527024, 0.0353043302894, 0.0536197498441, 0.0211538560688, 0.019287712872, 0.0516686737537, 0.0629219859838, 0.108255401254, 0.0415995419025, 0.0501428171992, 0.0644376203418, 0.035761423409, 0.02448983863, 0.0230079479516, 0.00732356309891, 0.00401130504906, 0.00470063695684, 0.00413031829521, 0.0048964121379, 0.00495181698352, 0.00919255241752, 0.00742346700281, 0.00335582462139, 0.00229249289259], "mean": [0.000103124089947, 0.0035835118033, 0.00137765763793, 0.00193949462846, 0.00189872446936, 0.00117675238289, 0.000759695831221, 0.000645914115012, 0.00188307836652, 0.00176918494981, 0.00167759112082, 0.0015020329738, 0.0010624860879, 0.00120015372522, 0.000773090403527, 0.000589185510762, 0.000469329155749, 0.000373197020963, 0.000254938495345, 0.000252275174716, 0.000151583182742, 0.000123643723782, 0.000140883552376, 0.000169339429704, 0.00017644293257, 0.000136971648317, 5.44463655388e-05], "median": [2.76382816082e-05, 0.00239920429885, 0.000592459691688, 0.000913079362363, 0.00107828923501, 0.000522507121786, 0.00035325367935, 0.00025747413747, 0.000526777352206, 0.000413776666392, 0.000335338379955, 0.000501459930092, 0.000329140078975, 0.000414593989262, 0.000264709233306, 0.000213698993321, 0.000266844494035, 0.000197010536795, 0.000154121444211, 0.000145945567056, 7.45071665733e-05, 4.42930213467e-05, 5.08597549924e-05, 5.18574161106e-05, 5.24443603354e-05, 4.41338706878e-05, 1.42101671372e-05], "min": [1.22377934797e-24, 3.94495415306e-24, 1.43850915991e-24, 3.77649606219e-24, 1.13932608855e-23, 1.36610671717e-23, 1.18280754944e-23, 1.81704816736e-23, 2.22013226633e-23, 1.7948614544e-23, 2.15683312066e-23, 4.03380237352e-23, 3.8430946186e-23, 4.68695995484e-23, 6.43791025582e-23, 6.37489793997e-23, 9.31475029308e-23, 1.51284652069e-22, 1.43232893959e-22, 2.24257782033e-22, 2.99556335107e-22, 3.15122996769e-22, 5.01913647093e-22, 5.80627627098e-22, 8.89222692591e-22, 1.29295761443e-21, 1.82069339263e-21], "var": [4.42941683332e-08, 5.17232911079e-05, 7.47287958802e-06, 1.31424612846e-05, 8.97065729077e-06, 5.92674177824e-06, 1.85528585916e-06, 1.4998234974e-06, 1.84789914783e-05, 1.77363763214e-05, 1.68154165294e-05, 9.20921502257e-06, 6.95460175848e-06, 6.92160620019e-06, 3.1663446407e-06, 1.72115903752e-06, 6.1652332306e-07, 2.92325836426e-07, 9.72236975372e-08, 1.04118043964e-07, 5.30607486837e-08, 5.57618058394e-08, 7.12406134085e-08, 1.93206346921e-07, 1.75671715397e-07, 6.83228194021e-08, 1.38955034146e-08]}, "barkbands_crest": {"dmean": 2.37885975838, "dmean2": 3.83818340302, "dvar": 5.74089050293, "dvar2": 14.5488824844, "max": 24.1306877136, "mean": 8.63618373871, "median": 7.84112882614, "min": 2.2596218586, "var": 13.2766113281}, "barkbands_flatness_db": {"dmean": 0.0155696664006, "dmean2": 0.0233341027051, "dvar": 0.000229441604461, "dvar2": 0.000503941031639, "max": 0.28783634305, "mean": 0.0914544686675, "median": 0.0859328508377, "min": 0.0164558719844, "var": 0.0014249056112}, "barkbands_kurtosis": {"dmean": 1.32857835293, "dmean2": 2.09638690948, "dvar": 4.45187711716, "dvar2": 9.82802391052, "max": 85.5892944336, "mean": 1.62850701809, "median": 0.625049114227, "min": -1.86627745628, "var": 13.1368513107}, "barkbands_skewness": {"dmean": 0.38495644927, "dmean2": 0.579445838928, "dvar": 0.154729902744, "dvar2": 0.333027154207, "max": 8.25449848175, "mean": 0.896333098412, "median": 0.820747256279, "min": -2.60426640511, "var": 0.787604391575}, "barkbands_spread": {"dmean": 5.94197320938, "dmean2": 8.66651725769, "dvar": 51.4577484131, "dvar2": 95.2691650391, "max": 110.622550964, "mean": 27.2874736786, "median": 24.6696224213, "min": 2.61536574364, "var": 216.599700928}, "dissonance": {"dmean": 0.0172919053584, "dmean2": 0.0291099920869, "dvar": 0.000330492475769, "dvar2": 0.000910514325369, "max": 0.499999970198, "mean": 0.468140602112, "median": 0.474923282862, "min": 0.265451461077, "var": 0.000642412516754}, "dynamic_complexity": 3.73928570747, "erbbands": {"dmean": [0.0662292540073, 0.498125433922, 1.0468621254, 2.75364685059, 5.53823375702, 3.24271273613, 4.38068914413, 5.03473854065, 5.94098949432, 5.22357797623, 13.2607860565, 29.2557430267, 31.4254398346, 36.201007843, 32.4524040222, 36.5195045471, 31.2274684906, 36.7743606567, 32.2435646057, 24.6798992157, 15.4582948685, 14.6945466995, 11.2731056213, 7.30854320526, 5.29972457886, 5.09544992447, 3.84614658356, 2.76433348656, 2.26114273071, 2.18025350571, 2.24147796631, 1.91932547092, 1.65938973427, 1.08481013775, 0.686712443829, 0.377929508686, 0.130214467645, 0.0415308997035, 0.00602128962055, 0.000296727870591], "dmean2": [0.107883065939, 0.806811869144, 1.78902482986, 4.6055021286, 9.39769649506, 5.3382153511, 6.6785697937, 7.75953960419, 9.46657085419, 8.02402877808, 20.7629795074, 45.6692085266, 49.3527450562, 54.8669700623, 48.6095123291, 57.2971305847, 49.3891029358, 58.3316497803, 50.7950935364, 38.3649253845, 23.4031543732, 23.3028030396, 17.4966411591, 11.3830575943, 7.93550014496, 7.77752590179, 6.16796779633, 4.26988363266, 3.3726170063, 3.22275853157, 3.30327320099, 2.73280191422, 2.33779644966, 1.51156365871, 0.930132508278, 0.526649177074, 0.177131697536, 0.0574725680053, 0.0082359239459, 0.000398332893383], "dvar": [0.0602553710341, 2.88045477867, 12.4437589645, 37.890411377, 248.666549683, 43.4812850952, 107.4737854, 238.874755859, 199.17515564, 141.447067261, 1127.22180176, 6912.07958984, 7826.74804688, 10080.5117188, 7249.82666016, 7474.96435547, 6558.26757813, 12174.0517578, 6298.33544922, 4477.93457031, 1797.79614258, 687.25378418, 456.212188721, 171.602462769, 74.3426055908, 85.3962478638, 79.3479003906, 33.1495285034, 35.6468582153, 31.5321998596, 27.0249977112, 27.2959403992, 34.3719711304, 12.6280603409, 3.35338521004, 0.828800797462, 0.0910037979484, 0.00940968841314, 0.000209719248232, 4.55235181107e-07], "dvar2": [0.150339409709, 6.97051477432, 34.4830245972, 97.9709854126, 651.372253418, 112.026382446, 251.912109375, 523.557678223, 500.913543701, 331.33114624, 2729.49829102, 16313.7519531, 19183.9980469, 23300.5449219, 15820.890625, 17806.3203125, 15945.1865234, 30365.7285156, 14777.4130859, 10574.0644531, 3930.57226563, 1621.30212402, 1058.57385254, 399.417572021, 153.944732666, 190.095352173, 203.646331787, 73.2230453491, 74.5625152588, 66.166633606, 55.1540107727, 57.0557098389, 68.5629653931, 23.8123836517, 6.37840080261, 1.58430600166, 0.17020906508, 0.0185496304184, 0.000411705579609, 9.02741874143e-07], "max": [5.04353094101, 34.6963005066, 54.2067947388, 108.75743866, 203.82220459, 136.659713745, 269.648223877, 676.183410645, 329.762908936, 290.009094238, 706.99798584, 1354.54455566, 1990.09069824, 3317.58178711, 1978.8416748, 1972.47717285, 2330.74658203, 3812.18359375, 1920.28967285, 1790.52050781, 1356.61523438, 657.194091797, 509.352905273, 358.826965332, 176.122528076, 258.990722656, 203.541442871, 145.606842041, 166.657836914, 146.998046875, 142.903335571, 148.801895142, 242.250015259, 119.162788391, 51.2225532532, 16.4990024567, 7.45435237885, 2.36816072464, 0.362084537745, 0.01708124578], "mean": [0.0939960852265, 0.829561591148, 1.69604980946, 4.28090763092, 6.98161506653, 5.73947620392, 8.46751213074, 8.869099617, 11.0154342651, 10.07899189, 22.1364955902, 42.3752098083, 49.0845184326, 61.7563171387, 58.1960296631, 62.1184577942, 51.5838356018, 56.6640968323, 49.8109779358, 40.1274871826, 28.3914775848, 28.2919044495, 22.6566562653, 15.6811285019, 12.2104158401, 10.9043197632, 7.1417517662, 5.54006433487, 4.37597179413, 4.08704566956, 4.18771314621, 3.48181962967, 2.86010432243, 1.92141413689, 1.23715019226, 0.681403279305, 0.221927314997, 0.0654239729047, 0.00894809421152, 0.000472646876005], "median": [0.0415697023273, 0.573195576668, 0.868736326694, 2.50658321381, 3.20445656776, 3.35185313225, 4.10523223877, 3.75121450424, 5.06697463989, 5.33818054199, 8.96064949036, 12.2109880447, 14.4017105103, 16.9257507324, 13.7512969971, 21.8364334106, 19.4977436066, 20.0979747772, 20.4024600983, 16.3255958557, 12.4370365143, 16.7663879395, 12.294629097, 9.64287185669, 7.5478219986, 6.19914054871, 3.54337406158, 2.60399246216, 1.55505514145, 1.44036304951, 1.46901631355, 1.1586625576, 0.820241093636, 0.581074357033, 0.345578551292, 0.184458404779, 0.0732693821192, 0.0190042965114, 0.00222917390056, 0.000148983701365], "min": [1.89841472056e-22, 8.17607804401e-22, 2.6574586778e-21, 1.08677484959e-20, 3.38267562815e-20, 3.36599986087e-20, 1.11910156876e-19, 9.63400392711e-20, 1.31352481412e-19, 2.25489874422e-19, 4.14864061022e-19, 4.8940725138e-19, 7.77779111625e-19, 1.25877512525e-18, 9.17010359125e-19, 2.15905472251e-18, 1.80001222134e-18, 2.25667072019e-18, 3.66939759911e-18, 3.28170218191e-18, 3.72335665842e-18, 6.74373800917e-18, 8.07251101901e-18, 8.0965447517e-18, 8.44998992846e-18, 9.96061611443e-18, 9.4113590887e-18, 1.13898088506e-17, 1.12009031326e-17, 1.2773556284e-17, 1.30516957649e-17, 1.01692285834e-17, 1.28551220826e-17, 8.17989808767e-18, 6.60281621129e-18, 4.268848358e-18, 2.41610978325e-18, 1.08025031711e-18, 2.48101451002e-19, 2.70371996525e-20], "var": [0.0504565052688, 2.54719495773, 9.85572528839, 40.4072303772, 219.163757324, 69.1209716797, 227.638839722, 541.490966797, 432.114685059, 273.716125488, 1904.72131348, 9987.30664063, 12795.5849609, 20372.0019531, 19416.8300781, 15361.7275391, 10924.1484375, 17786.8496094, 9425.10546875, 6449.78710938, 3313.60449219, 1548.5645752, 1104.72595215, 391.210998535, 213.300048828, 207.390869141, 121.09954071, 71.1051635742, 69.8799819946, 62.7317047119, 64.6943206787, 58.0266151428, 70.8834762573, 27.3979282379, 7.9275393486, 2.06596207619, 0.202666074038, 0.01820069924, 0.000397920695832, 8.85695840225e-07]}, "erbbands_crest": {"dmean": 2.84008002281, "dmean2": 4.52997779846, "dvar": 7.63052082062, "dvar2": 18.1923313141, "max": 32.1556282043, "mean": 9.26067638397, "median": 7.95202350616, "min": 2.26301050186, "var": 22.7929668427}, "erbbands_flatness_db": {"dmean": 0.0172853488475, "dmean2": 0.024713376537, "dvar": 0.000271765078651, "dvar2": 0.000526244402863, "max": 0.350277304649, "mean": 0.13303616643, "median": 0.130820587277, "min": 0.038754042238, "var": 0.00172532128636}, "erbbands_kurtosis": {"dmean": 1.00974106789, "dmean2": 1.57233333588, "dvar": 2.2133603096, "dvar2": 5.1845331192, "max": 35.7439575195, "mean": 1.11200463772, "median": 0.293250113726, "min": -1.65815722942, "var": 6.14240026474}, "erbbands_skewness": {"dmean": 0.332706749439, "dmean2": 0.507885873318, "dvar": 0.0960840061307, "dvar2": 0.220520913601, "max": 4.37803697586, "mean": 0.310622364283, "median": 0.241432160139, "min": -3.93685817719, "var": 0.412430763245}, "erbbands_spread": {"dmean": 6.84794282913, "dmean2": 10.1300668716, "dvar": 55.72290802, "dvar2": 110.123420715, "max": 130.907089233, "mean": 32.3349990845, "median": 30.3296432495, "min": 2.72356939316, "var": 278.504211426}, "gfcc": {"cov": [[13524.4248047, -1181.39746094, -114.795959473, -164.805801392, 6.17785453796, 248.551864624, -195.227584839, 75.0839920044, -265.142028809, -38.0248336792, -245.708786011, -10.0506343842, -164.366409302], [-1181.39746094, 1032.59899902, -176.801376343, 111.56855011, 21.119020462, -73.3413238525, 56.367477417, -12.3483381271, 20.1810493469, -13.2925024033, 70.2180252075, -39.2978553772, 29.0556335449], [-114.795959473, -176.801376343, 516.003723145, 83.1334915161, 21.4933414459, -2.21258330345, -17.8349742889, 3.74414515495, 27.2729606628, 20.908241272, -16.8306655884, -4.34599399567, -16.1970043182], [-164.805801392, 111.56855011, 83.1334915161, 283.305847168, -1.55621600151, -15.2805280685, -28.2616195679, -11.3802433014, 33.6218757629, 21.5967178345, -3.84609341621, -4.27700281143, 10.206536293], [6.17785453796, 21.119020462, 21.4933414459, -1.55621600151, 180.548843384, 21.5344600677, 28.6490707397, 18.3560619354, 2.84963941574, 10.946305275, -4.15117549896, -3.95373344421, 12.4744081497], [248.551864624, -73.3413238525, -2.21258330345, -15.2805280685, 21.5344600677, 165.06111145, 52.8597488403, 6.33998012543, -16.4123668671, -10.2033977509, 5.17697143555, 6.89095497131, -11.333240509], [-195.227584839, 56.367477417, -17.8349742889, -28.2616195679, 28.6490707397, 52.8597488403, 146.837005615, 24.1968841553, -1.3719291687, -7.45430374146, 9.65363883972, 2.91667509079, -1.56338918209], [75.0839920044, -12.3483381271, 3.74414515495, -11.3802433014, 18.3560619354, 6.33998012543, 24.1968841553, 108.970275879, 35.9754142761, 3.410769701, -9.40225219727, -6.83360528946, 9.33631134033], [-265.142028809, 20.1810493469, 27.2729606628, 33.6218757629, 2.84963941574, -16.4123668671, -1.3719291687, 35.9754142761, 92.6188735962, 26.3950023651, -0.435647636652, -8.30055618286, 7.62781429291], [-38.0248336792, -13.2925024033, 20.908241272, 21.5967178345, 10.946305275, -10.2033977509, -7.45430374146, 3.410769701, 26.3950023651, 77.4368057251, 18.0921649933, 7.23556566238, -4.2854590416], [-245.708786011, 70.2180252075, -16.8306655884, -3.84609341621, -4.15117549896, 5.17697143555, 9.65363883972, -9.40225219727, -0.435647636652, 18.0921649933, 81.5097579956, 19.1800613403, -1.95708286762], [-10.0506343842, -39.2978553772, -4.34599399567, -4.27700281143, -3.95373344421, 6.89095497131, 2.91667509079, -6.83360528946, -8.30055618286, 7.23556566238, 19.1800613403, 69.2508850098, 19.1358261108], [-164.366409302, 29.0556335449, -16.1970043182, 10.206536293, 12.4744081497, -11.333240509, -1.56338918209, 9.33631134033, 7.62781429291, -4.2854590416, -1.95708286762, 19.1358261108, 63.8857116699]], "icov": [[0.00010005322838, 7.43775963201e-05, 6.11514624325e-05, -2.35865500144e-05, -2.34157359955e-05, -0.000128175786813, 0.000176144822035, -0.000197208326426, 0.000320734281559, -8.65302499733e-05, 0.000248926604399, -4.24946956628e-05, 0.000234082981478], [7.43775963201e-05, 0.00149161089212, 0.000564736779779, -0.000769401027355, -0.000248821597779, 0.000739317736588, -0.000703219207935, 0.000136178932735, 5.78340914217e-05, 0.000571813434362, -0.00137466471642, 0.00125698861666, -0.000465473654913], [6.11514624325e-05, 0.000564736779779, 0.00234764046036, -0.000851730059367, -0.000409150030464, 0.000174287866685, -2.79457168517e-07, -3.39576145052e-05, -0.000301336520351, -8.02985887276e-05, 0.000113889000204, 0.000114237773232, 0.00074738857802], [-2.35865500144e-05, -0.000769401027355, -0.000851730059367, 0.00443024979904, 0.000207150209462, -0.000511109537911, 0.000900483049918, 0.000809330958873, -0.00134374457411, -0.000961791200098, 0.000901759660337, -0.000241560221184, -0.000665938539896], [-2.34157359955e-05, -0.000248821597779, -0.000409150030464, 0.000207150209462, 0.00615666666999, -0.000752906082198, -0.000909608439542, -0.000673521019053, 0.000615523487795, -0.00154444284271, 0.000577113998588, 0.000797375978436, -0.00174171372782], [-0.000128175786813, 0.000739317736588, 0.000174287866685, -0.000511109537911, -0.000752906082198, 0.00785469729453, -0.00304484879598, 3.61114543921e-05, 0.000497618049849, 0.00123617274221, -0.00136713054962, -0.000275400612736, 0.000984578742646], [0.000176144822035, -0.000703219207935, -2.79457168517e-07, 0.000900483049918, -0.000909608439542, -0.00304484879598, 0.00915309414268, -0.00212393072434, 0.000503999413922, 0.000354012940079, 0.000177926267497, -0.00098181294743, 0.00106403278187], [-0.000197208326426, 0.000136178932735, -3.39576145052e-05, 0.000809330958873, -0.000673521019053, 3.61114543921e-05, -0.00212393072434, 0.0120641933754, -0.00549077801406, 0.000630920345429, 0.000467099103844, 0.00102812470868, -0.00198009330779], [0.000320734281559, 5.78340914217e-05, -0.000301336520351, -0.00134374457411, 0.000615523487795, 0.000497618049849, 0.000503999413922, -0.00549077801406, 0.0162029117346, -0.00506676966324, 0.000823430600576, 0.00195122673176, -0.00111368228681], [-8.65302499733e-05, 0.000571813434362, -8.02985887276e-05, -0.000961791200098, -0.00154444284271, 0.00123617274221, 0.000354012940079, 0.000630920345429, -0.00506676966324, 0.0166373588145, -0.00420876778662, -0.00170135404915, 0.00218960922211], [0.000248926604399, -0.00137466471642, 0.000113889000204, 0.000901759660337, 0.000577113998588, -0.00136713054962, 0.000177926267497, 0.000467099103844, 0.000823430600576, -0.00420876778662, 0.01664172858, -0.00521355168894, 0.00242212438025], [-4.24946956628e-05, 0.00125698861666, 0.000114237773232, -0.000241560221184, 0.000797375978436, -0.000275400612736, -0.00098181294743, 0.00102812470868, 0.00195122673176, -0.00170135404915, -0.00521355168894, 0.0192156787962, -0.00725481798872], [0.000234082981478, -0.000465473654913, 0.00074738857802, -0.000665938539896, -0.00174171372782, 0.000984578742646, 0.00106403278187, -0.00198009330779, -0.00111368228681, 0.00218960922211, 0.00242212438025, -0.00725481798872, 0.0201200488955]], "mean": [17.0101108551, 67.83644104, -106.500717163, 12.623301506, -39.1705932617, 16.3647346497, -31.5855846405, 10.0308151245, -25.6557712555, 1.15321922302, -16.5980148315, -0.21309491992, -13.007610321]}, "hfc": {"dmean": 8.60484981537, "dmean2": 11.9479932785, "dvar": 162.827148438, "dvar2": 298.804931641, "max": 224.231185913, "mean": 27.1512413025, "median": 19.69556427, "min": 1.08565192231e-16, "var": 647.112243652}, "melbands": {"dmean": [0.000606638321187, 0.00054765708046, 0.000585165631492, 0.000313391676173, 0.000137620096211, 0.000117219882668, 8.60410873429e-05, 6.05340028415e-05, 0.000136165559525, 0.000186775054317, 0.000164685945492, 0.000154702443979, 0.000119081079902, 8.20305358502e-05, 0.000120584110846, 6.25139946351e-05, 7.58545356803e-05, 5.98761507717e-05, 4.34165231127e-05, 3.27212364937e-05, 1.65338224178e-05, 1.82070980372e-05, 1.0100576219e-05, 9.48188517214e-06, 6.3562597461e-06, 4.25835651185e-06, 4.94132655149e-06, 3.49760171048e-06, 2.7382625376e-06, 2.06287018045e-06, 1.59131911914e-06, 1.3538216308e-06, 1.31735032483e-06, 1.2622496115e-06, 1.34729884849e-06, 1.26044733406e-06, 1.22975416161e-06, 1.21563959965e-06, 1.1333695511e-06, 9.14868564905e-07], "dmean2": [0.000981008284725, 0.000888909271453, 0.000984015758149, 0.000527261057869, 0.000210276790312, 0.000180789473234, 0.000136339469464, 9.28207664401e-05, 0.000214990577661, 0.000292252982035, 0.000258725078311, 0.000235235856962, 0.000178907532245, 0.000127367500681, 0.000189616795979, 9.94252113742e-05, 0.000120792450616, 9.48223168962e-05, 6.79272125126e-05, 5.11944417667e-05, 2.53300222539e-05, 2.92457680189e-05, 1.59116498253e-05, 1.47805239976e-05, 1.00687948361e-05, 6.58946601106e-06, 7.60817556511e-06, 5.49134028915e-06, 4.42907139586e-06, 3.35447475663e-06, 2.45785963671e-06, 2.05530113817e-06, 1.99849569071e-06, 1.90883042706e-06, 2.02573414754e-06, 1.85515534668e-06, 1.78980940291e-06, 1.74972637978e-06, 1.62063201969e-06, 1.29829413709e-06], "dvar": [4.81291317556e-06, 3.19708874486e-06, 2.04387333724e-06, 5.82025336371e-07, 9.49378033965e-08, 1.05724147659e-07, 3.94300414541e-08, 1.84143775783e-08, 1.33182069817e-07, 2.87320659709e-07, 2.14021142142e-07, 1.7689863796e-07, 1.02222010412e-07, 4.25816217842e-08, 9.49080529722e-08, 3.6415038096e-08, 5.19634220097e-08, 2.33566392893e-08, 1.41784610719e-08, 8.90730422753e-09, 2.42535413975e-09, 1.21541243736e-09, 3.39889200118e-10, 3.71641661889e-10, 1.34970243315e-10, 5.34732501334e-11, 6.55605014721e-11, 4.27130206204e-11, 3.83389084369e-11, 2.30958377423e-11, 1.13015135444e-11, 1.21724652927e-11, 1.34869016996e-11, 1.03684786451e-11, 1.04246784816e-11, 8.89461160974e-12, 1.32424409979e-11, 1.74924779522e-11, 1.79570282255e-11, 8.75953736629e-12], "dvar2": [1.17816525744e-05, 8.03647708381e-06, 5.20685716765e-06, 1.52917095875e-06, 2.2251920484e-07, 2.37310146645e-07, 9.99044331707e-08, 4.3065913502e-08, 3.24660106799e-07, 6.8084062832e-07, 5.23371454619e-07, 4.11280637991e-07, 2.27899406013e-07, 1.0118449012e-07, 2.18632337123e-07, 8.8296253864e-08, 1.29385853143e-07, 5.53521104507e-08, 3.25159206227e-08, 2.04626378064e-08, 5.38121325278e-09, 2.90948376502e-09, 8.02268917965e-10, 8.86386519738e-10, 3.17570830743e-10, 1.22906421152e-10, 1.41841038914e-10, 9.97933818914e-11, 9.75507591372e-11, 5.86597020957e-11, 2.462541282e-11, 2.63838777215e-11, 2.88942116761e-11, 2.2788453416e-11, 2.20149454222e-11, 1.88735988643e-11, 2.88545871224e-11, 3.57065245427e-11, 3.65184479878e-11, 1.72169344753e-11], "max": [0.0472193621099, 0.0261761825532, 0.0201701074839, 0.00967897009104, 0.00723291095346, 0.0131109189242, 0.00484881876037, 0.00340621406212, 0.00750295026228, 0.00880606472492, 0.0103106433526, 0.0122633688152, 0.00886463094503, 0.00498851435259, 0.00711184367537, 0.00473411148414, 0.0075472551398, 0.00354962912388, 0.00325092743151, 0.00253670662642, 0.00138221017551, 0.00105347589124, 0.000386056897696, 0.000528822711203, 0.000330993265379, 0.00017171028594, 0.000198387453565, 0.000140956704854, 0.000213759689359, 0.000117254523502, 6.6774613515e-05, 0.000104648002889, 0.000133180437842, 9.53032285906e-05, 8.94378026715e-05, 8.93016767805e-05, 0.00011452036415, 0.000160391282407, 0.000146179867443, 0.000106259518361], "mean": [0.000939049117733, 0.000978899537586, 0.000841690169182, 0.000468614161946, 0.000277803395875, 0.000212302940781, 0.00016111023433, 0.000110114946438, 0.000213752413401, 0.000266570801614, 0.00024934328394, 0.000253865960985, 0.000202673400054, 0.000136866714456, 0.000189306214452, 9.20541715459e-05, 0.000109908265586, 8.44519090606e-05, 6.24650056125e-05, 4.96454376844e-05, 2.78974002867e-05, 3.18602433254e-05, 1.99986516236e-05, 1.75711866177e-05, 1.23841364257e-05, 8.66220307216e-06, 9.6315279734e-06, 6.62511320115e-06, 4.70282702736e-06, 3.58578540727e-06, 3.07843924929e-06, 2.46407057602e-06, 2.31715193877e-06, 2.22381595449e-06, 2.38578195422e-06, 2.26536235459e-06, 2.08914207178e-06, 2.02276373784e-06, 1.84433031336e-06, 1.54592351009e-06], "median": [0.000570271979086, 0.000617762794718, 0.000457414134871, 0.00026401982177, 0.000144878169522, 9.57631127676e-05, 7.59018148528e-05, 5.32441408723e-05, 7.45357392589e-05, 7.0797294029e-05, 6.30498834653e-05, 6.23511295998e-05, 4.21342483605e-05, 4.24136414949e-05, 5.60638582101e-05, 2.88724404527e-05, 3.4910026443e-05, 2.95224417641e-05, 2.10560319829e-05, 1.7041222236e-05, 1.13321812023e-05, 1.76733919943e-05, 1.16791925393e-05, 8.809171959e-06, 7.31357340555e-06, 4.99675843457e-06, 5.3051235227e-06, 3.46288220499e-06, 2.20132847062e-06, 1.72600493897e-06, 1.29331260723e-06, 8.35495086449e-07, 7.64497031014e-07, 7.57029852139e-07, 7.84711801316e-07, 8.18730654828e-07, 6.40905170712e-07, 5.6940370996e-07, 5.01803867792e-07, 4.56130408111e-07], "min": [2.11032657541e-24, 1.23670384783e-24, 2.64091994229e-24, 2.06871278216e-24, 3.78521652507e-24, 2.83993337703e-24, 2.02168345878e-24, 2.83990655576e-24, 3.44424993702e-24, 3.07421599398e-24, 3.98528427241e-24, 4.90239976132e-24, 2.47576205102e-24, 2.72549253665e-24, 3.87771401608e-24, 4.27612111652e-24, 3.45692417075e-24, 3.90546338171e-24, 5.55973428225e-24, 4.4772049167e-24, 3.79384271907e-24, 5.45013270909e-24, 5.07261030669e-24, 8.61415992548e-24, 6.40859358134e-24, 5.22640229004e-24, 5.80537649623e-24, 5.87217644883e-24, 4.16004891178e-24, 5.96968754532e-24, 6.76375572138e-24, 5.14378291528e-24, 6.28330156477e-24, 6.93406684651e-24, 5.27268002618e-24, 6.49605104002e-24, 4.81869294181e-24, 7.95564881852e-24, 7.94123317434e-24, 6.09984565038e-24], "var": [4.12315921494e-06, 2.91055766866e-06, 2.03955164579e-06, 5.88534589951e-07, 2.20015607511e-07, 2.34256503973e-07, 8.5507437575e-08, 3.39883960976e-08, 2.15795367353e-07, 4.27892928201e-07, 3.5963662981e-07, 3.47513633869e-07, 2.38914566353e-07, 8.40589962081e-08, 1.91361252178e-07, 6.07336900771e-08, 7.58844791449e-08, 3.35651719752e-08, 2.18461000401e-08, 1.32906494699e-08, 4.42711600712e-09, 2.44563080898e-09, 7.67046981487e-10, 7.48886841428e-10, 2.79068074205e-10, 1.23314788936e-10, 1.63931812569e-10, 8.81205386438e-11, 5.96182339607e-11, 3.32643496082e-11, 2.49353454551e-11, 2.28811657121e-11, 2.35946991112e-11, 1.93198148452e-11, 2.26432188971e-11, 2.05296734473e-11, 2.46789463865e-11, 3.54763128596e-11, 3.39516262327e-11, 1.76659260137e-11]}, "melbands_crest": {"dmean": 2.8156812191, "dmean2": 4.54714155197, "dvar": 8.53708362579, "dvar2": 20.8691062927, "max": 34.0585670471, "mean": 11.5008296967, "median": 10.6857881546, "min": 1.6736741066, "var": 18.2753658295}, "melbands_flatness_db": {"dmean": 0.0188658293337, "dmean2": 0.0282522942871, "dvar": 0.000405752885854, "dvar2": 0.000874760036822, "max": 0.419730275869, "mean": 0.164448589087, "median": 0.158022984862, "min": 0.00365981366485, "var": 0.00244324700907}, "melbands_kurtosis": {"dmean": 3.06265854836, "dmean2": 4.79521179199, "dvar": 28.9150447845, "dvar2": 65.58934021, "max": 133.719680786, "mean": 5.65895223618, "median": 2.9863550663, "min": -1.66005563736, "var": 73.6649856567}, "melbands_skewness": {"dmean": 0.532742977142, "dmean2": 0.797391414642, "dvar": 0.336492449045, "dvar2": 0.716983556747, "max": 10.0464038849, "mean": 1.68320035934, "median": 1.57919597626, "min": -1.92049765587, "var": 1.64611911774}, "melbands_spread": {"dmean": 6.91085481644, "dmean2": 10.5438289642, "dvar": 70.0081787109, "dvar2": 146.957611084, "max": 220.928253174, "mean": 30.636346817, "median": 28.8453979492, "min": 2.45327401161, "var": 267.525634766}, "mfcc": {"cov": [[8150.97509766, -365.266448975, -263.026275635, -197.315963745, 74.790725708, 111.92326355, 70.6294021606, 68.3700256348, 13.7280168533, 6.13162994385, -25.1236190796, -76.0927963257, -71.4044494629], [-365.266448975, 845.34942627, -107.129936218, 100.007354736, 9.08190631866, -21.5267906189, 56.760269165, 5.31578016281, -20.4729328156, 37.2641830444, 1.82439446449, 9.52654361725, -19.4779720306], [-263.026275635, -107.129936218, 390.054931641, 72.0474624634, 24.8010044098, 25.4065933228, -38.6685943604, -4.93402004242, -0.328229278326, 2.57972478867, 24.0567054749, 13.259516716, 1.74793469906], [-197.315963745, 100.007354736, 72.0474624634, 256.612030029, 44.3267669678, 1.96957981586, -41.6610221863, -30.2427082062, 20.5652980804, 2.00299072266, 4.96887779236, 18.1355056763, 7.79853725433], [74.790725708, 9.08190631866, 24.8010044098, 44.3267669678, 147.940536499, 4.64432191849, -7.67283153534, -9.34767246246, 19.0136394501, 16.8294315338, -2.09670639038, -0.256601750851, -0.168292060494], [111.92326355, -21.5267906189, 25.4065933228, 1.96957981586, 4.64432191849, 134.180877686, 38.1845664978, 11.8876943588, -7.03083515167, -18.787273407, 15.6588668823, -1.61934947968, 1.07756364346], [70.6294021606, 56.760269165, -38.6685943604, -41.6610221863, -7.67283153534, 38.1845664978, 132.167098999, 41.5304870605, 2.56976079941, -1.07105731964, 10.0646743774, -1.34030079842, 0.400911062956], [68.3700256348, 5.31578016281, -4.93402004242, -30.2427082062, -9.34767246246, 11.8876943588, 41.5304870605, 94.983795166, 20.240064621, 8.95502281189, -4.7351269722, -6.07345867157, 1.15072357655], [13.7280168533, -20.4729328156, -0.328229278326, 20.5652980804, 19.0136394501, -7.03083515167, 2.56976079941, 20.240064621, 110.427642822, 23.6302146912, -1.64918041229, -2.51569104195, 8.76166534424], [6.13162994385, 37.2641830444, 2.57972478867, 2.00299072266, 16.8294315338, -18.787273407, -1.07105731964, 8.95502281189, 23.6302146912, 86.7013320923, 17.138710022, 0.71817779541, -11.5604562759], [-25.1236190796, 1.82439446449, 24.0567054749, 4.96887779236, -2.09670639038, 15.6588668823, 10.0646743774, -4.7351269722, -1.64918041229, 17.138710022, 78.2642669678, 17.9028739929, -2.73145508766], [-76.0927963257, 9.52654361725, 13.259516716, 18.1355056763, -0.256601750851, -1.61934947968, -1.34030079842, -6.07345867157, -2.51569104195, 0.71817779541, 17.9028739929, 72.7258987427, 23.9694919586], [-71.4044494629, -19.4779720306, 1.74793469906, 7.79853725433, -0.168292060494, 1.07756364346, 0.400911062956, 1.15072357655, 8.76166534424, -11.5604562759, -2.73145508766, 23.9694919586, 64.6341934204]], "icov": [[0.000135538168252, 7.05933416612e-05, 0.000111549779831, 4.68325561087e-05, -0.000103426165879, -0.00011937803356, -7.45567785998e-06, -6.9478606747e-05, 7.25847849026e-06, -3.09830247716e-05, 2.58858035522e-05, 3.76699499611e-05, 0.000145944577525], [7.05933416612e-05, 0.00151149905287, 0.000518713961355, -0.000887016649358, -4.3798590923e-06, 0.000266201008344, -0.000892961863428, -0.000105760569568, 0.000609579903539, -0.000723521225154, 0.000172583968379, -0.000194950320292, 0.000497005938087], [0.000111549779831, 0.000518713961355, 0.00313683808781, -0.000883453176357, -0.000364607403753, -0.000666415842716, 0.00077573285671, -0.000638521276414, 0.000380748999305, -0.000211425765883, -0.000778711459134, -0.000245554110734, 0.000286758819129], [4.68325561087e-05, -0.000887016649358, -0.000883453176357, 0.0052822609432, -0.0011341777863, -0.000572949589696, 0.00153967470396, 0.00111739861313, -0.0013775647385, 0.000644127139822, -5.8891124354e-05, -0.000847005867399, -0.0002382931998], [-0.000103426165879, -4.3798590923e-06, -0.000364607403753, -0.0011341777863, 0.00758950086311, -0.000484134972794, -0.00019027054077, 0.000983680132776, -0.000929966161493, -0.0015632128343, 0.000815557723399, 0.000164051234606, -0.000137277995236], [-0.00011937803356, 0.000266201008344, -0.000666415842716, -0.000572949589696, -0.000484134972794, 0.00916389375925, -0.00277907028794, -0.000495995511301, 0.000504725379869, 0.00225588330068, -0.00197749421932, 0.000733529974241, -0.000113009235065], [-7.45567785998e-06, -0.000892961863428, 0.00077573285671, 0.00153967470396, -0.00019027054077, -0.00277907028794, 0.0108060045168, -0.00389344152063, -0.000268508912995, 0.000629930873401, -0.00151137192734, -0.000151071551954, -0.000294739147648], [-6.9478606747e-05, -0.000105760569568, -0.000638521276414, 0.00111739861313, 0.000983680132776, -0.000495995511301, -0.00389344152063, 0.013543555513, -0.00243129301816, -0.00143955240492, 0.00168350071181, 0.00050310586812, -0.000475653941976], [7.25847849026e-06, 0.000609579903539, 0.000380748999305, -0.0013775647385, -0.000929966161493, 0.000504725379869, -0.000268508912995, -0.00243129301816, 0.0108984261751, -0.00300974352285, 0.000313977681799, 0.00098588783294, -0.00198628357612], [-3.09830247716e-05, -0.000723521225154, -0.000211425765883, 0.000644127139822, -0.0015632128343, 0.00225588330068, 0.000629930873401, -0.00143955240492, -0.00300974352285, 0.014704962261, -0.00374657474458, -0.000326206762111, 0.00265653734095], [2.58858035522e-05, 0.000172583968379, -0.000778711459134, -5.8891124354e-05, 0.000815557723399, -0.00197749421932, -0.00151137192734, 0.00168350071181, 0.000313977681799, -0.00374657474458, 0.0155506944284, -0.00406694505364, 0.00157598778605], [3.76699499611e-05, -0.000194950320292, -0.000245554110734, -0.000847005867399, 0.000164051234606, 0.000733529974241, -0.000151071551954, 0.00050310586812, 0.00098588783294, -0.000326206762111, -0.00406694505364, 0.0173872392625, -0.00674000941217], [0.000145944577525, 0.000497005938087, 0.000286758819129, -0.0002382931998, -0.000137277995236, -0.000113009235065, -0.000294739147648, -0.000475653941976, -0.00198628357612, 0.00265653734095, 0.00157598778605, -0.00674000941217, 0.0191260427237]], "mean": [-633.687255859, 115.403045654, -6.58444595337, 10.0156011581, 10.3602676392, 5.90452528, 8.36591339111, 5.94979381561, 0.169831454754, 3.77996778488, -2.06417584419, -0.389105439186, -3.19427418709]}, "pitch_salience": {"dmean": 0.0597854666412, "dmean2": 0.0947797819972, "dvar": 0.00314043276012, "dvar2": 0.00784323271364, "max": 0.821899294853, "mean": 0.56596583128, "median": 0.570755898952, "min": 0.143671512604, "var": 0.008324990049}, "silence_rate_20dB": {"dmean": 0, "dmean2": 0, "dvar": 0, "dvar2": 0, "max": 1, "mean": 1, "median": 1, "min": 1, "var": 0}, "silence_rate_30dB": {"dmean": 0.00661313161254, "dmean2": 0.01322751306, "dvar": 0.00656929984689, "dvar2": 0.018531806767, "max": 1, "mean": 0.996126949787, "median": 1, "min": 0, "var": 0.00385813880712}, "silence_rate_60dB": {"dmean": 0.00793575774878, "dmean2": 0.0158730167896, "dvar": 0.00787120684981, "dvar2": 0.0178951676935, "max": 1, "mean": 0.0612129233778, "median": 0, "min": 0, "var": 0.0574722103775}, "spectral_centroid": {"dmean": 205.447540283, "dmean2": 310.880249023, "dvar": 60836.5195313, "dvar2": 125882.28125, "max": 11542.4990234, "mean": 1479.71484375, "median": 1450.74987793, "min": 281.242034912, "var": 420244.4375}, "spectral_complexity": {"dmean": 3.15899848938, "dmean2": 4.8008313179, "dvar": 12.5853700638, "dvar2": 23.5509986877, "max": 55, "mean": 21.3335533142, "median": 21, "min": 0, "var": 102.956703186}, "spectral_contrast_coeffs": {"dmean": [0.043031476438, 0.0418890677392, 0.0390586480498, 0.0316004827619, 0.0213631112128, 0.0161959882826], "dmean2": [0.0706093162298, 0.0672468617558, 0.0616171807051, 0.0505703128874, 0.0340838730335, 0.0253289360553], "dvar": [0.00156641402282, 0.0012802388519, 0.00111620058306, 0.000677576754242, 0.000310629664455, 0.000210109676118], "dvar2": [0.00408168230206, 0.00320131960325, 0.00259270775132, 0.0016405317001, 0.000728794606403, 0.000498078239616], "max": [-0.344786167145, -0.42471536994, -0.450608611107, -0.526453912258, -0.575932204723, -0.664817214012], "mean": [-0.67307895422, -0.740843594074, -0.737564384937, -0.754578173161, -0.782225370407, -0.787804484367], "median": [-0.679778575897, -0.749463260174, -0.748324155807, -0.760961353779, -0.786882996559, -0.787375092506], "min": [-0.975169360638, -0.975753247738, -0.972052872181, -0.971135497093, -0.964368283749, -0.963211417198], "var": [0.0050629102625, 0.00469867186621, 0.00509510561824, 0.00297999684699, 0.00155712710693, 0.00106829428114]}, "spectral_contrast_valleys": {"dmean": [0.320734590292, 0.299422293901, 0.272396713495, 0.253033727407, 0.203172579408, 0.250699013472], "dmean2": [0.515689611435, 0.482025712729, 0.434595674276, 0.400082528591, 0.298301815987, 0.310978502035], "dvar": [0.117934845388, 0.0928757414222, 0.0734595507383, 0.0676419883966, 0.0661007910967, 0.099017418921], "dvar2": [0.24459181726, 0.207795545459, 0.150826066732, 0.132965132594, 0.112045496702, 0.141611665487], "max": [-5.044921875, -4.90553665161, -5.12415266037, -5.21421813965, -5.80673313141, -7.44030952454], "mean": [-7.27921390533, -6.91684532166, -7.32568454742, -7.50500822067, -7.61576604843, -9.97793769836], "median": [-7.02401065826, -6.73293781281, -7.08078670502, -7.23157119751, -7.33900260925, -9.75182151794], "min": [-27.9948043823, -27.7721939087, -27.7114849091, -27.6048030853, -27.6341876984, -27.411567688], "var": [1.84022247791, 1.76693093777, 2.1045293808, 2.11388087273, 2.19041180611, 2.15839385986]}, "spectral_decrease": {"dmean": 1.9951447161e-09, "dmean2": 2.99799385317e-09, "dvar": 1.08680150484e-17, "dvar2": 2.27102983116e-17, "max": 1.96039999779e-28, "mean": -5.77154990467e-09, "median": -4.44378267517e-09, "min": -4.90859228819e-08, "var": 2.39938675553e-17}, "spectral_energy": {"dmean": 0.00812886841595, "dmean2": 0.0121259577572, "dvar": 0.000172183121322, "dvar2": 0.000355054886313, "max": 0.195832446218, "mean": 0.0242459047586, "median": 0.0188230797648, "min": 1.03979365652e-20, "var": 0.000410456355894}, "spectral_energyband_high": {"dmean": 0.000456791109173, "dmean2": 0.000596207624767, "dvar": 9.26794427869e-07, "dvar2": 1.61265029419e-06, "max": 0.0219800807536, "mean": 0.00106064951979, "median": 0.000487830606289, "min": 7.07158563597e-21, "var": 2.80591416413e-06}, "spectral_energyband_low": {"dmean": 0.00305332127027, "dmean2": 0.00477609457448, "dvar": 8.04656956461e-05, "dvar2": 0.000177002730197, "max": 0.167366698384, "mean": 0.00599705800414, "median": 0.00406194245443, "min": 1.99071715782e-23, "var": 8.85475892574e-05}, "spectral_energyband_middle_high": {"dmean": 0.00343659310602, "dmean2": 0.00516400206834, "dvar": 3.36787234119e-05, "dvar2": 7.52498381189e-05, "max": 0.116390101612, "mean": 0.00964562688023, "median": 0.00532810855657, "min": 1.2550201954e-21, "var": 0.000124929472804}, "spectral_energyband_middle_low": {"dmean": 0.00393119687214, "dmean2": 0.00620726076886, "dvar": 5.01881295349e-05, "dvar2": 0.000120761185826, "max": 0.121755160391, "mean": 0.00870382413268, "median": 0.00601449096575, "min": 1.66554588435e-22, "var": 8.14353552414e-05}, "spectral_entropy": {"dmean": 0.127845168114, "dmean2": 0.181390121579, "dvar": 0.0181325580925, "dvar2": 0.0322833955288, "max": 9.82021427155, "mean": 7.71259737015, "median": 7.72245264053, "min": 6.17115020752, "var": 0.146471887827}, "spectral_flux": {"dmean": 0.0233466569334, "dmean2": 0.0366297252476, "dvar": 0.000811883830465, "dvar2": 0.00172904145438, "max": 0.341916978359, "mean": 0.0799136981368, "median": 0.0705742686987, "min": 6.51482062741e-11, "var": 0.00271083042026}, "spectral_kurtosis": {"dmean": 1.08105528355, "dmean2": 1.69628810883, "dvar": 1.4035576582, "dvar2": 3.43947219849, "max": 31.0111083984, "mean": 5.30706214905, "median": 5.18368005753, "min": -1.25273358822, "var": 5.63886451721}, "spectral_rms": {"dmean": 0.000707261206117, "dmean2": 0.00103414140176, "dvar": 8.70983342338e-07, "dvar2": 1.65976359767e-06, "max": 0.0138223022223, "mean": 0.00446680234745, "median": 0.00428532157093, "min": 3.18501626982e-12, "var": 3.70221755475e-06}, "spectral_rolloff": {"dmean": 535.661071777, "dmean2": 866.895019531, "dvar": 1290941.625, "dvar2": 2559715.75, "max": 19616.7480469, "mean": 1867.46838379, "median": 1571.92382813, "min": 21.533203125, "var": 3143610.5}, "spectral_skewness": {"dmean": 0.165395736694, "dmean2": 0.251576304436, "dvar": 0.0284850522876, "dvar2": 0.0617540739477, "max": 4.05167961121, "mean": 1.79811728001, "median": 1.79790186882, "min": -0.166885793209, "var": 0.147168815136}, "spectral_spread": {"dmean": 578370.3125, "dmean2": 773146.5, "dvar": 763837087744, "dvar2": 1246228250620.0, "max":