{"lowlevel": {"average_loudness": 0.899660468102, "barkbands": {"dmean": [0.000199788366444, 0.00483971228823, 0.00286909728311, 0.00151066540275, 0.00189232430421, 0.00161618983839, 0.000674115610309, 0.000652469752822, 0.000689710432198, 0.000355205003871, 0.000375135685317, 0.000292543292744, 0.000213629959035, 0.000221860551392, 0.000102216261439, 8.37872648844e-05, 0.000109042477561, 0.000127265841002, 6.6839849751e-05, 9.5451658126e-05, 7.42916017771e-05, 7.90455960669e-05, 8.53090605233e-05, 7.10323874955e-05, 6.41613660264e-05, 3.93257359974e-05, 8.91056970431e-06], "dmean2": [0.000348197645508, 0.00846703723073, 0.00483693927526, 0.00255526113324, 0.00306051061489, 0.00265521579422, 0.00106512010098, 0.000953538983595, 0.00101397489198, 0.000546621333342, 0.000600907253101, 0.000463563716039, 0.000335282908054, 0.00036142472527, 0.000165597855812, 0.000129926076625, 0.000172012601979, 0.000191912753507, 0.00010255977395, 0.000143472396303, 0.000110480104922, 0.000114142829261, 0.000123947655084, 0.000107574749563, 9.70712208073e-05, 6.0882724938e-05, 1.41173031807e-05], "dvar": [4.52923814009e-07, 0.000193230938748, 5.00898240716e-05, 7.78269895818e-06, 7.89554360381e-06, 6.81133724356e-06, 1.415273573e-06, 2.2431445359e-06, 1.58907471359e-06, 5.30339832494e-07, 7.2565148912e-07, 3.94756938249e-07, 2.15996138309e-07, 2.97987639897e-07, 5.63602888803e-08, 3.08050758235e-08, 7.53451772084e-08, 1.06391915722e-07, 3.15031982723e-08, 8.41485388037e-08, 1.28906194163e-07, 1.99135698153e-07, 2.75339658629e-07, 9.98324622969e-08, 2.59006220915e-08, 9.39509181563e-09, 6.44263808969e-10], "dvar2": [1.2255331967e-06, 0.000539961736649, 0.00013705289166, 1.97435529117e-05, 2.09208938031e-05, 1.92845163838e-05, 3.50595860255e-06, 4.44597435489e-06, 3.42547878063e-06, 1.20017909921e-06, 1.7470624698e-06, 9.11133099635e-07, 5.01877536863e-07, 7.52906146317e-07, 1.36172346288e-07, 6.66089263746e-08, 1.56135115503e-07, 2.07998454016e-07, 7.49183257653e-08, 1.82618521194e-07, 2.78826092881e-07, 3.78237729137e-07, 5.35041067451e-07, 1.99907404408e-07, 5.99470126872e-08, 2.35116868197e-08, 1.57318391647e-09], "max": [0.00983380805701, 0.153214529157, 0.0932936295867, 0.0675426498055, 0.0699349269271, 0.0445868782699, 0.0249885953963, 0.054791431874, 0.0496147088706, 0.0184832196683, 0.0269688181579, 0.0152430105954, 0.0112979309633, 0.0185980144888, 0.00866976194084, 0.00573491258547, 0.0111514208838, 0.0145751331002, 0.00629206886515, 0.0121672563255, 0.0140635902062, 0.0326864086092, 0.0295963194221, 0.0144246164709, 0.00482829613611, 0.00194711668883, 0.000451336702099], "mean": [0.000233576414757, 0.00860250834376, 0.00573344808072, 0.00249024759978, 0.00405282247812, 0.00329081807286, 0.00146856845822, 0.00173778319731, 0.00164063135162, 0.000743312004488, 0.000686949235387, 0.000554974598344, 0.000437331123976, 0.000457204238046, 0.000201527596801, 0.000194474530872, 0.000256446801359, 0.000333744828822, 0.000156733731274, 0.00021434793598, 0.00012576887093, 0.000129982508952, 0.000140406380524, 0.000119945158076, 0.000105477760371, 6.05676323175e-05, 9.19185822568e-06], "median": [3.2602907595e-05, 0.00588572025299, 0.00300495047122, 0.0013481003698, 0.00266244169325, 0.00193385931198, 0.000708806037437, 0.000408797466662, 0.000700478325598, 0.000208223907975, 0.00024415977532, 0.000181642011739, 0.00015713906032, 0.000144370220369, 8.03587608971e-05, 6.85772683937e-05, 8.37865518406e-05, 8.11415520729e-05, 6.36646291241e-05, 6.95185299264e-05, 3.34706055583e-05, 3.94326889364e-05, 4.04363599955e-05, 3.67623360944e-05, 4.65542616439e-05, 2.49135118793e-05, 1.60891829637e-06], "min": [1.00041178521e-23, 4.2696711531e-23, 2.37205642427e-24, 9.069195406e-24, 3.75656572808e-23, 1.71025154692e-23, 2.43812624665e-23, 5.96725059621e-23, 1.02009825086e-22, 3.94015701101e-23, 1.10800802662e-22, 3.26517196399e-23, 1.29744622036e-22, 5.06127224556e-23, 9.9947307229e-23, 2.12528745659e-22, 1.72015777818e-22, 1.51867033365e-22, 3.72098999452e-22, 3.56235675602e-22, 3.70064394649e-22, 7.88531022523e-22, 6.30096299293e-22, 8.24244838295e-22, 1.42373040621e-21, 1.77894843863e-21, 2.4018877374e-21], "var": [3.54110397893e-07, 0.000155104906298, 5.88885086472e-05, 1.48131894093e-05, 1.9292720026e-05, 1.72024538188e-05, 4.59789498564e-06, 1.68572241819e-05, 7.08578500053e-06, 1.99980854632e-06, 1.6087271888e-06, 1.01253897355e-06, 5.70797283217e-07, 8.68363486006e-07, 1.39021850032e-07, 1.28269476818e-07, 2.86068967625e-07, 5.02054433582e-07, 8.06598237091e-08, 1.94054322833e-07, 2.30801362022e-07, 4.09750128938e-07, 5.55832741611e-07, 2.3064869481e-07, 4.23099955071e-08, 1.14169385057e-08, 6.11014738805e-10]}, "barkbands_crest": {"dmean": 1.91667568684, "dmean2": 3.1616089344, "dvar": 3.94592261314, "dvar2": 10.6859083176, "max": 24.2870597839, "mean": 9.5098657608, "median": 8.87817192078, "min": 2.80956363678, "var": 11.942694664}, "barkbands_flatness_db": {"dmean": 0.0184521190822, "dmean2": 0.0276038888842, "dvar": 0.000371689442545, "dvar2": 0.000884149689227, "max": 0.537436306477, "mean": 0.140696957707, "median": 0.135206699371, "min": 0.026961915195, "var": 0.00216059619561}, "barkbands_kurtosis": {"dmean": 3.86973214149, "dmean2": 6.20684289932, "dvar": 50.1316261292, "dvar2": 124.767044067, "max": 171.074462891, "mean": 9.0044927597, "median": 5.27186107635, "min": -1.93731188774, "var": 157.208984375}, "barkbands_skewness": {"dmean": 0.517702162266, "dmean2": 0.806926608086, "dvar": 0.412403047085, "dvar2": 0.988926053047, "max": 11.1504201889, "mean": 2.12415528297, "median": 1.97593998909, "min": -5.63064146042, "var": 2.24035787582}, "barkbands_spread": {"dmean": 4.68507432938, "dmean2": 7.20204305649, "dvar": 56.7611351013, "dvar2": 123.874275208, "max": 114.814193726, "mean": 17.5681476593, "median": 14.4900665283, "min": 0.839851021767, "var": 175.93800354}, "dissonance": {"dmean": 0.0199582334608, "dmean2": 0.0332378149033, "dvar": 0.000334693759214, "dvar2": 0.000878332124557, "max": 0.499981641769, "mean": 0.453397095203, "median": 0.458554625511, "min": 0.231635063887, "var": 0.000843181042001}, "dynamic_complexity": 3.44755864143, "erbbands": {"dmean": [0.0985195860267, 1.23701763153, 3.42331528664, 4.12495803833, 4.64759254456, 7.84618282318, 11.3728656769, 11.8830547333, 8.3326253891, 12.5292291641, 14.9732999802, 14.054227829, 11.253572464, 11.6114120483, 11.6427974701, 9.89762592316, 10.0969419479, 9.52385234833, 7.07045936584, 5.38319158554, 4.50321722031, 6.30166196823, 6.93472719193, 3.89815759659, 4.2779507637, 4.0890288353, 2.93148851395, 3.02261471748, 2.71058082581, 2.84717607498, 2.36539793015, 1.62768304348, 1.15492904186, 0.747768640518, 0.458981245756, 0.215313479304, 0.0638409778476, 0.0130726844072, 0.0016128483694, 7.22804616089e-05], "dmean2": [0.169212773442, 2.17736172676, 5.84463977814, 6.93778371811, 7.85265016556, 12.6862230301, 18.5844211578, 18.9957904816, 13.4971942902, 18.977481842, 21.6295413971, 20.5691642761, 17.1308231354, 18.2362689972, 18.7277793884, 15.7089729309, 15.7612571716, 15.3485794067, 11.4851055145, 8.54093647003, 6.9847741127, 9.98641109467, 10.4849052429, 5.72924041748, 6.65191841125, 6.11588144302, 4.28302526474, 4.45681905746, 3.9118437767, 4.05440616608, 3.42268013954, 2.49958395958, 1.76370453835, 1.13733267784, 0.702383339405, 0.335751622915, 0.098952613771, 0.0205816328526, 0.00254219654016, 0.000115082577395], "dvar": [0.0796868875623, 12.7506227493, 83.5143966675, 59.7235984802, 60.5762557983, 163.342498779, 325.575195312, 379.242370605, 259.433563232, 626.543884277, 1094.34619141, 810.792541504, 401.572845459, 505.869293213, 814.14050293, 447.514801025, 474.633270264, 613.893005371, 299.338043213, 126.025741577, 101.971488953, 260.832305908, 281.073425293, 129.436309814, 118.176765442, 171.968338013, 161.614929199, 267.672302246, 385.251831055, 151.566238403, 237.96105957, 100.704544067, 20.0208683014, 4.87841844559, 1.20754110813, 0.273953676224, 0.0247339308262, 0.00124265206978, 2.02318278753e-05, 3.57077638569e-08], "dvar2": [0.217968314886, 35.8460578918, 230.193496704, 151.402832031, 170.451339722, 421.267272949, 893.893310547, 944.870605469, 717.669921875, 1386.93811035, 2205.19165039, 1682.51220703, 903.068786621, 1159.75927734, 1947.46252441, 1034.67919922, 1101.87036133, 1538.33081055, 734.39050293, 298.598815918, 224.052154541, 542.16998291, 575.39630127, 234.085037231, 286.826599121, 368.537872314, 359.657287598, 559.954528809, 755.281066895, 234.002548218, 446.884979248, 240.898468018, 39.6660842896, 11.0162391663, 2.9039607048, 0.688801884651, 0.0614096559584, 0.00307982764207, 4.96494722029e-05, 8.77495693885e-08], "max": [3.65247344971, 40.9609298706, 105.330718994, 173.257003784, 219.841751099, 220.875839233, 322.59262085, 509.299957275, 354.07598877, 645.431762695, 1228.25537109, 1381.30456543, 460.938262939, 634.014038086, 1081.91650391, 463.902587891, 594.507324219, 1023.68701172, 539.692749023, 325.533813477, 322.782958984, 788.243652344, 509.029418945, 547.910766602, 346.477203369, 559.157775879, 632.997802734, 893.217224121, 1727.4473877, 618.975708008, 845.712463379, 526.784851074, 176.388183594, 87.9456634521, 24.9330501556, 9.77681732178, 3.45300126076, 0.770513832569, 0.0726365447044, 0.00429413793609], "mean": [0.209097787738, 2.08052301407, 6.58621025085, 7.84177017212, 9.02861118317, 15.2379598618, 23.6596374512, 25.415933609, 18.5836029053, 29.5268058777, 42.1921844482, 33.8683357239, 26.3952617645, 25.4148445129, 23.4140453339, 20.596200943, 22.0425891876, 20.9348583221, 15.1430864334, 11.7099332809, 10.8358869553, 15.6917695999, 18.6214733124, 10.7170743942, 10.5284948349, 9.31153583527, 5.52258205414, 4.74193572998, 4.46497774124, 4.7932934761, 3.86930823326, 2.61304497719, 1.95777785778, 1.20952117443, 0.731367886066, 0.339577496052, 0.0937881395221, 0.0154527397826, 0.00176711392123, 0.000108145482955], "median": [0.130964353681, 1.35022521019, 3.56528663635, 4.74020051956, 5.38681745529, 8.98785018921, 13.3462162018, 14.7711086273, 10.30052948, 12.8946170807, 13.2406587601, 14.3424091339, 11.5404567719, 10.866519928, 9.67782974243, 7.93092250824, 8.27714347839, 7.23807811737, 5.80256271362, 5.14681482315, 4.01740407944, 5.27019071579, 5.05441379547, 3.34810495377, 4.31502342224, 3.05236768723, 1.71813559532, 1.1127666235, 1.29780709743, 1.55383956432, 1.05098307133, 0.726976931095, 0.635200619698, 0.466307103634, 0.330905407667, 0.142150506377, 0.0362952649593, 0.00414145970717, 0.000348926871084, 5.64508518437e-05], "min": [1.65403184728e-21, 7.61850550164e-21, 6.38090678815e-21, 1.096965327e-20, 6.95813733028e-20, 1.48417876609e-19, 1.7143986402e-19, 1.19974366518e-19, 2.52003081006e-19, 5.07432344108e-19, 1.54843402683e-18, 1.83649812418e-18, 2.60846608521e-18, 2.69215422253e-18, 2.77120187661e-18, 2.24922857621e-18, 5.27406429456e-18, 3.08492894228e-18, 4.08984936857e-18, 5.36993039165e-18, 1.39350386324e-17, 1.14256820194e-17, 8.86384410535e-18, 1.7818833588e-17, 1.60060523864e-17, 1.70817246724e-17, 1.45950675498e-17, 1.58929437094e-17, 2.85479054546e-17, 2.23224035438e-17, 1.90568367605e-17, 1.29173012493e-17, 1.59364004701e-17, 1.30704223068e-17, 1.24321697462e-17, 6.1331724244e-18, 3.4220648057e-18, 1.52018694628e-18, 3.44649300015e-19, 3.28105261249e-20], "var": [0.0779351592064, 9.95895671844, 84.4641647339, 110.21131134, 124.480789185, 382.993347168, 869.041320801, 1052.57055664, 656.782348633, 2490.67602539, 7825.04394531, 3490.7956543, 1511.48681641, 1662.953125, 1678.42492676, 1212.85913086, 1315.828125, 1723.08874512, 946.378723145, 352.091369629, 386.723327637, 971.414428711, 1309.57019043, 566.045288086, 318.466888428, 384.474517822, 299.310699463, 462.276489258, 751.494140625, 389.437103271, 485.804870605, 176.72442627, 46.1775665283, 8.67393493652, 1.70797944069, 0.35289222002, 0.029020357877, 0.00120948860422, 1.96646487893e-05, 3.5397484055e-08]}, "erbbands_crest": {"dmean": 1.89176154137, "dmean2": 3.00619864464, "dvar": 3.33397841454, "dvar2": 7.9176568985, "max": 30.2154273987, "mean": 8.0512304306, "median": 7.24856328964, "min": 2.12420034409, "var": 11.4667758942}, "erbbands_flatness_db": {"dmean": 0.0150305386633, "dmean2": 0.0204221010208, "dvar": 0.000209416932194, "dvar2": 0.000363220926374, "max": 0.387447625399, "mean": 0.129750669003, "median": 0.129699677229, "min": 0.0338648594916, "var": 0.00104550970718}, "erbbands_kurtosis": {"dmean": 0.921244084835, "dmean2": 1.40259289742, "dvar": 2.06463074684, "dvar2": 4.15525341034, "max": 48.5722465515, "mean": 1.08667314053, "median": 0.407076716423, "min": -1.80642271042, "var": 6.64677667618}, "erbbands_skewness": {"dmean": 0.306923598051, "dmean2": 0.457775235176, "dvar": 0.107582435012, "dvar2": 0.203415438533, "max": 5.69819068909, "mean": 0.708920300007, "median": 0.73490691185, "min": -5.46398878098, "var": 0.681887567043}, "erbbands_spread": {"dmean": 8.32429122925, "dmean2": 12.4145078659, "dvar": 119.756462097, "dvar2": 252.312194824, "max": 171.211639404, "mean": 41.0936851501, "median": 36.7975921631, "min": 3.002648592, "var": 372.430145264}, "gfcc": {"cov": [[25575.4335938, 1972.94824219, -1044.74731445, 372.583648682, -736.135559082, 149.155395508, -578.724914551, 448.429016113, -471.454589844, 208.437973022, -259.250488281, 110.933425903, -224.940246582], [1972.94824219, 1247.17687988, -100.046150208, 56.3409767151, 71.7808227539, 90.5837478638, -17.430803299, 61.1686019897, -28.3653354645, -19.8059844971, 45.3290939331, -28.4370079041, -30.8621253967], [-1044.74731445, -100.046150208, 907.607971191, 179.622009277, 67.3313522339, 172.555252075, 124.977676392, -3.12411570549, 87.7837219238, 16.3538990021, -46.1668548584, 30.9906215668, 32.024143219], [372.583648682, 56.3409767151, 179.622009277, 427.707580566, 92.422668457, 112.482704163, 1.82369875908, -6.19924688339, 53.4406394958, 6.57071065903, -6.81794834137, -6.90760564804, 36.5291900635], [-736.135559082, 71.7808227539, 67.3313522339, 92.422668457, 326.70803833, 63.5134887695, 72.1638870239, 22.6063270569, 56.276512146, 7.31382417679, 32.1292228699, 1.18718910217, -3.79189705849], [149.155395508, 90.5837478638, 172.555252075, 112.482704163, 63.5134887695, 205.767303467, 73.5165557861, -17.5414199829, 29.0587921143, 17.877368927, 1.083750844, 4.20353746414, 10.7718515396], [-578.724914551, -17.430803299, 124.977676392, 1.82369875908, 72.1638870239, 73.5165557861, 188.397369385, 37.9519767761, 26.8553504944, 11.556016922, 28.1586303711, 4.16302919388, -6.59194135666], [448.429016113, 61.1686019897, -3.12411570549, -6.19924688339, 22.6063270569, -17.5414199829, 37.9519767761, 123.856132507, 15.442732811, 12.8281641006, 4.72435569763, 2.92317605019, -14.9163446426], [-471.454589844, -28.3653354645, 87.7837219238, 53.4406394958, 56.276512146, 29.0587921143, 26.8553504944, 15.442732811, 92.8740158081, 22.7239894867, 5.5260052681, -2.98756551743, 14.7622795105], [208.437973022, -19.8059844971, 16.3538990021, 6.57071065903, 7.31382417679, 17.877368927, 11.556016922, 12.8281641006, 22.7239894867, 71.5673904419, 16.0815887451, 0.350139439106, -6.74439430237], [-259.250488281, 45.3290939331, -46.1668548584, -6.81794834137, 32.1292228699, 1.083750844, 28.1586303711, 4.72435569763, 5.5260052681, 16.0815887451, 75.2378692627, 10.5696659088, -3.71848344803], [110.933425903, -28.4370079041, 30.9906215668, -6.90760564804, 1.18718910217, 4.20353746414, 4.16302919388, 2.92317605019, -2.98756551743, 0.350139439106, 10.5696659088, 60.5996780396, 22.4974880219], [-224.940246582, -30.8621253967, 32.024143219, 36.5291900635, -3.79189705849, 10.7718515396, -6.59194135666, -14.9163446426, 14.7622795105, -6.74439430237, -3.71848344803, 22.4974880219, 78.3927841187]], "icov": [[9.58319069468e-05, -0.000125469567138, 0.000128169442178, -0.000179465889232, 0.000186813689652, -0.000215187581489, 0.000208340963582, -0.000396899413317, 0.000416658207541, -0.000467955338536, 0.000487360259285, -0.000468552141683, 0.000276319304248], [-0.000125469567138, 0.00117014779244, -0.000100283337815, 0.000247687130468, -0.000397327065002, -0.00062450155383, 0.00038881029468, -0.000369515211787, -6.81412711856e-05, 0.00123273138888, -0.00156865105964, 0.00126099342015, -0.000262228917563], [0.000128169442178, -0.000100283337815, 0.00183691887651, -0.000660645600874, 0.000391899462556, -0.000998187460937, -0.000682957703248, -0.000236457010033, -0.000549796910491, -0.000640080717858, 0.00214675185271, -0.00179936026689, 0.000606113579124], [-0.000179465889232, 0.000247687130468, -0.000660645600874, 0.00361373322085, -0.00100219424348, -0.0012266356498, 0.000900704413652, 0.000258911954006, -0.00145587767474, 0.00119235401507, -0.00128277030308, 0.00206124573015, -0.00186205643695], [0.000186813689652, -0.000397327065002, 0.000391899462556, -0.00100219424348, 0.00438744807616, -0.000811480393168, -0.000606873305514, -0.000875174242537, -0.00129423465114, -5.1041606639e-05, -0.00018272610032, -0.00134354550391, 0.00140893366188], [-0.000215187581489, -0.00062450155383, -0.000998187460937, -0.0012266356498, -0.000811480393168, 0.00907618179917, -0.00393179990351, 0.00380503945053, -0.00109370565042, -0.0013051237911, 0.000683067715727, 2.29722918448e-05, -0.000657489872538], [0.000208340963582, 0.00038881029468, -0.000682957703248, 0.000900704413652, -0.000606873305514, -0.00393179990351, 0.00934486277401, -0.00418101111427, 0.00089324923465, 0.000297449907521, -0.00292004691437, 0.000381386780646, 0.000720744894352], [-0.000396899413317, -0.000369515211787, -0.000236457010033, 0.000258911954006, -0.000875174242537, 0.00380503945053, -0.00418101111427, 0.0122626861557, -0.00369612197392, -9.14826741791e-05, 0.000242321999394, -0.000415627349867, 0.000927090819459], [0.000416658207541, -6.81412711856e-05, -0.000549796910491, -0.00145587767474, -0.00129423465114, -0.00109370565042, 0.00089324923465, -0.00369612197392, 0.0175870228559, -0.00615391228348, 0.00120104500093, 0.00119559722953, -0.00259618973359], [-0.000467955338536, 0.00123273138888, -0.000640080717858, 0.00119235401507, -5.1041606639e-05, -0.0013051237911, 0.000297449907521, -9.14826741791e-05, -0.00615391228348, 0.0195484273136, -0.00672721583396, 0.00241061602719, 0.000862662272993], [0.000487360259285, -0.00156865105964, 0.00214675185271, -0.00128277030308, -0.00018272610032, 0.000683067715727, -0.00292004691437, 0.000242321999394, 0.00120104500093, -0.00672721583396, 0.0207363571972, -0.00714788632467, 0.00242952001281], [-0.000468552141683, 0.00126099342015, -0.00179936026689, 0.00206124573015, -0.00134354550391, 2.29722918448e-05, 0.000381386780646, -0.000415627349867, 0.00119559722953, 0.00241061602719, -0.00714788632467, 0.0234934370965, -0.00828767288476], [0.000276319304248, -0.000262228917563, 0.000606113579124, -0.00186205643695, 0.00140893366188, -0.000657489872538, 0.000720744894352, 0.000927090819459, -0.00259618973359, 0.000862662272993, 0.00242952001281, -0.00828767288476, 0.0175182726234]], "mean": [-11.3680267334, 88.0010147095, -84.0406799316, 23.4828052521, -56.3856239319, 13.7369556427, -38.6109199524, 12.7050294876, -27.01612854, 3.50522708893, -15.3014097214, 2.56515955925, -13.1744308472]}, "hfc": {"dmean": 5.4547495842, "dmean2": 7.85467767715, "dvar": 124.043067932, "dvar2": 224.914810181, "max": 490.932769775, "mean": 18.9792709351, "median": 14.1454105377, "min": 1.19109045124e-16, "var": 416.164215088}, "melbands": {"dmean": [0.00111110915896, 0.00176545791328, 0.000701022916473, 0.00042289038538, 0.000377533870051, 0.000275462894933, 0.00012619185145, 0.000141756696394, 0.000128403204144, 8.49013376865e-05, 5.89639930695e-05, 4.89574013045e-05, 4.85521777591e-05, 2.69864522124e-05, 3.37151141139e-05, 2.040095751e-05, 1.85632598004e-05, 1.42442058859e-05, 7.89230944065e-06, 6.28072439213e-06, 5.46295086679e-06, 6.78335527482e-06, 6.67689573675e-06, 6.67179938318e-06, 3.0006031011e-06, 2.56945759247e-06, 4.09313270211e-06, 2.761175665e-06, 1.91245817405e-06, 2.17487195187e-06, 1.61762591233e-06, 1.61042828495e-06, 1.65271956121e-06, 1.65137328167e-06, 1.47910986925e-06, 1.17206877803e-06, 1.01398177321e-06, 8.8213488425e-07, 7.1197177931e-07, 6.41975191229e-07], "dmean2": [0.00192672049161, 0.00305650243536, 0.00118286814541, 0.000690419750754, 0.000614822085481, 0.000446655089036, 0.000203305520699, 0.000212390223169, 0.000186934397789, 0.000124308862723, 8.96187775652e-05, 7.64173018979e-05, 7.784137415e-05, 4.25196012657e-05, 5.32703052158e-05, 3.21171610267e-05, 2.99996154354e-05, 2.31858393818e-05, 1.26944632939e-05, 9.88312604022e-06, 8.51462209539e-06, 1.08886879389e-05, 1.02945750768e-05, 1.00702936834e-05, 4.4324551709e-06, 3.97659960072e-06, 6.34253228782e-06, 4.16926832258e-06, 2.81028951576e-06, 3.37380379278e-06, 2.35129778048e-06, 2.4120697617e-06, 2.40033386945e-06, 2.39485461861e-06, 2.13340740629e-06, 1.81332916327e-06, 1.57259989919e-06, 1.37912252285e-06, 1.08125266252e-06, 9.96017206489e-07], "dvar": [1.01221585282e-05, 2.34176623053e-05, 1.53344694809e-06, 4.47036882179e-07, 3.07905366981e-07, 1.96424949195e-07, 5.28248484954e-08, 7.79213849e-08, 6.98096940255e-08, 2.81829404258e-08, 1.11505649159e-08, 8.87950957207e-09, 1.38613884815e-08, 4.32244773307e-09, 6.6785563746e-09, 2.27766316918e-09, 2.52328535844e-09, 1.35418731784e-09, 2.90048818297e-10, 1.68456901206e-10, 1.63139141085e-10, 3.19876597432e-10, 2.90708485062e-10, 3.30288491002e-10, 8.69997823782e-11, 5.92414450828e-11, 1.01863163737e-10, 1.20007989657e-10, 7.57226989445e-11, 1.23965754328e-10, 7.60446081105e-11, 2.7592034213e-10, 4.01964260488e-11, 5.90928833644e-11, 8.82290768223e-11, 8.95878649043e-11, 3.37503046344e-11, 1.33178789177e-11, 5.11597231592e-12, 3.94702760059e-12], "dvar2": [2.80534586636e-05, 6.49528737995e-05, 3.94563448936e-06, 1.19140463539e-06, 8.22416552637e-07, 5.16667569173e-07, 1.44047731965e-07, 1.69378637338e-07, 1.49574475472e-07, 5.76410883468e-08, 2.5163696904e-08, 2.00899084035e-08, 3.34259944168e-08, 9.82983117126e-09, 1.5437594314e-08, 5.33248956103e-09, 6.422189891e-09, 3.3824372192e-09, 7.44426853494e-10, 3.74416414539e-10, 3.59910518055e-10, 6.71617372827e-10, 6.0265431534e-10, 6.19362061638e-10, 1.54811677366e-10, 1.46734208117e-10, 2.32625876895e-10, 2.63015692559e-10, 1.69330396926e-10, 2.82272483165e-10, 1.49471879318e-10, 6.09092332127e-10, 7.41033970297e-11, 1.01549497977e-10, 1.46969561521e-10, 2.34222891082e-10, 7.9375825357e-11, 2.81505235789e-11, 1.02420589371e-11, 9.69665146788e-12], "max": [0.0383591093123, 0.0492754839361, 0.0248990096152, 0.0186067186296, 0.00888367928565, 0.0102057699114, 0.00476717948914, 0.007175097242, 0.00830520689487, 0.009545693174, 0.00228315335698, 0.00277481158264, 0.00414063548669, 0.00219486537389, 0.00207247817889, 0.00119024154264, 0.0023188223131, 0.00112474756315, 0.000512078346219, 0.000353559618816, 0.000344006868545, 0.000976024894044, 0.000517781532835, 0.000984035781585, 0.00047425631783, 0.000324763270328, 0.000390837405575, 0.000528303848114, 0.000383204809623, 0.0003985070216, 0.000551909732167, 0.00149625435006, 0.000288490555249, 0.000351189955836, 0.000562127970625, 0.000629021902569, 0.000290185882477, 0.000144228804857, 8.49247953738e-05, 8.75444166013e-05], "mean": [0.00213313871063, 0.00327986199409, 0.00140465598088, 0.000845147878863, 0.000824905582704, 0.000586036010645, 0.000280940148514, 0.000351899449015, 0.000347137451172, 0.000200052192667, 0.000132648608997, 0.000106144711026, 9.23130355659e-05, 5.03557203047e-05, 6.68028296786e-05, 4.07526349591e-05, 3.89153028664e-05, 2.75615766441e-05, 1.56617279572e-05, 1.36731750899e-05, 1.17746276374e-05, 1.53800283442e-05, 1.58777675097e-05, 1.79005273822e-05, 7.35288722353e-06, 6.03564967605e-06, 9.20329603105e-06, 5.49152537133e-06, 3.42659654962e-06, 3.28615351464e-06, 2.4333176043e-06, 2.49580216405e-06, 2.58761087935e-06, 2.68504163614e-06, 2.37696849581e-06, 1.70094347141e-06, 1.58351815571e-06, 1.44674356761e-06, 1.14388421935e-06, 9.76089722826e-07], "median": [0.00153360702097, 0.00205944455229, 0.000931285088882, 0.000538733322173, 0.000508770230226, 0.000355057185516, 0.000156548572704, 0.00013142277021, 0.000107726387796, 8.46913171699e-05, 5.13038794452e-05, 4.2173305701e-05, 3.51227354258e-05, 1.61357547768e-05, 1.92107563635e-05, 1.37198730954e-05, 1.21720404422e-05, 8.24467679195e-06, 6.0935590227e-06, 5.23887138115e-06, 3.77100195692e-06, 4.98497092849e-06, 4.88905197926e-06, 3.7093282117e-06, 2.20083575186e-06, 2.47690059041e-06, 3.1486476928e-06, 1.55271163749e-06, 1.02064313978e-06, 7.74151715177e-07, 5.37837991033e-07, 6.5069809807e-07, 8.72454847922e-07, 8.35636001284e-07, 6.17048158347e-07, 4.37456776581e-07, 4.37054382019e-07, 4.56523082448e-07, 3.79354702318e-07, 3.77983127464e-07], "min": [1.37010845077e-23, 5.92218865249e-24, 4.25975028058e-24, 7.02933836689e-24, 6.39441617315e-24, 2.76463660363e-24, 4.62341634118e-24, 6.15883666887e-24, 1.20252355004e-23, 1.39526112296e-23, 1.31446251806e-23, 1.00084976079e-23, 1.28512612206e-23, 3.46680938676e-24, 1.10725739391e-23, 1.07816128494e-23, 4.90167755916e-24, 6.31022538747e-24, 7.076087053e-24, 7.47146019439e-24, 1.7888321905e-23, 1.15848120905e-23, 7.71350165277e-24, 8.00655164615e-24, 1.5908484559e-23, 1.12459237565e-23, 1.0947174243e-23, 1.19349503698e-23, 7.69326737055e-24, 1.19007335281e-23, 7.90153611586e-24, 1.47007637567e-23, 1.86323376455e-23, 1.01274318e-23, 1.25670149149e-23, 7.35397277319e-24, 8.05211388545e-24, 1.35658753263e-23, 8.4817504114e-24, 1.08695116758e-23], "var": [8.52768516779e-06, 2.07146767934e-05, 2.85901955976e-06, 9.75371449385e-07, 8.89901571099e-07, 5.30103761776e-07, 1.41717777069e-07, 3.97715695044e-07, 4.31754358488e-07, 1.2374695757e-07, 4.16631991129e-08, 3.13397947593e-08, 2.90441217743e-08, 1.12843325795e-08, 1.73328285058e-08, 5.92685278633e-09, 6.8441798895e-09, 4.08500167026e-09, 7.49608708439e-10, 6.04532146564e-10, 5.50594791981e-10, 1.0598636413e-09, 1.0363145897e-09, 1.83718806834e-09, 3.42354256055e-10, 1.41873901516e-10, 2.9971228277e-10, 2.06424891069e-10, 1.22868673569e-10, 1.93889515554e-10, 1.38644457026e-10, 4.47304776552e-10, 8.77592304382e-11, 1.39130262866e-10, 1.9322293765e-10, 1.12260631346e-10, 5.98082416925e-11, 2.76704874291e-11, 1.13732833915e-11, 5.47710314602e-12]}, "melbands_crest": {"dmean": 2.34763550758, "dmean2": 3.81581830978, "dvar": 5.95102596283, "dvar2": 15.2825727463, "max": 31.5606079102, "mean": 13.0035085678, "median": 12.5090408325, "min": 1.5494145155, "var": 19.9846420288}, "melbands_flatness_db": {"dmean": 0.0223039444536, "dmean2": 0.0335329733789, "dvar": 0.000649296853226, "dvar2": 0.00148139242083, "max": 0.711796343327, "mean": 0.224378824234, "median": 0.221521794796, "min": 0.00366776483133, "var": 0.00443749548867}, "melbands_kurtosis": {"dmean": 9.1696767807, "dmean2": 14.7075767517, "dvar": 388.56930542, "dvar2": 977.680969238, "max": 417.979309082, "mean": 20.8355102539, "median": 11.3587341309, "min": -1.88413631916, "var": 972.191223145}, "melbands_skewness": {"dmean": 0.700971841812, "dmean2": 1.08885419369, "dvar": 0.854472637177, "dvar2": 2.04447174072, "max": 15.2613067627, "mean": 3.05175185204, "median": 2.68204069138, "min": -1.30468249321, "var": 3.13840508461}, "melbands_spread": {"dmean": 4.61073875427, "dmean2": 7.07728624344, "dvar": 85.520401001, "dvar2": 157.854293823, "max": 229.944747925, "mean": 17.2737846375, "median": 12.8115968704, "min": 0.756524682045, "var": 399.415435791}, "mfcc": {"cov": [[11766.7021484, 1421.98034668, -556.86138916, 144.116943359, -55.3072814941, -180.587188721, 81.3438186646, 52.9422531128, -100.792701721, 112.875198364, 44.0648880005, -7.2865395546, -4.28004980087], [1421.98034668, 1213.86535645, -24.0225028992, -2.62402963638, 74.365737915, -18.0557537079, 103.303016663, 86.0197067261, -32.6874351501, 33.6902313232, 67.7759780884, 1.37312841415, 48.0318107605], [-556.86138916, -24.0225028992, 773.539123535, 108.180389404, 56.8957214355, 175.967880249, 22.765007019, 51.7236709595, 113.538520813, 8.0631608963, -15.6188411713, 6.20196247101, 34.8556785583], [144.116943359, -2.62402963638, 108.180389404, 264.451660156, 132.35534668, 60.1412353516, 23.1383323669, 36.4403610229, 48.2801971436, 16.4951171875, 9.99610710144, 25.3163661957, 5.29561328888], [-55.3072814941, 74.365737915, 56.8957214355, 132.35534668, 245.036010742, 101.312072754, 8.71600246429, 25.9933986664, 45.22605896, 4.94311523438, 19.6082248688, 16.8513660431, 4.65240573883], [-180.587188721, -18.0557537079, 175.967880249, 60.1412353516, 101.312072754, 247.633453369, 57.9799003601, 27.6120357513, 51.3171844482, 2.4110853672, 19.7727165222, 33.0649795532, -9.34001731873], [81.3438186646, 103.303016663, 22.765007019, 23.1383323669, 8.71600246429, 57.9799003601, 134.980545044, 61.570854187, 6.96089315414, 26.3151874542, 32.3367195129, 14.2106599808, 15.050652504], [52.9422531128, 86.0197067261, 51.7236709595, 36.4403610229, 25.9933986664, 27.6120357513, 61.570854187, 106.892036438, 33.5447120667, 13.4836292267, 16.5455188751, 9.96833229065, 13.1333627701], [-100.792701721, -32.6874351501, 113.538520813, 48.2801971436, 45.22605896, 51.3171844482, 6.96089315414, 33.5447120667, 106.350387573, 26.2993812561, -6.53373670578, 4.18896913528, 7.89491224289], [112.875198364, 33.6902313232, 8.0631608963, 16.4951171875, 4.94311523438, 2.4110853672, 26.3151874542, 13.4836292267, 26.2993812561, 89.5871810913, 36.5969200134, 1.04131925106, -0.589147150517], [44.0648880005, 67.7759780884, -15.6188411713, 9.99610710144, 19.6082248688, 19.7727165222, 32.3367195129, 16.5455188751, -6.53373670578, 36.5969200134, 94.4734725952, 28.6437835693, -2.51743721962], [-7.2865395546, 1.37312841415, 6.20196247101, 25.3163661957, 16.8513660431, 33.0649795532, 14.2106599808, 9.96833229065, 4.18896913528, 1.04131925106, 28.6437835693, 75.260307312, 12.9071750641], [-4.28004980087, 48.0318107605, 34.8556785583, 5.29561328888, 4.65240573883, -9.34001731873, 15.050652504, 13.1333627701, 7.89491224289, -0.589147150517, -2.51743721962, 12.9071750641, 78.1221466064]], "icov": [[0.000109567539766, -0.000144007310155, 9.09786176635e-05, -0.000165425342857, 0.000138169460115, -3.52179340553e-05, 5.85599154874e-05, 4.33782042819e-06, 2.76024748018e-05, -0.000135306181619, 0.000101482313767, -1.12072020784e-05, 4.20264477725e-05], [-0.000144007310155, 0.00120172032621, -0.000181983399671, 0.000498457811773, -0.000766921963077, 0.000383295351639, -0.000599577091634, -0.000599862309173, 0.000563026696909, 4.32259457739e-06, -0.000547361792997, 0.000271992292255, -0.000510924204718], [9.09786176635e-05, -0.000181983399671, 0.00197526346892, -0.000791670114268, 0.000884881534148, -0.00153220933862, 0.000738014525268, -0.000406175997341, -0.00123939733021, 6.61900485284e-05, 0.00010121674859, 0.000707631639671, -0.00100844656117], [-0.000165425342857, 0.000498457811773, -0.000791670114268, 0.00614423118532, -0.00348905031569, 0.00103795458563, -0.00103185523767, -0.000642435159534, -0.00049231358571, -0.000567035400309, 0.000639030826278, -0.00173456931952, 0.000612516480032], [0.000138169460115, -0.000766921963077, 0.000884881534148, -0.00348905031569, 0.007570985239, -0.00310576148331, 0.00224518729374, -0.000445168203441, -0.00142874778248, 0.000709120300598, -0.0013690800406, 0.00118603208102, -0.000949434761424], [-3.52179340553e-05, 0.000383295351639, -0.00153220933862, 0.00103795458563, -0.00310576148331, 0.00782866869122, -0.00426210602745, 0.00166803703178, -0.00195417483337, 0.00155918311793, -0.000314815319143, -0.00264498335309, 0.00267339753918], [5.85599154874e-05, -0.000599577091634, 0.000738014525268, -0.00103185523767, 0.00224518729374, -0.00426210602745, 0.0136899221689, -0.00692555867136, 0.00274296873249, -0.00297421985306, -0.00139555567876, 0.000851587567013, -0.0024892159272], [4.33782042819e-06, -0.000599862309173, -0.000406175997341, -0.000642435159534, -0.000445168203441, 0.00166803703178, -0.00692555867136, 0.0154554815963, -0.00505692930892, 0.00202880403958, -0.00116449873894, -0.000435002322774, 0.000116424947919], [2.76024748018e-05, 0.000563026696909, -0.00123939733021, -0.00049231358571, -0.00142874778248, -0.00195417483337, 0.00274296873249, -0.00505692930892, 0.0159536190331, -0.00614043464884, 0.00366602209397, -0.000426876766142, -0.00105505425017], [-0.000135306181619, 4.32259457739e-06, 6.61900485284e-05, -0.000567035400309, 0.000709120300598, 0.00155918311793, -0.00297421985306, 0.00202880403958, -0.00614043464884, 0.0166695937514, -0.00728292763233, 0.00242073019035, 0.000486565113533], [0.000101482313767, -0.000547361792997, 0.00010121674859, 0.000639030826278, -0.0013690800406, -0.000314815319143, -0.00139555567876, -0.00116449873894, 0.00366602209397, -0.00728292763233, 0.0169198978692, -0.00621105870232, 0.00190814526286], [-1.12072020784e-05, 0.000271992292255, 0.000707631639671, -0.00173456931952, 0.00118603208102, -0.00264498335309, 0.000851587567013, -0.000435002322774, -0.000426876766142, 0.00242073019035, -0.00621105870232, 0.0176216289401, -0.00389393675141], [4.20264477725e-05, -0.000510924204718, -0.00100844656117, 0.000612516480032, -0.000949434761424, 0.00267339753918, -0.0024892159272, 0.000116424947919, -0.00105505425017, 0.000486565113533, 0.00190814526286, -0.00389393675141, 0.015176598914]], "mean": [-657.72857666, 126.264976501, 24.0957241058, 18.0917835236, 6.41469430923, 0.723167300224, 2.1828045845, 4.2641248703, -3.25062847137, 0.475087225437, 0.526489078999, -2.20341587067, 0.143080770969]}, "pitch_salience": {"dmean": 0.059209536761, "dmean2": 0.098629578948, "dvar": 0.00319943972863, "dvar2": 0.0088152680546, "max": 0.925272285938, "mean": 0.554528415203, "median": 0.553878843784, "min": 0.174860432744, "var": 0.00912146084011}, "silence_rate_20dB": {"dmean": 0, "dmean2": 0, "dvar": 0, "dvar2": 0, "max": 1, "mean": 1, "median": 1, "min": 1, "var": 0}, "silence_rate_30dB": {"dmean": 0.0223104152828, "dmean2": 0.0446256175637, "dvar": 0.0218134988099, "dvar2": 0.0544324629009, "max": 1, "mean": 0.983161747456, "median": 1, "min": 0, "var": 0.0165552310646}, "silence_rate_60dB": {"dmean": 0.00815188232809, "dmean2": 0.01630551368, "dvar": 0.00808680523187, "dvar2": 0.0183942448348, "max": 1, "mean": 0.0690690726042, "median": 0, "min": 0, "var": 0.0643031448126}, "spectral_centroid": {"dmean": 183.332397461, "dmean2": 275.45803833, "dvar": 77208.9296875, "dvar2": 135013.15625, "max": 10886.3896484, "mean": 992.094299316, "median": 822.840759277, "min": 145.470199585, "var": 455140.375}, "spectral_complexity": {"dmean": 2.2153813839, "dmean2": 3.48401641846, "dvar": 5.59051036835, "dvar2": 12.2047080994, "max": 50, "mean": 15.3593950272, "median": 15, "min": 0, "var": 57.3406448364}, "spectral_contrast_coeffs": {"dmean": [0.0434000566602, 0.0442806407809, 0.0363261327147, 0.0295848064125, 0.0224262028933, 0.0144563401118], "dmean2": [0.0714025497437, 0.0724641904235, 0.058620955795, 0.0474283732474, 0.0347911827266, 0.0230055321008], "dvar": [0.00144108885434, 0.00142318964936, 0.000946313724853, 0.000625268730801, 0.000455720059108, 0.000173387961695], "dvar2": [0.00348339322954, 0.00365678058006, 0.00233476865105, 0.0015188571997, 0.000914245494641, 0.000400756835006], "max": [-0.295227944851, -0.38035595417, -0.448890209198, -0.530699908733, -0.547950923443, -0.634491324425], "mean": [-0.643599390984, -0.695738732815, -0.735430896282, -0.75833940506, -0.776166915894, -0.805421233177], "median": [-0.654268205166, -0.696127891541, -0.73487341404, -0.760634183884, -0.785395503044, -0.807265758514], "min": [-0.967679142952, -0.972853124142, -0.983701109886, -0.961570680141, -0.962421655655, -0.958877146244], "var": [0.00762087991461, 0.00656029256061, 0.00498000625521, 0.00421424116939, 0.00410572905093, 0.00113715475891]}, "spectral_contrast_valleys": {"dmean": [0.399343311787, 0.323272526264, 0.337812364101, 0.279138177633, 0.224673971534, 0.2707477808], "dmean2": [0.620918095112, 0.525656282902, 0.540926575661, 0.437060296535, 0.330029189587, 0.347417980433], "dvar": [0.196622878313, 0.102364741266, 0.118429519236, 0.0817021355033, 0.0610475242138, 0.0995894297957], "dvar2": [0.369563519955, 0.237376630306, 0.265214979649, 0.167503282428, 0.106985151768, 0.154260739684], "max": [-4.90732192993, -4.75627040863, -4.94461965561, -6.1253118515, -5.94886112213, -7.03786420822], "mean": [-7.14183664322, -6.8931479454, -7.82293272018, -8.35959625244, -8.21384620667, -10.0734014511], "median": [-6.60719823837, -6.53273391724, -7.50344610214, -8.06140613556, -7.90502500534, -9.86190509796], "min": [-27.274597168, -27.4706478119, -26.9654407501, -27.1844425201, -27.1190452576, -27.2727622986], "var": [3.64730334282, 2.82638287544, 2.52094173431, 2.29426217079, 2.12388396263, 2.09214735031]}, "spectral_decrease": {"dmean": 2.79848633156e-09, "dmean2": 4.65102312219e-09, "dvar": 3.25603038345e-17, "dvar2": 8.66784035049e-17, "max": 6.32873570559e-17, "mean": -8.59972004719e-09, "median": -7.52254702974e-09, "min": -6.01982463877e-08, "var": 4.62529487689e-17}, "spectral_energy": {"dmean": 0.0109053701162, "dmean2": 0.0180374458432, "dvar": 0.000477792636957, "dvar2": 0.00126767146867, "max": 0.229992553592, "mean": 0.0341787710786, "median": 0.0301101766527, "min": 1.0896572186e-20, "var": 0.000702946912497}, "spectral_energyband_high": {"dmean": 0.00039812704199, "dmean2": 0.000556350103579, "dvar": 2.01128386834e-06, "dvar2": 3.28245823766e-06, "max": 0.0720701441169, "mean": 0.000775576918386, "median": 0.000299568811897, "min": 8.31102854217e-21, "var": 5.50616232431e-06}, "spectral_energyband_low": {"dmean": 0.00790694635361, "dmean2": 0.0135554317385, "dvar": 0.000421750999521, "dvar2": 0.00115105567966, "max": 0.205922827125, "mean": 0.0160169899464, "median": 0.011341124773, "min": 5.38597118068e-23, "var": 0.000400319026085}, "spectral_energyband_middle_high": {"dmean": 0.001154380152, "dmean2": 0.00176573835779, "dvar": 4.28786051998e-06, "dvar2": 9.62012109085e-06, "max": 0.0654280558228, "mean": 0.00409637251869, "median": 0.00250464514829, "min": 1.48765363552e-21, "var": 2.20997808356e-05}, "spectral_energyband_middle_low": {"dmean": 0.00433030724525, "dmean2": 0.00692023802549, "dvar": 2.8507087336e-05, "dvar2": 7.00429663993e-05, "max": 0.103891827166, "mean": 0.0147987063974, "median": 0.0127080734819, "min": 2.65542647114e-22, "var": 0.000126708007883}, "spectral_entropy": {"dmean": 0.167184352875, "dmean2": 0.235438063741, "dvar": 0.0297213643789, "dvar2": 0.0534325130284, "max": 9.81696414948, "mean": 7.42544364929, "median": 7.39908123016, "min": 4.51636791229, "var": 0.180223688483}, "spectral_flux": {"dmean": 0.0258069355041, "dmean2": 0.0408573001623, "dvar": 0.00172738393303, "dvar2": 0.00360496505164, "max": 0.430260419846, "mean": 0.0736850351095, "median": 0.0628782361746, "min": 1.04386645161e-10, "var": 0.00295277335681}, "spectral_kurtosis": {"dmean": 1.16568076611, "dmean2": 1.80224239826, "dvar": 6.30405521393, "dvar2": 12.2370986938, "max": 214.022750854, "mean": 4.77937316895, "median": 4.6669588089, "min": -1.21108603477, "var": 18.7321109772}, "spectral_rms": {"dmean": 0.00079876172822, "dmean2": 0.00127347453963, "dvar": 1.67033397247e-06, "dvar2": 4.17559567722e-06, "max": 0.0149794183671, "mean": 0.00530976522714, "median": 0.00541994301602, "min": 3.2604910525e-12, "var": 5.1514198276e-06}, "spectral_rolloff": {"dmean": 322.726226807, "dmean2": 546.338867188, "dvar": 805747.875, "dvar2": 1819751.625, "max": 19229.1503906, "mean": 1262.73596191, "median": 667.529296875, "min": 43.06640625, "var": 6666430.5}, "spectral_skewness": {"dmean": 0.184684306383, "dmean2": 0.272882521152, "dvar": 0.0412502475083, "dvar2": 0.0729101970792, "max": 11.9996471405, "mean": 1.8291002512, "median": 1.85383081436, "min": -0.20544283092, "var": 0.23302423954}, "spectral_spread": {"dmean": 665082.8125, "dmean2": 936563.75, "dvar": 716545523712, "dvar2": 1216688291840.0, "max": 41288272, "mean": 5783154.5, "median": 5380358, "min": 614119.875, "var": 3191334502400.0}, "spectral_strongpeak": {"dmean": 0.353629648685