{"lowlevel": {"average_loudness": 0.674364924431, "barkbands": {"dmean": [3.211976491e-06, 0.000409491942264, 0.000472889922094, 0.000294973928249, 0.000736469810363, 0.000666332722176, 0.000500348338392, 0.00130766886286, 0.0011503509013, 0.00128914474044, 0.000767729827203, 0.000903008680325, 0.000532766338438, 0.000394622300519, 0.000272852514172, 0.000248423311859, 0.000195496570086, 0.000143549303175, 0.000201829476282, 0.000146306090755, 9.67380983639e-05, 7.06201753928e-05, 9.06478453544e-05, 9.63273851085e-05, 9.63176353252e-05, 3.14636417897e-05, 8.01917212812e-06], "dmean2": [5.44725253349e-06, 0.000654408533592, 0.000803694245405, 0.000505526608322, 0.00123988557607, 0.00109445292037, 0.000817161169834, 0.00201107864268, 0.00181408855133, 0.00200211373158, 0.00116532447282, 0.00134636263829, 0.000781929993536, 0.000594079669099, 0.000422914308729, 0.000368696433725, 0.000282098335447, 0.000220256275497, 0.000309735129122, 0.00021204771474, 0.000146616701386, 0.000104126818769, 0.000131642271299, 0.000141612486914, 0.000136132599437, 4.53187640232e-05, 1.14678168757e-05], "dvar": [3.18888276896e-10, 6.55722544707e-07, 1.13121836876e-06, 4.16877213638e-07, 3.5186471905e-06, 2.63000742962e-06, 1.89736215361e-06, 1.07975620267e-05, 7.74093587097e-06, 2.12450995605e-05, 6.56459678794e-06, 7.29293287804e-06, 3.14451199301e-06, 1.22612823361e-06, 8.30284761832e-07, 8.96803612704e-07, 4.79705590806e-07, 2.27073002179e-07, 2.53985973586e-07, 1.75140854708e-07, 8.96724117183e-08, 4.15429610712e-08, 1.48432519609e-07, 2.84314864984e-07, 6.39659418766e-08, 6.52237863719e-09, 2.67024263811e-10], "dvar2": [9.22124654412e-10, 1.68941051015e-06, 3.00430269817e-06, 1.13183489248e-06, 9.44774910749e-06, 6.67840322421e-06, 4.69355245514e-06, 2.53140533459e-05, 1.90867576748e-05, 5.45094444533e-05, 1.42362459883e-05, 1.67510079336e-05, 6.04787874181e-06, 2.64863206212e-06, 1.98265865947e-06, 1.71463295828e-06, 8.68807035204e-07, 5.1952144986e-07, 5.61736044347e-07, 3.26754047819e-07, 2.01963814561e-07, 8.19881620373e-08, 2.85923448473e-07, 5.505347076e-07, 1.2610492206e-07, 1.43106859696e-08, 5.61817925515e-10], "max": [0.000858024810441, 0.0136786466464, 0.0134022701532, 0.00974325090647, 0.0218938309699, 0.0400385335088, 0.0332886762917, 0.0663926154375, 0.0452032350004, 0.139641687274, 0.0675779059529, 0.0541788116097, 0.0466295406222, 0.0307093653828, 0.0230126548558, 0.0247840955853, 0.0291905645281, 0.0168870408088, 0.0107197267935, 0.0184818394482, 0.00854041241109, 0.00858650356531, 0.0140306679532, 0.0195242166519, 0.00668241363019, 0.00222110655159, 0.000220907197217], "mean": [2.72519105238e-06, 0.000621886749286, 0.000625070882961, 0.000346488086507, 0.000855763268191, 0.000808195909485, 0.000646637927275, 0.00194395473227, 0.00171537452843, 0.00175582745578, 0.00112446094863, 0.00132813688833, 0.00116499664728, 0.000635027594399, 0.000427641905844, 0.000370711408323, 0.000330282753566, 0.000228702294407, 0.000374517810997, 0.0002838174114, 0.0001696634572, 0.000122690820717, 0.000147372935317, 0.000145485406392, 0.000169984064996, 4.90049860673e-05, 9.85306087387e-06], "median": [3.18665684063e-07, 0.000260639644694, 0.000226697244216, 0.000119167423691, 0.00034485021024, 0.000242780675762, 0.000199849775527, 0.000340439059073, 0.000232531427173, 0.000235596031416, 0.000150106294313, 0.000128942338051, 8.07146570878e-05, 0.000113985035568, 5.87475915381e-05, 7.09820888005e-05, 7.49614628148e-05, 5.93146469328e-05, 0.000145387632074, 6.46876578685e-05, 4.41868469352e-05, 4.25391008321e-05, 4.68562429887e-05, 3.61744787369e-05, 6.17761179456e-05, 1.45819931276e-05, 2.49407617048e-06], "min": [6.38718734764e-26, 2.3065403428e-24, 5.87160659543e-25, 1.31919128559e-24, 4.67204172738e-24, 6.28917029548e-24, 7.23497783881e-24, 5.34466673923e-24, 1.05437192217e-23, 1.73979265233e-23, 1.86405323326e-23, 1.34069308979e-23, 3.40547150707e-23, 2.16307237933e-23, 4.41068193317e-23, 6.38359434259e-23, 4.82674389844e-23, 9.40368205391e-23, 1.08827312491e-22, 1.73011396011e-22, 1.95527631948e-22, 3.41579599238e-22, 3.52887371267e-22, 5.78216009891e-22, 8.323073754e-22, 1.24994795862e-21, 1.96040149198e-21], "var": [1.84471368736e-10, 9.04579735561e-07, 1.2316656921e-06, 3.84858509506e-07, 2.92445201922e-06, 2.88894898404e-06, 2.56317434832e-06, 1.93367995962e-05, 1.62490814546e-05, 2.69925167231e-05, 1.29148038468e-05, 1.43580691656e-05, 1.72004220076e-05, 2.86847398456e-06, 1.91441699826e-06, 1.67034920651e-06, 1.28339729599e-06, 3.74557174609e-07, 5.39007885436e-07, 5.81379254072e-07, 2.06550438975e-07, 1.05225531399e-07, 3.25363714637e-07, 5.21658705566e-07, 1.44308444305e-07, 1.24915215949e-08, 3.78724968053e-10]}, "barkbands_crest": {"dmean": 2.85095286369, "dmean2": 4.58702516556, "dvar": 6.99208545685, "dvar2": 17.0956096649, "max": 25.4013195038, "mean": 9.98121738434, "median": 8.96438884735, "min": 2.5245411396, "var": 18.9593105316}, "barkbands_flatness_db": {"dmean": 0.0229330845177, "dmean2": 0.0331647954881, "dvar": 0.000425474107033, "dvar2": 0.000859697523993, "max": 0.287201315165, "mean": 0.118521690369, "median": 0.113339625299, "min": 0.0176481902599, "var": 0.00179643253796}, "barkbands_kurtosis": {"dmean": 2.30718064308, "dmean2": 3.53695774078, "dvar": 15.8455028534, "dvar2": 33.3924865723, "max": 87.2228927612, "mean": 2.91501426697, "median": 1.4716603756, "min": -1.88385856152, "var": 35.3667182922}, "barkbands_skewness": {"dmean": 0.543921113014, "dmean2": 0.81345307827, "dvar": 0.321710169315, "dvar2": 0.645547628403, "max": 8.65003490448, "mean": 0.954629421234, "median": 0.930697619915, "min": -7.61937236786, "var": 1.39809346199}, "barkbands_spread": {"dmean": 7.15039348602, "dmean2": 10.81437397, "dvar": 74.9139633179, "dvar2": 165.373550415, "max": 121.260650635, "mean": 23.7366676331, "median": 20.3854084015, "min": 1.37645876408, "var": 215.547958374}, "dissonance": {"dmean": 0.0261023379862, "dmean2": 0.0435634180903, "dvar": 0.0006533380365, "dvar2": 0.0017427917337, "max": 0.500000178814, "mean": 0.453574866056, "median": 0.463514208794, "min": 0.247295036912, "var": 0.00139365508221}, "dynamic_complexity": 4.49533176422, "erbbands": {"dmean": [0.00615231087431, 0.115629047155, 0.494285911322, 0.727720022202, 2.270819664, 2.08085393906, 3.57304215431, 6.21987724304, 6.96686506271, 14.0929107666, 28.6375789642, 28.1091747284, 33.91147995, 30.8153076172, 34.9392089844, 36.4572105408, 25.3399353027, 18.4798069, 15.1541128159, 14.404668808, 10.5467166901, 8.64187812805, 7.50059700012, 9.66909503937, 9.05795192719, 6.39691400528, 4.99238967896, 2.67674660683, 2.4231672287, 2.74717569351, 2.56834983826, 2.0819978714, 1.54993534088, 0.990820705891, 0.830547988415, 0.207998305559, 0.0451654866338, 0.0102696949616, 0.00127243937459, 8.65305628395e-05], "dmean2": [0.00964662712067, 0.186674445868, 0.838149011135, 1.20671379566, 3.96149969101, 3.5272295475, 5.91839504242, 10.300652504, 11.3238697052, 21.9034290314, 44.4293746948, 43.4188079834, 52.1807060242, 46.6978034973, 52.5096969604, 53.5965309143, 35.5008659363, 27.4479961395, 22.6628818512, 21.5202045441, 14.9377670288, 12.2043218613, 11.2173595428, 14.9965744019, 13.2907457352, 9.17051124573, 7.32373428345, 4.03746986389, 3.55642342567, 4.01652765274, 3.6952214241, 3.03792405128, 2.25346899033, 1.420617342, 1.18913555145, 0.294475793839, 0.0654598474503, 0.0147843137383, 0.00184543756768, 0.000120210119348], "dvar": [0.000169875434949, 0.0528414621949, 1.16268897057, 2.08406972885, 44.0267829895, 26.8933830261, 74.9528961182, 260.636016846, 375.31350708, 1201.93115234, 6895.63671875, 4425.33740234, 19709.3144531, 8900.43652344, 13399.7685547, 12452.0146484, 5887.83056641, 2483.96923828, 1967.88562012, 2784.74633789, 1445.1217041, 841.480834961, 579.74407959, 873.610046387, 719.358154297, 311.789093018, 260.551177979, 49.3801994324, 63.584487915, 106.371322632, 124.963172913, 128.004425049, 71.2560195923, 13.5356378555, 3.11424422264, 0.313823014498, 0.0115653667599, 0.000416147900978, 7.47342528484e-06, 2.7666635205e-08], "dvar2": [0.000412143941503, 0.138785615563, 3.10893177986, 5.32926797867, 121.405563354, 73.4961242676, 182.404052734, 672.788391113, 931.931396484, 2948.00756836, 16443.1660156, 10598.9052734, 49988.1992188, 21093.6425781, 29284.2148438, 29715.8984375, 10756.1699219, 5347.00292969, 4149.53662109, 6360.80908203, 2633.79833984, 1505.6270752, 1323.92919922, 2159.09130859, 1478.04101563, 522.14465332, 556.09173584, 116.471557617, 132.922653198, 189.789108276, 253.999908447, 265.065856934, 134.737380981, 25.7812480927, 6.60175991058, 0.667293846607, 0.026149937883, 0.000891497882549, 1.57920148922e-05, 5.734755959e-08], "max": [0.177299827337, 4.03316354752, 15.2547874451, 21.241985321, 91.0121688843, 70.7427597046, 246.938613892, 327.143371582, 502.482940674, 1008.96801758, 1830.30822754, 1423.77502441, 4489.89941406, 2078.55175781, 3496.53320313, 2447.23486328, 2258.40478516, 1327.515625, 1419.84362793, 1537.23413086, 1240.19836426, 1054.78759766, 823.465454102, 1101.19824219, 596.299743652, 1169.54089355, 489.439208984, 190.395172119, 335.6277771, 506.883880615, 396.34072876, 390.921813965, 329.188751221, 101.346733093, 39.8372535706, 18.6350879669, 3.1842622757, 0.418392717838, 0.0428610108793, 0.00214140187018], "mean": [0.00820617657155, 0.175686120987, 0.689196527004, 0.981453716755, 2.23667192459, 2.48187804222, 4.75506496429, 7.12473392487, 9.38470554352, 21.9394855499, 42.3459205627, 44.6384315491, 47.0258789063, 45.2634468079, 58.0261116028, 60.4021339417, 59.1590461731, 32.6591148376, 25.6383724213, 24.962600708, 17.7485103607, 15.7250347137, 13.612487793, 18.1183223724, 17.0850849152, 14.1351175308, 9.34860038757, 4.81888818741, 4.11266899109, 4.68148326874, 4.10541629791, 3.08946037292, 2.35389614105, 1.66490924358, 1.37604808807, 0.345656275749, 0.0677189826965, 0.0138324247673, 0.00155245570932, 0.000123174337205], "median": [0.00341979996301, 0.0727084651589, 0.277835309505, 0.392724782228, 0.73540276289, 0.962151110172, 1.63302862644, 2.09101319313, 2.75497293472, 6.1768450737, 8.27142524719, 7.52503395081, 7.15030384064, 7.57298755646, 9.89842224121, 7.39884519577, 5.85837984085, 7.63495635986, 6.01963376999, 4.34449291229, 4.41781997681, 3.86050820351, 4.25241947174, 7.35015392303, 5.5226483345, 3.44948244095, 2.13984894753, 1.74140369892, 1.36687517166, 1.60270917416, 1.25871622562, 0.791981995106, 0.580689668655, 0.487014979124, 0.502645790577, 0.10526227951, 0.0194509997964, 0.00432320963591, 0.000335492630256, 5.01612303196e-05], "min": [4.20776418915e-23, 4.36726321827e-22, 1.77883211635e-21, 9.17601470145e-21, 1.81612689521e-20, 2.09912800098e-20, 5.03073994084e-20, 6.18721857031e-20, 1.22584677112e-19, 1.32100588728e-19, 1.9013963886e-19, 3.03022934953e-19, 4.64698177411e-19, 8.73586272098e-19, 1.09092218778e-18, 7.50323177636e-19, 1.53154217154e-18, 1.61829149751e-18, 2.20943436451e-18, 3.28322398744e-18, 3.98719253224e-18, 3.15100619756e-18, 5.39028937448e-18, 6.77941224104e-18, 6.39683334951e-18, 7.66303428192e-18, 8.45368825298e-18, 9.08015845298e-18, 1.00593417749e-17, 1.0224881295e-17, 1.03160862293e-17, 9.46358313668e-18, 8.55539589956e-18, 7.3502053276e-18, 6.46500419893e-18, 3.89567492363e-18, 2.16498891622e-18, 9.23564938299e-19, 2.45920330823e-19, 2.54104795077e-20], "var": [0.000192619554582, 0.0722996741533, 1.35257458687, 2.54401636124, 30.4135303497, 23.1066455841, 112.477767944, 250.402252197, 540.388000488, 1928.01257324, 11769.0527344, 10567.2177734, 25642.3925781, 14729.4169922, 29773.4433594, 27740.2636719, 39247.2695313, 6508.17041016, 4899.62695313, 6916.11816406, 3027.22143555, 2421.80224609, 1263.52954102, 1460.92163086, 1534.22058105, 1388.92700195, 629.598022461, 103.23500824, 140.217025757, 258.626220703, 263.628936768, 224.457870483, 130.193008423, 26.7422599792, 7.16307210922, 0.682383656502, 0.0194527134299, 0.000648361456115, 1.04307300717e-05, 4.10595184519e-08]}, "erbbands_crest": {"dmean": 3.45639562607, "dmean2": 5.49895429611, "dvar": 10.2721128464, "dvar2": 24.0513935089, "max": 32.3431243896, "mean": 11.8245735168, "median": 10.7060747147, "min": 2.14189338684, "var": 34.225982666}, "erbbands_flatness_db": {"dmean": 0.0242333021015, "dmean2": 0.0337837263942, "dvar": 0.000488837191369, "dvar2": 0.000921660102904, "max": 0.352824509144, "mean": 0.163448616862, "median": 0.162829115987, "min": 0.0304503608495, "var": 0.00260454253294}, "erbbands_kurtosis": {"dmean": 1.58713889122, "dmean2": 2.45211577415, "dvar": 5.93985891342, "dvar2": 13.8781251907, "max": 50.887424469, "mean": 1.73336017132, "median": 0.608391880989, "min": -1.79074454308, "var": 12.8916034698}, "erbbands_skewness": {"dmean": 0.468978375196, "dmean2": 0.694532573223, "dvar": 0.207867383957, "dvar2": 0.434285998344, "max": 6.50303697586, "mean": 0.649402439594, "median": 0.644279301167, "min": -4.86735534668, "var": 1.01433050632}, "erbbands_spread": {"dmean": 8.81659317017, "dmean2": 13.0777511597, "dvar": 107.63356781, "dvar2": 245.120666504, "max": 171.124923706, "mean": 32.4524497986, "median": 27.8083705902, "min": 3.67079472542, "var": 393.985778809}, "gfcc": {"cov": [[30462.7382813, 1070.4119873, -2874.15722656, -63.1162414551, -1562.22045898, 427.972991943, -606.042724609, 334.811462402, -757.381103516, 126.171348572, -345.387573242, -139.028930664, -362.406097412], [1070.4119873, 1412.21936035, 11.0961446762, 102.002990723, 116.92855072, -10.2866783142, -2.65166950226, -19.5512924194, -5.84291744232, -119.431976318, -21.7464485168, -62.8831977844, -51.2367706299], [-2874.15722656, 11.0961446762, 1209.68798828, 291.989440918, 182.874328613, 30.220293045, 53.9343414307, -73.3252258301, 57.3562545776, -89.6661300659, -34.5200271606, 42.4463768005, 27.6845626831], [-63.1162414551, 102.002990723, 291.989440918, 474.561523438, 165.716033936, 24.6818122864, -26.4093074799, -4.90626382828, -5.03820419312, -46.7640762329, -31.2150478363, -9.69843292236, 3.65047717094], [-1562.22045898, 116.92855072, 182.874328613, 165.716033936, 431.885070801, 53.0286636353, 83.1804046631, -2.8700928688, 33.0587654114, 1.04084932804, -17.2460384369, -24.5183639526, 10.7124414444], [427.972991943, -10.2866783142, 30.220293045, 24.6818122864, 53.0286636353, 264.696411133, 123.20639801, 5.95583581924, -48.2041358948, 27.4949169159, 2.84900355339, -32.498626709, -19.9852771759], [-606.042724609, -2.65166950226, 53.9343414307, -26.4093074799, 83.1804046631, 123.20639801, 236.243408203, 27.1447601318, -25.7400035858, 34.9507255554, 32.527507782, -33.0449180603, -18.5189933777], [334.811462402, -19.5512924194, -73.3252258301, -4.90626382828, -2.8700928688, 5.95583581924, 27.1447601318, 154.807189941, 46.4780044556, 5.62943792343, 0.600376844406, -6.9202337265, -13.2604484558], [-757.381103516, -5.84291744232, 57.3562545776, -5.03820419312, 33.0587654114, -48.2041358948, -25.7400035858, 46.4780044556, 154.850036621, 4.50399208069, 1.12705624104, 6.5189166069, 1.44409573078], [126.171348572, -119.431976318, -89.6661300659, -46.7640762329, 1.04084932804, 27.4949169159, 34.9507255554, 5.62943792343, 4.50399208069, 173.317504883, 45.3805541992, -42.777179718, -33.4157485962], [-345.387573242, -21.7464485168, -34.5200271606, -31.2150478363, -17.2460384369, 2.84900355339, 32.527507782, 0.600376844406, 1.12705624104, 45.3805541992, 110.75365448, 13.5404977798, -16.1618728638], [-139.028930664, -62.8831977844, 42.4463768005, -9.69843292236, -24.5183639526, -32.498626709, -33.0449180603, -6.9202337265, 6.5189166069, -42.777179718, 13.5404977798, 117.83732605, 47.9157600403], [-362.406097412, -51.2367706299, 27.6845626831, 3.65047717094, 10.7124414444, -19.9852771759, -18.5189933777, -13.2604484558, 1.44409573078, -33.4157485962, -16.1618728638, 47.9157600403, 104.019180298]], "icov": [[0.000101270939922, -0.000110750414024, 0.00018894119421, -0.00016422427143, 0.000328300026013, -0.000270693330094, 0.000257931213127, -0.000277293525869, 0.000398757314542, -0.00023391765717, 0.000453237822512, -0.000244821159868, 0.000281023705611], [-0.000110750414024, 0.000968195323367, -0.000124193902593, 0.000107348976599, -0.000595928926487, 0.000369403074728, -0.000259505381109, 0.000476778572192, -0.000463805074105, 0.00113174179569, -0.000733752152883, 0.00083762803115, 0.000137410592288], [0.00018894119421, -0.000124193902593, 0.00153681321535, -0.00101097265724, 0.000534565479029, -0.000509733101353, -0.00018672994338, 0.000368364067981, -7.2361988714e-05, 1.2367509953e-05, 0.00112119701225, -0.000944642350078, 0.000698614458088], [-0.00016422427143, 0.000107348976599, -0.00101097265724, 0.00335220480338, -0.0016561197117, 4.41592637799e-05, 0.000910026428755, -0.000282494700514, 0.00023529943428, 0.000786200340372, -0.00088139710715, 0.000939244346227, -0.000383122067433], [0.000328300026013, -0.000595928926487, 0.000534565479029, -0.0016561197117, 0.0043436367996, -0.000961995974649, -0.000611390045378, -0.000382927624742, 0.000160650582984, -0.00121531344485, 0.00208088941872, -0.000573842553422, 0.000171301246155], [-0.000270693330094, 0.000369403074728, -0.000509733101353, 4.41592637799e-05, -0.000961995974649, 0.00612720707431, -0.00334166130051, 0.000675151473843, 0.000199309841264, 0.00016305220197, -0.000465127173811, 0.000874826335348, -0.000285236747004], [0.000257931213127, -0.000259505381109, -0.00018672994338, 0.000910026428755, -0.000611390045378, -0.00334166130051, 0.00799302943051, -0.00258622854017, 0.00252995919436, -0.000647744513117, -0.00120033428539, 0.000930923328269, 0.000444312026957], [-0.000277293525869, 0.000476778572192, 0.000368364067981, -0.000282494700514, -0.000382927624742, 0.000675151473843, -0.00258622854017, 0.0090129096061, -0.00437130313367, 0.00114113278687, -0.000525794923306, 0.000298150262097, 0.000246545707341], [0.000398757314542, -0.000463805074105, -7.2361988714e-05, 0.00023529943428, 0.000160650582984, 0.000199309841264, 0.00252995919436, -0.00437130313367, 0.0102523323148, -0.00162369431928, 0.00132553977892, -0.000929064466618, 0.0010567229474], [-0.00023391765717, 0.00113174179569, 1.2367509953e-05, 0.000786200340372, -0.00121531344485, 0.00016305220197, -0.000647744513117, 0.00114113278687, -0.00162369431928, 0.0092632798478, -0.0044808764942, 0.0038617644459, 0.000421467062552], [0.000453237822512, -0.000733752152883, 0.00112119701225, -0.00088139710715, 0.00208088941872, -0.000465127173811, -0.00120033428539, -0.000525794923306, 0.00132553977892, -0.0044808764942, 0.014040437527, -0.00510939909145, 0.00344306533225], [-0.000244821159868, 0.00083762803115, -0.000944642350078, 0.000939244346227, -0.000573842553422, 0.000874826335348, 0.000930923328269, 0.000298150262097, -0.000929064466618, 0.0038617644459, -0.00510939909145, 0.0138194886968, -0.0056972480379], [0.000281023705611, 0.000137410592288, 0.000698614458088, -0.000383122067433, 0.000171301246155, -0.000285236747004, 0.000444312026957, 0.000246545707341, 0.0010567229474, 0.000421467062552, 0.00344306533225, -0.0056972480379, 0.0138060776517]], "mean": [-41.7644004822, 48.8893661499, -116.852828979, 8.88909053802, -63.11901474, 12.050743103, -33.7467880249, 14.5210256577, -27.8751068115, 4.90955305099, -15.3440437317, -2.3048787117, -14.8905601501]}, "hfc": {"dmean": 7.40115785599, "dmean2": 10.2636518478, "dvar": 154.486633301, "dvar2": 289.823883057, "max": 250.333511353, "mean": 21.7997264862, "median": 12.4700241089, "min": 1.0503770367e-16, "var": 665.464111328}, "melbands": {"dmean": [8.42540393933e-05, 0.000220332949539, 0.000172140382347, 0.000162961965543, 0.000115968061436, 0.00013472243154, 0.000103509832115, 0.000179873648449, 0.000239713524934, 0.000170393759618, 0.000172625092091, 0.000131213397253, 0.000108199819806, 0.000105312588857, 8.34802049212e-05, 4.37679191236e-05, 3.86887622881e-05, 2.83497338387e-05, 1.75307395693e-05, 2.23659117182e-05, 1.1957505194e-05, 1.00090683191e-05, 9.61362002272e-06, 6.65419156576e-06, 9.1855717983e-06, 6.83139023749e-06, 6.72212536301e-06, 4.42071404905e-06, 3.57875615009e-06, 2.47940488407e-06, 1.55779412125e-06, 1.43783881867e-06, 1.49084894474e-06, 1.6716016944e-06, 1.66631866705e-06, 1.31419244553e-06, 1.33203423047e-06, 1.17484114526e-06, 9.49386503635e-07, 8.3159937958e-07], "dmean2": [0.000133663546876, 0.000367440952687, 0.000291128788376, 0.000279899104498, 0.000192122664885, 0.000221813446842, 0.000168429949554, 0.000277972896583, 0.000374041177565, 0.000265661074081, 0.000267327326583, 0.000201265313081, 0.000164052762557, 0.000154205568833, 0.000121440309158, 6.18320118519e-05, 5.82512475376e-05, 4.2722625949e-05, 2.63109341176e-05, 3.28191126755e-05, 1.72309537447e-05, 1.44181576616e-05, 1.43718616528e-05, 1.03126758404e-05, 1.43911374835e-05, 1.02717403934e-05, 9.63446018432e-06, 6.47840852253e-06, 5.28268583366e-06, 3.74152750737e-06, 2.40461895373e-06, 2.13302791963e-06, 2.2028418698e-06, 2.52640711551e-06, 2.4457328891e-06, 1.93814139493e-06, 1.96213795789e-06, 1.70155567503e-06, 1.40563065543e-06, 1.20834522477e-06], "dvar": [2.86005477079e-08, 2.15553797034e-07, 1.38382731052e-07, 2.14300698076e-07, 7.29172029423e-08, 1.1688249657e-07, 8.01603619038e-08, 1.75673307012e-07, 4.44226486707e-07, 1.69531176653e-07, 5.26777853338e-07, 1.74216324922e-07, 1.3141107047e-07, 8.89533851023e-08, 6.86615138079e-08, 1.8347476427e-08, 1.19872094473e-08, 7.20633641649e-09, 2.96652213905e-09, 7.09016179101e-09, 2.08315098504e-09, 1.4730097142e-09, 1.25394195027e-09, 6.53509968362e-10, 8.60208293485e-10, 4.23975049513e-10, 5.22621390608e-10, 1.36874012124e-10, 1.36724978561e-10, 6.7382738278e-11, 1.59530930133e-11, 2.64395571409e-11, 2.36813554877e-11, 4.91007720593e-11, 5.53924163482e-11, 3.50267592708e-11, 6.07470601599e-11, 4.31929145228e-11, 1.83619751348e-11, 9.201403528e-12], "dvar2": [7.16953252322e-08, 5.70596967009e-07, 3.7093511196e-07, 5.8586402929e-07, 1.82970481433e-07, 3.00330754044e-07, 1.96835983957e-07, 4.14529154114e-07, 1.0642838788e-06, 4.13735818938e-07, 1.33859032303e-06, 4.17777869188e-07, 2.90334611464e-07, 2.07997047141e-07, 1.52843341539e-07, 3.3063500382e-08, 2.57493120159e-08, 1.50689256628e-08, 7.01296132277e-09, 1.43028318078e-08, 3.60997520765e-09, 2.61268384705e-09, 2.32290053859e-09, 1.74287495547e-09, 2.12420792067e-09, 8.78966066598e-10, 1.02175101713e-09, 2.44946590788e-10, 3.05897390751e-10, 1.47104564641e-10, 3.80432976788e-11, 5.85284529175e-11, 4.5210488131e-11, 9.11114794722e-11, 1.16318725485e-10, 7.63265423087e-11, 1.24992988182e-10, 8.2891832287e-11, 3.52560272643e-11, 1.83016293093e-11], "max": [0.00257755024359, 0.00731004914269, 0.00519272685051, 0.00557682989165, 0.00730973575264, 0.0073321769014, 0.00677538802847, 0.0111804567277, 0.014065856114, 0.00819948408753, 0.0235376562923, 0.00858105253428, 0.00992421526462, 0.00746782450005, 0.00837172195315, 0.00437599560246, 0.0031203541439, 0.00221520313062, 0.0014876825735, 0.00239404384047, 0.00216682581231, 0.00150058686268, 0.00174952193629, 0.00116385496221, 0.00102976185735, 0.000587113725487, 0.000774280051701, 0.000727759092115, 0.000482645787997, 0.000257870415226, 0.000118173018564, 0.000255499850027, 0.000263987021754, 0.00031526258681, 0.000285783986328, 0.000189148893696, 0.000294362806017, 0.000266893504886, 0.000138204195537, 7.94979205239e-05], "mean": [0.000124346275697, 0.000330232316628, 0.000211387639865, 0.000171973661054, 0.000156911482918, 0.000158440569066, 0.000137734270538, 0.000280227221083, 0.00035803639912, 0.000258122134255, 0.000231274185353, 0.000182921721716, 0.000169082370121, 0.000161327421665, 0.000164578552358, 8.68043352966e-05, 6.22656370979e-05, 4.39224386355e-05, 2.85010282823e-05, 3.49051842932e-05, 1.84811433428e-05, 1.63974327734e-05, 1.66102236108e-05, 9.93593675958e-06, 1.55953512149e-05, 1.18697607832e-05, 1.16096780403e-05, 8.72732198332e-06, 5.99600070927e-06, 4.21080449087e-06, 2.45463729698e-06, 2.28549060921e-06, 2.37683002524e-06, 2.71545764008e-06, 2.50937250712e-06, 1.93402433979e-06, 1.87962780274e-06, 1.70037026237e-06, 1.42624935506e-06, 1.34735216761e-06], "median": [5.66668604733e-05, 0.000147087441292, 8.93525138963e-05, 6.3694853452e-05, 5.72702811041e-05, 4.70075719932e-05, 3.85420680686e-05, 6.77508942317e-05, 6.25532484264e-05, 3.92749534512e-05, 2.80148105958e-05, 2.33359733102e-05, 2.46669023909e-05, 1.9645132852e-05, 1.22440278574e-05, 7.75050830271e-06, 1.19243313748e-05, 8.67055314302e-06, 4.04884394811e-06, 5.95625215283e-06, 3.95487359128e-06, 3.3531293866e-06, 3.9050628402e-06, 2.75866818811e-06, 5.50254480913e-06, 3.70030761587e-06, 2.68828330263e-06, 2.04272646442e-06, 1.23111692574e-06, 1.03287311504e-06, 9.17634849884e-07, 7.17976035958e-07, 6.82136430896e-07, 9.09434447749e-07, 7.70980591369e-07, 4.81906852201e-07, 4.34822396755e-07, 3.83608067978e-07, 3.49470866468e-07, 3.53052996616e-07], "min": [7.42887521475e-25, 1.21983386015e-24, 1.55770397193e-24, 6.72421436433e-25, 2.00256344259e-24, 1.57717798946e-24, 1.56706824392e-24, 1.55617052494e-24, 1.34261858094e-24, 1.7336186719e-24, 2.19497312548e-24, 2.84048301587e-24, 2.78769540232e-24, 1.90366690914e-24, 2.42122671614e-24, 3.10633683232e-24, 1.76063479132e-24, 2.60226812452e-24, 3.73836015945e-24, 3.62174561285e-24, 3.90536911284e-24, 2.38032960301e-24, 2.75896922967e-24, 4.47271235385e-24, 4.21565729471e-24, 3.24900173538e-24, 4.04699607216e-24, 3.69947957202e-24, 4.70221250156e-24, 4.8173380732e-24, 4.654919107e-24, 4.48828367925e-24, 5.33044121052e-24, 4.76838452087e-24, 5.91892947367e-24, 5.15563357823e-24, 4.210506033e-24, 4.86939460991e-24, 5.84882932147e-24, 5.8710428557e-24], "var": [3.67724837247e-08, 2.70450300377e-07, 1.27435598074e-07, 1.55050884132e-07, 1.02730908225e-07, 1.17890571971e-07, 1.18901809287e-07, 3.18028469337e-07, 7.87062106156e-07, 3.61205763966e-07, 6.74952843838e-07, 2.7529728186e-07, 2.68411298521e-07, 1.81695568813e-07, 2.69145857601e-07, 9.59819104196e-08, 3.00101063999e-08, 1.57375588117e-08, 7.88428433651e-09, 1.45809364582e-08, 4.56719551067e-09, 3.62479868343e-09, 3.84281451105e-09, 7.05102864984e-10, 1.32205413284e-09, 8.19227685689e-10, 1.23146814968e-09, 5.11909958867e-10, 2.65529626065e-10, 1.66671718094e-10, 2.6195618591e-11, 5.17879281126e-11, 5.11875923592e-11, 1.08502984375e-10, 1.05914325921e-10, 6.55959245255e-11, 1.0104585918e-10, 7.75078889959e-11, 3.33114265338e-11, 1.74617299786e-11]}, "melbands_crest": {"dmean": 3.69152736664, "dmean2": 5.97493219376, "dvar": 11.1146097183, "dvar2": 27.3967952728, "max": 32.1049842834, "mean": 12.9623212814, "median": 11.8975515366, "min": 1.56871974468, "var": 31.6617107391}, "melbands_flatness_db": {"dmean": 0.0248353369534, "dmean2": 0.0366265103221, "dvar": 0.000568356772419, "dvar2": 0.0012056826381, "max": 0.410356253386, "mean": 0.16075912118, "median": 0.157649815083, "min": 0.00283445441164, "var": 0.00284427800216}, "melbands_kurtosis": {"dmean": 4.80606222153, "dmean2": 7.55788660049, "dvar": 104.353111267, "dvar2": 223.617523193, "max": 326.955474854, "mean": 7.80355644226, "median": 3.78502893448, "min": -1.93562555313, "var": 299.041717529}, "melbands_skewness": {"dmean": 0.674487173557, "dmean2": 1.0256755352, "dvar": 0.569363951683, "dvar2": 1.22412264347, "max": 14.7574090958, "mean": 1.60579872131, "median": 1.33614075184, "min": -3.91274547577, "var": 2.32792067528}, "melbands_spread": {"dmean": 10.5436935425, "dmean2": 16.1052150726, "dvar": 270.871276855, "dvar2": 558.043579102, "max": 285.04208374, "mean": 32.5137367249, "median": 24.9694499969, "min": 1.20631480217, "var": 807.149719238}, "mfcc": {"cov": [[11336.5732422, 907.493164063, -489.18371582, -360.915924072, -351.352294922, -112.747528076, 193.204986572, 6.15275478363, -62.4235115051, 105.219047546, -59.8759613037, -23.5061073303, 41.1915588379], [907.493164063, 1373.34204102, 3.94295334816, 91.3216247559, 70.9179077148, 33.2218666077, 2.76645159721, 78.5746688843, -10.6566934586, 2.80699896812, 43.4134788513, -59.637512207, -57.2610664368], [-489.18371582, 3.94295334816, 769.115234375, 190.091491699, 97.7733840942, 103.82408905, -5.23298072815, 75.9963531494, -15.2522163391, -27.7913227081, -19.8308887482, -35.6328926086, -47.0160255432], [-360.915924072, 91.3216247559, 190.091491699, 427.581848145, 203.950790405, 57.3308410645, 4.65453386307, 29.989440918, 33.8559112549, -16.9801902771, -2.51919198036, -20.7998580933, -50.0564422607], [-351.352294922, 70.9179077148, 97.7733840942, 203.950790405, 294.596191406, 66.0010910034, -23.3430862427, 48.9263916016, 50.0457878113, -5.16774606705, -15.2158555984, -19.6474113464, -27.4098186493], [-112.747528076, 33.2218666077, 103.82408905, 57.3308410645, 66.0010910034, 251.681427002, 126.785758972, 7.77641487122, 18.4968185425, 20.8675537109, 8.93246269226, -14.3483181, -2.34235405922], [193.204986572, 2.76645159721, -5.23298072815, 4.65453386307, -23.3430862427, 126.785758972, 278.651153564, 14.8253288269, 15.8211727142, 50.7147712708, 26.3281745911, 18.0190296173, 31.1714820862], [6.15275478363, 78.5746688843, 75.9963531494, 29.989440918, 48.9263916016, 7.77641487122, 14.8253288269, 183.321090698, 34.0209121704, -15.609287262, -16.7097244263, -21.8332958221, -13.4103479385], [-62.4235115051, -10.6566934586, -15.2522163391, 33.8559112549, 50.0457878113, 18.4968185425, 15.8211727142, 34.0209121704, 127.364273071, 27.6699829102, -12.3615179062, 6.63382959366, 21.7237014771], [105.219047546, 2.80699896812, -27.7913227081, -16.9801902771, -5.16774606705, 20.8675537109, 50.7147712708, -15.609287262, 27.6699829102, 141.034729004, 66.4226150513, -8.65149402618, -17.604932785], [-59.8759613037, 43.4134788513, -19.8308887482, -2.51919198036, -15.2158555984, 8.93246269226, 26.3281745911, -16.7097244263, -12.3615179062, 66.4226150513, 143.414382935, 42.6371574402, -17.7325687408], [-23.5061073303, -59.637512207, -35.6328926086, -20.7998580933, -19.6474113464, -14.3483181, 18.0190296173, -21.8332958221, 6.63382959366, -8.65149402618, 42.6371574402, 163.684890747, 74.0864944458], [41.1915588379, -57.2610664368, -47.0160255432, -50.0564422607, -27.4098186493, -2.34235405922, 31.1714820862, -13.4103479385, 21.7237014771, -17.604932785, -17.7325687408, 74.0864944458, 163.075561523]], "icov": [[0.000104623381048, -8.18004773464e-05, 4.29692008765e-05, 2.87459788524e-05, 9.14573756745e-05, 4.75024389743e-05, -7.73607753217e-05, -2.28330718528e-05, 6.28951602266e-05, -0.000139904033858, 0.000176949615707, -4.15739305026e-05, 9.67311734712e-06], [-8.18004773464e-05, 0.000856117054354, 6.52360904496e-05, -0.000156222493388, -0.00014294857101, -0.000127896404592, 9.38019147725e-05, -0.000335443852236, 0.000104475941043, 0.000249331817031, -0.000564289046451, 0.000363796920283, 7.11242046236e-06], [4.29692008765e-05, 6.52360904496e-05, 0.00168256880715, -0.000717600632925, 0.000221003792831, -0.000795662926976, 0.000385475781513, -0.000767254561651, 0.000641052494757, -0.000127133826027, 0.000270258053206, -3.71998612536e-05, 0.000112989284389], [2.87459788524e-05, -0.000156222493388, -0.000717600632925, 0.00403146771714, -0.00254726572894, 0.000424663274316, -0.000734388537239, 0.000663499173243, -0.000710605934728, 0.000971651519649, -0.000454337045085, -1.143739496e-06, 0.000892028328963], [9.14573756745e-05, -0.00014294857101, 0.000221003792831, -0.00254726572894, 0.00609518773854, -0.00162894721143, 0.00140282593202, -0.0010887903627, -0.00111474609002, -0.000601943465881, 0.000704663107172, -0.000253043865087, 0.000127033505123], [4.75024389743e-05, -0.000127896404592, -0.000795662926976, 0.000424663274316, -0.00162894721143, 0.006305124145, -0.00318421074189, 0.000936758180615, -0.000518595566973, 0.000467426609248, -0.00040723127313, 0.000798778492026, 5.88771363255e-05], [-7.73607753217e-05, 9.38019147725e-05, 0.000385475781513, -0.000734388537239, 0.00140282593202, -0.00318421074189, 0.00576140778139, -0.00114266306628, 0.000341402599588, -0.00189895648509, 7.16222275514e-05, -0.00053350313101, -0.00106732186396], [-2.28330718528e-05, -0.000335443852236, -0.000767254561651, 0.000663499173243, -0.0010887903627, 0.000936758180615, -0.00114266306628, 0.00680750561878, -0.00220635929145, 0.00161538063549, -0.000267779367277, 0.000762797018979, 0.000571756972931], [6.28951602266e-05, 0.000104475941043, 0.000641052494757, -0.000710605934728, -0.00111474609002, -0.000518595566973, 0.000341402599588, -0.00220635929145, 0.0106050213799, -0.00382837094367, 0.00244716904126, -0.00097290618578, -0.00157193106133], [-0.000139904033858, 0.000249331817031, -0.000127133826027, 0.000971651519649, -0.000601943465881, 0.000467426609248, -0.00189895648509, 0.00161538063549, -0.00382837094367, 0.0120201734826, -0.00629813224077, 0.00267750723287, 0.000692214816809], [0.000176949615707, -0.000564289046451, 0.000270258053206, -0.000454337045085, 0.000704663107172, -0.00040723127313, 7.16222275514e-05, -0.000267779367277, 0.00244716904126, -0.00629813224077, 0.0121346665546, -0.00479083601385, 0.00226260651834], [-4.15739305026e-05, 0.000363796920283, -3.71998612536e-05, -1.143739496e-06, -0.000253043865087, 0.000798778492026, -0.00053350313101, 0.000762797018979, -0.00097290618578, 0.00267750723287, -0.00479083601385, 0.00980004202574, -0.00429371464998], [9.67311734712e-06, 7.11242046236e-06, 0.000112989284389, 0.000892028328963, 0.000127033505123, 5.88771363255e-05, -0.00106732186396, 0.000571756972931, -0.00157193106133, 0.000692214816809, 0.00226260651834, -0.00429371464998, 0.00919262692332]], "mean": [-680.109069824, 94.3809585571, -4.33417272568, 4.77628087997, -8.04974365234, -4.04000473022, 2.18591880798, 2.71368408203, -2.69628477097, 4.2354054451, 2.15602612495, -2.71807026863, 1.06834709644]}, "pitch_salience": {"dmean": 0.0747794732451, "dmean2": 0.118264548481, "dvar": 0.00456037279218, "dvar2": 0.0112992236391, "max": 0.903671562672, "mean": 0.552914440632, "median": 0.560961186886, "min": 0.142005234957, "var": 0.0146952839568}, "silence_rate_20dB": {"dmean": 0, "dmean2": 0, "dvar": 0, "dvar2": 0, "max": 1, "mean": 1, "median": 1, "min": 1, "var": 0}, "silence_rate_30dB": {"dmean": 0.00139860145282, "dmean2": 0.00279759406112, "dvar": 0.00139660516288, "dvar2": 0.00362888397649, "max": 1, "mean": 0.999021112919, "median": 1, "min": 0, "var": 0.000977922114544}, "silence_rate_60dB": {"dmean": 0.0752447545528, "dmean2": 0.150510564446, "dvar": 0.0695904865861, "dvar2": 0.146876618266, "max": 1, "mean": 0.180813878775, "median": 0, "min": 0, "var": 0.148126795888}, "spectral_centroid": {"dmean": 309.039886475, "dmean2": 461.147674561, "dvar": 148659, "dvar2": 277566.625, "max": 11775.3105469, "mean": 1807.07189941, "median": 1544.80773926, "min": 219.361450195, "var": 2019671.625}, "spectral_complexity": {"dmean": 3.17846155167, "dmean2": 4.59616708755, "dvar": 13.0178527832, "dvar2": 24.8314914703, "max": 49, "mean": 13.4242763519, "median": 12, "min": 0, "var": 66.6796875}, "spectral_contrast_coeffs": {"dmean": [0.0511583872139, 0.0527975484729, 0.0462324433029, 0.0397469438612, 0.0299007389694, 0.0191686246544], "dmean2": [0.0830069556832, 0.0830741897225, 0.0697802081704, 0.0597932226956, 0.0443989150226, 0.0299694463611], "dvar": [0.00220435648225, 0.00217996351421, 0.00160441675689, 0.001176353544, 0.000747331476305, 0.000306123547489], "dvar2": [0.00537514546886, 0.0050629330799, 0.00350428442471, 0.00248102727346, 0.00152165733743, 0.000708846841007], "max": [-0.319682687521, -0.363732844591, -0.414867550135, -0.43955501914, -0.49225962162, -0.626497209072], "mean": [-0.67823779583, -0.718133270741, -0.728749394417, -0.734646439552, -0.759359240532, -0.785339057446], "median": [-0.679206848145, -0.725456058979, -0.734373033047, -0.740521907806, -0.76500749588, -0.784899711609], "min": [-0.97886800766, -0.978761732578, -0.976753115654, -0.969797074795, -0.96919220686, -0.964659333229], "var": [0.00758509617299, 0.00937827024609, 0.00892276782542, 0.00720762973651, 0.00443234248087, 0.00190102448687]}, "spectral_contrast_valleys": {"dmean": [0.525720179081, 0.471838146448, 0.414822340012, 0.390928804874, 0.364393651485, 0.357226699591], "dmean2": [0.799918949604, 0.71218585968, 0.6222230196, 0.567009985447, 0.502007186413, 0.467238873243], "dvar": [0.26375490427, 0.220047995448, 0.170592412353, 0.156224563718, 0.148397833109, 0.155016750097], "dvar2": [0.515519440174, 0.454867720604, 0.343654453754, 0.296313405037, 0.284238755703, 0.272253513336], "max": [-5.89135885239, -4.66110181808, -5.31720352173, -5.97357940674, -5.84887742996, -7.15364408493], "mean": [-8.6229763031, -7.60118865967, -8.00589942932, -8.67421245575, -8.42812347412, -10.3957662582], "median": [-8.07422447205, -7.16239356995, -7.60355615616, -8.29270648956, -7.97709226608, -9.96029663086], "min": [-28.1298732758, -27.9383087158, -28.037771225, -27.6500053406, -27.5343971252, -27.390914917], "var": [7.49169969559, 7.95213508606, 7.62484121323, 7.1442193985, 7.22572612762, 6.06339359283]}, "spectral_decrease": {"dmean": 1.48057988092e-09, "dmean2": 2.22232188207e-09, "dvar": 4.6099569631e-18, "dvar2": 1.0793617597e-17, "max": 4.76590325603e-18, "mean": -3.82257780984e-09, "median": -2.57358956368e-09, "min": -4.35430465018e-08, "var": 1.50916207628e-17}, "spectral_energy": {"dmean": 0.00616087764502, "dmean2": 0.00916993711144, "dvar": 7.68373502069e-05, "dvar2": 0.00017786231183, "max": 0.179269239306, "mean": 0.0164045710117, "median": 0.0111062377691, "min": 1.00980973256e-20, "var": 0.000269419426331}, "spectral_energyband_high": {"dmean": 0.000447755446658, "dmean2": 0.000619764789008, "dvar": 1.49505285663e-06, "dvar2": 2.70353007181e-06, "max": 0.0313510112464, "mean": 0.000942464685068, "median": 0.000386319530662, "min": 6.94562557728e-21, "var": 4.10864140576e-06}, "spectral_energyband_low": {"dmean": 0.000871442782227, "dmean2": 0.0013944064267, "dvar": 2.95813674711e-06, "dvar2": 7.44445969758e-06, "max": 0.0265080146492, "mean": 0.00140692514833, "median": 0.000719139527064, "min": 1.09623716484e-23, "var": 4.24057589044e-06}, "spectral_energyband_middle_high": {"dmean": 0.00285370694473, "dmean2": 0.00408481387421, "dvar": 3.14853095915e-05, "dvar2": 6.80024822941e-05, "max": 0.15964512527, "mean": 0.00761049380526, "median": 0.00293385866098, "min": 1.23317745735e-21, "var": 0.000121212528029}, "spectral_energyband_middle_low": {"dmean": 0.00392422731966, "dmean2": 0.00609751977026, "dvar": 4.04601159971e-05, "dvar2": 0.000100149438367, "max": 0.0839170217514, "mean": 0.00697928853333, "median": 0.00389642221853, "min": 1.39038589946e-22, "var": 7.59186732466e-05}, "spectral_entropy": {"dmean": 0.20990139246, "dmean2": 0.291681349277, "dvar": 0.0408368818462, "dvar2": 0.0805268362164, "max": 9.82633876801, "mean": 7.59794378281, "median": 7.58841085434, "min": 5.96676540375, "var": 0.281613916159}, "spectral_flux": {"dmean": 0.0230358801782, "dmean2": 0.0356377661228, "dvar": 0.000618251273409, "dvar2": 0.00136447930709, "max": 0.33418649435, "mean": 0.0716553851962, "median": 0.0643568783998, "min": 6.41188976913e-11, "var": 0.0021979091689}, "spectral_kurtosis": {"dmean": 1.09318339825, "dmean2": 1.69314777851, "dvar": 1.45855987072, "dvar2": 3.54223108292, "max": 28.364982605, "mean": 4.00168943405, "median": 3.82460141182, "min": -1.28230977058, "var": 5.0333647728}, "spectral_rms": {"dmean": 0.000719079631381, "dmean2": 0.00102506717667, "dvar": 6.42674251594e-07, "dvar2": 1.35551738367e-06, "max": 0.0132248559967, "mean": 0.00350087042898, "median": 0.00329170981422, "min": 3.13875813361e-12, "var": 3.74837077288e-06}, "spectral_rolloff": {"dmean": 725.281188965, "dmean2": 1197.55212402, "dvar": 1714555.125, "dvar2": 3520929.5, "max": 19422.9492188, "mean": 2523.1965332, "median": 1614.99023438, "min": 107.666015625, "var": 9070185}, "spectral_skewness": {"dmean": 0.191986769438, "dmean2": 0.288757413626, "dvar": 0.0391523204744, "dvar2": 0.083743751049, "max": 3.91165995598, "mean": 1.59538114071, "median": 1.61870610714, "min": -0.347528874874, "var": 0.188600182533}, "spectral_spread": {"dmean": 714402.75, "dmean2": 1019753.375, "dvar": 807734542336, "dvar2": 1596299280380.0, "