{"lowlevel": {"average_loudness": 0.370218068361, "barkbands": {"dmean": [6.96825736668e-05, 0.000210451762541, 0.000504921190441, 0.00106845214032, 0.00116064411122, 0.00110231165309, 0.00105938932393, 0.000777456793003, 0.000402518693591, 0.000405324535677, 0.000255674443906, 0.00010097494669, 0.000199038462597, 0.000150162857608, 9.36106953304e-05, 6.41040387563e-05, 6.0425070842e-05, 3.33363786922e-05, 4.4657906983e-05, 3.02362168441e-05, 1.23075024021e-05, 1.41492928378e-05, 1.44724017446e-05, 2.6515499485e-06, 1.20884885746e-06, 6.73670683682e-07, 1.89821236063e-07], "dmean2": [0.000120655509818, 0.000343030056683, 0.000844429945573, 0.00168804696295, 0.00177867524326, 0.00156259152573, 0.00145511806477, 0.00110321631655, 0.000559114909265, 0.000579739571549, 0.000390235916711, 0.000153365152073, 0.000300260144286, 0.000231071258895, 0.000138984192745, 9.98301184154e-05, 9.59907556535e-05, 5.26474505023e-05, 6.32745068287e-05, 4.23381752626e-05, 1.69941613422e-05, 2.10551424971e-05, 1.98088418983e-05, 3.6227088458e-06, 1.60703814345e-06, 8.62358035647e-07, 2.93589096145e-07], "dvar": [6.75986866483e-09, 2.28452833539e-07, 9.22014294247e-07, 3.42514090335e-06, 3.83574160878e-06, 6.95567769071e-06, 1.09666825665e-05, 8.80409697857e-06, 3.29550562128e-06, 2.93663288176e-06, 9.08183096726e-07, 3.03234770627e-07, 7.53811377763e-07, 3.01059571939e-07, 1.67989256283e-07, 5.47326663991e-08, 2.7618547449e-08, 4.19532604212e-08, 5.43095843852e-08, 2.60774175587e-08, 3.42787531693e-09, 2.86117334269e-08, 2.74360871799e-08, 3.54060947227e-10, 3.1132745687e-11, 1.55565057364e-11, 3.06654034847e-13], "dvar2": [1.97770209098e-08, 5.96917800522e-07, 2.60343290392e-06, 8.49744174047e-06, 9.08157107915e-06, 1.30224898385e-05, 2.04015213967e-05, 1.79737126018e-05, 5.93525828663e-06, 5.92468495597e-06, 2.03186891667e-06, 6.7571005502e-07, 1.69473014466e-06, 6.71748239256e-07, 2.32118907206e-07, 1.21983816825e-07, 6.2217431207e-08, 1.07249761072e-07, 8.39997866819e-08, 4.94658678463e-08, 6.38146868681e-09, 6.68037856144e-08, 4.50444197497e-08, 6.93126667173e-10, 4.04519300001e-11, 2.13966361989e-11, 6.10972047694e-13], "max": [0.0014133262448, 0.0103713627905, 0.0235693156719, 0.047658264637, 0.0663397461176, 0.077838525176, 0.132209375501, 0.108759395778, 0.0687502548099, 0.0944549068809, 0.0397505573928, 0.0369206704199, 0.0413193367422, 0.0147987361997, 0.0471580997109, 0.0103090824559, 0.00667429435998, 0.0111872171983, 0.0147468177602, 0.0106780594215, 0.00315880519338, 0.012780951336, 0.0128297721967, 0.00131244026124, 0.000516555504873, 0.000316219491651, 3.32594863721e-05], "mean": [0.000445924815722, 0.000383724749554, 0.000859817489982, 0.00206644274294, 0.00277044693939, 0.00295144622214, 0.00240861927159, 0.00163116271142, 0.00089727982413, 0.000987796694972, 0.000519121764228, 0.000173295426066, 0.000401104131015, 0.000264824688202, 0.00017166150792, 0.000129617517814, 0.000117084426165, 5.86289097555e-05, 8.66634945851e-05, 5.69844050915e-05, 2.30761488638e-05, 2.43134236371e-05, 2.27906093642e-05, 4.40036501459e-06, 2.41279144575e-06, 1.49821357809e-06, 5.9630974647e-07], "median": [0.000466278695967, 0.000226718053455, 0.000474061700515, 0.000750288832933, 0.00153741356917, 0.000690012064297, 0.000351436436176, 0.000169273305801, 9.73060232354e-05, 9.04161570361e-05, 7.14923153282e-05, 2.89066701953e-05, 7.74843865656e-05, 3.83681908716e-05, 3.90849018004e-05, 2.73507430393e-05, 3.89256456401e-05, 1.47461068991e-05, 1.42671124195e-05, 8.11611698737e-06, 4.05354739996e-06, 2.67333530246e-06, 1.71501301338e-06, 6.67879930916e-07, 4.97605753935e-07, 4.73250963751e-07, 5.39316545201e-07], "min": [1.0284398554e-22, 6.26609690286e-24, 1.03422567683e-23, 3.11541326868e-24, 3.91569443434e-23, 5.57878014551e-23, 3.00097960693e-23, 7.23092940464e-23, 3.71590278832e-23, 2.39872658874e-23, 1.63276940793e-22, 1.40612828147e-22, 1.60915028134e-22, 7.04442880269e-23, 3.36530270978e-23, 1.01803042555e-22, 1.57631145336e-22, 2.36404977796e-22, 2.17931849636e-22, 4.31662062008e-22, 5.07689421584e-22, 6.54413359526e-22, 8.01969678251e-22, 6.61829661777e-22, 1.13619527632e-21, 1.99144378707e-21, 2.48359363332e-21], "var": [2.37834552053e-08, 3.47076195339e-07, 1.49632035118e-06, 1.41372192957e-05, 1.30055277623e-05, 3.40678780049e-05, 3.62299797416e-05, 2.44894763455e-05, 1.31430315378e-05, 1.96410564968e-05, 3.75654917661e-06, 5.88338423313e-07, 2.11394626604e-06, 8.03497755442e-07, 1.05687843188e-06, 1.85282914344e-07, 7.59474545475e-08, 4.92029386123e-08, 1.96901538629e-07, 6.53276259754e-08, 8.5195335231e-09, 6.03561005619e-08, 7.02494276084e-08, 8.76070826994e-10, 1.18211343492e-10, 5.39796436716e-11, 5.93076369265e-13]}, "barkbands_crest": {"dmean": 2.01876282692, "dmean2": 3.17169713974, "dvar": 3.45828866959, "dvar2": 8.24404716492, "max": 25.3572769165, "mean": 10.5217590332, "median": 9.74353408813, "min": 3.04721069336, "var": 15.9008159637}, "barkbands_flatness_db": {"dmean": 0.0160127729177, "dmean2": 0.0231540780514, "dvar": 0.000240273235249, "dvar2": 0.000471173698315, "max": 0.348943352699, "mean": 0.174602285028, "median": 0.171800151467, "min": 0.0404622964561, "var": 0.00201843772084}, "barkbands_kurtosis": {"dmean": 2.44589495659, "dmean2": 3.74390602112, "dvar": 8.89291763306, "dvar2": 19.9232254028, "max": 59.2907714844, "mean": 6.40011835098, "median": 4.49565696716, "min": -1.86010026932, "var": 47.350605011}, "barkbands_skewness": {"dmean": 0.382176429033, "dmean2": 0.571342766285, "dvar": 0.146465972066, "dvar2": 0.30907779932, "max": 6.65935659409, "mean": 1.64471697807, "median": 1.6253695488, "min": -2.83716011047, "var": 1.01253581047}, "barkbands_spread": {"dmean": 2.75024700165, "dmean2": 4.09818887711, "dvar": 19.4670410156, "dvar2": 35.9315795898, "max": 77.6270065308, "mean": 11.7451181412, "median": 9.396068573, "min": 1.18253779411, "var": 80.0756988525}, "dissonance": {"dmean": 0.0250672250986, "dmean2": 0.0410783775151, "dvar": 0.000539534667041, "dvar2": 0.00140107399784, "max": 0.499609440565, "mean": 0.428983092308, "median": 0.438833802938, "min": 0.174367249012, "var": 0.00215171091259}, "dynamic_complexity": 6.47810935974, "erbbands": {"dmean": [0.0051911463961, 0.0554974265397, 0.419923186302, 2.13012719154, 4.13814020157, 3.6112883091, 6.26413249969, 9.60178089142, 14.5508241653, 17.1260471344, 12.8974142075, 9.82140827179, 13.0173501968, 7.82937288284, 9.08018398285, 4.32944440842, 9.09580421448, 7.33454322815, 5.4913854599, 3.90771341324, 3.3063158989, 2.64371156693, 1.98709046841, 1.892608881, 2.31781172752, 1.32414567471, 0.715075731277, 0.381852388382, 0.453109830618, 0.55237030983, 0.386904299259, 0.110260784626, 0.0287392418832, 0.0138941416517, 0.00917915161699, 0.00386629556306, 0.0010986312991, 0.000239283122937, 3.26350163959e-05, 5.38862514077e-06], "dmean2": [0.00834595132619, 0.0916905030608, 0.707128226757, 3.38871788979, 6.63317489624, 5.41281414032, 9.12857151031, 13.7259988785, 19.4828739166, 24.0348930359, 18.2034358978, 13.7535352707, 18.4460983276, 11.4745674133, 13.7988004684, 6.56684017181, 13.6343784332, 11.2026548386, 8.08506393433, 6.0784163475, 5.1153793335, 4.05979204178, 3.14621090889, 2.73014497757, 3.24543595314, 1.83316004276, 0.987054169178, 0.514265358448, 0.668408274651, 0.779868125916, 0.539309084415, 0.150522753596, 0.0394644699991, 0.0191633310169, 0.0126201529056, 0.00509795499966, 0.00141654128674, 0.000339783349773, 5.08424600412e-05, 7.95325377112e-06], "dvar": [0.000173603650182, 0.0157500095665, 0.67873775959, 11.9120063782, 54.5945167542, 51.0441246033, 247.933120728, 687.191345215, 2188.65356445, 2982.40283203, 3545.49536133, 1787.68774414, 3946.39892578, 966.398620605, 1036.7746582, 376.096923828, 1530.26733398, 730.336547852, 600.624267578, 162.950012207, 129.445663452, 59.9193267822, 107.163406372, 155.941452026, 156.085449219, 42.9113388062, 11.3912353516, 2.80048179626, 22.0035362244, 54.5170822144, 17.9366397858, 1.13344299793, 0.0256555229425, 0.00430400343612, 0.00228881952353, 0.000522323767655, 4.10912107327e-05, 1.16220212476e-06, 9.7001731092e-09, 7.8015857663e-11], "dvar2": [0.000427171151387, 0.0428252853453, 1.9341725111, 31.3914871216, 145.505386353, 112.790550232, 484.500762939, 1319.67236328, 3825.42041016, 5531.26904297, 7272.50488281, 3256.61083984, 7927.70068359, 1982.36633301, 2434.80786133, 879.331665039, 3398.69970703, 1598.10571289, 805.537719727, 376.242980957, 279.304748535, 129.098098755, 286.580657959, 239.813247681, 276.775115967, 67.2953720093, 21.102399826, 4.62661552429, 48.3861312866, 104.160812378, 33.0221061707, 2.34670090675, 0.0503857247531, 0.00758853042498, 0.00337045267224, 0.000807694741525, 4.78488072986e-05, 2.04445245799e-06, 1.95468885522e-08, 1.60036026098e-10], "max": [0.253002375364, 2.70344114304, 18.2651805878, 82.6378860474, 115.469963074, 174.263656616, 777.688964844, 926.928649902, 1684.18688965, 1592.90197754, 2036.8984375, 1526.703125, 3617.2019043, 1122.69177246, 1386.33374023, 797.010925293, 1827.2947998, 830.450500488, 2862.14038086, 489.609222412, 600.200439453, 354.346435547, 623.447998047, 1022.66375732, 881.085144043, 354.094360352, 148.0050354, 121.772369385, 305.651763916, 532.149414063, 283.751159668, 70.990737915, 12.3385658264, 5.81175422668, 4.08327770233, 1.87177538872, 0.502484500408, 0.0820411294699, 0.00693909078836, 0.000260701868683], "mean": [0.00983131024987, 0.103630848229, 0.740424871445, 4.23300218582, 8.20059490204, 8.68490314484, 16.1772613525, 25.3365192413, 35.1555709839, 37.7894554138, 29.6136608124, 23.2434062958, 35.206489563, 17.1404647827, 18.9741783142, 9.10668945313, 19.287984848, 14.8585472107, 10.8735551834, 7.69160699844, 7.27383136749, 5.63712358475, 3.93284225464, 3.66165709496, 4.37005281448, 2.65074872971, 1.37815952301, 0.744569063187, 0.796325147152, 0.898104190826, 0.586912035942, 0.177501991391, 0.0484017655253, 0.0263060182333, 0.0175554361194, 0.00774917565286, 0.00249824859202, 0.000589202914853, 9.94491201709e-05, 2.66321858362e-05], "median": [0.00493099866435, 0.0641819387674, 0.442027121782, 2.05102682114, 4.32692909241, 3.5753660202, 4.43878936768, 6.16637516022, 6.83912944794, 5.68543243408, 3.17654013634, 2.90152025223, 2.85845708847, 2.23219323158, 3.17330121994, 2.0324215889, 3.91347503662, 2.31687784195, 2.04440259933, 2.22856998444, 2.16915893555, 1.7652888298, 1.12360727787, 0.756697177887, 0.594473540783, 0.361611306667, 0.247170031071, 0.143240451813, 0.0981053262949, 0.0665401890874, 0.0448240414262, 0.0204534940422, 0.00869301706553, 0.00523450085893, 0.00371324922889, 0.00197937106714, 0.000858802930452, 0.000336344441166, 8.58843341121e-05, 1.88682861335e-05], "min": [5.65630232708e-22, 1.47575423043e-21, 1.08926350001e-20, 8.04723143598e-21, 2.41897144043e-20, 1.80606576171e-19, 3.15802513525e-19, 5.04698977473e-19, 3.90919353638e-19, 9.89202133495e-19, 1.38750045518e-18, 1.06435935036e-18, 6.70358904038e-19, 2.01476691992e-18, 8.06975650757e-18, 5.80746840384e-18, 8.00442909151e-18, 4.05696108101e-18, 2.22006508295e-18, 2.58594836778e-18, 6.67405011051e-18, 9.98015081177e-18, 1.16051140379e-17, 1.28282279594e-17, 1.3202575163e-17, 2.34514637209e-17, 1.7481654918e-17, 2.19822635672e-17, 2.49736712627e-17, 2.42241926881e-17, 2.15519824106e-17, 1.6740294294e-17, 1.04348412411e-17, 1.30744928626e-17, 7.35551996303e-18, 6.01399430969e-18, 4.64398303759e-18, 1.29680444372e-18, 3.30434847423e-19, 3.85097973142e-20], "var": [0.00025943183573, 0.022386290133, 1.0007430315, 41.1445503235, 126.738525391, 194.148452759, 1058.36413574, 2866.23071289, 7991.56298828, 10066.0380859, 9825.97070313, 7200.63183594, 30773.7890625, 3105.796875, 3896.32373047, 1008.84790039, 4706.66943359, 2385.4140625, 3932.69287109, 452.515014648, 531.114807129, 197.368591309, 134.834197998, 420.403900146, 490.713287354, 131.774429321, 28.7474384308, 8.58464241028, 50.2193984985, 132.986053467, 42.3690795898, 2.79085540771, 0.0586145371199, 0.0123276850209, 0.00767241185531, 0.0016113363672, 0.000157577189384, 3.53094446837e-06, 1.84210424692e-08, 4.69354666244e-10]}, "erbbands_crest": {"dmean": 2.44342589378, "dmean2": 3.72447609901, "dvar": 5.18770694733, "dvar2": 11.7540540695, "max": 30.0508956909, "mean": 10.8746871948, "median": 9.8032207489, "min": 2.06983685493, "var": 23.4894180298}, "erbbands_flatness_db": {"dmean": 0.0142171625048, "dmean2": 0.0195871964097, "dvar": 0.000194762222236, "dvar2": 0.000337701610988, "max": 0.340825885534, "mean": 0.193675205112, "median": 0.190614640713, "min": 0.0274165160954, "var": 0.00235204212368}, "erbbands_kurtosis": {"dmean": 1.06948018074, "dmean2": 1.61059439182, "dvar": 2.31543970108, "dvar2": 4.90642261505, "max": 35.3432540894, "mean": 1.30881500244, "median": 0.18879237771, "min": -1.82188332081, "var": 9.9046421051}, "erbbands_skewness": {"dmean": 0.339691072702, "dmean2": 0.49947053194, "dvar": 0.112080320716, "dvar2": 0.217474520206, "max": 5.00973081589, "mean": 0.76831227541, "median": 0.689820408821, "min": -3.35599899292, "var": 0.772541701794}, "erbbands_spread": {"dmean": 5.0037856102, "dmean2": 7.20404243469, "dvar": 34.5185432434, "dvar2": 69.7448883057, "max": 107.410163879, "mean": 27.3156490326, "median": 25.7647151947, "min": 3.08140778542, "var": 195.527633667}, "gfcc": {"cov": [[13316.3964844, 1143.33105469, -1657.04492188, 303.795227051, -851.409118652, -253.515365601, -228.33039856, -86.3773269653, -61.984992981, -39.7896499634, -34.8009910583, -185.786529541, -164.392547607], [1143.33105469, 886.221496582, 41.7394790649, -263.720733643, 56.0344848633, -156.585845947, -26.3944301605, -77.0249481201, 65.4954605103, -52.4259643555, 19.7072124481, -50.0220146179, -27.1814556122], [-1657.04492188, 41.7394790649, 666.353942871, 75.7530975342, 172.359832764, 33.0418815613, -21.7137050629, -57.2595672607, 0.364883154631, -34.3529014587, 21.8108882904, 76.6530227661, 23.5557079315], [303.795227051, -263.720733643, 75.7530975342, 456.885314941, -7.82156276703, 30.2488536835, -62.3104133606, -41.7470092773, -35.7567901611, -12.9799165726, -0.490337312222, 44.5199165344, -4.86110210419], [-851.409118652, 56.0344848633, 172.359832764, -7.82156276703, 332.564575195, 58.3566474915, 17.2769622803, -4.05772972107, 3.25552630424, -1.01895833015, -19.3130722046, 11.9292869568, 31.9879245758], [-253.515365601, -156.585845947, 33.0418815613, 30.2488536835, 58.3566474915, 180.281692505, 83.1993026733, 25.9295330048, -31.8998622894, 5.45577001572, -18.4816837311, -2.02205109596, -3.55625271797], [-228.33039856, -26.3944301605, -21.7137050629, -62.3104133606, 17.2769622803, 83.1993026733, 179.352432251, 55.7819824219, -29.4152679443, -6.84782791138, -4.93413496017, -11.3438482285, -7.70065259933], [-86.3773269653, -77.0249481201, -57.2595672607, -41.7470092773, -4.05772972107, 25.9295330048, 55.7819824219, 105.415878296, 12.2706212997, 10.3051013947, -16.408416748, -17.1665267944, 9.84912872314], [-61.984992981, 65.4954605103, 0.364883154631, -35.7567901611, 3.25552630424, -31.8998622894, -29.4152679443, 12.2706212997, 93.1302261353, 27.6774559021, -1.60413622856, -18.1378364563, -8.89377212524], [-39.7896499634, -52.4259643555, -34.3529014587, -12.9799165726, -1.01895833015, 5.45577001572, -6.84782791138, 10.3051013947, 27.6774559021, 87.6044769287, 22.2806091309, -17.6886005402, -8.2533788681], [-34.8009910583, 19.7072124481, 21.8108882904, -0.490337312222, -19.3130722046, -18.4816837311, -4.93413496017, -16.408416748, -1.60413622856, 22.2806091309, 76.6669616699, 30.2575531006, -16.3332977295], [-185.786529541, -50.0220146179, 76.6530227661, 44.5199165344, 11.9292869568, -2.02205109596, -11.3438482285, -17.1665267944, -18.1378364563, -17.6886005402, 30.2575531006, 87.0224227905, 29.963470459], [-164.392547607, -27.1814556122, 23.5557079315, -4.86110210419, 31.9879245758, -3.55625271797, -7.70065259933, 9.84912872314, -8.89377212524, -8.2533788681, -16.3332977295, 29.963470459, 76.3460922241]], "icov": [[0.000269276701147, -0.00080195319606, 0.000661962083541, -0.000598117185291, 0.00054536073003, -0.000516262487508, 0.000478244910482, -0.000394916889491, 0.000586288690101, -0.000441086798673, 0.000460362061858, -0.000461491377791, 0.000198841560632], [-0.00080195319606, 0.00473782233894, -0.00204890151508, 0.00287590548396, -0.00231181853451, 0.00318926293403, -0.00212738779373, 0.00327043537982, -0.00322936708108, 0.00368805974722, -0.0028559837956, 0.00340324873105, -0.000668207358103], [0.000661962083541, -0.00204890151508, 0.00369717553258, -0.00167440425139, 0.000389495282434, -0.00171287509147, 0.00122006621677, -0.000214508894715, 0.00071889651008, -0.000346011278452, 0.000689018110279, -0.00248146569356, 0.000523971044458], [-0.000598117185291, 0.00287590548396, -0.00167440425139, 0.0045780967921, -0.00130319525488, 0.00107531156391, -6.55491248835e-06, 0.00201732595451, -0.000913138501346, 0.00169887288939, -0.00057679892052, 0.000206209297176, 0.000752275402192], [0.00054536073003, -0.00231181853451, 0.000389495282434, -0.00130319525488, 0.00522092031315, -0.00268521881662, 0.00102127832361, -0.000924744992517, 0.00111917301547, -0.00198752526194, 0.00208719726652, -0.00118018640205, -0.00111695658416], [-0.000516262487508, 0.00318926293403, -0.00171287509147, 0.00107531156391, -0.00268521881662, 0.0109918164089, -0.00514271156862, 0.0015484286705, 0.000293144548777, -0.000267066061497, 0.00144096068107, 0.000943595019635, 0.00148260185961], [0.000478244910482, -0.00212738779373, 0.00122006621677, -6.55491248835e-06, 0.00102127832361, -0.00514271156862, 0.0107928058133, -0.00576209276915, 0.00416521821171, 5.89933324591e-06, -0.000246418261668, -0.000949896930251, 0.00186596950516], [-0.000394916889491, 0.00327043537982, -0.000214508894715, 0.00201732595451, -0.000924744992517, 0.0015484286705, -0.00576209276915, 0.0161451734602, -0.0053597940132, 0.00168294413015, -0.000415016838815, 0.00338349002413, -0.00355494115502], [0.000586288690101, -0.00322936708108, 0.00071889651008, -0.000913138501346, 0.00111917301547, 0.000293144548777, 0.00416521821171, -0.0053597940132, 0.0172870997339, -0.00720699736848, 0.0043253460899, -0.00197663926519, 0.00342487567104], [-0.000441086798673, 0.00368805974722, -0.000346011278452, 0.00169887288939, -0.00198752526194, -0.000267066061497, 5.89933324591e-06, 0.00168294413015, -0.00720699736848, 0.0200177915394, -0.0114923361689, 0.0089714685455, -0.00347320619039], [0.000460362061858, -0.0028559837956, 0.000689018110279, -0.00057679892052, 0.00208719726652, 0.00144096068107, -0.000246418261668, -0.000415016838815, 0.0043253460899, -0.0114923361689, 0.0260538198054, -0.0151847703382, 0.00974138453603], [-0.000461491377791, 0.00340324873105, -0.00248146569356, 0.000206209297176, -0.00118018640205, 0.000943595019635, -0.000949896930251, 0.00338349002413, -0.00197663926519, 0.0089714685455, -0.0151847703382, 0.0259922742844, -0.0117073217407], [0.000198841560632, -0.000668207358103, 0.000523971044458, 0.000752275402192, -0.00111695658416, 0.00148260185961, 0.00186596950516, -0.00355494115502, 0.00342487567104, -0.00347320619039, 0.00974138453603, -0.0117073217407, 0.0210609175265]], "mean": [-96.4828643799, 127.229515076, -107.248306274, 9.19236850739, -44.504322052, -10.6746530533, -36.518321991, -7.48870134354, -23.0720291138, -3.41512417793, -16.0085334778, -1.60855925083, -13.4843816757]}, "hfc": {"dmean": 2.05945277214, "dmean2": 2.76757740974, "dvar": 21.9015617371, "dvar2": 34.4711227417, "max": 263.586273193, "mean": 9.27611732483, "median": 4.07594394684, "min": 1.22198094873e-16, "var": 189.416046143}, "melbands": {"dmean": [5.17850858159e-05, 0.000165062665474, 0.000425712030847, 0.000252271944191, 0.00021362635016, 0.000220551766688, 0.000217927081394, 0.000185996250366, 0.000101142395579, 5.84439876548e-05, 6.4643289079e-05, 3.1627187127e-05, 3.66230851796e-05, 1.19860851555e-05, 1.59393894137e-05, 1.90895552805e-05, 1.53981873154e-05, 9.99431904347e-06, 5.71273812966e-06, 5.3717371884e-06, 4.12137751482e-06, 3.08796461468e-06, 2.66657207248e-06, 1.52470079229e-06, 1.64927348578e-06, 1.74114552465e-06, 1.54111273787e-06, 8.26618077099e-07, 5.48115053789e-07, 2.75934723959e-07, 2.20539092766e-07, 2.45978213798e-07, 3.21888052213e-07, 3.20210801874e-07, 2.68425679906e-07, 1.30803357479e-07, 4.45022294571e-08, 2.18117435224e-08, 1.34078108616e-08, 1.14483160729e-08], "dmean2": [8.32101432025e-05, 0.00027648662217, 0.000676872790791, 0.000393011025153, 0.000311928830342, 0.000311689014779, 0.000293117424008, 0.000261260836851, 0.000141864467878, 8.23690352263e-05, 9.20822785702e-05, 4.62485950266e-05, 5.60025328014e-05, 1.81828181667e-05, 2.39154960582e-05, 2.86357044388e-05, 2.36580508499e-05, 1.49681845869e-05, 8.74728084455e-06, 8.48070885695e-06, 6.43381690679e-06, 4.83185567646e-06, 4.26251972385e-06, 2.41340308094e-06, 2.40044687416e-06, 2.47167622547e-06, 2.26701263273e-06, 1.19658136555e-06, 7.91719344306e-07, 3.85837807926e-07, 3.0882546298e-07, 3.66683252651e-07, 4.8294282351e-07, 4.38686754478e-07, 3.88158156284e-07, 1.88578937355e-07, 6.26311944529e-08, 3.09643226615e-08, 1.8889414477e-08, 1.6240649714e-08], "dvar": [1.40760718637e-08, 1.07619555934e-07, 4.80172730022e-07, 1.73969255002e-07, 2.2581156145e-07, 3.1289062008e-07, 4.82297252802e-07, 3.63397731462e-07, 2.36989876612e-07, 6.27482776849e-08, 9.77960894488e-08, 1.71063447851e-08, 1.8082525699e-08, 3.98219279774e-09, 5.8883888876e-09, 7.12164194283e-09, 3.40998917991e-09, 1.77589221106e-09, 5.7417764987e-10, 3.20064114101e-10, 2.03861191816e-10, 7.44436040589e-11, 1.36045605337e-10, 5.81029079016e-11, 1.28830682233e-10, 8.43831601816e-11, 1.02539025881e-10, 1.6890830748e-11, 6.19968659743e-12, 1.75119554274e-12, 8.38455878078e-13, 4.04113071131e-12, 2.37885492554e-11, 1.61253753406e-11, 9.48953242375e-12, 2.38719309077e-12, 1.10540408478e-13, 1.43839120167e-14, 4.64002912088e-15, 2.51453694733e-15], "dvar2": [3.47819515412e-08, 3.04871576873e-07, 1.21834762012e-06, 4.53190210692e-07, 4.47922559488e-07, 5.8948160131e-07, 8.54594588873e-07, 6.79900949763e-07, 4.78358117562e-07, 1.13262089485e-07, 1.96345368408e-07, 3.51503182117e-08, 4.18263041979e-08, 9.11705999584e-09, 1.35178082061e-08, 1.5701006717e-08, 7.61182850084e-09, 2.82765744153e-09, 1.10435649514e-09, 7.27644333676e-10, 4.40310343741e-10, 1.67532696049e-10, 3.33218508342e-10, 1.42647171852e-10, 1.96956853604e-10, 1.27936009009e-10, 2.32497174291e-10, 3.23502787059e-11, 1.24871042326e-11, 2.99326102099e-12, 1.51119958561e-12, 8.40051639361e-12, 5.68881816654e-11, 2.68029418105e-11, 1.90684794343e-11, 5.19905993257e-12, 2.43687096326e-13, 3.09535078504e-14, 8.33739950993e-15, 4.53069326102e-15], "max": [0.00255570420995, 0.00690528377891, 0.0159745533019, 0.00646162219346, 0.0208669006824, 0.018230041489, 0.0280789323151, 0.0208028312773, 0.0178651548922, 0.00820368714631, 0.0180655829608, 0.00489480420947, 0.00461354060099, 0.00447484385222, 0.00488506117836, 0.00322072068229, 0.00181996927131, 0.00421940721571, 0.00187567435205, 0.000722001888789, 0.000707351020537, 0.000334477808792, 0.000537839019671, 0.000440832547611, 0.000917309080251, 0.000697189942002, 0.000684080820065, 0.000196595094167, 0.000102198056993, 8.26561154099e-05, 6.14227174083e-05, 0.000133456749609, 0.000375574221835, 0.00031305354787, 0.000209004982025, 9.83107383945e-05, 1.99036276172e-05, 8.4725807028e-06, 6.174660939e-06, 4.13596944782e-06], "mean": [0.000113011723442, 0.000299306935631, 0.000891128263902, 0.000581649423111, 0.000559847045224, 0.000587449234445, 0.000520530506037, 0.000398486852646, 0.000231100682868, 0.000135115158628, 0.000171666339156, 6.44957763143e-05, 7.54018619773e-05, 2.22678099817e-05, 2.97532005789e-05, 4.04015772801e-05, 2.72982924798e-05, 1.83042320714e-05, 1.04588798422e-05, 1.0170004316e-05, 8.43956513563e-06, 6.10149299973e-06, 4.81973120259e-06, 2.73560954156e-06, 2.92273648483e-06, 3.33577804668e-06, 2.64516734205e-06, 1.54586371082e-06, 1.00204329101e-06, 4.93880918384e-07, 4.01653124982e-07, 4.28728128554e-07, 5.02172838424e-07, 5.01511124185e-07, 3.78049548999e-07, 2.01392069243e-07, 6.9802354119e-08, 3.41339543297e-08, 2.31247625493e-08, 2.12138608902e-08], "median": [7.31008185539e-05, 0.000176500543603, 0.000465838005766, 0.000346052693203, 0.000173403590452, 0.000143523764564, 9.1881636763e-05, 5.6275013776e-05, 2.34059043578e-05, 1.58912007464e-05, 1.32092882268e-05, 7.65385902923e-06, 1.05954950413e-05, 4.82133373225e-06, 7.5772522905e-06, 6.08750451647e-06, 3.87790078094e-06, 3.0697742659e-06, 2.56917087427e-06, 2.63002857537e-06, 2.47698744715e-06, 1.91025446838e-06, 1.25289511743e-06, 6.82272229824e-07, 5.43194119018e-07, 4.23344886258e-07, 3.3227070162e-07, 1.99348704655e-07, 1.77154788616e-07, 8.59417923493e-08, 7.22429263078e-08, 5.935374503e-08, 3.43859909435e-08, 3.66959440612e-08, 2.64347566059e-08, 1.66474372065e-08, 9.3029841608e-09, 5.90575766068e-09, 4.45633485668e-09, 4.12113365655e-09], "min": [9.37145692816e-24, 4.22319446623e-24, 2.10190903512e-24, 5.99871210461e-24, 1.19363450759e-23, 1.1033748572e-23, 5.95400893483e-24, 1.17876558393e-23, 1.01390911641e-23, 6.36140628857e-24, 3.15739920707e-24, 6.04447787002e-24, 2.61918607493e-23, 2.1547503701e-23, 1.06324108533e-23, 1.68859826171e-23, 6.6425953638e-24, 3.86271303711e-24, 2.60357645033e-24, 5.11535946801e-24, 7.53477969267e-24, 1.09100512377e-23, 9.18748904304e-24, 1.10428125838e-23, 1.04213282411e-23, 8.16388522053e-24, 1.10616789812e-23, 1.62998242546e-23, 9.61477239691e-24, 1.26381465028e-23, 1.19651755754e-23, 1.308272011e-23, 1.47130526319e-23, 1.34585050462e-23, 1.28760574854e-23, 9.86649002316e-24, 1.05147995809e-23, 6.03848449929e-24, 9.0059469052e-24, 1.19878277163e-23], "var": [2.30208740959e-08, 1.62727246789e-07, 1.715582016e-06, 5.18469619237e-07, 9.82676851891e-07, 1.40993870446e-06, 1.71513113401e-06, 1.18496348023e-06, 6.70413783155e-07, 2.64078124701e-07, 7.57444638566e-07, 5.08968085455e-08, 7.61439480357e-08, 7.70750219203e-09, 1.05885922252e-08, 2.54948240297e-08, 9.12854325463e-09, 9.76001324204e-09, 2.12158979274e-09, 8.43369152292e-10, 7.71203378935e-10, 2.33839503316e-10, 2.13319875653e-10, 8.83016437747e-11, 3.35498739901e-10, 3.20031418033e-10, 2.00099783965e-10, 4.29504730393e-11, 1.37451309015e-11, 4.73509165905e-12, 2.42299604859e-12, 9.5954815274e-12, 4.51241752297e-11, 4.13068780569e-11, 1.8291524545e-11, 5.48968509539e-12, 2.48028133405e-13, 2.62475164623e-14, 1.17121092149e-14, 7.42528055101e-15]}, "melbands_crest": {"dmean": 2.72593021393, "dmean2": 4.31798124313, "dvar": 6.24157857895, "dvar2": 15.4228687286, "max": 37.37342453, "mean": 13.6974363327, "median": 12.9011478424, "min": 1.34320747852, "var": 21.6746368408}, "melbands_flatness_db": {"dmean": 0.0203135665506, "dmean2": 0.0291894879192, "dvar": 0.000416847906308, "dvar2": 0.00078747572843, "max": 0.491317749023, "mean": 0.267578125, "median": 0.263590097427, "min": 0.000468621699838, "var": 0.00368626555428}, "melbands_kurtosis": {"dmean": 4.53406667709, "dmean2": 7.00511741638, "dvar": 34.7297363281, "dvar2": 82.4647674561, "max": 84.651802063, "mean": 11.7950954437, "median": 9.06839942932, "min": -1.7678565979, "var": 113.279411316}, "melbands_skewness": {"dmean": 0.519430756569, "dmean2": 0.780177593231, "dvar": 0.275750309229, "dvar2": 0.61507755518, "max": 7.84008264542, "mean": 2.35896778107, "median": 2.29772043228, "min": -1.2325335741, "var": 1.50310719013}, "melbands_spread": {"dmean": 3.44729948044, "dmean2": 5.16031980515, "dvar": 47.282535553, "dvar2": 87.9592590332, "max": 172.527572632, "mean": 12.7581176758, "median": 9.78703022003, "min": 1.1983550787, "var": 156.779296875}, "mfcc": {"cov": [[9093.25292969, 1025.7755127, -839.377807617, 170.47177124, -688.032592773, -243.448822021, -402.713287354, -145.158065796, -247.289520264, 86.2040939331, -81.123336792, -117.037315369, -0.891623795033], [1025.7755127, 1564.41491699, -117.204681396, -114.636856079, 17.7582302094, -96.7901763916, -98.2412109375, -47.1621551514, -38.8559188843, -23.7355251312, -37.027885437, 0.152705729008, 13.0603837967], [-839.377807617, -117.204681396, 467.724914551, 93.4050140381, 74.7600326538, 54.6022377014, -8.49867153168, 25.199836731, -43.1866722107, -66.7069702148, -46.1567764282, 21.3806991577, 29.0547943115], [170.47177124, -114.636856079, 93.4050140381, 289.194213867, 97.5492172241, 37.7292861938, -34.4725875854, -2.68313002586, -39.6970748901, -47.2419700623, -49.5928421021, -9.38680458069, 31.8697242737], [-688.032592773, 17.7582302094, 74.7600326538, 97.5492172241, 286.080535889, 77.9071350098, -2.47761034966, -12.333691597, 23.557844162, -35.7042808533, -19.9340496063, -7.4370803833, 0.319904446602], [-243.448822021, -96.7901763916, 54.6022377014, 37.7292861938, 77.9071350098, 149.885360718, 64.8615188599, 13.403719902, 5.8012881279, -21.5809555054, 9.83985424042, 14.1586723328, -21.7838935852], [-402.713287354, -98.2412109375, -8.49867153168, -34.4725875854, -2.47761034966, 64.8615188599, 196.596923828, 59.8006477356, 46.6638145447, -8.82670211792, 26.6003723145, 20.883310318, -27.8684272766], [-145.158065796, -47.1621551514, 25.199836731, -2.68313002586, -12.333691597, 13.403719902, 59.8006477356, 107.330657959, 22.9718875885, -15.5482435226, -9.94633102417, -0.930743813515, -4.94242525101], [-247.289520264, -38.8559188843, -43.1866722107, -39.6970748901, 23.557844162, 5.8012881279, 46.6638145447, 22.9718875885, 136.887512207, 23.9067821503, 4.76343154907, -7.87919235229, -30.8543243408], [86.2040939331, -23.7355251312, -66.7069702148, -47.2419700623, -35.7042808533, -21.5809555054, -8.82670211792, -15.5482435226, 23.9067821503, 115.043479919, 44.0587310791, -19.932477951, -16.0781421661], [-81.123336792, -37.027885437, -46.1567764282, -49.5928421021, -19.9340496063, 9.83985424042, 26.6003723145, -9.94633102417, 4.76343154907, 44.0587310791, 101.627571106, 30.7476081848, -25.0870456696], [-117.037315369, 0.152705729008, 21.3806991577, -9.38680458069, -7.4370803833, 14.1586723328, 20.883310318, -0.930743813515, -7.87919235229, -19.932477951, 30.7476081848, 89.0257339478, 16.3192863464], [-0.891623795033, 13.0603837967, 29.0547943115, 31.8697242737, 0.319904446602, -21.7838935852, -27.8684272766, -4.94242525101, -30.8543243408, -16.0781421661, -25.0870456696, 16.3192863464, 91.4485931396]], "icov": [[0.00025773816742, -0.000163354954566, 0.000459545990452, -0.000490412057843, 0.000766798737459, -0.00032138125971, 0.000428999861469, 2.90996467811e-05, 0.000202133058337, -2.56783332588e-05, 0.000213287057704, 9.19340600376e-05, 0.000209603735129], [-0.000163354954566, 0.000857102451846, -8.02921058494e-05, 0.000759201240726, -0.000822962494567, 0.000605581561103, -5.21512665728e-05, 6.69854634907e-05, 0.000203882504138, 0.000212900718907, 0.000314885372063, -0.000315866607707, 2.07598022826e-05], [0.000459545990452, -8.02921058494e-05, 0.00352760683745, -0.00103817426134, 0.000892013602424, -0.00120332522783, 0.00117287843022, -0.000710399122909, 0.00112265965436, 0.00046594167361, 0.00135813537054, -0.000678542419337, 0.000240603534621], [-0.000490412057843, 0.000759201240726, -0.00103817426134, 0.00589190330356, -0.00287312455475, -5.24822571606e-05, -7.34596178518e-05, -0.000264969858108, 0.0008625939372, 0.000649407913443, 0.00108783284668, 7.05535785528e-05, -0.00118479563389], [0.000766798737459, -0.000822962494567, 0.000892013602424, -0.00287312455475, 0.00747532490641, -0.00360104371794, 0.0019020861946, 0.00112716900185, -0.00147930555977, 0.00112671637908, -9.65646177065e-05, 0.00140592548996, 2.11002661672e-05], [-0.00032138125971, 0.000605581561103, -0.00120332522783, -5.24822571606e-05, -0.00360104371794, 0.0110355205834, -0.0038878004998, 0.00038070519804, 0.000982182682492, 0.000488776073325, -0.000643046805635, -0.00127523578703, 0.00225661857985], [0.000428999861469, -5.21512665728e-05, 0.00117287843022, -7.34596178518e-05, 0.0019020861946, -0.0038878004998, 0.00919990800321, -0.00371536752209, -0.00158718111925, 0.00115108769387, -0.00119565753266, -0.000763287360314, 0.000809721299447], [2.90996467811e-05, 6.69854634907e-05, -0.000710399122909, -0.000264969858108, 0.00112716900185, 0.00038070519804, -0.00371536752209, 0.0123079819605, -0.00149890210014, 0.00131643982604, 0.00108174642082, 0.00104633416049, -0.000235768675338], [0.000202133058337, 0.000203882504138, 0.00112265965436, 0.0008625939372, -0.00147930555977, 0.000982182682492, -0.00158718111925, -0.00149890210014, 0.0103113623336, -0.00266455346718, 0.0027516358532, -0.00100885436404, 0.00293541932479], [-2.56783332588e-05, 0.000212900718907, 0.00046594167361, 0.000649407913443, 0.00112671637908, 0.000488776073325, 0.00115108769387, 0.00131643982604, -0.00266455346718, 0.0141245406121, -0.00735106598586, 0.00537958368659, -0.00126288947649], [0.000213287057704, 0.000314885372063, 0.00135813537054, 0.00108783284668, -9.65646177065e-05, -0.000643046805635, -0.00119565753266, 0.00108174642082, 0.0027516358532, -0.00735106598586, 0.0184798315167, -0.00822147540748, 0.0048604127951], [9.19340600376e-05, -0.000315866607707, -0.000678542419337, 7.05535785528e-05, 0.00140592548996, -0.00127523578703, -0.000763287360314, 0.00104633416049, -0.00100885436404, 0.00537958368659, -0.00822147540748, 0.0168898329139, -0.00491174543276], [0.000209603735129, 2.07598022826e-05, 0.000240603534621, -0.00118479563389, 2.11002661672e-05, 0.00225661857985, 0.000809721299447, -0.000235768675338, 0.00293541932479, -0.00126288947649, 0.0048604127951, -0.00491174543276, 0.0150203602389]], "mean": [-744.684082031, 168.991149902, -7.29975605011, 25.9030342102, 2.38771319389, 2.1914100647, -8.37869644165, -3.52572035789, -8.08852863312, -4.45842599869, -5.51025152206, -1.55133402348, -0.949963748455]}, "pitch_salience": {"dmean": 0.056252617389, "dmean2": 0.0900016501546, "dvar": 0.00251116487198, "dvar2": 0.00635540951043, "max": 0.985524475574, "mean": 0.603517413139, "median": 0.613608539104, "min": 0.0886339321733, "var": 0.0137237161398}, "silence_rate_20dB": {"dmean": 0, "dmean2": 0, "dvar": 0, "dvar2": 0, "max": 1, "mean": 1, "median": 1, "min": 1, "var": 0}, "silence_rate_30dB": {"dmean": 0.0014342792565, "dmean2": 0.00286885234527, "dvar": 0.00143212405965, "dvar2": 0.00327005749568, "max": 1, "mean": 0.997848808765, "median": 1, "min": 0, "var": 0.00214626546949}, "silence_rate_60dB": {"dmean": 0.034832496196, "dmean2": 0.0696721300483, "dvar": 0.0336241014302, "dvar2": 0.0736372768879, "max": 1, "mean": 0.232022121549, "median": 0, "min": 0, "var": 0.178190767765}, "spectral_centroid": {"dmean": 127.359367371, "dmean2": 186.350036621, "dvar": 49264.484375, "dvar2": 80529.640625, "max": 11228.2392578, "mean": 746.643798828, "median": 626.583557129, "min": 200.020126343, "var": 227420.859375}, "spectral_complexity": {"dmean": 1.61540830135, "dmean2": 2.56004095078, "dvar": 3.03174066544, "dvar2": 6.23815488815, "max": 43, "mean": 10.0800037384, "median": 9, "min": 0, "var": 33.643157959}, "spectral_contrast_coeffs": {"dmean": [0.0431639812887, 0.0392315126956, 0.0337773934007, 0.0281991045922, 0.0201000235975, 0.015818644315], "dmean2": [0.0699686557055, 0.0612904466689, 0.0529383532703, 0.0447899065912, 0.0315658226609, 0.0237142927945], "dvar": [0.0013448697282, 0.00120133743621, 0.000807715870906, 0.000546885072254, 0.000291172706056, 0.000226658317843], "dvar2": [0.00349126360379, 0.00280725467019, 0.00190320680849, 0.00129320030101, 0.00066554202931, 0.000466834899271], "max": [-0.26434507966, -0.354445427656, -0.430621773005, -0.530957400799, -0.614593863487, -0.573228478432], "mean": [-0.589502871037, -0.681099057198, -0.731319189072, -0.749795019627, -0.775323033333, -0.778006792068], "median": [-0.587508440018, -0.692875504494, -0.740245699883, -0.752339363098, -0.776730597019, -0.776851773262], "min": [-0.989135086536, -0.992450416088, -0.987989604473, -0.980590462685, -0.981018781662, -0.96209269762], "var": [0.00866752583534, 0.00942600239068, 0.00632761791348, 0.0034877746366, 0.00186769547872, 0.00196940870956]}, "spectral_contrast_valleys": {"dmean": [0.349882602692, 0.304507046938, 0.297787815332, 0.259809941053, 0.235283762217, 0.224587157369], "dmean2": [0.56664121151, 0.495274573565, 0.475198209286, 0.404645085335, 0.327892333269, 0.297778993845], "dvar": [0.124320425093, 0.0841349065304, 0.0866712108254, 0.0733640044928, 0.0659233555198, 0.0671144425869], "dvar2": [0.265648335218, 0.183991417289, 0.179831191897, 0.138885140419, 0.10307726264, 0.101369068027], "max": [-5.809071064, -4.78808259964, -5.42202281952, -6.21960163116, -5.52148103714, -8.18762397766], "mean": [-8.08634281158, -7.39750051498, -8.4600315094, -8.86341285706, -9.02709770203, -11.9252357483], "median": [-7.822016716, -7.17242956161, -8.25368881226, -8.64663124084, -8.90712356567, -11.9853134155], "min": [-27.4080867767, -27.2087688446, -26.9296855927, -27.1902427673, -27.1499347687, -27.1966533661], "var": [1.55682909489, 1.65964138508, 1.73622334003, 1.69236886501, 1.61603283882, 1.00690090656]}, "spectral_decrease": {"dmean": 9.88825354931e-10, "dmean2": 1.41063427606e-09, "dvar": 2.56488442028e-18, "dvar2": 4.6811999613e-18, "max": 4.74196790918e-30, "mean": -4.40338121521e-09, "median": -2.53120013838e-09, "min": -4.11073344253e-08, "var": 2.2620026437e-17}, "spectral_energy": {"dmean": 0.00388645380735, "dmean2": 0.00553001835942, "dvar": 3.99837917939e-05, "dvar2": 7.25929858163e-05, "max": 0.162994205952, "mean": 0.0174607057124, "median": 0.0100424382836, "min": 1.10658219019e-20, "var": 0.000360579171684}, "spectral_energyband_high": {"dmean": 5.02061302541e-05, "dmean2": 6.4911073423e-05, "dvar": 1.44016041759e-07, "dvar2": 2.20324608335e-07, "max": 0.0289017353207, "mean": 0.000102909791167, "median": 1.5792043996e-05, "min": 8.26139528204e-21, "var": 4.64801814815e-07}, "spectral_energyband_low": {"dmean": 0.00105423107743, "dmean2": 0.00170457991771, "dvar": 2.74740682471e-06, "dvar2": 7.57951511332e-06, "max": 0.0300336666405, "mean": 0.00224162940867, "median": 0.00149943726137, "min": 5.71984803912e-23, "var": 6.1859645939e-06}, "spectral_energyband_middle_high": {"dmean": 0.000762347655836, "dmean2": 0.00107659539208, "dvar": 3.96775885747e-06, "dvar2": 7.31372347218e-06, "max": 0.0876943692565, "mean": 0.00261457357556, "median": 0.000731205567718, "min": 1.48393091887e-21, "var": 3.38541649398e-05}, "spectral_energyband_middle_low": {"dmean": 0.0034751680214, "dmean2": 0.00494490424171, "dvar": 3.32915551553e-05, "dvar2": 6.29711139482e-05, "max": 0.147579804063, "mean": 0.0133940186352, "median": 0.00667818775401, "min": 2.41389064104e-22, "var": 0.00025244493736}, "spectral_entropy": {"dmean": 0.155823469162, "dmean2": 0.218819066882, "dvar": 0.0248626265675, "dvar2": 0.0445039086044, "max": 9.81653118134, "mean": 6.84097480774, "median": 6.84727478027, "min": 5.15551710129, "var": 0.227452799678}, "spectral_flux": {"dmean": 0.0137467421591, "dmean2": 0.0220013596117, "dvar": 0.000324207969243, "dvar2": 0.000771944993176, "max": 0.331635802984, "mean": 0.0454026795924, "median": 0.0382265225053, "min": 1.05194207511e-10, "var": 0.00123402324971}, "spectral_kurtosis": {"dmean": 3.18373584747, "dmean2": 5.25900030136, "dvar": 12.5595531464, "dvar2": 34.07579422, "max": 63.6054992676, "mean": 11.2607975006, "median": 10.1194391251, "min": -1.2108900547, "var": 45.7305679321}, "spectral_rms": {"dmean": 0.000425588485086, "dmean2": 0.000600814120844, "dvar": 3.04268581885e-07, "dvar2": 5.32337651293e-07, "max": 0.0126102631912, "mean": 0.00354225677438, "median": 0.00313009601086, "min": 3.28571501604e-12, "var": 4.48733180747e-06}, "spectral_rolloff": {"dmean": 182.504257202, "dmean2": 304.346862793, "dvar": 225613, "dvar2": 402713.78125, "max": 18755.4199219, "mean": 739.430480957, "median": 516.796875, "min": 21.533203125, "var": 599836}, "spectral_skewness": {"dmean": 0.307253628969, "dmean2": 0.4799657166, "dvar": 0.0918648093939, "dvar2": 0.214657738805, "max": 6.63950538635, "mean": 2.39064049721, "median": 2.34391331673, "min": 0.00386406155303, "var": 0.590693295002}, "spectral