{"lowlevel": {"average_loudness": 0.898893713951, "barkbands": {"dmean": [4.03688682127e-05, 0.000869733747095, 0.00113885942847, 0.00073212897405, 0.00158656667918, 0.000491014507134, 0.000801346148364, 0.000251650402788, 0.000252089259448, 0.00131443678401, 0.00134849885944, 0.000417947856477, 0.000512500642799, 0.000568361603655, 0.000675668416079, 0.000470223836601, 0.000188543650438, 0.000144842852023, 0.000126767772599, 0.000109623419121, 7.77021850809e-05, 0.000108143598482, 3.89426786569e-05, 2.12519698835e-05, 7.08057923475e-05, 5.68691848457e-06, 2.28646356959e-07], "dmean2": [6.84504775563e-05, 0.00146167201456, 0.00172896846198, 0.00118749809917, 0.002491498366, 0.000769060279708, 0.00121098780073, 0.000380878016585, 0.000388646294596, 0.00194249302149, 0.001873680274, 0.000624957785476, 0.000734709610697, 0.00078899943037, 0.00102453457657, 0.00066382845398, 0.000284083827864, 0.00021801776893, 0.00019506373792, 0.000165841134731, 0.000114121277875, 0.000166931509739, 5.68012510485e-05, 3.13505952363e-05, 0.000104698032374, 8.47516730573e-06, 4.0390381173e-07], "dvar": [2.06954986481e-09, 1.36115409077e-06, 5.40738483323e-06, 1.42566477734e-06, 1.15597595141e-05, 1.11494455268e-06, 2.93494576908e-06, 7.96293079475e-07, 1.24538553337e-06, 2.05828710023e-05, 2.17229608097e-05, 2.77880712929e-06, 3.19702235174e-06, 3.66868721358e-06, 3.56571786142e-06, 1.61453840519e-06, 2.42544246021e-07, 8.44018899215e-08, 5.75485188392e-08, 4.2283133439e-08, 2.81681771241e-08, 1.10150068622e-07, 1.11904689959e-08, 3.22868176639e-09, 4.08671283481e-08, 2.81648648848e-10, 1.28583558731e-12], "dvar2": [5.67303448662e-09, 3.64421202903e-06, 1.24899816001e-05, 3.63251228919e-06, 2.65421840595e-05, 2.57506007983e-06, 6.47065235171e-06, 1.57673207468e-06, 2.55108670899e-06, 4.32197302871e-05, 3.76251591661e-05, 5.60817716178e-06, 6.10904817222e-06, 6.36546701571e-06, 8.07550532045e-06, 2.76103901342e-06, 5.42055488495e-07, 1.91219669432e-07, 1.33554593162e-07, 9.63757997852e-08, 5.98359974902e-08, 2.73653341765e-07, 2.53701095687e-08, 7.00876956472e-09, 9.1280746517e-08, 5.80340775436e-10, 3.62301573291e-12], "max": [0.000627454835922, 0.0138544104993, 0.033814560622, 0.019856672734, 0.0527301728725, 0.0415439009666, 0.0356678701937, 0.030429167673, 0.0325763896108, 0.0636790022254, 0.0992712303996, 0.0504328608513, 0.0374798998237, 0.0508597493172, 0.0461477860808, 0.0413518995047, 0.0181240197271, 0.00671388721094, 0.00431949878111, 0.00304682506248, 0.00190643977839, 0.00773492828012, 0.00302260951139, 0.00123262149282, 0.00344750774093, 0.000553575169761, 1.89024995052e-05], "mean": [6.74807815813e-05, 0.0014592022635, 0.00207282463089, 0.00106249249075, 0.00254355324432, 0.000958963995799, 0.00188042991795, 0.000407858547987, 0.000382887490559, 0.00210259994492, 0.00235574040562, 0.000596754136495, 0.000926586042624, 0.000937766162679, 0.00102761795279, 0.000772852741648, 0.000333587871864, 0.000248011841904, 0.000206063079531, 0.000173046966665, 0.000110930297524, 0.000112634646939, 4.91243736178e-05, 2.59740045294e-05, 7.316981646e-05, 6.38470646663e-06, 1.63484529025e-07], "median": [5.89974479226e-05, 0.00108478101902, 0.000748359016143, 0.000575549318455, 0.00113987061195, 0.000455492991023, 0.000421896431362, 7.88312026998e-05, 5.80148771405e-05, 9.83362988336e-05, 4.03767953685e-05, 4.52480962849e-05, 9.1359615908e-05, 7.35589419492e-05, 0.000124934405903, 0.000125766149722, 8.35363534861e-05, 6.56205738778e-05, 6.75592018524e-05, 5.75551239308e-05, 2.56839939539e-05, 1.49719007823e-05, 7.96427048044e-06, 2.56025123235e-06, 3.39808752869e-06, 3.54352863496e-07, 7.03633862287e-09], "min": [5.40070465692e-24, 3.41668153608e-23, 3.60029096281e-24, 8.96495355104e-25, 1.89731981318e-23, 3.47775577845e-23, 5.97670746074e-23, 4.06707021562e-23, 3.32360667777e-23, 4.25604973407e-23, 3.19873188974e-23, 8.85109003852e-23, 3.65442591134e-23, 8.77760796074e-23, 9.81755950556e-23, 1.52853727963e-22, 6.50408053963e-23, 2.0356241377e-22, 1.96794138665e-22, 2.01758131108e-22, 2.55785384349e-22, 3.87696104835e-22, 4.63071852681e-22, 7.1640818364e-22, 1.0244156298e-21, 1.70517204631e-21, 2.63167814806e-21], "var": [2.04973638063e-09, 2.00813974516e-06, 1.00087290775e-05, 2.25806161325e-06, 1.89384991245e-05, 2.66429151452e-06, 1.36542948894e-05, 1.97292183657e-06, 2.54393194155e-06, 4.53673092125e-05, 6.87748470227e-05, 6.64265053274e-06, 1.05374838313e-05, 1.11669705802e-05, 7.36831498216e-06, 4.75867091154e-06, 5.86583155382e-07, 2.22038636366e-07, 1.14780533522e-07, 7.77527944251e-08, 4.34499867197e-08, 1.01696365107e-07, 1.36486573155e-08, 5.12415399001e-09, 5.16853937427e-08, 4.82338113894e-10, 7.93429775006e-13]}, "barkbands_crest": {"dmean": 2.82839870453, "dmean2": 4.48598670959, "dvar": 6.90184307098, "dvar2": 16.5811138153, "max": 26.6155185699, "mean": 11.3186435699, "median": 10.6854038239, "min": 2.31956315041, "var": 19.5846481323}, "barkbands_flatness_db": {"dmean": 0.030370593071, "dmean2": 0.0426896288991, "dvar": 0.0012739058584, "dvar2": 0.00248602242209, "max": 0.599232375622, "mean": 0.199702396989, "median": 0.174709141254, "min": 0.0256735254079, "var": 0.0115475412458}, "barkbands_kurtosis": {"dmean": 4.64946937561, "dmean2": 7.45295619965, "dvar": 294.77822876, "dvar2": 763.152709961, "max": 686.67199707, "mean": 5.95686531067, "median": 1.59133791924, "min": -1.90051555634, "var": 303.925170898}, "barkbands_skewness": {"dmean": 0.655792117119, "dmean2": 0.977259755135, "dvar": 0.764737784863, "dvar2": 1.76157569885, "max": 25.3351898193, "mean": 1.16443264484, "median": 0.980095028877, "min": -3.22752022743, "var": 2.50433397293}, "barkbands_spread": {"dmean": 5.71329545975, "dmean2": 8.44815826416, "dvar": 71.5637359619, "dvar2": 151.740600586, "max": 115.166160583, "mean": 17.1017684937, "median": 14.3255138397, "min": 0.206610843539, "var": 195.882659912}, "dissonance": {"dmean": 0.0281004402786, "dmean2": 0.0449791029096, "dvar": 0.000921571278013, "dvar2": 0.00230273907073, "max": 0.500000059605, "mean": 0.434223085642, "median": 0.45350471139, "min": 0.0864888653159, "var": 0.00403720419854}, "dynamic_complexity": 4.87513113022, "erbbands": {"dmean": [0.0143922036514, 0.243510901928, 1.18727743626, 1.59358620644, 6.26758909225, 3.42116475105, 1.74391424656, 5.03904533386, 10.5567712784, 11.5936851501, 3.59077835083, 4.43985176086, 17.4595584869, 58.925655365, 50.8976325989, 16.2203788757, 24.9551239014, 26.1133480072, 28.744304657, 29.0303764343, 20.7340736389, 9.30817699432, 6.66658592224, 7.23974132538, 6.31980419159, 5.34070062637, 3.59700489044, 3.49136042595, 3.95999598503, 1.8790692091, 0.939993798733, 0.441785007715, 0.402127146721, 0.566523313522, 0.655622184277, 0.0599781945348, 0.0125852944329, 0.00117466039956, 5.88119546592e-05, 1.02013127616e-05], "dmean2": [0.0244222395122, 0.40483725071, 1.81539940834, 2.46809029579, 10.0032701492, 5.40397548676, 2.8247821331, 7.87735080719, 15.5889310837, 16.9661808014, 5.68588685989, 7.05186080933, 25.7645225525, 84.2031097412, 68.5287399292, 23.1616001129, 34.8217926025, 34.111907959, 42.1289291382, 42.1983337402, 28.9210090637, 13.4495811462, 9.9444770813, 10.6943817139, 9.65414047241, 8.04431056976, 5.34560489655, 5.15921211243, 6.14028215408, 2.773396492, 1.35926806927, 0.648131370544, 0.590223908424, 0.841937303543, 0.988907516003, 0.0891741961241, 0.018662719056, 0.0017436115304, 9.64381106314e-05, 1.42431572385e-05], "dvar": [0.000439745315816, 0.109777912498, 5.43012237549, 6.44956874847, 173.85458374, 49.2584838867, 8.71404361725, 129.582901001, 502.850616455, 989.238891602, 114.47354126, 436.382202148, 4274.89648438, 38900.5234375, 34057.3828125, 2829.88549805, 7779.94580078, 8317.70996094, 7120.13720703, 6467.88476563, 2899.54174805, 500.939117432, 177.455535889, 206.919036865, 139.427627563, 104.252822876, 54.5592155457, 77.1266708374, 155.916870117, 22.569480896, 6.53861093521, 1.28043210506, 1.20575678349, 2.49204969406, 3.94846606255, 0.0333053059876, 0.00141666887794, 1.38893310577e-05, 6.38327293245e-08, 2.42357245384e-10], "dvar2": [0.00109410157893, 0.29334127903, 12.8659658432, 14.5738248825, 385.640411377, 121.7527771, 22.1880149841, 302.75567627, 1093.09680176, 1886.41149902, 264.967376709, 1037.05322266, 8883.19433594, 78090.4921875, 57007.3320313, 5726.13378906, 14911.3759766, 13893.6328125, 16317.2021484, 13180.2597656, 5262.84765625, 1035.11279297, 389.315795898, 452.384277344, 313.870819092, 234.160644531, 120.345024109, 172.002334595, 392.150787354, 51.3093490601, 14.8997783661, 2.71835398674, 2.67527699471, 5.50386047363, 9.21501159668, 0.071416400373, 0.0029861566145, 2.95807385555e-05, 1.76249059791e-07, 5.42640599122e-10], "max": [0.292049050331, 4.29864931107, 34.0446281433, 52.566242218, 198.228088379, 138.211090088, 43.5518913269, 438.652923584, 523.579101563, 965.773376465, 348.004089355, 883.606689453, 2389.70141602, 3386.81933594, 4707.83007813, 1907.37976074, 1961.61547852, 2609.76879883, 2455.0300293, 1598.93286133, 1828.67724609, 637.965087891, 294.923248291, 333.273223877, 244.208877563, 207.22038269, 100.682350159, 141.722259521, 283.727600098, 95.6310653687, 75.1719589233, 23.6513347626, 25.3950996399, 32.9199447632, 26.5172405243, 4.55014276505, 1.19793820381, 0.156310632825, 0.00450314441696, 0.000276084523648], "mean": [0.0225451998413, 0.423851191998, 2.21757650375, 2.9912109375, 9.43146133423, 6.03304243088, 2.92448067665, 10.0596809387, 24.1012802124, 23.7612609863, 5.79439926147, 6.79923534393, 28.9024944305, 91.9126205444, 96.0782852173, 27.5861663818, 45.6448936462, 51.0835571289, 50.1426200867, 47.3278083801, 36.0370597839, 18.7037525177, 12.8561754227, 12.9142551422, 10.7815923691, 8.66160488129, 5.48778009415, 4.33247566223, 4.04196596146, 2.31301665306, 1.19871985912, 0.553873240948, 0.476138681173, 0.608184218407, 0.635369420052, 0.0657404661179, 0.0139321582392, 0.00131596426945, 5.93502663833e-05, 2.79732157651e-05], "median": [0.0125758815557, 0.342370539904, 1.02541708946, 1.9356379509, 3.77106571198, 2.95149588585, 1.89864993095, 4.64017343521, 6.84018516541, 4.27930831909, 2.0574016571, 1.82198095322, 3.32940244675, 6.06609916687, 4.06088352203, 4.08318328857, 6.39829349518, 5.01544857025, 7.4932179451, 8.4580078125, 7.63925170898, 5.37093830109, 4.14667081833, 4.10276031494, 3.71771478653, 3.05325365067, 1.56364417076, 0.84368789196, 0.552814006805, 0.392180740833, 0.194328725338, 0.0719758346677, 0.0392262600362, 0.0314588472247, 0.0244128480554, 0.0035300059244, 0.000681213103235, 8.64364556037e-05, 1.36480775836e-05, 2.06417716981e-05], "min": [6.50625918413e-22, 6.67617512781e-21, 6.37956746642e-21, 3.31626320316e-21, 1.97939021458e-20, 5.86454575311e-20, 1.18866539033e-19, 1.831172632e-19, 6.74282169984e-19, 5.36949767279e-19, 9.97621074372e-19, 7.1357841896e-19, 1.19284210958e-18, 1.13761725714e-18, 2.67658813097e-18, 3.39187974437e-18, 2.08830555113e-18, 3.28601758317e-18, 9.02010348615e-18, 7.77680387619e-18, 8.67056673778e-18, 4.43935096176e-18, 9.89156638561e-18, 8.61023135672e-18, 1.08680051223e-17, 9.58947671719e-18, 7.62322952366e-18, 1.19496827395e-17, 1.47310279184e-17, 1.47795668767e-17, 1.18902349232e-17, 1.42438102658e-17, 1.30656519562e-17, 1.01734695384e-17, 8.12895120656e-18, 5.58608095752e-18, 2.53908424338e-18, 1.27401417027e-18, 3.55901360339e-19, 3.86382171043e-20], "var": [0.000926453678403, 0.15209838748, 9.56593990326, 13.6684532166, 294.106689453, 78.9725341797, 12.0377731323, 302.427154541, 2125.80688477, 4118.78222656, 239.974990845, 607.486694336, 9218.15429688, 77800.671875, 114353.070313, 7345.78222656, 23844.8203125, 31367.5898438, 17713.2265625, 16144.0859375, 7945.46044922, 1630.0871582, 536.83203125, 506.003295898, 299.935333252, 202.004180908, 89.353012085, 94.3008651733, 139.311126709, 27.6720085144, 7.99377679825, 2.05855774879, 1.77736032009, 3.37871384621, 4.35533094406, 0.0497940033674, 0.00228982372209, 2.29217675951e-05, 4.56475994781e-08, 6.20645590477e-10]}, "erbbands_crest": {"dmean": 3.28679060936, "dmean2": 5.10069990158, "dvar": 11.0084733963, "dvar2": 23.5300865173, "max": 33.8767585754, "mean": 12.4177999496, "median": 11.2730588913, "min": 2.10011315346, "var": 40.7868766785}, "erbbands_flatness_db": {"dmean": 0.0269484240562, "dmean2": 0.0363260656595, "dvar": 0.000902095925994, "dvar2": 0.00160913506988, "max": 0.499913811684, "mean": 0.212770462036, "median": 0.204376786947, "min": 0.0234846547246, "var": 0.00562331080437}, "erbbands_kurtosis": {"dmean": 2.25934028625, "dmean2": 3.46886372566, "dvar": 26.011926651, "dvar2": 60.8598976135, "max": 110.303237915, "mean": 2.82165169716, "median": 0.462641239166, "min": -1.84043717384, "var": 52.5668182373}, "erbbands_skewness": {"dmean": 0.514000296593, "dmean2": 0.753694832325, "dvar": 0.305321723223, "dvar2": 0.661930561066, "max": 8.22825431824, "mean": 0.527434170246, "median": 0.357976973057, "min": -4.08793449402, "var": 1.33607912064}, "erbbands_spread": {"dmean": 8.39050102234, "dmean2": 12.3662977219, "dvar": 128.598983765, "dvar2": 273.236114502, "max": 164.200866699, "mean": 29.2341842651, "median": 26.6421775818, "min": 0.794296443462, "var": 429.873199463}, "gfcc": {"cov": [[21439.3203125, -4069.57006836, -5959.54492188, 459.237457275, -1017.21917725, 1160.36975098, -808.439758301, 593.847595215, -482.744445801, 500.107757568, -194.473052979, 388.775146484, -50.0535736084], [-4069.57006836, 2422.95947266, 1140.40979004, -344.497741699, 474.563842773, -540.549255371, 412.70703125, -330.849761963, 164.688964844, -295.44833374, 148.603942871, -223.188919067, 87.3879318237], [-5959.54492188, 1140.40979004, 2820.54125977, -2.07423734665, 52.4658508301, -375.060699463, 90.1331176758, -135.277801514, 58.6208992004, -146.599975586, -98.276550293, -124.053497314, -10.6386508942], [459.237457275, -344.497741699, -2.07423734665, 408.250396729, -66.8844604492, -13.6407461166, -122.583381653, 60.9286117554, 20.9687213898, 23.4951992035, -55.0150299072, 13.9447183609, -22.390871048], [-1017.21917725, 474.563842773, 52.4658508301, -66.8844604492, 349.653717041, -42.6864509583, 131.481338501, -105.790649414, 31.9093551636, -64.5780258179, 52.4432220459, -51.9963684082, -1.17184484005], [1160.36975098, -540.549255371, -375.060699463, -13.6407461166, -42.6864509583, 313.164794922, -30.8375740051, 48.4084434509, -76.9108428955, 72.5881500244, -18.955745697, 49.7954177856, -13.2045154572], [-808.439758301, 412.70703125, 90.1331176758, -122.583381653, 131.481338501, -30.8375740051, 211.965591431, -46.0383377075, 15.9103727341, -66.0042037964, 52.5325393677, -21.4514560699, 30.1627960205], [593.847595215, -330.849761963, -135.277801514, 60.9286117554, -105.790649414, 48.4084434509, -46.0383377075, 151.205001831, 13.5269536972, 41.6347923279, -23.2308444977, 48.2789726257, 9.29971885681], [-482.744445801, 164.688964844, 58.6208992004, 20.9687213898, 31.9093551636, -76.9108428955, 15.9103727341, 13.5269536972, 120.680297852, 17.9575386047, 25.2179470062, -5.56111001968, -0.77707362175], [500.107757568, -295.44833374, -146.599975586, 23.4951992035, -64.5780258179, 72.5881500244, -66.0042037964, 41.6347923279, 17.9575386047, 170.35987854, 28.4651088715, 27.828584671, -37.4687423706], [-194.473052979, 148.603942871, -98.276550293, -55.0150299072, 52.4432220459, -18.955745697, 52.5325393677, -23.2308444977, 25.2179470062, 28.4651088715, 108.000144958, 9.35406970978, -4.80321598053], [388.775146484, -223.188919067, -124.053497314, 13.9447183609, -51.9963684082, 49.7954177856, -21.4514560699, 48.2789726257, -5.56111001968, 27.828584671, 9.35406970978, 81.0358657837, 6.66570615768], [-50.0535736084, 87.3879318237, -10.6386508942, -22.390871048, -1.17184484005, -13.2045154572, 30.1627960205, 9.29971885681, -0.77707362175, -37.4687423706, -4.80321598053, 6.66570615768, 78.3116607666]], "icov": [[0.000230531775742, -0.000295881589409, 0.000514879997354, -0.000191923361854, 0.000428021274274, -0.000272220378974, 0.000380970450351, -0.000314567121677, 0.000704161764588, -0.000283834320726, 0.000635017582681, -0.000320134771755, 0.000281098939013], [-0.000295881589409, 0.00310366041958, -0.00114670442417, 0.00122730969451, -0.00133044982795, 0.00250176968984, -0.00215471116826, 0.00242764060386, -0.00266838748939, 0.00184926879592, -0.00280760857277, 0.00327245588414, -0.00210623140447], [0.000514879997354, -0.00114670442417, 0.00171866849996, -0.000599688384682, 0.00121642858721, -0.000433602079283, 0.0007839507889, -0.00074623367982, 0.00184829882346, -0.000975564180408, 0.0025313263759, -0.00112459843513, 0.00120503013022], [-0.000191923361854, 0.00122730969451, -0.000599688384682, 0.00376410665922, -0.000981130055152, 0.00132430286612, 0.000785584561527, 3.45412372553e-05, -0.00186113792006, 0.00103774596937, -0.00026773189893, 0.00104446976911, -0.000222797898459], [0.000428021274274, -0.00133044982795, 0.00121642858721, -0.000981130055152, 0.00599310081452, -0.00185001292266, -0.000915843353141, 0.0013171316823, 0.00014345945965, 0.000274540390819, 0.000680065131746, -4.2271843995e-05, 0.00179511436727], [-0.000272220378974, 0.00250176968984, -0.000433602079283, 0.00132430286612, -0.00185001292266, 0.00790467858315, -0.00277579110116, 0.00112462497782, 0.00142435799353, -0.00132337294053, 0.000153304048581, 0.000476846063975, -0.00105545879342], [0.000380970450351, -0.00215471116826, 0.0007839507889, 0.000785584561527, -0.000915843353141, -0.00277579110116, 0.0108851855621, -0.00265966751613, 0.00134758022614, 0.00166857789736, -0.001808525878, -0.00133855664171, -0.000564699003007], [-0.000314567121677, 0.00242764060386, -0.00074623367982, 3.45412372553e-05, 0.0013171316823, 0.00112462497782, -0.00265966751613, 0.0134080592543, -0.00520870136097, 0.000295746984193, 0.000317582394928, -0.00173149548937, -0.00310338195413], [0.000704161764588, -0.00266838748939, 0.00184829882346, -0.00186113792006, 0.00014345945965, 0.00142435799353, 0.00134758022614, -0.00520870136097, 0.0156384613365, -0.00479822838679, 0.00198665261269, -0.00254818121903, 0.00168668047991], [-0.000283834320726, 0.00184926879592, -0.000975564180408, 0.00103774596937, 0.000274540390819, -0.00132337294053, 0.00166857789736, 0.000295746984193, -0.00479822838679, 0.0118737341836, -0.00663882307708, 0.00222792336717, 0.00205897144042], [0.000635017582681, -0.00280760857277, 0.0025313263759, -0.00026773189893, 0.000680065131746, 0.000153304048581, -0.001808525878, 0.000317582394928, 0.00198665261269, -0.00663882307708, 0.0191293377429, -0.00723359268159, 0.00313342758454], [-0.000320134771755, 0.00327245588414, -0.00112459843513, 0.00104446976911, -4.2271843995e-05, 0.000476846063975, -0.00133855664171, -0.00173149548937, -0.00254818121903, 0.00222792336717, -0.00723359268159, 0.0215812008828, -0.00414946814999], [0.000281098939013, -0.00210623140447, 0.00120503013022, -0.000222797898459, 0.00179511436727, -0.00105545879342, -0.000564699003007, -0.00310338195413, 0.00168668047991, 0.00205897144042, 0.00313342758454, -0.00414946814999, 0.0173816792667]], "mean": [-78.7565994263, 124.756813049, -116.110176086, 36.7066345215, -44.7522087097, 6.83897209167, -34.066242218, 0.439028650522, -24.4629802704, 1.30522620678, -14.3219261169, -4.47524166107, -6.48862266541]}, "hfc": {"dmean": 6.86196136475, "dmean2": 9.09060573578, "dvar": 97.2166748047, "dvar2": 169.99382019, "max": 135.599304199, "mean": 19.4305343628, "median": 10.2367925644, "min": 1.22711899765e-16, "var": 463.895935059}, "melbands": {"dmean": [0.000186636956641, 0.000504109659232, 0.000404706108384, 0.000407304905821, 6.0446182033e-05, 0.00010904064402, 0.000163277451065, 0.000114546630357, 2.47516654781e-05, 3.27676498273e-05, 9.71203116933e-05, 0.000240211724304, 0.000192676758161, 6.37302509858e-05, 5.0510334404e-05, 5.17092303198e-05, 5.12386650371e-05, 4.53712418675e-05, 5.03791889059e-05, 3.67185166397e-05, 2.38214379351e-05, 1.01586274468e-05, 9.76915998763e-06, 6.55707526676e-06, 6.31115881333e-06, 4.74924900118e-06, 4.50959396403e-06, 3.65675646208e-06, 2.49469758273e-06, 1.73409898707e-06, 2.39057089857e-06, 2.70901045951e-06, 1.3863023014e-06, 9.85441602097e-07, 6.7076069854e-07, 2.93026744203e-07, 2.649150872e-07, 2.53944079986e-07, 3.62015754263e-07, 5.11248231305e-07], "dmean2": [0.000314880191581, 0.000779534166213, 0.000625945394859, 0.000646237458568, 9.75060393102e-05, 0.000169674822246, 0.00024450730416, 0.000166449885, 4.04016500397e-05, 5.13364648214e-05, 0.000145163998241, 0.000343255931512, 0.000256122031715, 9.16548015084e-05, 7.33087290428e-05, 7.13019908289e-05, 6.75246192259e-05, 6.63029786665e-05, 7.6305193943e-05, 5.12275473739e-05, 3.44001418853e-05, 1.50895602928e-05, 1.51069643834e-05, 9.77702165983e-06, 9.45242754824e-06, 7.30619922251e-06, 6.88276395522e-06, 5.62600826015e-06, 3.81720928999e-06, 2.57389910985e-06, 3.62889340977e-06, 4.27428585681e-06, 2.15631234823e-06, 1.46134630086e-06, 9.92607738226e-07, 4.36627487943e-07, 4.01358107638e-07, 3.81122532644e-07, 5.36247284799e-07, 7.67794631429e-07], "dvar": [6.45222897333e-08, 8.02868157734e-07, 4.13940938415e-07, 7.70483211454e-07, 9.86419834703e-09, 5.81276680123e-08, 1.17848443892e-07, 9.88883144259e-08, 6.10902750608e-09, 2.33528130167e-08, 1.23249023432e-07, 6.74106559018e-07, 4.74693450769e-07, 5.38933306871e-08, 3.58519969268e-08, 2.65313051528e-08, 3.56655007749e-08, 2.01891339202e-08, 2.18307754096e-08, 1.25088126524e-08, 3.99425026387e-09, 8.77034334046e-10, 5.0016252251e-10, 2.12739603711e-10, 1.71247099834e-10, 8.74302227838e-11, 7.76402067637e-11, 5.38986945353e-11, 2.59305424355e-11, 1.54174450984e-11, 4.27538490722e-11, 8.18060896801e-11, 1.50659016512e-11, 6.50164904553e-12, 4.00710541137e-12, 5.84498541147e-13, 5.16116283825e-13, 4.96632249214e-13, 1.07627025781e-12, 2.17518451168e-12], "dvar2": [1.67927808548e-07, 1.94523818209e-06, 9.13199244224e-07, 1.80581344011e-06, 2.48466118791e-08, 1.3608642746e-07, 2.58429508904e-07, 1.86546827763e-07, 1.50049128678e-08, 5.02306605199e-08, 2.62138058815e-07, 1.35645780119e-06, 7.62646834573e-07, 1.02043806294e-07, 7.35038199196e-08, 4.73364707432e-08, 5.74510288232e-08, 4.25425916717e-08, 4.76289052642e-08, 2.12000177413e-08, 7.88307197297e-09, 1.86748549957e-09, 1.18939502691e-09, 4.42832964742e-10, 3.84418219479e-10, 2.06459252472e-10, 1.81267681421e-10, 1.22031607042e-10, 6.03327804383e-11, 3.34277987235e-11, 1.00801485214e-10, 2.09854356115e-10, 3.72971133145e-11, 1.46674825063e-11, 9.63361335149e-12, 1.27583729172e-12, 1.16696799793e-12, 1.13407688188e-12, 2.48932189965e-12, 4.93545135316e-12], "max": [0.00302995555103, 0.0126047432423, 0.00988056603819, 0.0142327053472, 0.00133213051595, 0.00946302805096, 0.00812705419958, 0.00927069131285, 0.00250063883141, 0.00572027731687, 0.011995443143, 0.0134063009173, 0.0144960004836, 0.00767246354371, 0.00375864701346, 0.00402848981321, 0.00600216118619, 0.00330501049757, 0.00262711872347, 0.0042768297717, 0.00160036166199, 0.000823077280074, 0.000615511788055, 0.00047063533566, 0.00031205904088, 0.000265558424871, 0.000148419698235, 0.000163670512848, 6.33678209851e-05, 5.2306066209e-05, 0.000118197604024, 0.000217234381125, 6.0705220676e-05, 6.02938744123e-05, 6.42118393444e-05, 1.69273462234e-05, 1.97501140065e-05, 1.5056315533e-05, 2.34007293329e-05, 3.40454062098e-05], "mean": [0.000309891416691, 0.000963133294135, 0.000716786307748, 0.000644382089376, 0.000106895407953, 0.000214286192204, 0.000386146799428, 0.000223363997065, 3.46824708686e-05, 5.04765630467e-05, 0.000148211998749, 0.000366608932381, 0.000348511122866, 0.000104531827674, 8.20440545795e-05, 8.96210840438e-05, 9.275040793e-05, 7.32459666324e-05, 7.25814970792e-05, 5.74854275328e-05, 3.74867740902e-05, 1.73866192199e-05, 1.70958410308e-05, 1.10158052848e-05, 1.02972790046e-05, 7.79557922215e-06, 6.72450869388e-06, 5.51730045117e-06, 3.69065810446e-06, 2.33703894992e-06, 2.69276256404e-06, 2.62248977378e-06, 1.52959853494e-06, 1.22198650843e-06, 8.11723111838e-07, 3.62205128113e-07, 3.16279567869e-07, 3.00354429328e-07, 3.98430131554e-07, 5.29365536295e-07], "median": [0.000205877877306, 0.000589607516304, 0.000432185188401, 0.000284906738671, 7.03336554579e-05, 9.80638869805e-05, 0.000110514461994, 4.18768868258e-05, 1.19062524391e-05, 8.41548171593e-06, 1.19851738418e-05, 1.53384262376e-05, 8.77258298715e-06, 5.98656515649e-06, 8.12861253507e-06, 1.0541388292e-05, 5.87853628531e-06, 7.59561680752e-06, 9.45319879975e-06, 7.60969851399e-06, 5.9653889366e-06, 4.43068438472e-06, 3.88069747714e-06, 2.70191139862e-06, 2.89122817776e-06, 2.44962711804e-06, 2.16786293095e-06, 1.72399791154e-06, 9.70144810708e-07, 5.03054934597e-07, 4.31852129168e-07, 3.08277719796e-07, 2.3775515956e-07, 1.96779780026e-07, 1.1459503213e-07, 5.38445661391e-08, 3.14181747285e-08, 2.48718485807e-08, 2.62108237337e-08, 2.43173694514e-08], "min": [9.41326103411e-24, 5.08677824855e-24, 6.90582888015e-25, 2.88635547472e-24, 4.26797928311e-24, 5.04762077093e-24, 1.05917403404e-23, 6.95943109119e-24, 7.29969598747e-24, 4.16368989929e-24, 5.99119228803e-24, 4.32095444834e-24, 7.27102799331e-24, 8.38657907635e-24, 6.05045585796e-24, 3.65207968124e-24, 6.84784277185e-24, 1.30617379876e-23, 7.88588827095e-24, 1.0591209437e-23, 9.82831073307e-24, 3.44407796534e-24, 7.27008688225e-24, 9.61909929897e-24, 6.47638355437e-24, 6.0215922263e-24, 6.69064961471e-24, 5.30579956243e-24, 4.38471413101e-24, 5.29135236381e-24, 7.12267481148e-24, 7.62980587731e-24, 7.81191362842e-24, 8.06421895604e-24, 5.77809453069e-24, 7.77637860009e-24, 7.11693900384e-24, 8.86561643877e-24, 8.75215930794e-24, 7.53599611619e-24], "var": [1.11470306763e-07, 1.33459604967e-06, 7.62848060276e-07, 1.21125754049e-06, 1.55562087656e-08, 1.38281521345e-07, 5.23349910964e-07, 3.90523780425e-07, 1.07050333042e-08, 4.25062474108e-08, 2.51909710869e-07, 1.39622432016e-06, 1.58013949658e-06, 1.62500143119e-07, 9.41630347029e-08, 8.0331567176e-08, 1.28819593215e-07, 4.99051537872e-08, 4.30061284362e-08, 3.59220777568e-08, 8.87439099984e-09, 2.23070517613e-09, 1.22635712696e-09, 5.82222214884e-10, 3.65632552013e-10, 1.77251546774e-10, 1.28932919896e-10, 9.72714547798e-11, 4.17002057884e-11, 2.21797649691e-11, 4.54191233235e-11, 6.87648549214e-11, 1.48861582783e-11, 8.06856925023e-12, 4.32911085452e-12, 8.04314568507e-13, 7.98074334483e-13, 6.98527986755e-13, 1.43544746402e-12, 2.80090165471e-12]}, "melbands_crest": {"dmean": 3.45948314667, "dmean2": 5.53246879578, "dvar": 10.1591081619, "dvar2": 24.4053859711, "max": 39.4781303406, "mean": 15.0636959076, "median": 14.2434158325, "min": 1.00621640682, "var": 28.1959190369}, "melbands_flatness_db": {"dmean": 0.0363291501999, "dmean2": 0.0509098097682, "dvar": 0.00195177260321, "dvar2": 0.00380716961809, "max": 0.778056442738, "mean": 0.270630568266, "median": 0.233878403902, "min": -2.93373716431e-07, "var": 0.0196889173239}, "melbands_kurtosis": {"dmean": 8.65536689758, "dmean2": 13.8259820938, "dvar": 657.795532227, "dvar2": 1752.42980957, "max": 1031.7076416, "mean": 13.5341243744, "median": 4.84144306183, "min": -1.83028376102, "var": 762.81237793}, "melbands_skewness": {"dmean": 0.802369832993, "dmean2": 1.19597363472, "dvar": 1.11787426472, "dvar2": 2.54414010048, "max": 25.8442249298, "mean": 2.06202793121, "median": 1.8135881424, "min": -2.40226888657, "var": 3.88282346725}, "melbands_spread": {"dmean": 7.15474224091, "dmean2": 10.8493499756, "dvar": 133.121047974, "dvar2": 306.839813232, "max": 257.301330566, "mean": 21.5433654785, "median": 18.4353675842, "min": 0.32095721364, "var": 383.222442627}, "mfcc": {"cov": [[15545.0615234, -2332.68408203, -3798.64892578, -825.710144043, -705.631164551, -3.3441529274, -284.737030029, -16.7728462219, -17.2930793762, -100.61050415, -54.5152397156, -116.860961914, 384.507415771], [-2332.68408203, 1984.22558594, 375.561737061, 173.048034668, 50.9582138062, -22.8565826416, 118.453971863, -13.8485651016, -63.4231796265, 48.5039710999, -42.0625648499, -25.3091812134, -71.1069259644], [-3798.64892578, 375.561737061, 2016.55334473, 300.70703125, 176.173843384, -82.9905853271, -8.47719478607, -36.5965003967, 79.9133758545, -63.9077529907, 13.5720405579, 10.1824626923, -163.897201538], [-825.710144043, 173.048034668, 300.70703125, 354.785705566, 95.7036209106, -45.2903785706, -47.0783538818, 4.63173294067, 12.5895652771, -12.0619974136, 1.559679389, 23.7548980713, -28.6052742004], [-705.631164551, 50.9582138062, 176.173843384, 95.7036209106, 179.185958862, 35.214881897, 9.85966300964, 5.11835098267, 0.46560177207, 11.4645090103, -0.0189757626504, -1.70223116875, -28.2021255493], [-3.3441529274, -22.8565826416, -82.9905853271, -45.2903785706, 35.214881897, 164.557113647, 55.7993850708, -1.21147572994, -20.9651660919, 15.2105379105, 12.8172893524, -10.1450929642, 6.02995967865], [-284.737030029, 118.453971863, -8.47719478607, -47.0783538818, 9.85966300964, 55.7993850708, 142.918045044, 25.8771095276, -13.6046972275, 10.0337572098, -13.597454071, -27.1507511139, -10.7799854279], [-16.7728462219, -13.8485651016, -36.5965003967, 4.63173294067, 5.11835098267, -1.21147572994, 25.8771095276, 112.149642944, 23.1122169495, -5.41824245453, -27.8197555542, -14.745349884, 4.29665374756], [-17.2930793762, -63.4231796265, 79.9133758545, 12.5895652771, 0.46560177207, -20.9651660919, -13.6046972275, 23.1122169495, 97.6974105835, 3.17985415459, -16.4375896454, -9.76720905304, -9.26871776581], [-100.61050415, 48.5039710999, -63.9077529907, -12.0619974136, 11.4645090103, 15.2105379105, 10.0337572098, -5.41824245453, 3.17985415459, 76.4911727905, 17.6496982574, -3.00107908249, 4.76796865463], [-54.5152397156, -42.0625648499, 13.5720405579, 1.559679389, -0.0189757626504, 12.8172893524, -13.597454071, -27.8197555542, -16.4375896454, 17.6496982574, 100.397415161, 38.4622383118, 7.15109395981], [-116.860961914, -25.3091812134, 10.1824626923, 23.7548980713, -1.70223116875, -10.1450929642, -27.1507511139, -14.745349884, -9.76720905304, -3.00107908249, 38.4622383118, 99.1056747437, 30.3970355988], [384.507415771, -71.1069259644, -163.897201538, -28.6052742004, -28.2021255493, 6.02995967865, -10.7799854279, 4.29665374756, -9.26871776581, 4.76796865463, 7.15109395981, 30.3970355988, 96.3406219482]], "icov": [[0.000187756857486, 0.000119466138131, 0.000304218061501, 5.28470991412e-05, 0.000309630151605, 8.16387546365e-06, 0.000271061842795, 0.000158451206516, -0.000141426804475, 0.000400271586841, -3.54852636519e-05, 0.000374024617486, -0.000163351825904], [0.000119466138131, 0.000717655289918, 9.26797438296e-05, -0.00032012804877, 0.0003709315788, 0.000208982863114, -0.000450824038126, 0.00023834402964, 0.000488936493639, -0.000410418579122, 0.00041612968198, 0.00016403668269, 0.000134635367431], [0.000304218061501, 9.26797438296e-05, 0.0012439598795, -0.000227316835662, -5.65651453144e-06, 0.000307379290462, 0.00019124316168, 0.000623967498541, -0.000944021623582, 0.0014129311312, -0.00040198393981, 0.000401882716687, 0.000617960235104], [5.28470991412e-05, -0.00032012804877, -0.000227316835662, 0.00421207863837, -0.00197362271138, 0.00080061389599, 0.00150024145842, -0.000586814188864, -0.000113441041321, 0.000639264995698, -0.000101665929833, -0.000631428905763, 0.000147130922414], [0.000309630151605, 0.0003709315788, -5.65651453144e-06, -0.00197362271138, 0.00845235213637, -0.00233355117962, 0.000375818577595, -0.00029827360413, 0.000430750253145, -0.00125832948834, 0.000726434111129, 0.000290707015665, 0.00107614812441], [8.16387546365e-06, 0.000208982863114, 0.000307379290462, 0.00080061389599, -0.00233355117962, 0.00830676406622, -0.00301508838311, 0.000604923581704, 0.000804441340733, -0.000260859611444, -0.0013083970407, 0.000714728026651, -0.000723164353985], [0.000271061842795, -0.000450824038126, 0.00019124316168, 0.00150024145842, 0.000375818577595, -0.00301508838311, 0.0105381738394, -0.00237269094214, 0.00110149814282, -9.23951811274e-05, 0.000531069585122, 0.00182302552275, 0.000435854395619], [0.000158451206516, 0.00023834402964, 0.000623967498541, -0.000586814188864, -0.00029827360413, 0.000604923581704, -0.00237269094214, 0.0110168838874, -0.00281965336762, 0.00129141984507, 0.00186614028644, 0.000764859083574, -0.00116624264047], [-0.000141426804475, 0.000488936493639, -0.000944021623582, -0.000113441041321, 0.000430750253145, 0.000804441340733, 0.00110149814282, -0.00281965336762, 0.0128311924636, -0.00290453643538, 0.00199479539879, 0.000220216956222, 0.000771055463701], [0.000400271586841, -0.000410418579122, 0.0014129311312, 0.000639264995698, -0.00125832948834, -0.000260859611444, -9.23951811274e-05, 0.00129141984507, -0.00290453643538, 0.0167006067932, -0.00399798993021, 0.00235021626577, -0.00127762800548], [-3.54852636519e-05, 0.00041612968198, -0.00040198393981, -0.000101665929833, 0.000726434111129, -0.0013083970407, 0.000531069585122, 0.00186614028644, 0.00199479539879, -0.00399798993021, 0.0138713950291, -0.00518308812752, 0.00100094336085], [0.000374024617486, 0.00016403668269, 0.000401882716687, -0.000631428905763, 0.000290707015665, 0.000714728026651, 0.00182302552275, 0.000764859083574, 0.000220216956222, 0.00235021626577, -0.00518308812752, 0.0150507260114, -0.00512440688908], [-0.000163351825904, 0.000134635367431, 0.000617960235104, 0.000147130922414, 0.00107614812441, -0.000723164353985, 0.000435854395619, -0.00116624264047, 0.000771055463701, -0.00127762800548, 0.00100094336085, -0.00512440688908, 0.0143671613187]], "mean": [-713.567687988, 141.618667603, -3.34767961502, 36.3824729919, 9.07181358337, 10.4434576035, 1.26215541363, -1.66682136059, -0.734241604805, -1.55879533291, -2.34666895866, -4.52765607834, 4.89012479782]}, "pitch_salience": {"dmean": 0.0766072794795, "dmean2": 0.122100234032, "dvar": 0.00541099067777, "dvar2": 0.0136407539248, "max": 0.996015071869, "mean": 0.540387988091, "median": 0.54528594017, "min": 0.0248178467155, "var": 0.0148103125393}, "silence_rate_20dB": {"dmean": 0, "dmean2": 0, "dvar": 0, "dvar2": 0, "max": 1, "mean": 1, "median": 1, "min": 1, "var": 0}, "silence_rate_30dB": {"dmean": 0.000268925650744, "dmean2": 0.000537923595402, "dvar": 0.000268879375653, "dvar2": 0.00080670020543, "max": 1, "mean": 0.999865531921, "median": 1, "min": 0, "var": 0.000134416623041}, "silence_rate_60dB": {"dmean": 0.0559365339577, "dmean2": 0.111888110638, "dvar": 0.0528130494058, "dvar2": 0.120881229639, "max": 1, "mean": 0.105539120734, "median": 0, "min": 0, "var": 0.0944001972675}, "spectral_centroid": {"dmean": 245.82774353, "dmean2": 356.888336182, "dvar": 122765.039063, "dvar2": 251026.53125, "max": 11287.3916016, "mean": 1144.53601074, "median": 1142.73693848, "min": 105.735687256, "var": 534109.1875}, "spectral_complexity": {"dmean": 3.55439019203, "dmean2": 5.05190944672, "dvar": 26.7933578491, "dvar2": 47.9138946533, "max": 51, "mean": 12.8872013092, "median": 11, "min": 0, "var": 90.1964645386}, "spectral_contrast_coeffs": {"dmean": [0.0559762381017, 0.0465870946646, 0.0448863953352, 0.0348282903433, 0.0248382277787, 0.0212408136576], "dmean2": [0.089798361063, 0.0744368731976, 0.0670991837978, 0.0522454455495, 0.0378018319607, 0.0329028703272], "dvar": [0.00247156457044, 0.00166696752422, 0.00192185363267, 0.00100473011844, 0.000517048523761, 0.000419850111939], "dvar2": [0.00607881881297, 0.00396120920777, 0.00351225398481, 0.00197358429432, 0.00104721391108, 0.000943200255278], "max": [-0.366588264704, -0.387998849154, -0.399619787931, -0.462064385414, -0.55306905508, -0.57912427187], "mean": [-0.626488685608, -0.705159723759, -0.734004080296, -0.762504816055, -0.791366040707, -0.758282661438], "median": [-0.630964696407, -0.711536109447, -0.757174253464, -0.774597764015, -0.794707417488, -0.751497030258], "min": [-0.981906473637, -0.98674851656, -0.998076856136, -0.987879276276, -0.989386916161, -0.960399627686], "var": [0.00731971953064, 0.00823113322258, 0.0130685279146, 0.00821585021913, 0.00409273104742, 0.00274244626053]}, "spectral_contrast_valleys": {"dmean": [0.437926113605, 0.432343155146, 0.426298767328, 0.390708893538, 0.397722125053, 0.540413320065], "dmean2": [0.701424956322, 0.678395926952, 0.644800782204, 0.566923618317, 0.526635169983, 0.681537151337], "dvar": [0.138912603259, 0.19852308929, 0.187795251608, 0.187976226211, 0.229063078761, 0.446265220642], "dvar2": [0.323707580566, 0.432188779116, 0.384538978338, 0.36561357975, 0.412728220224, 0.780956625938], "max": [-5.91054487228, -5.2599158287, -5.46836471558, -5.53944778442, -5.75607061386, -8.06518173218], "mean": [-7.7139005661, -7.46432065964, -8.23595714569, -8.43896198273, -8.4146490097, -11.4606227875], "median": [-7.57003355026, -7.28637886047, -7.97729301453, -8.0085105896, -7.96737480164, -11.228313446], "min": [-27.2157707214, -27.4409236908, -27.335773468, -27.5961666107, -27.2774143219, -27.3346500397], "var": [1.00508856773, 1.41211891174, 2.04853868484, 2.82192897797, 3.13782811165, 3.0677614212]}, "spectral_decrease": {"dmean": 1.60865387677e-09, "dmean2": 2.19058371442e-09, "dvar": 3.92421885862e-18, "dvar2": 7.0689010536e-18, "max": 5.43745345638e-28, "mean": -5.06919617393e-09, "median": -3.9199483659e-09, "min": -2.55764920354e-08, "var": 1.73575827892e-17}, "spectral_energy": {"dmean": 0.00659374101087, "dmean2": 0.00892113149166, "dvar": 6.57667187625e-05, "dvar2": 0.00011624480976, "max": 0.106768332422, "mean": 0.0208947099745, "median": 0.0160370990634, "min": 1.04751083158e-20, "var": 0.000303379376419}, "spectral_energyband_high": {"dmean": 0.00034648142173, "dmean2": 0.000492285995279, "dvar": 6.48009915949e-07, "dvar2": 1.38592167787e-06, "max": 0.014262621291, "mean": 0.000466189550934, "median": 0.00010685606685, "min": 7.48491260154e-21, "var": 9.03842533262e-07}, "spectral_energyband_low": {"dmean": 0.00189941644203, "dmean2": 0.00289215776138, "dvar": 9.01163821254e-06, "dvar2": 2.10877315112e-05, "max": 0.0401091277599, "mean": 0.00399575009942, "median": 0.00282876752317, "min": 7.93898634071e-23, "var": 1.64822486113e-05}, "spectral_energyband_middle_high": {"dmean": 0.0034258000087, "dmean2": 0.00452106678858, "dvar": 4.40262301709e-05, "dvar2": 7.44966600905e-05, "max": 0.103520803154, "mean": 0.0094475094229, "median": 0.00241508265026, "min": 1.45994399377e-21, "var": 0.000210245663766}, "spectral_energyband_middle_low": {"dmean": 0.00309671158902, "dmean2": 0.0047191050835, "dvar": 2.29112429224e-05, "dvar2": 4.87131255795e-05, "max": 0.0655124261975, "mean": 0.00746111990884, "median": 0.00492771063, "min": 2.88980449293e-22, "var": 5.9837475419e-05}, "spectral_entropy": {"dmean": 0.275127053261, "dmean2": 0.367911845446, "dvar": 0.107997320592, "dvar2": 0.206849709153, "max": 9.80696296692, "mean": 6.98037481308, "median": 7.13488006592, "min": 3.68849086761, "var": 0.827165126801}, "spectral_flux": {"dmean": 0.027112768963, "dmean2": 0.0418353304267, "dvar": 0.000787227356341, "dvar2": 0.00186993053649, "max": 0.304618775845, "mean": 0.0744411125779, "median": 0.0645559728146, "min": 6.65775212738e-11, "var": 0.00255616754293}, "spectral_kurtosis": {"dmean": 6.89526796341, "dmean2": 10.3243055344, "dvar": 314.203979492, "dvar2": 627.398803711, "max": 354.138885498, "mean": 16.2119979858, "median": 5.47795391083, "min": -1.19753444195, "var": 1409.63317871}, "spectral_rms": {"dmean": 0.000731888401788, "dmean2": 0.000968938402366, "dvar": 6.42317957045e-07, "dvar2": 1.06352433704e-06, "max": 0.0102060874924, "mean": 0.00406671781093, "median": 0.0039554964751, "min": 3.1968136905e-12, "var": 3.84693476008e-06}, "spectral_rolloff": {"dmean": 447.013946533, "dmean2": 737.213562012, "dvar": 885841.5625, "dvar2": 1946082, "max": 19573.6816406, "mean": 1313.57910156, "median": 1012.06054688, "min": 21.533203125, "var": 1898538.5}, "spectral_skewness": {"dmean": 0.499145030975, "dmean2": 0.752171456814, "dvar": 0.771798849106, "dvar2": 1.59821581841, "max": 16.369600296, "mean": 2.31764864922, "median": 1.64049839973, "min": -0.163610503078, "var": 4.96529150009}, "spectral_spread": {"dmean": 666929.4375, "dmean2": 950192.1875, "dvar": 955986739200, "dvar2": 1818477985