{"lowlevel": {"average_loudness": 0.824574351311, "barkbands": {"dmean": [0.000111720466521, 0.00103971082717, 0.000540086010005, 0.000896966725122, 0.000901621708181, 0.000688404601533, 0.000476604443975, 0.000396678951802, 0.0007618732634, 0.000442699965788, 0.000379531702492, 0.000268169562332, 0.000251140270848, 0.000278522144072, 0.000363586499589, 0.00029907352291, 0.000315190700348, 0.000246132374741, 0.000277278712019, 0.000280970270978, 0.000243945745751, 0.000240348294028, 8.76920821611e-05, 8.02137510618e-05, 0.000201290720725, 2.01976963581e-05, 7.84858184488e-06], "dmean2": [0.000192306761164, 0.00170226383489, 0.000913131982088, 0.00157015118748, 0.00150867004413, 0.00111113500316, 0.000769168080296, 0.00064648326952, 0.00119706743862, 0.000681830919348, 0.000578273204155, 0.000415447400883, 0.000400055025239, 0.000443366647232, 0.000564412213862, 0.00046012995881, 0.000484163174406, 0.000382455385989, 0.000423505960498, 0.000429633480962, 0.000381852354622, 0.000376425305149, 0.000133284105686, 0.000121801793284, 0.000320050283335, 2.91436244879e-05, 1.19868882393e-05], "dvar": [6.14387118958e-08, 5.17277612744e-06, 2.15678346649e-06, 6.39440486339e-06, 3.82474627258e-06, 1.78266111561e-06, 1.65935273344e-06, 1.04255707356e-06, 2.87179341285e-06, 1.78526931904e-06, 1.65847313838e-06, 9.49076593315e-07, 4.8978625955e-07, 5.22991683738e-07, 7.62243246299e-07, 6.22605170975e-07, 4.83006488139e-07, 3.39994471688e-07, 5.91936725414e-07, 4.49145488801e-07, 3.23053654938e-07, 2.66580400421e-07, 4.43561276597e-08, 3.16296997482e-08, 2.30322712014e-07, 2.29871899293e-09, 4.10608547163e-10], "dvar2": [1.51847544316e-07, 1.33172425194e-05, 5.9751050685e-06, 1.83579049917e-05, 1.03297652458e-05, 4.16651573687e-06, 3.88605303669e-06, 2.54796646004e-06, 6.6929710556e-06, 3.91029425373e-06, 3.45207786268e-06, 1.98636257664e-06, 1.1647688325e-06, 1.22269648273e-06, 1.68955739355e-06, 1.45079673075e-06, 1.07050686893e-06, 8.30557496556e-07, 1.37732229177e-06, 9.99422013592e-07, 8.07660399005e-07, 6.62747368096e-07, 1.05176134468e-07, 7.73446018343e-08, 5.98266922225e-07, 4.76814232542e-09, 9.78749747915e-10], "max": [0.0029870714061, 0.0337009578943, 0.0212815087289, 0.0305870044976, 0.024179071188, 0.0230110324919, 0.0266730040312, 0.0217408798635, 0.0333974920213, 0.0307444185019, 0.0362940765917, 0.0300564952195, 0.0200775358826, 0.0241066478193, 0.0261366181076, 0.0185362379998, 0.0208685677499, 0.0177108868957, 0.0265120379627, 0.0255732350051, 0.0122584113851, 0.0119569068775, 0.00749014317989, 0.00452694389969, 0.00758995348588, 0.000698496645782, 0.000540108594578], "mean": [0.000106780695205, 0.00135775876697, 0.000584171793889, 0.000981237040833, 0.00124107021838, 0.00110067345668, 0.000682738143951, 0.000525234267116, 0.00113684532698, 0.000623083091341, 0.000609075068496, 0.000448676553788, 0.000408590567531, 0.000404205027735, 0.000568663701415, 0.000469604565296, 0.000591404619627, 0.000442185642896, 0.000469520717161, 0.000482637784444, 0.000366972992197, 0.000363281636965, 0.000138269402669, 0.000114715432574, 0.000208530764212, 2.729654625e-05, 8.44805526867e-06], "median": [3.84093000321e-05, 0.000624366803095, 0.000188506252016, 0.000382346072001, 0.000611711177044, 0.000445651850896, 0.000154111883603, 0.000165440156707, 0.000328517955495, 0.000156962123583, 0.000153698885697, 6.36170443613e-05, 7.91546408436e-05, 9.75126386038e-05, 0.000120369324577, 0.000111348832434, 0.000185943063116, 0.000129226536956, 0.000142229910125, 0.000129882260808, 0.000133708002977, 0.000174033179064, 5.19819004694e-05, 4.44687102572e-05, 7.96904641902e-05, 4.88476916871e-06, 1.732931878e-06], "min": [2.78051558479e-24, 1.00137877091e-23, 9.47823792916e-24, 2.79977562379e-24, 1.87473772313e-23, 3.12080757844e-23, 2.81952960805e-23, 3.71040253454e-23, 5.38565311196e-23, 4.88269275373e-23, 4.68306519078e-23, 3.74665006205e-23, 6.68986233152e-23, 4.9312162191e-23, 1.05581579006e-22, 1.16851454157e-22, 9.78106364464e-23, 1.41461276449e-22, 1.85446620668e-22, 1.79289870536e-22, 3.62973204065e-22, 5.31066210105e-22, 4.69326648757e-22, 6.86230429618e-22, 1.02951543254e-21, 1.27504246968e-21, 2.21489281628e-21], "var": [5.64995659147e-08, 5.12652513862e-06, 1.8774713908e-06, 4.43313274445e-06, 3.61349407285e-06, 3.5857246985e-06, 3.24108100358e-06, 1.2852412965e-06, 5.06326887262e-06, 2.79977530226e-06, 3.43267402059e-06, 3.29618637807e-06, 1.43041597767e-06, 8.7185310349e-07, 2.03551348932e-06, 1.24393397982e-06, 1.45245837757e-06, 9.18199873468e-07, 1.05769902348e-06, 1.10617395421e-06, 4.53023062619e-07, 3.52809394144e-07, 7.32392138048e-08, 3.79616302837e-08, 1.9405376861e-07, 3.46080719638e-09, 4.20337875617e-10]}, "barkbands_crest": {"dmean": 2.33471035957, "dmean2": 3.7843477726, "dvar": 4.88079690933, "dvar2": 11.9989233017, "max": 25.0518436432, "mean": 7.64461946487, "median": 6.77760505676, "min": 1.98498368263, "var": 12.7637834549}, "barkbands_flatness_db": {"dmean": 0.0199466012418, "dmean2": 0.0291425753385, "dvar": 0.000363946834113, "dvar2": 0.000762573676184, "max": 0.388454765081, "mean": 0.0902394279838, "median": 0.0826636329293, "min": 0.0156988110393, "var": 0.00161383394152}, "barkbands_kurtosis": {"dmean": 1.96514248848, "dmean2": 3.07456564903, "dvar": 16.7112464905, "dvar2": 35.7236595154, "max": 218.786132812, "mean": 1.38688421249, "median": -0.196931838989, "min": -1.92270433903, "var": 38.3248901367}, "barkbands_skewness": {"dmean": 0.5723336339, "dmean2": 0.858189702034, "dvar": 0.373563557863, "dvar2": 0.829014778137, "max": 12.2458839417, "mean": 0.800552427769, "median": 0.715980529785, "min": -4.79456472397, "var": 1.27007365227}, "barkbands_spread": {"dmean": 10.2599229813, "dmean2": 15.4522676468, "dvar": 120.480422974, "dvar2": 273.64932251, "max": 110.149330139, "mean": 35.6064910889, "median": 33.0604896545, "min": 0.585774242878, "var": 302.862640381}, "dissonance": {"dmean": 0.0152995660901, "dmean2": 0.0252555403858, "dvar": 0.000242697758949, "dvar2": 0.00063851714367, "max": 0.500000119209, "mean": 0.471232652664, "median": 0.476574152708, "min": 0.315189987421, "var": 0.000502853072248}, "dynamic_complexity": 4.06723022461, "erbbands": {"dmean": [0.031629525125, 0.239210695028, 0.589668989182, 2.00112318993, 2.66079306602, 3.40761804581, 4.23111915588, 6.54123497009, 6.89538764954, 7.70427465439, 8.55057525635, 18.0047874451, 15.7569408417, 13.162194252, 13.714969635, 9.97888660431, 10.7787733078, 11.8079681396, 18.3861732483, 16.1128826141, 13.7890043259, 17.5630626678, 14.3158473969, 11.17466259, 15.4241857529, 12.8504285812, 8.78649711609, 10.8145389557, 8.49483966827, 5.8834066391, 2.06727051735, 1.61124813557, 1.23808538914, 1.45484125614, 1.84336829185, 0.193312093616, 0.028295641765, 0.00603068200871, 0.00161295139696, 7.99637637101e-05], "dmean2": [0.0530763454735, 0.393805623055, 0.958788096905, 3.54484558105, 4.56198692322, 5.75195932388, 6.90924501419, 10.5155353546, 11.1034641266, 12.5988359451, 13.5555429459, 28.3294448853, 24.2254676819, 19.2110786438, 20.7253475189, 14.8168315887, 16.8963241577, 18.4577941895, 28.3619537354, 24.4360332489, 20.9472084045, 26.6892089844, 21.9879398346, 16.7984771729, 23.1744918823, 19.7466411591, 13.8101978302, 17.0143127441, 13.2759561539, 9.03547477722, 3.12904191017, 2.46608495712, 1.8552595377, 2.27404308319, 2.96661496162, 0.292989313602, 0.0402023307979, 0.00884966272861, 0.00251915236004, 0.000118070507597], "dvar": [0.00735638011247, 0.246693998575, 1.88612949848, 37.1831817627, 32.9547958374, 59.3961524963, 60.726436615, 190.085296631, 353.681671143, 455.876922607, 454.517944336, 1542.2578125, 1723.78540039, 2007.1505127, 2144.07592773, 1249.59851074, 814.385559082, 955.040039062, 1745.62585449, 1761.70959473, 1428.20117188, 1536.14294434, 1116.98779297, 553.511962891, 2243.9296875, 878.593688965, 431.81842041, 651.301452637, 359.385559082, 148.050018311, 28.562915802, 14.5850820541, 6.1498169899, 12.1414365768, 19.9682235718, 0.195447161794, 0.00418312242255, 0.000215376217966, 1.89896618394e-05, 3.44025288257e-08], "dvar2": [0.0187780801207, 0.675713837147, 5.18635845184, 106.582199097, 91.7038803101, 163.364654541, 144.629898071, 436.798797607, 813.50567627, 1154.59814453, 1056.58630371, 3649.33203125, 3733.94262695, 4285.06445312, 4613.34960938, 2357.20825195, 1937.94836426, 2281.76025391, 3992.64550781, 3928.58056641, 3376.91015625, 3362.8581543, 2686.13452148, 1246.38342285, 5113.96435547, 2069.28637695, 1087.23754883, 1639.75195312, 893.234130859, 356.985595703, 68.9029846191, 36.4544181824, 14.4998645782, 31.0752124786, 52.568775177, 0.468026995659, 0.00822350289673, 0.000457996997284, 4.82995819766e-05, 7.39282484119e-08], "max": [1.19365978241, 6.63878297806, 19.2318744659, 76.0977401733, 61.1304206848, 105.095298767, 143.134124756, 290.035614014, 417.833312988, 497.353607178, 504.318786621, 748.172424316, 1055.20080566, 1303.88391113, 1542.89733887, 1524.05786133, 975.125427246, 1412.51159668, 1041.14831543, 1069.25610352, 1144.63793945, 1219.73046875, 1217.27026367, 560.798400879, 1802.82922363, 951.253540039, 444.529937744, 625.832092285, 369.950531006, 365.174468994, 257.366119385, 134.616973877, 56.0964851379, 53.7047767639, 97.5653152466, 7.84640884399, 0.995536923409, 0.324697256088, 0.106031253934, 0.00280766817741], "mean": [0.0310051888227, 0.322339266539, 0.755346000195, 2.02015900612, 3.29979753494, 4.58708143234, 6.4782204628, 10.3609895706, 10.1449832916, 10.509645462, 12.1524906158, 27.0614128113, 23.3028450012, 21.1204853058, 21.948846817, 19.0881233215, 19.3228530884, 18.8165493011, 29.1303977966, 28.0487766266, 24.6774749756, 34.4448471069, 27.5969104767, 21.352180481, 26.1604309082, 22.6566162109, 13.7649049759, 15.9482564926, 12.4410562515, 9.32227039337, 3.36741757393, 2.35260176659, 1.81605863571, 1.66956913471, 1.79691076279, 0.234152957797, 0.0395594164729, 0.0074556148611, 0.00166673457716, 0.000101590827398], "median": [0.0100834043697, 0.153722524643, 0.307962954044, 0.798965454102, 1.43069422245, 2.09776949883, 3.36375522614, 3.73546361923, 2.76944208145, 3.45750498772, 4.21879196167, 8.36452865601, 7.53398418427, 5.1623415947, 6.27223491669, 3.36213684082, 3.99062895775, 5.52752017975, 9.33171844482, 6.28024291992, 6.39743995667, 11.4241495132, 9.17005825043, 7.36496973038, 6.85724258423, 6.18056297302, 5.20482730865, 5.51958084106, 5.12334775925, 4.75415897369, 1.31415736675, 0.960886836052, 0.697888255119, 0.65358966589, 0.642151534557, 0.0772799402475, 0.00793596915901, 0.00125104642939, 0.000405369180953, 3.57069038728e-05], "min": [3.95372264179e-22, 2.22544461975e-21, 7.51640524154e-21, 1.26159115178e-20, 2.94547739332e-20, 6.50353114408e-20, 1.17580428277e-19, 2.37823163204e-19, 3.4494902374e-19, 5.61638988914e-19, 4.87192630386e-19, 1.11786645886e-18, 1.63839725967e-18, 2.46133526286e-18, 1.67454732718e-18, 1.91167002351e-18, 2.72300454386e-18, 2.41578263332e-18, 4.85048123289e-18, 4.11879779488e-18, 7.15824731311e-18, 5.33333633494e-18, 5.91110048611e-18, 7.31043944683e-18, 8.83820564227e-18, 8.4261381755e-18, 1.15592658981e-17, 1.48498060913e-17, 1.76741199942e-17, 1.35730983107e-17, 1.37226575286e-17, 1.27064380219e-17, 1.3764853666e-17, 1.09097876694e-17, 6.69428377548e-18, 4.82225369449e-18, 2.54975673444e-18, 1.08380564278e-18, 2.79949274603e-19, 3.02098864349e-20], "var": [0.0061060693115, 0.242934048176, 1.92419230938, 24.3945140839, 29.1750259399, 54.1727752686, 94.3255157471, 385.594085693, 673.202697754, 654.400024414, 650.000976562, 2780.87231445, 2681.10327148, 3966.00341797, 3966.87158203, 5651.08886719, 2998.28930664, 1550.34887695, 3603.4699707, 4715.55371094, 3106.59570312, 4812.7734375, 3224.46704102, 1583.20263672, 4533.61181641, 1916.64453125, 584.981933594, 898.139465332, 490.918212891, 205.122909546, 48.6186790466, 17.3660011292, 8.49720668793, 11.0579338074, 15.9626493454, 0.217039659619, 0.00696071051061, 0.000289769726805, 1.68282131199e-05, 4.23505071012e-08]}, "erbbands_crest": {"dmean": 2.45097184181, "dmean2": 3.9231595993, "dvar": 5.93812894821, "dvar2": 14.6326236725, "max": 30.9935436249, "mean": 8.05305194855, "median": 6.98875951767, "min": 2.3006670475, "var": 15.9997844696}, "erbbands_flatness_db": {"dmean": 0.0207717027515, "dmean2": 0.0291214175522, "dvar": 0.000424937577918, "dvar2": 0.000796990643721, "max": 0.372351676226, "mean": 0.1399423033, "median": 0.130842030048, "min": 0.0377126485109, "var": 0.00226737977937}, "erbbands_kurtosis": {"dmean": 0.936988294125, "dmean2": 1.48767066002, "dvar": 2.33405399323, "dvar2": 5.69693946838, "max": 36.1883888245, "mean": 0.113148532808, "median": -0.453596830368, "min": -1.82766211033, "var": 3.76632022858}, "erbbands_skewness": {"dmean": 0.429290175438, "dmean2": 0.638320207596, "dvar": 0.178866416216, "dvar2": 0.39611980319, "max": 5.28912830353, "mean": 0.0190793517977, "median": 2.28884528042e-05, "min": -4.19577360153, "var": 0.644645929337}, "erbbands_spread": {"dmean": 11.3731460571, "dmean2": 17.0714054108, "dvar": 145.931213379, "dvar2": 324.192352295, "max": 148.25553894, "mean": 46.3360557556, "median": 42.536026001, "min": 3.26592254639, "var": 508.472991943}, "gfcc": {"cov": [[8344.09375, -293.644592285, -607.942871094, 42.8894271851, -7.12294006348, -36.1766891479, -95.7425003052, 57.8528060913, -137.400299072, -63.5583686829, -137.359695435, -27.1135826111, -149.373794556], [-293.644592285, 1125.16870117, -50.0298042297, -27.9603748322, 147.292922974, -20.5852527618, 31.5023517609, -72.2225494385, -3.77505731583, -111.864532471, -6.34547233582, -31.8373603821, -17.789598465], [-607.942871094, -50.0298042297, 1386.55053711, 140.431594849, -69.5555725098, 122.944732666, -65.7567214966, 82.4663085938, -96.9526062012, 6.52955627441, -85.0688018799, -60.3954582214, 17.2132110596], [42.8894271851, -27.9603748322, 140.431594849, 414.74786377, 66.7387008667, -2.71228790283, 34.5260467529, -17.9466953278, 5.67944097519, -11.9704055786, -15.7386646271, -38.1118125916, 9.16763782501], [-7.12294006348, 147.292922974, -69.5555725098, 66.7387008667, 280.885620117, 44.9910430908, 35.5940513611, -12.4672822952, -3.32109165192, -21.6885967255, -0.435664355755, 2.20794081688, -21.7623672485], [-36.1766891479, -20.5852527618, 122.944732666, -2.71228790283, 44.9910430908, 189.035705566, 60.6635055542, 21.6426944733, -12.242108345, -8.71362495422, -25.0403785706, -17.0912914276, -6.7216835022], [-95.7425003052, 31.5023517609, -65.7567214966, 34.5260467529, 35.5940513611, 60.6635055542, 173.16444397, 11.3418531418, 1.44770395756, -3.71444511414, -1.91178560257, -24.0217895508, -14.4286298752], [57.8528060913, -72.2225494385, 82.4663085938, -17.9466953278, -12.4672822952, 21.6426944733, 11.3418531418, 118.474853516, 24.990901947, 9.03022956848, -8.40816020966, -10.1609096527, 5.91320705414], [-137.400299072, -3.77505731583, -96.9526062012, 5.67944097519, -3.32109165192, -12.242108345, 1.44770395756, 24.990901947, 133.702423096, 27.6600475311, -1.02261698246, 23.8003520966, 4.04150772095], [-63.5583686829, -111.864532471, 6.52955627441, -11.9704055786, -21.6885967255, -8.71362495422, -3.71444511414, 9.03022956848, 27.6600475311, 89.1949310303, 30.9879455566, 8.3557806015, 6.55822324753], [-137.359695435, -6.34547233582, -85.0688018799, -15.7386646271, -0.435664355755, -25.0403785706, -1.91178560257, -8.40816020966, -1.02261698246, 30.9879455566, 95.8043136597, 39.597366333, -0.618327558041], [-27.1135826111, -31.8373603821, -60.3954582214, -38.1118125916, 2.20794081688, -17.0912914276, -24.0217895508, -10.1609096527, 23.8003520966, 8.3557806015, 39.597366333, 104.553634644, 17.8308410645], [-149.373794556, -17.789598465, 17.2132110596, 9.16763782501, -21.7623672485, -6.7216835022, -14.4286298752, 5.91320705414, 4.04150772095, 6.55822324753, -0.618327558041, 17.8308410645, 73.9769668579]], "icov": [[0.000155860980158, -2.79287223748e-06, 0.000157890768605, -0.000134612768306, 7.42855263525e-05, -4.86977151013e-05, 0.000195127533516, -0.000289787421934, 0.000396935502067, -0.000165457793628, 0.000466157129267, -0.000237621701672, 0.000426788988989], [-2.79287223748e-06, 0.00127455557231, -0.000236116422457, 0.00049199181376, -0.00072907510912, 0.000462714146124, -0.000352657603798, 0.000968018954154, -0.000889631337486, 0.00196326011792, -0.000910045986529, 0.000992224551737, -0.000395974959247], [0.000157890768605, -0.000236116422457, 0.00127600261476, -0.000769694626797, 0.000571257958654, -0.000922951323446, 0.00100763363298, -0.00131884205621, 0.00162209733389, -0.00118124170695, 0.00153223145753, -0.000594733690377, 0.00061891094083], [-0.000134612768306, 0.00049199181376, -0.000769694626797, 0.00331696029752, -0.00121986062732, 0.000963409082033, -0.00113321107347, 0.00160202314146, -0.00167330820113, 0.0014944964787, -0.00125386170112, 0.00195500371046, -0.00152862945106], [7.42855263525e-05, -0.00072907510912, 0.000571257958654, -0.00121986062732, 0.00467519229278, -0.00148554961197, 0.000165677600307, -0.000623897649348, 0.000933510717005, -0.000535615952685, 0.000722200900782, -0.00140739767812, 0.00165721238591], [-4.86977151013e-05, 0.000462714146124, -0.000922951323446, 0.000963409082033, -0.00148554961197, 0.00736578507349, -0.00288825319149, -3.96756113332e-05, -0.00026785483351, 0.000794996100012, 0.00078204437159, 0.000272635224974, -0.000334623036906], [0.000195127533516, -0.000352657603798, 0.00100763363298, -0.00113321107347, 0.000165677600307, -0.00288825319149, 0.0078486232087, -0.00150262750685, 0.00087916245684, -0.00081040157238, 0.000168009821209, 0.000843361834995, 0.00147433846723], [-0.000289787421934, 0.000968018954154, -0.00131884205621, 0.00160202314146, -0.000623897649348, -3.96756113332e-05, -0.00150262750685, 0.0113763893023, -0.00427471892908, 0.00192623294424, -0.00215813331306, 0.00283270818181, -0.00227162032388], [0.000396935502067, -0.000889631337486, 0.00162209733389, -0.00167330820113, 0.000933510717005, -0.00026785483351, 0.00087916245684, -0.00427471892908, 0.0118921026587, -0.00571880303323, 0.00519074872136, -0.00471193529665, 0.00221734214574], [-0.000165457793628, 0.00196326011792, -0.00118124170695, 0.0014944964787, -0.000535615952685, 0.000794996100012, -0.00081040157238, 0.00192623294424, -0.00571880303323, 0.0179445631802, -0.00804171804339, 0.00389133463614, -0.00245324056596], [0.000466157129267, -0.000910045986529, 0.00153223145753, -0.00125386170112, 0.000722200900782, 0.00078204437159, 0.000168009821209, -0.00215813331306, 0.00519074872136, -0.00804171804339, 0.0181156676263, -0.00777758006006, 0.00346546876244], [-0.000237621701672, 0.000992224551737, -0.000594733690377, 0.00195500371046, -0.00140739767812, 0.000272635224974, 0.000843361834995, 0.00283270818181, -0.00471193529665, 0.00389133463614, -0.00777758006006, 0.0152117498219, -0.0046153627336], [0.000426788988989, -0.000395974959247, 0.00061891094083, -0.00152862945106, 0.00165721238591, -0.000334623036906, 0.00147433846723, -0.00227162032388, 0.00221734214574, -0.00245324056596, 0.00346546876244, -0.0046153627336, 0.0164937060326]], "mean": [-12.8739156723, 53.394367218, -117.649154663, 35.3161087036, -66.2360610962, 10.7729349136, -37.0350875854, 10.3145084381, -23.0827274323, 3.4669816494, -19.7654018402, 0.651865541935, -3.85988926888]}, "hfc": {"dmean": 8.80314826965, "dmean2": 12.3400115967, "dvar": 177.598800659, "dvar2": 395.483032227, "max": 207.784576416, "mean": 22.1339874268, "median": 13.8825950623, "min": 1.13967859537e-16, "var": 504.594482422}, "melbands": {"dmean": [0.000280384032521, 0.00031432081596, 0.000360483070835, 0.000204709969694, 0.000149639017764, 0.000140724034281, 0.000101670790173, 8.53788151289e-05, 7.54149732529e-05, 0.000120428092487, 8.02102586022e-05, 5.45534676348e-05, 4.68917933176e-05, 3.29823778884e-05, 2.60068372882e-05, 2.58258278336e-05, 2.36507676163e-05, 3.10043724312e-05, 2.72432134807e-05, 2.27367218031e-05, 1.64470438904e-05, 2.01695766009e-05, 1.66119752976e-05, 1.14284875963e-05, 9.57335396379e-06, 1.17078543553e-05, 1.19603764688e-05, 8.72900091053e-06, 5.45835428056e-06, 6.255855169e-06, 6.67907033858e-06, 5.25486530023e-06, 4.54930295746e-06, 2.82630162474e-06, 1.34038475608e-06, 7.76806643898e-07, 1.29003365146e-06, 1.13619933018e-06, 5.90047307014e-07, 1.53770020006e-06], "dmean2": [0.000463324075099, 0.00051077560056, 0.000627225788776, 0.000348638539435, 0.000241809699219, 0.000226036820095, 0.000162813899806, 0.000139515337651, 0.000119777803775, 0.000189858008525, 0.000123458594317, 8.00171255833e-05, 7.10004824214e-05, 4.97332293889e-05, 3.97167787014e-05, 4.0829549107e-05, 3.75129566237e-05, 4.84068186779e-05, 4.16682123614e-05, 3.49902620655e-05, 2.55503564404e-05, 3.09038914565e-05, 2.56937964878e-05, 1.78328737093e-05, 1.47095879584e-05, 1.81551058631e-05, 1.80090155482e-05, 1.3819339074e-05, 8.65585116117e-06, 9.97963798e-06, 1.06036404759e-05, 8.36200433696e-06, 7.14535372026e-06, 4.3342142817e-06, 2.06549339055e-06, 1.19412038657e-06, 2.01863440452e-06, 1.7563588699e-06, 8.63431296239e-07, 2.48393621405e-06], "dvar": [4.48470387937e-07, 4.77301796309e-07, 9.89739305624e-07, 2.28923326517e-07, 7.0866278179e-08, 8.17241669893e-08, 7.44528705354e-08, 5.52642802631e-08, 3.64085082083e-08, 7.20932931131e-08, 4.57137758758e-08, 3.43868720165e-08, 2.64578119413e-08, 1.46989700411e-08, 7.0412760067e-09, 4.9934154589e-09, 4.13173983915e-09, 5.56756152292e-09, 5.49181278231e-09, 3.67099439735e-09, 2.30686514335e-09, 2.18760787263e-09, 1.57424284719e-09, 8.5701162833e-10, 4.53499210407e-10, 1.26909593945e-09, 1.22226706534e-09, 4.75584571724e-10, 1.72623360051e-10, 2.5916091495e-10, 2.57231763667e-10, 1.5094804573e-10, 8.94680371455e-11, 3.69474104089e-11, 1.3541389364e-11, 5.08688880949e-12, 1.05149526239e-11, 5.87192534179e-12, 1.51578923024e-12, 1.60757084727e-11], "dvar2": [1.13141675229e-06, 1.32153240884e-06, 2.82726250589e-06, 6.32751266494e-07, 1.74139245246e-07, 1.88768581211e-07, 1.72502197415e-07, 1.40356050338e-07, 8.39350562387e-08, 1.72043939983e-07, 9.82531247473e-08, 7.36404857093e-08, 5.51057581788e-08, 2.92891382259e-08, 1.47819569918e-08, 1.23298677934e-08, 9.94536364374e-09, 1.27730555022e-08, 1.17262235477e-08, 8.52669046481e-09, 5.44319211926e-09, 4.82115991574e-09, 3.66634345106e-09, 2.1166135511e-09, 1.04447350768e-09, 3.06303271635e-09, 2.51994247691e-09, 1.19622389771e-09, 4.33733909899e-10, 6.61599441898e-10, 6.53286147401e-10, 3.76675884928e-10, 2.18672052688e-10, 8.89195800324e-11, 3.34393172874e-11, 1.27747916412e-11, 2.66282985245e-11, 1.44235855898e-11, 3.38163590012e-12, 4.25428962891e-11], "max": [0.0100620565936, 0.00890764407814, 0.0123059991747, 0.00642294809222, 0.00432660989463, 0.00561768282205, 0.00553916068748, 0.00466605788097, 0.0043800403364, 0.00449757790193, 0.00545951491222, 0.00533826183528, 0.00573343550786, 0.00413752673194, 0.00354009843431, 0.00198986427858, 0.00275527383201, 0.00213384628296, 0.0028947382234, 0.00152945378795, 0.00120147643611, 0.00171162490733, 0.0016408538213, 0.000998474191874, 0.000545741873793, 0.00133153575007, 0.00150928122457, 0.000857297040056, 0.000420818279963, 0.000414838723373, 0.000456635520095, 0.000255353545072, 0.000277267216006, 0.000175338413101, 0.000153571381816, 0.00012248980056, 9.19928206713e-05, 6.17093610344e-05, 2.30322202697e-05, 6.91643144819e-05], "mean": [0.000330402108375, 0.000424597092206, 0.000405082857469, 0.000268357718596, 0.000236048697843, 0.000225906216656, 0.000149021856487, 0.000113585869258, 0.000102669480839, 0.000178411122761, 0.000114400427265, 8.35904720589e-05, 7.48322636355e-05, 5.09028068336e-05, 5.03861265315e-05, 3.88434709748e-05, 3.43375540979e-05, 4.56222078355e-05, 4.29101455666e-05, 3.54334370058e-05, 2.65668750217e-05, 3.67524153262e-05, 2.9493450711e-05, 2.00365011551e-05, 1.66116369655e-05, 1.82519070222e-05, 1.92707284441e-05, 1.42084800245e-05, 7.97186839918e-06, 8.95289940672e-06, 9.27084238356e-06, 7.16481372365e-06, 6.63417176838e-06, 4.35567244494e-06, 2.01275361178e-06, 1.22586368434e-06, 1.65113488038e-06, 1.52750578764e-06, 9.06355978714e-07, 1.59317141879e-06], "median": [0.000147983708302, 0.000194385778741, 0.000176693138201, 0.000129406049382, 0.000127872539451, 8.39435670059e-05, 3.83346923627e-05, 3.67637439922e-05, 3.08053859044e-05, 5.20721951034e-05, 3.39406651619e-05, 1.87712757906e-05, 2.00240847334e-05, 1.04646696855e-05, 7.34883997211e-06, 7.5173784353e-06, 8.34454931464e-06, 1.39612775456e-05, 7.01881799614e-06, 8.7607295427e-06, 5.60805437999e-06, 1.18845700854e-05, 8.16776991996e-06, 6.27209465165e-06, 5.16862201039e-06, 4.81817187392e-06, 4.20378228227e-06, 3.62773630513e-06, 2.83178701466e-06, 3.04473519463e-06, 2.98245413433e-06, 2.45288174483e-06, 3.27481666318e-06, 1.98095881387e-06, 7.09051619197e-07, 4.09150629821e-07, 6.44453336918e-07, 5.76390107199e-07, 2.94295404046e-07, 5.81163135394e-07], "min": [5.09359558449e-24, 3.54080296195e-24, 2.66599467502e-24, 3.90962383413e-24, 4.29383222713e-24, 7.00019705619e-24, 5.19926231945e-24, 7.44499706646e-24, 3.39474142104e-24, 7.77044873266e-24, 7.91724391421e-24, 1.0011661729e-23, 6.16156770532e-24, 5.89578508357e-24, 5.50747264171e-24, 6.45414043785e-24, 4.29200443641e-24, 6.53501288013e-24, 6.83719551621e-24, 5.80379877442e-24, 6.36434597873e-24, 5.22041878007e-24, 5.04463138253e-24, 5.92032772962e-24, 5.28660854875e-24, 5.48411525916e-24, 6.46375231355e-24, 5.11670132041e-24, 5.50039222065e-24, 7.91842089468e-24, 8.89516006853e-24, 9.38678055125e-24, 1.05992495074e-23, 5.77855364773e-24, 7.84664401864e-24, 7.31545979494e-24, 6.23201298416e-24, 9.46439815343e-24, 9.5008143394e-24, 9.0258183114e-24], "var": [4.12498252444e-07, 4.84049621718e-07, 7.01083990862e-07, 1.9282840924e-07, 1.07041202568e-07, 1.66739141605e-07, 1.42381750834e-07, 7.2283597774e-08, 5.24094190268e-08, 1.2787030812e-07, 7.06825957764e-08, 6.46090683176e-08, 5.19689251632e-08, 3.24296891563e-08, 4.28315622969e-08, 9.89599957535e-09, 6.22006712803e-09, 9.94315474401e-09, 1.57350239505e-08, 7.46022355003e-09, 4.72099159765e-09, 6.22913320925e-09, 4.06557587596e-09, 1.99076288787e-09, 1.13596276829e-09, 1.9153294506e-09, 3.31136273957e-09, 8.03857036491e-10, 2.19330165141e-10, 3.28808869021e-10, 3.37389755023e-10, 1.99082042518e-10, 1.15233565745e-10, 5.19893572637e-11, 2.17443979489e-11, 7.04793992265e-12, 1.04059616826e-11, 6.86941259084e-12, 2.32022344046e-12, 1.28217584119e-11]}, "melbands_crest": {"dmean": 3.07627725601, "dmean2": 4.93005084991, "dvar": 8.6278886795, "dvar2": 20.8780460358, "max": 33.1980705261, "mean": 10.8871889114, "median": 9.8263092041, "min": 1.7394913435, "var": 22.3282928467}, "melbands_flatness_db": {"dmean": 0.0270940214396, "dmean2": 0.0393752045929, "dvar": 0.000693759997375, "dvar2": 0.00148562155664, "max": 0.515739321709, "mean": 0.137708798051, "median": 0.129941597581, "min": 0.00343063171022, "var": 0.00300064915791}, "melbands_kurtosis": {"dmean": 5.65448665619, "dmean2": 8.81784534454, "dvar": 118.651245117, "dvar2": 261.044311523, "max": 525.54284668, "mean": 8.87911891937, "median": 3.83289384842, "min": -1.8900718689, "var": 272.782287598}, "melbands_skewness": {"dmean": 0.730088472366, "dmean2": 1.1023131609, "dvar": 0.675722002983, "dvar2": 1.483746171, "max": 14.6497125626, "mean": 2.08990192413, "median": 1.79461920261, "min": -2.53564858437, "var": 2.44110584259}, "melbands_spread": {"dmean": 14.5621433258, "dmean2": 22.2531375885, "dvar": 347.935455322, "dvar2": 771.389587402, "max": 260.82321167, "mean": 42.3128547668, "median": 36.5937957764, "min": 0.463811784983, "var": 806.481384277}, "mfcc": {"cov": [[6918.33300781, -105.557785034, -849.607421875, 13.8218841553, -49.45703125, -19.9566287994, -45.5254173279, 92.4169235229, -125.388076782, 44.7665367126, -122.195114136, 13.9959363937, -65.6686706543], [-105.557785034, 1031.50402832, 7.08522748947, -56.4343338013, 77.0998001099, 2.70996212959, 30.0252685547, 35.6086845398, 1.03644537926, -67.3451843262, 24.5469169617, -47.0552215576, -6.76014995575], [-849.607421875, 7.08522748947, 1128.76818848, 99.1468353271, 96.144203186, -13.1168336868, 76.9825363159, -34.1261482239, 77.3980407715, 5.5695734024, 8.74380683899, -78.4794387817, -17.7570457458], [13.8218841553, -56.4343338013, 99.1468353271, 359.112548828, 76.202255249, 47.8695106506, 20.0341892242, 0.121685177088, -2.15107750893, 35.7895011902, -36.4745254517, -9.70437335968, 3.40464711189], [-49.45703125, 77.0998001099, 96.144203186, 76.202255249, 221.404602051, 37.1634902954, 19.3798561096, 25.2583122253, 14.662938118, -7.96961975098, 1.22332930565, -17.9128379822, 4.2986664772], [-19.9566287994, 2.70996212959, -13.1168336868, 47.8695106506, 37.1634902954, 181.101257324, 57.8562698364, 29.6621189117, 20.0271816254, 4.46100330353, 6.29700899124, 2.38694834709, -13.0989999771], [-45.5254173279, 30.0252685547, 76.9825363159, 20.0341892242, 19.3798561096, 57.8562698364, 195.755187988, 24.2884750366, 3.15242934227, 17.8601741791, 4.90153694153, -8.08089256287, -21.4788913727], [92.4169235229, 35.6086845398, -34.1261482239, 0.121685177088, 25.2583122253, 29.6621189117, 24.2884750366, 119.02281189, 28.101556778, 3.56675243378, 8.65696048737, -3.61143708229, 2.34661507607], [-125.388076782, 1.03644537926, 77.3980407715, -2.15107750893, 14.662938118, 20.0271816254, 3.15242934227, 28.101556778, 125.819274902, 24.0405921936, 19.4486961365, -21.0401477814, -7.62131166458], [44.7665367126, -67.3451843262, 5.5695734024, 35.7895011902, -7.96961975098, 4.46100330353, 17.8601741791, 3.56675243378, 24.0405921936, 125.961975098, 6.71905612946, -16.1698455811, -8.94027709961], [-122.195114136, 24.5469169617, 8.74380683899, -36.4745254517, 1.22332930565, 6.29700899124, 4.90153694153, 8.65696048737, 19.4486961365, 6.71905612946, 105.519424438, 8.41544723511, -2.26688313484], [13.9959363937, -47.0552215576, -78.4794387817, -9.70437335968, -17.9128379822, 2.38694834709, -8.08089256287, -3.61143708229, -21.0401477814, -16.1698455811, 8.41544723511, 105.53313446, 29.4622554779], [-65.6686706543, -6.76014995575, -17.7570457458, 3.40464711189, 4.2986664772, -13.0989999771, -21.4788913727, 2.34661507607, -7.62131166458, -8.94027709961, -2.26688313484, 29.4622554779, 92.1789627075]], "icov": [[0.000168828322785, 1.4654977349e-05, 0.000119051692309, -1.62965698109e-05, -1.89895308722e-05, 4.87437027914e-05, 1.75190070877e-05, -0.000155057263328, 0.000123685284052, -7.27013684809e-05, 0.00016974650498, 1.75114491867e-05, 0.000162478565471], [1.4654977349e-05, 0.00109330716077, 6.4917257987e-05, 0.000158113267389, -0.00036494716187, 9.89613326965e-05, -0.000202328199521, -0.000222807080718, 7.13838162483e-05, 0.000614510732703, -0.000263519294094, 0.000603577878792, -4.69993283332e-05], [0.000119051692309, 6.4917257987e-05, 0.00117985100951, -0.000280567473965, -0.000380442856112, 0.00040319818072, -0.000541686953511, 0.00048855796922, -0.000655029260088, 0.000260482076555, -5.58825631742e-05, 0.00067517592106, 1.75314435182e-05], [-1.62965698109e-05, 0.000158113267389, -0.000280567473965, 0.00346260191873, -0.00108883937355, -0.000853658129927, 0.000103495593066, 0.000148638428072, 0.000440042291302, -0.00111460336484, 0.00120192358736, -7.94749721535e-05, -0.000248914264375], [-1.89895308722e-05, -0.00036494716187, -0.000380442856112, -0.00108883937355, 0.005503017921, -0.000766246288549, 2.34141316469e-05, -0.000903599662706, -0.000117228744784, 0.000615020049736, -0.000307319627609, 0.000633673218545, -0.000570553354919], [4.87437027914e-05, 9.89613326965e-05, 0.00040319818072, -0.000853658129927, -0.000766246288549, 0.0068661365658, -0.00186149112415, -0.000896903162356, -0.00105319009162, 0.000466132711153, -0.000307883135974, -0.000559578533284, 0.000881116488017], [1.75190070877e-05, -0.000202328199521, -0.000541686953511, 0.000103495593066, 2.34141316469e-05, -0.00186149112415, 0.00623341230676, -0.00115158117842, 0.000969623564743, -0.00104325881694, 5.72373494379e-07, -0.000297828868497, 0.0011798258638], [-0.000155057263328, -0.000222807080718, 0.00048855796922, 0.000148638428072, -0.000903599662706, -0.000896903162356, -0.00115158117842, 0.00999425631016, -0.00238442327827, 0.000173351247213, -0.000431486289017, 0.000261599576334, -0.000920806778595], [0.000123685284052, 7.13838162483e-05, -0.000655029260088, 0.000440042291302, -0.000117228744784, -0.00105319009162, 0.000969623564743, -0.00238442327827, 0.00994164682925, -0.00178475899156, -0.00126755260862, 0.00129179225769, 0.000298168160953], [-7.27013684809e-05, 0.000614510732703, 0.000260482076555, -0.00111460336484, 0.000615020049736, 0.000466132711153, -0.00104325881694, 0.000173351247213, -0.00178475899156, 0.00936291739345, -0.00102052779403, 0.00152021460235, 0.000124214726384], [0.00016974650498, -0.000263519294094, -5.58825631742e-05, 0.00120192358736, -0.000307319627609, -0.000307883135974, 5.72373494379e-07, -0.000431486289017, -0.00126755260862, -0.00102052779403, 0.0106470659375, -0.00155157502741, 0.000582111417316], [1.75114491867e-05, 0.000603577878792, 0.00067517592106, -7.94749721535e-05, 0.000633673218545, -0.000559578533284, -0.000297828868497, 0.000261599576334, 0.00129179225769, 0.00152021460235, -0.00155157502741, 0.0119637548923, -0.00360315386206], [0.000162478565471, -4.69993283332e-05, 1.75314435182e-05, -0.000248914264375, -0.000570553354919, 0.000881116488017, 0.0011798258638, -0.000920806778595, 0.000298168160953, 0.000124214726384, 0.000582111417316, -0.00360315386206, 0.0126261655241]], "mean": [-655.004455566, 86.205871582, 0.723303198814, 23.9977626801, -4.67758131027, 2.50939965248, -4.04865264893, 1.33635020256, 5.71987342834, -2.95351791382, 1.85340249538, -7.12123727798, -2.2020843029]}, "pitch_salience": {"dmean": 0.0689101293683, "dmean2": 0.110040672123, "dvar": 0.00382555788383, "dvar2": 0.00939239840955, "max": 0.971320688725, "mean": 0.630342304707, "median": 0.644629597664, "min": 0.117239832878, "var": 0.0118077136576}, "silence_rate_20dB": {"dmean": 0, "dmean2": 0, "dvar": 0, "dvar2": 0, "max": 1, "mean": 1, "median": 1, "min": 1, "var": 0}, "silence_rate_30dB": {"dmean": 0, "dmean2": 0, "dvar": 0, "dvar2": 0, "max": 1, "mean": 1, "median": 1, "min": 1, "var": 0}, "silence_rate_60dB": {"dmean": 0.0922103896737, "dmean2": 0.184436127543, "dvar": 0.0837019830942, "dvar2": 0.167746976018, "max": 1, "mean": 0.185736879706, "median": 0, "min": 0, "var": 0.151246860623}, "spectral_centroid": {"dmean": 413.212432861, "dmean2": 616.910583496, "dvar": 197667.8125, "dvar2": 432643.65625, "max": 11616.6503906, "mean": 2021.64086914, "median": 1994.36791992, "min": 142.464706421, "var": 680282}, "spectral_complexity": {"dmean": 4.54427433014, "dmean2": 6.21090316772, "dvar": 30.175579071, "dvar2": 50.621181488, "max": 62, "mean": 17.9820251465, "median": 16, "min": 0, "var": 153.660369873}, "spectral_contrast_coeffs": {"dmean": [0.0529120713472, 0.0483147315681, 0.0434302873909, 0.0357042551041, 0.0275061819702, 0.0248136632144], "dmean2": [0.0857672840357, 0.0785095393658, 0.0673942565918, 0.0555802434683, 0.0416871123016, 0.0375791862607], "dvar": [0.00199198396876, 0.00170881277882, 0.00136207055766, 0.000951179245021, 0.000589488248806, 0.000572072982322], "dvar2": [0.00510138832033, 0.00419666059315, 0.00302172848023, 0.0020828503184, 0.00125950679649, 0.00125705858227], "max": [-0.372424542904, -0.396576702595, -0.433501780033, -0.486749589443, -0.497970163822, -0.469584077597], "mean": [-0.674739897251, -0.746884703636, -0.752349674702, -0.771591663361, -0.77710801363, -0.7294293046], "median": [-0.674287796021, -0.755620062351, -0.757087945938, -0.778147220612, -0.781264543533, -0.738656282425], "min": [-0.978763103485, -0.967847645283, -0.966310441494, -0.963126838207, -0.963721752167, -0.963889181614], "var": [0.0058480296284, 0.00508016906679, 0.00510481838137, 0.00419457443058, 0.00313451653346, 0.00252967490815]}, "spectral_contrast_valleys": {"dmean": [0.525008440018, 0.456957578659, 0.422918945551, 0.37370416522, 0.345353484154, 0.416422218084], "dmean2": [0.816606998444, 0.706944823265, 0.629635095596, 0.539685964584, 0.464586913586, 0.515081226826], "dvar": [0.245203703642, 0.208947211504, 0.184602230787, 0.158757373691, 0.140480309725, 0.18037353456], "dvar2": [0.503786683083, 0.426871567965, 0.354914665222, 0.288860917091, 0.25001847744, 0.326677501202], "max": [-5.40015411377, -4.78769445419, -5.31408214569, -5.40781641006, -5.33343791962, -7.78077888489], "mean": [-7.88253688812, -7.13571643829, -7.69868803024, -8.0244474411, -7.58556747437, -9.99409580231], "median": [-7.70517969131, -7.03151702881, -7.64004039764, -7.99198055267, -7.54414176941, -9.916472435], "min": [-27.9556312561, -27.6639556885, -27.7513828278, -27.6568279266, -27.3739528656, -27.3195991516], "var": [1.24119615555, 1.10746407509, 1.12546873093, 1.18421137333, 1.12961888313, 1.17355322838]}, "spectral_decrease": {"dmean": 1.29098831625e-09, "dmean2": 1.93463689513e-09, "dvar": 3.99284217582e-18, "dvar2": 9.82489149234e-18, "max": 1.1564902371e-29, "mean": -3.299761131e-09, "median": -2.52776399812e-09, "min": -2.17917719425e-08, "var": 8.77430842149e-18}, "spectral_energy": {"dmean": 0.00543596455827, "dmean2": 0.00799677800387, "dvar": 6.55608964735e-05, "dvar2": 0.000156443507876, "max": 0.0919542387128, "mean": 0.0144616607577, "median": 0.0108915735036, "min": 1.02935752909e-20, "var": 0.000162932818057}, "spectral_energyband_high": {"dmean": 0.000857725040987, "dmean2": 0.00127731857356, "dvar": 2.51072606261e-06, "dvar2": 6.11393579675e-06, "max": 0.0293431803584, "mean": 0.00145429989789, "median": 0.000760581693612, "min": 7.45157496103e-21, "var": 3.74507862944e-06}, "spectral_energyband_low": {"dmean": 0.00189920968842, "dmean2": 0.00307930074632, "dvar": 2.22903017857e-05, "dvar2": 5.81651038374e-05, "max": 0.0572029016912, "mean": 0.00245839357376, "median": 0.00117619638331, "min": 4.26987941238e-23, "var": 2.07257853617e-05}, "spectral_energyband_middle_high": {"dmean": 0.00178443954792, "dmean2": 0.0024964378681, "dvar": 7.4818703979e-06, "dvar2": 1.4594293134e-05, "max": 0.0407669954002, "mean": 0.00519848056138, "median": 0.00234373682179, "min": 1.49505332752e-21, "var": 4.57139103673e-05}, "spectral_energyband_middle_low": {"dmean": 0.00307263806462, "dmean2": 0.00494676828384, "dvar": 2.5933388315e-05, "dvar2": 6.74968541716e-05, "max": 0.0527882538736, "mean": 0.00587905943394, "median": 0.00407194113359, "min": 2.66677647562e-22, "var": 3.77606702386e-05}, "spectral_entropy": {"dmean": 0.17403845489, "dmean2": 0.241254761815, "dvar": 0.0267413780093, "dvar2": 0.0506853684783, "max": 9.81219959259, "mean": 7.8578953743, "median": 7.88613033295, "min": 5.81912374496, "var": 0.115527041256}, "spectral_flux": {"dmean": 0.0211009159684, "dmean2": 0.0314096063375, "dvar": 0.000616369012278, "dvar2": 0.00124242226593, "max": 0.26042163372, "mean": 0.0713553726673, "median": 0.0611176379025, "min": 6.79216960453e-11, "var": 0.00191731133964}, "spectral_kurtosis": {"dmean": 1.06581354141, "dmean2": 1.66309249401, "dvar": 1.45343565941, "dvar2": 3.69639182091, "max": 20.1618118286, "mean": 2.79495739937, "median": 2.46742200851, "min": -1.22257244587, "var": 3.79002785683}, "spectral_rms": {"dmean": 0.000693850393873, "dmean2": 0.000961359415669, "dvar": 7.29325847715e-07, "dvar2": 1.52319512381e-06, "max": 0.00947161298245, "mean": 0.00335805444047, "median": 0.00325974309817, "min": 3.16899241223e-12, "var": 2.83247004518e-06}, "spectral_rolloff": {"dmean": 1277.81787109, "dmean2": 2053.22387695, "dvar": 3256123, "dvar2": 7079370.5, "max": 18841.5527344, "mean": 3187.14819336, "median": 2670.1171875, "min": 21.533203125, "var": 5791292}, "spectral_skewness": {"dmean": 0.209347754717, "dmean2": 0.313650429249, "dvar": 0.0409964285791, "dvar2": 0.0925113335252, "max": 3.56298470497, "mean": 1.21920406818, "median": 1.1986964941, "min": -0.370681375265, "var": 0.141214564443}, "spectral_spread": {"dmean": 888131.4375, "dmean2": 1240988.5, "dvar": 902131941376, "dvar2": 1741382221820.0, "max": 42222724, "mean": 5576573.5, "median": 5292677