{"lowlevel": {"average_loudness": 0.952600181103, "barkbands": {"dmean": [7.79341207817e-05, 0.00199089781381, 0.00183684995864, 0.00099931738805, 0.00216740230098, 0.000802770373411, 0.000612448318861, 0.000561457243748, 0.000615243625361, 0.000515325053129, 0.000366580148693, 0.000357985816663, 0.000356964126695, 0.000498323875945, 0.000518440036103, 0.000409187981859, 0.000509826582856, 0.000287499016849, 0.000279126979876, 0.000231328071095, 0.00024332490284, 0.000227129654377, 0.000202489813091, 0.000156296489877, 8.50326032378e-05, 4.89727935928e-05, 1.45988678923e-05], "dmean2": [0.000118504169222, 0.00305372942239, 0.003152403282, 0.00167049188167, 0.00374147878028, 0.00134028377943, 0.00101618363988, 0.000898503698409, 0.000947432767134, 0.000802841619588, 0.000560260086786, 0.000571500975639, 0.00056882930221, 0.000799266912509, 0.0008262245683, 0.000651977898087, 0.000822311034426, 0.000462643365609, 0.000430207903264, 0.000359355617547, 0.000371405476471, 0.000348767003743, 0.000311190116918, 0.000236507883528, 0.000126586499391, 7.17932925909e-05, 2.16435146285e-05], "dvar": [3.65138141944e-08, 1.92486841115e-05, 1.61631651281e-05, 2.52914628618e-06, 4.68430189358e-05, 3.33058528668e-06, 2.09056088352e-06, 1.78534946826e-06, 2.43252679866e-06, 1.57517183652e-06, 7.66242749251e-07, 8.38486755583e-07, 7.18770536423e-07, 1.24021607917e-06, 1.09663096737e-06, 7.41549570193e-07, 8.74770421433e-07, 2.43614692863e-07, 2.73756597835e-07, 2.5001514814e-07, 3.68541890339e-07, 6.96160100233e-07, 1.25318854316e-06, 5.56870759283e-07, 3.88229537407e-08, 8.75085959251e-09, 8.55184090209e-10], "dvar2": [7.79713786869e-08, 4.43695498689e-05, 4.46408266725e-05, 6.53114011584e-06, 0.000128212413983, 8.35309947433e-06, 5.13693248649e-06, 4.26338101533e-06, 5.56293161935e-06, 3.58864099326e-06, 1.72947409283e-06, 1.98731572709e-06, 1.77055437689e-06, 3.2276964248e-06, 2.72661372946e-06, 1.8378390223e-06, 2.25319558922e-06, 6.24492997758e-07, 6.4085242002e-07, 6.00668840889e-07, 8.93708318017e-07, 1.7330173705e-06, 2.83831741399e-06, 1.34277433972e-06, 9.12583715262e-08, 1.96056095803e-08, 1.88880022733e-09], "max": [0.0028835576959, 0.0584594607353, 0.035258255899, 0.016603268683, 0.0749718770385, 0.0458876937628, 0.0296834986657, 0.0244043916464, 0.0430737063289, 0.0350927300751, 0.0224478561431, 0.0223386771977, 0.0169322360307, 0.0265282541513, 0.0199349056929, 0.017499987036, 0.0192494317889, 0.00969884824008, 0.0122717954218, 0.0111102545634, 0.0137632898986, 0.0218048412353, 0.0375407189131, 0.0261708255857, 0.00694876676425, 0.00133343751077, 0.000416644383222], "mean": [8.61291555339e-05, 0.00271790707484, 0.00211498141289, 0.00151430722326, 0.00220451527275, 0.000984432175756, 0.000715318659786, 0.00075421622023, 0.000974142807536, 0.000875604513567, 0.000584063411225, 0.000540064880624, 0.000542876834515, 0.00084884359967, 0.000804847630206, 0.000612238945905, 0.000725651509129, 0.000470816768939, 0.000508647819515, 0.000431520486018, 0.000422929326305, 0.000324359105434, 0.000259473396, 0.000204164171009, 0.000115438720968, 5.59345826332e-05, 1.51993181134e-05], "median": [1.55729157996e-05, 0.00110298441723, 0.000808851094916, 0.000681355129927, 0.000750161183532, 0.000382655998692, 0.000238426291617, 0.000174924265593, 0.000270420772722, 0.000288964773063, 0.000207200369914, 0.000169342907611, 0.000185111828614, 0.000258440326434, 0.000357273092959, 0.000279025523923, 0.00026606200845, 0.00021194088913, 0.000256779749179, 0.000190391074284, 0.000187766912859, 0.000120545068057, 5.96196805418e-05, 4.99627130921e-05, 2.84971629299e-05, 1.05676781459e-05, 1.88322781014e-06], "min": [8.53162140897e-25, 2.63557679016e-24, 1.44533537054e-24, 9.3495498664e-25, 2.86058871376e-24, 3.76302152907e-24, 8.72799965385e-24, 3.61485254626e-24, 1.80273870386e-23, 1.3228275991e-23, 2.06389836405e-23, 1.79020796392e-23, 2.67097731772e-23, 3.60250087775e-23, 4.66661554764e-23, 5.8397441682e-23, 5.75248479249e-23, 9.65653153779e-23, 1.50966343538e-22, 1.83420182153e-22, 2.44101634902e-22, 3.30653358208e-22, 4.82500247221e-22, 5.98517528303e-22, 9.6102776568e-22, 1.21221279091e-21, 1.89697758007e-21], "var": [4.33012914414e-08, 2.39811943175e-05, 1.30737316795e-05, 3.67961501979e-06, 3.32390991389e-05, 3.67213533536e-06, 2.39234236687e-06, 2.62544813268e-06, 5.27750535184e-06, 3.9153896978e-06, 1.55633824761e-06, 1.47332218603e-06, 1.35910954668e-06, 3.06027004626e-06, 1.86622548881e-06, 1.06037373371e-06, 1.33221215037e-06, 4.53364492614e-07, 5.63664627862e-07, 4.88697651235e-07, 5.32028593625e-07, 7.13106658168e-07, 1.57318754646e-06, 6.47851891244e-07, 5.54628734051e-08, 1.11760227739e-08, 1.01931496577e-09]}, "barkbands_crest": {"dmean": 2.62273573875, "dmean2": 4.2008433342, "dvar": 7.08413410187, "dvar2": 16.5262470245, "max": 26.2990703583, "mean": 8.1320438385, "median": 7.12064933777, "min": 2.13216543198, "var": 16.3593597412}, "barkbands_flatness_db": {"dmean": 0.0241515524685, "dmean2": 0.0346242524683, "dvar": 0.000705229293089, "dvar2": 0.00132278923411, "max": 0.450865000486, "mean": 0.105035193264, "median": 0.0939861312509, "min": 0.0179068185389, "var": 0.00271304789931}, "barkbands_kurtosis": {"dmean": 4.17759275436, "dmean2": 6.37734985352, "dvar": 394.923614502, "dvar2": 840.410400391, "max": 1140.81481934, "mean": 3.92407917976, "median": -0.0499937236309, "min": -1.93564653397, "var": 454.344787598}, "barkbands_skewness": {"dmean": 0.710373699665, "dmean2": 1.05787801743, "dvar": 0.93580955267, "dvar2": 1.87997770309, "max": 29.6168956757, "mean": 1.03899979591, "median": 0.716211974621, "min": -6.02425813675, "var": 2.72346258163}, "barkbands_spread": {"dmean": 8.4032497406, "dmean2": 12.9053325653, "dvar": 96.756362915, "dvar2": 224.898406982, "max": 113.502456665, "mean": 29.3275852203, "median": 27.7632217407, "min": 0.2201487571, "var": 249.653396606}, "dissonance": {"dmean": 0.0133273648098, "dmean2": 0.022219164297, "dvar": 0.00018859411648, "dvar2": 0.00050216919044, "max": 0.500000119209, "mean": 0.477565973997, "median": 0.482491642237, "min": 0.340606540442, "var": 0.000352558738086}, "dynamic_complexity": 3.1032845974, "erbbands": {"dmean": [0.06143854931, 0.468049585819, 1.76085746288, 3.09455871582, 5.31844091415, 8.13134098053, 4.92954540253, 7.4777674675, 7.7857427597, 10.9053573608, 11.6268825531, 14.6777324677, 17.1986846924, 14.0711507797, 13.0905952454, 14.5444202423, 16.4040279388, 23.1457233429, 26.6134529114, 21.0164165497, 23.9024505615, 24.5096988678, 18.1937541962, 13.809466362, 12.9099807739, 10.4337320328, 10.8700208664, 8.55694007874, 7.77982950211, 7.37862825394, 5.91996717453, 3.89723658562, 2.28621149063, 1.17731690407, 0.51815611124, 0.224667117, 0.0864658877254, 0.0184829924256, 0.00262297387235, 0.00015114810958], "dmean2": [0.0927309542894, 0.736670970917, 3.01973676682, 5.17898654938, 9.27639198303, 14.0129051208, 8.35094165802, 12.6400957108, 12.9890708923, 17.8144321442, 18.1550235748, 22.5639858246, 26.3018054962, 21.6116943359, 20.3215999603, 23.1108551025, 25.9415149689, 37.4327888489, 41.9691314697, 32.8919715881, 37.9097671509, 39.4656105042, 29.3695220947, 21.3883457184, 19.8143081665, 16.1087665558, 16.7897396088, 13.2350187302, 11.9499797821, 11.38276577, 9.07029151917, 5.93629264832, 3.48346590996, 1.77804219723, 0.771473288536, 0.332556992769, 0.12756074965, 0.0275258272886, 0.00389608414844, 0.000221954061999], "dvar": [0.0238528475165, 0.980176985264, 15.0532054901, 29.6230354309, 231.776596069, 698.161071777, 137.163574219, 339.16116333, 342.328796387, 715.093444824, 760.83013916, 1394.65734863, 1392.75744629, 1308.75537109, 967.631713867, 1471.65625, 1620.20874023, 3191.19360352, 2552.98217773, 1859.89025879, 1773.10998535, 1915.6072998, 1034.91589355, 639.079345703, 715.51348877, 547.711853027, 710.275817871, 557.773498535, 817.937683105, 884.473999023, 1239.7532959, 437.470336914, 94.3103485107, 10.6337690353, 1.19679439068, 0.184102073312, 0.0279171895236, 0.00132393697277, 2.77648778138e-05, 8.67157936568e-08], "dvar2": [0.054013133049, 2.33609461784, 41.3493690491, 76.6614379883, 645.728393555, 1883.71569824, 362.868621826, 847.922668457, 886.862121582, 1676.79492188, 1807.57214355, 3213.23022461, 3216.73120117, 2911.99462891, 2179.69238281, 3496.22143555, 4000.21923828, 8396.91308594, 6381.55224609, 4456.70214844, 4407.89501953, 4876.49707031, 2633.45556641, 1486.00415039, 1721.05895996, 1278.73693848, 1726.76330566, 1371.92089844, 2008.89868164, 2168.89477539, 2844.88305664, 1038.5826416, 231.487945557, 26.0417461395, 2.75723576546, 0.414831131697, 0.062558285892, 0.00300214323215, 6.15543685853e-05, 1.87736219459e-07], "max": [2.10978984833, 13.343460083, 36.012134552, 59.5574302673, 169.216415405, 298.777282715, 240.240936279, 555.941345215, 364.901489258, 757.801391602, 452.159637451, 1249.35229492, 877.159545898, 808.272399902, 813.924987793, 1004.30377197, 935.517883301, 1572.77770996, 1057.29626465, 910.202392578, 716.502380371, 698.429992676, 667.126831055, 663.442993164, 754.091369629, 666.392089844, 654.271362305, 574.995849609, 862.398193359, 860.239379883, 1172.015625, 638.676269531, 316.755126953, 120.525405884, 28.5798358917, 5.94951105118, 2.14793419838, 0.456884860992, 0.0858316719532, 0.00416423520073], "mean": [0.0715989172459, 0.636323571205, 2.2197842598, 4.52889537811, 5.7460975647, 7.93380069733, 6.0629196167, 9.06258583069, 9.67172718048, 12.9998397827, 17.5348873138, 23.9499797821, 28.9796466827, 23.9833660126, 22.9747676849, 23.3248939514, 26.5663261414, 41.0281257629, 46.1111450195, 33.550113678, 39.8704566956, 36.0896568298, 29.2577838898, 25.6406536102, 24.1228046417, 19.7506580353, 18.6388187408, 14.4055089951, 11.4690561295, 9.90950393677, 7.37120056152, 4.96301460266, 2.96488165855, 1.5805760622, 0.689129769802, 0.273670971394, 0.0955630540848, 0.019558513537, 0.00275274831802, 0.000173420005012], "median": [0.018860347569, 0.27998059988, 0.975500524044, 1.78390657902, 2.70783519745, 2.05444002151, 2.31782460213, 3.40836191177, 4.07582807541, 3.2472243309, 4.83536434174, 7.31727075577, 10.6382217407, 9.2216053009, 9.48298740387, 8.19460868835, 10.5918426514, 14.1159753799, 21.6794662476, 15.3149652481, 19.5675296783, 14.8713417053, 12.7523813248, 13.8555936813, 11.7376451492, 8.8399438858, 7.69059610367, 6.55992174149, 4.4564948082, 2.94906544685, 1.64813268185, 1.14964210987, 0.732274472713, 0.379008978605, 0.168713644147, 0.0604315400124, 0.0164027065039, 0.00293683400378, 0.000363143335562, 4.56894485978e-05], "min": [3.8768739581e-23, 6.32763532677e-22, 1.87024809484e-21, 7.08817206128e-21, 1.37716734728e-20, 6.62854640741e-21, 3.21300311306e-20, 4.59911968215e-20, 1.18474455422e-19, 1.19856596678e-19, 2.16848292713e-19, 5.11720913693e-19, 2.95086886608e-19, 6.1674327978e-19, 1.28959318653e-18, 8.08229542828e-19, 1.87559254109e-18, 1.90758416487e-18, 2.42402941723e-18, 2.75212750528e-18, 3.90653952738e-18, 4.37693811659e-18, 5.79481750355e-18, 6.87664401332e-18, 7.14983902218e-18, 8.53612093692e-18, 9.16373016463e-18, 8.4356780495e-18, 1.18922979117e-17, 1.21972752676e-17, 1.42999212355e-17, 1.06986465093e-17, 1.04835266105e-17, 8.39959229528e-18, 6.29048397893e-18, 4.35891509181e-18, 2.31133267622e-18, 1.00862547165e-18, 2.21442608931e-19, 2.75443259915e-20], "var": [0.0268380697817, 1.17816221714, 12.8194208145, 37.0078697205, 165.429992676, 502.816223145, 124.094856262, 360.575408936, 375.539123535, 919.321777344, 1315.30456543, 3336.07861328, 3215.08520508, 2782.24560547, 2112.06787109, 2630.09521484, 3035.99731445, 7974.75097656, 4851.5, 3000.30273438, 3081.91210938, 2810.48071289, 1881.83361816, 1367.85791016, 1378.49438477, 1060.17944336, 1073.05810547, 698.225463867, 861.158569336, 959.090454102, 1516.94055176, 529.02331543, 105.618209839, 13.423327446, 1.77482151985, 0.250633746386, 0.0345381908119, 0.00155214231927, 3.31349147018e-05, 1.05631919212e-07]}, "erbbands_crest": {"dmean": 2.40860533714, "dmean2": 3.93588423729, "dvar": 5.48927688599, "dvar2": 13.6167430878, "max": 32.9938468933, "mean": 7.87204027176, "median": 7.02039480209, "min": 2.24577879906, "var": 12.7256765366}, "erbbands_flatness_db": {"dmean": 0.0212518591434, "dmean2": 0.0298703741282, "dvar": 0.000442113727331, "dvar2": 0.000887220958248, "max": 0.322189539671, "mean": 0.145823970437, "median": 0.142056524754, "min": 0.0296591054648, "var": 0.00200408673845}, "erbbands_kurtosis": {"dmean": 1.12264955044, "dmean2": 1.80619525909, "dvar": 3.93317937851, "dvar2": 9.0713224411, "max": 51.5660705566, "mean": 0.543999195099, "median": -0.0396785251796, "min": -1.81316018105, "var": 6.5799164772}, "erbbands_skewness": {"dmean": 0.425608694553, "dmean2": 0.655775308609, "dvar": 0.203475221992, "dvar2": 0.457070112228, "max": 5.389316082, "mean": -0.108437441289, "median": -0.154074341059, "min": -5.42344284058, "var": 0.659508407116}, "erbbands_spread": {"dmean": 10.8329534531, "dmean2": 16.7831878662, "dvar": 147.683990479, "dvar2": 342.012878418, "max": 148.397125244, "mean": 38.6712684631, "median": 33.6892166138, "min": 2.25749611855, "var": 411.695739746}, "gfcc": {"cov": [[21802.7050781, -350.062561035, -1982.61425781, 410.453979492, -866.395080566, 7.73669719696, -604.215393066, 116.787910461, -422.430419922, 72.4109725952, -410.898010254, 54.742767334, -190.424499512], [-350.062561035, 2100.05761719, -178.482055664, 125.027145386, 308.32119751, 65.9106369019, 102.880256653, -68.1458892822, 108.952980042, -148.543380737, 114.717933655, -79.6978759766, -1.32492184639], [-1982.61425781, -178.482055664, 1576.06323242, 302.702911377, 121.967445374, 89.0202560425, 41.3239860535, -7.5744433403, 22.8662834167, 54.2555236816, 15.7617940903, 49.0309028625, -14.2599229813], [410.453979492, 125.027145386, 302.702911377, 519.041137695, 69.1822052002, 79.2575454712, -10.7017869949, 0.809298872948, 52.8872756958, 1.8729763031, 16.2822799683, -3.50286746025, 14.2602968216], [-866.395080566, 308.32119751, 121.967445374, 69.1822052002, 441.890167236, 86.0023803711, 78.8693161011, 32.0220184326, 74.5301132202, -10.9918003082, -24.3992195129, -2.44993066788, 23.9662780762], [7.73669719696, 65.9106369019, 89.0202560425, 79.2575454712, 86.0023803711, 217.996948242, 83.8248977661, 38.0673027039, 20.7883491516, 6.07088899612, 5.40417480469, -9.49238395691, -4.17538642883], [-604.215393066, 102.880256653, 41.3239860535, -10.7017869949, 78.8693161011, 83.8248977661, 232.893814087, 59.8663520813, 8.92659854889, 12.7249927521, 21.4111804962, -21.5349292755, -14.844997406], [116.787910461, -68.1458892822, -7.5744433403, 0.809298872948, 32.0220184326, 38.0673027039, 59.8663520813, 144.430130005, 45.883392334, 22.1686782837, -19.0985565186, -7.84716749191, -2.31321525574], [-422.430419922, 108.952980042, 22.8662834167, 52.8872756958, 74.5301132202, 20.7883491516, 8.92659854889, 45.883392334, 135.627838135, 21.6522121429, 9.02576541901, -10.9058589935, 8.66531276703], [72.4109725952, -148.543380737, 54.2555236816, 1.8729763031, -10.9918003082, 6.07088899612, 12.7249927521, 22.1686782837, 21.6522121429, 105.6170578, 17.5351657867, 2.857213974, -8.4558839798], [-410.898010254, 114.717933655, 15.7617940903, 16.2822799683, -24.3992195129, 5.40417480469, 21.4111804962, -19.0985565186, 9.02576541901, 17.5351657867, 99.6082839966, 17.0332717896, -2.9878013134], [54.742767334, -79.6978759766, 49.0309028625, -3.50286746025, -2.44993066788, -9.49238395691, -21.5349292755, -7.84716749191, -10.9058589935, 2.857213974, 17.0332717896, 79.1526489258, 30.2303905487], [-190.424499512, -1.32492184639, -14.2599229813, 14.2602968216, 23.9662780762, -4.17538642883, -14.844997406, -2.31321525574, 8.66531276703, -8.4558839798, -2.9878013134, 30.2303905487, 73.2648544312]], "icov": [[0.000109426124254, -0.000104763348645, 0.000179122551344, -0.0002421795798, 0.000206404700293, -0.000155605841428, 0.000260825530859, -0.000239085304202, 0.000409399101045, -0.000404599413741, 0.000679285672959, -0.000527790863998, 0.000483791955048], [-0.000104763348645, 0.00090876116883, -6.5283056756e-05, 0.000130266096676, -0.000728899205569, 0.000184797172551, -0.000421001663199, 0.000647321692668, -0.00090761273168, 0.00163983169477, -0.00192175013945, 0.00138983456418, -0.000465050892672], [0.000179122551344, -6.5283056756e-05, 0.00109205907211, -0.000866462651175, 0.000117137373309, -0.000338472949807, 0.000234851322602, -0.000118845433462, 0.000636453914922, -0.000907287176233, 0.00115953292698, -0.00152582908049, 0.00132868951187], [-0.0002421795798, 0.000130266096676, -0.000866462651175, 0.00299835507758, -0.000461825024104, -0.000482841016492, 1.99756141228e-05, 0.000562824134249, -0.00153178244364, 0.00103971082717, -0.00188644579612, 0.00178075034637, -0.00174450443592], [0.000206404700293, -0.000728899205569, 0.000117137373309, -0.000461825024104, 0.00375875993632, -0.00102314946707, -0.000442999182269, -0.000172272950294, -0.000657258962747, -0.00103836890776, 0.0033665667288, -0.00194940681104, 0.000152454289491], [-0.000155605841428, 0.000184797172551, -0.000338472949807, -0.000482841016492, -0.00102314946707, 0.00621193693951, -0.00207663187757, -0.000433620967669, -0.000417219096562, 0.000651498325169, -0.00119456101675, 0.000925633474253, -0.000424853642471], [0.000260825530859, -0.000421001663199, 0.000234851322602, 1.99756141228e-05, -0.000442999182269, -0.00207663187757, 0.007044528611, -0.00331836962141, 0.00253975810483, -0.00128626811784, -0.000694653601386, 0.000613490003161, 0.00133098231163], [-0.000239085304202, 0.000647321692668, -0.000118845433462, 0.000562824134249, -0.000172272950294, -0.000433620967669, -0.00331836962141, 0.0106103960425, -0.0046997833997, 2.68264625447e-06, 0.00128141068853, 0.000299071718473, -0.000563085020985], [0.000409399101045, -0.00090761273168, 0.000636453914922, -0.00153178244364, -0.000657258962747, -0.000417219096562, 0.00253975810483, -0.0046997833997, 0.0122763589025, -0.00387229258195, 0.000855025369674, 9.56578005571e-05, 0.000123638747027], [-0.000404599413741, 0.00163983169477, -0.000907287176233, 0.00103971082717, -0.00103836890776, 0.000651498325169, -0.00128626811784, 2.68264625447e-06, -0.00387229258195, 0.0142171951011, -0.00623613456264, 0.00275007076561, -0.000574821722694], [0.000679285672959, -0.00192175013945, 0.00115953292698, -0.00188644579612, 0.0033665667288, -0.00119456101675, -0.000694653601386, 0.00128141068853, 0.000855025369674, -0.00623613456264, 0.0191411264241, -0.00886846147478, 0.00467302743345], [-0.000527790863998, 0.00138983456418, -0.00152582908049, 0.00178075034637, -0.00194940681104, 0.000925633474253, 0.000613490003161, 0.000299071718473, 9.56578005571e-05, 0.00275007076561, -0.00886846147478, 0.021317852661, -0.0100177638233], [0.000483791955048, -0.000465050892672, 0.00132868951187, -0.00174450443592, 0.000152454289491, -0.000424853642471, 0.00133098231163, -0.000563085020985, 0.000123638747027, -0.000574821722694, 0.00467302743345, -0.0100177638233, 0.0199172310531]], "mean": [-9.54909420013, 63.1549568176, -120.061523438, 34.531627655, -51.4165687561, 12.9950752258, -33.5857658386, 5.64619970322, -21.6956558228, 0.140774562955, -19.2576293945, -3.29945707321, -10.4881191254]}, "hfc": {"dmean": 10.6513967514, "dmean2": 14.9232158661, "dvar": 546.371704102, "dvar2": 1225.51330566, "max": 579.903015137, "mean": 26.0261039734, "median": 18.9824333191, "min": 1.08140875047e-16, "var": 951.073852539}, "melbands": {"dmean": [0.000541486311704, 0.000777404813562, 0.000540686713066, 0.000540122273378, 0.000195470100152, 0.000162873475347, 0.000121151642816, 0.000120216536743, 9.41590406001e-05, 9.48998567765e-05, 8.61286607687e-05, 5.82032080274e-05, 4.6979450417e-05, 4.09132007917e-05, 3.63409126294e-05, 3.58989309461e-05, 4.85460550408e-05, 4.44470933871e-05, 3.57214958058e-05, 2.80986077996e-05, 3.12011870847e-05, 2.69486026809e-05, 2.43387275987e-05, 1.20216891446e-05, 1.22150486277e-05, 1.0593411389e-05, 9.37610002438e-06, 6.80918219587e-06, 7.41491658118e-06, 6.14123564446e-06, 4.80455628349e-06, 4.65708444608e-06, 4.63962896902e-06, 3.89356591768e-06, 3.63721051144e-06, 2.8740387279e-06, 2.32447064263e-06, 1.7912899466e-06, 1.1166208651e-06, 1.01256080143e-06], "dmean2": [0.00081441475777, 0.0012914451072, 0.000906602945179, 0.000937619945034, 0.000329626200255, 0.000273772369837, 0.000201525399461, 0.000195871150936, 0.000146319158375, 0.000146276637679, 0.000132560337079, 9.00382874534e-05, 7.22973054508e-05, 6.44386163913e-05, 5.84228619118e-05, 5.71300479351e-05, 7.88866018411e-05, 7.0407797466e-05, 5.71123891859e-05, 4.47667080152e-05, 4.99068155477e-05, 4.31876796938e-05, 4.01042671001e-05, 1.92718198377e-05, 1.90662176465e-05, 1.64240318554e-05, 1.48704357343e-05, 1.06454699562e-05, 1.15886095955e-05, 9.54323058977e-06, 7.51418747313e-06, 7.33974638933e-06, 7.1760141509e-06, 6.10925781075e-06, 5.63666526432e-06, 4.40732173956e-06, 3.6157393879e-06, 2.76153218692e-06, 1.72818681676e-06, 1.54318308887e-06], "dvar": [1.6205490283e-06, 2.69412998932e-06, 8.45707404551e-07, 3.17372291647e-06, 2.24060656251e-07, 1.48665733946e-07, 7.95139882825e-08, 8.33927984445e-08, 5.16862037614e-08, 5.91817439499e-08, 3.61022216566e-08, 2.52207854601e-08, 1.26020829327e-08, 9.23564869026e-09, 1.30840946966e-08, 5.92519322495e-09, 1.5661859365e-08, 7.16374515264e-09, 7.56120055456e-09, 4.49865922292e-09, 2.96138225053e-09, 2.22853047127e-09, 2.43402720201e-09, 4.4472570071e-10, 5.48101231068e-10, 5.15659681621e-10, 4.78529493808e-10, 2.36154151789e-10, 3.34978489391e-10, 2.49292003707e-10, 2.04896710709e-10, 2.94286595093e-10, 3.39539812932e-10, 2.70051647711e-10, 4.76379158343e-10, 2.86129203664e-10, 1.61431798484e-10, 6.34437294367e-11, 1.56920899885e-11, 7.42454188407e-12], "dvar2": [3.66876633962e-06, 7.14980888006e-06, 2.22247240345e-06, 8.70164240041e-06, 5.90823958646e-07, 3.72089431266e-07, 2.00789045834e-07, 1.95231578459e-07, 1.20188119013e-07, 1.37843315429e-07, 8.37612219584e-08, 5.62730981812e-08, 2.79375118595e-08, 2.15479829535e-08, 3.35419230169e-08, 1.50089540796e-08, 4.11388327848e-08, 1.81862596094e-08, 1.92848670366e-08, 1.11368549938e-08, 7.46795691953e-09, 5.64421798188e-09, 6.40488773129e-09, 1.1217017315e-09, 1.27106969394e-09, 1.22397902924e-09, 1.21976295731e-09, 5.51789725023e-10, 8.18681844539e-10, 6.32284891111e-10, 5.10061992642e-10, 7.47918948996e-10, 8.56760440371e-10, 6.53598286604e-10, 1.09542275251e-09, 6.61203036767e-10, 4.02335664784e-10, 1.56098023396e-10, 4.04356791106e-11, 1.83432297129e-11], "max": [0.0166717264801, 0.0151400258765, 0.00872569344938, 0.0197517760098, 0.00760073959827, 0.010928963311, 0.00525945983827, 0.00819608010352, 0.00436998251826, 0.00679296208546, 0.0045119440183, 0.00380883086473, 0.00315986457281, 0.00207064300776, 0.00349559867755, 0.00150731636677, 0.00322656007484, 0.00166404270567, 0.00210343720391, 0.00143508182373, 0.000805540068541, 0.000796915090177, 0.00151843565982, 0.000375916715711, 0.000658320554066, 0.000557378283702, 0.000690050132107, 0.000457736750832, 0.000519555993378, 0.000475287000882, 0.000407569052186, 0.000564125191886, 0.000661205151118, 0.00042570970254, 0.000718817987945, 0.000527309603058, 0.000468548998469, 0.000271139637334, 0.000113479407446, 0.000114357790153], "mean": [0.00068988307612, 0.00107842264697, 0.000781228998676, 0.000526924151927, 0.000236737789237, 0.000199117523152, 0.000149580024299, 0.000145501340739, 0.000144247576827, 0.000151355983689, 0.000141512020491, 9.46878790273e-05, 7.84369476605e-05, 6.52793823974e-05, 5.39239117643e-05, 5.55786791665e-05, 8.03743751021e-05, 7.46330115362e-05, 5.34583487024e-05, 4.16591610701e-05, 4.91995779157e-05, 3.95106944779e-05, 3.22097948811e-05, 2.01958609978e-05, 2.09248919418e-05, 1.81345440069e-05, 1.65105229826e-05, 1.1903511222e-05, 1.20683780551e-05, 1.00447523437e-05, 7.49774471842e-06, 6.51648770145e-06, 6.22292236585e-06, 5.06298283653e-06, 4.39667792307e-06, 3.4897614114e-06, 2.88127444037e-06, 2.23782831199e-06, 1.47121170357e-06, 1.32093634875e-06], "median": [0.000241913745413, 0.000531747471541, 0.000381444464438, 0.000183703232324, 8.38866399135e-05, 7.64017604524e-05, 6.05336681474e-05, 3.61812126357e-05, 3.58982942998e-05, 4.48756654805e-05, 4.81441420561e-05, 3.25924811477e-05, 3.03516389977e-05, 2.08437995752e-05, 1.6818754375e-05, 1.98723282665e-05, 2.17801934923e-05, 3.26339286403e-05, 2.04479038075e-05, 1.83338815987e-05, 2.21241152758e-05, 1.50902078531e-05, 1.17405916171e-05, 9.34541185416e-06, 1.00272836789e-05, 7.88006400398e-06, 7.38289463698e-06, 4.76544710182e-06, 4.70575423606e-06, 4.19509933636e-06, 3.26155463881e-06, 2.40082181335e-06, 1.9410178993e-06, 1.35543314173e-06, 9.47698254095e-07, 7.10254369096e-07, 6.58165959067e-07, 5.42925477021e-07, 3.38006884704e-07, 3.09183633362e-07], "min": [5.71196234885e-25, 7.66190226096e-25, 1.36840940216e-24, 5.01932669685e-25, 1.22270708878e-24, 8.82462702892e-25, 1.8308203377e-24, 8.85788441861e-25, 2.19080202344e-24, 3.11519712079e-24, 1.24254398232e-24, 2.31731776049e-24, 4.24303668458e-24, 2.59406712655e-24, 2.89769633631e-24, 2.6326720071e-24, 2.96188200386e-24, 3.02708411869e-24, 3.75553997225e-24, 3.67426087217e-24, 3.87531232906e-24, 3.3078414898e-24, 3.37795722199e-24, 4.13359525019e-24, 5.04344256915e-24, 5.31992017263e-24, 4.1366378867e-24, 5.32331700769e-24, 5.78168976426e-24, 4.53618410228e-24, 4.87111629884e-24, 6.04524582611e-24, 5.79746658794e-24, 6.05021998855e-24, 7.28612284673e-24, 4.35326027456e-24, 6.17753385561e-24, 6.17977067071e-24, 6.57719918919e-24, 6.1152501317e-24], "var": [1.94619974536e-06, 2.70672285296e-06, 9.87926114249e-07, 2.20520405492e-06, 1.97378980715e-07, 1.62295719974e-07, 9.05925929828e-08, 1.11460721541e-07, 9.89306201404e-08, 1.28574285441e-07, 8.40782448108e-08, 5.18752543144e-08, 2.70664628488e-08, 1.97746707897e-08, 1.89874782563e-08, 1.09268958326e-08, 3.72982924546e-08, 1.33039792516e-08, 1.21617365068e-08, 5.93076165956e-09, 5.13419573522e-09, 3.61306318197e-09, 3.14799364354e-09, 8.59060378389e-10, 1.11607212361e-09, 9.78790937189e-10, 7.4761391522e-10, 4.39181385703e-10, 4.99145058619e-10, 3.21014881344e-10, 2.32937918954e-10, 2.86862755772e-10, 3.35501015858e-10, 3.00015179366e-10, 5.70374691922e-10, 3.58417295843e-10, 1.73342118437e-10, 6.94127255674e-11, 1.68293625563e-11, 9.01057874148e-12]}, "melbands_crest": {"dmean": 3.54030132294, "dmean2": 5.75154924393, "dvar": 11.4118890762, "dvar2": 27.3752155304, "max": 37.7561988831, "mean": 12.456618309, "median": 11.5327415466, "min": 1.60483944416, "var": 30.7293510437}, "melbands_flatness_db": {"dmean": 0.0317611508071, "dmean2": 0.045575607568, "dvar": 0.00122673588339, "dvar2": 0.00227441941388, "max": 0.567709863186, "mean": 0.156914934516, "median": 0.140847399831, "min": 0.00294814514928, "var": 0.00593367544934}, "melbands_kurtosis": {"dmean": 9.8712310791, "dmean2": 15.2012195587, "dvar": 679.528076172, "dvar2": 1444.14038086, "max": 718.156005859, "mean": 13.1917352676, "median": 3.06575679779, "min": -1.94117927551, "var": 1105.56958008}, "melbands_skewness": {"dmean": 0.938162624836, "dmean2": 1.41674971581, "dvar": 1.35387146473, "dvar2": 2.9042289257, "max": 18.6186485291, "mean": 2.30063199997, "median": 1.74089550972, "min": -1.93168985844, "var": 4.35148477554}, "melbands_spread": {"dmean": 12.8067770004, "dmean2": 19.7445240021, "dvar": 288.582061768, "dvar2": 640.550476074, "max": 266.421295166, "mean": 39.2366905212, "median": 33.2360420227, "min": 0.276438653469, "var": 940.305541992}, "mfcc": {"cov": [[9262.73046875, -293.0184021, -722.715026855, 41.675239563, -187.379562378, -137.479248047, -182.936309814, -71.432144165, 32.7406539917, -43.7603340149, -57.5954170227, -72.1268081665, -84.2297592163], [-293.0184021, 1746.71044922, -170.503204346, 91.1552124023, 185.116958618, 124.024154663, 76.6654434204, 123.582992554, -8.38744449615, -8.08332157135, 62.9575614929, 16.3280277252, -20.443529129], [-722.715026855, -170.503204346, 1183.32434082, 258.283325195, 118.862510681, 110.878540039, 51.4145927429, -2.86414957047, -30.0034046173, 0.95654708147, -8.62389183044, 51.9995803833, 95.2973403931], [41.675239563, 91.1552124023, 258.283325195, 392.191375732, 158.753585815, 89.3913574219, 9.98833942413, 25.264957428, 29.1325073242, 17.86302948, -11.027639389, 20.0767917633, 30.9306411743], [-187.379562378, 185.116958618, 118.862510681, 158.753585815, 345.537322998, 107.837638855, -15.195971489, 51.1169776917, 66.6448822021, 17.344045639, -6.4513258934, -5.51436901093, 11.0504264832], [-137.479248047, 124.024154663, 110.878540039, 89.3913574219, 107.837638855, 207.191543579, 81.6508102417, 43.5723114014, 21.7429122925, 24.3461971283, 10.6189422607, 18.7046642303, 14.7842578888], [-182.936309814, 76.6654434204, 51.4145927429, 9.98833942413, -15.195971489, 81.6508102417, 191.229370117, 62.707359314, 23.8796482086, 24.2452926636, 33.1162528992, 17.0040950775, 5.8482336998], [-71.432144165, 123.582992554, -2.86414957047, 25.264957428, 51.1169776917, 43.5723114014, 62.707359314, 139.681777954, 55.1401405334, 20.5568218231, 20.8058795929, 8.92158603668, 0.788596332073], [32.7406539917, -8.38744449615, -30.0034046173, 29.1325073242, 66.6448822021, 21.7429122925, 23.8796482086, 55.1401405334, 146.054794312, 57.8677101135, 10.1268415451, 0.424182742834, -2.14694452286], [-43.7603340149, -8.08332157135, 0.95654708147, 17.86302948, 17.344045639, 24.3461971283, 24.2452926636, 20.5568218231, 57.8677101135, 111.783744812, 46.8199005127, 6.57741451263, 1.76643311977], [-57.5954170227, 62.9575614929, -8.62389183044, -11.027639389, -6.4513258934, 10.6189422607, 33.1162528992, 20.8058795929, 10.1268415451, 46.8199005127, 98.9777145386, 35.4460754395, 8.98229694366], [-72.1268081665, 16.3280277252, 51.9995803833, 20.0767917633, -5.51436901093, 18.7046642303, 17.0040950775, 8.92158603668, 0.424182742834, 6.57741451263, 35.4460754395, 84.9862289429, 36.2751579285], [-84.2297592163, -20.443529129, 95.2973403931, 30.9306411743, 11.0504264832, 14.7842578888, 5.8482336998, 0.788596332073, -2.14694452286, 1.76643311977, 8.98229694366, 36.2751579285, 84.6404418945]], "icov": [[0.0001205638182, 2.12502473005e-05, 8.19677661639e-05, -0.000113304457045, 0.000102016296296, -3.30089387717e-05, 0.000108570944576, 9.28901226871e-06, -7.95636879047e-05, 8.29292039271e-05, -3.22565247188e-05, 5.92233154748e-05, 3.33796888299e-05], [2.12502473005e-05, 0.00071745167952, 0.00019929408154, -0.000150096704601, -0.000356619158993, -0.00019031620468, -0.000106452789623, -0.000491804385092, 0.000429243897088, 0.000275480677374, -0.000494847889058, -7.44018916521e-06, 0.000177481619176], [8.19677661639e-05, 0.00019929408154, 0.00121307652444, -0.000684161961544, -0.000196745691937, -0.0002005011047, -0.000290577707347, 7.86058226367e-05, 0.000506097392645, -2.83895460598e-05, 0.000137959606946, -0.000169761944562, -0.000834489765111], [-0.000113304457045, -0.000150096704601, -0.000684161961544, 0.0037990862038, -0.00128431199118, -0.000479448091937, 4.1761999455e-05, -1.18656535051e-05, -1.22340088637e-05, -0.000719042844139, 0.000991928623989, -0.000770065875258, -0.000278915453237], [0.000102016296296, -0.000356619158993, -0.000196745691937, -0.00128431199118, 0.00516281044111, -0.00239095021971, 0.00219222786836, -0.000800919195171, -0.00221050833352, 0.000892373616807, -0.000504038471263, 0.00136618001852, -0.000300906162011], [-3.30089387717e-05, -0.00019031620468, -0.0002005011047, -0.000479448091937, -0.00239095021971, 0.00800979230553, -0.00348615343682, -0.000142894641613, 0.00111971620936, -0.00160701386631, 0.00136298616417, -0.00141034519766, -8.40027382765e-07], [0.000108570944576, -0.000106452789623, -0.000290577707347, 4.1761999455e-05, 0.00219222786836, -0.00348615343682, 0.00836866907775, -0.00278537999839, -0.000912720628548, 0.000367059808923, -0.0018614360597, 0.000512918632012, 0.00011157503468], [9.28901226871e-06, -0.000491804385092, 7.86058226367e-05, -1.18656535051e-05, -0.000800919195171, -0.000142894641613, -0.00278537999839, 0.0105957919732, -0.00351565331221, 0.00107120454777, -0.0011047560256, -0.000169002392795, 0.000107688858407], [-7.95636879047e-05, 0.000429243897088, 0.000506097392645, -1.22340088637e-05, -0.00221050833352, 0.00111971620936, -0.000912720628548, -0.00351565331221, 0.0115353185683, -0.00603197189048, 0.0025287552271, -0.00104545988142, 0.00024617521558], [8.29292039271e-05, 0.000275480677374, -2.83895460598e-05, -0.000719042844139, 0.000892373616807, -0.00160701386631, 0.000367059808923, 0.00107120454777, -0.00603197189048, 0.0153222521767, -0.00788862165064, 0.00264956685714, -0.000198519148398], [-3.22565247188e-05, -0.000494847889058, 0.000137959606946, 0.000991928623989, -0.000504038471263, 0.00136298616417, -0.0018614360597, -0.0011047560256, 0.0025287552271, -0.00788862165064, 0.0170843675733, -0.00691101141274, 0.000674852752127], [5.92233154748e-05, -7.44018916521e-06, -0.000169761944562, -0.000770065875258, 0.00136618001852, -0.00141034519766, 0.000512918632012, -0.000169002392795, -0.00104545988142, 0.00264956685714, -0.00691101141274, 0.0178468637168, -0.00643339566886], [3.33796888299e-05, 0.000177481619176, -0.000834489765111, -0.000278915453237, -0.000300906162011, -8.40027382765e-07, 0.00011157503468, 0.000107688858407, 0.00024617521558, -0.000198519148398, 0.000674852752127, -0.00643339566886, 0.0156589634717]], "mean": [-643.340698242, 94.6094512939, -8.04214382172, 23.4133472443, 3.71531319618, 8.19976615906, -0.631648182869, 3.1763920784, 2.84947800636, 2.19694280624, -2.36098313332, -3.2960357666, -3.55602478981]}, "pitch_salience": {"dmean": 0.0740839913487, "dmean2": 0.118424534798, "dvar": 0.0049309367314, "dvar2": 0.0116423107684, "max": 0.987853705883, "mean": 0.593382775784, "median": 0.599644780159, "min": 0.0697380751371, "var": 0.0128376344219}, "silence_rate_20dB": {"dmean": 0, "dmean2": 0, "dvar": 0, "dvar2": 0, "max": 1, "mean": 1, "median": 1, "min": 1, "var": 0}, "silence_rate_30dB": {"dmean": 0, "dmean2": 0, "dvar": 0, "dvar2": 0, "max": 1, "mean": 1, "median": 1, "min": 1, "var": 0}, "silence_rate_60dB": {"dmean": 0.040658518672, "dmean2": 0.0813271775842, "dvar": 0.0390051268041, "dvar2": 0.0866818875074, "max": 1, "mean": 0.0924055352807, "median": 0, "min": 0, "var": 0.0838720351458}, "spectral_centroid": {"dmean": 363.319458008, "dmean2": 555.02935791, "dvar": 177502.875, "dvar2": 369700.8125, "max": 11693.84375, "mean": 1953.53637695, "median": 1889.18383789, "min": 138.405441284, "var": 1523119.25}, "spectral_complexity": {"dmean": 5.248939991, "dmean2": 7.32693004608, "dvar": 31.5083675385, "dvar2": 52.9974212646, "max": 57, "mean": 21.444694519, "median": 22, "min": 0, "var": 150.572647095}, "spectral_contrast_coeffs": {"dmean": [0.0563002675772, 0.0495386496186, 0.0411080941558, 0.0385611876845, 0.0295777339488, 0.0216576494277], "dmean2": [0.090801037848, 0.0813149362803, 0.0637322738767, 0.0588967725635, 0.045121062547, 0.0322418771684], "dvar": [0.00250133685768, 0.00168009416666, 0.00113848934416, 0.00102255842648, 0.000684911559802, 0.000401441298891], "dvar2": [0.0063936621882, 0.00436423253268, 0.00269142608158, 0.00226418254897, 0.0014817530755, 0.000825477822218], "max": [-0.335838973522, -0.470323771238, -0.43795055151, -0.529568910599, -0.553032100201, -0.571126818657], "mean": [-0.654739379883, -0.755334019661, -0.772740542889, -0.759565234184, -0.769142985344, -0.755544006824], "median": [-0.656215250492, -0.759349644184, -0.776487588882, -0.76069521904, -0.771918475628, -0.75784945488], "min": [-0.9786632061, -0.98710924387, -0.973070263863, -0.969158351421, -0.967004835606, -0.965852975845], "var": [0.00725579634309, 0.00536653818563, 0.00538496859372, 0.00478980038315, 0.0034776807297, 0.0027453424409]}, "spectral_contrast_valleys": {"dmean": [0.454632818699, 0.465901017189, 0.402455687523, 0.43279466033, 0.37598451972, 0.422802507877], "dmean2": [0.711730122566, 0.715298235416, 0.603838503361, 0.610699236393, 0.499926000834, 0.500685274601], "dvar": [0.190033838153, 0.203119650483, 0.153901055455, 0.177581563592, 0.168141260743, 0.242129832506], "dvar2": [0.383760333061, 0.414731860161, 0.295467883348, 0.328206658363, 0.275462120771, 0.390069246292], "max": [-5.37485265732, -4.63308429718, -5.25432348251, -5.56968927383, -5.41919326782, -6.76682472229], "mean": [-7.79249382019, -7.23106145859, -7.580991745, -7.8789563179, -7.66308879852, -10.0712575912], "median": [-7.32984256744, -6.97182273865, -7.25275611877, -7.53032541275, -7.33664464951, -9.78674888611], "min": [-28.1585044861, -27.7521839142, -27.8303585052, -27.7849349976, -27.5018138885, -27.3756198883], "var": [5.26942682266, 5.07149219513, 4.96760225296, 4.90829992294, 5.03547477722, 4.43458986282]}, "spectral_decrease": {"dmean": 2.02264494042e-09, "dmean2": 3.11461190172e-09, "dvar": 8.66880897898e-18, "dvar2": 2.13323692666e-17, "max": 1.58794260029e-28, "mean": -4.78192330178e-09, "median": -4.14661416315e-09, "min": -2.68520139457e-08, "var": 1.36697568468e-17}, "spectral_energy": {"dmean": 0.00834065396339, "dmean2": 0.0126419989392, "dvar": 0.000139304902405, "dvar2": 0.000335583230481, "max": 0.105956733227, "mean": 0.0204086340964, "median": 0.0175843387842, "min": 1.01852946022e-20, "var": 0.0002391130256}, "spectral_energyband_high": {"dmean": 0.00094804528635, "dmean2": 0.00138452346437, "dvar": 9.88999363472e-06, "dvar2": 2.28625394811e-05, "max": 0.0793908089399, "mean": 0.00158805504907, "median": 0.000692919245921, "min": 7.01682288668e-21, "var": 1.31087963382e-05}, "spectral_energyband_low": {"dmean": 0.00354228029028, "dmean2": 0.00560269365087, "dvar": 4.61110575998e-05, "dvar2": 0.000111889254185, "max": 0.0749244764447, "mean": 0.00593025516719, "median": 0.00281578022987, "min": 1.70486709793e-23, "var": 6.68607244734e-05}, "spectral_energyband_middle_high": {"dmean": 0.00241315434687, "dmean2": 0.00354201369919, "dvar": 1.01947134681e-05, "dvar2": 2.18915447476e-05, "max": 0.0460445210338, "mean": 0.0065367934294, "median": 0.00444111740217, "min": 1.09829491482e-21, "var": 4.49670078524e-05}, "spectral_energyband_middle_low": {"dmean": 0.00450654001907, "dmean2": 0.00727995764464, "dvar": 7.79336915002e-05, "dvar2": 0.000203319315915, "max": 0.0946587249637, "mean": 0.00756116444245, "median": 0.00557314930484, "min": 1.39248073537e-22, "var": 7.90792910266e-05}, "spectral_entropy": {"dmean": 0.180633828044, "dmean2": 0.254155129194, "dvar": 0.0398008935153, "dvar2": 0.0807106867433, "max": 9.82166385651, "mean": 7.78206682205, "median": 7.80275201797, "min": 5.57557630539, "var": 0.192044824362}, "spectral_flux": {"dmean": 0.0261980220675, "dmean2": 0.039338875562, "dvar": 0.000935095362365, "dvar2": 0.00188501237426, "max": 0.305084049702, "mean": 0.0832642167807, "median": 0.0752346813679, "min": 6.26130744474e-11, "var": 0.00219934084453}, "spectral_kurtosis": {"dmean": 1.45171368122, "dmean2": 2.34066438675, "dvar": 4.87360620499, "dvar2": 12.1958017349, "max": 74.0279388428, "mean": 3.90972113609, "median": 3.44570541382, "min": -1.26495945454, "var": 8.7075252533}, "spectral_rms": {"dmean": 0.000867627502885, "dmean2": 0.00125549989752, "dvar": 1.06478023554e-06, "dvar2": 2.34060962612e-06, "max": 0.0101672234014, "mean": 0.00410244008526, "median": 0.00414191419259, "min": 3.15228051995e-12, "var": 3.08088988277e-06}, "spectral_rolloff": {"dmean": 819.437744141, "dmean2": 1330.35681152, "dvar": 1501129.125, "dvar2": 3274878.5, "max": 20284.2773438, "mean": 2581.890625, "median": 2153.3203125, "min": 21.533203125, "var": 6348023.5}, "spectral_skewness": {"dmean": 0.224684596062, "dmean2": 0.345025897026, "dvar": 0.064371868968, "dvar2": 0.148339509964, "max": 7.28956365585, "mean": 1.38304018974, "median": 1.36046910286, "min": -0.163056388497, "var": 0.20055899024}, "spectral_spread": {"dmean": 706861.375, "dmean2": 1015885.75, "dvar": 831290212352, "dvar2": 1666821521410.0, "max": 42467928, "mean": 5156529, "median": 4589917, "min": 1262390.625, "var": 15711160238100.0}, "spectral_strongpeak": {"dmean": 0.640101850033, "dmean2": 1.0