{"lowlevel": {"average_loudness": 0.917534291744, "barkbands": {"dmean": [0.00382649851963, 0.00992245506495, 0.00156430725474, 0.00147913699038, 0.0032119685784, 0.00179104506969, 0.00157121778466, 0.00113609025721, 0.000993946217932, 0.000827654497698, 0.00057854357874, 0.000688334461302, 0.000561221968383, 0.000393149675801, 0.000362358376151, 0.000240297420532, 0.000155660847668, 6.86517960276e-05, 4.05062965001e-05, 2.26631382247e-05, 1.1347688087e-05, 6.43575413051e-06, 4.90269667353e-06, 2.99106636703e-06, 2.75046522802e-06, 9.14361498872e-06, 0.000295484816888], "dmean2": [0.0061796256341, 0.0157235786319, 0.00253517879173, 0.00244589964859, 0.0051727714017, 0.0028241307009, 0.00245105754584, 0.00185689062346, 0.00160726089962, 0.00133926398121, 0.000929303350858, 0.0011053570779, 0.000904578191694, 0.000626010354608, 0.000584668305237, 0.000374728522729, 0.00024283323728, 0.000105218656245, 6.01395040576e-05, 3.34148244292e-05, 1.66140180227e-05, 9.59302633419e-06, 7.44754743209e-06, 4.90716547574e-06, 4.54549444839e-06, 1.34934516609e-05, 0.000402641831897], "dvar": [2.59415210166e-05, 0.000131801105454, 6.05411605648e-06, 5.6241369748e-06, 2.41543584707e-05, 1.13962005344e-05, 1.26248842207e-05, 7.34205741537e-06, 5.71921600567e-06, 3.92104311686e-06, 3.14949124913e-06, 2.00579756893e-06, 1.27672706185e-06, 5.13425220561e-07, 4.8129265906e-07, 2.91383145168e-07, 1.42222546629e-07, 2.30537331447e-08, 7.65910090905e-09, 2.89739054971e-09, 4.55552706669e-10, 1.02470691654e-10, 5.63876133286e-11, 2.27416887405e-11, 2.06779246503e-11, 4.24500073981e-10, 3.94581917362e-07], "dvar2": [6.35345131741e-05, 0.000322760810377, 1.52050824909e-05, 1.40108395499e-05, 6.22422448942e-05, 2.5489647669e-05, 3.07455156872e-05, 1.89591955859e-05, 1.42451353895e-05, 1.01184596133e-05, 7.59318527344e-06, 4.90716865897e-06, 3.30694956574e-06, 1.28077363115e-06, 1.23585448364e-06, 6.52907488075e-07, 3.35818697295e-07, 5.68404985302e-08, 1.70184168979e-08, 6.27711127521e-09, 8.73988381667e-10, 2.02443992126e-10, 1.21668231046e-10, 5.62593756304e-11, 5.15768677767e-11, 8.96326957101e-10, 7.8998493791e-07], "max": [0.0738518536091, 0.168035879731, 0.0825910493731, 0.0415047071874, 0.0918159559369, 0.0913966447115, 0.0938165336847, 0.0488720275462, 0.0637888014317, 0.0598400235176, 0.0713394731283, 0.0347471833229, 0.0555117093027, 0.0215350501239, 0.0174937639385, 0.0318305417895, 0.0102991340682, 0.00530885485932, 0.00242353370413, 0.00178718625102, 0.000719088537153, 0.000326372595737, 0.000135969792609, 6.96934657753e-05, 6.68455686537e-05, 0.000562681816518, 0.0156647264957], "mean": [0.00766720063984, 0.0168143790215, 0.0023781452328, 0.00220607663505, 0.00577342649922, 0.00299967150204, 0.00262289866805, 0.00162968586665, 0.00147475767881, 0.00122052943334, 0.000793718092609, 0.00106592103839, 0.000884944049176, 0.000650478643365, 0.000598576734774, 0.000391004025005, 0.000250909186434, 0.000120906384836, 7.05005222699e-05, 3.95142596972e-05, 1.98371290026e-05, 1.01214272945e-05, 6.32543424217e-06, 3.16278442369e-06, 2.72845068139e-06, 1.03195534393e-05, 0.000676213239785], "median": [0.00384384789504, 0.0109066376463, 0.00130082608666, 0.00109712267295, 0.00369325000793, 0.00163333723322, 0.00100958463736, 0.000462807249278, 0.000510210171342, 0.000490544538479, 0.000319379090797, 0.000541800050996, 0.000478220608784, 0.000324352266034, 0.000262493325863, 0.000156892085215, 8.06700700196e-05, 3.94378839701e-05, 2.30149198615e-05, 1.40971260407e-05, 8.93705691851e-06, 4.81783627038e-06, 2.78523111774e-06, 1.33530352286e-06, 1.0091380318e-06, 3.02059743262e-06, 0.000267414288828], "min": [1.46076726479e-25, 3.1708699931e-24, 1.139654728e-24, 4.3309193393e-25, 3.78737800395e-24, 1.17029069346e-23, 4.51047078664e-24, 8.86584363071e-24, 1.82197018609e-23, 1.08735419662e-23, 1.90325772698e-23, 2.40624616866e-23, 1.79097489449e-23, 3.02167963263e-23, 4.97789658985e-23, 4.66584435722e-23, 5.66136441596e-23, 1.04610213553e-22, 1.25882384287e-22, 1.629068325e-22, 2.72200784615e-22, 2.50670612188e-22, 3.68836952324e-22, 5.77397412085e-22, 8.49305573481e-22, 1.37829161418e-21, 2.09119356984e-21], "var": [9.4913833891e-05, 0.000325254775817, 1.16133996926e-05, 1.07925261545e-05, 4.62798998342e-05, 2.25344901992e-05, 2.77295239357e-05, 1.32978211695e-05, 9.74489557848e-06, 5.82108577873e-06, 4.09754011343e-06, 3.52372330781e-06, 1.99100645659e-06, 9.73054739006e-07, 9.09950983896e-07, 7.87349677012e-07, 2.61976708771e-07, 5.93005395899e-08, 2.02186321019e-08, 7.4004113948e-09, 1.3107702701e-09, 2.64223892765e-10, 9.53125495196e-11, 2.52904572284e-11, 2.20844141585e-11, 5.41179601132e-10, 1.29678358007e-06]}, "barkbands_crest": {"dmean": 2.87144947052, "dmean2": 4.59230661392, "dvar": 5.89872980118, "dvar2": 15.0236787796, "max": 24.2483139038, "mean": 10.4331121445, "median": 9.94013977051, "min": 2.72810387611, "var": 14.9230356216}, "barkbands_flatness_db": {"dmean": 0.0301471333951, "dmean2": 0.0445503666997, "dvar": 0.000670617853757, "dvar2": 0.00144919799641, "max": 0.566336929798, "mean": 0.173628002405, "median": 0.16934555769, "min": 0.0197975039482, "var": 0.00295588723384}, "barkbands_kurtosis": {"dmean": 5.30982255936, "dmean2": 8.15736293793, "dvar": 107.506576538, "dvar2": 239.441070557, "max": 293.296691895, "mean": 10.1177082062, "median": 6.05753421783, "min": -1.81927156448, "var": 262.995635986}, "barkbands_skewness": {"dmean": 0.653651058674, "dmean2": 1.00154900551, "dvar": 0.452576965094, "dvar2": 0.999379873276, "max": 12.9346609116, "mean": 2.2572388649, "median": 2.03864455223, "min": -2.2620472908, "var": 1.85214555264}, "barkbands_spread": {"dmean": 5.56143712997, "dmean2": 8.08334350586, "dvar": 38.8354568481, "dvar2": 77.1643371582, "max": 121.335281372, "mean": 19.9487266541, "median": 15.6288776398, "min": 0.222295671701, "var": 231.119903564}, "dissonance": {"dmean": 0.0232730284333, "dmean2": 0.0393498688936, "dvar": 0.000537181796972, "dvar2": 0.00146795425098, "max": 0.500000059605, "mean": 0.460278183222, "median": 0.468599379063, "min": 0.167447134852, "var": 0.00102229579352}, "dynamic_complexity": 3.50130987167, "erbbands": {"dmean": [0.500280022621, 1.52835130692, 1.65992295742, 3.57884788513, 9.72944068909, 9.84726238251, 12.2334985733, 15.8580675125, 18.5379581451, 28.1837711334, 22.7846183777, 22.7061100006, 22.9974002838, 23.2614173889, 24.7640781403, 28.6961116791, 26.1092586517, 18.9776115417, 19.2716732025, 14.9292554855, 11.3860607147, 8.4657869339, 3.75475692749, 2.76458072662, 1.67957377434, 1.07702386379, 0.596029043198, 0.361094206572, 0.236024141312, 0.182849302888, 0.134979173541, 0.0742598846555, 0.0458140783012, 0.0309781357646, 0.0194573234767, 0.011105209589, 0.0157792307436, 0.0227461233735, 0.0182542987168, 0.00696652382612], "dmean2": [0.794164061546, 2.42808175087, 2.71811366081, 5.73873901367, 16.0049114227, 15.957365036, 19.4753170013, 25.1659126282, 28.8741836548, 44.5581054688, 37.3422622681, 36.8720741272, 37.5045318604, 37.5063018799, 39.123714447, 45.6558227539, 41.827960968, 30.0749778748, 30.538942337, 23.5138435364, 17.5433521271, 13.0882797241, 5.68791437149, 4.13361978531, 2.46478009224, 1.58780455589, 0.870560526848, 0.529646933079, 0.351198613644, 0.276630401611, 0.205092832446, 0.118610210717, 0.0757517293096, 0.0512346960604, 0.032114751637, 0.0181869734079, 0.0231065172702, 0.0306419841945, 0.0240939222276, 0.00947264675051], "dvar": [0.359704047441, 3.54704093933, 6.25354194641, 33.644329071, 239.50920105, 272.309417725, 522.184020996, 1106.32421875, 1188.46875, 7236.83740234, 2858.41577148, 3343.39282227, 3289.29345703, 3165.59692383, 6213.70996094, 3147.60668945, 2447.42822266, 1101.58850098, 1288.65576172, 871.205749512, 572.466369629, 416.964111328, 59.829498291, 43.3003807068, 14.7130308151, 6.07763576508, 1.42531943321, 0.426231592894, 0.144874632359, 0.0867868214846, 0.0427299924195, 0.0124714970589, 0.00569709204137, 0.00263211829588, 0.00103019119706, 0.00032220443245, 0.0011546658352, 0.00272763543762, 0.00146892061457, 0.000219439243665], "dvar2": [0.879420697689, 8.95321846008, 16.1772708893, 80.7292404175, 615.755737305, 692.626159668, 1163.15625, 2476.3815918, 2956.48486328, 17332.9355469, 7486.3515625, 8589.21582031, 8499.30957031, 8079.04199219, 14460.5419922, 7397.99804688, 6196.2578125, 2690.47729492, 3184.32861328, 2116.35083008, 1344.77893066, 985.21875, 140.944473267, 108.235610962, 31.4710845947, 12.813908577, 2.73486590385, 0.835967004299, 0.283741444349, 0.185619026423, 0.0932378917933, 0.0298816375434, 0.0142117803916, 0.00656667724252, 0.00256867427379, 0.000800675014034, 0.00238796649501, 0.00512126926333, 0.00261596590281, 0.000446709076641], "max": [7.69678640366, 26.4944343567, 73.5902481079, 114.554977417, 338.045166016, 446.11706543, 802.845153809, 747.325256348, 736.124633789, 2434.58691406, 1082.68359375, 1964.54125977, 2342.23266602, 1618.44836426, 3311.91040039, 1612.93518066, 1721.92321777, 1088.73718262, 672.067382812, 1278.74060059, 661.002197266, 653.729675293, 216.421264648, 245.790039062, 118.434356689, 88.6754760742, 39.6732330322, 25.8717803955, 14.114323616, 7.04192018509, 3.40605831146, 1.5584757328, 1.10913598537, 0.754565954208, 0.471542239189, 0.262184470892, 0.841362535954, 1.45173513889, 1.66024434566, 0.403435796499], "mean": [0.874170899391, 2.298204422, 2.73194694519, 6.20995998383, 15.5247926712, 16.6595211029, 19.2389011383, 26.0711021423, 32.8641281128, 43.9097862244, 34.1932678223, 34.3182029724, 34.6326713562, 36.9754714966, 38.0680465698, 46.3280601501, 43.4256744385, 34.1015472412, 33.8520851135, 26.5721988678, 19.4177742004, 14.1789836884, 6.90941333771, 4.96090936661, 2.9742000103, 1.9135414362, 1.0574477911, 0.619201540947, 0.375148594379, 0.256839722395, 0.170397683978, 0.084848061204, 0.0458590909839, 0.0306280050427, 0.0194846950471, 0.0117842582986, 0.018623277545, 0.0363191924989, 0.0401959680021, 0.0173526089638], "median": [0.497112810612, 1.48702049255, 1.76863718033, 3.23445725441, 8.90546703339, 9.96885585785, 10.6749954224, 13.1694221497, 15.1506328583, 12.4217128754, 11.0361413956, 12.5874319077, 11.8144435883, 17.4433841705, 17.0466461182, 24.929681778, 24.4310722351, 19.182258606, 15.9125041962, 12.1726493835, 7.88626909256, 4.81807994843, 2.44118309021, 1.58517479897, 0.976135015488, 0.679404735565, 0.446400016546, 0.289943635464, 0.179651796818, 0.118123173714, 0.0745757371187, 0.0380047149956, 0.017353836447, 0.0111439563334, 0.00736742839217, 0.00503673031926, 0.0061541814357, 0.00898386351764, 0.00970935076475, 0.00837264955044], "min": [9.95334644872e-23, 4.70302160463e-22, 2.27779327796e-21, 3.84625656243e-21, 8.39702947648e-21, 1.23750993698e-20, 4.52846165573e-20, 8.89536201314e-20, 7.70179273425e-20, 1.97132003373e-19, 3.57042249199e-19, 3.96521925475e-19, 4.2955272075e-19, 7.04321750917e-19, 1.06772359731e-18, 1.3878709287e-18, 1.13136232415e-18, 1.77462915027e-18, 2.40903077157e-18, 3.3642014539e-18, 3.2302434828e-18, 4.57438033854e-18, 5.61566507213e-18, 6.8830575582e-18, 7.07642260691e-18, 8.62369620274e-18, 9.1456198723e-18, 9.40434294275e-18, 9.61886065409e-18, 1.08138760773e-17, 9.87478950843e-18, 1.09721149013e-17, 8.45720707931e-18, 7.42259521172e-18, 6.6233381487e-18, 4.4141550403e-18, 2.38776416482e-18, 8.44724803153e-19, 2.63003755972e-19, 2.92738766418e-20], "var": [1.07195281982, 6.31107854843, 11.1122102737, 79.9447784424, 415.297241211, 516.457885742, 982.948303223, 2143.66186523, 2727.98510742, 16944.2578125, 4804.33007812, 5225.07763672, 5147.96191406, 4391.18115234, 9846.9140625, 5541.25146484, 4246, 2138.87963867, 2491.79003906, 2120.16088867, 1181.28466797, 780.404907227, 157.970657349, 111.686058044, 37.4974594116, 16.4821929932, 4.05083084106, 1.18507599831, 0.376968860626, 0.171506464481, 0.0688241571188, 0.0157473273575, 0.00608663167804, 0.00280378339812, 0.00110453157686, 0.000355219090125, 0.00153974734712, 0.00563830463216, 0.00603287899867, 0.000694199581631]}, "erbbands_crest": {"dmean": 2.63423132896, "dmean2": 4.26936197281, "dvar": 6.75226926804, "dvar2": 16.344367981, "max": 32.2765617371, "mean": 8.77434062958, "median": 7.64480161667, "min": 2.14314341545, "var": 17.8161468506}, "erbbands_flatness_db": {"dmean": 0.026117939502, "dmean2": 0.0399319268763, "dvar": 0.000489049474709, "dvar2": 0.00116248999257, "max": 0.430050462484, "mean": 0.170307159424, "median": 0.167538136244, "min": 0.0289829652756, "var": 0.00203999807127}, "erbbands_kurtosis": {"dmean": 1.05495619774, "dmean2": 1.66607773304, "dvar": 4.78601026535, "dvar2": 12.7952032089, "max": 112.369148254, "mean": 0.597894787788, "median": -0.0348558425903, "min": -1.84313797951, "var": 8.16730499268}, "erbbands_skewness": {"dmean": 0.366496831179, "dmean2": 0.560220599174, "dvar": 0.117307044566, "dvar2": 0.27122631669, "max": 8.35589122772, "mean": 0.0610108673573, "median": -0.00323395757005, "min": -4.50309276581, "var": 0.586944043636}, "erbbands_spread": {"dmean": 5.08771944046, "dmean2": 7.84206199646, "dvar": 22.6487941742, "dvar2": 52.7460365295, "max": 116.059837341, "mean": 24.9369373322, "median": 23.9569587708, "min": 0.808060407639, "var": 111.282409668}, "gfcc": {"cov": [[19712.5078125, 1676.68066406, -1454.13574219, -412.52053833, 207.913619995, -570.960327148, 110.827232361, -203.762664795, 35.0323982239, -29.5293273926, 23.0271224976, -99.6320495605, 84.5197296143], [1676.68066406, 1041.73046875, -40.9592933655, -268.898498535, 36.7330780029, 0.272225528955, -42.987247467, -78.1735305786, 43.6208992004, -14.2169408798, 18.250617981, -55.1606636047, 61.3534736633], [-1454.13574219, -40.9592933655, 447.205474854, 160.394744873, -148.708282471, 210.98298645, -96.9977493286, 82.7378692627, -76.5095672607, 43.4079666138, -8.90537929535, 1.42514491081, 1.49456608295], [-412.52053833, -268.898498535, 160.394744873, 290.908721924, 52.6215286255, 57.2190971375, 40.4143562317, 23.5527858734, -45.5547409058, 14.958984375, -1.16561567783, 36.4987640381, -21.223941803], [207.913619995, 36.7330780029, -148.708282471, 52.6215286255, 351.850708008, -76.6879959106, 143.021896362, -91.0253677368, 41.4597587585, -56.9661636353, 31.4361801147, 27.2067699432, 4.60989618301], [-570.960327148, 0.272225528955, 210.98298645, 57.2190971375, -76.6879959106, 320.083618164, -76.9079437256, 84.0790786743, -90.188873291, 18.4993495941, -5.91802215576, -8.56579303741, 35.8662834167], [110.827232361, -42.987247467, -96.9977493286, 40.4143562317, 143.021896362, -76.9079437256, 225.496551514, -11.7906618118, 53.0761604309, -28.323135376, -3.72395658493, 26.4692268372, -13.7738933563], [-203.762664795, -78.1735305786, 82.7378692627, 23.5527858734, -91.0253677368, 84.0790786743, -11.7906618118, 153.46786499, 27.8306236267, 44.3115768433, 0.840475201607, -16.3324012756, 24.6132850647], [35.0323982239, 43.6208992004, -76.5095672607, -45.5547409058, 41.4597587585, -90.188873291, 53.0761604309, 27.8306236267, 128.506713867, 37.3755683899, 15.1054210663, 3.39924502373, -7.37848711014], [-29.5293273926, -14.2169408798, 43.4079666138, 14.958984375, -56.9661636353, 18.4993495941, -28.323135376, 44.3115768433, 37.3755683899, 86.750038147, 35.3694725037, 1.35467350483, 4.65367889404], [23.0271224976, 18.250617981, -8.90537929535, -1.16561567783, 31.4361801147, -5.91802215576, -3.72395658493, 0.840475201607, 15.1054210663, 35.3694725037, 69.2008514404, 29.6241645813, 11.6813106537], [-99.6320495605, -55.1606636047, 1.42514491081, 36.4987640381, 27.2067699432, -8.56579303741, 26.4692268372, -16.3324012756, 3.39924502373, 1.35467350483, 29.6241645813, 71.8622741699, 11.5752677917], [84.5197296143, 61.3534736633, 1.49456608295, -21.223941803, 4.60989618301, 35.8662834167, -13.7738933563, 24.6132850647, -7.37848711014, 4.65367889404, 11.6813106537, 11.5752677917, 78.3288269043]], "icov": [[0.000118496966024, -0.000353347655619, 0.000693581998348, -0.000404696853366, 6.75073242746e-05, 0.000139121781103, 7.37239606678e-05, -0.000400174467359, 0.000595826539211, -0.000424813304562, 0.000271143129794, -0.000201191825909, 0.000167713282281], [-0.000353347655619, 0.00276435469277, -0.00294772116467, 0.00263623637147, -0.000204326788662, -0.000884689390659, -0.000515457475558, 0.00309192272834, -0.00318817351945, 0.0019191657193, -0.00198527658358, 0.00249460013583, -0.00214545428753], [0.000693581998348, -0.00294772116467, 0.00961715076119, -0.00637611327693, 0.00272225146182, -0.00162020430434, 0.00137202115729, -0.00261507532559, 0.0027774060145, -0.00170083530247, 0.000957700249273, -0.00134680862539, 0.00171287648845], [-0.000404696853366, 0.00263623637147, -0.00637611327693, 0.0120906112716, -0.00638458738104, 0.00190960534383, -0.00104211037979, -0.00247842282988, 0.00577423488721, -0.00731031503528, 0.00609303126112, -0.00516849197447, 0.00269976817071], [6.75073242746e-05, -0.000204326788662, 0.00272225146182, -0.00638458738104, 0.0108657674864, -0.00344851892442, -0.00308006792329, 0.00750744482502, -0.00934549048543, 0.0115376990288, -0.0113255670294, 0.00707216374576, -0.00457774242386], [0.000139121781103, -0.000884689390659, -0.00162020430434, 0.00190960534383, -0.00344851892442, 0.00796544458717, 0.00100833014585, -0.00652964925393, 0.0089086163789, -0.00563510181382, 0.00463274447247, -0.00338773289695, 0.000859654392116], [7.37239606678e-05, -0.000515457475558, 0.00137202115729, -0.00104211037979, -0.00308006792329, 0.00100833014585, 0.00802141521126, -0.0032566646114, -0.000554155150894, 0.000196679218789, 0.0035989228636, -0.00400895252824, 0.00216093147174], [-0.000400174467359, 0.00309192272834, -0.00261507532559, -0.00247842282988, 0.00750744482502, -0.00652964925393, -0.0032566646114, 0.0204471554607, -0.0154340434819, 0.00766446534544, -0.00925380457193, 0.0112458728254, -0.00925252214074], [0.000595826539211, -0.00318817351945, 0.0027774060145, 0.00577423488721, -0.00934549048543, 0.0089086163789, -0.000554155150894, -0.0154340434819, 0.0308792591095, -0.0225977580994, 0.0146872028708, -0.0117527153343, 0.00838694814593], [-0.000424813304562, 0.0019191657193, -0.00170083530247, -0.00731031503528, 0.0115376990288, -0.00563510181382, 0.000196679218789, 0.00766446534544, -0.0225977580994, 0.0393678173423, -0.0264519825578, 0.0134544214234, -0.00597681989893], [0.000271143129794, -0.00198527658358, 0.000957700249273, 0.00609303126112, -0.0113255670294, 0.00463274447247, 0.0035989228636, -0.00925380457193, 0.0146872028708, -0.0264519825578, 0.0389408022165, -0.0199161563069, 0.00507201673463], [-0.000201191825909, 0.00249460013583, -0.00134680862539, -0.00516849197447, 0.00707216374576, -0.00338773289695, -0.00400895252824, 0.0112458728254, -0.0117527153343, 0.0134544214234, -0.0199161563069, 0.0291915088892, -0.00946556311101], [0.000167713282281, -0.00214545428753, 0.00171287648845, 0.00269976817071, -0.00457774242386, 0.000859654392116, 0.00216093147174, -0.00925252214074, 0.00838694814593, -0.00597681989893, 0.00507201673463, -0.00946556311101, 0.0199158005416]], "mean": [-26.9292221069, 125.428825378, -83.856086731, -17.2000427246, -3.61074018478, -10.5204944611, -7.26431894302, -17.938867569, 0.172043800354, -6.31231737137, -1.90713834763, -1.47368311882, -3.3697206974]}, "hfc": {"dmean": 19.8881340027, "dmean2": 28.5689296722, "dvar": 790.213745117, "dvar2": 1672.35705566, "max": 405.528686523, "mean": 73.075553894, "median": 62.9686050415, "min": 1.10319337908e-16, "var": 2843.78540039}, "melbands": {"dmean": [0.00353807141073, 0.00111654808279, 0.000702965073287, 0.000747450452764, 0.000414667621953, 0.000350965361577, 0.000285827380139, 0.000291942880722, 0.000180279399501, 0.000144928941154, 0.000118246905913, 0.000100271667179, 8.38823689264e-05, 7.62632917031e-05, 6.60200894345e-05, 5.48921743757e-05, 3.64263178199e-05, 3.28513233399e-05, 2.70770306088e-05, 1.82558997039e-05, 1.36579237733e-05, 1.07410996861e-05, 4.47402862847e-06, 3.26089502778e-06, 2.31093872571e-06, 1.47827347519e-06, 1.01478065062e-06, 6.85408338086e-07, 4.20218526642e-07, 2.82183435729e-07, 1.98379566996e-07, 1.42724942975e-07, 1.14688013753e-07, 9.86175834328e-08, 8.2904804799e-08, 6.08614314501e-08, 4.00635435938e-08, 3.2617663237e-08, 2.85249832643e-08, 2.52976573023e-08], "dmean2": [0.00560151040554, 0.00180272059515, 0.0011468869634, 0.0012097110739, 0.000660554505885, 0.000552715267986, 0.000445883692009, 0.000463138654595, 0.000295364297926, 0.000234780134633, 0.000193342828425, 0.000162129188539, 0.000133937122882, 0.000121757031593, 0.000105532715679, 8.83726970642e-05, 5.83604924032e-05, 5.226297435e-05, 4.37874805357e-05, 2.88553073915e-05, 2.13279527088e-05, 1.6862004486e-05, 7.00105874785e-06, 4.98812141814e-06, 3.51451740244e-06, 2.24562768381e-06, 1.50139135258e-06, 1.03613274405e-06, 6.27769395578e-07, 4.22360528773e-07, 2.99282419292e-07, 2.14741064042e-07, 1.75589505602e-07, 1.50972610413e-07, 1.26906400055e-07, 9.42312539109e-08, 6.54596306049e-08, 5.40091633638e-08, 4.72059689116e-08, 4.1831825115e-08], "dvar": [1.70587063621e-05, 2.01719967663e-06, 1.04060575268e-06, 1.51762833411e-06, 4.76091969404e-07, 4.69630037969e-07, 2.90473991527e-07, 6.98015469425e-07, 1.74163744759e-07, 1.34456172418e-07, 8.81418031895e-08, 6.03544165756e-08, 6.95299746667e-08, 2.48066118758e-08, 1.63542868137e-08, 1.3911923169e-08, 4.31589119998e-09, 3.90742416201e-09, 3.09694092593e-09, 2.14363971018e-09, 9.50215794937e-10, 7.78199116258e-10, 9.79386224897e-11, 5.38746616763e-11, 3.30304048002e-11, 1.15493257319e-11, 6.51997119488e-12, 2.42711124636e-12, 7.83431858883e-13, 2.96377478766e-13, 1.35714342867e-13, 5.68364969076e-14, 3.45850769085e-14, 2.65288974192e-14, 1.7452851298e-14, 8.15356456126e-15, 3.98666051614e-15, 2.88748470697e-15, 2.23515096473e-15, 1.75408453157e-15], "dvar2": [4.1413357394e-05, 5.23860671819e-06, 2.61831155512e-06, 3.95231927541e-06, 1.08451740743e-06, 1.05432843611e-06, 7.24650931261e-07, 1.69234988334e-06, 4.55144743228e-07, 3.38865902449e-07, 2.27919557005e-07, 1.53036822326e-07, 1.66356642239e-07, 6.06196195463e-08, 3.91740648809e-08, 3.59066625322e-08, 1.06987014803e-08, 9.7122114795e-09, 8.23377810377e-09, 4.41865699585e-09, 2.1880557366e-09, 1.85002935194e-09, 2.33407321248e-10, 1.33266467306e-10, 8.48898937256e-11, 2.70981587863e-11, 1.41926522618e-11, 5.28187042714e-12, 1.58678701689e-12, 5.94777970365e-13, 2.91756148321e-13, 1.14866680078e-13, 7.42579893518e-14, 5.83891658981e-14, 3.8237198374e-14, 1.84277320101e-14, 9.81230325264e-15, 7.20807589235e-15, 5.5778927992e-15, 4.37599666925e-15], "max": [0.0592158660293, 0.0324188619852, 0.0164632480592, 0.0243983771652, 0.0208777859807, 0.0147214429453, 0.0100882602856, 0.0234081335366, 0.00945745781064, 0.0124631710351, 0.0116253495216, 0.00705699669197, 0.0107562113553, 0.00425576558337, 0.00277527538128, 0.00696637574583, 0.00180777115747, 0.00161006767303, 0.00188985606655, 0.0034139927011, 0.000959997123573, 0.000946155807469, 0.000423391029472, 0.000264887727099, 0.000204587544431, 9.07099092728e-05, 8.65990732564e-05, 5.61575870961e-05, 2.64764530584e-05, 2.07923876587e-05, 1.5733168766e-05, 8.66792197485e-06, 5.08267567056e-06, 3.79121752303e-06, 2.48929018198e-06, 1.46969205161e-06, 9.05475815216e-07, 7.88242687122e-07, 6.95327003086e-07, 6.15933060999e-07], "mean": [0.0065355412662, 0.00194293889217, 0.00127763999626, 0.00126534374431, 0.000680874625687, 0.00060164288152, 0.000503030081745, 0.000451109168353, 0.000265459122602, 0.000212485960219, 0.000172569823917, 0.000151953092427, 0.000119660267956, 0.000120628581499, 0.000105955252366, 8.74916149769e-05, 6.03007101745e-05, 5.41490917385e-05, 4.44717479695e-05, 2.93295033771e-05, 2.13775001612e-05, 1.66237659869e-05, 7.43435703043e-06, 5.43135092812e-06, 3.88583566746e-06, 2.42063174483e-06, 1.70275086475e-06, 1.15672446555e-06, 6.97329937793e-07, 4.75223458807e-07, 3.20678793742e-07, 2.22806903594e-07, 1.63583010249e-07, 1.32185235202e-07, 1.03496255122e-07, 7.30119822379e-08, 4.27132462733e-08, 3.21725615038e-08, 2.80318008805e-08, 2.49739073865e-08], "median": [0.00416693836451, 0.00139837292954, 0.000802718568593, 0.000759879418183, 0.000390030618291, 0.000317824189551, 0.000228016389883, 0.000123772304505, 8.760712808e-05, 7.45012366679e-05, 5.65043228562e-05, 6.70250010444e-05, 4.96877873957e-05, 6.13372249063e-05, 5.5248317949e-05, 4.80062735733e-05, 3.0890074413e-05, 2.44057337113e-05, 1.90151622519e-05, 1.21729472085e-05, 7.86371765571e-06, 5.19215063832e-06, 2.55265194937e-06, 1.68781571119e-06, 1.18406478578e-06, 7.64821038501e-07, 5.51281914341e-07, 4.08294653198e-07, 2.80605092939e-07, 2.07369083682e-07, 1.49726005816e-07, 1.05344206247e-07, 7.56444720196e-08, 5.94325229031e-08, 4.4105355812e-08, 3.16185797544e-08, 1.82525479175e-08, 1.17427205737e-08, 1.00383559243e-08, 9.09492392509e-09], "min": [1.14103986914e-24, 1.61942612549e-24, 1.05861938594e-24, 1.27603201522e-24, 1.09075698757e-24, 2.0587076593e-24, 1.13899918459e-24, 2.00734768677e-24, 2.79874339929e-24, 2.55582847467e-24, 1.52987197312e-24, 2.15218826821e-24, 2.9376371528e-24, 2.37809614057e-24, 3.71843037754e-24, 2.53086516854e-24, 2.86278884682e-24, 3.00987531526e-24, 3.54656992959e-24, 2.12306667903e-24, 3.29640202059e-24, 2.80474091154e-24, 3.78665816838e-24, 5.11153112603e-24, 4.92643043665e-24, 3.75560899758e-24, 4.14196979756e-24, 4.7537980883e-24, 4.91807127207e-24, 4.99173313124e-24, 4.5619270002e-24, 4.61478344186e-24, 4.79419013323e-24, 5.73158408058e-24, 5.56678788203e-24, 5.384756256e-24, 5.05373680953e-24, 5.20650406256e-24, 4.92559187751e-24, 5.83285764916e-24], "var": [5.14508683409e-05, 3.84406666853e-06, 2.27610485126e-06, 2.60644719674e-06, 9.65722506407e-07, 9.69944721874e-07, 6.51695756915e-07, 1.64616449183e-06, 2.85651509557e-07, 2.13859124187e-07, 1.3601575688e-07, 8.32850304278e-08, 9.68785158761e-08, 4.75788262122e-08, 2.79334191333e-08, 2.12564614799e-08, 8.01790367433e-09, 7.00956315214e-09, 5.64464652797e-09, 6.49929088326e-09, 1.67637681514e-09, 1.34854727385e-09, 1.90971502501e-10, 1.30847194191e-10, 7.5630189611e-11, 2.54680304623e-11, 1.52169336159e-11, 6.07663138558e-12, 1.93020317611e-12, 7.97055672332e-13, 3.19227093761e-13, 1.39274673066e-13, 7.29261215218e-14, 4.72173264843e-14, 2.73822017984e-14, 1.19375089173e-14, 4.50848617472e-15, 3.07610729762e-15, 2.37574403442e-15, 1.86933882239e-15]}, "melbands_crest": {"dmean": 4.51270771027, "dmean2": 7.34179496765, "dvar": 15.0890779495, "dvar2": 38.792301178, "max": 38.6926689148, "mean": 17.3929862976, "median": 16.3745231628, "min": 1.42794430256, "var": 50.4082756042}, "melbands_flatness_db": {"dmean": 0.0379182137549, "dmean2": 0.0563761889935, "dvar": 0.000995156588033, "dvar2": 0.0022492823191, "max": 0.719654381275, "mean": 0.295230716467, "median": 0.293208777905, "min": 0.00304908049293, "var": 0.00501546636224}, "melbands_kurtosis": {"dmean": 7.45609331131, "dmean2": 11.4735593796, "dvar": 575.709899902, "dvar2": 1412.23303223, "max": 1143.16394043, "mean": 12.4455804825, "median": 5.84810113907, "min": -1.88712823391, "var": 996.372070312}, "melbands_skewness": {"dmean": 0.779015243053, "dmean2": 1.19230639935, "dvar": 0.764536857605, "dvar2": 1.7155020237, "max": 25.1483135223, "mean": 2.52769565582, "median": 2.22215652466, "min": -2.55807209015, "var": 3.08041977882}, "melbands_spread": {"dmean": 4.59024143219, "dmean2": 7.09111118317, "dvar": 27.6372661591, "dvar2": 64.4884567261, "max": 175.03868103, "mean": 15.2732257843, "median": 12.4091663361, "min": 0.0973928272724, "var": 211.67616272}, "mfcc": {"cov": [[9337.45898438, 1555.76538086, -1069.9720459, 383.392211914, -241.9269104, 28.8523693085, -130.004455566, 26.19272995, -41.8487167358, 69.7668228149, -2.58515048027, 9.14724159241, 28.1471614838], [1555.76538086, 1492.1932373, -163.250869751, -119.419754028, 24.9219779968, 60.8501052856, -73.5671005249, -37.0429496765, 5.23618793488, -9.07312679291, -1.73301672935, 8.21144580841, 6.27726078033], [-1069.9720459, -163.250869751, 715.714782715, -159.278076172, 59.3027267456, -12.0298891068, 50.2800102234, -38.5812492371, 12.9876298904, -6.31856489182, 2.97768306732, 13.4949026108, -9.97334575653], [383.392211914, -119.419754028, -159.278076172, 336.401184082, -14.3558244705, 47.2171401978, 17.66431427, 43.6524658203, -14.5567245483, 11.8328962326, 7.83874750137, -0.843025565147, 17.9392108917], [-241.9269104, 24.9219779968, 59.3027267456, -14.3558244705, 184.165588379, 59.4727401733, 48.2538833618, -2.34612941742, -1.62986397743, -35.0236854553, -4.78207588196, 18.4317855835, 5.57611179352], [28.8523693085, 60.8501052856, -12.0298891068, 47.2171401978, 59.4727401733, 150.396194458, 77.4187316895, 36.3795661926, -11.3640499115, -27.7566394806, -25.5796871185, 1.49156022072, 9.50396156311], [-130.004455566, -73.5671005249, 50.2800102234, 17.66431427, 48.2538833618, 77.4187316895, 139.20652771, 56.0394821167, 15.2133979797, -15.3985433578, -14.6652164459, -6.52843046188, 3.16818785667], [26.19272995, -37.0429496765, -38.5812492371, 43.6524658203, -2.34612941742, 36.3795661926, 56.0394821167, 99.2258834839, 31.135848999, 13.0117378235, -10.9532670975, -4.1804022789, 1.01123940945], [-41.8487167358, 5.23618793488, 12.9876298904, -14.5567245483, -1.62986397743, -11.3640499115, 15.2133979797, 31.135848999, 89.7631149292, 41.0264205933, 15.2211017609, -8.27636814117, -5.00196313858], [69.7668228149, -9.07312679291, -6.31856489182, 11.8328962326, -35.0236854553, -27.7566394806, -15.3985433578, 13.0117378235, 41.0264205933, 91.3986663818, 40.9721298218, -4.84653759003, -5.45530939102], [-2.58515048027, -1.73301672935, 2.97768306732, 7.83874750137, -4.78207588196, -25.5796871185, -14.6652164459, -10.9532670975, 15.2211017609, 40.9721298218, 70.9964370728, 29.7456302643, 1.66367459297], [9.14724159241, 8.21144580841, 13.4949026108, -0.843025565147, 18.4317855835, 1.49156022072, -6.52843046188, -4.1804022789, -8.27636814117, -4.84653759003, 29.7456302643, 65.0095214844, 30.8841648102], [28.1471614838, 6.27726078033, -9.97334575653, 17.9392108917, 5.57611179352, 9.50396156311, 3.16818785667, 1.01123940945, -5.00196313858, -5.45530939102, 1.66367459297, 30.8841648102, 54.7649078369]], "icov": [[0.000170230094227, -0.00018724653637, 0.000178315342055, -0.000197735513211, 0.000179734663107, 0.000116291259474, -0.000178724236321, 0.000131289649289, 6.7287714046e-05, -0.000229719778872, 0.000304436456645, -0.000326235953253, 0.000158640992595], [-0.00018724653637, 0.00102018960752, 3.77502001356e-05, 0.000680311815813, -0.000258361396845, -0.00103362568188, 0.000977582647465, 4.10554275732e-06, -0.000376979500288, 0.000332687748596, -0.000553990888875, 0.000489570724312, -0.000348169502104], [0.000178315342055, 3.77502001356e-05, 0.00200473656878, 0.000564985384699, -0.000128039333504, 0.000303637672914, -0.00131407892331, 0.00132936227601, -0.000197176093934, -0.000781395530794, 0.000912106363103, -0.00128859630786, 0.000698994961567], [-0.000197735513211, 0.000680311815813, 0.000564985384699, 0.00435111252591, -8.16436877358e-05, -0.00175827031489, 0.000918700068723, -0.00179215345997, 0.00119226274546, 3.89336746593e-05, -0.00232836091891, 0.00209267763421, -0.00200199335814], [0.000179734663107, -0.000258361396845, -0.000128039333504, -8.16436877358e-05, 0.00759041355923, -0.00223385938443, -0.00183469930198, 0.00192061229609, -0.00154484482482, 0.00222377316095, -0.000248395983363, -0.00260912906379, 0.00118551380001], [0.000116291259474, -0.00103362568188, 0.000303637672914, -0.00175827031489, -0.00223385938443, 0.0126313595101, -0.00618907483295, -0.000979027012363, 0.00222337152809, -0.000687052728608, 0.00386475306004, -0.00195386214182, 0.000220554778934], [-0.000178724236321, 0.000977582647465, -0.00131407892331, 0.000918700068723, -0.00183469930198, -0.00618907483295, 0.015272622928, -0.00720082502812, -0.00132637703791, 0.00369730754755, -0.00433021504432, 0.00526061234996, -0.00263811508194], [0.000131289649289, 4.10554275732e-06, 0.00132936227601, -0.00179215345997, 0.00192061229609, -0.000979027012363, -0.00720082502812, 0.0186351630837, -0.00549175683409, -0.00426568184048, 0.00754693197086, -0.00637926533818, 0.00324976909906], [6.7287714046e-05, -0.000376979500288, -0.000197176093934, 0.00119226274546, -0.00154484482482, 0.00222337152809, -0.00132637703791, -0.00549175683409, 0.0172820799053, -0.00646998547018, -0.00180895766243, 0.00313264154829, -0.00124594708905], [-0.000229719778872, 0.000332687748596, -0.000781395530794, 3.89336746593e-05, 0.00222377316095, -0.000687052728608, 0.00369730754755, -0.00426568184048, -0.00646998547018, 0.0232923440635, -0.0159004088491, 0.00945679470897, -0.00343819055706], [0.000304436456645, -0.000553990888875, 0.000912106363103, -0.00232836091891, -0.000248395983363, 0.00386475306004, -0.00433021504432, 0.00754693197086, -0.00180895766243, -0.0159004088491, 0.0345466956496, -0.0221240445971, 0.00997964292765], [-0.000326235953253, 0.000489570724312, -0.00128859630786, 0.00209267763421, -0.00260912906379, -0.00195386214182, 0.00526061234996, -0.00637926533818, 0.00313264154829, 0.00945679470897, -0.0221240445971, 0.0369809381664, -0.0193452276289], [0.000158640992595, -0.000348169502104, 0.000698994961567, -0.00200199335814, 0.00118551380001, 0.000220554778934, -0.00263811508194, 0.00324976909906, -0.00124594708905, -0.00343819055706, 0.00997964292765, -0.0193452276289, 0.0290850587189]], "mean": [-690.642578125, 193.363937378, -15.4771471024, 16.3266487122, 11.781545639, 17.5592041016, 0.655382692814, 3.58849072456, 0.318368434906, 2.54377889633, 0.785234570503, 2.67361211777, 3.30239009857]}, "pitch_salience": {"dmean": 0.0830291509628, "dmean2": 0.13239172101, "dvar": 0.00511301727965, "dvar2": 0.0125129083171, "max": 0.964363336563, "mean": 0.539353191853, "median": 0.554090857506, "min": 0.0631150752306, "var": 0.0174861382693}, "silence_rate_20dB": {"dmean": 0, "dmean2": 0, "dvar": 0, "dvar2": 0, "max": 1, "mean": 1, "median": 1, "min": 1, "var": 0}, "silence_rate_30dB": {"dmean": 0.0449784845114, "dmean2": 0.0899642705917, "dvar": 0.0429529212415, "dvar2": 0.104116402566, "max": 1, "mean": 0.9250690341, "median": 1, "min": 0, "var": 0.0693173334002}, "silence_rate_60dB": {"dmean": 0.00893074646592, "dmean2": 0.0178629420698, "dvar": 0.00884994491935, "dvar2": 0.0199809893966, "max": 1, "mean": 0.0607241429389, "median": 0, "min": 0, "var": 0.0570418387651}, "spectral_centroid": {"dmean": 145.285324097, "dmean2": 208.6875, "dvar": 32182.5253906, "dvar2": 60526.484375, "max": 11783.2001953, "mean": 862.938598633, "median": 681.645629883, "min": 86.1955108643, "var": 980567.5625}, "spectral_complexity": {"dmean": 3.24559545517, "dmean2": 4.70623588562, "dvar": 10.3990592957, "dvar2": 17.6662712097, "max": 47, "mean": 18.8955993652, "median": 19, "min": 0, "var": 74.5158615112}, "spectral_contrast_coeffs": {"dmean": [0.0548331588507, 0.0500007420778, 0.0390124805272, 0.0288369376212, 0.0287647359073, 0.0360710211098], "dmean2": [0.0903054773808, 0.0822448730469, 0.0641131177545, 0.0474394746125, 0.045506734401, 0.0566519387066], "dvar": [0.00193492602557, 0.00157752586529, 0.000979759963229, 0.00053530925652, 0.000666426611133, 0.00135655631311], "dvar2": [0.00510695809498, 0.00412467680871, 0.00265658297576, 0.00139540852979, 0.00160115305334, 0.00319779128768], "max": [-0.37458896637, -0.387526065111, -0.549451887608, -0.589915037155, -0.641976177692, -0.476255476475], "mean": [-0.687346458435, -0.756447732449, -0.793567538261, -0.802150309086, -0.81734085083, -0.796625971794], "median": [-0.690345585346, -0.759923696518, -0.797817111015, -0.802811384201, -0.813507437706, -0.814819216728], "min": [-0.980445563793, -0.981240570545, -0.973711192608, -0.972654283047, -0.966865420341, -0.964443564415], "var": [0.00726102897897, 0.00506380898878, 0.00332929124124, 0.00199294905178, 0.00260125985369, 0.00380988931283]}, "spectral_contrast_valleys": {"dmean": [0.386147886515, 0.377746015787, 0.340759277344, 0.307937145233, 0.409865796566, 0.718617260456], "dmean2": [0.631348967552, 0.600292205811, 0.524201631546, 0.445004463196, 0.587103486061, 1.14003503323], "dvar": [0.11062541604, 0.108369767666, 0.0942342281342, 0.0934941545129, 0.162929907441, 0.358204931021], "dvar2": [0.257384389639, 0.241834387183, 0.193514704704, 0.168589010835, 0.352439284325, 0.953398942947], "max": [-5.12718248367, -4.21825170517, -5.01495742798, -5.19956302643, -6.09712028503, -8.9258813858], "mean": [-6.74381303787, -6.53595495224, -7.03575372696, -7.42886638641, -8.32094955444, -11.3864707947], "median": [-6.3349609375, -6.19833946228, -6.69048786163, -7.10697984695, -7.98867511749, -11.1364421844], "min": [-28.2508487701, -28.0002822876, -27.934885025, -27.8000106812, -27.6176204681, -27.3973789215], "var": [4.48487567902, 4.69972467422, 4.40045070648, 4.29242897034, 3.97722911835, 3.13031077385]}, "spectral_decrease": {"dmean": 4.01739352895e-09, "dmean2": 6.29351593062e-09, "dvar": 1.71007547896e-17, "dvar2": 4.21289968116e-17, "max": 6.91044455185e-20, "mean": -1.21314842616e-08, "median": -1.09415072558e-08, "min": -6.22963867158e-08, "var": 6.85562460949e-17}, "spectral_energy": {"dmean": 0.0161422025412, "dmean2": 0.0250568091869, "dvar": 0.000273680285318, "dvar2": 0.000671039451845, "max": 0.252871245146, "mean": 0.0524151436985, "median": 0.0483967363834, "min": 1.01123144924e-20, "var": 0.00114983948879}, "spectral_energyband_high": {"dmean": 0.000237441869103, "dmean2": 0.000319584767567, "dvar": 2.30086939723e-07, "dvar2": 4.40521432665e-07, "max": 0.0152601711452, "mean": 0.000518346030731, "median": 0.000181622861419, "min": 6.95149419754e-21, "var": 8.24849621495e-07}, "spectral_energyband_low": {"dmean": 0.0122888414189, "dmean2": 0.0194524712861, "dvar": 0.000188094214536, "dvar2": 0.000457486312371, "max": 0.202631220222, "mean": 0.0265732351691, "median": 0.0193565618247, "min": 1.15924309091e-23, "var": 0.000647528097034}, "spectral_energyband_middle_high": {"dmean": 0.00235864263959, "dmean2": 0.00349894119427, "dvar": 1.43411498357e-05, "dvar2": 3.33414500346e-05, "max": 0.0814859122038, "mean": 0.00590736791492, "median": 0.00377180473879, "min": 1.19432450529e-21, "var": 4.30367836088e-05}, "spectral_energyband_middle_low": {"dmean": 0.00640553236008, "dmean2": 0.00999020878226, "dvar": 6.78881624481e-05, "dvar2": 0.000165227495017, "max": 0.135999441147, "mean": 0.0170265901834, "median": 0.0134949842468, "min": 1.46773478407e-22, "var": 0.000214600251638}, "spectral_entropy": {"dmean": 0.218201190233, "dmean2": 0.321893632412, "dvar": 0.0411628298461, "dvar2": 0.0928503125906, "max": 9.82028198242, "mean": 7.19781064987, "median": 7.21677684784, "min": 4.85409116745, "var": 0.225780710578}, "spectral_flux": {"dmean": 0.0281750243157, "dmean2": 0.0449927262962, "dvar": 0.000732149579562, "dvar2": 0.00172920944169, "max": 0.434714496136, "mean": 0.111487552524, "median": 0.111907929182, "min": 6.45322892345e-11, "var": 0.00245695700869}, "spectral_kurtosis": {"dmean": 9.08192253113, "dmean2": 14.3604803085, "dvar": 97.5735092163, "dvar2": 255.228302002, "max": 115.283660889, "mean": 27.8699264526, "median": 25.9551925659, "min": -1.26071715355, "var": 187.902526855}, "spectral_rms": {"dmean": 0.00108785671182, "dmean2": 0.0016556927003, "dvar": 9.96593939817e-07, "dvar2": 2.3093400614e-06, "max": 0.0157068036497, "mean": 0.00664685992524, "median": 0.00687141390517, "min": 3.14096687028e-12, "var": 6.95598328093e-06}, "spectral_rolloff": {"dmean": 1169.74572754, "dmean2": 2147.40136719, "dvar": 13166935, "dvar2": 34496668, "max": 21963.8671875, "mean": 1941.59521484, "median": 818.26171875, "min": 43.06640625, "var": 17880122}, "spectral_skewness": {"dmean": 0.567549526691, "dmean2": 0.8796261549, "dvar": 0.330219745636, "dvar2": 0.83896446228, "max": 8.0547504425, "mean": 3.74463748932, "median": 3.70204544067, "min": -0.080107703805, "var": 0.914935112}, "spectral_spread": {"dmean": 581851.5, "dmean2": 909837.125, "dvar": 408896700416, "dvar2": 926769872896, "max": 42294916, "mean": 3532187.25, "median": 3136033, "min": 1027489.5, "var": 12020609974300.0}, "s