{"lowlevel": {"average_loudness": 0.921384513378, "barkbands": {"dmean": [3.89819542761e-05, 0.00350943254307, 0.00201737461612, 0.00159107043874, 0.00211089034565, 0.000663529499434, 0.000480096408864, 0.00072293827543, 0.00108135840856, 0.00067203247454, 0.000358743884135, 0.000533278798684, 0.000583871500567, 0.000536307517905, 0.000508142868057, 0.000350333401002, 0.000292118784273, 0.000257484440226, 0.000203317526029, 0.00020149226475, 9.38908997341e-05, 0.000102171128674, 0.000125376071082, 9.36952928896e-05, 5.4213902331e-05, 8.87899877853e-05, 3.08495546051e-05], "dmean2": [6.36986005702e-05, 0.00621896609664, 0.00359455519356, 0.00268008885905, 0.00353751704097, 0.00105808093213, 0.000714692228939, 0.00112483894918, 0.00165467872284, 0.00102462864015, 0.000555434962735, 0.000837803585455, 0.000870513380505, 0.0008267814992, 0.000821147754323, 0.000570772157516, 0.000478279398521, 0.000414037407609, 0.000336419267114, 0.000338493613526, 0.000162481795996, 0.000168550541275, 0.000203519652132, 0.000146067235619, 8.1932899775e-05, 0.000135477530421, 4.8190686357e-05], "dvar": [1.22954002535e-08, 0.000120128628623, 3.31765295414e-05, 1.38070809044e-05, 2.57893570961e-05, 2.31517606153e-06, 1.22872268093e-06, 5.23047492607e-06, 9.34772015171e-06, 2.90500884148e-06, 1.13037094707e-06, 2.4522523745e-06, 2.29857232625e-06, 1.62011133398e-06, 1.40130407544e-06, 6.80699940858e-07, 3.94503786083e-07, 1.73327762809e-07, 1.33189232088e-07, 1.71194386667e-07, 1.10481806814e-07, 9.43711810919e-08, 1.37742560469e-07, 5.72912668417e-08, 1.56126844786e-08, 4.38764722333e-08, 6.0098512833e-09], "dvar2": [3.02646867567e-08, 0.000329984090058, 9.67555679381e-05, 3.75747185899e-05, 7.00129457982e-05, 5.15632291354e-06, 2.80569088318e-06, 1.22243172882e-05, 2.32740967476e-05, 6.75966339259e-06, 2.68222288469e-06, 6.34851585346e-06, 5.17222861163e-06, 3.62935224985e-06, 3.58140891876e-06, 1.78591358235e-06, 9.66374045674e-07, 4.33722533444e-07, 3.51881283223e-07, 4.7407328907e-07, 3.12477396847e-07, 2.50756841069e-07, 3.68717564925e-07, 1.41625534411e-07, 3.61497036749e-08, 1.02442285765e-07, 1.42315776941e-08], "max": [0.00131488975603, 0.0936952382326, 0.0566556341946, 0.0498952232301, 0.0628786683083, 0.0668532624841, 0.0445037037134, 0.0614862553775, 0.0893055126071, 0.0501611381769, 0.0308652594686, 0.0528042763472, 0.0438661836088, 0.0350432246923, 0.0362409316003, 0.0298668090254, 0.0253974869847, 0.0077780331485, 0.00609797704965, 0.00740588316694, 0.00684601254761, 0.00822170451283, 0.00801206566393, 0.00507324934006, 0.00254996772856, 0.00301303970627, 0.00168736965861], "mean": [4.7569275921e-05, 0.00346020446159, 0.00339663471095, 0.00292962254025, 0.0036440314725, 0.00128117424902, 0.000977647490799, 0.00122606311925, 0.0019582665991, 0.00112990627531, 0.00054977304535, 0.000941010075621, 0.000998800154775, 0.000932316994295, 0.00079983001342, 0.00058283744147, 0.000500245718285, 0.000474578206195, 0.000332666910253, 0.00031914646388, 0.000105590530438, 0.000152564607561, 0.000183713258593, 0.000144565099617, 7.69960606704e-05, 9.52406917349e-05, 3.05608627968e-05], "median": [1.60285180755e-05, 0.00161659601144, 0.00154723983724, 0.00230707298033, 0.00249455217272, 0.000548845622689, 0.000474843895063, 0.000386389612686, 0.000556896964554, 0.000374481402105, 0.00013842334738, 0.000323168671457, 0.000343203806551, 0.000365016923752, 0.000296509708278, 0.000208497949643, 0.000212849394302, 0.000252621510299, 0.000195069122128, 0.000164927361766, 2.33705231949e-05, 4.15334798163e-05, 4.75934539281e-05, 3.44546933775e-05, 1.59137853188e-05, 1.04199307316e-05, 1.44107366395e-06], "min": [1.88343634935e-25, 2.69151333923e-24, 7.29094781585e-25, 1.75213143776e-25, 1.01706140459e-23, 5.11839579363e-24, 9.72298281386e-24, 8.12207638141e-24, 1.2540523388e-23, 1.57900370941e-23, 2.66295838884e-23, 3.39067500084e-23, 2.26464847607e-23, 3.87728101033e-23, 3.13107286762e-23, 5.73537723935e-23, 4.92205912171e-23, 1.16542940124e-22, 1.02924152741e-22, 1.45145521934e-22, 2.22477379768e-22, 2.75392099319e-22, 4.06962082381e-22, 5.56351259466e-22, 8.60641643528e-22, 1.25113945413e-21, 1.96958893212e-21], "var": [1.1528089594e-08, 7.84158619354e-05, 2.54586375377e-05, 1.45588373925e-05, 2.67838804575e-05, 6.12932308286e-06, 3.0439607599e-06, 1.09059828901e-05, 2.1801530238e-05, 6.03001399213e-06, 2.40778581428e-06, 5.25097493664e-06, 4.95587119076e-06, 4.11757037e-06, 2.6163977509e-06, 1.58014779572e-06, 9.80808067652e-07, 4.15459453507e-07, 1.90503186559e-07, 2.18243087602e-07, 8.33798239341e-08, 1.18932348414e-07, 1.67541088558e-07, 9.00422563177e-08, 2.63798192179e-08, 5.18558209706e-08, 6.75195410693e-09]}, "barkbands_crest": {"dmean": 2.44833755493, "dmean2": 4.04115915298, "dvar": 7.72518539429, "dvar2": 21.0809860229, "max": 26.3675670624, "mean": 8.5634765625, "median": 7.48154497147, "min": 2.14978337288, "var": 15.6777715683}, "barkbands_flatness_db": {"dmean": 0.0239514093846, "dmean2": 0.0342728421092, "dvar": 0.00064112234395, "dvar2": 0.00138772279024, "max": 0.402653664351, "mean": 0.127100467682, "median": 0.117540970445, "min": 0.0212781410664, "var": 0.00290367612615}, "barkbands_kurtosis": {"dmean": 2.25916290283, "dmean2": 3.62090420723, "dvar": 19.6466503143, "dvar2": 49.4765205383, "max": 147.208084106, "mean": 2.61806154251, "median": 0.73721909523, "min": -1.91968333721, "var": 38.0592155457}, "barkbands_skewness": {"dmean": 0.507380843163, "dmean2": 0.790249168873, "dvar": 0.360953450203, "dvar2": 0.90847915411, "max": 11.3979253769, "mean": 1.20319807529, "median": 1.06788635254, "min": -2.30679821968, "var": 1.13569915295}, "barkbands_spread": {"dmean": 5.77761030197, "dmean2": 8.8209695816, "dvar": 49.0784072876, "dvar2": 110.40512085, "max": 93.366569519, "mean": 23.4839076996, "median": 21.9388332367, "min": 0.954939007759, "var": 159.069122314}, "dissonance": {"dmean": 0.0187376923859, "dmean2": 0.0309324301779, "dvar": 0.000399135664338, "dvar2": 0.00105758360587, "max": 0.500000178814, "mean": 0.463432490826, "median": 0.471336245537, "min": 0.234862297773, "var": 0.000872770324349}, "dynamic_complexity": 3.31931185722, "erbbands": {"dmean": [0.0661436319351, 0.911541640759, 2.34416842461, 3.63952493668, 7.75170850754, 6.47263813019, 5.00760507584, 6.10718917847, 6.45097255707, 9.72906589508, 15.3326749802, 25.6900558472, 20.5619831085, 18.436964035, 17.0636806488, 19.2399654388, 25.7171916962, 27.5682182312, 26.0933628082, 22.3857383728, 16.1871623993, 15.1381473541, 14.5190649033, 9.05701541901, 11.374622345, 9.28346061707, 3.99176764488, 3.76356911659, 3.50221729279, 3.75846934319, 3.65556573868, 2.38692116737, 1.38318908215, 0.65914863348, 0.379899889231, 0.269029855728, 0.203801393509, 0.05156788975, 0.00490456586704, 0.000138334304211], "dmean2": [0.113935150206, 1.63315868378, 4.19024038315, 6.24706315994, 13.0755271912, 10.733915329, 7.94825315475, 9.78638076782, 9.53837394714, 15.038898468, 23.1155586243, 38.5393981934, 31.9513759613, 28.0727329254, 26.0504322052, 29.4790840149, 38.0090141296, 42.3041496277, 41.4200057983, 35.8858566284, 26.1629714966, 24.8510913849, 23.486492157, 14.8565092087, 18.9334220886, 15.5553693771, 6.89292478561, 6.51431941986, 5.88233327866, 6.10523176193, 5.92664337158, 3.79681611061, 2.15449786186, 1.00853276253, 0.573946774006, 0.404993146658, 0.314705401659, 0.0802806615829, 0.00763605907559, 0.000217375243665], "dvar": [0.0415522903204, 8.23901462555, 49.1836128235, 58.2390213013, 546.963745117, 166.803756714, 98.6658325195, 261.003967285, 225.766876221, 1073.85058594, 2009.08081055, 6064.32226562, 3707.42529297, 2491.40722656, 2287.45581055, 3470.04321289, 4600.79443359, 4638.47558594, 4225.41064453, 2936.34399414, 1716.69287109, 917.62286377, 536.32043457, 256.661407471, 424.438415527, 389.305603027, 173.317657471, 208.286483765, 118.906196594, 116.414772034, 118.183776855, 44.6697921753, 11.4234256744, 2.45347499847, 0.757778286934, 0.386597424746, 0.247874617577, 0.0160344447941, 0.000150591746205, 1.456118639e-07], "dvar2": [0.109967857599, 22.9507369995, 141.927459717, 162.609619141, 1483.39575195, 439.393432617, 221.79574585, 558.269592285, 502.735687256, 2535.61010742, 4589.20458984, 14264.3544922, 8622.89746094, 5783.44091797, 5386.92041016, 8898.63183594, 10122.5712891, 10911.1171875, 10734.6044922, 7251.53125, 4501.54931641, 2426.03173828, 1371.98596191, 669.664550781, 1133.93286133, 1070.67053223, 495.583618164, 588.45501709, 321.733428955, 307.292938232, 315.592224121, 114.40436554, 27.5454730988, 5.83109903336, 1.73744928837, 0.872683227062, 0.589465379715, 0.0379272252321, 0.000359421101166, 3.58162850489e-07], "max": [1.99720680714, 23.5434188843, 65.884513855, 87.5858001709, 259.548309326, 245.559356689, 292.438293457, 828.844421387, 682.75604248, 920.243103027, 1214.49975586, 2571.52246094, 1796.90612793, 1936.29504395, 1580.98669434, 2170.50244141, 2413.09570312, 2258.10009766, 2431.99975586, 1723.35412598, 2017.76599121, 909.852722168, 456.216125488, 253.918930054, 346.784851074, 345.741088867, 242.875808716, 350.704193115, 239.477600098, 235.990951538, 223.401931763, 118.87437439, 91.1303863525, 33.9609184265, 16.443611145, 13.5708198547, 8.51690483093, 2.58876276016, 0.256973326206, 0.00974168628454], "mean": [0.0773431435227, 0.894394099712, 3.76676082611, 6.60780954361, 11.4762592316, 12.5931558609, 10.0960063934, 11.4495382309, 13.1629724503, 18.5440006256, 27.9879875183, 46.7340278625, 37.5429916382, 32.8777809143, 32.2611427307, 35.6376876831, 47.1902046204, 52.8011245728, 44.6745681763, 37.5707359314, 29.6274471283, 27.9556388855, 28.1393890381, 16.4381847382, 19.3393630981, 15.1794624329, 5.03389358521, 4.36240673065, 5.04661130905, 5.81445741653, 5.23877573013, 3.5324511528, 2.13460540771, 0.966896295547, 0.509355008602, 0.317391186953, 0.206960737705, 0.0520589277148, 0.00489867758006, 0.000161137388204], "median": [0.0383143648505, 0.441177517176, 1.73373734951, 5.57557153702, 7.90021848679, 8.7095489502, 5.29110193253, 4.51296377182, 6.31997442245, 8.14405059814, 9.99491691589, 14.7576465607, 11.1404733658, 12.5324993134, 11.6786994934, 14.1444683075, 18.1955280304, 22.4490013123, 19.7697868347, 14.5179653168, 11.4242963791, 12.7849197388, 15.7335615158, 10.138882637, 11.6982393265, 7.73036766052, 1.7362562418, 0.900453150272, 1.37135100365, 1.61250197887, 1.32825028896, 0.845497310162, 0.472401887178, 0.214967876673, 0.0907898619771, 0.0435621738434, 0.0191230755299, 0.00416961265728, 0.000210358004551, 4.24583668064e-05], "min": [8.40202875941e-23, 1.99589685008e-22, 1.08405937074e-21, 4.94866415625e-21, 1.59637408702e-20, 3.38092174676e-20, 4.96386820443e-20, 4.98932307219e-20, 1.33473579298e-19, 2.04354492117e-19, 2.34013608742e-19, 3.83705485666e-19, 6.18037145355e-19, 9.82228173751e-19, 1.34420944084e-18, 1.90472129277e-18, 1.5093705258e-18, 1.71635014021e-18, 2.69011377475e-18, 2.59958444018e-18, 3.63771410011e-18, 3.65042993408e-18, 6.78913492196e-18, 5.9165495384e-18, 7.10280387819e-18, 7.22279304348e-18, 9.67588152243e-18, 8.7045150573e-18, 8.4003169055e-18, 9.77253592265e-18, 1.05398576102e-17, 9.8044816379e-18, 1.09449188572e-17, 8.75208042407e-18, 5.76990654582e-18, 3.98943998196e-18, 2.27196115381e-18, 9.08770916441e-19, 2.44132664272e-19, 2.85012576379e-20], "var": [0.0300294347107, 5.20199537277, 35.3861045837, 59.9247589111, 443.877807617, 266.065307617, 274.519622803, 676.088439941, 584.961120605, 1797.40515137, 4415.12207031, 13033.71875, 8805.89453125, 5477.20019531, 5304.11962891, 6996.74072266, 10376.1103516, 12101.8076172, 8208.51953125, 6214.99365234, 4411.10302734, 2262.14379883, 1324.18603516, 434.895782471, 604.814880371, 535.897216797, 130.773712158, 160.311904907, 137.221343994, 158.337722778, 140.166564941, 61.7881622314, 18.9407997131, 4.10066175461, 1.23354256153, 0.545377910137, 0.26917168498, 0.0177755262703, 0.000169485167135, 1.67412636642e-07]}, "erbbands_crest": {"dmean": 2.69652843475, "dmean2": 4.20169115067, "dvar": 6.71617650986, "dvar2": 15.6975755692, "max": 31.751039505, "mean": 9.36142444611, "median": 8.20118427277, "min": 2.40745949745, "var": 21.1132736206}, "erbbands_flatness_db": {"dmean": 0.0237662494183, "dmean2": 0.0301059931517, "dvar": 0.000622913241386, "dvar2": 0.000984949525446, "max": 0.399547129869, "mean": 0.16219958663, "median": 0.158726081252, "min": 0.0359581448138, "var": 0.00304953125305}, "erbbands_kurtosis": {"dmean": 0.935510516167, "dmean2": 1.44743132591, "dvar": 2.09643554688, "dvar2": 4.71264028549, "max": 48.4605712891, "mean": 0.703279733658, "median": 0.0376827716827, "min": -1.75518453121, "var": 5.57074785233}, "erbbands_skewness": {"dmean": 0.342435449362, "dmean2": 0.517222225666, "dvar": 0.118543997407, "dvar2": 0.274646431208, "max": 6.1746172905, "mean": 0.142628625035, "median": 0.0233783591539, "min": -3.44459462166, "var": 0.628327250481}, "erbbands_spread": {"dmean": 7.8702878952, "dmean2": 11.549489975, "dvar": 78.8770980835, "dvar2": 167.527359009, "max": 132.65826416, "mean": 34.5137901306, "median": 31.9854831696, "min": 2.56942009926, "var": 289.590118408}, "gfcc": {"cov": [[19425.8417969, -1047.77746582, -383.063293457, 418.850524902, -299.574493408, 460.165588379, -295.016143799, 212.436157227, -187.470077515, 41.8413047791, -341.486968994, 105.883651733, -314.552124023], [-1047.77746582, 2475.22216797, -487.232055664, 247.127059937, 422.183288574, -225.245117188, 300.602233887, -112.182197571, 42.1318435669, -128.592300415, 170.686737061, -206.786499023, 39.5091247559], [-383.063293457, -487.232055664, 1156.9041748, 152.432388306, 122.650733948, 146.078689575, 5.97873544693, 73.463218689, 0.486300289631, 56.0598449707, -79.5276031494, 99.0166091919, -32.3476409912], [418.850524902, 247.127059937, 152.432388306, 534.412902832, 170.387878418, 74.4161605835, -5.71984767914, 13.9854183197, 66.8448028564, -11.497759819, -44.5212669373, -24.4213638306, 12.9486885071], [-299.574493408, 422.183288574, 122.650733948, 170.387878418, 525.528930664, 21.0267372131, 135.256622314, 19.883600235, 30.3854351044, 28.5598831177, 9.40885353088, -55.6362876892, 3.22239279747], [460.165588379, -225.245117188, 146.078689575, 74.4161605835, 21.0267372131, 243.082565308, 32.3952255249, 35.4374008179, -21.1692562103, 15.3846664429, -18.2495250702, 14.7819232941, -19.9041385651], [-295.016143799, 300.602233887, 5.97873544693, -5.71984767914, 135.256622314, 32.3952255249, 261.375671387, 14.2726459503, -20.5582962036, -15.1089296341, 43.6333885193, -39.8870353699, -18.1278877258], [212.436157227, -112.182197571, 73.463218689, 13.9854183197, 19.883600235, 35.4374008179, 14.2726459503, 131.390411377, 18.8754615784, 14.9799661636, -17.6246471405, -1.58176898956, -11.5708942413], [-187.470077515, 42.1318435669, 0.486300289631, 66.8448028564, 30.3854351044, -21.1692562103, -20.5582962036, 18.8754615784, 138.051040649, 26.7621097565, -21.6514072418, -8.34959125519, 17.7737903595], [41.8413047791, -128.592300415, 56.0598449707, -11.497759819, 28.5598831177, 15.3846664429, -15.1089296341, 14.9799661636, 26.7621097565, 96.8626327515, 7.30535840988, 5.41024637222, -11.5409326553], [-341.486968994, 170.686737061, -79.5276031494, -44.5212669373, 9.40885353088, -18.2495250702, 43.6333885193, -17.6246471405, -21.6514072418, 7.30535840988, 119.66620636, 10.2438869476, -4.7487077713], [105.883651733, -206.786499023, 99.0166091919, -24.4213638306, -55.6362876892, 14.7819232941, -39.8870353699, -1.58176898956, -8.34959125519, 5.41024637222, 10.2438869476, 113.370651245, 11.256983757], [-314.552124023, 39.5091247559, -32.3476409912, 12.9486885071, 3.22239279747, -19.9041385651, -18.1278877258, -11.5708942413, 17.7737903595, -11.5409326553, -4.7487077713, 11.256983757, 85.9699935913]], "icov": [[7.05261772964e-05, -1.24915495689e-05, 9.04033513507e-05, -7.9510951764e-05, 1.99943788175e-05, -9.63058555499e-05, 5.25286413904e-05, -0.000103811617009, 0.000152684544446, -9.36909927987e-05, 0.000258690561168, -0.000180560833542, 0.00027762321406], [-1.24915495689e-05, 0.000950919988099, 0.00014792822185, -0.000426171231084, -0.000460661831312, 0.000719887437299, -0.000611133989878, 0.000490321661346, -0.000360583915608, 0.00108930259012, -0.00124212575611, 0.00105331582017, -0.000227554381127], [9.04033513507e-05, 0.00014792822185, 0.00135031261016, -0.00042682766798, -0.000329713569954, -0.000307514535962, -0.000211782156839, -0.000381912104785, 0.000407006504247, -0.000524028204381, 0.00104171980638, -0.00140275573358, 0.000766983430367], [-7.9510951764e-05, -0.000426171231084, -0.00042682766798, 0.00285750441253, -0.000647945329547, -0.00111353525426, 0.000824532588013, 0.000134816567879, -0.00130788201932, 0.000800982757937, 0.00043816305697, 0.000266077957349, -0.000360287929652], [1.99943788175e-05, -0.000460661831312, -0.000329713569954, -0.000647945329547, 0.00299128820188, -4.78265938e-05, -0.001094506355, -0.000301323918393, 0.000170657003764, -0.0016628789017, 0.000441243319074, 0.000469320162665, -0.000431740278145], [-9.63058555499e-05, 0.000719887437299, -0.000307514535962, -0.00111353525426, -4.78265938e-05, 0.00581621471792, -0.00145503156818, -0.000494216044899, 0.000934646173846, -0.000250801967923, -0.000405617582146, 0.000242298163357, 6.28289926681e-05], [5.25286413904e-05, -0.000611133989878, -0.000211782156839, 0.000824532588013, -0.001094506355, -0.00145503156818, 0.00592050002888, -0.000914821168408, 0.000412417226471, 0.00105054723099, -0.00127186544705, 0.000921142112929, 0.00096350844251], [-0.000103811617009, 0.000490321661346, -0.000381912104785, 0.000134816567879, -0.000301323918393, -0.000494216044899, -0.000914821168408, 0.0089665222913, -0.00172515283339, 4.10264838138e-05, 2.65639591817e-05, 0.000903871492483, 0.0003869048669], [0.000152684544446, -0.000360583915608, 0.000407006504247, -0.00130788201932, 0.000170657003764, 0.000934646173846, 0.000412417226471, -0.00172515283339, 0.00984603911638, -0.0038222305011, 0.00247292895801, -0.000551271543372, -0.00120067375246], [-9.36909927987e-05, 0.00108930259012, -0.000524028204381, 0.000800982757937, -0.0016628789017, -0.000250801967923, 0.00105054723099, 4.10264838138e-05, -0.0038222305011, 0.0143167851493, -0.00379830366001, 0.0015337204095, 0.0013716063695], [0.000258690561168, -0.00124212575611, 0.00104171980638, 0.00043816305697, 0.000441243319074, -0.000405617582146, -0.00127186544705, 2.65639591817e-05, 0.00247292895801, -0.00379830366001, 0.0132283009589, -0.00450779171661, 0.00176804128569], [-0.000180560833542, 0.00105331582017, -0.00140275573358, 0.000266077957349, 0.000469320162665, 0.000242298163357, 0.000921142112929, 0.000903871492483, -0.000551271543372, 0.0015337204095, -0.00450779171661, 0.0133229466155, -0.00303185847588], [0.00027762321406, -0.000227554381127, 0.000766983430367, -0.000360287929652, -0.000431740278145, 6.28289926681e-05, 0.00096350844251, 0.0003869048669, -0.00120067375246, 0.0013716063695, 0.00176804128569, -0.00303185847588, 0.0143081713468]], "mean": [-9.27251720428, 88.4779052734, -119.798576355, 19.2447338104, -47.0737800598, 7.74253225327, -38.2341804504, 5.06987810135, -25.6249065399, -5.18585205078, -15.7861671448, -4.86468601227, -20.00299263]}, "hfc": {"dmean": 8.88733577728, "dmean2": 13.8327331543, "dvar": 232.307006836, "dvar2": 590.17779541, "max": 189.586685181, "mean": 24.564283371, "median": 19.1329154968, "min": 1.10222140877e-16, "var": 459.606872559}, "melbands": {"dmean": [0.000799875473604, 0.00123185198754, 0.000769307313021, 0.000522229762282, 0.000184075994184, 0.000130009793793, 0.000100371944427, 0.00012208604312, 0.000124577389215, 0.000166647601873, 0.00010385792848, 7.91343336459e-05, 5.43865680811e-05, 6.53430688544e-05, 4.26778678957e-05, 6.45629697829e-05, 5.24643546669e-05, 4.29196661571e-05, 3.37226556439e-05, 2.7704762033e-05, 1.99490204977e-05, 1.71633091668e-05, 1.66606314451e-05, 1.2522178622e-05, 7.36175707061e-06, 8.78681839822e-06, 8.95960693015e-06, 5.72705857849e-06, 2.58771478912e-06, 2.38459756474e-06, 2.10714233617e-06, 1.96883979697e-06, 2.23177016778e-06, 2.12292798096e-06, 2.22386438509e-06, 1.917787813e-06, 1.38217171752e-06, 1.08859376269e-06, 6.88280636041e-07, 5.42102725376e-07], "dmean2": [0.00140017725062, 0.00218984787352, 0.00131016958039, 0.000876286707353, 0.000295903038932, 0.000208183962968, 0.000148378239828, 0.00018976443971, 0.000186793404282, 0.000252957484918, 0.000161827818374, 0.000120281656564, 8.27429757919e-05, 0.000101548030216, 6.54284085613e-05, 9.58966193139e-05, 8.04233932286e-05, 6.78797514411e-05, 5.42159250472e-05, 4.49005892733e-05, 3.20032231684e-05, 2.82635464828e-05, 2.71488970611e-05, 2.02367027669e-05, 1.21741704788e-05, 1.44953528434e-05, 1.4930746147e-05, 9.65062645264e-06, 4.50454217571e-06, 4.14186342823e-06, 3.63936078429e-06, 3.36335665452e-06, 3.67584675587e-06, 3.47144191437e-06, 3.62879927707e-06, 3.13128498419e-06, 2.19626099351e-06, 1.72332647708e-06, 1.06257266452e-06, 8.43222267122e-07], "dvar": [6.23386858933e-06, 1.37026299853e-05, 3.0832700304e-06, 1.80935273875e-06, 1.19514723451e-07, 1.08822867162e-07, 5.06842852133e-08, 1.67886327063e-07, 1.22664644664e-07, 2.50322955253e-07, 9.21738632087e-08, 4.64828353586e-08, 2.45190658887e-08, 3.93213994698e-08, 1.51766723633e-08, 2.51413592167e-08, 1.72038632229e-08, 1.25185861677e-08, 6.00324501221e-09, 4.53745174767e-09, 2.96950730672e-09, 1.37711164694e-09, 8.45009173744e-10, 4.73868888573e-10, 1.76842512856e-10, 2.82559753373e-10, 2.49274823005e-10, 1.81073253613e-10, 8.15755588079e-11, 7.44731290525e-11, 6.88598206233e-11, 4.26299585909e-11, 3.82220713413e-11, 3.94252686053e-11, 4.17476574144e-11, 3.57061741285e-11, 1.44296102844e-11, 7.27745728263e-12, 2.63055245989e-12, 1.70491485513e-12], "dvar2": [1.6902176867e-05, 3.8662688894e-05, 8.4084322225e-06, 4.95688846058e-06, 2.74548625612e-07, 2.36805277609e-07, 1.13823062975e-07, 3.98068152663e-07, 2.82793422457e-07, 6.0940504909e-07, 2.14954752664e-07, 1.08312235625e-07, 5.7163148881e-08, 1.01434032729e-07, 3.51238789165e-08, 5.72260567822e-08, 3.91834582558e-08, 3.13856816092e-08, 1.49825467588e-08, 1.12974278821e-08, 7.537517277e-09, 3.52818552152e-09, 2.12536765964e-09, 1.17556531176e-09, 4.6515244434e-10, 7.50522255455e-10, 6.68024302541e-10, 5.0113946326e-10, 2.35895941669e-10, 2.10313169657e-10, 1.94700408573e-10, 1.17483009432e-10, 1.00362232414e-10, 1.05301288522e-10, 1.1126892463e-10, 9.62921339887e-11, 3.68175247234e-11, 1.7735608121e-11, 6.32120267588e-12, 4.09504591695e-12], "max": [0.021910706535, 0.0329407826066, 0.0193904414773, 0.0170472338796, 0.00855774432421, 0.0162868723273, 0.0103145549074, 0.0110002811998, 0.0079912180081, 0.0173232518137, 0.00868641212583, 0.00831566285342, 0.00500904768705, 0.00728299980983, 0.00322686112486, 0.00370582845062, 0.00403997115791, 0.00419848039746, 0.00174411700573, 0.00178112764843, 0.00241926359013, 0.00123747624457, 0.00068387464853, 0.000518393644597, 0.000197318353457, 0.000347649707692, 0.000264980830252, 0.000280758889858, 0.000196749155293, 0.000242820024141, 0.000195886022993, 0.000142969351145, 0.000153414774104, 0.000117549694551, 0.000133630936034, 0.000130121319671, 7.57748857723e-05, 7.55050496082e-05, 3.35022632498e-05, 2.87554557872e-05], "mean": [0.000832722522318, 0.00169580359943, 0.00134355609771, 0.000922689097933, 0.000385404506233, 0.0002443336125, 0.000204671669053, 0.000224548755796, 0.000228209653869, 0.00029849994462, 0.000182148767635, 0.000134986199555, 9.38258235692e-05, 0.000118045369163, 7.30358879082e-05, 0.000117317904369, 9.27404253162e-05, 6.91955501679e-05, 5.47042363905e-05, 4.30751460954e-05, 3.37874189427e-05, 2.85400255962e-05, 2.88993796858e-05, 2.18881559704e-05, 1.19672149594e-05, 1.36464259413e-05, 1.45261283251e-05, 8.78866831044e-06, 3.03978390548e-06, 2.57959572991e-06, 2.41374004872e-06, 2.62415346697e-06, 3.37678943652e-06, 3.15592706102e-06, 3.12963925353e-06, 2.55967256635e-06, 2.01383750209e-06, 1.63746415183e-06, 1.01835712485e-06, 7.42026486478e-07], "median": [0.000401504919864, 0.000938621233217, 0.00109547423199, 0.000674488139339, 0.000218916931772, 9.66627558228e-05, 9.88945612335e-05, 9.19303274713e-05, 8.14612503746e-05, 8.62124943524e-05, 4.93226325489e-05, 4.51898340543e-05, 3.00156116282e-05, 3.85244820791e-05, 2.64088430413e-05, 4.32434499089e-05, 3.46003835148e-05, 2.82279506791e-05, 2.08869569178e-05, 1.49086181409e-05, 1.15181537694e-05, 1.12092038762e-05, 1.45340000017e-05, 1.11001381811e-05, 6.65894458507e-06, 7.46660316508e-06, 8.15013936517e-06, 3.74483488486e-06, 8.79441927282e-07, 4.95188430705e-07, 4.56394388948e-07, 6.80758603266e-07, 8.81843391198e-07, 8.50202980018e-07, 7.89586181327e-07, 5.74023147237e-07, 4.41149126118e-07, 3.36450227678e-07, 2.19604245899e-07, 1.47600943023e-07], "min": [1.33593268894e-24, 8.51697028981e-25, 1.13045493351e-24, 6.81070458094e-25, 1.47114374392e-24, 1.13526797111e-24, 2.16347923435e-24, 2.06096281541e-24, 1.89375743566e-24, 1.47574724034e-24, 2.92138109613e-24, 3.39568134881e-24, 3.65126478792e-24, 4.36809717047e-24, 3.06526419764e-24, 2.88362739649e-24, 2.2836420773e-24, 3.23843060482e-24, 2.76519925867e-24, 3.82058865363e-24, 3.61786362833e-24, 2.48998008555e-24, 4.93920919445e-24, 5.07506248081e-24, 3.83751405878e-24, 4.44490342921e-24, 5.00193389161e-24, 4.41314191702e-24, 5.27603860149e-24, 5.11211172766e-24, 4.50388813682e-24, 4.13840414627e-24, 5.84171261282e-24, 4.3549212212e-24, 5.64756289999e-24, 5.14147273612e-24, 5.60300488062e-24, 6.21836371835e-24, 5.28028701189e-24, 6.65831183962e-24], "var": [4.20446667704e-06, 9.25353833736e-06, 3.04045283883e-06, 1.74742592662e-06, 3.47124171185e-07, 2.84478630874e-07, 1.34685066655e-07, 3.00731329617e-07, 2.66508294544e-07, 5.45486443571e-07, 2.18917463712e-07, 1.00236448475e-07, 5.66770452792e-08, 8.79333370563e-08, 3.19482751365e-08, 5.90612714291e-08, 4.27876472031e-08, 2.50947156388e-08, 1.20663630199e-08, 9.45007805342e-09, 7.48447170906e-09, 3.11074099812e-09, 1.88185134142e-09, 1.05410624673e-09, 2.67892985573e-10, 3.82903125873e-10, 3.76537134805e-10, 2.36843988866e-10, 5.83493114936e-11, 5.57092254272e-11, 5.35903092735e-11, 4.40722146278e-11, 5.34422020526e-11, 5.01176149192e-11, 4.97168278768e-11, 4.009052465e-11, 2.04106766211e-11, 1.17371520489e-11, 4.38366530575e-12, 2.68595107093e-12]}, "melbands_crest": {"dmean": 2.87933969498, "dmean2": 4.66121768951, "dvar": 9.10454177856, "dvar2": 22.6347484589, "max": 34.5254936218, "mean": 12.3317527771, "median": 11.5283517838, "min": 1.7254421711, "var": 21.976354599}, "melbands_flatness_db": {"dmean": 0.0281289219856, "dmean2": 0.0411380641162, "dvar": 0.00102861120831, "dvar2": 0.00231844256632, "max": 0.541973292828, "mean": 0.190884068608, "median": 0.180343568325, "min": 0.00366223696619, "var": 0.0047554592602}, "melbands_kurtosis": {"dmean": 5.63361597061, "dmean2": 9.2739315033, "dvar": 123.542205811, "dvar2": 330.071655273, "max": 240.946243286, "mean": 8.76824951172, "median": 4.4802107811, "min": -1.77624213696, "var": 177.982879639}, "melbands_skewness": {"dmean": 0.710315108299, "dmean2": 1.10470151901, "dvar": 0.844173073769, "dvar2": 2.13462305069, "max": 11.9841814041, "mean": 2.15339851379, "median": 1.93261313438, "min": -2.01554012299, "var": 2.07473921776}, "melbands_spread": {"dmean": 7.3254032135, "dmean2": 11.526638031, "dvar": 85.5530853271, "dvar2": 198.987594604, "max": 213.671188354, "mean": 26.8807926178, "median": 24.1276988983, "min": 0.973478317261, "var": 338.883422852}, "mfcc": {"cov": [[10288.2617188, -693.930114746, 60.274887085, 84.6412353516, 196.813323975, 260.734619141, 8.8462896347, 247.832397461, 65.4074401855, 164.472854614, -12.7887010574, 15.9337816238, -23.1717777252], [-693.930114746, 2018.44458008, -436.484130859, 342.909851074, 68.8852462769, 17.4090270996, 228.925979614, 36.6666374207, -67.6828842163, 82.8811035156, 78.8992385864, -74.7649078369, 69.1553726196], [60.274887085, -436.484130859, 830.353942871, 38.8939819336, 74.6117630005, 73.4040985107, -24.8035793304, 60.6375694275, 45.0252075195, -32.7020645142, -23.2447013855, 16.1189899445, -0.278358578682], [84.6412353516, 342.909851074, 38.8939819336, 469.231384277, 203.686141968, 108.268447876, 40.2298774719, 33.5823516846, 84.1613922119, 26.4524326324, 19.4249134064, 22.6057376862, 19.1123275757], [196.813323975, 68.8852462769, 74.6117630005, 203.686141968, 339.851928711, 93.9960098267, 28.9036178589, 7.93770265579, 85.7880935669, 35.8494644165, 8.83389663696, 26.4346389771, -0.287821501493], [260.734619141, 17.4090270996, 73.4040985107, 108.268447876, 93.9960098267, 220.209030151, 74.4408187866, 35.4958839417, 41.8963394165, 17.5288143158, 21.8496227264, 11.6007270813, -8.29624557495], [8.8462896347, 228.925979614, -24.8035793304, 40.2298774719, 28.9036178589, 74.4408187866, 271.591369629, 66.2901000977, -16.6650676727, 47.2260246277, 35.8219718933, -10.787027359, 9.92948246002], [247.832397461, 36.6666374207, 60.6375694275, 33.5823516846, 7.93770265579, 35.4958839417, 66.2901000977, 140.964706421, 12.9272327423, 10.0877437592, 8.61174201965, -8.19231796265, 17.7811717987], [65.4074401855, -67.6828842163, 45.0252075195, 84.1613922119, 85.7880935669, 41.8963394165, -16.6650676727, 12.9272327423, 160.859786987, 35.4821166992, -6.09118175507, 15.9102373123, -11.3820915222], [164.472854614, 82.8811035156, -32.7020645142, 26.4524326324, 35.8494644165, 17.5288143158, 47.2260246277, 10.0877437592, 35.4821166992, 121.095672607, 38.8634643555, -5.98068284988, -4.20565319061], [-12.7887010574, 78.8992385864, -23.2447013855, 19.4249134064, 8.83389663696, 21.8496227264, 35.8219718933, 8.61174201965, -6.09118175507, 38.8634643555, 100.394073486, 20.5140018463, -8.19154834747], [15.9337816238, -74.7649078369, 16.1189899445, 22.6057376862, 26.4346389771, 11.6007270813, -10.787027359, -8.19231796265, 15.9102373123, -5.98068284988, 20.5140018463, 92.0674438477, 22.0809898376], [-23.1717777252, 69.1553726196, -0.278358578682, 19.1123275757, -0.287821501493, -8.29624557495, 9.92948246002, 17.7811717987, -11.3820915222, -4.20565319061, -8.19154834747, 22.0809898376, 97.235824585]], "icov": [[0.000114051283163, 5.6907763792e-05, 4.66952733404e-05, -1.829141911e-05, -5.07733275299e-05, -0.000127346458612, 8.53535384522e-05, -0.000244024457061, 0.000122625206131, -0.00022850993264, 0.000111250017653, -2.76221562672e-05, 3.54419607902e-05], [5.6907763792e-05, 0.000871523516253, 0.000401670899009, -0.000742310367059, -4.24570998803e-06, 0.000160482668434, -0.000449801009381, -2.37016192841e-05, 0.000436674861703, -0.000213576960959, -0.000432910339441, 0.000884831184521, -0.000590800656937], [4.66952733404e-05, 0.000401670899009, 0.00153850275092, -0.000219219335122, -0.000267171213636, -0.00034675252391, 0.000101871817606, -0.000737606722396, 5.60237022e-05, 0.000240721637965, 7.23407283658e-05, 0.000196148932446, -0.000154426903464], [-1.829141911e-05, -0.000742310367059, -0.000219219335122, 0.00379564589821, -0.00154427299276, -0.000910194125026, 0.000403213518439, -0.000377259391826, -0.00116009404883, 0.000448821927421, -0.000125148610095, -0.000599604856689, -0.000268285890343], [-5.07733275299e-05, -4.24570998803e-06, -0.000267171213636, -0.00154427299276, 0.0045987428166, -0.000789726211224, -0.00028068193933, 0.000714837224223, -0.00118668272626, -0.000666700012516, 0.00038741613389, -0.000723512435798, 0.000167059741216], [-0.000127346458612, 0.000160482668434, -0.00034675252391, -0.000910194125026, -0.000789726211224, 0.00643823761493, -0.0017380444333, -0.000213715000427, -0.000876050326042, 0.000765919394325, -0.00101401924621, -0.000103121914435, 0.000665544415824], [8.53535384522e-05, -0.000449801009381, 0.000101871817606, 0.000403213518439, -0.00028068193933, -0.0017380444333, 0.00549148535356, -0.00228071282618, 0.00127684674226, -0.00177140336018, -0.000278017600067, -3.68983310182e-05, 2.62527264567e-05], [-0.000244024457061, -2.37016192841e-05, -0.000737606722396, -0.000377259391826, 0.000714837224223, -0.000213715000427, -0.00228071282618, 0.00951231084764, -0.00139015668537, 0.00091244984651, -0.00108162651304, 0.00168728351127, -0.00208949693479], [0.000122625206131, 0.000436674861703, 5.60237022e-05, -0.00116009404883, -0.00118668272626, -0.000876050326042, 0.00127684674226, -0.00139015668537, 0.00916942488402, -0.00353147136047, 0.00223309150897, -0.00157603761181, 0.00145902473014], [-0.00022850993264, -0.000213576960959, 0.000240721637965, 0.000448821927421, -0.000666700012516, 0.000765919394325, -0.00177140336018, 0.00091244984651, -0.00353147136047, 0.0120711605996, -0.00487305875868, 0.00234149745665, -0.000746204925235], [0.000111250017653, -0.000432910339441, 7.23407283658e-05, -0.000125148610095, 0.00038741613389, -0.00101401924621, -0.000278017600067, -0.00108162651304, 0.00223309150897, -0.00487305875868, 0.0140063762665, -0.00497428933159, 0.00286020152271], [-2.76221562672e-05, 0.000884831184521, 0.000196148932446, -0.000599604856689, -0.000723512435798, -0.000103121914435, -3.68983310182e-05, 0.00168728351127, -0.00157603761181, 0.00234149745665, -0.00497428933159, 0.0147190978751, -0.00467796903104], [3.54419607902e-05, -0.000590800656937, -0.000154426903464, -0.000268285890343, 0.000167059741216, 0.000665544415824, 2.62527264567e-05, -0.00208949693479, 0.00145902473014, -0.000746204925235, 0.00286020152271, -0.00467796903104, 0.0126436697319]], "mean": [-650.351623535, 125.511734009, -12.0977659225, 15.3713827133, 8.41515254974, 0.438540846109, -0.843289017677, 6.18037605286, -11.0534753799, 6.50214338303, -1.15409052372, -7.50867795944, -3.07131481171]}, "pitch_salience": {"dmean": 0.0688103362918, "dmean2": 0.113181300461, "dvar": 0.00492405332625, "dvar2": 0.0137258656323, "max": 0.868266880512, "mean": 0.565561413765, "median": 0.575042784214, "min": 0.0754230618477, "var": 0.0100853703916}, "silence_rate_20dB": {"dmean": 0, "dmean2": 0, "dvar": 0, "dvar2": 0, "max": 1, "mean": 1, "median": 1, "min": 1, "var": 0}, "silence_rate_30dB": {"dmean": 0, "dmean2": 0, "dvar": 0, "dvar2": 0, "max": 1, "mean": 1, "median": 1, "min": 1, "var": 0}, "silence_rate_60dB": {"dmean": 0.0227349847555, "dmean2": 0.0454738289118, "dvar": 0.022219857201, "dvar2": 0.046976134181, "max": 1, "mean": 0.0917804762721, "median": 0, "min": 0, "var": 0.0833571851254}, "spectral_centroid": {"dmean": 245.672668457, "dmean2": 381.949859619, "dvar": 81201.578125, "dvar2": 189184.234375, "max": 11651.5419922, "mean": 1441.50170898, "median": 1370.33483887, "min": 169.662246704, "var": 897951.6875}, "spectral_complexity": {"dmean": 4.09721755981, "dmean2": 6.3775343895, "dvar": 26.1106452942, "dvar2": 59.0399589539, "max": 60, "mean": 20.6342353821, "median": 21, "min": 0, "var": 103.289581299}, "spectral_contrast_coeffs": {"dmean": [0.04439400509, 0.0431080199778, 0.0392302051187, 0.0344324633479, 0.0246999487281, 0.0213103238493], "dmean2": [0.0724876672029, 0.0693640261889, 0.0606431104243, 0.0522631965578, 0.0382626652718, 0.032829169184], "dvar": [0.0016043940559, 0.00133272539824, 0.00108635041397, 0.000833869737107, 0.000477249559481, 0.000472446117783], "dvar2": [0.00411278242245, 0.00331167923287, 0.0025974996388, 0.00182479002979, 0.00104851985816, 0.00114845996723], "max": [-0.261409968138, -0.407558649778, -0.432512313128, -0.483879715204, -0.546764910221, -0.592187702656], "mean": [-0.622589051723, -0.723557531834, -0.728113889694, -0.741736769676, -0.753071606159, -0.783281087875], "median": [-0.626567840576, -0.729057967663, -0.733047902584, -0.744441330433, -0.750710785389, -0.783700764179], "min": [-0.982634961605, -0.975085675716, -0.978866398335, -0.968780934811, -0.969088733196, -0.964058458805], "var": [0.00661387806758, 0.00582803692669, 0.00578399794176, 0.0050955680199, 0.0031941276975, 0.0020423696842]}, "spectral_contrast_valleys": {"dmean": [0.411616533995, 0.332948714495, 0.346943408251, 0.373931646347, 0.350864261389, 0.45607945323], "dmean2": [0.642590522766, 0.52210777998, 0.518904089928, 0.529393911362, 0.483189076185, 0.554095625877], "dvar": [0.225466936827, 0.0968019962311, 0.121809802949, 0.1666842103, 0.188497111201, 0.371271193027], "dvar2": [0.444667428732, 0.210020139813, 0.241252467036, 0.324990928173, 0.366893738508, 0.627135634422], "max": [-5.03762578964, -5.06911611557, -5.09988927841, -5.57149934769, -5.35833692551, -7.52881908417], "mean": [-7.56469964981, -7.06695270538, -7.57737493515, -7.89903974533, -7.89801073074, -10.4739789963], "median": [-6.87651777267, -6.75675392151, -7.27185583115, -7.58867263794, -7.60146856308, -10.1283025742], "min": [-28.2105484009, -27.9705982208, -27.8071594238, -27.8545131683, -27.5604362488, -27.3761405945], "var": [4.38103246689, 3.64277935028, 3.53705191612, 3.55961060524, 3.64908671379, 3.78609228134]}, "spectral_decrease": {"dmean": 2.54492116269e-09, "dmean2": 4.21829282615e-09, "dvar": 2.17774304865e-17, "dvar2": 5.73707458925e-17, "max": 4.21626923305e-21, "mean": -6.63540244972e-09, "median": -6.29584384626e-09, "min": -4.0178303351e-08, "var": 2.66382299704e-17}, "spectral_energy": {"dmean": 0.0102477055043, "dmean2": 0.0169085990638, "dvar": 0.000340271013556, "dvar2": 0.000892491487321, "max": 0.156165748835, "mean": 0.027271695435, "median": 0.0256208218634, "min": 1.01547236547e-20, "var": 0.000433999346569}, "spectral_energyband_high": {"dmean": 0.000575166835915, "dmean2": 0.000894002150744, "dvar": 2.14997703551e-06, "dvar2": 5.59082855034e-06, "max": 0.0210412535816, "mean": 0.000898119411431, "median": 0.000310671108309, "min": 7.18709688487e-21, "var": 2.68430881079e-06}, "spectral_energyband_low": {"dmean": 0.00555348210037, "dmean2": 0.00959092285484, "dvar": 0.000239319721004, "dvar2": 0.000647378328722, "max": 0.127701938152, "mean": 0.00812646467239, "median": 0.00586807029322, "min": 8.01245863661e-24, "var": 0.00017823446251}, "spectral_energyband_middle_high": {"dmean": 0.00245586130768, "dmean2": 0.00388059159741, "dvar": 1.27508683363e-05, "dvar2": 3.19640203088e-05, "max": 0.0651167780161, "mean": 0.00727716740221, "median": 0.00544238183647, "min": 1.28201726225e-21, "var": 4.94509840792e-05}, "spectral_energyband_middle_low": {"dmean": 0.00480347545817, "dmean2": 0.00782598089427, "dvar": 7.51588304411e-05, "dvar2": 0.000200661525014, "max": 0.100182019174, "mean": 0.012330156751, "median": 0.0106744021177, "min": 1.68570904287e-22, "var": 0.000116447547043}, "spectral_entropy": {"dmean": 0.19354274869, "dmean2": 0.252052277327, "dvar": 0.0515846535563, "dvar2": 0.0836044996977, "max": 9.83247756958, "mean": 7.48262834549, "median": 7.50189495087, "min": 5.03412866592, "var": 0.270084857941}, "spectral_flux": {"dmean": 0.0282085686922, "dmean2": 0.0433259159327, "dvar": 0.00165595242288, "dvar2": 0.00314929499291, "max": 0.367600470781, "mean": 0.0805668458343, "median": 0.0666712298989, "min": 6.31048407973e-11, "var": 0.00328996451572}, "spectral_kurtosis": {"dmean": 1.98047935963, "dmean2": 3.23638558388, "dvar": 9.18506336212, "dvar2": 23.1123943329, "max": 83.4818115234, "mean": 5.7667965889, "median": 4.89427852631, "min": -1.24520564079, "var": 20.154001236}, "spectral_rms": {"dmean": 0.000839648128022, "dmean2": 0.00132088351529, "dvar": 1.59614694439e-06, "dvar2": 3.90482682633e-06, "max": 0.0123432911932, "mean": 0.00473733292893, "median": 0.00499959243461, "min": 3.14754624274e-12, "var": 4.16415605287e-06}, "spectral_rolloff": {"dmean": 573.230041504, "dmean2": 949.307434082, "dvar": 1216501.625, "dvar2": 2580164.75, "max": 19638.28125, "mean": 1814.88879395, "median": 1485.79101562, "min": 86.1328125, "var": 4194933.5}, "spectral_skewness": {"dmean": 0.243174225092, "dmean2": 0.386976093054, "dvar": 0.0804446488619, "dvar2": 0.195309191942, "max": 7.33221340179, "mean": 1.70562255383, "median": 1.65766239166, "min": -0.067457601428, "var": 0.274883806705}, "spectral_spread": {"dmean": 703467.4375, "dmean2": 920255.4375, "dvar": 900598202368, "dvar2": 1629021667330.0, "max": 42775048, "mean": 4663629.5, "median": 4180269, "min": 1065075.5, "var": 11526990725100.0}, "spectral_strongpeak": {