{"lowlevel": {"average_loudness": 0.799263894558, "barkbands": {"dmean": [8.65368856466e-05, 0.00167089432944, 0.00142300582957, 0.00223264377564, 0.00218391534872, 0.000582513865083, 0.000606913934462, 0.000402481149649, 0.000610507326201, 0.000853331526741, 0.000913043972105, 0.000521207635757, 0.000826372706797, 0.000553154561203, 0.000385403080145, 0.000337991397828, 0.00024664279772, 0.000273736572126, 0.000261501088971, 0.000191216895473, 0.000158718699822, 0.000137367009302, 9.60406832746e-05, 8.74245815794e-05, 5.53445534024e-05, 3.42492603522e-05, 4.38628521806e-05], "dmean2": [0.000139193565701, 0.00282503920607, 0.00257384427823, 0.00396083574742, 0.00376925896853, 0.00095612811856, 0.000998307135887, 0.000665069150273, 0.000996607821435, 0.00136938726064, 0.00145815149881, 0.000837226223666, 0.0013462761417, 0.000891423784196, 0.000613264681306, 0.000538979948033, 0.000389583874494, 0.000425138889113, 0.000405771832447, 0.000299900799291, 0.000241322486545, 0.000201497736271, 0.000141742770211, 0.000131148219225, 8.32684963825e-05, 5.10927602591e-05, 6.48181230645e-05], "dvar": [3.50622713086e-08, 2.47411317105e-05, 2.57283227256e-05, 2.92543190881e-05, 3.86510946555e-05, 8.97731183613e-07, 1.12124700991e-06, 9.65849608292e-07, 1.73114585778e-06, 3.84488203053e-06, 4.27330587627e-06, 2.34932281273e-06, 4.09767108067e-06, 1.72068450865e-06, 8.01731516731e-07, 4.74702972042e-07, 1.68602923623e-07, 1.9470653001e-07, 1.51177317775e-07, 1.04376965737e-07, 7.99821648911e-08, 5.29475379096e-08, 2.59251624612e-08, 2.57412011706e-08, 1.25021664132e-08, 7.35296534771e-09, 1.82348696143e-08], "dvar2": [8.19924821371e-08, 6.47922934149e-05, 7.42945558159e-05, 8.07577889645e-05, 0.000104315331555, 2.208623755e-06, 2.85975988845e-06, 2.49257141149e-06, 4.3490204007e-06, 9.66493553278e-06, 1.05788531073e-05, 5.51409129912e-06, 1.09574802991e-05, 4.38850975115e-06, 1.87703039956e-06, 1.1238779507e-06, 4.04907098073e-07, 4.61804347651e-07, 3.53587921609e-07, 2.48599150154e-07, 1.89092304481e-07, 1.20159043604e-07, 5.75441028161e-08, 5.77418610703e-08, 2.85506605024e-08, 1.56356332326e-08, 3.81778910707e-08], "max": [0.00992690678686, 0.0742585733533, 0.0595794916153, 0.0580924153328, 0.066575653851, 0.0193552915007, 0.0151237482205, 0.0333785265684, 0.0319657772779, 0.05711337924, 0.0420987382531, 0.0525351464748, 0.0380282215774, 0.0443675108254, 0.027395343408, 0.0233906023204, 0.0082434117794, 0.00910818204284, 0.0052375071682, 0.00646592583507, 0.00434255693108, 0.00349412905052, 0.00257634092122, 0.00316458498128, 0.00232837628573, 0.00192322873045, 0.00291537353769], "mean": [0.000121536657389, 0.00232174457051, 0.00147721427493, 0.00204194127582, 0.00226446194574, 0.000828091113362, 0.000764642376453, 0.000459874019725, 0.000832012156025, 0.0013060393976, 0.00138677109499, 0.000736310787033, 0.0013285279274, 0.000873391050845, 0.000529987562913, 0.000486456236104, 0.000382128520869, 0.00042867026059, 0.000391228822991, 0.000261421257164, 0.000213826671825, 0.000212962069781, 0.000137071881909, 0.000125747479615, 7.97953180154e-05, 4.85271921207e-05, 5.37466657988e-05], "median": [2.78110819636e-05, 0.00100009224843, 0.000278295425232, 0.000611725787167, 0.000674589769915, 0.000441851065261, 0.000367007043678, 0.000180066737812, 0.000251707853749, 0.000218804227188, 0.00027364451671, 0.000154768815264, 0.00026180857094, 0.000231301150052, 0.000142085307743, 0.00021768877923, 0.000210708763916, 0.000247325166129, 0.000205672782613, 0.000124815443996, 8.70230869623e-05, 0.000108146254206, 6.01503124926e-05, 4.62770840386e-05, 2.51779783866e-05, 8.24070411909e-06, 2.24844279728e-06], "min": [1.10226489046e-24, 5.1702381546e-24, 1.18390065427e-24, 4.95356015204e-24, 1.38242351614e-23, 7.28691644081e-24, 2.22303984986e-23, 8.7241689453e-24, 3.23350677171e-23, 2.71298100548e-23, 1.64658416099e-23, 3.4204024352e-23, 6.17766125665e-23, 4.49496635664e-23, 6.90655169368e-23, 6.60213658124e-23, 7.9498334937e-23, 1.47690828976e-22, 1.99190231089e-22, 2.24139642224e-22, 2.8183286462e-22, 3.3956473489e-22, 4.19577874143e-22, 5.98671211029e-22, 9.76318389134e-22, 1.47730529506e-21, 2.08915308329e-21], "var": [1.00964250294e-07, 2.95764748444e-05, 1.73288353835e-05, 2.04205971386e-05, 2.88656192424e-05, 1.47233242842e-06, 1.40854263009e-06, 1.08958249712e-06, 2.99067323795e-06, 8.42221288622e-06, 8.65170113684e-06, 4.69536735181e-06, 9.0566882136e-06, 3.41526902048e-06, 1.50051414494e-06, 9.64141463555e-07, 2.92039629812e-07, 3.26352108004e-07, 2.55856406284e-07, 1.45526470874e-07, 1.20118329505e-07, 9.39651343401e-08, 4.74312393806e-08, 5.51592123088e-08, 2.61705466187e-08, 1.76005823249e-08, 3.15047792299e-08]}, "barkbands_crest": {"dmean": 2.57483506203, "dmean2": 4.21486663818, "dvar": 5.64805793762, "dvar2": 14.0759630203, "max": 26.8703804016, "mean": 8.05202674866, "median": 7.24412727356, "min": 1.98000705242, "var": 14.4991598129}, "barkbands_flatness_db": {"dmean": 0.0254392717034, "dmean2": 0.0370299071074, "dvar": 0.000574532023165, "dvar2": 0.00118895119522, "max": 0.599430441856, "mean": 0.0939903333783, "median": 0.0868514627218, "min": 0.00764887034893, "var": 0.00250663305633}, "barkbands_kurtosis": {"dmean": 2.64890670776, "dmean2": 4.16123485565, "dvar": 76.2228317261, "dvar2": 180.092926025, "max": 531.184814453, "mean": 3.39410853386, "median": 0.189238667488, "min": -1.89629566669, "var": 530.220275879}, "barkbands_skewness": {"dmean": 0.584572434425, "dmean2": 0.900606691837, "dvar": 0.434766232967, "dvar2": 0.960360109806, "max": 23.0370578766, "mean": 0.998776674271, "median": 0.718683958054, "min": -13.7244739532, "var": 2.54939198494}, "barkbands_spread": {"dmean": 8.2854013443, "dmean2": 12.5554571152, "dvar": 81.1948165894, "dvar2": 184.527694702, "max": 115.059463501, "mean": 28.0110549927, "median": 26.1701011658, "min": 1.11513018608, "var": 213.521881104}, "dissonance": {"dmean": 0.0183729045093, "dmean2": 0.0311019606888, "dvar": 0.000372995098587, "dvar2": 0.000993667985313, "max": 0.500000238419, "mean": 0.470820367336, "median": 0.477709293365, "min": 0.125320062041, "var": 0.000604082422797}, "dynamic_complexity": 4.27576398849, "erbbands": {"dmean": [0.046239502728, 0.402050197124, 1.37179815769, 4.67096471786, 9.97732543945, 5.60688257217, 3.90027976036, 5.41522121429, 8.5535993576, 8.1036529541, 9.57704639435, 14.4591341019, 23.7109508514, 23.6217002869, 33.3695335388, 20.524105072, 35.2799186707, 27.1476173401, 22.9163532257, 20.6240329742, 14.2120685577, 14.2240438461, 14.9487962723, 13.387503624, 12.5483283997, 8.59095573425, 7.31515884399, 5.68711280823, 4.88501977921, 3.98860621452, 2.67896151543, 2.20208978653, 1.24002873898, 0.724793434143, 0.333907753229, 0.137690499425, 0.0659038126469, 0.0232863221318, 0.00601157173514, 0.000665837782435], "dmean2": [0.0762785673141, 0.692748069763, 2.47060394287, 8.34624767303, 17.5355911255, 9.77736091614, 6.50380086899, 8.84555435181, 13.976108551, 13.4673156738, 15.9199924469, 23.517911911, 38.4825019836, 36.8968963623, 52.7605705261, 32.7755279541, 57.4712677002, 42.7218284607, 35.9611816406, 32.7739257813, 22.3189716339, 22.2020282745, 23.0935840607, 20.8505153656, 19.4485168457, 13.3266687393, 11.0784902573, 8.67214584351, 7.17664289474, 5.88851308823, 3.98110961914, 3.37200713158, 1.84463655949, 1.09618926048, 0.503178656101, 0.205959901214, 0.0994532629848, 0.034316752106, 0.00888275541365, 0.000997454975732], "dvar": [0.015863655135, 1.59200882912, 23.2181816101, 141.719116211, 834.112854004, 244.403213501, 46.6523284912, 84.2467956543, 235.106948853, 245.319244385, 610.764160156, 1026.31384277, 2893.88598633, 2950.07739258, 5313.31445313, 4206.10058594, 7049.19433594, 4059.82250977, 2434.96411133, 2142.34985352, 742.30078125, 485.212402344, 580.42364502, 445.54296875, 370.520233154, 203.538711548, 165.909637451, 108.659660339, 68.9258880615, 43.6952972412, 20.5190601349, 16.590801239, 5.46579360962, 2.12152457237, 0.499687880278, 0.0994808450341, 0.0293889269233, 0.00475083151832, 0.000344102008967, 4.29702004112e-06], "dvar2": [0.0400250963867, 4.27551794052, 66.8740158081, 399.785736084, 2248.17480469, 680.325073242, 118.91658783, 207.838668823, 598.473022461, 630.40826416, 1567.89416504, 2534.46459961, 7315.84960938, 6911.36328125, 12960.2089844, 10076.8232422, 18859.4316406, 9872.6875, 6052.16113281, 4880.47216797, 1703.66210938, 1148.63220215, 1368.35388184, 1064.74536133, 863.215148926, 484.871459961, 388.441650391, 260.90322876, 156.86100769, 97.5973052979, 46.4692687988, 38.6818161011, 12.0568437576, 4.92667865753, 1.14324486256, 0.218863755465, 0.0645334273577, 0.00985341891646, 0.000718172173947, 9.26183020056e-06], "max": [2.8635160923, 14.8505821228, 57.3310775757, 125.550422668, 346.598114014, 260.841308594, 171.065933228, 211.013381958, 290.841491699, 267.226226807, 865.575805664, 1026.85961914, 1753.28735352, 1518.90551758, 1471.3861084, 2322.90356445, 1716.60095215, 2517.31958008, 1451.10803223, 1838.94213867, 688.984130859, 437.420532227, 477.167419434, 324.655212402, 284.228729248, 264.490783691, 207.181488037, 182.993408203, 140.959442139, 112.347251892, 65.9614257813, 83.3594818115, 41.3423690796, 33.4219436646, 15.7044067383, 6.51463651657, 3.8841791153, 1.86435031891, 0.417606979609, 0.0433493293822], "mean": [0.0686481297016, 0.515722811222, 1.47677218914, 4.48772716522, 9.07086372375, 6.30124044418, 5.36015510559, 7.67497634888, 10.8849086761, 10.3187713623, 11.0020942688, 20.2176876068, 36.8860397339, 38.3128242493, 52.9238128662, 32.7732810974, 58.6471252441, 48.1218032837, 37.2018623352, 31.35430336, 21.175163269, 23.2038707733, 23.994884491, 19.8081531525, 18.9115962982, 12.397315979, 9.99693393707, 7.68271064758, 7.46651554108, 6.12141656876, 3.7537624836, 2.96423816681, 1.85806727409, 1.06045746803, 0.469277441502, 0.196807980537, 0.0915029197931, 0.0316292382777, 0.00761460745707, 0.000771000573877], "median": [0.0267727375031, 0.198663935065, 0.434474050999, 1.4634809494, 2.56425905228, 1.79032826424, 2.62084674835, 3.95868420601, 5.41868591309, 4.60216808319, 3.94336414337, 6.50730228424, 8.2804107666, 8.88353061676, 12.0309410095, 8.71150779724, 13.6345100403, 14.9156551361, 11.6496677399, 12.7446689606, 10.8970890045, 13.430267334, 13.997171402, 10.3528690338, 10.1075248718, 6.20036792755, 4.25408172607, 3.31983661652, 3.73324203491, 3.08811759949, 1.58274674416, 1.01704776287, 0.694686889648, 0.374041378498, 0.12755137682, 0.0407021939754, 0.014630170539, 0.00301801320165, 0.000376173469704, 4.85279742861e-05], "min": [1.01088208357e-22, 1.05872030018e-21, 3.50476385149e-21, 7.77724501548e-21, 3.07770770723e-20, 4.69050439903e-20, 7.14866352098e-20, 6.33301303068e-20, 1.86934908522e-19, 4.00625206602e-19, 3.02294292231e-19, 5.5771903169e-19, 1.09764189289e-18, 6.57773195922e-19, 1.40621551994e-18, 1.36741433856e-18, 3.0228451082e-18, 2.60016656853e-18, 3.27463206242e-18, 3.9681996382e-18, 3.46146424545e-18, 4.7844213484e-18, 7.73994553527e-18, 6.22209309947e-18, 9.30319033436e-18, 9.88009008179e-18, 1.11506626637e-17, 1.2684954487e-17, 1.26348993066e-17, 1.2582480044e-17, 1.20382200164e-17, 1.28443050418e-17, 1.08325678776e-17, 8.91180155573e-18, 7.88762291721e-18, 4.80904941037e-18, 2.74710196946e-18, 1.0354262269e-18, 2.63046045581e-19, 2.98906399549e-20], "var": [0.0310839992017, 1.52467775345, 15.7034444809, 96.9243469238, 579.616027832, 201.208999634, 69.6810836792, 135.394668579, 287.363677979, 318.762054443, 697.153991699, 1891.1776123, 5991.04296875, 6253.3359375, 11758.2578125, 8550.46289063, 15422.8525391, 8344.80566406, 5762.59277344, 4422.91699219, 1307.54089355, 937.682800293, 1026.77099609, 710.288574219, 606.569396973, 306.742279053, 249.058074951, 150.228424072, 118.194488525, 84.770362854, 36.3166656494, 30.9714107513, 12.0986557007, 4.2760181427, 1.03407466412, 0.242144212127, 0.0657387748361, 0.0101732164621, 0.000629977090284, 6.42948543828e-06]}, "erbbands_crest": {"dmean": 2.77812600136, "dmean2": 4.47165679932, "dvar": 7.20806789398, "dvar2": 17.525226593, "max": 30.0936431885, "mean": 8.34757614136, "median": 7.13316106796, "min": 2.17299246788, "var": 19.8572044373}, "erbbands_flatness_db": {"dmean": 0.0231434535235, "dmean2": 0.0327622070909, "dvar": 0.000483456155052, "dvar2": 0.000955294235609, "max": 0.314407736063, "mean": 0.13985298574, "median": 0.133943393826, "min": 0.0228557549417, "var": 0.0022455889266}, "erbbands_kurtosis": {"dmean": 0.990329861641, "dmean2": 1.56823265553, "dvar": 1.79602527618, "dvar2": 4.22492313385, "max": 23.7651023865, "mean": 0.517068743706, "median": -0.136962413788, "min": -1.67941057682, "var": 4.20523691177}, "erbbands_skewness": {"dmean": 0.391615718603, "dmean2": 0.601073026657, "dvar": 0.12766674161, "dvar2": 0.291933059692, "max": 4.33693170547, "mean": 0.119358479977, "median": 0.0505468584597, "min": -3.05128383636, "var": 0.471928626299}, "erbbands_spread": {"dmean": 9.8295841217, "dmean2": 15.171787262, "dvar": 102.833511353, "dvar2": 238.494430542, "max": 179.686325073, "mean": 37.5308380127, "median": 35.1579017639, "min": 3.61639738083, "var": 388.90524292}, "gfcc": {"cov": [[14552.9755859, -255.972335815, -605.751037598, -121.833763123, -279.47076416, 347.667938232, -111.879585266, 2.2125878334, -275.305053711, -49.1525497437, -264.620178223, -47.606010437, -147.279800415], [-255.972335815, 1116.77111816, -108.613807678, 174.180648804, 89.2083282471, 58.036529541, 11.4872074127, -10.9513969421, -14.4256772995, -39.2779808044, 4.24435091019, -46.5025672913, -4.30167245865], [-605.751037598, -108.613807678, 1220.66760254, 265.380065918, 264.095214844, -14.4224357605, 81.1357650757, -14.2415351868, 81.1693878174, -4.05617856979, -3.3867957592, -31.578742981, -20.1632709503], [-121.833763123, 174.180648804, 265.380065918, 400.626800537, 54.9866943359, -28.3011856079, -52.6167984009, 2.55277824402, 14.382730484, 3.93899583817, -24.2285308838, -36.1050796509, -31.2552223206], [-279.47076416, 89.2083282471, 264.095214844, 54.9866943359, 280.892211914, 71.8748092651, 99.5439300537, -7.62832212448, 48.1711959839, 10.5789241791, 20.6723480225, -11.1846628189, 11.2399244308], [347.667938232, 58.036529541, -14.4224357605, -28.3011856079, 71.8748092651, 238.191497803, 106.328742981, 11.1500234604, -18.9797306061, 17.2530651093, 3.77703046799, -2.21588993073, 1.90956020355], [-111.879585266, 11.4872074127, 81.1357650757, -52.6167984009, 99.5439300537, 106.328742981, 180.720550537, 37.9881248474, 22.3839893341, 14.9607257843, 37.0691680908, 10.1253957748, 18.1018466949], [2.2125878334, -10.9513969421, -14.2415351868, 2.55277824402, -7.62832212448, 11.1500234604, 37.9881248474, 99.3075332642, 54.1454315186, 10.0072689056, 10.8904066086, 15.3017263412, 14.3830699921], [-275.305053711, -14.4256772995, 81.1693878174, 14.382730484, 48.1711959839, -18.9797306061, 22.3839893341, 54.1454315186, 114.260643005, 33.6505088806, 21.3879699707, 8.58037853241, 22.3255443573], [-49.1525497437, -39.2779808044, -4.05617856979, 3.93899583817, 10.5789241791, 17.2530651093, 14.9607257843, 10.0072689056, 33.6505088806, 76.3152542114, 39.2241516113, 8.60576343536, 4.12352514267], [-264.620178223, 4.24435091019, -3.3867957592, -24.2285308838, 20.6723480225, 3.77703046799, 37.0691680908, 10.8904066086, 21.3879699707, 39.2241516113, 93.0687561035, 38.5548667908, 14.1061000824], [-47.606010437, -46.5025672913, -31.578742981, -36.1050796509, -11.1846628189, -2.21588993073, 10.1253957748, 15.3017263412, 8.58037853241, 8.60576343536, 38.5548667908, 79.2295379639, 34.6688728333], [-147.279800415, -4.30167245865, -20.1632709503, -31.2552223206, 11.2399244308, 1.90956020355, 18.1018466949, 14.3830699921, 22.3255443573, 4.12352514267, 14.1061000824, 34.6688728333, 64.2151565552]], "icov": [[8.27292460599e-05, 1.46624315676e-05, 1.74404085556e-05, 2.10337311728e-05, 6.76437412039e-06, -0.000136513233883, 7.56702793296e-05, -0.000124244004837, 0.000163015327416, -0.000110502413008, 0.000263030931819, -0.00012411174248, 0.000175458641024], [1.46624315676e-05, 0.00118738180026, 0.000385694555007, -0.000749539758544, -0.000384803191992, -0.000357872748282, 2.42485566559e-05, 0.00019224845164, -0.000169854291016, 0.00126045790967, -0.000942666782066, 0.000939208839554, -0.00042432176997], [1.74404085556e-05, 0.000385694555007, 0.00141465757042, -0.00100209342781, -0.000905858934857, 0.000302656961139, -0.000806384952739, 0.000836057181004, -0.00093730079243, 0.00080262433039, 6.56906850054e-05, -7.57679445087e-05, 0.000512703147251], [2.10337311728e-05, -0.000749539758544, -0.00100209342781, 0.00399028882384, -0.000586455513258, 0.00010068865231, 0.00204493175261, -0.00182803801727, 0.00102412013803, -0.00170863606036, 0.00086405815091, 0.000218190063606, 0.00100426957943], [6.76437412039e-06, -0.000384803191992, -0.000905858934857, -0.000586455513258, 0.00682196998969, -0.00130339909811, -0.00295113772154, 0.00359429116361, -0.00365860690363, 0.0011697972659, -0.000679023738485, 0.00067786796717, -0.000728568935301], [-0.000136513233883, -0.000357872748282, 0.000302656961139, 0.00010068865231, -0.00130339909811, 0.00715221837163, -0.00403633201495, -0.000742327072658, 0.00279023568146, -0.00314401253127, 0.00225995038636, -0.000589591800235, 0.000180195973371], [7.56702793296e-05, 2.42485566559e-05, -0.000806384952739, 0.00204493175261, -0.00295113772154, -0.00403633201495, 0.0122456848621, -0.00539437355474, 0.00197130907327, 0.000584606779739, -0.00398773048073, 0.00198484095745, -0.0016083632363], [-0.000124244004837, 0.00019224845164, 0.000836057181004, -0.00182803801727, 0.00359429116361, -0.000742327072658, -0.00539437355474, 0.0186238605529, -0.011076066643, 0.0033168559894, 0.000514823652338, -0.00264088297263, 0.000793339509983], [0.000163015327416, -0.000169854291016, -0.00093730079243, 0.00102412013803, -0.00365860690363, 0.00279023568146, 0.00197130907327, -0.011076066643, 0.0194875951856, -0.0080870706588, 0.000734434172045, 0.00186504400335, -0.00437492970377], [-0.000110502413008, 0.00126045790967, 0.00080262433039, -0.00170863606036, 0.0011697972659, -0.00314401253127, 0.000584606779739, 0.0033168559894, -0.0080870706588, 0.0223580095917, -0.0103672817349, 0.00293775554746, 0.000299632083625], [0.000263030931819, -0.000942666782066, 6.56906850054e-05, 0.00086405815091, -0.000679023738485, 0.00225995038636, -0.00398773048073, 0.000514823652338, 0.000734434172045, -0.0103672817349, 0.0213564112782, -0.0104272523895, 0.0033903317526], [-0.00012411174248, 0.000939208839554, -7.57679445087e-05, 0.000218190063606, 0.00067786796717, -0.000589591800235, 0.00198484095745, -0.00264088297263, 0.00186504400335, 0.00293775554746, -0.0104272523895, 0.0229277908802, -0.0111333625391], [0.000175458641024, -0.00042432176997, 0.000512703147251, 0.00100426957943, -0.000728568935301, 0.000180195973371, -0.0016083632363, 0.000793339509983, -0.00437492970377, 0.000299632083625, 0.0033903317526, -0.0111333625391, 0.0237620733678]], "mean": [-7.68434238434, 61.4379463196, -121.401771545, 25.5021419525, -52.2925186157, 10.89041996, -33.3255882263, 2.69020748138, -22.6293144226, -1.91265499592, -12.5782747269, 0.587954878807, -11.4697122574]}, "hfc": {"dmean": 10.2120723724, "dmean2": 14.5403318405, "dvar": 208.772903442, "dvar2": 456.623168945, "max": 205.241638184, "mean": 22.5677108765, "median": 15.9563751221, "min": 1.13678491906e-16, "var": 545.654846191}, "melbands": {"dmean": [0.000439747120254, 0.000648892077152, 0.00101835897658, 0.000564194109756, 0.000150601859787, 0.000122119119624, 0.000124300466268, 8.58808853081e-05, 8.38349806145e-05, 9.08213987714e-05, 0.000124346071971, 0.000100035023934, 0.00012596322631, 5.75305202801e-05, 5.89527080592e-05, 9.58438322414e-05, 5.12570113642e-05, 4.30969266745e-05, 2.78776915366e-05, 3.0129627703e-05, 1.52388593051e-05, 1.59910359798e-05, 1.37753459057e-05, 1.34245910886e-05, 1.12626476039e-05, 1.02743579191e-05, 7.85549127613e-06, 5.78196340939e-06, 4.99785210195e-06, 4.10171469412e-06, 3.16762452712e-06, 2.97295582641e-06, 2.60265937868e-06, 2.07697689802e-06, 1.64185780704e-06, 1.44193609231e-06, 1.33264256874e-06, 9.05565343601e-07, 7.54136976866e-07, 5.82572852181e-07], "dmean2": [0.000733937078621, 0.00114477414172, 0.00180444249418, 0.000978912459686, 0.00025293417275, 0.000198943103896, 0.0002038924722, 0.000142621516716, 0.0001397238957, 0.000147711660247, 0.000202034658287, 0.000157120273798, 0.000198989422643, 8.99573569768e-05, 9.37197110034e-05, 0.000156603709911, 8.07764081401e-05, 6.83576945448e-05, 4.45194345957e-05, 4.79536611238e-05, 2.41285724769e-05, 2.51975689025e-05, 2.17727065319e-05, 2.08283418033e-05, 1.79096987267e-05, 1.60738745763e-05, 1.23807049022e-05, 9.07766388991e-06, 7.67982419347e-06, 6.40134385321e-06, 4.90665115649e-06, 4.44699162472e-06, 3.92905621993e-06, 3.10038126372e-06, 2.47108005169e-06, 2.22253993343e-06, 2.05980995815e-06, 1.36069240853e-06, 1.1553895547e-06, 8.90609555881e-07], "dvar": [1.59219712259e-06, 4.98908138979e-06, 6.2924282247e-06, 2.63813808488e-06, 8.40207903252e-08, 4.03559852202e-08, 4.84269442325e-08, 2.8372330263e-08, 4.24389945408e-08, 3.84131020326e-08, 8.19489329729e-08, 5.16695379815e-08, 8.73387122624e-08, 2.42336462009e-08, 2.7229205557e-08, 6.39866968299e-08, 1.70646146103e-08, 9.46574285621e-09, 4.40221015197e-09, 4.18861301199e-09, 9.5400931599e-10, 6.73130495787e-10, 5.42704547968e-10, 5.48148471058e-10, 3.39796940585e-10, 2.41052788841e-10, 1.90728516314e-10, 9.7109507935e-11, 7.97920271522e-11, 5.61461363513e-11, 3.84864015657e-11, 2.5660152822e-11, 2.04234580636e-11, 1.22016494131e-11, 7.98736771168e-12, 6.7347733293e-12, 6.84563647088e-12, 3.06701257273e-12, 2.27259227062e-12, 1.44325382808e-12], "dvar2": [4.0955287659e-06, 1.40982010635e-05, 1.73572279891e-05, 7.13742701919e-06, 2.21963276203e-07, 9.98052840373e-08, 1.23700104382e-07, 7.36430578741e-08, 1.09833571571e-07, 9.43643030382e-08, 2.07320454138e-07, 1.21712602663e-07, 2.1294538044e-07, 5.64770843425e-08, 6.58734151671e-08, 1.70837324731e-07, 4.15717700264e-08, 2.39722197648e-08, 1.0259453731e-08, 9.68431557169e-09, 2.2194048821e-09, 1.60969204632e-09, 1.30053012803e-09, 1.34439603894e-09, 8.21554824171e-10, 5.68647129384e-10, 4.63790283955e-10, 2.35424985062e-10, 1.88330226414e-10, 1.37531083744e-10, 9.45816133746e-11, 5.91987223131e-11, 4.78576102358e-11, 2.73718964161e-11, 1.8675094457e-11, 1.56208639773e-11, 1.63667256831e-11, 6.88967199264e-12, 5.31676005305e-12, 3.41596325878e-12], "max": [0.0232390742749, 0.0265711899847, 0.0243910998106, 0.0176611058414, 0.00859210267663, 0.00471684802324, 0.00388572528027, 0.00305080669932, 0.00597655307502, 0.00607267953455, 0.00926265772432, 0.00577903259546, 0.00664528273046, 0.00438630068675, 0.00574420392513, 0.0049598631449, 0.00568820722401, 0.00273518753238, 0.00216075428762, 0.00245656236075, 0.000909896974918, 0.00062455306761, 0.000475976441521, 0.000640023383312, 0.000297397811664, 0.000273214303888, 0.0002301709319, 0.00017333078722, 0.000147180398926, 0.00014832787565, 8.51074219099e-05, 8.01042551757e-05, 8.05651725386e-05, 5.47178460693e-05, 4.30324507761e-05, 5.31348960067e-05, 6.84112892486e-05, 3.50537848135e-05, 2.83567060251e-05, 3.06479305436e-05], "mean": [0.000635067350231, 0.000760744849686, 0.00096814049175, 0.000564072572161, 0.000203926902032, 0.000175503097125, 0.000158232738613, 0.000107485044282, 9.34828276513e-05, 0.000126416591229, 0.000189603306353, 0.0001558867516, 0.000194268402993, 8.39448621264e-05, 8.89812072273e-05, 0.000150762571138, 8.28543998068e-05, 6.65545958327e-05, 3.79854682251e-05, 4.42213313363e-05, 1.953253377e-05, 2.49166932917e-05, 2.03548806894e-05, 2.05227643164e-05, 1.52416514538e-05, 1.5081129277e-05, 1.04070413727e-05, 7.96721906227e-06, 6.49811545372e-06, 5.42265252079e-06, 4.02228351959e-06, 4.33713876191e-06, 3.9538240344e-06, 3.07007576339e-06, 2.21522668653e-06, 1.87556884157e-06, 1.76955859388e-06, 1.33196510888e-06, 1.08845540581e-06, 8.25247809644e-07], "median": [0.000272043631412, 0.000257309002336, 0.00031284976285, 0.000163817530847, 9.27383371163e-05, 9.52373375185e-05, 7.88194738561e-05, 4.65087250632e-05, 2.90419720841e-05, 3.75620511477e-05, 3.70239722542e-05, 3.05923676933e-05, 3.69427107216e-05, 2.15975487663e-05, 1.9593120669e-05, 2.82519558823e-05, 2.35908773902e-05, 1.52414486365e-05, 1.08495805762e-05, 1.82709482033e-05, 8.50394098961e-06, 1.3176468201e-05, 1.14664298962e-05, 1.08162294055e-05, 6.90479737386e-06, 7.80348000262e-06, 4.53849224868e-06, 3.8158523239e-06, 2.72538318313e-06, 2.13497787627e-06, 1.670017582e-06, 2.05651031138e-06, 1.99743612939e-06, 1.45335684465e-06, 9.32627926886e-07, 6.62381921757e-07, 5.81474409955e-07, 4.78164110973e-07, 4.03541321248e-07, 2.7053664553e-07], "min": [1.45523192642e-24, 1.82721879324e-24, 2.03997891811e-24, 2.88585770349e-24, 2.22639325812e-24, 1.4112936559e-24, 3.67924252879e-24, 4.95509921967e-24, 2.50293890085e-24, 4.02553195579e-24, 4.60817397077e-24, 2.23922447517e-24, 3.54547262407e-24, 2.73786404501e-24, 4.07118728068e-24, 5.45816922956e-24, 4.24213383328e-24, 5.21281889411e-24, 4.75421302914e-24, 3.66877513343e-24, 3.48416905984e-24, 4.62777045894e-24, 6.36623372288e-24, 5.41328264962e-24, 3.59658804972e-24, 7.53924070109e-24, 5.53094993111e-24, 6.60905970343e-24, 6.73003033996e-24, 6.07723965785e-24, 7.24277730658e-24, 5.47396261931e-24, 5.34523274693e-24, 5.687792834e-24, 7.07899084999e-24, 6.16948037463e-24, 7.28866692315e-24, 6.24600895434e-24, 7.19013109634e-24, 7.07354376544e-24], "var": [2.33097193814e-06, 3.61035063179e-06, 4.40446046923e-06, 1.91465346688e-06, 1.09661208114e-07, 6.42182627075e-08, 5.8629108679e-08, 3.57892702141e-08, 4.89787801428e-08, 7.56194751261e-08, 1.69994621046e-07, 1.09021009109e-07, 1.80473691103e-07, 4.90316871549e-08, 5.30862962478e-08, 1.32239932782e-07, 3.02777323213e-08, 2.2715706649e-08, 7.74825803518e-09, 9.27333321243e-09, 1.33520061674e-09, 1.2534437932e-09, 8.38398184211e-10, 8.7333612564e-10, 5.09775055502e-10, 4.01911198766e-10, 2.53117804494e-10, 1.44206840913e-10, 1.12630224591e-10, 8.14441986074e-11, 4.54753838752e-11, 4.21353785196e-11, 3.41578501595e-11, 2.29892441889e-11, 1.28007431044e-11, 1.16207685835e-11, 1.22552168066e-11, 6.40127187368e-12, 4.47625703864e-12, 2.71221933801e-12]}, "melbands_crest": {"dmean": 3.46352362633, "dmean2": 5.6929101944, "dvar": 10.5722074509, "dvar2": 26.6222686768, "max": 39.9661560059, "mean": 11.8028783798, "median": 10.8100681305, "min": 1.63693749905, "var": 27.4083061218}, "melbands_flatness_db": {"dmean": 0.0312381926924, "dmean2": 0.0461300611496, "dvar": 0.000920544727705, "dvar2": 0.00198727543466, "max": 0.602603673935, "mean": 0.148977205157, "median": 0.140903025866, "min": 0.00323939952068, "var": 0.00371418823488}, "melbands_kurtosis": {"dmean": 11.8157215118, "dmean2": 19.2189025879, "dvar": 30052.4453125, "dvar2": 72365.765625, "max": 14559.9375, "mean": 31.117483139, "median": 2.95013165474, "min": -1.83223199844, "var": 209593.875}, "melbands_skewness": {"dmean": 0.829871058464, "dmean2": 1.29143536091, "dvar": 2.41898941994, "dvar2": 5.44627141953, "max": 113.759628296, "mean": 2.18406844139, "median": 1.56670260429, "min": -1.6850206852, "var": 21.2032566071}, "melbands_spread": {"dmean": 11.2565364838, "dmean2": 17.253780365, "dvar": 177.112442017, "dvar2": 397.344451904, "max": 217.512283325, "mean": 34.1394958496, "median": 32.1416244507, "min": 0.0557492859662, "var": 425.351593018}, "mfcc": {"cov": [[9370.71875, 75.8307800293, -369.928009033, -245.052734375, -143.80569458, 160.796463013, 100.876556396, 72.4620819092, 18.0037193298, 11.8421278, 7.41749095917, -143.863113403, -133.743530273], [75.8307800293, 835.24822998, -20.074005127, 71.807510376, 81.0529098511, 79.8830032349, 72.9758300781, 47.123085022, 11.9239025116, 9.43970012665, 12.1549472809, -18.884885788, 2.60153388977], [-369.928009033, -20.074005127, 703.847412109, 274.623443604, 184.626525879, 74.7951889038, 23.2926044464, 23.3528327942, 37.5317726135, 42.6513175964, -5.89735364914, 50.324054718, -7.73764753342], [-245.052734375, 71.807510376, 274.623443604, 387.372009277, 151.163726807, 6.45113277435, -40.2600975037, -14.1361074448, 8.71300411224, 16.6841983795, -17.9093589783, 39.4125862122, 8.47760009766], [-143.80569458, 81.0529098511, 184.626525879, 151.163726807, 200.440155029, 71.908996582, 10.088353157, 13.1337070465, 35.1792411804, 24.0309505463, 7.81262207031, 17.8875770569, 2.44204449654], [160.796463013, 79.8830032349, 74.7951889038, 6.45113277435, 71.908996582, 187.653015137, 109.916015625, 25.7287406921, 24.3948173523, 19.3195610046, 27.4791679382, 2.52092218399, -8.68922901154], [100.876556396, 72.9758300781, 23.2926044464, -40.2600975037, 10.088353157, 109.916015625, 167.410858154, 56.0701828003, 12.8412656784, 18.0865364075, 31.2356643677, 4.08940219879, 6.0468993187], [72.4620819092, 47.123085022, 23.3528327942, -14.1361074448, 13.1337070465, 25.7287406921, 56.0701828003, 101.641281128, 43.2475776672, 13.2369794846, 14.9908065796, 3.34609985352, 7.0985789299], [18.0037193298, 11.9239025116, 37.5317726135, 8.71300411224, 35.1792411804, 24.3948173523, 12.8412656784, 43.2475776672, 96.4316940308, 40.468547821, 10.4933137894, -0.816126704216, 0.183339998126], [11.8421278, 9.43970012665, 42.6513175964, 16.6841983795, 24.0309505463, 19.3195610046, 18.0865364075, 13.2369794846, 40.468547821, 97.7619171143, 33.9429130554, 9.05415916443, 1.81022334099], [7.41749095917, 12.1549472809, -5.89735364914, -17.9093589783, 7.81262207031, 27.4791679382, 31.2356643677, 14.9908065796, 10.4933137894, 33.9429130554, 74.641242981, 26.0621929169, 6.40653896332], [-143.863113403, -18.884885788, 50.324054718, 39.4125862122, 17.8875770569, 2.52092218399, 4.08940219879, 3.34609985352, -0.816126704216, 9.05415916443, 26.0621929169, 77.3041381836, 29.25481987], [-133.743530273, 2.60153388977, -7.73764753342, 8.47760009766, 2.44204449654, -8.68922901154, 6.0468993187, 7.0985789299, 0.183339998126, 1.81022334099, 6.40653896332, 29.25481987, 70.3196640015]], "icov": [[0.000117511764984, 3.2323994219e-06, 5.76758502575e-05, -1.31888155011e-05, 9.40907484619e-05, -0.000172046260559, 5.8900386648e-05, -0.000126607032144, 3.6058769183e-05, -5.15393767273e-05, 7.09662026566e-06, 0.000115701950563, 0.000166956699104], [3.2323994219e-06, 0.00139168824535, 0.000337212753948, -0.000424369529355, -0.000501397589687, -0.000260809727479, -0.000374151801225, -0.000574759556912, 0.000323741143802, -3.68815635738e-05, -0.000110538188892, 0.00060341245262, -0.000122552562971], [5.76758502575e-05, 0.000337212753948, 0.00243295589462, -0.00121589982882, -0.00110474089161, -0.000404423335567, -0.000410135602579, -0.000586634909268, 0.000105217499367, -0.000690740067512, 0.000985410995781, -0.00107540516183, 0.00096952408785], [-1.31888155011e-05, -0.000424369529355, -0.00121589982882, 0.00492510199547, -0.00273706461303, 0.000807831936982, 0.000778393703513, 0.000556594633963, 0.00058910442749, -0.000574921257794, 0.00148811738472, -0.00170443300158, -7.84084695624e-05], [9.40907484619e-05, -0.000501397589687, -0.00110474089161, -0.00273706461303, 0.010062248446, -0.00408102106303, 0.00221110577695, -0.000473561260151, -0.00191938539501, 5.2873394452e-05, -0.000890169583727, 0.00040406442713, -0.000673492555507], [-0.000172046260559, -0.000260809727479, -0.000404423335567, 0.000807831936982, -0.00408102106303, 0.0119352182373, -0.00793485436589, 0.00315363006666, -0.00203841971233, 0.00106953002978, -0.00140381359961, 1.98806028493e-05, 0.00161845399998], [5.8900386648e-05, -0.000374151801225, -0.000410135602579, 0.000778393703513, 0.00221110577695, -0.00793485436589, 0.0137809980661, -0.00637126434594, 0.00309185986407, -0.00138897495344, -0.00141746341251, 0.000482144270791, -0.00165601994377], [-0.000126607032144, -0.000574759556912, -0.000586634909268, 0.000556594633963, -0.000473561260151, 0.00315363006666, -0.00637126434594, 0.0164386816323, -0.00773115735501, 0.00240412936546, -0.00141519645695, -0.000195706059458, -0.000888000824489], [3.6058769183e-05, 0.000323741143802, 0.000105217499367, 0.00058910442749, -0.00191938539501, -0.00203841971233, 0.00309185986407, -0.00773115735501, 0.0170771647245, -0.0065260999836, 0.00156099221203, 0.000903140811715, -6.79705408402e-05], [-5.15393767273e-05, -3.68815635738e-05, -0.000690740067512, -0.000574921257794, 5.2873394452e-05, 0.00106953002978, -0.00138897495344, 0.00240412936546, -0.0065260999836, 0.0153481820598, -0.00691738771275, 0.00114740885329, -0.000321508472553], [7.09662026566e-06, -0.000110538188892, 0.000985410995781, 0.00148811738472, -0.000890169583727, -0.00140381359961, -0.00141746341251, -0.00141519645695, 0.00156099221203, -0.00691738771275, 0.0208630282432, -0.00783994141966, 0.00160368811339], [0.000115701950563, 0.00060341245262, -0.00107540516183, -0.00170443300158, 0.00040406442713, 1.98806028493e-05, 0.000482144270791, -0.000195706059458, 0.000903140811715, 0.00114740885329, -0.00783994141966, 0.0200832821429, -0.00742119317874], [0.000166956699104, -0.000122552562971, 0.00096952408785, -7.84084695624e-05, -0.000673492555507, 0.00161845399998, -0.00165601994377, -0.000888000824489, -6.79705408402e-05, -0.000321508472553, 0.00160368811339, -0.00742119317874, 0.0180641636252]], "mean": [-647.99609375, 97.0159378052, -8.8475522995, 17.0796890259, 1.43936693668, 5.89698696136, 0.309583723545, 4.0015206337, -4.78967571259, -1.59254920483, -0.852061033249, -3.33653688431, -2.26891064644]}, "pitch_salience": {"dmean": 0.0756183117628, "dmean2": 0.123172402382, "dvar": 0.0046287830919, "dvar2": 0.0123118404299, "max": 0.906696915627, "mean": 0.587963163853, "median": 0.597942352295, "min": 0.0109292417765, "var": 0.0125091681257}, "silence_rate_20dB": {"dmean": 0, "dmean2": 0, "dvar": 0, "dvar2": 0, "max": 1, "mean": 1, "median": 1, "min": 1, "var": 0}, "silence_rate_30dB": {"dmean": 0.00245273369364, "dmean2": 0.0049059689045, "dvar": 0.00244645238854, "dvar2": 0.00631215842441, "max": 1, "mean": 0.998058438301, "median": 1, "min": 0, "var": 0.00193782255519}, "silence_rate_60dB": {"dmean": 0.0862544700503, "dmean2": 0.172526568174, "dvar": 0.0788203626871, "dvar2": 0.170568242669, "max": 1, "mean": 0.133149400353, "median": 0, "min": 0, "var": 0.115409210324}, "spectral_centroid": {"dmean": 347.102081299, "dmean2": 526.762695313, "dvar": 127178.484375, "dvar2": 278086.4375, "max": 11446.3916016, "mean": 1751.34643555, "median": 1701.62548828, "min": 224.184066772, "var": 532053.8125}, "spectral_complexity": {"dmean": 6.45048522949, "dmean2": 9.11140632629, "dvar": 52.1553878784, "dvar2": 99.8595123291, "max": 60, "mean": 19.0769462585, "median": 18, "min": 0, "var": 145.755554199}, "spectral_contrast_coeffs": {"dmean": [0.0601238384843, 0.0498891994357, 0.0461175888777, 0.0395720787346, 0.0309771224856, 0.022361792624], "dmean2": [0.0964058935642, 0.0825918540359, 0.0719367489219, 0.0610155165195, 0.0465655513108, 0.0348858051002], "dvar": [0.00307547929697, 0.00169010390528, 0.00149752188008, 0.00109501054976, 0.000710053835064, 0.000407860963605], "dvar2": [0.00752837816253, 0.00426469324157, 0.00346024963073, 0.00243230420165, 0.00149752944708, 0.000961802667007], "max": [-0.267267405987, -0.424852281809, -0.434551149607, -0.482468515635, -0.552454352379, -0.616097867489], "mean": [-0.665978312492, -0.764312624931, -0.754161596298, -0.757872462273, -0.777889788151, -0.767117857933], "median": [-0.675906181335, -0.768273413181, -0.774188399315, -0.767602920532, -0.780705332756, -0.76689016819], "min": [-0.996397018433, -0.9735044837, -0.973737835884, -0.967378020287, -0.963665306568, -0.963873684406], "var": [0.00851485040039, 0.0042743650265, 0.00878052599728, 0.00578823219985, 0.00270193093456, 0.00139360851608]}, "spectral_contrast_valleys": {"dmean": [0.541429460049, 0.532477140427, 0.513803243637, 0.492261707783, 0.525633215904, 0.524219751358], "dmean2": [0.80737477541, 0.800156712532, 0.742820084095, 0.700058400631, 0.698199987411, 0.65563338995], "dvar": [0.307585448027, 0.244968652725, 0.225601613522, 0.221989840269, 0.247153639793, 0.26255184412], "dvar2": [0.59935683012, 0.523591399193, 0.4520008564, 0.449311137199, 0.486601561308, 0.527782738209], "max": [-5.14071655273, -4.71531486511, -5.11883306503, -5.5328001976, -5.39997339249, -7.75934123993], "mean": [-7.78166913986, -7.04448080063, -7.54370641708, -7.76136684418, -7.63267993927, -9.98665142059], "median": [-7.39173269272, -6.86709260941, -7.34643173218, -7.56591510773, -7.49853420258, -9.80994796753], "min": [-28.1985282898, -27.7248306274, -27.637304306, -27.6721935272, -27.5306873322, -27.4113769531], "var": [2.62320899963, 2.03453445435, 2.03709769249, 1.98287713528, 1.98869681358, 1.94042754173]}, "spectral_decrease": {"dmean": 2.62209720603e-09, "dmean2": 4.23442125808e-09, "dvar": 2.32964914332e-17, "dvar2": 6.11043810972e-17, "max": 6.40750407868e-16, "mean": -4.78227502043e-09, "median": -3.3026155144e-09, "min": -4.46655015196e-08, "var": 2.78862833873e-17}, "spectral_energy": {"dmean": 0.0106770610437, "dmean2": 0.0170285757631, "dvar": 0.000364331790479, "dvar2": 0.000946672458667, "max": 0.176935568452, "mean": 0.0200963597745, "median": 0.0140193188563, "min": 1.01471223172e-20, "var": 0.000464896438643}, "spectral_energyband_high": {"dmean": 0.000635103147943, "dmean2": 0.000900790910237, "dvar": 1.06820380097e-06, "dvar2": 2.26910879064e-06, "max": 0.0170767642558, "mean": 0.00100956077222, "median": 0.000477327179397, "min": 7.31988603037e-21, "var": 2.32539900935e-06}, "spectral_energyband_low": {"dmean": 0.00367780821398, "dmean2": 0.00628925347701, "dvar": 0.000123265912407, "dvar2": 0.000336959434208, "max": 0.130117565393, "mean": 0.00474147079512, "median": 0.00222634943202, "min": 2.14235263211e-23, "var": 0.000105478211481}, "spectral_energyband_middle_high": {"dmean": 0.00314394920133, "dmean2": 0.00476275850087, "dvar": 1.84489126696e-05, "dvar2": 4.37749404227e-05, "max": 0.0654294937849, "mean": 0.00786387082189, "median": 0.00412746053189, "min": 1.22258183108e-21, "var": 8.22476940812e-05}, "spectral_energyband_middle_low": {"dmean": 0.00564200710505, "dmean2": 0.00944869033992, "dvar": 0.000146493912325, "dvar2": 0.000388705841033, "max": 0.130080521107, "mean": 0.00750972842798, "median": 0.00410427665338, "min": 1.91308551391e-22, "var": 0.000125996288261}, "spectral_entropy": {"dmean": 0.210885450244, "dmean2": 0.296555548906, "dvar": 0.0395201407373, "dvar2": 0.0781616270542, "max": 9.82476902008, "mean": 7.7839140892, "median": 7.79806518555, "min": 6.16079282761, "var": 0.126696780324}, "spectral_flux": {"dmean": 0.0303649529815, "dmean2": 0.0461779497564, "dvar": 0.00167259131558, "dvar2": 0.00345889944583, "max": 0.372822552919, "mean": 0.0831262022257, "median": 0.0728793591261, "min": 6.49353557036e-11, "var": 0.00305359996855}, "spectral_kurtosis": {"dmean": 1.25522875786, "dmean2": 2.04237675667, "dvar": 2.02975654602, "dvar2": 5.31026983261, "max": 19.7496433258, "mean": 3.93645143509, "median": 3.65078258514, "min": -1.23498272896, "var": 3.50911307335}, "spectral_rms": {"dmean": 0.00105360802263, "dmean2": 0.00155821931548, "dvar": 2.0012398636e-06, "dvar2": 4.8422416512e-06, "max": 0.0131384953856, "mean": 0.00387912848964, "median": 0.00369829474948, "min": 3.14636793182e-12, "var": 4.5585047701e-06}, "spectral_rolloff": {"dmean": 775.331298828, "dmean2": 1251.42297363, "dvar": 1319553.875, "dvar2": 3002950.75, "max": 21167.1386719, "mean": 2190.39746094, "median": 1808.7890625, "min": 21.533203125, "var": 3137170}, "spectral_skewness": {"dmean": 0.208031535149, "dmean2": 0.325954943895, "dvar": 0.0449944883585, "dvar2": 0.110275365412, "max": 3.3616604805, "mean": 1.45514321327, "median": 1.43861460686, "min": -0.0511139333248, "var": 0.113226041198}, "spectral_spread": {"dmean": 698631.125, "dmean2": 1050690.25, "dvar": 649735634944, "dvar2": 1394520358910.0, "max": 42235520, "mean": 4956814, "median": 4623671, "min": 1956036, "var": 4593226350590.0}, "spectral_strongpeak": {"dmean": 0.687048971653, "d