{"lowlevel": {"average_loudness": 0.791505038738, "barkbands": {"dmean": [5.3282630688e-05, 0.00133940018713, 0.00171495613176, 0.000856890808791, 0.00231930194423, 0.00119626114611, 0.00107680854853, 0.00133188161999, 0.000493107130751, 0.000444365199655, 0.000225841009524, 0.000316962046782, 0.000346230575815, 0.000231726211496, 0.000166923869983, 0.000179907248821, 0.000183053140063, 0.000137244394864, 6.59324359731e-05, 4.61318340967e-05, 3.47619752574e-05, 2.19861431106e-05, 1.51651966007e-05, 1.02378780866e-05, 3.9369147089e-06, 1.95256507141e-06, 5.1706456361e-07], "dmean2": [8.752267604e-05, 0.00187388097402, 0.00232351128943, 0.00139846501406, 0.00355393323116, 0.00181949732359, 0.00154521537479, 0.00196542707272, 0.000719229283277, 0.000657939643133, 0.000354236864951, 0.000467730889795, 0.000503297487739, 0.000340326514561, 0.000251241639489, 0.00026745381183, 0.000278745050309, 0.00020032095199, 0.000100212164398, 6.94723348715e-05, 5.00558235217e-05, 3.13451891998e-05, 2.17543492909e-05, 1.41150321724e-05, 5.52404753762e-06, 2.83023814518e-06, 7.76214562848e-07], "dvar": [5.15672571311e-09, 1.04717937575e-05, 1.58100065164e-05, 2.38430880017e-06, 1.56123642228e-05, 9.13594612939e-06, 1.24776597659e-05, 1.67650832736e-05, 2.78207062365e-06, 2.82987753053e-06, 9.81000880529e-07, 1.23145264297e-06, 1.23256211282e-06, 5.76750380787e-07, 1.96831464905e-07, 2.44125800464e-07, 1.92445085645e-07, 9.82766721336e-08, 2.0476210949e-08, 1.88329938311e-08, 4.4740318117e-09, 3.57115870209e-09, 2.31440333565e-09, 1.62718816199e-09, 1.12475445624e-10, 4.90620044591e-11, 3.86766833838e-12], "dvar2": [1.25561951947e-08, 2.06700406125e-05, 2.43899667112e-05, 6.08921754974e-06, 3.55936790584e-05, 1.95693774003e-05, 2.47510706686e-05, 3.35906806868e-05, 5.57798011869e-06, 6.36108143226e-06, 2.12130908039e-06, 2.59528223978e-06, 2.46664944825e-06, 1.12391626317e-06, 4.2224309027e-07, 5.09400138071e-07, 4.3253234594e-07, 1.92998101056e-07, 4.74245602788e-08, 4.24986303926e-08, 9.50704492908e-09, 7.23991355756e-09, 5.12872100344e-09, 3.49800033383e-09, 2.48845111184e-10, 1.14170846388e-10, 9.36259663548e-12], "max": [0.00247116712853, 0.039956305176, 0.0767072290182, 0.0262278858572, 0.0671233832836, 0.0681804642081, 0.0919374525547, 0.0845713093877, 0.0460791215301, 0.0649066418409, 0.0383186042309, 0.0314258038998, 0.0266455970705, 0.0216954238713, 0.0102832410485, 0.0156798288226, 0.0122840367258, 0.00733168749139, 0.00343149947003, 0.00467151356861, 0.00131459964905, 0.00205451063812, 0.00144248316064, 0.00127706478816, 0.00026911176974, 0.000203866671654, 9.31480026338e-05], "mean": [0.00028366749757, 0.00268375314772, 0.00317250518128, 0.00142287753988, 0.00462963758036, 0.00226518535055, 0.0019086683169, 0.00250447192229, 0.000861496373545, 0.000889046874363, 0.000335210876074, 0.000534538237844, 0.000581562810112, 0.000360698119039, 0.00025754555827, 0.000327348709106, 0.000329672766384, 0.000270379416179, 0.000120771881484, 8.35854298202e-05, 6.09552189417e-05, 3.7566805986e-05, 2.39936143771e-05, 1.61969692272e-05, 5.19986042491e-06, 2.87528041554e-06, 1.15232273856e-06], "median": [0.00028668550658, 0.000503577291965, 0.000680912053213, 0.000639296777081, 0.00212475168519, 0.00089371681679, 0.000284185487544, 0.000396537507186, 0.000198620895389, 9.69932516455e-05, 8.30134813441e-05, 9.6632669738e-05, 8.6254622147e-05, 5.3441941418e-05, 5.37277628609e-05, 6.25774773653e-05, 8.40323700686e-05, 7.14325869922e-05, 4.56197158201e-05, 3.69339286408e-05, 2.51143464993e-05, 1.03244410639e-05, 3.75382433049e-06, 1.88228045772e-06, 1.01007367448e-06, 6.21300841885e-07, 6.93105619121e-07], "min": [1.75797430861e-25, 2.5763581853e-24, 3.63327466707e-25, 3.39177993859e-25, 4.89792258126e-24, 3.61963225448e-24, 8.12034009856e-24, 9.20756949738e-24, 1.55303425064e-23, 8.85208195222e-24, 1.44720193377e-23, 2.1289058669e-23, 1.83121121828e-23, 3.7276375676e-23, 4.81244721448e-23, 4.15247040395e-23, 5.91497562392e-23, 9.20709097436e-23, 1.26392733117e-22, 1.75286559214e-22, 2.3892398106e-22, 2.64254544541e-22, 3.77413069432e-22, 5.61304043773e-22, 8.24720275297e-22, 1.2084566518e-21, 1.9381859572e-21], "var": [1.06407842537e-08, 2.62854409812e-05, 6.57942146063e-05, 4.72101055493e-06, 4.37935777882e-05, 1.94747826754e-05, 2.9279561204e-05, 4.65226148663e-05, 6.33066611044e-06, 9.16884619073e-06, 1.70719613379e-06, 2.88632622869e-06, 3.28379474013e-06, 1.37161725888e-06, 4.46400207466e-07, 6.98822816503e-07, 4.53915475873e-07, 3.23904714605e-07, 4.83346411784e-08, 3.64741765679e-08, 9.83823955636e-09, 9.49299039377e-09, 5.43542988396e-09, 3.95772348227e-09, 1.68469030393e-10, 8.15836287416e-11, 5.12695485025e-12]}, "barkbands_crest": {"dmean": 2.30791783333, "dmean2": 3.56360220909, "dvar": 4.70613002777, "dvar2": 10.7273950577, "max": 26.8313884735, "mean": 10.4302539825, "median": 9.49696350098, "min": 2.50059008598, "var": 18.6418685913}, "barkbands_flatness_db": {"dmean": 0.0201266333461, "dmean2": 0.0281044393778, "dvar": 0.000392664544052, "dvar2": 0.000719934236258, "max": 0.438710093498, "mean": 0.156587809324, "median": 0.156858220696, "min": 0.0372041203082, "var": 0.00270600337535}, "barkbands_kurtosis": {"dmean": 3.01744771004, "dmean2": 4.49977970123, "dvar": 33.1103134155, "dvar2": 63.6739730835, "max": 420.895599365, "mean": 6.8571228981, "median": 3.49395465851, "min": -1.85037922859, "var": 367.842681885}, "barkbands_skewness": {"dmean": 0.472037523985, "dmean2": 0.692416846752, "dvar": 0.275538355112, "dvar2": 0.536791801453, "max": 20.3330459595, "mean": 1.73555397987, "median": 1.64531517029, "min": -2.19480419159, "var": 2.33205747604}, "barkbands_spread": {"dmean": 3.77639985085, "dmean2": 5.55073022842, "dvar": 23.8399848938, "dvar2": 45.5504798889, "max": 76.8872451782, "mean": 15.168176651, "median": 12.5432977676, "min": 0.890929877758, "var": 101.318054199}, "dissonance": {"dmean": 0.0212109200656, "dmean2": 0.0347801037133, "dvar": 0.000464163429569, "dvar2": 0.00122703739908, "max": 0.500000119209, "mean": 0.450878500938, "median": 0.458869874477, "min": 0.236824646592, "var": 0.00125701737124}, "dynamic_complexity": 4.02060651779, "erbbands": {"dmean": [0.0196720808744, 0.378761649132, 1.85336303711, 2.09609746933, 5.58745765686, 7.54679679871, 9.36217975616, 11.4894266129, 15.2239866257, 19.8540821075, 23.5697822571, 10.3982982635, 13.0612869263, 10.7102823257, 9.9145154953, 10.1493034363, 15.5565748215, 8.91778373718, 10.0039787292, 8.94871330261, 10.1065034866, 10.9093055725, 7.68476772308, 3.96860671043, 2.69146203995, 2.24020886421, 1.62566840649, 1.12000703812, 0.772119879723, 0.634805381298, 0.392415195704, 0.291228204966, 0.106505356729, 0.0501519292593, 0.0266126226634, 0.0124991266057, 0.00260029523633, 0.000587840564549, 9.8509946838e-05, 1.05883082142e-05], "dmean2": [0.0279121771455, 0.520169258118, 2.42043638229, 3.3221218586, 8.95852851868, 11.5609064102, 14.1946840286, 17.2302856445, 21.5920219421, 29.7351417542, 33.8232498169, 14.948764801, 19.3083248138, 15.5743656158, 14.7373228073, 14.918636322, 22.4035892487, 12.8666028976, 14.736158371, 12.9748897552, 14.7386808395, 16.3968276978, 11.1381616592, 5.84821796417, 4.02425718307, 3.3814868927, 2.3499045372, 1.60095071793, 1.11217463017, 0.893075525761, 0.558466374874, 0.405577659607, 0.147358417511, 0.0686374679208, 0.0385977365077, 0.0178287234157, 0.00395621499047, 0.000869835552294, 0.000149539089762, 1.44485074998e-05], "dvar": [0.00298442225903, 0.824671626091, 20.5029373169, 13.393040657, 115.924583435, 247.186538696, 427.10168457, 1072.27099609, 2426.06567383, 3925.91674805, 4523.15429688, 1049.56628418, 2460.95654297, 2007.7791748, 1262.67773438, 1184.92492676, 2624.10180664, 673.157653809, 844.433959961, 627.554260254, 759.147399902, 665.432312012, 309.69329834, 84.3099517822, 49.328868866, 45.7861747742, 11.7008666992, 4.63151884079, 3.87993979454, 3.4333884716, 1.68096649647, 1.45694673061, 0.100312530994, 0.0159970223904, 0.00810983963311, 0.00175976788159, 0.000190838938579, 4.36620848632e-06, 1.6489170207e-07, 3.29542754196e-10], "dvar2": [0.00540479831398, 1.58140873909, 28.6272220612, 33.1300926208, 302.561950684, 542.940124512, 931.444274902, 2219.46777344, 4486.79003906, 8194.65429688, 8445.890625, 2045.51000977, 5685.25146484, 4326.73388672, 2797.41186523, 2563.5065918, 5226.43847656, 1378.54272461, 1683.00878906, 1329.39819336, 1615.13806152, 1456.35827637, 576.422729492, 181.272354126, 119.007858276, 106.892822266, 25.9529495239, 9.50999546051, 8.14308834076, 6.71547746658, 3.64233517647, 3.16651320457, 0.210598915815, 0.0328137874603, 0.0198963750154, 0.00384972523898, 0.00052027561469, 1.00344568637e-05, 4.08337314184e-07, 7.32779725787e-10], "max": [0.960318207741, 11.1551589966, 89.3056106567, 59.8725509644, 222.202011108, 400.638671875, 424.7628479, 845.198181152, 1264.1829834, 1551.77978516, 1503.9934082, 1003.09332275, 1591.48535156, 1678.90148926, 999.594482422, 942.752258301, 1291.57080078, 680.279968262, 672.956542969, 697.269836426, 667.224914551, 611.532775879, 496.611907959, 286.030181885, 221.472717285, 205.811828613, 90.9354782104, 48.081653595, 51.0724754333, 66.6813964844, 44.2747535706, 37.0405960083, 9.82567405701, 4.16156625748, 3.23352622986, 1.28307783604, 0.499966561794, 0.0677640810609, 0.0198945645243, 0.00079230312258], "mean": [0.0357714891434, 0.780003786087, 3.65317702293, 4.09422969818, 10.0384960175, 13.9199113846, 18.1311321259, 22.214094162, 30.5619220734, 33.3397712708, 46.7363204956, 19.941318512, 25.8762817383, 19.8313598633, 18.1879615784, 17.71052742, 27.6174640656, 15.6842508316, 16.9731197357, 15.6208906174, 19.7619609833, 21.2681102753, 15.78652668, 8.24172306061, 5.12421655655, 4.11819553375, 2.9087126255, 1.90299069881, 1.3273370266, 1.03763771057, 0.63892531395, 0.481571882963, 0.160440996289, 0.0682388842106, 0.0344409346581, 0.0174766369164, 0.00362166459672, 0.000959920987953, 0.000202857874683, 3.99350537919e-05], "median": [0.00632701115683, 0.156401917338, 0.726972639561, 1.8941681385, 3.9557659626, 5.58664512634, 6.35338115692, 8.74545478821, 5.58362007141, 8.44674777985, 8.18175601959, 5.40197849274, 3.91981840134, 3.48242354393, 4.86430883408, 3.61002039909, 4.233979702, 2.98437166214, 3.64474320412, 3.12842440605, 4.30208396912, 5.58539676666, 4.48346042633, 2.71220135689, 2.22910189629, 1.87795627117, 1.29800224304, 0.700522780418, 0.415960639715, 0.201708599925, 0.0910937339067, 0.05634053424, 0.0216851290315, 0.0116570154205, 0.00675449986011, 0.00291827763431, 0.00102385925129, 0.000404557707952, 0.000115956710943, 3.26264744217e-05], "min": [3.77594330736e-23, 4.38915139471e-22, 8.48477383126e-22, 9.09270048855e-21, 2.13529954288e-20, 1.12261333821e-20, 5.23865954263e-20, 6.01138582148e-20, 1.41569221803e-19, 1.44578181754e-19, 1.75661832641e-19, 3.38344891277e-19, 3.50124408489e-19, 7.9522962402e-19, 1.00837866164e-18, 1.36515541171e-18, 9.2773971885e-19, 2.24352723384e-18, 2.99623843021e-18, 2.84505649081e-18, 3.00797219399e-18, 4.3781449731e-18, 5.30273230664e-18, 5.20946397026e-18, 7.10525812307e-18, 6.84579596674e-18, 8.90569034536e-18, 1.02182125649e-17, 9.38117278661e-18, 1.20811076768e-17, 1.00083460901e-17, 1.0277879584e-17, 9.92728900755e-18, 7.57981246767e-18, 6.12589737091e-18, 3.906897283e-18, 2.23870435728e-18, 1.01650291942e-18, 2.47497169715e-19, 2.73186737053e-20], "var": [0.00650143856183, 2.32175827026, 90.3278961182, 32.7348213196, 259.396453857, 626.024780273, 1126.00378418, 2237.96533203, 7548.48291016, 7234.54199219, 13711.5224609, 2601.95092773, 6577.99560547, 5060.99560547, 2838.87524414, 2420.07763672, 7401.49804688, 1741.66918945, 1949.7890625, 1562.04882812, 2359.51171875, 1788.73693848, 1060.46716309, 246.018844604, 98.7658615112, 84.8801574707, 24.1500854492, 10.3573198318, 9.61779880524, 9.10753726959, 4.23995780945, 3.65106201172, 0.239695355296, 0.0275265909731, 0.00980354845524, 0.00338731147349, 0.000161760908668, 5.62425566386e-06, 2.09518461247e-07, 1.05223152413e-09]}, "erbbands_crest": {"dmean": 2.50778365135, "dmean2": 3.92786574364, "dvar": 6.07085895538, "dvar2": 13.9742584229, "max": 29.9875717163, "mean": 9.86468410492, "median": 8.77495098114, "min": 2.50383067131, "var": 21.3325710297}, "erbbands_flatness_db": {"dmean": 0.0179631877691, "dmean2": 0.0248073991388, "dvar": 0.000319664366543, "dvar2": 0.000544253387488, "max": 0.332784354687, "mean": 0.181361794472, "median": 0.178716510534, "min": 0.0298793390393, "var": 0.00206168764271}, "erbbands_kurtosis": {"dmean": 0.884714365005, "dmean2": 1.35120379925, "dvar": 1.44593167305, "dvar2": 3.1615114212, "max": 25.4724731445, "mean": 0.480836421251, "median": -0.0937266349792, "min": -1.81135737896, "var": 4.60343885422}, "erbbands_skewness": {"dmean": 0.351737558842, "dmean2": 0.527704000473, "dvar": 0.120558582246, "dvar2": 0.247690826654, "max": 4.60594034195, "mean": 0.521218121052, "median": 0.527084052563, "min": -3.43628025055, "var": 0.652570962906}, "erbbands_spread": {"dmean": 6.89534854889, "dmean2": 10.1324386597, "dvar": 55.2850112915, "dvar2": 110.966896057, "max": 138.632415771, "mean": 34.4677848816, "median": 33.413028717, "min": 4.24861764908, "var": 231.287399292}, "gfcc": {"cov": [[26182.0039062, 2362.40649414, -3093.52197266, 752.475769043, -1276.96142578, -162.34022522, -823.629455566, 50.0141525269, -327.790405273, -285.352478027, -451.801269531, -40.5778312683, -238.111846924], [2362.40649414, 1142.19335938, -196.337036133, -123.936889648, 146.006027222, -204.870620728, 68.045173645, -9.95137500763, 9.62755966187, -52.9933052063, -30.6430664062, -24.8688030243, -39.5682220459], [-3093.52197266, -196.337036133, 819.202453613, 101.218223572, 160.973617554, 41.8454818726, 112.967819214, -7.68712568283, 2.83962249756, 73.0625915527, 52.6688842773, 5.20415258408, 50.3979606628], [752.475769043, -123.936889648, 101.218223572, 419.940948486, -10.8856096268, 13.2389774323, -69.9154510498, 5.13007307053, 18.2720222473, -19.0527114868, -19.8464927673, -3.10366916656, 29.9871349335], [-1276.96142578, 146.006027222, 160.973617554, -10.8856096268, 336.789672852, -9.52597332001, 50.020526886, 25.0407352448, 79.3436508179, 10.7385931015, 22.2253646851, 14.8989858627, 5.49952983856], [-162.34022522, -204.870620728, 41.8454818726, 13.2389774323, -9.52597332001, 278.51385498, 105.119926453, 27.9782924652, 7.57260608673, 33.5240631104, 25.0319042206, -16.9161701202, 7.81740760803], [-823.629455566, 68.045173645, 112.967819214, -69.9154510498, 50.020526886, 105.119926453, 260.374725342, 32.7884674072, -10.5165634155, 26.452665329, 28.219581604, -19.7567157745, 3.83840870857], [50.0141525269, -9.95137500763, -7.68712568283, 5.13007307053, 25.0407352448, 27.9782924652, 32.7884674072, 108.193870544, 52.0756835938, -2.0519194603, -2.68165373802, 2.56774115562, 4.20463705063], [-327.790405273, 9.62755966187, 2.83962249756, 18.2720222473, 79.3436508179, 7.57260608673, -10.5165634155, 52.0756835938, 157.571334839, 22.8821868896, 10.3692417145, 3.5806415081, -4.75625562668], [-285.352478027, -52.9933052063, 73.0625915527, -19.0527114868, 10.7385931015, 33.5240631104, 26.452665329, -2.0519194603, 22.8821868896, 107.787101746, 32.6729125977, -15.5799951553, -8.68943786621], [-451.801269531, -30.6430664062, 52.6688842773, -19.8464927673, 22.2253646851, 25.0319042206, 28.219581604, -2.68165373802, 10.3692417145, 32.6729125977, 85.2302856445, 21.4825344086, -8.33299732208], [-40.5778312683, -24.8688030243, 5.20415258408, -3.10366916656, 14.8989858627, -16.9161701202, -19.7567157745, 2.56774115562, 3.5806415081, -15.5799951553, 21.4825344086, 95.0547866821, 23.5473079681], [-238.111846924, -39.5682220459, 50.3979606628, 29.9871349335, 5.49952983856, 7.81740760803, 3.83840870857, 4.20463705063, -4.75625562668, -8.68943786621, -8.33299732208, 23.5473079681, 74.1747055054]], "icov": [[0.000651412468869, -0.00201732642017, 0.00163625809364, -0.00190027896315, 0.00188570760656, -0.00186145410407, 0.00188646453898, -0.00163353397511, 0.00170676177368, -0.00182571751066, 0.00169752363581, -0.00167097046506, 0.001339555718], [-0.00201732642017, 0.00761436624452, -0.00459990976378, 0.0059663481079, -0.00653646467254, 0.00696338620037, -0.00679683685303, 0.00536178750917, -0.00531963910908, 0.00599396973848, -0.00508159585297, 0.00557685317472, -0.00388239673339], [0.00163625809364, -0.00459990976378, 0.00599426589906, -0.00531316176057, 0.00371488975361, -0.00410574348643, 0.00377977173775, -0.00373073341325, 0.00472505297512, -0.00553374690935, 0.00371998664923, -0.00394667033106, 0.00237270374782], [-0.00190027896315, 0.0059663481079, -0.00531316176057, 0.00840914715081, -0.00528790010139, 0.00501023232937, -0.00444470671937, 0.00459977192804, -0.00543850893155, 0.0061111850664, -0.00467743724585, 0.0054293111898, -0.00475563202053], [0.00188570760656, -0.00653646467254, 0.00371488975361, -0.00528790010139, 0.00981385447085, -0.00552859297022, 0.00520189339295, -0.00468236021698, 0.0027164160274, -0.00473270844668, 0.00455764494836, -0.00546972779557, 0.00389969930984], [-0.00186145410407, 0.00696338620037, -0.00410574348643, 0.00501023232937, -0.00552859297022, 0.010988784954, -0.0080516282469, 0.00426079239696, -0.00505445385352, 0.00463192071766, -0.0056778951548, 0.00575081119314, -0.00431490968913], [0.00188646453898, -0.00679683685303, 0.00377977173775, -0.00444470671937, 0.00520189339295, -0.0080516282469, 0.0119730895385, -0.00688869087026, 0.00637095468119, -0.00548062706366, 0.00357080576941, -0.00364054972306, 0.00321595813148], [-0.00163353397511, 0.00536178750917, -0.00373073341325, 0.00459977192804, -0.00468236021698, 0.00426079239696, -0.00688869087026, 0.0163839347661, -0.00874844193459, 0.00577736459672, -0.00300103705376, 0.00355720683001, -0.0037331127096], [0.00170676177368, -0.00531963910908, 0.00472505297512, -0.00543850893155, 0.0027164160274, -0.00505445385352, 0.00637095468119, -0.00874844193459, 0.0139638176188, -0.0071524521336, 0.00389698636718, -0.00444219727069, 0.00403246982023], [-0.00182571751066, 0.00599396973848, -0.00553374690935, 0.0061111850664, -0.00473270844668, 0.00463192071766, -0.00548062706366, 0.00577736459672, -0.0071524521336, 0.0177864413708, -0.00900610536337, 0.00761451711878, -0.00335926306434], [0.00169752363581, -0.00508159585297, 0.00371998664923, -0.00467743724585, 0.00455764494836, -0.0056778951548, 0.00357080576941, -0.00300103705376, 0.00389698636718, -0.00900610536337, 0.020895594731, -0.00995470024645, 0.00705030048266], [-0.00167097046506, 0.00557685317472, -0.00394667033106, 0.0054293111898, -0.00546972779557, 0.00575081119314, -0.00364054972306, 0.00355720683001, -0.00444219727069, 0.00761451711878, -0.00995470024645, 0.0184546858072, -0.00848602503538], [0.001339555718, -0.00388239673339, 0.00237270374782, -0.00475563202053, 0.00389969930984, -0.00431490968913, 0.00321595813148, -0.0037331127096, 0.00403246982023, -0.00335926306434, 0.00705030048266, -0.00848602503538, 0.0195831246674]], "mean": [-63.2275543213, 119.195381165, -114.69052124, 22.5890522003, -46.4954681396, -12.6225633621, -30.862154007, -3.36906337738, -19.6501140594, -3.00583934784, -14.9871730804, -2.39890909195, -12.5787210464]}, "hfc": {"dmean": 3.62429428101, "dmean2": 4.8304476738, "dvar": 29.046081543, "dvar2": 47.7957305908, "max": 110.778785706, "mean": 12.9817895889, "median": 8.55178546906, "min": 1.07266320146e-16, "var": 184.58102417}, "melbands": {"dmean": [0.000273996993201, 0.000790346646681, 0.000441282056272, 0.000467092962936, 0.000345338485204, 0.000255229359027, 0.000221119218622, 0.000249046453973, 0.000176645931788, 6.24663662165e-05, 6.86241619405e-05, 4.82671421196e-05, 3.08297312586e-05, 3.69037989003e-05, 2.60578253801e-05, 3.70380366803e-05, 1.73198131961e-05, 2.00434187718e-05, 1.36922635647e-05, 1.13280493679e-05, 1.23120098579e-05, 1.2801822777e-05, 9.40031532082e-06, 4.91217269882e-06, 3.3766893921e-06, 2.24321593123e-06, 1.90996820493e-06, 1.47301534525e-06, 1.06631307517e-06, 9.54249458118e-07, 5.98426879606e-07, 4.95660060551e-07, 3.91306514302e-07, 3.49300449898e-07, 2.27348877502e-07, 2.2478589301e-07, 1.63545138321e-07, 8.3167186915e-08, 4.74747174906e-08, 4.20062562512e-08], "dmean2": [0.000384767103242, 0.00103820778895, 0.00069590570638, 0.000726661586668, 0.000524116447195, 0.000381589081371, 0.000315845565638, 0.000371965026716, 0.00025402547908, 9.08075817279e-05, 0.000101387464383, 6.99331067153e-05, 4.6756460506e-05, 5.39037937415e-05, 3.99373166147e-05, 5.3675565141e-05, 2.54640472122e-05, 2.99024959531e-05, 2.05530795938e-05, 1.6875390429e-05, 1.81167215487e-05, 1.95636494027e-05, 1.38748710015e-05, 7.12812243364e-06, 5.08599214299e-06, 3.41802524417e-06, 2.92522327072e-06, 2.29134570873e-06, 1.58091529556e-06, 1.39029930324e-06, 8.71291774729e-07, 7.3159810654e-07, 5.67340919133e-07, 4.99155646594e-07, 3.30329925191e-07, 3.19775267599e-07, 2.29482239433e-07, 1.16418270579e-07, 6.59047003637e-08, 5.88450674854e-08], "dvar": [4.5414503802e-07, 3.52216625288e-06, 5.15865565376e-07, 6.8923696972e-07, 5.69446058307e-07, 4.76945899663e-07, 4.79080654259e-07, 5.88240254729e-07, 2.46133168957e-07, 4.2539312517e-08, 6.71960265208e-08, 3.67750452313e-08, 1.34282585051e-08, 1.9481506186e-08, 7.35539362751e-09, 1.65705476007e-08, 3.13218428971e-09, 4.16081658017e-09, 1.46879353125e-09, 1.26530763644e-09, 1.29606547716e-09, 9.15861220196e-10, 5.27698662545e-10, 1.12423868825e-10, 6.8170698253e-11, 3.08138271843e-11, 3.1979668913e-11, 2.30520342398e-11, 5.94759571454e-12, 3.6376849883e-12, 1.53692022217e-12, 1.70165986337e-12, 1.28410259856e-12, 1.14862340559e-12, 5.50914403073e-13, 8.84059373017e-13, 4.78377320395e-13, 6.87265728268e-14, 1.70488521575e-14, 1.16516564734e-14], "dvar2": [8.73318128924e-07, 5.31053410668e-06, 1.28829185542e-06, 1.6322543388e-06, 1.23318091028e-06, 9.8812165561e-07, 9.02716294604e-07, 1.2046144775e-06, 4.58495208022e-07, 8.39348501813e-08, 1.54072921532e-07, 7.7301933743e-08, 2.92452639883e-08, 4.15123366793e-08, 1.56064849932e-08, 3.23062963048e-08, 6.53411813545e-09, 8.26622414962e-09, 3.23022408821e-09, 2.67195043868e-09, 2.79314948948e-09, 2.05648587048e-09, 1.08978814861e-09, 2.11097861413e-10, 1.51607892906e-10, 7.51209094929e-11, 7.33325344893e-11, 5.69957032959e-11, 1.35813166269e-11, 7.91386400856e-12, 3.27427624944e-12, 3.64840709727e-12, 2.6525569935e-12, 2.38496136902e-12, 1.24039515638e-12, 1.82577542494e-12, 1.13213204003e-12, 1.44301400256e-13, 3.57530675801e-14, 2.45752667484e-14], "max": [0.00852279551327, 0.0345425084233, 0.0101601481438, 0.0161542017013, 0.015091182664, 0.0164852198213, 0.0162744745612, 0.0172106958926, 0.0114001082256, 0.00672049121931, 0.00816442724317, 0.00661310506985, 0.00410602428019, 0.00432241428643, 0.00226883077994, 0.00352563615888, 0.00149544270243, 0.00165847572498, 0.000906873028725, 0.00165383680724, 0.00104310596362, 0.000706419406924, 0.000586300331634, 0.000269476615358, 0.0002634661505, 0.000187429177458, 0.000195948334294, 0.000124998798128, 7.11981629138e-05, 4.11258042732e-05, 3.0138378861e-05, 3.82838152291e-05, 3.40703991242e-05, 3.996660962e-05, 2.86330832751e-05, 2.92847817036e-05, 2.53048692684e-05, 8.01367878012e-06, 4.03233752877e-06, 3.44721615875e-06], "mean": [0.000542260357179, 0.00163244537544, 0.000880265841261, 0.000893390562851, 0.00066577718826, 0.000500621215906, 0.000429269188317, 0.00044053044985, 0.000344586034771, 0.000113884678285, 0.000133335852297, 8.83829270606e-05, 5.2881805459e-05, 6.31559669273e-05, 4.26186234108e-05, 6.18326157564e-05, 2.65488069999e-05, 3.14968856401e-05, 2.1081070372e-05, 1.95596312551e-05, 2.2831323804e-05, 2.291509918e-05, 1.77725578396e-05, 9.92410787148e-06, 6.48735658615e-06, 4.02763407692e-06, 3.40551446243e-06, 2.49670642916e-06, 1.82380006208e-06, 1.55851137151e-06, 9.42566828144e-07, 8.06295815892e-07, 6.31725527001e-07, 5.43533474229e-07, 3.54568385319e-07, 3.65373921341e-07, 2.60417692743e-07, 1.22739791664e-07, 6.22691160856e-08, 5.61086253015e-08], "median": [0.000113591260742, 0.000354054500349, 0.000434784276877, 0.000376771000447, 0.000230299745454, 0.000181753610377, 7.45672368794e-05, 8.88970607775e-05, 5.9852238337e-05, 2.64941554633e-05, 1.77135425474e-05, 1.34665497171e-05, 1.41582904689e-05, 1.20216882351e-05, 7.54484472054e-06, 8.06063690106e-06, 4.47053662356e-06, 5.50387903786e-06, 4.06752042181e-06, 3.67598181583e-06, 4.57450050817e-06, 5.7411320995e-06, 4.2612409743e-06, 2.93803213935e-06, 1.91651520254e-06, 1.51004348936e-06, 1.38685379625e-06, 1.09586756025e-06, 7.45289696624e-07, 5.96416271037e-07, 3.10480430699e-07, 2.46273629045e-07, 1.33300389393e-07, 9.59050510119e-08, 4.99331385129e-08, 3.69554165047e-08, 2.98553821665e-08, 1.52894141792e-08, 8.90898288475e-09, 9.5506829112e-09], "min": [5.62769080353e-25, 1.09225779545e-24, 1.97726132071e-24, 9.3905528841e-25, 2.19169738057e-24, 1.44804392446e-24, 1.90069329795e-24, 1.61765799238e-24, 9.99559835156e-25, 2.34439797486e-24, 1.47613516269e-24, 2.57996899888e-24, 2.73021702461e-24, 2.28983108554e-24, 2.97935527291e-24, 2.09624461939e-24, 3.08864406272e-24, 3.05209692584e-24, 3.23486140366e-24, 2.57768859922e-24, 2.76284391722e-24, 3.33586557624e-24, 4.69355278097e-24, 3.61126244028e-24, 3.29892854486e-24, 4.59871986725e-24, 5.11652816544e-24, 3.81380050554e-24, 4.77115421151e-24, 5.62467291753e-24, 5.6031807966e-24, 4.10580131391e-24, 5.54282504874e-24, 6.29304833569e-24, 5.36376111744e-24, 6.04431260366e-24, 6.42515926592e-24, 6.22956396548e-24, 5.64958198948e-24, 5.78081294537e-24], "var": [1.05061144495e-06, 1.45162584886e-05, 1.25365693293e-06, 1.93044820662e-06, 1.50119342379e-06, 1.05578897092e-06, 1.39243502417e-06, 1.3418589333e-06, 7.03961688941e-07, 1.05890421764e-07, 1.87640367244e-07, 9.99697888915e-08, 2.71061519896e-08, 4.61841729305e-08, 1.54941712793e-08, 4.49120740598e-08, 6.85443302118e-09, 9.12288200539e-09, 3.19776560787e-09, 2.85051537929e-09, 3.95398291886e-09, 2.2476631667e-09, 1.45034606547e-09, 3.76934650159e-10, 1.76234263294e-10, 6.2612380558e-11, 6.03995534143e-11, 3.58441054615e-11, 1.16224226424e-11, 7.02553466791e-12, 3.10339254295e-12, 3.88140951671e-12, 3.36012944899e-12, 2.63215642858e-12, 1.2752376195e-12, 2.2348817675e-12, 1.07833848188e-12, 1.58348052552e-13, 2.74856567085e-14, 1.96975851699e-14]}, "melbands_crest": {"dmean": 2.88851928711, "dmean2": 4.48718166351, "dvar": 7.52202224731, "dvar2": 17.3033981323, "max": 39.7831878662, "mean": 14.198592186, "median": 13.1523685455, "min": 1.47669768333, "var": 33.4753608704}, "melbands_flatness_db": {"dmean": 0.0252088289708, "dmean2": 0.0345779210329, "dvar": 0.00062462297501, "dvar2": 0.00113364087883, "max": 0.500302135944, "mean": 0.242129325867, "median": 0.245287045836, "min": 0.00254066172056, "var": 0.00523441564292}, "melbands_kurtosis": {"dmean": 6.17333459854, "dmean2": 9.18408870697, "dvar": 150.091400146, "dvar2": 264.21697998, "max": 951.59753418, "mean": 15.0770759583, "median": 9.19520759583, "min": -1.4521843195, "var": 1026.01123047}, "melbands_skewness": {"dmean": 0.622846007347, "dmean2": 0.913389742374, "dvar": 0.472222238779, "dvar2": 0.914894878864, "max": 29.1075572968, "mean": 2.64440393448, "median": 2.48284244537, "min": -0.970152437687, "var": 3.19667744637}, "melbands_spread": {"dmean": 4.54120588303, "dmean2": 6.75638532639, "dvar": 43.6087265015, "dvar2": 89.7365493774, "max": 160.439178467, "mean": 18.1359195709, "median": 12.8094120026, "min": 0.620840370655, "var": 393.111846924}, "mfcc": {"cov": [[8323.88378906, 782.868225098, -477.811126709, 225.909332275, -84.673248291, -56.9621887207, -328.397033691, 209.269592285, -12.5875310898, -81.6248168945, -89.6912612915, -30.2138519287, -185.105575562], [782.868225098, 1617.59570312, -236.474746704, 144.196014404, 18.1799697876, -64.2944107056, 26.3949661255, 11.7121925354, 20.8049259186, -43.0223350525, 49.4388313293, 13.6244392395, -42.0874252319], [-477.811126709, -236.474746704, 484.260498047, 90.8082427979, -7.54595994949, 68.6108627319, 77.6294250488, -47.7299499512, 13.3938274384, 16.8198165894, -39.4988899231, 2.00576472282, 63.1386566162], [225.909332275, 144.196014404, 90.8082427979, 364.664520264, 119.233444214, -22.2509117126, -53.8421897888, -8.08028411865, 14.0692005157, -18.1568241119, -40.2408752441, -16.1783485413, 32.5011253357], [-84.673248291, 18.1799697876, -7.54595994949, 119.233444214, 261.707763672, 2.98507642746, -82.6840820312, 14.3777732849, 13.0144872665, 6.39427804947, 7.11305856705, -0.175515919924, 5.10060834885], [-56.9621887207, -64.2944107056, 68.6108627319, -22.2509117126, 2.98507642746, 164.988769531, 82.205871582, 8.1266040802, 15.0430517197, 45.0091590881, 12.7008476257, 18.2199954987, 7.25768947601], [-328.397033691, 26.3949661255, 77.6294250488, -53.8421897888, -82.6840820312, 82.205871582, 223.080123901, 15.0047121048, 14.5523252487, 30.4433517456, 11.5411281586, 9.0365486145, 10.8786964417], [209.269592285, 11.7121925354, -47.7299499512, -8.08028411865, 14.3777732849, 8.1266040802, 15.0047121048, 154.342971802, 35.5019874573, 7.83940172195, 1.82837259769, 12.0032911301, 4.04180240631], [-12.5875310898, 20.8049259186, 13.3938274384, 14.0692005157, 13.0144872665, 15.0430517197, 14.5523252487, 35.5019874573, 107.654067993, 39.3650054932, -13.1080551147, -5.57806253433, 0.434005498886], [-81.6248168945, -43.0223350525, 16.8198165894, -18.1568241119, 6.39427804947, 45.0091590881, 30.4433517456, 7.83940172195, 39.3650054932, 164.411270142, 35.7673606873, -11.8536567688, 3.20163321495], [-89.6912612915, 49.4388313293, -39.4988899231, -40.2408752441, 7.11305856705, 12.7008476257, 11.5411281586, 1.82837259769, -13.1080551147, 35.7673606873, 121.38835144, 27.4243602753, -12.2826509476], [-30.2138519287, 13.6244392395, 2.00576472282, -16.1783485413, -0.175515919924, 18.2199954987, 9.0365486145, 12.0032911301, -5.57806253433, -11.8536567688, 27.4243602753, 85.7905731201, 19.8548793793], [-185.105575562, -42.0874252319, 63.1386566162, 32.5011253357, 5.10060834885, 7.25768947601, 10.8786964417, 4.04180240631, 0.434005498886, 3.20163321495, -12.2826509476, 19.8548793793, 87.5417251587]], "icov": [[0.000166314595845, -6.76569179632e-05, 8.11882709968e-05, -0.000164478246006, 0.000247685908107, -0.000211992315599, 0.000348274363205, -0.000282798369881, 0.000121208751807, -3.94393828174e-05, 0.000168799917446, -4.28111743531e-05, 0.000328806840116], [-6.76569179632e-05, 0.00081042846432, 0.000446620833827, -0.000479769194499, -3.82030775654e-05, 0.000347018765751, -0.000613842916209, 0.000275122758467, -0.000364853505744, 0.000254500773735, -0.000437193666585, -0.000175450768438, 0.000110558532469], [8.11882709968e-05, 0.000446620833827, 0.00314396573231, -0.00107444892637, 0.000277364393696, -0.000810284400359, -0.000893908261787, 0.0010016906308, -0.000413087429479, 5.22441841895e-05, 0.000512243888807, -7.98069668235e-05, -0.00127629633062], [-0.000164478246006, -0.000479769194499, -0.00107444892637, 0.00427697366104, -0.0019180055242, 0.000548529205844, 0.000276490405668, 0.000295382429613, -0.000274539808743, 0.000219692403334, 0.000752359454054, 0.000766183773521, -0.00144800462294], [0.000247685908107, -3.82030775654e-05, 0.000277364393696, -0.0019180055242, 0.00571474200115, -0.00156688026618, 0.00262413662858, -0.000984586309642, -0.000281459448161, -0.000147806509631, -0.000698054616805, 1.36433618536e-05, 0.00043946140795], [-0.000211992315599, 0.000347018765751, -0.000810284400359, 0.000548529205844, -0.00156688026618, 0.00900622457266, -0.00355168618262, 0.000336958328262, -0.000217475986574, -0.00174845347647, 7.82638599048e-05, -0.00196783314459, 0.000392095826101], [0.000348274363205, -0.000613842916209, -0.000893908261787, 0.000276490405668, 0.00262413662858, -0.00355168618262, 0.00786035414785, -0.00151837896556, -4.34980538557e-05, -0.000294178782497, -0.000204670301173, 0.000435759749962, 0.000101667814306], [-0.000282798369881, 0.000275122758467, 0.0010016906308, 0.000295382429613, -0.000984586309642, 0.000336958328262, -0.00151837896556, 0.00813616625965, -0.00286309653893, 0.000384934130125, -0.000191188155441, -0.000941271078773, -0.00126857962459], [0.000121208751807, -0.000364853505744, -0.000413087429479, -0.000274539808743, -0.000281459448161, -0.000217475986574, -4.34980538557e-05, -0.00286309653893, 0.0119557632133, -0.0032555849757, 0.00251329387538, -0.000224913324928, 0.00111620407552], [-3.94393828174e-05, 0.000254500773735, 5.22441841895e-05, 0.000219692403334, -0.000147806509631, -0.00174845347647, -0.000294178782497, 0.000384934130125, -0.0032555849757, 0.00840188749135, -0.00338704581372, 0.00266176532023, -0.00127799296752], [0.000168799917446, -0.000437193666585, 0.000512243888807, 0.000752359454054, -0.000698054616805, 7.82638599048e-05, -0.000204670301173, -0.000191188155441, 0.00251329387538, -0.00338704581372, 0.0114554092288, -0.00419505406171, 0.00223654136062], [-4.28111743531e-05, -0.000175450768438, -7.98069668235e-05, 0.000766183773521, 1.36433618536e-05, -0.00196783314459, 0.000435759749962, -0.000941271078773, -0.000224913324928, 0.00266176532023, -0.00419505406171, 0.0150180282071, -0.00434110034257], [0.000328806840116, 0.000110558532469, -0.00127629633062, -0.00144800462294, 0.00043946140795, 0.000392095826101, 0.000101667814306, -0.00126857962459, 0.00111620407552, -0.00127799296752, 0.00223654136062, -0.00434110034257, 0.0149570563808]], "mean": [-698.467712402, 155.040557861, -12.0643930435, 36.1728973389, -2.63133120537, 0.847538292408, -6.30389165878, -0.485761940479, -4.11481523514, -3.72397899628, -3.03721618652, 2.40841436386, -2.06884169579]}, "pitch_salience": {"dmean": 0.0639796555042, "dmean2": 0.0998790487647, "dvar": 0.00352406408638, "dvar2": 0.00820708740503, "max": 0.858671009541, "mean": 0.579399526119, "median": 0.594147145748, "min": 0.0143410842866, "var": 0.0150232901797}, "silence_rate_20dB": {"dmean": 0, "dmean2": 0, "dvar": 0, "dvar2": 0, "max": 1, "mean": 1, "median": 1, "min": 1, "var": 0}, "silence_rate_30dB": {"dmean": 0.00448556197807, "dmean2": 0.00897238217294, "dvar": 0.00446555856615, "dvar2": 0.0100133260712, "max": 1, "mean": 0.994674146175, "median": 1, "min": 0, "var": 0.00529737956822}, "silence_rate_60dB": {"dmean": 0.0344827584922, "dmean2": 0.0689751878381, "dvar": 0.0332946777344, "dvar2": 0.0768382698298, "max": 1, "mean": 0.0953048318624, "median": 0, "min": 0, "var": 0.0862296298146}, "spectral_centroid": {"dmean": 196.386291504, "dmean2": 289.911865234, "dvar": 90731.4765625, "dvar2": 176693.46875, "max": 11676.4599609, "mean": 1154.61828613, "median": 863.760559082, "min": 183.317184448, "var": 2034926.5}, "spectral_complexity": {"dmean": 2.4384636879, "dmean2": 3.65175938606, "dvar": 6.17568540573, "dvar2": 12.6244878769, "max": 45, "mean": 13.2473716736, "median": 13, "min": 0, "var": 38.6796150208}, "spectral_contrast_coeffs": {"dmean": [0.0486320406199, 0.0448166020215, 0.0344967842102, 0.0331806056201, 0.0268159043044, 0.0175770781934], "dmean2": [0.078689314425, 0.0705545768142, 0.0538022592664, 0.0504179000854, 0.0397164002061, 0.0255995132029], "dvar": [0.00163981178775, 0.00166600104421, 0.000900300627109, 0.00087820016779, 0.000605788372923, 0.000259421678493], "dvar2": [0.0041342806071, 0.00374564505182, 0.00199001794681, 0.00187593826558, 0.00119182700291, 0.000541344867088], "max": [-0.272927999496, -0.378783226013, -0.470050930977, -0.508841991425, -0.55427390337, -0.595529973507], "mean": [-0.595988452435, -0.700950622559, -0.762790322304, -0.753406047821, -0.754066228867, -0.743058443069], "median": [-0.594624042511, -0.711730360985, -0.773412942886, -0.762347400188, -0.758131921291, -0.737852215767], "min": [-0.985349297523, -0.977682769299, -0.983580112457, -0.983043730259, -0.980804681778, -0.980514705181], "var": [0.0101046646014, 0.00922684650868, 0.00536361243576, 0.0050567118451, 0.00399939995259, 0.00245123519562]}, "spectral_contrast_valleys": {"dmean": [0.419113814831, 0.321701556444, 0.284181386232, 0.304673582315, 0.309502094984, 0.346458375454], "dmean2": [0.672042429447, 0.51723664999, 0.449829429388, 0.463328570127, 0.411084860563, 0.423187166452], "dvar": [0.166756033897, 0.103708364069, 0.088535822928, 0.0973890349269, 0.10350228101, 0.140120029449], "dvar2": [0.341063022614, 0.212232351303, 0.169587805867, 0.182931780815, 0.165782406926, 0.199575304985], "max": [-5.2793841362, -4.83587789536, -4.71184301376, -5.41173171997, -6.22633838654, -8.55250453949], "mean": [-7.94768190384, -7.22139024734, -8.1068572998, -8.67070484161, -8.65384197235, -11.7360773087], "median": [-7.53300046921, -6.80105876923, -7.68776416779, -8.27203369141, -8.25852012634, -11.5929431915], "min": [-28.3875751495, -28.1852111816, -27.6805229187, -27.6625480652, -27.5292472839, -27.3981437683], "var": [7.62906074524, 8.02208995819, 7.38584899902, 7.03185844421, 7.06731748581, 5.10940742493]}, "spectral_decrease": {"dmean": 1.78539949491e-09, "dmean2": 2.39585573603e-09, "dvar": 6.15421713995e-18, "dvar2": 1.04374046739e-17, "max": 1.87316247318e-28, "mean": -6.0391300849e-09, "median": -4.34125002613e-09, "min": -3.85698868399e-08, "var": 3.14018009907e-17}, "spectral_energy": {"dmean": 0.0070041785948, "dmean2": 0.00938939582556, "dvar": 9.3985327112e-05, "dvar2": 0.000158912211191, "max": 0.150551348925, "mean": 0.0239705815911, "median": 0.0173525940627, "min": 9.79086273597e-21, "var": 0.000488245859742}, "spectral_energyband_high": {"dmean": 9.53270500759e-05, "dmean2": 0.0001302681776, "dvar": 4.50643824479e-08, "dvar2": 9.02588723761e-08, "max": 0.00521054025739, "mean": 0.000181899682502, "median": 6.53136667097e-05, "min": 6.99635016652e-21, "var": 1.29097770696e-07}, "spectral_energyband_low": {"dmean": 0.00297380355187, "dmean2": 0.00397577462718, "dvar": 3.8462178054e-05, "dvar2": 6.23045270913e-05, "max": 0.105120323598, "mean": 0.00660886149853, "median": 0.00200077751651, "min": 1.40066844892e-23, "var": 0.000152091059135}, "spectral_energyband_middle_high": {"dmean": 0.00135341589339, "dmean2": 0.00185338023584, "dvar": 7.77313289291e-06, "dvar2": 1.35385325848e-05, "max": 0.0846706107259, "mean": 0.00398845318705, "median": 0.00159512390383, "min": 1.11372599338e-21, "var": 4.5495624363e-05}, "spectral_energyband_middle_low": {"dmean": 0.00478389021009, "dmean2": 0.00701356260106, "dvar": 5.28001364728e-05, "dvar2": 0.000107875508547, "max": 0.113088063896, "mean": 0.0137883070856, "median": 0.00852317642421, "min": 1.50313848284e-22, "var": 0.000196076143766}, "spectral_entropy": {"dmean": 0.180817782879, "dmean2": 0.250100374222, "dvar": 0.0320488400757, "dvar2": 0.0583430677652, "max": 9.82373523712, "mean": 7.12657880783, "median": 7.0740146637, "min": 5.75712394714, "var": 0.299841165543}, "spectral_flux": {"dmean": 0.022744320333, "dmean2": 0.0355301871896, "dvar": 0.000695899303537, "dvar2": 0.0015918193385, "max": 0.344219386578, "mean": 0.0648816600442, "median": 0.055069938302, "min": 6.42905173542e-11, "var": 0.00194392015692}, "spectral_kurtosis": {"dmean": 2.74183177948, "dmean2": 4.55636072159, "dvar": 8.91362285614, "dvar2": 23.0752658844, "max": 51.1170310974, "mean": 7.38989067078, "median": 6.32755374908, "min": -1.26307070255, "var": 23.6725158691}, "spectral_rms": {"dmean": 0.000677286181599, "dmean2": 0.000898482743651, "dvar": 6.47296758416e-07, "dvar2": 1.02781143596e-06, "max": 0.0121193798259, "mean": 0.00430764444172, "median": 0.00411453051493, "min": 3.09064080752e-12, "var": 4.83008079755e-06}, "spectral_rolloff": {"dmean": 267.695251465, "dmean2": 444.969329834, "dvar": 317261.90625, "dvar2": 650344.625, "max": 19681.3476562, "mean": 1250.46276855, "median": 624.462890625, "min": 21.533203125, "var": 6246784.5}, "spectral_skewness": {"dmean": 0.297485679388, "dmean2": 0.47123375535, "dvar": 0.0835183560848, "dvar2": 0.191815242171, "max": 5.4050579071, "mean": 1.80053424835, "median": 1.73964893818, "min": -0.0734120383859, "var": 0.380445510149}, "spectral_spread": {"dmean": 418403.40625, "dmean2": 587445.875, "dvar": 365281017856, "dvar2": 631845486592, "max": 431764