{"lowlevel": {"average_loudness": 0.858049809933, "barkbands": {"dmean": [0.000220402114792, 0.00708477851003, 0.00247933715582, 0.000988457002677, 0.00230820570141, 0.000744202523492, 0.000779570022132, 0.000684766913764, 0.000732118322048, 0.000794394407421, 0.000439399038441, 0.000658812758047, 0.00044434866868, 0.000416870141635, 0.000393446156522, 0.000140540360007, 0.000154234279762, 8.86175766937e-05, 5.91216121393e-05, 5.66857634112e-05, 4.48964747193e-05, 5.58396786801e-05, 6.46533080726e-05, 5.53972822672e-05, 3.39484031429e-05, 2.34030121646e-05, 1.74088054337e-05], "dmean2": [0.000268822768703, 0.0116146430373, 0.00416669296101, 0.00160899641924, 0.00368454912677, 0.00116753776092, 0.00117184268311, 0.00104353006463, 0.00109573733062, 0.00123929418623, 0.000701641431078, 0.00105379614979, 0.000723585952073, 0.000672851805575, 0.000633797841147, 0.000223196460865, 0.000247340125497, 0.000142628297908, 9.14808260859e-05, 8.83368629729e-05, 6.73575486871e-05, 8.69915820658e-05, 0.000102000019979, 8.65179754328e-05, 5.30411452928e-05, 3.71640526282e-05, 2.94507972285e-05], "dvar": [2.65617586592e-07, 0.000334657990607, 1.73429634742e-05, 2.93263269668e-06, 1.40928850669e-05, 1.96863334168e-06, 2.90421894533e-06, 2.48586729867e-06, 2.55550003203e-06, 4.11473138229e-06, 1.55039549554e-06, 3.83682709071e-06, 1.16969010833e-06, 1.25809287965e-06, 1.24432710891e-06, 1.95648496515e-07, 8.99211229921e-08, 3.64380454698e-08, 3.67661812106e-08, 2.63923478627e-08, 1.56593937817e-08, 3.11113552698e-08, 3.38571553016e-08, 1.82370989421e-08, 5.76459546764e-09, 4.0887906394e-09, 1.7176086109e-09], "dvar2": [3.87455514783e-07, 0.000845867267344, 4.85482669319e-05, 7.89256409917e-06, 3.63615399692e-05, 4.56680345451e-06, 6.04852311881e-06, 5.32373996975e-06, 5.57578050575e-06, 1.03578522612e-05, 3.93138316213e-06, 9.89671207208e-06, 3.10744371745e-06, 3.33832963406e-06, 3.20632670991e-06, 5.30771785634e-07, 2.30713339988e-07, 9.30083885464e-08, 7.61256799819e-08, 5.88308495253e-08, 3.30084546363e-08, 6.85640131337e-08, 7.71838486457e-08, 4.01598256872e-08, 1.29163355567e-08, 9.30021304413e-09, 4.42294734171e-09], "max": [0.00465478375554, 0.168435782194, 0.0810331553221, 0.028496094048, 0.121525883675, 0.0448629073799, 0.0447642430663, 0.0476379692554, 0.0346199423075, 0.0528974868357, 0.0408301092684, 0.0599912293255, 0.0311563201249, 0.0415507555008, 0.0325532704592, 0.026733437553, 0.0108115412295, 0.0074911955744, 0.0106663974002, 0.00750075187534, 0.00364339025691, 0.00585124501958, 0.0034703600686, 0.00453612953424, 0.00198519486003, 0.00353747024201, 0.000983630539849], "mean": [0.000265444919933, 0.00774404266849, 0.00458831526339, 0.00188176485244, 0.00511439796537, 0.0015535914572, 0.00172265723813, 0.00137807091232, 0.00156459282152, 0.00146298308391, 0.00072780449409, 0.00107241026126, 0.00073473143857, 0.000752562016714, 0.000686123152263, 0.000254593702266, 0.000296773447189, 0.000166873724083, 0.000104415943497, 9.28806548472e-05, 6.19729034952e-05, 6.48933128105e-05, 6.66873893351e-05, 5.56540944672e-05, 3.30114344251e-05, 2.00810209208e-05, 1.23401168821e-05], "median": [7.58258101996e-06, 0.00242606690153, 0.00297875562683, 0.0011980033014, 0.00309889367782, 0.000702019839082, 0.000478156725876, 0.000432113010902, 0.000354929914465, 0.000201653863769, 0.000134280126076, 0.000210438753129, 0.000209339967114, 0.000158040798851, 0.000129712396301, 7.69216494518e-05, 0.000132001456222, 7.15764181223e-05, 3.64718725905e-05, 2.61977747869e-05, 1.56538153533e-05, 1.04985538201e-05, 8.5933615992e-06, 5.53287827643e-06, 2.61962054537e-06, 8.11084134966e-07, 1.05818330098e-07], "min": [7.78291463316e-26, 2.47401886564e-24, 2.10316332396e-24, 1.27557013716e-24, 7.48762316548e-24, 3.30341499404e-24, 4.4439978169e-24, 9.84076842448e-24, 1.37278190038e-23, 1.82075455144e-23, 2.08797534551e-23, 2.39753351551e-23, 2.45740395614e-23, 3.29585707548e-23, 3.05584456735e-23, 5.55455391157e-23, 5.74115359444e-23, 9.31856396224e-23, 1.25808736233e-22, 1.85563826466e-22, 2.47079111502e-22, 2.73428782298e-22, 3.7421799344e-22, 5.94884880632e-22, 8.45663232287e-22, 1.27470026813e-21, 1.77188004297e-21], "var": [4.87421743856e-07, 0.000301616091747, 2.75066704489e-05, 4.75025444757e-06, 3.81491881853e-05, 5.92637570662e-06, 1.22924111565e-05, 8.72009240993e-06, 8.97045265447e-06, 1.09614820758e-05, 3.55984752787e-06, 8.08436925581e-06, 2.41357929553e-06, 3.34960350301e-06, 3.02507964989e-06, 4.15759558337e-07, 2.71148650199e-07, 8.03365267643e-08, 7.91654812815e-08, 5.34825090881e-08, 2.86341776956e-08, 5.31082662292e-08, 4.78500403744e-08, 2.76786202846e-08, 7.95536436726e-09, 5.16256593031e-09, 1.30318567049e-09]}, "barkbands_crest": {"dmean": 2.52008223534, "dmean2": 4.10551643372, "dvar": 7.24663639069, "dvar2": 18.41771698, "max": 25.9504356384, "mean": 9.5996389389, "median": 8.76806735992, "min": 2.4806330204, "var": 14.7445650101}, "barkbands_flatness_db": {"dmean": 0.0247151292861, "dmean2": 0.0348580256104, "dvar": 0.000674649840221, "dvar2": 0.00124596047681, "max": 0.352562218904, "mean": 0.16645860672, "median": 0.166092157364, "min": 0.0194523092359, "var": 0.00303616304882}, "barkbands_kurtosis": {"dmean": 3.78648948669, "dmean2": 6.12415552139, "dvar": 59.4334983826, "dvar2": 153.47883606, "max": 142.318969727, "mean": 6.32993793488, "median": 2.52702665329, "min": -1.89429187775, "var": 104.497245789}, "barkbands_skewness": {"dmean": 0.578394174576, "dmean2": 0.888710916042, "dvar": 0.537474215031, "dvar2": 1.24708807468, "max": 10.5342226028, "mean": 1.7084748745, "median": 1.50537919998, "min": -2.71559166908, "var": 2.04897356033}, "barkbands_spread": {"dmean": 4.22934770584, "dmean2": 6.48314857483, "dvar": 37.7225036621, "dvar2": 78.6111221313, "max": 92.2186050415, "mean": 15.1108665466, "median": 12.7721986771, "min": 1.23741424084, "var": 107.34853363}, "dissonance": {"dmean": 0.0209260303527, "dmean2": 0.0346799306571, "dvar": 0.000413925008615, "dvar2": 0.0010972591117, "max": 0.500000178814, "mean": 0.451535433531, "median": 0.460355699062, "min": 0.240077614784, "var": 0.00127687817439}, "dynamic_complexity": 3.31270647049, "erbbands": {"dmean": [0.177735939622, 1.73574233055, 3.18509078026, 2.65539050102, 6.92373847961, 7.7252702713, 5.7145280838, 6.24536180496, 9.44810009003, 15.3097019196, 13.32305336, 16.3738613129, 24.5243930817, 20.0717067719, 17.5017471313, 29.0406665802, 16.5385551453, 23.5499401093, 21.1884651184, 13.6009740829, 7.30603694916, 6.95324659348, 5.3593621254, 2.83077025414, 3.15473222733, 2.76123356819, 1.92697608471, 1.75014615059, 1.88158869743, 2.06091833115, 1.86899805069, 1.37595760822, 0.808415174484, 0.411116421223, 0.223111048341, 0.101986244321, 0.0470157526433, 0.0164283383638, 0.00281735765748, 0.000145171215991], "dmean2": [0.260430127382, 2.96238565445, 5.37001228333, 4.29125881195, 10.9077033997, 12.4683551788, 9.0493555069, 9.81004810333, 14.1168689728, 23.2724437714, 19.8143444061, 23.6193771362, 38.0895347595, 31.0722751617, 27.744020462, 46.2348899841, 26.7136440277, 37.8281860352, 34.150844574, 22.0033683777, 11.417886734, 11.0210962296, 8.55060005188, 4.35108470917, 4.84649896622, 4.31318569183, 2.92884683609, 2.62861013412, 2.9274559021, 3.20493125916, 2.96163654327, 2.15071439743, 1.27936565876, 0.646189391613, 0.348160117865, 0.16033962369, 0.0755225270987, 0.0276205427945, 0.00475554913282, 0.000242970709223], "dvar": [0.210887908936, 20.2398700714, 31.146490097, 21.062713623, 133.342697144, 219.182159424, 95.4861297607, 168.348007202, 398.0546875, 1294.8795166, 898.809265137, 1370.33288574, 4427.58740234, 3007.71264648, 2094.31469727, 8112.29199219, 1500.46508789, 3473.3503418, 3802.16723633, 1605.6463623, 411.573730469, 169.810882568, 109.276756287, 52.06640625, 104.836174011, 62.7572860718, 24.3212757111, 32.2633171082, 36.06823349, 40.7457466125, 28.3467903137, 12.5638818741, 3.79335999489, 0.892779409885, 0.267922699451, 0.0685145780444, 0.018220840022, 0.00202474370599, 4.36371883552e-05, 1.04656550093e-07], "dvar2": [0.483204782009, 53.3303184509, 84.9163284302, 54.7891387939, 343.98727417, 549.282226562, 228.097702026, 376.73046875, 807.006774902, 2765.0234375, 1865.8671875, 2742.60253906, 11316.0253906, 7293.19384766, 5387.40185547, 20848.046875, 4021.42431641, 8882.76953125, 10003.2666016, 4048.92285156, 1059.42089844, 419.730499268, 273.637023926, 106.088088989, 219.619674683, 142.322219849, 53.0857315063, 68.3244857788, 79.9921340942, 87.303352356, 66.4022216797, 28.2598304749, 8.778424263, 2.01497077942, 0.606196224689, 0.148241192102, 0.0429620854557, 0.00535612925887, 0.000111485540401, 2.64788496906e-07], "max": [4.01890182495, 40.3168830872, 90.5936126709, 73.3946075439, 239.18913269, 521.666625977, 291.894897461, 519.629577637, 567.965454102, 929.653442383, 1087.3614502, 961.282897949, 1607.6595459, 2082.26196289, 1756.20690918, 2137.55224609, 1167.72216797, 1579.99365234, 1875.95654297, 1679.41467285, 938.107055664, 357.153900146, 368.513092041, 381.337036133, 622.565612793, 289.762451172, 160.950088501, 185.554046631, 160.356613159, 199.267562866, 129.330169678, 140.667922974, 71.3227005005, 31.4638500214, 14.0238685608, 12.4610157013, 7.86981201172, 1.57341492176, 0.144222721457, 0.00715342443436], "mean": [0.191900283098, 1.83289277554, 5.4238820076, 6.00034236908, 14.1169166565, 16.0108833313, 11.7463378906, 12.8211927414, 20.5752487183, 32.3663482666, 29.7744007111, 36.42237854, 45.1071281433, 38.8411750793, 32.1861763, 48.7569313049, 31.0707912445, 46.2889823914, 37.7025604248, 24.6065711975, 15.3662433624, 14.3787908554, 11.1344976425, 5.74677658081, 5.68349599838, 4.47031736374, 2.74258971214, 2.33162355423, 2.24459314346, 2.24737095833, 1.87808549404, 1.36939895153, 0.801931381226, 0.406046569347, 0.2153570503, 0.0953779965639, 0.0377803295851, 0.0118995746598, 0.00202184193768, 0.000131758279167], "median": [0.0297514274716, 0.680508553982, 3.46058440208, 3.86048650742, 7.99100923538, 8.17011547089, 6.53036594391, 5.37565517426, 6.68812704086, 9.56030845642, 10.5039625168, 9.51206016541, 8.0135383606, 6.17087030411, 8.4009771347, 10.4632587433, 10.1596460342, 10.0074720383, 6.97528123856, 6.22267627716, 5.299451828, 6.488945961, 5.00641965866, 2.77380776405, 1.74066925049, 1.310536623, 0.816027641296, 0.501751840115, 0.392108649015, 0.326413750648, 0.220561861992, 0.141948983073, 0.0718192234635, 0.0350368134677, 0.0161503516138, 0.00559424841776, 0.00110704288818, 0.00017918960657, 3.67675420421e-05, 3.62444152415e-05], "min": [9.27095273562e-23, 3.5911291007e-22, 2.00150849102e-21, 5.59439696611e-21, 2.02389010816e-20, 1.92808756826e-20, 1.96972011779e-20, 2.91635255782e-20, 7.92663205696e-20, 1.57893295149e-19, 2.95433397736e-19, 3.66992249691e-19, 4.24042146906e-19, 7.63132069422e-19, 8.92300509674e-19, 1.17635515921e-18, 1.68214849663e-18, 2.05312369852e-18, 2.80424877606e-18, 2.61757375734e-18, 4.07206994848e-18, 5.32407811594e-18, 4.22894599243e-18, 6.72877720702e-18, 6.47480959791e-18, 8.67565803446e-18, 7.30646815271e-18, 8.25339060355e-18, 1.01915955471e-17, 1.06106932219e-17, 9.81249122778e-18, 9.80066502656e-18, 1.03038034244e-17, 8.40539662164e-18, 6.43122627861e-18, 3.99632584697e-18, 2.27741041289e-18, 9.6441649362e-19, 2.50597701145e-19, 2.42838320484e-20], "var": [0.243717238307, 15.9186124802, 40.9146270752, 43.3269958496, 295.578887939, 607.66796875, 262.093414307, 507.340087891, 1598.91772461, 5212.77392578, 3449.7980957, 5193.06152344, 9909.92089844, 8789.36816406, 5438.56005859, 17084.0117188, 3515.99511719, 10122.7167969, 9076.77148438, 3734.64624023, 1147.24584961, 582.040100098, 304.367645264, 113.884063721, 242.496795654, 119.272445679, 42.4307518005, 58.0597953796, 61.884098053, 65.8113708496, 37.79139328, 17.2349281311, 5.60247516632, 1.24451625347, 0.37125313282, 0.108827799559, 0.0187286306173, 0.00146770640276, 3.37418241543e-05, 8.4313811044e-08]}, "erbbands_crest": {"dmean": 2.34946203232, "dmean2": 3.67741203308, "dvar": 5.08559465408, "dvar2": 12.1337528229, "max": 29.1914157867, "mean": 9.41176605225, "median": 8.69442367554, "min": 2.34477114677, "var": 16.2838363647}, "erbbands_flatness_db": {"dmean": 0.0254322476685, "dmean2": 0.0305714849383, "dvar": 0.000613176845945, "dvar2": 0.0009515901329, "max": 0.353036731482, "mean": 0.174895182252, "median": 0.177592292428, "min": 0.03677720204, "var": 0.00297289807349}, "erbbands_kurtosis": {"dmean": 0.852511227131, "dmean2": 1.34370243549, "dvar": 1.21614730358, "dvar2": 2.87831187248, "max": 19.9337882996, "mean": 0.76928794384, "median": 0.142997741699, "min": -1.80096673965, "var": 4.09048604965}, "erbbands_skewness": {"dmean": 0.3297136724, "dmean2": 0.501023232937, "dvar": 0.101548828185, "dvar2": 0.215358644724, "max": 3.68002486229, "mean": 0.331999450922, "median": 0.332674503326, "min": -3.49453234673, "var": 0.573057889938}, "erbbands_spread": {"dmean": 7.59245204926, "dmean2": 11.4835004807, "dvar": 103.535545349, "dvar2": 232.19569397, "max": 135.169219971, "mean": 32.7065315247, "median": 30.3926906586, "min": 3.58183145523, "var": 333.805999756}, "gfcc": {"cov": [[12664.6367188, -828.66809082, -589.690490723, -156.384658813, -264.430664062, 488.777252197, -198.288970947, 210.797897339, -196.950927734, 193.761428833, -167.34185791, 86.3735656738, -141.837875366], [-828.66809082, 1754.36657715, -535.007995605, -11.7433166504, 79.3682937622, -171.952041626, 113.613418579, -87.0525665283, 122.305915833, -202.055664062, 90.4292602539, -163.836334229, 76.9136581421], [-589.690490723, -535.007995605, 1089.18676758, 140.567932129, 91.042388916, 42.2347755432, 14.6355638504, 63.5135269165, 26.1292858124, 80.8891677856, -19.6368618011, 99.8352050781, -47.5607757568], [-156.384658813, -11.7433166504, 140.567932129, 459.537750244, 55.9001121521, -45.2675056458, -61.4845619202, -30.211435318, 13.3672409058, -15.427482605, 14.2286787033, -4.91127252579, 10.6166095734], [-264.430664062, 79.3682937622, 91.042388916, 55.9001121521, 286.419616699, 42.4415512085, 30.9769363403, -5.10130643845, 26.1945648193, 13.3699541092, -4.80256986618, 4.45558643341, 15.7592754364], [488.777252197, -171.952041626, 42.2347755432, -45.2675056458, 42.4415512085, 196.467666626, 70.5465011597, 27.907377243, -24.4260940552, 35.4878578186, -13.8973302841, 6.5397772789, -9.97733402252], [-198.288970947, 113.613418579, 14.6355638504, -61.4845619202, 30.9769363403, 70.5465011597, 177.737350464, 34.1440429688, 12.5090589523, -30.4154396057, 1.91806292534, -16.1012401581, 5.69503307343], [210.797897339, -87.0525665283, 63.5135269165, -30.211435318, -5.10130643845, 27.907377243, 34.1440429688, 106.828964233, 19.180103302, 15.0322151184, -19.2574710846, 11.5706481934, -4.29393720627], [-196.950927734, 122.305915833, 26.1292858124, 13.3672409058, 26.1945648193, -24.4260940552, 12.5090589523, 19.180103302, 101.805999756, 10.090628624, 9.69912147522, -22.8522701263, 6.83691596985], [193.761428833, -202.055664062, 80.8891677856, -15.427482605, 13.3699541092, 35.4878578186, -30.4154396057, 15.0322151184, 10.090628624, 108.276977539, 12.2885437012, 24.9536247253, -17.7570056915], [-167.34185791, 90.4292602539, -19.6368618011, 14.2286787033, -4.80256986618, -13.8973302841, 1.91806292534, -19.2574710846, 9.69912147522, 12.2885437012, 72.1980514526, 14.5510950089, 3.68716835976], [86.3735656738, -163.836334229, 99.8352050781, -4.91127252579, 4.45558643341, 6.5397772789, -16.1012401581, 11.5706481934, -22.8522701263, 24.9536247253, 14.5510950089, 82.9832992554, 6.70610904694], [-141.837875366, 76.9136581421, -47.5607757568, 10.6166095734, 15.7592754364, -9.97733402252, 5.69503307343, -4.29393720627, 6.83691596985, -17.7570056915, 3.68716835976, 6.70610904694, 56.3207817078]], "icov": [[0.000116702329251, -5.42178058822e-05, 0.000110130029498, -5.33263846592e-05, 0.000116721108498, -0.000383961130865, 0.000251234829193, -0.000227002063184, 5.69937146793e-05, -0.000110007735202, 0.000299208244542, -0.000287763396045, 0.000300679705106], [-5.42178058822e-05, 0.00143671035767, 0.000277145765722, 0.000251685851254, -0.000673629925586, 0.000985692604445, -0.000639042817056, 0.000374274764908, -0.00100056454539, 0.00188745942432, -0.002177644521, 0.00196258421056, -0.000830282224342], [0.000110130029498, 0.000277145765722, 0.00152617215645, -0.000542434921954, -0.000251501827734, -0.000101125100628, -0.000433256413089, -0.000301824184135, -0.000872194417752, -0.000226487245527, 0.000781781855039, -0.00189235119615, 0.00157178437803], [-5.33263846592e-05, 0.000251685851254, -0.000542434921954, 0.00274936901405, -0.000692553177942, 0.000357314187568, 0.00110430421773, 0.000311954558128, -0.000154406297952, 0.00129337282851, -0.00149637542199, 0.00145392352715, -0.000933765957598], [0.000116721108498, -0.000673629925586, -0.000251501827734, -0.000692553177942, 0.00453271204606, -0.00163983763196, -0.000291377073154, 0.000798324064817, -0.000844395894092, -0.00149799289647, 0.00210735667497, -0.00157034839503, -0.000657206925098], [-0.000383961130865, 0.000985692604445, -0.000101125100628, 0.000357314187568, -0.00163983763196, 0.00965089350939, -0.00485233590007, 0.000210867015994, 0.00228661112487, -0.0025982237421, -0.000589523464441, 0.00245166337118, -0.00114063580986], [0.000251234829193, -0.000639042817056, -0.000433256413089, 0.00110430421773, -0.000291377073154, -0.00485233590007, 0.0101338168606, -0.00330303306691, -0.000507531221956, 0.00384499062784, -0.00183247157838, 0.000900422339328, 0.000163396325661], [-0.000227002063184, 0.000374274764908, -0.000301824184135, 0.000311954558128, 0.000798324064817, 0.000210867015994, -0.00330303306691, 0.0132451318204, -0.00395022844896, -0.00101869762875, 0.00381260039285, -0.00263915536925, -1.57059257617e-05], [5.69937146793e-05, -0.00100056454539, -0.000872194417752, -0.000154406297952, -0.000844395894092, 0.00228661112487, -0.000507531221956, -0.00395022844896, 0.0148905385286, -0.00439875898883, -0.00165698421188, 0.00524008320644, -0.00251589971595], [-0.000110007735202, 0.00188745942432, -0.000226487245527, 0.00129337282851, -0.00149799289647, -0.0025982237421, 0.00384499062784, -0.00101869762875, -0.00439875898883, 0.0171397831291, -0.00634720688686, -9.66374500422e-05, 0.00256763119251], [0.000299208244542, -0.002177644521, 0.000781781855039, -0.00149637542199, 0.00210735667497, -0.000589523464441, -0.00183247157838, 0.00381260039285, -0.00165698421188, -0.00634720688686, 0.0219046603888, -0.00916902069002, 0.0023092108313], [-0.000287763396045, 0.00196258421056, -0.00189235119615, 0.00145392352715, -0.00157034839503, 0.00245166337118, 0.000900422339328, -0.00263915536925, 0.00524008320644, -9.66374500422e-05, -0.00916902069002, 0.0227045807987, -0.00746523868293], [0.000300679705106, -0.000830282224342, 0.00157178437803, -0.000933765957598, -0.000657206925098, -0.00114063580986, 0.000163396325661, -1.57059257617e-05, -0.00251589971595, 0.00256763119251, 0.0023092108313, -0.00746523868293, 0.0229666177183]], "mean": [-27.4708118439, 125.206314087, -112.075088501, 24.7368144989, -45.2584571838, 10.5167427063, -34.4559211731, 1.25749564171, -18.8187961578, -6.69036769867, -12.7587566376, -7.1195473671, -12.9537706375]}, "hfc": {"dmean": 5.87169551849, "dmean2": 8.94315433502, "dvar": 81.4108581543, "dvar2": 190.621459961, "max": 128.128234863, "mean": 17.2655296326, "median": 11.3490095139, "min": 1.06963711009e-16, "var": 292.699249268}, "melbands": {"dmean": [0.00178608822171, 0.00187435711268, 0.000541167857591, 0.000559365202207, 0.000222800983465, 0.000141189972055, 0.000149780593347, 0.000164025259437, 0.000110469656647, 0.000105001046904, 0.000123291785712, 8.51051008794e-05, 6.18625344941e-05, 8.0715828517e-05, 5.00942078361e-05, 4.01206270908e-05, 4.65199518658e-05, 3.55000374839e-05, 2.28322278417e-05, 1.33948806251e-05, 8.89273269422e-06, 7.06186665411e-06, 8.57684517541e-06, 4.6676373131e-06, 2.20491347136e-06, 2.55825966633e-06, 2.20942592932e-06, 1.84058285413e-06, 1.33296487093e-06, 1.01672230812e-06, 1.03997399492e-06, 1.06715992843e-06, 1.16247838378e-06, 1.14049919375e-06, 1.13583246275e-06, 9.15306770821e-07, 8.58100236201e-07, 5.6880764987e-07, 5.16502723258e-07, 2.8719864531e-07], "dmean2": [0.00283175660297, 0.00315574533306, 0.000864635803737, 0.000895292381756, 0.00035377003951, 0.000221335663809, 0.000223957540584, 0.000249101256486, 0.000162317970535, 0.000153635439347, 0.00019162769604, 0.000131728258566, 9.84332509688e-05, 0.000129625244881, 7.97230095486e-05, 6.44841275061e-05, 7.46884688851e-05, 5.72683929931e-05, 3.69793306163e-05, 2.14641513594e-05, 1.39442863656e-05, 1.11879680844e-05, 1.40003676279e-05, 7.50891877033e-06, 3.45320677297e-06, 3.98135671276e-06, 3.42242196893e-06, 2.93586663247e-06, 2.07470793612e-06, 1.55715724759e-06, 1.59331455052e-06, 1.66733923379e-06, 1.84931639069e-06, 1.78914922344e-06, 1.81114000952e-06, 1.46371542087e-06, 1.3444898741e-06, 9.04754756448e-07, 8.30164765375e-07, 4.53410734735e-07], "dvar": [2.21183108806e-05, 1.45594249261e-05, 7.31191789782e-07, 8.82298536453e-07, 1.44670522673e-07, 8.04008024602e-08, 9.73933325099e-08, 1.42655721902e-07, 5.73433709405e-08, 5.32779083073e-08, 1.09566521189e-07, 5.68523539357e-08, 3.07570111602e-08, 5.77406069624e-08, 1.65744022951e-08, 9.88099468913e-09, 1.38073570355e-08, 1.11297442373e-08, 3.87023568749e-09, 1.8100396737e-09, 5.88924131684e-10, 2.04718686447e-10, 2.9931498946e-10, 7.79975181664e-11, 3.86138863939e-11, 7.72738956156e-11, 4.78379315327e-11, 2.93213127389e-11, 1.11358309726e-11, 9.11284242511e-12, 1.30308324894e-11, 1.26168398645e-11, 1.45200622359e-11, 1.37621572124e-11, 1.165189039e-11, 6.32249417751e-12, 5.35771383856e-12, 2.45886145646e-12, 1.30099490209e-12, 5.38268214723e-13], "dvar2": [5.43882415514e-05, 3.81047357223e-05, 1.91331878341e-06, 2.30821774494e-06, 3.48634472402e-07, 1.82493650414e-07, 1.98565075493e-07, 3.07941036226e-07, 1.18065777599e-07, 1.11573484673e-07, 2.79969697203e-07, 1.38511097703e-07, 7.8901628342e-08, 1.50339957372e-07, 4.26265067688e-08, 2.58824144339e-08, 3.55997897827e-08, 2.96956184087e-08, 9.72117142339e-09, 4.86900697538e-09, 1.4664914838e-09, 4.93918073108e-10, 7.97229005034e-10, 1.97818442182e-10, 8.08945688213e-11, 1.70205433081e-10, 1.05618520874e-10, 6.99708832541e-11, 2.56586505515e-11, 1.95790241658e-11, 2.83657229649e-11, 2.85516766479e-11, 3.34746917685e-11, 2.97615126987e-11, 2.76025764745e-11, 1.52509584822e-11, 1.19810515675e-11, 5.98173290414e-12, 3.0963922832e-12, 1.20765366023e-12], "max": [0.0424482263625, 0.0433968007565, 0.0126061048359, 0.0308970622718, 0.0138646662235, 0.0102811139077, 0.00842172279954, 0.00836473423988, 0.00849749334157, 0.00567287812009, 0.00778348371387, 0.00903009809554, 0.00534544233233, 0.00759702641517, 0.00323766213842, 0.00310100079514, 0.00365927233361, 0.00274105579592, 0.00194908306003, 0.00249735824764, 0.00104564626236, 0.000446521939011, 0.000689682608936, 0.000165539808222, 0.000333464558935, 0.000558394065592, 0.00038713705726, 0.000163312026416, 0.000136264410685, 8.98373909877e-05, 0.000124652200611, 0.000112094989163, 0.000128771309392, 0.000104468883364, 9.03054969967e-05, 6.20954233455e-05, 0.000108752348751, 7.39108218113e-05, 2.40210465563e-05, 2.9052980608e-05], "mean": [0.00192141463049, 0.00278084143065, 0.00126601674128, 0.00117675808724, 0.000464355136501, 0.000289990508463, 0.000331312679918, 0.000341119768564, 0.000245662260568, 0.000224688687013, 0.000222189191845, 0.000157995396876, 0.000106913241325, 0.000128440908156, 8.54297031765e-05, 7.18795417924e-05, 8.62421657075e-05, 5.96606005274e-05, 3.92037327401e-05, 2.41031229962e-05, 1.70968723978e-05, 1.4246511455e-05, 1.47275204654e-05, 8.27067560749e-06, 3.95109191231e-06, 4.25022653872e-06, 3.79704169973e-06, 2.71541034635e-06, 1.80857557552e-06, 1.39951498568e-06, 1.30735361381e-06, 1.25921860672e-06, 1.26888596697e-06, 1.22139442738e-06, 1.12532859475e-06, 8.8615547611e-07, 8.3524787442e-07, 5.61281979117e-07, 4.83450776301e-07, 2.89604798809e-07], "median": [0.000489013385959, 0.00164152996149, 0.000993382185698, 0.00068074290175, 0.000263880909188, 0.000121764103824, 0.000105675513623, 0.000106570943899, 7.59442991694e-05, 5.40156361239e-05, 3.45209446095e-05, 2.14536939893e-05, 2.36380437855e-05, 2.66052156803e-05, 2.37087751884e-05, 1.88431477e-05, 1.76350495167e-05, 9.88837473415e-06, 8.31266788737e-06, 6.73836211718e-06, 5.78444041821e-06, 6.08072923569e-06, 5.79630295761e-06, 3.76157959181e-06, 1.84334294318e-06, 1.30902049023e-06, 9.95327695819e-07, 7.85158192684e-07, 5.44126578461e-07, 3.47438941617e-07, 2.42171125819e-07, 2.21494815378e-07, 1.90609171113e-07, 1.71365769575e-07, 1.30820723143e-07, 9.65925863738e-08, 7.94560222062e-08, 4.92271610142e-08, 3.79603584122e-08, 2.46206308674e-08], "min": [9.81868347458e-25, 1.16203550074e-24, 1.48501606015e-24, 1.38554424988e-24, 5.77599665372e-25, 7.754809368e-25, 1.0264221267e-24, 1.71911290036e-24, 1.88571598481e-24, 2.47469334171e-24, 1.7206379657e-24, 2.64574717939e-24, 2.58848376628e-24, 1.68641698242e-24, 3.65548322161e-24, 3.46491138742e-24, 3.30513688018e-24, 3.95004427805e-24, 2.8328182461e-24, 3.44573299552e-24, 4.41714183624e-24, 3.82786471219e-24, 4.26757341418e-24, 3.91628497561e-24, 3.66489275449e-24, 4.46422618266e-24, 4.32028391657e-24, 4.61810888501e-24, 3.48407991856e-24, 4.74733061217e-24, 4.04215483279e-24, 5.65836161692e-24, 4.99972468664e-24, 5.21017068805e-24, 4.07562422884e-24, 6.04285518314e-24, 5.96118480805e-24, 6.14775198986e-24, 5.52838731646e-24, 6.62122748846e-24], "var": [2.1596739316e-05, 1.47020873555e-05, 1.44592672768e-06, 2.21593018068e-06, 4.17413360765e-07, 2.46201409482e-07, 4.06681152754e-07, 5.60867420063e-07, 2.24106074143e-07, 1.86771586641e-07, 2.47618430649e-07, 1.63013368137e-07, 7.38868806138e-08, 1.15735531381e-07, 3.66670960261e-08, 2.31540226991e-08, 3.84000813369e-08, 2.53779788295e-08, 8.85201867362e-09, 3.78629927411e-09, 1.61984736735e-09, 6.97904678493e-10, 6.896123117e-10, 1.58436208597e-10, 7.22704604494e-11, 1.53590182239e-10, 1.08934090914e-10, 4.65587429721e-11, 1.74011950682e-11, 1.56306443483e-11, 2.21935265304e-11, 2.08822716063e-11, 2.16743671622e-11, 2.12357405965e-11, 1.5267634379e-11, 7.45336084518e-12, 7.37736607914e-12, 3.55247819009e-12, 1.53313256188e-12, 7.80033427173e-13]}, "melbands_crest": {"dmean": 3.03501844406, "dmean2": 4.86561584473, "dvar": 7.45365715027, "dvar2": 18.5878486633, "max": 37.6946601868, "mean": 13.8116645813, "median": 13.2683467865, "min": 1.69130337238, "var": 22.3790168762}, "melbands_flatness_db": {"dmean": 0.0278997365385, "dmean2": 0.0412516370416, "dvar": 0.000983729958534, "dvar2": 0.00188070687, "max": 0.451717436314, "mean": 0.245163559914, "median": 0.247408092022, "min": 0.00276844599284, "var": 0.00495339930058}, "melbands_kurtosis": {"dmean": 9.02756500244, "dmean2": 14.6763858795, "dvar": 432.112426758, "dvar2": 1126.11206055, "max": 377.831512451, "mean": 16.4055805206, "median": 7.3635225296, "min": -1.86074984074, "var": 651.662780762}, "melbands_skewness": {"dmean": 0.769012928009, "dmean2": 1.19158816338, "dvar": 1.03011608124, "dvar2": 2.44077730179, "max": 14.8375453949, "mean": 2.68610453606, "median": 2.34991526604, "min": -0.995267391205, "var": 3.62612843513}, "melbands_spread": {"dmean": 4.85455513, "dmean2": 7.45409679413, "dvar": 71.3389434814, "dvar2": 131.153961182, "max": 218.020935059, "mean": 17.4438056946, "median": 13.5319261551, "min": 0.944925427437, "var": 298.784698486}, "mfcc": {"cov": [[6195.79052734, -359.274749756, -280.37677002, -516.614868164, -59.6148109436, 98.9842453003, 125.817108154, 22.6484832764, 47.0055122375, 136.70803833, 31.6487846375, -81.3298950195, 20.6619987488], [-359.274749756, 1445.04663086, -341.017791748, 27.3374443054, -40.3569755554, -23.6349887848, -9.74751281738, 86.4293441772, 2.62466931343, 33.9085197449, 18.2800388336, -15.6564311981, -37.2786254883], [-280.37677002, -341.017791748, 745.979553223, 148.962265015, 87.1524200439, 13.3820858002, 6.93631458282, 16.647977829, 22.2984619141, -12.2706480026, 12.2731170654, 76.3141098022, 17.0865001678], [-516.614868164, 27.3374443054, 148.962265015, 414.075866699, 141.897216797, 11.0810155869, -48.8756752014, -4.50333786011, -6.84696054459, -37.223777771, -23.8356151581, 42.1999092102, 14.4665842056], [-59.6148109436, -40.3569755554, 87.1524200439, 141.897216797, 241.354812622, 61.5072212219, -7.62397623062, -22.8445472717, 18.7341804504, 1.23712837696, -4.53117704391, 21.2090816498, 17.8260822296], [98.9842453003, -23.6349887848, 13.3820858002, 11.0810155869, 61.5072212219, 154.951644897, 66.164604187, 5.9706158638, 5.71706771851, 18.9673366547, 11.2344379425, -6.33009243011, -1.16688871384], [125.817108154, -9.74751281738, 6.93631458282, -48.8756752014, -7.62397623062, 66.164604187, 139.003509521, 51.659198761, 19.3907585144, 5.08046245575, 15.6955566406, -7.1519908905, -12.8547439575], [22.6484832764, 86.4293441772, 16.647977829, -4.50333786011, -22.8445472717, 5.9706158638, 51.659198761, 110.469589233, 42.5960235596, 9.28946208954, 1.20290148258, -6.25322771072, -10.8388662338], [47.0055122375, 2.62466931343, 22.2984619141, -6.84696054459, 18.7341804504, 5.71706771851, 19.3907585144, 42.5960235596, 93.4521408081, 41.6748046875, 1.75669980049, -12.7865056992, -5.99039363861], [136.70803833, 33.9085197449, -12.2706480026, -37.223777771, 1.23712837696, 18.9673366547, 5.08046245575, 9.28946208954, 41.6748046875, 102.077850342, 26.0434589386, -18.3376140594, -1.67856621742], [31.6487846375, 18.2800388336, 12.2731170654, -23.8356151581, -4.53117704391, 11.2344379425, 15.6955566406, 1.20290148258, 1.75669980049, 26.0434589386, 68.8614807129, 19.6667957306, -5.83723449707], [-81.3298950195, -15.6564311981, 76.3141098022, 42.1999092102, 21.2090816498, -6.33009243011, -7.1519908905, -6.25322771072, -12.7865056992, -18.3376140594, 19.6667957306, 81.6124343872, 14.9389476776], [20.6619987488, -37.2786254883, 17.0865001678, 14.4665842056, 17.8260822296, -1.16688871384, -12.8547439575, -10.8388662338, -5.99039363861, -1.67856621742, -5.83723449707, 14.9389476776, 72.3389205933]], "icov": [[0.000192372564925, 6.33060262771e-05, 6.62681632093e-05, 0.000226494696108, -9.34256240726e-05, -5.40425171494e-05, -5.02154653077e-05, -9.8950251413e-05, 6.52945382171e-05, -0.000205034346436, 4.60531082354e-05, 7.0034093369e-07, -8.06490206742e-05], [6.33060262771e-05, 0.000912657473236, 0.000497208093293, -0.00014975121303, -7.44314820622e-05, 6.32489100099e-05, 0.000292138691293, -0.00108008575626, 0.000464167009341, -0.000480691087432, -0.000211859252886, -0.00022710407211, 0.000331276911311], [6.62681632093e-05, 0.000497208093293, 0.00187558727339, -0.000443798402557, -0.000264712725766, 5.66177513974e-05, -6.91595123499e-05, -0.000693494977895, -0.000215957436012, -0.000265623355517, -0.000127084873384, -0.00142899691127, 9.3787755759e-05], [0.000226494696108, -0.00014975121303, -0.000443798402557, 0.00394379906356, -0.00203547324054, -0.000367400818504, 0.00140122929588, -0.00105272908695, 0.000485919998027, 0.000622290826868, 0.00103172578383, -0.000934190000407, 9.20501624933e-05], [-9.34256240726e-05, -7.44314820622e-05, -0.000264712725766, -0.00203547324054, 0.00664643198252, -0.00269313901663, 0.000415771413827, 0.00222336384468, -0.00267455982976, 0.000474314234452, 0.000173703796463, -0.000733345048502, -0.000861364649609], [-5.40425171494e-05, 6.32489100099e-05, 5.66177513974e-05, -0.000367400818504, -0.00269313901663, 0.0101728197187, -0.00552282622084, 0.000991660519503, 0.00172473094426, -0.0022161048837, -0.00022084802913, 0.00100747263059, -3.14224271278e-05], [-5.02154653077e-05, 0.000292138691293, -6.91595123499e-05, 0.00140122929588, 0.000415771413827, -0.00552282622084, 0.0128528280184, -0.00560974003747, -0.00058504549088, 0.00226632948034, -0.0023161272984, 0.000316302786814, 0.000904821266886], [-9.8950251413e-05, -0.00108008575626, -0.000693494977895, -0.00105272908695, 0.00222336384468, 0.000991660519503, -0.00560974003747, 0.0155444554985, -0.00682658795267, 0.0012921205489, 0.000753665866796, 9.69322063611e-05, 0.000151802159962], [6.52945382171e-05, 0.000464167009341, -0.000215957436012, 0.000485919998027, -0.00267455982976, 0.00172473094426, -0.00058504549088, -0.00682658795267, 0.0178283844143, -0.00736078619957, 0.0020313183777, 0.000819726672489, 0.00103465828579], [-0.000205034346436, -0.000480691087432, -0.000265623355517, 0.000622290826868, 0.000474314234452, -0.0022161048837, 0.00226632948034, 0.0012921205489, -0.00736078619957, 0.0160306822509, -0.00679251831025, 0.00397694250569, -0.00141412322409], [4.60531082354e-05, -0.000211859252886, -0.000127084873384, 0.00103172578383, 0.000173703796463, -0.00022084802913, -0.0023161272984, 0.000753665866796, 0.0020313183777, -0.00679251831025, 0.0202726814896, -0.00716451695189, 0.00248236302286], [7.0034093369e-07, -0.00022710407211, -0.00142899691127, -0.000934190000407, -0.000733345048502, 0.00100747263059, 0.000316302786814, 9.69322063611e-05, 0.000819726672489, 0.00397694250569, -0.00716451695189, 0.0177040379494, -0.00339926569723], [-8.06490206742e-05, 0.000331276911311, 9.3787755759e-05, 9.20501624933e-05, -0.000861364649609, -3.14224271278e-05, 0.000904821266886, 0.000151802159962, 0.00103465828579, -0.00141412322409, 0.00248236302286, -0.00339926569723, 0.0153274666518]], "mean": [-668.288024902, 155.335083008, -3.00680112839, 21.559419632, 10.089507103, 8.17430591583, -1.1426910162, 6.14912796021, -3.93691182137, 1.5981541872, -0.574093103409, 2.30139160156, -4.28955459595]}, "pitch_salience": {"dmean": 0.0695347487926, "dmean2": 0.113290578127, "dvar": 0.00457527441904, "dvar2": 0.0118375541642, "max": 0.827051341534, "mean": 0.55119484663, "median": 0.555124104023, "min": 0.0604155063629, "var": 0.00956449657679}, "silence_rate_20dB": {"dmean": 0, "dmean2": 0, "dvar": 0, "dvar2": 0, "max": 1, "mean": 1, "median": 1, "min": 1, "var": 0}, "silence_rate_30dB": {"dmean": 0.0308941118419, "dmean2": 0.0617919676006, "dvar": 0.0299369636923, "dvar2": 0.075908921659, "max": 1, "mean": 0.976437091827, "median": 1, "min": 0, "var": 0.0230046566576}, "silence_rate_60dB": {"dmean": 0.0133268721402, "dmean2": 0.0266553591937, "dvar": 0.0131517015398, "dvar2": 0.029455140233, "max": 1, "mean": 0.0409473627806, "median": 0, "min": 0, "var": 0.0392722710967}, "spectral_centroid": {"dmean": 166.905090332, "dmean2": 251.868209839, "dvar": 73333.3515625, "dvar2": 129129.78125, "max": 11612.734375, "mean": 945.140014648, "median": 779.605651855, "min": 199.473815918, "var": 776350.75}, "spectral_complexity": {"dmean": 3.00351333618, "dmean2": 4.6983704567, "dvar": 14.5002555847, "dvar2": 31.0272445679, "max": 54, "mean": 15.9360952377, "median": 15, "min": 0, "var": 64.0526733398}, "spectral_contrast_coeffs": {"dmean": [0.0475200600922, 0.0409508980811, 0.0366809666157, 0.0331042408943, 0.022229777649, 0.0205919872969], "dmean2": [0.0788429304957, 0.0665286555886, 0.0571227893233, 0.0508506856859, 0.033648956567, 0.0289011895657], "dvar": [0.0015015861718, 0.0011693892302, 0.00102300033905, 0.00089491950348, 0.000344827101799, 0.000377425807528], "dvar2": [0.003962978255, 0.0029293957632, 0.00230991095304, 0.00209685997106, 0.000746052362956, 0.000736874295399], "max": [-0.33183825016, -0.439292818308, -0.447632402182, -0.520807683468, -0.59284555912, -0.562936544418], "mean": [-0.623402357101, -0.723902821541, -0.736898243427, -0.753743290901, -0.774545967579, -0.773574531078], "median": [-0.625674784184, -0.73203098774, -0.747088015079, -0.758967280388, -0.775374770164, -0.770009696484], "min": [-0.982720911503, -0.973882853985, -0.976795017719, -0.974003970623, -0.966932654381, -0.965262651443], "var": [0.00542329298332, 0.00547251384705, 0.00573421176523, 0.00422698212788, 0.00177251291461, 0.00156201072969]}, "spectral_contrast_valleys": {"dmean": [0.431998670101, 0.34037527442, 0.35260206461, 0.35669529438, 0.298271775246, 0.556219279766], "dmean2": [0.689397573471, 0.550321578979, 0.540162444115, 0.535081326962, 0.382933706045, 0.59441024065], "dvar": [0.176871210337, 0.121042869985, 0.161847919226, 0.187402933836, 0.124830015004, 0.324429631233], "dvar2": [0.360090583563, 0.266911923885, 0.323988258839, 0.386955708265, 0.191983669996, 0.496975958347], "max": [-4.87772417068, -4.74950408936, -4.98718738556, -5.64335012436, -5.8034954071, -7.64157485962], "mean": [-7.0906920433, -6.83336782455, -7.60672855377, -8.04870605469, -8.23670959473, -10.9943037033], "median": [-6.91290664673, -6.69498348236, -7.52933120728, -7.97871828079, -8.12773227692, -11.0724754333], "min": [-28.2010860443, -27.9013957977, -27.9396038055, -27.5684070587, -27.5946731567, -27.3686962128], "var": [2.79874968529, 2.69675540924, 2.82461357117, 2.73896360397, 2.61541771889, 2.7828001976]}, "spectral_decrease": {"dmean": 3.15581627497e-09, "dmean2": 4.89044538199e-09, "dvar": 2.95604241552e-17, "dvar2": 6.81938615773e-17, "max": 1.79103203329e-28, "mean": -8.19069079228e-09, "median": -6.15792039582e-09, "min": -5.51399459425e-08, "var": 5.35799326551e-17}, "spectral_energy": {"dmean": 0.0123292719945, "dmean2": 0.0190882775933, "dvar": 0.000436280592112, "dvar2": 0.0010032086866, "max": 0.211743041873, "mean": 0.0324795283377, "median": 0.0245689786971, "min": 9.77879591566e-21, "var": 0.000818814150989}, "spectral_energyband_high": {"dmean": 0.00029791763518, "dmean2": 0.000449893210316, "dvar": 4.50660621709e-07, "dvar2": 9.65411118159e-07, "max": 0.0120507432148, "mean": 0.000353677081876, "median": 6.4658903284e-05, "min": 7.08376716296e-21, "var": 7.5719879078e-07}, "spectral_energyband_low": {"dmean": 0.00896515697241, "dmean2": 0.0143343433738, "dvar": 0.000388019572711, "dvar2": 0.000940694182646, "max": 0.193827599287, "mean": 0.0135768372566, "median": 0.00754068978131, "min": 1.06641861705e-23, "var": 0.000431647204095}, "spectral_energyband_middle_high": {"dmean": 0.00201851618476, "dmean2": 0.00315769878216, "dvar": 1.42670114656e-05, "dvar2": 3.67849388567e-05, "max": 0.0805451720953, "mean": 0.00594473769888, "median": 0.00239001447335, "min": 1.21566166554e-21, "var": 7.88850593381e-05}, "spectral_energyband_middle_low": {"dmean": 0.00427344162017, "dmean2": 0.0065992041491, "dvar": 3.11588555633e-05, "dvar2": 7.40291798138e-05, "max": 0.1275434196, "mean": 0.013826046139, "median": 0.0104287723079, "min": 1.70064047586e-22, "var": 0.000141751850606}, "spectral_entropy": {"dmean": 0.215409487486, "dmean2": 0.282083719969, "dvar": 0.0584623031318, "dvar2": 0.0977105870843, "max": 9.82018375397, "mean": 7.19472503662, "median": 7.16096067429, "min": 5.742395401, "var": 0.266871541739}, "spectral_flux": {"dmean": 0.0293505452573, "dmean2": 0.045438375324, "dvar": 0.00161101447884, "dvar2": 0.00321815558709, "max": 0.378713130951, "mean": 0.0822395756841, "median": 0.0677934810519, "min": 6.29149371489e-11, "var": 0.00341254705563}, "spectral_kurtosis": {"dmean": 3.00860691071, "dmean2": 4.93648958206, "dvar": 9.64671993256, "dvar2": 26.1737728119, "max": 55.5489006042, "mean": 7.7270154953, "median": 6.68428421021, "min": -1.27326750755, "var": 24.7348747253}, "spectral_rms": {"dmean": 0.000951046415139, "dmean2": 0.00142196065281, "dvar": 1.64639095601e-06, "dvar2": 3.40233737006e-06, "max": 0.014372841455, "mean": 0.00514053739607, "median": 0.00489588966593, "min": 3.0887358643e-12, "var": 5.26242365595e-06}, "spectral_rolloff": {"dmean": 291.028381348, "dmean2": 480.852111816, "dvar": 441446.15625, "dvar2": 906729.9375, "max": 19745.9472656, "mean": 1046.12451172, "median": 710.595703125, "min": 21.533203125, "var": 2463318}, "spectral_skewness": {"dmean": 0.306531339884, "dmean2": 0.496078640223, "dvar": 0.0839432030916, "dvar2": 0.205424591899, "max": 5.74523735046, "mean": 2.00455975533, "median": 1.96628916264, "min": -0.183788865805, "var": 0.360683947802}, "spectral_spread": {"dmean": 840092.8125, "dmean2": 1100622, "dvar": 1272110645250.0, "dvar2": 2380346163200.0, "max": 42514540, "mean": 3908302, "median": 3169882.25, "min": 1377731.875, "var": 9