{"lowlevel": {"average_loudness": 0.852191925049, "barkbands": {"dmean": [1.39954036058e-05, 0.00147719134111, 0.00273126503453, 0.000947419612203, 0.00115049479064, 0.000643746112473, 0.000441063952167, 0.000297767837765, 0.000398440897698, 0.000403387239203, 0.000284619920421, 0.000303501932649, 0.000415125163272, 0.000505754491314, 0.000441982090706, 0.000211267077248, 0.000298825092614, 0.000237512111198, 0.000316156161716, 0.000293409684673, 0.000254548329394, 0.000245692091994, 0.00012008426711, 6.32786905044e-05, 4.71456951345e-05, 4.19754469476e-05, 2.62842931988e-05], "dmean2": [2.25744406634e-05, 0.00246191886254, 0.00450817123055, 0.00158289563842, 0.00190895586275, 0.00105963565875, 0.000723911158275, 0.000479877868202, 0.000629789952654, 0.000659153738525, 0.000459633738501, 0.000496401917189, 0.000678920710925, 0.000838634790853, 0.000717155926395, 0.000342150160577, 0.000495718792081, 0.000399873621063, 0.000524752191268, 0.000487931101816, 0.000416253489675, 0.00038882647641, 0.000178464353667, 9.63776037679e-05, 6.80648445268e-05, 5.83452856517e-05, 3.77875403501e-05], "dvar": [4.27116203516e-10, 6.2478225118e-06, 2.58881827904e-05, 2.3556119686e-06, 3.06286256091e-06, 1.64306231909e-06, 8.38461858166e-07, 6.30689669379e-07, 7.26093105641e-07, 7.95278197074e-07, 5.24348081399e-07, 3.26298476239e-07, 8.77768570717e-07, 1.35920549837e-06, 9.79476794782e-07, 2.69685102694e-07, 2.50349472708e-07, 1.48918147147e-07, 2.75916562487e-07, 3.7132832631e-07, 3.62323874015e-07, 5.18463821209e-07, 2.39217428089e-07, 3.08103302871e-08, 8.08526756657e-09, 5.92934101817e-09, 2.75790346116e-09], "dvar2": [1.07088926615e-09, 1.76603207365e-05, 6.92194807925e-05, 6.48748209642e-06, 8.23289883556e-06, 4.35028096035e-06, 2.21233563025e-06, 1.59396120125e-06, 1.777466764e-06, 2.14947635868e-06, 1.30172077206e-06, 8.53040660331e-07, 2.21352206609e-06, 3.54922963197e-06, 2.31636113313e-06, 6.83000507706e-07, 6.46277840133e-07, 3.93068290805e-07, 6.85721659011e-07, 9.65439994616e-07, 9.19487206374e-07, 1.12425811949e-06, 4.43717624421e-07, 6.03767702501e-08, 1.78801524697e-08, 1.14009273133e-08, 5.50216361361e-09], "max": [0.000908335437998, 0.0406306758523, 0.0839625671506, 0.0298065710813, 0.0361409373581, 0.0265949647874, 0.0185411255807, 0.030336394906, 0.018323160708, 0.0231318194419, 0.0258887391537, 0.0158445201814, 0.021895268932, 0.0277617648244, 0.0321649871767, 0.0203920267522, 0.0161568727344, 0.01086048875, 0.0183800384402, 0.025045922026, 0.0146056516096, 0.0190801098943, 0.0170456692576, 0.00849260110408, 0.00262488680892, 0.00119554018602, 0.000828197633382], "mean": [2.34698636632e-05, 0.0023886624258, 0.00438614655286, 0.00144257908687, 0.0020936797373, 0.00115840067156, 0.000704439065885, 0.000485330587253, 0.000712740584277, 0.000673347967677, 0.000473533698823, 0.000499567657243, 0.00068617425859, 0.000866202346515, 0.000778030720539, 0.000406400067732, 0.00058673863532, 0.000505081727169, 0.000763372285292, 0.000663699640427, 0.00056633038912, 0.000548295269255, 0.000269231037237, 0.000170898449142, 0.00013544948888, 9.51961046667e-05, 4.78341753478e-05], "median": [1.49167753989e-05, 0.0014899604721, 0.00237181596458, 0.000846626644488, 0.00140330265276, 0.000650443835184, 0.000344528118148, 0.000198705529328, 0.00026430079015, 0.000279587955447, 0.000155652698595, 0.000235787025304, 0.000212605023989, 0.000207690580282, 0.000300271611195, 0.000204661351745, 0.000381100544473, 0.000353826471837, 0.000478868721984, 0.000461001705844, 0.000366727850633, 0.000317163474392, 0.00015260942746, 0.00011812998855, 8.95755001693e-05, 4.47093734692e-05, 8.67577728059e-06], "min": [3.20633247227e-15, 1.53422728335e-15, 1.43474029908e-15, 1.12897802814e-14, 2.97518357607e-14, 1.24375827698e-14, 3.49286264838e-16, 7.01059736047e-15, 5.08132998297e-14, 1.07687652334e-14, 1.34309974099e-14, 5.15642894052e-14, 5.33210730072e-14, 7.82086255566e-14, 4.67796713367e-14, 3.22386397905e-14, 4.52171665995e-14, 3.33306177254e-14, 1.14934646002e-13, 6.87303201006e-14, 1.12026829328e-13, 9.05898620007e-14, 1.14993762125e-13, 9.60284301621e-14, 2.41741143162e-13, 3.01243622061e-13, 3.05203480761e-13], "var": [7.75541797449e-10, 8.39716176415e-06, 3.48083776771e-05, 3.46296860698e-06, 5.67006554775e-06, 2.88855153485e-06, 1.20904144296e-06, 1.31849446916e-06, 1.87312082289e-06, 1.60865647558e-06, 1.21531934383e-06, 6.21030892489e-07, 1.8273464093e-06, 3.41038730767e-06, 2.67718564828e-06, 6.75607907397e-07, 5.70654719922e-07, 3.03116820533e-07, 8.82260394519e-07, 6.15109627233e-07, 6.47936474252e-07, 1.16390833682e-06, 5.76245781758e-07, 7.51541477939e-08, 2.59582826345e-08, 1.69016658447e-08, 6.59989085605e-09]}, "barkbands_crest": {"dmean": 2.00211834908, "dmean2": 3.30667686462, "dvar": 3.55900192261, "dvar2": 9.55188751221, "max": 22.8313026428, "mean": 7.38646793365, "median": 6.78452968597, "min": 2.05594491959, "var": 9.23142528534}, "barkbands_flatness_db": {"dmean": 0.0135016590357, "dmean2": 0.0213664323092, "dvar": 0.000147663915413, "dvar2": 0.000372528476873, "max": 0.21766038239, "mean": 0.076835423708, "median": 0.0738933458924, "min": 0.0165126286447, "var": 0.000694095448125}, "barkbands_kurtosis": {"dmean": 0.877582848072, "dmean2": 1.42458987236, "dvar": 1.72923731804, "dvar2": 4.14132165909, "max": 35.3918380737, "mean": 0.2055195719, "median": -0.501503825188, "min": -1.88407874107, "var": 4.81697130203}, "barkbands_skewness": {"dmean": 0.364176541567, "dmean2": 0.578484356403, "dvar": 0.122718431056, "dvar2": 0.2954172194, "max": 5.68322134018, "mean": 0.836601436138, "median": 0.802817821503, "min": -3.48610258102, "var": 0.637066721916}, "barkbands_spread": {"dmean": 6.02628421783, "dmean2": 9.46667480469, "dvar": 32.2574157715, "dvar2": 76.1501083374, "max": 88.143699646, "mean": 38.8990287781, "median": 38.4737892151, "min": 5.46384239197, "var": 155.412368774}, "dissonance": {"dmean": 0.00908160209656, "dmean2": 0.0154752861708, "dvar": 7.13845947757e-05, "dvar2": 0.00020052450418, "max": 0.500000119209, "mean": 0.483430087566, "median": 0.486039817333, "min": 0.411693513393, "var": 0.000134856774821}, "dynamic_complexity": 2.59371614456, "erbbands": {"dmean": [0.0189884379506, 0.435179919004, 2.66308379173, 3.20478463173, 3.47544384003, 3.85173630714, 5.22873592377, 5.31113100052, 5.77290344238, 5.96566581726, 7.06252908707, 9.32487106323, 8.89820861816, 14.2027702332, 10.7772474289, 12.9526557922, 17.3228092194, 24.1590194702, 26.0046081543, 13.2924699783, 11.669500351, 15.6690397263, 12.1111402512, 12.682975769, 17.477350235, 14.2142028809, 10.4772529602, 10.504488945, 9.55007362366, 5.192466259, 3.31177592278, 1.72226762772, 0.964880943298, 0.581614077091, 0.331743896008, 0.179608166218, 0.0817169770598, 0.0243752691895, 0.0057543264702, 0.000168935381225], "dmean2": [0.0313362926245, 0.722206532955, 4.38228034973, 5.26438713074, 5.85759067535, 6.37369012833, 8.48189163208, 8.78094005585, 9.34331417084, 9.85262012482, 11.1372251511, 14.7427492142, 14.1503362656, 22.9018554688, 17.594127655, 20.9415245056, 28.1267414093, 39.9330978394, 42.2551574707, 21.4262676239, 19.0000324249, 25.9182910919, 20.3084144592, 21.0928325653, 28.9117126465, 23.6340904236, 17.4643630981, 16.9374465942, 15.3002386093, 7.85875320435, 4.95203018188, 2.60698866844, 1.48637199402, 0.875454843044, 0.485685408115, 0.256075203419, 0.116940505803, 0.0339798033237, 0.00837903656065, 0.000247256073635], "dvar": [0.00096993119223, 0.549796998501, 24.0025005341, 29.6160430908, 30.4465065002, 45.1140518188, 81.976234436, 151.199279785, 132.658493042, 199.373779297, 354.366943359, 443.606567383, 366.01776123, 1341.18066406, 557.499816895, 585.30645752, 1487.60546875, 3476.37207031, 3184.96899414, 1003.45111084, 773.216491699, 733.059326172, 396.005432129, 455.705535889, 853.019592285, 851.656799316, 632.155395508, 719.992492676, 737.080993652, 339.917358398, 189.251663208, 32.5142021179, 4.51500844955, 1.20060765743, 0.411991924047, 0.10176949203, 0.0233156830072, 0.00229727593251, 0.000132451779791, 1.11989486129e-07], "dvar2": [0.00262229354121, 1.54753017426, 64.4289016724, 78.8135070801, 85.2655487061, 120.902374268, 221.857452393, 399.248931885, 355.337799072, 509.690551758, 880.575927734, 1096.83959961, 854.041870117, 3518.5703125, 1467.28662109, 1530.96118164, 3772.36669922, 9284.91796875, 7618.43896484, 2477.70800781, 2021.63171387, 1875.08422852, 1020.20037842, 1144.07751465, 2123.72363281, 2217.06469727, 1716.75012207, 1706.59155273, 1656.53173828, 639.430297852, 363.192016602, 62.9361534119, 9.40676498413, 2.76586461067, 0.909158170223, 0.206359490752, 0.0471679456532, 0.00455116061494, 0.000266901624855, 2.28330833352e-07], "max": [0.683856546879, 10.6526241302, 75.8090896606, 87.9932403564, 99.9101104736, 199.701751709, 251.610427856, 288.668823242, 250.282669067, 284.277862549, 647.975891113, 489.633666992, 494.604858398, 1310.58361816, 822.571960449, 736.486572266, 1205.89599609, 1561.0291748, 2055.86621094, 1816.83557129, 1340.68688965, 908.25793457, 517.715270996, 915.486877441, 743.309997559, 947.157714844, 723.294494629, 741.333984375, 696.753845215, 651.457580566, 481.362670898, 216.276931763, 88.3843994141, 32.9882659912, 20.4957561493, 5.46073722839, 2.58007836342, 0.941708624363, 0.193931370974, 0.00511748390272], "mean": [0.0319178402424, 0.721561968327, 4.50689935684, 5.25816106796, 5.53815746307, 6.70917224884, 9.44450092316, 9.08950233459, 10.438993454, 9.19292354584, 12.1721191406, 16.7205238342, 16.2654914856, 24.6522541046, 19.923833847, 23.0930042267, 31.0719337463, 44.8603973389, 47.7719841003, 27.1861476898, 24.8823699951, 32.2135772705, 27.4277515411, 30.8724689484, 42.5266227722, 32.8229408264, 23.2098293304, 23.0217933655, 20.8775196075, 11.7555418015, 7.2798743248, 4.20530986786, 2.64685916901, 1.60547566414, 0.872575163841, 0.427771180868, 0.174389436841, 0.0480909906328, 0.0103316120803, 0.000318709469866], "median": [0.0203334633261, 0.465628683567, 2.61078047752, 3.17724823952, 3.61096525192, 4.14678001404, 5.639503479, 4.57241916656, 5.68719959259, 4.01004695892, 5.38422012329, 6.76675844193, 7.65186595917, 9.14491081238, 8.78906726837, 11.7703142166, 11.2008361816, 11.6589221954, 17.9011898041, 12.8089971542, 14.0954399109, 21.0156917572, 19.5979537964, 20.6369686127, 27.2251834869, 22.4757785797, 16.0564956665, 13.9900465012, 12.0603942871, 6.68534231186, 4.10287189484, 2.76532816887, 1.83979141712, 1.09382390976, 0.540671765804, 0.231255233288, 0.0771716758609, 0.0161871369928, 0.00168486882467, 7.83146242611e-05], "min": [9.97954228477e-14, 1.82620899739e-13, 1.19254367666e-12, 2.02247194686e-11, 8.14270526006e-11, 9.89792622863e-11, 8.74221181557e-11, 1.04913307208e-10, 1.84369533529e-11, 1.79972252379e-11, 3.72570890805e-10, 1.03205533009e-09, 6.729169999e-10, 5.0817894337e-10, 6.72461919482e-10, 2.35388841752e-09, 2.50695486592e-09, 3.31563110301e-09, 3.31687921573e-09, 2.24677121352e-09, 2.24584462138e-09, 2.44640108171e-09, 1.60785162961e-09, 6.5891261336e-09, 3.34049210515e-09, 3.18594306492e-09, 4.56284388051e-09, 4.5918926439e-09, 3.31993277314e-09, 3.11961834143e-09, 3.43135364567e-09, 1.35456279526e-09, 2.39621167353e-09, 2.83516987665e-09, 1.30639798979e-09, 1.07728614918e-09, 6.67766064666e-10, 1.81782325304e-10, 4.09844380655e-11, 4.21030441414e-12], "var": [0.00152136269026, 0.735020577908, 33.0888633728, 44.1419487, 42.3198928833, 80.5308761597, 159.601409912, 244.98260498, 222.353820801, 289.820922852, 732.623962402, 1050.95727539, 816.407287598, 2942.31542969, 1215.8894043, 1207.38769531, 3215.52734375, 9234.93554688, 9244.08105469, 3003.48120117, 2005.41674805, 1640.85314941, 849.99432373, 1279.30187988, 2525.81884766, 1513.76135254, 929.186340332, 1403.0715332, 1570.27526855, 865.427978516, 424.177947998, 71.7400970459, 12.3834543228, 3.60749983788, 1.18469512463, 0.297519266605, 0.0595281422138, 0.00557617703453, 0.000313776021358, 2.6215641924e-07]}, "erbbands_crest": {"dmean": 1.96684062481, "dmean2": 3.23939061165, "dvar": 3.82062149048, "dvar2": 9.87298679352, "max": 28.8554019928, "mean": 6.81268978119, "median": 5.94687509537, "min": 2.253875494, "var": 10.1933708191}, "erbbands_flatness_db": {"dmean": 0.0119477668777, "dmean2": 0.0179968755692, "dvar": 0.0001261173893, "dvar2": 0.000265270500677, "max": 0.242189437151, "mean": 0.119336172938, "median": 0.118069820106, "min": 0.0409561805427, "var": 0.00105578580406}, "erbbands_kurtosis": {"dmean": 0.542395293713, "dmean2": 0.876052856445, "dvar": 0.595186531544, "dvar2": 1.29738759995, "max": 20.9519309998, "mean": -0.115520574152, "median": -0.417460978031, "min": -1.75456547737, "var": 1.73738706112}, "erbbands_skewness": {"dmean": 0.261614024639, "dmean2": 0.416156083345, "dvar": 0.0564589053392, "dvar2": 0.131949797273, "max": 1.74086880684, "mean": -0.334350585938, "median": -0.336568295956, "min": -3.82870268822, "var": 0.269236028194}, "erbbands_spread": {"dmean": 6.83279037476, "dmean2": 10.8666992188, "dvar": 42.2154541016, "dvar2": 100.676132202, "max": 134.80506897, "mean": 44.8225631714, "median": 43.1277961731, "min": 7.22845172882, "var": 246.166900635}, "gfcc": {"cov": [[2790.6472168, -379.56741333, 554.934387207, -30.7178630829, 160.806915283, -27.4157962799, -35.2680168152, -247.355484009, 13.0695571899, 60.5137786865, -71.2854156494, -71.3155670166, -114.453643799], [-379.56741333, 1030.39025879, -184.035964966, 196.450286865, -10.3339920044, -38.735660553, -62.483795166, -33.220249176, -13.2078866959, -15.0145120621, 71.2021484375, -27.9645595551, 20.3915214539], [554.934387207, -184.035964966, 711.908752441, -3.1062400341, 121.825370789, -150.422851563, -23.5222702026, -92.1157608032, 8.68721294403, 15.6711883545, -52.5866851807, 1.42698037624, -29.0186195374], [-30.7178630829, 196.450286865, -3.1062400341, 247.103759766, -7.40962553024, 40.7290916443, -41.6413879395, -2.31940984726, -8.80781936646, -10.4054431915, 6.03048467636, -10.5274200439, 2.22243642807], [160.806915283, -10.3339920044, 121.825370789, -7.40962553024, 224.133621216, 0.755052149296, 28.5287322998, -10.5192260742, -2.95777893066, 2.78066515923, -12.7233972549, -13.5685710907, -15.471953392], [-27.4157962799, -38.735660553, -150.422851563, 40.7290916443, 0.755052149296, 171.178878784, 49.6942253113, 46.0483551025, -20.6898860931, -20.7127113342, 4.96722316742, -10.7728424072, -14.0473604202], [-35.2680168152, -62.483795166, -23.5222702026, -41.6413879395, 28.5287322998, 49.6942253113, 104.532592773, 42.6309242249, 0.392424732447, -7.55563402176, -0.715640425682, -1.62883460522, -10.8510389328], [-247.355484009, -33.220249176, -92.1157608032, -2.31940984726, -10.5192260742, 46.0483551025, 42.6309242249, 116.729980469, 24.0479869843, -3.73531579971, -4.48446130753, 3.83423948288, 6.5544667244], [13.0695571899, -13.2078866959, 8.68721294403, -8.80781936646, -2.95777893066, -20.6898860931, 0.392424732447, 24.0479869843, 80.3741989136, 30.2614974976, -8.14971923828, -2.77186155319, 3.11336779594], [60.5137786865, -15.0145120621, 15.6711883545, -10.4054431915, 2.78066515923, -20.7127113342, -7.55563402176, -3.73531579971, 30.2614974976, 60.4981918335, 24.4147796631, 4.87234163284, -2.09144473076], [-71.2854156494, 71.2021484375, -52.5866851807, 6.03048467636, -12.7233972549, 4.96722316742, -0.715640425682, -4.48446130753, -8.14971923828, 24.4147796631, 71.3785934448, 25.9888896942, 8.42047405243], [-71.3155670166, -27.9645595551, 1.42698037624, -10.5274200439, -13.5685710907, -10.7728424072, -1.62883460522, 3.83423948288, -2.77186155319, 4.87234163284, 25.9888896942, 60.9957313538, 30.2214012146], [-114.453643799, 20.3915214539, -29.0186195374, 2.22243642807, -15.471953392, -14.0473604202, -10.8510389328, 6.5544667244, 3.11336779594, -2.09144473076, 8.42047405243, 30.2214012146, 54.9881210327]], "icov": [[0.000607665569987, 0.000146001460962, -0.00028970191488, 1.48923263623e-05, -0.000136332062539, -0.000554487283807, 1.56648056873e-05, 0.00133448652923, -0.000359846861102, -0.000554267840926, 0.000366590189515, 0.000161600371939, 0.000575536803808], [0.000146001460962, 0.00166656216606, 0.000514790823217, -0.00134852575138, -0.000388287764508, 0.00126736389939, -8.31198485685e-05, 0.000689993845299, -0.000534053542651, 0.00141898356378, -0.00230502104387, 0.001850185683, -0.000451772881206], [-0.00028970191488, 0.000514790823217, 0.00278159393929, -0.0011535967933, -0.00108845974319, 0.00284256669693, -0.000857815321069, 0.000772454659455, 0.000218536748434, -4.11624605476e-05, 0.00140014989302, -0.00148999795783, 0.00146975705866], [1.48923263623e-05, -0.00134852575138, -0.0011535967933, 0.00628075143322, 0.000289319141302, -0.00358855701052, 0.00338141270913, -0.000889950490091, -4.15199829149e-05, 5.17107582709e-05, 0.000202554670977, 0.000278759514913, -0.000573442142922], [-0.000136332062539, -0.000388287764508, -0.00108845974319, 0.000289319141302, 0.00542818428949, -0.000710672931746, -0.00162048451602, -2.78417774098e-05, 0.000575305719394, -0.000906574598048, 0.000548101903405, 0.000780469679739, -0.000276492151897], [-0.000554487283807, 0.00126736389939, 0.00284256669693, -0.00358855701052, -0.000710672931746, 0.0122301578522, -0.00440540676937, -0.00252523599193, 0.00227101170458, 0.00262948893942, -0.00182164716534, 0.000903462234419, 0.00213090726174], [1.56648056873e-05, -8.31198485685e-05, -0.000857815321069, 0.00338141270913, -0.00162048451602, -0.00440540676937, 0.015459519811, -0.00466860970482, -0.000467818725156, 0.00204252544791, -0.00183868349995, -0.000252329045907, 0.00202430249192], [0.00133448652923, 0.000689993845299, 0.000772454659455, -0.000889950490091, -2.78417774098e-05, -0.00252523599193, -0.00466860970482, 0.0161484926939, -0.0055792205967, 3.93732516386e-05, 0.00216885446571, -0.00109398236964, 5.28107739228e-05], [-0.000359846861102, -0.000534053542651, 0.000218536748434, -4.15199829149e-05, 0.000575305719394, 0.00227101170458, -0.000467818725156, -0.0055792205967, 0.0199956670403, -0.0122034139931, 0.00652865553275, 0.000193840809516, -0.00182176684029], [-0.000554267840926, 0.00141898356378, -4.11624605476e-05, 5.17107582709e-05, -0.000906574598048, 0.00262948893942, 0.00204252544791, 3.93732516386e-05, -0.0122034139931, 0.0308638997376, -0.0156154818833, 0.00314995576628, 0.00163619499654], [0.000366590189515, -0.00230502104387, 0.00140014989302, 0.000202554670977, 0.000548101903405, -0.00182164716534, -0.00183868349995, 0.00216885446571, 0.00652865553275, -0.0156154818833, 0.0285689104348, -0.0133247375488, 0.0034008747898], [0.000161600371939, 0.001850185683, -0.00148999795783, 0.000278759514913, 0.000780469679739, 0.000903462234419, -0.000252329045907, -0.00109398236964, 0.000193840809516, 0.00314995576628, -0.0133247375488, 0.0310364793986, -0.0155246499926], [0.000575536803808, -0.000451772881206, 0.00146975705866, -0.000573442142922, -0.000276492151897, 0.00213090726174, 0.00202430249192, 5.28107739228e-05, -0.00182176684029, 0.00163619499654, 0.0034008747898, -0.0155246499926, 0.0293866805732]], "mean": [41.3489227295, 49.7791748047, -114.780822754, 41.504108429, -50.3669967651, 11.1343173981, -31.2021522522, 5.16493034363, -29.43841362, 2.81014251709, -19.3841438293, -0.390367597342, -14.4785614014]}, "hfc": {"dmean": 6.91531467438, "dmean2": 10.4810037613, "dvar": 157.25491333, "dvar2": 329.786315918, "max": 291.700042725, "mean": 30.0543384552, "median": 25.5766391754, "min": 1.93484854805e-08, "var": 629.244812012}, "melbands": {"dmean": [0.000282471854007, 0.00109481695108, 0.000531556550413, 0.000261072127614, 0.000176367888344, 0.00011788320262, 9.0397297754e-05, 6.34780008113e-05, 6.01517276664e-05, 5.87884896959e-05, 4.57207243016e-05, 6.0042271798e-05, 3.94905619032e-05, 3.56943673978e-05, 3.45080552506e-05, 4.16450748162e-05, 4.8189311201e-05, 4.44580291514e-05, 2.633884651e-05, 1.55148827616e-05, 1.52029042511e-05, 1.78020563908e-05, 1.57088143169e-05, 1.12123379949e-05, 1.12903908303e-05, 1.44293962876e-05, 1.24528432934e-05, 9.64299215411e-06, 6.81601568431e-06, 6.79703498463e-06, 6.76839727021e-06, 6.40925964035e-06, 4.15667955167e-06, 2.76685841527e-06, 2.24174277719e-06, 1.39100313845e-06, 1.04876903606e-06, 7.71922429976e-07, 6.15930787262e-07, 4.90036029532e-07], "dmean2": [0.000468988961075, 0.00179688900243, 0.000874359859154, 0.000437518930994, 0.000284867914161, 0.000194002612261, 0.000146718186443, 0.00010427840607, 9.41470134421e-05, 9.25189451664e-05, 7.25365825929e-05, 9.67158848653e-05, 6.40114885755e-05, 5.83209948672e-05, 5.56659106223e-05, 6.82062745909e-05, 7.97433021944e-05, 7.26446523913e-05, 4.24508180004e-05, 2.49837867159e-05, 2.49923687079e-05, 2.94313394988e-05, 2.62929224846e-05, 1.87952355191e-05, 1.88418653124e-05, 2.38789452851e-05, 2.07411321753e-05, 1.61196712725e-05, 1.14744743769e-05, 1.1218587133e-05, 1.09523298306e-05, 1.03908023448e-05, 6.61168041916e-06, 4.21226832259e-06, 3.42082307725e-06, 2.14924966713e-06, 1.6244522385e-06, 1.21128800856e-06, 9.68841050053e-07, 7.52711628138e-07], "dvar": [2.24529856041e-07, 3.87680438507e-06, 7.3548818591e-07, 1.74602959646e-07, 8.66714131575e-08, 6.60608208136e-08, 3.16044008741e-08, 2.20658264993e-08, 2.19830376125e-08, 1.71019767237e-08, 9.60477830603e-09, 2.34276047451e-08, 9.42419564609e-09, 4.7647268353e-09, 5.76107250794e-09, 8.7647133995e-09, 1.43816389908e-08, 9.8620800415e-09, 3.88626730796e-09, 1.48290013602e-09, 1.29312915931e-09, 1.00912689316e-09, 8.51342885078e-10, 2.87613571848e-10, 4.00790040045e-10, 6.63716803739e-10, 6.55729692767e-10, 4.40780495436e-10, 2.93957913566e-10, 2.43209508088e-10, 3.17313481046e-10, 3.12932874058e-10, 1.65309890776e-10, 1.0727200378e-10, 8.63090571235e-11, 2.90233826555e-11, 1.05170264858e-11, 3.00501637462e-12, 1.29505488364e-12, 8.4355715772e-13], "dvar2": [6.22702600594e-07, 1.04748032754e-05, 1.94429412659e-06, 4.79609354898e-07, 2.31475752344e-07, 1.74396944885e-07, 8.45121164161e-08, 5.60017276996e-08, 5.35371462718e-08, 4.14193124243e-08, 2.23696350332e-08, 6.22591684873e-08, 2.44231923574e-08, 1.25567058973e-08, 1.40585703079e-08, 2.21215969987e-08, 3.81314499975e-08, 2.39983357631e-08, 8.90347884308e-09, 3.61461371945e-09, 3.40476780103e-09, 2.52110510246e-09, 2.22882601264e-09, 7.49896478247e-10, 9.93904847313e-10, 1.6332942776e-09, 1.75973802197e-09, 1.16426246421e-09, 8.02819921653e-10, 6.46124875825e-10, 7.5427780688e-10, 7.31722571423e-10, 3.52565837636e-10, 2.08138339897e-10, 1.71751557421e-10, 5.89009327423e-11, 2.090803225e-11, 6.43187413052e-12, 3.09238593933e-12, 2.01170785759e-12], "max": [0.00937662832439, 0.0293792504817, 0.0132670560852, 0.0100120557472, 0.00656026368961, 0.00559824844822, 0.00402126461267, 0.00344796222635, 0.00423478521407, 0.00301663810387, 0.00260114320554, 0.00529912346974, 0.00312431505881, 0.00213454733603, 0.0030244840309, 0.00222260295413, 0.00303133693524, 0.00341612217017, 0.00208995887078, 0.00180467765313, 0.00150618713815, 0.0010978768114, 0.000912873249035, 0.00041526791756, 0.000873573822901, 0.000810848025139, 0.00139903521631, 0.000863724970259, 0.000712156121153, 0.000318690726999, 0.000520726433024, 0.000420572905568, 0.000449212355306, 0.000369840592612, 0.000364033447113, 0.000196908280486, 0.000166744895978, 8.09491466498e-05, 3.32367053488e-05, 2.76141054201e-05], "mean": [0.000469237187644, 0.00190692930482, 0.000940691679716, 0.00043886093772, 0.000331646326231, 0.000206450000405, 0.000159246250405, 9.88835236058e-05, 0.000101810277556, 0.000104474318505, 8.00675043138e-05, 0.000100530720374, 6.846254837e-05, 5.90711679251e-05, 6.01312967774e-05, 7.1774054959e-05, 8.30774370115e-05, 7.71866034484e-05, 4.78982692584e-05, 2.88473111141e-05, 2.93194352707e-05, 3.37293895427e-05, 2.93972771033e-05, 2.32999245782e-05, 2.40415556618e-05, 3.1607105484e-05, 2.79405085166e-05, 1.99108253582e-05, 1.36989692692e-05, 1.38403784149e-05, 1.33933535835e-05, 1.29202599055e-05, 8.55369580677e-06, 5.70816746404e-06, 4.49269737146e-06, 2.99697467199e-06, 2.38244683715e-06, 1.92832908397e-06, 1.55902068855e-06, 1.25891961034e-06], "median": [0.00029974480276, 0.00121406733524, 0.000621305312961, 0.000291214819299, 0.000202435126994, 0.000106821848021, 8.56650294736e-05, 4.17042065237e-05, 4.44678626081e-05, 3.89033339161e-05, 3.6177563743e-05, 3.53994109901e-05, 2.5148901841e-05, 2.88309711323e-05, 2.53948237514e-05, 2.17039305426e-05, 1.92740735656e-05, 2.59133921645e-05, 1.95303364308e-05, 1.36178332468e-05, 1.62077722052e-05, 2.13564471778e-05, 1.86827019206e-05, 1.62557607837e-05, 1.50612213474e-05, 1.89208349184e-05, 1.8722299501e-05, 1.29693271447e-05, 9.09796926862e-06, 8.85229837877e-06, 7.50920935388e-06, 7.15129453965e-06, 4.8969332056e-06, 3.05141634271e-06, 2.39146788772e-06, 1.78569825948e-06, 1.5463389218e-06, 1.30582350266e-06, 1.05254287064e-06, 8.3257151573e-07], "min": [8.08889465453e-16, 4.07949463894e-16, 5.24906317413e-15, 7.06906889186e-15, 3.26837954148e-15, 2.26997524205e-15, 2.36010325341e-16, 2.10144969921e-16, 4.00754199587e-15, 6.93263983614e-15, 3.1503190305e-15, 1.84780851542e-15, 1.88602494794e-15, 4.18700159586e-15, 7.56719245099e-15, 5.22925276756e-15, 6.03605800257e-15, 6.06805551919e-15, 3.20984723549e-15, 2.50929529569e-15, 2.49593102161e-15, 2.90056755436e-15, 1.46891818438e-15, 1.58287280903e-15, 6.15466929672e-15, 2.79768057984e-15, 1.77513351207e-15, 2.2813500475e-15, 2.6330832317e-15, 3.36259332214e-15, 2.27983343501e-15, 2.35548808851e-15, 1.14964965546e-15, 1.87251583122e-15, 2.07559981538e-15, 1.29509527102e-15, 6.00281502989e-16, 1.26371873544e-15, 2.72565461548e-15, 2.18567026457e-15], "var": [3.21757028132e-07, 5.30162560608e-06, 1.15705427106e-06, 2.6458056368e-07, 1.87504554106e-07, 1.11996762087e-07, 5.13334512675e-08, 3.63030494555e-08, 4.6223611605e-08, 4.27350954624e-08, 2.1197831046e-08, 5.05403612294e-08, 2.08101553767e-08, 8.72665495422e-09, 1.38684175255e-08, 1.99511642762e-08, 3.57685472352e-08, 2.70467044317e-08, 1.08982636249e-08, 3.95422095067e-09, 3.02997760215e-09, 2.27333307734e-09, 1.51662704617e-09, 6.54053866622e-10, 1.00041130935e-09, 1.8990826689e-09, 1.10184616986e-09, 6.74647504528e-10, 3.93616583771e-10, 3.82994302939e-10, 5.88202320184e-10, 6.10226813524e-10, 3.56285667635e-10, 2.59639643119e-10, 1.87045337552e-10, 5.44417913528e-11, 2.21457609195e-11, 7.34518001977e-12, 3.58530696451e-12, 2.2993024585e-12]}, "melbands_crest": {"dmean": 3.11965966225, "dmean2": 5.08026075363, "dvar": 8.08580780029, "dvar2": 21.0652179718, "max": 29.5491504669, "mean": 13.0959663391, "median": 12.4980459213, "min": 2.57811021805, "var": 24.0867443085}, "melbands_flatness_db": {"dmean": 0.0193110890687, "dmean2": 0.0306573119015, "dvar": 0.000332874013111, "dvar2": 0.0008283216157, "max": 0.314106106758, "mean": 0.130293056369, "median": 0.128027155995, "min": 0.0196406487375, "var": 0.00167341786437}, "melbands_kurtosis": {"dmean": 3.50726652145, "dmean2": 5.6384806633, "dvar": 27.0502662659, "dvar2": 64.3637619019, "max": 127.286575317, "mean": 7.18623209, "median": 4.61935758591, "min": -1.85252153873, "var": 87.2740631104}, "melbands_skewness": {"dmean": 0.548898041248, "dmean2": 0.870026528835, "dvar": 0.299691289663, "dvar2": 0.719160079956, "max": 10.3919754028, "mean": 2.28412675858, "median": 2.15569257736, "min": -1.27423119545, "var": 1.52854204178}, "melbands_spread": {"dmean": 9.77279472351, "dmean2": 15.6110239029, "dvar": 126.943443298, "dvar2": 289.171386719, "max": 213.657699585, "mean": 41.9174804688, "median": 38.5829925537, "min": 2.87625432014, "var": 502.695068359}, "mfcc": {"cov": [[2330.98046875, -168.499038696, 205.070770264, 21.534620285, 77.1267547607, 206.607147217, -46.7408370972, -123.789085388, -41.3921585083, -19.6634635925, 55.746547699, -11.4357671738, -34.4582061768], [-168.499038696, 658.81842041, -16.3853797913, 140.58052063, 53.5939598083, -10.8665475845, -12.6880207062, -51.6606788635, -41.6985015869, -23.7222232819, -12.1606397629, 25.7114105225, 12.4971084595], [205.070770264, -16.3853797913, 407.749664307, 131.418411255, 45.1130752563, 7.39088344574, -53.7860984802, -61.1654968262, 1.80186629295, -57.0304985046, -5.57462835312, 22.0954151154, 0.469689816236], [21.534620285, 140.58052063, 131.418411255, 210.80355835, 85.4374008179, 12.4499483109, -27.494342804, -41.4906463623, -0.0365994237363, -28.3166275024, -17.8096637726, 20.3714237213, 21.3946247101], [77.1267547607, 53.5939598083, 45.1130752563, 85.4374008179, 149.361373901, 37.7316207886, 11.7717628479, -12.7284517288, 11.2220535278, -3.11532139778, -8.9168138504, 1.98145461082, 7.48450088501], [206.607147217, -10.8665475845, 7.39088344574, 12.4499483109, 37.7316207886, 102.728034973, 35.3555259705, 6.65829610825, -11.7441320419, 3.04470801353, 7.85271978378, -8.22095775604, -8.228972435], [-46.7408370972, -12.6880207062, -53.7860984802, -27.494342804, 11.7717628479, 35.3555259705, 126.1304245, 57.5831604004, -6.34330224991, 14.15944767, 8.09449672699, -9.71738147736, -7.55319547653], [-123.789085388, -51.6606788635, -61.1654968262, -41.4906463623, -12.7284517288, 6.65829610825, 57.5831604004, 107.513427734, 30.8274650574, 24.3354167938, 2.65776228905, -9.36531257629, -7.2507853508], [-41.3921585083, -41.6985015869, 1.80186629295, -0.0365994237363, 11.2220535278, -11.7441320419, -6.34330224991, 30.8274650574, 83.3543624878, 27.0286064148, 4.53375577927, 0.441603273153, -0.200033590198], [-19.6634635925, -23.7222232819, -57.0304985046, -28.3166275024, -3.11532139778, 3.04470801353, 14.15944767, 24.3354167938, 27.0286064148, 76.1021347046, 25.8272018433, -5.99115228653, -6.05276823044], [55.746547699, -12.1606397629, -5.57462835312, -17.8096637726, -8.9168138504, 7.85271978378, 8.09449672699, 2.65776228905, 4.53375577927, 25.8272018433, 54.5801696777, 17.6510848999, -1.28659498692], [-11.4357671738, 25.7114105225, 22.0954151154, 20.3714237213, 1.98145461082, -8.22095775604, -9.71738147736, -9.36531257629, 0.441603273153, -5.99115228653, 17.6510848999, 57.5001525879, 24.3842926025], [-34.4582061768, 12.4971084595, 0.469689816236, 21.3946247101, 7.48450088501, -8.228972435, -7.55319547653, -7.2507853508, -0.200033590198, -6.05276823044, -1.28659498692, 24.3842926025, 53.6176643372]], "icov": [[0.000636916956864, 0.000146994862007, -0.000191862112843, 0.000188177858945, -0.000108193307824, -0.00132362020668, 0.000328701047692, 0.000674110837281, -1.77463352884e-05, 0.000148121194798, -0.000606271030847, 0.000176103887497, 0.000173100401298], [0.000146994862007, 0.00206297519617, 0.000685021514073, -0.00164913560729, -0.000170398532646, 0.000244640512392, -0.00013626832515, 0.000668747117743, 0.000866348389536, 0.00010528510029, -0.000104712016764, -0.000722587574273, 0.000739469774999], [-0.000191862112843, 0.000685021514073, 0.00395822571591, -0.0025541279465, 9.8835582321e-05, 0.000206062468351, 0.000429359090049, 0.000880334875546, -0.000875534780789, 0.00254026870243, -0.00104748061858, -0.000763678515796, 0.00150454440154], [0.000188177858945, -0.00164913560729, -0.0025541279465, 0.00978480000049, -0.00376889761537, -0.00101401167922, 0.000823796726763, 0.000811946287286, -0.00065193726914, -2.56831735896e-05, 0.00213474780321, -0.00117365980987, -0.00220068567432], [-0.000108193307824, -0.000170398532646, 9.8835582321e-05, -0.00376889761537, 0.0102912615985, -0.00302123650908, -0.00187007663772, 0.00163627578877, -0.00255962181836, -0.000719412986655, 0.00163263210561, 0.000223282462684, -0.000622347579338], [-0.00132362020668, 0.000244640512392, 0.000206062468351, -0.00101401167922, -0.00302123650908, 0.015566509217, -0.00355817959644, -0.00153626990505, 0.00252218637615, -0.00026201311266, -0.00156647106633, 0.00144590926357, 0.000881621730514], [0.000328701047692, -0.00013626832515, 0.000429359090049, 0.000823796726763, -0.00187007663772, -0.00355817959644, 0.0131811806932, -0.00708381086588, 0.00354594155215, 6.5780361183e-05, -0.0020611397922, 0.00086870836094, 0.000100507182651], [0.000674110837281, 0.000668747117743, 0.000880334875546, 0.000811946287286, 0.00163627578877, -0.00153626990505, -0.00708381086588, 0.0173721164465, -0.00652269553393, -0.000965066195931, 0.00165056588594, -0.000378129916498, 0.000911115552299], [-1.77463352884e-05, 0.000866348389536, -0.000875534780789, -0.00065193726914, -0.00255962181836, 0.00252218637615, 0.00354594155215, -0.00652269553393, 0.0177242606878, -0.00594009412453, 0.000537012761924, -0.000846701674163, 0.00020982674323], [0.000148121194798, 0.00010528510029, 0.00254026870243, -2.56831735896e-05, -0.000719412986655, -0.00026201311266, 6.5780361183e-05, -0.000965066195931, -0.00594009412453, 0.0216326825321, -0.0111267827451, 0.00453436933458, 8.83781613084e-05], [-0.000606271030847, -0.000104712016764, -0.00104748061858, 0.00213474780321, 0.00163263210561, -0.00156647106633, -0.0020611397922, 0.00165056588594, 0.000537012761924, -0.0111267827451, 0.0295522939414, -0.0124540338293, 0.00337559427135], [0.000176103887497, -0.000722587574273, -0.000763678515796, -0.00117365980987, 0.000223282462684, 0.00144590926357, 0.00086870836094, -0.000378129916498, -0.000846701674163, 0.00453436933458, -0.0124540338293, 0.0279059354216, -0.011462630704], [0.000173100401298, 0.000739469774999, 0.00150454440154, -0.00220068567432, -0.000622347579338, 0.000881621730514, 0.000100507182651, 0.000911115552299, 0.00020982674323, 8.83781613084e-05, 0.00337559427135, -0.011462630704, 0.0251186992973]], "mean": [-602.624023438, 83.5086593628, -5.20047426224, 32.4531173706, 2.20313620567, 10.1948051453, 5.73591518402, 2.67004418373, -0.978655397892, 0.256585299969, -0.725264191628, -3.42009997368, -3.38402462006]}, "pitch_salience": {"dmean": 0.0611240006983, "dmean2": 0.100352168083, "dvar": 0.00303679169156, "dvar2": 0.00819023977965, "max": 0.899492919445, "mean": 0.579711556435, "median": 0.584305822849, "min": 0.15591789782, "var": 0.00858744513243}, "silence_rate_20dB": {"dmean": 0, "dmean2": 0, "dvar": 0, "dvar2": 0, "max": 1, "mean": 1, "median": 1, "min": 1, "var": 0}, "silence_rate_30dB": {"dmean": 0, "dmean2": 0, "dvar": 0, "dvar2": 0, "max": 1, "mean": 1, "median": 1, "min": 1, "var": 0}, "silence_rate_60dB": {"dmean": 0.00864179711789, "dmean2": 0.0172848403454, "dvar": 0.00856867153198, "dvar2": 0.0207371991128, "max": 1, "mean": 0.0511269532144, "median": 0, "min": 0, "var": 0.0485209487379}, "spectral_centroid": {"dmean": 256.404052734, "dmean2": 411.02154541, "dvar": 59878.4726563, "dvar2": 143066.875, "max": 4886.21435547, "mean": 2198.5012207, "median": 2213.91601563, "min": 532.608703613, "var": 326847.375}, "spectral_complexity": {"dmean": 4.05962848663, "dmean2": 6.44263601303, "dvar": 17.0803146362, "dvar2": 36.1817893982, "max": 64, "mean": 27.0689125061, "median": 27, "min": 0, "var": 142.932678223}, "spectral_contrast_coeffs": {"dmean": [0.0467936620116, 0.0436563529074, 0.0358511209488, 0.029282707721, 0.0195061452687, 0.0168269667774], "dmean2": [0.0782704800367, 0.072271771729, 0.058961790055, 0.0487355068326, 0.0328327193856, 0.0277659017593], "dvar": [0.00139469734859, 0.0011619735742, 0.000784572679549, 0.000544305075891, 0.000244099588599, 0.000275246653473], "dvar2": [0.00396391795948, 0.00323597062379, 0.00214160815813, 0.00146964099258, 0.00066227192292, 0.000708300387487], "max": [-0.402211606503, -0.439283013344, -0.536113977432, -0.570494174957, -0.635276079178, -0.566484153271], "mean": [-0.64908862114, -0.734769642353, -0.781681418419, -0.785020947456, -0.788766443729, -0.734408974648], "median": [-0.649599194527, -0.740432202816, -0.786616325378, -0.789273321629, -0.791696250439, -0.738033294678], "min": [-0.940629422665, -0.968319296837, -0.953367054462, -0.963806092739, -0.941133379936, -0.909562528133], "var": [0.00446616858244, 0.00423418963328, 0.00269467709586, 0.00223364075646, 0.000933439063374, 0.00102357042488]}, "spectral_contrast_valleys": {"dmean": [0.387669473886, 0.323482424021, 0.277634382248, 0.242838591337, 0.168036192656, 0.16782052815], "dmean2": [0.636153578758, 0.538002967834, 0.461874246597, 0.400090932846, 0.27529874444, 0.245160266757], "dvar": [0.111757025123, 0.0751802623272, 0.0587104633451, 0.0593037419021, 0.0343749336898, 0.0426233708858], "dvar2": [0.277550458908, 0.185576096177, 0.141300052404, 0.138568878174, 0.0715074762702, 0.0794820785522], "max": [-5.50762987137, -4.73647212982, -5.49318027496, -5.42362546921, -5.28185415268, -7.45621442795], "mean": [-7.21134138107, -6.9682598114, -7.11774778366, -7.30208492279, -6.7598862648, -9.40845966339], "median": [-7.06640481949, -6.85223817825, -7.12750530243, -7.29599666595, -6.68713521957, -9.25284957886], "min": [-20.1567802429, -19.4563922882, -18.1739349365, -17.7283878326, -17.6872653961, -19.449432373], "var": [0.652092576027, 0.530951559544, 0.233804494143, 0.295636534691, 0.221645966172, 0.436408400536]}, "spectral_decrease": {"dmean": 1.52693080402e-09, "dmean2": 2.47236808804e-09, "dvar": 4.8449982662e-18, "dvar2": 1.25853950285e-17, "max": -8.38698973336e-20, "mean": -5.14140596763e-09, "median": -4.61813121078e-09, "min": -3.39612000744e-08, "var": 1.1980003872e-17}, "spectral_energy": {"dmean": 0.00616594264284, "dmean2": 0.00993788149208, "dvar": 7.65869044699e-05, "dvar2": 0.000196623703232, "max": 0.13766041398, "mean": 0.0221308562905, "median": 0.0201135538518, "min": 2.07150854629e-12, "var": 0.000210492929909}, "spectral_energyband_high": {"dmean": 0.000699123018421, "dmean2": 0.00104584323708, "dvar": 3.25194218931e-06, "dvar2": 6.61951116854e-06, "max": 0.0476319007576, "mean": 0.00212701037526, "median": 0.00151970691513, "min": 1.28052592401e-12, "var": 8.98574489838e-06}, "spectral_energyband_low": {"dmean": 0.00405068416148, "dmean2": 0.00663580046967, "dvar": 5.03132796439e-05, "dvar2": 0.000134652116685, "max": 0.104874931276, "mean": 0.00765021005645, "median": 0.00529294833541, "min": 8.48715069984e-15, "var": 7.25050922483e-05}, "spectral_energyband_middle_high": {"dmean": 0.00177418626845, "dmean2": 0.0028568317648, "dvar": 6.6537895691e-06, "dvar2": 1.67890957528e-05, "max": 0.0427181348205, "mean": 0.00655657611787, "median": 0.00406758394092, "min": 4.96635610241e-13, "var": 3.9801136154e-05}, "spectral_energyband_middle_low": {"dmean": 0.00246828282252, "dmean2": 0.00402776617557, "dvar": 9.97851020657e-06, "dvar2": 2.64757836703e-05, "max": 0.0427105762064, "mean": 0.00674401503056, "median": 0.00558858551085, "min": 1.16380456704e-13, "var": 2.45252031164e-05}, "spectral_entropy": {"dmean": 0.0784491971135, "dmean2": 0.122689276934, "dvar": 0.00508373510092, "dvar2": 0.0116926394403, "max": 8.65548706055, "mean": 7.98649597168, "median": 8.00356483459, "min": 7.09195423126, "var": 0.0367590710521}, "spectral_flux": {"dmean": 0.0156531278044, "dmean2": 0.0253293421119, "dvar": 0.000379805685952, "dvar2": 0.000893806689419, "max": 0.286411672831, "mean": 0.0773294121027, "median": 0.0752298384905, "min": 0.000127536099171, "var": 0.00132658192888}, "spectral_kurtosis": {"dmean": 0.659165620804, "dmean2": 1.10426998138, "dvar": 0.38596406579, "dvar2": 1.10799467564, "max": 10.5693759918, "mean": 3.07547187805, "median": 2.94713973999, "min": -0.106223084033, "var": 1.20792853832}, "spectral_rms": {"dmean": 0.000591919233557, "dmean2": 0.000937396544032, "dvar": 5.00261194247e-07, "dvar2": 1.2250071677e-06, "max": 0.0115889105946, "mean": 0.00438090786338, "median": 0.00442978320643, "min": 4.49553567705e-08, "var": 2.39862902163e-06}, "spectral_rolloff": {"dmean": 663.07019043, "dmean2": 1080.76574707, "dvar": 540710.625, "dvar2": 1254771.5, "max": 17463.4277344, "mean": 2815.16796875, "median": 2713.18359375, "min": 129.19921875, "var": 2179187.5}, "spectral_skewness": {"dmean": 0.122999630868, "dmean2": 0.198308333755, "dvar": 0.0140346856788, "dvar2": 0.035989806056, "max": 2.0383040905, "mean": 1.18598282337, "median": 1.18379187584, "min": 0.0380399599671, "var": 0.0573732182384}, "spectral_spread": {"dmean": 389404.78125, "dmean2": 583678.4375, "dvar": 173983580160, "dvar2": 366900281344, "max": 9832248, "mean": 4944013.5, "median": 4821964.5, "min": 2367936.75, "var": 1073