{"lowlevel": {"average_loudness": 0.754288852215, "barkbands": {"dmean": [7.93920389697e-06, 0.0017287892988, 0.00115885550622, 0.000607137160841, 0.00150025391486, 0.00128963950556, 0.000242496374995, 0.000538931519259, 0.000795509549789, 0.00018744294357, 0.000116516501294, 0.000230893914704, 0.000269545067567, 0.000186716759345, 0.000255943828961, 0.000400556920795, 8.26185860205e-05, 0.000121594217489, 0.000121706616483, 0.00011366509716, 5.17114531249e-05, 0.000107425024908, 0.000227163167438, 0.000202888812055, 5.65390473639e-05, 8.37829975353e-06, 2.10829149694e-08], "dmean2": [1.36927837957e-05, 0.00273698265664, 0.00185143598355, 0.000983990961686, 0.0021790813189, 0.00179606396705, 0.000354468938895, 0.000792864302639, 0.00109476561192, 0.000254922517342, 0.000153119603056, 0.000324089312926, 0.000399080105126, 0.000289533141768, 0.000373545335606, 0.000579051265959, 0.000123183897813, 0.000187507655937, 0.000186332181329, 0.000164300639881, 7.79206457082e-05, 0.00016232424241, 0.000320236227708, 0.000311457260977, 8.82040039869e-05, 1.3742511328e-05, 3.42616992555e-08], "dvar": [3.79252657057e-10, 1.32980649141e-05, 9.12837640499e-06, 1.23045208511e-06, 1.37817605719e-05, 1.38810446515e-05, 1.09256120595e-06, 5.47647778149e-06, 7.69110738474e-06, 8.8606287818e-07, 3.74720798391e-07, 1.33233618271e-06, 1.76783385086e-06, 7.7515034036e-07, 1.82636199497e-06, 2.71542012342e-06, 1.24778367194e-07, 2.57764241951e-07, 3.49659558196e-07, 2.28275681025e-07, 3.66116026385e-08, 3.27139417777e-07, 1.91961930796e-06, 2.1804720518e-07, 2.51843612631e-08, 6.53939735695e-10, 2.16116627903e-14], "dvar2": [1.0005459794e-09, 3.26541448885e-05, 1.99199166673e-05, 3.24641996485e-06, 2.39815490204e-05, 2.30714194913e-05, 2.03586546377e-06, 1.12176812763e-05, 1.35683048939e-05, 1.38522989346e-06, 5.89812771068e-07, 2.47070624937e-06, 3.78763343178e-06, 1.733273848e-06, 3.71405849364e-06, 4.7453058869e-06, 2.58928793073e-07, 5.73623253786e-07, 8.68053916747e-07, 4.61178927935e-07, 7.98636605737e-08, 6.79124923408e-07, 3.81774634661e-06, 5.33174556949e-07, 6.30703596016e-08, 1.76427594756e-09, 4.66000732468e-14], "max": [0.000287978706183, 0.0545864477754, 0.0615793392062, 0.0202958509326, 0.0843974947929, 0.078411988914, 0.0371127426624, 0.0508550144732, 0.0619638599455, 0.0355413369834, 0.0222742371261, 0.034408017993, 0.0398913025856, 0.0276044942439, 0.0428946055472, 0.044215798378, 0.0135072674602, 0.0186309125274, 0.0205304641277, 0.0154894962907, 0.0046544088982, 0.0282677784562, 0.0774603635073, 0.00506401993334, 0.00275079649873, 0.000353346869815, 8.10959318187e-06], "mean": [7.72983457864e-06, 0.00238311290741, 0.00164352706634, 0.00114737870172, 0.00322870514356, 0.00266069662757, 0.000313655502396, 0.000759630172979, 0.00135129527189, 0.000259586668108, 0.000166579935467, 0.000289088347927, 0.000337917299476, 0.000203737799893, 0.000304457003949, 0.000743923359551, 0.00011962413555, 0.00016430967662, 0.00017318422033, 0.000170588406036, 7.28849045117e-05, 0.00012961163884, 0.000292100565275, 0.000225124749704, 6.23541127425e-05, 7.73775173002e-06, 2.4465000692e-08], "median": [1.65575625033e-06, 0.000613913638517, 0.000308226939524, 0.000483987096231, 0.000952112255618, 0.000155872476171, 4.77342691738e-05, 2.06664280995e-05, 3.08381459035e-05, 1.42133303598e-05, 9.67774030869e-06, 1.34441042974e-05, 1.51706344695e-05, 1.1772705875e-05, 1.24750240502e-05, 2.55077793554e-05, 1.65652963915e-05, 1.74346860149e-05, 2.14973788388e-05, 1.75251570909e-05, 9.29635825742e-06, 1.17967465485e-05, 2.93052580673e-05, 5.03407572978e-05, 8.83641769178e-06, 1.04257799194e-06, 8.13682277112e-09], "min": [7.10999840838e-25, 2.84719346116e-24, 3.2164023543e-25, 1.14020929721e-24, 4.31438520915e-24, 8.1696304945e-24, 8.60822769148e-24, 1.16740606578e-23, 2.37746347413e-23, 1.64687667061e-23, 1.22555789404e-23, 9.05391280368e-24, 4.01905856321e-23, 3.0942469473e-23, 3.51505501532e-23, 6.19299545047e-23, 7.05186870766e-23, 1.01111514464e-22, 1.14527192251e-22, 1.4233980244e-22, 2.10618642039e-22, 3.17747846234e-22, 3.6126883537e-22, 6.11183933381e-22, 9.13950667314e-22, 1.38298913572e-21, 2.00806878452e-21], "var": [3.65260294233e-10, 2.06485528906e-05, 1.88028734556e-05, 2.42486453317e-06, 5.48758544028e-05, 4.99353409396e-05, 2.29383272199e-06, 9.90839362203e-06, 2.24964951485e-05, 2.24997688747e-06, 9.00452846508e-07, 2.47820594268e-06, 3.20951585309e-06, 1.02020135273e-06, 3.19082118949e-06, 6.76296804158e-06, 2.35116004887e-07, 4.66491258067e-07, 5.61163176371e-07, 4.40456773276e-07, 6.25108924623e-08, 4.81720064727e-07, 2.91751598525e-06, 2.45036176239e-07, 3.04747622693e-08, 5.14697229281e-10, 2.06128788083e-14]}, "barkbands_crest": {"dmean": 3.00465297699, "dmean2": 4.84167289734, "dvar": 7.60762405396, "dvar2": 18.811920166, "max": 26.2623882294, "mean": 12.8055534363, "median": 11.8764133453, "min": 2.74626708031, "var": 23.9633388519}, "barkbands_flatness_db": {"dmean": 0.0286027770489, "dmean2": 0.0421126410365, "dvar": 0.000810268044006, "dvar2": 0.00166147830896, "max": 0.565915644169, "mean": 0.20268215239, "median": 0.191282629967, "min": 0.0561089664698, "var": 0.00632519181818}, "barkbands_kurtosis": {"dmean": 9.27719211578, "dmean2": 14.3392839432, "dvar": 355.543945312, "dvar2": 789.901123047, "max": 386.28503418, "mean": 16.2398433685, "median": 4.82307624817, "min": -1.972037673, "var": 1052.89941406}, "barkbands_skewness": {"dmean": 0.950991392136, "dmean2": 1.40470278263, "dvar": 1.06052625179, "dvar2": 2.27921128273, "max": 16.5050201416, "mean": 2.43034815788, "median": 2.10243749619, "min": -8.22264385223, "var": 5.91574478149}, "barkbands_spread": {"dmean": 8.75500583649, "dmean2": 13.0605735779, "dvar": 146.4193573, "dvar2": 297.561706543, "max": 115.77520752, "mean": 22.9061737061, "median": 15.6930503845, "min": 0.163314223289, "var": 475.504760742}, "dissonance": {"dmean": 0.0200170148164, "dmean2": 0.0322603359818, "dvar": 0.000522454909515, "dvar2": 0.00133560644463, "max": 0.5, "mean": 0.449826002121, "median": 0.462228536606, "min": 0.157398432493, "var": 0.00193810649216}, "dynamic_complexity": 5.36103725433, "erbbands": {"dmean": [0.0289899222553, 0.464522540569, 1.31235599518, 1.441426754, 2.77838873863, 5.90104389191, 11.085351944, 11.1792001724, 4.44157171249, 5.50800848007, 14.0411262512, 17.7443828583, 8.93669700623, 5.14537572861, 5.64093255997, 8.66672992706, 10.5506219864, 9.30694293976, 12.6183366776, 11.0373258591, 20.1367206573, 4.71052408218, 5.48981332779, 6.12667703629, 6.34044647217, 5.59721231461, 2.60540652275, 1.69940590858, 3.04341483116, 7.30384159088, 5.85958480835, 4.04208517075, 3.35312008858, 0.672194957733, 0.442386001348, 0.0847127214074, 0.00683638360351, 0.000385127757909, 2.01731327252e-05, 9.2156460596e-06], "dmean2": [0.0456785745919, 0.740577042103, 2.09786128998, 2.40256810188, 4.37185096741, 8.27916717529, 15.3970870972, 15.3903951645, 6.08386611938, 7.80180835724, 19.8197021484, 24.1255702972, 11.4716043472, 6.72801208496, 7.15344715118, 12.057015419, 14.9144086838, 13.7825489044, 18.2376708984, 15.3261604309, 29.1252326965, 6.72897768021, 8.40982818604, 9.47141838074, 9.58908176422, 7.80779361725, 3.82207322121, 2.5383708477, 4.59139490128, 10.5624570847, 8.30975914001, 6.06516170502, 5.23653650284, 1.01369726658, 0.714964568615, 0.139540448785, 0.0106820492074, 0.000610629795119, 3.04789664369e-05, 1.29362033476e-05], "dvar": [0.00462987227365, 0.918788611889, 9.75669384003, 8.16080379486, 20.2588596344, 279.976013184, 828.322692871, 1578.15612793, 381.837890625, 595.109741211, 3276.58959961, 4185.31835938, 1637.77062988, 526.735595703, 972.758728027, 2270.17260742, 2540.59936523, 1873.40148926, 3921.29321289, 2326.00195312, 6728.328125, 283.267883301, 493.884490967, 698.339538574, 969.776123047, 581.266723633, 86.4499435425, 42.8696708679, 218.842056274, 2634.30981445, 1049.53552246, 98.4507369995, 65.8603668213, 3.10923218727, 1.76468360424, 0.068096332252, 0.000360089994501, 1.26693828406e-06, 2.88216095434e-09, 2.04609801324e-10], "dvar2": [0.0111491009593, 2.28022623062, 21.0555725098, 21.4279956818, 49.0786170959, 462.947601318, 1442.99023438, 2719.85205078, 680.842529297, 1082.74768066, 6431.8515625, 7353.26708984, 2664.01708984, 821.321166992, 1508.37768555, 4113.02539062, 4513.0625, 3786.66455078, 7827.37695312, 4085.80615234, 12243.4414062, 531.415222168, 1138.21679688, 1605.64025879, 2294.96484375, 1101.82910156, 181.318786621, 96.5960617065, 466.363769531, 5335.26123047, 2121.48168945, 222.595932007, 165.494094849, 7.20551633835, 4.70059156418, 0.185582756996, 0.000932547322009, 3.35598110723e-06, 6.96091184693e-09, 4.1797262873e-10], "max": [0.985516965389, 13.9569768906, 60.0897331238, 43.0560646057, 83.9671936035, 380.603149414, 701.912414551, 926.140441895, 730.419006348, 1054.91210938, 1152.21154785, 1797.73815918, 1201.35253906, 786.669616699, 1463.35888672, 1730.60192871, 2187.19897461, 1812.66687012, 1920.67541504, 2312.09570312, 2169.52734375, 580.50579834, 851.421447754, 716.588684082, 1269.22460938, 1022.03234863, 213.889862061, 210.419570923, 649.018676758, 3016.05981445, 1674.03942871, 219.118530273, 85.5179290771, 31.6223678589, 28.9087085724, 4.60885858536, 0.234185293317, 0.0147611871362, 0.00155538204126, 0.000514670042321], "mean": [0.0371756963432, 0.652580976486, 1.99066519737, 2.46160197258, 5.60797834396, 11.3390817642, 21.8204936981, 22.198299408, 6.98384714127, 8.40859413147, 21.35272789, 29.044298172, 14.8534765244, 8.07933616638, 8.6824426651, 12.141207695, 14.8668632507, 11.9959497452, 16.0148849487, 18.532541275, 37.0407295227, 8.19470405579, 8.09815406799, 8.82648849487, 9.39253520966, 8.51027011871, 4.08012390137, 2.34397268295, 3.72181868553, 8.82205104828, 7.62111473083, 4.84426021576, 3.50693798065, 0.793494403362, 0.440927445889, 0.0780159905553, 0.00695718126372, 0.000380097102607, 2.91670512524e-05, 2.39158889599e-05], "median": [0.0071287159808, 0.175259709358, 0.47565087676, 1.20669233799, 2.87938261032, 2.26684617996, 2.50589847565, 1.33665084839, 1.05797028542, 0.773902535439, 0.658811092377, 0.838886141777, 0.508968830109, 0.591734170914, 0.569357454777, 0.530909538269, 0.694695234299, 0.749327600002, 0.851695656776, 1.10358965397, 1.62085962296, 1.40022540092, 1.04040837288, 1.17656242847, 1.12250256538, 0.894366979599, 0.562431395054, 0.277698516846, 0.33638882637, 0.685201644897, 0.858129382133, 1.01167368889, 0.75037163496, 0.127011030912, 0.0607969760895, 0.0108909495175, 0.00115025206469, 6.56853953842e-05, 1.34878309836e-05, 1.57222166308e-05], "min": [1.21916483905e-22, 8.10130412761e-22, 2.91217517456e-21, 4.58443973044e-21, 9.51772915173e-21, 2.22432146357e-20, 6.83083294154e-20, 3.89739102613e-20, 1.02122516429e-19, 1.27996855237e-19, 3.11167458662e-19, 5.95091051765e-19, 4.85687730358e-19, 5.80766558302e-19, 5.63485152643e-19, 7.59859174232e-19, 1.67357187445e-18, 1.4946421614e-18, 1.79307982742e-18, 2.3947323343e-18, 3.62304860144e-18, 4.43710144408e-18, 4.60537727764e-18, 5.44083714094e-18, 6.82898310719e-18, 7.87961829042e-18, 8.89887189557e-18, 1.03117038264e-17, 1.16219496449e-17, 1.16748304743e-17, 1.03427181363e-17, 9.78518020549e-18, 1.01323479086e-17, 8.33372307592e-18, 6.4040360247e-18, 4.39671104195e-18, 2.34302651498e-18, 8.42811275902e-19, 2.5808619308e-19, 2.63990168852e-20], "var": [0.00619196845219, 1.47860503197, 21.8843421936, 12.4027099609, 49.7313156128, 1012.52374268, 2985.51123047, 5080.68798828, 722.518005371, 1871.51635742, 6422.60839844, 11077.7177734, 4330.09960938, 1507.54248047, 2317.83398438, 4619.46875, 5880.72998047, 3118.29272461, 6803.16064453, 5040.2734375, 16552.7265625, 768.451477051, 1016.29693604, 1146.42089844, 1697.86779785, 1196.25524902, 180.827026367, 63.4674720764, 335.772033691, 3600.12670898, 1652.31640625, 149.846206665, 64.8855667114, 4.81007671356, 1.58907997608, 0.0521833263338, 0.000331456161803, 1.07172547814e-06, 3.18403103883e-09, 6.40520858575e-10]}, "erbbands_crest": {"dmean": 3.32605147362, "dmean2": 5.16020727158, "dvar": 9.91525554657, "dvar2": 21.1256504059, "max": 30.611207962, "mean": 12.7072792053, "median": 11.7849149704, "min": 2.45724821091, "var": 36.1411781311}, "erbbands_flatness_db": {"dmean": 0.0229687653482, "dmean2": 0.0324276462197, "dvar": 0.000554762780666, "dvar2": 0.00100115698297, "max": 0.452181011438, "mean": 0.183437779546, "median": 0.179512888193, "min": 0.0250326562673, "var": 0.0040198569186}, "erbbands_kurtosis": {"dmean": 2.44246602058, "dmean2": 3.64895939827, "dvar": 27.5756206512, "dvar2": 53.3569145203, "max": 117.986335754, "mean": 2.53004217148, "median": 0.153737187386, "min": -1.93754065037, "var": 62.2687416077}, "erbbands_skewness": {"dmean": 0.623620390892, "dmean2": 0.890525519848, "dvar": 0.473533123732, "dvar2": 0.88015794754, "max": 9.76482200623, "mean": 0.463847756386, "median": 0.450462400913, "min": -7.66007041931, "var": 2.33880972862}, "erbbands_spread": {"dmean": 14.6422595978, "dmean2": 21.7336483002, "dvar": 263.322845459, "dvar2": 546.917785645, "max": 165.666229248, "mean": 51.6310348511, "median": 46.1771087646, "min": 0.942777514458, "var": 1034.14880371}, "gfcc": {"cov": [[28388.0761719, -295.448272705, -2568.98242188, 820.073852539, -1989.81530762, 883.584472656, -1843.55456543, 657.872741699, -355.528656006, 294.162750244, -299.056060791, 74.2231750488, -131.948654175], [-295.448272705, 2569.58032227, -471.092254639, -250.261535645, 454.344116211, -555.094055176, 660.831726074, -296.062408447, 84.6022720337, -216.557739258, 253.984451294, -317.033294678, 184.04914856], [-2568.98242188, -471.092254639, 1222.10681152, 370.27746582, 242.282226562, 279.274780273, -15.2306003571, 55.8752403259, -34.5048789978, -4.34884786606, -25.6311721802, 126.533477783, -78.1058654785], [820.073852539, -250.261535645, 370.27746582, 784.493835449, 160.295654297, 137.780334473, -111.750366211, 35.1300506592, -19.3206939697, 12.2048215866, -48.3018875122, 31.596698761, -3.14151549339], [-1989.81530762, 454.344116211, 242.282226562, 160.295654297, 556.624206543, -52.7411460876, 232.733551025, -35.8418579102, 100.616966248, -14.0417909622, 11.7018346786, -74.5474319458, 70.3877182007], [883.584472656, -555.094055176, 279.274780273, 137.780334473, -52.7411460876, 546.896972656, -117.717498779, 121.635063171, -36.5621185303, 55.0499610901, -94.8078384399, 82.1248397827, -91.5736618042], [-1843.55456543, 660.831726074, -15.2306003571, -111.750366211, 232.733551025, -117.717498779, 560.207580566, -79.4502716064, 22.2842559814, -64.4107284546, 109.477470398, -115.075775146, 17.6496925354], [657.872741699, -296.062408447, 55.8752403259, 35.1300506592, -35.8418579102, 121.635063171, -79.4502716064, 228.95526123, 37.7920722961, 50.9493560791, -60.543964386, 40.2070350647, -19.6297016144], [-355.528656006, 84.6022720337, -34.5048789978, -19.3206939697, 100.616966248, -36.5621185303, 22.2842559814, 37.7920722961, 202.151763916, 31.775270462, -30.7885189056, -14.4151306152, 57.721698761], [294.162750244, -216.557739258, -4.34884786606, 12.2048215866, -14.0417909622, 55.0499610901, -64.4107284546, 50.9493560791, 31.775270462, 143.007064819, 1.6880427599, 24.2833976746, -5.58248376846], [-299.056060791, 253.984451294, -25.6311721802, -48.3018875122, 11.7018346786, -94.8078384399, 109.477470398, -60.543964386, -30.7885189056, 1.6880427599, 159.882965088, 8.8597869873, 5.76483297348], [74.2231750488, -317.033294678, 126.533477783, 31.596698761, -74.5474319458, 82.1248397827, -115.075775146, 40.2070350647, -14.4151306152, 24.2833976746, 8.8597869873, 147.938110352, 12.7651338577], [-131.948654175, 184.04914856, -78.1058654785, -3.14151549339, 70.3877182007, -91.5736618042, 17.6496925354, -19.6297016144, 57.721698761, -5.58248376846, 5.76483297348, 12.7651338577, 123.018058777]], "icov": [[0.000190436621779, -0.000403452606406, 0.000417522649514, -0.000448717939435, 0.0005843223189, -0.000428995670518, 0.000524332048371, -0.000500546651892, 0.000230576973991, -0.000347977300407, 0.000130783315399, -8.45153990667e-05, 0.000131392211188], [-0.000403452606406, 0.0020872768946, -0.000696026661899, 0.00108906044625, -0.00171168823726, 0.000935855554417, -0.00138040084857, 0.00124716747086, -0.00066380930366, 0.00203266111203, -0.0019626931753, 0.00210232962854, -0.00161903665867], [0.000417522649514, -0.000696026661899, 0.00240040547214, -0.0013481581118, 0.000285095156869, -0.00120534875896, 0.00100538937841, -0.00101697363425, 0.000537616666406, -0.000199837901164, 0.00019767228514, -0.00165217276663, 0.00151274516247], [-0.000448717939435, 0.00108906044625, -0.0013481581118, 0.00276565202512, -0.00199690484442, 0.000787936965935, -0.000700151140336, 0.00110074062832, -0.000133652851218, 0.000960985431448, -0.000488280551508, 0.000764999189414, -0.000840963446535], [0.0005843223189, -0.00171168823726, 0.000285095156869, -0.00199690484442, 0.00554145453498, -0.00133858004119, 0.000571013719309, -0.00136466766708, -0.00031330465572, -0.00195714598522, 0.001102268463, 0.000903256004676, -0.00123633455951], [-0.000428995670518, 0.000935855554417, -0.00120534875896, 0.000787936965935, -0.00133858004119, 0.00405239127576, -0.00155102857389, 0.000544733426068, -0.000129832609673, -7.1844777267e-05, 0.00152140145656, -0.00142705172766, 0.00162090582307], [0.000524332048371, -0.00138040084857, 0.00100538937841, -0.000700151140336, 0.000571013719309, -0.00155102857389, 0.00486958725378, -0.00161493767519, 0.000498845474795, 8.90126011655e-06, -0.00179240759462, 0.00155528250616, 0.000499403337017], [-0.000500546651892, 0.00124716747086, -0.00101697363425, 0.00110074062832, -0.00136466766708, 0.000544733426068, -0.00161493767519, 0.00734093040228, -0.00184319587424, -0.000323613116052, 0.00124375417363, -0.000923220126424, 0.000456706504337], [0.000230576973991, -0.00066380930366, 0.000537616666406, -0.000133652851218, -0.00031330465572, -0.000129832609673, 0.000498845474795, -0.00184319587424, 0.00749836489558, -0.00234210584313, 0.00199201679789, 3.88395928894e-05, -0.00242668320425], [-0.000347977300407, 0.00203266111203, -0.000199837901164, 0.000960985431448, -0.00195714598522, -7.1844777267e-05, 8.90126011655e-06, -0.000323613116052, -0.00234210584313, 0.010853882879, -0.00429144268855, 0.00197095889598, -0.000915166398045], [0.000130783315399, -0.0019626931753, 0.00019767228514, -0.000488280551508, 0.001102268463, 0.00152140145656, -0.00179240759462, 0.00124375417363, 0.00199201679789, -0.00429144268855, 0.0126977907494, -0.00648694811389, 0.00309584499337], [-8.45153990667e-05, 0.00210232962854, -0.00165217276663, 0.000764999189414, 0.000903256004676, -0.00142705172766, 0.00155528250616, -0.000923220126424, 3.88395928894e-05, 0.00197095889598, -0.00648694811389, 0.0159808546305, -0.00749805942178], [0.000131392211188, -0.00161903665867, 0.00151274516247, -0.000840963446535, -0.00123633455951, 0.00162090582307, 0.000499403337017, 0.000456706504337, -0.00242668320425, -0.000915166398045, 0.00309584499337, -0.00749805942178, 0.0152763547376]], "mean": [-104.601837158, 94.5953216553, -99.4853897095, 55.5276222229, -60.8066635132, 16.2406902313, -51.1040115356, 3.6201467514, -22.3571853638, -12.0209646225, -8.26477146149, -10.8902139664, -3.17987680435]}, "hfc": {"dmean": 7.2214589119, "dmean2": 9.91995048523, "dvar": 292.853759766, "dvar2": 588.669250488, "max": 779.518737793, "mean": 15.2948007584, "median": 6.15521001816, "min": 1.06717204569e-16, "var": 661.165893555}, "melbands": {"dmean": [0.000384600192774, 0.000646497472189, 0.000297709077131, 0.000271379190963, 0.00036236361484, 0.000234940118389, 6.64122635499e-05, 6.92330650054e-05, 0.000125150036183, 0.00010939189815, 4.46920894319e-05, 2.14870997297e-05, 1.64749380929e-05, 2.2899474061e-05, 2.44386610575e-05, 2.59121770796e-05, 1.74948254426e-05, 2.02312166948e-05, 1.83718275366e-05, 2.53173584497e-05, 2.07049797609e-05, 4.74795342598e-06, 4.53090115116e-06, 6.46014950689e-06, 5.19433933732e-06, 4.7211187848e-06, 4.87080478706e-06, 3.5356886201e-06, 1.86459976703e-06, 1.34899028126e-06, 9.13520352697e-07, 1.29986710817e-06, 3.109453246e-06, 4.70871964353e-06, 3.71366604668e-06, 2.64417803919e-06, 2.66348570221e-06, 3.21655579683e-06, 8.00821055691e-07, 4.68078667382e-07], "dmean2": [0.00060366600519, 0.00103757518809, 0.000482070085127, 0.000399869924877, 0.000504056282807, 0.000324159569573, 9.14662450668e-05, 0.000100178469438, 0.000175036344444, 0.000149201368913, 5.83782748436e-05, 2.81770171568e-05, 2.08215751627e-05, 3.23182757711e-05, 3.4955504816e-05, 3.66406820831e-05, 2.6610770874e-05, 2.98281120195e-05, 2.73564928648e-05, 3.66656022379e-05, 3.03482283925e-05, 7.08914149072e-06, 6.75486126056e-06, 1.01865025499e-05, 8.15924340714e-06, 7.33740671421e-06, 7.27101451048e-06, 5.01811337017e-06, 2.80201220448e-06, 2.03541117116e-06, 1.41273380905e-06, 1.98679890673e-06, 4.70742133984e-06, 6.85644045006e-06, 5.29227145307e-06, 4.05298123951e-06, 4.08357072956e-06, 5.07746972289e-06, 1.26471616113e-06, 7.14785812761e-07], "dvar": [7.04666661022e-07, 1.82596659215e-06, 2.71400608653e-07, 3.690280721e-07, 8.10944811747e-07, 6.25821826361e-07, 7.37053795774e-08, 9.62214059541e-08, 2.35304128182e-07, 1.60447058306e-07, 4.38329585961e-08, 1.03909449933e-08, 8.05776423363e-09, 1.48304408754e-08, 1.62559654626e-08, 1.68565836844e-08, 6.7365011347e-09, 1.00528581015e-08, 1.13173701521e-08, 1.15936842349e-08, 7.57516716021e-09, 3.31063565451e-10, 3.16380782683e-10, 1.03033603871e-09, 5.48683876112e-10, 5.65878399694e-10, 5.37922484334e-10, 2.28740429375e-10, 5.11371084366e-11, 3.10533716796e-11, 1.45360763357e-11, 3.92111343395e-11, 3.17782633541e-10, 1.17577336756e-09, 5.09355058131e-10, 9.02034072436e-11, 3.87233682619e-11, 6.18875090064e-11, 4.19720161404e-12, 1.94745001375e-12], "dvar2": [1.68410315382e-06, 4.09889207731e-06, 7.0597013746e-07, 6.21098138254e-07, 1.4014945009e-06, 1.0535943602e-06, 1.26912809151e-07, 1.8795287815e-07, 4.42413977453e-07, 2.78842293255e-07, 7.05472018581e-08, 1.59657389531e-08, 1.20499317191e-08, 2.88202155474e-08, 2.59828603077e-08, 3.24064259871e-08, 1.40820830552e-08, 2.01894518881e-08, 2.36592416769e-08, 1.91765128221e-08, 1.45427154763e-08, 6.33878727285e-10, 6.78819611633e-10, 2.30323005113e-09, 1.31625377264e-09, 1.43159240018e-09, 1.2111459613e-09, 4.31871177708e-10, 1.12808748454e-10, 6.77989747677e-11, 3.40979848523e-11, 8.97114882381e-11, 6.58712473456e-10, 2.36741937165e-09, 1.03739428159e-09, 1.98623714698e-10, 9.23305945588e-11, 1.55971235927e-10, 1.0626993209e-11, 4.2620473123e-12], "max": [0.0129643036053, 0.0225047543645, 0.00741063198075, 0.0136526497081, 0.024421742186, 0.0179068669677, 0.00927440356463, 0.0106886858121, 0.00834328122437, 0.0109029635787, 0.00602578464895, 0.00386316655204, 0.00343299680389, 0.00350996502675, 0.00476960325614, 0.00441327271983, 0.00305537343957, 0.00244832085446, 0.00413531949744, 0.00291804084554, 0.00300399237312, 0.000582746055443, 0.000507956836373, 0.00147384882439, 0.000627675268333, 0.000880162755493, 0.000781713286415, 0.000668076681904, 0.000198662091861, 0.000182484975085, 0.000114166730782, 0.000163652861374, 0.000965823535807, 0.00201267306693, 0.00115202635061, 0.000314529897878, 8.36667895783e-05, 9.02154497453e-05, 2.37801177718e-05, 2.97628048429e-05], "mean": [0.000517793640029, 0.00101222132798, 0.000574972887989, 0.000536815205123, 0.00076443416765, 0.000480315444293, 9.94877482299e-05, 0.000103322214272, 0.000190327278688, 0.000185402546776, 7.06998689566e-05, 3.1839183066e-05, 2.51469955401e-05, 2.97176029562e-05, 3.47084678651e-05, 3.28715723299e-05, 2.00251652132e-05, 2.42204532697e-05, 2.15180807572e-05, 4.93910192745e-05, 3.55968513759e-05, 7.29424573365e-06, 6.31722650724e-06, 8.54677546158e-06, 6.87348529027e-06, 6.56310612612e-06, 6.78656306263e-06, 5.27918473381e-06, 2.72682973446e-06, 1.82404687621e-06, 1.14180181754e-06, 1.52684299337e-06, 3.62879450222e-06, 5.57813609703e-06, 4.70248414786e-06, 3.2423643006e-06, 3.02997204926e-06, 3.28487931256e-06, 8.49672574077e-07, 5.68957318592e-07], "median": [0.000118888143334, 0.000275475293165, 0.000304403656628, 0.000204739073524, 9.56512521952e-05, 2.41960478888e-05, 1.28084384414e-05, 5.92431524638e-06, 4.5164047151e-06, 4.50489778814e-06, 2.02386627279e-06, 2.08634264709e-06, 1.6100736957e-06, 1.62906212609e-06, 1.09297013751e-06, 1.4922804894e-06, 1.20066056297e-06, 1.13975556815e-06, 9.23202094327e-07, 1.68323549588e-06, 1.73157502559e-06, 1.03213960756e-06, 7.99780139005e-07, 8.21572427867e-07, 8.45935687721e-07, 7.70813187501e-07, 5.95054643782e-07, 5.55015844839e-07, 3.36376899668e-07, 2.35966922446e-07, 1.15399757306e-07, 1.15616984431e-07, 3.14107381882e-07, 3.63149041505e-07, 4.17773946992e-07, 5.14218868375e-07, 6.83147618474e-07, 6.70980853101e-07, 1.56042545996e-07, 6.67187975978e-08], "min": [1.48176407968e-24, 2.08180984534e-24, 7.71357560848e-25, 1.13583545793e-24, 2.55737838914e-24, 8.39244267946e-25, 1.59817224055e-24, 1.64938854178e-24, 2.33237297365e-24, 3.23393764754e-24, 2.36616935255e-24, 2.37438395837e-24, 1.80085368128e-24, 1.53552435872e-24, 2.39143972279e-24, 3.34199305332e-24, 2.41117564213e-24, 2.48899184005e-24, 2.83593306338e-24, 3.21959497299e-24, 3.37525773997e-24, 3.80916634215e-24, 3.84477670671e-24, 4.60014060574e-24, 3.52660701553e-24, 4.8303511227e-24, 3.88076533006e-24, 4.21953139062e-24, 3.30816354226e-24, 4.81981391316e-24, 5.0801123739e-24, 5.33810459979e-24, 5.9483666072e-24, 5.36676352204e-24, 5.26296954287e-24, 4.85956343088e-24, 6.24340413563e-24, 5.58086747147e-24, 7.27052706664e-24, 6.01026891687e-24], "var": [1.04867410755e-06, 4.02468140237e-06, 5.10121424213e-07, 1.21570326428e-06, 3.49769538843e-06, 2.14526062337e-06, 1.47710380816e-07, 2.58409301068e-07, 5.14265252605e-07, 4.7161091743e-07, 1.11992584095e-07, 2.90044912532e-08, 2.02859276044e-08, 2.60125467832e-08, 4.50165060784e-08, 3.09282199851e-08, 9.82573133967e-09, 1.63449023205e-08, 1.84917361423e-08, 3.04477723034e-08, 1.71580705199e-08, 7.68918761995e-10, 5.78038839016e-10, 1.75270908898e-09, 7.88321075085e-10, 8.36513525115e-10, 8.40998382046e-10, 4.89446982943e-10, 9.42022918005e-11, 4.9313383238e-11, 1.88235798476e-11, 5.53179065055e-11, 4.48280107479e-10, 1.60958368856e-09, 7.70562391672e-10, 1.49822598772e-10, 4.68046434943e-11, 5.93426557893e-11, 4.36304117835e-12, 3.51260860676e-12]}, "melbands_crest": {"dmean": 3.42161726952, "dmean2": 5.43955087662, "dvar": 9.13912391663, "dvar2": 21.8586006165, "max": 33.2973175049, "mean": 17.0715179443, "median": 16.5948982239, "min": 1.67299342155, "var": 35.7346229553}, "melbands_flatness_db": {"dmean": 0.0336258225143, "dmean2": 0.0487049594522, "dvar": 0.00112122844439, "dvar2": 0.0022649965249, "max": 0.684124648571, "mean": 0.255945265293, "median": 0.247294411063, "min": 0.00340429018252, "var": 0.0107219805941}, "melbands_kurtosis": {"dmean": 21.6887454987, "dmean2": 33.3877105713, "dvar": 1208.69909668, "dvar2": 2789.21289062, "max": 551.299133301, "mean": 44.9869689941, "median": 21.336309433, "min": -1.9641726017, "var": 3953.96020508}, "melbands_skewness": {"dmean": 1.26052641869, "dmean2": 1.87954282761, "dvar": 1.8502035141, "dvar2": 4.09064245224, "max": 18.4435558319, "mean": 4.3172044754, "median": 3.87831187248, "min": -3.67115807533, "var": 9.38657283783}, "melbands_spread": {"dmean": 11.11739254, "dmean2": 16.5137042999, "dvar": 474.323913574, "dvar2": 960.728820801, "max": 252.771789551, "mean": 25.6375293732, "median": 12.5468235016, "min": 0.215438008308, "var": 1385.61560059}, "mfcc": {"cov": [[11915.7158203, -909.464355469, -187.744445801, -438.360534668, 134.338302612, -238.351989746, -662.605163574, -16.5130252838, -223.510437012, 317.359161377, -90.7684249878, 77.3493804932, -142.398071289], [-909.464355469, 2462.61181641, -498.384887695, 226.88092041, -186.578659058, -75.9508285522, 315.494262695, -85.2457427979, 61.1628494263, 17.3256626129, -30.6899223328, -4.5267791748, 33.5049591064], [-187.744445801, -498.384887695, 901.738525391, 94.4349899292, 286.661010742, 190.84854126, 31.5654392242, 164.247680664, -20.5903816223, -58.5208854675, 20.9151878357, 8.27560997009, 19.9323673248], [-438.360534668, 226.88092041, 94.4349899292, 666.844177246, 197.343414307, 60.1414146423, 110.419441223, -5.19260692596, 67.5057983398, -1.67527794838, -37.9331054688, 4.96100282669, 58.216884613], [134.338302612, -186.578659058, 286.661010742, 197.343414307, 437.164642334, 134.581542969, -24.3407058716, 56.8911437988, 78.6803970337, 37.0077857971, -39.8179969788, 27.1939945221, 34.5471687317], [-238.351989746, -75.9508285522, 190.84854126, 60.1414146423, 134.581542969, 303.392608643, 107.830055237, 64.2670211792, 48.7990493774, 15.1853065491, 23.1926460266, -0.73204267025, 27.9144878387], [-662.605163574, 315.494262695, 31.5654392242, 110.419441223, -24.3407058716, 107.830055237, 310.478881836, 60.4886245728, 1.69823825359, -0.133609116077, 41.7847976685, 2.3762922287, -0.0354019515216], [-16.5130252838, -85.2457427979, 164.247680664, -5.19260692596, 56.8911437988, 64.2670211792, 60.4886245728, 182.884124756, 42.4769515991, 5.86126804352, 21.499004364, 4.15432882309, 6.2833738327], [-223.510437012, 61.1628494263, -20.5903816223, 67.5057983398, 78.6803970337, 48.7990493774, 1.69823825359, 42.4769515991, 214.781082153, 69.7972640991, -14.6513366699, 15.4080448151, 56.5211486816], [317.359161377, 17.3256626129, -58.5208854675, -1.67527794838, 37.0077857971, 15.1853065491, -0.133609116077, 5.86126804352, 69.7972640991, 150.812561035, 26.1436710358, 4.94201993942, 1.70843553543], [-90.7684249878, -30.6899223328, 20.9151878357, -37.9331054688, -39.8179969788, 23.1926460266, 41.7847976685, 21.499004364, -14.6513366699, 26.1436710358, 132.356643677, 17.4802684784, -27.5552768707], [77.3493804932, -4.5267791748, 8.27560997009, 4.96100282669, 27.1939945221, -0.73204267025, 2.3762922287, 4.15432882309, 15.4080448151, 4.94201993942, 17.4802684784, 82.7945022583, 23.7449951172], [-142.398071289, 33.5049591064, 19.9323673248, 58.216884613, 34.5471687317, 27.9144878387, -0.0354019515216, 6.2833738327, 56.5211486816, 1.70843553543, -27.5552768707, 23.7449951172, 115.084312439]], "icov": [[0.000118478666991, 5.60012222195e-06, 3.61873935617e-05, 5.74520390728e-06, -1.28793226395e-05, -3.27264388034e-05, 0.000259112130152, -0.000164702287293, 0.000289851217531, -0.000382982369047, 0.000183076117537, -0.000210044076084, 0.000107174157165], [5.60012222195e-06, 0.000586590555031, 0.000259009655565, -0.000110799453978, 4.79969567095e-05, 0.000220263158553, -0.000706717779394, 0.000200422815396, -0.000172499421751, 2.61866516666e-05, 0.000182991512702, 2.71990047622e-05, -0.000109119107947], [3.61873935617e-05, 0.000259009655565, 0.00206385110505, -6.90116357873e-05, -0.00111959245987, -0.000514906190801, 4.30308027717e-05, -0.0013562575914, 0.000766892568208, 0.000798605324235, -0.000480034184875, 0.000224674717174, -0.000367919710698], [5.74520390728e-06, -0.000110799453978, -6.90116357873e-05, 0.00214136624709, -0.00118865177501, 0.000447258644272, -0.00102359591983, 0.000715654110536, -0.000413396366639, 0.000392733694753, 3.27476773236e-05, 0.000508911150973, -0.000722931872588], [-1.28793226395e-05, 4.79969567095e-05, -0.00111959245987, -0.00118865177501, 0.0045739421621, -0.00149753026199, 0.00117684633005, -0.000313866272336, -0.000575231155381, -0.0013784840703, 0.00177952030208, -0.00177094945684, 0.000867429946084], [-3.27264388034e-05, 0.000220263158553, -0.000514906190801, 0.000447258644272, -0.00149753026199, 0.00530473468825, -0.00227728043683, 0.000266678776825, -0.000915863551199, 0.000242708600126, -0.00104271771852, 0.00137278449256, -0.00118081003893], [0.000259112130152, -0.000706717779394, 4.30308027717e-05, -0.00102359591983, 0.00117684633005, -0.00227728043683, 0.00623896019533, -0.00225054216571, 0.00143623689655, -0.000979984062724, -0.000491234415676, -0.00102029216941, 0.000762658077292], [-0.000164702287293, 0.000200422815396, -0.0013562575914, 0.000715654110536, -0.000313866272336, 0.000266678776825, -0.00225054216571, 0.00818556267768, -0.00253166118637, 0.000845384725835, -0.000918801815715, 0.000609181937762, 7.7798984421e-05], [0.000289851217531, -0.000172499421751, 0.000766892568208, -0.000413396366639, -0.000575231155381, -0.000915863551199, 0.00143623689655, -0.00253166118637, 0.00817665178329, -0.00388828944415, 0.0011366304243, -0.000882265507244, -0.00248522264883], [-0.000382982369047, 2.61866516666e-05, 0.000798605324235, 0.000392733694753, -0.0013784840703, 0.000242708600126, -0.000979984062724, 0.000845384725835, -0.00388828944415, 0.0103289075196, -0.00317284977064, 0.00141778180841, 0.000194085892872], [0.000183076117537, 0.000182991512702, -0.000480034184875, 3.27476773236e-05, 0.00177952030208, -0.00104271771852, -0.000491234415676, -0.000918801815715, 0.0011366304243, -0.00317284977064, 0.0106634069234, -0.0037308819592, 0.00282041472383], [-0.000210044076084, 2.71990047622e-05, 0.000224674717174, 0.000508911150973, -0.00177094945684, 0.00137278449256, -0.00102029216941, 0.000609181937762, -0.000882265507244, 0.00141778180841, -0.0037308819592, 0.0148115139455, -0.00393615895882], [0.000107174157165, -0.000109119107947, -0.000367919710698, -0.000722931872588, 0.000867429946084, -0.00118081003893, 0.000762658077292, 7.7798984421e-05, -0.00248522264883, 0.000194085892872, 0.00282041472383, -0.00393615895882, 0.0120102195069]], "mean": [-734.10925293, 106.658638, 25.3445472717, 31.6536540985, 20.6733798981, 4.21278333664, -2.04376339912, 3.88090372086, -9.81152248383, 5.48295974731, -13.7573041916, -2.29673743248, -2.73401761055]}, "pitch_salience": {"dmean": 0.0784253552556, "dmean2": 0.124319963157, "dvar": 0.00553749175742, "dvar2": 0.0128741897643, "max": 0.981822133064, "mean": 0.491011530161, "median": 0.497889637947, "min": 0.0421232506633, "var": 0.02242192626}, "silence_rate_20dB": {"dmean": 0, "dmean2": 0, "dvar": 0, "dvar2": 0, "max": 1, "mean": 1, "median": 1, "min": 1, "var": 0}, "silence_rate_30dB": {"dmean": 0.00061359105166, "dmean2": 0.0012273703469, "dvar": 0.000613246811554, "dvar2": 0.00153283530381, "max": 1, "mean": 0.999539852142, "median": 1, "min": 0, "var": 0.000459920993308}, "silence_rate_60dB": {"dmean": 0.0616659000516, "dmean2": 0.123350724578, "dvar": 0.0578663609922, "dvar2": 0.125620946288, "max": 1, "mean": 0.213036805391, "median": 0, "min": 0, "var": 0.16765986383}, "spectral_centroid": {"dmean": 313.726623535, "dmean2": 456.969573975, "dvar": 196431.671875, "dvar2": 371600.9375, "max": 11980.6425781, "mean": 1265.93261719, "median": 899.498657227, "min": 108.79221344, "var": 2173901.25}, "spectral_complexity": {"dmean": 1.9711612463, "dmean2": 2.91715240479, "dvar": 6.9771490097, "dvar2": 12.962677002, "max": 43, "mean": 7.07300615311, "median": 5, "min": 0, "var": 33.3216896057}, "spectral_contrast_coeffs": {"dmean": [0.0499215945601, 0.0511626899242, 0.0384408645332, 0.0332487151027, 0.0246623065323, 0.019065817818], "dmean2": [0.081543430686, 0.0795972570777, 0.0591602772474, 0.0511227287352, 0.0378170348704, 0.0292802341282], "dvar": [0.00169841747265, 0.00220054900274, 0.00132907764055, 0.00111884216312, 0.000560234242585, 0.000387446198147], "dvar2": [0.00431632064283, 0.00456859590486, 0.0026847415138, 0.00210300413892, 0.00109881092794, 0.000782325747423], "max": [-0.254763841629, -0.310564100742, -0.399084210396, -0.415278375149, -0.532375335693, -0.525218784809], "mean": [-0.631622731686, -0.711834907532, -0.790818989277, -0.771716892719, -0.803896069527, -0.800516307354], "median": [-0.638357162476, -0.738760590553, -0.819614768028, -0.799052596092, -0.816685795784, -0.807475566864], "min": [-0.978502631187, -0.98790127039, -0.987517356873, -0.976175487041, -0.968761086464, -0.964102327824], "var": [0.0105545837432, 0.0144480187446, 0.00922463648021, 0.00817511975765, 0.00345225748606, 0.00194923719391]}, "spectral_contrast_valleys": {"dmean": [0.40033403039, 0.409281104803, 0.370072126389, 0.332206636667, 0.313814222813, 0.428466767073], "dmean2": [0.657385826111, 0.649437367916, 0.571370363235, 0.504036545753, 0.43766567111, 0.529111564159], "dvar": [0.130851835012, 0.144940525293, 0.124062001705, 0.11506126076, 0.102573722601, 0.180065631866], "dvar2": [0.283062815666, 0.302883803844, 0.247929915786, 0.225924313068, 0.174758136272, 0.330209344625], "max": [-5.42185592651, -5.32843971252, -6.13868045807, -6.24253559113, -5.87775182724, -7.57276916504], "mean": [-8.01554965973, -8.19615840912, -8.86904144287, -9.08552455902, -8.75316047668, -10.8667325974], "median": [-7.5697259903, -7.86974143982, -8.56583976746, -8.7144908905, -8.36560249329, -10.2466182709], "min": [-28.3714027405, -28.0708847046, -27.809928894, -27.5691261292, -27.506362915, -27.3745574951], "var": [6.879134655, 6.53527498245, 5.99612569809, 6.05269670486, 6.34800577164, 6.31953525543]}, "spectral_decrease": {"dmean": 1.40947420402e-09, "dmean2": 1.99415817193e-09, "dvar": 3.80475660737e-18, "dvar2": 6.96120296503e-18, "max": 1.86754591834e-16, "mean": -4.19457535372e-09, "median": -2.70932831725e-09, "min": -2.78056404568e-08, "var": 1.8928964564e-17}, "spectral_energy": {"dmean": 0.00576867256314, "dmean2": 0.00812454521656, "dvar": 6.31732036709e-05, "dvar2": 0.000115376074973, "max": 0.12541103363, "mean": 0.0172185208648, "median": 0.0111895715818, "min": 1.00971966358e-20, "var": 0.000312439457048}, "spectral_energyband_high": {"dmean": 0.000635058968328, "dmean2": 0.000911737501156, "dvar": 4.86893168272e-06, "dvar2": 9.81096673058e-06, "max": 0.113673061132, "mean": 0.000864460656885, "median": 0.000165743214893, "min": 6.98198436573e-21, "var": 8.04746105132e-06}, "spectral_energyband_low": {"dmean": 0.00258177262731, "dmean2": 0.00399851659313, "dvar": 2.51521087193e-05, "dvar2": 5.58835345146e-05, "max": 0.0687074065208, "mean": 0.00435569649562, "median": 0.0014107436873, "min": 2.0654724571e-23, "var": 5.5030308431e-05}, "spectral_energyband_middle_high": {"dmean": 0.00130365695804, "dmean2": 0.00172753306106, "dvar": 9.66734933172e-06, "dvar2": 1.57687554747e-05, "max": 0.0619838684797, "mean": 0.00282164732926, "median": 0.000445401587058, "min": 1.18888876141e-21, "var": 3.70697998733e-05}, "spectral_energyband_middle_low": {"dmean": 0.00338864070363, "dmean2": 0.00484925881028, "dvar": 3.05463508994e-05, "dvar2": 5.69159055885e-05, "max": 0.0989149361849, "mean": 0.00953692663461, "median": 0.00454907678068, "min": 1.83388072359e-22, "var": 0.000156420108397}, "spectral_entropy": {"dmean": 0.275644987822, "dmean2": 0.380041629076, "dvar": 0.075366191566, "dvar2": 0.142300158739, "max": 9.824259758, "mean": 7.27948999405, "median": 7.26370620728, "min": 4.1822052002, "var": 0.655357301235}, "spectral_flux": {"dmean": 0.0230357218534, "dmean2": 0.0362211130559, "dvar": 0.000678368436638, "dvar2": 0.00157594005577, "max": 0.289792507887, "mean": 0.0643955990672, "median": 0.0533754900098, "min": 6.429386884e-11, "var": 0.00225969869643}, "spectral_kurtosis": {"dmean": 2.15948033333, "dmean2": 3.38365864754, "dvar": 9.63463497162, "dvar2": 25.1769447327, "max": 55.260219574, "mean": 4.12636137009, "median": 2.62657475471, "min": -1.27023410797, "var": 30.7951107025}, "spectral_rms": {"dmean": 0.000663167331368, "dmean2": 0.000927986111492, "dvar": 5.67847280308e-07, "dvar2": 9.79834339887e-07, "max": 0.0110612940043, "mean": 0.00354829570279, "median": 0.00330403633416, "min": 3.13861805469e-12, "var": 4.20816922997e-06}, "spectral_rolloff": {"dmean": 831.181945801, "dmean2": 1424.96777344, "dvar": 3070751.75, "dvar2": 6436879, "max": 22006.9335938, "mean": 2022.19616699, "median": 559.86328125, "min": 86.1328125, "var": 10835762}, "spectral_skewness": {"dmean": 0.314801514149, "dmean2": 0.463188916445, "dvar": 0.0978223532438, "dvar2": 0.219707429409, "max": 6.03913402557, "mean": 1.45394790173, "median": 1.38777828217, "min": -0.632945656776, "var": 0.580101072788}, "spectral_spread": {"dmean": 953925.0625, "dmean2": 1318977.375, "dvar": 1143077732350.0, "dvar2": 2048454295550.0, "max": 42345552, "m