{"lowlevel": {"average_loudness": 0.926224350929, "barkbands": {"dmean": [0.000134896559757, 0.0038918054197, 0.00313484692015, 0.00188176205847, 0.00196737237275, 0.000813122082036, 0.000637010554783, 0.000493519182783, 0.000875781639479, 0.000722697528545, 0.000416333088651, 0.000641703431029, 0.000638103054371, 0.000372481008526, 0.000486907840241, 0.000383160513593, 0.000303874694509, 0.000211265563848, 0.000179338938324, 0.0001719918655, 0.000125565115013, 0.000140821561217, 0.000101477817225, 7.24777710275e-05, 4.01750658057e-05, 1.34707870529e-05, 4.16692415683e-07], "dmean2": [0.000219548295718, 0.00698110181838, 0.00560933724046, 0.00325268157758, 0.00321013713256, 0.00130960752722, 0.000969259883277, 0.000759830349125, 0.00135343719739, 0.00110486045014, 0.000653404800687, 0.00101107382216, 0.00101649039425, 0.000586830894463, 0.000765688368119, 0.000613722426351, 0.00048121745931, 0.000331238465151, 0.000281142129097, 0.000265426759142, 0.000189783982933, 0.000208798941458, 0.000152090826305, 0.000106205065094, 5.74435289309e-05, 2.02810206247e-05, 6.78372998664e-07], "dvar": [1.11992939367e-07, 0.000101524005004, 4.4078053179e-05, 2.24344275921e-05, 1.15883713079e-05, 3.12064366881e-06, 1.55752547926e-06, 1.26873442241e-06, 2.80849394585e-06, 2.06337199415e-06, 1.64192363172e-06, 1.39667622534e-06, 2.39156884163e-06, 6.15185001607e-07, 1.85873852843e-06, 8.55257042076e-07, 3.06109257053e-07, 1.63545877285e-07, 1.02798409785e-07, 1.80751257517e-07, 7.54721369844e-08, 9.50702556679e-08, 7.2392367656e-08, 6.99058162468e-08, 1.81166530666e-08, 1.70666025756e-09, 2.50333369485e-12], "dvar2": [2.7020726634e-07, 0.000282206747215, 0.000124927377328, 6.11850555288e-05, 3.04249406327e-05, 7.26037342247e-06, 3.39418124895e-06, 2.8418310194e-06, 6.31657076156e-06, 4.7976186579e-06, 3.64789480045e-06, 3.45744956576e-06, 5.65552545595e-06, 1.33276830638e-06, 3.90878403778e-06, 1.96422024601e-06, 7.06915045612e-07, 3.72758819367e-07, 2.20555520514e-07, 3.88159037357e-07, 1.63573147915e-07, 1.9545588259e-07, 1.59383930054e-07, 1.42174172879e-07, 3.35032126486e-08, 3.82587383996e-09, 6.0350197062e-12], "max": [0.00309553649276, 0.0747122019529, 0.0704614967108, 0.0740832015872, 0.0622326545417, 0.0446544960141, 0.038243047893, 0.0420768111944, 0.0461286939681, 0.0389095619321, 0.0691266059875, 0.0348990112543, 0.0535344406962, 0.0276583433151, 0.0769066289067, 0.0453152693808, 0.0178014095873, 0.0105782486498, 0.0119034191594, 0.0208056885749, 0.00698387483135, 0.00809183996171, 0.0111932335421, 0.00967065151781, 0.00737176276743, 0.000645711726975, 7.56759327487e-05], "mean": [0.000129162959638, 0.00356057239696, 0.00369144463912, 0.00209549092688, 0.00395370554179, 0.00163026433438, 0.00131889479235, 0.000956199422944, 0.00184084824286, 0.00148375076242, 0.000731709529646, 0.00126317190006, 0.00117240147665, 0.000684219354298, 0.000900008890312, 0.000715255970135, 0.00063303229399, 0.000445822486654, 0.000389071268728, 0.000318254722515, 0.000207477482036, 0.000256028666627, 0.000192574356333, 0.000125337770442, 6.58122517052e-05, 1.61747466336e-05, 3.62421161526e-07], "median": [2.17416090891e-05, 0.00138489133678, 0.00201091635972, 0.000853467499837, 0.00219509797171, 0.000684907310642, 0.000611749710515, 0.000369572080672, 0.000933567120228, 0.000689801003318, 0.000211995386053, 0.000556498765945, 0.000427857099567, 0.000331403309247, 0.000429165229434, 0.000319826009218, 0.000322261592373, 0.000212410202948, 0.000206341195735, 0.000122938057757, 6.9182147854e-05, 9.58291057032e-05, 6.79002259858e-05, 2.70343280135e-05, 1.62259530043e-05, 2.12019131141e-06, 1.47604888312e-08], "min": [1.02218753319e-22, 2.35565036569e-23, 1.28039516544e-23, 8.78622626613e-24, 3.37348351291e-23, 4.26413934488e-23, 6.20893548947e-23, 3.84906882001e-23, 5.33913871755e-23, 2.93648107714e-23, 7.00175332099e-23, 8.73682700738e-23, 1.0375031099e-22, 7.71098029555e-23, 1.83154443313e-22, 2.84405056042e-22, 2.28683077141e-22, 1.68572368413e-22, 3.02833225442e-22, 3.66569652487e-22, 3.16937351608e-22, 6.13105371354e-22, 5.86902819962e-22, 8.4654034464e-22, 9.27156577521e-22, 1.82427090839e-21, 2.75368950985e-21], "var": [1.09281494076e-07, 6.92160028848e-05, 3.2199677662e-05, 1.85841454368e-05, 2.6854870157e-05, 8.62138313096e-06, 5.22873096998e-06, 3.28240025738e-06, 7.1960726018e-06, 5.50533468413e-06, 4.76793093185e-06, 4.85936288896e-06, 5.71642885916e-06, 1.40722045217e-06, 4.59732382296e-06, 1.94553763322e-06, 9.38581138143e-07, 6.22216020929e-07, 3.75472126279e-07, 4.58441348883e-07, 1.46477916019e-07, 2.20005318852e-07, 1.76875985858e-07, 1.75324970542e-07, 4.20556744984e-08, 2.23538809685e-09, 2.40474805867e-12]}, "barkbands_crest": {"dmean": 2.27213335037, "dmean2": 3.77791523933, "dvar": 5.14501428604, "dvar2": 14.0613746643, "max": 25.2252292633, "mean": 8.16892623901, "median": 7.35936355591, "min": 2.2318572998, "var": 11.6495466232}, "barkbands_flatness_db": {"dmean": 0.018044328317, "dmean2": 0.0283364616334, "dvar": 0.000328994152369, "dvar2": 0.000832339108456, "max": 0.297695666552, "mean": 0.126541629434, "median": 0.125110834837, "min": 0.0294567458332, "var": 0.00125350116286}, "barkbands_kurtosis": {"dmean": 1.61125183105, "dmean2": 2.71364116669, "dvar": 10.3177623749, "dvar2": 27.9108200073, "max": 61.2955703735, "mean": 1.49363052845, "median": 0.38239595294, "min": -1.88220572472, "var": 14.7208366394}, "barkbands_skewness": {"dmean": 0.444544523954, "dmean2": 0.714105367661, "dvar": 0.299716025591, "dvar2": 0.763950705528, "max": 7.11957263947, "mean": 0.970427393913, "median": 0.876299142838, "min": -3.97483205795, "var": 0.896633923054}, "barkbands_spread": {"dmean": 4.57112693787, "dmean2": 7.0689291954, "dvar": 28.409702301, "dvar2": 62.4918899536, "max": 96.646522522, "mean": 23.0999221802, "median": 20.9684143066, "min": 2.46744990349, "var": 122.651428223}, "dissonance": {"dmean": 0.0162419583648, "dmean2": 0.0273081902415, "dvar": 0.000236861247686, "dvar2": 0.000654072209727, "max": 0.500000059605, "mean": 0.467792004347, "median": 0.47206145525, "min": 0.307957857847, "var": 0.000496819498949}, "dynamic_complexity": 2.33880209923, "erbbands": {"dmean": [0.0733123272657, 1.04717004299, 3.52468657494, 5.12476825714, 5.58417606354, 7.78535842896, 6.54323577881, 7.02700853348, 9.46314716339, 7.97298669815, 11.9104690552, 19.9499149323, 14.927110672, 22.8675327301, 22.161113739, 18.3457241058, 24.8202781677, 17.6261882782, 26.2622814178, 17.4895114899, 22.9495582581, 15.7485170364, 12.6748332977, 8.4745092392, 8.41954898834, 7.94534826279, 5.68346500397, 4.91602611542, 4.74347114563, 4.57922458649, 2.6125702858, 1.99958109856, 0.902768433094, 0.562184214592, 0.231074377894, 0.0745619237423, 0.0239344872534, 0.00266842241399, 6.47290798952e-05, 1.47157361425e-05], "dmean2": [0.124425388873, 1.91759538651, 6.37699651718, 9.0291557312, 9.13367557526, 12.9877719879, 10.5946521759, 11.1229791641, 14.6153001785, 11.7920951843, 18.2779331207, 30.818403244, 23.0626602173, 35.1509819031, 34.2649002075, 28.9953632355, 39.4829902649, 27.457901001, 40.6415710449, 28.1020507813, 36.5522232056, 24.7011108398, 19.6012191772, 13.164809227, 13.0115566254, 12.1834115982, 8.65561580658, 7.37378740311, 6.99669456482, 6.87165641785, 3.89078831673, 2.98509836197, 1.31436026096, 0.802307724953, 0.338099062443, 0.110794067383, 0.0363580882549, 0.00410620681942, 9.83978752629e-05, 2.29948363994e-05], "dvar": [0.0322713851929, 7.60965394974, 65.0899124146, 144.398498535, 115.050376892, 219.425003052, 192.538406372, 248.80305481, 364.489624023, 319.028533936, 659.860534668, 1745.23486328, 743.808776855, 2222.6472168, 1853.67651367, 1148.20581055, 3582.78076172, 1343.68505859, 7070.26416016, 1134.88513184, 3539.64648438, 802.226745605, 578.590881348, 248.594055176, 274.484191895, 501.134399414, 142.541549683, 132.344467163, 109.837974548, 105.956451416, 59.547416687, 60.3314170837, 8.84051513672, 3.78282403946, 0.580503106117, 0.049726177007, 0.00583463627845, 8.06946336525e-05, 4.25001616122e-08, 5.52856815883e-10], "dvar2": [0.083827085793, 21.5996322632, 185.335998535, 399.431793213, 294.059326172, 602.275878906, 481.231658936, 528.394226074, 825.587524414, 641.830627441, 1493.93432617, 3918.06640625, 1693.25219727, 5140.81445313, 4214.07470703, 2716.88061523, 8775.4765625, 3004.11132813, 14082.1738281, 2746.59716797, 8056.80029297, 1833.67163086, 1252.77636719, 528.343566895, 535.326843262, 1044.52905273, 312.215637207, 285.6043396, 222.241836548, 229.740829468, 132.752227783, 127.384178162, 17.3330554962, 6.68091678619, 1.1978982687, 0.109682202339, 0.0131923463196, 0.000187210956938, 9.73109592906e-08, 1.3274894517e-09], "max": [1.49932336807, 20.3941764832, 80.869682312, 149.712554932, 193.914520264, 280.858276367, 277.799224854, 562.121826172, 568.378112793, 689.395202637, 1243.79309082, 1428.4621582, 853.732116699, 1238.01428223, 1616.91906738, 1197.54711914, 2329.69458008, 1202.73217773, 5070.33837891, 1232.2935791, 3044.87158203, 739.849487305, 694.42199707, 611.871520996, 834.537841797, 1369.59228516, 261.681427002, 292.570953369, 276.565582275, 287.876495361, 352.104980469, 288.60168457, 110.511978149, 105.405685425, 37.0032043457, 5.33584213257, 1.13882339001, 0.229805722833, 0.00616490375251, 0.000242108435486], "mean": [0.0769654735923, 0.919771313667, 3.97844743729, 6.07827425003, 9.36098098755, 14.3684234619, 12.2155799866, 14.6961746216, 19.5350990295, 17.644618988, 25.6385593414, 40.8980026245, 32.7446136475, 48.9405479431, 46.4697494507, 40.4827194214, 47.7239532471, 36.7727508545, 50.9591140747, 35.7107124329, 45.3380355835, 34.8217506409, 28.7298851013, 19.5057163239, 18.4195556641, 15.0964927673, 10.1890859604, 7.98726034164, 8.46823406219, 8.67166805267, 4.94305515289, 3.40768575668, 1.55816996098, 0.924658596516, 0.359787404537, 0.100499808788, 0.0267881415784, 0.00272563658655, 8.17099789856e-05, 3.86196625186e-05], "median": [0.0295762587339, 0.377357691526, 2.06663799286, 2.97143316269, 5.25872421265, 7.11298847198, 5.02475643158, 6.1415014267, 9.53043460846, 8.12172222137, 14.0061845779, 20.5679626465, 19.2724380493, 23.0029525757, 21.6670608521, 21.356760025, 18.9945335388, 19.2253189087, 22.2221393585, 20.6278591156, 21.5129795074, 19.6234397888, 14.8219881058, 10.7654304504, 10.0400314331, 6.18651247025, 3.51119446754, 2.54466152191, 3.13407945633, 3.51500034332, 1.61748814583, 0.752128243446, 0.363545656204, 0.231703609228, 0.0830964744091, 0.0177616886795, 0.00256099016406, 0.000232323858654, 2.33814389503e-05, 3.10507784889e-05], "min": [2.04996681541e-21, 1.46718727673e-21, 7.70371479826e-21, 3.45589274459e-20, 5.87801264123e-20, 1.05052170439e-19, 3.83761578852e-19, 2.69777253665e-19, 8.23024805457e-19, 7.34829412679e-19, 1.14453641617e-18, 1.0311596293e-18, 1.07943740536e-18, 1.73918818333e-18, 2.94100323801e-18, 3.18990581343e-18, 5.62830976856e-18, 2.67516703467e-18, 9.60118959466e-18, 1.01891942418e-17, 1.54013436539e-17, 1.17407824117e-17, 9.542697172e-18, 1.50710884857e-17, 1.63809091333e-17, 1.55166427052e-17, 1.48916415779e-17, 1.27057977841e-17, 2.0860375046e-17, 1.87107692077e-17, 1.61807314251e-17, 1.66786163988e-17, 1.4948290215e-17, 1.10142316294e-17, 6.5159994701e-18, 6.45081102039e-18, 3.34671775088e-18, 1.50347262463e-18, 3.87376461526e-19, 3.92571323794e-20], "var": [0.0274188648909, 4.78486061096, 44.3329162598, 113.865203857, 171.200820923, 449.375274658, 422.033721924, 816.979492188, 1054.29211426, 1248.3112793, 1543.38671875, 3954.83349609, 1852.2800293, 6094.14111328, 6123.1796875, 4414.37255859, 8217.609375, 3581.46240234, 19482.0527344, 2550.06713867, 7964.69140625, 2401.05834961, 2185.10473633, 812.787719727, 897.243774414, 1238.09350586, 338.78225708, 241.571273804, 247.078201294, 263.361785889, 135.420349121, 141.26776123, 22.4315471649, 8.85630321503, 1.2168738842, 0.0780377835035, 0.00710059423, 8.7111191533e-05, 4.82181228278e-08, 8.31131496959e-10]}, "erbbands_crest": {"dmean": 2.19597053528, "dmean2": 3.50323200226, "dvar": 4.84277105331, "dvar2": 11.5828647614, "max": 32.7074127197, "mean": 8.14433860779, "median": 7.22736644745, "min": 2.16891384125, "var": 14.3728904724}, "erbbands_flatness_db": {"dmean": 0.0173551347107, "dmean2": 0.0242553688586, "dvar": 0.000339815829648, "dvar2": 0.000623802363407, "max": 0.324959665537, "mean": 0.168963968754, "median": 0.16898560524, "min": 0.0577846504748, "var": 0.00166429916862}, "erbbands_kurtosis": {"dmean": 0.611156821251, "dmean2": 0.966410458088, "dvar": 0.671210467815, "dvar2": 1.54967045784, "max": 30.8712100983, "mean": 0.238467931747, "median": -0.051135584712, "min": -1.73401200771, "var": 1.69436323643}, "erbbands_skewness": {"dmean": 0.264280706644, "dmean2": 0.40916493535, "dvar": 0.0593918599188, "dvar2": 0.137965351343, "max": 2.96058893204, "mean": 0.110559538007, "median": 0.129160031676, "min": -3.80006027222, "var": 0.304970324039}, "erbbands_spread": {"dmean": 6.9035859108, "dmean2": 10.4857645035, "dvar": 65.3271636963, "dvar2": 143.901351929, "max": 138.546112061, "mean": 33.190574646, "median": 29.9514122009, "min": 2.68151307106, "var": 233.812438965}, "gfcc": {"cov": [[6446.81494141, -86.451385498, 564.434753418, 366.111236572, -323.455993652, 185.54838562, -153.009048462, 47.1597480774, -151.95010376, 168.623886108, -103.489196777, 51.8111114502, -95.4833068848], [-86.451385498, 1748.66369629, 155.12336731, 4.80649137497, 319.092926025, -199.886444092, 224.805908203, -99.1668777466, 177.379302979, -162.09173584, 148.763305664, -89.1970443726, 66.0773925781], [564.434753418, 155.12336731, 816.270324707, 123.01789093, -31.4237823486, 91.0443649292, -45.9155082703, -4.01124572754, -59.7175216675, 71.4231643677, -43.1540031433, 36.8798942566, -30.8826084137], [366.111236572, 4.80649137497, 123.01789093, 251.351806641, 37.2607688904, 26.6579742432, 28.1482963562, -3.16117572784, 6.36697721481, 5.25577449799, -10.3110466003, -3.56189203262, 8.92813491821], [-323.455993652, 319.092926025, -31.4237823486, 37.2607688904, 259.362091064, -19.9827747345, 102.621742249, 20.9251079559, 61.1099281311, -14.1284217834, 18.1038742065, -8.87749004364, 19.4932842255], [185.54838562, -199.886444092, 91.0443649292, 26.6579742432, -19.9827747345, 158.050704956, -7.09147930145, 27.9792480469, -31.1827640533, 34.5327377319, -7.05849742889, 10.1062479019, -5.9588341713], [-153.009048462, 224.805908203, -45.9155082703, 28.1482963562, 102.621742249, -7.09147930145, 171.29624939, 16.7397022247, 51.5897598267, -16.9595775604, 25.7109470367, -9.21092128754, -1.87812924385], [47.1597480774, -99.1668777466, -4.01124572754, -3.16117572784, 20.9251079559, 27.9792480469, 16.7397022247, 115.431495667, 20.9706096649, 24.9002552032, -13.4552402496, 3.72192978859, 3.90921735764], [-151.95010376, 177.379302979, -59.7175216675, 6.36697721481, 61.1099281311, -31.1827640533, 51.5897598267, 20.9706096649, 110.68523407, 4.21074342728, 24.4771614075, -9.1349439621, 12.9277696609], [168.623886108, -162.09173584, 71.4231643677, 5.25577449799, -14.1284217834, 34.5327377319, -16.9595775604, 24.9002552032, 4.21074342728, 98.2095565796, 1.03671908379, 14.2667198181, -16.6440086365], [-103.489196777, 148.763305664, -43.1540031433, -10.3110466003, 18.1038742065, -7.05849742889, 25.7109470367, -13.4552402496, 24.4771614075, 1.03671908379, 91.6985092163, 3.42401051521, 2.30479025841], [51.8111114502, -89.1970443726, 36.8798942566, -3.56189203262, -8.87749004364, 10.1062479019, -9.21092128754, 3.72192978859, -9.1349439621, 14.2667198181, 3.42401051521, 68.2624816895, 10.2480735779], [-95.4833068848, 66.0773925781, -30.8826084137, 8.92813491821, 19.4932842255, -5.9588341713, -1.87812924385, 3.90921735764, 12.9277696609, -16.6440086365, 2.30479025841, 10.2480735779, 79.6270446777]], "icov": [[0.00028658224619, -0.000562195084058, 0.000344416097505, -0.000666324107442, 0.000717846560292, -0.000491948041599, 0.000340007740306, -0.000462595315184, 0.000632265873719, -0.00100458029192, 0.000836230814457, -0.000773029576521, 0.00059930322459], [-0.000562195084058, 0.00374140404165, -0.00256429542787, 0.0023622373119, -0.00323592638597, 0.00304164178669, -0.00209758756682, 0.00239939638413, -0.00347961462103, 0.00540322018787, -0.00506373029202, 0.00463993754238, -0.00294203404337], [0.000344416097505, -0.00256429542787, 0.0033496315591, -0.00228528631851, 0.00206493656151, -0.00256582233123, 0.00166068063118, -0.00131977116689, 0.00281574320979, -0.00449854973704, 0.00398433487862, -0.00385264703073, 0.00248580309562], [-0.000666324107442, 0.0023622373119, -0.00228528631851, 0.0066057369113, -0.00283501762897, 0.00131522014271, -0.00211131037213, 0.00227633258328, -0.00272054085508, 0.00365613866597, -0.00270748254843, 0.00364844151773, -0.00294064451009], [0.000717846560292, -0.00323592638597, 0.00206493656151, -0.00283501762897, 0.00856351107359, -0.00227712048218, -0.000874163059052, -0.00267527066171, 0.00169088621624, -0.00465101655573, 0.00440255971625, -0.00382471736521, 0.00162684090901], [-0.000491948041599, 0.00304164178669, -0.00256582233123, 0.00131522014271, -0.00227712048218, 0.010571825318, -0.00241306633689, -9.22053150134e-05, -2.8609581932e-05, 0.0022376566194, -0.00471147196367, 0.00381234986708, -0.00284228147939], [0.000340007740306, -0.00209758756682, 0.00166068063118, -0.00211131037213, -0.000874163059052, -0.00241306633689, 0.0100639378652, -0.00219979858957, -0.000520842615515, -0.00111265666783, 0.00133664382156, -0.00272529409267, 0.00357201625593], [-0.000462595315184, 0.00239939638413, -0.00131977116689, 0.00227633258328, -0.00267527066171, -9.22053150134e-05, -0.00219979858957, 0.012266359292, -0.00453781802207, 0.00112091808114, -0.000673913571518, 0.00261053000577, -0.00266441632994], [0.000632265873719, -0.00347961462103, 0.00281574320979, -0.00272054085508, 0.00169088621624, -2.8609581932e-05, -0.000520842615515, -0.00453781802207, 0.0168059114367, -0.00763811776415, 0.00220214598812, -0.00267263571732, 0.000792359933257], [-0.00100458029192, 0.00540322018787, -0.00449854973704, 0.00365613866597, -0.00465101655573, 0.0022376566194, -0.00111265666783, 0.00112091808114, -0.00763811776415, 0.0215472690761, -0.0083763776347, 0.00437051383778, -0.00119434064254], [0.000836230814457, -0.00506373029202, 0.00398433487862, -0.00270748254843, 0.00440255971625, -0.00471147196367, 0.00133664382156, -0.000673913571518, 0.00220214598812, -0.0083763776347, 0.0196193251759, -0.0075956992805, 0.00398923223838], [-0.000773029576521, 0.00463993754238, -0.00385264703073, 0.00364844151773, -0.00382471736521, 0.00381234986708, -0.00272529409267, 0.00261053000577, -0.00267263571732, 0.00437051383778, -0.0075956992805, 0.0221499316394, -0.00693487515673], [0.00059930322459, -0.00294203404337, 0.00248580309562, -0.00294064451009, 0.00162684090901, -0.00284228147939, 0.00357201625593, -0.00266441632994, 0.000792359933257, -0.00119434064254, 0.00398923223838, -0.00693487515673, 0.0170152746141]], "mean": [10.675075531, 103.812835693, -141.485809326, 36.0279998779, -60.3069610596, 20.0785980225, -37.3212394714, 5.89199972153, -21.5197811127, -6.71544981003, -16.9509716034, -3.37591910362, -10.4271678925]}, "hfc": {"dmean": 6.92402696609, "dmean2": 9.98645210266, "dvar": 111.688163757, "dvar2": 220.265182495, "max": 259.690979004, "mean": 25.4297142029, "median": 20.198266983, "min": 1.19466095981e-16, "var": 424.391693115}, "melbands": {"dmean": [0.000857489416376, 0.00170903000981, 0.00086060538888, 0.000479850423289, 0.000240830850089, 0.000154572597239, 0.000139352807309, 9.25601489143e-05, 0.000110905624751, 0.000122288314742, 8.10227938928e-05, 0.000102058140328, 7.05255006324e-05, 7.53920030547e-05, 5.83755900152e-05, 4.94202613481e-05, 3.33613752446e-05, 4.70461236546e-05, 2.62832272711e-05, 2.34890067077e-05, 2.67129325948e-05, 1.70706880454e-05, 1.65771980392e-05, 1.07990863398e-05, 7.26671441953e-06, 7.83974337537e-06, 6.05407649346e-06, 5.47492072656e-06, 4.16679131376e-06, 3.17130798067e-06, 2.9324451134e-06, 2.80100971395e-06, 3.1531960758e-06, 2.49246909334e-06, 1.6314528466e-06, 1.41622979299e-06, 1.20260642689e-06, 6.54226312236e-07, 5.64875563214e-07, 4.74042138876e-07], "dmean2": [0.00150725909043, 0.00311063672416, 0.00147910951637, 0.0007802581531, 0.000392087153159, 0.000246646755841, 0.000213384031667, 0.00013752495579, 0.000169215592905, 0.000188838705071, 0.000124895363115, 0.000156607522513, 0.000109019303636, 0.000119041847938, 9.35346251936e-05, 7.80905975262e-05, 5.23828348378e-05, 7.29579114704e-05, 4.1574206989e-05, 3.75992349291e-05, 4.27110608143e-05, 2.69784341071e-05, 2.59085336438e-05, 1.68705773831e-05, 1.13780524771e-05, 1.22935862237e-05, 9.47102398641e-06, 8.4048442659e-06, 6.47452225166e-06, 4.84317979499e-06, 4.44164743385e-06, 4.1868183871e-06, 4.76992363474e-06, 3.82354028261e-06, 2.47885350291e-06, 2.15454906538e-06, 1.81474320016e-06, 9.79645392363e-07, 8.26913606033e-07, 6.83775908783e-07], "dvar": [4.72561305287e-06, 1.67752496054e-05, 3.64211200576e-06, 7.39630138469e-07, 2.24796480097e-07, 1.14219574243e-07, 7.47368105181e-08, 3.92214083433e-08, 5.1659320377e-08, 6.49796803032e-08, 2.15056044084e-08, 4.40472085472e-08, 2.9233907739e-08, 2.1522199134e-08, 2.25882033078e-08, 1.58985091758e-08, 4.52778836646e-09, 2.21071267958e-08, 4.14263778836e-09, 1.99909133691e-09, 4.68314853563e-09, 9.54884282756e-10, 1.14840870147e-09, 4.95410046319e-10, 2.25156851497e-10, 2.55135051974e-10, 1.70231148622e-10, 2.5773555512e-10, 8.8810910015e-11, 5.5071995575e-11, 4.80700271255e-11, 4.01011550355e-11, 4.99506998264e-11, 3.31839972167e-11, 2.10901834191e-11, 2.60517874634e-11, 2.37435193035e-11, 4.55072828379e-12, 3.57685213913e-12, 2.9777053219e-12], "dvar2": [1.28020528791e-05, 4.76599234389e-05, 9.80180175247e-06, 1.9299457108e-06, 5.68726306938e-07, 2.50413563663e-07, 1.67218445313e-07, 8.07617936971e-08, 1.18376583202e-07, 1.44888147702e-07, 4.91064682251e-08, 1.01900887728e-07, 6.45386961651e-08, 5.42139595439e-08, 5.48814078627e-08, 3.62942707e-08, 1.02528261436e-08, 4.31623092823e-08, 9.58333767898e-09, 4.73676786683e-09, 1.06185211735e-08, 2.24897056533e-09, 2.59217891596e-09, 1.06799191713e-09, 4.62676230661e-10, 5.16233278347e-10, 3.78739373197e-10, 5.37140110168e-10, 2.02820080175e-10, 1.22074614306e-10, 1.06421010893e-10, 8.36503227797e-11, 1.08506384433e-10, 7.57461315892e-11, 4.81111886441e-11, 5.92887128281e-11, 5.05161815156e-11, 9.40468015964e-12, 7.1565097598e-12, 5.07498426963e-12], "max": [0.0170045662671, 0.035541638732, 0.0259190779179, 0.0162795223296, 0.00771928066388, 0.0109908860177, 0.00874226633459, 0.0062055666931, 0.0119902538136, 0.00914184749126, 0.00409813597798, 0.00572471274063, 0.00877646543086, 0.00442808587104, 0.00581917865202, 0.00422387383878, 0.00183480244596, 0.00899744872004, 0.00345939048566, 0.00148379988968, 0.00342239974998, 0.000750545237679, 0.0011563609587, 0.000673735514283, 0.000641075544991, 0.000780961941928, 0.000415643968154, 0.000922023726162, 0.000217772467295, 0.000215986656258, 0.000174377681105, 0.000169500897755, 0.000225325537031, 0.000164816869074, 0.000201792630833, 0.000203104704269, 0.000182175339432, 8.12006401247e-05, 7.25757272448e-05, 0.000115614711831], "mean": [0.000841063447297, 0.00181117595639, 0.00111299043056, 0.000940270489082, 0.000463529926492, 0.000319436396239, 0.000291148084216, 0.000200487629627, 0.000238935317611, 0.000247134943493, 0.000172396845301, 0.000213900653762, 0.000139047086122, 0.000150542502524, 0.000108378000732, 9.18595760595e-05, 6.39843274257e-05, 8.77436177689e-05, 4.96000648127e-05, 4.60001174361e-05, 5.09651763423e-05, 3.4007945942e-05, 3.27670531988e-05, 2.26853571803e-05, 1.43013057823e-05, 1.59179071488e-05, 1.09728325697e-05, 9.59047974902e-06, 7.1017107075e-06, 4.73936506751e-06, 4.54384598925e-06, 4.51937557955e-06, 5.53971085537e-06, 4.48803484687e-06, 2.92038771477e-06, 2.38009965869e-06, 1.9164654077e-06, 1.0816112308e-06, 9.03504997041e-07, 7.43958992189e-07], "median": [0.000328215304762, 0.000925335334614, 0.000608106027357, 0.000508291879669, 0.000201665388886, 0.000132933579152, 0.000145754223922, 8.61812150106e-05, 0.000131248729303, 0.000124416779727, 9.63924539974e-05, 9.62086196523e-05, 5.70940246689e-05, 6.19591592113e-05, 4.16084440076e-05, 3.61016209354e-05, 3.19405698974e-05, 3.45321750501e-05, 2.57377396338e-05, 2.47407515417e-05, 2.26005395234e-05, 1.85727403732e-05, 1.45517478813e-05, 9.84739654086e-06, 7.00159398548e-06, 7.98965083959e-06, 4.88646719532e-06, 3.35510617333e-06, 2.10821167457e-06, 1.45130661622e-06, 1.32369757466e-06, 1.4639949768e-06, 2.05253991226e-06, 1.74369461092e-06, 9.20323827813e-07, 5.89523438066e-07, 3.78935112622e-07, 2.41070154061e-07, 2.16497596739e-07, 1.76382286554e-07], "min": [1.93612735209e-23, 3.62028582574e-24, 6.41171510394e-24, 5.08262726246e-24, 1.13505093576e-23, 7.04287837547e-24, 1.21935586961e-23, 7.11980730209e-24, 1.0164607659e-23, 6.35148872927e-24, 5.22438872258e-24, 6.4297259817e-24, 1.05842871826e-23, 9.3118782083e-24, 9.69383677e-24, 1.04202151584e-23, 3.87905981279e-24, 1.44503998158e-23, 1.37344754121e-23, 1.85472211316e-23, 1.73314492148e-23, 1.26914664002e-23, 1.07231803445e-23, 8.00479090861e-24, 1.28321676313e-23, 9.2960221041e-24, 1.36131675376e-23, 9.3605943135e-24, 8.89786901688e-24, 9.41104039067e-24, 6.60315586842e-24, 1.18637659283e-23, 1.19853538485e-23, 9.78364621747e-24, 8.73542283497e-24, 1.03836743324e-23, 1.09413508718e-23, 1.21871397349e-23, 7.97346681978e-24, 9.27817807043e-24], "var": [3.53750033355e-06, 1.09485845314e-05, 3.13809596264e-06, 1.71996578047e-06, 5.15100452958e-07, 3.58651931265e-07, 2.22720998977e-07, 1.43020173482e-07, 1.23137397168e-07, 1.46246605937e-07, 5.40924354198e-08, 1.20270001958e-07, 9.10467008453e-08, 7.82098439345e-08, 5.55786066059e-08, 3.97595734114e-08, 1.11294014005e-08, 6.19671141067e-08, 8.06665667596e-09, 4.64838256775e-09, 1.03990220879e-08, 2.46619236144e-09, 3.32260219338e-09, 2.3986164166e-09, 6.4233368624e-10, 8.26987700542e-10, 3.93304500079e-10, 6.06868055808e-10, 2.08336514707e-10, 9.60284907148e-11, 8.43247485727e-11, 7.86061563063e-11, 1.14038126164e-10, 7.67954033698e-11, 4.60294094506e-11, 5.48131678935e-11, 5.27277631279e-11, 1.08897942747e-11, 7.65901318062e-12, 6.76335810273e-12]}, "melbands_crest": {"dmean": 3.24487709999, "dmean2": 5.41351795197, "dvar": 9.52137088776, "dvar2": 25.5370101929, "max": 32.4380149841, "mean": 12.0515604019, "median": 11.2902545929, "min": 1.92232882977, "var": 22.92993927}, "melbands_flatness_db": {"dmean": 0.0222228877246, "dmean2": 0.0356024689972, "dvar": 0.000581030442845, "dvar2": 0.00149579858407, "max": 0.398821800947, "mean": 0.171201705933, "median": 0.167816892266, "min": 0.00474811671302, "var": 0.0027574992273}, "melbands_kurtosis": {"dmean": 4.44630479813, "dmean2": 7.53586196899, "dvar": 88.0911407471, "dvar2": 240.425827026, "max": 175.230148315, "mean": 6.41204500198, "median": 3.16944503784, "min": -1.65829479694, "var": 105.922813416}, "melbands_skewness": {"dmean": 0.636781334877, "dmean2": 1.02849912643, "dvar": 0.696460843086, "dvar2": 1.79669857025, "max": 10.9959440231, "mean": 1.87604141235, "median": 1.66674244404, "min": -1.56278908253, "var": 1.63950753212}, "melbands_spread": {"dmean": 6.61770534515, "dmean2": 10.462097168, "dvar": 71.3992233276, "dvar2": 164.507888794, "max": 195.523422241, "mean": 29.1353569031, "median": 26.1333618164, "min": 1.80499410629, "var": 286.492248535}, "mfcc": {"cov": [[4616.51123047, -390.555328369, 507.215270996, 138.928024292, -37.7823677063, 105.466918945, 14.7654705048, -37.0051345825, -45.1564407349, 57.9120178223, -18.5554981232, 27.4291706085, -5.7052936554], [-390.555328369, 1602.30249023, -33.35389328, 248.279800415, 75.9897689819, 20.4490699768, 29.2859134674, 109.270980835, 0.0200949106365, 25.1270904541, 63.307056427, -22.8833866119, 73.034286499], [507.215270996, -33.35389328, 724.956420898, 53.7315368652, 55.9196586609, 74.9551010132, 26.7162513733, -47.5908508301, -19.3879528046, -18.0719814301, -29.5496387482, 23.5964756012, -27.8004493713], [138.928024292, 248.279800415, 53.7315368652, 268.18939209, 45.1698074341, 49.1952285767, 18.2717132568, 27.9628715515, 38.8008117676, 1.39273917675, 21.0736999512, 2.1327495575, 26.4983787537], [-37.7823677063, 75.9897689819, 55.9196586609, 45.1698074341, 145.170852661, 25.4948577881, 20.4635620117, 1.82305800915, 33.1314964294, 1.59373605251, -2.67068505287, 14.9349374771, 1.84789562225], [105.466918945, 20.4490699768, 74.9551010132, 49.1952285767, 25.4948577881, 120.408866882, 37.4874916077, 6.54217910767, 6.05319976807, 2.41607809067, 6.07585430145, 6.14043426514, 9.17793941498], [14.7654705048, 29.2859134674, 26.7162513733, 18.2717132568, 20.4635620117, 37.4874916077, 107.898597717, 25.4996852875, 14.2923336029, 11.6641025543, 8.03463363647, 15.4942331314, 2.96117663383], [-37.0051345825, 109.270980835, -47.5908508301, 27.9628715515, 1.82305800915, 6.54217910767, 25.4996852875, 98.5755996704, 21.9148311615, 9.7022600174, 16.2382678986, -5.41346597672, 12.4168481827], [-45.1564407349, 0.0200949106365, -19.3879528046, 38.8008117676, 33.1314964294, 6.05319976807, 14.2923336029, 21.9148311615, 124.561431885, 16.823720932, -2.68297839165, 11.5274610519, -0.692883729935], [57.9120178223, 25.1270904541, -18.0719814301, 1.39273917675, 1.59373605251, 2.41607809067, 11.6641025543, 9.7022600174, 16.823720932, 86.121673584, 28.6978416443, 7.03242254257, 7.18611431122], [-18.5554981232, 63.307056427, -29.5496387482, 21.0736999512, -2.67068505287, 6.07585430145, 8.03463363647, 16.2382678986, -2.68297839165, 28.6978416443, 82.1239852905, 17.4756183624, 6.19255256653], [27.4291706085, -22.8833866119, 23.5964756012, 2.1327495575, 14.9349374771, 6.14043426514, 15.4942331314, -5.41346597672, 11.5274610519, 7.03242254257, 17.4756183624, 74.5719833374, 18.7824630737], [-5.7052936554, 73.034286499, -27.8004493713, 26.4983787537, 1.84789562225, 9.17793941498, 2.96117663383, 12.4168481827, -0.692883729935, 7.18611431122, 6.19255256653, 18.7824630737, 77.7744293213]], "icov": [[0.000257441744907, 8.92838506843e-05, -0.000161600764841, -0.000217441949644, 0.000137839015224, -9.82473575277e-05, 5.12925653311e-05, -5.96020327066e-05, 0.0001583751, -0.000298227067105, 0.000129991065478, -7.20853568055e-05, 3.26914641846e-06], [8.92838506843e-05, 0.000866774935275, -5.2242889069e-05, -0.0007355302223, -0.000354034360498, 0.000246749026701, -2.96276648442e-05, -0.0006726065767, 0.000431200576713, -0.000192975494429, -0.000344646483427, 0.000448682258138, -0.000546909286641], [-0.000161600764841, -5.2242889069e-05, 0.00178240332752, -0.000247673742706, -0.000486749573611, -0.000822225934826, -0.000187794852536, 0.000663937418722, 0.000435996422311, 0.000155958798132, 0.000688716769218, -0.000725840742234, 0.000878380145878], [-0.000217441949644, -0.0007355302223, -0.000247673742706, 0.00545091880485, -0.000733668275643, -0.00145802402403, 0.000186964447494, -0.000141398762935, -0.00181131216232, 0.00112808321137, -0.00140797439963, 0.000818561529741, -0.00127195159439], [0.000137839015224, -0.000354034360498, -0.000486749573611, -0.000733668275643, 0.00836265832186, -0.000958126271144, -0.000707049330231, 0.000646096013952, -0.00185309909284, -2.02604205697e-05, 0.000810742960311, -0.00141912302934, 0.0005202149041], [-9.82473575277e-05, 0.000246749026701, -0.000822225934826, -0.00145802402403, -0.000958126271144, 0.0107556413859, -0.00327770528384, 0.000137535433169, 0.000231248966884, 0.000264206813881, -0.000839285319671, 0.000886879686732, -0.00134940887801], [5.12925653311e-05, -2.96276648442e-05, -0.000187794852536, 0.000186964447494, -0.000707049330231, -0.00327770528384, 0.0117237046361, -0.00308869429864, -0.000115087845188, -0.0012220912613, 0.000471324892715, -0.00245649879798, 0.00101870496292], [-5.96020327066e-05, -0.0006726065767, 0.000663937418722, -0.000141398762935, 0.000646096013952, 0.000137535433169, -0.00308869429864, 0.0131464740261, -0.00232710060664, 0.000392239540815, -0.00208501797169, 0.00226352154277, -0.001537702512], [0.0001583751, 0.000431200576713, 0.000435996422311, -0.00181131216232, -0.00185309909284, 0.000231248966884, -0.000115087845188, -0.00232710060664, 0.0102037312463, -0.0025013317354, 0.00225214869715, -0.0020280550234, 0.00140479393303], [-0.000298227067105, -0.000192975494429, 0.000155958798132, 0.00112808321137, -2.02604205697e-05, 0.000264206813881, -0.0012220912613, 0.000392239540815, -0.0025013317354, 0.0142894396558, -0.00528475642204, 0.000849389354698, -0.0013429793762], [0.000129991065478, -0.000344646483427, 0.000688716769218, -0.00140797439963, 0.000810742960311, -0.000839285319671, 0.000471324892715, -0.00208501797169, 0.00225214869715, -0.00528475642204, 0.0163424033672, -0.00481251906604, 0.00182314228732], [-7.20853568055e-05, 0.000448682258138, -0.000725840742234, 0.000818561529741, -0.00141912302934, 0.000886879686732, -0.00245649879798, 0.00226352154277, -0.0020280550234, 0.000849389354698, -0.00481251906604, 0.0173382274806, -0.00520428875461], [3.26914641846e-06, -0.000546909286641, 0.000878380145878, -0.00127195159439, 0.0005202149041, -0.00134940887801, 0.00101870496292, -0.001537702512, 0.00140479393303, -0.0013429793762, 0.00182314228732, -0.00520428875461, 0.0157207157463]], "mean": [-619.370544434, 123.67175293, -15.6733627319, 16.3866233826, 0.826213777065, 9.04001808167, -3.79086351395, 10.1147212982, -1.62007629871, 0.881596148014, -1.82622587681, -5.80760908127, -0.329766899347]}, "pitch_salience": {"dmean": 0.0688188672066, "dmean2": 0.115933462977, "dvar": 0.00466546555981, "dvar2": 0.0129806082696, "max": 0.859158933163, "mean": 0.574901044369, "median": 0.579110145569, "min": 0.154524698853, "var": 0.0107531091198}, "silence_rate_20dB": {"dmean": 0, "dmean2": 0, "dvar": 0, "dvar2": 0, "max": 1, "mean": 1, "median": 1, "min": 1, "var": 0}, "silence_rate_30dB": {"dmean": 0.00141654210165, "dmean2": 0.00283330702223, "dvar": 0.00141443684697, "dvar2": 0.00424153916538, "max": 1, "mean": 0.999291777611, "median": 1, "min": 0, "var": 0.000707727565896}, "silence_rate_60dB": {"dmean": 0.00220350991003, "dmean2": 0.00440736673772, "dvar": 0.00219900929369, "dvar2": 0.00596285564825, "max": 1, "mean": 0.0228989608586, "median": 0, "min": 0, "var": 0.0223739016801}, "spectral_centroid": {"dmean": 196.903671265, "dmean2": 302.418701172, "dvar": 49965.3359375, "dvar2": 103268.585938, "max": 11448.1972656, "mean": 1450.8269043, "median": 1341.62353516, "min": 305.737640381, "var": 385593.0625}, "spectral_complexity": {"dmean": 3.91721105576, "dmean2": 5.91216754913, "dvar": 19.6281299591, "dvar2": 36.9933586121, "max": 62, "mean": 23.4036827087, "median": 23, "min": 0, "var": 78.929107666}, "spectral_contrast_coeffs": {"dmean": [0.0508453734219, 0.0423213280737, 0.037462092936, 0.033733703196, 0.0277796089649, 0.0191973801702], "dmean2": [0.0837889313698, 0.0698583424091, 0.0609688125551, 0.0533980615437, 0.0419792234898, 0.0291687883437], "dvar": [0.00170654908288, 0.0012105780188, 0.000937907432672, 0.000733512919396, 0.000586746959016, 0.000291043834295], "dvar2": [0.00450639752671, 0.00320443604141, 0.00240863859653, 0.00179636932444, 0.00124459492508, 0.000620585866272], "max": [-0.342916071415, -0.465442061424, -0.489323198795, -0.438663840294, -0.421972215176, -0.544449627399], "mean": [-0.627010762691, -0.735029220581, -0.745937347412, -0.757952868938, -0.756698906422, -0.743609666824], "median": [-0.633288621902, -0.737666189671, -0.748121023178, -0.7639554739, -0.764676809311, -0.748058438301], "min": [-0.965281963348, -0.976644635201, -0.963483572006, -0.958998441696, -0.956494092941, -0.958649754524], "var": [0.00581040093675, 0.00452046049759, 0.00399027438834, 0.00351684587076, 0.00347163947299, 0.00166380323935]}, "spectral_contrast_valleys": {"dmean": [0.419376254082, 0.333295673132, 0.301499068737, 0.294729202986, 0.298325508833, 0.360232532024], "dmean2": [0.689577937126, 0.544143795967, 0.487585842609, 0.452684611082, 0.423427850008, 0.455021947622], "dvar": [0.135139659047, 0.0909542888403, 0.076279759407, 0.0743457823992, 0.110473968089, 0.198273390532], "dvar2": [0.3231805861, 0.213984936476, 0.174293220043, 0.152644515038, 0.200732126832, 0.314584553242], "max": [-5.08504009247, -4.70493888855, -5.39440202713, -5.75562858582, -5.53121089935, -7.0253739357], "mean": [-7.24860858917, -6.62124681473, -6.94073820114, -7.32721376419, -7.52320194244, -10.2261619568], "median": [-7.03258228302, -6.53347873688, -6.88435649872, -7.28323936462, -7.49579143524, -10.1313819885], "min": [-27.031829834, -28.1395645142, -27.9545001984, -27.2940711975, -27.359790802, -27.2743244171], "var": [1.43976593018, 0.754396617413, 0.543587625027, 0.543522715569, 0.694498181343, 1.20868039131]}, "spectral_decrease": {"dmean": 2.76911027441e-09, "dmean2": 4.53333548478e-09, "dvar": 2.09801028223e-17, "dvar2": 5.44763648286e-17, "max": 1.24179984879e-17, "mean": -7.01346936083e-09, "median": -5.8862279495e-09, "min": -3.78804259071e-08, "var": 2.4896089993e-17}, "spectral_energy": {"dmean": 0.01092073787, "dmean2": 0.0177463088185, "dvar": 0.000313967611874, "dvar2": 0.000808636774309, "max": 0.152679219842, "mean": 0.0287770647556, "median": 0.0243553481996, "min": 1.07760219208e-20, "var": 0.000395447714254}, "spectral_energyband_high": {"dmean": 0.000483502517454, "dmean2": 0.00068634422496, "dvar": 1.1926094885e-06, "dvar2": 2.30509817811e-06, "max": 0.0346845202148, "mean": 0.00102108460851, "median": 0.000413262285292, "min": 7.72238694656e-21, "var": 3.44806835528e-06}, "spectral_energyband_low": {"dmean": 0.00745240598917, "dmean2": 0.013197844848, "dvar": 0.000256695697317, "dvar2": 0.000704588659573, "max": 0.127817064524, "mean": 0.00855061784387, "median": 0.0046834605746, "min": 1.01708076324e-22, "var": 0.000189003665582}, "spectral_energyband_middle_high": {"dmean": 0.00231955829076, "dmean2": 0.00350979738869, "dvar": 1.07598471004e-05, "dvar2": 2.32442635024e-05, "max": 0.09092990309, "mean": 0.00852460600436, "median": 0.00647771777585, "min": 1.72997514584e-21, "var": 5.57598177693e-05}, "spectral_energyband_middle_low": {"dmean": 0.00444403477013, "dmean2": 0.00700321421027, "dvar": 5.51214470761e-05, "dvar2": 0.000132881759782, "max": 0.109060101211, "mean": 0.0119401840493, "median": 0.00907191168517, "min": 2.50553658826e-22, "var": 0.000105503422674}, "spectral_entropy": {"dmean": 0.139393433928, "dmean2": 0.195387125015, "dvar": 0.0225184671581, "dvar2": 0.0399353951216, "max": 9.78520870209, "mean": 7.5796790123, "median": 7.56209039688, "min": 6.15573787689, "var": 0.124768972397}, "spectral_flux": {"dmean": 0.0280309636146, "dmean2": 0.043511364609, "dvar": 0.00150714709889, "dvar2": 0.00272511690855, "max": 0.336378604174, "mean": 0.0883451327682, "median": 0.0737171918154, "min": 1.0380762222e-10, "var": 0.00278944103047}, "spectral_kurtosis": {"dmean": 1.71348071098, "dmean2": 2.88190102577, "dvar": 3.82662057877, "dvar2": 11.0717735291, "max": 31.223274231, "mean": 4.43878936768, "median": 3.92592334747, "min": -1.17997300625, "var": 7.87597084045}, "spectral_rms": {"dmean": 0.000883810513187, "dmean2": 0.00138532731216, "dvar": 1.47589969401e-06, "dvar2": 3.61050615538e-06, "max": 0.0122047262266, "mean": 0.00500742718577, "median": 0.00487455772236, "min": 3.24240525922e-12, "var": 3.00077317661e-06}, "spectral_rolloff": {"dmean": 400.043060303, "dmean2": 665.647277832, "dvar": 444071.34375, "dvar2": 964511.875, "max": 19056.8847656, "mean": 1696.08642578, "median": 1421.19140625, "min": 107.666015625, "var": 1657729.125}, "spectral_skewness": {"dmean": 0.214181765914, "dmean2": 0.345316678286, "dvar": 0.0425176844001, "dvar2": 0.111443661153, "max": 3.90528726578, "mean": 1.51312732697, "median": 1.50571143627, "min": -0.0369477979839, "var": 0.14564652741}, "spectral_spread": {"dmean": 456645.90625, "dmean2": 629247.5625, "dvar": 367041282048, "dvar2": 573522575360, "max": 39929072, "mean": 4034686, "median": 3831478, "min": 1622130.875, "var": 1677734313980.0}, "spe