{"lowlevel": {"average_loudness": 0.854811012745, "barkbands": {"dmean": [9.21664468478e-05, 0.00121947296429, 0.00192058389075, 0.00241763005033, 0.00184600381181, 0.000626223394647, 0.000549923744984, 0.000962622172665, 0.000970713270362, 0.000675230869092, 0.000474239874166, 0.000363604864106, 0.000300899962895, 0.000260177621385, 0.000361635466106, 0.000314997596433, 0.000213932653423, 0.000134774207254, 9.31519389269e-05, 6.00697676418e-05, 3.26555200445e-05, 3.37740420946e-05, 5.79327243031e-05, 5.30557736056e-05, 3.24285429087e-05, 1.38617169796e-05, 2.14625833905e-06], "dmean2": [0.000143529119669, 0.00196628109552, 0.00340555468574, 0.00395977357402, 0.00315426383168, 0.000944763596635, 0.000836156657897, 0.00146690546535, 0.00145743147004, 0.00103770033456, 0.00073385972064, 0.000565470254514, 0.000474141241284, 0.000406502484111, 0.000567594834138, 0.000482963951072, 0.000328242429532, 0.000209952529985, 0.000144665857079, 9.07076027943e-05, 4.83691146655e-05, 5.13555605721e-05, 8.26285831863e-05, 7.38372182241e-05, 4.56453344668e-05, 1.97376284632e-05, 3.25238443111e-06], "dvar": [8.53592752037e-08, 1.51334352267e-05, 4.49365106761e-05, 6.39959907858e-05, 2.20062047447e-05, 1.34224285375e-06, 1.51197571086e-06, 5.96779955231e-06, 6.69563451083e-06, 4.43419867224e-06, 2.43765202868e-06, 8.7759968892e-07, 9.49911907355e-07, 5.41083977623e-07, 6.66141488637e-07, 6.19194963747e-07, 2.44552069262e-07, 7.37418091035e-08, 7.99603085966e-08, 2.21734488548e-08, 9.19794818088e-09, 1.14408438279e-08, 7.60539577982e-08, 4.58085551713e-08, 7.34615079878e-09, 1.43172573797e-09, 4.23272666916e-11], "dvar2": [1.93583559849e-07, 3.78680160793e-05, 0.00012892599625, 0.000161271847901, 6.20288046775e-05, 3.11826647703e-06, 3.51529365616e-06, 1.40510055644e-05, 1.5614554286e-05, 1.0633229067e-05, 5.83872224524e-06, 2.10074585993e-06, 2.36482060245e-06, 1.23718882605e-06, 1.54520660089e-06, 1.4388085674e-06, 5.34277603492e-07, 1.79034145731e-07, 1.93742238253e-07, 4.93526073342e-08, 1.99991809779e-08, 2.82369398974e-08, 1.52289658217e-07, 8.75884751395e-08, 1.56291566356e-08, 2.94787105837e-09, 9.50578643577e-11], "max": [0.00517672114074, 0.0548107624054, 0.0816728919744, 0.122350469232, 0.0745097920299, 0.0219399221241, 0.0311276931316, 0.0457670688629, 0.0634763538837, 0.0613756366074, 0.043803088367, 0.0295688826591, 0.0387472398579, 0.0180410817266, 0.0273036714643, 0.0163731053472, 0.0153314936906, 0.0060565280728, 0.0124113094062, 0.00595375290141, 0.00377226946875, 0.00408120453358, 0.011273605749, 0.00860367622226, 0.00143822538666, 0.000728041981347, 0.000137087045005], "mean": [0.000112622226879, 0.00238943798468, 0.00253779557534, 0.00266242073849, 0.0030402962584, 0.00135363626759, 0.00105588370934, 0.00164535955992, 0.00162091082893, 0.00113945594057, 0.000729491293896, 0.000641687132884, 0.000520235626027, 0.000400185323087, 0.000602382642683, 0.000544001639355, 0.000419587508077, 0.000272044708254, 0.000172498315806, 0.000119238022307, 5.94302618993e-05, 6.00139755988e-05, 8.91648523975e-05, 7.85030497354e-05, 4.45053192379e-05, 1.66616591741e-05, 2.1496239242e-06], "median": [1.12261277536e-05, 0.00153805047739, 0.00119904254097, 0.000898668717127, 0.00193488039076, 0.000724048120901, 0.00052121898625, 0.000398552976549, 0.000421737204306, 0.000312593474519, 0.00013630608737, 0.000253993144725, 0.000195750122657, 0.000122943572933, 0.000178293150384, 0.000110590597615, 0.000137292605359, 8.7863751105e-05, 5.87177273701e-05, 4.05255559599e-05, 1.83886804734e-05, 1.57650465553e-05, 1.17335639516e-05, 8.52215725899e-06, 3.97508665628e-06, 9.85122369457e-07, 3.64724463964e-08], "min": [8.19019452058e-24, 1.8318820656e-23, 2.11854970093e-23, 2.20777665352e-23, 5.43869990576e-23, 3.11258827889e-23, 4.85970503141e-23, 4.61188469358e-23, 5.51652134961e-23, 6.33328142515e-23, 4.09411899388e-23, 1.55821889695e-22, 1.01853138378e-22, 6.34570819321e-23, 8.05741077089e-23, 2.0999541668e-22, 1.93708947841e-22, 1.45406918883e-22, 2.45494422473e-22, 2.60591781316e-22, 5.16884283321e-22, 3.05450779521e-22, 5.53308654509e-22, 7.34255776657e-22, 1.2003788171e-21, 1.79763896423e-21, 2.78782666404e-21], "var": [9.55179686457e-08, 1.46616985148e-05, 2.98642007692e-05, 5.67327151657e-05, 1.92617026187e-05, 3.54924691237e-06, 2.81802022073e-06, 1.3173123989e-05, 1.32214490804e-05, 8.26754512673e-06, 4.67263134851e-06, 2.06631102628e-06, 2.14993974623e-06, 9.48831996084e-07, 1.66322195128e-06, 1.50080347794e-06, 7.45691181692e-07, 2.15698634065e-07, 1.84114114177e-07, 6.04321215292e-08, 2.15463060727e-08, 1.9033144838e-08, 1.7876695324e-07, 1.03442765464e-07, 1.28027961566e-08, 2.25851404245e-09, 5.28457243243e-11]}, "barkbands_crest": {"dmean": 1.9855235815, "dmean2": 3.20278978348, "dvar": 3.65138316154, "dvar2": 9.54598426819, "max": 23.4628181458, "mean": 8.63078594208, "median": 8.00193786621, "min": 2.75127100945, "var": 10.249414444}, "barkbands_flatness_db": {"dmean": 0.0179895944893, "dmean2": 0.0265353713185, "dvar": 0.0003085208009, "dvar2": 0.000701140612364, "max": 0.346954703331, "mean": 0.155329927802, "median": 0.14450161159, "min": 0.0310011003166, "var": 0.00364115554839}, "barkbands_kurtosis": {"dmean": 1.68648946285, "dmean2": 2.69395470619, "dvar": 7.34651660919, "dvar2": 18.5554599762, "max": 71.631401062, "mean": 2.40238761902, "median": 1.15250682831, "min": -1.88924920559, "var": 20.0082931519}, "barkbands_skewness": {"dmean": 0.396692097187, "dmean2": 0.598775565624, "dvar": 0.186097979546, "dvar2": 0.44123211503, "max": 7.12287330627, "mean": 1.22017776966, "median": 1.13137602806, "min": -2.261023283, "var": 0.84607219696}, "barkbands_spread": {"dmean": 4.19247961044, "dmean2": 6.39903783798, "dvar": 33.4232788086, "dvar2": 72.8217391968, "max": 112.624443054, "mean": 18.997587204, "median": 16.4663257599, "min": 1.49905085564, "var": 127.475547791}, "dissonance": {"dmean": 0.0214994251728, "dmean2": 0.0358489118516, "dvar": 0.00041010856512, "dvar2": 0.00110682437662, "max": 0.5, "mean": 0.450748592615, "median": 0.458315312862, "min": 0.279975891113, "var": 0.00112352357246}, "dynamic_complexity": 3.65859651566, "erbbands": {"dmean": [0.0329556167126, 0.326089322567, 1.8353420496, 5.27470159531, 8.19500541687, 5.30344390869, 5.3124294281, 5.21100902557, 7.09492683411, 11.1000127792, 22.245426178, 23.3940906525, 17.8700332642, 20.5096111298, 18.8202495575, 13.2485380173, 12.9506464005, 12.3961849213, 18.2750720978, 16.8107357025, 15.1312360764, 9.01442813873, 7.55742120743, 4.95056915283, 4.46886634827, 2.89589238167, 1.49319839478, 1.16184151173, 1.12773954868, 1.53166818619, 1.65125095844, 1.2767380476, 0.799818992615, 0.434615045786, 0.206444084644, 0.0780591145158, 0.0215165261179, 0.00549656152725, 0.00022781372536, 1.3669641703e-05], "dmean2": [0.0521829836071, 0.548806905746, 3.2577855587, 8.79563999176, 13.9136104584, 8.95490932465, 8.3536901474, 7.9032869339, 10.7083120346, 17.0448093414, 33.6942367554, 35.3695487976, 26.8557357788, 31.2057628632, 28.9461364746, 20.6096000671, 20.2631893158, 19.1527099609, 28.6170787811, 25.8621406555, 22.9107761383, 13.6706075668, 11.666674614, 7.6296505928, 6.87393379211, 4.39455890656, 2.25249457359, 1.68915724754, 1.69581007957, 2.29957699776, 2.35184049606, 1.79386019707, 1.12603223324, 0.613265693188, 0.292978614569, 0.1119857952, 0.0306909848005, 0.00799420289695, 0.00033905118471, 2.00685062737e-05], "dvar": [0.011609936133, 1.22492575645, 41.563293457, 254.776977539, 651.542114258, 153.586257935, 95.122795105, 108.970947266, 252.373092651, 733.29901123, 3296.39038086, 4925.38134766, 2964.55419922, 3559.99487305, 2719.66430664, 1468.06152344, 1996.92651367, 897.469787598, 2134.78613281, 1616.18334961, 1439.76074219, 391.704742432, 228.339599609, 158.685668945, 218.952163696, 38.2840194702, 15.63027668, 10.9867553711, 10.3078613281, 44.2635688782, 59.8829154968, 38.70911026, 7.93245983124, 1.41066002846, 0.301288127899, 0.0478912964463, 0.00351567496546, 0.000244568334892, 4.37135014408e-07, 8.25204182764e-10], "dvar2": [0.0273925382644, 3.33419585228, 119.15410614, 653.865905762, 1759.12426758, 423.358795166, 238.523391724, 246.881332397, 601.407043457, 1747.21838379, 7752.58837891, 11584.7099609, 6759.82666016, 8888.03222656, 6557.28320312, 3578.42553711, 5004.37548828, 2077.17895508, 5064.09277344, 3737.96118164, 3337.38598633, 872.471069336, 547.072143555, 396.500213623, 465.37789917, 81.8214645386, 35.0118484497, 22.6865005493, 25.1991977692, 101.521911621, 115.697021484, 76.7718811035, 15.4685773849, 3.00483870506, 0.651347637177, 0.102354004979, 0.00714426580817, 0.000519405119121, 9.67101641436e-07, 1.8609146446e-09], "max": [1.58423352242, 14.5572557449, 77.6389160156, 218.665420532, 391.461853027, 224.730667114, 216.254348755, 236.527999878, 441.208496094, 448.437225342, 1177.95898438, 1984.04638672, 1935.45800781, 1753.16821289, 1443.60083008, 1351.87878418, 1963.67822266, 819.723999023, 1426.71655273, 952.450561523, 1045.46972656, 503.041748047, 364.989318848, 452.816101074, 831.483154297, 194.288162231, 182.128646851, 133.993896484, 111.487457275, 199.987548828, 318.174407959, 243.804168701, 99.2523422241, 26.374464035, 10.3812932968, 4.14754581451, 1.35583281517, 0.308315336704, 0.0130938943475, 0.000342851417372], "mean": [0.0640287026763, 0.576863288879, 2.55442094803, 6.31946754456, 10.37778759, 8.92866897583, 11.724360466, 10.6503973007, 14.3825893402, 21.2338562012, 38.6033248901, 39.0373802185, 31.9758968353, 35.4138069153, 33.0279541016, 25.4585914612, 23.9089603424, 20.6075057983, 31.0175056458, 31.1035499573, 29.3917217255, 19.9634113312, 16.649017334, 10.1795921326, 8.67158222198, 5.97627878189, 2.87845373154, 2.15627169609, 2.07292366028, 2.38504695892, 2.60399413109, 1.92141652107, 1.12957811356, 0.597289144993, 0.273197591305, 0.095780543983, 0.0253661479801, 0.00592374196276, 0.000243958231295, 3.17525809805e-05], "median": [0.0360221192241, 0.380410432816, 1.33064866066, 2.70909190178, 4.84611558914, 5.3087272644, 6.48396205902, 5.27060317993, 7.62249326706, 8.55923366547, 10.0804328918, 10.1571836472, 10.5751657486, 10.6599636078, 10.365737915, 10.8728237152, 9.44165039062, 7.69183301926, 9.94285964966, 7.49773025513, 7.84233140945, 7.00108146667, 6.08850955963, 3.86170053482, 2.89664840698, 2.0758357048, 1.00784409046, 0.615570664406, 0.570625543594, 0.470586419106, 0.340372115374, 0.207953482866, 0.114877350628, 0.0552022382617, 0.022215552628, 0.00661070272326, 0.00130313553382, 0.00017824122915, 1.61754469445e-05, 2.04283605854e-05], "min": [5.83444958624e-22, 4.24278586468e-21, 2.45594576758e-20, 4.66022344938e-20, 1.36336192904e-19, 1.22384757898e-19, 3.21884255582e-19, 2.1709417215e-19, 7.3604278324e-19, 6.350289861e-19, 1.01190534618e-18, 9.69393329173e-19, 2.82847834377e-18, 7.67940366925e-19, 2.3109368703e-18, 6.97562485901e-18, 5.40976658277e-18, 4.29932086458e-18, 3.34597101358e-18, 6.57325898005e-18, 1.16045631356e-17, 1.219466634e-17, 8.62835405677e-18, 9.39136117022e-18, 1.19413885995e-17, 1.56052056246e-17, 2.1502146433e-17, 1.66265420706e-17, 1.08189682012e-17, 1.36974252112e-17, 1.6484376193e-17, 1.28623036647e-17, 1.54100009262e-17, 1.23013742934e-17, 9.02192907376e-18, 5.57745635886e-18, 3.5978051171e-18, 1.4103772724e-18, 3.74767127064e-19, 4.08258060941e-20], "var": [0.0128421783447, 0.945536494255, 27.5262718201, 217.050476074, 530.330322266, 164.853729248, 232.7837677, 286.184753418, 482.34854126, 1414.05761719, 7175.20800781, 8988.80371094, 6061.94042969, 6765.87792969, 5897.62060547, 3437.26806641, 4495.41699219, 1616.06652832, 5037.49023438, 3814.48681641, 3958.7824707, 1350.72509766, 700.473327637, 381.881134033, 579.57232666, 128.153106689, 38.4721908569, 32.0349273682, 19.008436203, 74.2994308472, 153.613143921, 89.4158782959, 15.7332925797, 2.4554131031, 0.494754940271, 0.0719502568245, 0.00557595258579, 0.00034558979678, 5.79455502248e-07, 1.33565059013e-09]}, "erbbands_crest": {"dmean": 2.41374588013, "dmean2": 3.84266209602, "dvar": 5.76030158997, "dvar2": 13.9927663803, "max": 31.878578186, "mean": 9.23479366302, "median": 8.23530673981, "min": 2.35749459267, "var": 17.969121933}, "erbbands_flatness_db": {"dmean": 0.0172393471003, "dmean2": 0.022881096229, "dvar": 0.000279107305687, "dvar2": 0.000472097890452, "max": 0.395151287317, "mean": 0.184498056769, "median": 0.179241687059, "min": 0.0284104738384, "var": 0.00340788741596}, "erbbands_kurtosis": {"dmean": 0.721802532673, "dmean2": 1.12066841125, "dvar": 1.0059659481, "dvar2": 2.09209918976, "max": 29.4540290833, "mean": 0.391317009926, "median": -0.153420805931, "min": -1.72272336483, "var": 3.82223558426}, "erbbands_skewness": {"dmean": 0.309042066336, "dmean2": 0.470515221357, "dvar": 0.0830947458744, "dvar2": 0.189505800605, "max": 4.29397916794, "mean": 0.147191375494, "median": 0.16014739871, "min": -4.44536924362, "var": 0.52830773592}, "erbbands_spread": {"dmean": 6.08614587784, "dmean2": 8.89280700684, "dvar": 53.9725799561, "dvar2": 111.551002502, "max": 130.563568115, "mean": 31.3368282318, "median": 28.6022644043, "min": 3.24332499504, "var": 237.387954712}, "gfcc": {"cov": [[14070.1982422, -1932.83886719, -381.322662354, 819.738952637, -1085.96240234, 349.335235596, -601.70703125, 353.116607666, -251.132995605, 86.0449523926, -313.847076416, 142.476760864, -208.831970215], [-1932.83886719, 2344.99023438, -479.449493408, -495.384857178, 663.446777344, -371.605072021, 368.78729248, -195.551010132, 185.483627319, -226.084960938, 155.373809814, -219.380950928, 105.898971558], [-381.322662354, -479.449493408, 728.018676758, 92.1557693481, -104.494926453, 205.753692627, -97.5682678223, 61.5267181396, -92.5149154663, 84.4255752563, -26.3419303894, 85.1388702393, -51.9356384277], [819.738952637, -495.384857178, 92.1557693481, 429.509460449, -165.442123413, 71.7284622192, -115.831619263, 25.1895809174, 13.4281721115, 28.611989975, -10.2518720627, 69.2632293701, 15.2408494949], [-1085.96240234, 663.446777344, -104.494926453, -165.442123413, 476.864105225, -129.151763916, 117.915100098, -39.7423286438, 46.676902771, -26.5690898895, 22.9733943939, -52.6390419006, 49.8078536987], [349.335235596, -371.605072021, 205.753692627, 71.7284622192, -129.151763916, 243.24269104, -39.0615997314, 44.316116333, -16.509185791, 45.2086257935, -2.46147203445, 33.3502197266, -37.3643760681], [-601.70703125, 368.78729248, -97.5682678223, -115.831619263, 117.915100098, -39.0615997314, 219.751693726, 9.00830173492, 18.6871776581, -18.5388698578, 35.8960990906, -40.711151123, 21.0463314056], [353.116607666, -195.551010132, 61.5267181396, 25.1895809174, -39.7423286438, 44.316116333, 9.00830173492, 125.520729065, 15.7906694412, 26.9585704803, -16.5747089386, 28.9738197327, -10.4263658524], [-251.132995605, 185.483627319, -92.5149154663, 13.4281721115, 46.676902771, -16.509185791, 18.6871776581, 15.7906694412, 176.612197876, -20.1633415222, 21.3598423004, -16.1274166107, 3.90666842461], [86.0449523926, -226.084960938, 84.4255752563, 28.611989975, -26.5690898895, 45.2086257935, -18.5388698578, 26.9585704803, -20.1633415222, 131.744049072, 13.043431282, 19.4920387268, -6.37543725967], [-313.847076416, 155.373809814, -26.3419303894, -10.2518720627, 22.9733943939, -2.46147203445, 35.8960990906, -16.5747089386, 21.3598423004, 13.043431282, 101.744804382, 12.6076173782, 8.06771087646], [142.476760864, -219.380950928, 85.1388702393, 69.2632293701, -52.6390419006, 33.3502197266, -40.711151123, 28.9738197327, -16.1274166107, 19.4920387268, 12.6076173782, 106.461921692, 16.832490921], [-208.831970215, 105.898971558, -51.9356384277, 15.2408494949, 49.8078536987, -37.3643760681, 21.0463314056, -10.4263658524, 3.90666842461, -6.37543725967, 8.06771087646, 16.832490921, 89.1119766235]], "icov": [[0.000162373486091, -0.000264775182586, 0.000380568875698, -0.000330195529386, 0.000285784102743, -0.000320605933666, 0.000445726123871, -0.000643036211841, 0.000501788803376, -0.000286878639599, 0.00056554726325, -0.00027596912696, 0.000457178219222], [-0.000264775182586, 0.00257934536785, -0.000969188811723, 0.00154614483472, -0.00172502896748, 0.00167871988378, -0.00189932994545, 0.00238222745247, -0.00210025347769, 0.0027442581486, -0.00343487458304, 0.00258906907402, -0.00200933031738], [0.000380568875698, -0.000969188811723, 0.00316827651113, -0.00102382956538, 0.000432226574048, -0.00243559805676, 0.00167420471553, -0.00204111286439, 0.00227903132327, -0.00157888559625, 0.00211084238254, -0.0021608164534, 0.00217236974277], [-0.000330195529386, 0.00154614483472, -0.00102382956538, 0.00442635826766, -0.000349794281647, 0.000859933963511, -0.000296224665362, 0.00189650431275, -0.00238845846616, 0.00139860506169, -0.00221209367737, 0.000585583853535, -0.00282258819789], [0.000285784102743, -0.00172502896748, 0.000432226574048, -0.000349794281647, 0.00445209303871, 7.08287245743e-07, 0.000500484718941, -0.00131885590963, 0.000723867677152, -0.00207184953615, 0.00244143954478, -0.00111674552318, 8.07493997854e-05], [-0.000320605933666, 0.00167871988378, -0.00243559805676, 0.000859933963511, 7.08287245743e-07, 0.00778061663732, -0.00190357200336, 0.00117835577112, -0.00211049709469, 0.000982834841125, -0.0029091599863, 0.00169228902087, -0.000356858101441], [0.000445726123871, -0.00189932994545, 0.00167420471553, -0.000296224665362, 0.000500484718941, -0.00190357200336, 0.00885478593409, -0.00491156429052, 0.0026016398333, -0.00122379616369, 0.000126013037516, 0.000468572077807, 0.000282681779936], [-0.000643036211841, 0.00238222745247, -0.00204111286439, 0.00189650431275, -0.00131885590963, 0.00117835577112, -0.00491156429052, 0.014252548106, -0.00490264780819, 0.000528342148755, -0.000365662126569, -0.00120407820214, -0.00127977260854], [0.000501788803376, -0.00210025347769, 0.00227903132327, -0.00238845846616, 0.000723867677152, -0.00211049709469, 0.0026016398333, -0.00490264780819, 0.00932148750871, -0.00108596053906, 0.00126388075296, -0.000852574303281, 0.00249125575647], [-0.000286878639599, 0.0027442581486, -0.00157888559625, 0.00139860506169, -0.00207184953615, 0.000982834841125, -0.00122379616369, 0.000528342148755, -0.00108596053906, 0.0119941197336, -0.00584898423404, 0.00314832734875, -0.00233137514442], [0.00056554726325, -0.00343487458304, 0.00211084238254, -0.00221209367737, 0.00244143954478, -0.0029091599863, 0.000126013037516, -0.000365662126569, 0.00126388075296, -0.00584898423404, 0.0175035446882, -0.00720710633323, 0.0036617112346], [-0.00027596912696, 0.00258906907402, -0.0021608164534, 0.000585583853535, -0.00111674552318, 0.00169228902087, 0.000468572077807, -0.00120407820214, -0.000852574303281, 0.00314832734875, -0.00720710633323, 0.0170130562037, -0.0062993275933], [0.000457178219222, -0.00200933031738, 0.00217236974277, -0.00282258819789, 8.07493997854e-05, -0.000356858101441, 0.000282681779936, -0.00127977260854, 0.00249125575647, -0.00233137514442, 0.0036617112346, -0.0062993275933, 0.0166010074317]], "mean": [-40.0652427673, 128.968658447, -124.207527161, 21.1312561035, -47.7236061096, 10.0852680206, -37.7396316528, 7.60158395767, -21.4627666473, -5.98944091797, -14.6279287338, -4.80282449722, -10.2652015686]}, "hfc": {"dmean": 5.14462471008, "dmean2": 7.35600423813, "dvar": 80.1610031128, "dvar2": 171.216125488, "max": 131.63571167, "mean": 16.1493797302, "median": 10.1684799194, "min": 1.1968235408e-16, "var": 289.496795654}, "melbands": {"dmean": [0.000300073530525, 0.000767579302192, 0.00101710448507, 0.000482709205244, 0.000181961353519, 0.000114220303658, 0.000109888213046, 0.000142148463055, 0.000180382368853, 0.00014295442088, 9.15957862162e-05, 8.83499888005e-05, 6.7697452323e-05, 4.76790737594e-05, 2.75985403277e-05, 2.9262218959e-05, 2.35913776123e-05, 3.1294170185e-05, 2.26086467592e-05, 2.40164372372e-05, 1.86403813132e-05, 1.02502899608e-05, 9.71559802565e-06, 6.7706819209e-06, 4.08002097174e-06, 3.91908906749e-06, 2.76416494671e-06, 1.86038232641e-06, 1.03827198927e-06, 8.73821988989e-07, 6.60166051603e-07, 6.27273436749e-07, 7.63407854265e-07, 9.52734581006e-07, 9.91133902062e-07, 9.62792455539e-07, 7.50519006942e-07, 6.0241728761e-07, 4.42632710929e-07, 3.66153301457e-07], "dmean2": [0.00047653002548, 0.00135650835, 0.00168322643731, 0.000821414869279, 0.000289591378532, 0.000173282591277, 0.000165394463693, 0.000218034852878, 0.0002740410564, 0.000215807565837, 0.000137936309329, 0.000134897883981, 0.000103871636384, 7.40977047826e-05, 4.35537403973e-05, 4.63126234536e-05, 3.6656150769e-05, 4.8920926929e-05, 3.51425987901e-05, 3.65580272046e-05, 2.84644665953e-05, 1.56587848323e-05, 1.53286655404e-05, 1.05740018626e-05, 6.32180399407e-06, 6.09876724411e-06, 4.16966759076e-06, 2.85403348244e-06, 1.6258411506e-06, 1.29963393647e-06, 9.76029809863e-07, 9.50243588704e-07, 1.18425305118e-06, 1.45309820709e-06, 1.44350201481e-06, 1.38451844123e-06, 1.06627078367e-06, 8.6915696329e-07, 6.35355377199e-07, 5.24219160525e-07], "dvar": [8.94138111107e-07, 7.49505989006e-06, 9.66252446233e-06, 1.70768009866e-06, 1.11255928914e-07, 4.97075056671e-08, 5.88644226696e-08, 1.1367342978e-07, 1.980554174e-07, 1.82178240493e-07, 7.85445877227e-08, 7.01122999658e-08, 4.48388703944e-08, 1.37880364903e-08, 5.0381241401e-09, 1.37060514049e-08, 3.58830432035e-09, 7.06308300735e-09, 2.81217271692e-09, 3.89894694308e-09, 2.47015652377e-09, 6.33429142471e-10, 4.4181036607e-10, 1.89060891942e-10, 1.32633626304e-10, 1.63432503641e-10, 7.67524307999e-11, 1.62170311901e-11, 6.82637670349e-12, 1.18888449432e-11, 3.21331069392e-12, 3.13924537407e-12, 7.11770009251e-12, 2.23877496403e-11, 2.23177969161e-11, 2.35594356524e-11, 1.44820952105e-11, 5.23397210989e-12, 1.91231449079e-12, 1.04444079253e-12], "dvar2": [2.09155155062e-06, 2.1381129045e-05, 2.48289506999e-05, 4.69858605356e-06, 2.88012756755e-07, 1.13653889855e-07, 1.38706496955e-07, 2.71206829439e-07, 4.67979162977e-07, 4.26434979772e-07, 1.78784191007e-07, 1.75167286898e-07, 1.07585790943e-07, 3.35593881573e-08, 1.25272610063e-08, 3.45226780496e-08, 8.30611401881e-09, 1.68171947479e-08, 6.21869533646e-09, 9.02548169535e-09, 5.8259619351e-09, 1.41244838048e-09, 1.05716313481e-09, 4.68281358135e-10, 3.28120614013e-10, 3.69040770165e-10, 1.50074883076e-10, 3.49964744684e-11, 1.55792132667e-11, 2.56814222666e-11, 6.45380927519e-12, 7.76889837184e-12, 1.73962858008e-11, 5.19390190579e-11, 4.46247032382e-11, 4.73395177225e-11, 3.04310673882e-11, 1.04919033531e-11, 4.06192093849e-12, 2.30212940724e-12], "max": [0.014203815721, 0.0309229567647, 0.045623332262, 0.0201069843024, 0.00616418058053, 0.00478739617392, 0.00696183461696, 0.00728926295415, 0.00847136881202, 0.0124772973359, 0.00966169685125, 0.00771602708846, 0.00669086677954, 0.00361827923916, 0.00218240194954, 0.0044366796501, 0.00150577316526, 0.00265679392032, 0.00221945019439, 0.00151387543883, 0.00126883515622, 0.000639240723103, 0.000576315564103, 0.000274080521194, 0.000424393365392, 0.000671755580697, 0.000449817540357, 0.000122684679809, 0.000102338897705, 0.000174421424163, 8.46178081702e-05, 5.53051868337e-05, 0.000102127698483, 0.000151852014824, 0.000198964975425, 0.000231020283536, 0.000182058371138, 8.89683506102e-05, 4.48327700724e-05, 2.21145855903e-05], "mean": [0.0006151299458, 0.00114834134001, 0.00126135291066, 0.000695164606441, 0.000404924125178, 0.000235576662817, 0.00022176161292, 0.00026441476075, 0.000310276576784, 0.000236164705711, 0.000158454466145, 0.000147504848428, 0.000110037020931, 8.50139986142e-05, 5.09135825268e-05, 4.8371435696e-05, 3.62062710337e-05, 5.01799986523e-05, 3.76355419576e-05, 4.21015683969e-05, 3.38516765623e-05, 2.06183503906e-05, 1.90526789083e-05, 1.31969682116e-05, 7.37093523639e-06, 6.77041680319e-06, 5.2036893976e-06, 3.57801991413e-06, 1.87886382719e-06, 1.38163113661e-06, 1.17618799322e-06, 1.09775373858e-06, 1.27406178763e-06, 1.35382697408e-06, 1.53470409714e-06, 1.41222756156e-06, 1.07650078007e-06, 8.33506135223e-07, 5.90806223499e-07, 4.85191833377e-07], "median": [0.000400425225962, 0.000676388153806, 0.000582328240853, 0.000388552172808, 0.000236058142036, 0.000120578770293, 0.000119736345368, 9.64406353887e-05, 8.16494430183e-05, 5.8784698922e-05, 4.994419578e-05, 4.06209037465e-05, 2.86271570076e-05, 3.49469046341e-05, 2.09201025427e-05, 1.70794301084e-05, 1.23584986795e-05, 1.48467861436e-05, 1.03435450001e-05, 7.94150946604e-06, 8.20318018668e-06, 5.82569737162e-06, 7.09601681592e-06, 4.24122299592e-06, 2.50325365414e-06, 2.1067214675e-06, 1.65365668181e-06, 1.16751232326e-06, 6.50898073218e-07, 3.3876565908e-07, 3.23549500081e-07, 2.89209765469e-07, 3.10612620069e-07, 2.21408015477e-07, 2.01920883569e-07, 1.40237574442e-07, 1.10114072527e-07, 8.38202538489e-08, 5.3008754719e-08, 4.14389447201e-08], "min": [5.66371127715e-24, 1.01468133235e-23, 1.10495841658e-23, 9.32073474968e-24, 1.0272523042e-23, 5.87228373391e-24, 1.07459129492e-23, 8.32941821516e-24, 8.04875491572e-24, 6.95631272404e-24, 1.41874630097e-23, 2.37999709814e-24, 6.98968390691e-24, 1.36625439193e-23, 1.46370742827e-23, 1.27255254698e-23, 7.24376811587e-24, 4.47505448187e-24, 7.47304028278e-24, 1.11233040062e-23, 1.28082635681e-23, 1.19597655673e-23, 1.08636472838e-23, 5.89250460549e-24, 7.58025436841e-24, 1.01233478671e-23, 6.31512776356e-24, 1.14279447329e-23, 1.16500122331e-23, 1.34554900198e-23, 7.95800356832e-24, 5.65075463121e-24, 6.34521531292e-24, 8.56688743574e-24, 9.90193275477e-24, 8.30497693773e-24, 7.24631771432e-24, 1.10505860191e-23, 1.03039646711e-23, 1.05158850535e-23], "var": [9.89402678897e-07, 4.96645407111e-06, 8.36077197164e-06, 1.45983779021e-06, 2.41965949499e-07, 1.28511018715e-07, 1.13124855261e-07, 2.36041344692e-07, 4.22258921162e-07, 3.38014729095e-07, 1.56774234483e-07, 1.31161769445e-07, 8.9037044404e-08, 3.34742331631e-08, 1.23101751015e-08, 2.81380696521e-08, 5.88297277559e-09, 1.52283767818e-08, 7.01586211349e-09, 9.17404907597e-09, 6.38915143014e-09, 1.91535454164e-09, 1.14474962842e-09, 5.09708331098e-10, 2.75055200838e-10, 3.57879614832e-10, 2.1162603614e-10, 4.74506579862e-11, 1.60875427563e-11, 2.06679465209e-11, 1.03590686376e-11, 5.37537505826e-12, 1.16240888443e-11, 3.41304103035e-11, 5.42643568968e-11, 5.41079854532e-11, 2.89948759447e-11, 9.89558088249e-12, 3.15750550706e-12, 1.67817550221e-12]}, "melbands_crest": {"dmean": 2.566873312, "dmean2": 4.11776161194, "dvar": 6.73130321503, "dvar2": 16.4266166687, "max": 32.4015541077, "mean": 12.0921525955, "median": 11.3178958893, "min": 1.58571052551, "var": 19.3257923126}, "melbands_flatness_db": {"dmean": 0.0208514668047, "dmean2": 0.0310597736388, "dvar": 0.000493829953484, "dvar2": 0.00115024624392, "max": 0.474333405495, "mean": 0.226178660989, "median": 0.211082518101, "min": 0.00406549545005, "var": 0.00563843734562}, "melbands_kurtosis": {"dmean": 3.87005400658, "dmean2": 6.12094402313, "dvar": 49.6110801697, "dvar2": 126.610855103, "max": 132.622543335, "mean": 7.47867059708, "median": 4.33071708679, "min": -1.82790863514, "var": 99.6756591797}, "melbands_skewness": {"dmean": 0.522683382034, "dmean2": 0.792258501053, "dvar": 0.387502610683, "dvar2": 0.913808763027, "max": 10.2147054672, "mean": 2.05712890625, "median": 1.90418076515, "min": -1.15463709831, "var": 1.48402190208}, "melbands_spread": {"dmean": 5.36895132065, "dmean2": 8.17007255554, "dvar": 62.9769821167, "dvar2": 134.25592041, "max": 225.148376465, "mean": 22.2170715332, "median": 18.9398727417, "min": 1.6754450798, "var": 270.360870361}, "mfcc": {"cov": [[9424.22949219, -1715.33740234, 10.773431778, 263.355407715, -314.125854492, -128.140914917, -239.184371948, 58.1266326904, -73.2411880493, 76.2013549805, -25.026184082, -165.495437622, -16.373916626], [-1715.33740234, 2168.6965332, -543.553771973, -108.600799561, 103.204879761, -35.1885490417, 123.679473877, 53.7723083496, 67.4335174561, 9.56798744202, 21.7272758484, 47.7820396423, -0.0776287317276], [10.773431778, -543.553771973, 661.083679199, -47.6947059631, 31.7823696136, 66.2511444092, 9.07514858246, 7.85544919968, -40.133972168, -26.898563385, 22.7602138519, 19.0076751709, 0.335470080376], [263.355407715, -108.600799561, -47.6947059631, 291.117675781, 23.3307685852, -5.16345214844, -22.8381080627, -15.748374939, 20.398651123, -27.346912384, -31.8693084717, 15.3903264999, 13.2175645828], [-314.125854492, 103.204879761, 31.7823696136, 23.3307685852, 238.04019165, 33.9330635071, -20.0695972443, -2.73711800575, 28.6029453278, -11.4063577652, -13.1494569778, 30.5757026672, 10.8311433792], [-128.140914917, -35.1885490417, 66.2511444092, -5.16345214844, 33.9330635071, 122.013565063, 19.9561462402, -3.57959580421, -9.81391048431, 10.6717224121, 15.0940790176, 3.39288425446, -0.858211457729], [-239.184371948, 123.679473877, 9.07514858246, -22.8381080627, -20.0695972443, 19.9561462402, 196.272628784, -22.0957717896, 11.8829164505, -13.8745470047, 5.4659614563, 14.6497850418, -6.00426769257], [58.1266326904, 53.7723083496, 7.85544919968, -15.748374939, -2.73711800575, -3.57959580421, -22.0957717896, 140.61781311, 15.8636360168, 11.9752817154, 11.7949790955, 4.90807056427, 19.7849121094], [-73.2411880493, 67.4335174561, -40.133972168, 20.398651123, 28.6029453278, -9.81391048431, 11.8829164505, 15.8636360168, 111.187919617, 19.3476314545, -15.6318778992, -0.514222025871, 3.88093543053], [76.2013549805, 9.56798744202, -26.898563385, -27.346912384, -11.4063577652, 10.6717224121, -13.8745470047, 11.9752817154, 19.3476314545, 122.396430969, 43.2949371338, -18.112329483, -4.74653625488], [-25.026184082, 21.7272758484, 22.7602138519, -31.8693084717, -13.1494569778, 15.0940790176, 5.4659614563, 11.7949790955, -15.6318778992, 43.2949371338, 105.618087769, 20.3126029968, -5.92314577103], [-165.495437622, 47.7820396423, 19.0076751709, 15.3903264999, 30.5757026672, 3.39288425446, 14.6497850418, 4.90807056427, -0.514222025871, -18.112329483, 20.3126029968, 98.8952789307, 24.9529800415], [-16.373916626, -0.0776287317276, 0.335470080376, 13.2175645828, 10.8311433792, -0.858211457729, -6.00426769257, 19.7849121094, 3.88093543053, -4.74653625488, -5.92314577103, 24.9529800415, 75.3112182617]], "icov": [[0.00013988550927, 0.00011543774599, 6.83897960698e-05, -0.000101259625808, 9.11480819923e-05, 0.000112705514766, 4.91740102007e-05, -0.000112462541438, 7.39200768294e-05, -7.51515981392e-05, -1.34679576149e-05, 0.000132494664285, 1.61357384059e-05], [0.00011543774599, 0.000806231808383, 0.000706470920704, 0.000276148290141, -0.000373806367861, 0.000165581717738, -0.000441459356807, -0.000438702350948, -3.88106018363e-05, 8.82004605955e-05, -0.00020868908905, -0.00015797711967, 0.000153507280629], [6.83897960698e-05, 0.000706470920704, 0.00231294427067, 0.000542043941095, -0.000518737069797, -0.000723571516573, -0.00037830270594, -0.000520701985806, 0.000351331895217, 0.000629813293926, -0.000483346870169, -0.00031546576065, 0.000171251915162], [-0.000101259625808, 0.000276148290141, 0.000542043941095, 0.00406401185319, -0.000336143362802, -0.000298306811601, 0.000346883374732, 0.000454193301266, -0.000869113719091, 0.000818544358481, 0.00065124646062, -0.000902483181562, -0.000337506819051], [9.11480819923e-05, -0.000373806367861, -0.000518737069797, -0.000336143362802, 0.00536226015538, -0.00163901178166, 0.00129301496781, 0.000505495641846, -0.00150213390589, 0.000248082069447, 0.000834682607092, -0.00144101027399, -0.000102700410935], [0.000112705514766, 0.000165581717738, -0.000723571516573, -0.000298306811601, -0.00163901178166, 0.00971719715744, -0.00132573477458, -7.15564092388e-05, 0.0012988478411, -0.00125309010036, -0.000881481915712, 0.000648485729471, -9.02922110981e-05], [4.91740102007e-05, -0.000441459356807, -0.00037830270594, 0.000346883374732, 0.00129301496781, -0.00132573477458, 0.00613533565775, 0.00124460761435, -0.00140879605897, 0.00100587913767, -0.000255236198427, -0.000860272557475, 0.000313106895192], [-0.000112462541438, -0.000438702350948, -0.000520701985806, 0.000454193301266, 0.000505495641846, -7.15564092388e-05, 0.00124460761435, 0.00818066671491, -0.00157170393504, -3.90470540879e-06, -0.000960800796747, 6.29611458862e-05, -0.00224139727652], [7.39200768294e-05, -3.88106018363e-05, 0.000351331895217, -0.000869113719091, -0.00150213390589, 0.0012988478411, -0.00140879605897, -0.00157170393504, 0.0111092850566, -0.00307743577287, 0.00250778603368, -0.000149297033204, 0.000178680071258], [-7.51515981392e-05, 8.82004605955e-05, 0.000629813293926, 0.000818544358481, 0.000248082069447, -0.00125309010036, 0.00100587913767, -3.90470540879e-06, -0.00307743577287, 0.01162382029, -0.00556104443967, 0.00280925864354, -0.000608432223089], [-1.34679576149e-05, -0.00020868908905, -0.000483346870169, 0.00065124646062, 0.000834682607092, -0.000881481915712, -0.000255236198427, -0.000960800796747, 0.00250778603368, -0.00556104443967, 0.0137763116509, -0.00442656315863, 0.00205711857416], [0.000132494664285, -0.00015797711967, -0.00031546576065, -0.000902483181562, -0.00144101027399, 0.000648485729471, -0.000860272557475, 6.29611458862e-05, -0.000149297033204, 0.00280925864354, -0.00442656315863, 0.0136865517125, -0.0043802340515], [1.61357384059e-05, 0.000153507280629, 0.000171251915162, -0.000337506819051, -0.000102700410935, -9.02922110981e-05, 0.000313106895192, -0.00224139727652, 0.000178680071258, -0.000608432223089, 0.00205711857416, -0.0043802340515, 0.0155334565789]], "mean": [-676.878479004, 155.62260437, -9.26605796814, 14.9600114822, 9.52755355835, 0.708069622517, -1.53957605362, 6.85966396332, -2.09037733078, 1.43823766708, -3.13255667686, -2.12693428993, -0.981775522232]}, "pitch_salience": {"dmean": 0.0563670359552, "dmean2": 0.091235473752, "dvar": 0.00265027093701, "dvar2": 0.00721788778901, "max": 0.829353272915, "mean": 0.562194705009, "median": 0.567223072052, "min": 0.165460124612, "var": 0.00838903710246}, "silence_rate_20dB": {"dmean": 0, "dmean2": 0, "dvar": 0, "dvar2": 0, "max": 1, "mean": 1, "median": 1, "min": 1, "var": 0}, "silence_rate_30dB": {"dmean": 0.0128093156964, "dmean2": 0.025621118024, "dvar": 0.0126469703391, "dvar2": 0.0346726626158, "max": 1, "mean": 0.991752386093, "median": 1, "min": 0, "var": 0.00817994680256}, "silence_rate_60dB": {"dmean": 0.00853954348713, "dmean2": 0.0170807447284, "dvar": 0.00846924446523, "dvar2": 0.0208633225411, "max": 1, "mean": 0.0539491549134, "median": 0, "min": 0, "var": 0.0510424040258}, "spectral_centroid": {"dmean": 178.766769409, "dmean2": 271.503540039, "dvar": 52225.4609375, "dvar2": 110776.226562, "max": 11500.6054688, "mean": 1073.38146973, "median": 983.512939453, "min": 248.008728027, "var": 268933.09375}, "spectral_complexity": {"dmean": 2.62552165985, "dmean2": 4, "dvar": 10.2769985199, "dvar2": 20.6781826019, "max": 50, "mean": 16.9278087616, "median": 16, "min": 0, "var": 57.1716957092}, "spectral_contrast_coeffs": {"dmean": [0.0451787784696, 0.0396711751819, 0.0367316305637, 0.032783202827, 0.0242191907018, 0.0189181603491], "dmean2": [0.0744117051363, 0.0631418377161, 0.0566953234375, 0.0502340830863, 0.0366296470165, 0.0273895878345], "dvar": [0.00171596813016, 0.00115723989438, 0.00098164472729, 0.000800465990324, 0.000439745374024, 0.000300714134937], "dvar2": [0.00443788710982, 0.00294162845239, 0.00230525922962, 0.00174916849937, 0.000953823444434, 0.000589544302784], "max": [-0.208052322268, -0.419461995363, -0.408022940159, -0.475556582212, -0.53887963295, -0.59751445055], "mean": [-0.632829368114, -0.722961604595, -0.725663661957, -0.723003208637, -0.746720790863, -0.784712731838], "median": [-0.638319671154, -0.725656509399, -0.732193350792, -0.72586530447, -0.748119056225, -0.786733627319], "min": [-0.946888327599, -0.957147300243, -0.958035945892, -0.963234126568, -0.954125881195, -0.953783094883], "var": [0.00630720192567, 0.00451530795544, 0.00509378733113, 0.00435808394104, 0.00303494883701, 0.00190869357903]}, "spectral_contrast_valleys": {"dmean": [0.352575987577, 0.302959412336, 0.300764471292, 0.323520243168, 0.29061383009, 0.345544070005], "dmean2": [0.57204413414, 0.478389918804, 0.456248551607, 0.478166610003, 0.398869872093, 0.410276055336], "dvar": [0.156442016363, 0.0993879437447, 0.100149467587, 0.137235805392, 0.122361622751, 0.173687800765], "dvar2": [0.337358117104, 0.198888465762, 0.185855805874, 0.249918118119, 0.201949432492, 0.240814164281], "max": [-5.14544391632, -4.6350274086, -5.38422632217, -5.67851495743, -5.81914329529, -7.79513216019], "mean": [-7.32085609436, -6.8281826973, -7.56147146225, -8.29769706726, -8.45105934143, -11.0664262772], "median": [-7.0645160675, -6.6970911026, -7.42436885834, -8.18142032623, -8.21150398254, -10.8171405792], "min": [-27.6815452576, -27.5675964355, -27.2795333862, -27.174703598, -27.4583644867, -27.4227275848], "var": [1.39705300331, 1.19998717308, 1.31080687046, 1.4382481575, 1.79373705387, 2.63477683067]}, "spectral_decrease": {"dmean": 2.17098850008e-09, "dmean2": 3.40090999806e-09, "dvar": 2.3401012321e-17, "dvar2": 5.91373125133e-17, "max": 1.2471973245e-28, "mean": -5.52822765343e-09, "median": -3.97514288153e-09, "min": -5.61048381087e-08, "var": 3.10721827514e-17}, "spectral_energy": {"dmean": 0.00858186464757, "dmean2": 0.013378014788, "dvar": 0.000354696821887, "dvar2": 0.000890595372766, "max": 0.216450512409, "mean": 0.0223296508193, "median": 0.016091812402, "min": 1.03848188055e-20, "var": 0.000493969826493}, "spectral_energyband_high": {"dmean": 0.00021574771381, "dmean2": 0.000292393844575, "dvar": 3.61887629197e-07, "dvar2": 6.96572897141e-07, "max": 0.017413308844, "mean": 0.00039807043504, "median": 9.77867894107e-05, "min": 7.82776280957e-21, "var": 9.67727601164e-07}, "spectral_energyband_low": {"dmean": 0.00385454669595, "dmean2": 0.00638710102066, "dvar": 0.000143164856127, "dvar2": 0.000386943633202, "max": 0.145259857178, "mean": 0.00627920264378, "median": 0.00383406644687, "min": 5.52745433066e-23, "var": 0.000112641384476}, "spectral_energyband_middle_high": {"dmean": 0.00181603373494, "dmean2": 0.00264266855083, "dvar": 1.08477361209e-05, "dvar2": 2.39600940404e-05, "max": 0.0826832726598, "mean": 0.00535499537364, "median": 0.0029903058894, "min": 1.35245696227e-21, "var": 4.67204954475e-05}, "spectral_energyband_middle_low": {"dmean": 0.00541522772983, "dmean2": 0.00853746198118, "dvar": 0.000160016526934, "dvar2": 0.00039496703539, "max": 0.178527012467, "mean": 0.0116622392088, "median": 0.00789619795978, "min": 3.03307753675e-22, "var": 0.000202839888516}, "spectral_entropy": {"dmean": 0.163996174932, "dmean2": 0.232968375087, "dvar": 0.0297141317278, "dvar2": 0.0569390840828, "max": 9.7798538208, "mean": 7.19139814377, "median": 7.23371601105, "min": 5.59456300735, "var": 0.274723976851}, "spectral_flux": {"dmean": 0.0223361272365, "dmean2": 0.0339468307793, "dvar": 0.0012371505145, "dvar2": 0.00245047034696, "max": 0.382037132978, "mean": 0.0687512680888, "median": 0.0550498589873, "min": 1.0190592814e-10, "var": 0.00295291957445}, "spectral_kurtosis": {"dmean": 3.75643873215, "dmean2": 6.33831501007, "dvar": 38.0821075439, "dvar2": 113.270584106, "max": 107.503425598, "mean": 9.49356842041, "median": 6.00796794891, "min": -1.31225132942, "var": 112.771903992}, "spectral_rms": {"dmean": 0.000717336952221, "dmean2": 0.00106392335147, "dvar": 1.40506335811e-06, "dvar2": 3.23138965541e-06, "max": 0.0145317325369, "mean": 0.00424152752385, "median": 0.00396223785356, "min": 3.18300659267e-12, "var": 3.79440416509e-06}, "spectral_rolloff": {"dmean": 339.315856934, "dmean2": 568.451171875, "dvar": 536349.8125, "dvar2": 1131792.5, "max": 18992.2851562, "mean": 1347.55407715, "median": 1055.12695312, "min": 107.666015625, "var": 2280889.5}, "spectral_skewness": {"dmean": 0.336614638567, "dmean2": 0.54977864027, "dvar": 0.172459736466, "dvar2": 0.493980705738, "max": 7.53839635849, "mean": 2.05855131149, "median": 1.86942768097, "min": -0.0924933105707, "var": 0.658053278923}, "spectral_spread": {"dmean": 533309.3125, "dmean2": 698532.4375, "dvar": 603599929344, "dvar2": 906051125248, "max": 40709084, "mean": 3706190.5, "median": 3362