{"lowlevel": {"average_loudness": 0.921565234661, "barkbands": {"dmean": [7.41507437851e-06, 0.000627853325568, 0.000555546372198, 0.000368023494957, 0.000693168200087, 0.000526787480339, 0.000458937487565, 0.000264617090579, 0.000344506901456, 0.000591222720686, 0.000358778488589, 0.000378304044716, 0.000344736559782, 0.000350648304448, 0.000361290352885, 0.000229152734391, 0.000220742920646, 0.000136792237754, 0.000332745083142, 0.000284888548777, 0.00027753674658, 0.000151773623656, 0.000216868240386, 0.000228133707424, 0.000172594300238, 7.34817076591e-05, 3.18667734973e-05], "dmean2": [1.14406202556e-05, 0.0010607476579, 0.000982039840892, 0.000611185794696, 0.00107628223486, 0.000803047791123, 0.000718116294593, 0.000402526085963, 0.00053489516722, 0.00090183125576, 0.000524613133166, 0.000583537563216, 0.00051608303329, 0.000524727918673, 0.000548291194718, 0.000350441929186, 0.000338210636983, 0.000206413082196, 0.000496664608363, 0.000422723242082, 0.00040988397086, 0.000218058819883, 0.000309873459628, 0.000341566948919, 0.000254347105511, 0.000106309729745, 4.6805391321e-05], "dvar": [1.87162577103e-10, 2.99156999972e-06, 2.7510484415e-06, 1.02700471416e-06, 9.54293000177e-07, 9.30693772716e-07, 7.58713895266e-07, 2.32430636515e-07, 4.08897051329e-07, 1.35089419473e-06, 8.22197876005e-07, 5.09608696575e-07, 6.47184947411e-07, 6.68578252316e-07, 8.03036869002e-07, 4.35031864754e-07, 3.2552719631e-07, 1.15518275834e-07, 6.0500752852e-07, 2.8140865993e-07, 7.21717242413e-07, 3.42504421269e-07, 8.71903466759e-07, 5.71034775021e-07, 1.65205648273e-07, 2.04542818238e-08, 4.84013007451e-09], "dvar2": [4.23870633037e-10, 8.04849969427e-06, 7.91922047938e-06, 2.54361339103e-06, 2.35887227973e-06, 1.99492978936e-06, 1.80185782028e-06, 5.54720941182e-07, 9.7727308912e-07, 3.23925178236e-06, 1.57283056978e-06, 1.19219396311e-06, 1.27946691464e-06, 1.46217871588e-06, 1.72843124346e-06, 9.65756498772e-07, 7.17736384104e-07, 2.4880242222e-07, 1.35405753099e-06, 5.99889688147e-07, 1.62799244663e-06, 6.87852036663e-07, 1.77459526185e-06, 1.16720809729e-06, 3.46146407537e-07, 4.57413484867e-08, 1.10791624763e-08], "max": [0.000197000816115, 0.0198690928519, 0.0210084281862, 0.0161835029721, 0.0129431271926, 0.0211090240628, 0.0153258293867, 0.0121060665697, 0.0135487671942, 0.0188034642488, 0.021559048444, 0.0160454232246, 0.0227664802223, 0.0176736973226, 0.0268849395216, 0.0181685443968, 0.0109296664596, 0.0136186117306, 0.0143230780959, 0.0108466986567, 0.0289618335664, 0.0242032948881, 0.0320127345622, 0.0233527254313, 0.00989358965307, 0.00382779259235, 0.00112152541988], "mean": [1.69158684002e-05, 0.000925528875086, 0.000712850363925, 0.000474412576295, 0.00174150161911, 0.00111033616122, 0.00092966039665, 0.000526054296643, 0.000696612871252, 0.00109912722837, 0.000688651227392, 0.000719805830158, 0.000715377333108, 0.000734030269086, 0.000666987791192, 0.000399540353101, 0.000397547148168, 0.00027229191619, 0.000625830434728, 0.000592372089159, 0.000545742572285, 0.000265575479716, 0.000365300918929, 0.000447371567134, 0.000351774477167, 0.000129191947053, 3.86188039556e-05], "median": [5.32308877155e-06, 0.000517998589203, 0.000345485750586, 0.000229845201829, 0.00123930745758, 0.000577943923417, 0.00046733074123, 0.000276199018117, 0.000372006295947, 0.000381944060791, 0.000216101354454, 0.000260911241639, 0.000233044265769, 0.000263185880613, 0.000175877445145, 0.000117118004709, 0.000126352737425, 7.57949601393e-05, 0.000150716718053, 0.000245081842877, 0.00022758563864, 7.43651326047e-05, 0.000105514773168, 0.000182287127245, 0.000166692232597, 6.7203072831e-05, 1.13626629172e-05], "min": [4.16137094405e-25, 2.31736450049e-24, 1.01184723122e-24, 5.43898196298e-25, 5.16591716899e-24, 5.19722311401e-24, 6.05463563747e-24, 7.06896679447e-24, 1.39507968496e-23, 8.08314215144e-24, 1.30220929939e-23, 2.46298293823e-23, 3.27447610505e-23, 1.94742399803e-23, 4.95686208713e-23, 6.15264805507e-23, 6.09764362405e-23, 1.0439552979e-22, 9.82451599657e-23, 1.68990830724e-22, 1.93469765214e-22, 3.11149308752e-22, 3.69181981151e-22, 5.81159559162e-22, 8.70414330101e-22, 1.25089560145e-21, 1.91115375133e-21], "var": [5.6019994199e-10, 2.51031656262e-06, 1.85886699455e-06, 9.70105361375e-07, 2.89285617328e-06, 2.83033250525e-06, 1.62897629252e-06, 5.51222512968e-07, 1.00258114344e-06, 3.24720508615e-06, 2.46508761848e-06, 1.62364312928e-06, 2.13152293327e-06, 2.0438858428e-06, 2.50056541518e-06, 8.08408401554e-07, 7.41246310554e-07, 3.63249199609e-07, 1.41182601965e-06, 7.82731717663e-07, 1.1753236322e-06, 9.55649852585e-07, 1.9818464807e-06, 1.35946879709e-06, 5.06819162638e-07, 3.54609284159e-08, 6.03430461155e-09]}, "barkbands_crest": {"dmean": 1.8433406353, "dmean2": 2.9613134861, "dvar": 3.26139569283, "dvar2": 7.98250865936, "max": 23.2762889862, "mean": 7.06909561157, "median": 6.44598865509, "min": 2.05513978004, "var": 8.48722553253}, "barkbands_flatness_db": {"dmean": 0.0134528130293, "dmean2": 0.0198846701533, "dvar": 0.000159378658282, "dvar2": 0.000364832987543, "max": 0.20302978158, "mean": 0.0755334123969, "median": 0.0723066031933, "min": 0.0161589868367, "var": 0.000681958219502}, "barkbands_kurtosis": {"dmean": 1.00816106796, "dmean2": 1.53377795219, "dvar": 2.80180764198, "dvar2": 6.27640628815, "max": 47.4937705994, "mean": 0.768645226955, "median": 0.0359570011497, "min": -1.90151059628, "var": 7.65537786484}, "barkbands_skewness": {"dmean": 0.368617594242, "dmean2": 0.534974634647, "dvar": 0.175858289003, "dvar2": 0.356698721647, "max": 5.94047307968, "mean": 0.681152284145, "median": 0.684666156769, "min": -4.55743169785, "var": 0.98056179285}, "barkbands_spread": {"dmean": 7.05955553055, "dmean2": 10.4845495224, "dvar": 66.8565444946, "dvar2": 146.104034424, "max": 102.824676514, "mean": 35.5821380615, "median": 32.9911880493, "min": 4.43144655228, "var": 205.07208252}, "dissonance": {"dmean": 0.0137700475752, "dmean2": 0.0231005623937, "dvar": 0.000187870769878, "dvar2": 0.000512690749019, "max": 0.500000119209, "mean": 0.472513377666, "median": 0.476486444473, "min": 0.32417050004, "var": 0.000356271339115}, "dynamic_complexity": 3.46846532822, "erbbands": {"dmean": [0.00994610600173, 0.17166608572, 0.589770317078, 1.0047223568, 1.30795586109, 3.00015807152, 3.58749032021, 4.82628393173, 6.7935295105, 5.4608168602, 5.11851024628, 6.14295911789, 15.9245109558, 19.3749675751, 10.5673971176, 11.9589366913, 14.9842977524, 15.220082283, 17.7525062561, 14.2745199203, 11.9489021301, 12.3553934097, 8.00292491913, 11.8633041382, 16.3225002289, 10.627614975, 13.8340091705, 7.22431230545, 5.02659702301, 6.97087478638, 6.20733308792, 4.79772663116, 3.92711734772, 2.3040971756, 1.09145581722, 0.366138517857, 0.12799218297, 0.03459167853, 0.00591691955924, 0.000285721442197], "dmean2": [0.0163386613131, 0.29138225317, 1.03617095947, 1.7040309906, 2.17295980453, 4.60478115082, 5.28301239014, 7.49092817307, 10.7926836014, 8.34522724152, 7.66901540756, 9.44031715393, 24.1578998566, 28.8855266571, 16.1685466766, 17.9873027802, 22.0901527405, 22.6601753235, 26.6248950958, 21.5132350922, 17.9696083069, 18.7126064301, 12.0096464157, 17.5711517334, 24.0800304413, 15.7339258194, 20.2446670532, 10.8906698227, 7.35037517548, 9.96585178375, 8.99974822998, 7.16992807388, 5.90762424469, 3.3976893425, 1.63455712795, 0.539645493031, 0.187411889434, 0.0507433451712, 0.00878779496998, 0.000420431810198], "dvar": [0.000553288322408, 0.230987787247, 2.97446656227, 7.68605852127, 5.25762891769, 23.5073566437, 36.4449081421, 76.0624847412, 163.644851685, 101.970825195, 84.8188476563, 120.552734375, 814.819763184, 1678.10095215, 403.729553223, 557.765869141, 1396.61633301, 1079.26708984, 1518.2364502, 1296.40478516, 803.334411621, 984.799926758, 399.898101807, 1016.22033691, 1212.25183105, 437.422698975, 1410.53283691, 690.586730957, 276.802001953, 1114.58081055, 706.891113281, 345.93081665, 168.61680603, 34.4621047974, 6.04866456985, 0.611112356186, 0.0635794624686, 0.00499092042446, 0.000183616139111, 3.97657061058e-07], "dvar2": [0.0014159049606, 0.624218940735, 8.34138202667, 20.0590019226, 14.6218338013, 55.6218185425, 75.7398986816, 175.496444702, 392.713653564, 239.701812744, 194.864807129, 298.553833008, 1894.66357422, 3592.04248047, 956.284057617, 1215.87939453, 2756.70239258, 2388.58056641, 3281.14501953, 2976.81835938, 1776.16101074, 2149.51416016, 848.07623291, 2281.19433594, 2638.07788086, 966.991149902, 3015.78149414, 1681.89685059, 556.176086426, 2257.55932617, 1503.1340332, 713.218566895, 360.046386719, 71.0111083984, 13.8096389771, 1.41888487339, 0.142034962773, 0.0111102340743, 0.000430257176049, 9.23957429677e-07], "max": [0.336898028851, 5.2594127655, 19.3540248871, 30.664522171, 32.5126457214, 69.0752792358, 156.491592407, 185.275085449, 207.967086792, 211.770050049, 194.319412231, 249.482513428, 654.744873047, 824.213928223, 661.011169434, 698.401916504, 1201.69335938, 677.133361816, 1179.41149902, 781.675354004, 612.327026367, 727.409729004, 853.532592773, 760.872497559, 674.857421875, 549.345092773, 1510.64099121, 875.558044434, 519.902038574, 1129.44921875, 884.182189941, 738.660888672, 438.615112305, 139.154083252, 57.0286483765, 23.8964309692, 5.80811834335, 1.69503223896, 0.231369778514, 0.00914394389838], "mean": [0.0179751385003, 0.237321004272, 0.797169744968, 1.3472263813, 2.32244181633, 7.19556999207, 8.43508052826, 9.86843299866, 13.45515728, 12.0483980179, 10.9809494019, 12.8347330093, 31.5702648163, 41.2358551025, 21.4282836914, 25.5672569275, 32.7319145203, 34.0005073547, 37.4926185608, 27.2493572235, 22.8600082397, 24.182674408, 17.1515235901, 24.0950965881, 33.3745765686, 25.5564441681, 29.8965148926, 12.7815036774, 9.05767250061, 11.3455753326, 10.3038282394, 9.34030532837, 7.28177165985, 4.61740636826, 2.10051417351, 0.681477487087, 0.209185615182, 0.0490867421031, 0.00707572419196, 0.000351102527929], "median": [0.0126387774944, 0.120368920267, 0.375072419643, 0.698254942894, 1.57296144962, 3.98023462296, 5.4433426857, 5.02696037292, 7.92768287659, 6.56756782532, 6.59823226929, 7.52711439133, 15.2975978851, 15.5712814331, 10.1268234253, 9.84579467773, 11.1972999573, 14.6839418411, 12.3729047775, 9.36518192291, 7.56516170502, 8.30399990082, 5.21993970871, 5.53062343597, 12.045507431, 11.924747467, 12.5801696777, 5.70817279816, 2.90518856049, 2.24290084839, 3.24483776093, 3.79781627655, 2.81059932709, 2.03853416443, 0.987535476685, 0.344290405512, 0.104600504041, 0.0204450022429, 0.002005900722, 0.000115711816761], "min": [6.16150917184e-23, 6.05801554357e-22, 1.16309904301e-21, 3.64631472992e-21, 5.90729782375e-21, 2.10423745685e-20, 3.75907447237e-20, 5.52673940811e-20, 1.22238928541e-19, 1.97478656673e-19, 1.94732766006e-19, 3.78786294262e-19, 3.09577901868e-19, 7.71473772309e-19, 7.19690766698e-19, 9.76785945705e-19, 1.59891665282e-18, 1.22064375337e-18, 2.57262207452e-18, 2.9499336867e-18, 3.93730692386e-18, 3.81196341846e-18, 4.2397841264e-18, 6.14158402404e-18, 6.41250842212e-18, 7.78340560465e-18, 8.65271783453e-18, 9.73750234216e-18, 9.33824873026e-18, 1.16856665403e-17, 1.07319488007e-17, 1.1912620085e-17, 8.24151311714e-18, 8.46270865756e-18, 6.49917378926e-18, 4.06122561065e-18, 2.31923038991e-18, 8.93649537855e-19, 2.32609909092e-19, 2.59162632938e-20], "var": [0.000598879531026, 0.18743185699, 2.18733620644, 6.48674106598, 6.79297447205, 75.9508666992, 125.047225952, 203.443984985, 291.06741333, 256.852783203, 204.510772705, 279.526977539, 2021.48059082, 5641.53027344, 1217.03466797, 1838.33728027, 4536.08300781, 3219.6730957, 5679.1953125, 2896.24780273, 1810.93774414, 2494.80200195, 1337.65246582, 2463.12988281, 3155.29199219, 1206.72302246, 3082.90185547, 792.652648926, 762.034240723, 2998.94458008, 1362.90734863, 690.954101563, 368.631347656, 105.852737427, 15.1463909149, 1.13556063175, 0.0991518646479, 0.00697037670761, 0.000219609675696, 4.67008590022e-07]}, "erbbands_crest": {"dmean": 1.94774603844, "dmean2": 3.10831785202, "dvar": 3.60454010963, "dvar2": 8.48179149628, "max": 30.3878860474, "mean": 7.58767795563, "median": 6.87969017029, "min": 2.2495033741, "var": 10.9308404922}, "erbbands_flatness_db": {"dmean": 0.0145910540596, "dmean2": 0.0200261697173, "dvar": 0.00020029170264, "dvar2": 0.000366346852388, "max": 0.258511304855, "mean": 0.120365768671, "median": 0.118564590812, "min": 0.0293170455843, "var": 0.00115864025429}, "erbbands_kurtosis": {"dmean": 0.661906838417, "dmean2": 1.0065267086, "dvar": 1.0409027338, "dvar2": 2.03721404076, "max": 28.3857555389, "mean": 0.261429667473, "median": -0.149363696575, "min": -1.69190394878, "var": 3.06712985039}, "erbbands_skewness": {"dmean": 0.284876048565, "dmean2": 0.415714293718, "dvar": 0.0940837860107, "dvar2": 0.181686773896, "max": 2.29370927811, "mean": 0.119869656861, "median": 0.216293007135, "min": -4.10665225983, "var": 0.546496093273}, "erbbands_spread": {"dmean": 8.0627374649, "dmean2": 11.9308815002, "dvar": 79.8713531494, "dvar2": 173.243347168, "max": 136.941207886, "mean": 43.7290916443, "median": 40.8781051636, "min": 4.4063129425, "var": 341.914001465}, "gfcc": {"cov": [[34984.765625, 559.512023926, -3308.59692383, 528.367675781, -1623.72937012, 275.683837891, -964.822753906, 381.656097412, -818.150878906, 132.013244629, -339.962768555, -54.9726600647, -30.6598091125], [559.512023926, 774.718383789, -71.4044723511, 2.93328356743, 175.037887573, 39.3580436707, 76.0141372681, 45.028591156, -23.5638446808, 25.8405513763, 21.7612228394, -28.0011520386, -10.4740066528], [-3308.59692383, -71.4044723511, 943.338195801, 6.93436717987, 150.325485229, 74.974319458, 111.283546448, -41.5550346375, 118.152267456, -32.6574707031, 20.0602207184, 58.6338043213, -43.7873840332], [528.367675781, 2.93328356743, 6.93436717987, 356.249725342, 17.2968406677, -1.50103330612, -13.5752429962, 123.250862122, 50.7943267822, -1.84380424023, 13.7489624023, -7.34104394913, -4.50771665573], [-1623.72937012, 175.037887573, 150.325485229, 17.2968406677, 402.564025879, 39.7495765686, 127.519973755, -3.65353298187, 89.6556777954, 13.6893472672, 9.36199188232, -14.9170293808, -27.8575687408], [275.683837891, 39.3580436707, 74.974319458, -1.50103330612, 39.7495765686, 218.222137451, 73.6893844604, -12.0553541183, 3.94545412064, 26.9422893524, -1.46413302422, -30.7448749542, -26.2322654724], [-964.822753906, 76.0141372681, 111.283546448, -13.5752429962, 127.519973755, 73.6893844604, 212.019775391, 18.4628505707, 27.0549793243, 19.6713218689, 24.6284790039, -27.1654853821, -15.4770336151], [381.656097412, 45.028591156, -41.5550346375, 123.250862122, -3.65353298187, -12.0553541183, 18.4628505707, 176.826644897, 19.7396888733, 10.8429117203, 19.8969955444, -15.2653264999, 14.336356163], [-818.150878906, -23.5638446808, 118.152267456, 50.7943267822, 89.6556777954, 3.94545412064, 27.0549793243, 19.7396888733, 129.892333984, 9.04343223572, -6.33398389816, 1.98321270943, -10.0581378937], [132.013244629, 25.8405513763, -32.6574707031, -1.84380424023, 13.6893472672, 26.9422893524, 19.6713218689, 10.8429117203, 9.04343223572, 74.7550888062, 16.8153934479, -20.5225219727, 1.10062634945], [-339.962768555, 21.7612228394, 20.0602207184, 13.7489624023, 9.36199188232, -1.46413302422, 24.6284790039, 19.8969955444, -6.33398389816, 16.8153934479, 77.2711868286, 10.8368902206, -3.00441670418], [-54.9726600647, -28.0011520386, 58.6338043213, -7.34104394913, -14.9170293808, -30.7448749542, -27.1654853821, -15.2653264999, 1.98321270943, -20.5225219727, 10.8368902206, 82.7003555298, 9.1316614151], [-30.6598091125, -10.4740066528, -43.7873840332, -4.50771665573, -27.8575687408, -26.2322654724, -15.4770336151, 14.336356163, -10.0581378937, 1.10062634945, -3.00441670418, 9.1316614151, 76.3437423706]], "icov": [[8.27215335448e-05, -8.39424756123e-05, 0.000229255514569, -0.00013532495359, 0.000205379794352, -0.000260803819401, 0.000172659987584, -0.00015799610992, 0.000267596187769, -0.000210356374737, 0.00043290364556, -0.000327683635987, 0.000289725488983], [-8.39424756123e-05, 0.00167498877272, -8.24977541924e-05, 0.000228332006373, -0.0010955327889, 0.000116050410725, -0.000247013696935, -0.000368908309611, 0.000577684899326, -2.87351012958e-05, -0.000554431986529, 0.000356426142389, -0.000166355763213], [0.000229255514569, -8.24977541924e-05, 0.0021265449468, -0.000366885535186, 0.000415340560721, -0.00120494537987, -0.000116102317406, -0.000107999396278, -0.000425751408329, 0.000255135004409, 0.000775847933255, -0.00201024324633, 0.00122426473536], [-0.00013532495359, 0.000228332006373, -0.000366885535186, 0.00426851026714, -0.00053067796398, 1.42358676385e-05, 0.000670291774441, -0.00258460082114, -0.00167167547625, 0.00109153497033, -0.00128432863858, 0.0007500355714, 7.48414095142e-05], [0.000205379794352, -0.0010955327889, 0.000415340560721, -0.00053067796398, 0.00461808545515, -0.000385005900171, -0.00144792883657, 0.000491296057589, -0.00184562709183, -0.000401536613936, 0.00103189249057, -0.000591979245655, 0.00118015171029], [-0.000260803819401, 0.000116050410725, -0.00120494537987, 1.42358676385e-05, -0.000385005900171, 0.00676811952144, -0.00232792366296, 0.00122539605945, -9.51835609158e-05, -0.00134046655148, -0.000289259740384, 0.00229025818408, 0.000425416044891], [0.000172659987584, -0.000247013696935, -0.000116102317406, 0.000670291774441, -0.00144792883657, -0.00232792366296, 0.00782819464803, -0.0016309042694, 0.00055626349058, -0.000407711020671, -0.0012364378199, 0.00131489965133, 0.00044668832561], [-0.00015799610992, -0.000368908309611, -0.000107999396278, -0.00258460082114, 0.000491296057589, 0.00122539605945, -0.0016309042694, 0.00893767550588, -0.00169170997106, 0.000226353353355, -0.00247171754017, 0.00194935069885, -0.00229387800209], [0.000267596187769, 0.000577684899326, -0.000425751408329, -0.00167167547625, -0.00184562709183, -9.51835609158e-05, 0.00055626349058, -0.00169170997106, 0.0125304516405, -0.00335921836086, 0.00397811643779, -0.00180737941992, 0.0016401396133], [-0.000210356374737, -2.87351012958e-05, 0.000255135004409, 0.00109153497033, -0.000401536613936, -0.00134046655148, -0.000407711020671, 0.000226353353355, -0.00335921836086, 0.0175357982516, -0.00589155964553, 0.00453737098724, -0.0020798726473], [0.00043290364556, -0.000554431986529, 0.000775847933255, -0.00128432863858, 0.00103189249057, -0.000289259740384, -0.0012364378199, -0.00247171754017, 0.00397811643779, -0.00589155964553, 0.0184453148395, -0.0056500537321, 0.00296834181063], [-0.000327683635987, 0.000356426142389, -0.00201024324633, 0.0007500355714, -0.000591979245655, 0.00229025818408, 0.00131489965133, 0.00194935069885, -0.00180737941992, 0.00453737098724, -0.0056500537321, 0.0172986481339, -0.00331497332081], [0.000289725488983, -0.000166355763213, 0.00122426473536, 7.48414095142e-05, 0.00118015171029, 0.000425416044891, 0.00044668832561, -0.00229387800209, 0.0016401396133, -0.0020798726473, 0.00296834181063, -0.00331497332081, 0.0157563090324]], "mean": [-2.19874882698, 35.3413391113, -102.833274841, 12.8888492584, -61.3289985657, 10.6491107941, -38.6541824341, 5.80150413513, -31.3820495605, 6.23758268356, -14.2936573029, -2.57273483276, -5.85189056396]}, "hfc": {"dmean": 10.3030891418, "dmean2": 14.0175714493, "dvar": 374.603668213, "dvar2": 716.997070313, "max": 416.060516357, "mean": 31.7586154938, "median": 22.5135974884, "min": 1.05947469995e-16, "var": 1330.49731445}, "melbands": {"dmean": [0.000132579574711, 0.000278686493402, 0.000174843982677, 0.000140575066325, 0.000130171276396, 0.000107382562419, 0.000103265309008, 5.97738471697e-05, 3.95202696382e-05, 4.63584729005e-05, 8.49749194458e-05, 8.2583654148e-05, 3.71158057533e-05, 4.05179562222e-05, 3.63880462828e-05, 3.46958695445e-05, 2.87710317934e-05, 3.00301453535e-05, 3.13955861202e-05, 1.54892604769e-05, 1.42419894473e-05, 1.45823823914e-05, 9.37571530812e-06, 6.5942499532e-06, 1.072739542e-05, 1.3423908058e-05, 1.20581626106e-05, 7.28028453523e-06, 9.23893458094e-06, 7.24760320736e-06, 3.70068119082e-06, 2.70086343335e-06, 3.54190660801e-06, 4.20843116444e-06, 3.91282446799e-06, 3.00408601106e-06, 3.15424904329e-06, 3.10368773171e-06, 2.41992415795e-06, 1.94006565835e-06], "dmean2": [0.000222269532969, 0.000479103327962, 0.00029450529837, 0.000222873190069, 0.000193116109585, 0.000165410077898, 0.000162857890246, 9.10619855858e-05, 5.94429548073e-05, 7.15872083674e-05, 0.000129132939037, 0.000124018537463, 5.53452264285e-05, 6.39819918433e-05, 5.17803746334e-05, 5.21864312759e-05, 4.29390420322e-05, 4.52559106634e-05, 4.76395507576e-05, 2.37460335484e-05, 2.1496842237e-05, 2.22481394303e-05, 1.42605758811e-05, 1.01255591289e-05, 1.60138079082e-05, 2.03457875614e-05, 1.77555612026e-05, 1.11441167974e-05, 1.37369552249e-05, 1.08531221485e-05, 5.71255668547e-06, 4.04912634622e-06, 5.08238781549e-06, 6.11985751675e-06, 5.84197414355e-06, 4.47739239462e-06, 4.84641896037e-06, 4.75709703096e-06, 3.64149695997e-06, 2.88834144158e-06], "dvar": [1.23048351952e-07, 6.15870192178e-07, 1.94686307964e-07, 4.39225438242e-08, 3.80300413383e-08, 3.707783236e-08, 3.67300536652e-08, 1.16228902058e-08, 5.04972419435e-09, 7.45195372076e-09, 2.34115642428e-08, 2.83513994503e-08, 5.68084557173e-09, 6.79863632058e-09, 6.82002543329e-09, 6.39999875318e-09, 3.80746012496e-09, 5.00814323345e-09, 7.17298265229e-09, 3.31743632564e-09, 1.23132259944e-09, 1.54508383865e-09, 6.60797250251e-10, 2.76024370027e-10, 8.92245277662e-10, 1.10987297131e-09, 5.71625191625e-10, 2.2154590662e-10, 5.64097546452e-10, 5.62458302156e-10, 1.6691238669e-10, 6.72454938955e-11, 2.47869724745e-10, 4.60698756921e-10, 3.03037428484e-10, 1.85191750823e-10, 1.33464503338e-10, 1.090524962e-10, 5.26310037219e-11, 2.27493163196e-11], "dvar2": [3.25739819118e-07, 1.66775168964e-06, 5.05560933561e-07, 1.11710690476e-07, 8.29244584111e-08, 8.48638990192e-08, 8.7542346705e-08, 2.74115450338e-08, 1.16042420117e-08, 1.81817512157e-08, 5.48561622793e-08, 6.28955731941e-08, 1.17591847371e-08, 1.69958571661e-08, 1.33162112448e-08, 1.36279556529e-08, 8.36872082743e-09, 1.08854596448e-08, 1.55394506152e-08, 7.34313099215e-09, 2.68057132047e-09, 3.36237571119e-09, 1.51010459692e-09, 6.46769693358e-10, 2.01890704155e-09, 2.52853316063e-09, 1.14111864402e-09, 5.09708608654e-10, 1.24598631412e-09, 1.2568970309e-09, 4.20484730368e-10, 1.447577197e-10, 4.92242413497e-10, 9.9297359224e-10, 6.64175436871e-10, 3.96571997463e-10, 2.88156526418e-10, 2.38688874221e-10, 1.18473217348e-10, 4.81992640244e-11], "max": [0.0043853125535, 0.00787195563316, 0.00560647808015, 0.0027478330303, 0.00401781359687, 0.00423214631155, 0.00332982302643, 0.00226762029342, 0.00156776281074, 0.00193945097271, 0.00337841664441, 0.00328515702859, 0.00162502576131, 0.00227682292461, 0.00185528362636, 0.00263635348529, 0.00131892913487, 0.00154974509496, 0.00253944494762, 0.00189944845624, 0.000830913137179, 0.00101366068702, 0.000889562710654, 0.00035072414903, 0.000733255990781, 0.000575277896132, 0.00053082825616, 0.00044669752242, 0.000889276445378, 0.000856662169099, 0.000398593110731, 0.000210445810808, 0.000622635649052, 0.000785584037658, 0.000535358558409, 0.000682487036102, 0.000427926424891, 0.000360172969522, 0.000199392103241, 0.000121735371067], "mean": [0.000208516212297, 0.000397334282752, 0.000252034777077, 0.000320838909829, 0.000321591011016, 0.00022091747087, 0.000208323894185, 0.000131788707222, 8.22616348159e-05, 9.21309838304e-05, 0.00016326320474, 0.000171958599822, 7.49850223656e-05, 7.27148144506e-05, 7.57303569117e-05, 7.26611469872e-05, 6.09356211498e-05, 6.07368674537e-05, 5.48324605916e-05, 2.61978693743e-05, 2.54971309914e-05, 2.61225941358e-05, 1.78967002284e-05, 1.27501134557e-05, 2.02283281396e-05, 2.37693820964e-05, 2.40991885221e-05, 1.55710331455e-05, 1.95601987798e-05, 1.28747979034e-05, 5.74192699787e-06, 4.7097460083e-06, 5.69774374526e-06, 6.55761141388e-06, 6.03786338615e-06, 5.36173592991e-06, 5.93294589635e-06, 5.38633457836e-06, 4.29687634096e-06, 3.7655079268e-06], "median": [0.000131634136778, 0.0002096802491, 0.00015037425328, 0.000203233197681, 0.000213816048927, 0.000112420122605, 0.000120672717458, 7.26161379134e-05, 4.86781864311e-05, 4.9080561439e-05, 7.47792073525e-05, 6.29897695035e-05, 3.2094627386e-05, 2.77270301012e-05, 1.9515366148e-05, 2.63632555288e-05, 2.37923577515e-05, 1.86450779438e-05, 1.3778129869e-05, 7.42160045775e-06, 7.40450741432e-06, 8.1839170889e-06, 5.45733109902e-06, 3.37724418387e-06, 3.93664140574e-06, 6.5286581048e-06, 7.61816045269e-06, 6.94279151503e-06, 8.12796679384e-06, 4.938877737e-06, 2.33449372899e-06, 1.61586217473e-06, 1.11321401164e-06, 1.19094715956e-06, 1.65597089108e-06, 2.15436102735e-06, 2.40355939241e-06, 2.02373553293e-06, 1.6642055698e-06, 1.61143316291e-06], "min": [5.60817487778e-25, 9.05550590828e-25, 7.79026324227e-25, 8.32087623206e-25, 1.58182684538e-24, 1.37909757995e-24, 1.61207344881e-24, 2.55399279535e-24, 1.87695509281e-24, 2.08440539493e-24, 1.22414360449e-24, 1.94509374236e-24, 2.13975305933e-24, 2.23600907812e-24, 2.39551754202e-24, 3.57496261129e-24, 1.81447494253e-24, 3.37825541141e-24, 3.75311028066e-24, 3.72571235256e-24, 4.07120187461e-24, 3.16094395355e-24, 3.08264142288e-24, 4.06566880422e-24, 4.88184204613e-24, 3.92536200362e-24, 4.17197451652e-24, 5.34225243043e-24, 4.64608978132e-24, 3.30755395e-24, 5.29833102181e-24, 4.3321602175e-24, 4.25510625643e-24, 4.8221355308e-24, 5.31120641507e-24, 6.60970972482e-24, 6.27103083339e-24, 5.15922407864e-24, 5.54642383219e-24, 6.33121303185e-24], "var": [1.08907336482e-07, 4.96924883464e-07, 1.75592475671e-07, 1.20263521808e-07, 1.31912941015e-07, 9.88244792666e-08, 6.97866298083e-08, 3.02978335753e-08, 1.20250991387e-08, 1.74710113043e-08, 5.75409337955e-08, 9.07660222538e-08, 1.77164132253e-08, 1.72676877241e-08, 2.56665657616e-08, 1.90227869012e-08, 1.14053584355e-08, 1.74826073618e-08, 1.92548750277e-08, 5.62337065801e-09, 2.7444908568e-09, 3.6040506135e-09, 1.76381043104e-09, 6.70939137581e-10, 2.04879868626e-09, 2.16930207131e-09, 1.82436998841e-09, 5.47534850792e-10, 1.24480858954e-09, 8.54132875538e-10, 1.81272913347e-10, 1.6293145999e-10, 6.65846544567e-10, 1.11436804229e-09, 5.61694857293e-10, 2.92495055954e-10, 2.67609767679e-10, 2.17391271651e-10, 1.14730391854e-10, 7.05436473125e-11]}, "melbands_crest": {"dmean": 2.46973443031, "dmean2": 3.99368476868, "dvar": 6.6903758049, "dvar2": 17.3142757416, "max": 25.5807666779, "mean": 9.61191940308, "median": 8.86964416504, "min": 1.44341409206, "var": 15.5949716568}, "melbands_flatness_db": {"dmean": 0.018192447722, "dmean2": 0.0265593584627, "dvar": 0.000378555356292, "dvar2": 0.00085222668713, "max": 0.334910511971, "mean": 0.119242869318, "median": 0.115414246917, "min": 0.00305454386398, "var": 0.00203627394512}, "melbands_kurtosis": {"dmean": 3.13915061951, "dmean2": 4.87177038193, "dvar": 33.6929626465, "dvar2": 80.2128829956, "max": 150.505172729, "mean": 5.96359777451, "median": 3.14887237549, "min": -1.82774591446, "var": 92.7627563477}, "melbands_skewness": {"dmean": 0.496109217405, "dmean2": 0.743603825569, "dvar": 0.343333423138, "dvar2": 0.760131299496, "max": 9.66496181488, "mean": 1.78867709637, "median": 1.60472416878, "min": -1.91539096832, "var": 1.52862846851}, "melbands_spread": {"dmean": 10.7248506546, "dmean2": 15.8633565903, "dvar": 269.536804199, "dvar2": 519.879516602, "max": 245.20135498, "mean": 46.7324638367, "median": 37.9977264404, "min": 2.33343052864, "var": 1129.79504395}, "mfcc": {"cov": [[12452.4003906, 558.182556152, -476.246826172, 107.700248718, -145.899856567, -239.819290161, 166.825363159, -68.8859405518, 33.9426460266, 97.9994735718, -226.574234009, 0.147414788604, -39.2761421204], [558.182556152, 951.09173584, -79.5212783813, -6.21414709091, 65.13697052, 79.975112915, 134.751037598, -6.91314029694, 9.9463558197, 37.8057670593, -27.1542434692, 55.8985099792, -9.30100154877], [-476.246826172, -79.5212783813, 613.366821289, 2.14150571823, 15.9133224487, 54.1637039185, -33.5368309021, 63.604888916, -4.93959379196, -31.0147209167, 33.7078475952, -20.5075702667, 47.6533317566], [107.700248718, -6.21414709091, 2.14150571823, 298.205749512, 94.537071228, -74.9529266357, -3.82604980469, 51.0504455566, 44.1995162964, 7.1946387291, 37.5710639954, 30.9911518097, 24.7213249207], [-145.899856567, 65.13697052, 15.9133224487, 94.537071228, 201.641723633, 41.5117645264, -11.4442691803, 39.6711387634, 32.0311012268, 0.827586114407, 48.9401893616, 20.803068161, 7.35957193375], [-239.819290161, 79.975112915, 54.1637039185, -74.9529266357, 41.5117645264, 244.346466064, 47.7655067444, 12.1156826019, 15.732588768, 21.3515529633, 34.3612709045, 10.9384460449, -5.48589372635], [166.825363159, 134.751037598, -33.5368309021, -3.82604980469, -11.4442691803, 47.7655067444, 198.3515625, 20.3906650543, 14.6813268661, 62.3982009888, -1.53758788109, 38.0377998352, 13.7269563675], [-68.8859405518, -6.91314029694, 63.604888916, 51.0504455566, 39.6711387634, 12.1156826019, 20.3906650543, 115.765678406, 33.4755401611, -9.67657756805, 36.3201065063, 18.8785610199, 18.739315033], [33.9426460266, 9.9463558197, -4.93959379196, 44.1995162964, 32.0311012268, 15.732588768, 14.6813268661, 33.4755401611, 112.09879303, 50.3573684692, 1.65551841259, 7.84075593948, 19.2508811951], [97.9994735718, 37.8057670593, -31.0147209167, 7.1946387291, 0.827586114407, 21.3515529633, 62.3982009888, -9.67657756805, 50.3573684692, 128.896072388, 6.79181814194, 11.4631433487, 10.83979702], [-226.574234009, -27.1542434692, 33.7078475952, 37.5710639954, 48.9401893616, 34.3612709045, -1.53758788109, 36.3201065063, 1.65551841259, 6.79181814194, 128.135864258, 18.8476715088, -13.0592489243], [0.147414788604, 55.8985099792, -20.5075702667, 30.9911518097, 20.803068161, 10.9384460449, 38.0377998352, 18.8785610199, 7.84075593948, 11.4631433487, 18.8476715088, 84.983505249, 18.9483547211], [-39.2761421204, -9.30100154877, 47.6533317566, 24.7213249207, 7.35957193375, -5.48589372635, 13.7269563675, 18.739315033, 19.2508811951, 10.83979702, -13.0592489243, 18.9483547211, 82.6005020142]], "icov": [[8.97733916645e-05, -4.9027355999e-05, 4.39816576545e-05, -5.3904226661e-05, 5.79774095968e-05, 6.38725541648e-05, -3.90531749872e-05, -2.50390148722e-05, -6.0151528487e-06, -4.59931252408e-05, 0.000124286292703, 2.88903011096e-05, 5.96325662627e-05], [-4.9027355999e-05, 0.00131035665981, 2.66303959506e-05, 8.44458045322e-05, -0.000621404207777, -0.00025743356673, -0.000769952719565, 0.000240441848291, 4.54804649053e-05, 6.908360956e-05, 0.000517145555932, -0.000627403496765, 0.000401295372285], [4.39816576545e-05, 2.66303959506e-05, 0.00201178411953, -5.57503517484e-05, 0.000195314001758, -0.00055188452825, 0.000385010614991, -0.00108850607648, 0.000517359760124, 0.000119815827929, -0.000329420348862, 0.000899044272956, -0.00138574035373], [-5.3904226661e-05, 8.44458045322e-05, -5.57503517484e-05, 0.00527787860483, -0.00227773981169, 0.00227474188432, -0.000241446861764, -0.000741624622606, -0.00135511509143, 0.00013300293358, -0.00105575995985, -0.000970496213995, -0.000647088338155], [5.79774095968e-05, -0.000621404207777, 0.000195314001758, -0.00227773981169, 0.007394018583, -0.00170237000566, 0.0013040174963, -0.000830305565614, -0.000914355798159, 0.000338264420861, -0.00152583257295, -0.000262827059487, -0.000285815272946], [6.38725541648e-05, -0.00025743356673, -0.00055188452825, 0.00227474188432, -0.00170237000566, 0.00590013712645, -0.00138845527545, 0.000293309771223, -0.00121926737484, 2.90867810691e-05, -0.0013941382058, -0.000266422634013, 0.00046775030205], [-3.90531749872e-05, -0.000769952719565, 0.000385010614991, -0.000241446861764, 0.0013040174963, -0.00138845527545, 0.00788006186485, -0.00253875623457, 0.00171088625211, -0.00390832591802, 0.000879550119862, -0.00214088335633, -0.000452783075161], [-2.50390148722e-05, 0.000240441848291, -0.00108850607648, -0.000741624622606, -0.000830305565614, 0.000293309771223, -0.00253875623457, 0.0133708370849, -0.00474201934412, 0.00413896609098, -0.00323770265095, -0.000910690519959, -0.00139389897231], [-6.0151528487e-06, 4.54804649053e-05, 0.000517359760124, -0.00135511509143, -0.000914355798159, -0.00121926737484, 0.00171088625211, -0.00474201934412, 0.0141101554036, -0.00635710079223, 0.002227952471, 0.000618387770373, -0.00134254351724], [-4.59931252408e-05, 6.908360956e-05, 0.000119815827929, 0.00013300293358, 0.000338264420861, 2.90867810691e-05, -0.00390832591802, 0.00413896609098, -0.00635710079223, 0.0126531459391, -0.00223035574891, 0.000284122448647, -0.00103742186911], [0.000124286292703, 0.000517145555932, -0.000329420348862, -0.00105575995985, -0.00152583257295, -0.0013941382058, 0.000879550119862, -0.00323770265095, 0.002227952471, -0.00223035574891, 0.0111777577549, -0.00228003691882, 0.0033187691588], [2.88903011096e-05, -0.000627403496765, 0.000899044272956, -0.000970496213995, -0.000262827059487, -0.000266422634013, -0.00214088335633, -0.000910690519959, 0.000618387770373, 0.000284122448647, -0.00228003691882, 0.0152580840513, -0.00375906331465], [5.96325662627e-05, 0.000401295372285, -0.00138574035373, -0.000647088338155, -0.000285815272946, 0.00046775030205, -0.000452783075161, -0.00139389897231, -0.00134254351724, -0.00103742186911, 0.0033187691588, -0.00375906331465, 0.0154571877792]], "mean": [-639.593261719, 82.3244247437, 5.67008113861, 4.61101770401, -2.56610608101, -1.49670231342, 5.56738853455, -8.78712272644, -3.52141785622, 3.17946004868, -9.69167900085, -0.684027135372, -4.11967468262]}, "pitch_salience": {"dmean": 0.0541731789708, "dmean2": 0.0862705335021, "dvar": 0.00258066714741, "dvar2": 0.00660951063037, "max": 0.958420336246, "mean": 0.592119216919, "median": 0.589849233627, "min": 0.254971504211, "var": 0.0075230114162}, "silence_rate_20dB": {"dmean": 0, "dmean2": 0, "dvar": 0, "dvar2": 0, "max": 1, "mean": 1, "median": 1, "min": 1, "var": 0}, "silence_rate_30dB": {"dmean": 0, "dmean2": 0, "dvar": 0, "dvar2": 0, "max": 1, "mean": 1, "median": 1, "min": 1, "var": 0}, "silence_rate_60dB": {"dmean": 0.0115181570873, "dmean2": 0.0230400003493, "dvar": 0.0113858543336, "dvar2": 0.0260309446603, "max": 1, "mean": 0.100287906826, "median": 0, "min": 0, "var": 0.0902296304703}, "spectral_centroid": {"dmean": 292.420227051, "dmean2": 419.93069458, "dvar": 131252.9375, "dvar2": 247782.25, "max": 11748.3320313, "mean": 2160.75805664, "median": 1949.83569336, "min": 356.098907471, "var": 2100550.25}, "spectral_complexity": {"dmean": 3.16781306267, "dmean2": 4.64639997482, "dvar": 13.2918128967, "dvar2": 25.225107193, "max": 50, "mean": 19.1026878357, "median": 20, "min": 0, "var": 82.9416427612}, "spectral_contrast_coeffs": {"dmean": [0.0422262139618, 0.0389140844345, 0.0361634269357, 0.032217875123, 0.0265072844923, 0.0197286233306], "dmean2": [0.0673677623272, 0.0628006383777, 0.0568593852222, 0.0505007319152, 0.0391515605152, 0.0298950728029], "dvar": [0.00133961206302, 0.00108837103471, 0.000878609891515, 0.00078323163325, 0.000649217923637, 0.000357589160558], "dvar2": [0.00313818291761, 0.00270832702518, 0.00213754875585, 0.00171379651874, 0.00120081042405, 0.000749409955461], "max": [-0.333726346493, -0.508260130882, -0.507921457291, -0.506465315819, -0.552423536777, -0.558942437172], "mean": [-0.646584391594, -0.740556836128, -0.738502502441, -0.736077964306, -0.74809974432, -0.787967562675], "median": [-0.654256820679, -0.740586996078, -0.737245678902, -0.736064553261, -0.751985549927, -0.786743342876], "min": [-0.976161420345, -0.979284703732, -0.978792369366, -0.975289940834, -0.970016121864, -0.965423107147], "var": [0.00919351540506, 0.00487519940361, 0.00508936401457, 0.00505469832569, 0.00493051903322, 0.00218964833766]}, "spectral_contrast_valleys": {"dmean": [0.369558334351, 0.319351255894, 0.30582383275, 0.294692516327, 0.277866899967, 0.302152723074], "dmean2": [0.586193144321, 0.51497399807, 0.488563776016, 0.454513132572, 0.394487738609, 0.381097316742], "dvar": [0.151992604136, 0.104613251984, 0.103113546968, 0.108472332358, 0.112748377025, 0.116012051702], "dvar2": [0.308256745338, 0.221221208572, 0.216057986021, 0.212335631251, 0.202619165182, 0.195193812251], "max": [-6.00215482712, -5.20090723038, -5.71052646637, -5.85161066055, -5.60886049271, -6.87899398804], "mean": [-8.19877719879, -7.34046554565, -7.87733364105, -8.36361598969, -8.14932823181, -9.79595375061], "median": [-7.54333782196, -6.8053560257, -7.35599708557, -7.86668968201, -7.67217206955, -9.33719444275], "min": [-28.6502017975, -28.1373062134, -27.9645423889, -27.7619495392, -27.508638382, -27.4073505402], "var": [8.26926898956, 8.63965988159, 8.2919254303, 7.96097183228, 8.12620735168, 7.0692820549]}, "spectral_decrease": {"dmean": 8.94753882097e-10, "dmean2": 1.30904864726e-09, "dvar": 1.35272443806e-18, "dvar2": 2.88907759544e-18, "max": 1.77907670279e-28, "mean": -3.52617535171e-09, "median": -3.40620553985e-09, "min": -1.29645263414e-08, "var": 4.86363133668e-18}, "spectral_energy": {"dmean": 0.00409080786631, "dmean2": 0.00590162910521, "dvar": 2.85697933577e-05, "dvar2": 5.90774725424e-05, "max": 0.0675545185804, "mean": 0.0161892138422, "median": 0.015422264114, "min": 1.02047309232e-20, "var": 0.00010792350804}, "spectral_energyband_high": {"dmean": 0.00101417303085, "dmean2": 0.00139587721787, "dvar": 5.63996900382e-06, "dvar2": 1.04508499135e-05, "max": 0.0565460547805, "mean": 0.00243529118598, "median": 0.00130111468025, "min": 7.14457059254e-21, "var": 1.87013611139e-05}, "spectral_energyband_low": {"dmean": 0.00121295370627, "dmean2": 0.00200919155031, "dvar": 9.5543655334e-06, "dvar2": 2.47864190897e-05, "max": 0.0325544849038, "mean": 0.00192358857021, "median": 0.0011863776017, "min": 1.24871687807e-23, "var": 8.75045407156e-06}, "spectral_energyband_middle_high": {"dmean": 0.00197481014766, "dmean2": 0.002835563384, "dvar": 9.01612111193e-06, "dvar2": 1.77588099177e-05, "max": 0.0467070713639, "mean": 0.00656279316172, "median": 0.00434699840844, "min": 1.09900274393e-21, "var": 4.36166519648e-05}, "spectral_energyband_middle_low": {"dmean": 0.00170930242166, "dmean2": 0.00259729800746, "dvar": 4.71151224701e-06, "dvar2": 1.08938620542e-05, "max": 0.0248522572219, "mean": 0.00565888918936, "median": 0.00525728939101, "min": 1.66049263071e-22, "var": 1.52191387315e-05}, "spectral_entropy": {"dmean": 0.150437042117, "dmean2": 0.200294062495, "dvar": 0.0226192492992, "dvar2": 0.0399798564613, "max": 9.81921195984, "mean": 7.86994361877, "median": 7.80212497711, "min": 6.76289749146, "var": 0.193141937256}, "spectral_flux": {"dmean": 0.0170559268445, "dmean2": 0.0253366865218, "dvar": 0.000357357552275, "dvar2": 0.000732807442546, "max": 0.224678173661, "mean": 0.0650922954082, "median": 0.061047706753, "min": 6.37612532217e-11, "var": 0.00133078126237}, "spectral_kurtosis": {"dmean": 0.700091004372, "dmean2": 1.05936253071, "dvar": 0.599974989891, "dvar2": 1.34162545204, "max": 16.0377635956, "mean": 2.87976312637, "median": 2.75353145599, "min": -1.35520088673, "var": 3.27234482765}, "spectral_rms": {"dmean": 0.000478867732454, "dmean2": 0.000673643196933, "dvar": 3.19868263432e-07, "dvar2": 6.07954348197e-07, "max": 0.00811830349267, "mean": 0.00368131278083, "median": 0.00387893151492, "min": 3.15528679573e-12, "var": 2.24228710977e-06}, "spectral_rolloff": {"dmean": 935.919128418, "dmean2": 1517.19995117, "dvar": 2219936.75, "dvar2": 4678610.5, "max": 19616.7480469, "mean": 3544.20410156, "median": 2734.71679688, "min": 129.19921875, "var": 9774557}, "spectral_skewness": {"dmean": 0.142836764455, "dmean2": 0.21141692996, "dvar": 0.0250102728605, "dvar2": 0.0484239496291, "max": 2.7843375206, "mean": 1.38009738922, "median": 1.40136873722, "min": -0.087415471673, "var": 0.167664825916}, "spectral_spread": {"dmean": 742417.625, "dmean2": 1071387.5, "dvar": 1009907859460.0, "dvar2": 1992076820480.0, "max": 42548108, "mean": 7200160.5, "median": 6335052, "min": 2206064, "var": 24677672026100.0}, "spectral_strongpeak": {"dmean": 0.860