{"lowlevel": {"average_loudness": 0.96425306797, "barkbands": {"dmean": [0.000244787835982, 0.0074329324998, 0.00160029425751, 0.000839044048917, 0.00150413764641, 0.00219810707495, 0.000525746610947, 0.000570973847061, 0.000527345167939, 0.00120863190386, 0.00138883339241, 0.000948279572185, 0.000347110908478, 0.000332707568305, 0.000304543413222, 0.000209377656574, 0.000189002952538, 0.000251398974797, 0.000250542012509, 0.000244629540248, 0.000242799069383, 0.000310337112751, 0.000481554568978, 0.000529238663148, 0.000249128439464, 0.000196115652216, 1.50958896938e-06], "dmean2": [0.000374075345462, 0.0117916688323, 0.00289158918895, 0.00135755015071, 0.00230157747865, 0.00361909274943, 0.000854887999594, 0.000931608490646, 0.000838719948661, 0.00190360110719, 0.00213713105768, 0.00137478881516, 0.000538500433322, 0.000533749524038, 0.000466115830932, 0.000328820373397, 0.000288411800284, 0.000378631957574, 0.000371569651179, 0.000358286197297, 0.000344171625329, 0.00041018484626, 0.000689662992954, 0.00081550993491, 0.000401828845497, 0.00033435979276, 2.44245734393e-06], "dvar": [2.32250229715e-07, 0.000239550005062, 2.1381143597e-05, 4.26273345511e-06, 9.99016720016e-06, 3.41458580806e-05, 1.627521101e-06, 2.23114875553e-06, 1.58790726346e-06, 8.26383165986e-06, 1.20949580378e-05, 6.58493809169e-06, 6.9644403311e-07, 9.2597343837e-07, 5.55558642645e-07, 3.51676135324e-07, 1.3145812261e-07, 2.3675457328e-07, 2.24065161092e-07, 1.46195219486e-07, 1.77429711812e-07, 5.71187968035e-07, 6.86126725213e-07, 3.3862698956e-07, 1.50663339582e-07, 1.95962897465e-07, 7.25481523814e-12], "dvar2": [5.15615170116e-07, 0.000651232432574, 6.3452651375e-05, 9.60485795076e-06, 2.17403448914e-05, 8.45617396408e-05, 3.84078884963e-06, 5.37053529115e-06, 3.83651513403e-06, 1.86549696082e-05, 2.80074909824e-05, 1.11895260488e-05, 1.6371378706e-06, 2.37142330661e-06, 1.11981694317e-06, 8.57958013967e-07, 2.92871050078e-07, 5.28669488631e-07, 4.99472548654e-07, 3.01246046774e-07, 3.21063225783e-07, 9.87823227661e-07, 1.27295390939e-06, 7.68680024521e-07, 3.70550111484e-07, 4.92779633987e-07, 1.71666725973e-11], "max": [0.00740028684959, 0.168501615524, 0.0835210829973, 0.0241633988917, 0.0559373162687, 0.0636231377721, 0.0286937654018, 0.0310602039099, 0.0345804169774, 0.0487638600171, 0.0526501834393, 0.0646324530244, 0.0203086007386, 0.0261657740921, 0.0217976495624, 0.0132043780759, 0.00610149698332, 0.0105427559465, 0.00806194264442, 0.00701891537756, 0.00727919861674, 0.00892433431, 0.00986834894866, 0.00688295066357, 0.00537589006126, 0.00332365604118, 5.63064895687e-05], "mean": [0.000686191488057, 0.015804797411, 0.00154664635193, 0.000954143935814, 0.00209254864603, 0.00240580365062, 0.00064540252788, 0.00058587040985, 0.000582903914619, 0.00156687351409, 0.00142403494101, 0.00209001684561, 0.000418454437749, 0.000416039547417, 0.000447798433015, 0.000272934354143, 0.000283677713014, 0.000376457290258, 0.000397535244701, 0.000389626598917, 0.000374491268303, 0.000453710526926, 0.000872758333571, 0.000997454626486, 0.00032296977588, 0.00015535246348, 1.56420253461e-06], "median": [4.26957412856e-05, 0.00277312821709, 9.25810600165e-05, 4.85130949528e-05, 0.000544484122656, 0.000323016138282, 0.000133704612381, 9.25494823605e-05, 0.000136530972668, 0.00017598363047, 0.000192719540792, 0.000192660882021, 0.000120550888823, 0.000112232904939, 0.000115225513582, 0.000110063483589, 0.000137103241286, 0.000160513693118, 0.000173022956005, 0.000185591212357, 0.000166660291143, 0.000208866156754, 0.000494815583806, 0.00085373967886, 0.000195072978386, 2.30401292356e-05, 6.04351498623e-07], "min": [3.50355635196e-25, 1.66579418621e-24, 3.48229704361e-25, 6.52077896978e-25, 4.10416797741e-24, 9.73327192665e-24, 4.6294381109e-24, 5.7824920358e-24, 1.66090971725e-23, 1.15067298492e-23, 2.30588507549e-23, 2.97171476061e-23, 2.44026279753e-23, 3.92437695301e-23, 4.27764685239e-23, 4.41692560946e-23, 9.74614361227e-23, 8.87144201878e-23, 1.23461086179e-22, 1.83073714443e-22, 2.79856976312e-22, 3.14003748295e-22, 3.57014110922e-22, 5.57653826593e-22, 8.40533036318e-22, 1.25705320986e-21, 1.73907817154e-21], "var": [1.05334504497e-06, 0.000646640371997, 2.09189656744e-05, 6.04593697062e-06, 1.62501164596e-05, 3.97861149395e-05, 2.25906319429e-06, 2.48311562245e-06, 1.89571198916e-06, 1.48353419718e-05, 1.34273968797e-05, 2.98879731417e-05, 1.01310251921e-06, 1.12677037123e-06, 1.38018458529e-06, 4.21229628955e-07, 2.12842479641e-07, 3.92335238075e-07, 4.19274414298e-07, 3.16534254807e-07, 3.47493084973e-07, 9.63835645962e-07, 1.36861285682e-06, 6.84805911533e-07, 1.67096942505e-07, 1.50978522129e-07, 7.78922846362e-12]}, "barkbands_crest": {"dmean": 3.41163778305, "dmean2": 5.3595700264, "dvar": 9.81094932556, "dvar2": 21.8642978668, "max": 26.7647895813, "mean": 13.304189682, "median": 12.4162521362, "min": 2.26798725128, "var": 36.4167976379}, "barkbands_flatness_db": {"dmean": 0.0295803882182, "dmean2": 0.0418390370905, "dvar": 0.000700623902958, "dvar2": 0.00138870754745, "max": 0.426375508308, "mean": 0.136858507991, "median": 0.128276705742, "min": 0.0214874800295, "var": 0.00296672969125}, "barkbands_kurtosis": {"dmean": 4.67449712753, "dmean2": 7.35251903534, "dvar": 135.100158691, "dvar2": 345.672363281, "max": 351.741149902, "mean": 5.02881193161, "median": 1.2079474926, "min": -1.96951186657, "var": 168.622360229}, "barkbands_skewness": {"dmean": 0.78230881691, "dmean2": 1.15004765987, "dvar": 0.771537184715, "dvar2": 1.76173722744, "max": 17.8944091797, "mean": 1.52058506012, "median": 1.19943523407, "min": -3.34125852585, "var": 3.05360531807}, "barkbands_spread": {"dmean": 12.3184490204, "dmean2": 18.1928844452, "dvar": 129.163101196, "dvar2": 283.245788574, "max": 123.924171448, "mean": 37.4973297119, "median": 33.0987434387, "min": 1.00590348244, "var": 494.010986328}, "dissonance": {"dmean": 0.0202527623624, "dmean2": 0.033977471292, "dvar": 0.000463504286017, "dvar2": 0.00122921622824, "max": 0.499999195337, "mean": 0.467952728271, "median": 0.475988686085, "min": 0.270347028971, "var": 0.00079586711945}, "dynamic_complexity": 2.65018510818, "erbbands": {"dmean": [0.250215888023, 1.64830863476, 2.06839418411, 1.87133789063, 4.19867086411, 5.10836267471, 14.5206050873, 16.401676178, 7.35774469376, 8.70451831818, 14.1772317886, 12.0483732224, 17.5410366058, 52.4575538635, 47.3125, 41.9845352173, 17.874546051, 15.3514976501, 14.9236307144, 13.6655721664, 9.71116256714, 10.0013418198, 13.9149961472, 12.3636417389, 11.7307243347, 11.2401456833, 12.0770959854, 7.30534076691, 9.86914539337, 16.2554473877, 13.7165670395, 10.5077848434, 8.97947025299, 2.89975595474, 1.77349805832, 1.32018530369, 0.263291686773, 0.0164939202368, 0.000414153648308, 3.65252126358e-05], "dmean2": [0.358269482851, 2.70470142365, 3.57025933266, 3.0943646431, 6.48220300674, 7.9736084938, 23.5512180328, 27.1974563599, 11.8285388947, 14.2277679443, 22.8605213165, 18.9642429352, 28.0272159576, 74.8694152832, 67.7066116333, 53.1638717651, 25.1796035767, 23.5844669342, 22.8190460205, 20.0878925323, 14.7911424637, 14.8176269531, 20.8508548737, 18.3280906677, 17.023431778, 16.4084758759, 17.3518848419, 10.2576770782, 13.7711820602, 22.10779953, 20.1169891357, 16.1422653198, 13.9805307388, 4.57871007919, 2.87392473221, 2.2514591217, 0.450983285904, 0.0273284707218, 0.000680802448187, 5.68445029785e-05], "dvar": [0.250647336245, 12.9483833313, 30.1471099854, 18.0364532471, 113.856506348, 107.38508606, 1183.89074707, 2148.87255859, 286.409942627, 531.608093262, 1430.81298828, 846.082641602, 1549.93273926, 15769.6328125, 15431.71875, 11775.4599609, 1342.99963379, 1891.44750977, 1107.96582031, 1587.25830078, 579.934448242, 327.710601807, 782.569396973, 700.878234863, 438.652038574, 308.079223633, 462.813476563, 186.505523682, 547.602661133, 1238.53063965, 435.03237915, 137.987045288, 103.034576416, 16.5863132477, 8.13788795471, 8.61608314514, 0.361814081669, 0.00114485668018, 6.4904543251e-07, 2.59925592161e-09], "dvar2": [0.601625323296, 36.3262672424, 86.6172103882, 45.563835144, 253.216323853, 235.84173584, 2776.45898438, 5410.58007813, 673.651855469, 1262.04101563, 3451.06787109, 2037.38513184, 3892.22143555, 31078.8378906, 34365.8007813, 17049.2324219, 2787.12329102, 4746.19775391, 2351.9050293, 3008.92749023, 1364.43322754, 701.937133789, 1762.89624023, 1632.22998047, 915.289306641, 621.85723877, 931.683410645, 297.375244141, 1073.17370605, 2017.62438965, 860.072937012, 301.379699707, 243.600418091, 39.3087310791, 20.1047172546, 21.7467079163, 0.918329238892, 0.00286813359708, 1.61323828252e-06, 6.3528529104e-09], "max": [5.82520723343, 39.9458274841, 83.0466690063, 61.2292098999, 181.61340332, 189.062942505, 484.880340576, 670.998168945, 401.7449646, 519.802124023, 748.453125, 650.733093262, 575.132873535, 2344.70410156, 2360.32958984, 2716.51489258, 877.667602539, 1186.13793945, 1051.1418457, 1375.76062012, 709.47265625, 338.257446289, 704.780700684, 482.839752197, 367.122924805, 329.063537598, 460.837738037, 259.185302734, 295.917755127, 407.812652588, 239.561386108, 232.170394897, 117.468276978, 67.543182373, 29.3847351074, 20.6464061737, 5.24189281464, 0.401499450207, 0.0086336247623, 0.000448799895821], "mean": [0.642089724541, 2.7584426403, 2.4175131321, 2.23475384712, 4.86328411102, 7.09297561646, 17.7208747864, 17.0184402466, 9.3356924057, 9.865442276, 15.2031850815, 13.682800293, 20.3388252258, 76.5898513794, 58.3503570557, 87.9751358032, 26.2720413208, 21.6851577759, 23.9999523163, 18.7112903595, 14.4755821228, 16.5515575409, 21.4716091156, 19.8889350891, 19.6266269684, 18.2313632965, 18.1189937592, 12.3375997543, 14.6656532288, 24.3554019928, 25.0730876923, 20.5161457062, 15.2344226837, 4.38330030441, 2.07008886337, 1.06476259232, 0.207356408238, 0.0152925727889, 0.000418136303779, 7.22614640836e-05], "median": [0.0639775395393, 0.48970913887, 0.29571056366, 0.178375586867, 0.543639421463, 1.97389292717, 3.47008419037, 2.43155956268, 2.19444942474, 2.00273013115, 3.03707480431, 3.75465631485, 4.34318494797, 10.3472299576, 9.78285980225, 9.1147403717, 7.72789955139, 6.58129072189, 6.72951889038, 6.59893989563, 6.9589099884, 8.47827339172, 9.44962406158, 8.88862895966, 8.65726661682, 8.86497211456, 7.47078990936, 6.17707586288, 6.69324493408, 11.6642522812, 14.3725337982, 16.901014328, 12.3015604019, 3.02091598511, 1.0795814991, 0.186236441135, 0.0329847037792, 0.00484109530225, 0.000155813220772, 5.40181463293e-05], "min": [6.92999663978e-23, 3.23693711758e-22, 2.09800387545e-21, 2.54851822373e-21, 1.08530345361e-20, 1.65154057153e-20, 3.03914978158e-20, 1.10648383325e-19, 5.90798889114e-20, 1.59289459701e-19, 1.22037471288e-19, 3.38184082196e-19, 5.58904484905e-19, 5.64656233596e-19, 1.42389826329e-18, 1.72138405123e-18, 1.39224268164e-18, 2.24409736808e-18, 2.48550982306e-18, 3.19744908024e-18, 3.42869114279e-18, 4.99381426226e-18, 5.17218748955e-18, 6.27103737632e-18, 6.53272795722e-18, 9.01214600866e-18, 8.84341936167e-18, 1.00699404401e-17, 1.06979847648e-17, 1.0488736194e-17, 9.64258750278e-18, 1.07073434862e-17, 9.69582732854e-18, 8.55382921948e-18, 6.5852758464e-18, 4.20979758843e-18, 2.45570402405e-18, 9.43388011486e-19, 2.21962388549e-19, 2.8158019689e-20], "var": [1.04277002811, 24.0066146851, 37.307056427, 23.6787662506, 146.026473999, 193.434646606, 1752.56164551, 2240.09082031, 421.769317627, 638.031616211, 1562.61328125, 979.489257813, 1859.29992676, 38173.1484375, 21310.8769531, 58569.3046875, 2919.24755859, 2733.9609375, 3261.01660156, 2447.64868164, 754.937255859, 625.204284668, 1292.06225586, 1212.89135742, 970.90246582, 680.566162109, 863.819152832, 397.958221436, 885.628723145, 2181.72119141, 926.481567383, 326.393493652, 175.737030029, 23.4124298096, 8.30356884003, 6.62815618515, 0.273287981749, 0.000946553249378, 5.4642731584e-07, 3.56229201692e-09]}, "erbbands_crest": {"dmean": 3.47731113434, "dmean2": 5.42776823044, "dvar": 12.3456726074, "dvar2": 27.0340652466, "max": 33.8418121338, "mean": 10.6270713806, "median": 8.27868747711, "min": 2.16813373566, "var": 46.0303001404}, "erbbands_flatness_db": {"dmean": 0.0220026690513, "dmean2": 0.0307034738362, "dvar": 0.000450464751339, "dvar2": 0.000777349283453, "max": 0.350913912058, "mean": 0.144304856658, "median": 0.13174213469, "min": 0.0510209314525, "var": 0.00247730081901}, "erbbands_kurtosis": {"dmean": 1.69582211971, "dmean2": 2.60077953339, "dvar": 10.1003065109, "dvar2": 21.5103607178, "max": 66.4840011597, "mean": 1.04520797729, "median": -0.313690453768, "min": -1.93189620972, "var": 20.1575717926}, "erbbands_skewness": {"dmean": 0.548862576485, "dmean2": 0.783285856247, "dvar": 0.271048098803, "dvar2": 0.539426803589, "max": 6.55932998657, "mean": 0.238362044096, "median": 0.0502467229962, "min": -5.13750171661, "var": 1.52667117119}, "erbbands_spread": {"dmean": 15.5880832672, "dmean2": 22.7773456573, "dvar": 243.703643799, "dvar2": 483.09262085, "max": 207.471343994, "mean": 59.7582015991, "median": 55.0540542603, "min": 2.19227981567, "var": 1221.1126709}, "gfcc": {"cov": [[15016.1542969, 671.77935791, -1074.90332031, 410.216003418, -768.91796875, 118.370246887, -362.307373047, 100.253631592, -212.306427002, 131.207015991, -38.4566574097, 178.57460022, -72.7070159912], [671.77935791, 816.587768555, 232.518218994, 246.702224731, -92.9490432739, -141.059936523, -14.0924987793, -33.6305580139, 57.0864448547, -69.7784423828, 4.44584417343, -106.649726868, 25.2200317383], [-1074.90332031, 232.518218994, 1484.40966797, 503.220855713, 59.6787376404, -5.9904384613, -148.403869629, -42.8885421753, 141.31880188, -5.49174833298, -67.2322616577, -58.0038795471, -64.0855255127], [410.216003418, 246.702224731, 503.220855713, 599.112243652, 127.296577454, 22.264257431, -41.2284584045, 0.398392379284, 152.19354248, -31.2000160217, 19.2889842987, -58.343963623, -14.6814985275], [-768.91796875, -92.9490432739, 59.6787376404, 127.296577454, 475.369171143, 148.68119812, 133.382263184, 78.3856658936, 53.9358673096, 48.6076431274, 10.0153646469, 6.48657369614, -29.9293251038], [118.370246887, -141.059936523, -5.9904384613, 22.264257431, 148.68119812, 318.55758667, 127.557609558, 62.0538978577, 15.6458587646, 15.4365262985, 20.1293697357, 1.5795443058, -15.3814153671], [-362.307373047, -14.0924987793, -148.403869629, -41.2284584045, 133.382263184, 127.557609558, 260.147125244, 74.21900177, -2.59602069855, 15.9715414047, 32.4536857605, 17.4943656921, 9.98960781097], [100.253631592, -33.6305580139, -42.8885421753, 0.398392379284, 78.3856658936, 62.0538978577, 74.21900177, 171.85975647, 72.2382202148, 50.8037643433, 22.8742103577, -6.78632497787, 23.5840625763], [-212.306427002, 57.0864448547, 141.31880188, 152.19354248, 53.9358673096, 15.6458587646, -2.59602069855, 72.2382202148, 215.441589355, 65.3866500854, 22.7698364258, -28.4320030212, -4.15728330612], [131.207015991, -69.7784423828, -5.49174833298, -31.2000160217, 48.6076431274, 15.4365262985, 15.9715414047, 50.8037643433, 65.3866500854, 176.643112183, 49.3141937256, 34.0907859802, -6.69054317474], [-38.4566574097, 4.44584417343, -67.2322616577, 19.2889842987, 10.0153646469, 20.1293697357, 32.4536857605, 22.8742103577, 22.7698364258, 49.3141937256, 173.431259155, 57.9398536682, 28.8472728729], [178.57460022, -106.649726868, -58.0038795471, -58.343963623, 6.48657369614, 1.5795443058, 17.4943656921, -6.78632497787, -28.4320030212, 34.0907859802, 57.9398536682, 126.583763123, 35.6891174316], [-72.7070159912, 25.2200317383, -64.0855255127, -14.6814985275, -29.9293251038, -15.3814153671, 9.98960781097, 23.5840625763, -4.15728330612, -6.69054317474, 28.8472728729, 35.6891174316, 129.015426636]], "icov": [[0.000227308861213, -0.000425357284257, 0.000444004283054, -0.000736968475394, 0.000583842454944, -0.000610108021647, 0.000663381477352, -0.000781473994721, 0.000705320562702, -0.000601064530201, 0.000684283382725, -0.00114978826605, 0.000658742967062], [-0.000425357284257, 0.00276953028515, -0.000990789034404, 0.000722122378647, -0.000707111728843, 0.00216244743206, -0.00217775930651, 0.00186580885202, -0.00137950154021, 0.00137671176344, -0.00188889668789, 0.00394554995, -0.00191190687474], [0.000444004283054, -0.000990789034404, 0.00193284335546, -0.00227085407823, 0.00117225281429, -0.00141004286706, 0.00179009011481, -0.00146232463885, 0.0012669484131, -0.00143503455911, 0.00193957693409, -0.00267235166393, 0.00165009335615], [-0.000736968475394, 0.000722122378647, -0.00227085407823, 0.0059360768646, -0.00294055091217, 0.00164385791868, -0.00156402576249, 0.0031342767179, -0.00422587944195, 0.00329446746036, -0.00324961193837, 0.00416824920103, -0.0023387670517], [0.000583842454944, -0.000707111728843, 0.00117225281429, -0.00294055091217, 0.00469532748684, -0.00213108607568, 0.000376039417461, -0.00265061156824, 0.00198506307788, -0.00221277121454, 0.00226471736096, -0.00330671295524, 0.00236305617727], [-0.000610108021647, 0.00216244743206, -0.00141004286706, 0.00164385791868, -0.00213108607568, 0.0064634741284, -0.00384812080301, 0.0015771551989, -0.00174650503322, 0.001961593749, -0.00247330637649, 0.00408036401495, -0.00152429298032], [0.000663381477352, -0.00217775930651, 0.00179009011481, -0.00156402576249, 0.000376039417461, -0.00384812080301, 0.0084127439186, -0.00411778921261, 0.0025266839657, -0.00137839640956, 0.00165755278431, -0.00444029411301, 0.00210817996413], [-0.000781473994721, 0.00186580885202, -0.00146232463885, 0.0031342767179, -0.00265061156824, 0.0015771551989, -0.00411778921261, 0.0119034908712, -0.00525930104777, 0.000746725185309, -0.00269937887788, 0.00592990964651, -0.00462637702003], [0.000705320562702, -0.00137950154021, 0.0012669484131, -0.00422587944195, 0.00198506307788, -0.00174650503322, 0.0025266839657, -0.00525930104777, 0.010290324688, -0.00471772393212, 0.0017942127306, -0.00206433096901, 0.00209043431096], [-0.000601064530201, 0.00137671176344, -0.00143503455911, 0.00329446746036, -0.00221277121454, 0.001961593749, -0.00137839640956, 0.000746725185309, -0.00471772393212, 0.0100418012589, -0.00359548372217, 0.00118553615175, -0.000410292355809], [0.000684283382725, -0.00188889668789, 0.00193957693409, -0.00324961193837, 0.00226471736096, -0.00247330637649, 0.00165755278431, -0.00269937887788, 0.0017942127306, -0.00359548372217, 0.0102804182097, -0.00739992875606, 0.00156384869479], [-0.00114978826605, 0.00394554995, -0.00267235166393, 0.00416824920103, -0.00330671295524, 0.00408036401495, -0.00444029411301, 0.00592990964651, -0.00206433096901, 0.00118553615175, -0.00739992875606, 0.0191543530673, -0.00694221071899], [0.000658742967062, -0.00191190687474, 0.00165009335615, -0.0023387670517, 0.00236305617727, -0.00152429298032, 0.00210817996413, -0.00462637702003, 0.00209043431096, -0.000410292355809, 0.00156384869479, -0.00694221071899, 0.0117152342573]], "mean": [11.0070333481, 34.5776443481, -104.825462341, 44.3647384644, -69.4457626343, 41.6669998169, -37.9955329895, 19.1892490387, -22.7565612793, 4.28854322433, -3.65859007835, 9.33917045593, -2.48971414566]}, "hfc": {"dmean": 16.9213447571, "dmean2": 23.6512336731, "dvar": 357.965240479, "dvar2": 629.313659668, "max": 182.475128174, "mean": 40.6331481934, "median": 33.9535179138, "min": 1.08527055896e-16, "var": 857.546386719}, "melbands": {"dmean": [0.0021645873785, 0.00133640738204, 0.000395100854803, 0.000326722249156, 0.000437151466031, 0.000374209252186, 0.000110613247671, 9.70487890299e-05, 0.000121049153677, 7.00000309735e-05, 9.83022691798e-05, 0.000214969710214, 0.000174733824679, 0.000132372282678, 8.65488254931e-05, 2.93361536023e-05, 3.23652566294e-05, 2.65236994892e-05, 2.26021384151e-05, 1.62298438227e-05, 1.19252827062e-05, 1.02446156234e-05, 1.4732564523e-05, 1.10612218123e-05, 1.099174915e-05, 8.97839981917e-06, 8.93286778592e-06, 7.69630878494e-06, 8.38523101265e-06, 5.83521477893e-06, 4.09815675084e-06, 5.13187387696e-06, 8.0432591858e-06, 1.06334337033e-05, 9.43030136114e-06, 5.41857980352e-06, 7.57344196245e-06, 8.31995566841e-06, 3.32883382725e-06, 2.30392947742e-06], "dmean2": [0.00332193844952, 0.00220149359666, 0.00063678517472, 0.000506890122779, 0.000705016485881, 0.000617717741989, 0.000178311267518, 0.000159360250109, 0.00019443363999, 0.000110872482765, 0.000160697789397, 0.000315190321999, 0.000261645647697, 0.000178459144081, 0.000103933984064, 4.46998747066e-05, 5.07046315761e-05, 4.17584233219e-05, 3.41872328136e-05, 2.45487208304e-05, 1.85445205716e-05, 1.55432644533e-05, 2.25371550187e-05, 1.65673463925e-05, 1.67265789059e-05, 1.31952301672e-05, 1.3235951883e-05, 1.14766389743e-05, 1.22940818983e-05, 8.32112618809e-06, 5.96021254751e-06, 7.6921787695e-06, 1.08851136247e-05, 1.50551450133e-05, 1.40696611197e-05, 8.04386490927e-06, 1.18783418657e-05, 1.31068409246e-05, 5.2304339988e-06, 3.6983597056e-06], "dvar": [1.96564487851e-05, 9.07170124265e-06, 7.98422547632e-07, 5.98668464136e-07, 9.29791383442e-07, 1.06035963654e-06, 6.57255085912e-08, 6.24468938781e-08, 9.96630689087e-08, 2.85396630773e-08, 5.19690885881e-08, 2.71269755103e-07, 2.11939607198e-07, 1.16221727353e-07, 4.686189925e-08, 4.09849709726e-09, 9.92861526328e-09, 3.78769016152e-09, 3.47330497696e-09, 2.47093145944e-09, 1.13011777714e-09, 3.98744925967e-10, 8.53051240757e-10, 4.836832046e-10, 6.47615350235e-10, 2.63721655624e-10, 2.73004258089e-10, 1.51576862173e-10, 2.22916532455e-10, 1.11893813659e-10, 6.60709126299e-11, 1.43310641132e-10, 4.52403919882e-10, 4.2487779961e-10, 2.1191837174e-10, 4.80270302694e-11, 7.50510764647e-11, 9.87116222095e-11, 1.80809638095e-11, 1.25349322935e-11], "dvar2": [5.20187786606e-05, 2.49139557127e-05, 1.86527347523e-06, 1.34604567847e-06, 2.18655213757e-06, 2.66285246653e-06, 1.55503613541e-07, 1.48240090425e-07, 2.38882137182e-07, 6.93643755767e-08, 1.32827111088e-07, 5.5397754295e-07, 4.8829122079e-07, 1.90348458773e-07, 5.85690109745e-08, 9.19682463518e-09, 2.48271163628e-08, 8.6716660519e-09, 6.82020706577e-09, 4.72680783403e-09, 2.71189426471e-09, 8.43452030441e-10, 2.02429317753e-09, 1.04070185802e-09, 1.55185853057e-09, 5.51995338327e-10, 6.00964278341e-10, 3.16144554979e-10, 4.5852957542e-10, 1.99424213254e-10, 1.1445796394e-10, 3.17409820649e-10, 8.14496692314e-10, 7.38548999735e-10, 4.42150122071e-10, 1.00851431373e-10, 1.72109354546e-10, 2.3725310605e-10, 4.23244841952e-11, 3.03515892974e-11], "max": [0.0456963963807, 0.037077486515, 0.00958445109427, 0.0141231203452, 0.0134218418971, 0.0134830502793, 0.00518000358716, 0.0055693029426, 0.00603336934, 0.00351398647763, 0.00319887581281, 0.00975491572171, 0.00801271107048, 0.00911074876785, 0.00514783477411, 0.00175101449713, 0.00277125625871, 0.00185926561244, 0.00201095174998, 0.00134416366927, 0.00113410060294, 0.000441132782726, 0.000638074416202, 0.000569810392335, 0.000492157007102, 0.000334144191584, 0.000375716015697, 0.000281886896119, 0.000302853703033, 0.000177993555553, 0.000197822286282, 0.000156651905854, 0.000275160971796, 0.000237228377955, 0.000159263669048, 0.000179673952516, 0.000134966365295, 0.000130073618493, 8.39928106871e-05, 5.68046998524e-05], "mean": [0.00493186758831, 0.00206220149994, 0.000490125501528, 0.000413772824686, 0.000565971713513, 0.000396408780944, 0.000138045012136, 0.000106813335151, 0.000131214241264, 7.7771168435e-05, 9.89529507933e-05, 0.000309037684929, 0.000187636876944, 0.000235524727032, 0.000138268689625, 3.60626290785e-05, 4.13885754824e-05, 3.78662844014e-05, 3.11526018777e-05, 2.01962047868e-05, 1.62046490004e-05, 1.54861209012e-05, 2.17530923692e-05, 1.64668290381e-05, 1.61847747222e-05, 1.42327007779e-05, 1.36321941682e-05, 1.16571563922e-05, 1.20867007354e-05, 8.57480972627e-06, 6.70231429467e-06, 7.32501712264e-06, 1.06194438558e-05, 1.50744626808e-05, 1.65348574228e-05, 9.92580953607e-06, 1.3695312191e-05, 1.31523947857e-05, 5.26879284735e-06, 3.04793957184e-06], "median": [0.000730122206733, 0.000396705232561, 3.61074708053e-05, 8.01726273494e-05, 0.000136141708936, 5.48389580217e-05, 3.03727083519e-05, 1.81672239705e-05, 2.46002637141e-05, 1.96417149709e-05, 1.82684489118e-05, 3.68039072782e-05, 2.59732842096e-05, 2.23941824515e-05, 1.77718447958e-05, 1.20452159535e-05, 1.08024623842e-05, 9.64365335676e-06, 9.1047359092e-06, 6.89678654453e-06, 7.94318657427e-06, 7.61188266551e-06, 9.04103126231e-06, 6.85861186867e-06, 6.73559952702e-06, 5.87394151808e-06, 5.92582910031e-06, 5.25932637174e-06, 4.6807099352e-06, 3.41626423506e-06, 3.37232586389e-06, 3.25469386553e-06, 4.01990928367e-06, 6.82494601278e-06, 8.7929502115e-06, 6.53499682812e-06, 1.12073666969e-05, 1.00846818896e-05, 3.76135449187e-06, 1.81527207133e-06], "min": [8.1004951192e-25, 9.97547845418e-25, 1.12053283826e-24, 5.60820199487e-25, 1.2906147993e-24, 2.2521097292e-24, 9.11237686309e-25, 1.65454562134e-24, 7.24105975917e-25, 2.08166962531e-24, 2.4233310026e-24, 1.92084297484e-24, 4.25335459079e-24, 3.33451899067e-24, 2.93400997036e-24, 2.83229542853e-24, 3.91507367969e-24, 3.6565387175e-24, 3.30862601197e-24, 2.94554824439e-24, 4.02698227657e-24, 4.84041462126e-24, 3.63848918556e-24, 4.62803985494e-24, 4.26725589766e-24, 4.70876359694e-24, 4.18758804598e-24, 4.34658375029e-24, 5.05905964849e-24, 5.33551240285e-24, 4.93166176774e-24, 5.61840029005e-24, 4.45306892844e-24, 5.54676777555e-24, 5.19625360396e-24, 5.34172547134e-24, 6.32286806677e-24, 5.85143098474e-24, 6.06182807677e-24, 6.00123961495e-24], "var": [6.18425692664e-05, 1.62381275004e-05, 1.14762190151e-06, 8.18417049686e-07, 1.43053671309e-06, 1.13882356345e-06, 9.51772918256e-08, 7.51144852984e-08, 1.11366361466e-07, 3.35556755715e-08, 5.39691029644e-08, 6.36339564153e-07, 2.40435355181e-07, 3.71607029592e-07, 1.66175581739e-07, 6.1614566782e-09, 1.30783153196e-08, 8.73923511335e-09, 7.36231209331e-09, 3.35146510544e-09, 1.2169150132e-09, 6.70903999023e-10, 1.36957312158e-09, 7.8961265304e-10, 9.98295779375e-10, 5.61397095478e-10, 5.17619058726e-10, 3.04640646043e-10, 4.10023209829e-10, 2.15973586237e-10, 1.32898123062e-10, 2.10113648702e-10, 6.79425238292e-10, 7.49949990997e-10, 4.29148216963e-10, 1.16130674521e-10, 1.51259310632e-10, 1.50284784617e-10, 3.00657762575e-11, 1.55246423356e-11]}, "melbands_crest": {"dmean": 4.27372837067, "dmean2": 6.62494421005, "dvar": 15.0232896805, "dvar2": 32.4543266296, "max": 39.7277412415, "mean": 19.099199295, "median": 18.351234436, "min": 1.67675995827, "var": 65.7809066772}, "melbands_flatness_db": {"dmean": 0.0349147357047, "dmean2": 0.0495261289179, "dvar": 0.000959229131695, "dvar2": 0.00187365419697, "max": 0.486653119326, "mean": 0.17578189075, "median": 0.165071308613, "min": 0.00366948056035, "var": 0.00635273661464}, "melbands_kurtosis": {"dmean": 21.9517173767, "dmean2": 34.0772132874, "dvar": 2898.06982422, "dvar2": 7197.24121094, "max": 1139.64758301, "mean": 34.2571907043, "median": 10.3939323425, "min": -1.91803705692, "var": 4893.09570313}, "melbands_skewness": {"dmean": 1.37258124352, "dmean2": 1.9955098629, "dvar": 2.90038013458, "dvar2": 6.11535167694, "max": 27.713722229, "mean": 3.81923747063, "median": 2.76026630402, "min": -2.30072879791, "var": 13.1012783051}, "melbands_spread": {"dmean": 15.0074491501, "dmean2": 22.4866409302, "dvar": 436.76675415, "dvar2": 954.661621094, "max": 274.595062256, "mean": 38.6053581238, "median": 27.3281898499, "min": 0.470337897539, "var": 1362.96887207}, "mfcc": {"cov": [[6546.15722656, 466.82800293, -267.129211426, 118.350036621, -219.434753418, -28.458984375, -70.4687576294, -15.3645429611, -134.275482178, -12.0006494522, 4.7243270874, -31.5199642181, 54.9426498413], [466.82800293, 585.199707031, 190.266616821, 146.061126709, -24.2300643921, -51.4762535095, -24.7817001343, -40.1208267212, 31.8433418274, -15.3261795044, 4.70901012421, 9.09456539154, -23.4256896973], [-267.129211426, 190.266616821, 1294.0201416, 380.195983887, 233.171005249, 73.2124404907, -165.855621338, -13.5012359619, -18.1105117798, 26.994474411, 12.1006240845, 2.00783872604, -39.9178581238], [118.350036621, 146.061126709, 380.195983887, 501.537811279, 214.867706299, 52.9491233826, -52.8741226196, 22.1412677765, 21.2814998627, 46.7141723633, 16.8789806366, 34.0774307251, 4.13128232956], [-219.434753418, -24.2300643921, 233.171005249, 214.867706299, 365.36050415, 115.884613037, 7.49691152573, 62.934967041, 43.7976722717, 84.7919692993, 44.5741195679, 33.1159057617, -0.902208149433], [-28.458984375, -51.4762535095, 73.2124404907, 52.9491233826, 115.884613037, 232.989852905, 82.97605896, 62.8894920349, 45.364692688, 26.3138637543, 46.8365516663, 20.5246715546, 17.5791378021], [-70.4687576294, -24.7817001343, -165.855621338, -52.8741226196, 7.49691152573, 82.97605896, 260.408630371, 92.3049926758, 41.4675064087, -7.05610609055, 1.82773602009, 52.1955566406, 45.18567276], [-15.3645429611, -40.1208267212, -13.5012359619, 22.1412677765, 62.934967041, 62.8894920349, 92.3049926758, 156.263458252, 52.8204345703, 28.4292144775, 8.62526702881, 19.4468002319, 11.3092126846], [-134.275482178, 31.8433418274, -18.1105117798, 21.2814998627, 43.7976722717, 45.364692688, 41.4675064087, 52.8204345703, 168.482772827, 65.3591003418, 27.7762184143, 10.5388841629, -20.2833824158], [-12.0006494522, -15.3261795044, 26.994474411, 46.7141723633, 84.7919692993, 26.3138637543, -7.05610609055, 28.4292144775, 65.3591003418, 151.692733765, 82.1374206543, 21.8508853912, -8.39809131622], [4.7243270874, 4.70901012421, 12.1006240845, 16.8789806366, 44.5741195679, 46.8365516663, 1.82773602009, 8.62526702881, 27.7762184143, 82.1374206543, 148.192382813, 49.2039985657, 27.6476345062], [-31.5199642181, 9.09456539154, 2.00783872604, 34.0774307251, 33.1159057617, 20.5246715546, 52.1955566406, 19.4468002319, 10.5388841629, 21.8508853912, 49.2039985657, 113.973846436, 57.7585678101], [54.9426498413, -23.4256896973, -39.9178581238, 4.13128232956, -0.902208149433, 17.5791378021, 45.18567276, 11.3092126846, -20.2833824158, -8.39809131622, 27.6476345062, 57.7585678101, 118.808128357]], "icov": [[0.000183737109182, -0.000190457547433, 8.89404254849e-05, -8.97683930816e-05, 0.000160796727869, -0.000150796418893, 0.000121579796541, -0.000145774029079, 0.000260203989455, -0.000186750519788, 5.71687050979e-05, 9.12050309125e-05, -0.000124768805108], [-0.000190457547433, 0.00239625643007, -0.000370977359125, -0.000711153144948, 0.000328954047291, 0.000860721513163, -0.000626020424534, 0.00078143493738, -0.0011186505435, 0.000949907349423, -0.000734989473131, -0.000212775703403, 0.000650132889859], [8.89404254849e-05, -0.000370977359125, 0.00120912957937, -0.000573633122258, -0.000273460027529, -0.000539868313354, 0.000828426505905, -0.000212908242247, 0.000424946512794, 2.78971256193e-05, 0.000155942514539, -0.000187642348465, 0.000224373085075], [-8.97683930816e-05, -0.000711153144948, -0.000573633122258, 0.00354055524804, -0.00169017887674, -0.000125665974338, 0.000671780551784, -0.000234613224166, -7.34934728825e-05, -0.000319131620927, 0.000764574389905, -0.000795197382104, -0.000468400103273], [0.000160796727869, 0.000328954047291, -0.000273460027529, -0.00169017887674, 0.005179613363, -0.00176046043634, 0.000231193218497, -0.000935757998377, 0.000446961843409, -0.00213250494562, 0.000489819736686, -0.000643763807602, 0.000382903264835], [-0.000150796418893, 0.000860721513163, -0.000539868313354, -0.000125665974338, -0.00176046043634, 0.00699193775654, -0.00229864078574, -0.000431448308518, -0.00142616126686, 0.00186088134069, -0.00277961883694, 0.00139987887815, -0.000215837717406], [0.000121579796541, -0.000626020424534, 0.000828426505905, 0.000671780551784, 0.000231193218497, -0.00229864078574, 0.00710697239265, -0.00317006721161, -0.000361690792488, 0.000432823464507, 0.00154019764159, -0.00266777444631, -0.0010766456835], [-0.000145774029079, 0.00078143493738, -0.000212908242247, -0.000234613224166, -0.000935757998377, -0.000431448308518, -0.00317006721161, 0.00979588367045, -0.00205346778966, -0.000718519266229, 0.000647603184916, 0.00024104482145, -0.000181209485163], [0.000260203989455, -0.0011186505435, 0.000424946512794, -7.34934728825e-05, 0.000446961843409, -0.00142616126686, -0.000361690792488, -0.00205346778966, 0.00903442036361, -0.00393247092143, 0.000761755509302, -0.000425798556535, 0.00164602813311], [-0.000186750519788, 0.000949907349423, 2.78971256193e-05, -0.000319131620927, -0.00213250494562, 0.00186088134069, 0.000432823464507, -0.000718519266229, -0.00393247092143, 0.0132975084707, -0.00688516069204, 8.2798927906e-05, 0.00173693988472], [5.71687050979e-05, -0.000734989473131, 0.000155942514539, 0.000764574389905, 0.000489819736686, -0.00277961883694, 0.00154019764159, 0.000647603184916, 0.000761755509302, -0.00688516069204, 0.0126527380198, -0.00393144227564, -0.00176773220301], [9.12050309125e-05, -0.000212775703403, -0.000187642348465, -0.000795197382104, -0.000643763807602, 0.00139987887815, -0.00266777444631, 0.00024104482145, -0.000425798556535, 8.2798927906e-05, -0.00393144227564, 0.0147674288601, -0.00567101454362], [-0.000124768805108, 0.000650132889859, 0.000224373085075, -0.000468400103273, 0.000382903264835, -0.000215837717406, -0.0010766456835, -0.000181209485163, 0.00164602813311, 0.00173693988472, -0.00176773220301, -0.00567101454362, 0.0127281844616]], "mean": [-625.445678711, 58.9776268005, 23.1700401306, 8.31396865845, 8.44475841522, 10.8688592911, 8.54327106476, 13.6916246414, -3.0144970417, 6.20293188095, -4.3243432045, 5.71277046204, 1.37637162209]}, "pitch_salience": {"dmean": 0.0941604226828, "dmean2": 0.14486938715, "dvar": 0.00782960932702, "dvar2": 0.0170546025038, "max": 0.988028407097, "mean": 0.477637857199, "median": 0.492726445198, "min": 0.0199332591146, "var": 0.0305419750512}, "silence_rate_20dB": {"dmean": 0, "dmean2": 0, "dvar": 0, "dvar2": 0, "max": 1, "mean": 1, "median": 1, "min": 1, "var": 0}, "silence_rate_30dB": {"dmean": 0.0241798851639, "dmean2": 0.0483634956181, "dvar": 0.0235927496105, "dvar2": 0.0598822906613, "max": 1, "mean": 0.976437985897, "median": 1, "min": 0, "var": 0.0230036843568}, "silence_rate_60dB": {"dmean": 0.0112428767607, "dmean2": 0.0224874857813, "dvar": 0.01111683622, "dvar2": 0.028604503721, "max": 1, "mean": 0.044968046248, "median": 0, "min": 0, "var": 0.0429454781115}, "spectral_centroid": {"dmean": 414.129089355, "dmean2": 609.336181641, "dvar": 189673.21875, "dvar2": 399122.46875, "max": 11763.8251953, "mean": 2065.93603516, "median": 1955.39233398, "min": 283.125518799, "var": 1214400.625}, "spectral_complexity": {"dmean": 5.79793643951, "dmean2": 7.66145563126, "dvar": 37.1378479004, "dvar2": 52.2084236145, "max": 58, "mean": 16.5168247223, "median": 14, "min": 0, "var": 130.875564575}, "spectral_contrast_coeffs": {"dmean": [0.0583234578371, 0.0603754669428, 0.0508100241423, 0.0358636118472, 0.0275967102498, 0.0220887865871], "dmean2": [0.0947341024876, 0.0971043929458, 0.0763143002987, 0.0550150685012, 0.0418298095465, 0.0328410826623], "dvar": [0.00247216317803, 0.0027427021414, 0.00188831903506, 0.00102890713606, 0.000634884345345, 0.000385399645893], "dvar2": [0.00609630066901, 0.00651026610285, 0.00372634525411, 0.00213533313945, 0.00126372347586, 0.000768754573073], "max": [-0.312327384949, -0.344819486141, -0.445057183504, -0.495577871799, -0.578670442104, -0.591934025288], "mean": [-0.694077849388, -0.732146203518, -0.754595816135, -0.797887265682, -0.798291385174, -0.787632226944], "median": [-0.70237827301, -0.744495630264, -0.775544941425, -0.811143219471, -0.808953821659, -0.791609168053], "min": [-0.977433383465, -0.983389914036, -0.985539972782, -0.97173666954, -0.969190895557, -0.96590000391], "var": [0.00849880371243, 0.00976347923279, 0.0083887707442, 0.00367616955191, 0.00257689296268, 0.00155562511645]}, "spectral_contrast_valleys": {"dmean": [0.455358058214, 0.515878021717, 0.41790920496, 0.393693774939, 0.341365069151, 0.347646176815], "dmean2": [0.731488645077, 0.801137804985, 0.617370903492, 0.540446996689, 0.464554727077, 0.461215645075], "dvar": [0.161888971925, 0.234599038959, 0.133199855685, 0.132270678878, 0.103961415589, 0.115317061543], "dvar2": [0.358600020409, 0.508291840553, 0.267947494984, 0.228244528174, 0.176331281662, 0.20303042233], "max": [-4.96256160736, -4.48135042191, -5.37364864349, -5.59314918518, -5.57334947586, -7.40000200272], "mean": [-7.67905902863, -7.41503810883, -7.5547041893, -7.79865312576, -7.44382429123, -8.97096920013], "median": [-7.55636358261, -7.26039075851, -7.3280210495, -7.63413000107, -7.23638963699, -8.71720504761], "min": [-28.401102066, -28.4196643829, -27.9932785034, -27.7147903442, -27.5870189667, -27.3882694244], "var": [3.85317087173, 3.57778716087, 3.38916420937, 3.35819864273, 3.36578154564, 2.84476518631]}, "spectral_decrease": {"dmean": 2.96619173668e-09, "dmean2": 4.36023839256e-09, "dvar": 1.64375544616e-17, "dvar2": 4.38324263906e-17, "max": 2.35785223448e-28, "mean": -8.71184369089e-09, "median": -6.41777742061e-09, "min": -4.77674184651e-08, "var": 5.78369316509e-17}, "spectral_energy": {"dmean": 0.0120510272682, "dmean2": 0.0175426956266, "dvar": 0.000244514812948, "dvar2": 0.000638567260467, "max": 0.18315513432, "mean": 0.0365660637617, "median": 0.0282413940877, "min": 1.00131586399e-20, "var": 0.000871745462064}, "spectral_energyband_high": {"dmean": 0.00173836899921, "dmean2": 0.00244534621015, "dvar": 4.77227695228e-06, "dvar2": 7.80593472882e-06, "max": 0.023136632517, "mean": 0.00338413659483, "median": 0.00259850313887, "min": 7.11610394724e-21, "var": 1.06477491499e-05}, "spectral_energyband_low": {"dmean": 0.00794943980873, "dmean2": 0.0123298298568, "dvar": 0.00024551874958, "dvar2": 0.000659014389385, "max": 0.173600539565, "mean": 0.0183618087322, "median": 0.00416324194521, "min": 1.35151215934e-23, "var": 0.000792523089331}, "spectral_energyband_middle_high": {"dmean": 0.00299025862478, "dmean2": 0.003926766105, "dvar": 1.73429798451e-05, "dvar2": 2.89952840831e-05, "max": 0.070434011519, "mean": 0.0078206229955, "median": 0.00344739435241, "min": 1.03600070222e-21, "var": 8.96610072232e-05}, "spectral_energyband_middle_low": {"dmean": 0.00459443544969, "dmean2": 0.00689393142238, "dvar": 5.96128920733e-05, "dvar2": 0.000128606814542, "max": 0.0782199651003, "mean": 0.00740645080805, "median": 0.0033733737655, "min": 1.63999360678e-22, "var": 0.000103787322587}, "spectral_entropy": {"dmean": 0.198560759425, "dmean2": 0.274031311274, "dvar": 0.0333293229342, "dvar2": 0.0643454939127, "max": 9.82434654236, "mean": 8.09693622589, "median": 8.11004447937, "min": 6.34823656082, "var": 0.138598933816}, "spectral_flux": {"dmean": 0.0307783186436, "dmean2": 0.0458927340806, "dvar": 0.000966855033766, "dvar2": 0.00196039257571, "max": 0.322862565517, "mean": 0.109311237931, "median": 0.101729206741, "min": 6.33322769228e-11, "var": 0.0029494704213}, "spectral_kurtosis": {"dmean": 0.672851085663, "dmean2": 0.989971578121, "dvar": 0.434843808413, "dvar2": 0.949453473091, "max": 10.3236293793, "mean": 0.980430781841, "median": 0.803166985512, "min": -1.33152067661, "var": 1.6935377121}, "spectral_rms": {"dmean": 0.000945613021031, "dmean2": 0.0013334226096, "dvar": 9.57795919021e-07, "dvar2": 2.12422196455e-06, "max": 0.0133674200624, "mean": 0.00546212354675, "median": 0.00524905510247, "min": 3.12552956606e-12, "var": 5.83932296649e-06}, "spectral_rolloff": {"dmean": 1424.17138672, "dmean2": 2338.77856445, "dvar": 3721317.5, "dvar2": 7670271, "max": 20112.0117188, "mean": 3321.89086914, "median": 1937.98828125, "min": 21.533203125, "var": 10859302}, "spectral_skewness": {"dmean": 0.175038814545, "dmean2": 0.249052688479, "dvar": 0.0253077987581, "dvar2": 0.0498725473881, "max": 2.23127198219, "mean": 0.966361284256, "median": 0.991890728474, "min": -0.265803337097, "var": 0.131310626864}, "spectral_spread": {"dmean": 1173928.75, "dmean2": 1670773.125, "dvar": 1296715874300.0, "dvar2": 2718017257470.0, "max": 42872404, "mean": 7607041, "median": 7185430.5, "min": 2580547.75, "var": 11450140590100.0}, "spectral_strongpeak": {"dmean": 0.665710449219, "dmean2": 1.03400039673, "dvar