{"lowlevel": {"average_loudness": 0.831298291683, "barkbands": {"dmean": [2.58083491644e-05, 0.000954164715949, 0.00111869908869, 0.00184618390631, 0.0015215810854, 0.000305472320179, 0.000620976323262, 0.000445441255579, 0.00148896710016, 0.000338045385433, 0.000158456809004, 0.00022310888744, 0.000272062025033, 0.000253034842899, 0.000222016024054, 0.000105366976641, 0.000126075945445, 0.000198456342332, 0.000261695415247, 0.000298230239423, 0.000221495865844, 0.000185812663403, 0.000136204311275, 6.83850594214e-05, 4.90103047923e-05, 3.26158078678e-05, 2.63043034465e-06], "dmean2": [3.96901778004e-05, 0.00167126569431, 0.00197879690677, 0.00305321067572, 0.00259627983905, 0.000479167356389, 0.000938831479289, 0.000693262089044, 0.00219117593952, 0.00050364958588, 0.000243796675932, 0.000342182756867, 0.000429041770985, 0.000409593922086, 0.000354000425432, 0.000172516578459, 0.000203550691367, 0.000321339350194, 0.000429344479926, 0.000485201686388, 0.00034352982766, 0.00027022548602, 0.000200238879188, 9.93471767288e-05, 7.0198038884e-05, 4.73898508062e-05, 4.19539901486e-06], "dvar": [3.84385590024e-09, 6.10710776527e-06, 9.9371345641e-06, 2.48460655712e-05, 1.58831007866e-05, 9.20940408378e-07, 1.29478405597e-06, 1.04124842437e-06, 7.09573987479e-06, 6.13015686213e-07, 3.29229322915e-07, 4.96270445183e-07, 6.9125974278e-07, 2.69439340173e-07, 1.87734428891e-07, 2.68871858111e-08, 4.29577795558e-08, 1.4075745014e-07, 1.3185965031e-07, 1.66278439906e-07, 1.19652995068e-07, 1.16520006088e-07, 5.3353378604e-08, 2.81288787818e-08, 9.30829635593e-09, 5.56022117237e-09, 5.13584799688e-11], "dvar2": [8.43028757913e-09, 1.69743216247e-05, 2.82994242298e-05, 6.39807185507e-05, 4.38330644101e-05, 2.22088920054e-06, 3.00444821733e-06, 2.49620302384e-06, 1.55362922669e-05, 1.32856359869e-06, 7.35496428206e-07, 1.25117787775e-06, 1.72148747879e-06, 6.78714229707e-07, 4.34233214719e-07, 6.94501878229e-08, 1.05775782799e-07, 3.49688349388e-07, 3.4766162571e-07, 4.24131627597e-07, 2.74840004977e-07, 2.52587000205e-07, 1.15491374686e-07, 5.62022428596e-08, 1.97285086045e-08, 1.2762625623e-08, 1.27567276187e-10], "max": [0.000665132538415, 0.023368280381, 0.0408356077969, 0.0641104280949, 0.0554387420416, 0.0330766886473, 0.0266842469573, 0.0426726229489, 0.0505808107555, 0.023319337517, 0.0295327082276, 0.01816133596, 0.0247794818133, 0.00899059418589, 0.00895924028009, 0.00315257068723, 0.00394181255251, 0.00985983852297, 0.00652854796499, 0.00887398701161, 0.00817310065031, 0.00839812681079, 0.00484700733796, 0.00397741375491, 0.00219847820699, 0.000878994935192, 0.000100492834463], "mean": [2.84170564555e-05, 0.00114990537986, 0.00149860477541, 0.00229255505838, 0.00208114134148, 0.000550611934159, 0.0012735191267, 0.000833676778711, 0.00294719287194, 0.000600144383498, 0.00025602185633, 0.000356812903192, 0.000410547596402, 0.000400950259063, 0.000384787184885, 0.000197101006052, 0.000240421068156, 0.000388856686186, 0.000608782633208, 0.000779490335844, 0.00055804697331, 0.000437640788732, 0.000324075401295, 0.000146151956869, 8.86318084667e-05, 4.1487859562e-05, 2.33209311773e-06], "median": [5.79359584663e-06, 0.000570609350689, 0.000850662647281, 0.000954281538725, 0.00113000092097, 0.000234557010117, 0.000667008920573, 0.000385826278944, 0.00120333756786, 0.000200788184884, 7.43777709431e-05, 9.05951383174e-05, 7.05932907294e-05, 0.000192587875063, 0.000177063717274, 0.000116848510515, 0.000155882138642, 0.000216404048842, 0.000433072651504, 0.000489021942485, 0.000276992446743, 0.000135111476993, 0.000134106172482, 6.32960000075e-05, 3.8640711864e-05, 9.5002242233e-06, 1.19280883837e-07], "min": [1.12719964968e-26, 4.81345135552e-24, 2.29035232538e-24, 2.41024774449e-24, 1.73642547844e-23, 1.80657099014e-23, 1.78950950648e-23, 1.31059575856e-23, 2.21869795943e-23, 1.92235825831e-23, 3.3329518396e-23, 4.32255828145e-23, 5.17395881706e-23, 5.20520528197e-23, 6.11727553208e-23, 6.8901408625e-23, 6.46705771963e-23, 7.87819293282e-23, 1.85817397915e-22, 1.81740855058e-22, 2.91609060047e-22, 4.56495403304e-22, 4.67950622903e-22, 7.60884590617e-22, 9.49130279103e-22, 1.49702838279e-21, 1.95731874978e-21], "var": [4.61118609962e-09, 4.9603613661e-06, 7.1338804446e-06, 2.40596800722e-05, 1.3949703316e-05, 1.61323850989e-06, 3.33683556164e-06, 2.54222550211e-06, 1.95624888875e-05, 1.57999556905e-06, 6.46596731713e-07, 1.03576303445e-06, 1.36043945531e-06, 4.19552094399e-07, 3.6147019955e-07, 5.55044579187e-08, 8.11924820709e-08, 3.08936591864e-07, 3.6948114257e-07, 6.49073228942e-07, 5.29759859091e-07, 5.47247452687e-07, 1.93025144313e-07, 6.39494288635e-08, 1.81364381291e-08, 7.12826064841e-09, 4.668804926e-11]}, "barkbands_crest": {"dmean": 2.17884755135, "dmean2": 3.48995661736, "dvar": 4.1417965889, "dvar2": 10.3303346634, "max": 24.1873149872, "mean": 7.75390958786, "median": 6.96823692322, "min": 2.37751603127, "var": 11.049987793}, "barkbands_flatness_db": {"dmean": 0.0157658420503, "dmean2": 0.0245289839804, "dvar": 0.000226611402468, "dvar2": 0.000555701670237, "max": 0.272478938103, "mean": 0.102663360536, "median": 0.0959713757038, "min": 0.0219043735415, "var": 0.00121662614401}, "barkbands_kurtosis": {"dmean": 0.960976302624, "dmean2": 1.5555665493, "dvar": 1.69736123085, "dvar2": 4.33509540558, "max": 23.3618526459, "mean": 0.305495977402, "median": -0.322057276964, "min": -1.91873908043, "var": 4.22966241837}, "barkbands_skewness": {"dmean": 0.356025844812, "dmean2": 0.569495499134, "dvar": 0.135102078319, "dvar2": 0.353787124157, "max": 4.62327814102, "mean": 0.936028182507, "median": 0.856482923031, "min": -2.42709589005, "var": 0.406408637762}, "barkbands_spread": {"dmean": 6.03145980835, "dmean2": 9.36520290375, "dvar": 36.1011009216, "dvar2": 84.5658035278, "max": 131.738845825, "mean": 33.9273910522, "median": 32.8256225586, "min": 4.69155693054, "var": 140.429977417}, "dissonance": {"dmean": 0.0118715530261, "dmean2": 0.0199191719294, "dvar": 0.000126027007354, "dvar2": 0.000340162572684, "max": 0.500000119209, "mean": 0.478767156601, "median": 0.482723325491, "min": 0.329477518797, "var": 0.00027176484582}, "dynamic_complexity": 4.55591583252, "erbbands": {"dmean": [0.0160487275571, 0.267809808254, 1.16329610348, 3.38134431839, 8.25983428955, 3.15330410004, 1.81715905666, 2.73544406891, 6.34617042542, 11.750576973, 12.0325050354, 33.2113647461, 19.1070423126, 6.83094501495, 6.86230039597, 8.45190906525, 12.4063014984, 9.65697479248, 12.5885343552, 9.53324794769, 5.8203959465, 7.11067056656, 9.18728256226, 12.3750963211, 13.3705072403, 13.6786212921, 10.9268932343, 7.64973258972, 6.84091186523, 5.65035629272, 3.62190747261, 1.98631083965, 0.856702029705, 0.521540164948, 0.385213881731, 0.202365532517, 0.047042556107, 0.00627931440249, 0.00046580270282, 2.06365293707e-05], "dmean2": [0.02645149827, 0.478484690189, 2.07298636436, 5.7227396965, 13.7717885971, 5.37837600708, 2.95745491982, 4.250685215, 9.9008398056, 17.4508323669, 18.1906433105, 48.8157844543, 29.1394042969, 9.95011329651, 10.4960613251, 13.0326499939, 19.5133361816, 15.4754428864, 20.2957229614, 15.1769199371, 9.54778003693, 11.3955841064, 14.6373682022, 20.3755435944, 21.8558120728, 22.2738761902, 17.5322322845, 11.6922569275, 10.0793409348, 8.31987094879, 5.30351829529, 2.92239999771, 1.23382532597, 0.75259077549, 0.564203023911, 0.290635019541, 0.07002787292, 0.00974832940847, 0.000732262444217, 3.16694386129e-05], "dvar": [0.00123626552522, 0.536139547825, 11.3973741531, 63.887134552, 559.357788086, 49.5833892822, 24.3958873749, 79.1701049805, 219.771759033, 508.369659424, 500.715698242, 4265.20166016, 1583.48303223, 389.206268311, 436.698791504, 680.170654297, 1634.22827148, 526.711608887, 612.862487793, 355.596069336, 83.2125930786, 138.1668396, 274.47277832, 445.536651611, 352.116912842, 369.412200928, 254.097015381, 196.306045532, 190.141052246, 93.5401229858, 38.3921661377, 22.1440296173, 4.35082626343, 1.08716201782, 0.659384250641, 0.209343761206, 0.0126452893019, 0.000250585871981, 1.57576323545e-06, 2.00442529241e-09], "dvar2": [0.00303515675478, 1.53106153011, 32.6067504883, 170.753173828, 1480.88183594, 136.288345337, 63.9556427002, 178.932846069, 533.732055664, 1158.57714844, 1145.58325195, 9385.04394531, 3536.7565918, 789.636779785, 1060.8729248, 1727.28125, 4105.74902344, 1302.30004883, 1485.7388916, 871.34942627, 217.363967896, 336.105407715, 651.050537109, 1177.60473633, 925.786315918, 945.477111816, 636.607971191, 452.371765137, 430.43850708, 206.067260742, 82.5849227905, 46.0306510925, 8.72843265533, 2.31768727303, 1.45190572739, 0.474605858326, 0.0295565873384, 0.000610318151303, 3.86000692743e-06, 4.90592144686e-09], "max": [0.420289158821, 7.42332601547, 44.4937477112, 101.712814331, 305.899749756, 90.6609039307, 185.441329956, 367.629608154, 443.06729126, 621.830505371, 817.858337402, 1431.17333984, 966.149719238, 978.190979004, 701.421936035, 627.569396973, 1281.23486328, 479.54598999, 635.653381348, 462.215209961, 150.547576904, 264.711517334, 487.746185303, 568.446350098, 300.602752686, 454.835601807, 269.181488037, 338.224212646, 400.249816895, 191.570037842, 128.621780396, 122.231018066, 59.1095542908, 27.7824630737, 14.0122966766, 6.18468856812, 1.37794339657, 0.182461991906, 0.0175435245037, 0.000551392906345], "mean": [0.0228760372847, 0.308671951294, 1.53390884399, 4.56088161469, 10.0440015793, 5.21113300323, 3.0807390213, 5.29045820236, 12.4801454544, 23.990852356, 25.9655780792, 64.7804946899, 36.2974319458, 13.6875133514, 11.9805698395, 14.392334938, 19.4931983948, 16.6519031525, 21.9465789795, 17.4230003357, 11.9938793182, 14.3468561172, 19.1930541992, 27.6750469208, 33.9279785156, 36.0066261292, 27.6345806122, 18.7384624481, 15.8398990631, 13.3595132828, 8.62345504761, 4.38993167877, 1.76277446747, 1.04323339462, 0.612644731998, 0.27927210927, 0.0530865229666, 0.00633356906474, 0.000433085486293, 3.89734850614e-05], "median": [0.011042771861, 0.159865006804, 0.852095067501, 2.63916826248, 4.50070810318, 3.04449295998, 1.47917234898, 2.35421013832, 5.71094036102, 12.6854743958, 13.5312261581, 25.6172733307, 15.409734726, 5.94677829742, 4.60483407974, 4.22996616364, 3.89765191078, 8.11995220184, 11.8600006104, 8.60806179047, 7.73645830154, 9.72806549072, 11.5541734695, 18.7414073944, 24.1446704865, 22.5195579529, 15.0963306427, 8.19390392303, 4.86423301697, 4.18214130402, 3.59098696709, 1.90786719322, 0.76891040802, 0.478617608547, 0.23957644403, 0.0788419693708, 0.00787571445107, 0.000735991168767, 4.19659190811e-05, 2.67382947641e-05], "min": [1.83509960835e-22, 5.90627808534e-22, 2.65906941818e-21, 9.94337254582e-21, 2.84582894825e-20, 5.02884388778e-20, 5.2432555649e-20, 1.75266039642e-19, 2.15325117163e-19, 4.81678179134e-19, 4.72153401176e-19, 5.12498049878e-19, 7.93786917634e-19, 1.2614436099e-18, 1.28599267612e-18, 1.92041849246e-18, 2.72204501435e-18, 2.77524927135e-18, 3.43938803567e-18, 2.93296738515e-18, 5.59343252521e-18, 4.78744386636e-18, 4.35608365258e-18, 9.3379443278e-18, 8.27974209633e-18, 1.00569603219e-17, 1.21062854003e-17, 1.31820544664e-17, 1.54520514798e-17, 1.55602119624e-17, 1.45571446275e-17, 1.60657946789e-17, 1.28359860863e-17, 9.03994754904e-18, 7.22395192352e-18, 4.33897507597e-18, 2.85533896621e-18, 1.08814865119e-18, 2.73360858572e-19, 2.79742660396e-20], "var": [0.00149305048399, 0.388136506081, 7.88449478149, 58.8907775879, 512.577026367, 53.5153083801, 39.7614364624, 133.542785645, 490.844696045, 1332.25512695, 1370.18457031, 11321.2578125, 4060.81640625, 886.278015137, 847.635803223, 1406.30407715, 3150.07641602, 879.580627441, 994.688903809, 709.479675293, 177.582275391, 277.757476807, 651.289916992, 1039.35961914, 1134.51245117, 1384.83312988, 933.533325195, 824.73059082, 798.784423828, 401.519500732, 138.353942871, 51.2420043945, 9.63316631317, 2.44787120819, 1.03614199162, 0.287385046482, 0.0144499596208, 0.000249818753218, 1.48522576637e-06, 2.45097520057e-09]}, "erbbands_crest": {"dmean": 2.25678372383, "dmean2": 3.57845306396, "dvar": 5.22071504593, "dvar2": 12.2961359024, "max": 29.3127613068, "mean": 7.90279483795, "median": 6.71695756912, "min": 2.67797589302, "var": 14.4598884583}, "erbbands_flatness_db": {"dmean": 0.0153907658532, "dmean2": 0.021971244365, "dvar": 0.000242240508669, "dvar2": 0.000479003996588, "max": 0.336264640093, "mean": 0.154658421874, "median": 0.148469299078, "min": 0.0284468065947, "var": 0.00180749245919}, "erbbands_kurtosis": {"dmean": 0.475000917912, "dmean2": 0.757320761681, "dvar": 0.418168455362, "dvar2": 0.966163218021, "max": 15.1630954742, "mean": -0.657327353954, "median": -0.980324745178, "min": -1.82677507401, "var": 1.13289237022}, "erbbands_skewness": {"dmean": 0.322048783302, "dmean2": 0.488223731518, "dvar": 0.0803052261472, "dvar2": 0.182046219707, "max": 3.75403952599, "mean": 0.0418918468058, "median": 0.00739595899358, "min": -2.81117868423, "var": 0.433456510305}, "erbbands_spread": {"dmean": 7.54472446442, "dmean2": 11.7725791931, "dvar": 66.4797897339, "dvar2": 160.598434448, "max": 122.989143372, "mean": 48.5007820129, "median": 45.9336357117, "min": 8.68540668488, "var": 209.224472046}, "gfcc": {"cov": [[18216.8847656, -729.595336914, 410.529907227, 1180.43164063, -439.639373779, 1456.72558594, -489.61630249, 217.695983887, -385.457122803, -318.127197266, -231.6068573, 147.012527466, -417.929260254], [-729.595336914, 880.952148438, -432.821899414, 55.1603393555, 132.814163208, -258.489959717, 189.173202515, -23.7843208313, 88.6447982788, -3.24252748489, 80.9008483887, -105.447845459, 106.574630737], [410.529907227, -432.821899414, 1101.19934082, 263.927093506, 132.678344727, 407.795166016, -137.183120728, 118.884483337, -78.2012939453, -27.2687473297, -85.453704834, 99.4421005249, -97.2936248779], [1180.43164063, 55.1603393555, 263.927093506, 428.318084717, 69.8776016235, 157.277236938, 5.35332965851, 39.4973258972, -20.2776069641, -40.5158653259, -65.6870880127, -8.21128463745, -3.74779486656], [-439.639373779, 132.814163208, 132.678344727, 69.8776016235, 251.809799194, 0.624750554562, 75.5706100464, 46.8793792725, -3.35877680779, 31.7062644958, -29.0633678436, -14.4626588821, 12.2445869446], [1456.72558594, -258.489959717, 407.795166016, 157.277236938, 0.624750554562, 505.471191406, -80.444480896, 84.0820846558, -56.0656967163, -74.5923614502, 4.63144826889, 52.1468429565, -100.535964966], [-489.61630249, 189.173202515, -137.183120728, 5.35332965851, 75.5706100464, -80.444480896, 194.053787231, 14.9038190842, 38.8695449829, 21.6636829376, -11.5163879395, -29.6380233765, 23.2427444458], [217.695983887, -23.7843208313, 118.884483337, 39.4973258972, 46.8793792725, 84.0820846558, 14.9038190842, 163.483444214, 9.62990665436, 43.8305168152, -31.5041370392, -24.9881076813, 21.7976093292], [-385.457122803, 88.6447982788, -78.2012939453, -20.2776069641, -3.35877680779, -56.0656967163, 38.8695449829, 9.62990665436, 114.291427612, 21.9855251312, 31.4798069, -7.68786001205, 9.68931674957], [-318.127197266, -3.24252748489, -27.2687473297, -40.5158653259, 31.7062644958, -74.5923614502, 21.6636829376, 43.8305168152, 21.9855251312, 127.454216003, 3.40509438515, -15.202955246, 28.0193786621], [-231.6068573, 80.9008483887, -85.453704834, -65.6870880127, -29.0633678436, 4.63144826889, -11.5163879395, -31.5041370392, 31.4798069, 3.40509438515, 124.840248108, 38.4949684143, -8.99088859558], [147.012527466, -105.447845459, 99.4421005249, -8.21128463745, -14.4626588821, 52.1468429565, -29.6380233765, -24.9881076813, -7.68786001205, -15.202955246, 38.4949684143, 96.092010498, -19.4264240265], [-417.929260254, 106.574630737, -97.2936248779, -3.74779486656, 12.2445869446, -100.535964966, 23.2427444458, 21.7976093292, 9.68931674957, 28.0193786621, -8.99088859558, -19.4264240265, 98.9851608276]], "icov": [[0.000142626522575, -0.000150954481796, 0.000328185618855, -0.000393019639887, 0.000241009503952, -0.000323234620737, 0.000371936592273, -0.000332109659212, 0.00028381406446, -0.000182617062819, 0.000570425705519, -0.000619463913608, 0.000654252071399], [-0.000150954481796, 0.0036354244221, 0.000143933735671, -0.000878858030774, -0.0020144819282, 0.0015149776591, -0.00189825659618, 0.000209885663935, -0.000663209008053, 0.00240215263329, -0.00501114269719, 0.00416743615642, -0.00250822817907], [0.000328185618855, 0.000143933735671, 0.00304117938504, -0.00170400878415, -0.000901365361642, -0.00141117814928, 0.00208724429831, -0.00167537748348, 0.000501293048728, -0.000517238455359, 0.0023954177741, -0.00331974891014, 0.00237581087276], [-0.000393019639887, -0.000878858030774, -0.00170400878415, 0.00491407141089, -0.000455089553725, -0.000633351039141, -0.000924616120756, 0.00172832945827, -0.00121780612972, 0.000387893262086, 0.00127073645126, 0.00119011313654, -0.00259404373355], [0.000241009503952, -0.0020144819282, -0.000901365361642, -0.000455089553725, 0.0070590605028, -0.000558686209843, -0.00137582584284, -0.000980259501375, 0.00161930406466, -0.00225111795589, 0.00254841311835, -0.00189904228318, 0.00171907315962], [-0.000323234620737, 0.0015149776591, -0.00141117814928, -0.000633351039141, -0.000558686209843, 0.00611280463636, -0.00104999437463, -0.00289722299203, 0.000914924952667, 0.003472128883, -0.00488870032132, 0.00199522962794, 0.00163044326473], [0.000371936592273, -0.00189825659618, 0.00208724429831, -0.000924616120756, -0.00137582584284, -0.00104999437463, 0.00940846465528, -0.00162451178767, -0.00117657729425, -0.00131273036823, 0.00470781838521, -0.00361237907782, 0.00308843888342], [-0.000332109659212, 0.000209885663935, -0.00167537748348, 0.00172832945827, -0.000980259501375, -0.00289722299203, -0.00162451178767, 0.0120806815103, -0.0027499825228, -0.00365597638302, 0.000807324715424, 0.00433368561789, -0.00608178880066], [0.00028381406446, -0.000663209008053, 0.000501293048728, -0.00121780612972, 0.00161930406466, 0.000914924952667, -0.00117657729425, -0.0027499825228, 0.0120374700055, -0.00101564649958, -0.00236058724113, -0.000821055553388, 0.00270341592841], [-0.000182617062819, 0.00240215263329, -0.000517238455359, 0.000387893262086, -0.00225111795589, 0.003472128883, -0.00131273036823, -0.00365597638302, -0.00101564649958, 0.0127433063462, -0.00504576368257, 0.00341071281582, -0.00222948077135], [0.000570425705519, -0.00501114269719, 0.0023954177741, 0.00127073645126, 0.00254841311835, -0.00488870032132, 0.00470781838521, 0.000807324715424, -0.00236058724113, -0.00504576368257, 0.0209556780756, -0.0124635044485, 0.00475935218856], [-0.000619463913608, 0.00416743615642, -0.00331974891014, 0.00119011313654, -0.00189904228318, 0.00199522962794, -0.00361237907782, 0.00433368561789, -0.000821055553388, 0.00341071281582, -0.0124635044485, 0.0224063564092, -0.00578486127779], [0.000654252071399, -0.00250822817907, 0.00237581087276, -0.00259404373355, 0.00171907315962, 0.00163044326473, 0.00308843888342, -0.00608178880066, 0.00270341592841, -0.00222948077135, 0.00475935218856, -0.00578486127779, 0.0195232648402]], "mean": [-16.6345272064, 68.3878173828, -134.51008606, 43.0933456421, -76.1244506836, 2.71986651421, -31.3288612366, 14.599404335, -24.5443134308, 4.30448055267, -25.6342754364, -15.0091552734, -17.5191631317]}, "hfc": {"dmean": 6.01120948792, "dmean2": 8.40116882324, "dvar": 64.4456939697, "dvar2": 118.208770752, "max": 137.119064331, "mean": 25.029718399, "median": 21.5634899139, "min": 1.10359565356e-16, "var": 433.901611328}, "melbands": {"dmean": [0.000202555456781, 0.000518975371961, 0.000787016761024, 0.000416917027906, 6.52627713862e-05, 6.30973518128e-05, 0.000100234254205, 0.000121315482829, 0.000131504028104, 0.000205578558962, 9.58187665674e-05, 3.04291606881e-05, 2.35214884015e-05, 2.20461679419e-05, 3.26072986354e-05, 2.19268258661e-05, 1.96022774617e-05, 2.39596902247e-05, 1.49952593347e-05, 9.13610983844e-06, 7.22065988157e-06, 8.01588976174e-06, 7.75702665123e-06, 1.07523410406e-05, 1.10308355943e-05, 1.07277346615e-05, 1.12366524263e-05, 1.00759007182e-05, 8.63452896738e-06, 5.61119577469e-06, 4.49688968729e-06, 4.05556420446e-06, 4.19646585215e-06, 3.18035131386e-06, 2.41044745053e-06, 1.75690604465e-06, 1.13714804684e-06, 6.32190165106e-07, 5.55888846065e-07, 4.40346241248e-07], "dmean2": [0.000346582353814, 0.00092602398945, 0.00131312280428, 0.000703810481355, 0.000106270483229, 9.80307231657e-05, 0.000154973691679, 0.000182126255822, 0.000195028216694, 0.000303412962239, 0.000145889556734, 4.41495249106e-05, 3.61313141184e-05, 3.36468983733e-05, 5.11355246999e-05, 3.45246990037e-05, 3.15731886076e-05, 3.88820844819e-05, 2.36975338339e-05, 1.46772990774e-05, 1.19587321024e-05, 1.30470498334e-05, 1.24357229652e-05, 1.73528842424e-05, 1.82913154276e-05, 1.76431458385e-05, 1.85165990843e-05, 1.65247092809e-05, 1.4094249309e-05, 8.82470430952e-06, 6.96170536685e-06, 6.07481115367e-06, 6.439961453e-06, 4.78545234728e-06, 3.65294613403e-06, 2.64999334831e-06, 1.70804617028e-06, 9.39440383263e-07, 8.33664273614e-07, 6.49876369607e-07], "dvar": [2.35403376792e-07, 2.29924444284e-06, 4.08643700212e-06, 1.25135125018e-06, 2.27476668613e-08, 3.72248720737e-08, 4.55930404542e-08, 5.50341319183e-08, 5.72667353538e-08, 1.50364513729e-07, 4.03154203354e-08, 7.39883310175e-09, 5.99270810753e-09, 5.44403144787e-09, 8.72038441457e-09, 4.54008475259e-09, 1.93283344885e-09, 2.36257591268e-09, 1.06903352837e-09, 2.53350590507e-10, 1.3636772267e-10, 1.70976469094e-10, 2.12451944925e-10, 4.73994399286e-10, 3.73234526618e-10, 2.20489210223e-10, 2.88954110639e-10, 2.03228864293e-10, 1.66562361126e-10, 9.52644976793e-11, 7.59972154651e-11, 6.77650505154e-11, 6.74203262663e-11, 3.03677603897e-11, 1.67285317543e-11, 1.29882380892e-11, 9.17946274548e-12, 2.68950356777e-12, 1.29357234559e-12, 7.67677533955e-13], "dvar2": [6.33035313058e-07, 6.58776616547e-06, 1.06411898741e-05, 3.38667314281e-06, 5.91573297015e-08, 8.49160315397e-08, 1.10320158342e-07, 1.29433104235e-07, 1.26236344045e-07, 3.37043900345e-07, 8.92966411925e-08, 1.50720946834e-08, 1.36971687326e-08, 1.37520483889e-08, 2.13371187385e-08, 1.12755822457e-08, 4.80109552115e-09, 5.86868198482e-09, 2.4826360967e-09, 6.32780217114e-10, 3.61710272845e-10, 4.24582174974e-10, 5.09878250732e-10, 1.16484977219e-09, 9.97022353566e-10, 5.82286940887e-10, 7.46050277112e-10, 5.30454569159e-10, 4.38533959146e-10, 2.19974233273e-10, 1.8431037252e-10, 1.54257676077e-10, 1.60087429424e-10, 6.94728788386e-11, 3.74438292872e-11, 2.910374719e-11, 1.96079402714e-11, 5.56773550875e-12, 2.78754710287e-12, 1.69820364368e-12], "max": [0.00478528533131, 0.0190765298903, 0.0246966592968, 0.0153669994324, 0.00499335676432, 0.0072933412157, 0.00600426830351, 0.00552019057795, 0.00534844631329, 0.00791694503278, 0.00479526817799, 0.00419044028968, 0.00373558443971, 0.00245178164914, 0.00214522657916, 0.00189013255294, 0.000839318963699, 0.00131177389994, 0.000779172696639, 0.000333235104335, 0.000238283595536, 0.00028623000253, 0.00049025809858, 0.000693578040227, 0.000492268591188, 0.000283809989924, 0.000348103756551, 0.000262664369075, 0.000236112886341, 0.000306112284306, 0.000205989534152, 0.000210960672121, 0.00024375859357, 9.52383052208e-05, 8.72576638358e-05, 8.45551476232e-05, 8.45681715873e-05, 4.61640411231e-05, 2.9954533602e-05, 2.51306428254e-05], "mean": [0.000263049412752, 0.000671188288834, 0.0010372834513, 0.000572152610403, 0.000118411502626, 0.000121933677292, 0.000203515315661, 0.000248334137723, 0.000269109703368, 0.000399611744797, 0.000174114378751, 5.66538437852e-05, 3.9379192458e-05, 3.59445366485e-05, 4.99070083606e-05, 3.36526318279e-05, 3.15307588608e-05, 3.86725696444e-05, 2.57016617979e-05, 1.67884136317e-05, 1.33326675495e-05, 1.47205892063e-05, 1.39695093822e-05, 2.03968484129e-05, 2.22155249503e-05, 2.39552409766e-05, 2.58918280451e-05, 2.35887291637e-05, 1.91888775589e-05, 1.29863237817e-05, 9.74341128313e-06, 8.60182080942e-06, 8.91360195965e-06, 6.87067540639e-06, 5.26255143996e-06, 3.75165063815e-06, 2.22790299631e-06, 1.16671515116e-06, 1.0826632888e-06, 8.12541202322e-07], "median": [0.000132999179186, 0.000406348000979, 0.000551462289877, 0.000318022648571, 5.90921154071e-05, 5.30489378434e-05, 0.000102498423075, 0.000130018874188, 0.000117866591609, 0.000159748466103, 6.41907390673e-05, 1.97561294044e-05, 1.30260896185e-05, 9.83801328402e-06, 9.01773819351e-06, 7.10964332029e-06, 1.45903632074e-05, 1.87277310033e-05, 1.15089114843e-05, 8.95062930795e-06, 7.92636001279e-06, 9.31588147068e-06, 8.33918693388e-06, 1.05806557258e-05, 1.40483134601e-05, 1.720619548e-05, 1.61967618624e-05, 1.39608446261e-05, 1.03678048617e-05, 6.09781773164e-06, 3.63867047781e-06, 2.5190740871e-06, 2.37639233092e-06, 2.17800493374e-06, 2.10573807635e-06, 1.48258823174e-06, 9.10009191557e-07, 4.33279637946e-07, 5.04319643824e-07, 3.51241538965e-07], "min": [1.89116129442e-24, 1.21252821931e-24, 1.62615303825e-24, 3.75397802765e-24, 2.3771341247e-24, 4.49366134404e-24, 3.86685692344e-24, 4.44096543558e-24, 4.30285206272e-24, 3.06400714779e-24, 3.68166117632e-24, 4.96795015824e-24, 4.17997119951e-24, 5.40115943523e-24, 5.22944492655e-24, 2.67271813652e-24, 5.38824183791e-24, 5.64041937006e-24, 3.9838296129e-24, 4.06181166882e-24, 6.59683512041e-24, 4.19401213477e-24, 4.13240367579e-24, 3.47837803193e-24, 7.11016821069e-24, 7.28597059658e-24, 2.63135204559e-24, 5.74900331265e-24, 6.98896209918e-24, 4.86414710717e-24, 6.88329812523e-24, 7.15464024422e-24, 8.06353185819e-24, 6.93506396669e-24, 7.98275407922e-24, 7.75572069956e-24, 7.88384827665e-24, 8.52765817178e-24, 8.61009492524e-24, 6.9701698547e-24], "var": [2.23503249686e-07, 1.58345187629e-06, 3.91188905269e-06, 1.13334783691e-06, 3.95197936598e-08, 6.72382043376e-08, 1.03561326625e-07, 1.43182163015e-07, 1.58970223652e-07, 3.88873758084e-07, 1.03898628367e-07, 1.72775145302e-08, 1.17324843174e-08, 1.17469074468e-08, 1.8166007365e-08, 8.62130988821e-09, 3.06641712022e-09, 3.56566620674e-09, 2.00875516221e-09, 5.16289400121e-10, 2.47887738114e-10, 3.24317989131e-10, 3.58697405112e-10, 1.07352626788e-09, 7.85079778964e-10, 5.71084013412e-10, 8.63179194788e-10, 6.47973064094e-10, 4.73109551535e-10, 3.62270657916e-10, 2.5544466542e-10, 2.46619530353e-10, 2.52380671917e-10, 1.03569527954e-10, 5.47763605308e-11, 3.27415594636e-11, 1.77804021506e-11, 5.45647338077e-12, 2.78200184244e-12, 1.5868235545e-12]}, "melbands_crest": {"dmean": 2.97271037102, "dmean2": 4.85062170029, "dvar": 9.43430328369, "dvar2": 24.0254611969, "max": 28.6919193268, "mean": 11.2395734787, "median": 10.2486124039, "min": 1.617410779, "var": 17.6049785614}, "melbands_flatness_db": {"dmean": 0.0202099066228, "dmean2": 0.0319589674473, "dvar": 0.0004312962119, "dvar2": 0.00113978178706, "max": 0.30871206522, "mean": 0.139397367835, "median": 0.135493442416, "min": 0.00196067616343, "var": 0.00149462861009}, "melbands_kurtosis": {"dmean": 3.57298374176, "dmean2": 5.93618679047, "dvar": 31.7557506561, "dvar2": 86.8153839111, "max": 73.4127426147, "mean": 6.55396747589, "median": 4.33978033066, "min": -1.89888823032, "var": 49.4491767883}, "melbands_skewness": {"dmean": 0.548768997192, "dmean2": 0.884255170822, "dvar": 0.44734069705, "dvar2": 1.18407654762, "max": 8.21745681763, "mean": 2.16389751434, "median": 1.91240799427, "min": -0.220093414187, "var": 0.960861325264}, "melbands_spread": {"dmean": 9.05863285065, "dmean2": 14.4024429321, "dvar": 92.4966659546, "dvar2": 230.079315186, "max": 218.441619873, "mean": 37.9301834106, "median": 35.5375518799, "min": 4.64063453674, "var": 320.363922119}, "mfcc": {"cov": [[12449.6855469, -98.9284667969, 736.402770996, 177.431167603, 290.187896729, 542.345153809, 113.517585754, 556.421203613, -194.389984131, 139.192993164, 8.60753059387, -121.223602295, -129.862564087], [-98.9284667969, 724.69329834, -413.74420166, 170.197769165, -97.2227020264, -122.582305908, 57.5904388428, -84.6001358032, 71.0604553223, 47.7035140991, 0.724945664406, 29.8830795288, 18.9289150238], [736.402770996, -413.74420166, 876.810119629, -2.37172961235, 309.180145264, 255.602966309, 18.2876186371, 244.949066162, -73.6454620361, 18.5952987671, 0.77917265892, -27.1068592072, 12.3071508408], [177.431167603, 170.197769165, -2.37172961235, 407.255218506, 32.4488754272, 10.3497037888, 47.6405715942, -38.8087882996, 155.074279785, -12.8484153748, 0.32910490036, -14.1928873062, -3.01182889938], [290.187896729, -97.2227020264, 309.180145264, 32.4488754272, 271.159240723, 123.176002502, 50.8015365601, 114.087089539, -8.52083778381, 32.2200050354, -5.3388504982, -0.0735109448433, 3.2435734272], [542.345153809, -122.582305908, 255.602966309, 10.3497037888, 123.176002502, 220.89465332, 54.1828384399, 137.977264404, -43.5739936829, 3.6080365181, 20.0879859924, -12.5563592911, 3.31376218796], [113.517585754, 57.5904388428, 18.2876186371, 47.6405715942, 50.8015365601, 54.1828384399, 141.421966553, 41.6196517944, 57.9412689209, 17.525434494, 9.09814834595, 11.6714735031, 3.50866341591], [556.421203613, -84.6001358032, 244.949066162, -38.8087882996, 114.087089539, 137.977264404, 41.6196517944, 220.480041504, -49.1298866272, 31.841588974, 11.34141922, -17.6022014618, 1.03803551197], [-194.389984131, 71.0604553223, -73.6454620361, 155.074279785, -8.52083778381, -43.5739936829, 57.9412689209, -49.1298866272, 213.69694519, 43.0394248962, 7.81688785553, -4.81483125687, -2.7427482605], [139.192993164, 47.7035140991, 18.5952987671, -12.8484153748, 32.2200050354, 3.6080365181, 17.525434494, 31.841588974, 43.0394248962, 109.544052124, 29.4449272156, 8.95558452606, -0.114952594042], [8.60753059387, 0.724945664406, 0.77917265892, 0.32910490036, -5.3388504982, 20.0879859924, 9.09814834595, 11.34141922, 7.81688785553, 29.4449272156, 78.7916107178, 22.3769207001, 15.0117492676], [-121.223602295, 29.8830795288, -27.1068592072, -14.1928873062, -0.0735109448433, -12.5563592911, 11.6714735031, -17.6022014618, -4.81483125687, 8.95558452606, 22.3769207001, 62.9994239807, 28.7858963013], [-129.862564087, 18.9289150238, 12.3071508408, -3.01182889938, 3.2435734272, 3.31376218796, 3.50866341591, 1.03803551197, -2.7427482605, -0.114952594042, 15.0117492676, 28.7858963013, 65.9318466187]], "icov": [[0.000101045960037, -6.16228453509e-06, -1.73955540959e-05, -0.000120703967696, 8.39684726088e-05, -0.000151996035129, -1.82441617653e-05, -0.000142580262036, 0.000159972056281, -0.000196368098841, 7.16887952876e-05, 2.68472085736e-05, 0.000183520023711], [-6.16228453509e-06, 0.00288167060353, 0.00144798308611, -0.00186160812154, -7.80881327955e-06, 0.00100405793637, -0.00142137170769, -0.00049643102102, 0.00177266180981, -0.00229989807121, 0.000906981760636, -0.000146090969793, -0.00123440241441], [-1.73955540959e-05, 0.00144798308611, 0.00334312650375, -0.000849249830935, -0.00213188305497, -0.000911333947442, 0.000634319439996, -0.0014701570617, 0.000603647786193, -0.000698787334841, 0.00052445626352, 0.000326934619807, -0.0012109989766], [-0.000120703967696, -0.00186160812154, -0.000849249830935, 0.0052513955161, -0.000873516662978, -0.00129707262386, 0.00115954841021, 0.00105177401565, -0.0046321186237, 0.00361706409603, -0.00115862127859, 0.000580412044656, 0.000549036893062], [8.39684726088e-05, -7.80881327955e-06, -0.00213188305497, -0.000873516662978, 0.00762958126143, -0.00138703023549, -0.00151501537766, -0.00058165093651, 0.000633081770502, -0.00236757681705, 0.00237304787152, -0.00182505056728, 0.000588542199694], [-0.000151996035129, 0.00100405793637, -0.000911333947442, -0.00129707262386, -0.00138703023549, 0.011208511889, -0.00369319040328, -0.00328599335626, 0.00258108181879, 0.000989262014627, -0.00308914110065, 0.00207200390287, -0.000815801904537], [-1.82441617653e-05, -0.00142137170769, 0.000634319439996, 0.00115954841021, -0.00151501537766, -0.00369319040328, 0.0117934541777, -0.0018929092912, -0.00512019405141, 0.00214585661888, 0.000250758370385, -0.00365761830471, 0.00129961967468], [-0.000142580262036, -0.00049643102102, -0.0014701570617, 0.00105177401565, -0.00058165093651, -0.00328599335626, -0.0018929092912, 0.0101721920073, 0.00146557402331, -0.00232548406348, -0.000403257174185, 0.00309184752405, -0.00088265753584], [0.000159972056281, 0.00177266180981, 0.000603647786193, -0.0046321186237, 0.000633081770502, 0.00258108181879, -0.00512019405141, 0.00146557402331, 0.0113832876086, -0.00631467811763, 0.000436098518549, 0.00274757458828, -0.00126593955792], [-0.000196368098841, -0.00229989807121, -0.000698787334841, 0.00361706409603, -0.00236757681705, 0.000989262014627, 0.00214585661888, -0.00232548406348, -0.00631467811763, 0.016045505181, -0.00569185474887, -0.00138345663436, 0.0022236215882], [7.16887952876e-05, 0.000906981760636, 0.00052445626352, -0.00115862127859, 0.00237304787152, -0.00308914110065, 0.000250758370385, -0.000403257174185, 0.000436098518549, -0.00569185474887, 0.0177016891539, -0.00574377924204, -0.00175296142697], [2.68472085736e-05, -0.000146090969793, 0.000326934619807, 0.000580412044656, -0.00182505056728, 0.00207200390287, -0.00365761830471, 0.00309184752405, 0.00274757458828, -0.00138345663436, -0.00574377924204, 0.0248946063221, -0.00925741996616], [0.000183520023711, -0.00123440241441, -0.0012109989766, 0.000549036893062, 0.000588542199694, -0.000815801904537, 0.00129961967468, -0.00088265753584, -0.00126593955792, 0.0022236215882, -0.00175296142697, -0.00925741996616, 0.0204830933362]], "mean": [-644.593017578, 87.9528121948, -6.96161746979, 32.1709060669, -17.3007488251, -5.48506832123, -3.38035464287, -2.00125074387, 2.60996437073, 13.9687366486, 1.59739613533, -5.45318508148, -6.64405918121]}, "pitch_salience": {"dmean": 0.0622107572854, "dmean2": 0.101450696588, "dvar": 0.00352596468292, "dvar2": 0.00936938915402, "max": 0.970719158649, "mean": 0.595250606537, "median": 0.599431037903, "min": 0.207260012627, "var": 0.00879623088986}, "silence_rate_20dB": {"dmean": 0, "dmean2": 0, "dvar": 0, "dvar2": 0, "max": 1, "mean": 1, "median": 1, "min": 1, "var": 0}, "silence_rate_30dB": {"dmean": 0, "dmean2": 0, "dvar": 0, "dvar2": 0, "max": 1, "mean": 1, "median": 1, "min": 1, "var": 0}, "silence_rate_60dB": {"dmean": 0.0160398222506, "dmean2": 0.0320826023817, "dvar": 0.0157841276377, "dvar2": 0.0343726687133, "max": 1, "mean": 0.165360867977, "median": 0, "min": 0, "var": 0.13801689446}, "spectral_centroid": {"dmean": 276.072235107, "dmean2": 441.119934082, "dvar": 75577.7265625, "dvar2": 178152.0625, "max": 11466.4335938, "mean": 2141.69091797, "median": 2162.37353516, "min": 599.514221191, "var": 368889.125}, "spectral_complexity": {"dmean": 3.80438780785, "dmean2": 5.80602931976, "dvar": 17.668806076, "dvar2": 36.3422660828, "max": 59, "mean": 22.4802284241, "median": 23, "min": 0, "var": 165.44052124}, "spectral_contrast_coeffs": {"dmean": [0.0495316796005, 0.0420043691993, 0.0395458415151, 0.0286744944751, 0.0198929943144, 0.0188664477319], "dmean2": [0.081126511097, 0.0684591680765, 0.0623019263148, 0.046127051115, 0.0327305197716, 0.029472053051], "dvar": [0.00226938538253, 0.00119051488582, 0.00102369254455, 0.000537368527148, 0.000254212063737, 0.000365916872397], "dvar2": [0.00565152335912, 0.00310092791915, 0.00251652509905, 0.00132019526791, 0.000671369780321, 0.000754088570829], "max": [-0.224810346961, -0.475898981094, -0.491766929626, -0.589060664177, -0.613165080547, -0.536278665066], "mean": [-0.63260436058, -0.748393416405, -0.735874950886, -0.790236890316, -0.79232865572, -0.717231929302], "median": [-0.637907207012, -0.752517521381, -0.743026852608, -0.795935511589, -0.792917668819, -0.717140376568], "min": [-0.975908458233, -0.975678920746, -0.985657513142, -0.968422949314, -0.968907356262, -0.962319433689], "var": [0.00724717089906, 0.00435595307499, 0.00486032385379, 0.00265831965953, 0.0016021967167, 0.00306786759757]}, "spectral_contrast_valleys": {"dmean": [0.415525048971, 0.295652240515, 0.276469707489, 0.237194254994, 0.187025949359, 0.271365791559], "dmean2": [0.692203223705, 0.490038186312, 0.444429308176, 0.374000221491, 0.285356372595, 0.350931912661], "dvar": [0.163395211101, 0.0700459256768, 0.062361612916, 0.0553076826036, 0.0505093075335, 0.129394635558], "dvar2": [0.388217389584, 0.158812150359, 0.128165304661, 0.104742221534, 0.0851743370295, 0.21079698205], "max": [-5.37507677078, -4.8946928978, -5.639793396, -5.9693145752, -5.61789751053, -7.56845760345], "mean": [-8.0507516861, -6.84448003769, -7.6463932991, -7.85328865051, -7.11540222168, -10.161898613], "median": [-7.45560503006, -6.59217834473, -7.40173625946, -7.61323547363, -6.83902072906, -9.74258708954], "min": [-27.8906097412, -27.8742599487, -27.2801055908, -27.5050182343, -27.4065093994, -27.3084831238], "var": [2.71838474274, 1.49740731716, 1.66956400871, 1.65662646294, 1.77560210228, 2.69864034653]}, "spectral_decrease": {"dmean": 1.59746393891e-09, "dmean2": 2.56494558926e-09, "dvar": 7.63679694007e-18, "dvar2": 1.99111373167e-17, "max": 1.52829594806e-28, "mean": -4.40026148851e-09, "median": -3.91707466463e-09, "min": -3.32956844318e-08, "var": 1.33999677542e-17}, "spectral_energy": {"dmean": 0.00643258867785, "dmean2": 0.0102041661739, "dvar": 0.000119192358397, "dvar2": 0.000305741123157, "max": 0.135270103812, "mean": 0.0188779104501, "median": 0.0168760027736, "min": 1.00878924695e-20, "var": 0.000234989347518}, "spectral_energyband_high": {"dmean": 0.000640456448309, "dmean2": 0.000891464704182, "dvar": 7.91056265825e-07, "dvar2": 1.45938531659e-06, "max": 0.0171665847301, "mean": 0.00200669420883, "median": 0.00134119717404, "min": 7.28639652467e-21, "var": 4.87096303914e-06}, "spectral_energyband_low": {"dmean": 0.00244128587656, "dmean2": 0.00426567858085, "dvar": 3.52698662027e-05, "dvar2": 9.93257053779e-05, "max": 0.0682336390018, "mean": 0.00348577392288, "median": 0.00251804571599, "min": 1.2341174293e-23, "var": 2.78909246845e-05}, "spectral_energyband_middle_high": {"dmean": 0.0011670908425, "dmean2": 0.0017530338373, "dvar": 2.76311652669e-06, "dvar2": 6.28772886557e-06, "max": 0.0365675091743, "mean": 0.0041189850308, "median": 0.00336675392464, "min": 1.20508280099e-21, "var": 1.43559045682e-05}, "spectral_energyband_middle_low": {"dmean": 0.00442101387307, "dmean2": 0.00700567290187, "dvar": 7.31798791094e-05, "dvar2": 0.000189839978702, "max": 0.111473985016, "mean": 0.0101689705625, "median": 0.00801961962134, "min": 2.35610891476e-22, "var": 0.000107056745037}, "spectral_entropy": {"dmean": 0.0966885536909, "dmean2": 0.141511335969, "dvar": 0.00927184708416, "dvar2": 0.0178489647806, "max": 9.80554771423, "mean": 7.86121368408, "median": 7.86248493195, "min": 6.99524593353, "var": 0.0492689087987}, "spectral_flux": {"dmean": 0.0186826270074, "dmean2": 0.0289011392742, "dvar": 0.000688996107783, "dvar2": 0.00154712295625, "max": 0.30621278286, "mean": 0.0693476647139, "median": 0.0651467591524, "min": 6.73448311006e-11, "var": 0.00184151832946}, "spectral_kurtosis": {"dmean": 0.826840817928, "dmean2": 1.41978430748, "dvar": 0.841588497162, "dvar2": 2.5828397274, "max": 12.9806890488, "mean": 2.41464614868, "median": 2.24607205391, "min": -1.23344779015, "var": 1.70095801353}, "spectral_rms": {"dmean": 0.00062273920048, "dmean2": 0.0009563958738, "dvar": 7.59442912113e-07, "dvar2": 1.87784610262e-06, "max": 0.0114878565073, "mean": 0.0038682022132, "median": 0.0040576341562, "min": 3.13717172899e-12, "var": 3.45453463524e-06}, "spectral_rolloff": {"dmean": 753.638427734, "dmean2": 1259.57470703, "dvar": 860231, "dvar2": 2092843.75, "max": 19358.3496094, "mean": 2902.90698242, "median": 3057.71484375, "min": 172.265625, "var": 2390878.5}, "spectral_skewness": {"dmean": 0.146377250552, "dmean2": 0.232955083251, "dvar": 0.0194704011083, "dvar2": 0.0483053959906, "max": 2.65993189812, "mean": 0.938697814941, "median": 0.959622561932, "min": -0.281045943499, "var": 0.108341619372}, "spectral_spread": {"dmean": 429925.625, "dmean2": 618285.5, "dvar": 445749264384, "dvar2": 754854526976, "max": 41474028, "mean": 4628843, "median": 4573198, "min": 1898019.25, "var": 2488033345540.0}, "spectral_strongpeak": {"dmea