{"lowlevel": {"average_loudness": 0.87940466404, "barkbands": {"dmean": [6.30185022601e-05, 0.00455737067387, 0.00620937347412, 0.00286110094748, 0.00116762099788, 0.00142515322659, 0.000469951832201, 0.000475024542538, 0.0016112618614, 0.00111396249849, 0.000910262344405, 0.000801620888524, 0.000559206644539, 0.000560046522878, 0.000239631233853, 0.000240137625951, 0.000196127570234, 0.000156898517162, 0.000136289134389, 0.000135098176543, 9.33558403631e-05, 5.3222389397e-05, 4.10333013861e-05, 2.30483528867e-05, 4.76284640172e-06, 1.88887054264e-06, 4.68744474347e-06], "dmean2": [9.83482896117e-05, 0.00780526315793, 0.0103901363909, 0.00504868663847, 0.00196148944087, 0.00228295032866, 0.000747637590393, 0.000727920560166, 0.00242355233058, 0.00172849569935, 0.00144978531171, 0.00124022061937, 0.00091051106574, 0.000876369012985, 0.000385503313737, 0.000387560430681, 0.000318097329, 0.000256972445641, 0.00021984904015, 0.000219336201553, 0.000154857509187, 8.63856548676e-05, 6.37766934233e-05, 3.60189260391e-05, 7.38005201129e-06, 2.89388822239e-06, 7.19008357919e-06], "dvar": [9.98695171006e-09, 0.00017614538956, 0.00021949566144, 6.53112510918e-05, 5.72534509047e-06, 1.00562619991e-05, 9.87543785413e-07, 1.59834644364e-06, 1.34556003104e-05, 6.7675050559e-06, 5.30893703399e-06, 4.81568031319e-06, 2.58540717368e-06, 1.66198969964e-06, 3.62768872719e-07, 2.861227415e-07, 1.40905783041e-07, 5.61388482367e-08, 4.02299100699e-08, 4.91874629915e-08, 3.1656032462e-08, 3.01432052652e-08, 2.23282885514e-08, 2.19224212117e-08, 7.17898684943e-10, 2.59441496064e-11, 1.04148120683e-10], "dvar2": [2.35422312755e-08, 0.000470964994747, 0.000574639707338, 0.000179348920938, 1.58925759024e-05, 2.4992348699e-05, 2.45105297836e-06, 3.7529432575e-06, 2.87420789391e-05, 1.59843712026e-05, 1.246861666e-05, 1.13288042485e-05, 6.23462437943e-06, 3.79121365768e-06, 8.2985144445e-07, 6.61731121454e-07, 3.49488061602e-07, 1.40617856914e-07, 9.79895062869e-08, 1.17124415056e-07, 7.82759457252e-08, 7.10822902761e-08, 4.53222526176e-08, 5.4337853328e-08, 1.74147640752e-09, 5.99636243437e-11, 2.40256925466e-10], "max": [0.00178162171505, 0.153320074081, 0.1315074265, 0.109127350152, 0.0388511866331, 0.0654109120369, 0.0193315707147, 0.0368002615869, 0.0787968188524, 0.0536728426814, 0.0542580336332, 0.0464798770845, 0.051784016192, 0.0300360023975, 0.0173567086458, 0.01590876095, 0.00857642292976, 0.007090437226, 0.00450270622969, 0.00680651748553, 0.00477550923824, 0.00538326846436, 0.00529392343014, 0.00510582793504, 0.00134573411196, 0.000162414769875, 0.000133000110509], "mean": [0.000109107095341, 0.00419598026201, 0.00629728194326, 0.00254486501217, 0.00199129316024, 0.00264699128456, 0.000792700331658, 0.000828955497127, 0.00277660111897, 0.001721824985, 0.00143814145122, 0.00133930391166, 0.000866516667884, 0.00100706377998, 0.000380335986847, 0.000405603437684, 0.000359522062354, 0.000297216378385, 0.000268250878435, 0.000296028912999, 0.000180574541446, 9.66372317635e-05, 7.53242784413e-05, 3.57126336894e-05, 7.56733561502e-06, 2.39882365349e-06, 5.25181849298e-06], "median": [5.09229066665e-05, 0.000937728909776, 0.00132643245161, 0.000515476567671, 0.00107415730599, 0.00100517924875, 0.000341515027685, 0.000281763146631, 0.000834358099382, 0.00049984047655, 0.000320917140925, 0.000241066954914, 0.000250800105277, 0.000331176328473, 0.000162844604347, 0.000192928797333, 0.000178001151653, 0.000193392392248, 0.000171383217094, 0.000203466595849, 0.000121857199701, 5.86967908021e-05, 3.80837045668e-05, 1.36628277687e-05, 3.08019889417e-06, 6.16334546066e-07, 7.04448382294e-07], "min": [8.38420006908e-25, 4.06769262687e-24, 1.60373390715e-24, 2.03172329153e-24, 1.93226430024e-23, 1.14434111398e-23, 2.07394277219e-23, 1.16458139154e-23, 1.47130999635e-23, 2.94161877045e-23, 2.97567547345e-23, 2.91483820489e-23, 2.63875850285e-23, 4.51400472573e-23, 4.19978186343e-23, 7.917500294e-23, 7.44990267689e-23, 1.29656711376e-22, 1.21283691241e-22, 1.78610819069e-22, 2.34959708887e-22, 3.34785323277e-22, 4.48197495349e-22, 5.29642322482e-22, 8.93480572483e-22, 1.44415374999e-21, 2.14239657482e-21], "var": [2.23571916536e-08, 0.000131688735564, 0.000194892243599, 4.57914284198e-05, 7.5279867815e-06, 2.72459219559e-05, 1.69994666521e-06, 3.5261030007e-06, 3.3604024793e-05, 1.33806961458e-05, 1.12892084871e-05, 1.13077003334e-05, 4.70747818326e-06, 4.13669022237e-06, 6.04097976975e-07, 5.49031994979e-07, 3.06531745764e-07, 1.32860606072e-07, 9.86339045994e-08, 1.37929092148e-07, 4.9496904353e-08, 4.13808720623e-08, 5.11816047322e-08, 3.23456994522e-08, 7.98614008257e-10, 3.05904086784e-11, 1.21904972228e-10]}, "barkbands_crest": {"dmean": 2.78067708015, "dmean2": 4.43285036087, "dvar": 6.4227013588, "dvar2": 15.3593626022, "max": 26.4564838409, "mean": 9.68730449677, "median": 8.88335514069, "min": 2.49727034569, "var": 15.3243017197}, "barkbands_flatness_db": {"dmean": 0.0211719162762, "dmean2": 0.0331448987126, "dvar": 0.000503757968545, "dvar2": 0.00124865700491, "max": 0.391334235668, "mean": 0.129948049784, "median": 0.125804692507, "min": 0.0238805674016, "var": 0.00124405452516}, "barkbands_kurtosis": {"dmean": 3.00636196136, "dmean2": 4.87411308289, "dvar": 38.7830276489, "dvar2": 94.9841384888, "max": 131.604629517, "mean": 3.25509977341, "median": 1.37310695648, "min": -1.87584531307, "var": 45.9995384216}, "barkbands_skewness": {"dmean": 0.602216601372, "dmean2": 0.912050008774, "dvar": 0.558578014374, "dvar2": 1.26289153099, "max": 8.30924129486, "mean": 1.22385585308, "median": 1.06674206257, "min": -3.13570976257, "var": 1.39543426037}, "barkbands_spread": {"dmean": 4.94680404663, "dmean2": 7.699177742, "dvar": 29.3988361359, "dvar2": 65.8026199341, "max": 92.1032333374, "mean": 19.2397193909, "median": 18.2278766632, "min": 0.553759336472, "var": 87.7866210938}, "dissonance": {"dmean": 0.0207368806005, "dmean2": 0.0352013558149, "dvar": 0.000364359264495, "dvar2": 0.00100690405816, "max": 0.500000059605, "mean": 0.459877163172, "median": 0.465527415276, "min": 0.249299198389, "var": 0.000715746369679}, "dynamic_complexity": 3.28588843346, "erbbands": {"dmean": [0.0499989315867, 1.31583309174, 6.11223506927, 9.66802978516, 5.63104009628, 3.56169033051, 6.47958374023, 13.012257576, 8.00878334045, 8.45274543762, 13.064031601, 31.3360042572, 42.8369560242, 25.4842395782, 34.5021438599, 32.3246269226, 23.0097236633, 26.5426101685, 16.4236869812, 11.5454101562, 12.5972414017, 10.6043958664, 6.21191072464, 8.00068569183, 6.12836027145, 6.5810379982, 4.92741632462, 2.75445771217, 1.7858684063, 1.78991675377, 1.06070625782, 0.631387174129, 0.307092934847, 0.0877614617348, 0.0185129828751, 0.00557579752058, 0.00405775522813, 0.00212792097591, 0.000714452005923, 8.17035252112e-05], "dmean2": [0.0855055078864, 2.23323392868, 10.2019052505, 16.3816814423, 9.9362859726, 5.85007858276, 10.5349702835, 20.7473812103, 12.4449882507, 12.8449516296, 19.7611598969, 47.2749404907, 64.2704238892, 39.3539505005, 53.8289451599, 50.1057434082, 36.875377655, 41.8255195618, 25.7334060669, 18.5911140442, 20.234998703, 17.0481338501, 10.0236816406, 12.8582715988, 9.99277305603, 10.7307310104, 8.16384506226, 4.51443386078, 2.89052581787, 2.85301351547, 1.6453012228, 0.982279658318, 0.484756171703, 0.137144774199, 0.0277984831482, 0.00831933971494, 0.0062771034427, 0.00323540787213, 0.0010919875931, 0.000125754319015], "dvar": [0.0203197803348, 13.8654356003, 210.895080566, 630.758972168, 240.502761841, 44.4601974487, 205.230880737, 988.832519531, 320.114624023, 383.852355957, 1358.22314453, 6690.16650391, 8310.83203125, 3761.93798828, 6492.43164062, 7469.64599609, 4031.20288086, 3928.29418945, 1841.20605469, 615.827880859, 905.261535645, 355.404937744, 98.2761383057, 148.581176758, 77.6555252075, 117.258842468, 72.1514358521, 46.0235404968, 36.2667236328, 32.0673751831, 17.4234218597, 12.5936450958, 4.53741502762, 0.342334777117, 0.00542346294969, 0.000245603907388, 0.000165120756719, 2.94445035252e-05, 2.49668437391e-06, 2.56098342533e-08], "dvar2": [0.0548642724752, 36.714630127, 553.562255859, 1665.61462402, 680.877868652, 118.825004578, 548.31072998, 2389.34887695, 709.815734863, 845.08380127, 2996.47680664, 14449.0917969, 17544.2695312, 8816.90332031, 15811.5595703, 18053.296875, 9881.49414062, 8841.00878906, 4205.31835938, 1478.98999023, 2095.33837891, 883.368408203, 241.908752441, 355.547912598, 192.782714844, 287.079406738, 182.632461548, 112.975669861, 84.277557373, 73.3979721069, 36.0847396851, 29.0793819427, 11.7490367889, 0.849911928177, 0.0128951473162, 0.000542542664334, 0.000393452122808, 6.52894741506e-05, 5.77614446229e-06, 5.97902953814e-08], "max": [1.77521038055, 42.2416915894, 148.851959229, 282.810241699, 317.90838623, 145.221725464, 353.281707764, 672.866271973, 642.813476562, 601.219116211, 1123.40808105, 2475.78149414, 1809.48254395, 1468.92700195, 1789.63342285, 1749.68566895, 2410.56835938, 1767.88916016, 1413.86523438, 884.759216309, 727.973449707, 428.446228027, 321.152709961, 324.471313477, 144.450912476, 281.684387207, 196.421813965, 244.147354126, 212.192092896, 168.362335205, 161.062545776, 139.18939209, 89.9467926025, 30.4758529663, 3.32878470421, 0.416986465454, 0.509355247021, 0.160044372082, 0.0230185836554, 0.00196504546329], "mean": [0.0481757111847, 1.24640655518, 6.38932800293, 9.05633926392, 6.93651866913, 6.21295118332, 11.2927455902, 23.4252948761, 14.8739376068, 16.2106151581, 23.139421463, 53.2866325378, 74.3632583618, 46.3469543457, 58.6258773804, 58.1862411499, 40.3136405945, 48.6477355957, 30.3734073639, 20.6351852417, 22.7638130188, 21.1905460358, 13.365896225, 16.6913585663, 13.4581327438, 14.3698406219, 10.0357275009, 5.10130262375, 3.35255527496, 3.11789131165, 1.96553504467, 1.05837154388, 0.448528796434, 0.135794699192, 0.0305224712938, 0.00809617619962, 0.00475549185649, 0.00255876686424, 0.000832103542052, 0.000108859923785], "median": [0.0133696896955, 0.296165674925, 1.51183509827, 1.7956250906, 2.87386512756, 3.31079220772, 4.89271020889, 8.33735370636, 6.57655715942, 6.23008298874, 9.04661560059, 16.5155086517, 22.6268024445, 14.9078197479, 15.3295383453, 14.1559848785, 13.4498233795, 17.6657028198, 10.3507833481, 10.4662237167, 10.4190006256, 11.2446680069, 8.62874412537, 11.1732759476, 9.59718704224, 9.82175254822, 6.72464036942, 3.34714984894, 2.02115321159, 1.71633696556, 0.966929912567, 0.440868735313, 0.159488260746, 0.052325066179, 0.0124611258507, 0.00271521951072, 0.00102915638126, 0.000477289810078, 0.000134396366775, 4.74262596981e-05], "min": [1.41302406174e-22, 4.64879846145e-22, 2.27142382568e-21, 1.10584976377e-20, 2.27719963047e-20, 4.79807697587e-20, 8.82138815568e-20, 1.34970414315e-19, 1.78101420912e-19, 1.8639634932e-19, 2.98959823784e-19, 3.14469511968e-19, 7.00609933015e-19, 1.12524728807e-18, 1.38257976452e-18, 1.53754512464e-18, 1.25121210951e-18, 2.79347723012e-18, 2.80242835833e-18, 4.28013523745e-18, 4.24744175092e-18, 4.75906743545e-18, 7.63270074167e-18, 8.69081363764e-18, 6.75510802028e-18, 7.81410806745e-18, 9.82932766196e-18, 9.45044585419e-18, 9.84308284837e-18, 1.06239719523e-17, 1.26823984989e-17, 1.13901273152e-17, 1.06042916712e-17, 8.45953062965e-18, 6.48598935748e-18, 4.25559527022e-18, 2.27574302357e-18, 1.07030026492e-18, 2.97832247362e-19, 3.16105746306e-20], "var": [0.0154607538134, 10.6225194931, 185.289535522, 501.04699707, 178.962203979, 74.5528411865, 410.197174072, 2681.79101562, 939.749450684, 1298.37902832, 2967.24804688, 14645.3525391, 22083.7929688, 9410.90820312, 13762.640625, 17282.0488281, 7866.50048828, 9432.171875, 5227.37402344, 1100.11108398, 1835.09277344, 894.92791748, 260.034301758, 377.180664062, 188.919754028, 309.02822876, 130.79397583, 59.9650611877, 48.8444404602, 53.4830360413, 39.0392875671, 25.3571510315, 5.25294780731, 0.355095237494, 0.00690838508308, 0.000378568627639, 0.000172172716702, 3.75413656002e-05, 2.97447513731e-06, 2.85442229853e-08]}, "erbbands_crest": {"dmean": 2.85190296173, "dmean2": 4.57031059265, "dvar": 6.92747354507, "dvar2": 17.0523223877, "max": 31.564540863, "mean": 9.78694629669, "median": 8.80059337616, "min": 2.47994351387, "var": 20.8086357117}, "erbbands_flatness_db": {"dmean": 0.0183022618294, "dmean2": 0.0258804317564, "dvar": 0.000308560178382, "dvar2": 0.000594264129177, "max": 0.397996634245, "mean": 0.177912041545, "median": 0.173327147961, "min": 0.0264507867396, "var": 0.00172232941259}, "erbbands_kurtosis": {"dmean": 0.930009424686, "dmean2": 1.43479776382, "dvar": 1.82969200611, "dvar2": 3.82958054543, "max": 55.2537460327, "mean": 0.659627020359, "median": -0.10356593132, "min": -1.85219681263, "var": 5.74042034149}, "erbbands_skewness": {"dmean": 0.358009934425, "dmean2": 0.552254140377, "dvar": 0.111004501581, "dvar2": 0.244943991303, "max": 6.77559375763, "mean": 0.417789965868, "median": 0.351475507021, "min": -3.63739490509, "var": 0.485547065735}, "erbbands_spread": {"dmean": 7.53491163254, "dmean2": 11.4579172134, "dvar": 67.650642395, "dvar2": 154.823272705, "max": 123.774986267, "mean": 33.5100479126, "median": 31.9560661316, "min": 2.52216720581, "var": 277.182861328}, "gfcc": {"cov": [[11896.0078125, 575.618347168, -629.521972656, 281.285095215, -239.389068604, 81.734992981, -100.864898682, -31.9275588989, -95.0847244263, -150.576156616, -78.639755249, -140.322494507, -119.780380249], [575.618347168, 676.698669434, -26.2971096039, 171.574371338, 115.327972412, -22.048034668, 38.493396759, -14.0034170151, -0.811709523201, -53.7773780823, -19.5968589783, -58.9089927673, -1.20994400978], [-629.521972656, -26.2971096039, 866.220947266, 162.192367554, 178.100479126, -110.076553345, -12.6495361328, 2.71348381042, 43.3346405029, -8.43978977203, -69.9442596436, 2.65617775917, -63.7594642639], [281.285095215, 171.574371338, 162.192367554, 434.338409424, 60.747013092, 11.8107948303, -46.413608551, -9.82121372223, 13.9379014969, -43.8525085449, -23.9450283051, -31.0188159943, -29.1169624329], [-239.389068604, 115.327972412, 178.100479126, 60.747013092, 273.977325439, 38.898475647, 80.2356948853, -30.1499099731, -3.02434325218, -10.177397728, -33.1553344727, -2.37209177017, -42.6914596558], [81.734992981, -22.048034668, -110.076553345, 11.8107948303, 38.898475647, 256.173950195, 81.0898513794, -10.6483440399, -41.8542289734, -5.69512271881, 0.77514976263, -27.7365207672, -7.4400434494], [-100.864898682, 38.493396759, -12.6495361328, -46.413608551, 80.2356948853, 81.0898513794, 161.460800171, 9.3275604248, 1.81843924522, -5.00440406799, -10.692237854, -4.40948104858, -21.1130962372], [-31.9275588989, -14.0034170151, 2.71348381042, -9.82121372223, -30.1499099731, -10.6483440399, 9.3275604248, 128.840530396, 45.4398612976, 1.74114751816, -7.8492474556, -0.678864002228, 30.9668807983], [-95.0847244263, -0.811709523201, 43.3346405029, 13.9379014969, -3.02434325218, -41.8542289734, 1.81843924522, 45.4398612976, 103.701568604, 19.2715797424, -10.1235399246, 6.61918449402, 0.411527901888], [-150.576156616, -53.7773780823, -8.43978977203, -43.8525085449, -10.177397728, -5.69512271881, -5.00440406799, 1.74114751816, 19.2715797424, 79.8061065674, 41.4076881409, 11.7141542435, -4.62198781967], [-78.639755249, -19.5968589783, -69.9442596436, -23.9450283051, -33.1553344727, 0.77514976263, -10.692237854, -7.8492474556, -10.1235399246, 41.4076881409, 97.6850585938, 30.1532688141, 10.2986402512], [-140.322494507, -58.9089927673, 2.65617775917, -31.0188159943, -2.37209177017, -27.7365207672, -4.40948104858, -0.678864002228, 6.61918449402, 11.7141542435, 30.1532688141, 81.0365905762, 27.4581127167], [-119.780380249, -1.20994400978, -63.7594642639, -29.1169624329, -42.6914596558, -7.4400434494, -21.1130962372, 30.9668807983, 0.411527901888, -4.62198781967, 10.2986402512, 27.4581127167, 91.3950500488]], "icov": [[0.000101521422039, -9.95392838377e-05, 7.62312847655e-05, -3.7779143895e-05, 0.000124745143694, -4.24903082603e-05, 8.95947378012e-05, -6.04723391007e-05, 7.92527789599e-05, 7.51515908632e-05, 0.000125968421344, -7.98478868091e-05, 0.000282114604488], [-9.95392838377e-05, 0.00234966911376, 0.000363535538781, -0.000825774448458, -0.00126974342857, 0.00112223019823, -0.000956006755587, 0.000421575561631, -0.00030605631764, 0.00104462623131, -0.00108550093137, 0.00228719832376, -0.00148488092236], [7.62312847655e-05, 0.000363535538781, 0.0018362402916, -0.000674494775012, -0.00111762015149, 0.0009192993748, 0.000188470527064, -0.000396556133637, 7.23064367776e-05, -0.000298428756651, 0.00101052469108, -0.00026015235926, 0.00085040263366], [-3.7779143895e-05, -0.000825774448458, -0.000674494775012, 0.00346841523424, -0.000335764343617, -0.00121017522179, 0.00204137805849, -2.32421498367e-05, -0.00120589055587, 0.00194980611559, -0.000815416336991, 0.00017159053823, 0.000942456244957], [0.000124745143694, -0.00126974342857, -0.00111762015149, -0.000335764343617, 0.00649222033098, -0.00094869825989, -0.00235353852622, 0.00101681740489, 0.000560271670111, -0.00109232286923, 0.00204308144748, -0.00228604115546, 0.00172598403879], [-4.24903082603e-05, 0.00112223019823, 0.0009192993748, -0.00121017522179, -0.00094869825989, 0.00630007125437, -0.00344046601094, 0.000100703247881, 0.00217688805424, -0.000566591450479, -0.000415515038185, 0.0027068934869, -0.00134910701308], [8.95947378012e-05, -0.000956006755587, 0.000188470527064, 0.00204137805849, -0.00235353852622, -0.00344046601094, 0.010518334806, -0.00184936460573, -0.00126642861869, 0.00145759503357, 0.000190318751265, -0.00169292243663, 0.00313018611632], [-6.04723391007e-05, 0.000421575561631, -0.000396556133637, -2.32421498367e-05, 0.00101681740489, 0.000100703247881, -0.00184936460573, 0.0109894657508, -0.00483674230054, 0.000555892824195, -0.000157851245604, 0.00219988566823, -0.00461852317676], [7.92527789599e-05, -0.00030605631764, 7.23064367776e-05, -0.00120589055587, 0.000560271670111, 0.00217688805424, -0.00126642861869, -0.00483674230054, 0.0143940430135, -0.00546935806051, 0.00372850219719, -0.00215674564242, 0.00143766333349], [7.51515908632e-05, 0.00104462623131, -0.000298428756651, 0.00194980611559, -0.00109232286923, -0.000566591450479, 0.00145759503357, 0.000555892824195, -0.00546935806051, 0.0204479284585, -0.00966311525553, 0.00202936981805, 0.00165520247538], [0.000125968421344, -0.00108550093137, 0.00101052469108, -0.000815416336991, 0.00204308144748, -0.000415515038185, 0.000190318751265, -0.000157851245604, 0.00372850219719, -0.00966311525553, 0.017849098891, -0.00693933665752, 0.0011819320498], [-7.98478868091e-05, 0.00228719832376, -0.00026015235926, 0.00017159053823, -0.00228604115546, 0.0027068934869, -0.00169292243663, 0.00219988566823, -0.00215674564242, 0.00202936981805, -0.00693933665752, 0.0196246225387, -0.00718672759831], [0.000282114604488, -0.00148488092236, 0.00085040263366, 0.000942456244957, 0.00172598403879, -0.00134910701308, 0.00313018611632, -0.00461852317676, 0.00143766333349, 0.00165520247538, 0.0011819320498, -0.00718672759831, 0.0172726511955]], "mean": [-12.7022352219, 104.367393494, -138.966293335, 31.9833335876, -56.4436798096, 4.46658468246, -17.6760253906, -5.23403739929, -15.3768348694, -9.92888641357, -8.59799385071, -7.25587701797, -7.83778762817]}, "hfc": {"dmean": 5.96853590012, "dmean2": 8.80941963196, "dvar": 58.8504714966, "dvar2": 125.479911804, "max": 117.680915833, "mean": 20.645986557, "median": 17.1346321106, "min": 1.08017075888e-16, "var": 246.160751343}, "melbands": {"dmean": [0.000863585853949, 0.0027388620656, 0.00153101747856, 0.00030007190071, 0.00020384680829, 0.000282481720205, 0.000118322481285, 9.40849640756e-05, 0.000122510129586, 0.000218671135372, 0.000217245775275, 0.00010801794997, 0.000130885222461, 9.84627040452e-05, 8.2256992755e-05, 3.94530652557e-05, 5.35370709258e-05, 3.22313462675e-05, 1.66931549757e-05, 1.42344451888e-05, 1.72885193024e-05, 1.23525196614e-05, 7.45815259506e-06, 7.29567591407e-06, 6.87554529577e-06, 6.25267512078e-06, 4.68195730718e-06, 4.80220660393e-06, 3.35659160555e-06, 2.15959676098e-06, 1.66353140685e-06, 1.02952287762e-06, 1.20246227198e-06, 9.74829049483e-07, 6.80856942381e-07, 5.02259467794e-07, 3.66725913636e-07, 2.47568834766e-07, 1.36191161459e-07, 5.64529756275e-08], "dmean2": [0.00147591356654, 0.0045284521766, 0.00259287771769, 0.000514374230988, 0.000329236441758, 0.000450185529189, 0.000183750191354, 0.000142091274029, 0.000186708042747, 0.000328554451698, 0.000327201414621, 0.000167892154423, 0.000207898832741, 0.000151365195052, 0.000129980689962, 6.40148573439e-05, 8.41942892293e-05, 5.08128978254e-05, 2.68256044365e-05, 2.27822820307e-05, 2.81476568489e-05, 1.99226196855e-05, 1.21486073112e-05, 1.1927464584e-05, 1.10536084321e-05, 1.02672229332e-05, 7.63769548939e-06, 7.92167611507e-06, 5.52520305064e-06, 3.59873297384e-06, 2.76478567685e-06, 1.66642314525e-06, 1.97329632101e-06, 1.54763745286e-06, 1.06928291643e-06, 8.05747220056e-07, 5.78334379497e-07, 4.00521741994e-07, 2.19842462457e-07, 8.77393659948e-08], "dvar": [6.36715731162e-06, 4.246565004e-05, 1.53042728925e-05, 4.79939899378e-07, 1.69216136214e-07, 4.37613920212e-07, 6.71342945679e-08, 4.8683823195e-08, 1.34710873567e-07, 2.89580981416e-07, 2.11141852446e-07, 7.87621416976e-08, 1.05845728626e-07, 7.991855e-08, 6.07077836889e-08, 9.99236160482e-09, 1.69380545145e-08, 8.0903408417e-09, 1.95029370431e-09, 1.11304165884e-09, 1.71716163511e-09, 5.6735754983e-10, 1.58198759648e-10, 1.37612990447e-10, 1.18288143169e-10, 8.75980885051e-11, 6.75309044795e-11, 6.52550929958e-11, 3.56388564493e-11, 2.19071167457e-11, 1.74311190482e-11, 1.35921274236e-11, 1.19294053802e-11, 9.97301460165e-12, 5.6244340782e-12, 5.72587073241e-12, 5.27297563252e-12, 2.96292309264e-12, 1.29351108817e-12, 8.58501095734e-14], "dvar2": [1.70499097294e-05, 0.000109172113298, 4.05822902394e-05, 1.35105324262e-06, 4.49917877177e-07, 1.06340326056e-06, 1.51152775629e-07, 1.09082932909e-07, 2.91043363632e-07, 6.15582223418e-07, 4.52159554243e-07, 1.8721200945e-07, 2.52767051734e-07, 1.81266415211e-07, 1.52058049707e-07, 2.46963409722e-08, 3.7734718461e-08, 1.86236963629e-08, 4.56712667685e-09, 2.65948818523e-09, 4.09210176855e-09, 1.40026845674e-09, 4.02672534205e-10, 3.53495566152e-10, 2.80784867579e-10, 2.27045909851e-10, 1.57414414836e-10, 1.64243812995e-10, 8.89580076269e-11, 5.50749584827e-11, 4.37838376666e-11, 3.24185921163e-11, 2.87693081163e-11, 2.27503259287e-11, 1.18851725336e-11, 1.21714808371e-11, 1.26174634976e-11, 7.81236360325e-12, 3.41825222641e-12, 2.00825819733e-13], "max": [0.0300133042037, 0.0650609284639, 0.0416193678975, 0.0125616341829, 0.00985824875534, 0.0133871370926, 0.00883409939706, 0.00634708069265, 0.0133565077558, 0.0151810664684, 0.00925685279071, 0.00710956845433, 0.0075875450857, 0.0066025275737, 0.0103766862303, 0.00314768496901, 0.00318917445838, 0.00307289743796, 0.00180994614493, 0.0012997998856, 0.000822490139399, 0.000586699869018, 0.000293149903882, 0.000245083938353, 0.00031952993595, 0.000148315244587, 0.000321324332617, 0.000190096441656, 0.000139467752888, 0.000151062966324, 0.000143787168781, 0.000130940577947, 9.91361885099e-05, 9.8192387668e-05, 9.33885603445e-05, 9.49538080022e-05, 8.44721216708e-05, 6.69729342917e-05, 6.24313543085e-05, 1.3286326066e-05], "mean": [0.000803527713288, 0.0028720817063, 0.00152815051842, 0.000458316062577, 0.000368409760995, 0.000520998495631, 0.000220254354645, 0.000178034300916, 0.000209467150853, 0.000371309433831, 0.000370032532373, 0.000183207594091, 0.000206348762731, 0.000168538914295, 0.000134049740154, 6.66177438688e-05, 9.17830402614e-05, 5.38042695553e-05, 2.70154450845e-05, 2.37918557104e-05, 2.85880214506e-05, 2.27586115216e-05, 1.39427775139e-05, 1.33686698973e-05, 1.33479688884e-05, 1.16853952932e-05, 9.10794369702e-06, 9.60916349868e-06, 6.50127230983e-06, 3.81934023608e-06, 2.80597578239e-06, 1.73340436049e-06, 2.03163472179e-06, 1.59519515819e-06, 1.20122444969e-06, 8.69205564413e-07, 5.56456086542e-07, 3.39745355404e-07, 1.92526840692e-07, 8.65773372993e-08], "median": [0.000199074216653, 0.0007140810485, 0.000407280516811, 0.000236115127336, 0.000169360690052, 0.000190542370547, 9.62553313002e-05, 6.57326600049e-05, 7.34186178306e-05, 0.000110168446554, 0.000104875478428, 4.72433057439e-05, 4.68088437628e-05, 3.45946646121e-05, 3.18279126077e-05, 2.53902053373e-05, 3.04524764942e-05, 1.38433861139e-05, 1.15456205094e-05, 1.05312210508e-05, 1.13446549221e-05, 1.09502479972e-05, 7.57520729167e-06, 8.3099148469e-06, 8.51602362673e-06, 7.25616837371e-06, 5.55459928364e-06, 5.86146916248e-06, 4.08388814321e-06, 2.37395306613e-06, 1.65064795965e-06, 9.25223901049e-07, 1.17898343888e-06, 7.89843682014e-07, 5.92562116708e-07, 3.78860676165e-07, 1.97314037109e-07, 1.11578678741e-07, 6.65139552325e-08, 3.45855113437e-08], "min": [2.3077112096e-24, 7.16935674023e-25, 2.29442836968e-24, 3.48051505612e-24, 3.27569599955e-24, 2.92453555367e-24, 3.08839044394e-24, 2.08828954881e-24, 1.88974390859e-24, 1.75949547896e-24, 2.73814034354e-24, 4.15686704132e-24, 3.78986725454e-24, 2.7708222592e-24, 4.30125895812e-24, 2.83175407273e-24, 5.06303669074e-24, 5.34218301067e-24, 4.41598102742e-24, 5.78886603192e-24, 4.57625547525e-24, 4.90198284833e-24, 3.99417512924e-24, 4.76357168049e-24, 6.04439030646e-24, 4.10812766472e-24, 3.24621666196e-24, 4.45145689118e-24, 5.65199866486e-24, 4.22399870993e-24, 6.05907771323e-24, 5.61884126329e-24, 5.70008092033e-24, 5.34622552837e-24, 5.69355309633e-24, 6.36866223118e-24, 5.86310375955e-24, 6.16645667078e-24, 5.97554838742e-24, 6.30318598718e-24], "var": [4.77381763631e-06, 3.74882401957e-05, 1.2233886082e-05, 5.0013005648e-07, 3.64335363656e-07, 1.23829897802e-06, 1.95069631559e-07, 1.56754808245e-07, 3.03519954059e-07, 6.63566083858e-07, 5.54407563413e-07, 1.81592568538e-07, 2.04007804427e-07, 1.9482523328e-07, 1.37753957574e-07, 1.72738765514e-08, 3.85802501057e-08, 2.22039506781e-08, 3.10750181143e-09, 2.07304196032e-09, 3.33754268667e-09, 1.2692883411e-09, 3.84610537862e-10, 2.80855505519e-10, 2.85513529485e-10, 1.89195992206e-10, 1.83503226503e-10, 1.58188989685e-10, 6.63160013015e-11, 2.98571341262e-11, 2.18195270879e-11, 1.71233652257e-11, 1.64727415736e-11, 1.72255282954e-11, 1.2046585951e-11, 1.27921024468e-11, 9.30771779095e-12, 3.36612205123e-12, 1.0978027298e-12, 1.02076157314e-13]}, "melbands_crest": {"dmean": 3.64340806007, "dmean2": 5.81632232666, "dvar": 11.3187637329, "dvar2": 27.4928836823, "max": 35.4821510315, "mean": 13.5192832947, "median": 12.6707725525, "min": 1.22954070568, "var": 26.5038757324}, "melbands_flatness_db": {"dmean": 0.0280755814165, "dmean2": 0.042859070003, "dvar": 0.000997529714368, "dvar2": 0.00231335032731, "max": 0.483058422804, "mean": 0.190747380257, "median": 0.184183657169, "min": 0.0036822988186, "var": 0.00272583309561}, "melbands_kurtosis": {"dmean": 7.56104326248, "dmean2": 12.1728439331, "dvar": 274.072387695, "dvar2": 671.164672852, "max": 245.260131836, "mean": 10.1397972107, "median": 4.73197031021, "min": -1.87112319469, "var": 318.413482666}, "melbands_skewness": {"dmean": 0.844772577286, "dmean2": 1.27205741405, "dvar": 1.19998598099, "dvar2": 2.70158696175, "max": 13.0145807266, "mean": 2.10418581963, "median": 1.79800868034, "min": -1.72851932049, "var": 2.92360115051}, "melbands_spread": {"dmean": 7.19650030136, "dmean2": 11.1140146255, "dvar": 95.8893814087, "dvar2": 206.141098022, "max": 227.150085449, "mean": 23.4290027618, "median": 20.9888324738, "min": 0.568860948086, "var": 260.690643311}, "mfcc": {"cov": [[6180.55566406, 521.695861816, -266.588500977, 157.206832886, -43.0522346497, 152.660522461, 26.1064605713, 98.9641723633, -59.0153083801, 55.5012245178, -10.6856126785, -5.0462179184, -66.8445892334], [521.695861816, 676.933959961, -49.1604042053, 140.18119812, 46.326423645, 31.009552002, 47.325717926, 21.8589897156, 25.7018470764, 26.8327312469, -14.4493703842, -22.047170639, 3.14591145515], [-266.588500977, -49.1604042053, 530.067871094, 203.745193481, 130.168701172, -17.0494632721, -44.1778717041, -8.74148845673, 28.6776256561, -13.6917333603, 13.7518815994, 13.1153278351, -23.3068618774], [157.206832886, 140.18119812, 203.745193481, 395.323699951, 147.338256836, 9.31426525116, -48.0314216614, 17.0987892151, 21.0156879425, -17.7821407318, 8.88324260712, 19.2880992889, -24.3680534363], [-43.0522346497, 46.326423645, 130.168701172, 147.338256836, 185.821044922, 44.7171401978, 5.6866812706, 12.4873285294, 22.9319190979, -9.61703681946, 1.03801298141, -2.26099729538, -5.70888757706], [152.660522461, 31.009552002, -17.0494632721, 9.31426525116, 44.7171401978, 241.983505249, 100.380775452, 47.3505783081, -7.87375259399, 7.06094741821, 16.8502464294, -11.123509407, -20.5074672699], [26.1064605713, 47.325717926, -44.1778717041, -48.0314216614, 5.6866812706, 100.380775452, 165.843063354, 42.1276512146, -6.28094625473, 11.2088956833, 11.1271419525, -18.4298400879, -11.2752132416], [98.9641723633, 21.8589897156, -8.74148845673, 17.0987892151, 12.4873285294, 47.3505783081, 42.1276512146, 113.404373169, 49.2996902466, 14.034029007, -3.43404126167, -3.66836261749, -1.68253958225], [-59.0153083801, 25.7018470764, 28.6776256561, 21.0156879425, 22.9319190979, -7.87375259399, -6.28094625473, 49.2996902466, 110.566329956, 36.1861000061, -12.6411113739, -13.8574295044, -0.449374675751], [55.5012245178, 26.8327312469, -13.6917333603, -17.7821407318, -9.61703681946, 7.06094741821, 11.2088956833, 14.034029007, 36.1861000061, 83.9753952026, 25.7292232513, -7.75359535217, -10.3846416473], [-10.6856126785, -14.4493703842, 13.7518815994, 8.88324260712, 1.03801298141, 16.8502464294, 11.1271419525, -3.43404126167, -12.6411113739, 25.7292232513, 80.9005966187, 29.4087772369, -11.5937175751], [-5.0462179184, -22.047170639, 13.1153278351, 19.2880992889, -2.26099729538, -11.123509407, -18.4298400879, -3.66836261749, -13.8574295044, -7.75359535217, 29.4087772369, 82.2089080811, 26.7307300568], [-66.8445892334, 3.14591145515, -23.3068618774, -24.3680534363, -5.70888757706, -20.5074672699, -11.2752132416, -1.68253958225, -0.449374675751, -10.3846416473, -11.5937175751, 26.7307300568, 77.8493881226]], "icov": [[0.000192199353478, -0.000129799736897, 8.91343152034e-05, -8.67384806043e-05, 7.69021717133e-05, -0.000106414998299, 0.000143678305903, -0.000236566207604, 0.000293417193461, -0.000214002619032, 0.000166918442119, -0.000101690377051, 0.000196036111447], [-0.000129799736897, 0.00193859508727, 0.000410305423429, -0.00107095844578, 4.37976586909e-06, 0.000139687457704, -0.000923003652133, 0.000471258477774, -0.000359344790922, -0.000656613672618, 0.000363931292668, 0.00050494808238, -0.000697401817888], [8.91343152034e-05, 0.000410305423429, 0.00277372379787, -0.00111287611071, -0.00113201874774, 0.000263639551122, 4.6383436711e-05, 0.000464196287794, -0.000632053648587, 0.000209071367863, -0.000296894460917, -0.000204467214644, 0.000595433171839], [-8.67384806043e-05, -0.00107095844578, -0.00111287611071, 0.00510567286983, -0.00293741258793, 3.27837115037e-05, 0.00182386790402, -0.00119519745931, 0.000222262155148, 0.00104029953945, -0.000392510992242, -0.00134594459087, 0.00180907943286], [7.69021717133e-05, 4.37976586909e-06, -0.00113201874774, -0.00293741258793, 0.00915271788836, -0.00170399341732, -0.000785625830758, 0.000964708509855, -0.00187409389764, 0.00112248375081, -0.000337688514264, 0.0011159949936, -0.00135769613553], [-0.000106414998299, 0.000139687457704, 0.000263639551122, 3.27837115037e-05, -0.00170399341732, 0.00630512228236, -0.00307815126143, -0.00174137856811, 0.00123703829013, -0.00014991289936, -0.000676221912727, 0.000172451807884, 0.000871909491252], [0.000143678305903, -0.000923003652133, 4.6383436711e-05, 0.00182386790402, -0.000785625830758, -0.00307815126143, 0.00996854528785, -0.00341419014148, 0.0021176461596, -0.000300575426081, -0.00131264072843, 0.00161606445909, 0.00046871372615], [-0.000236566207604, 0.000471258477774, 0.000464196287794, -0.00119519745931, 0.000964708509855, -0.00174137856811, -0.00341419014148, 0.0140817081556, -0.00738674215972, 0.00109250168316, 0.000367557251593, -0.0011438364163, -0.000484848598717], [0.000293417193461, -0.000359344790922, -0.000632053648587, 0.000222262155148, -0.00187409389764, 0.00123703829013, 0.0021176461596, -0.00738674215972, 0.0163634829223, -0.00766467163339, 0.00383489672095, 0.000961356679909, -0.000204650321393], [-0.000214002619032, -0.000656613672618, 0.000209071367863, 0.00104029953945, 0.00112248375081, -0.00014991289936, -0.000300575426081, 0.00109250168316, -0.00766467163339, 0.0186677090824, -0.00826350785792, 0.00278310035355, 0.000513563631102], [0.000166918442119, 0.000363931292668, -0.000296894460917, -0.000392510992242, -0.000337688514264, -0.000676221912727, -0.00131264072843, 0.000367557251593, 0.00383489672095, -0.00826350785792, 0.0199720170349, -0.0088620223105, 0.00446887221187], [-0.000101690377051, 0.00050494808238, -0.000204467214644, -0.00134594459087, 0.0011159949936, 0.000172451807884, 0.00161606445909, -0.0011438364163, 0.000961356679909, 0.00278310035355, -0.0088620223105, 0.019126245752, -0.00776388542727], [0.000196036111447, -0.000697401817888, 0.000595433171839, 0.00180907943286, -0.00135769613553, 0.000871909491252, 0.00046871372615, -0.000484848598717, -0.000204650321393, 0.000513563631102, 0.00446887221187, -0.00776388542727, 0.0173725765198]], "mean": [-643.282287598, 127.274368286, -17.8349475861, 26.7310581207, -12.0554180145, 9.1780462265, 1.29405975342, 7.96244621277, -4.43809700012, 4.61337327957, -5.23872756958, -0.397550910711, -3.05195665359]}, "pitch_salience": {"dmean": 0.0780373588204, "dmean2": 0.125535950065, "dvar": 0.00594561221078, "dvar2": 0.0147904818878, "max": 0.993442893028, "mean": 0.528176426888, "median": 0.534703791142, "min": 0.117481850088, "var": 0.0113356225193}, "silence_rate_20dB": {"dmean": 0, "dmean2": 0, "dvar": 0, "dvar2": 0, "max": 1, "mean": 1, "median": 1, "min": 1, "var": 0}, "silence_rate_30dB": {"dmean": 0.0349333323538, "dmean2": 0.069875985384, "dvar": 0.0337132699788, "dvar2": 0.0895300582051, "max": 1, "mean": 0.976669788361, "median": 1, "min": 0, "var": 0.0227856785059}, "silence_rate_60dB": {"dmean": 0.0162666663527, "dmean2": 0.0325376726687, "dvar": 0.0160031374544, "dvar2": 0.0376096889377, "max": 1, "mean": 0.0565257966518, "median": 0, "min": 0, "var": 0.0533291324973}, "spectral_centroid": {"dmean": 260.966888428, "dmean2": 404.621459961, "dvar": 100647.851562, "dvar2": 221325.03125, "max": 11463.5888672, "mean": 1430.99816895, "median": 1368.08508301, "min": 266.206787109, "var": 592993.3125}, "spectral_complexity": {"dmean": 3.28800010681, "dmean2": 5.12921714783, "dvar": 12.19120121, "dvar2": 26.9357032776, "max": 52, "mean": 19.8230895996, "median": 20, "min": 0, "var": 71.4773864746}, "spectral_contrast_coeffs": {"dmean": [0.0539265461266, 0.0466536022723, 0.042623013258, 0.03205325827, 0.0229533724487, 0.0177724119276], "dmean2": [0.085986122489, 0.0756640359759, 0.067471884191, 0.0512822009623, 0.0371006019413, 0.0276235472411], "dvar": [0.00230160309002, 0.00141858623829, 0.00122680852655, 0.000658562697936, 0.000366307474906, 0.000253789621638], "dvar2": [0.00556705798954, 0.00369192054495, 0.00296974740922, 0.0016236732481, 0.000876185076777, 0.000589790695813], "max": [-0.354112029076, -0.398272246122, -0.435588240623, -0.498199015856, -0.604983389378, -0.551275253296], "mean": [-0.633645355701, -0.714479625225, -0.718999028206, -0.753898799419, -0.771453797817, -0.720426082611], "median": [-0.635757744312, -0.721996843815, -0.726271390915, -0.759388566017, -0.77253639698, -0.716506659985], "min": [-0.998529493809, -0.999342978001, -0.999312341213, -0.999224662781, -0.998037695885, -0.989423215389], "var": [0.00673916051164, 0.00618342030793, 0.00579660572112, 0.00335370679386, 0.00161958520766, 0.00173299200833]}, "spectral_contrast_valleys": {"dmean": [0.456313282251, 0.356022894382, 0.310253739357, 0.279474228621, 0.238505810499, 0.296250134706], "dmean2": [0.718271672726, 0.569985985756, 0.493168711662, 0.426505446434, 0.353068232536, 0.395818114281], "dvar": [0.19607539475, 0.114422306418, 0.0938477963209, 0.0866594389081, 0.0835389271379, 0.138726145029], "dvar2": [0.393783301115, 0.24320089817, 0.193942978978, 0.158345267177, 0.147693783045, 0.250427722931], "max": [-5.27236318588, -4.93143796921, -5.33808946609, -5.85958957672, -5.82247018814, -7.69655990601], "mean": [-7.6298828125, -6.93521165848, -7.27874326706, -7.82937669754, -7.57335186005, -10.8260364532], "median": [-7.42529773712, -6.7438621521, -7.09578943253, -7.6314163208, -7.37622833252, -10.6386470795], "min": [-27.96484375, -27.8352775574, -27.6434440613, -27.6496601105, -27.4897270203, -27.3820114136], "var": [2.53380966187, 2.35387969017, 2.30197429657, 2.26801776886, 2.26888656616, 1.92370247841]}, "spectral_decrease": {"dmean": 3.96835142524e-09, "dmean2": 6.17256645796e-09, "dvar": 5.1336010029e-17, "dvar2": 1.24720995742e-16, "max": 1.2733377309e-28, "mean": -7.70868613387e-09, "median": -5.49946488348e-09, "min": -6.43311679482e-08, "var": 6.26129136891e-17}, "spectral_energy": {"dmean": 0.015413440764, "dmean2": 0.0239028222859, "dvar": 0.000748188642319, "dvar2": 0.00181179400533, "max": 0.245925739408, "mean": 0.0309669710696, "median": 0.0224927309901, "min": 1.01033350591e-20, "var": 0.00094232376432}, "spectral_energyband_high": {"dmean": 0.000237436484895, "dmean2": 0.000375724222977, "dvar": 3.45847126937e-07, "dvar2": 7.83120412962e-07, "max": 0.0154025172815, "mean": 0.000557981140446, "median": 0.000395673327148, "min": 7.10658086888e-21, "var": 6.40751977699e-07}, "spectral_energyband_low": {"dmean": 0.0114693744108, "dmean2": 0.0186651349068, "dvar": 0.000691227032803, "dvar2": 0.00173318164889, "max": 0.230633616447, "mean": 0.0121718132868, "median": 0.00329855270684, "min": 2.32050314138e-23, "var": 0.000634238065686}, "spectral_energyband_middle_high": {"dmean": 0.00262404838577, "dmean2": 0.00393491005525, "dvar": 1.89957700059e-05, "dvar2": 4.3278974772e-05, "max": 0.0874259471893, "mean": 0.00772940274328, "median": 0.00426340149716, "min": 1.19265600768e-21, "var": 8.61584703671e-05}, "spectral_energyband_middle_low": {"dmean": 0.00594333698973, "dmean2": 0.00961063336581, "dvar": 0.000109081236587, "dvar2": 0.000284470967017, "max": 0.153041169047, "mean": 0.0122844967991, "median": 0.0082615269348, "min": 1.65253700004e-22, "var": 0.000162160722539}, "spectral_entropy": {"dmean": 0.132714763284, "dmean2": 0.204888373613, "dvar": 0.0192943029106, "dvar2": 0.0447597615421, "max": 9.90831947327, "mean": 7.47527980804, "median": 7.48610973358, "min": 4.72159433365, "var": 0.0913553163409}, "spectral_flux": {"dmean": 0.0363817214966, "dmean2": 0.0556399412453, "dvar": 0.00254997611046, "dvar2": 0.00527133746073, "max": 0.429128289223, "mean": 0.0955306962132, "median": 0.0761958658695, "min": 6.42991215827e-11, "var": 0.00471185566857}, "spectral_kurtosis": {"dmean": 1.48246991634, "dmean2": 2.54266786575, "dvar": 2.07604694366, "dvar2": 5.99179363251, "max": 33.2100639343, "mean": 3.91952776909, "median": 3.57560873032, "min": -1.25112855434, "var": 4.56966781616}, "spectral_rms": {"dmean": 0.00116100464948, "dmean2": 0.00169974646997, "dvar": 2.61119953393e-06, "dvar2": 5.65563050259e-06, "max": 0.0154895950109, "mean": 0.00493973633274, "median": 0.00468445615843, "min": 3.13957193576e-12, "var": 5.8107584664e-06}, "spectral_rolloff": {"dmean": 417.695861816, "dmean2": 684.725952148, "dvar": 478036.5625, "dvar2": 968084, "max": 19401.4160156, "mean": 1413.84802246, "median": 1205.859375, "min": 21.533203125, "var": 2016239.75}, "spectral_skewness": {"dmean": 0.19873405993, "dmean2": 0.327595949173, "dvar": 0.0308809131384, "dvar2": 0.0810153335333, "max": 4.08808040619, "mean": 1.30676090717, "median": 1.28208982944, "min": -0.207849904895, "var": 0.127232670784}, "spectral_spread": {"dmean": 323650.6875, "dmean2": 479661.09375, "dvar": 343665803264, "dvar2": 673854783488, "max