{"lowlevel": {"average_loudness": 0.149155721068, "barkbands": {"dmean": [8.11727513792e-05, 0.00125830550678, 0.000678743061144, 0.000348249275703, 0.000963492086157, 0.000863161229063, 0.000547602481674, 0.000546592113096, 0.000489031430334, 0.000623068772256, 0.00034510801197, 0.000200107533601, 0.000257628707914, 0.000305995345116, 0.000160434792633, 8.54447353049e-05, 0.000169334263774, 0.00017131624918, 0.000133760724566, 4.74758780911e-05, 3.39510261256e-05, 2.74375670415e-05, 3.28463611368e-05, 3.29588401655e-05, 1.64234552358e-05, 3.82026155421e-06, 3.01738722897e-09], "dmean2": [0.000131207096274, 0.00219787214883, 0.00120509858243, 0.000587510177866, 0.00155467505101, 0.00132405059412, 0.00085687142564, 0.00082915549865, 0.000739445385989, 0.000929847126827, 0.000538733787835, 0.000301401683828, 0.000393244787119, 0.000460873066913, 0.000240896246396, 0.000133763373015, 0.000256519822869, 0.000259074528003, 0.000204603711609, 7.48838938307e-05, 5.47456365894e-05, 4.24359823228e-05, 4.78388610645e-05, 4.72865831398e-05, 2.20697638724e-05, 5.22019854543e-06, 5.48327205863e-09], "dvar": [1.38838231578e-07, 5.30801553396e-05, 1.09089614853e-05, 1.5244588667e-06, 1.08618478407e-05, 4.46833655587e-06, 1.83254360309e-06, 4.20244714405e-06, 3.16554928759e-06, 5.04122181155e-06, 1.76656465101e-06, 5.7458765923e-07, 1.02448393591e-06, 1.18473451494e-06, 4.87147133299e-07, 7.31655092068e-08, 4.73135003176e-07, 4.22506928999e-07, 1.35519513833e-07, 1.56649626604e-08, 1.18386829229e-08, 9.81526060428e-09, 2.03676293609e-08, 1.65110751738e-08, 3.54427887039e-09, 1.99147129343e-10, 6.15438892882e-16], "dvar2": [3.27469791728e-07, 0.000146982056322, 3.18421953125e-05, 4.4156745389e-06, 2.84780271613e-05, 9.56485928327e-06, 4.24131576438e-06, 9.21237369766e-06, 6.57530426906e-06, 1.08294061647e-05, 4.46613830718e-06, 1.22134918001e-06, 2.21997197514e-06, 2.61601530838e-06, 9.94800984699e-07, 1.65178192901e-07, 9.93366143121e-07, 8.7477519628e-07, 3.15783580618e-07, 3.84767275818e-08, 3.03134051194e-08, 2.25717684543e-08, 4.10887253111e-08, 3.16885468976e-08, 6.22994766886e-09, 3.44834161226e-10, 1.72599416618e-15], "max": [0.00720781786367, 0.108558684587, 0.0553014948964, 0.0292470864952, 0.0772607699037, 0.0709197074175, 0.03510517627, 0.0911643579602, 0.0478951856494, 0.0652171373367, 0.0377635806799, 0.0266896039248, 0.0337543897331, 0.0288665853441, 0.0255485363305, 0.00756472209468, 0.0266862157732, 0.0252558290958, 0.0119893718511, 0.00291291228496, 0.0034978215117, 0.00479569798335, 0.00726497173309, 0.00577501626685, 0.00294815190136, 0.000525468902197, 9.68139829638e-07], "mean": [8.82072345121e-05, 0.00125793670304, 0.000888238660991, 0.000607326277532, 0.0018048863858, 0.0016168813454, 0.000927631626837, 0.000950346933678, 0.000743317476008, 0.000962452148087, 0.00053431885317, 0.000324089545757, 0.000376428535674, 0.00047552108299, 0.000247559393756, 0.000137605937198, 0.00026388047263, 0.000308581365971, 0.000254540442256, 9.10007147468e-05, 5.91624921071e-05, 5.02051661897e-05, 5.7814471802e-05, 6.37664779788e-05, 3.12203774229e-05, 6.25725169812e-06, 2.07416572806e-09], "median": [1.2251327064e-07, 1.46741695062e-05, 8.99518563529e-05, 7.84472358646e-05, 0.000366376945749, 0.00054557796102, 0.000276294100331, 0.000247159478022, 9.41795442486e-05, 0.000106951323687, 5.11152356921e-05, 5.04260897287e-05, 4.74672015116e-05, 4.51254600193e-05, 3.87212312489e-05, 2.35465249716e-05, 3.89047963836e-05, 3.17287122016e-05, 3.68787295884e-05, 9.37123422773e-06, 6.39909148958e-06, 6.67482299832e-06, 5.44043768969e-06, 6.21753133601e-06, 1.95539064407e-06, 2.25447891467e-07, 7.73227731843e-11], "min": [5.45723876812e-24, 4.23238927117e-23, 6.86385033734e-24, 4.48783284525e-24, 5.68436002689e-23, 2.85631198325e-23, 3.75638555225e-23, 2.08985630545e-23, 1.6722302499e-22, 8.99005577558e-23, 1.01293173353e-22, 1.66316667986e-22, 1.24736466004e-22, 1.1167824318e-22, 2.09576007736e-22, 2.14649128041e-22, 2.9457901407e-22, 2.76949474829e-22, 3.62239828481e-22, 3.67270034753e-22, 4.70650521439e-22, 4.68107738752e-22, 6.44503499508e-22, 8.61630180906e-22, 1.26867463299e-21, 1.91638280104e-21, 2.28594472284e-21], "var": [1.62606312415e-07, 3.93829577661e-05, 9.67583582678e-06, 2.58032832789e-06, 1.64110206242e-05, 1.08609992822e-05, 3.61284764949e-06, 6.59107990941e-06, 6.3533757384e-06, 9.8966565929e-06, 3.3954902392e-06, 1.22297058169e-06, 1.99527880795e-06, 2.48159904004e-06, 1.07320408915e-06, 1.51233336965e-07, 9.03804561858e-07, 1.05164792785e-06, 3.25994420791e-07, 4.57141311472e-08, 2.48635600997e-08, 2.11563246921e-08, 5.23469871894e-08, 4.72698715726e-08, 1.13129381418e-08, 4.69290439842e-10, 3.92834796225e-16]}, "barkbands_crest": {"dmean": 2.52171897888, "dmean2": 4.05835008621, "dvar": 5.91770362854, "dvar2": 15.2783613205, "max": 25.7387542725, "mean": 9.94366455078, "median": 9.04183387756, "min": 1.99464321136, "var": 17.7596492767}, "barkbands_flatness_db": {"dmean": 0.0204288214445, "dmean2": 0.0316900722682, "dvar": 0.000353117531631, "dvar2": 0.00081962213153, "max": 0.401608139277, "mean": 0.178691089153, "median": 0.176643133163, "min": 0.0388978384435, "var": 0.00336649804376}, "barkbands_kurtosis": {"dmean": 2.85890102386, "dmean2": 4.45036268234, "dvar": 27.2271995544, "dvar2": 63.1004447937, "max": 223.880905151, "mean": 5.14974355698, "median": 2.41678094864, "min": -1.91586172581, "var": 90.1036987305}, "barkbands_skewness": {"dmean": 0.500757753849, "dmean2": 0.752243459225, "dvar": 0.290650188923, "dvar2": 0.637799859047, "max": 12.184967041, "mean": 1.50009894371, "median": 1.39785659313, "min": -5.11641645432, "var": 1.49119412899}, "barkbands_spread": {"dmean": 4.3170876503, "dmean2": 6.55042695999, "dvar": 40.6649436951, "dvar2": 85.7042236328, "max": 106.095855713, "mean": 16.5079402924, "median": 12.7168626785, "min": 0.531727015972, "var": 182.86668396}, "dissonance": {"dmean": 0.0244119446725, "dmean2": 0.0407638549805, "dvar": 0.000580439751502, "dvar2": 0.00156241061632, "max": 0.500000059605, "mean": 0.438258677721, "median": 0.450082749128, "min": 0.142358466983, "var": 0.00232561817393}, "dynamic_complexity": 6.1407160759, "erbbands": {"dmean": [0.032662216574, 0.302085578442, 0.745603501797, 0.997025549412, 2.0176281929, 3.64673757553, 4.38098049164, 7.80624723434, 9.04753303528, 9.560795784, 9.9068441391, 10.5587768555, 19.2570934296, 13.6326332092, 13.1963853836, 9.13146209717, 10.6937980652, 16.166929245, 8.48819828033, 7.11621522903, 4.38634157181, 8.46759128571, 9.10074329376, 7.92390537262, 5.12303829193, 2.34254574776, 1.49629545212, 1.23055171967, 0.943732500076, 1.00937044621, 0.946298420429, 0.84719735384, 0.459561437368, 0.247031152248, 0.0828734487295, 0.0229687355459, 0.00660678511485, 0.000562874716707, 1.290815635e-05, 5.98616043135e-06], "dmean2": [0.0561082996428, 0.532314479351, 1.33322274685, 1.69522869587, 3.3032078743, 5.96858119965, 6.69964981079, 12.094701767, 13.9654741287, 14.8366184235, 14.9993963242, 15.5697154999, 28.492723465, 20.7263259888, 20.191236496, 13.5720443726, 16.1959114075, 23.9477729797, 12.8386945724, 10.6406726837, 6.65342283249, 12.5185518265, 13.4320993423, 11.978102684, 7.95385408401, 3.66653013229, 2.38613057137, 1.97991621494, 1.45880103111, 1.55819308758, 1.36415576935, 1.25119054317, 0.6461404562, 0.338567972183, 0.109849125147, 0.0308209918439, 0.00915746483952, 0.000794745923486, 1.77809833986e-05, 8.94866479939e-06], "dvar": [0.0335293784738, 3.08497166634, 14.9423589706, 14.7977437973, 41.7981948853, 216.534210205, 208.415359497, 407.652191162, 462.05859375, 969.507141113, 1217.59191895, 1686.85559082, 5745.70556641, 3050.1237793, 2667.83178711, 1134.33557129, 1757.97375488, 3372.06665039, 988.667663574, 1001.57910156, 169.723709106, 1328.75976562, 1315.55175781, 551.763427734, 186.986038208, 39.9784698486, 20.8868598938, 16.496805191, 10.067530632, 15.7969751358, 20.3866519928, 12.510559082, 2.95036315918, 0.89239782095, 0.0944960340858, 0.00704658403993, 0.000610677758232, 4.79726077174e-06, 1.75906378352e-09, 1.8842045979e-10], "dvar2": [0.0901129543781, 8.66098022461, 43.3142051697, 43.0017356873, 115.837867737, 567.797546387, 452.315460205, 898.728149414, 1049.24133301, 2225.00830078, 2628.61547852, 3386.60693359, 12070.5126953, 7149.62451172, 6699.72509766, 2353.19116211, 3822.52905273, 7318.32861328, 2105.4309082, 2021.95129395, 366.816101074, 2736.09057617, 2510.03027344, 1291.37988281, 443.520568848, 96.3811340332, 54.2063217163, 41.2446060181, 21.9503955841, 37.0728302002, 39.996181488, 25.4486942291, 5.46683216095, 1.65659320354, 0.164214864373, 0.0121918618679, 0.001158001367, 9.09090977075e-06, 3.19837023532e-09, 4.62766130971e-10], "max": [3.04947733879, 26.3471336365, 60.8644714355, 81.9631729126, 260.527801514, 345.282318115, 718.249328613, 901.015808105, 530.218444824, 1296.48583984, 1501.08984375, 1364.0567627, 2596.43847656, 1942.10412598, 1279.06079102, 1369.26672363, 1151.54675293, 1391.81176758, 1319.07226562, 1291.5501709, 433.658050537, 1592.83422852, 1513.13195801, 882.668395996, 414.968597412, 168.19519043, 96.789100647, 158.554992676, 140.647338867, 182.945785522, 241.986175537, 129.573287964, 77.7694854736, 60.8476295471, 12.370803833, 3.57238125801, 0.771307706833, 0.0719676166773, 0.00131975614931, 0.000201314076548], "mean": [0.0316329300404, 0.299919694662, 0.954726815224, 1.74262356758, 4.09603071213, 5.89581632614, 8.36596298218, 13.7331180573, 16.0189533234, 17.882932663, 17.2464523315, 17.6209087372, 31.0433654785, 22.3611450195, 21.2653484344, 15.5904426575, 17.3422870636, 27.0855083466, 13.5179195404, 11.925942421, 8.39112567902, 14.1450653076, 17.0863552094, 15.6092977524, 9.88477325439, 4.7044634819, 2.80596995354, 2.17397260666, 1.76814329624, 1.71459770203, 1.6595607996, 1.49790334702, 0.926721811295, 0.47389882803, 0.1518419981, 0.0387918278575, 0.0105138244107, 0.000834420148749, 2.54935148405e-05, 1.71971441887e-05], "median": [0.000163099262863, 0.00621411669999, 0.0809145718813, 0.251680105925, 0.649439811707, 0.990855634212, 2.03500699997, 4.53196287155, 5.40626859665, 4.84881162643, 4.96210384369, 3.04808139801, 4.01584720612, 2.86037921906, 2.68853545189, 2.87920951843, 2.8275551796, 2.96727991104, 2.0219707489, 2.09733724594, 1.65541827679, 2.10627937317, 1.95538902283, 2.03581237793, 1.48296868801, 0.544643700123, 0.274942010641, 0.260757803917, 0.240374669433, 0.195389598608, 0.153920993209, 0.146525591612, 0.0857005268335, 0.0333010330796, 0.00843098107725, 0.00164034566842, 0.000392350397306, 2.85022961179e-05, 5.03189949086e-06, 6.92488993081e-06], "min": [8.81555822873e-22, 1.03841547991e-20, 1.2289886842e-20, 1.39298152194e-20, 6.81185431636e-20, 2.81817979004e-19, 1.50549947563e-19, 2.6609327556e-19, 5.35638686008e-19, 4.62240313618e-19, 1.20632122446e-18, 4.52760906517e-18, 1.5755405287e-18, 3.9463972252e-18, 4.69114267227e-18, 7.24786902375e-18, 5.60781388734e-18, 7.13026627452e-18, 5.06841230503e-18, 1.18132847924e-17, 1.49050038535e-17, 1.67660163024e-17, 1.37983826049e-17, 1.72214255517e-17, 2.00106504531e-17, 1.78304604387e-17, 1.68219287487e-17, 2.01370022916e-17, 1.68436736726e-17, 1.40247893832e-17, 1.79518194151e-17, 1.68148695893e-17, 1.66822775002e-17, 1.24825442183e-17, 1.00737355447e-17, 6.42981924439e-18, 3.81335556343e-18, 1.25467013806e-18, 3.38505002425e-19, 3.40768976374e-20], "var": [0.0268176309764, 2.20245242119, 12.3964939117, 22.2371025085, 91.3836364746, 247.511947632, 596.397827148, 834.3515625, 955.898010254, 1953.79101562, 1955.90893555, 3530.5222168, 11293.4560547, 6552.92578125, 5245.18457031, 2492.83691406, 3342.91625977, 7684.50537109, 1932.04199219, 2187.87036133, 468.398284912, 2563.17236328, 3430.40576172, 1393.64111328, 449.75793457, 120.255088806, 51.532333374, 34.3083877563, 25.8582553864, 30.6893424988, 50.3599700928, 30.1193199158, 9.65767383575, 2.83652019501, 0.268013328314, 0.0173030328006, 0.00131759175565, 9.73410533334e-06, 4.34324087806e-09, 6.27616791871e-10]}, "erbbands_crest": {"dmean": 2.81575226784, "dmean2": 4.4617729187, "dvar": 7.13859224319, "dvar2": 17.3436279297, "max": 31.1611423492, "mean": 10.8348093033, "median": 9.70957279205, "min": 2.50140500069, "var": 25.6844615936}, "erbbands_flatness_db": {"dmean": 0.0172196961939, "dmean2": 0.0251360461116, "dvar": 0.000262252287939, "dvar2": 0.000542042020243, "max": 0.384500980377, "mean": 0.207699030638, "median": 0.212519466877, "min": 0.0620466098189, "var": 0.00319418101572}, "erbbands_kurtosis": {"dmean": 1.38140809536, "dmean2": 2.14785695076, "dvar": 6.3501124382, "dvar2": 15.7051744461, "max": 102.892654419, "mean": 1.64579641819, "median": 0.482113838196, "min": -1.85493719578, "var": 16.9558753967}, "erbbands_skewness": {"dmean": 0.397280037403, "dmean2": 0.598702013493, "dvar": 0.158312410116, "dvar2": 0.330998420715, "max": 8.19245243073, "mean": 0.735429823399, "median": 0.688816249371, "min": -4.2565407753, "var": 0.933733522892}, "erbbands_spread": {"dmean": 6.30242538452, "dmean2": 9.49425411224, "dvar": 60.3277664185, "dvar2": 128.364135742, "max": 129.216995239, "mean": 28.740901947, "median": 24.7557029724, "min": 1.63705646992, "var": 286.002868652}, "gfcc": {"cov": [[11544.8320312, -900.092895508, -87.0119857788, 1283.8782959, 299.10559082, 661.941589355, 279.137634277, 533.660461426, -9.92172336578, 75.5050888062, 40.401184082, 148.534622192, -71.0582809448], [-900.092895508, 2430.74829102, 298.17565918, -67.0949630737, 281.521636963, -576.009460449, 140.144012451, -288.854095459, 109.682624817, -262.186340332, 203.073394775, -200.165924072, 50.7606697083], [-87.0119857788, 298.17565918, 1092.73120117, 378.50793457, 45.5581932068, 162.836547852, -21.0435066223, 16.5178699493, -35.0331916809, 97.4576187134, -94.010848999, 30.8114624023, -3.93266224861], [1283.8782959, -67.0949630737, 378.50793457, 655.089416504, 206.748764038, 188.735092163, 68.2281799316, 82.163848877, 40.467716217, 74.0163955688, -47.2744560242, 25.0735225677, 0.909586131573], [299.10559082, 281.521636963, 45.5581932068, 206.748764038, 459.338012695, 74.2861557007, 112.789100647, 67.2576980591, 28.6240577698, 50.8419723511, -45.7356338501, 18.5286407471, -23.5298900604], [661.941589355, -576.009460449, 162.836547852, 188.735092163, 74.2861557007, 460.24420166, 94.4188690186, 137.349304199, -35.1146392822, 101.469985962, -80.7882919312, 69.0191116333, -38.1962738037], [279.137634277, 140.144012451, -21.0435066223, 68.2281799316, 112.789100647, 94.4188690186, 254.620422363, 51.148475647, -17.280916214, 24.3634910583, 8.04555702209, 12.9000368118, -18.8649330139], [533.660461426, -288.854095459, 16.5178699493, 82.163848877, 67.2576980591, 137.349304199, 51.148475647, 194.697555542, 12.7690343857, 61.7416992188, -35.9332237244, 34.6546974182, -16.2960166931], [-9.92172336578, 109.682624817, -35.0331916809, 40.467716217, 28.6240577698, -35.1146392822, -17.280916214, 12.7690343857, 134.4193573, 0.705398917198, 12.1970710754, -20.4724197388, 3.51944375038], [75.5050888062, -262.186340332, 97.4576187134, 74.0163955688, 50.8419723511, 101.469985962, 24.3634910583, 61.7416992188, 0.705398917198, 166.343948364, -33.2955207825, 44.101146698, -16.9288063049], [40.401184082, 203.073394775, -94.010848999, -47.2744560242, -45.7356338501, -80.7882919312, 8.04555702209, -35.9332237244, 12.1970710754, -33.2955207825, 154.45980835, -5.94611930847, 18.0584354401], [148.534622192, -200.165924072, 30.8114624023, 25.0735225677, 18.5286407471, 69.0191116333, 12.9000368118, 34.6546974182, -20.4724197388, 44.101146698, -5.94611930847, 102.714324951, 14.8312616348], [-71.0582809448, 50.7606697083, -3.93266224861, 0.909586131573, -23.5298900604, -38.1962738037, -18.8649330139, -16.2960166931, 3.51944375038, -16.9288063049, 18.0584354401, 14.8312616348, 90.4024810791]], "icov": [[0.0001510939328, -0.000145771089592, 0.000245236849878, -0.000442360818852, 0.000220358037041, -0.000180608214578, 0.000149307845277, -0.000415339396568, 0.000250462820986, 1.05360895759e-05, -1.68109363585e-05, -0.000248076685239, 0.000189344355022], [-0.000145771089592, 0.00312817445956, -0.00250395899639, 0.00169548962731, -0.00306054018438, 0.00283535104245, -0.00299759721383, 0.00243264250457, -0.00221354095265, 0.00297390646301, -0.00271450961009, 0.0031319456175, -0.00111117621418], [0.000245236849878, -0.00250395899639, 0.00341567606665, -0.00247603771277, 0.00271967705339, -0.00241639045998, 0.00266440794803, -0.00184385210741, 0.00236950162798, -0.002737947274, 0.00252944440581, -0.00258348812349, 0.000996385351755], [-0.000442360818852, 0.00169548962731, -0.00247603771277, 0.00438398076221, -0.00274427351542, 0.000942801649217, -0.00180218904279, 0.00184595293831, -0.00246123876423, 0.00120489916299, -0.00134983740281, 0.00222420552745, -0.00158460449893], [0.000220358037041, -0.00306054018438, 0.00271967705339, -0.00274427351542, 0.00603921664879, -0.00239380565472, 0.00179484719411, -0.00280759925954, 0.0017541035777, -0.00310794822872, 0.00342531362548, -0.00355320540257, 0.00171494262759], [-0.000180608214578, 0.00283535104245, -0.00241639045998, 0.000942801649217, -0.00239380565472, 0.00636967550963, -0.00357038457878, 0.000734750530683, -0.00127182446886, 0.00201534922235, -0.00129989755806, 0.00143098342232, 5.88068796787e-05], [0.000149307845277, -0.00299759721383, 0.00266440794803, -0.00180218904279, 0.00179484719411, -0.00357038457878, 0.00792588666081, -0.00294924224727, 0.00312814605422, -0.00287453015335, 0.00139337487053, -0.00262113334611, 0.00150709901936], [-0.000415339396568, 0.00243264250457, -0.00184385210741, 0.00184595293831, -0.00280759925954, 0.000734750530683, -0.00294924224727, 0.00991904363036, -0.0032297570724, 0.000742142030504, -0.00106117723044, 0.00157500291243, -0.000820617366116], [0.000250462820986, -0.00221354095265, 0.00236950162798, -0.00246123876423, 0.0017541035777, -0.00127182446886, 0.00312814605422, -0.0032297570724, 0.0104799317196, -0.00261039659381, 0.00100891501643, -0.000357587996405, 0.00051768560661], [1.05360895759e-05, 0.00297390646301, -0.002737947274, 0.00120489916299, -0.00310794822872, 0.00201534922235, -0.00287453015335, 0.000742142030504, -0.00261039659381, 0.0112180225551, -0.00217292411253, 0.000103612073872, 0.000403096084483], [-1.68109363585e-05, -0.00271450961009, 0.00252944440581, -0.00134983740281, 0.00342531362548, -0.00129989755806, 0.00139337487053, -0.00106117723044, 0.00100891501643, -0.00217292411253, 0.0104913972318, -0.00353131000884, 0.00011382127559], [-0.000248076685239, 0.0031319456175, -0.00258348812349, 0.00222420552745, -0.00355320540257, 0.00143098342232, -0.00262113334611, 0.00157500291243, -0.000357587996405, 0.000103612073872, -0.00353131000884, 0.0162510219961, -0.00459899846464], [0.000189344355022, -0.00111117621418, 0.000996385351755, -0.00158460449893, 0.00171494262759, 5.88068796787e-05, 0.00150709901936, -0.000820617366116, 0.00051768560661, 0.000403096084483, 0.00011382127559, -0.00459899846464, 0.0133185610175]], "mean": [-100.386856079, 100.469520569, -143.870819092, 14.149682045, -78.4440689087, 0.916548192501, -51.3336601257, 3.82320952415, -26.590681076, -8.39675140381, -7.73840904236, -8.44192123413, -12.2807035446]}, "hfc": {"dmean": 3.57333374023, "dmean2": 4.97625541687, "dvar": 48.5279846191, "dvar2": 96.7180786133, "max": 178.31098938, "mean": 11.1570520401, "median": 4.01463651657, "min": 1.20638588103e-16, "var": 277.714385986}, "melbands": {"dmean": [0.00032173958607, 0.000389040797018, 0.000181330440682, 0.000208189943805, 0.000155169109348, 0.0001768059592, 0.000130655083922, 0.000110175104055, 7.95000014477e-05, 6.91539389663e-05, 9.67019077507e-05, 5.60965854675e-05, 4.68620419269e-05, 2.60937704297e-05, 2.35852057813e-05, 2.61816239799e-05, 3.28619025822e-05, 1.52566753968e-05, 1.11623612611e-05, 7.50402978156e-06, 5.69839949094e-06, 8.56636324897e-06, 1.19573051052e-05, 7.65104596212e-06, 7.06854052623e-06, 5.02857710671e-06, 2.27769578487e-06, 1.56673104357e-06, 1.07434129859e-06, 8.65433321451e-07, 7.18319483894e-07, 5.85012230658e-07, 5.37300934411e-07, 6.1420377051e-07, 5.83574035318e-07, 5.39836037206e-07, 5.32828721589e-07, 3.4900702417e-07, 2.79156665783e-07, 1.93094876977e-07], "dmean2": [0.000553152756765, 0.000686332234181, 0.00030393814086, 0.00033991431701, 0.000239856555709, 0.000272467616014, 0.000201681599719, 0.000169167557033, 0.000120173419418, 0.000102600257378, 0.000142685414176, 8.5604544438e-05, 7.19163072063e-05, 3.90940404031e-05, 3.58203651558e-05, 3.98977099394e-05, 4.8617093853e-05, 2.32966231124e-05, 1.6823210899e-05, 1.15682578326e-05, 8.88915383257e-06, 1.28893143483e-05, 1.80894330697e-05, 1.15889415611e-05, 1.07739060695e-05, 7.81058406574e-06, 3.60220360562e-06, 2.47241109719e-06, 1.7368972749e-06, 1.39640860652e-06, 1.15300338166e-06, 9.15704106319e-07, 8.52952325658e-07, 9.51634717694e-07, 8.53147810176e-07, 8.02806027878e-07, 8.01860153388e-07, 5.11234247824e-07, 3.92838160224e-07, 2.71531376939e-07], "dvar": [3.37091660185e-06, 4.32651540905e-06, 4.0635970322e-07, 6.1987054778e-07, 2.29901814919e-07, 1.8747769559e-07, 9.33282748861e-08, 1.45853803701e-07, 7.47087298691e-08, 6.56863932136e-08, 1.43902525451e-07, 5.41393383457e-08, 3.25847402394e-08, 8.42392733347e-09, 7.53142437304e-09, 1.1864285554e-08, 1.45256660034e-08, 3.28098392899e-09, 3.45328299289e-09, 7.21994464215e-10, 3.23533672075e-10, 1.5490491112e-09, 3.13703663046e-09, 1.05617137258e-09, 4.80845419037e-10, 2.18010498543e-10, 3.33989919055e-11, 2.18143419994e-11, 1.17003325431e-11, 8.58699049366e-12, 5.6238468743e-12, 3.46113133813e-12, 5.35219394845e-12, 5.96034853417e-12, 8.68326417713e-12, 6.61917352526e-12, 4.83920282318e-12, 1.79240888624e-12, 1.19093461221e-12, 5.48626411228e-13], "dvar2": [9.16530461836e-06, 1.22777219076e-05, 1.17534989386e-06, 1.65209473835e-06, 5.30541228727e-07, 4.11535523881e-07, 2.11027398223e-07, 3.27666128896e-07, 1.57898071507e-07, 1.33831463245e-07, 3.01256307011e-07, 1.26455631744e-07, 8.27451387408e-08, 1.83049273517e-08, 1.64363953559e-08, 2.57897792011e-08, 3.14584838179e-08, 7.07498104546e-09, 6.89276324906e-09, 1.58486723745e-09, 7.23570758865e-10, 3.42983796919e-09, 6.89001966592e-09, 2.03532213305e-09, 1.1547454104e-09, 5.09881969979e-10, 8.3901052772e-11, 5.24750833064e-11, 3.14276070446e-11, 2.19039335281e-11, 1.4094414004e-11, 7.82406344574e-12, 1.31598967834e-11, 1.3506324531e-11, 1.76301577504e-11, 1.39262386345e-11, 1.02235876015e-11, 3.60222507205e-12, 2.34310834624e-12, 1.01203930219e-12], "max": [0.0294583905488, 0.0322332829237, 0.0146139338613, 0.0189053453505, 0.0203111637384, 0.0174695625901, 0.00813433900476, 0.0181631129235, 0.0123612293974, 0.0074241454713, 0.0128316851333, 0.00767235131934, 0.00527947489172, 0.0029192767106, 0.00296829757281, 0.00404590927064, 0.00322131393477, 0.00206828815863, 0.00254966900684, 0.000964867766015, 0.000608954636846, 0.00221079401672, 0.00217621354386, 0.00156363705173, 0.000886461755726, 0.000503636314534, 0.000136650924105, 0.000141533542774, 8.6459927843e-05, 7.83759096521e-05, 9.98085961328e-05, 8.68961797096e-05, 0.000120494514704, 9.00550876395e-05, 0.00015073348186, 0.000125441802084, 8.35062455735e-05, 7.03582481947e-05, 6.07789479545e-05, 4.6009219659e-05], "mean": [0.000319399317959, 0.000480603834148, 0.000360986567102, 0.000369216257241, 0.000290034979116, 0.00032079956145, 0.000232292935834, 0.000201160059078, 0.000135886773933, 0.000109514890937, 0.00015281199012, 8.77740312717e-05, 7.32455882826e-05, 4.33190325566e-05, 3.53669347533e-05, 4.00111493946e-05, 5.24051829416e-05, 2.15048185055e-05, 1.75226505235e-05, 1.18961497719e-05, 9.77286254056e-06, 1.30543667183e-05, 1.89527836483e-05, 1.37145625558e-05, 1.26636759887e-05, 8.81998312252e-06, 4.09990207118e-06, 2.86685394713e-06, 1.85415638043e-06, 1.38944460559e-06, 1.20400352444e-06, 1.02979811345e-06, 8.88670683707e-07, 9.86770714917e-07, 9.77230229182e-07, 9.02400245195e-07, 9.12904909001e-07, 6.71378643347e-07, 5.29429428298e-07, 3.50567518126e-07], "median": [2.67033101409e-06, 3.3486787288e-05, 5.76806596655e-05, 6.10831266386e-05, 7.00403761584e-05, 0.000107964864583, 7.72227576817e-05, 5.00971800648e-05, 3.48306275555e-05, 1.54526132974e-05, 1.75009063241e-05, 9.67572123045e-06, 7.87365388533e-06, 6.27573626844e-06, 6.02227191848e-06, 5.15079864272e-06, 4.69071846965e-06, 2.65200060312e-06, 2.62464436673e-06, 2.18618288272e-06, 1.83600309356e-06, 1.99230726139e-06, 1.99529063138e-06, 1.3902495084e-06, 1.56341843649e-06, 1.18656646464e-06, 5.84439248996e-07, 2.34638051211e-07, 1.51376198687e-07, 1.35491774245e-07, 1.42409504633e-07, 1.38465111377e-07, 1.03228430248e-07, 1.02656258605e-07, 8.45273788741e-08, 8.38861566876e-08, 8.85319266786e-08, 6.14198754079e-08, 3.98325354922e-08, 2.08218793318e-08], "min": [1.08304693719e-23, 9.82065089368e-24, 2.93379599184e-24, 1.32687682213e-23, 7.04156492206e-24, 6.36742214183e-24, 8.02360445234e-24, 4.54549542197e-24, 1.55434155093e-23, 2.54874410931e-23, 6.63214216795e-24, 1.55887829e-23, 1.39802923588e-23, 1.7336240756e-23, 1.82000702685e-23, 1.37190831581e-23, 1.16777809259e-23, 4.92021302942e-24, 1.92788486004e-23, 1.1789744743e-23, 1.87693359635e-23, 1.69973681992e-23, 1.41392730748e-23, 1.2705861534e-23, 1.39039211568e-23, 1.46197445863e-23, 1.28813081436e-23, 1.16389113825e-23, 1.15460987415e-23, 9.37554164993e-24, 1.18049871134e-23, 9.85297999129e-24, 8.27980754169e-24, 7.28443941756e-24, 9.06761768419e-24, 1.33944921392e-23, 9.05334166839e-24, 1.11926117476e-23, 1.18495467105e-23, 9.91964504867e-24], "var": [2.62487742475e-06, 3.51070139004e-06, 7.48212130475e-07, 8.40527775381e-07, 5.73240868107e-07, 4.11275181023e-07, 1.96714111667e-07, 2.80237344441e-07, 1.34632699655e-07, 1.32832255417e-07, 2.83148551716e-07, 1.16965736652e-07, 6.30990655281e-08, 1.91567242069e-08, 1.27562378438e-08, 2.36587123226e-08, 3.21299360451e-08, 5.70165914482e-09, 7.3124137856e-09, 1.36991640254e-09, 7.09887149064e-10, 2.36250907726e-09, 5.57663115686e-09, 2.35339037147e-09, 1.01185615442e-09, 4.48831194433e-10, 7.80648948262e-11, 5.58178538113e-11, 2.64377027215e-11, 1.57797108713e-11, 1.09240550633e-11, 8.57232167195e-12, 8.86731053168e-12, 1.17591917106e-11, 1.96770360422e-11, 1.41429645772e-11, 1.0749501983e-11, 5.1375106426e-12, 3.58976845645e-12, 1.63962669397e-12]}, "melbands_crest": {"dmean": 3.08453369141, "dmean2": 4.98006725311, "dvar": 8.6111240387, "dvar2": 21.6798248291, "max": 33.7851715088, "mean": 12.7786464691, "median": 11.7900104523, "min": 2.14512467384, "var": 25.6402015686}, "melbands_flatness_db": {"dmean": 0.023367183283, "dmean2": 0.0348394326866, "dvar": 0.000529201584868, "dvar2": 0.00113326718565, "max": 0.458601057529, "mean": 0.206687927246, "median": 0.202614620328, "min": 0.0057132774964, "var": 0.00531648285687}, "melbands_kurtosis": {"dmean": 4.75622653961, "dmean2": 7.50284576416, "dvar": 68.6625900269, "dvar2": 167.834716797, "max": 190.993133545, "mean": 9.60209751129, "median": 5.87903404236, "min": -1.8871576786, "var": 161.264953613}, "melbands_skewness": {"dmean": 0.581388831139, "dmean2": 0.892881512642, "dvar": 0.432544410229, "dvar2": 1.02959668636, "max": 11.2920150757, "mean": 2.03536319733, "median": 1.85114049911, "min": -2.30385732651, "var": 1.65792834759}, "melbands_spread": {"dmean": 6.55372190475, "dmean2": 9.71780204773, "dvar": 139.251998901, "dvar2": 249.217163086, "max": 259.374511719, "mean": 21.9346065521, "median": 15.4052057266, "min": 0.736332714558, "var": 573.05847168}, "mfcc": {"cov": [[11240.5507812, -1003.5324707, -352.269317627, 782.168151855, 315.357421875, 334.881774902, 444.34085083, 592.698852539, 172.165863037, 284.695159912, 273.65032959, 101.132080078, -63.0326423645], [-1003.5324707, 2021.15527344, 81.7446060181, 246.15032959, 45.0854759216, -191.210464478, -39.0680084229, -87.0178451538, -140.761962891, -101.467056274, -35.0728912354, -20.2126541138, -2.49525141716], [-352.269317627, 81.7446060181, 999.576293945, 209.519226074, 98.1336975098, 163.115005493, 48.1832466125, -34.9716758728, 53.8840942383, -22.7401103973, -30.0100269318, 43.3138275146, 36.0252685547], [782.168151855, 246.15032959, 209.519226074, 530.176391602, 205.773971558, 109.735549927, 80.3208389282, 30.2499256134, 85.7384109497, 42.111000061, 8.61625099182, 35.7080230713, 51.2159538269], [315.357421875, 45.0854759216, 98.1336975098, 205.773971558, 351.113525391, 123.840560913, 40.5019798279, 56.7530517578, 99.6825790405, 40.2324447632, 26.7305927277, 25.3549022675, 26.8625869751], [334.881774902, -191.210464478, 163.115005493, 109.735549927, 123.840560913, 316.827362061, 152.36138916, 82.0076065063, 119.065452576, 42.9609451294, 49.4224586487, 34.2031593323, 23.4546451569], [444.34085083, -39.0680084229, 48.1832466125, 80.3208389282, 40.5019798279, 152.36138916, 279.118804932, 102.11026001, 69.7464447021, 52.403717041, 45.3239746094, 30.4630374908, 17.8307437897], [592.698852539, -87.0178451538, -34.9716758728, 30.2499256134, 56.7530517578, 82.0076065063, 102.11026001, 188.112747192, 62.9616203308, 37.517375946, 51.0281982422, 11.7631940842, -1.15276062489], [172.165863037, -140.761962891, 53.8840942383, 85.7384109497, 99.6825790405, 119.065452576, 69.7464447021, 62.9616203308, 198.760360718, 62.0359077454, 24.1495838165, 26.9929523468, 19.3667507172], [284.695159912, -101.467056274, -22.7401103973, 42.111000061, 40.2324447632, 42.9609451294, 52.403717041, 37.517375946, 62.0359077454, 131.194091797, 46.797039032, 4.14106225967, 5.30579137802], [273.65032959, -35.0728912354, -30.0100269318, 8.61625099182, 26.7305927277, 49.4224586487, 45.3239746094, 51.0281982422, 24.1495838165, 46.797039032, 121.249946594, 39.9747772217, 1.40671658516], [101.132080078, -20.2126541138, 43.3138275146, 35.7080230713, 25.3549022675, 34.2031593323, 30.4630374908, 11.7631940842, 26.9929523468, 4.14106225967, 39.9747772217, 103.627708435, 37.7516555786], [-63.0326423645, -2.49525141716, 36.0252685547, 51.2159538269, 26.8625869751, 23.4546451569, 17.8307437897, -1.15276062489, 19.3667507172, 5.30579137802, 1.40671658516, 37.7516555786, 94.053314209]], "icov": [[0.0001448996627, 0.000100430348539, 7.26611251594e-05, -0.000316361314617, 2.53470261669e-05, 3.37537858286e-05, -5.16860673088e-05, -0.000355996540748, 0.000187776488019, -8.62158485688e-05, -7.8610071796e-05, -0.000109418047941, 0.000245285220444], [0.000100430348539, 0.000714064924978, 6.48860532237e-06, -0.000619830272626, -0.000141071577673, 0.000562398112379, -0.000305318535538, -6.53200622764e-05, 0.00040902197361, 0.000443682394689, -0.000324684486259, 0.00011636299314, 0.000227311436902], [7.26611251594e-05, 6.48860532237e-06, 0.00128491094802, -0.00051984982565, 3.88625958294e-05, -0.000734562869184, 3.75227573386e-05, 0.000228220247664, 8.8930632046e-05, 0.000194236330572, 0.000442222342826, -0.000495176296681, 0.000170427927515], [-0.000316361314617, -0.000619830272626, -0.00051984982565, 0.00369852455333, -0.00134367297869, -0.000275888101896, -0.000257072242675, 0.000850173819344, -0.000736361602321, -0.000543693604413, 0.000670156267006, -2.36529995163e-05, -0.00134985509794], [2.53470261669e-05, -0.000141071577673, 3.88625958294e-05, -0.00134367297869, 0.00440714647993, -0.00118747050874, 0.000983127276413, -0.000829022785183, -0.000988265266642, -0.000315278040944, -0.000145561411045, -0.000100356839539, -0.000165357123478], [3.37537858286e-05, 0.000562398112379, -0.000734562869184, -0.000275888101896, -0.00118747050874, 0.00642082234845, -0.00256849010475, -0.000193436164409, -0.00179852521978, 0.00108879292384, -0.00163173920009, 0.00055339600658, -0.000197147761355], [-5.16860673088e-05, -0.000305318535538, 3.75227573386e-05, -0.000257072242675, 0.000983127276413, -0.00256849010475, 0.00604646606371, -0.00218232255429, 8.98661528481e-05, -0.00141468993388, 0.000352841947461, -0.000838669307996, -0.000337785866577], [-0.000355996540748, -6.53200622764e-05, 0.000228220247664, 0.000850173819344, -0.000829022785183, -0.000193436164409, -0.00218232255429, 0.00878826901317, -0.00176864734385, 0.00073559966404, -0.00215067248791, 0.0011512094643, -9.14516858757e-05], [0.000187776488019, 0.00040902197361, 8.8930632046e-05, -0.000736361602321, -0.000988265266642, -0.00179852521978, 8.98661528481e-05, -0.00176864734385, 0.00850017927587, -0.00295627606101, 0.00140313268639, -0.00159931543749, 0.000233099926845], [-8.62158485688e-05, 0.000443682394689, 0.000194236330572, -0.000543693604413, -0.000315278040944, 0.00108879292384, -0.00141468993388, 0.00073559966404, -0.00295627606101, 0.0113693084568, -0.00439625512809, 0.00260917143896, -0.000742770731449], [-7.8610071796e-05, -0.000324684486259, 0.000442222342826, 0.000670156267006, -0.000145561411045, -0.00163173920009, 0.000352841947461, -0.00215067248791, 0.00140313268639, -0.00439625512809, 0.0130965337157, -0.0055703157559, 0.00175867648795], [-0.000109418047941, 0.00011636299314, -0.000495176296681, -2.36529995163e-05, -0.000100356839539, 0.00055339600658, -0.000838669307996, 0.0011512094643, -0.00159931543749, 0.00260917143896, -0.0055703157559, 0.0143424924463, -0.00529535999522], [0.000245285220444, 0.000227311436902, 0.000170427927515, -0.00134985509794, -0.000165357123478, -0.000197147761355, -0.000337785866577, -9.14516858757e-05, 0.000233099926845, -0.000742770731449, 0.00175867648795, -0.00529535999522, 0.0137248467654]], "mean": [-732.013977051, 124.438728333, -11.6309547424, 3.07502293587, -5.85812473297, -15.7690992355, -11.1849155426, -3.77883863449, -16.0177516937, -4.42074966431, -3.07037806511, -4.16711139679, -6.70029592514]}, "pitch_salience": {"dmean": 0.0663215145469, "dmean2": 0.106645345688, "dvar": 0.00384469027631, "dvar2": 0.0098289437592, "max": 0.992727041245, "mean": 0.580334424973, "median": 0.586562395096, "min": 0.132538959384, "var": 0.0128287132829}, "silence_rate_20dB": {"dmean": 0, "dmean2": 0, "dvar": 0, "dvar2": 0, "max": 1, "mean": 1, "median": 1, "min": 1, "var": 0}, "silence_rate_30dB": {"dmean": 0.00208099884912, "dmean2": 0.00416233111173, "dvar": 0.00207666587085, "dvar2": 0.00590594345704, "max": 1, "mean": 0.99879950285, "median": 1, "min": 0, "var": 0.00119906268083}, "silence_rate_60dB": {"dmean": 0.0563470460474, "dmean2": 0.112703114748, "dvar": 0.0531711652875, "dvar2": 0.113124363124, "max": 1, "mean": 0.388235300779, "median": 0, "min": 0, "var": 0.237509161234}, "spectral_centroid": {"dmean": 210.023132324, "dmean2": 311.521118164, "dvar": 79551.8203125, "dvar2": 145126.703125, "max": 10633.8154297, "mean": 1234.83605957, "median": 1073.36022949, "min": 221.192306519, "var": 516659.125}, "spectral_complexity": {"dmean": 2.23099088669, "dmean2": 3.43360280991, "dvar": 9.86275959015, "dvar2": 21.4614238739, "max": 57, "mean": 11.2326526642, "median": 9, "min": 0, "var": 79.9202041626}, "spectral_contrast_coeffs": {"dmean": [0.0442424379289, 0.0438224226236, 0.0375193022192, 0.0318042077124, 0.0271425936371, 0.0191653929651], "dmean2": [0.0733865275979, 0.0709790289402, 0.0590500123799, 0.0493345558643, 0.0407702326775, 0.0295204408467], "dvar": [0.00144884956535, 0.00134833611082, 0.00104458851274, 0.000748107559048, 0.000590694253333, 0.000286315800622], "dvar2": [0.00383561174385, 0.00347316497937, 0.00239941687323, 0.00167145510204, 0.0011985040037, 0.000629229354672], "max": [-0.270365387201, -0.399559348822, -0.423334002495, -0.440690487623, -0.442177206278, -0.61656922102], "mean": [-0.596939384937, -0.698103487492, -0.740664839745, -0.760233521461, -0.761345088482, -0.79263150692], "median": [-0.598267614841, -0.69701218605, -0.749810636044, -0.768757820129, -0.769030630589, -0.793924033642], "min": [-0.999076783657, -0.992222011089, -0.983925580978, -0.964109539986, -0.964089632034, -0.960425317287], "var": [0.00945721752942, 0.00658378843218, 0.00711838016286, 0.00519075384364, 0.00499355280772, 0.00186931632925]}, "spectral_contrast_valleys": {"dmean": [0.418971896172, 0.333249211311, 0.312803983688, 0.300070554018, 0.282262504101, 0.302123993635], "dmean2": [0.694330155849, 0.536115705967, 0.492472946644, 0.458095133305, 0.406783789396, 0.395801335573], "dvar": [0.142455533147, 0.0980488434434, 0.0883512273431, 0.0888537839055, 0.088538967073, 0.104560911655], "dvar2": [0.346601098776, 0.214702770114, 0.181163340807, 0.166925117373, 0.156598478556, 0.172751054168], "max": [-5.12692213058, -4.4086766243, -5.49001264572, -6.01415300369, -5.65097808838, -7.58880901337], "mean": [-9.15306663513, -7.43788099289, -8.15819454193, -8.70386600494, -8.74035930634, -11.1336975098], "median": [-9.15663146973, -7.31690692902, -8.09988212585, -8.62223815918, -8.72506332397, -11.0945415497], "min": [-27.2986450195, -27.55027771, -26.9154663086, -27.4152259827, -27.2215023041, -27.1985836029], "var": [2.72931528091, 1.10410416126, 1.08455765247, 1.26517891884, 1.61362743378, 1.90232884884]}, "spectral_decrease": {"dmean": 1.18104392932e-09, "dmean2": 1.82285553318e-09, "dvar": 8.84412081083e-18, "dvar2": 2.26368926496e-17, "max": -1.12273181481e-28, "mean": -3.21051141228e-09, "median": -1.21675780562e-09, "min": -4.27758344301e-08, "var": 2.35722651776e-17}, "spectral_energy": {"dmean": 0.00471766479313, "dmean2": 0.00724185071886, "dvar": 0.000134199930471, "dvar2": 0.000340813654475, "max": 0.165745124221, "mean": 0.0131291979924, "median": 0.00510886032134, "min": 1.13660303031e-20, "var": 0.000383676408092}, "spectral_energyband_high": {"dmean": 0.000140940857818, "dmean2": 0.000199078160222, "dvar": 1.6672160541e-07, "dvar2": 3.24589535694e-07, "max": 0.0135448202491, "mean": 0.000314334727591, "median": 3.97001495003e-05, "min": 7.97661816133e-21, "var": 5.96595612024e-07}, "spectral_energyband_low": {"dmean": 0.00185778399464, "dmean2": 0.00314164394513, "dvar": 9.02654792299e-05, "dvar2": 0.000244210561505, "max": 0.13960467279, "mean": 0.00254514999688, "median": 0.00019222276751, "min": 5.69647566822e-23, "var": 8.64871253725e-05}, "spectral_energyband_middle_high": {"dmean": 0.00143405981362, "dmean2": 0.00203988724388, "dvar": 1.08916228783e-05, "dvar2": 2.18972945731e-05, "max": 0.0684818476439, "mean": 0.00367010035552, "median": 0.000831982761156, "min": 2.12786759973e-21, "var": 4.80396556668e-05}, "spectral_energyband_middle_low": {"dmean": 0.00272189243697, "dmean2": 0.00414468534291, "dvar": 3.52420975105e-05, "dvar2": 8.40844222694e-05, "max": 0.0987377539277, "mean": 0.00715486751869, "median": 0.00318291969597, "min": 3.28155837204e-22, "var": 0.000101587545942}, "spectral_entropy": {"dmean": 0.17224496603, "dmean2": 0.249765634537, "dvar": 0.0303521063179, "dvar2": 0.0590009950101, "max": 9.80362606049, "mean": 7.21764039993, "median": 7.18305063248, "min": 4.84531974792, "var": 0.380182236433}, "spectral_flux": {"dmean": 0.0161498971283, "dmean2": 0.0255848038942, "dvar": 0.000618249818217, "dvar2": 0.00134828453884, "max": 0.333475977182, "mean": 0.0508959442377, "median": 0.036159504205, "min": 1.06611587614e-10, "var": 0.00235955929384}, "spectral_kurtosis": {"dmean": 2.47190141678, "dmean2": 4.13391017914, "dvar": 9.79862308502, "dvar2": 27.3016338348, "max": 72.5297622681, "mean": 6.5844745636, "median": 5.24060344696, "min": -1.21366667747, "var": 27.8678073883}, "spectral_rms": {"dmean": 0.000499213230796, "dmean2": 0.000730678904802, "dvar": 6.07725098689e-07, "dvar2": 1.38786151638e-06, "max": 0.0127162318677, "mean": 0.00285611092113, "median": 0.00223254435696, "min": 3.32998646019e-12, "var": 4.65158882434e-06}, "spectral_rolloff": {"dmean": 454.749725342, "dmean2": 738.95904541, "dvar": 893478, "dvar2": 1719387.5, "max": 18389.3554688, "mean": 1594.06835938, "median": 1012.06054688, "min": 107.666015625, "var": 2998509.75}, "spectral_skewness": {"dmean": 0.279309868813, "dmean2": 0.443975746632, "dvar": 0.0835780799389, "dvar2": 0.202099606395, "max": 6.36554861069, "mean": 1.84591341019, "median": 1.73705554008, "min": -0.265210002661, "var": 0.449867337942}, "spectral_spread": {"dmean": 460508.21875, "dmean2": 649103.1875, "dvar": 372201816064, "dvar2": 544310788096, "max": 40796996, "mean": 3996415.25