{"lowlevel": {"average_loudness": 0.190507054329, "barkbands": {"dmean": [2.29656652664e-05, 0.000802691793069, 0.000551360019017, 0.000876458361745, 0.00112128234468, 0.00066019728547, 0.000609667564277, 0.000307250593323, 0.000480397924548, 0.000341556908097, 0.000276974576991, 0.000133187510073, 9.77524978225e-05, 9.8731565231e-05, 0.000180339469807, 0.000199176094611, 0.000135789261549, 7.63474308769e-05, 5.28177188244e-05, 5.53660902369e-05, 4.03521116823e-05, 2.71584758593e-05, 1.80266415555e-05, 1.69728737092e-05, 1.26764034576e-05, 8.84451856109e-06, 1.04051177914e-05], "dmean2": [3.661237497e-05, 0.00143382861279, 0.000982361962087, 0.00151523086242, 0.00181340076961, 0.00102220615372, 0.000941031146795, 0.000461536517832, 0.000708849343937, 0.000525832001586, 0.000423686520662, 0.000198215173441, 0.000147356666275, 0.000157305141329, 0.000279498752207, 0.000308362388751, 0.000216702072066, 0.00012456793047, 8.47242408781e-05, 8.75794066815e-05, 6.35154647171e-05, 4.13657144236e-05, 2.70349901257e-05, 2.45947703661e-05, 1.80915158126e-05, 1.24057196444e-05, 1.57480535563e-05], "dvar": [1.54157786536e-09, 6.80492303218e-06, 3.08816333927e-06, 1.01031964732e-05, 8.09175435279e-06, 2.85686064672e-06, 3.64464654012e-06, 1.93114783542e-06, 3.72856220565e-06, 1.8405355604e-06, 1.35819414027e-06, 2.78580188251e-07, 1.73930274627e-07, 1.2673007177e-07, 6.51752884551e-07, 5.4627236068e-07, 1.48313588966e-07, 4.59892248728e-08, 2.24263452253e-08, 1.97345961794e-08, 1.32004442932e-08, 4.16779233348e-09, 1.7459953483e-09, 2.31587815591e-09, 1.52143042609e-09, 8.36412772376e-10, 2.63438115766e-09], "dvar2": [3.66953001318e-09, 1.8948878278e-05, 8.80575498741e-06, 2.93107914331e-05, 2.21391001105e-05, 7.24602477931e-06, 9.06123386812e-06, 4.21669437856e-06, 8.17770705908e-06, 4.50710376754e-06, 2.933286396e-06, 5.38591564236e-07, 3.69157675095e-07, 3.08079904698e-07, 1.58247360105e-06, 1.27045268528e-06, 3.7257896679e-07, 1.19083814809e-07, 6.00135194873e-08, 4.81265232111e-08, 3.23349844678e-08, 9.42632905065e-09, 3.95038179946e-09, 4.80844253303e-09, 3.06126812788e-09, 1.69696046104e-09, 5.81152637125e-09], "max": [0.000735198147595, 0.0389991402626, 0.0332058183849, 0.068350687623, 0.0626826733351, 0.0467947758734, 0.0539351776242, 0.0638020560145, 0.0522360317409, 0.0459413044155, 0.0330011807382, 0.0288538876921, 0.026849290356, 0.0124885579571, 0.026222333312, 0.0205559320748, 0.0107267387211, 0.00625527789816, 0.00406964076683, 0.00299170101061, 0.00512854987755, 0.00192769023124, 0.0012317301007, 0.00238048052415, 0.00206759572029, 0.000925993022975, 0.00142796372529], "mean": [0.000104256061604, 0.000834364094771, 0.000652158167213, 0.00108851213008, 0.00206997571513, 0.0014199775178, 0.00121670879889, 0.000516088737641, 0.000902588071767, 0.000592283671722, 0.000473051943118, 0.000231098427321, 0.000176263623871, 0.000163533739396, 0.000297290971503, 0.000373455899535, 0.000289331423119, 0.000153863918968, 0.00010952635057, 0.000117416748253, 8.05013987701e-05, 5.91363641433e-05, 4.0509581595e-05, 3.53132709279e-05, 2.293363832e-05, 1.33726907734e-05, 1.17685040095e-05], "median": [9.68853710219e-05, 0.000160472787684, 0.000209771926166, 0.000281311862636, 0.000774967542384, 0.000208030513022, 0.000129009276861, 3.21126972267e-05, 8.32199293654e-05, 5.24706592842e-05, 2.61674613284e-05, 1.93967771338e-05, 1.77586916834e-05, 1.56884507305e-05, 1.39916610351e-05, 1.99543137569e-05, 2.17176784645e-05, 1.19930136862e-05, 9.75410148385e-06, 1.08130907392e-05, 9.29211728362e-06, 8.08810909803e-06, 6.35114247416e-06, 6.61829471937e-06, 3.44904037775e-06, 1.70603482275e-06, 6.07232266248e-07], "min": [4.99886877256e-24, 1.27690188425e-22, 9.41912227064e-24, 3.16057626548e-23, 5.0147546957e-23, 4.54311968847e-23, 6.24592170632e-23, 2.88805511498e-23, 9.95024590982e-23, 4.92492331789e-23, 1.52803051539e-22, 1.21947142195e-22, 1.28305764988e-22, 7.14851994577e-23, 5.44268964868e-23, 1.76758636772e-22, 1.69670361818e-22, 2.83277224762e-22, 2.34290906301e-22, 5.00031942466e-22, 2.43746912552e-22, 5.65355229486e-22, 7.59119511186e-22, 9.31190900543e-22, 1.20926020445e-21, 1.5156680174e-21, 2.47102133619e-21], "var": [2.92804158697e-09, 5.4211927818e-06, 2.36974892687e-06, 8.74183206179e-06, 1.27978328237e-05, 9.28122517507e-06, 8.90956107469e-06, 3.78820254809e-06, 8.366203474e-06, 3.818537607e-06, 3.33616117132e-06, 8.50260903462e-07, 6.05778211593e-07, 3.03087801967e-07, 1.62453079611e-06, 1.52002803588e-06, 4.95497658903e-07, 1.29275775862e-07, 6.52727223382e-08, 7.06111435989e-08, 4.48040751166e-08, 1.57813087043e-08, 6.42848085874e-09, 5.96656812846e-09, 3.88591203659e-09, 1.59671775801e-09, 3.48574413778e-09]}, "barkbands_crest": {"dmean": 2.28968143463, "dmean2": 3.73472595215, "dvar": 5.2412981987, "dvar2": 14.0010347366, "max": 26.2502403259, "mean": 10.2989253998, "median": 9.60536289215, "min": 2.79092717171, "var": 15.9534301758}, "barkbands_flatness_db": {"dmean": 0.020765280351, "dmean2": 0.0311296842992, "dvar": 0.000556831830181, "dvar2": 0.00123417330906, "max": 0.372521460056, "mean": 0.146660894156, "median": 0.136618897319, "min": 0.0201853942126, "var": 0.00377299194224}, "barkbands_kurtosis": {"dmean": 4.05587911606, "dmean2": 6.513630867, "dvar": 65.5987319946, "dvar2": 173.379425049, "max": 197.610946655, "mean": 8.72797393799, "median": 4.28436470032, "min": -1.9146283865, "var": 205.282241821}, "barkbands_skewness": {"dmean": 0.542905688286, "dmean2": 0.843706250191, "dvar": 0.498751282692, "dvar2": 1.24904119968, "max": 11.8197145462, "mean": 2.02983665466, "median": 1.8215893507, "min": -2.17679142952, "var": 1.82253360748}, "barkbands_spread": {"dmean": 4.87851858139, "dmean2": 7.46984767914, "dvar": 64.6217193604, "dvar2": 132.451843262, "max": 106.345428467, "mean": 17.33634758, "median": 13.9038133621, "min": 0.840556919575, "var": 196.816421509}, "dissonance": {"dmean": 0.0208219029009, "dmean2": 0.0340643003583, "dvar": 0.000426159851486, "dvar2": 0.00105295388494, "max": 0.500000178814, "mean": 0.445572733879, "median": 0.456345289946, "min": 0.220429763198, "var": 0.00160720653366}, "dynamic_complexity": 7.22291851044, "erbbands": {"dmean": [0.0152654610574, 0.208786323667, 0.617664217949, 1.71425950527, 3.40294694901, 4.04076337814, 4.82483720779, 5.50062513351, 8.55329990387, 7.41870641708, 7.39843416214, 11.3279466629, 9.32000923157, 8.73713207245, 8.74104595184, 4.93169879913, 4.33911323547, 3.74130606651, 4.99806165695, 12.2093648911, 8.98195743561, 6.77214431763, 4.60644865036, 2.62169408798, 2.61611795425, 2.68602252007, 1.96801972389, 1.32925486565, 0.98553699255, 0.774609804153, 0.467723071575, 0.364355385303, 0.278281778097, 0.155117273331, 0.0907266438007, 0.0410765446723, 0.0147326178849, 0.00597957661375, 0.00162142212503, 0.000159196119057], "dmean2": [0.027222648263, 0.374213218689, 1.09857702255, 2.98932695389, 5.80411815643, 6.47430515289, 7.68131542206, 8.45232486725, 13.3010568619, 10.9810781479, 10.8222303391, 16.4141349792, 14.133846283, 13.371588707, 13.0198040009, 7.46345281601, 6.45181655884, 5.78412246704, 7.64412879944, 18.873052597, 13.8822565079, 10.7803421021, 7.3614563942, 4.23479652405, 4.12182426453, 4.22640800476, 3.07675743103, 2.07420277596, 1.50697243214, 1.17821490765, 0.703346669674, 0.53881329298, 0.409800559282, 0.222763866186, 0.131907343864, 0.0575639978051, 0.0209908820689, 0.00881227850914, 0.0025085026864, 0.000245011673542], "dvar": [0.00250816927291, 0.466804504395, 3.82140421867, 36.046787262, 117.782165527, 97.6945648193, 173.728210449, 221.830856323, 835.986694336, 735.619506836, 1108.79785156, 2064.0793457, 1625.79711914, 1146.93908691, 1126.86352539, 462.613800049, 309.271026611, 183.01751709, 353.314178467, 2413.72558594, 1098.70043945, 387.336700439, 170.860443115, 43.5095787048, 50.2888717651, 46.4734115601, 38.9942855835, 11.1514778137, 6.41889619827, 3.37053823471, 1.2409017086, 1.20662224293, 0.610178351402, 0.231155589223, 0.0737140774727, 0.0154794948176, 0.00246484787203, 0.000714077672455, 6.57885029796e-05, 6.97596021837e-07], "dvar2": [0.00695924879983, 1.30516588688, 10.8493833542, 103.982261658, 335.414093018, 260.927154541, 466.634307861, 541.927001953, 2200.40966797, 1751.04321289, 2312.04907227, 4411.78857422, 3909.29418945, 2821.04711914, 2394.62207031, 934.505493164, 614.317504883, 421.677276611, 811.333618164, 5959.52148438, 2482.36132813, 975.471984863, 436.217803955, 111.840751648, 127.71346283, 115.054954529, 95.925239563, 26.394405365, 15.1791009903, 7.71450281143, 2.75107216835, 2.61895751953, 1.26611244678, 0.457969874144, 0.157483443618, 0.0296412650496, 0.00518830260262, 0.00156031339429, 0.000151147556608, 1.54989243129e-06], "max": [0.677281737328, 10.5759973526, 35.0910682678, 127.461166382, 202.737991333, 214.519119263, 284.105743408, 426.313446045, 927.978942871, 1025.97436523, 1219.97131348, 1488.68164063, 1550.92199707, 1392.69848633, 915.591003418, 1245.21765137, 1285.2088623, 563.932373047, 886.43371582, 1338.49707031, 1111.18481445, 645.364868164, 383.976593018, 161.46206665, 196.35899353, 152.372512817, 287.951812744, 77.8491592407, 97.3661346436, 45.980846405, 42.5787696838, 53.612739563, 36.8595199585, 28.9307060242, 10.2818574905, 4.86330127716, 1.64816641808, 1.11549210548, 0.224679321051, 0.0223708581179], "mean": [0.0148151991889, 0.222301453352, 0.735501348972, 2.24968099594, 4.77771234512, 7.66935777664, 9.57972812653, 12.3951673508, 16.8438453674, 14.8696432114, 13.8032226563, 21.6024360657, 17.1221199036, 17.4493350983, 16.168756485, 9.09207630157, 8.69361877441, 7.21511411667, 9.54737567902, 23.41822052, 19.0404148102, 15.5284318924, 10.2617435455, 6.05615663528, 5.77324581146, 5.74010753632, 4.05068063736, 2.52584004402, 2.083766222, 1.80858373642, 1.05682933331, 0.761535942554, 0.551981627941, 0.280023574829, 0.156872346997, 0.0708782449365, 0.0204570759088, 0.00751778669655, 0.00177723821253, 0.00018022081349], "median": [0.00244031846523, 0.047435414046, 0.251587957144, 0.761860728264, 1.61703932285, 2.48072266579, 1.80373680592, 1.85828065872, 2.06891536713, 1.48339688778, 1.23140656948, 1.97032821178, 1.94248223305, 1.67041671276, 1.28990066051, 0.804349303246, 0.977205395699, 0.76138150692, 0.755673825741, 1.00461375713, 1.25471699238, 1.18402934074, 0.841385006905, 0.494844824076, 0.588176131248, 0.512515544891, 0.345174968243, 0.385578542948, 0.27053052187, 0.251699775457, 0.176904052496, 0.148863464594, 0.0958866924047, 0.0432678088546, 0.0218670107424, 0.00993872154504, 0.00237906794064, 0.00119345076382, 4.86930148327e-05, 8.48321633384e-06], "min": [3.95785526319e-21, 2.72069623174e-20, 1.58275904957e-20, 6.11767723772e-20, 1.01129234072e-19, 2.09500783374e-19, 3.93505585522e-19, 2.8757934367e-19, 8.03189014368e-19, 6.29493183248e-19, 8.12115947538e-19, 1.36335484631e-18, 2.98350419147e-18, 2.42866514418e-18, 6.89567950717e-18, 5.27981857649e-18, 5.34706008848e-18, 2.6073357429e-18, 4.5667620051e-18, 4.61233138505e-18, 1.0505384031e-17, 9.31543674333e-18, 1.58076680057e-17, 1.42973238883e-17, 1.6792980736e-17, 2.05179470879e-17, 1.15950017549e-17, 1.22417899923e-17, 1.86025524768e-17, 2.20835336353e-17, 2.11347326572e-17, 1.87453552834e-17, 1.48892113213e-17, 1.2605058766e-17, 9.99136407216e-18, 4.53685487646e-18, 2.94348767498e-18, 1.55929676943e-18, 3.02428864177e-19, 3.64180191038e-20], "var": [0.00191130838357, 0.37117177248, 2.93060708046, 31.0763607025, 111.88860321, 189.831848145, 425.562927246, 761.637512207, 1968.72607422, 1475.74731445, 2376.37133789, 4945.26855469, 3328.33203125, 2814.70214844, 2985.68457031, 1307.05944824, 1388.97851563, 614.526550293, 1299.6776123, 7305.39013672, 3628.18066406, 1448.8145752, 571.170776367, 165.903686523, 168.835250854, 167.609146118, 130.479919434, 28.9700202942, 20.7745494843, 14.3851776123, 4.41981220245, 2.7954595089, 1.58505189419, 0.616455256939, 0.166339233518, 0.0372885651886, 0.00409046839923, 0.000961154699326, 8.04902228992e-05, 9.47243165683e-07]}, "erbbands_crest": {"dmean": 2.19426512718, "dmean2": 3.44235372543, "dvar": 4.79475307465, "dvar2": 11.3814067841, "max": 32.1255455017, "mean": 9.40346908569, "median": 8.42512989044, "min": 2.38475394249, "var": 18.1705856323}, "erbbands_flatness_db": {"dmean": 0.0170934796333, "dmean2": 0.023183401674, "dvar": 0.000357671029633, "dvar2": 0.000636253156699, "max": 0.328879982233, "mean": 0.15584410727, "median": 0.154424205422, "min": 0.0419430173934, "var": 0.00202629342675}, "erbbands_kurtosis": {"dmean": 0.973869502544, "dmean2": 1.49056327343, "dvar": 2.60371255875, "dvar2": 5.53606367111, "max": 34.9925689697, "mean": 1.01922988892, "median": -0.129981577396, "min": -1.83145105839, "var": 10.9727191925}, "erbbands_skewness": {"dmean": 0.342726379633, "dmean2": 0.510406970978, "dvar": 0.161906257272, "dvar2": 0.311064749956, "max": 4.98866558075, "mean": 0.649258136749, "median": 0.580986142159, "min": -4.25325870514, "var": 0.862185060978}, "erbbands_spread": {"dmean": 7.84607887268, "dmean2": 11.8378753662, "dvar": 125.250671387, "dvar2": 282.408966064, "max": 145.150161743, "mean": 39.628818512, "median": 37.0845298767, "min": 4.44195985794, "var": 381.35534668}, "gfcc": {"cov": [[15395.1572266, -1875.55834961, -1890.2701416, 201.56161499, -1099.00268555, 19.573299408, -334.313690186, 307.491790771, 128.091278076, 132.32975769, 58.7326965332, 75.8123397827, 138.261016846], [-1875.55834961, 1347.296875, 36.3383674622, -231.38420105, 259.825378418, -76.1828079224, 38.2768058777, -65.2519226074, -3.90004110336, -52.0511550903, -14.2191925049, -50.5187263489, -52.7331695557], [-1890.2701416, 36.3383674622, 862.158630371, 108.397583008, 157.295257568, 85.5918731689, 35.1097679138, -59.6976089478, -35.4390792847, 23.8760738373, -3.12724637985, -32.377204895, -14.7617797852], [201.56161499, -231.38420105, 108.397583008, 507.665985107, -3.29376339912, 43.3825798035, -6.78983640671, 23.2797279358, -7.13691425323, 20.5439853668, -16.2110366821, -0.121902160347, 21.9902534485], [-1099.00268555, 259.825378418, 157.295257568, -3.29376339912, 417.615112305, 10.5800647736, 113.893890381, -7.80836391449, 0.187059655786, -20.9560928345, 4.4235868454, -5.41052150726, 4.49176502228], [19.573299408, -76.1828079224, 85.5918731689, 43.3825798035, 10.5800647736, 259.529571533, 50.8374023438, -4.88419342041, -16.2759685516, 17.8490428925, -16.5186672211, -11.3797540665, -4.38473558426], [-334.313690186, 38.2768058777, 35.1097679138, -6.78983640671, 113.893890381, 50.8374023438, 237.022460938, 25.521987915, -0.566764354706, -20.4845752716, 30.7316570282, 8.86931228638, 3.54044342041], [307.491790771, -65.2519226074, -59.6976089478, 23.2797279358, -7.80836391449, -4.88419342041, 25.521987915, 141.025695801, 49.9658432007, 6.77814865112, 3.30649113655, 17.6558475494, 12.0179595947], [128.091278076, -3.90004110336, -35.4390792847, -7.13691425323, 0.187059655786, -16.2759685516, -0.566764354706, 49.9658432007, 132.934829712, 34.36277771, -1.15375030041, -1.14297902584, 5.47446012497], [132.32975769, -52.0511550903, 23.8760738373, 20.5439853668, -20.9560928345, 17.8490428925, -20.4845752716, 6.77814865112, 34.36277771, 98.7449417114, 17.8856811523, 2.48268222809, 0.784171521664], [58.7326965332, -14.2191925049, -3.12724637985, -16.2110366821, 4.4235868454, -16.5186672211, 30.7316570282, 3.30649113655, -1.15375030041, 17.8856811523, 102.293525696, 30.3930835724, 6.85389328003], [75.8123397827, -50.5187263489, -32.377204895, -0.121902160347, -5.41052150726, -11.3797540665, 8.86931228638, 17.6558475494, -1.14297902584, 2.48268222809, 30.3930835724, 86.7710571289, 24.1407356262], [138.261016846, -52.7331695557, -14.7617797852, 21.9902534485, 4.49176502228, -4.38473558426, 3.54044342041, 12.0179595947, 5.47446012497, 0.784171521664, 6.85389328003, 24.1407356262, 70.6478729248]], "icov": [[0.000127082748804, 0.000121600620332, 0.000252337602433, -2.94113015116e-05, 0.000139656040119, -7.4767805927e-05, 8.85576882865e-05, -0.000124579179101, 1.01081550383e-05, -7.62998024584e-05, -0.000115556831588, 0.000148694278323, -0.000132361441501], [0.000121600620332, 0.0011162100127, 0.000272911129287, 0.000349053618265, -0.000501848291606, 0.000169579900103, 0.000144897931023, 0.000197260902496, -0.000108942702354, 0.000199379006517, -5.86824535276e-05, 0.000486629403895, 0.000390815461287], [0.000252337602433, 0.000272911129287, 0.00189772597514, -0.000330841343384, -0.00027808980667, -0.000468293234007, 0.000197947301785, 0.00023164623417, 0.000266161572654, -0.000584935536608, -0.000314826174872, 0.000645934895147, -5.56394843443e-05], [-2.94113015116e-05, 0.000349053618265, -0.000330841343384, 0.002295097569, -0.000197474233573, -0.000118027775898, 9.70747860265e-05, -0.000412405206589, 0.00032934761839, -0.000341099861544, 0.00044397028978, 0.000156230045832, -0.000513084523845], [0.000139656040119, -0.000501848291606, -0.00027808980667, -0.000197474233573, 0.00357485958375, 6.10105889791e-05, -0.00139981007669, -3.19360515277e-05, -0.000240086039412, 0.000188210891793, 9.19925005292e-05, 4.4024483941e-05, -0.000799915462267], [-7.4767805927e-05, 0.000169579900103, -0.000468293234007, -0.000118027775898, 6.10105889791e-05, 0.00459629949182, -0.00140043348074, 0.000187133860891, 0.00077351910295, -0.00131456565578, 0.00134877173696, 0.000195959612029, 0.000288367882604], [8.85576882865e-05, 0.000144897931023, 0.000197947301785, 9.70747860265e-05, -0.00139981007669, -0.00140043348074, 0.00581695092842, -0.00124097371008, -0.000127371837152, 0.00157880201004, -0.00221858127043, 0.000195903339772, 8.30297358334e-06], [-0.000124579179101, 0.000197260902496, 0.00023164623417, -0.000412405206589, -3.19360515277e-05, 0.000187133860891, -0.00124097371008, 0.00924258306623, -0.0034252575133, 0.00050989392912, 0.000509070698172, -0.00161326513626, -0.000166975762113], [1.01081550383e-05, -0.000108942702354, 0.000266161572654, 0.00032934761839, -0.000240086039412, 0.00077351910295, -0.000127371837152, -0.0034252575133, 0.010016665794, -0.00384845864028, 0.000873802462593, 0.000936304917559, -0.000633851450402], [-7.62998024584e-05, 0.000199379006517, -0.000584935536608, -0.000341099861544, 0.000188210891793, -0.00131456565578, 0.00157880201004, 0.00050989392912, -0.00384845864028, 0.0130087872967, -0.00308020412922, 6.8475259468e-05, 0.00045192943071], [-0.000115556831588, -5.86824535276e-05, -0.000314826174872, 0.00044397028978, 9.19925005292e-05, 0.00134877173696, -0.00221858127043, 0.000509070698172, 0.000873802462593, -0.00308020412922, 0.0125066190958, -0.00408964557573, 0.000231422149227], [0.000148694278323, 0.000486629403895, 0.000645934895147, 0.000156230045832, 4.4024483941e-05, 0.000195959612029, 0.000195903339772, -0.00161326513626, 0.000936304917559, 6.8475259468e-05, -0.00408964557573, 0.0149054294452, -0.00433727074414], [-0.000132361441501, 0.000390815461287, -5.56394843443e-05, -0.000513084523845, -0.000799915462267, 0.000288367882604, 8.30297358334e-06, -0.000166975762113, -0.000633851450402, 0.00045192943071, 0.000231422149227, -0.00433727074414, 0.0164539981633]], "mean": [-95.3247451782, 95.1718902588, -97.8172988892, 23.4786090851, -55.9750289917, -0.464516371489, -41.1243171692, 2.99176883698, -26.279958725, -6.38633489609, -22.2066364288, 1.20746970177, -10.2132997513]}, "hfc": {"dmean": 2.64527893066, "dmean2": 3.61863923073, "dvar": 32.6902046204, "dvar2": 61.0049362183, "max": 162.979217529, "mean": 9.77586841583, "median": 2.3386888504, "min": 1.179427734e-16, "var": 307.139434814}, "melbands": {"dmean": [0.000183613141417, 0.000310074625304, 0.000353267329047, 0.000256002880633, 0.000167838676134, 0.000125950609799, 0.000124271318782, 7.66978919273e-05, 6.84372789692e-05, 6.68836946716e-05, 4.89778358315e-05, 3.83944570785e-05, 3.88462867704e-05, 1.43689740071e-05, 1.26557615658e-05, 8.8446204245e-06, 7.45769239074e-06, 8.88461909199e-06, 1.38975437949e-05, 1.67165308085e-05, 1.05696281025e-05, 7.88096986071e-06, 6.02189220444e-06, 4.34589401266e-06, 2.14436022361e-06, 2.19680964619e-06, 2.08440133065e-06, 1.89742320345e-06, 1.37192603233e-06, 9.98735572466e-07, 7.96712470219e-07, 6.22675713657e-07, 5.2139557738e-07, 4.4572607294e-07, 3.08336240096e-07, 2.22824070306e-07, 2.43714168846e-07, 2.06673476555e-07, 1.79907729603e-07, 1.24168636262e-07], "dmean2": [0.000327638845192, 0.000552268174943, 0.000610270246398, 0.000416864320869, 0.000267203693511, 0.000193802916328, 0.000191905768588, 0.000114219808893, 0.000100743840449, 9.69249449554e-05, 7.43636192055e-05, 5.88470174989e-05, 5.88038856222e-05, 2.07801294891e-05, 1.94450785784e-05, 1.31605593197e-05, 1.1793662452e-05, 1.4042831026e-05, 2.17136039282e-05, 2.53933067142e-05, 1.66267273016e-05, 1.27416869873e-05, 9.59474709816e-06, 7.13845884093e-06, 3.50946288563e-06, 3.54668281943e-06, 3.35334812007e-06, 3.02784451378e-06, 2.17067213271e-06, 1.59339822403e-06, 1.26079362417e-06, 9.77246259026e-07, 8.02618956186e-07, 6.93470383339e-07, 4.79768914374e-07, 3.33548541676e-07, 3.65430679494e-07, 3.10875719833e-07, 2.67532897169e-07, 1.83622177019e-07], "dvar": [3.5899353179e-07, 9.84470489129e-07, 1.44123248447e-06, 4.89441788432e-07, 1.786533943e-07, 1.08196822168e-07, 1.64360130839e-07, 8.24245631748e-08, 9.06793573563e-08, 7.29422211521e-08, 4.40011298508e-08, 2.21278302348e-08, 2.60900865356e-08, 4.28507007655e-09, 2.39396258372e-09, 1.58724877686e-09, 7.61433083252e-10, 1.02623365361e-09, 4.86727680382e-09, 4.16613854526e-09, 1.5045649171e-09, 5.93930127302e-10, 3.0664354389e-10, 1.6090674626e-10, 3.11305183021e-11, 4.59390511742e-11, 2.9326933243e-11, 2.49702775817e-11, 1.88283937053e-11, 9.46527665274e-12, 4.17870035449e-12, 2.94990529399e-12, 1.53965859159e-12, 1.20689612818e-12, 5.32591332147e-13, 3.6013463804e-13, 5.45790138345e-13, 3.36342824252e-13, 2.80895315688e-13, 1.537618096e-13], "dvar2": [9.98057544166e-07, 2.77756703326e-06, 4.15680506194e-06, 1.36385028782e-06, 4.8064538305e-07, 2.68762960332e-07, 4.23652494419e-07, 1.97395777946e-07, 1.97501165644e-07, 1.5696953426e-07, 1.05615391988e-07, 5.52045626989e-08, 5.61408590727e-08, 7.72810171412e-09, 5.46582157313e-09, 3.00217983806e-09, 1.7883573511e-09, 2.40481567992e-09, 1.2000334948e-08, 9.92026905067e-09, 3.51410900379e-09, 1.55342849695e-09, 7.51209705552e-10, 4.14297512963e-10, 8.14484660272e-11, 1.25413859853e-10, 7.38972633085e-11, 6.29218413484e-11, 4.6441388929e-11, 2.34337809574e-11, 1.02458102766e-11, 7.33761489069e-12, 3.57288395918e-12, 2.95090449472e-12, 1.23156476337e-12, 8.38809707457e-13, 1.1631624483e-12, 7.33431653084e-13, 5.70571584771e-13, 3.17210206669e-13], "max": [0.00832240656018, 0.0170756969601, 0.0254878103733, 0.0165631361306, 0.00965835060924, 0.00991838052869, 0.0125877475366, 0.0106119196862, 0.0127218905836, 0.00876429118216, 0.00799881201237, 0.0063791135326, 0.00444415770471, 0.00396180152893, 0.00195801258087, 0.00340114650317, 0.0011725834338, 0.00128433096688, 0.00267926929519, 0.00159840460401, 0.00128942716401, 0.000851178367157, 0.000391000998206, 0.000462968746433, 0.000129077627207, 0.000208857512916, 0.000135341048008, 0.000116288545541, 0.000148933395394, 0.000141722470289, 4.27495542681e-05, 6.75792180118e-05, 3.40047408827e-05, 3.23270724039e-05, 2.4722849048e-05, 2.83944700641e-05, 3.50989394065e-05, 2.30268015002e-05, 2.87528910121e-05, 2.27107611863e-05], "mean": [0.000190561346244, 0.000361146958312, 0.000473022664664, 0.000446980149718, 0.000351997994585, 0.000285749876639, 0.000248977943556, 0.00014894134074, 0.000127755949507, 0.000124361802591, 8.63131208462e-05, 7.48270540498e-05, 6.8257068051e-05, 2.48687247222e-05, 2.232251245e-05, 1.66723712027e-05, 1.30325033751e-05, 1.47523478518e-05, 2.35074567172e-05, 3.14891258313e-05, 2.03790896194e-05, 1.64203720487e-05, 1.17948775369e-05, 8.21033700049e-06, 4.38223378296e-06, 4.33458444604e-06, 4.14554779127e-06, 3.6964318042e-06, 2.63564493252e-06, 1.84298005479e-06, 1.3408233599e-06, 1.17847832826e-06, 1.11553129045e-06, 9.50603293859e-07, 6.3705743969e-07, 4.60548477577e-07, 4.62949287794e-07, 3.96050438667e-07, 3.20901420992e-07, 2.06598059549e-07], "median": [3.77823962481e-05, 0.000118546151498, 0.000169144463143, 0.000178960384801, 7.82146526035e-05, 4.32070737588e-05, 3.02678399748e-05, 1.27097255245e-05, 1.00887609733e-05, 1.10446762847e-05, 9.34600120672e-06, 7.00400960341e-06, 4.43823455498e-06, 1.91396657101e-06, 2.08112169275e-06, 1.71241515545e-06, 1.24150983538e-06, 1.17454146675e-06, 1.06463062366e-06, 1.2675261587e-06, 1.3445986724e-06, 1.1433879763e-06, 9.45312990552e-07, 5.50802838006e-07, 3.35073565338e-07, 4.10770240933e-07, 3.98605152441e-07, 3.0158730624e-07, 1.94661268438e-07, 2.01181535431e-07, 2.13211961864e-07, 1.38931554261e-07, 1.53092045707e-07, 1.18819222905e-07, 9.54260173103e-08, 8.38947968873e-08, 8.85980355747e-08, 6.77650717762e-08, 4.87159148577e-08, 2.95909341474e-08], "min": [3.69092019454e-23, 1.82841375974e-23, 1.25488348265e-23, 9.59647792366e-24, 1.33861381022e-23, 8.25998898917e-24, 1.22554921657e-23, 6.18924370689e-24, 7.02345661998e-24, 1.10759699853e-23, 1.48238150139e-23, 7.9589786004e-24, 2.47827232475e-23, 1.72817856877e-23, 9.22722396684e-24, 1.27156008107e-23, 3.58311469989e-24, 8.42965009292e-24, 4.42818115575e-24, 1.02758323135e-23, 1.19855715741e-23, 8.9597732987e-24, 1.34064070943e-23, 1.30007432624e-23, 1.17877039598e-23, 8.14331803901e-24, 2.01881243896e-23, 1.14182354329e-23, 8.14313029011e-24, 5.38320220002e-24, 7.8543527674e-24, 9.12390133205e-24, 1.26803963151e-23, 1.37319983889e-23, 1.37828720287e-23, 1.04828199487e-23, 1.08098651139e-23, 9.93887668868e-24, 9.61711689152e-24, 1.0716490804e-23], "var": [2.83482506802e-07, 7.52039397867e-07, 1.26500731312e-06, 6.56039958358e-07, 4.7858952712e-07, 3.86650782502e-07, 4.1300560838e-07, 1.56183148192e-07, 1.87673279584e-07, 1.6503518907e-07, 8.75859953453e-08, 5.18894012203e-08, 6.53312142163e-08, 1.29268213911e-08, 5.7623332772e-09, 6.94826374215e-09, 2.12007567058e-09, 3.09232928153e-09, 1.1171986003e-08, 1.24074119867e-08, 4.56417970085e-09, 1.77045067495e-09, 8.3905876691e-10, 4.15487255712e-10, 9.58019150121e-11, 1.15547287016e-10, 9.08368172348e-11, 7.76801817315e-11, 5.68932123635e-11, 2.84553908214e-11, 7.92422290979e-12, 7.49130705385e-12, 5.92413835002e-12, 4.18188443943e-12, 1.71271341293e-12, 8.88759172594e-13, 1.16961290913e-12, 8.26653361648e-13, 6.57399698914e-13, 3.93882761693e-13]}, "melbands_crest": {"dmean": 2.89169120789, "dmean2": 4.72818422318, "dvar": 7.7733745575, "dvar2": 21.121213913, "max": 33.27186203, "mean": 14.2051935196, "median": 13.6123170853, "min": 1.43993377686, "var": 26.2402801514}, "melbands_flatness_db": {"dmean": 0.0257867034525, "dmean2": 0.038639832288, "dvar": 0.00091260264162, "dvar2": 0.00201242277399, "max": 0.489800959826, "mean": 0.231225520372, "median": 0.220126137137, "min": 0.00429734494537, "var": 0.00652565108612}, "melbands_kurtosis": {"dmean": 9.46859073639, "dmean2": 15.3978271484, "dvar": 431.059783936, "dvar2": 1139.20874023, "max": 394.081604004, "mean": 20.429397583, "median": 11.8805131912, "min": -1.84333384037, "var": 846.230834961}, "melbands_skewness": {"dmean": 0.743405222893, "dmean2": 1.16333138943, "dvar": 1.02929782867, "dvar2": 2.59353327751, "max": 14.6460676193, "mean": 3.11311459541, "median": 2.82956647873, "min": -0.539178609848, "var": 3.26809978485}, "melbands_spread": {"dmean": 5.23330259323, "dmean2": 7.99058246613, "dvar": 100.353759766, "dvar2": 201.811523438, "max": 196.157058716, "mean": 16.8946266174, "median": 12.5575275421, "min": 0.660532593727, "var": 304.01361084}, "mfcc": {"cov": [[13831.5908203, -1691.41418457, -1218.7623291, -262.416290283, -771.999755859, -475.800476074, -459.06048584, -37.9021759033, -48.0144309998, 92.0832290649, -51.934677124, 47.1112785339, 163.910095215], [-1691.41418457, 1405.70544434, -105.276977539, -143.041229248, 115.194564819, -10.8520269394, 33.88331604, -2.91616773605, -40.2169418335, 15.2228784561, -0.30634650588, -50.950592041, -4.1186041832], [-1218.7623291, -105.276977539, 654.350036621, 85.5142669678, 85.7789764404, 123.841766357, 45.451965332, -38.65366745, 11.7023105621, -28.9344139099, 0.353699684143, 36.914150238, -30.8105220795], [-262.416290283, -143.041229248, 85.5142669678, 382.677856445, 78.9604797363, 4.74365568161, 27.6214504242, 3.13046741486, 33.1579666138, -28.8319282532, -4.75915145874, 29.5234127045, -8.73838329315], [-771.999755859, 115.194564819, 85.7789764404, 78.9604797363, 252.177886963, 64.37134552, 29.4333381653, -9.11042118073, 38.8129234314, -10.8934612274, 8.58872795105, 4.49901533127, -13.2461423874], [-475.800476074, -10.8520269394, 123.841766357, 4.74365568161, 64.37134552, 236.49041748, 89.5604019165, 0.196277439594, 20.722486496, 3.46427059174, 11.9381885529, -6.15738010406, -24.6888923645], [-459.06048584, 33.88331604, 45.451965332, 27.6214504242, 29.4333381653, 89.5604019165, 225.636032104, 54.7631721497, 4.6399474144, -12.1730794907, 8.42425823212, -3.83772802353, -11.4997644424], [-37.9021759033, -2.91616773605, -38.65366745, 3.13046741486, -9.11042118073, 0.196277439594, 54.7631721497, 137.784927368, 33.2650756836, 3.9570350647, 8.35008144379, -0.997104644775, 6.11079740524], [-48.0144309998, -40.2169418335, 11.7023105621, 33.1579666138, 38.8129234314, 20.722486496, 4.6399474144, 33.2650756836, 131.426025391, 31.670003891, 15.7494945526, -0.243717595935, -13.1799860001], [92.0832290649, 15.2228784561, -28.9344139099, -28.8319282532, -10.8934612274, 3.46427059174, -12.1730794907, 3.9570350647, 31.670003891, 104.113578796, 31.0576858521, -8.7723608017, 1.30149388313], [-51.934677124, -0.30634650588, 0.353699684143, -4.75915145874, 8.58872795105, 11.9381885529, 8.42425823212, 8.35008144379, 15.7494945526, 31.0576858521, 82.4505386353, 18.7784328461, -1.95785677433], [47.1112785339, -50.950592041, 36.914150238, 29.5234127045, 4.49901533127, -6.15738010406, -3.83772802353, -0.997104644775, -0.243717595935, -8.7723608017, 18.7784328461, 85.3446044922, 21.7442474365], [163.910095215, -4.1186041832, -30.8105220795, -8.73838329315, -13.2461423874, -24.6888923645, -11.4997644424, 6.11079740524, -13.1799860001, 1.30149388313, -1.95785677433, 21.7442474365, 79.9561920166]], "icov": [[0.000131437962409, 0.000155474976054, 0.000223823270062, 4.9655638577e-05, 0.000216707470827, 3.68196269847e-05, 0.000120287579193, 7.60269031161e-05, -3.67974098481e-05, -5.13938030053e-05, 8.39477943373e-05, -9.77358431555e-05, -8.75971018104e-05], [0.000155474976054, 0.00102327973582, 0.000378928583814, 0.000419066316681, -0.000374565279344, 0.000244751834543, -5.72039862163e-05, 8.78967402969e-05, 0.000318246806273, -0.000228363962378, 9.61176265264e-05, 0.000228540433454, -7.92419159552e-05], [0.000223823270062, 0.000378928583814, 0.00228297989815, -0.000105660627014, 2.59237622231e-05, -0.000766589771956, 0.00010023546929, 0.000639478617813, -7.67494930187e-05, 0.000189171507373, 0.000356413802365, -0.00106544431765, 0.000444739678642], [4.9655638577e-05, 0.000419066316681, -0.000105660627014, 0.00322862598114, -0.000963046099059, 0.000574932724703, -0.000436528876889, 0.000122683588415, -0.000637872086372, 0.000587755872402, 0.000376672833227, -0.000877886137459, 0.000311006471748], [0.000216707470827, -0.000374565279344, 2.59237622231e-05, -0.000963046099059, 0.0056736045517, -0.00105899886694, 0.000176193469088, 0.000808099342976, -0.00169430545066, 0.000858236162458, -0.000432322907727, -0.000137560418807, -0.000248726690188], [3.68196269847e-05, 0.000244751834543, -0.000766589771956, 0.000574932724703, -0.00105899886694, 0.00600802525878, -0.00225117523223, 0.000727991689928, -0.000499687273987, -0.000426617683843, -0.000380248966394, 0.000493169296533, 0.000786010699812], [0.000120287579193, -5.72039862163e-05, 0.00010023546929, -0.000436528876889, 0.000176193469088, -0.00225117523223, 0.00626993738115, -0.00259777740575, 0.000789647689089, 0.000642320199404, -0.000451900792541, 0.000195804153918, 0.000231165977311], [7.60269031161e-05, 8.78967402969e-05, 0.000639478617813, 0.000122683588415, 0.000808099342976, 0.000727991689928, -0.00259777740575, 0.00929655507207, -0.00283928425051, 0.000593292643316, -0.000558646977879, 0.000162640877534, -0.00115256453864], [-3.67974098481e-05, 0.000318246806273, -7.67494930187e-05, -0.000637872086372, -0.00169430545066, -0.000499687273987, 0.000789647689089, -0.00283928425051, 0.010095929727, -0.00319970864803, -0.000254991464317, -0.000141156255268, 0.00163656577934], [-5.13938030053e-05, -0.000228363962378, 0.000189171507373, 0.000587755872402, 0.000858236162458, -0.000426617683843, 0.000642320199404, 0.000593292643316, -0.00319970864803, 0.0126788793132, -0.00485308514908, 0.00222669937648, -0.00116999796592], [8.39477943373e-05, 9.61176265264e-05, 0.000356413802365, 0.000376672833227, -0.000432322907727, -0.000380248966394, -0.000451900792541, -0.000558646977879, -0.000254991464317, -0.00485308514908, 0.0153527939692, -0.0045522316359, 0.00145092164166], [-9.77358431555e-05, 0.000228540433454, -0.00106544431765, -0.000877886137459, -0.000137560418807, 0.000493169296533, 0.000195804153918, 0.000162640877534, -0.000141156255268, 0.00222669937648, -0.0045522316359, 0.01508235652, -0.00442181061953], [-8.75971018104e-05, -7.92419159552e-05, 0.000444739678642, 0.000311006471748, -0.000248726690188, 0.000786010699812, 0.000231165977311, -0.00115256453864, 0.00163656577934, -0.00116999796592, 0.00145092164166, -0.00442181061953, 0.0147374058142]], "mean": [-743.72869873, 131.146942139, 11.8238973618, 25.0699481964, 4.68090724945, -1.69664514065, -6.34468984604, 3.13597202301, -1.08049416542, -4.77265977859, -10.0944414139, -4.49561452866, -3.76418161392]}, "pitch_salience": {"dmean": 0.0626015365124, "dmean2": 0.101843170822, "dvar": 0.00396773032844, "dvar2": 0.0108086206019, "max": 0.930504560471, "mean": 0.589217782021, "median": 0.599159359932, "min": 0.110405683517, "var": 0.00979984086007}, "silence_rate_20dB": {"dmean": 0, "dmean2": 0, "dvar": 0, "dvar2": 0, "max": 1, "mean": 1, "median": 1, "min": 1, "var": 0}, "silence_rate_30dB": {"dmean": 0.000874125864357, "dmean2": 0.00174844276626, "dvar": 0.000873424985912, "dvar2": 0.00218251696788, "max": 1, "mean": 0.999344468117, "median": 1, "min": 0, "var": 0.000655112846289}, "silence_rate_60dB": {"dmean": 0.0710227265954, "dmean2": 0.142060980201, "dvar": 0.0659817680717, "dvar2": 0.137612774968, "max": 1, "mean": 0.4058778584, "median": 0, "min": 0, "var": 0.24116897583}, "spectral_centroid": {"dmean": 206.362304688, "dmean2": 310.555053711, "dvar": 103208.585938, "dvar2": 198856.296875, "max": 11028.2949219, "mean": 998.996948242, "median": 835.255615234, "min": 174.951202393, "var": 423610.875}, "spectral_complexity": {"dmean": 1.93116259575, "dmean2": 2.94721889496, "dvar": 8.69751644135, "dvar2": 16.9417114258, "max": 52, "mean": 10.289522171, "median": 6, "min": 0, "var": 98.1321334839}, "spectral_contrast_coeffs": {"dmean": [0.0467410944402, 0.040793530643, 0.0343090631068, 0.0280887428671, 0.0216680224985, 0.0174339357764], "dmean2": [0.0765309855342, 0.0646783784032, 0.0535132549703, 0.0440610051155, 0.0338626690209, 0.0267684105784], "dvar": [0.00176929216832, 0.00130598980468, 0.000898525002412, 0.000591324002016, 0.000350054819137, 0.000285769667244], "dvar2": [0.0045077810064, 0.00308807683177, 0.00209001498297, 0.00134837324731, 0.000775717315264, 0.000647577340715], "max": [-0.332901775837, -0.385188609362, -0.452210992575, -0.529209971428, -0.54944306612, -0.616726219654], "mean": [-0.61006551981, -0.707017600536, -0.74754357338, -0.781619250774, -0.793377459049, -0.781916499138], "median": [-0.614929556847, -0.71359950304, -0.753707408905, -0.787772715092, -0.799140036106, -0.782922267914], "min": [-0.950333952904, -0.969839632511, -0.967478513718, -0.958802103996, -0.955810964108, -0.95918828249], "var": [0.00783336348832, 0.00654246797785, 0.00535680167377, 0.00361422961578, 0.00252168974839, 0.00202096183784]}, "spectral_contrast_valleys": {"dmean": [0.41986322403, 0.357983618975, 0.346624433994, 0.320794314146, 0.302913755178, 0.355101495981], "dmean2": [0.676842749119, 0.56352263689, 0.537745714188, 0.473888546228, 0.41447520256, 0.44611158967], "dvar": [0.179171338677, 0.122979424894, 0.121604345739, 0.115335837007, 0.127907499671, 0.199564710259], "dvar2": [0.3934199512, 0.268743097782, 0.255118429661, 0.210857987404, 0.212589919567, 0.322392493486], "max": [-5.14381933212, -4.77486753464, -5.39113235474, -5.86114501953, -5.74950456619, -7.85037899017], "mean": [-8.23119831085, -7.7689948082, -8.53541564941, -8.97550678253, -8.77450180054, -11.2529172897], "median": [-8.0904045105, -7.82086372375, -8.57740592957, -9.00810718536, -8.78847980499, -11.0537376404], "min": [-27.6770648956, -27.3782806396, -27.3122653961, -27.1183795929, -27.2991218567, -27.3216381073], "var": [1.35620331764, 1.56140637398, 1.5790156126, 1.61214923859, 2.10723114014, 2.0834236145]}, "spectral_decrease": {"dmean": 1.04527486666e-09, "dmean2": 1.68218650121e-09, "dvar": 4.98046811666e-18, "dvar2": 1.29124854038e-17, "max": 7.47431798825e-18, "mean": -2.95651392257e-09, "median": -1.14853471178e-09, "min": -3.66148285025e-08, "var": 1.74001246881e-17}, "spectral_energy": {"dmean": 0.00413680868223, "dmean2": 0.00660469057038, "dvar": 7.73016581661e-05, "dvar2": 0.000197663641302, "max": 0.145097494125, "mean": 0.0120452782139, "median": 0.00456586806104, "min": 1.08692679556e-20, "var": 0.000294953613775}, "spectral_energyband_high": {"dmean": 0.000124317302834, "dmean2": 0.000173803884536, "dvar": 8.33706792491e-08, "dvar2": 1.63631540318e-07, "max": 0.00811918545514, "mean": 0.000320314517012, "median": 5.21588954143e-05, "min": 7.59305677311e-21, "var": 3.93897721551e-07}, "spectral_energyband_low": {"dmean": 0.0015759866219, "dmean2": 0.00279597146437, "dvar": 2.14082119783e-05, "dvar2": 6.00704152021e-05, "max": 0.0749356299639, "mean": 0.00198094220832, "median": 0.000695958093274, "min": 1.52437398732e-22, "var": 1.78486225195e-05}, "spectral_energyband_middle_high": {"dmean": 0.000871032127179, "dmean2": 0.00123264733702, "dvar": 5.58482088309e-06, "dvar2": 1.09552211143e-05, "max": 0.0894795134664, "mean": 0.0028825821355, "median": 0.000347246561432, "min": 1.77482465247e-21, "var": 4.58130853076e-05}, "spectral_energyband_middle_low": {"dmean": 0.00279976055026, "dmean2": 0.00439294194803, "dvar": 4.16742077505e-05, "dvar2": 0.000109855041956, "max": 0.108644507825, "mean": 0.00731494976208, "median": 0.00283194542862, "min": 3.39630797258e-22, "var": 0.000116055394756}, "spectral_entropy": {"dmean": 0.193982332945, "dmean2": 0.27155700326, "dvar": 0.0551717057824, "dvar2": 0.0978511497378, "max": 9.79341125488, "mean": 7.22340631485, "median": 7.3322687149, "min": 5.02443313599, "var": 0.332739651203}, "spectral_flux": {"dmean": 0.0149425845593, "dmean2": 0.0234367344528, "dvar": 0.000500882568303, "dvar2": 0.00101997156162, "max": 0.294732242823, "mean": 0.0450262352824, "median": 0.0300032775849, "min": 1.04255784561e-10, "var": 0.00187266373541}, "spectral_kurtosis": {"dmean": 2.08355093002, "dmean2": 3.3709859848, "dvar": 7.43745470047, "dvar2": 17.971157074, "max": 43.9412384033, "mean": 6.48960638046, "median": 4.66382169724, "min": -1.23485457897, "var": 28.9652194977}, "spectral_rms": {"dmean": 0.00049121590564, "dmean2": 0.000756380031817, "dvar": 5.76409206587e-07, "dvar2": 1.41338784942e-06, "max": 0.0118978368118, "mean": 0.00275977281854, "median": 0.00211056997068, "min": 3.2564036103e-12, "var": 4.13516590925e-06}, "spectral_rolloff": {"dmean": 375.507324219, "dmean2": 632.970336914, "dvar": 759856.4375, "dvar2": 1640985.625, "max": 18906.1523438, "mean": 1112.59216309, "median": 667.529296875, "min": 86.1328125, "var": 1887315.125}, "spectral_skewness": {"dmean": 0.262664020061, "dmean2": 0.403216570616, "dvar": 0.0969574525952, "dvar2": 0.203153416514, "max": 5.22885322571, "mean": 1.86883056164, "median": 1.70346677303, "min": -0.135624647141, "var": 0.544356942177}, "spectral_spread": {"dmean": 573614.4375, 