{"lowlevel": {"average_loudness": 0.865026950836, "barkbands": {"dmean": [8.32047680888e-06, 0.00095922825858, 0.00081369234249, 0.000583298155107, 0.000977590563707, 0.000650344591122, 0.000277924787952, 0.000293709803373, 0.000272384029813, 0.000164316676091, 0.000239921617322, 0.000242291673203, 0.000531882746145, 0.000412534805946, 0.000304250977933, 0.000761058996432, 0.000273721903795, 0.00028636015486, 0.000435805064626, 0.000176097586518, 0.000150406835019, 5.35881699761e-05, 1.83304400707e-05, 1.20377371786e-05, 7.59395834393e-06, 2.86755221168e-06, 3.76646426048e-07], "dmean2": [1.32992772706e-05, 0.00149855215568, 0.00136976165231, 0.00100810662843, 0.00164809310809, 0.000980597222224, 0.000454464316135, 0.000454704946605, 0.00041231000796, 0.000251869932981, 0.000389471562812, 0.000404653663281, 0.000865216134116, 0.000658195000142, 0.000476907676784, 0.00118771090638, 0.000418966228608, 0.000478756701341, 0.000760051363613, 0.000278997729765, 0.000233140250202, 8.00184134278e-05, 2.57030333159e-05, 1.59969913511e-05, 1.01869673017e-05, 3.82468488169e-06, 5.92171716107e-07], "dvar": [5.1472559548e-10, 3.88191210732e-06, 2.66167694463e-06, 2.07100924854e-06, 2.51923802352e-06, 1.08960409761e-06, 1.90816066947e-07, 2.45565900059e-07, 2.40394996354e-07, 1.58981862342e-07, 3.34348300157e-07, 4.14623826828e-07, 1.96788460016e-06, 6.22833454145e-07, 3.7858976043e-07, 4.66487790618e-06, 4.0291604364e-07, 7.35521041406e-07, 2.28825524573e-06, 8.56423412188e-08, 7.62870300264e-08, 1.11126468028e-08, 1.37858024996e-09, 4.71050976003e-10, 4.03474531563e-10, 6.92732052276e-11, 1.96607782138e-11], "dvar2": [1.1791013721e-09, 9.16154749575e-06, 7.08808147465e-06, 5.78768549531e-06, 6.80892117089e-06, 2.58150839727e-06, 5.27068550582e-07, 5.89309308907e-07, 4.62028850734e-07, 2.82602314883e-07, 8.6703261104e-07, 1.2475359199e-06, 4.56001680504e-06, 1.53628548105e-06, 8.48103979934e-07, 1.1438409274e-05, 8.79692663602e-07, 2.13284806705e-06, 6.95490916769e-06, 2.05180086255e-07, 1.87478477187e-07, 2.44333016042e-08, 2.79885759014e-09, 9.16513864802e-10, 9.55986068085e-10, 1.47580253573e-10, 4.6874278764e-11], "max": [0.000232062855503, 0.0254575517029, 0.0202182848006, 0.0188198219985, 0.0259603150189, 0.0177391562611, 0.00650696828961, 0.0107728615403, 0.0130836060271, 0.0260147750378, 0.021130990237, 0.0138073544949, 0.0294261872768, 0.0174330901355, 0.0142359044403, 0.0436957292259, 0.0156430751085, 0.0288383364677, 0.0386486016214, 0.00676742754877, 0.00571892550215, 0.00335027487017, 0.00139723077882, 0.000406817591283, 0.000631691596936, 0.00028369933716, 0.000284977053525], "mean": [8.01077567303e-06, 0.00139322609175, 0.00162307976279, 0.000743227137718, 0.00173983199056, 0.00157989293803, 0.000486065779114, 0.000526678282768, 0.00052684120601, 0.000270147109404, 0.000400574790547, 0.00034930408583, 0.000800011737738, 0.000765558565035, 0.000617843703367, 0.00131864892319, 0.000624488340691, 0.000484692427563, 0.000750654027797, 0.00040821931907, 0.000326420471538, 0.000119742093375, 4.34365611e-05, 2.54981496255e-05, 1.4178366655e-05, 5.6604267229e-06, 4.79374079987e-07], "median": [1.17913532449e-06, 0.000437614624389, 0.000667721382342, 0.000349561480107, 0.00123055686709, 0.000905721972231, 0.000286031310679, 0.000268348929239, 0.000214476574911, 9.84451398836e-05, 0.000110900546133, 0.0001167638693, 0.000242691923631, 0.000281331071164, 0.000222793751163, 0.000233703438425, 0.000157224450959, 0.000202887662454, 0.000172291736817, 0.000204577445402, 0.000127842256916, 4.46669982921e-05, 1.43120678331e-05, 1.02983967736e-05, 4.13947054767e-06, 1.35614152441e-06, 7.40721972647e-08], "min": [3.51594812419e-25, 1.8143852096e-24, 3.4402098352e-25, 8.72760009581e-25, 5.97955856183e-24, 6.70562061697e-24, 6.39852416631e-24, 5.82575198455e-24, 1.86068747932e-23, 1.74003609481e-23, 1.96892897739e-23, 2.80628368681e-23, 2.06981876515e-23, 4.54437997265e-23, 4.10062772744e-23, 4.87317372696e-23, 4.93593108296e-23, 8.55386870645e-23, 1.10398407869e-22, 1.66932635824e-22, 2.87833710594e-22, 3.14399743848e-22, 4.02348217962e-22, 5.7608994771e-22, 7.67933296308e-22, 1.22070320617e-21, 1.92591314954e-21], "var": [5.31356680877e-10, 5.68551286051e-06, 5.02409920955e-06, 1.66047584571e-06, 3.4363067698e-06, 3.61207253263e-06, 3.54440601313e-07, 5.79940092393e-07, 1.05773040104e-06, 4.6452956326e-07, 7.95662117525e-07, 5.8548312154e-07, 3.80473079531e-06, 1.81395796517e-06, 1.21472169212e-06, 1.11672616185e-05, 1.94158974409e-06, 1.04356945485e-06, 4.12547751694e-06, 3.2995231436e-07, 2.48715650741e-07, 5.03905432936e-08, 6.10803940759e-09, 1.45298550969e-09, 8.39393221597e-10, 1.7871218394e-10, 1.88409721852e-11]}, "barkbands_crest": {"dmean": 2.15566086769, "dmean2": 3.54358315468, "dvar": 4.60185098648, "dvar2": 11.7368116379, "max": 26.2733955383, "mean": 8.37120342255, "median": 7.40211439133, "min": 2.57620716095, "var": 13.9051017761}, "barkbands_flatness_db": {"dmean": 0.0178209021688, "dmean2": 0.0259544346482, "dvar": 0.000395547278458, "dvar2": 0.000734937377274, "max": 0.449739575386, "mean": 0.135189771652, "median": 0.125085353851, "min": 0.041773699224, "var": 0.00242522452027}, "barkbands_kurtosis": {"dmean": 1.88427436352, "dmean2": 3.03084445, "dvar": 69.6801528931, "dvar2": 148.157592773, "max": 383.846679688, "mean": 2.00920200348, "median": -0.420473575592, "min": -1.90606093407, "var": 116.613426208}, "barkbands_skewness": {"dmean": 0.472427934408, "dmean2": 0.738492131233, "dvar": 0.361080080271, "dvar2": 0.807036876678, "max": 16.3579425812, "mean": 0.641038835049, "median": 0.521217882633, "min": -6.7481751442, "var": 1.79852998257}, "barkbands_spread": {"dmean": 5.17845535278, "dmean2": 8.00051021576, "dvar": 31.0103874207, "dvar2": 68.8920822144, "max": 94.5860671997, "mean": 26.7263660431, "median": 26.8073482513, "min": 0.397036135197, "var": 131.701766968}, "dissonance": {"dmean": 0.0149826435372, "dmean2": 0.0254263672978, "dvar": 0.000265038106591, "dvar2": 0.000733027525712, "max": 0.5, "mean": 0.471404343843, "median": 0.477558910847, "min": 0.259260773659, "var": 0.000548104348127}, "dynamic_complexity": 3.28787517548, "erbbands": {"dmean": [0.0205750335008, 0.248963534832, 0.845378696918, 1.41241133213, 3.06024003029, 3.28105211258, 4.34176826477, 5.88295841217, 4.23032140732, 4.13887071609, 6.60020160675, 6.08932876587, 4.30328559875, 7.30881643295, 8.06442832947, 8.88249206543, 23.4490394592, 20.3178691864, 14.5413913727, 28.7796401978, 26.6986961365, 14.7859401703, 17.1923770905, 22.6930332184, 12.2261695862, 7.61953687668, 8.06182479858, 3.80564928055, 2.1614151001, 0.971342921257, 0.481548905373, 0.288624256849, 0.183323785663, 0.106324248016, 0.0459075979888, 0.0165004916489, 0.00459495233372, 0.00082335685147, 5.98167644057e-05, 7.36486481401e-06], "dmean2": [0.029423551634, 0.403897464275, 1.43013751507, 2.41834592819, 5.23352432251, 5.59135198593, 6.45309114456, 8.94394207001, 6.96790456772, 6.53696155548, 9.8253288269, 9.56282138824, 6.66191625595, 11.4952688217, 12.9659996033, 14.7789239883, 37.5130691528, 32.4971008301, 22.6186275482, 45.1071891785, 41.8340263367, 22.7772331238, 28.6145362854, 39.0222015381, 20.5506248474, 12.0728807449, 12.7140235901, 5.6642408371, 3.27971291542, 1.3799533844, 0.671434342861, 0.39056250453, 0.24681532383, 0.144258737564, 0.0634796395898, 0.0222869887948, 0.00623257178813, 0.00114729325287, 9.45542342379e-05, 1.11337603812e-05], "dvar": [0.00230679358356, 0.252515763044, 2.85117650032, 9.14363670349, 45.0189247131, 22.6751327515, 55.0506286621, 96.231803894, 43.3585548401, 43.6444892883, 128.010910034, 110.807647705, 78.2432861328, 419.024719238, 242.32144165, 576.658813477, 3771.92529297, 1418.42004395, 664.546020508, 3633.36254883, 4803.03857422, 1059.41931152, 2781.91967773, 5047.43505859, 1069.19726562, 186.265441895, 241.326599121, 45.4305725098, 17.8329257965, 4.27908706665, 0.920441687107, 0.247937142849, 0.128968417645, 0.0709316954017, 0.0168985780329, 0.00197746953927, 0.000208459110581, 1.62271117006e-05, 8.84778671661e-07, 1.9132138096e-09], "dvar2": [0.00431779259816, 0.64506238699, 7.75372457504, 25.9504299164, 120.775436401, 63.3095321655, 128.162826538, 219.836578369, 120.733901978, 108.537399292, 267.530090332, 248.800872803, 148.319549561, 1010.73455811, 626.15222168, 1760.57446289, 8505.33886719, 3539.37670898, 1575.48925781, 8911.93359375, 12209.0244141, 2396.16186523, 7967.34179688, 15184.5117188, 3003.90209961, 482.237762451, 619.788330078, 94.2423095703, 41.4825515747, 8.18783855438, 1.89817273617, 0.472290486097, 0.269480705261, 0.165338039398, 0.041686180979, 0.00432896614075, 0.000451567786513, 3.63946637663e-05, 2.12807753996e-06, 4.87932494408e-09], "max": [0.556654930115, 6.3917927742, 21.0579299927, 39.5038452148, 94.0537719727, 73.9823532104, 172.79498291, 186.679458618, 93.8358612061, 154.095199585, 294.507720947, 321.483093262, 491.091430664, 816.606384277, 271.963775635, 653.55255127, 1492.12695312, 945.620788574, 729.318908691, 1277.09118652, 1503.20153809, 1054.92480469, 1981.42663574, 1644.84313965, 793.784790039, 292.42678833, 281.076080322, 151.715957642, 112.654067993, 73.5577316284, 30.4917297363, 10.2363243103, 7.21121454239, 9.46410369873, 4.45185184479, 1.4659692049, 0.596286416054, 0.166728869081, 0.0616127662361, 0.00261880876496], "mean": [0.0268764216453, 0.376489818096, 1.6509950161, 2.30587387085, 3.97557973862, 5.91746854782, 10.6974420547, 13.278216362, 7.81681489944, 8.08511734009, 12.8165721893, 11.3880939484, 8.01011562347, 12.9776926041, 13.7833166122, 14.3529119492, 36.9430999756, 37.7937240601, 32.1243515015, 57.995426178, 50.8192825317, 34.2224884033, 32.0982894897, 38.0868988037, 25.6198348999, 18.1348190308, 17.6196136475, 8.8151473999, 4.72166728973, 2.34408020973, 1.16187345982, 0.627171397209, 0.37334895134, 0.197581663728, 0.0841836258769, 0.031350184232, 0.00892449915409, 0.00154244620353, 8.35855171317e-05, 2.30404821195e-05], "median": [0.00706684961915, 0.158682435751, 0.78812277317, 1.39569664001, 2.19719171524, 3.95906686783, 6.24754905701, 8.00733280182, 5.07605218887, 4.61997652054, 6.47719955444, 5.37320566177, 3.85865998268, 3.95442247391, 4.99855899811, 5.93147134781, 12.0768690109, 15.9572477341, 18.4322433472, 22.461271286, 15.0284957886, 12.0751638412, 13.680100441, 10.9831380844, 8.92620372772, 9.22703075409, 6.96797323227, 3.78467798233, 1.82174289227, 0.812359929085, 0.375857234001, 0.267862021923, 0.135796010494, 0.0607506483793, 0.0234483350068, 0.00792619865388, 0.00208465452306, 0.000342070212355, 1.96381424757e-05, 1.8834041839e-05], "min": [6.26331640483e-23, 6.12425259658e-22, 1.03959477774e-21, 4.58321834656e-21, 9.05705578961e-21, 2.30588131041e-20, 3.24156863229e-20, 5.97365281461e-20, 8.70825375858e-20, 1.38821482904e-19, 2.57205917811e-19, 4.76357546639e-19, 4.69230972071e-19, 7.0501410109e-19, 7.92526863067e-19, 1.16588904971e-18, 1.17303692418e-18, 2.15832907831e-18, 2.23817330733e-18, 3.6612531788e-18, 3.16661571611e-18, 3.26101336082e-18, 4.86338359609e-18, 6.29361072164e-18, 6.89137113695e-18, 8.09873678033e-18, 1.03178961005e-17, 1.1657956817e-17, 1.03897053038e-17, 1.08147611606e-17, 1.0050008696e-17, 1.08904663846e-17, 9.43262507507e-18, 8.46552768909e-18, 6.09150402822e-18, 4.33257311162e-18, 1.88853998563e-18, 9.2338399254e-19, 2.40181713625e-19, 2.74032916971e-20], "var": [0.00356243108399, 0.341566801071, 4.60152769089, 8.7554731369, 39.3182411194, 41.7939567566, 187.251647949, 284.309661865, 76.8437194824, 115.362617493, 418.090240479, 390.562255859, 225.096618652, 1189.43383789, 575.731933594, 875.774291992, 7661.50439453, 3971.09106445, 1935.10522461, 10256.6318359, 11338.8945312, 4832.38769531, 4152.23046875, 9044.39941406, 2487.16455078, 710.59173584, 714.65447998, 208.576339722, 68.1838302612, 20.3152523041, 4.27136659622, 0.820044577122, 0.363295555115, 0.14074806869, 0.0356129258871, 0.0046491608955, 0.00051411089953, 3.00023712043e-05, 7.74636930601e-07, 1.69065039746e-09]}, "erbbands_crest": {"dmean": 2.3780412674, "dmean2": 3.89542531967, "dvar": 5.91099023819, "dvar2": 15.489484787, "max": 34.0780754089, "mean": 8.90182113647, "median": 7.71349287033, "min": 2.27972006798, "var": 21.3334121704}, "erbbands_flatness_db": {"dmean": 0.0178045406938, "dmean2": 0.0249256137758, "dvar": 0.000350353802787, "dvar2": 0.000690467073582, "max": 0.451891213655, "mean": 0.181241855025, "median": 0.177008241415, "min": 0.0327066779137, "var": 0.00219921348616}, "erbbands_kurtosis": {"dmean": 1.40684890747, "dmean2": 2.26815342903, "dvar": 11.3274230957, "dvar2": 29.3890552521, "max": 79.4936752319, "mean": 1.34406530857, "median": 0.0608472824097, "min": -1.82747530937, "var": 21.2432537079}, "erbbands_skewness": {"dmean": 0.370608240366, "dmean2": 0.580254971981, "dvar": 0.198152348399, "dvar2": 0.491277813911, "max": 5.50726699829, "mean": -0.369205057621, "median": -0.400168299675, "min": -8.24844837189, "var": 0.942761480808}, "erbbands_spread": {"dmean": 6.79908323288, "dmean2": 10.6160497665, "dvar": 56.0937576294, "dvar2": 128.518447876, "max": 159.112197876, "mean": 32.8591537476, "median": 31.6818714142, "min": 1.07795143127, "var": 271.283508301}, "gfcc": {"cov": [[27894.2558594, 928.738952637, -3270.19287109, 1129.49462891, -1014.2479248, 169.083496094, -912.540527344, 51.0786056519, -513.710571289, 73.5385284424, -307.982421875, 27.6626358032, -142.756011963], [928.738952637, 1122.70031738, -14.6537427902, -135.897949219, 81.4040298462, -129.608581543, 73.591255188, -137.185745239, 3.64977240562, -33.4891738892, -41.093837738, -89.2712554932, -32.1922988892], [-3270.19287109, -14.6537427902, 1398.42321777, 8.23470497131, -4.70606565475, 60.4287872314, 96.9555969238, 139.654541016, 26.035484314, -1.26165640354, 9.91897964478, 18.0276927948, -36.8565559387], [1129.49462891, -135.897949219, 8.23470497131, 353.105651855, -14.2160921097, 50.70262146, -31.2239303589, 51.3955078125, -5.57651996613, -19.1471805573, -5.27306652069, 15.9864330292, -24.9628372192], [-1014.2479248, 81.4040298462, -4.70606565475, -14.2160921097, 375.375396729, 49.8879356384, 69.2879180908, -32.7036857605, 48.269367218, -6.0296163559, 26.0056858063, -10.5438890457, -0.030742129311], [169.083496094, -129.608581543, 60.4287872314, 50.70262146, 49.8879356384, 201.600402832, 13.0561485291, 35.8731689453, 1.75176310539, 30.675245285, 8.14921855927, 13.591460228, 2.0731408596], [-912.540527344, 73.591255188, 96.9555969238, -31.2239303589, 69.2879180908, 13.0561485291, 172.857406616, 4.27996873856, 20.3150291443, -4.71234178543, 23.1949768066, 1.9843788147, -5.78152084351], [51.0786056519, -137.185745239, 139.654541016, 51.3955078125, -32.7036857605, 35.8731689453, 4.27996873856, 145.583465576, 0.551836073399, 5.07905817032, 14.9296178818, 16.7529125214, 5.1777882576], [-513.710571289, 3.64977240562, 26.035484314, -5.57651996613, 48.269367218, 1.75176310539, 20.3150291443, 0.551836073399, 125.054191589, 18.9421043396, -25.8155822754, -1.80262804031, 16.0323104858], [73.5385284424, -33.4891738892, -1.26165640354, -19.1471805573, -6.0296163559, 30.675245285, -4.71234178543, 5.07905817032, 18.9421043396, 81.4659881592, 12.5426254272, 1.15019631386, 5.09222888947], [-307.982421875, -41.093837738, 9.91897964478, -5.27306652069, 26.0056858063, 8.14921855927, 23.1949768066, 14.9296178818, -25.8155822754, 12.5426254272, 91.2898178101, 21.9262428284, -0.302855730057], [27.6626358032, -89.2712554932, 18.0276927948, 15.9864330292, -10.5438890457, 13.591460228, 1.9843788147, 16.7529125214, -1.80262804031, 1.15019631386, 21.9262428284, 79.4553146362, 18.7477817535], [-142.756011963, -32.1922988892, -36.8565559387, -24.9628372192, -0.030742129311, 2.0731408596, -5.78152084351, 5.1777882576, 16.0323104858, 5.09222888947, -0.302855730057, 18.7477817535, 75.5506362915]], "icov": [[0.000162139447639, -0.00035813607974, 0.000409678235883, -0.000453173328424, 0.000291089352686, -0.000326309964294, 0.000491109793074, -0.000494792708196, 0.000508242403157, -0.000403886428103, 0.000533170765266, -0.000480588816572, 0.000325219676597], [-0.00035813607974, 0.00201694085263, -0.000980794080533, 0.00119987118524, -0.000840604305267, 0.00132010597736, -0.00159169198014, 0.00191753893159, -0.000930038280785, 0.000992755638435, -0.000789547455497, 0.00198310916312, -0.000553919002414], [0.000409678235883, -0.000980794080533, 0.00189129938371, -0.00101690914016, 0.000799443107098, -0.00100770336576, 0.000859554274939, -0.00212402129546, 0.00108681083657, -0.000903978012502, 0.0014525980223, -0.00145270687062, 0.00137876986992], [-0.000453173328424, 0.00119987118524, -0.00101690914016, 0.00469763204455, -0.00079587957589, 0.000101837271359, -0.000730133906472, 0.000370016845409, -0.00174508965574, 0.00237641157582, -0.00125692225993, 0.000727836624719, 0.00065118848579], [0.000291089352686, -0.000840604305267, 0.000799443107098, -0.00079587957589, 0.00401639798656, -0.00186182919424, 7.02647157595e-05, 4.51978667115e-05, -0.000830567267258, 0.000499716494232, -0.000794585910626, -0.000164409400895, 0.000554058933631], [-0.000326309964294, 0.00132010597736, -0.00100770336576, 0.000101837271359, -0.00186182919424, 0.00718066375703, -0.00162673951127, 0.000181392533705, 0.000174355387571, -0.0021081015002, 8.57497871039e-05, 0.000549869961105, -0.000877756334376], [0.000491109793074, -0.00159169198014, 0.000859554274939, -0.000730133906472, 7.02647157595e-05, -0.00162673951127, 0.00871485471725, -0.00187888066284, 9.96432863758e-05, -4.28284765803e-05, -0.000505301228259, -0.00179878028575, 0.00169424794149], [-0.000494792708196, 0.00191753893159, -0.00212402129546, 0.000370016845409, 4.51978667115e-05, 0.000181392533705, -0.00187888066284, 0.0109231285751, -0.00196042400785, 0.00146630220115, -0.00306714954786, 0.00171745999251, -0.00205042981543], [0.000508242403157, -0.000930038280785, 0.00108681083657, -0.00174508965574, -0.000830567267258, 0.000174355387571, 9.96432863758e-05, -0.00196042400785, 0.0122611904517, -0.00494303647429, 0.00620406866074, -0.00194790284149, -0.00110599049367], [-0.000403886428103, 0.000992755638435, -0.000903978012502, 0.00237641157582, 0.000499716494232, -0.0021081015002, -4.28284765803e-05, 0.00146630220115, -0.00494303647429, 0.0162665192038, -0.00505304103717, 0.0023096522782, -0.000682502170093], [0.000533170765266, -0.000789547455497, 0.0014525980223, -0.00125692225993, -0.000794585910626, 8.57497871039e-05, -0.000505301228259, -0.00306714954786, 0.00620406866074, -0.00505304103717, 0.0167644526809, -0.0053911828436, 0.00156226963736], [-0.000480588816572, 0.00198310916312, -0.00145270687062, 0.000727836624719, -0.000164409400895, 0.000549869961105, -0.00179878028575, 0.00171745999251, -0.00194790284149, 0.0023096522782, -0.0053911828436, 0.0172869749367, -0.00485546467826], [0.000325219676597, -0.000553919002414, 0.00137876986992, 0.00065118848579, 0.000554058933631, -0.000877756334376, 0.00169424794149, -0.00205042981543, -0.00110599049367, -0.000682502170093, 0.00156226963736, -0.00485546467826, 0.0162887517363]], "mean": [-47.7186546326, 97.2055435181, -139.37928772, 43.3864021301, -49.950553894, -1.35823464394, -38.978263855, -2.31202816963, -23.8190860748, 6.6998090744, -16.9689311981, -4.14445781708, -9.41856384277]}, "hfc": {"dmean": 5.62951087952, "dmean2": 8.49642658234, "dvar": 68.3945236206, "dvar2": 167.000823975, "max": 145.473678589, "mean": 19.5995082855, "median": 15.303814888, "min": 1.07679645755e-16, "var": 324.284576416}, "melbands": {"dmean": [0.000228368269745, 0.000387219828553, 0.000281817337964, 0.000237190062762, 0.000140767893754, 0.000125594306155, 6.09455601079e-05, 5.21057190781e-05, 5.37147498108e-05, 3.91648936784e-05, 2.2174377591e-05, 2.96151047223e-05, 2.72730012512e-05, 2.22917406063e-05, 3.4108201362e-05, 6.50633519399e-05, 3.81156205549e-05, 2.55563263636e-05, 2.85947044176e-05, 6.99200827512e-05, 2.14095944102e-05, 1.60724302987e-05, 1.6981137378e-05, 1.34829415401e-05, 2.05438882404e-05, 1.52068823809e-05, 6.1700175138e-06, 5.58122292205e-06, 6.32012643109e-06, 3.55809197572e-06, 1.93364144252e-06, 1.51565359374e-06, 7.94959873929e-07, 4.88719933855e-07, 3.20711222912e-07, 2.20411493501e-07, 1.79363240704e-07, 1.4078139543e-07, 1.15636382247e-07, 8.78326673615e-08], "dmean2": [0.000343744381098, 0.00064585666405, 0.000475651409943, 0.000411334185628, 0.000210060650716, 0.000191218990949, 0.000100607176137, 8.16935935291e-05, 7.8540040704e-05, 6.20903228992e-05, 3.41017985193e-05, 4.628816896e-05, 4.43356475444e-05, 3.57671524398e-05, 5.70677657379e-05, 0.000106084233266, 6.07893525739e-05, 4.05093887821e-05, 4.47481979791e-05, 0.000108950778667, 3.37105739163e-05, 2.47717071034e-05, 2.74615649687e-05, 2.24152045121e-05, 3.54158510163e-05, 2.67626655841e-05, 9.87151361187e-06, 8.90710907697e-06, 1.00894703792e-05, 5.48815660295e-06, 2.86556633e-06, 2.35126981352e-06, 1.19277160593e-06, 7.01633439348e-07, 4.6017095201e-07, 3.14007792213e-07, 2.48070989528e-07, 1.95736518549e-07, 1.61562269341e-07, 1.23638514538e-07], "dvar": [2.42219726942e-07, 5.4136540939e-07, 3.85538754699e-07, 1.64346616316e-07, 5.0537710905e-08, 4.16449523755e-08, 8.95590446248e-09, 6.70302346961e-09, 9.89883819358e-09, 4.66106264696e-09, 2.37045916229e-09, 6.36100683238e-09, 3.07937164656e-09, 3.24533266927e-09, 1.01692183563e-08, 3.38694690072e-08, 6.2259126743e-09, 2.89092949579e-09, 4.10386169492e-09, 4.03036217733e-08, 2.52834508885e-09, 1.37716982263e-09, 2.51289233866e-09, 1.49176992981e-09, 4.55578375025e-09, 3.38925332244e-09, 1.37221470298e-10, 1.15201050088e-10, 1.77777237376e-10, 4.04735064907e-11, 1.3948922746e-11, 1.09975101942e-11, 2.84284509995e-12, 1.09323357658e-12, 4.43153760216e-13, 1.7561676397e-13, 9.38371627038e-14, 7.51659476848e-14, 6.36480207731e-14, 5.58668034252e-14], "dvar2": [5.1785082178e-07, 1.46032300563e-06, 1.07023322471e-06, 4.577383379e-07, 1.16861819777e-07, 9.66771409594e-08, 2.50397036439e-08, 1.637045699e-08, 1.83262329756e-08, 1.07754418721e-08, 4.32051816546e-09, 1.48977639114e-08, 8.14359424339e-09, 8.4414670809e-09, 3.21968443018e-08, 8.00330113293e-08, 1.53179851026e-08, 7.00047220192e-09, 9.10663544573e-09, 9.76449712198e-08, 6.44663611382e-09, 3.12166426042e-09, 6.64183552601e-09, 4.30338076285e-09, 1.36823805619e-08, 9.81453318616e-09, 3.38691463764e-10, 2.89413992771e-10, 4.74480121859e-10, 9.25384074923e-11, 2.98654503905e-11, 2.65268258748e-11, 6.26632079559e-12, 2.16688971454e-12, 9.41811299088e-13, 3.62014617502e-13, 1.86999653501e-13, 1.6095954322e-13, 1.40770113123e-13, 1.35355309318e-13], "max": [0.00614550383762, 0.00933262612671, 0.00783509761095, 0.00671119010076, 0.00542103080079, 0.0036220732145, 0.00130678655114, 0.00187727971934, 0.00317685864866, 0.00230505503714, 0.00292592286132, 0.00301776290871, 0.00140955974348, 0.00166803458706, 0.00218813796528, 0.00334285991266, 0.00217092060484, 0.00163746287581, 0.00155908742454, 0.00407949183136, 0.00105766695924, 0.00129015161656, 0.00150631309953, 0.00107852485962, 0.00156247336417, 0.00144928588998, 0.000320671242662, 0.000258859683527, 0.000266540242592, 0.00013387024228, 9.18274818105e-05, 9.39747915254e-05, 6.01803403697e-05, 3.44059917552e-05, 2.1518468202e-05, 9.40438803809e-06, 5.73590250497e-06, 6.09633525528e-06, 6.02320642429e-06, 9.23096376937e-06], "mean": [0.000319845363265, 0.000757189001888, 0.000458013237221, 0.00035641840077, 0.000354953896021, 0.000293266464723, 0.000111413428385, 9.74573995336e-05, 0.000105729333882, 7.00090022292e-05, 3.93315567635e-05, 5.15410974913e-05, 4.6674922487e-05, 3.28692876792e-05, 5.2818289987e-05, 9.40156751312e-05, 6.90769811627e-05, 4.93695952173e-05, 5.7841072703e-05, 0.000120240591059, 4.10307948187e-05, 3.51795715687e-05, 3.22913620039e-05, 2.29972156376e-05, 3.28335117956e-05, 2.57365591096e-05, 1.37711795105e-05, 1.16302671813e-05, 1.25754031615e-05, 7.57738007451e-06, 4.08432288168e-06, 2.99972339235e-06, 1.6475372604e-06, 1.11685767479e-06, 7.19077149824e-07, 4.57941922605e-07, 3.5417136246e-07, 2.77736290855e-07, 2.03862995818e-07, 1.53298145733e-07], "median": [9.45836945903e-05, 0.000430738553405, 0.000295902806101, 0.000229648707318, 0.000230967663811, 0.000179934955668, 7.2177790571e-05, 5.39552529517e-05, 4.67004683742e-05, 3.20261060551e-05, 1.65584751812e-05, 1.41801392601e-05, 1.48510198414e-05, 1.21549082905e-05, 1.61955085787e-05, 2.25038129429e-05, 2.39487508225e-05, 2.05094092962e-05, 1.70745988726e-05, 2.18650766328e-05, 1.21612356452e-05, 1.0123237189e-05, 9.19126796362e-06, 1.01347632153e-05, 7.13646113581e-06, 4.99049838254e-06, 5.25213135916e-06, 5.29543603989e-06, 4.59222292193e-06, 2.94024403047e-06, 1.43883676174e-06, 9.59214048635e-07, 5.50318020487e-07, 3.2389365856e-07, 2.11803993011e-07, 1.65019031328e-07, 1.44911041389e-07, 9.9774602802e-08, 6.06669985359e-08, 4.48564385636e-08], "min": [7.08062615865e-25, 5.5191282588e-25, 1.16787317005e-24, 1.50262343556e-24, 9.31042828195e-25, 1.19019428518e-24, 1.38507073612e-24, 1.77801221377e-24, 2.18784537277e-24, 2.52713681469e-24, 2.36026216488e-24, 2.51667336364e-24, 2.73513517792e-24, 2.37080391037e-24, 1.98516432647e-24, 1.59542779346e-24, 3.12388543759e-24, 3.44547779902e-24, 3.46998021317e-24, 3.01608542552e-24, 2.89278094401e-24, 3.01928543978e-24, 3.78951542257e-24, 3.25945729782e-24, 4.4326879181e-24, 4.10654284316e-24, 3.60240432117e-24, 4.16224431168e-24, 5.1749295104e-24, 5.76552008786e-24, 5.76615748747e-24, 5.50768208428e-24, 5.19305556185e-24, 5.79838994963e-24, 5.42787736523e-24, 5.05460337324e-24, 5.04071389928e-24, 5.44611425164e-24, 5.25223235709e-24, 6.46518172951e-24], "var": [3.65034509286e-07, 8.44376870646e-07, 3.56810772928e-07, 1.84233101663e-07, 1.65496132354e-07, 1.24233324073e-07, 1.56906594384e-08, 1.74746119797e-08, 3.940594695e-08, 1.62276592164e-08, 6.82442724553e-09, 1.86628170695e-08, 7.42103267726e-09, 4.64410732093e-09, 1.4817097771e-08, 6.17639912548e-08, 1.79027210834e-08, 7.63734231413e-09, 1.31672512893e-08, 9.70046514226e-08, 6.67167698865e-09, 6.09349992686e-09, 5.62919355573e-09, 2.08251860201e-09, 8.05453481689e-09, 5.64735369579e-09, 5.36904687376e-10, 3.79342390833e-10, 4.33051400295e-10, 1.45043838051e-10, 5.75403891201e-11, 3.45324879802e-11, 1.00274441528e-11, 4.94298829298e-12, 1.84752040056e-12, 5.94147073121e-13, 2.77322679794e-13, 2.04474173596e-13, 1.43043414028e-13, 9.49353985182e-14]}, "melbands_crest": {"dmean": 2.58209729195, "dmean2": 4.19148159027, "dvar": 6.58717441559, "dvar2": 16.4136142731, "max": 38.8212509155, "mean": 11.1560926437, "median": 10.234544754, "min": 1.59842514992, "var": 21.640209198}, "melbands_flatness_db": {"dmean": 0.0211649425328, "dmean2": 0.0308170560747, "dvar": 0.00064539606683, "dvar2": 0.00117007328663, "max": 0.597087264061, "mean": 0.175795450807, "median": 0.16241748631, "min": 0.00258265039884, "var": 0.00489982403815}, "melbands_kurtosis": {"dmean": 4.5721411705, "dmean2": 7.41794395447, "dvar": 1597.0135498, "dvar2": 4303.18457031, "max": 2872.23754883, "mean": 6.94850444794, "median": 1.81155538559, "min": -1.91679251194, "var": 1252.58093262}, "melbands_skewness": {"dmean": 0.588603079319, "dmean2": 0.923605442047, "dvar": 0.717344760895, "dvar2": 1.73541903496, "max": 44.7499427795, "mean": 1.71721935272, "median": 1.53455114365, "min": -5.41116333008, "var": 2.48927569389}, "melbands_spread": {"dmean": 8.78398799896, "dmean2": 13.9887447357, "dvar": 105.204734802, "dvar2": 258.573760986, "max": 192.290817261, "mean": 40.246307373, "median": 36.6435775757, "min": 0.231045752764, "var": 628.321350098}, "mfcc": {"cov": [[11339.0605469, 119.457542419, -986.170532227, 451.297241211, -58.8813819885, 108.126724243, -106.959411621, -24.7100963593, -89.4081268311, -11.8010616302, -208.483596802, -8.78283023834, -4.82361316681], [119.457542419, 1486.0489502, -42.2420082092, 79.0717163086, -8.3265504837, 47.6600723267, 17.9546222687, -85.3821487427, 17.408208847, -12.1973171234, 19.8078231812, -12.4769802094, -41.4373283386], [-986.170532227, -42.2420082092, 988.86505127, 66.5206680298, 22.8175525665, -72.4460830688, 41.1326141357, 53.8223686218, 40.9717788696, 14.922577858, 69.4552307129, -24.3917999268, -6.09089231491], [451.297241211, 79.0717163086, 66.5206680298, 276.143493652, 41.1296005249, 12.0678730011, -4.36323785782, 42.6442909241, 1.34670257568, 7.05153846741, 13.7882566452, -13.4492034912, -4.88961076736], [-58.8813819885, -8.3265504837, 22.8175525665, 41.1296005249, 225.702865601, 61.4726104736, 31.4170570374, 31.4758987427, 18.8312206268, 4.46108818054, 13.0220422745, 22.9755191803, 7.83599615097], [108.126724243, 47.6600723267, -72.4460830688, 12.0678730011, 61.4726104736, 167.353027344, 28.3176498413, 5.33592128754, 27.947347641, -12.1186637878, 27.6724376678, 28.421421051, 7.26808738708], [-106.959411621, 17.9546222687, 41.1326141357, -4.36323785782, 31.4170570374, 28.3176498413, 159.730636597, 36.2548179626, -22.2285652161, 6.55373954773, 32.4033279419, -9.05358409882, 2.40417289734], [-24.7100963593, -85.3821487427, 53.8223686218, 42.6442909241, 31.4758987427, 5.33592128754, 36.2548179626, 116.260993958, 18.3475837708, 1.42921376228, 18.4197006226, -13.9748249054, 10.4995651245], [-89.4081268311, 17.408208847, 40.9717788696, 1.34670257568, 18.8312206268, 27.947347641, -22.2285652161, 18.3475837708, 117.522193909, 27.9544277191, -15.5328493118, 29.2753181458, 19.1588382721], [-11.8010616302, -12.1973171234, 14.922577858, 7.05153846741, 4.46108818054, -12.1186637878, 6.55373954773, 1.42921376228, 27.9544277191, 92.6912536621, -7.35984325409, 8.88018321991, 16.5902919769], [-208.483596802, 19.8078231812, 69.4552307129, 13.7882566452, 13.0220422745, 27.6724376678, 32.4033279419, 18.4197006226, -15.5328493118, -7.35984325409, 124.059547424, 7.21599912643, -26.1929779053], [-8.78283023834, -12.4769802094, -24.3917999268, -13.4492034912, 22.9755191803, 28.421421051, -9.05358409882, -13.9748249054, 29.2753181458, 8.88018321991, 7.21599912643, 88.7252883911, 17.2755775452], [-4.82361316681, -41.4373283386, -6.09089231491, -4.88961076736, 7.83599615097, 7.26808738708, 2.40417289734, 10.4995651245, 19.1588382721, 16.5902919769, -26.1929779053, 17.2755775452, 92.498840332]], "icov": [[0.000111183187983, 5.10225663675e-06, 0.000100568737253, -0.000221525071538, 6.50066067465e-05, -8.48970885272e-05, 2.05770229513e-05, -1.17286508612e-05, 9.78276366368e-05, -1.9660756152e-05, 0.000186312376172, -3.84343147743e-05, 4.81562601635e-05], [5.10225663675e-06, 0.000769368838519, 5.63314097235e-05, -0.000362137652701, 4.76828645333e-05, -0.000104113976704, -0.000327387737343, 0.000884320004843, -0.00048311043065, 0.000180436967639, -0.00015722399985, 0.000309991039103, 0.000207047763979], [0.000100568737253, 5.63314097235e-05, 0.00132009468507, -0.000475934968563, -0.00012875162065, 0.000855766644236, -0.000381869176636, 5.05478274135e-05, -0.000870548014063, 0.000171036808752, -0.000752840423957, 0.000386836851249, -9.5694376796e-05], [-0.000221525071538, -0.000362137652701, -0.000475934968563, 0.00469202222303, -0.000735174049623, -0.000320644670865, 0.000994183123112, -0.00190506468061, 0.000661219761241, -0.000697221723385, -0.000357108743628, 0.000458895345218, 0.000122052006191], [6.50066067465e-05, 4.76828645333e-05, -0.00012875162065, -0.000735174049623, 0.00541802402586, -0.00183531327639, -0.00059407443041, -0.00109764083754, 0.000143248063978, -0.000265941023827, 0.000536311417818, -0.00128806161229, 0.000213129998883], [-8.48970885272e-05, -0.000104113976704, 0.000855766644236, -0.000320644670865, -0.00183531327639, 0.00865970924497, -0.00176489131991, 0.00106695014983, -0.00305284559727, 0.00217144493945, -0.00238242931664, -0.000996437505819, -0.000857539416756], [2.05770229513e-05, -0.000327387737343, -0.000381869176636, 0.000994183123112, -0.00059407443041, -0.00176489131991, 0.00824146904051, -0.00295833544806, 0.00297220097855, -0.00172449287493, -0.000920565740671, 0.000452058447991, -0.000459008093458], [-1.17286508612e-05, 0.000884320004843, 5.05478274135e-05, -0.00190506468061, -0.00109764083754, 0.00106695014983, -0.00295833544806, 0.0125439520925, -0.00385450222529, 0.0014585647732, -0.00212064385414, 0.00309017766267, -0.00168053933885], [9.78276366368e-05, -0.00048311043065, -0.000870548014063, 0.000661219761241, 0.000143248063978, -0.00305284559727, 0.00297220097855, -0.00385450222529, 0.0130328573287, -0.00384723837487, 0.00268870708533, -0.00365304388106, -0.000211455262615], [-1.9660756152e-05, 0.000180436967639, 0.000171036808752, -0.000697221723385, -0.000265941023827, 0.00217144493945, -0.00172449287493, 0.0014585647732, -0.00384723837487, 0.0126985851675, -0.000389317545341, -0.000235050174524, -0.00176168070175], [0.000186312376172, -0.00015722399985, -0.000752840423957, -0.000357108743628, 0.000536311417818, -0.00238242931664, -0.000920565740671, -0.00212064385414, 0.00268870708533, -0.000389317545341, 0.0110626881942, -0.00247545307502, 0.00338512775488], [-3.84343147743e-05, 0.000309991039103, 0.000386836851249, 0.000458895345218, -0.00128806161229, -0.000996437505819, 0.000452058447991, 0.00309017766267, -0.00365304388106, -0.000235050174524, -0.00247545307502, 0.014612307772, -0.00261976267211], [4.81562601635e-05, 0.000207047763979, -9.5694376796e-05, 0.000122052006191, 0.000213129998883, -0.000857539416756, -0.000459008093458, -0.00168053933885, -0.000211455262615, -0.00176168070175, 0.00338512775488, -0.00261976267211, 0.0129659930244]], "mean": [-672.476806641, 118.953323364, -22.5397434235, 39.2053947449, 1.32541334629, 6.83454942703, -5.05534982681, -9.5417842865, -2.70755267143, 0.342566996813, -3.23507857323, -0.288842022419, -4.73268651962]}, "pitch_salience": {"dmean": 0.0637890920043, "dmean2": 0.104686498642, "dvar": 0.00360811478458, "dvar2": 0.00921550672501, "max": 0.878088712692, "mean": 0.556567966938, "median": 0.556553483009, "min": 0.0589936971664, "var": 0.0102467285469}, "silence_rate_20dB": {"dmean": 0, "dmean2": 0, "dvar": 0, "dvar2": 0, "max": 1, "mean": 1, "median": 1, "min": 1, "var": 0}, "silence_rate_30dB": {"dmean": 0, "dmean2": 0, "dvar": 0, "dvar2": 0, "max": 1, "mean": 1, "median": 1, "min": 1, "var": 0}, "silence_rate_60dB": {"dmean": 0.0203816127032, "dmean2": 0.040767647326, "dvar": 0.0199642255902, "dvar2": 0.0421350374818, "max": 1, "mean": 0.092357724905, "median": 0, "min": 0, "var": 0.0838346630335}, "spectral_centroid": {"dmean": 247.986663818, "dmean2": 385.889770508, "dvar": 75443.6796875, "dvar2": 156442.953125, "max": 11813.8046875, "mean": 1970.7467041, "median": 1898.28588867, "min": 137.866241455, "var": 1711015.875}, "spectral_complexity": {"dmean": 3.15437984467, "dmean2": 4.616502285, "dvar": 14.5199127197, "dvar2": 24.8693199158, "max": 51, "mean": 17.8933334351, "median": 18, "min": 0, "var": 84.1563720703}, "spectral_contrast_coeffs": {"dmean": [0.0459794774652, 0.0406995043159, 0.0388994291425, 0.0348808728158, 0.0263453237712, 0.0205146819353], "dmean2": [0.0745323449373, 0.0672129169106, 0.0631496310234, 0.0554291717708, 0.0418907888234, 0.0304969567806], "dvar": [0.00156980124302, 0.00110757118091, 0.00105392106343, 0.00100189819932, 0.00064038700657, 0.000387172360206], "dvar2": [0.00401830719784, 0.00300622382201, 0.00271632429212, 0.00221108365804, 0.0014040346723, 0.000781188253313], "max": [-0.328429758549, -0.475667119026, -0.435726165771, -0.425087153912, -0.518596410751, -0.504646062851], "mean": [-0.637581825256, -0.736551761627, -0.75997620821, -0.726787447929, -0.742543041706, -0.721242249012], "median": [-0.637275695801, -0.735773026943, -0.761824846268, -0.727027595043, -0.742072880268, -0.719198703766], "min": [-0.980471372604, -0.980669915676, -0.978574693203, -0.977138102055, -0.967602193356, -0.965172529221], "var": [0.00717825768515, 0.00472122477368, 0.00477021140978, 0.00768664618954, 0.00524219125509, 0.0037240521051]}, "spectral_contrast_valleys": {"dmean": [0.460981696844, 0.350380241871, 0.33668923378, 0.297931224108, 0.26300984621, 0.359161168337], "dmean2": [0.718069911003, 0.558948099613, 0.525451242924, 0.458663642406, 0.372970283031, 0.406947821379], "dvar": [0.197128996253, 0.105725355446, 0.111259199679, 0.105119086802, 0.104488231242, 0.159170895815], "dvar2": [0.40181556344, 0.229053199291, 0.224913075566, 0.193026930094, 0.179033353925, 0.23074772954], "max": [-5.60034656525, -4.89148664474, -5.87127017975, -6.07784700394, -5.81937122345, -8.46130371094], "mean": [-8.04842185974, -7.29056215286, -8.23889827728, -8.22347927094, -8.1622543335, -11.1758337021], "median": [-7.61525440216, -6.85033130646, -7.81451654434, -7.74797105789, -7.72253417969, -10.8277540207], "min": [-28.1184406281, -28.2359828949, -27.7330379486, -27.8285541534, -27.4680194855, -27.4445304871], "var": [6.69425201416, 6.92896032333, 6.36228466034, 6.49948215485, 6.57050514221, 5.14700222015]}, "spectral_decrease": {"dmean": 1.04873609796e-09, "dmean2": 1.5786802976e-09, "dvar": 1.92219424244e-18, "dvar2": 4.36739989695e-18, "max": 6.573925022e-22, "mean": -3.75565312183e-09, "median": -3.36847949534e-09, "min": -1.85423694177e-08, "var": 6.32374946085e-18}, "spectral_energy": {"dmean": 0.00436179013923, "dmean2": 0.00654235901311, "dvar": 3.18622332998e-05, "dvar2": 7.17781294952e-05, "max": 0.0765141919255, "mean": 0.0159524269402, "median": 0.0143092880026, "min": 1.00256705544e-20, "var": 0.000115770533739}, "spectral_energyband_high": {"dmean": 0.000278083811281, "dmean2": 0.000410797802033, "dvar": 1.93692784478e-07, "dvar2": 3.9313687239e-07, "max": 0.0104412054643, "mean": 0.000758703856263, "median": 0.000384361948818, "min": 7.19352530607e-21, "var": 1.0565292996e-06}, "spectral_energyband_low": {"dmean": 0.00166727520991, "dmean2": 0.0026674028486, "dvar": 9.02578358364e-06, "dvar2": 2.24836912821e-05, "max": 0.0405461974442, "mean": 0.00337211368605, "median": 0.00213542440906, "min": 1.41009581006e-23, "var": 1.54571753228e-05}, "spectral_energyband_middle_high": {"dmean": 0.00218386482447, "dmean2": 0.00340413185768, "dvar": 1.04988412204e-05, "dvar2": 2.61889326794e-05, "max": 0.0498763471842, "mean": 0.00655234837905, "median": 0.00476509612054, "min": 1.1101227292e-21, "var": 4.250924394e-05}, "spectral_energyband_middle_low": {"dmean": 0.00207121879794, "dmean2": 0.00326743838377, "dvar": 1.16882456496e-05, "dvar2": 2.89598865493e-05, "max": 0.0449035838246, "mean": 0.00565316155553, "median": 0.00447588507086, "min": 1.21373482545e-22, "var": 2.45225619437e-05}, "spectral_entropy": {"dmean": 0.156628340483, "dmean2": 0.217813670635, "dvar": 0.0321377664804, "dvar2": 0.0590243041515, "max": 9.82475185394, "mean": 7.3785071373, "median": 7.39865112305, "min": 4.90774106979, "var": 0.258917808533}, "spectral_flux": {"dmean": 0.0169384200126, "dmean2": 0.0263530965894, "dvar": 0.000355463387677, "dvar2": 0.000766393321101, "max": 0.205309227109, "mean": 0.0616411603987, "median": 0.0583144389093, "min": 6.39550495896e-11, "var": 0.00113723718096}, "spectral_kurtosis": {"dmean": 1.92418682575, "dmean2": 3.25017333031, "dvar": 6.34319257736, "dvar2": 15.4701900482, "max": 64.5574264526, "mean": 4.78630638123, "median": 3.80972242355, "min": -1.25909566879, "var": 17.5649147034}, "spectral_rms": {"dmean": 0.000520391389728, "dmean2": 0.000768180179875, "dvar": 3.5830669276e-07, "dvar2": 7.57764496484e-07, "max": 0.00863990653306, "mean": 0.00366401858628, "median": 0.00373634579591, "min": 3.1274817805e-12, "var": 2.1383366402e-06}, "spectral_rolloff": {"dmean": 380.889038086, "dmean2": 642.719360352, "dvar": 345466.28125, "dvar2": 740145.9375, "max": 19552.1484375, "mean": 2328.57397461, "median": 2110.25390625, "min": 21.533203125, "var": 5191716.5}, "spectral_skewness": {"dmean": 0.228144228458, "dmean2": 0.373427957296, "dvar": 0.0647457316518, "dvar2": 0.148720175028, "max": 6.8996591568, "mean": 1.31204473972, "median": 1.23348736763, "min": -0.113676927984, "var": 0.322911202908}, "spectral_spread": {"dmean": 378279.8125, "dmean2": 523250.90625, "dvar": 425161850880, "dvar2": 870224822272, "max": 45129336, "mean": 4108297.7