{"lowlevel": {"average_loudness": 0.572584629059, "barkbands": {"dmean": [0.000181104260264, 0.00361851067282, 0.00106397026684, 0.000875952013303, 0.00069789448753, 0.000636578537524, 0.000595616642386, 0.000445685931481, 0.000572690390982, 0.000212463753996, 0.000169493432622, 0.000242043810431, 0.000369649380445, 0.000377198623028, 0.000312814401696, 0.000214669053094, 0.000207321485505, 0.000165427380125, 0.000248249532888, 0.000282019580482, 0.000220655929297, 0.000174971137312, 0.000143582801684, 8.51722579682e-05, 2.35947391047e-05, 2.13124758375e-06, 2.90110637735e-08], "dmean2": [0.000271460099611, 0.00569717399776, 0.00193472474348, 0.00142326275818, 0.0010448039975, 0.00102174794301, 0.000926373992115, 0.000694830319844, 0.000894101685844, 0.000326117908116, 0.000261179055087, 0.000375118659576, 0.000580732303206, 0.000575196812861, 0.000482991628814, 0.000338914745953, 0.000329790316755, 0.000255264545558, 0.000384491548175, 0.000442232500063, 0.000345261418261, 0.000249124772381, 0.000196125693037, 0.000113424299343, 3.25950350089e-05, 3.16157593261e-06, 4.78907580259e-08], "dvar": [1.57787241051e-07, 0.00010301117436, 1.05757162601e-05, 3.600422815e-06, 1.63573702139e-06, 3.28556097884e-06, 2.51223877967e-06, 1.80638653546e-06, 3.0891364986e-06, 2.91266786689e-07, 1.30665867459e-07, 2.77602509868e-07, 5.63615174087e-07, 1.08688630007e-06, 4.39821462805e-07, 3.03164625848e-07, 1.71702723151e-07, 1.01557745324e-07, 2.84103862214e-07, 3.14694858616e-07, 1.84513439194e-07, 1.46344603991e-07, 1.41426340861e-07, 7.86224418903e-08, 5.10732789394e-09, 2.33128290977e-11, 2.74032268502e-14], "dvar2": [3.50044444986e-07, 0.000226316304179, 3.06221954816e-05, 8.46441162139e-06, 3.25741802953e-06, 8.90383034857e-06, 5.7404290601e-06, 4.07143033954e-06, 7.2463599281e-06, 6.44572537567e-07, 2.96819450796e-07, 6.39183724616e-07, 1.38707332553e-06, 2.13522071135e-06, 1.03869331269e-06, 6.53046015486e-07, 4.30874081303e-07, 2.29819946185e-07, 5.82145617045e-07, 7.73186400238e-07, 4.0942128976e-07, 2.74649408993e-07, 2.30316416605e-07, 1.20927893477e-07, 8.98839402907e-09, 4.78533636328e-11, 7.08704470977e-14], "max": [0.00541474483907, 0.104949645698, 0.0384767204523, 0.0686685591936, 0.0454733967781, 0.049591306597, 0.0512208789587, 0.0362013950944, 0.0591270811856, 0.0165226906538, 0.00925704929978, 0.0115045085549, 0.0231916699558, 0.0421573258936, 0.0177620649338, 0.0276187434793, 0.00912891793996, 0.00977197289467, 0.0212930291891, 0.0136505989358, 0.0134417563677, 0.0140441944823, 0.00926492456347, 0.00979346316308, 0.00247059226967, 0.000115386937978, 8.02576960268e-06], "mean": [0.000286324037006, 0.00454356148839, 0.00112937029917, 0.00123493082356, 0.00133603741415, 0.00103328807745, 0.000928545196075, 0.000739026756492, 0.00102224154398, 0.000393971567973, 0.000310425908538, 0.000443421304226, 0.000639839505311, 0.000649318448268, 0.000587351038121, 0.000380441138986, 0.000386863277527, 0.000324188818922, 0.000517280306667, 0.0005565979518, 0.00040402423474, 0.000327399029629, 0.000277565733995, 0.000179437338375, 4.16293951275e-05, 3.12100928568e-06, 2.92815247604e-08], "median": [0.000127338716993, 0.00177934090607, 0.000489090976771, 0.000388469314203, 0.000656205869745, 0.000371616974007, 0.000214633022551, 0.000143882643897, 0.000202406517928, 0.000129771869979, 9.98079631245e-05, 0.000134283138323, 0.000230807097978, 0.000169809834915, 0.000198798195925, 0.000127397855977, 0.000149812418385, 0.000131288397824, 0.000165220946656, 0.000223265378736, 0.000149287647218, 0.000114738570119, 8.15204912215e-05, 3.75377567252e-05, 9.24959294935e-06, 7.94722438968e-07, 4.65324179189e-09], "min": [1.73657547048e-25, 2.29064992315e-24, 2.66590158944e-24, 8.03407648225e-25, 8.03527407171e-24, 6.46234853557e-24, 1.08191886609e-23, 5.04037232251e-24, 1.20830637379e-23, 1.58322427303e-23, 1.06612421416e-23, 2.10366231793e-23, 2.10176463414e-23, 2.24519406175e-23, 4.49182069489e-23, 3.14877301307e-23, 5.82143312887e-23, 1.14893867422e-22, 1.43079362695e-22, 1.62641573288e-22, 1.89617296719e-22, 3.35613614606e-22, 4.205995563e-22, 5.62193878875e-22, 8.23148864373e-22, 1.25240112671e-21, 1.80755341857e-21], "var": [2.05811915066e-07, 0.000105094732135, 6.75993987898e-06, 8.37321204017e-06, 5.99001123192e-06, 5.82750544709e-06, 5.6176486396e-06, 4.72026704301e-06, 9.55080395215e-06, 7.37299330922e-07, 3.72046457642e-07, 7.1149992209e-07, 1.22251560697e-06, 3.09105644192e-06, 1.10885139293e-06, 7.31494196771e-07, 3.98041379412e-07, 2.69856940349e-07, 9.02738577224e-07, 7.06212404111e-07, 4.01786508064e-07, 4.21409453111e-07, 4.50324762369e-07, 2.75874953104e-07, 1.41526541597e-08, 4.65338358124e-11, 2.11808211757e-14]}, "barkbands_crest": {"dmean": 2.74020957947, "dmean2": 4.32758188248, "dvar": 8.88139724731, "dvar2": 19.9991207123, "max": 26.3248920441, "mean": 9.3475189209, "median": 8.18880558014, "min": 1.99605464935, "var": 23.2916545868}, "barkbands_flatness_db": {"dmean": 0.0208793357015, "dmean2": 0.0307460557669, "dvar": 0.000513260660227, "dvar2": 0.00105803844053, "max": 0.438646376133, "mean": 0.122837737203, "median": 0.111332677305, "min": 0.0335066542029, "var": 0.00265282439068}, "barkbands_kurtosis": {"dmean": 3.14165377617, "dmean2": 4.75100898743, "dvar": 85.755607605, "dvar2": 177.61706543, "max": 329.042327881, "mean": 4.22750759125, "median": -0.0988938808441, "min": -1.94215512276, "var": 325.633239746}, "barkbands_skewness": {"dmean": 0.574565827847, "dmean2": 0.82957983017, "dvar": 0.566769897938, "dvar2": 1.07625949383, "max": 13.1113700867, "mean": 1.12295484543, "median": 0.810453116894, "min": -7.40058994293, "var": 2.8553071022}, "barkbands_spread": {"dmean": 7.57000494003, "dmean2": 11.657992363, "dvar": 83.6978988647, "dvar2": 176.156524658, "max": 115.760284424, "mean": 33.1819190979, "median": 32.5261421204, "min": 0.340465843678, "var": 290.914337158}, "dissonance": {"dmean": 0.0128357065842, "dmean2": 0.0210697129369, "dvar": 0.000247667660005, "dvar2": 0.000671884394251, "max": 0.499999970198, "mean": 0.474476277828, "median": 0.481568425894, "min": 0, "var": 0.000565404887311}, "dynamic_complexity": 4.58951187134, "erbbands": {"dmean": [0.135425284505, 0.728036940098, 1.13927042484, 2.16669631004, 3.05817222595, 1.99666261673, 2.79922223091, 6.54396915436, 7.8351817131, 8.46404743195, 9.31304168701, 12.7869739532, 8.99439239502, 6.06787490845, 9.48935222626, 8.89354228973, 14.2164335251, 18.5363693237, 14.5048942566, 12.0956916809, 11.0810441971, 10.583565712, 9.1007566452, 10.8214511871, 13.1693019867, 13.040968895, 10.6987667084, 7.27380895615, 6.28413581848, 5.25544214249, 3.96382474899, 2.49542975426, 1.1017742157, 0.385060578585, 0.112785726786, 0.0207656621933, 0.00194350990932, 0.000127788080135, 1.10446153485e-05, 8.78886112332e-06], "dmean2": [0.218164309859, 1.15641868114, 2.00067973137, 3.67015051842, 4.68073654175, 3.02899169922, 4.3123960495, 10.5374879837, 12.2457723618, 12.9257993698, 14.5764904022, 19.899055481, 13.6756134033, 9.50325679779, 14.3240585327, 13.794342041, 21.9698600769, 28.4292430878, 22.1777458191, 18.3211154938, 17.3916816711, 16.7117671967, 14.0391769409, 16.8830814362, 20.2520637512, 20.4926185608, 17.150144577, 11.093624115, 9.0071144104, 7.38079023361, 5.32701969147, 3.37718439102, 1.48147583008, 0.521550536156, 0.163778796792, 0.0306126307696, 0.00287652062252, 0.000192392981262, 1.54511053552e-05, 1.22651808852e-05], "dvar": [0.149321809411, 4.23770570755, 11.5010757446, 28.251909256, 40.8541145325, 15.4333267212, 39.7713165283, 433.380065918, 418.879699707, 597.19140625, 793.906982422, 1338.00158691, 822.171447754, 207.686004639, 492.843780518, 354.465515137, 788.775878906, 2172.77294922, 915.561767578, 724.477905273, 677.965942383, 439.779449463, 321.992492676, 451.7449646, 811.253051758, 736.238464355, 428.916748047, 221.918136597, 212.089553833, 134.769622803, 133.923126221, 70.7640457153, 13.4556350708, 1.75942122936, 0.0798453316092, 0.00221563805826, 2.43101112574e-05, 1.2194864496e-07, 9.83490067163e-10, 1.91469451405e-10], "dvar2": [0.347957789898, 9.43629837036, 32.3356132507, 77.2483062744, 72.0797271729, 32.0893287659, 97.6710281372, 1179.51013184, 1000.24462891, 1271.9095459, 1917.15429688, 3147.05664062, 1795.51879883, 507.667480469, 1053.27026367, 814.12890625, 1895.15466309, 4434.18945312, 2087.18164062, 1680.81445312, 1518.66430664, 1081.58764648, 756.21295166, 1046.56591797, 1723.60742188, 1832.31689453, 995.264953613, 477.653839111, 409.542755127, 253.143798828, 220.093460083, 114.102119446, 23.1376819611, 3.12076282501, 0.163608267903, 0.0045075090602, 5.07488257426e-05, 2.76881849004e-07, 2.32601449213e-09, 3.419704242e-10], "max": [4.08785152435, 19.7825279236, 39.1240386963, 82.767868042, 319.697723389, 147.749710083, 136.249771118, 604.275756836, 479.368560791, 981.965942383, 733.564697266, 1301.67053223, 1070.11291504, 367.099304199, 613.684997559, 515.104492188, 660.176452637, 1706.25817871, 925.246032715, 895.760253906, 1193.51293945, 461.161132812, 459.287536621, 605.357971191, 844.182312012, 741.279907227, 677.954956055, 341.453948975, 650.372924805, 248.007736206, 311.593383789, 355.800964355, 124.69078064, 53.3263435364, 9.83045864105, 1.13954913616, 0.147388443351, 0.00780476629734, 0.00144742429256, 0.000184086937224], "mean": [0.159256994724, 0.902767896652, 1.3452296257, 2.80822944641, 5.23241090775, 3.75261068344, 4.73812150955, 10.4058933258, 12.8926382065, 13.9279031754, 16.323009491, 23.7702064514, 16.6935024261, 11.2431688309, 18.4500865936, 16.5565471649, 27.1674633026, 34.4331970215, 30.930311203, 24.511390686, 21.3409976959, 20.9341411591, 18.9257926941, 22.2634468079, 28.1053695679, 26.3204784393, 19.4543933868, 13.556728363, 11.8101205826, 10.1938505173, 7.40980482101, 5.02924919128, 2.23044419289, 0.713321506977, 0.182362496853, 0.0316339731216, 0.00296926940791, 0.000187734753126, 2.47974021477e-05, 2.59955777437e-05], "median": [0.055757727474, 0.347487747669, 0.652218401432, 1.10845410824, 2.00252914429, 1.77830314636, 1.93030536175, 3.4668533802, 3.64474892616, 4.08076190948, 3.34405207634, 5.27739572525, 5.34494400024, 4.30269384384, 5.66591119766, 5.8245177269, 10.4332294464, 12.0140132904, 11.2124462128, 8.76943492889, 8.39882659912, 8.40813922882, 8.28535747528, 8.01907253265, 9.8261756897, 10.4777870178, 7.62215900421, 5.04311037064, 4.01943731308, 3.48910665512, 1.91606044769, 1.09412157536, 0.461068540812, 0.155553221703, 0.0451862215996, 0.00803289096802, 0.00076939718565, 4.87385768793e-05, 1.41854670801e-05, 1.94451858988e-05], "min": [4.97701685217e-23, 5.40006212971e-22, 2.55267957229e-21, 9.82129151184e-21, 1.60582317149e-20, 1.6960478968e-20, 3.81804857263e-20, 6.66852071831e-20, 1.12643762682e-19, 1.43164801505e-19, 1.80685907961e-19, 3.89506710097e-19, 4.5797537038e-19, 5.25545066283e-19, 9.25271722095e-19, 1.151532503e-18, 1.46322615193e-18, 9.22531582918e-19, 1.63985154658e-18, 3.00161303624e-18, 3.90145112585e-18, 4.34286778793e-18, 6.31790418905e-18, 5.62695277876e-18, 7.80067548148e-18, 7.25354430994e-18, 7.57130243353e-18, 1.04763516458e-17, 1.22478929309e-17, 9.8954069852e-18, 1.09991603986e-17, 1.07037725475e-17, 9.35131652958e-18, 7.45827564745e-18, 6.24474709491e-18, 4.24931200629e-18, 2.15590233719e-18, 1.02564481615e-18, 2.03565801253e-19, 2.57476913166e-20], "var": [0.139849245548, 4.23857593536, 8.04608535767, 32.4072685242, 176.71131897, 41.361656189, 82.2613983154, 725.998901367, 919.818664551, 1339.41308594, 2415.10327148, 4718.171875, 1805.45947266, 453.508453369, 1557.46875, 891.508483887, 2007.21594238, 6098.73583984, 2957.58154297, 1814.76330566, 1672.70153809, 1145.14550781, 879.965454102, 1303.71276855, 2489.11645508, 1646.01599121, 887.414978027, 513.385070801, 592.094482422, 387.533843994, 404.851318359, 234.08013916, 42.6003074646, 4.82517814636, 0.191585943103, 0.00477573415264, 4.70392296847e-05, 1.83080928196e-07, 1.47651568749e-09, 5.55557544413e-10]}, "erbbands_crest": {"dmean": 2.26677322388, "dmean2": 3.62668442726, "dvar": 5.20177650452, "dvar2": 12.6088085175, "max": 30.1251716614, "mean": 7.85191440582, "median": 6.59340858459, "min": 2.359333992, "var": 17.8661251068}, "erbbands_flatness_db": {"dmean": 0.0153282815591, "dmean2": 0.0221629925072, "dvar": 0.00022824620828, "dvar2": 0.00046018123976, "max": 0.373016893864, "mean": 0.162897497416, "median": 0.157728105783, "min": 0.0322129242122, "var": 0.00143219775055}, "erbbands_kurtosis": {"dmean": 1.07369744778, "dmean2": 1.62001347542, "dvar": 5.88480186462, "dvar2": 12.2454862595, "max": 91.5496520996, "mean": 0.692430973053, "median": -0.249451398849, "min": -1.83228492737, "var": 17.9959869385}, "erbbands_skewness": {"dmean": 0.376114428043, "dmean2": 0.552330076694, "dvar": 0.176622420549, "dvar2": 0.36802393198, "max": 8.67743396759, "mean": -0.111006259918, "median": -0.199518412352, "min": -5.78514909744, "var": 0.965265095234}, "erbbands_spread": {"dmean": 8.52359771729, "dmean2": 13.0105352402, "dvar": 94.5938796997, "dvar2": 209.216995239, "max": 156.585388184, "mean": 41.7514915466, "median": 38.350479126, "min": 2.38913035393, "var": 377.70690918}, "gfcc": {"cov": [[26604.6894531, 1610.7791748, -2586.63110352, 1192.88879395, -1138.37023926, 597.649230957, -211.314498901, 329.223937988, -78.4500274658, 73.6789093018, 64.3403625488, -154.391723633, -53.243812561], [1610.7791748, 1237.31616211, -305.088195801, -69.9141921997, 207.658370972, -104.157417297, 167.804473877, 23.3615703583, 95.6494674683, -66.9054641724, 101.231018066, -54.620010376, 56.9894142151], [-2586.63110352, -305.088195801, 1189.02478027, 166.408538818, 16.1715698242, 64.9409179688, -20.3418121338, 32.9963035583, -43.2538414001, -21.9918861389, -30.3572807312, 24.8034172058, -28.1177577972], [1192.88879395, -69.9141921997, 166.408538818, 463.486083984, 38.4182739258, 90.6231231689, 7.4597659111, 38.701084137, 19.8376216888, 40.9491882324, -4.16873121262, 15.1818065643, 19.1248912811], [-1138.37023926, 207.658370972, 16.1715698242, 38.4182739258, 420.944091797, 25.3245792389, 151.144882202, 29.0559062958, 67.3816604614, 49.4056625366, 32.2684936523, 31.406578064, 56.9471740723], [597.649230957, -104.157417297, 64.9409179688, 90.6231231689, 25.3245792389, 264.458129883, 92.6794815063, 58.8093566895, -5.41263151169, 16.0263252258, -7.84247779846, 24.5040016174, -7.07420015335], [-211.314498901, 167.804473877, -20.3418121338, 7.4597659111, 151.144882202, 92.6794815063, 263.899841309, 87.9603881836, 53.1180992126, 24.6350803375, 34.9799575806, 18.8779506683, 26.1155414581], [329.223937988, 23.3615703583, 32.9963035583, 38.701084137, 29.0559062958, 58.8093566895, 87.9603881836, 163.437133789, 64.4445266724, 36.1924324036, 28.2601699829, 23.1483478546, 13.3655614853], [-78.4500274658, 95.6494674683, -43.2538414001, 19.8376216888, 67.3816604614, -5.41263151169, 53.1180992126, 64.4445266724, 156.910232544, 40.8728713989, 40.2219619751, 15.7565584183, 32.8364753723], [73.6789093018, -66.9054641724, -21.9918861389, 40.9491882324, 49.4056625366, 16.0263252258, 24.6350803375, 36.1924324036, 40.8728713989, 131.956008911, 38.8877563477, 39.986618042, 17.2071704865], [64.3403625488, 101.231018066, -30.3572807312, -4.16873121262, 32.2684936523, -7.84247779846, 34.9799575806, 28.2601699829, 40.2219619751, 38.8877563477, 123.56905365, 41.8371658325, 19.5019626617], [-154.391723633, -54.620010376, 24.8034172058, 15.1818065643, 31.406578064, 24.5040016174, 18.8779506683, 23.1483478546, 15.7565584183, 39.986618042, 41.8371658325, 103.01550293, 27.7526912689], [-53.243812561, 56.9894142151, -28.1177577972, 19.1248912811, 56.9471740723, -7.07420015335, 26.1155414581, 13.3655614853, 32.8364753723, 17.2071704865, 19.5019626617, 27.7526912689, 73.6217346191]], "icov": [[0.000171102350578, -0.000389019143768, 0.000397226191126, -0.000549741555005, 0.000586261565331, -0.000505969219375, 0.000362109130947, -0.000444280012744, 0.000333543895977, -0.000305503141135, 9.24691121327e-05, 2.49678814725e-05, 5.82336797379e-05], [-0.000389019143768, 0.00222178385593, -0.000635596865322, 0.00118303578347, -0.00180504156742, 0.00169805972837, -0.00147955771536, 0.000973466143478, -0.00102974369656, 0.00188510341104, -0.00144202460069, 0.000945371401031, -0.000599462713581], [0.000397226191126, -0.000635596865322, 0.0019230756443, -0.00162532506511, 0.00108911260031, -0.00110903498717, 0.000901610765141, -0.00139343715273, 0.000988134765066, -0.000140410280437, 0.000139502008096, -0.000185690121725, 0.000545239949133], [-0.000549741555005, 0.00118303578347, -0.00162532506511, 0.00435161497444, -0.0020166314207, 0.000664113729727, -0.00058946327772, 0.00117205653805, -0.00123736122623, 0.000201757982722, -5.65126319998e-05, 0.000264797999989, -0.00102462782525], [0.000586261565331, -0.00180504156742, 0.00108911260031, -0.0020166314207, 0.00565874762833, -0.00166171428282, -0.000612394709606, -0.00044439843623, 0.000504141440615, -0.00226412876509, 0.000950524350628, -0.000402486184612, -0.00127353705466], [-0.000505969219375, 0.00169805972837, -0.00110903498717, 0.000664113729727, -0.00166171428282, 0.00695120496675, -0.00328503595665, 0.000233946018852, -0.000192770079593, 0.0012763729319, 0.000263411580818, -0.00111148622818, 0.000936527678277], [0.000362109130947, -0.00147955771536, 0.000901610765141, -0.00058946327772, -0.000612394709606, -0.00328503595665, 0.00775624997914, -0.00352611928247, 0.000634394062217, -0.000646170810796, -0.000280897831544, 0.000293315359158, -0.000216590880882], [-0.000444280012744, 0.000973466143478, -0.00139343715273, 0.00117205653805, -0.00044439843623, 0.000233946018852, -0.00352611928247, 0.0106255533174, -0.00403417786583, -0.00036809136509, -0.000514925864991, -0.000695843074936, 6.05744571658e-05], [0.000333543895977, -0.00102974369656, 0.000988134765066, -0.00123736122623, 0.000504141440615, -0.000192770079593, 0.000634394062217, -0.00403417786583, 0.0100089740008, -0.00210411613807, -0.00108387623914, 0.000895959616173, -0.00218699779361], [-0.000305503141135, 0.00188510341104, -0.000140410280437, 0.000201757982722, -0.00226412876509, 0.0012763729319, -0.000646170810796, -0.00036809136509, -0.00210411613807, 0.011581431143, -0.00279373442754, -0.00192764389794, 8.21075955173e-05], [9.24691121327e-05, -0.00144202460069, 0.000139502008096, -5.65126319998e-05, 0.000950524350628, 0.000263411580818, -0.000280897831544, -0.000514925864991, -0.00108387623914, -0.00279373442754, 0.0119277676567, -0.0045447810553, 0.000424285215558], [2.49678814725e-05, 0.000945371401031, -0.000185690121725, 0.000264797999989, -0.000402486184612, -0.00111148622818, 0.000293315359158, -0.000695843074936, 0.000895959616173, -0.00192764389794, -0.0045447810553, 0.0145017746836, -0.00483846757561], [5.82336797379e-05, -0.000599462713581, 0.000545239949133, -0.00102462782525, -0.00127353705466, 0.000936527678277, -0.000216590880882, 6.05744571658e-05, -0.00218699779361, 8.21075955173e-05, 0.000424285215558, -0.00483846757561, 0.0183722004294]], "mean": [-47.515499115, 85.2011184692, -138.640457153, 60.8159332275, -68.5058288574, 21.8169689178, -35.1207237244, 3.66178131104, -17.4052867889, 1.27242743969, -7.24157619476, -9.2532043457, -5.6756310463]}, "hfc": {"dmean": 6.47108507156, "dmean2": 8.61372089386, "dvar": 101.165260315, "dvar2": 167.405059814, "max": 164.031387329, "mean": 21.412815094, "median": 13.4896888733, "min": 1.05931105054e-16, "var": 524.261779785}, "melbands": {"dmean": [0.00110223668162, 0.00066085770959, 0.000406006613048, 0.000176327172085, 9.18287551031e-05, 0.00013830223179, 0.00012147815869, 9.37926088227e-05, 7.97838220024e-05, 8.48730487633e-05, 4.55963672721e-05, 2.52642839769e-05, 2.66229817498e-05, 2.68885924015e-05, 3.05789471895e-05, 3.51423332177e-05, 3.87720392609e-05, 2.42029691435e-05, 2.5164359613e-05, 1.58847215062e-05, 1.25121359815e-05, 1.24709449665e-05, 1.02556105048e-05, 8.17037198431e-06, 9.83767313301e-06, 1.0131648196e-05, 1.07356136141e-05, 8.94848835742e-06, 7.35062440071e-06, 6.06102867096e-06, 3.85906105294e-06, 3.64502943739e-06, 3.74888099941e-06, 2.90495290756e-06, 2.44031753027e-06, 2.15310956264e-06, 1.42378860346e-06, 8.73058695561e-07, 5.81256244914e-07, 2.66103143076e-07], "dmean2": [0.00175196840428, 0.00104470248334, 0.000667830347084, 0.000265942595433, 0.000140798641951, 0.000222092072363, 0.000189394442714, 0.000143596989801, 0.000124589292682, 0.000132804474561, 6.96332499501e-05, 3.98222255171e-05, 4.0568625991e-05, 4.13112975366e-05, 4.84777665406e-05, 5.44836548215e-05, 5.9461883211e-05, 3.67849243048e-05, 3.84009399568e-05, 2.48620035563e-05, 1.97292119992e-05, 1.99324094865e-05, 1.60303916346e-05, 1.29986665343e-05, 1.56458499987e-05, 1.5687686755e-05, 1.6912821593e-05, 1.44297619045e-05, 1.19549622468e-05, 9.73292389972e-06, 5.84349891142e-06, 5.34142873221e-06, 5.53320705876e-06, 4.17953651777e-06, 3.4036092984e-06, 2.94340861728e-06, 2.03076956495e-06, 1.20545848858e-06, 8.29045120554e-07, 3.7718149315e-07], "dvar": [9.83021891443e-06, 3.16563364322e-06, 8.04326816706e-07, 1.1592613447e-07, 3.52572264717e-08, 1.72510567609e-07, 9.63082413818e-08, 7.32594500619e-08, 6.1442506194e-08, 6.29127399066e-08, 2.17620534926e-08, 3.92619847744e-09, 3.27347771112e-09, 3.76304054583e-09, 4.59532678576e-09, 5.67299496268e-09, 1.11163886984e-08, 2.79434919648e-09, 3.09192471626e-09, 1.66645874877e-09, 7.38422212265e-10, 6.11224904024e-10, 5.62856983244e-10, 2.32631289232e-10, 4.08648948014e-10, 5.95117344293e-10, 5.47134559881e-10, 3.68019420494e-10, 2.03575711843e-10, 1.42981418372e-10, 7.06710662213e-11, 8.800143253e-11, 6.24669413418e-11, 4.48220696669e-11, 5.20245721503e-11, 4.98216259914e-11, 2.54807581285e-11, 8.28364720568e-12, 5.83018182343e-12, 7.42115190914e-13], "dvar2": [2.21760037675e-05, 7.53350377636e-06, 2.02657179216e-06, 2.24236828217e-07, 8.64718714411e-08, 4.69155025939e-07, 2.28490193876e-07, 1.57350029895e-07, 1.494830002e-07, 1.52779918494e-07, 4.7329809405e-08, 9.66064472863e-09, 7.2265602391e-09, 8.57039061941e-09, 1.14181633037e-08, 1.41442235702e-08, 2.21866471861e-08, 5.93454574371e-09, 7.06204561496e-09, 3.48646045367e-09, 1.72361835915e-09, 1.56158730391e-09, 1.20693544048e-09, 5.88170012694e-10, 9.78869429957e-10, 1.13390019596e-09, 1.31852995189e-09, 9.49279321816e-10, 4.96051755228e-10, 3.32057548125e-10, 1.5150304622e-10, 1.80589446175e-10, 1.33244443257e-10, 8.78781561409e-11, 9.41049876912e-11, 8.15577050339e-11, 4.7139483289e-11, 1.49566487667e-11, 1.2016000174e-11, 1.39378482714e-12], "max": [0.0331027098, 0.0209461096674, 0.0270857736468, 0.0117941899225, 0.00411530071869, 0.0118110571057, 0.00633099488914, 0.00906771607697, 0.0082019623369, 0.00695025362074, 0.0054454645142, 0.00168810551986, 0.0014459900558, 0.00146004080307, 0.00221942248754, 0.00275980820879, 0.00400515925139, 0.00179490190931, 0.00180469255429, 0.00204785144888, 0.00101733603515, 0.000545051996596, 0.000925060419831, 0.000300364394207, 0.000531562196556, 0.00110202550422, 0.000639992242213, 0.000604810426012, 0.000479098787764, 0.000362802617019, 0.00021476126858, 0.000451652798802, 0.000172457541339, 0.000135130336275, 0.000213633058593, 0.000280899403151, 0.000232883685385, 0.000107116888103, 0.000102921316284, 2.58805575868e-05], "mean": [0.00134998711292, 0.000880780338775, 0.000588817056268, 0.000328103225911, 0.000162500102306, 0.000222200498683, 0.000198279696633, 0.000153006840264, 0.000137032780913, 0.000153229033458, 8.16642277641e-05, 4.39323412138e-05, 5.07394033775e-05, 5.05527495989e-05, 4.97345281474e-05, 6.28144698567e-05, 6.75917399349e-05, 4.88920231874e-05, 4.64896402264e-05, 2.86182294076e-05, 2.29076613323e-05, 2.22369144467e-05, 1.90428818314e-05, 1.52951251948e-05, 1.81905761565e-05, 1.99170917767e-05, 2.07526700251e-05, 1.64387547557e-05, 1.23655618154e-05, 1.01632849692e-05, 6.93480251357e-06, 6.54314953863e-06, 6.45223963147e-06, 5.39364691576e-06, 4.28883367931e-06, 3.80090136787e-06, 2.78639436146e-06, 1.69519046267e-06, 9.77653598966e-07, 4.67731410936e-07], "median": [0.000513392558787, 0.000420246156864, 0.000240120716626, 0.000152066815645, 7.35974972486e-05, 7.59166941862e-05, 5.44559952687e-05, 4.28538332926e-05, 2.39319870161e-05, 3.19301361742e-05, 2.46714207606e-05, 1.51802887558e-05, 1.6317677364e-05, 1.50396954268e-05, 1.46136226249e-05, 2.29007418966e-05, 2.03884974326e-05, 1.66666141013e-05, 1.45701660585e-05, 9.45230749494e-06, 9.01006387721e-06, 8.56480801303e-06, 6.9892907959e-06, 6.32963610769e-06, 5.85423913435e-06, 6.07804759056e-06, 7.38881863072e-06, 6.2656145019e-06, 4.55002600575e-06, 3.71433407054e-06, 2.42728856392e-06, 2.07576977118e-06, 2.08890378417e-06, 1.78538300588e-06, 1.12335408176e-06, 8.3399589812e-07, 5.60975252029e-07, 3.44979810052e-07, 1.617030847e-07, 9.93540751892e-08], "min": [6.08973403129e-25, 1.33268149733e-24, 1.64173974645e-24, 1.44421163818e-24, 1.02127007613e-24, 1.17586610595e-24, 1.78336857932e-24, 1.41708971279e-24, 1.46328244917e-24, 2.12898747456e-24, 2.44951408491e-24, 1.3744574015e-24, 2.01772712413e-24, 2.59574582255e-24, 1.81739017801e-24, 2.51560209053e-24, 1.23578206386e-24, 1.32744346092e-24, 3.08041269361e-24, 2.30902860731e-24, 3.76996153289e-24, 3.88307550922e-24, 3.37172482641e-24, 4.82355942473e-24, 3.8114607441e-24, 4.80618712988e-24, 5.44859206374e-24, 3.9991094542e-24, 4.75902350294e-24, 4.12400191272e-24, 4.97534217935e-24, 6.09590016256e-24, 6.12394811204e-24, 4.23234051957e-24, 5.64355154229e-24, 5.45577424785e-24, 5.83395298252e-24, 6.09333952006e-24, 5.68324347316e-24, 6.08159574777e-24], "var": [9.63459842751e-06, 3.09056622427e-06, 1.46908121224e-06, 4.23460164711e-07, 7.88868348423e-08, 2.9475833685e-07, 2.16412558984e-07, 1.68952581703e-07, 1.97602375351e-07, 1.94617115312e-07, 4.70223078253e-08, 8.19221135373e-09, 1.00591712737e-08, 1.03651700556e-08, 8.71198757579e-09, 1.24820003222e-08, 3.06304492881e-08, 9.08690367396e-09, 7.42342143312e-09, 4.25973656348e-09, 1.73278003057e-09, 1.36115263505e-09, 1.45678535901e-09, 5.25967269738e-10, 1.00706598616e-09, 1.78440817677e-09, 1.2195717769e-09, 7.12389258695e-10, 3.86993853629e-10, 2.76163064639e-10, 1.68719663241e-10, 2.22553711571e-10, 1.47589968025e-10, 1.20651599822e-10, 1.37915165399e-10, 1.45607734203e-10, 7.29269908351e-11, 2.4737541876e-11, 1.17340226077e-11, 1.98007105504e-12]}, "melbands_crest": {"dmean": 3.55112290382, "dmean2": 5.55122804642, "dvar": 12.5933742523, "dvar2": 28.6126174927, "max": 33.2944564819, "mean": 13.8067340851, "median": 12.9088726044, "min": 1.70274496078, "var": 38.6167068481}, "melbands_flatness_db": {"dmean": 0.0275512635708, "dmean2": 0.039584711194, "dvar": 0.000928087101784, "dvar2": 0.00173689948861, "max": 0.545316398144, "mean": 0.157743737102, "median": 0.14495895803, "min": 0.0033521016594, "var": 0.00518239475787}, "melbands_kurtosis": {"dmean": 8.62943840027, "dmean2": 13.1671104431, "dvar": 483.467071533, "dvar2": 1022.71258545, "max": 563.309631348, "mean": 15.2875385284, "median": 3.98000907898, "min": -1.94737911224, "var": 1477.40563965}, "melbands_skewness": {"dmean": 0.806211352348, "dmean2": 1.19022357464, "dvar": 1.16826403141, "dvar2": 2.27028560638, "max": 19.9147109985, "mean": 2.5369143486, "median": 1.94944190979, "min": -4.53768348694, "var": 4.89242506027}, "melbands_spread": {"dmean": 12.0268545151, "dmean2": 17.7898616791, "dvar": 308.473083496, "dvar2": 555.413146973, "max": 268.847625732, "mean": 42.3293838501, "median": 35.9589958191, "min": 0.301913589239, "var": 1183.21533203}, "mfcc": {"cov": [[13916.2041016, 1101.15466309, -803.131164551, 302.049133301, -344.051422119, 221.325759888, -21.6340045929, 189.685501099, -24.6417732239, 247.572250366, 155.667434692, 122.270835876, 44.6121444702], [1101.15466309, 1328.58044434, -365.507080078, 88.9100341797, -16.8571643829, -29.4925632477, 56.9944801331, 67.5844726562, -4.00007820129, 66.6170959473, 24.7245388031, -14.1888599396, 27.3015823364], [-803.131164551, -365.507080078, 984.470458984, 73.7682266235, 73.9704360962, -7.74660968781, 5.39035844803, 29.0632534027, -39.9156990051, -18.3093280792, -31.2536354065, -12.7743682861, -45.4458312988], [302.049133301, 88.9100341797, 73.7682266235, 375.628143311, 106.402076721, 61.7437782288, 22.1765518188, 6.81305265427, 50.2701873779, 22.3596801758, 3.54609060287, 33.3059883118, 49.4179763794], [-344.051422119, -16.8571643829, 73.9704360962, 106.402076721, 213.176513672, 57.2743911743, 10.3619737625, 8.39555358887, 27.4195346832, 15.3982839584, -8.7708158493, 16.0997486115, 23.0744895935], [221.325759888, -29.4925632477, -7.74660968781, 61.7437782288, 57.2743911743, 213.244216919, 83.7998428345, 40.6586151123, 53.7407836914, 2.49239206314, 27.5791053772, 15.1997518539, 7.11241388321], [-21.6340045929, 56.9944801331, 5.39035844803, 22.1765518188, 10.3619737625, 83.7998428345, 194.572555542, 76.2548522949, 34.8982048035, 30.2476081848, 31.8334197998, 14.7631292343, 13.4533576965], [189.685501099, 67.5844726562, 29.0632534027, 6.81305265427, 8.39555358887, 40.6586151123, 76.2548522949, 165.308639526, 55.4158058167, 38.1265983582, 34.6544036865, 18.7857818604, 13.0492572784], [-24.6417732239, -4.00007820129, -39.9156990051, 50.2701873779, 27.4195346832, 53.7407836914, 34.8982048035, 55.4158058167, 147.70715332, 47.495262146, 23.5468273163, 32.6319084167, 10.9676542282], [247.572250366, 66.6170959473, -18.3093280792, 22.3596801758, 15.3982839584, 2.49239206314, 30.2476081848, 38.1265983582, 47.495262146, 119.865081787, 40.7391204834, 16.1229057312, 6.96485900879], [155.667434692, 24.7245388031, -31.2536354065, 3.54609060287, -8.7708158493, 27.5791053772, 31.8334197998, 34.6544036865, 23.5468273163, 40.7391204834, 97.5949020386, 37.2703514099, 23.6209697723], [122.270835876, -14.1888599396, -12.7743682861, 33.3059883118, 16.0997486115, 15.1997518539, 14.7631292343, 18.7857818604, 32.6319084167, 16.1229057312, 37.2703514099, 92.4443893433, 43.6072807312], [44.6121444702, 27.3015823364, -45.4458312988, 49.4179763794, 23.0744895935, 7.11241388321, 13.4533576965, 13.0492572784, 10.9676542282, 6.96485900879, 23.6209697723, 43.6072807312, 95.0521087646]], "icov": [[0.000101301149698, -4.93738371006e-05, 6.51157388347e-05, -0.000136906819534, 0.000264300499111, -0.00024166284129, 0.000188302175957, -0.000162699929206, 0.000248112075496, -0.000272982782917, 7.39429306122e-05, -0.0001944154792, 8.0745696323e-05], [-4.93738371006e-05, 0.000991092179902, 0.000394503731513, -0.000356121541699, -0.00010229741747, 0.000431486376328, -0.000315696030157, -0.000454718363471, 0.000354911899194, -0.000281031592749, -3.11251715175e-05, 0.000423944700742, 4.80819107906e-06], [6.51157388347e-05, 0.000394503731513, 0.00138346618041, -0.000572625664063, -0.000246658950346, 0.000172470477992, -3.612416549e-05, -0.000819714332465, 0.00090345623903, -0.000191555547644, 0.000224984396482, -0.000268852047157, 0.000957134587225], [-0.000136906819534, -0.000356121541699, -0.000572625664063, 0.00386712606996, -0.00152684410568, -0.000400505959988, -0.000185967146535, 0.000997360679321, -0.00136318942532, 0.000122972414829, 0.000390988483559, -5.99854683969e-05, -0.00174911471549], [0.000264300499111, -0.00010229741747, -0.000246658950346, -0.00152684410568, 0.00685762055218, -0.00229069683701, 0.00103506341111, -0.000374279363314, 0.000531823665369, -0.00188933848403, 0.00188571074978, -0.000912234070711, -0.000980252632871], [-0.00024166284129, 0.000431486376328, 0.000172470477992, -0.000400505959988, -0.00229069683701, 0.00768984947354, -0.00315749226138, 0.000218242115807, -0.00236232439056, 0.00273539125919, -0.00224290788174, 0.00101180863567, 0.000843119865749], [0.000188302175957, -0.000315696030157, -3.612416549e-05, -0.000185967146535, 0.00103506341111, -0.00315749226138, 0.00784061197191, -0.00279303104617, 0.000863314489834, -0.0015715326881, -0.000113576796139, -0.000351626455085, -0.000454504886875], [-0.000162699929206, -0.000454718363471, -0.000819714332465, 0.000997360679321, -0.000374279363314, 0.000218242115807, -0.00279303104617, 0.00920664891601, -0.00314993248321, -0.000151945787366, -0.0015021704603, 0.000478428584756, -0.00096917396877], [0.000248112075496, 0.000354911899194, 0.00090345623903, -0.00136318942532, 0.000531823665369, -0.00236232439056, 0.000863314489834, -0.00314993248321, 0.0109495613724, -0.00398540496826, 0.00131322396919, -0.00325534818694, 0.00147592753638], [-0.000272982782917, -0.000281031592749, -0.000191555547644, 0.000122972414829, -0.00188933848403, 0.00273539125919, -0.0015715326881, -0.000151945787366, -0.00398540496826, 0.0126829687506, -0.00491944607347, 0.00123981910292, 0.000734821835067], [7.39429306122e-05, -3.11251715175e-05, 0.000224984396482, 0.000390988483559, 0.00188571074978, -0.00224290788174, -0.000113576796139, -0.0015021704603, 0.00131322396919, -0.00491944607347, 0.0155934961513, -0.00500559806824, -0.00155880919192], [-0.0001944154792, 0.000423944700742, -0.000268852047157, -5.99854683969e-05, -0.000912234070711, 0.00101180863567, -0.000351626455085, 0.000478428584756, -0.00325534818694, 0.00123981910292, -0.00500559806824, 0.0169787015766, -0.00625871587545], [8.0745696323e-05, 4.80819107906e-06, 0.000957134587225, -0.00174911471549, -0.000980252632871, 0.000843119865749, -0.000454504886875, -0.00096917396877, 0.00147592753638, 0.000734821835067, -0.00155880919192, -0.00625871587545, 0.0152550702915]], "mean": [-662.299804688, 89.6631393433, -4.64313840866, 31.169090271, -1.35881865025, 14.5951414108, -1.49120819569, 1.87055790424, -4.48571634293, 8.44476699829, -0.838418245316, 1.03455066681, -1.48447477818]}, "pitch_salience": {"dmean": 0.0747200772166, "dmean2": 0.117521382868, "dvar": 0.00568448239937, "dvar2": 0.0126132834703, "max": 0.932727277279, "mean": 0.558264017105, "median": 0.575607955456, "min": 0.0553658232093, "var": 0.0177389122546}, "silence_rate_20dB": {"dmean": 0, "dmean2": 0, "dvar": 0, "dvar2": 0, "max": 1, "mean": 1, "median": 1, "min": 1, "var": 0}, "silence_rate_30dB": {"dmean": 0.00149860838428, "dmean2": 0.00299753784202, "dvar": 0.00149625493214, "dvar2": 0.00448722345755, "max": 1, "mean": 0.999250769615, "median": 1, "min": 0, "var": 0.00074863206828}, "silence_rate_60dB": {"dmean": 0.0308285169303, "dmean2": 0.0616636350751, "dvar": 0.0298760365695, "dvar2": 0.0640716999769, "max": 1, "mean": 0.128759503365, "median": 0, "min": 0, "var": 0.112185351551}, "spectral_centroid": {"dmean": 317.845458984, "dmean2": 468.503326416, "dvar": 141870.328125, "dvar2": 256921.359375, "max": 11676.3505859, "mean": 2142.89819336, "median": 2093.88989258, "min": 179.125991821, "var": 1545688}, "spectral_complexity": {"dmean": 3.99935770035, "dmean2": 5.8068728447, "dvar": 24.9587154388, "dvar2": 43.9820518494, "max": 60, "mean": 19.9012088776, "median": 18, "min": 0, "var": 213.931991577}, "spectral_contrast_coeffs": {"dmean": [0.048848927021, 0.0499171838164, 0.0364623628557, 0.030212117359, 0.0223805587739, 0.0201901663095], "dmean2": [0.0786211565137, 0.0804789066315, 0.058005426079, 0.0481734797359, 0.0357060544193, 0.0320141240954], "dvar": [0.00187154568266, 0.00177022081334, 0.000915646087378, 0.000644677958917, 0.000378659256967, 0.000375077244826], "dvar2": [0.00465096766129, 0.00446995580569, 0.00219803466462, 0.00150556932203, 0.00087422307115, 0.000879643834196], "max": [-0.156316757202, -0.362594395876, -0.453921616077, -0.513089478016, -0.571512818336, -0.582597196102], "mean": [-0.675475418568, -0.732512176037, -0.774481236935, -0.779070258141, -0.788247346878, -0.732145309448], "median": [-0.701573073864, -0.739266633987, -0.779293358326, -0.784721553326, -0.791140437126, -0.728688359261], "min": [-0.996512651443, -0.997561633587, -0.97773373127, -0.976547896862, -0.967252373695, -0.964615464211], "var": [0.0137318680063, 0.00820015277714, 0.00545071158558, 0.00404763501137, 0.00260021677241, 0.00330474600196]}, "spectral_contrast_valleys": {"dmean": [0.401231229305, 0.399241149426, 0.332872062922, 0.311852872372, 0.277073293924, 0.309523016214], "dmean2": [0.636115372181, 0.630149960518, 0.515054047108, 0.455989509821, 0.379753351212, 0.386656224728], "dvar": [0.174361079931, 0.151385292411, 0.110859014094, 0.11117388308, 0.109980203211, 0.126852691174], "dvar2": [0.348443329334, 0.326290905476, 0.214664384723, 0.187493667006, 0.180552914739, 0.221051990986], "max": [-5.37167167664, -4.96404457092, -5.70240545273, -5.35783720016, -5.3274512291, -7.46572208405], "mean": [-8.00159835815, -7.59547233582, -8.04277706146, -8.03338336945, -7.6923623085, -10.3397350311], "median": [-7.15414619446, -7.17521762848, -7.6096663475, -7.62161779404, -7.30868291855, -10.0174207687], "min": [-28.430765152, -28.259021759, -27.8810272217, -27.8938694, -27.5325927734, -27.3758640289], "var": [6.46907567978, 5.60361814499, 5.40703296661, 5.45587396622, 5.5031542778, 4.46987867355]}, "spectral_decrease": {"dmean": 1.6590769869e-09, "dmean2": 2.41777753374e-09, "dvar": 9.07161533161e-18, "dvar2": 1.67938575474e-17, "max": 1.86942039129e-28, "mean": -4.43376269033e-09, "median": -3.27151550295e-09, "min": -3.32077902954e-08, "var": 1.91988951046e-17}, "spectral_energy": {"dmean": 0.0066759516485, "dmean2": 0.00962962303311, "dvar": 0.000134621877805, "dvar2": 0.000247025367571, "max": 0.13715441525, "mean": 0.0186761822551, "median": 0.0141641125083, "min": 9.90335526031e-21, "var": 0.000312994990963}, "spectral_energyband_high": {"dmean": 0.000657430791762, "dmean2": 0.000908831076231, "dvar": 1.53383564339e-06, "dvar2": 2.54312089965e-06, "max": 0.0242700539529, "mean": 0.00150074937847, "median": 0.000639467092697, "min": 7.09321834769e-21, "var": 5.56432087251e-06}, "spectral_energyband_low": {"dmean": 0.00421465653926, "dmean2": 0.00653781602159, "dvar": 0.000118278621812, "dvar2": 0.000228584613069, "max": 0.112541683018, "mean": 0.00642547337338, "median": 0.00313055794686, "min": 1.3917287616e-23, "var": 0.000146525664604}, "spectral_energyband_middle_high": {"dmean": 0.00139954744373, "dmean2": 0.00197492307052, "dvar": 5.28247892362e-06, "dvar2": 1.01418909253e-05, "max": 0.06694445014, "mean": 0.00489520607516, "median": 0.00273633818142, "min": 1.18521390652e-21, "var": 3.76313255401e-05}, "spectral_energyband_middle_low": {"dmean": 0.00263229664415, "dmean2": 0.00399816548452, "dvar": 1.55434117914e-05, "dvar2": 3.50046248059e-05, "max": 0.106815390289, "mean": 0.00645131664351, "median": 0.00427131168544, "min": 1.5974897812e-22, "var": 5.5069791415e-05}, "spectral_entropy": {"dmean": 0.130985960364, "dmean2": 0.186392173171, "dvar": 0.0230606533587, "dvar2": 0.0434342734516, "max": 9.82203769684, "mean": 7.82366704941, "median": 7.84328269958, "min": 4.52012348175, "var": 0.187691912055}, "spectral_flux": {"dmean": 0.0208512786776, "dmean2": 0.032369852066, "dvar": 0.000864042900503, "dvar2": 0.00187174486928, "max": 0.307824373245, "mean": 0.0686448812485, "median": 0.0608758479357, "min": 6.1232074966e-11, "var": 0.00220927130431}, "spectral_kurtosis": {"dmean": 1.01029348373, "dmean2": 1.71951937675, "dvar": 1.23424053192, "dvar2": 3.53141355515, "max": 19.7763767242, "mean": 2.22958135605, "median": 1.85183858871, "min": -1.31397342682, "var": 3.17416191101}, "spectral_rms": {"dmean": 0.000677317788359, "dmean2": 0.000945885258261, "dvar": 8.84760424924e-07, "dvar2": 1.47260175254e-06, "max": 0.0115675916895, "mean": 0.00379297486506, "median": 0.00371734402142, "min": 3.10834517847e-12, "var": 3.83411088478e-06}, "spectral_rolloff": {"dmean": 695.378173828, "dmean2": 1099.46618652, "dvar": 1080952.875, "dvar2": 2003254, "max": 19659.8144531, "mean": 2568.83569336, "median": 2067.1875, "min": 21.533203125, "var": 6287239.5}, "spectral_skewness": {"dmean": 0.178918406367, "dmean2": 0.284593522549, "dvar": 0.0309863965958, "dvar2": 0.0773177221417, "max": 3.71415066719, "mean": 0.957022964954, "median": 0.923261225224, "min": -0.283533573151, "var": 0.145478919148}, "spectral_spread": {"dmean": 399027.5625, "dmean2": 597571.625, "dvar": 454490128384, "dvar2": 1012712144900.0, "max": 49350112, "mean": 4802244, "me