{"lowlevel": {"average_loudness": 0.903313338757, "barkbands": {"dmean": [6.92905741744e-05, 0.00227974704467, 0.00181291950867, 0.00237579946406, 0.00281886057928, 0.000813819526229, 0.000663590093609, 0.000673051399644, 0.000692047120538, 0.000810222816654, 0.00100164778996, 0.000803388713393, 0.000546337221749, 0.000405394239351, 0.000434181827586, 0.000334021111485, 0.000244258058956, 0.000265097245574, 0.000207280361792, 0.000192868188606, 0.000205254284083, 0.000160191877512, 0.00016124350077, 0.000172415442648, 0.000175041903276, 0.000147394413943, 7.43967975723e-05], "dmean2": [0.00010465640662, 0.00362863810733, 0.00286406674422, 0.00424780510366, 0.0048609287478, 0.00133269710932, 0.00104069884401, 0.00106354034506, 0.00111815228593, 0.00131807569414, 0.0016512433067, 0.00133678992279, 0.000895089237019, 0.000673294242006, 0.000704210833646, 0.000552981509827, 0.000407220039051, 0.000437204347691, 0.000342473154888, 0.000321040162817, 0.00035051300074, 0.000264959729975, 0.000267894123681, 0.000255122518865, 0.000289005460218, 0.000247760704951, 0.000132459754241], "dvar": [8.83727135914e-09, 1.32995828608e-05, 1.08148951767e-05, 4.18182280555e-05, 2.54165533988e-05, 1.48648098275e-06, 8.81705318534e-07, 9.27508040149e-07, 1.11632971311e-06, 1.94091239791e-06, 3.12465431307e-06, 1.42038743434e-06, 1.00323916286e-06, 4.09079888186e-07, 4.4239763497e-07, 2.57482469124e-07, 1.31161826289e-07, 1.55969729576e-07, 1.00467445918e-07, 7.98988892825e-08, 1.61174824598e-07, 1.08315092007e-07, 1.40849863328e-07, 4.2654451704e-07, 1.67463397815e-07, 3.58190277439e-08, 1.71634155777e-08], "dvar2": [2.11564792352e-08, 3.23590938933e-05, 2.5409142836e-05, 0.000116939780128, 7.10201929905e-05, 3.78047684535e-06, 2.10798793887e-06, 2.17715569306e-06, 2.8813933568e-06, 4.6656473387e-06, 8.07125525171e-06, 3.81587688025e-06, 2.5419915346e-06, 1.11530607683e-06, 1.10862083602e-06, 6.72530518386e-07, 3.40374299412e-07, 3.9679235897e-07, 2.64534378402e-07, 2.04868797482e-07, 4.46130997034e-07, 2.81558840243e-07, 3.34719686634e-07, 6.94150514846e-07, 3.26052571609e-07, 8.43085032898e-08, 4.6201847681e-08], "max": [0.00162221537903, 0.041219111532, 0.0419447720051, 0.0612548664212, 0.0596638135612, 0.023734472692, 0.0182534120977, 0.0316196717322, 0.0258726943284, 0.0384125001729, 0.0356517843902, 0.0201620683074, 0.0340747833252, 0.0108229722828, 0.0121108628809, 0.010019576177, 0.00756994681433, 0.00752139976248, 0.00980025995523, 0.00726146204397, 0.00575726991519, 0.00491014495492, 0.0111078293994, 0.0234115365893, 0.0121802808717, 0.00457369349897, 0.000855438876897], "mean": [0.000136424263474, 0.00373662775382, 0.00254874257371, 0.00199681171216, 0.00360375433229, 0.00140294537414, 0.0011900421232, 0.00112678681035, 0.0011709749233, 0.00134766858537, 0.00158179842401, 0.0013446820667, 0.000892628915608, 0.000674323644489, 0.000743473181501, 0.000600524654146, 0.000460871931864, 0.000480249786051, 0.000380608747946, 0.000356323289452, 0.000326363748172, 0.0002330980642, 0.000209980033105, 0.000252086581895, 0.000187863275642, 0.000134428060846, 5.35987637704e-05], "median": [8.20923451101e-05, 0.00242888182402, 0.00122302141972, 0.000657558441162, 0.00192424561828, 0.000892254058272, 0.000766070210375, 0.000722654396668, 0.000742284173612, 0.000632023438811, 0.000743920216337, 0.000764670548961, 0.000480870250612, 0.000368705601431, 0.000436512811575, 0.000343316030921, 0.00029654672835, 0.000282944209175, 0.000241882109549, 0.000250635959674, 0.000188505888218, 0.000110469787614, 7.64040014474e-05, 6.61770536681e-05, 4.11394794355e-05, 3.83713486372e-05, 9.68221593212e-06], "min": [5.73281342169e-25, 3.88755545031e-24, 1.04583283813e-24, 1.01044059362e-24, 4.56643928458e-24, 6.15996316224e-24, 7.04603303023e-24, 1.51304941571e-23, 1.71705563e-23, 2.15100738288e-23, 1.86057341004e-23, 3.35067375761e-23, 3.89265654046e-23, 3.90590309278e-23, 3.28418098745e-23, 4.65993452686e-23, 6.95951265941e-23, 8.25837466421e-23, 1.54190399125e-22, 1.86373854087e-22, 2.75263609655e-22, 3.62019502785e-22, 3.7353828564e-22, 5.67702021259e-22, 8.75632979466e-22, 1.10114905144e-21, 1.96811834393e-21], "var": [2.46930760284e-08, 1.9245508156e-05, 1.34297906698e-05, 2.69438933174e-05, 2.46008130489e-05, 2.9160480608e-06, 2.06914683076e-06, 2.28492876886e-06, 2.11787619264e-06, 4.37242260887e-06, 6.25542543276e-06, 2.88530645776e-06, 1.86367742572e-06, 7.83449991104e-07, 8.34657782889e-07, 5.7993139535e-07, 3.00729311675e-07, 3.65661179558e-07, 2.03986019187e-07, 1.64686255744e-07, 1.95364705746e-07, 1.49504799651e-07, 2.22711918241e-07, 9.90068429019e-07, 3.28070939304e-07, 4.85126960825e-08, 1.19513225982e-08]}, "barkbands_crest": {"dmean": 2.32242870331, "dmean2": 3.85673904419, "dvar": 4.6822347641, "dvar2": 12.8917617798, "max": 25.773141861, "mean": 7.55805683136, "median": 6.78884220123, "min": 1.92431008816, "var": 11.2021780014}, "barkbands_flatness_db": {"dmean": 0.0226810760796, "dmean2": 0.0335985906422, "dvar": 0.000367108470527, "dvar2": 0.000895673292689, "max": 0.384403824806, "mean": 0.0847516730428, "median": 0.0752397328615, "min": 0.00978741142899, "var": 0.00265431893058}, "barkbands_kurtosis": {"dmean": 1.5355271101, "dmean2": 2.46594667435, "dvar": 20.1020050049, "dvar2": 53.406627655, "max": 289.793182373, "mean": 1.2878241539, "median": 0.367573738098, "min": -1.93631529808, "var": 27.4744644165}, "barkbands_skewness": {"dmean": 0.439298510551, "dmean2": 0.695760250092, "dvar": 0.245021671057, "dvar2": 0.650417089462, "max": 12.2499313354, "mean": 0.906627774239, "median": 0.90178501606, "min": -5.20912981033, "var": 0.727771759033}, "barkbands_spread": {"dmean": 7.86849117279, "dmean2": 12.7478723526, "dvar": 65.4454040527, "dvar2": 158.307754517, "max": 107.700172424, "mean": 29.5209217072, "median": 27.8206195831, "min": 0.507243037224, "var": 171.625213623}, "dissonance": {"dmean": 0.0141398953274, "dmean2": 0.0240346584469, "dvar": 0.000186618373846, "dvar2": 0.000503003713675, "max": 0.500000119209, "mean": 0.474676817656, "median": 0.481560885906, "min": 0.175402015448, "var": 0.000792592298239}, "dynamic_complexity": 3.63972616196, "erbbands": {"dmean": [0.06847178936, 0.520346224308, 1.69725751877, 5.48855352402, 9.27822971344, 10.0532264709, 6.31372022629, 7.10727405548, 8.17777824402, 10.2319793701, 16.6649055481, 15.184887886, 20.0277843475, 36.9360466003, 29.3153190613, 32.2558097839, 22.8970336914, 19.034286499, 21.6147403717, 17.6900901794, 18.376499176, 12.3279600143, 14.1848840714, 11.9183349609, 9.86674785614, 8.32827949524, 8.40207004547, 7.92470836639, 6.11052417755, 5.3185915947, 4.2535700798, 3.8276116848, 2.9063243866, 1.71337509155, 1.53622770309, 0.638129711151, 0.283142268658, 0.0750625655055, 0.0160400569439, 0.000385902298149], "dmean2": [0.104448005557, 0.843817055225, 2.61386656761, 9.61847877502, 16.5023803711, 16.820602417, 10.2504253387, 11.7039642334, 13.3013544083, 15.8316497803, 26.288143158, 24.7666034698, 32.6603660583, 60.3932189941, 47.8839225769, 53.9491348267, 37.4225616455, 31.3488254547, 35.1628074646, 28.9773540497, 30.1813564301, 20.5820140839, 23.3869991302, 19.4886264801, 16.4723739624, 13.786646843, 14.1954402924, 13.6013669968, 10.2595720291, 9.06705951691, 6.89151954651, 5.89830303192, 4.29556798935, 2.72394776344, 2.62833499908, 1.08286762238, 0.471340090036, 0.128753438592, 0.0287460293621, 0.000679766817484], "dvar": [0.00999825168401, 0.745209693909, 8.45275211334, 197.671707153, 487.214294434, 257.009857178, 95.4858016968, 130.217208862, 157.040924072, 199.385696411, 621.36126709, 631.261657715, 1095.89245605, 3681.38867188, 3272.01220703, 2424.04956055, 1808.82592773, 882.874755859, 1215.32202148, 660.901672363, 820.242980957, 333.233001709, 448.843292236, 349.629119873, 237.401077271, 153.826187134, 203.440124512, 278.753997803, 148.280853271, 159.161636353, 108.90448761, 152.681381226, 142.881698608, 30.6604385376, 9.66325473785, 0.880357205868, 0.130080461502, 0.0100855929777, 0.000966552295722, 3.27150871726e-07], "dvar2": [0.0243318062276, 1.78092813492, 19.5494823456, 546.080749512, 1364.04260254, 688.474975586, 236.632263184, 341.648101807, 405.54196167, 464.298614502, 1451.82873535, 1665.78735352, 2760.96923828, 9326.89453125, 8722.63769531, 6605.68896484, 4538.3046875, 2376.41357422, 3118.34936523, 1652.07641602, 2099.85888672, 875.192199707, 1147.10510254, 939.391723633, 617.797119141, 383.687255859, 548.426696777, 778.685852051, 388.963165283, 422.381652832, 243.674606323, 290.130523682, 237.025146484, 57.1690559387, 22.7784366608, 1.96471989155, 0.313723862171, 0.02554551512, 0.00263114832342, 8.5935170091e-07], "max": [1.26727211475, 8.89771175385, 38.7892684937, 137.915939331, 224.61000061, 271.823516846, 199.828659058, 246.503494263, 316.837860107, 256.25692749, 913.623474121, 640.68359375, 686.196838379, 1212.31079102, 1865.84960938, 1033.65930176, 1587.60656738, 609.695739746, 707.52532959, 370.141235352, 657.883728027, 422.271728516, 381.678100586, 492.563812256, 516.194152832, 350.603118896, 192.845458984, 247.272598267, 166.589523315, 260.091827393, 344.639953613, 415.402099609, 417.821899414, 203.658660889, 101.825424194, 20.7969989777, 8.84447383881, 1.41343212128, 0.2082773, 0.00408176658675], "mean": [0.120273299515, 0.807351469994, 2.59834384918, 5.24027252197, 8.98790740967, 13.6283197403, 11.2353343964, 11.7218751907, 14.6876649857, 19.1179485321, 28.7895622253, 26.2574596405, 34.4679069519, 63.5621376038, 52.2261734009, 55.6625595093, 40.9467964172, 35.1074180603, 39.695110321, 34.1179466248, 35.2075958252, 25.3193740845, 26.7878303528, 22.7832660675, 18.3971500397, 15.9849920273, 14.2154827118, 11.7775526047, 8.76870441437, 6.86618232727, 5.78562498093, 5.41326761246, 4.11898899078, 2.09370350838, 1.41710412502, 0.59914201498, 0.253332436085, 0.0612237453461, 0.0112223960459, 0.000319732091157], "median": [0.0750134140253, 0.507961571217, 1.3964650631, 2.20993852615, 3.79813241959, 6.45522117615, 7.0057554245, 7.06992149353, 9.59487342834, 13.3788013458, 18.7188110352, 17.351726532, 19.228313446, 33.077507019, 29.3499622345, 32.2548065186, 24.3935680389, 21.9056758881, 23.8544425964, 21.9277019501, 20.8029670715, 16.71667099, 16.4962005615, 14.0812511444, 12.1876182556, 11.4228439331, 8.6805267334, 6.40066432953, 4.32044124603, 2.64352846146, 2.06483888626, 1.64794480801, 0.988211750984, 0.498752951622, 0.271936416626, 0.156426429749, 0.0732227638364, 0.0149327069521, 0.00185921019875, 9.44497660385e-05], "min": [1.31472139066e-22, 5.81327782172e-22, 1.19902596483e-21, 6.40134961995e-21, 8.33216365306e-21, 1.21165771556e-20, 6.32131811854e-20, 4.89124723964e-20, 8.35684093874e-20, 1.38346034998e-19, 5.06682349787e-19, 4.33366126771e-19, 4.74930401588e-19, 9.080302796e-19, 1.15186813153e-18, 1.5739832578e-18, 2.22961116081e-18, 1.77353851263e-18, 2.12671278774e-18, 3.12436312362e-18, 3.25541376166e-18, 4.46363781172e-18, 5.24719415954e-18, 6.36401289076e-18, 9.57009504825e-18, 9.54275590183e-18, 9.83949536605e-18, 1.05459415236e-17, 1.13178615081e-17, 1.04080844299e-17, 1.21531154035e-17, 1.09449693152e-17, 1.01067094455e-17, 8.9865745472e-18, 6.63897227587e-18, 4.59016253104e-18, 2.11576546592e-18, 8.88374710487e-19, 2.22300963913e-19, 2.70671170951e-20], "var": [0.0192697290331, 0.984616696835, 11.7294769287, 133.809112549, 332.02935791, 364.590759277, 201.807952881, 228.280792236, 357.815460205, 432.542724609, 1609.02331543, 1057.14941406, 2219.72875977, 7947.63378906, 7158.88232422, 4950.87304688, 3416.95483398, 1848.52075195, 2355.04370117, 1435.09680176, 1978.57678223, 801.935913086, 1033.3215332, 819.814758301, 460.799926758, 345.748657227, 299.598144531, 304.253387451, 195.931838989, 194.137039185, 190.634567261, 323.19934082, 312.290649414, 58.6466903687, 13.9830913544, 1.4966956377, 0.153284072876, 0.00961987115443, 0.000639548583422, 2.5581312002e-07]}, "erbbands_crest": {"dmean": 2.34527540207, "dmean2": 3.88761615753, "dvar": 5.12162399292, "dvar2": 13.2468318939, "max": 33.3191871643, "mean": 7.73979663849, "median": 6.44081354141, "min": 2.19052362442, "var": 19.4463367462}, "erbbands_flatness_db": {"dmean": 0.0238040257245, "dmean2": 0.034421518445, "dvar": 0.000425541278673, "dvar2": 0.000964917941019, "max": 0.412443935871, "mean": 0.128593429923, "median": 0.118021018803, "min": 0.0278832819313, "var": 0.0029749663081}, "erbbands_kurtosis": {"dmean": 1.69396150112, "dmean2": 2.87905573845, "dvar": 105.698623657, "dvar2": 303.737457275, "max": 222.780380249, "mean": 1.48031520844, "median": -0.0210604667664, "min": -1.67270243168, "var": 104.935249329}, "erbbands_skewness": {"dmean": 0.352090150118, "dmean2": 0.55597192049, "dvar": 0.431201308966, "dvar2": 1.23524081707, "max": 7.62018918991, "mean": 0.143406927586, "median": 0.192273214459, "min": -13.2763757706, "var": 1.00800192356}, "erbbands_spread": {"dmean": 8.14243888855, "dmean2": 12.9012975693, "dvar": 70.0214080811, "dvar2": 176.454772949, "max": 114.958053589, "mean": 35.9728775024, "median": 34.0053749084, "min": 1.1743837595, "var": 250.735275269}, "gfcc": {"cov": [[23068.6230469, -639.752807617, -1034.73339844, -30.8327541351, -488.441558838, 367.040313721, -354.795654297, 301.507751465, -299.661956787, 95.6583862305, -104.909317017, 138.26008606, -144.533874512], [-639.752807617, 1030.0402832, -257.257232666, 77.4343261719, 40.0813751221, -44.3506355286, 79.2620391846, -24.5044231415, 63.5886650085, -16.4345874786, 51.8158874512, -40.9511375427, 32.7166213989], [-1034.73339844, -257.257232666, 692.77923584, -0.417306125164, -4.24563026428, -31.0813045502, -37.6477470398, -24.185043335, -11.9570398331, 17.3033599854, -39.1288375854, -2.36858654022, -41.2102127075], [-30.8327541351, 77.4343261719, -0.417306125164, 319.142089844, 6.50248861313, 5.43343496323, -14.4604129791, -8.22820472717, 44.8241386414, 2.06589698792, -1.53866279125, -9.45101833344, 14.8185977936], [-488.441558838, 40.0813751221, -4.24563026428, 6.50248861313, 206.397476196, 6.25716352463, 30.2092571259, -3.51483106613, 11.2481708527, -1.33818662167, -10.2197799683, -0.191470399499, -12.2215452194], [367.040313721, -44.3506355286, -31.0813045502, 5.43343496323, 6.25716352463, 165.649597168, 26.3714561462, 16.4258289337, 10.8502073288, 21.2741565704, 22.2856197357, 0.174781188369, 2.33374333382], [-354.795654297, 79.2620391846, -37.6477470398, -14.4604129791, 30.2092571259, 26.3714561462, 135.432723999, 14.3057422638, -8.63486862183, 10.6705503464, 10.2899141312, 3.63742423058, 5.6325173378], [301.507751465, -24.5044231415, -24.185043335, -8.22820472717, -3.51483106613, 16.4258289337, 14.3057422638, 135.97593689, 27.2050552368, -14.8338413239, 22.8958644867, 16.2296466827, 3.47465825081], [-299.661956787, 63.5886650085, -11.9570398331, 44.8241386414, 11.2481708527, 10.8502073288, -8.63486862183, 27.2050552368, 115.505180359, 28.2233505249, -3.63311433792, 0.574341952801, 12.238120079], [95.6583862305, -16.4345874786, 17.3033599854, 2.06589698792, -1.33818662167, 21.2741565704, 10.6705503464, -14.8338413239, 28.2233505249, 86.2655258179, 20.0555667877, 2.32457399368, 0.989990234375], [-104.909317017, 51.8158874512, -39.1288375854, -1.53866279125, -10.2197799683, 22.2856197357, 10.2899141312, 22.8958644867, -3.63311433792, 20.0555667877, 87.4849853516, 18.8575992584, 6.98997879028], [138.26008606, -40.9511375427, -2.36858654022, -9.45101833344, -0.191470399499, 0.174781188369, 3.63742423058, 16.2296466827, 0.574341952801, 2.32457399368, 18.8575992584, 62.3029823303, 18.2945270538], [-144.533874512, 32.7166213989, -41.2102127075, 14.8185977936, -12.2215452194, 2.33374333382, 5.6325173378, 3.47465825081, 12.238120079, 0.989990234375, 6.98997879028, 18.2945270538, 59.4909515381]], "icov": [[8.25650204206e-05, -4.32471279055e-05, 0.000172950909473, -6.58676508465e-05, 0.000175822104211, -0.000234042410739, 0.000350669259205, -0.000364601117326, 0.000488724734168, -0.000451572210295, 0.000513901410159, -0.00038827265962, 0.000359980185749], [-4.32471279055e-05, 0.00147904676851, 0.000294856057735, -0.000123349032947, -0.000250071141636, 0.000839918327983, -0.00119774835184, 0.00100199936423, -0.00152885576244, 0.00126753794029, -0.00180242932402, 0.00158268678933, -0.000694440328516], [0.000172950909473, 0.000294856057735, 0.00207043671981, -0.000265883543761, 0.0003895368136, -0.000111330024083, 0.000832508143503, -0.000569269934203, 0.000976340263151, -0.00137513969094, 0.00150590064004, -0.000975549628492, 0.00174239941407], [-6.58676508465e-05, -0.000123349032947, -0.000265883543761, 0.003499613842, -0.000240256864345, -1.99057558348e-05, 6.96710994816e-05, 0.000755996443331, -0.00175544247031, 0.000859558291268, -0.000666985113639, 0.000892168085556, -0.00109659298323], [0.000175822104211, -0.000250071141636, 0.0003895368136, -0.000240256864345, 0.00563277583569, -0.00069091306068, -0.000529932789505, -0.000369588640751, 0.000232720209169, -0.00053772208048, 0.00182258698624, -0.00167151878122, 0.00241135270335], [-0.000234042410739, 0.000839918327983, -0.000111330024083, -1.99057558348e-05, -0.00069091306068, 0.00766221433878, -0.00248546712101, 0.00076673051808, -0.00218285853043, 0.000429429521319, -0.00337086268701, 0.00237666419707, -0.00124755769502], [0.000350669259205, -0.00119774835184, 0.000832508143503, 6.96710994816e-05, -0.000529932789505, -0.00248546712101, 0.0106095774099, -0.00335287721828, 0.00458505516872, -0.00428870599717, 0.00333039276302, -0.0023637523409, 0.000713692978024], [-0.000364601117326, 0.00100199936423, -0.000569269934203, 0.000755996443331, -0.000369588640751, 0.00076673051808, -0.00335287721828, 0.0114842383191, -0.00651402072981, 0.00638720626011, -0.00592555245385, 0.000591447926126, -0.000730723317247], [0.000488724734168, -0.00152885576244, 0.000976340263151, -0.00175544247031, 0.000232720209169, -0.00218285853043, 0.00458505516872, -0.00651402072981, 0.0160049200058, -0.0089106420055, 0.00695547088981, -0.00284234574065, 0.000134201487526], [-0.000451572210295, 0.00126753794029, -0.00137513969094, 0.000859558291268, -0.00053772208048, 0.000429429521319, -0.00428870599717, 0.00638720626011, -0.0089106420055, 0.0189209859818, -0.00843883212656, 0.00284449127503, -0.00142019672785], [0.000513901410159, -0.00180242932402, 0.00150590064004, -0.000666985113639, 0.00182258698624, -0.00337086268701, 0.00333039276302, -0.00592555245385, 0.00695547088981, -0.00843883212656, 0.0196287035942, -0.00748566864058, 0.00269175693393], [-0.00038827265962, 0.00158268678933, -0.000975549628492, 0.000892168085556, -0.00167151878122, 0.00237666419707, -0.0023637523409, 0.000591447926126, -0.00284234574065, 0.00284449127503, -0.00748566864058, 0.0227124448866, -0.00852664280683], [0.000359980185749, -0.000694440328516, 0.00174239941407, -0.00109659298323, 0.00241135270335, -0.00124755769502, 0.000713692978024, -0.000730723317247, 0.000134201487526, -0.00142019672785, 0.00269175693393, -0.00852664280683, 0.0223671644926]], "mean": [19.0822143555, 70.2507400513, -109.063865662, 19.076128006, -47.3013114929, 12.2988433838, -27.9504375458, 6.64113903046, -24.4657211304, 3.3418970108, -17.5569820404, 3.37291169167, -11.3017892838]}, "hfc": {"dmean": 13.4641246796, "dmean2": 21.3777866364, "dvar": 332.002288818, "dvar2": 748.276855469, "max": 435.824523926, "mean": 29.8909740448, "median": 24.0750579834, "min": 1.07523599787e-16, "var": 756.532409668}, "melbands": {"dmean": [0.000622575171292, 0.000754355336539, 0.00101606349926, 0.00072144495789, 0.000243755173869, 0.000156576526933, 0.000129300256958, 0.000111759814899, 0.00013957041665, 0.00010027227836, 0.000103431688331, 0.000148637860548, 0.000107118234155, 9.81878329185e-05, 6.17644400336e-05, 5.99247578066e-05, 3.49995498254e-05, 3.71981295757e-05, 3.49824076693e-05, 2.1905565518e-05, 2.30982677749e-05, 1.44251716847e-05, 1.21285556816e-05, 1.32976629175e-05, 1.01867963167e-05, 7.75027729105e-06, 7.50743038225e-06, 5.65368736716e-06, 5.78605840929e-06, 4.9607128858e-06, 4.69591986985e-06, 3.68614814761e-06, 2.94092569675e-06, 3.05167077386e-06, 2.38369989347e-06, 2.66481447397e-06, 2.372815743e-06, 2.22177936848e-06, 1.70061889548e-06, 1.29999602905e-06], "dmean2": [0.000977844465524, 0.00114397134166, 0.00175193941686, 0.00124964804854, 0.000397316238377, 0.000257166131632, 0.000207599485293, 0.000173393083969, 0.000220442059799, 0.000163658027304, 0.000168483937159, 0.000242676265771, 0.000175609457074, 0.000162930387887, 0.000102369296656, 9.89695181488e-05, 5.81150125072e-05, 6.1291095335e-05, 5.71701239096e-05, 3.65278392565e-05, 3.7959398469e-05, 2.424854938e-05, 2.01155253308e-05, 2.20026904572e-05, 1.67436883203e-05, 1.30704593175e-05, 1.26036611618e-05, 9.42146471061e-06, 9.78041134658e-06, 8.60356703924e-06, 8.02682188805e-06, 6.22751031187e-06, 4.88682917421e-06, 5.29362523594e-06, 3.86986584999e-06, 4.3017007556e-06, 3.65510527445e-06, 3.34913011102e-06, 2.58871864389e-06, 2.08594678952e-06], "dvar": [9.2560298981e-07, 1.46868558204e-06, 6.50339643471e-06, 1.83626525541e-06, 1.282329265e-07, 5.95188005548e-08, 3.51822784239e-08, 2.23582148351e-08, 4.45199788146e-08, 2.87411534572e-08, 3.05333855977e-08, 5.87754733772e-08, 3.52489699651e-08, 2.2677186351e-08, 1.03695754206e-08, 1.34670923302e-08, 3.15724046906e-09, 3.83035914098e-09, 2.9529299006e-09, 1.10335585113e-09, 1.42026079786e-09, 5.18101561653e-10, 3.59149127105e-10, 4.10682737817e-10, 2.77760675571e-10, 1.66454836026e-10, 1.2899456503e-10, 8.00398150536e-11, 8.70255811858e-11, 9.86483811305e-11, 9.99757845954e-11, 5.4412287176e-11, 3.97720398282e-11, 5.63626090244e-11, 3.66479728509e-11, 4.59493103289e-11, 7.95842697299e-11, 9.23522577856e-11, 4.45949423222e-11, 1.95470150482e-11], "dvar2": [2.29519082495e-06, 3.23982771988e-06, 1.76925423148e-05, 5.11198777531e-06, 3.23814276726e-07, 1.55571612481e-07, 8.87795792437e-08, 5.29336148247e-08, 1.0435498865e-07, 7.58391323075e-08, 7.58773026632e-08, 1.47132482198e-07, 9.17170694947e-08, 6.01863661132e-08, 2.73516622684e-08, 3.5757903305e-08, 8.5060092303e-09, 1.00505701539e-08, 7.34605620778e-09, 2.91899304727e-09, 3.60423135781e-09, 1.39080447159e-09, 9.10370001606e-10, 1.05712549825e-09, 7.60178031634e-10, 4.36939540105e-10, 3.31145721955e-10, 2.02188044085e-10, 2.33286973073e-10, 2.76196898685e-10, 2.78549572297e-10, 1.43920361739e-10, 1.02829654514e-10, 1.51450810226e-10, 8.48096731731e-11, 9.72106908859e-11, 1.6061466046e-10, 1.56024179687e-10, 8.11739495066e-11, 3.97991674339e-11], "max": [0.0114388857037, 0.0167219266295, 0.0247859247029, 0.0163622479886, 0.00710653327405, 0.00475249951705, 0.00430147675797, 0.00309192133136, 0.00774990487844, 0.00456318957731, 0.00392779055983, 0.00447995215654, 0.00487094977871, 0.0026267953217, 0.00342831970192, 0.00384372775443, 0.00122981669847, 0.00138845236506, 0.00107650400605, 0.000654189032502, 0.000871128111612, 0.000582984415814, 0.00076379236998, 0.000377602467779, 0.000464042124804, 0.000544994371012, 0.00031381714507, 0.000227402648306, 0.000148738559801, 0.000150074862177, 0.000135791153298, 9.85933875199e-05, 0.000114248956379, 0.000179252761882, 0.000214106024941, 0.000230191319133, 0.000266733113676, 0.00032338759047, 0.000200932190637, 0.000169834878761], "mean": [0.00104786455631, 0.00126784679014, 0.00101989682298, 0.000842218578327, 0.000436714588432, 0.000265386363026, 0.000235408137087, 0.000209035060834, 0.00023625176982, 0.000164591852808, 0.000171027058968, 0.000251958204899, 0.000182510964805, 0.000161392599693, 0.000104123173514, 9.42700571613e-05, 6.01987048867e-05, 6.21502767899e-05, 5.84540066484e-05, 3.87429718103e-05, 4.1495244659e-05, 2.63571273535e-05, 2.30155947065e-05, 2.32289421547e-05, 1.82316998689e-05, 1.33276544148e-05, 1.31785564008e-05, 9.93301728158e-06, 9.29974794417e-06, 7.59693648433e-06, 6.48098011879e-06, 5.11923099111e-06, 4.06097296946e-06, 3.67939583157e-06, 3.19999981002e-06, 3.4693048292e-06, 3.27291468238e-06, 3.0978576433e-06, 2.2172566787e-06, 1.54172664679e-06], "median": [0.000668108230457, 0.000784818141256, 0.000450162246125, 0.00040122133214, 0.000282050401438, 0.00016547658015, 0.000156301248353, 0.000150287596625, 0.000150811480125, 0.00010249906336, 8.86867346708e-05, 0.000127107748995, 9.66582738329e-05, 8.78030987224e-05, 6.07834917901e-05, 4.80223607155e-05, 3.54834337486e-05, 3.39834259648e-05, 3.43319443346e-05, 2.39486726059e-05, 2.29364413826e-05, 1.68200967892e-05, 1.43289034895e-05, 1.3378508811e-05, 1.07154064608e-05, 8.19691285869e-06, 8.87950864126e-06, 6.73872864354e-06, 5.55944188818e-06, 4.29842566518e-06, 3.30848001795e-06, 2.50218704423e-06, 1.68288943314e-06, 1.32147420118e-06, 1.10987139124e-06, 1.17898798635e-06, 8.95552147995e-07, 6.97927362125e-07, 5.30707552571e-07, 3.59710440989e-07], "min": [1.71311479647e-24, 6.08527795326e-25, 1.93404416766e-24, 5.95680357319e-25, 2.06249182506e-24, 1.03498304246e-24, 1.36458993487e-24, 1.96428258666e-24, 4.12435966114e-24, 2.59150490633e-24, 2.0892064024e-24, 3.14191031762e-24, 3.48970252466e-24, 3.73953004018e-24, 4.2734579221e-24, 1.98567905821e-24, 2.99970946199e-24, 3.83715473264e-24, 2.84280916946e-24, 3.38354709036e-24, 3.94689672304e-24, 3.27593956036e-24, 3.86084974765e-24, 4.01300957778e-24, 3.94161648257e-24, 4.78995513346e-24, 5.27780407219e-24, 4.9227772218e-24, 5.02606751328e-24, 5.48478026891e-24, 5.6994186716e-24, 4.87633185271e-24, 6.94490421763e-24, 5.25450861523e-24, 5.4925166278e-24, 6.65391551779e-24, 5.67909879797e-24, 5.93691274129e-24, 5.56331097759e-24, 6.689542054e-24], "var": [1.47194725741e-06, 2.29990109801e-06, 4.62018169856e-06, 1.64628488619e-06, 2.72573913662e-07, 1.10786871232e-07, 8.0922852419e-08, 4.77684025668e-08, 1.14971832943e-07, 4.66449066039e-08, 6.19381665956e-08, 1.30408622567e-07, 7.78996138706e-08, 4.57642563845e-08, 2.03424903589e-08, 2.30006236279e-08, 6.10756423214e-09, 6.89124179942e-09, 5.42379696711e-09, 2.16154982802e-09, 3.23359783394e-09, 1.01367014782e-09, 8.00042032623e-10, 8.58666582282e-10, 6.0515542577e-10, 2.77921935465e-10, 2.70904354505e-10, 1.53184118168e-10, 1.27480651035e-10, 1.13960216264e-10, 1.05059044797e-10, 6.80512313167e-11, 5.47719161692e-11, 6.42184846966e-11, 5.99625835096e-11, 8.24070950367e-11, 1.56436488763e-10, 1.98339816793e-10, 8.20723766726e-11, 3.40441459745e-11]}, "melbands_crest": {"dmean": 3.08885717392, "dmean2": 5.04250478745, "dvar": 7.66576099396, "dvar2": 19.4549694061, "max": 32.2373199463, "mean": 11.2788152695, "median": 10.5930337906, "min": 1.57136726379, "var": 18.628616333}, "melbands_flatness_db": {"dmean": 0.0270641371608, "dmean2": 0.0417954213917, "dvar": 0.000596752448473, "dvar2": 0.00147978251334, "max": 0.516278624535, "mean": 0.154417291284, "median": 0.145153075457, "min": 0.00280340039171, "var": 0.00369690009393}, "melbands_kurtosis": {"dmean": 3.15850138664, "dmean2": 5.12169408798, "dvar": 20.2455673218, "dvar2": 53.0621070862, "max": 102.690994263, "mean": 5.29218816757, "median": 3.51008844376, "min": -1.96957802773, "var": 39.182258606}, "melbands_skewness": {"dmean": 0.566034913063, "dmean2": 0.894742250443, "dvar": 0.332590013742, "dvar2": 0.853589832783, "max": 7.4923157692, "mean": 1.7984752655, "median": 1.71698307991, "min": -2.89746379852, "var": 1.13401949406}, "melbands_spread": {"dmean": 8.77809906006, "dmean2": 13.9721403122, "dvar": 135.58140564, "dvar2": 356.106628418, "max": 212.724746704, "mean": 32.7543411255, "median": 29.749797821, "min": 0.711114764214, "var": 362.693145752}, "mfcc": {"cov": [[14697.8515625, 141.193405151, -732.889831543, -81.7174987793, -163.990066528, 5.65368032455, 1.46333527565, 131.294052124, -62.6604728699, 63.7183647156, -55.6086616516, 77.5282058716, -6.12127447128], [141.193405151, 891.253112793, -122.298530579, 55.5422019958, -26.8951072693, -1.92810225487, 28.1469192505, -11.1422662735, 13.0048961639, 11.0666627884, 2.39622712135, 19.0320835114, 8.07773399353], [-732.889831543, -122.298530579, 542.507019043, 33.7981987, 41.5044937134, -3.69281744957, -33.1577301025, -34.9771385193, -8.6514005661, -17.8288211823, 0.382467329502, 6.51608657837, -3.69059324265], [-81.7174987793, 55.5422019958, 33.7981987, 243.362838745, 46.8872337341, 8.86420059204, -30.2918624878, 1.58583307266, 21.4918689728, -7.38020658493, -2.51819467545, 7.0504784584, 0.614630639553], [-163.990066528, -26.8951072693, 41.5044937134, 46.8872337341, 148.451431274, 23.4727420807, -24.9295501709, 7.61699438095, 5.84717702866, 13.4132595062, 2.43105387688, -2.77105283737, 4.96271514893], [5.65368032455, -1.92810225487, -3.69281744957, 8.86420059204, 23.4727420807, 153.509246826, 24.098531723, -25.9087219238, 13.7644748688, 6.80685424805, 13.1948719025, -0.982642769814, 6.1310133934], [1.46333527565, 28.1469192505, -33.1577301025, -30.2918624878, -24.9295501709, 24.098531723, 135.127212524, 26.0408172607, -20.8260326385, 2.52094936371, 5.86115217209, -1.37113070488, -0.289650589228], [131.294052124, -11.1422662735, -34.9771385193, 1.58583307266, 7.61699438095, -25.9087219238, 26.0408172607, 110.481040955, 19.4441509247, 6.21097898483, -1.02245140076, -1.63482439518, 14.1296491623], [-62.6604728699, 13.0048961639, -8.6514005661, 21.4918689728, 5.84717702866, 13.7644748688, -20.8260326385, 19.4441509247, 93.1008148193, 17.3000335693, -0.448539912701, 6.91027498245, -5.41980028152], [63.7183647156, 11.0666627884, -17.8288211823, -7.38020658493, 13.4132595062, 6.80685424805, 2.52094936371, 6.21097898483, 17.3000335693, 80.588684082, 22.73087883, -1.5413902998, 14.2720384598], [-55.6086616516, 2.39622712135, 0.382467329502, -2.51819467545, 2.43105387688, 13.1948719025, 5.86115217209, -1.02245140076, -0.448539912701, 22.73087883, 58.3756713867, 17.9810562134, 3.07336616516], [77.5282058716, 19.0320835114, 6.51608657837, 7.0504784584, -2.77105283737, -0.982642769814, -1.37113070488, -1.63482439518, 6.91027498245, -1.5413902998, 17.9810562134, 72.6030349731, 17.9014186859], [-6.12127447128, 8.07773399353, -3.69059324265, 0.614630639553, 4.96271514893, 6.1310133934, -0.289650589228, 14.1296491623, -5.41980028152, 14.2720384598, 3.07336616516, 17.9014186859, 74.8300170898]], "icov": [[7.84719013609e-05, -3.888657929e-08, 9.51484034886e-05, -1.32026798383e-06, 9.69800021267e-05, -8.94474069355e-05, 0.000106033076008, -0.00015455664834, 0.000176542424015, -0.000158253198606, 0.000191634811927, -0.000188862846699, 0.000121898403449], [-3.888657929e-08, 0.00121922104154, 0.000282384862658, -0.000383803795557, 0.00017300149193, 0.000168956001289, -0.000383024831535, 0.000398393778596, -0.000219343186473, -0.000157108675921, 7.98966284492e-05, -0.000264099246124, -0.00014258432202], [9.51484034886e-05, 0.000282384862658, 0.00214999984019, -0.000226887554163, -0.000430147250881, 0.000151403102791, 0.000224128511036, 0.000550171127543, 0.000194493142772, 0.000284590088995, 2.99432413158e-05, -0.000375719333533, 4.67670652142e-05], [-1.32026798383e-06, -0.000383803795557, -0.000226887554163, 0.00470453267917, -0.00137837242801, -0.000178130925633, 0.000740098708775, -0.000192329040146, -0.000878428458236, 0.000864869332872, -2.12751092477e-05, -0.000265847251285, -2.74239919236e-05], [9.69800021267e-05, 0.00017300149193, -0.000430147250881, -0.00137837242801, 0.00826917029917, -0.00193801894784, 0.00199588877149, -0.00188392202836, 0.00134189194068, -0.00202048337087, 0.000707918778062, -0.000146659149323, 0.000441755080828], [-8.94474069355e-05, 0.000168956001289, 0.000151403102791, -0.000178130925633, -0.00193801894784, 0.0084511693567, -0.00300003960729, 0.00372791755944, -0.003074654378, 0.00121158862021, -0.00242729042657, 0.00153984257486, -0.00201850617304], [0.000106033076008, -0.000383024831535, 0.000224128511036, 0.000740098708775, 0.00199588877149, -0.00300003960729, 0.00998104270548, -0.00411850307137, 0.00377342198044, -0.00120809546206, 0.000342971616192, -0.000857311766595, 0.00167945679277], [-0.00015455664834, 0.000398393778596, 0.000550171127543, -0.000192329040146, -0.00188392202836, 0.00372791755944, -0.00411850307137, 0.0126503864303, -0.00466922298074, 0.00135784049053, -0.00126170029398, 0.00189131195657, -0.00360985402949], [0.000176542424015, -0.000219343186473, 0.000194493142772, -0.000878428458236, 0.00134189194068, -0.003074654378, 0.00377342198044, -0.00466922298074, 0.0146201159805, -0.00457253493369, 0.00301049440168, -0.00323264976032, 0.00369481556118], [-0.000158253198606, -0.000157108675921, 0.000284590088995, 0.000864869332872, -0.00202048337087, 0.00121158862021, -0.00120809546206, 0.00135784049053, -0.00457253493369, 0.0168648008257, -0.00770396413282, 0.00382434716448, -0.00436160853133], [0.000191634811927, 7.98966284492e-05, 2.99432413158e-05, -2.12751092477e-05, 0.000707918778062, -0.00242729042657, 0.000342971616192, -0.00126170029398, 0.00301049440168, -0.00770396413282, 0.0228178650141, -0.00705498829484, 0.00283817551099], [-0.000188862846699, -0.000264099246124, -0.000375719333533, -0.000265847251285, -0.000146659149323, 0.00153984257486, -0.000857311766595, 0.00189131195657, -0.00323264976032, 0.00382434716448, -0.00705498829484, 0.0176046825945, -0.00536547554657], [0.000121898403449, -0.00014258432202, 4.67670652142e-05, -2.74239919236e-05, 0.000441755080828, -0.00201850617304, 0.00167945679277, -0.00360985402949, 0.00369481556118, -0.00436160853133, 0.00283817551099, -0.00536547554657, 0.0164822097868]], "mean": [-624.726074219, 112.083831787, -4.91056919098, 15.550775528, 0.753700554371, 7.77023410797, 4.4339389801, 4.26514387131, 1.29278314114, 1.13771557808, -3.50791764259, 0.75596934557, -0.979380548]}, "pitch_salience": {"dmean": 0.06837028265, "dmean2": 0.110558636487, "dvar": 0.00336043140851, "dvar2": 0.00866055954248, "max": 0.847387850285, "mean": 0.611197173595, "median": 0.616250872612, "min": 0.185696080327, "var": 0.00790603552014}, "silence_rate_20dB": {"dmean": 0, "dmean2": 0, "dvar": 0, "dvar2": 0, "max": 1, "mean": 1, "median": 1, "min": 1, "var": 0}, "silence_rate_30dB": {"dmean": 0, "dmean2": 0, "dvar": 0, "dvar2": 0, "max": 1, "mean": 1, "median": 1, "min": 1, "var": 0}, "silence_rate_60dB": {"dmean": 0.00460397312418, "dmean2": 0.00920873135328, "dvar": 0.00458269100636, "dvar2": 0.0118520315737, "max": 1, "mean": 0.105711847544, "median": 0, "min": 0, "var": 0.0945319458842}, "spectral_centroid": {"dmean": 282.054962158, "dmean2": 458.363952637, "dvar": 98310.3515625, "dvar2": 251812.140625, "max": 11689.5273438, "mean": 1633.72888184, "median": 1555.03320312, "min": 191.911849976, "var": 670901.6875}, "spectral_complexity": {"dmean": 5.11706018448, "dmean2": 7.84873819351, "dvar": 27.1295566559, "dvar2": 60.1700782776, "max": 60, "mean": 26.4011936188, "median": 27, "min": 0, "var": 156.685897827}, "spectral_contrast_coeffs": {"dmean": [0.0579382814467, 0.0433773733675, 0.0407331697643, 0.0298981051892, 0.020487671718, 0.02277337946], "dmean2": [0.0922748297453, 0.0722180604935, 0.0675145760179, 0.0495430976152, 0.0337078496814, 0.0357677787542], "dvar": [0.00256235199049, 0.00118757865857, 0.00106143974699, 0.000574754318222, 0.000276116712485, 0.0004234459484], "dvar2": [0.0063703674823, 0.00328371999785, 0.00287152733654, 0.00153132365085, 0.000721507938579, 0.00100546900649], "max": [-0.332995831966, -0.486514985561, -0.51021695137, -0.505648434162, -0.498487263918, -0.486127704382], "mean": [-0.664474487305, -0.769928216934, -0.773828804493, -0.78940308094, -0.800153195858, -0.760357379913], "median": [-0.668373465538, -0.772210597992, -0.779045462608, -0.791515350342, -0.802388310432, -0.759134531021], "min": [-0.981758534908, -0.978612184525, -0.981356024742, -0.973382115364, -0.966458678246, -0.965098977089], "var": [0.00681824050844, 0.00354663236067, 0.00396176474169, 0.00265112845227, 0.00181551277637, 0.00208080932498]}, "spectral_contrast_valleys": {"dmean": [0.379328727722, 0.355275005102, 0.367222338915, 0.320147693157, 0.30600169301, 0.499076932669], "dmean2": [0.607672870159, 0.585666060448, 0.583471179008, 0.493824154139, 0.473112463951, 0.711096525192], "dvar": [0.128684520721, 0.108151875436, 0.120624952018, 0.0951170027256, 0.112947925925, 0.225710093975], "dvar2": [0.295775592327, 0.254522502422, 0.276629030704, 0.202891469002, 0.25122064352, 0.503246605396], "max": [-5.32720565796, -4.62233495712, -4.94222927094, -5.46362066269, -5.5847530365, -6.8073592186], "mean": [-7.25867557526, -6.62387037277, -7.00877285004, -7.39854049683, -7.37994241714, -9.95515537262], "median": [-6.82403755188, -6.22048187256, -6.60808992386, -6.98038387299, -6.93673419952, -9.59423542023], "min": [-28.3229217529, -27.7931194305, -27.737039566, -27.5494861603, -27.4591560364, -27.4154949188], "var": [3.40002560616, 3.43668317795, 3.54376792908, 3.51340413094, 3.58530521393, 3.37655425072]}, "spectral_decrease": {"dmean": 2.25237650753e-09, "dmean2": 3.57571838805e-09, "dvar": 1.04022131019e-17, "dvar2": 2.55006961551e-17, "max": 1.58802373009e-28, "mean": -6.48145226378e-09, "median": -5.9583391554e-09, "min": -3.32786669333e-08, "var": 1.92466995265e-17}, "spectral_energy": {"dmean": 0.00933634024113, "dmean2": 0.014776638709, "dvar": 0.000168877915712, "dvar2": 0.000410799402744, "max": 0.132252529263, "mean": 0.0271736886352, "median": 0.0252260267735, "min": 9.99755691491e-21, "var": 0.000325453933328}, "spectral_energyband_high": {"dmean": 0.00107565929648, "dmean2": 0.00174482527655, "dvar": 3.27715747517e-06, "dvar2": 7.11618940841e-06, "max": 0.0499490350485, "mean": 0.00157163769472, "median": 0.00080480001634, "min": 6.87242090086e-21, "var": 6.7722608037e-06}, "spectral_energyband_low": {"dmean": 0.0041458341293, "dmean2": 0.00665715755895, "dvar": 4.60293667857e-05, "dvar2": 0.000113978414447, "max": 0.0670382678509, "mean": 0.00739776529372, "median": 0.00509352888912, "min": 1.87380907608e-23, "var": 6.57814816805e-05}, "spectral_energyband_middle_high": {"dmean": 0.00275504984893, "dmean2": 0.00436340877786, "dvar": 1.02427766251e-05, "dvar2": 2.53484122368e-05, "max": 0.0614142566919, "mean": 0.00854895543307, "median": 0.00719171203673, "min": 1.24959414504e-21, "var": 4.68208054372e-05}, "spectral_energyband_middle_low": {"dmean": 0.00581861380488, "dmean2": 0.00968386884779, "dvar": 0.00010323949391, "dvar2": 0.000274492165772, "max": 0.0930034965277, "mean": 0.0108456667513, "median": 0.00853791646659, "min": 1.80010334045e-22, "var": 0.000107567524537}, "spectral_entropy": {"dmean": 0.173683449626, "dmean2": 0.266912072897, "dvar": 0.0271043293178, "dvar2": 0.0643697455525, "max": 9.82521533966, "mean": 7.82343673706, "median": 7.88953781128, "min": 5.00480556488, "var": 0.268743574619}, "spectral_flux": {"dmean": 0.0231916103512, "dmean2": 0.0360737368464, "dvar": 0.000808516517282, "dvar2": 0.00146706763189, "max": 0.294318765402, "mean": 0.091572009027, "median": 0.0881125628948, "min": 6.35278288308e-11, "var": 0.00229418952949}, "spectral_kurtosis": {"dmean": 1.31479895115, "dmean2": 2.16821694374, "dvar": 4.02771902084, "dvar2": 11.2539806366, "max": 56.2865753174, "mean": 4.80039978027, "median": 4.20302963257, "min": -1.27061092854, "var": 18.4652423859}, "spectral_rms": {"dmean": 0.000801344343927, "dmean2": 0.00124605838209, "dvar": 8.4553863644e-07, "dvar2": 1.95506117961e-06, "max": 0.0113589987159, "mean": 0.00478005083278, "median": 0.00496092298999, "min": 3.12309358062e-12, "var": 3.66208769265e-06}, "spectral_rolloff": {"dmean": 636.59197998, "dmean2": 1077.79199219, "dvar": 978537.5, "dvar2": 2135881.25, "max": 19702.8808594, "mean": 2012.68591309, "median": 1614.99023438, "min": 107.666015625, "var": 3379815.25}, "spectral_skewness": {"dmean": 0.206505835056, "dmean2": 0.324029058218, "dvar": 0.0432087741792, "dvar2": 0.108308531344, "max": 6.113301754, "mean": 1.58005475998, "median": 1.56153202057, "min": -0.956507861614, "var": 0.283462166786}, "spectral_spread": {"dmean": 894205.4375, "dmean2": 1308906.125, "dvar": 897495859200, "dvar2": 1887451217920.0, "max": 48770008, "mean": 5099877, "median": 4769245, "min": 1254893.125, "var": 8180039417860.0}, "spectral_strongpeak": {"dmean": 0.577449023724, "dmean2": 1.00630319118,