{"lowlevel": {"average_loudness": 0.918684124947, "barkbands": {"dmean": [0.000201031551114, 0.0081744408235, 0.00216035940684, 0.00159039115533, 0.00124629202764, 0.000465828925371, 0.000405775703257, 0.000418836134486, 0.000432683940744, 0.000372556853108, 0.000123187623103, 0.000144667530549, 0.000130479078507, 0.000159439805429, 0.000154753754032, 0.000159911884111, 0.000210044338019, 0.000234649211052, 0.000264237896772, 0.00027498183772, 0.000161158299306, 0.000109778709884, 8.52396187838e-05, 5.58543906664e-05, 3.04209206661e-05, 1.427319512e-05, 1.24815426261e-06], "dmean2": [0.000309562601615, 0.0133661553264, 0.00357020203955, 0.00276891933754, 0.00213800440542, 0.000720110721886, 0.000631457427517, 0.00065792206442, 0.000669506378472, 0.000586463022046, 0.000192309380509, 0.000229187950026, 0.000203442017664, 0.000257075414993, 0.00024199289328, 0.000253718200838, 0.00033763225656, 0.00037501056795, 0.000419618241722, 0.000441721786046, 0.000237608590396, 0.00015762973635, 0.000115954891953, 7.58644018788e-05, 4.02065415983e-05, 1.85920525837e-05, 1.54101167027e-06], "dvar": [1.58864395416e-07, 0.000340672413586, 2.70309774351e-05, 2.11672904697e-05, 8.68327515491e-06, 1.06389131815e-06, 1.22921255752e-06, 1.55947770963e-06, 2.34809431277e-06, 3.59462137567e-06, 1.5405210263e-07, 1.73816061988e-07, 2.49758954851e-07, 2.96016509083e-07, 2.58081200855e-07, 2.03579446634e-07, 2.41890745656e-07, 4.0767153564e-07, 3.67397120726e-07, 3.51505832441e-07, 2.1245573123e-07, 1.57238275733e-07, 1.16147866436e-07, 8.13139067191e-08, 8.88722162529e-09, 1.17975440528e-09, 8.71119582718e-12], "dvar2": [3.76190257612e-07, 0.000778208253905, 6.86974526616e-05, 5.90415475017e-05, 2.42417518166e-05, 2.422554644e-06, 2.87622037831e-06, 3.72094586965e-06, 5.96977088207e-06, 9.83646805253e-06, 3.59690631058e-07, 4.26382172236e-07, 5.70820361645e-07, 7.52235450818e-07, 5.67715972011e-07, 4.42344230578e-07, 5.68031168768e-07, 9.51916319991e-07, 7.35198398161e-07, 8.04612113825e-07, 3.84865984415e-07, 2.98596518178e-07, 2.34647856701e-07, 1.63060263958e-07, 1.87100930304e-08, 2.12579198688e-09, 1.34808180244e-11], "max": [0.00484257098287, 0.171065345407, 0.0529428236187, 0.0578373633325, 0.0349848084152, 0.0281540043652, 0.0292960181832, 0.0280377864838, 0.0387435741723, 0.0487811975181, 0.0133069232106, 0.01404283382, 0.0163826402277, 0.0227309539914, 0.0234642419964, 0.0182311944664, 0.0150916818529, 0.0361432097852, 0.0289333630353, 0.0199351683259, 0.0250298418105, 0.0158284753561, 0.0133168380708, 0.0133856562898, 0.00536472257227, 0.00111468834803, 7.66304001445e-05], "mean": [0.0002333837474, 0.0104482853785, 0.00232468848117, 0.00182219443377, 0.00171822542325, 0.000783047289588, 0.000620714155957, 0.000736020680051, 0.000698636460584, 0.000540933629964, 0.000195135129616, 0.00023248429352, 0.000207146367757, 0.000260863249423, 0.000249281118158, 0.000290450989269, 0.000397693453124, 0.000418938318035, 0.00050810945686, 0.000475379201816, 0.000279206462437, 0.000178611182491, 0.000131038337713, 8.75689729583e-05, 4.11415203416e-05, 1.95839584194e-05, 1.78759455594e-06], "median": [6.41062943032e-05, 0.00318390293978, 0.000869884039275, 0.000599528371822, 0.000922884559259, 0.000305959430989, 0.000213274353882, 0.000177124951733, 0.000161805292009, 8.57784179971e-05, 5.17006919836e-05, 6.86654748279e-05, 3.97797775804e-05, 5.61896231375e-05, 5.64364017919e-05, 6.79332151776e-05, 8.86801426532e-05, 0.000118819109048, 0.000163337535923, 0.000150424020831, 8.22815054562e-05, 3.23871863657e-05, 1.79852922884e-05, 1.19511259982e-05, 5.28106193087e-06, 1.94304561774e-06, 1.41366157891e-07], "min": [1.3277139416e-24, 3.33683350857e-24, 4.01735699023e-24, 2.8465256904e-25, 1.75399703956e-23, 7.28097710705e-24, 7.84166393974e-24, 1.45979420486e-23, 2.68176514837e-23, 1.31219541071e-23, 2.86764633673e-23, 2.76083772561e-23, 4.14881103599e-23, 4.95926274864e-23, 7.00998587339e-23, 7.09681737095e-23, 7.99504595207e-23, 8.30456089249e-23, 1.29080388532e-22, 1.79704243392e-22, 2.82963396961e-22, 3.24566330759e-22, 4.52464311457e-22, 6.15128591317e-22, 8.88554344389e-22, 1.2634748658e-21, 1.98159496595e-21], "var": [1.82439848118e-07, 0.000464374286821, 2.29199813475e-05, 1.95742522919e-05, 7.90966532804e-06, 2.2648682716e-06, 2.00074350687e-06, 3.86412693842e-06, 4.40923622591e-06, 5.72334738536e-06, 3.67586068251e-07, 2.77023929129e-07, 5.43157284483e-07, 6.03012551892e-07, 5.41378085472e-07, 5.36936852313e-07, 7.39998654353e-07, 8.02438137271e-07, 9.98889618131e-07, 7.98180167294e-07, 6.10629570019e-07, 3.84118806096e-07, 2.39637984123e-07, 1.78060062694e-07, 1.57577684234e-08, 2.79085177191e-09, 1.97213686354e-11]}, "barkbands_crest": {"dmean": 3.22982907295, "dmean2": 4.93764543533, "dvar": 9.82246494293, "dvar2": 18.8729457855, "max": 26.9169902802, "mean": 11.3944072723, "median": 9.98414230347, "min": 2.2063164711, "var": 32.1351776123}, "barkbands_flatness_db": {"dmean": 0.0342157259583, "dmean2": 0.049920104444, "dvar": 0.00158977566753, "dvar2": 0.00306690693833, "max": 1, "mean": 0.166384264827, "median": 0.143456608057, "min": 0.0203162319958, "var": 0.00969146937132}, "barkbands_kurtosis": {"dmean": 15.9459123611, "dmean2": 24.4330463409, "dvar": 6076.94384766, "dvar2": 13881.7216797, "max": 2284.89819336, "mean": 17.9179134369, "median": 2.25846481323, "min": -1.90951812267, "var": 7035.70410156}, "barkbands_skewness": {"dmean": 1.11496496201, "dmean2": 1.60690784454, "dvar": 3.41920161247, "dvar2": 6.41405677795, "max": 40.7599601746, "mean": 2.23632478714, "median": 1.57201743126, "min": -3.41165137291, "var": 9.02368450165}, "barkbands_spread": {"dmean": 8.08331394196, "dmean2": 12.9624099731, "dvar": 102.72277832, "dvar2": 251.607925415, "max": 143.716140747, "mean": 23.9494724274, "median": 21.8518409729, "min": 0.00306498468854, "var": 286.862091064}, "dissonance": {"dmean": 0.0159567240626, "dmean2": 0.025645961985, "dvar": 0.000362286053132, "dvar2": 0.000845588394441, "max": 0.500000119209, "mean": 0.467864364386, "median": 0.477879405022, "min": 0.0824236646295, "var": 0.00114309496712}, "dynamic_complexity": 4.4564743042, "erbbands": {"dmean": [0.2466288656, 1.9264755249, 2.90724444389, 4.13194322586, 4.67733335495, 4.23286294937, 3.84915733337, 3.7999560833, 5.1754450798, 7.78815698624, 8.56934833527, 8.65345859528, 14.4835786819, 7.08656263351, 5.00393390656, 5.26243543625, 5.490254879, 7.91856241226, 6.8998503685, 7.24774837494, 9.32417297363, 11.4854755402, 11.4466428757, 13.9221305847, 12.5878829956, 13.1658916473, 7.77425050735, 5.53415679932, 4.09347343445, 2.95437192917, 2.45371437073, 1.57007443905, 0.742428839207, 0.330452024937, 0.2260864079, 0.0935597643256, 0.0204062927514, 0.00254493276589, 0.000240057139308, 2.04334228329e-05], "dmean2": [0.351246833801, 3.23789405823, 4.85704565048, 7.10885238647, 8.28793048859, 7.13043117523, 6.20288801193, 5.82615280151, 8.11646842957, 12.0451068878, 12.9898958206, 13.2189474106, 22.7428627014, 10.7890329361, 7.6512799263, 8.29467010498, 8.60371112823, 12.6355886459, 10.6296510696, 11.3007459641, 14.8351793289, 18.2632904053, 17.9901008606, 22.6230602264, 19.7529678345, 20.992149353, 11.8126592636, 8.12548446655, 6.01125860214, 4.06207084656, 3.32574152946, 2.15355420113, 1.02937209606, 0.444907784462, 0.301753640175, 0.122998766601, 0.02691911906, 0.00327583984472, 0.000293374992907, 2.66963161266e-05], "dvar": [0.296006858349, 19.530632019, 43.7834854126, 142.174468994, 184.017410278, 77.8914031982, 83.6201477051, 83.3309860229, 235.091064453, 477.207061768, 595.549804688, 927.998413086, 5691.68945312, 945.784790039, 218.07572937, 227.16595459, 404.321105957, 814.659179688, 456.067993164, 464.651367188, 634.628295898, 738.916625977, 987.879455566, 1136.35571289, 789.150756836, 837.994628906, 370.571960449, 319.182098389, 212.264801025, 106.584388733, 104.740615845, 60.7331237793, 15.7283601761, 2.0938835144, 0.281134992838, 0.0507059060037, 0.00241756020114, 4.35236033809e-05, 3.14655807188e-07, 1.2593377452e-09], "dvar2": [0.56969833374, 48.5348434448, 107.763885498, 396.742156982, 534.893371582, 207.597579956, 208.404174805, 188.195373535, 547.360778809, 1146.47143555, 1338.49316406, 2343.01977539, 15348.828125, 2434.55883789, 492.570373535, 550.932067871, 912.270629883, 2065.91918945, 1023.7923584, 1009.92663574, 1430.45617676, 1700.91308594, 2224.59716797, 2579.39208984, 1558.09838867, 1903.03747559, 734.741210938, 528.31829834, 396.400054932, 209.617370605, 206.463790894, 129.265869141, 30.396232605, 4.40075492859, 0.520430326462, 0.0916739478707, 0.004498725757, 8.22357324068e-05, 4.75856666071e-07, 1.92765425844e-09], "max": [6.07682514191, 38.6140136719, 52.5110397339, 144.060028076, 183.091003418, 159.278274536, 202.337005615, 322.567565918, 482.479553223, 588.575256348, 626.656066895, 929.838439941, 1656.58508301, 1253.9810791, 600.508666992, 683.543640137, 830.47064209, 1278.40466309, 727.923400879, 794.182983398, 1146.43444824, 940.317749023, 1284.88757324, 1588.2010498, 1474.58032227, 963.374206543, 843.837768555, 1136.19519043, 577.770812988, 324.99041748, 378.506835938, 321.288787842, 190.176727295, 91.629524231, 24.4575538635, 6.79142475128, 1.76568078995, 0.283435791731, 0.0120916636661, 0.000544394599274], "mean": [0.308318465948, 2.27414560318, 3.14788889885, 4.73833560944, 5.52171087265, 5.90781211853, 6.0605764389, 6.38607788086, 8.05403900146, 12.557600975, 15.7668533325, 14.5785923004, 21.3534545898, 11.78992939, 9.05692672729, 9.16229915619, 9.59262943268, 13.8093175888, 12.3855228424, 13.1126499176, 18.2857398987, 22.9750366211, 22.4419059753, 24.742395401, 25.4506969452, 23.1303577423, 14.0721549988, 9.13637447357, 6.53830385208, 4.69584989548, 3.78876113892, 2.41273808479, 1.15670025349, 0.468421697617, 0.292560040951, 0.127731800079, 0.0273188035935, 0.003563353559, 0.000348256464349, 4.22279736085e-05], "median": [0.0895949453115, 0.661204040051, 1.25286626816, 2.05805230141, 2.5950255394, 2.94031476974, 2.27787446976, 2.45795154572, 2.91155552864, 4.17680454254, 4.16442584991, 3.80617594719, 3.75329637527, 3.03530502319, 2.96408653259, 2.95508384705, 2.38936471939, 2.97217941284, 2.83281564713, 3.50138449669, 4.07902288437, 5.40096282959, 6.27283096313, 7.53583621979, 9.00310516357, 7.64849758148, 4.36988258362, 2.23536109924, 1.2753226757, 0.728991866112, 0.502637922764, 0.323617488146, 0.157965034246, 0.0664852038026, 0.0317640639842, 0.0116161815822, 0.00298276240937, 0.000374797586119, 3.89146298403e-05, 2.00078120542e-05], "min": [1.85750717081e-22, 7.4504653556e-22, 4.04608247657e-21, 8.00701139429e-21, 8.79916042322e-21, 5.61079840669e-20, 6.78871846237e-20, 7.8789664204e-20, 2.13901190362e-19, 1.79880298668e-19, 3.84779683089e-19, 5.46466376829e-19, 8.22307226275e-19, 1.06838306705e-18, 1.43332502035e-18, 1.03693159221e-18, 2.0220508656e-18, 2.69919642467e-18, 3.90646549472e-18, 4.69430581093e-18, 5.10950787863e-18, 5.50827883064e-18, 6.08574312884e-18, 5.73606534619e-18, 7.09863736944e-18, 1.17299025051e-17, 1.12862574185e-17, 1.27238683718e-17, 1.11457070247e-17, 1.32699655675e-17, 1.35600189309e-17, 1.13997275734e-17, 1.22352800809e-17, 9.00635326283e-18, 6.48480359407e-18, 4.53928720105e-18, 2.35241149941e-18, 1.06871673103e-18, 2.47839932681e-19, 2.87581424546e-20], "var": [0.427526563406, 23.5284233093, 41.8300323486, 120.455451965, 139.546096802, 94.5606765747, 163.310165405, 166.168167114, 365.238922119, 775.249023438, 1699.12573242, 1742.26257324, 9057.50683594, 1524.32324219, 549.696105957, 388.409332275, 932.69720459, 1756.41674805, 1096.44262695, 1158.65319824, 1752.37768555, 2352.41821289, 2289.80200195, 2449.57202148, 2221.45239258, 1872.23071289, 1044.7590332, 957.215270996, 531.585754395, 243.926208496, 217.051040649, 113.217170715, 36.9103775024, 3.63902854919, 0.62255191803, 0.122320897877, 0.00515198754147, 8.18931948743e-05, 7.15515682259e-07, 3.55585805245e-09]}, "erbbands_crest": {"dmean": 2.58573508263, "dmean2": 4.14767932892, "dvar": 7.19892597198, "dvar2": 16.5644207001, "max": 35.7643623352, "mean": 8.71042919159, "median": 7.34970855713, "min": 2.00834059715, "var": 21.0551586151}, "erbbands_flatness_db": {"dmean": 0.0233664643019, "dmean2": 0.0302458908409, "dvar": 0.000583233544603, "dvar2": 0.000932529335842, "max": 0.487114220858, "mean": 0.163239941001, "median": 0.157789498568, "min": 0.0162086766213, "var": 0.00276697729714}, "erbbands_kurtosis": {"dmean": 1.69908750057, "dmean2": 2.59625458717, "dvar": 36.0858383179, "dvar2": 66.9112854004, "max": 319.417877197, "mean": 1.84229433537, "median": -0.377279698849, "min": -1.88949692249, "var": 228.02897644}, "erbbands_skewness": {"dmean": 0.502808213234, "dmean2": 0.756616234779, "dvar": 0.40584269166, "dvar2": 0.858396887779, "max": 16.6241550446, "mean": 0.111806564033, "median": -0.0756491422653, "min": -4.9100394249, "var": 2.01755785942}, "erbbands_spread": {"dmean": 12.4536399841, "dmean2": 18.8941287994, "dvar": 254.30619812, "dvar2": 549.687683105, "max": 183.018173218, "mean": 45.788028717, "median": 41.6036682129, "min": 0.605147123337, "var": 616.608642578}, "gfcc": {"cov": [[20476.2382812, -1599.94177246, -1894.13000488, 185.330307007, -836.770507812, 209.563430786, -944.955810547, 432.374633789, -542.291442871, 271.927093506, -392.43548584, 311.203063965, -382.859405518], [-1599.94177246, 2207.22143555, -285.722320557, -177.138000488, 182.391555786, -263.051727295, 342.56262207, -127.953727722, 244.475128174, -183.124343872, 237.33366394, -204.859024048, 204.743179321], [-1894.13000488, -285.722320557, 2088.51879883, 430.236480713, 204.842086792, 368.912719727, 86.3202362061, 71.5433273315, 61.6780586243, 42.7799415588, -131.214935303, 21.5392017365, -70.7207565308], [185.330307007, -177.138000488, 430.236480713, 540.443908691, 171.548797607, 100.202156067, 34.4453048706, -18.9763965607, 23.755191803, -18.2364635468, -19.9814414978, -3.9293282032, -1.1423844099], [-836.770507812, 182.391555786, 204.842086792, 171.548797607, 441.473724365, 130.158859253, 120.722953796, 16.3100910187, 58.4985771179, -3.98812127113, 30.3699531555, -27.179485321, 20.6403045654], [209.563430786, -263.051727295, 368.912719727, 100.202156067, 130.158859253, 322.21182251, 73.1494216919, 70.0381088257, -1.03261125088, 54.2433624268, -29.7482891083, 24.8430709839, -44.2866210938], [-944.955810547, 342.56262207, 86.3202362061, 34.4453048706, 120.722953796, 73.1494216919, 318.707519531, 42.8664054871, 76.3307266235, -25.4112281799, 48.7734031677, -49.5607376099, 39.8357925415], [432.374633789, -127.953727722, 71.5433273315, -18.9763965607, 16.3100910187, 70.0381088257, 42.8664054871, 188.258590698, 41.878364563, 54.1462669373, -23.8973522186, 19.3519420624, -17.7767486572], [-542.291442871, 244.475128174, 61.6780586243, 23.755191803, 58.4985771179, -1.03261125088, 76.3307266235, 41.878364563, 177.327957153, 22.3003253937, 48.6099052429, -39.323589325, 28.4054679871], [271.927093506, -183.124343872, 42.7799415588, -18.2364635468, -3.98812127113, 54.2433624268, -25.4112281799, 54.1462669373, 22.3003253937, 135.176208496, 10.4651536942, 29.1602859497, -27.7428741455], [-392.43548584, 237.33366394, -131.214935303, -19.9814414978, 30.3699531555, -29.7482891083, 48.7734031677, -23.8973522186, 48.6099052429, 10.4651536942, 132.180282593, 11.6111392975, 44.7925605774], [311.203063965, -204.859024048, 21.5392017365, -3.9293282032, -27.179485321, 24.8430709839, -49.5607376099, 19.3519420624, -39.323589325, 29.1602859497, 11.6111392975, 109.386161804, 18.5856113434], [-382.859405518, 204.743179321, -70.7207565308, -1.1423844099, 20.6403045654, -44.2866210938, 39.8357925415, -17.7767486572, 28.4054679871, -27.7428741455, 44.7925605774, 18.5856113434, 110.170562744]], "icov": [[0.00013062209473, -0.000221023292397, 0.000243418238824, -0.000375256408006, 0.000286578433588, -0.000380381417926, 0.000379173317924, -0.00042019423563, 0.00026690098457, -0.000200952999876, 0.000426393758971, -0.00040368779446, 0.000380870973459], [-0.000221023292397, 0.00164985714946, -0.000583652814385, 0.00124809949193, -0.000868692703079, 0.00131438206881, -0.0012084885966, 0.000997197232209, -0.00105704355519, 0.00129099166952, -0.0021967147477, 0.00246027670801, -0.00183123664465], [0.000243418238824, -0.000583652814385, 0.00122544984333, -0.00119773636106, 0.000590825628024, -0.00141378585249, 0.000651390873827, -0.000601361971349, 2.12512932194e-05, -0.000494148989674, 0.00179608911276, -0.00143444747664, 0.00107506650966], [-0.000375256408006, 0.00124809949193, -0.00119773636106, 0.0038733871188, -0.00178598542698, 0.00126106734388, -0.00123462348711, 0.00185453891754, -0.00134476646781, 0.00144507666118, -0.00168294238392, 0.00175548635889, -0.00166635133792], [0.000286578433588, -0.000868692703079, 0.000590825628024, -0.00178598542698, 0.00396630354226, -0.00225807214156, 0.000573694880586, -0.00105774728581, 0.000486798264319, -0.000542568799574, 0.000642403145321, -0.000511661462951, 0.000505135103595], [-0.000380381417926, 0.00131438206881, -0.00141378585249, 0.00126106734388, -0.00225807214156, 0.00699103763327, -0.00282812188379, 0.000642564438749, -0.000294019060675, -0.000400574732339, -0.00140808022115, 0.000444741133833, 0.000172982239746], [0.000379173317924, -0.0012084885966, 0.000651390873827, -0.00123462348711, 0.000573694880586, -0.00282812188379, 0.00640368461609, -0.00294709182344, 0.000742521544453, 0.000417697388912, -0.000221146794502, 0.000908763206098, -0.000216084648855], [-0.00042019423563, 0.000997197232209, -0.000601361971349, 0.00185453891754, -0.00105774728581, 0.000642564438749, -0.00294709182344, 0.00939137768, -0.00377962435596, -0.00127476046328, 0.00155952153727, -0.00127247476485, -0.00040869784425], [0.00026690098457, -0.00105704355519, 2.12512932194e-05, -0.00134476646781, 0.000486798264319, -0.000294019060675, 0.000742521544453, -0.00377962435596, 0.0103888222948, -0.00292686116882, -0.00205626548268, 0.003362769261, -0.00134296366014], [-0.000200952999876, 0.00129099166952, -0.000494148989674, 0.00144507666118, -0.000542568799574, -0.000400574732339, 0.000417697388912, -0.00127476046328, -0.00292686116882, 0.0118730301037, -0.00389559939504, -0.000567410606891, 0.00160818302538], [0.000426393758971, -0.0021967147477, 0.00179608911276, -0.00168294238392, 0.000642403145321, -0.00140808022115, -0.000221146794502, 0.00155952153727, -0.00205626548268, -0.00389559939504, 0.0156445167959, -0.00712420325726, 0.000735291105229], [-0.00040368779446, 0.00246027670801, -0.00143444747664, 0.00175548635889, -0.000511661462951, 0.000444741133833, 0.000908763206098, -0.00127247476485, 0.003362769261, -0.000567410606891, -0.00712420325726, 0.0192113891244, -0.00849130563438], [0.000380870973459, -0.00183123664465, 0.00107506650966, -0.00166635133792, 0.000505135103595, 0.000172982239746, -0.000216084648855, -0.00040869784425, -0.00134296366014, 0.00160818302538, 0.000735291105229, -0.00849130563438, 0.0163482874632]], "mean": [-60.7213668823, 96.1462020874, -111.680763245, 56.3121910095, -50.9766273499, 4.77625799179, -23.0742015839, 11.6743793488, -20.5793323517, 0.599018514156, -12.1441249847, -4.19606781006, -8.61593914032]}, "hfc": {"dmean": 5.81883382797, "dmean2": 8.0203037262, "dvar": 139.486083984, "dvar2": 238.983413696, "max": 423.611724854, "mean": 16.3897609711, "median": 8.4652929306, "min": 1.12898811313e-16, "var": 563.324401855}, "melbands": {"dmean": [0.00218756799586, 0.0018801111728, 0.000720733078197, 0.000306919479044, 0.000140670905239, 8.59331339598e-05, 8.00406560302e-05, 8.77191196196e-05, 6.6516957304e-05, 5.94143311901e-05, 7.27930600988e-05, 3.03973829432e-05, 1.76828089025e-05, 1.76156281668e-05, 1.1671521861e-05, 1.42257522384e-05, 1.56120695465e-05, 1.13491314551e-05, 1.19699270726e-05, 9.73177429842e-06, 1.21296488942e-05, 1.28215560835e-05, 1.19898732009e-05, 1.13785208669e-05, 1.23143090605e-05, 1.00345796454e-05, 9.75643615675e-06, 9.22565868677e-06, 5.28797363586e-06, 4.49133722213e-06, 2.90924890578e-06, 2.5673248274e-06, 1.96421069631e-06, 1.60653962666e-06, 1.51953872773e-06, 1.25623387248e-06, 8.87620501544e-07, 5.71626173951e-07, 3.79581166499e-07, 2.48603697628e-07], "dmean2": [0.00336395250633, 0.00313559733331, 0.00124565535225, 0.00053365866188, 0.000228273260291, 0.000131825945573, 0.000124980389955, 0.000136418704642, 0.000100469849713, 9.19558588066e-05, 0.000114526301331, 4.63246615254e-05, 2.72725010291e-05, 2.78190673271e-05, 1.85528933798e-05, 2.2129752324e-05, 2.50380307989e-05, 1.78207719728e-05, 1.86826709978e-05, 1.52873799379e-05, 1.94275235117e-05, 2.05834639928e-05, 1.91024992091e-05, 1.8478354832e-05, 2.02490718948e-05, 1.58360653586e-05, 1.56640162459e-05, 1.49002253238e-05, 8.33481681184e-06, 6.75141154716e-06, 4.38386314272e-06, 3.91431194657e-06, 2.74271883427e-06, 2.28722478823e-06, 2.0993909402e-06, 1.74029275968e-06, 1.23511131278e-06, 8.09960226889e-07, 5.27247607351e-07, 3.40985991443e-07], "dvar": [2.41692014242e-05, 1.6911966668e-05, 4.25177267971e-06, 5.57772580123e-07, 9.19101807995e-08, 4.02453430581e-08, 5.02344761344e-08, 6.1869805279e-08, 3.41528050285e-08, 4.61061944179e-08, 1.39614655836e-07, 2.0702417558e-08, 2.85067791594e-09, 2.22721996401e-09, 2.83684342683e-09, 2.8741371505e-09, 3.23264126578e-09, 1.24352350639e-09, 1.90554572121e-09, 9.15023667947e-10, 9.34094690486e-10, 9.86214998555e-10, 9.51650980241e-10, 9.98470972569e-10, 8.82816819647e-10, 6.44883868528e-10, 4.27280766324e-10, 4.29968005644e-10, 1.65622932036e-10, 1.54513624118e-10, 1.09860835706e-10, 7.76044437045e-11, 6.44392456062e-11, 2.93074800539e-11, 3.41994696451e-11, 4.31051895566e-11, 2.12775578406e-11, 9.37811720642e-12, 5.01202595052e-12, 9.36355485336e-13], "dvar2": [4.93164843647e-05, 4.32177075709e-05, 1.20001777759e-05, 1.58288696639e-06, 2.36120243358e-07, 9.13985331863e-08, 1.15944558843e-07, 1.49924417769e-07, 7.67894690057e-08, 1.17091040863e-07, 3.76857798301e-07, 5.36825659481e-08, 6.51664855411e-09, 5.33294830518e-09, 6.90222590194e-09, 6.5835741303e-09, 8.1401161367e-09, 2.86933810045e-09, 4.28360413807e-09, 1.93886995348e-09, 2.15229345457e-09, 2.33911490177e-09, 2.10746509133e-09, 2.39838304772e-09, 2.05528172259e-09, 1.24288002112e-09, 9.67857682888e-10, 9.93469084776e-10, 3.5269528964e-10, 3.04086811287e-10, 1.79242981568e-10, 1.5134526965e-10, 1.30838381796e-10, 6.07453948254e-11, 6.57681270555e-11, 9.79704303794e-11, 4.53406964751e-11, 1.77159502346e-11, 1.0520381441e-11, 2.02092531078e-12], "max": [0.0520056448877, 0.0379714295268, 0.024896575138, 0.00933001283556, 0.00551350414753, 0.00656221434474, 0.00687351170927, 0.00603927625343, 0.00451337080449, 0.00562814809382, 0.00819900352508, 0.00612524664029, 0.0017337774625, 0.00134098366834, 0.00370443868451, 0.00192874623463, 0.00242545525543, 0.000770122511312, 0.00204035895877, 0.00114931107964, 0.00125640258193, 0.00105628103483, 0.000988213112578, 0.00198367284611, 0.0012571796542, 0.00151223770808, 0.000774923188146, 0.000612641044427, 0.000505826610606, 0.000633341784123, 0.000773260660935, 0.000342587271007, 0.000314593838993, 0.00015944513143, 0.000215410269448, 0.000242479349254, 0.000205054995604, 0.000142542310641, 0.000147868689965, 5.23121125298e-05], "mean": [0.00288192834705, 0.00217411504127, 0.000855176651385, 0.000403307582019, 0.000224240473472, 0.000143703160575, 0.000126666694996, 0.000146242236951, 0.000119404961879, 9.65400686255e-05, 0.000105737781269, 4.79988048028e-05, 2.9677130442e-05, 2.85174974124e-05, 1.85375029105e-05, 2.35461848206e-05, 2.54462029261e-05, 1.88936774066e-05, 1.94160857063e-05, 1.67314574355e-05, 2.23667393584e-05, 2.35849820456e-05, 2.23075330723e-05, 1.93018058781e-05, 2.00293543458e-05, 1.93122014025e-05, 1.73085445567e-05, 1.48740409713e-05, 9.15722648642e-06, 6.90939623382e-06, 4.65706989417e-06, 3.82325379178e-06, 3.12295401272e-06, 2.34886397266e-06, 2.26904217016e-06, 1.86280112757e-06, 1.32265699904e-06, 8.77251409293e-07, 5.36072093382e-07, 3.36917906907e-07], "median": [0.00085647177184, 0.000821903406177, 0.000392750662286, 0.000213409133721, 9.49816239881e-05, 5.62071072636e-05, 4.72830433864e-05, 4.39155774075e-05, 3.02309745166e-05, 2.1604635549e-05, 1.68728583958e-05, 1.08381900645e-05, 8.90979208634e-06, 7.7258937381e-06, 5.77264700041e-06, 4.85923465021e-06, 5.10565769218e-06, 3.81953668693e-06, 4.47234197054e-06, 4.04126330977e-06, 4.60473074781e-06, 4.96919710713e-06, 5.13174154548e-06, 5.69850362808e-06, 5.54350754101e-06, 6.32805495115e-06, 5.57417843083e-06, 4.49095432487e-06, 2.72592706096e-06, 1.76996627488e-06, 9.58054556577e-07, 7.12301016392e-07, 5.1790186717e-07, 3.38513018505e-07, 3.01482316445e-07, 2.19098637899e-07, 1.74074756387e-07, 1.13226448661e-07, 7.10352168198e-08, 4.69832599492e-08], "min": [1.55269322607e-24, 2.0022151605e-24, 1.43916233674e-24, 1.23127352657e-24, 2.76940684552e-24, 1.61835011921e-24, 3.32884353089e-24, 1.99604902924e-24, 3.03102092904e-24, 3.42603434986e-24, 4.10257290066e-24, 4.44542447184e-24, 4.85388836553e-24, 4.20395454318e-24, 1.6078508736e-24, 3.88601441053e-24, 4.73344547695e-24, 4.23479111597e-24, 5.19248048225e-24, 4.2452841493e-24, 5.01492130312e-24, 4.77218761929e-24, 5.18472755728e-24, 4.39903432302e-24, 4.27255033763e-24, 4.56773774963e-24, 4.50206429041e-24, 4.62804379925e-24, 5.63732033e-24, 6.44200144624e-24, 3.37757896319e-24, 5.79259142754e-24, 5.28058717346e-24, 6.44498886249e-24, 6.1362172657e-24, 6.56726151394e-24, 5.91922608537e-24, 6.79826838598e-24, 6.74278385421e-24, 6.83568090327e-24], "var": [3.55869306077e-05, 1.86701327038e-05, 3.54298617822e-06, 4.82852499317e-07, 1.65702630284e-07, 8.04638844443e-08, 8.25718800002e-08, 1.11867144881e-07, 9.14674629371e-08, 8.66275371436e-08, 2.24291099471e-07, 3.21532276359e-08, 7.28509164105e-09, 4.22431245539e-09, 3.55627371995e-09, 6.84104639603e-09, 6.52032694504e-09, 2.87990586934e-09, 3.86128418128e-09, 2.28795871138e-09, 2.61872501461e-09, 2.86712231734e-09, 2.46357378941e-09, 1.73564285166e-09, 1.76028502885e-09, 1.62643420953e-09, 1.02950270531e-09, 8.57995841042e-10, 4.36534697279e-10, 3.6383915325e-10, 3.30571126028e-10, 1.85883045067e-10, 1.30356558881e-10, 6.18391934881e-11, 7.35897939808e-11, 6.85783582699e-11, 3.95968501044e-11, 2.24938054294e-11, 8.85876701856e-12, 1.46787497522e-12]}, "melbands_crest": {"dmean": 3.98526072502, "dmean2": 6.42570590973, "dvar": 13.9484195709, "dvar2": 29.9216384888, "max": 40, "mean": 15.4953355789, "median": 14.4927825928, "min": 1.55772233009, "var": 41.8972396851}, "melbands_flatness_db": {"dmean": 0.0431784056127, "dmean2": 0.0623029954731, "dvar": 0.00252404087223, "dvar2": 0.00488493544981, "max": 1, "mean": 0.235407203436, "median": 0.211403042078, "min": 0.00337956775911, "var": 0.0149249397218}, "melbands_kurtosis": {"dmean": 6227915.5, "dmean2": 11657162, "dvar": 129116372004000000, "dvar2": 255559315845000000, "max": 28719345664, "mean": 45765320, "median": 10.3185873032, "min": -1.87553167343, "var": 1253028327460000000}, "melbands_skewness": {"dmean": 27.6557159424, "dmean2": 50.9879150391, "dvar": 2470143.5, "dvar2": 4922289, "max": 125004.109375, "mean": 203.420227051, "median": 2.79992723465, "min": -2.307035923, "var": 23867974}, "melbands_spread": {"dmean": 11.0316400528, "dmean2": 17.8195743561, "dvar": 292.506988525, "dvar2": 684.07611084, "max": 217.318649292, "mean": 26.0056190491, "median": 18.2444076538, "min": 1.46514329558e-08, "var": 666.097839355}, "mfcc": {"cov": [[14139.625, -802.534362793, -1726.36962891, -62.2062225342, -440.672302246, -336.211273193, -357.564819336, -82.1714401245, -342.032928467, -57.8696098328, -197.582077026, -16.2036304474, -15.148352623], [-802.534362793, 1870.94360352, -198.541183472, 41.1627502441, -80.7928009033, -106.0573349, 66.2254180908, 4.67314624786, 43.9416427612, 57.9486122131, 32.272567749, 12.9247322083, 10.8993148804], [-1726.36962891, -198.541183472, 1584.06628418, 224.355422974, 300.986022949, 272.418243408, 83.0665359497, 131.39630127, 147.560943604, 58.5934410095, 70.0881652832, 7.34162282944, -27.7517471313], [-62.2062225342, 41.1627502441, 224.355422974, 425.830932617, 152.88633728, 97.69581604, 44.3546295166, 40.8680229187, 52.9166183472, -3.22567462921, -6.32904195786, 8.00219535828, 20.4291286469], [-440.672302246, -80.7928009033, 300.986022949, 152.88633728, 398.719543457, 171.829833984, 63.4746627808, 58.024105072, 63.4927597046, 25.8208751678, 43.967414856, 14.3640213013, -1.06171417236], [-336.211273193, -106.0573349, 272.418243408, 97.69581604, 171.829833984, 281.936889648, 123.202781677, 62.7292098999, 49.876159668, 21.1087360382, 49.1888694763, 7.65641069412, -4.43428325653], [-357.564819336, 66.2254180908, 83.0665359497, 44.3546295166, 63.4746627808, 123.202781677, 217.147842407, 92.1663742065, 63.1783447266, 21.9878158569, 34.5450363159, 23.7437915802, 5.79299449921], [-82.1714401245, 4.67314624786, 131.39630127, 40.8680229187, 58.024105072, 62.7292098999, 92.1663742065, 150.464447021, 77.9506759644, 30.885684967, 26.328168869, 16.7349243164, 6.88704109192], [-342.032928467, 43.9416427612, 147.560943604, 52.9166183472, 63.4927597046, 49.876159668, 63.1783447266, 77.9506759644, 157.91305542, 66.9644393921, 43.1453704834, 20.7303352356, 2.73356986046], [-57.8696098328, 57.9486122131, 58.5934410095, -3.22567462921, 25.8208751678, 21.1087360382, 21.9878158569, 30.885684967, 66.9644393921, 127.962654114, 65.3118286133, 22.6271705627, 1.78948688507], [-197.582077026, 32.272567749, 70.0881652832, -6.32904195786, 43.967414856, 49.1888694763, 34.5450363159, 26.328168869, 43.1453704834, 65.3118286133, 121.730155945, 44.1432991028, 4.39465093613], [-16.2036304474, 12.9247322083, 7.34162282944, 8.00219535828, 14.3640213013, 7.65641069412, 23.7437915802, 16.7349243164, 20.7303352356, 22.6271705627, 44.1432991028, 89.7693023682, 32.184879303], [-15.148352623, 10.8993148804, -27.7517471313, 20.4291286469, -1.06171417236, -4.43428325653, 5.79299449921, 6.88704109192, 2.73356986046, 1.78948688507, 4.39465093613, 32.184879303, 86.1748733521]], "icov": [[9.63049533311e-05, 4.80589515064e-05, 0.000113729700388, -8.34694146761e-05, 5.73291326873e-05, -4.77717185277e-05, 0.000166747049661, -0.000211540362216, 0.000192928462639, -0.000160087642143, 0.000121236189443, -0.000100789795397, 9.98739051283e-05], [4.80589515064e-05, 0.000618790043518, 0.000106659361336, -0.00020679384761, 8.86175257619e-05, 0.000382170634111, -0.000332885741955, 5.19645473105e-05, 3.80279675483e-06, -0.000297167280223, -0.000137549010105, 9.12403847906e-05, 3.15264951496e-05], [0.000113729700388, 0.000106659361336, 0.00101115787402, -0.00030893064104, -0.000173460095539, -0.000653664115816, 0.000592628784943, -0.000639831123408, -0.000201190370717, -0.000176496643689, 3.51557137037e-05, -8.06034295238e-05, 0.00041925397818], [-8.34694146761e-05, -0.00020679384761, -0.00030893064104, 0.00310349534266, -0.000893242715392, -0.000477856723592, -4.08410342061e-05, 0.00020679589943, -0.000885742425453, 0.000567361654248, 0.000824394519441, -0.000118158837722, -0.000854710466228], [5.73291326873e-05, 8.86175257619e-05, -0.000173460095539, -0.000893242715392, 0.00392837775871, -0.00182821706403, 0.000563025707379, -0.000421555887442, -0.000301956693875, -2.98357226711e-05, -0.000420325086452, -0.000250093726208, 0.000229971905355], [-4.77717185277e-05, 0.000382170634111, -0.000653664115816, -0.000477856723592, -0.00182821706403, 0.00722302310169, -0.00360500067472, 0.000457256042864, 0.000463594245957, 0.000309116323479, -0.00199263077229, 0.00138486537617, -3.57404314855e-05], [0.000166747049661, -0.000332885741955, 0.000592628784943, -4.08410342061e-05, 0.000563025707379, -0.00360500067472, 0.00862513575703, -0.00402361899614, -0.000694832066074, 0.000425276230089, 0.000232805497944, -0.00148164911661, 0.000389842054574], [-0.000211540362216, 5.19645473105e-05, -0.000639831123408, 0.00020679589943, -0.000421555887442, 0.000457256042864, -0.00402361899614, 0.0115870628506, -0.0041260686703, 0.00026883056853, -8.20314598968e-05, 0.000156362890266, -0.000864960893523], [0.000192928462639, 3.80279675483e-06, -0.000201190370717, -0.000885742425453, -0.000301956693875, 0.000463594245957, -0.000694832066074, -0.0041260686703, 0.0115903317928, -0.00471968250349, 1.24277294162e-05, -0.000589900766499, 0.000525250972714], [-0.000160087642143, -0.000297167280223, -0.000176496643689, 0.000567361654248, -2.98357226711e-05, 0.000309116323479, 0.000425276230089, 0.00026883056853, -0.00471968250349, 0.0131980301812, -0.00594979524612, 0.000572618504521, -0.000251227320405], [0.000121236189443, -0.000137549010105, 3.51557137037e-05, 0.000824394519441, -0.000420325086452, -0.00199263077229, 0.000232805497944, -8.20314598968e-05, 1.24277294162e-05, -0.00594979524612, 0.0147230001166, -0.00608222186565, 0.00138172635343], [-0.000100789795397, 9.12403847906e-05, -8.06034295238e-05, -0.000118158837722, -0.000250093726208, 0.00138486537617, -0.00148164911661, 0.000156362890266, -0.000589900766499, 0.000572618504521, -0.00608222186565, 0.0164338778704, -0.00569270225242], [9.98739051283e-05, 3.15264951496e-05, 0.00041925397818, -0.000854710466228, 0.000229971905355, -3.57404314855e-05, 0.000389842054574, -0.000864960893523, 0.000525250972714, -0.000251227320405, 0.00138172635343, -0.00569270225242, 0.0140436543152]], "mean": [-695.957519531, 113.553138733, 2.86278319359, 49.2204093933, 1.28848981857, 4.64104986191, 6.58591747284, 7.44584798813, 1.53258180618, 7.17595624924, -0.336871773005, 2.10593128204, -1.18606317043]}, "pitch_salience": {"dmean": 0.0897287279367, "dmean2": 0.140018627048, "dvar": 0.00861280411482, "dvar2": 0.0179890170693, "max": 0.967907369137, "mean": 0.520999908447, "median": 0.540052056313, "min": 1.63753175002e-05, "var": 0.0241488199681}, "silence_rate_20dB": {"dmean": 0, "dmean2": 0, "dvar": 0, "dvar2": 0, "max": 1, "mean": 1, "median": 1, "min": 1, "var": 0}, "silence_rate_30dB": {"dmean": 0.0212143994868, "dmean2": 0.0424323417246, "dvar": 0.0207643490285, "dvar2": 0.0539963543415, "max": 1, "mean": 0.984883904457, "median": 1, "min": 0, "var": 0.01488758903}, "silence_rate_60dB": {"dmean": 0.0546228997409, "dmean2": 0.109254926443, "dvar": 0.0516392402351, "dvar2": 0.11001458019, "max": 1, "mean": 0.124018706381, "median": 0, "min": 0, "var": 0.108638070524}, "spectral_centroid": {"dmean": 381.871124268, "dmean2": 607.815734863, "dvar": 238824.015625, "dvar2": 567498.6875, "max": 11533.1435547, "mean": 1693.37670898, "median": 1694.0090332, "min": 85.3334197998, "var": 1089832.625}, "spectral_complexity": {"dmean": 3.8361313343, "dmean2": 6.02288675308, "dvar": 25.5670661926, "dvar2": 57.1922607422, "max": 61, "mean": 17.1524963379, "median": 13, "min": 0, "var": 192.324996948}, "spectral_contrast_coeffs": {"dmean": [0.0549596883357, 0.0462016612291, 0.0399755761027, 0.0298767499626, 0.0239288061857, 0.0230952687562], "dmean2": [0.0866920500994, 0.0734064280987, 0.0615761354566, 0.0472706630826, 0.037320651114, 0.0347377918661], "dvar": [0.00228046439588, 0.00142512319144, 0.00106154778041, 0.000634904659819, 0.000434318033513, 0.000480487127788], "dvar2": [0.00552730960771, 0.00344559922814, 0.00239430344664, 0.00141768960748, 0.000944445433561, 0.00102425541263], "max": [-0.345177620649, -0.376520812511, -0.439015120268, -0.546822309494, -0.55288285017, -0.551774382591], "mean": [-0.67556232214, -0.735633254051, -0.769738793373, -0.800322413445, -0.790000319481, -0.739347338676], "median": [-0.685098767281, -0.742241740227, -0.776327967644, -0.806341290474, -0.793396115303, -0.736573457718], "min": [-0.981121182442, -0.97927492857, -0.983464002609, -0.983510673046, -0.981646776199, -0.980462431908], "var": [0.00713429553434, 0.00639549875632, 0.00530900713056, 0.00306094787084, 0.00244793249294, 0.00250306609087]}, "spectral_contrast_valleys": {"dmean": [0.499559432268, 0.388719767332, 0.375567555428, 0.381069153547, 0.37791660428, 0.500261962414], "dmean2": [0.695028781891, 0.604742348194, 0.573543429375, 0.561697304249, 0.530036568642, 0.591972768307], "dvar": [0.255136758089, 0.15167543292, 0.169405594468, 0.239768341184, 0.281402647495, 0.388293832541], "dvar2": [0.415210962296, 0.294482171535, 0.312796890736, 0.440929055214, 0.527356088161, 0.604801237583], "max": [-5.28622770309, -4.86939811707, -5.45498657227, -5.36282968521, -5.14649152756, -7.04683351517], "mean": [-7.44918727875, -7.57306861877, -8.22371482849, -8.50813484192, -7.81926965714, -10.9327201843], "median": [-6.98908138275, -7.14441156387, -7.86063814163, -8.13493824005, -7.48264980316, -10.5473518372], "min": [-28.034866333, -27.9150066376, -27.8009185791, -27.652135849, -27.4747657776, -27.3854827881], "var": [3.01772880554, 3.29250979424, 3.31020689011, 3.48848080635, 3.65322351456, 3.57628321648]}, "spectral_decrease": {"dmean": 3.03794300827e-09, "dmean2": 4.72657379902e-09, "dvar": 2.82101080535e-17, "dvar2": 6.30728128747e-17, "max": 1.74238244104e-28, "mean": -5.93867977017e-09, "median": -3.42055783698e-09, "min": -4.96247345438e-08, "var": 5.25036482555e-17}, "spectral_energy": {"dmean": 0.0117777213454, "dmean2": 0.0181639511138, "dvar": 0.000407899759011, "dvar2": 0.000905816443264, "max": 0.189183652401, "mean": 0.0239005554467, "median": 0.0139005566016, "min": 9.99608026827e-21, "var": 0.000800535664894}, "spectral_energyband_high": {"dmean": 0.000518403481692, "dmean2": 0.000715153408237, "dvar": 2.12332565752e-06, "dvar2": 3.52010897586e-06, "max": 0.0553038269281, "mean": 0.000973319343757, "median": 0.000289148156298, "min": 7.27445006561e-21, "var": 6.51885011393e-06}, "spectral_energyband_low": {"dmean": 0.00981802400202, "dmean2": 0.0155120193958, "dvar": 0.000393065274693, "dvar2": 0.00087921845261, "max": 0.18103684485, "mean": 0.0140170808882, "median": 0.00545152835548, "min": 2.18247188894e-23, "var": 0.000619205995463}, "spectral_energyband_middle_high": {"dmean": 0.00119233957957, "dmean2": 0.00181340810377, "dvar": 5.89116143601e-06, "dvar2": 1.29176933115e-05, "max": 0.0578032694757, "mean": 0.00341622321866, "median": 0.00149550801143, "min": 1.37238835976e-21, "var": 2.66068655037e-05}, "spectral_energyband_middle_low": {"dmean": 0.00336025981233, "dmean2": 0.00557374488562, "dvar": 5.13959712407e-05, "dvar2": 0.000141018230352, "max": 0.0823997408152, "mean": 0.00661694025621, "median": 0.0042094909586, "min": 1.78321704703e-22, "var": 6.88051295583e-05}, "spectral_entropy": {"dmean": 0.208772227168, "dmean2": 0.290603876114, "dvar": 0.0784249007702, "dvar2": 0.132359787822, "max": 9.81627750397, "mean": 7.49105978012, "median": 7.62257289886, "min": 4.03020477295, "var": 0.386513262987}, "spectral_flux": {"dmean": 0.0328923761845, "dmean2": 0.051367033273, "dvar": 0.00173387408722, "dvar2": 0.00418275687844, "max": 0.336579412222, "mean": 0.0819551423192, "median": 0.0638996809721, "min": 6.36171670898e-11, "var": 0.00389136606827}, "spectral_kurtosis": {"dmean": 2.12660098076, "dmean2": 3.4374628067, "dvar": 24.8797340393, "dvar2": 48.3375282288, "max": 360.436035156, "mean": 4.52761363983, "median": 3.26836442947, "min": -1.2911118269, "var": 67.5889511108}, "spectral_rms": {"dmean": 0.00102382258046, "dmean2": 0.00146153499372, "dvar": 1.81280699962e-06, "dvar2": 3.41692157235e-06, "max": 0.0135856326669, "mean": 0.00414729909971, "median": 0.003682596609, "min": 3.12286307924e-12, "var": 6.11752648183e-06}, "spectral_rolloff": {"dmean": 681.204956055, "dmean2": 1150.96337891, "dvar": 1224026.375, "dvar2": 2676006.25, "max": 21468.6035156, "mean": 1636.55041504, "median": 839.794921875, "min": 21.533203125, "var": 3704631}, "spectral_skewness": {"dmean": 0.277606576681, "dmean2": 0.424083739519, "dvar": 0.161351367831, "dvar2": 0.313011318445, "max": 16.0174369812, "mean": 1.25746107101, "median": 1.13116729259, "min": -0.215584307909, "var": 0.596960902214}, "spectral_spread": {"dmean": 654062.125, "dmean2": 860237.875, "dvar": 928534822912, "dvar2": 1617580785660.0, "max": 51243480, "mean": 4306822, "median": 3821384, "min": 433151.84375, "var": 7953048403970.0}, "spectral_stro