{"lowlevel": {"average_loudness": 0.927874326706, "barkbands": {"dmean": [1.83288989319e-06, 0.000843392917886, 0.00174150138628, 0.000967949221376, 0.00238364888355, 0.000845373782795, 0.000670048932079, 0.000940210593399, 0.00114802841563, 0.00084500585217, 0.000514291692525, 0.000943606137298, 0.000660397170577, 0.000321971892845, 0.000392490619561, 0.000307880953187, 0.000351042574039, 0.00024049289641, 0.000262880901573, 0.000142069562571, 6.66647829348e-05, 3.86956926377e-05, 3.79628108931e-05, 2.49306121987e-05, 9.1773481472e-06, 1.78858590516e-06, 2.35949872973e-08], "dmean2": [3.19665582538e-06, 0.00135394546669, 0.00295779109001, 0.00160482234787, 0.00397461932153, 0.00130627246108, 0.00103961012792, 0.00146364304237, 0.0018135572318, 0.00136735429987, 0.000828526972327, 0.00159870425705, 0.00107469828799, 0.000532242935151, 0.000642926432192, 0.000503736489918, 0.000570289616007, 0.000390407949453, 0.000420938566094, 0.000223930255743, 0.000104765793367, 5.87911854382e-05, 5.6167224102e-05, 3.66255007975e-05, 1.37563183671e-05, 2.99569910567e-06, 4.29721538353e-08], "dvar": [8.29122534518e-12, 3.15217289426e-06, 1.25235419546e-05, 4.04509364671e-06, 3.08731578116e-05, 2.60152387455e-06, 2.76013361145e-06, 4.4241642172e-06, 7.05293223291e-06, 4.83520170746e-06, 1.15281955004e-06, 3.66411518371e-06, 2.26893052968e-06, 5.10908819251e-07, 1.04168896087e-06, 4.27718759966e-07, 4.62274783786e-07, 1.81373053465e-07, 1.36937600814e-07, 6.12021722191e-08, 1.62088884537e-08, 8.5889242385e-09, 2.68965436589e-08, 1.56577293353e-08, 8.48665582254e-10, 8.26215901251e-11, 1.99943601037e-14], "dvar2": [2.33218930279e-11, 8.2200685938e-06, 3.49434194504e-05, 1.0939646927e-05, 8.55064790812e-05, 5.97090865995e-06, 6.80408948028e-06, 1.02725643956e-05, 1.63467757375e-05, 1.25864107758e-05, 2.76445462077e-06, 9.93126104731e-06, 5.8828127294e-06, 1.27080113543e-06, 2.56929274656e-06, 1.14028932785e-06, 1.1074843087e-06, 4.4978690994e-07, 3.41394724046e-07, 1.43823598364e-07, 3.86251812756e-08, 1.99442151683e-08, 5.48974981029e-08, 3.55564004906e-08, 2.06158801141e-09, 2.2680043954e-10, 5.75299153476e-14], "max": [4.1128241719e-05, 0.0262425132096, 0.0416191034019, 0.0256134197116, 0.0842067673802, 0.0506774112582, 0.0403668433428, 0.0525745861232, 0.0722713544965, 0.0400882028043, 0.0392712168396, 0.0403317250311, 0.0273613464087, 0.0167322102934, 0.0280633531511, 0.0186742767692, 0.0239832811058, 0.0124134672806, 0.00605663657188, 0.0051949294284, 0.00162541714963, 0.00164932908956, 0.00715411454439, 0.00524993706495, 0.000594223674852, 0.000230526784435, 2.60026649812e-06], "mean": [2.04771413337e-06, 0.00182576011866, 0.00260915444233, 0.00137684319634, 0.00381622463465, 0.00156430446077, 0.00118661683518, 0.00153605337255, 0.00200193095952, 0.00140534108505, 0.000824213726446, 0.00146675249562, 0.00105462444481, 0.000507169752382, 0.000647860986646, 0.00061522301985, 0.000795727304649, 0.000509383447934, 0.000608765287325, 0.000318953214446, 0.000140880903928, 7.49150713091e-05, 6.55015173834e-05, 3.84629129258e-05, 1.22735655168e-05, 1.75147022219e-06, 1.72308425306e-08], "median": [9.90927446765e-07, 0.000495833694004, 0.000967982108705, 0.000629260786809, 0.00151468766853, 0.000753515865654, 0.000456920475699, 0.000526462041307, 0.000541526591405, 0.000338194746291, 0.000239786633756, 0.000593805278186, 0.00031412334647, 0.00021774234483, 0.000265735434368, 0.000282656983472, 0.000342652667314, 0.00031130714342, 0.000399760814616, 0.0001796533179, 7.30603424017e-05, 4.07176412409e-05, 2.05410397029e-05, 9.27122709982e-06, 2.23444658332e-06, 2.55814484262e-07, 2.07617789627e-09], "min": [1.07090500707e-24, 1.55431285612e-24, 3.05821355609e-25, 1.9198075949e-24, 6.54975787374e-24, 5.41472074305e-24, 8.86821967976e-24, 8.91272563431e-24, 5.31520948973e-24, 1.38732534003e-23, 1.32329555139e-23, 1.97480457119e-23, 2.95804600994e-23, 2.58428844621e-23, 3.62597864046e-23, 3.99100824714e-23, 6.46768565291e-23, 6.59809761341e-23, 1.22253434797e-22, 1.63594340556e-22, 2.69555336414e-22, 3.09232742784e-22, 3.82294010599e-22, 4.88265166986e-22, 8.75103672731e-22, 1.22362065361e-21, 1.92683645759e-21], "var": [9.22969339845e-12, 7.87088447396e-06, 1.91751114471e-05, 4.90592992719e-06, 4.11139590142e-05, 6.06326329944e-06, 6.5857957452e-06, 1.10608507384e-05, 1.91871276911e-05, 1.16898800115e-05, 3.21530683323e-06, 6.67037102176e-06, 4.93963625559e-06, 9.26995710415e-07, 1.74005322151e-06, 1.14047850275e-06, 1.6461120822e-06, 4.29188958151e-07, 4.53133338851e-07, 1.62994069797e-07, 3.7586826096e-08, 1.38078846135e-08, 6.88719765662e-08, 2.80972649591e-08, 1.00974850703e-09, 5.94674795518e-11, 1.16344693279e-14]}, "barkbands_crest": {"dmean": 2.52958774567, "dmean2": 4.16283655167, "dvar": 5.41511821747, "dvar2": 14.6881866455, "max": 24.4729232788, "mean": 9.23279953003, "median": 8.3020362854, "min": 2.38091516495, "var": 16.3379058838}, "barkbands_flatness_db": {"dmean": 0.0181712713093, "dmean2": 0.0282557830215, "dvar": 0.000274478719803, "dvar2": 0.0006704092375, "max": 0.374506592751, "mean": 0.158018991351, "median": 0.15249080956, "min": 0.0402398444712, "var": 0.00206543505192}, "barkbands_kurtosis": {"dmean": 1.56030786037, "dmean2": 2.51906657219, "dvar": 8.18274784088, "dvar2": 18.9553718567, "max": 91.3782348633, "mean": 1.73033154011, "median": 0.275455832481, "min": -1.86384725571, "var": 24.0724849701}, "barkbands_skewness": {"dmean": 0.421228855848, "dmean2": 0.668820500374, "dvar": 0.171090707183, "dvar2": 0.419260919094, "max": 7.71470546722, "mean": 0.998621940613, "median": 0.831436157227, "min": -2.18062663078, "var": 1.139362216}, "barkbands_spread": {"dmean": 4.34230995178, "dmean2": 6.89801168442, "dvar": 21.3499832153, "dvar2": 52.9568405151, "max": 114.260215759, "mean": 21.7671337128, "median": 21.2160987854, "min": 1.1562473774, "var": 99.1735458374}, "dissonance": {"dmean": 0.016937546432, "dmean2": 0.0285146310925, "dvar": 0.000249340315349, "dvar2": 0.00068513903534, "max": 0.499999850988, "mean": 0.465706706047, "median": 0.471213698387, "min": 0.315302878618, "var": 0.00055863003945}, "dynamic_complexity": 2.72907829285, "erbbands": {"dmean": [0.00814100168645, 0.255005568266, 1.67471456528, 2.78789925575, 5.11579084396, 9.46894931793, 7.40901374817, 7.09798669815, 8.51127719879, 12.2696695328, 22.0367546082, 24.9808979034, 28.3517360687, 21.0062828064, 22.7206935883, 37.4409980774, 30.6006145477, 17.1546096802, 17.7913742065, 17.5518836975, 16.1472740173, 17.2884807587, 12.138885498, 11.1905832291, 12.9484968185, 5.75503873825, 3.36232614517, 1.9914213419, 1.45934796333, 1.12747728825, 1.08019423485, 0.743605494499, 0.313224583864, 0.139045268297, 0.046178791672, 0.0126894684508, 0.00250520394184, 0.000217255452299, 7.87744102126e-06, 8.05373292678e-06], "dmean2": [0.0127372499555, 0.409146755934, 2.79059648514, 4.70098829269, 8.6345281601, 15.8657474518, 11.5767469406, 11.0472421646, 13.1396512985, 19.6049976349, 34.6169281006, 38.4198112488, 45.8134117126, 33.9361076355, 37.1696357727, 63.4128761292, 49.7860069275, 28.0163860321, 28.9389400482, 28.4901638031, 26.3454208374, 27.9760723114, 19.6582946777, 17.9754638672, 20.6736469269, 9.0214176178, 5.27466773987, 3.05642461777, 2.24012994766, 1.70326054096, 1.58102166653, 1.08442008495, 0.460078090429, 0.202240139246, 0.0730861350894, 0.0208065863699, 0.00428169034421, 0.000379131524824, 1.28972051243e-05, 1.28718083943e-05], "dvar": [0.000304983084789, 0.262657999992, 10.7477703094, 35.7491874695, 123.528892517, 594.88067627, 239.049621582, 217.894104004, 397.144836426, 1265.40161133, 2311.79980469, 4354.49365234, 5813.15380859, 3002.52319336, 2095.94726562, 5936.296875, 4671.69726562, 1311.48193359, 1896.51989746, 2310.99462891, 936.301940918, 1074.3458252, 400.473815918, 317.27154541, 404.746154785, 91.6561050415, 32.4486999512, 22.7481441498, 12.2154932022, 11.3556232452, 27.7030677795, 21.4393081665, 1.0110219717, 0.170364961028, 0.0291120223701, 0.00368915684521, 0.000164746801602, 1.56047008204e-06, 7.78324960038e-10, 1.01433153543e-10], "dvar2": [0.00076851178892, 0.672701179981, 28.7741317749, 99.4878768921, 344.768157959, 1619.69091797, 539.437194824, 515.407470703, 958.35144043, 2946.33935547, 5401.31054688, 9388.38378906, 15091.1542969, 7808.14550781, 5350.41845703, 16279.0761719, 12407.1396484, 3273.57519531, 4693.88232422, 5299.52539062, 2428.97802734, 2702.79394531, 979.001037598, 770.421142578, 988.864379883, 210.193786621, 77.264755249, 54.2769622803, 28.7944488525, 26.0049934387, 58.359577179, 48.9502792358, 2.27767300606, 0.393362045288, 0.0749218687415, 0.00996062718332, 0.00045739748748, 4.38833103544e-06, 2.13147166583e-09, 2.57620202948e-10], "max": [0.252632588148, 7.55861759186, 39.6870040894, 70.1557922363, 152.797698975, 373.241088867, 312.422454834, 436.071777344, 481.558929443, 1044.78747559, 1186.69519043, 2266.08276367, 1560.55334473, 1396.41052246, 1433.49523926, 1508.65234375, 1417.2746582, 978.201660156, 920.55279541, 1520.56774902, 786.891113281, 723.959716797, 581.283996582, 361.404418945, 433.825775146, 201.56854248, 104.493171692, 76.0136489868, 57.9958076477, 116.592773438, 240.967376709, 199.312637329, 35.6594810486, 9.57482051849, 3.12351894379, 1.66446244717, 0.262977957726, 0.0265075229108, 0.000579630897846, 0.00012548599625], "mean": [0.0191186573356, 0.548559963703, 2.78028893471, 4.17604494095, 8.10157680511, 13.9137020111, 12.9878053665, 12.94643116, 15.8814601898, 21.8083190918, 37.8013534546, 45.3814468384, 50.9099349976, 36.9198265076, 40.4228897095, 61.3335189819, 52.1870574951, 30.5660305023, 30.9312839508, 33.474697113, 38.3235855103, 42.0499572754, 29.4684104919, 27.0537376404, 31.9049358368, 14.3962497711, 7.83931827545, 4.01507329941, 2.82763504982, 2.04112482071, 1.80022597313, 1.15014052391, 0.487662404776, 0.197060495615, 0.0539907179773, 0.0132249658927, 0.00243166391738, 0.00020436590421, 1.97117624339e-05, 3.06877955154e-05], "median": [0.00419748947024, 0.17083632946, 1.02182400227, 2.19212055206, 3.61911034584, 4.71926259995, 4.77641487122, 6.65991735458, 7.33552932739, 7.58584403992, 15.3928194046, 13.4328994751, 13.8251466751, 12.5799875259, 18.0822601318, 26.4809074402, 18.8321762085, 14.9343156815, 13.0903759003, 15.2930192947, 18.2037258148, 18.9050140381, 18.9922180176, 18.1388168335, 18.8699092865, 8.65371513367, 4.54575681686, 2.04622936249, 1.52692961693, 0.931461572647, 0.501543939114, 0.24732632935, 0.128406614065, 0.0413253679872, 0.00847520958632, 0.00191938644275, 0.000373424321879, 3.83213846362e-05, 1.60845484061e-05, 2.92957629426e-05], "min": [8.70922949748e-23, 4.6842091022e-22, 1.67218246386e-21, 5.48709976609e-21, 1.06978234646e-20, 1.60433489262e-20, 2.86259421906e-20, 4.18499558589e-20, 8.213739339e-20, 1.99352970393e-19, 2.90104493435e-19, 1.6891236196e-19, 3.55704930793e-19, 6.9904258085e-19, 9.62538069847e-19, 9.75791778007e-19, 1.48995618323e-18, 1.58246620178e-18, 2.38228760878e-18, 3.0053520994e-18, 3.79696828831e-18, 4.35635744936e-18, 4.23618878587e-18, 4.96115303577e-18, 7.70344453638e-18, 8.01445038463e-18, 8.21021591148e-18, 1.01813740763e-17, 1.19730886421e-17, 1.08336142611e-17, 1.10840026597e-17, 1.12100840102e-17, 8.7282758204e-18, 7.93124511399e-18, 6.88059421433e-18, 3.79255858847e-18, 2.13324710099e-18, 8.66983871545e-19, 2.25538988271e-19, 2.45211472581e-20], "var": [0.00100171845406, 0.678600847721, 20.914604187, 38.7774620056, 161.407043457, 841.690307617, 569.085571289, 428.47164917, 904.973693848, 2942.03295898, 5717.06005859, 11544.0166016, 15224.4511719, 6669.71289062, 4774.59570312, 11168.2871094, 10309.5175781, 2654.24682617, 3421.92260742, 5007.15576172, 3354.91235352, 4022.24829102, 1166.56787109, 953.893554688, 1559.76171875, 279.963867188, 93.6066207886, 36.8797035217, 18.9878768921, 20.9807109833, 67.568397522, 38.4891815186, 1.94723212719, 0.23858730495, 0.0276966765523, 0.00283678760752, 0.000114742702863, 1.01185150925e-06, 6.55535625782e-10, 3.27035648562e-10]}, "erbbands_crest": {"dmean": 2.69602441788, "dmean2": 4.48986959457, "dvar": 6.4169049263, "dvar2": 16.7500858307, "max": 29.792591095, "mean": 9.16734790802, "median": 8.21864700317, "min": 2.47810745239, "var": 17.3309650421}, "erbbands_flatness_db": {"dmean": 0.0162625890225, "dmean2": 0.023737212643, "dvar": 0.00024097484129, "dvar2": 0.000460900046164, "max": 0.366242319345, "mean": 0.199646741152, "median": 0.197613254189, "min": 0.0388603284955, "var": 0.0019702592399}, "erbbands_kurtosis": {"dmean": 0.694314777851, "dmean2": 1.13732683659, "dvar": 0.749366343021, "dvar2": 1.93329119682, "max": 18.7116184235, "mean": 0.0115959430113, "median": -0.28839635849, "min": -1.8402121067, "var": 1.81975328922}, "erbbands_skewness": {"dmean": 0.322677195072, "dmean2": 0.514974057674, "dvar": 0.0772523134947, "dvar2": 0.194410130382, "max": 3.0230448246, "mean": 0.0421431176364, "median": 0.0149961300194, "min": -2.3621981144, "var": 0.47614133358}, "erbbands_spread": {"dmean": 6.26309776306, "dmean2": 9.81112861633, "dvar": 37.9242706299, "dvar2": 87.6956787109, "max": 102.983642578, "mean": 33.0683097839, "median": 31.6831302643, "min": 3.7354581356, "var": 190.767715454}, "gfcc": {"cov": [[30619.4628906, 2096.61425781, -3898.17553711, 1467.14453125, -1765.44824219, 497.317047119, -622.160827637, 189.580764771, -541.961242676, -409.396209717, -141.006835938, -369.759460449, -247.834991455], [2096.61425781, 1044.77893066, -351.812408447, 30.6353740692, 155.918701172, -203.011077881, 37.898601532, -55.4317054749, 46.5460243225, -86.1815567017, 64.4025421143, -78.3836746216, -19.2650165558], [-3898.17553711, -351.812408447, 986.691833496, 54.9380531311, 274.714569092, 40.7137985229, -2.13511610031, 22.9083156586, 84.3947372437, 116.810333252, -30.5113945007, 91.3624954224, 17.7375602722], [1467.14453125, 30.6353740692, 54.9380531311, 461.212188721, 36.2029418945, 41.3422813416, -95.2976074219, 27.0138206482, 66.7447357178, -8.93571186066, -22.4531078339, 7.74080562592, 41.3768768311], [-1765.44824219, 155.918701172, 274.714569092, 36.2029418945, 375.990905762, -67.9286727905, 48.7838096619, 0.157741546631, 81.8228302002, 35.694152832, 10.4201164246, 11.0174779892, 41.1436691284], [497.317047119, -203.011077881, 40.7137985229, 41.3422813416, -67.9286727905, 383.15637207, 157.939315796, 93.9140319824, -28.1005821228, 48.2599906921, 18.7446460724, -1.37225055695, -4.1819062233], [-622.160827637, 37.898601532, -2.13511610031, -95.2976074219, 48.7838096619, 157.939315796, 315.400726318, 62.9456520081, 14.1409921646, -7.21531057358, 67.9040679932, -15.940615654, -1.91428339481], [189.580764771, -55.4317054749, 22.9083156586, 27.0138206482, 0.157741546631, 93.9140319824, 62.9456520081, 116.842964172, 20.9833717346, 27.6666755676, -2.14514398575, -2.9416012764, 3.51074242592], [-541.961242676, 46.5460243225, 84.3947372437, 66.7447357178, 81.8228302002, -28.1005821228, 14.1409921646, 20.9833717346, 147.924438477, 31.4740180969, 24.1660327911, -10.9318189621, 18.0509796143], [-409.396209717, -86.1815567017, 116.810333252, -8.93571186066, 35.694152832, 48.2599906921, -7.21531057358, 27.6666755676, 31.4740180969, 116.966430664, 7.35454845428, 19.3462238312, -4.2602686882], [-141.006835938, 64.4025421143, -30.5113945007, -22.4531078339, 10.4201164246, 18.7446460724, 67.9040679932, -2.14514398575, 24.1660327911, 7.35454845428, 97.0316467285, 12.4095773697, 3.49697732925], [-369.759460449, -78.3836746216, 91.3624954224, 7.74080562592, 11.0174779892, -1.37225055695, -15.940615654, -2.9416012764, -10.9318189621, 19.3462238312, 12.4095773697, 93.8669967651, 33.2982330322], [-247.834991455, -19.2650165558, 17.7375602722, 41.3768768311, 41.1436691284, -4.1819062233, -1.91428339481, 3.51074242592, 18.0509796143, -4.2602686882, 3.49697732925, 33.2982330322, 88.1906585693]], "icov": [[0.000515314924996, -0.0011648456566, 0.00138243567199, -0.00174209126271, 0.00146531464998, -0.000943118706346, 0.000864003435709, -0.00106478051748, 0.00120439939201, -0.000596299709287, 0.000709989690222, -0.000367425702279, 0.000901048304513], [-0.0011648456566, 0.00436239410192, -0.00232931924984, 0.00357787590474, -0.00452948920429, 0.00284674949944, -0.00223031220958, 0.00259658275172, -0.00276579521596, 0.00182677921839, -0.00251859496348, 0.00136004667729, -0.00119361130055], [0.00138243567199, -0.00232931924984, 0.00578952301294, -0.00479101529345, 0.00215646275319, -0.00274201203138, 0.00228986260481, -0.00248920917511, 0.00241198623553, -0.00205093342811, 0.00267306924798, -0.00271962583065, 0.00380031671375], [-0.00174209126271, 0.00357787590474, -0.00479101529345, 0.00912974495441, -0.00525506492704, 0.00156919914298, -0.000846675946377, 0.00283745955676, -0.00591143639758, 0.00370141491294, -0.00215851399116, 0.000830300909001, -0.00387833896093], [0.00146531464998, -0.00452948920429, 0.00215646275319, -0.00525506492704, 0.00959918648005, -0.00143703562208, 0.000840370659716, -0.00272426009178, 0.00293684750795, -0.00336109171622, 0.0027303469833, -5.28307173226e-05, -0.000111349196231], [-0.000943118706346, 0.00284674949944, -0.00274201203138, 0.00156919914298, -0.00143703562208, 0.00749525241554, -0.00488398596644, 0.000104930790258, 0.000225415380555, -0.00168556347489, -0.00174146390054, 0.0020074499771, -0.00211405660957], [0.000864003435709, -0.00223031220958, 0.00228986260481, -0.000846675946377, 0.000840370659716, -0.00488398596644, 0.0086166523397, -0.0042521818541, 0.0010545947589, 0.0022652966436, -0.00249758572318, -4.65801931568e-05, 0.00162037089467], [-0.00106478051748, 0.00259658275172, -0.00248920917511, 0.00283745955676, -0.00272426009178, 0.000104930790258, -0.0042521818541, 0.0147189311683, -0.00443749316037, -0.00111243966967, 0.00137853308115, 0.000476326706121, -0.00203795381822], [0.00120439939201, -0.00276579521596, 0.00241198623553, -0.00591143639758, 0.00293684750795, 0.000225415380555, 0.0010545947589, -0.00443749316037, 0.0138306450099, -0.00470799952745, -0.00170272996183, 0.00317958788946, -0.000282381108264], [-0.000596299709287, 0.00182677921839, -0.00205093342811, 0.00370141491294, -0.00336109171622, -0.00168556347489, 0.0022652966436, -0.00111243966967, -0.00470799952745, 0.0140829961747, -0.00247510080226, -0.00207014428452, 0.0015045144828], [0.000709989690222, -0.00251859496348, 0.00267306924798, -0.00215851399116, 0.0027303469833, -0.00174146390054, -0.00249758572318, 0.00137853308115, -0.00170272996183, -0.00247510080226, 0.0163523256779, -0.00498752342537, 0.00191836443264], [-0.000367425702279, 0.00136004667729, -0.00271962583065, 0.000830300909001, -5.28307173226e-05, 0.0020074499771, -4.65801931568e-05, 0.000476326706121, 0.00317958788946, -0.00207014428452, -0.00498752342537, 0.0170715525746, -0.00747690862045], [0.000901048304513, -0.00119361130055, 0.00380031671375, -0.00387833896093, -0.000111349196231, -0.00211405660957, 0.00162037089467, -0.00203795381822, -0.000282381108264, 0.0015045144828, 0.00191836443264, -0.00747690862045, 0.0176112186164]], "mean": [-40.1688499451, 119.912368774, -155.839752197, 38.7466545105, -56.9411315918, 1.14928865433, -34.2785682678, 0.671225309372, -22.832151413, -12.1187353134, -8.9509344101, -12.0774726868, -9.29328632355]}, "hfc": {"dmean": 4.96571063995, "dmean2": 7.69578409195, "dvar": 38.4407958984, "dvar2": 90.3361663818, "max": 108.659194946, "mean": 22.1449317932, "median": 20.0302295685, "min": 1.06691370064e-16, "var": 239.333312988}, "melbands": {"dmean": [0.000151644868311, 0.000672620953992, 0.000494219886605, 0.00055940891616, 0.000283169094473, 0.00015806031297, 0.000131416178192, 0.00014699154417, 0.000181542374776, 0.000166501820786, 0.000142903096275, 8.88848080649e-05, 7.48457532609e-05, 0.000102360907476, 8.80437801243e-05, 5.99218801653e-05, 3.12565462082e-05, 2.87924849545e-05, 2.78616935248e-05, 2.32566835621e-05, 2.10954549402e-05, 2.11565911741e-05, 1.52662378241e-05, 1.1318586985e-05, 9.81709672487e-06, 1.11977888082e-05, 7.68065001466e-06, 3.62483592653e-06, 2.53525740845e-06, 1.58176476361e-06, 1.18192440368e-06, 9.2042336064e-07, 7.01092290001e-07, 6.63165337755e-07, 6.5752141154e-07, 6.26268445103e-07, 4.18371143951e-07, 2.39897246956e-07, 1.57923594202e-07, 1.07209345401e-07], "dmean2": [0.000242504072958, 0.00111025676597, 0.000827556417789, 0.000950314453803, 0.00044672677177, 0.000244220369495, 0.00020326183585, 0.000234063292737, 0.000284552166704, 0.000259341206402, 0.000231081852689, 0.000143322657095, 0.00012126769434, 0.000172126266989, 0.000147540413309, 9.67913802015e-05, 5.14383500558e-05, 4.68476719107e-05, 4.54213877674e-05, 3.74768060283e-05, 3.45005646523e-05, 3.44315703842e-05, 2.42553651333e-05, 1.85981534742e-05, 1.58903785632e-05, 1.80369261216e-05, 1.21838420455e-05, 5.7159750213e-06, 4.01405213779e-06, 2.5124234071e-06, 1.83071108495e-06, 1.44916407407e-06, 1.08432834622e-06, 1.01206853742e-06, 9.72319639914e-07, 9.34510978823e-07, 6.38370181605e-07, 3.61433762919e-07, 2.30600576856e-07, 1.61151504585e-07], "dvar": [1.04280900359e-07, 1.63190964031e-06, 8.88107308583e-07, 2.07107382266e-06, 3.16799798838e-07, 9.7069900562e-08, 9.20841003449e-08, 1.5538786613e-07, 1.53312782913e-07, 1.84750163612e-07, 1.44331679053e-07, 5.82685864003e-08, 2.32251675669e-08, 3.69219073093e-08, 4.56660309567e-08, 2.16031654787e-08, 4.84139972556e-09, 5.16348563906e-09, 7.11108727458e-09, 3.39236683189e-09, 1.8053404327e-09, 1.90413174117e-09, 7.307368044e-10, 4.08861555723e-10, 2.65541283406e-10, 2.83333578821e-10, 1.82194176412e-10, 3.97023421084e-11, 1.8331749313e-11, 1.196160445e-11, 7.64946439524e-12, 4.77458307266e-12, 3.03177340004e-12, 4.46778378183e-12, 1.05481430882e-11, 1.28855528678e-11, 7.2082426833e-12, 6.08857690827e-13, 2.05085202835e-13, 1.13628717709e-13], "dvar2": [2.7432514571e-07, 4.26177166446e-06, 2.42063038058e-06, 5.85114275964e-06, 7.37748962365e-07, 2.25128800935e-07, 2.24427978424e-07, 3.6038863982e-07, 3.6009618043e-07, 4.08871812851e-07, 3.73554911448e-07, 1.52210617443e-07, 5.75244776257e-08, 9.99011788849e-08, 1.21304353229e-07, 5.57772246168e-08, 1.20131549153e-08, 1.24611796437e-08, 1.72089578143e-08, 8.46091019469e-09, 4.4928607501e-09, 4.71135441771e-09, 1.73048397833e-09, 1.03123076745e-09, 6.51181664146e-10, 6.967931232e-10, 4.38096392497e-10, 9.35408070446e-11, 4.51320369965e-11, 2.92627103105e-11, 1.829155577e-11, 1.16319280596e-11, 7.09203572605e-12, 1.04132006837e-11, 2.35038585816e-11, 2.64246350495e-11, 1.77559616316e-11, 1.46363997311e-12, 4.75855845613e-13, 2.71151346818e-13], "max": [0.00458594225347, 0.0148884635419, 0.0114387497306, 0.0193882640451, 0.00957138556987, 0.00956317782402, 0.00620370358229, 0.00972533971071, 0.00845325458795, 0.0136645520106, 0.00772564066574, 0.0061808382161, 0.00453269993886, 0.00472004013136, 0.00565250450745, 0.00330901681446, 0.00189292337745, 0.0015854514204, 0.00273329182528, 0.00194966432173, 0.00141667365097, 0.00105972029269, 0.000837981584482, 0.000647222215775, 0.000311869196594, 0.000266907853074, 0.000317544210702, 0.000130542553961, 8.46184047987e-05, 4.96661450597e-05, 4.84286283609e-05, 3.98831180064e-05, 4.35512010881e-05, 7.71402119426e-05, 0.000148696170072, 0.000153707005666, 0.000112705369247, 2.47934094659e-05, 1.16123392218e-05, 6.84368478687e-06], "mean": [0.000338991230819, 0.00123928836547, 0.000808313838206, 0.000838885898702, 0.000494793697726, 0.000291655451292, 0.000244811555604, 0.000252938538324, 0.00030968466308, 0.000292134267511, 0.000249404198257, 0.000147318132804, 0.000125489619677, 0.000158071852638, 0.000144129779073, 9.69230386545e-05, 5.0117050705e-05, 4.66954443255e-05, 4.63901014882e-05, 4.26252008765e-05, 4.65053599328e-05, 4.59543916804e-05, 3.28109272232e-05, 2.33591654251e-05, 2.09283498407e-05, 2.52862646448e-05, 1.73835269379e-05, 7.69421149016e-06, 5.44099748367e-06, 3.03410865854e-06, 2.14427632272e-06, 1.67544158103e-06, 1.24226858134e-06, 1.109665277e-06, 1.03797401607e-06, 9.62370791058e-07, 6.07346009929e-07, 3.59283092166e-07, 2.28443909123e-07, 1.41839606727e-07], "median": [8.64809771883e-05, 0.000499664747622, 0.000474556756672, 0.000325836823322, 0.000186716963071, 0.00015070331574, 0.00010967507842, 8.75413970789e-05, 0.000117933843285, 7.78032335802e-05, 6.23725063633e-05, 4.30021100328e-05, 4.32154993177e-05, 6.6950051405e-05, 4.87112229166e-05, 3.18559978041e-05, 2.08086639759e-05, 1.7520502297e-05, 1.91734252439e-05, 1.88912545127e-05, 1.97804583877e-05, 1.8606075173e-05, 1.68199258042e-05, 1.39823314385e-05, 1.22607489175e-05, 1.53212022269e-05, 9.04509943211e-06, 4.06282379117e-06, 2.89620538751e-06, 1.41420628097e-06, 9.78527737061e-07, 9.31857414344e-07, 5.55485144105e-07, 4.68301038836e-07, 2.88099045065e-07, 2.02384981662e-07, 1.2091730639e-07, 9.92287425561e-08, 5.23409937614e-08, 2.61932324719e-08], "min": [6.75496219026e-25, 1.31045613018e-24, 1.85490938874e-24, 1.72686306432e-24, 8.92631021353e-25, 1.05287302728e-24, 1.43505818928e-24, 2.23287572261e-24, 1.68254032272e-24, 8.6657179021e-25, 1.70463059743e-24, 2.57287161732e-24, 2.21434242172e-24, 2.32428813544e-24, 2.02496768395e-24, 3.23787603561e-24, 2.69892409579e-24, 2.96662798828e-24, 2.86469335426e-24, 2.66841687243e-24, 4.70125245784e-24, 3.53795359636e-24, 4.57338047168e-24, 2.88517474716e-24, 3.37253498656e-24, 4.54660022167e-24, 4.47770426565e-24, 4.91728043901e-24, 4.87265654975e-24, 4.66958600338e-24, 5.01053563092e-24, 5.83781011792e-24, 3.82599274526e-24, 5.07624537774e-24, 4.88833397695e-24, 6.1385357279e-24, 6.05114177252e-24, 5.10683464263e-24, 5.58280373056e-24, 5.0711986401e-24], "var": [2.68390465408e-07, 3.54470671482e-06, 1.10293240141e-06, 2.37196059061e-06, 7.54084112486e-07, 2.0829563141e-07, 2.16681385723e-07, 3.64890723858e-07, 3.75837032607e-07, 4.82232280774e-07, 3.80458033078e-07, 1.25711650867e-07, 6.05810228649e-08, 6.50456755125e-08, 9.43173503742e-08, 4.39233325267e-08, 8.83728290546e-09, 9.90546578095e-09, 1.18075691447e-08, 8.30321056355e-09, 6.01324989802e-09, 5.93007998262e-09, 2.18651341477e-09, 9.1744395414e-10, 7.11230740968e-10, 9.48533473988e-10, 6.13010808781e-10, 9.64530261216e-11, 5.16045157994e-11, 2.08768488608e-11, 1.24043709332e-11, 6.66880396391e-12, 5.072674919e-12, 8.0420540019e-12, 2.22158992591e-11, 2.88033798201e-11, 1.03873281504e-11, 1.06227049726e-12, 3.12440638682e-13, 1.39084897028e-13]}, "melbands_crest": {"dmean": 3.36337065697, "dmean2": 5.51338815689, "dvar": 9.3469877243, "dvar2": 24.3607387543, "max": 35.7828369141, "mean": 13.3215246201, "median": 12.2692661285, "min": 1.57243168354, "var": 32.03282547}, "melbands_flatness_db": {"dmean": 0.0209843814373, "dmean2": 0.0325773209333, "dvar": 0.000393973605242, "dvar2": 0.000914040021598, "max": 0.484610557556, "mean": 0.189736485481, "median": 0.184140592813, "min": 0.00305549777113, "var": 0.00415742117912}, "melbands_kurtosis": {"dmean": 3.85964560509, "dmean2": 6.23202323914, "dvar": 52.6735839844, "dvar2": 122.043022156, "max": 247.617782593, "mean": 6.98179388046, "median": 3.01579427719, "min": -1.64360022545, "var": 161.201049805}, "melbands_skewness": {"dmean": 0.56656318903, "dmean2": 0.900190651417, "dvar": 0.356866657734, "dvar2": 0.86784106493, "max": 11.7956523895, "mean": 1.93473672867, "median": 1.64153456688, "min": -1.1505856514, "var": 2.05717158318}, "melbands_spread": {"dmean": 6.51544427872, "dmean2": 10.2985448837, "dvar": 44.5531234741, "dvar2": 107.63785553, "max": 163.87310791, "mean": 29.3268527985, "median": 25.8504142761, "min": 0.677619218826, "var": 420.064239502}, "mfcc": {"cov": [[10551.5224609, 664.286437988, -381.645141602, 192.670150757, -379.765594482, 117.438613892, 215.618545532, 322.434387207, -38.6685714722, 65.5829238892, -0.786841452122, 64.3466033936, -55.7114028931], [664.286437988, 1296.77209473, -282.303070068, 234.668075562, 72.6528396606, -56.9173927307, 16.7890968323, 15.4676914215, -65.0326538086, 9.52558708191, 15.8516273499, 0.809534311295, 31.8870067596], [-381.645141602, -282.303070068, 424.131347656, 16.3919219971, 93.6668167114, 80.8297271729, -9.24568367004, -6.9002122879, 51.6228866577, -16.5411128998, 25.7217960358, 30.3720245361, 17.4383583069], [192.670150757, 234.668075562, 16.3919219971, 417.192321777, 218.743896484, -14.0155630112, -112.061889648, -18.6710853577, 37.7306556702, -33.1026153564, -32.5990943909, 16.1516399384, 27.7285785675], [-379.765594482, 72.6528396606, 93.6668167114, 218.743896484, 312.449554443, 21.5817928314, -87.4030075073, -56.6246147156, 53.8257369995, -5.01129198074, -19.4688091278, 0.16706597805, 26.4941253662], [117.438613892, -56.9173927307, 80.8297271729, -14.0155630112, 21.5817928314, 168.714584351, 92.7208023071, 43.8494186401, 41.2246704102, 38.4989356995, 32.9151573181, 28.9264221191, 1.40446543694], [215.618545532, 16.7890968323, -9.24568367004, -112.061889648, -87.4030075073, 92.7208023071, 245.568847656, 105.460021973, 31.7667808533, 45.5427093506, 43.4043235779, 23.482542038, -4.47523641586], [322.434387207, 15.4676914215, -6.9002122879, -18.6710853577, -56.6246147156, 43.8494186401, 105.460021973, 141.673873901, 35.5890655518, 21.5261135101, 21.8909320831, 18.6340942383, 7.737596035], [-38.6685714722, -65.0326538086, 51.6228866577, 37.7306556702, 53.8257369995, 41.2246704102, 31.7667808533, 35.5890655518, 124.473922729, 40.517578125, 15.0937080383, 11.4363412857, 3.00500226021], [65.5829238892, 9.52558708191, -16.5411128998, -33.1026153564, -5.01129198074, 38.4989356995, 45.5427093506, 21.5261135101, 40.517578125, 129.02633667, 51.8706436157, 11.5977020264, -13.1096811295], [-0.786841452122, 15.8516273499, 25.7217960358, -32.5990943909, -19.4688091278, 32.9151573181, 43.4043235779, 21.8909320831, 15.0937080383, 51.8706436157, 98.7096557617, 36.8201179504, -3.1839427948], [64.3466033936, 0.809534311295, 30.3720245361, 16.1516399384, 0.16706597805, 28.9264221191, 23.482542038, 18.6340942383, 11.4363412857, 11.5977020264, 36.8201179504, 90.704864502, 27.0950393677], [-55.7114028931, 31.8870067596, 17.4383583069, 27.7285785675, 26.4941253662, 1.40446543694, -4.47523641586, 7.737596035, 3.00500226021, -13.1096811295, -3.1839427948, 27.0950393677, 79.8135452271]], "icov": [[0.000118351636047, -3.93341433664e-05, 4.50066108897e-05, -0.000160481911735, 0.000223589915549, -0.000136971269967, 3.75459640054e-05, -0.000197845089133, 5.46061783098e-05, -7.08397346898e-05, 0.000120301694551, -7.55736837164e-05, 0.000110485379992], [-3.93341433664e-05, 0.00119874230586, 0.000730134430341, -0.000789455836639, -0.000336135271937, 0.000306121131871, -0.000626055872999, 3.00558840536e-05, 0.000855673803017, -0.000112890404125, -0.000759713351727, 0.000342734972946, -0.000520872941706], [4.50066108897e-05, 0.000730134430341, 0.00363764935173, 9.05402630451e-05, -0.00100419926457, -0.0014362889342, 0.000367889821064, -7.63463231124e-06, -0.000572795746848, 0.00143527099863, -0.00148468860425, -0.00029281861498, -0.000409048050642], [-0.000160481911735, -0.000789455836639, 9.05402630451e-05, 0.00543504906818, -0.00331108295359, 5.83806322538e-05, 0.00209952518344, -0.00155850383453, -0.00116203865036, 0.00113857851829, 0.000834299484268, -0.00159010174684, 0.000466129073175], [0.000223589915549, -0.000336135271937, -0.00100419926457, -0.00331108295359, 0.00742834853008, -0.00161925284192, 0.000614264223259, 0.00253751431592, -0.00214201258495, -0.0007736676489, 0.000675253453664, 0.001100277761, -0.00138182693627], [-0.000136971269967, 0.000306121131871, -0.0014362889342, 5.83806322538e-05, -0.00161925284192, 0.00972768105567, -0.00355451437645, -0.000330239738105, -0.000212883547647, -0.00142685184255, -0.00027099554427, -0.00137783971149, 0.000505252042785], [3.75459640054e-05, -0.000626055872999, 0.000367889821064, 0.00209952518344, 0.000614264223259, -0.00355451437645, 0.00887782871723, -0.00459841033444, -0.00102769990917, -6.06678258919e-05, -0.000469825259643, -0.000550391909201, 0.000465600984171], [-0.000197845089133, 3.00558840536e-05, -7.63463231124e-06, -0.00155850383453, 0.00253751431592, -0.000330239738105, -0.00459841033444, 0.0127084329724, -0.00304704136215, 0.000379729550332, -0.000583267596085, 0.000227557888138, -0.00185679981951], [5.46061783098e-05, 0.000855673803017, -0.000572795746848, -0.00116203865036, -0.00214201258495, -0.000212883547647, -0.00102769990917, -0.00304704136215, 0.0123498737812, -0.0036524545867, 0.000435254361946, 1.17479439723e-05, 0.000126150509459], [-7.08397346898e-05, -0.000112890404125, 0.00143527099863, 0.00113857851829, -0.0007736676489, -0.00142685184255, -6.06678258919e-05, 0.000379729550332, -0.0036524545867, 0.0121436519548, -0.00573511049151, 0.000634674681351, 0.00121612672228], [0.000120301694551, -0.000759713351727, -0.00148468860425, 0.000834299484268, 0.000675253453664, -0.00027099554427, -0.000469825259643, -0.000583267596085, 0.000435254361946, -0.00573511049151, 0.0167793761939, -0.00614232895896, 0.00202900916338], [-7.55736837164e-05, 0.000342734972946, -0.00029281861498, -0.00159010174684, 0.001100277761, -0.00137783971149, -0.000550391909201, 0.000227557888138, 1.17479439723e-05, 0.000634674681351, -0.00614232895896, 0.0160615313798, -0.00556097086519], [0.000110485379992, -0.000520872941706, -0.000409048050642, 0.000466129073175, -0.00138182693627, 0.000505252042785, 0.000465600984171, -0.00185679981951, 0.000126150509459, 0.00121612672228, 0.00202900916338, -0.00556097086519, 0.0155615545809]], "mean": [-650.907775879, 132.562576294, -31.068572998, 29.7305850983, -2.03768420219, -0.969422876835, -1.40722870827, 4.2272939682, -8.10941791534, -0.133726283908, -4.87295436859, -1.90775954723, -2.09560680389]}, "pitch_salience": {"dmean": 0.0672578364611, "dmean2": 0.111151605844, "dvar": 0.0033939324785, "dvar2": 0.00921504106373, "max": 0.904767990112, "mean": 0.546667873859, "median": 0.550930559635, "min": 0.119929507375, "var": 0.0109855551273}, "silence_rate_20dB": {"dmean": 0, "dmean2": 0, "dvar": 0, "dvar2": 0, "max": 1, "mean": 1, "median": 1, "min": 1, "var": 0}, "silence_rate_30dB": {"dmean": 0, "dmean2": 0, "dvar": 0, "dvar2": 0, "max": 1, "mean": 1, "median": 1, "min": 1, "var": 0}, "silence_rate_60dB": {"dmean": 0.00598519435152, "dmean2": 0.0119722746313, "dvar": 0.00594813702628, "dvar2": 0.0143509143963, "max": 1, "mean": 0.058740157634, "median": 0, "min": 0, "var": 0.0552877821028}, "spectral_centroid": {"dmean": 228.274459839, "dmean2": 361.794616699, "dvar": 59729.7421875, "dvar2": 140850.359375, "max": 11760.5498047, "mean": 1674.86791992, "median": 1506.96520996, "min": 217.667205811, "var": 1851135.875}, "spectral_complexity": {"dmean": 2.99448728561, "dmean2": 4.69628238678, "dvar": 9.45668411255, "dvar2": 20.1116256714, "max": 51, "mean": 21.9170074463, "median": 23, "min": 0, "var": 87.4011611938}, "spectral_contrast_coeffs": {"dmean": [0.0530364923179, 0.0453188642859, 0.0394946709275, 0.031394790858, 0.022650655359, 0.0222970303148], "dmean2": [0.0880620107055, 0.0742939263582, 0.0656892135739, 0.0517342761159, 0.036102194339, 0.0341032668948], "dvar": [0.00215826299973, 0.00142037030309, 0.0010260429699, 0.000618949183263, 0.000351674651029, 0.00035301054595], "dvar2": [0.00568505749106, 0.00365293561481, 0.00273925997317, 0.0016258925898, 0.000831038749311, 0.000768883153796], "max": [-0.276425331831, -0.426104098558, -0.44889485836, -0.536537647247, -0.589359164238, -0.548185586929], "mean": [-0.601045131683, -0.716520726681, -0.743115067482, -0.751300692558, -0.746897280216, -0.717392206192], "median": [-0.603062748909, -0.720587790012, -0.746903121471, -0.751526713371, -0.745585203171, -0.712055981159], "min": [-0.981454908848, -0.977815449238, -0.976430237293, -0.970753848553, -0.969163298607, -0.964029788971], "var": [0.0105664785951, 0.00673811743036, 0.00537427840754, 0.00353363039903, 0.00299116782844, 0.00320130004548]}, "spectral_contrast_valleys": {"dmean": [0.419799357653, 0.319417834282, 0.277155518532, 0.233247682452, 0.204729065299, 0.40305480361], "dmean2": [0.687701284885, 0.523387372494, 0.460773319006, 0.377173453569, 0.306009948254, 0.514495849609], "dvar": [0.137325897813, 0.0897334292531, 0.0713556706905, 0.0573116615415, 0.063684284687, 0.176359325647], "dvar2": [0.314710170031, 0.200673356652, 0.155461385846, 0.110435478389, 0.107120648026, 0.270028054714], "max": [-5.78916072845, -4.78058862686, -5.37478160858, -5.96856880188, -5.86450004578, -7.94412183762], "mean": [-8.01273155212, -7.16106319427, -7.61307621002, -7.92251968384, -7.82687568665, -11.4519557953], "median": [-7.52986526489, -6.67093086243, -7.0979719162, -7.45386648178, -7.32195663452, -11.1312179565], "min": [-28.0500488281, -27.9631080627, -27.8076591492, -27.6978378296, -27.5825824738, -27.4734344482], "var": [7.82800674438, 8.12774372101, 7.96715164185, 7.57480478287, 7.79861974716, 5.88483285904]}, "spectral_decrease": {"dmean": 1.70888270201e-09, "dmean2": 2.75919109782e-09, "dvar": 4.39085212167e-18, "dvar2": 1.14107654714e-17, "max": 1.02363095932e-23, "mean": -6.09345862657e-09, "median": -5.82042769537e-09, "min": -2.59347583409e-08, "var": 1.31613129125e-17}, "spectral_energy": {"dmean": 0.00679435487837, "dmean2": 0.010940246284, "dvar": 6.81688106852e-05, "dvar2": 0.000176133529749, "max": 0.102701120079, "mean": 0.0250067133456, "median": 0.0239779911935, "min": 9.83729794137e-21, "var": 0.000217063439777}, "spectral_energyband_high": {"dmean": 0.000188215577509, "dmean2": 0.000277888349956, "dvar": 1.99295470793e-07, "dvar2": 4.27724074825e-07, "max": 0.0121552925557, "mean": 0.00044700523722, "median": 0.0002447537845, "min": 7.11884802198e-21, "var": 5.06817286805e-07}, "spectral_energyband_low": {"dmean": 0.0026521414984, "dmean2": 0.00436086580157, "dvar": 2.4135428248e-05, "dvar2": 6.50581278023e-05, "max": 0.0621769167483, "mean": 0.00520689645782, "median": 0.00254409969784, "min": 2.13194645237e-23, "var": 4.68888538308e-05}, "spectral_energyband_middle_high": {"dmean": 0.00233578402549, "dmean2": 0.00373730133288, "dvar": 1.07925079647e-05, "dvar2": 2.76255632343e-05, "max": 0.0570644773543, "mean": 0.00829627085477, "median": 0.00661420449615, "min": 1.07862645413e-21, "var": 5.48260468349e-05}, "spectral_energyband_middle_low": {"dmean": 0.00469364318997, "dmean2": 0.00755855394527, "dvar": 4.46897392976e-05, "dvar2": 0.000117751536891, "max": 0.0933018550277, "mean": 0.0120820999146, "median": 0.00960765220225, "min": 1.86209808884e-22, "var": 9.51271722442e-05}, "spectral_entropy": {"dmean": 0.124074980617, "dmean2": 0.182796373963, "dvar": 0.0156598091125, "dvar2": 0.031639624387, "max": 9.8227148056, "mean": 7.43635463715, "median": 7.41395187378, "min": 6.00112009048, "var": 0.20577506721}, "spectral_flux": {"dmean": 0.0192301031202, "dmean2": 0.0308212302625, "dvar": 0.00046600974747, "dvar2": 0.00105726113543, "max": 0.262119829655, "mean": 0.0806059911847, "median": 0.0779077932239, "min": 6.28931490221e-11, "var": 0.00151398091111}, "spectral_kurtosis": {"dmean": 2.34300661087, "dmean2": 4.14105701447, "dvar": 6.14371585846, "dvar2": 19.0277423859, "max": 50.3690223694, "mean": 4.86104536057, "median": 3.99912929535, "min": -1.25863838196, "var": 13.5492200851}, "spectral_rms": {"dmean": 0.00064007617766, "dmean2": 0.00101384602021, "dvar": 4.74209059576e-07, "dvar2": 1.16417118079e-06, "max": 0.0100098056719, "mean": 0.00464943516999, "median": 0.0048366477713, "min": 3.09796134058e-12, "var": 2.77959884443e-06}, "spectral_rolloff": {"dmean": 385.081542969, "dmean2": 652.346862793, "dvar": 333227.3125, "dvar2": 784915.75, "max": 19702.8808594, "mean": 1924.59448242, "median": 1442.72460938, "min": 21.533203125, "var": 6186777}, "spectral_skewness": {"dmean": 0.24858482182, "dmean2": 0.429815351963, "dvar": 0.0522082857788, "dvar2": 0.156421154737, "max": 5.0010881424, "mean": 1.29019379616, "median": 1.25526416302, "min": -0.0742336213589, "var": 0.191406026483}, "spectral_spread": {"dmean": 342285.5, "dmean2": 499864.75, "dvar": 454753157120, "dvar2": 928796966912, "max": 42446200, "mean": 3775048.75, "median": 2927740, "min": 1134779.875, "var": 24956857483300.0}, "spectral_strong