{"lowlevel": {"average_loudness": 0.847294449806, "barkbands": {"dmean": [1.85871340364e-05, 0.0014762186911, 0.0013302579755, 0.00148915406317, 0.00222663884051, 0.000891676987521, 0.000709133397322, 0.000539229949936, 0.000861434207764, 0.00129184813704, 0.000547448638827, 0.000530425983015, 0.000435273454059, 0.000433257082477, 0.000359326339094, 0.000261538545601, 0.00034944381332, 0.000229469922488, 0.00022002789774, 0.000156217385666, 0.000180599075975, 0.000172483545612, 0.000141807628097, 0.00013944337843, 0.000115215669211, 0.000111950634164, 3.67729335267e-05], "dmean2": [2.78086245089e-05, 0.00232484401204, 0.00219730823301, 0.00242416048422, 0.00336257601157, 0.00143099122215, 0.00112286594231, 0.000827304786071, 0.00136184284929, 0.00188374298159, 0.000810989760794, 0.000790434191003, 0.00064910115907, 0.000643178122118, 0.000564510992263, 0.000402009434765, 0.000506859039888, 0.000363558210665, 0.000339853402693, 0.000245112052653, 0.000294262223179, 0.000277674087556, 0.000215977386688, 0.000217827255256, 0.000183626965736, 0.000180516697583, 6.38203127892e-05], "dvar": [5.71225844404e-10, 6.15581438979e-06, 6.79001595927e-06, 8.748662367e-06, 2.33793743973e-05, 4.80476410303e-06, 3.29891577167e-06, 2.19831463255e-06, 4.8179181249e-06, 9.79965352599e-06, 2.2930285013e-06, 2.29982492783e-06, 1.93534970094e-06, 1.39847475111e-06, 6.99055931364e-07, 6.44663089133e-07, 8.28945871945e-07, 2.39066878294e-07, 3.33324777557e-07, 1.07023964802e-07, 1.47094894487e-07, 2.04365122158e-07, 2.1567061026e-07, 8.31330311257e-08, 2.7876966513e-08, 2.58150425481e-08, 4.1719974142e-09], "dvar2": [1.2458627463e-09, 1.37646256917e-05, 1.70414677996e-05, 2.18816694542e-05, 5.14857820235e-05, 1.09938637252e-05, 7.1331428444e-06, 4.79073332826e-06, 1.08168624138e-05, 1.94133663172e-05, 4.26623273597e-06, 4.19073921876e-06, 3.47058494299e-06, 2.70132022706e-06, 1.50797256993e-06, 1.31173419504e-06, 1.68806889178e-06, 5.7713515389e-07, 7.19681224837e-07, 2.27495391414e-07, 3.56002402668e-07, 4.44166914804e-07, 4.33766416563e-07, 1.58235394565e-07, 6.44438387098e-08, 6.21200300088e-08, 1.08845705782e-08], "max": [0.000349668698618, 0.0386228859425, 0.0454251617193, 0.0437202975154, 0.0707666054368, 0.0493004657328, 0.0428979098797, 0.0348358042538, 0.0594151802361, 0.0742997080088, 0.0412335805595, 0.0737008228898, 0.0629865527153, 0.0325395949185, 0.0201254636049, 0.037121605128, 0.0262159202248, 0.0101629421115, 0.02445336245, 0.00794327352196, 0.0131170572713, 0.012134321034, 0.0171790253371, 0.0132001461461, 0.00324996048585, 0.00110861973371, 0.000571697135456], "mean": [2.88911833195e-05, 0.00219689868391, 0.00189522688743, 0.00223574158736, 0.0037284202408, 0.00145763345063, 0.00100973725785, 0.000844338152092, 0.00121712684631, 0.00246244925074, 0.000918689591344, 0.000840018503368, 0.000727094884496, 0.000683584134094, 0.000546133844182, 0.000352287403075, 0.000593227276113, 0.000310023751808, 0.000306573230773, 0.000208428056794, 0.000219726556679, 0.000198508627363, 0.000165942474268, 0.000154932175064, 0.000111763780296, 9.27820437937e-05, 2.58024010691e-05], "median": [1.47288592416e-05, 0.00116613786668, 0.00106915296055, 0.00137414154597, 0.00151753192768, 0.000384958810173, 0.000226062475122, 0.000204032548936, 0.000267556635663, 0.000407548330259, 0.000133606881718, 0.000158659764566, 0.000120846700156, 8.14624945633e-05, 0.000127640669234, 7.02725519659e-05, 0.00013887064415, 9.1899666586e-05, 6.95553026162e-05, 5.91691568843e-05, 6.6156644607e-05, 7.00767632225e-05, 4.77638022858e-05, 4.35578695033e-05, 2.65909875452e-05, 1.1955955415e-05, 1.03151000985e-06], "min": [7.57447601158e-26, 1.77140136217e-24, 5.56617148584e-25, 2.38851640149e-24, 9.89678385964e-24, 5.48346484335e-24, 7.89904489313e-24, 5.61865154224e-24, 1.46599386271e-23, 1.2479856829e-23, 1.11018643445e-23, 1.54951798204e-23, 2.36719928935e-23, 1.22603712704e-23, 4.75002875312e-23, 4.79735378101e-23, 4.91781126351e-23, 8.97310788789e-23, 1.32202106771e-22, 1.57347130167e-22, 2.62716556076e-22, 3.15062790905e-22, 2.80547538838e-22, 5.58368622925e-22, 9.0848079415e-22, 1.23039430559e-21, 1.87694409767e-21], "var": [1.34987232503e-09, 9.56048370426e-06, 8.48806575959e-06, 1.05455437733e-05, 4.11844412156e-05, 1.13347896331e-05, 7.79044330557e-06, 5.49308469999e-06, 1.22995761558e-05, 3.69766785298e-05, 9.19126796362e-06, 6.94667960488e-06, 6.38766869088e-06, 4.37760263594e-06, 1.86230192867e-06, 1.32528805352e-06, 2.32634329222e-06, 3.45962121173e-07, 5.47570436993e-07, 2.09687698316e-07, 2.37635049416e-07, 2.7422970561e-07, 3.6664084746e-07, 1.57921036248e-07, 3.52179547747e-08, 2.50149660985e-08, 3.13318793133e-09]}, "barkbands_crest": {"dmean": 2.44205641747, "dmean2": 3.83094620705, "dvar": 4.80661296844, "dvar2": 11.435043335, "max": 24.7653388977, "mean": 8.97836112976, "median": 8.22517776489, "min": 2.2625515461, "var": 13.7355213165}, "barkbands_flatness_db": {"dmean": 0.0272508859634, "dmean2": 0.0385802462697, "dvar": 0.000586497073527, "dvar2": 0.00119521445595, "max": 0.299190610647, "mean": 0.116133801639, "median": 0.113255977631, "min": 0.0183086358011, "var": 0.00209203991108}, "barkbands_kurtosis": {"dmean": 2.6784632206, "dmean2": 4.08426713943, "dvar": 18.0276050568, "dvar2": 39.6244087219, "max": 67.9433059692, "mean": 3.20868587494, "median": 0.997371912003, "min": -1.92485785484, "var": 40.1095237732}, "barkbands_skewness": {"dmean": 0.59375590086, "dmean2": 0.868502497673, "dvar": 0.352684050798, "dvar2": 0.773136734962, "max": 7.47248363495, "mean": 1.1620953083, "median": 1.01304626465, "min": -3.58226513863, "var": 1.53705072403}, "barkbands_spread": {"dmean": 8.61383056641, "dmean2": 12.9976978302, "dvar": 96.7957839966, "dvar2": 203.291122437, "max": 102.090408325, "mean": 26.6214942932, "median": 24.4424209595, "min": 1.86820244789, "var": 231.868026733}, "dissonance": {"dmean": 0.024450648576, "dmean2": 0.040801294148, "dvar": 0.000561749446206, "dvar2": 0.00147987611126, "max": 0.499999970198, "mean": 0.454281151295, "median": 0.463266462088, "min": 0.222749039531, "var": 0.00125110649969}, "dynamic_complexity": 3.75041484833, "erbbands": {"dmean": [0.0276139676571, 0.400842607021, 1.38007211685, 3.11775970459, 8.99733638763, 5.50845861435, 6.16649436951, 7.71043586731, 9.29769229889, 10.703119278, 11.8827838898, 20.2267227173, 30.488079071, 38.4306526184, 24.0020675659, 22.8939571381, 19.0690975189, 21.574005127, 19.9888763428, 14.3310651779, 14.8716897964, 14.2999010086, 14.1626472473, 11.2796392441, 10.202249527, 7.61033391953, 8.62167453766, 5.45203876495, 6.18771505356, 5.14020586014, 3.83723688126, 3.37987136841, 2.19244980812, 1.37426233292, 0.798376977444, 0.4315931499, 0.202742189169, 0.0677933171391, 0.00562794320285, 0.000186570789083], "dmean2": [0.0418845899403, 0.630158185959, 2.28111171722, 5.05880212784, 13.4965753555, 8.62089443207, 9.99452590942, 12.1605243683, 14.5663566589, 17.0001182556, 18.1648464203, 31.370759964, 46.2000579834, 55.0123023987, 35.4703178406, 33.9514579773, 27.6627483368, 31.1380767822, 30.5599765778, 22.7567539215, 22.1887245178, 20.9355773926, 21.5291061401, 17.6804237366, 15.9886350632, 11.8732423782, 14.221862793, 8.69120597839, 9.942943573, 8.03747367859, 5.8052315712, 5.28983163834, 3.46172118187, 2.17630672455, 1.28289842606, 0.688055574894, 0.327789902687, 0.11373642087, 0.00981137901545, 0.000327835325152], "dvar": [0.00172153883614, 0.47952529788, 6.92401599884, 30.2981834412, 527.694396973, 119.033622742, 159.819198608, 480.720092773, 746.730529785, 670.92767334, 1235.70507813, 3020.52758789, 8152.38916016, 8444.00195313, 3646.94702148, 4739.69189453, 3274.3059082, 3290.93139648, 2291.53881836, 1502.49890137, 1587.1184082, 1477.25195313, 885.243286133, 1127.37963867, 815.526794434, 305.713287354, 332.59197998, 118.205307007, 247.241592407, 221.796783447, 159.753707886, 75.301109314, 16.355260849, 4.695125103, 1.31436765194, 0.368819713593, 0.0875095129013, 0.0110304523259, 0.000105967636046, 1.49920168724e-07], "dvar2": [0.00354212429374, 1.08151340485, 17.5176124573, 77.1184616089, 1152.2635498, 284.729400635, 383.147766113, 1090.53222656, 1646.93847656, 1507.56030273, 2826.77661133, 6605.39746094, 17185.0117188, 15967.6943359, 6617.03808594, 9728.84570313, 5953.79394531, 6035.73730469, 4889.09570313, 3426.69311523, 3380.64916992, 3201.25317383, 1939.94592285, 2400.76269531, 1887.53295898, 633.584655762, 845.15423584, 264.082702637, 531.276367188, 467.540985107, 304.338775635, 144.230422974, 34.8010368347, 10.5502691269, 3.18833088875, 0.871639490128, 0.212994605303, 0.0278824847192, 0.000276434788248, 4.07151702575e-07], "max": [0.998895347118, 10.5159988403, 45.3407020569, 73.5274353027, 299.155517578, 210.825637817, 275.13583374, 632.494445801, 778.173095703, 669.799255371, 781.399780273, 1567.91845703, 2851.66430664, 2664.16455078, 2150.83520508, 3596.86132813, 1832.77258301, 1671.57873535, 1222.26245117, 1061.66101074, 1375.7890625, 1303.73706055, 862.521911621, 1795.1932373, 618.361022949, 529.034606934, 659.14642334, 284.093200684, 492.276306152, 421.381256104, 517.753417969, 454.344726563, 162.226516724, 61.5912017822, 9.93418598175, 4.63182401657, 2.00083112717, 0.679881572723, 0.095677703619, 0.0049760537222], "mean": [0.0466024801135, 0.560203075409, 1.9448748827, 5.03896284103, 13.9358568192, 9.19456958771, 9.94823360443, 12.492846489, 14.6683254242, 14.7872257233, 19.0286979675, 31.7240715027, 52.9963569641, 70.7376556396, 42.317691803, 39.8576889038, 33.7006721497, 38.26512146, 35.289226532, 19.3411750793, 23.6632938385, 25.0563964844, 21.9649047852, 15.2902269363, 13.9601802826, 10.4488658905, 10.4159202576, 7.04113388062, 7.06828594208, 6.00718212128, 4.68557834625, 3.74166917801, 2.31096601486, 1.36343574524, 0.73475164175, 0.380437552929, 0.165067136288, 0.050854485482, 0.00392276374623, 0.000147445549374], "median": [0.0231263227761, 0.295529723167, 1.09018158913, 3.69030380249, 4.97358894348, 4.35995674133, 3.32832741737, 3.2621781826, 3.55524301529, 4.15494251251, 5.76791620255, 8.22110843658, 10.2838859558, 14.0030040741, 8.94528579712, 8.48619842529, 7.68585395813, 7.57688331604, 8.49396896362, 5.91181468964, 6.29311466217, 7.10575866699, 7.51716995239, 4.48769664764, 3.03155612946, 3.25339794159, 3.41335248947, 2.59588098526, 2.45471525192, 1.98829078674, 1.37989616394, 0.969925820827, 0.602093696594, 0.334765136242, 0.165869638324, 0.0655615925789, 0.0198759194463, 0.00403081718832, 0.000135200738441, 3.84719241993e-05], "min": [5.35566188252e-23, 4.14969992445e-22, 9.65174372007e-22, 5.2950662326e-21, 9.77668919004e-21, 2.12435555564e-20, 3.63065952903e-20, 4.11896718596e-20, 1.15126299721e-19, 1.76908264577e-19, 1.4888524658e-19, 2.99515818403e-19, 4.84754257037e-19, 7.33572149847e-19, 5.62804538096e-19, 6.3417864443e-19, 1.27163033915e-18, 1.01392862996e-18, 2.19893578818e-18, 2.82455275137e-18, 3.35456087065e-18, 3.23172992636e-18, 4.29816281172e-18, 5.28829800495e-18, 7.18596530825e-18, 7.59973759426e-18, 9.15568252445e-18, 9.86369039897e-18, 9.75564324018e-18, 8.67713289749e-18, 9.85672553821e-18, 1.04765923554e-17, 9.69003375553e-18, 8.19470296627e-18, 5.76568502956e-18, 4.26041938755e-18, 2.28021869107e-18, 9.93485895092e-19, 2.34526589969e-19, 2.39058331267e-20], "var": [0.004081197083, 0.664769113064, 7.88923454285, 35.5089874268, 833.263793945, 230.144638062, 387.789855957, 1086.33764648, 1768.86767578, 1375.0859375, 2600.07128906, 8476.48730469, 25961.4628906, 29986.5585938, 16513.1660156, 14257.6533203, 10875.6513672, 11701.0410156, 7592.86181641, 2260.8840332, 3634.38793945, 3659.98291016, 1542.73522949, 1729.90515137, 1279.49731445, 601.000976563, 458.342773438, 186.006240845, 331.737457275, 327.937316895, 305.531951904, 139.694122314, 26.3341350555, 6.64752864838, 1.41406643391, 0.385306715965, 0.082332290709, 0.00926516391337, 7.83814684837e-05, 1.01575231781e-07]}, "erbbands_crest": {"dmean": 3.22759532928, "dmean2": 5.04100561142, "dvar": 9.24908542633, "dvar2": 20.8680610657, "max": 32.2275428772, "mean": 10.8606338501, "median": 9.59821128845, "min": 2.28746652603, "var": 30.3935260773}, "erbbands_flatness_db": {"dmean": 0.0275209601969, "dmean2": 0.0361125320196, "dvar": 0.000567361305002, "dvar2": 0.00102526915725, "max": 0.368734449148, "mean": 0.144706875086, "median": 0.138839691877, "min": 0.0324665307999, "var": 0.00257286452688}, "erbbands_kurtosis": {"dmean": 1.30846738815, "dmean2": 2.01564669609, "dvar": 4.069647789, "dvar2": 9.01875782013, "max": 40.8075027466, "mean": 1.23539304733, "median": 0.221563667059, "min": -1.77878844738, "var": 10.3048343658}, "erbbands_skewness": {"dmean": 0.446337193251, "dmean2": 0.665393829346, "dvar": 0.197204917669, "dvar2": 0.407345354557, "max": 4.43177127838, "mean": 0.322645068169, "median": 0.319705963135, "min": -5.15825128555, "var": 0.771031081676}, "erbbands_spread": {"dmean": 10.9371433258, "dmean2": 15.9943637848, "dvar": 145.159042358, "dvar2": 305.294708252, "max": 146.251098633, "mean": 37.8997650146, "median": 34.8125152588, "min": 2.22752571106, "var": 418.010620117}, "gfcc": {"cov": [[37742.3164063, 1205.1439209, -2635.00854492, 493.268615723, -1414.35583496, 392.72164917, -988.843811035, 156.52545166, -766.960998535, 11.4672861099, -638.826721191, 78.4693908691, -423.783721924], [1205.1439209, 1154.55810547, -425.111541748, 83.7181930542, -57.8965950012, 91.859161377, -54.7595062256, -5.83713769913, -23.9549846649, -104.6953125, 12.9020462036, -5.97946929932, 51.750869751], [-2635.00854492, -425.111541748, 1268.41088867, -115.960365295, 96.8156051636, -58.5653266907, -10.288936615, -38.7827453613, 11.7660455704, 51.6644935608, -22.38306427, 12.8453168869, -20.3933029175], [493.268615723, 83.7181930542, -115.960365295, 455.284210205, -14.9418802261, -6.18611049652, -8.81961917877, -7.43870019913, 14.5418376923, -7.8304772377, -12.5489902496, -32.4383125305, 11.0196475983], [-1414.35583496, -57.8965950012, 96.8156051636, -14.9418802261, 303.558532715, -15.4113254547, 37.4960899353, 17.7207164764, 28.4472332001, 4.85336399078, -2.55000972748, -12.6275129318, 7.01106309891], [392.72164917, 91.859161377, -58.5653266907, -6.18611049652, -15.4113254547, 193.684448242, 52.6691055298, -12.5209522247, -23.3901958466, -0.065089635551, -7.27323579788, -14.3700590134, -1.47301959991], [-988.843811035, -54.7595062256, -10.288936615, -8.81961917877, 37.4960899353, 52.6691055298, 191.429473877, 11.14585495, -3.95761942863, 7.25730228424, 34.1401748657, -20.277841568, -4.57510995865], [156.52545166, -5.83713769913, -38.7827453613, -7.43870019913, 17.7207164764, -12.5209522247, 11.14585495, 120.730880737, 29.1687297821, -13.9121513367, -13.8167982101, 12.2187690735, -7.76843547821], [-766.960998535, -23.9549846649, 11.7660455704, 14.5418376923, 28.4472332001, -23.3901958466, -3.95761942863, 29.1687297821, 139.274902344, 10.7898349762, 4.51223707199, -1.34745037556, 29.5481491089], [11.4672861099, -104.6953125, 51.6644935608, -7.8304772377, 4.85336399078, -0.065089635551, 7.25730228424, -13.9121513367, 10.7898349762, 107.118362427, 15.008225441, -14.6674842834, -26.035276413], [-638.826721191, 12.9020462036, -22.38306427, -12.5489902496, -2.55000972748, -7.27323579788, 34.1401748657, -13.8167982101, 4.51223707199, 15.008225441, 109.866188049, 15.2581119537, -3.59248185158], [78.4693908691, -5.97946929932, 12.8453168869, -32.4383125305, -12.6275129318, -14.3700590134, -20.277841568, 12.2187690735, -1.34745037556, -14.6674842834, 15.2581119537, 90.3267440796, 24.5735263824], [-423.783721924, 51.750869751, -20.3933029175, 11.0196475983, 7.01106309891, -1.47301959991, -4.57510995865, -7.76843547821, 29.5481491089, -26.035276413, -3.59248185158, 24.5735263824, 98.887802124]], "icov": [[6.89133084961e-05, -1.18532598208e-05, 0.00012619017798, -5.10332429258e-05, 0.00020670160302, -0.000133275651024, 0.000303131266264, -0.000147655620822, 0.000298603757983, -0.000174597036676, 0.000344753119862, -0.000146674210555, 0.000232807258726], [-1.18532598208e-05, 0.00118269480299, 0.00027814580244, -9.10698290681e-05, -2.21669633902e-05, -0.000591651303694, 0.000560220854823, -4.96681968798e-06, 9.46658619796e-05, 0.000995214213617, -0.000592539494392, 0.000439495110186, -0.000480945105664], [0.00012619017798, 0.00027814580244, 0.00119220861234, 8.73972530826e-05, 0.000110018409032, -0.000118082483823, 0.000625981658231, 0.000183513868251, 0.000448304868769, -0.000433930807048, 0.000904723827261, -0.000489117577672, 0.000571382581256], [-5.10332429258e-05, -9.10698290681e-05, 8.73972530826e-05, 0.00239419029094, -5.01152935612e-05, 0.000329172849888, -0.000186171557289, 0.000291492091492, -0.000459306349512, 0.000178983274964, -3.99596683565e-05, 0.00100498623215, -0.000463900360046], [0.00020670160302, -2.21669633902e-05, 0.000110018409032, -5.01152935612e-05, 0.00423099705949, -2.72910674539e-05, 0.000130726344651, -0.00088349042926, 0.000386869360227, -0.000527493073605, 0.0012112405384, 0.000151454558363, 0.000313845317578], [-0.000133275651024, -0.000591651303694, -0.000118082483823, 0.000329172849888, -2.72910674539e-05, 0.006573646795, -0.00278780888766, 0.00102613214403, 5.73769684706e-05, -0.000309237511829, 0.00070120440796, 0.000444844161393, -0.000454701948911], [0.000303131266264, 0.000560220854823, 0.000625981658231, -0.000186171557289, 0.000130726344651, -0.00278780888766, 0.00831353571266, -0.00206922995858, 0.00195026327856, -0.000374954252038, -0.00145084643736, 0.001491736155, 0.000222141869017], [-0.000147655620822, -4.96681968798e-06, 0.000183513868251, 0.000291492091492, -0.00088349042926, 0.00102613214403, -0.00206922995858, 0.0106026940048, -0.00350690539926, 0.00190280308016, 0.00151672784705, -0.00229537114501, 0.00236465130001], [0.000298603757983, 9.46658619796e-05, 0.000448304868769, -0.000459306349512, 0.000386869360227, 5.73769684706e-05, 0.00195026327856, -0.00350690539926, 0.0103487530723, -0.00244514271617, 0.000416827475419, 0.000940234516747, -0.00279259984381], [-0.000174597036676, 0.000995214213617, -0.000433930807048, 0.000178983274964, -0.000527493073605, -0.000309237511829, -0.000374954252038, 0.00190280308016, -0.00244514271617, 0.0122258076444, -0.00260451459326, 0.00166154291946, 0.00222836388275], [0.000344753119862, -0.000592539494392, 0.000904723827261, -3.99596683565e-05, 0.0012112405384, 0.00070120440796, -0.00145084643736, 0.00151672784705, 0.000416827475419, -0.00260451459326, 0.0130620654672, -0.00407065963373, 0.00263097602874], [-0.000146674210555, 0.000439495110186, -0.000489117577672, 0.00100498623215, 0.000151454558363, 0.000444844161393, 0.001491736155, -0.00229537114501, 0.000940234516747, 0.00166154291946, -0.00407065963373, 0.0146796340123, -0.00482610054314], [0.000232807258726, -0.000480945105664, 0.000571382581256, -0.000463900360046, 0.000313845317578, -0.000454701948911, 0.000222141869017, 0.00236465130001, -0.00279259984381, 0.00222836388275, 0.00263097602874, -0.00482610054314, 0.014414393343]], "mean": [-23.1098823547, 71.6602478027, -101.635597229, 25.4269275665, -54.3263435364, 20.0875434875, -34.0055122375, 8.21501350403, -27.5925178528, -2.7525703907, -22.5774078369, 0.735110640526, -13.3632440567]}, "hfc": {"dmean": 11.3833942413, "dmean2": 16.692937851, "dvar": 201.31010437, "dvar2": 443.554931641, "max": 287.277496338, "mean": 23.4522972107, "median": 17.2971839905, "min": 1.05482349645e-16, "var": 479.246185303}, "melbands": {"dmean": [0.000325425178744, 0.000648894463666, 0.000732612272259, 0.000530486227944, 0.000210575803067, 0.000170856466866, 0.000145283105667, 0.00011585487664, 9.57828742685e-05, 0.000138069823151, 0.000156327994773, 0.000164295066497, 7.35111025278e-05, 6.94640912116e-05, 4.9027006753e-05, 4.01034121751e-05, 4.43905228167e-05, 3.41728155036e-05, 2.20429847104e-05, 1.96132987185e-05, 1.91697854461e-05, 1.53971941472e-05, 1.79573453352e-05, 1.13629785119e-05, 9.31773411139e-06, 8.43107773107e-06, 4.6981599553e-06, 5.56583700018e-06, 5.55679116587e-06, 5.07460936205e-06, 2.91993956125e-06, 3.56924806511e-06, 3.410845693e-06, 2.71879162028e-06, 2.18076093006e-06, 2.42809937845e-06, 1.96312475964e-06, 1.49974061969e-06, 1.52473558046e-06, 1.02845774563e-06], "dmean2": [0.00050396414008, 0.00104529398959, 0.00114392093383, 0.000809787132312, 0.000337739358656, 0.000269736396149, 0.000227195792831, 0.000183368014405, 0.000145358397276, 0.000215796462726, 0.000236242180108, 0.000235745450482, 0.000108708038169, 0.000103838283394, 7.24703495507e-05, 5.96275640419e-05, 6.45316831651e-05, 5.2288214647e-05, 3.51513517671e-05, 3.04309032799e-05, 2.83155895886e-05, 2.25910171139e-05, 2.68032981694e-05, 1.80155184353e-05, 1.4667162759e-05, 1.32054765345e-05, 7.55935298002e-06, 8.70356507221e-06, 9.12076666282e-06, 8.2749647845e-06, 4.63625156044e-06, 5.78330855205e-06, 5.52748315386e-06, 4.2246688281e-06, 3.26431813846e-06, 3.88086482417e-06, 3.07622894979e-06, 2.35313291341e-06, 2.47103753281e-06, 1.61947241395e-06], "dvar": [2.67185811254e-07, 1.35370112275e-06, 2.21441905524e-06, 1.48096955854e-06, 1.72254999597e-07, 2.20554142061e-07, 1.59571797553e-07, 7.68805179518e-08, 8.15878138383e-08, 1.37445340442e-07, 2.09337656543e-07, 1.60398798243e-07, 3.87920948697e-08, 3.70886787948e-08, 2.49375933237e-08, 1.5071957904e-08, 1.56892205894e-08, 7.40782457598e-09, 2.48824516547e-09, 4.20912682486e-09, 2.91853030632e-09, 2.01147143386e-09, 2.28412222469e-09, 5.26299892556e-10, 9.53837897555e-10, 6.30334895391e-10, 1.14686184161e-10, 1.58902627168e-10, 1.37725636451e-10, 1.51701651241e-10, 4.01965058461e-11, 6.72603917007e-11, 1.26993332517e-10, 6.8550949639e-11, 5.16893854108e-11, 7.89609488905e-11, 2.10643481824e-11, 8.24148735368e-12, 6.87505781471e-12, 2.53860626097e-12], "dvar2": [5.71626628698e-07, 3.29232830154e-06, 5.18040451425e-06, 3.33977504852e-06, 4.10140586382e-07, 4.99629322803e-07, 3.46568555187e-07, 1.67409211826e-07, 1.86233748423e-07, 3.04334037082e-07, 4.40703786353e-07, 2.99867707554e-07, 7.01213807019e-08, 7.45210044784e-08, 4.53214887841e-08, 2.78036740298e-08, 2.88556130101e-08, 1.63871103354e-08, 5.79425440961e-09, 8.27652435476e-09, 6.36403818532e-09, 4.2793595334e-09, 4.79895456706e-09, 1.2588747822e-09, 1.99481076102e-09, 1.44964973359e-09, 2.66161176432e-10, 3.33071653591e-10, 3.50809770122e-10, 3.39481415201e-10, 8.906532456e-11, 1.46651607524e-10, 2.84980095078e-10, 1.45208289837e-10, 8.98248281311e-11, 1.79102566111e-10, 3.8637166383e-11, 1.74001351522e-11, 1.57518963151e-11, 5.76350338982e-12], "max": [0.0101531436667, 0.018672728911, 0.020754950121, 0.0183886904269, 0.00904705561697, 0.0121759809554, 0.0100234774873, 0.00738005200401, 0.00641418201849, 0.0107907904312, 0.0142302652821, 0.0118629168719, 0.00589285185561, 0.0078336596489, 0.0089189754799, 0.0070134177804, 0.00380472582765, 0.00188674079254, 0.00115568051115, 0.00311776902527, 0.00230093393475, 0.00156167487148, 0.00169661885593, 0.000405237893574, 0.00171644904185, 0.000536440231372, 0.000324252760038, 0.000340202066582, 0.000405694649089, 0.000491131097078, 0.000176330955583, 0.000268420291832, 0.000317791796988, 0.000273735960945, 0.000332724186592, 0.000503765128087, 0.000216435350012, 0.000112403671665, 8.61140870256e-05, 3.97444055125e-05], "mean": [0.000522697519045, 0.000952164933551, 0.00119792495389, 0.000861571636051, 0.000353668729076, 0.00027717705234, 0.000224212606554, 0.000162984259077, 0.000151108077262, 0.000204702548217, 0.000265720504103, 0.000296771875583, 0.000124796541058, 0.000113859256089, 8.62152446643e-05, 6.42916493234e-05, 7.3819886893e-05, 5.78170584049e-05, 2.95899135381e-05, 2.63922993327e-05, 3.01545696857e-05, 2.68035910267e-05, 2.6733327104e-05, 1.53003293235e-05, 1.17037407108e-05, 1.12548295874e-05, 6.03872967986e-06, 7.42118572816e-06, 6.53788947602e-06, 6.18703097643e-06, 3.6012165765e-06, 3.99217560698e-06, 3.79477910428e-06, 3.10749987875e-06, 2.71525527751e-06, 2.58769387074e-06, 2.13234557123e-06, 1.6092729993e-06, 1.46089803366e-06, 1.02488627363e-06], "median": [0.000270358927082, 0.000584702705964, 0.000738939503208, 0.000363477505744, 0.000128598185256, 6.91242894391e-05, 5.31349614903e-05, 4.48361679446e-05, 4.11821674788e-05, 4.63479809696e-05, 4.72067767987e-05, 4.84888951178e-05, 2.09350782825e-05, 2.2527317924e-05, 1.41114769576e-05, 1.18423340609e-05, 9.79102696874e-06, 1.21736029541e-05, 7.75521857577e-06, 5.53186464458e-06, 6.53323513689e-06, 6.38576784695e-06, 6.72795795253e-06, 4.43725639343e-06, 2.36814457821e-06, 1.91335470845e-06, 1.68914311871e-06, 1.96662699636e-06, 1.91948925021e-06, 1.48831645674e-06, 1.19237176932e-06, 1.37435313263e-06, 1.11743588604e-06, 9.53770040724e-07, 7.98815790404e-07, 6.05939135312e-07, 5.60503053748e-07, 4.27881616361e-07, 3.47746009766e-07, 2.50200457685e-07], "min": [1.02841350745e-24, 9.63103022852e-25, 1.15557798398e-24, 1.55306379348e-24, 1.68254249208e-24, 9.21178615614e-25, 1.79201508648e-24, 2.10333845108e-24, 1.39767791668e-24, 1.88762581706e-24, 1.82318061427e-24, 1.4624693308e-24, 1.63495031646e-24, 1.91760351753e-24, 1.54844728086e-24, 2.98951974568e-24, 1.27977920312e-24, 3.34602965457e-24, 3.53586153724e-24, 2.58658261149e-24, 2.77804921117e-24, 3.07574539806e-24, 3.43335142918e-24, 3.46956053916e-24, 3.10802144478e-24, 3.88959702233e-24, 4.67211706359e-24, 4.34726729827e-24, 4.65401428354e-24, 3.75599001739e-24, 5.02907938422e-24, 4.25622604449e-24, 5.00755886429e-24, 4.17528497131e-24, 4.84143461842e-24, 5.24479497647e-24, 6.36155735543e-24, 5.13087793973e-24, 5.69354639102e-24, 6.27657179239e-24], "var": [5.09263372805e-07, 1.64756249887e-06, 3.09245433527e-06, 2.35152447203e-06, 4.44466053295e-07, 4.98054362197e-07, 3.92813973349e-07, 1.79406271172e-07, 1.73668198045e-07, 3.70014163309e-07, 6.61533306356e-07, 5.85386260354e-07, 1.65715306366e-07, 1.00288957583e-07, 9.84379866509e-08, 3.87006338087e-08, 5.46443850169e-08, 2.26262031333e-08, 4.09587075367e-09, 8.94590090894e-09, 6.94875712526e-09, 5.74574965384e-09, 3.96042798556e-09, 8.00147892388e-10, 1.48113710186e-09, 9.74860747682e-10, 1.81294423918e-10, 3.15109133231e-10, 1.67414609953e-10, 3.4020825046e-10, 6.07434658129e-11, 8.79608746951e-11, 1.61363242213e-10, 9.94828525114e-11, 1.08163450419e-10, 1.09586215102e-10, 3.99843075316e-11, 1.35198961401e-11, 9.1872082858e-12, 3.556608133e-12]}, "melbands_crest": {"dmean": 3.04076528549, "dmean2": 4.93055105209, "dvar": 7.40308713913, "dvar2": 18.5741558075, "max": 31.3710689545, "mean": 12.4622812271, "median": 12.1298751831, "min": 1.59759819508, "var": 19.7850608826}, "melbands_flatness_db": {"dmean": 0.0322127081454, "dmean2": 0.0463935546577, "dvar": 0.000906053173821, "dvar2": 0.00192016491201, "max": 0.419810831547, "mean": 0.178687334061, "median": 0.180053621531, "min": 0.00317327771336, "var": 0.00372540997341}, "melbands_kurtosis": {"dmean": 6.4780125618, "dmean2": 9.94390773773, "dvar": 108.978027344, "dvar2": 260.109985352, "max": 187.958404541, "mean": 10.3908290863, "median": 4.55873775482, "min": -1.84468722343, "var": 245.705200195}, "melbands_skewness": {"dmean": 0.778452157974, "dmean2": 1.1420648098, "dvar": 0.625049650669, "dvar2": 1.39332139492, "max": 11.2845745087, "mean": 2.16976833344, "median": 1.89607930183, "min": -1.58937680721, "var": 2.63191628456}, "melbands_spread": {"dmean": 10.3144674301, "dmean2": 15.8205575943, "dvar": 209.134475708, "dvar2": 438.361816406, "max": 266.318206787, "mean": 31.5402030945, "median": 25.9207611084, "min": 1.43887984753, "var": 711.54284668}, "mfcc": {"cov": [[12181.0322266, 1183.49365234, -170.654022217, 125.329322815, -22.9057922363, 38.7672309875, -51.606098175, 44.0779380798, -18.9398822784, -0.382688522339, -61.2691078186, -62.4915962219, -94.9179611206], [1183.49365234, 1134.77819824, -48.1975708008, -64.1304855347, 81.4082183838, 20.0982589722, 13.424993515, 68.1348953247, -2.24092316628, -65.8484344482, -3.93099427223, -29.4698467255, -53.4932518005], [-170.654022217, -48.1975708008, 739.339111328, 46.8923683167, 36.1650047302, 41.9269638062, -18.7670516968, -54.3670730591, -9.29777145386, -17.7803668976, -15.1535463333, -3.10450363159, -18.0512561798], [125.329322815, -64.1304855347, 46.8923683167, 339.420806885, 56.9226112366, 8.18703174591, -10.3121843338, -7.7912607193, 23.8292770386, 1.03492820263, -21.7868900299, 24.9875431061, 18.6793231964], [-22.9057922363, 81.4082183838, 36.1650047302, 56.9226112366, 207.800765991, -6.47973155975, -33.987247467, 6.49774837494, 25.1511898041, -2.20582985878, -19.5956172943, -3.66597962379, -1.26409471035], [38.7672309875, 20.0982589722, 41.9269638062, 8.18703174591, -6.47973155975, 161.410430908, 58.2633247375, -9.72111988068, 4.53135299683, 6.64850568771, 13.8571500778, -3.63013958931, -21.627412796], [-51.606098175, 13.424993515, -18.7670516968, -10.3121843338, -33.987247467, 58.2633247375, 168.767364502, 19.8067893982, -23.6771183014, 18.5829753876, 20.1408348083, -9.99021911621, -5.00028896332], [44.0779380798, 68.1348953247, -54.3670730591, -7.7912607193, 6.49774837494, -9.72111988068, 19.8067893982, 127.572914124, 32.8114929199, -16.6859416962, 0.859122335911, -7.4925994873, -7.53824663162], [-18.9398822784, -2.24092316628, -9.29777145386, 23.8292770386, 25.1511898041, 4.53135299683, -23.6771183014, 32.8114929199, 129.128387451, 16.4414997101, -17.6055259705, 3.58671092987, -30.7203006744], [-0.382688522339, -65.8484344482, -17.7803668976, 1.03492820263, -2.20582985878, 6.64850568771, 18.5829753876, -16.6859416962, 16.4414997101, 118.205513, 26.0719738007, -22.9075946808, -0.699231088161], [-61.2691078186, -3.93099427223, -15.1535463333, -21.7868900299, -19.5956172943, 13.8571500778, 20.1408348083, 0.859122335911, -17.6055259705, 26.0719738007, 103.490966797, 17.8099918365, -0.575012564659], [-62.4915962219, -29.4698467255, -3.10450363159, 24.9875431061, -3.66597962379, -3.63013958931, -9.99021911621, -7.4925994873, 3.58671092987, -22.9075946808, 17.8099918365, 91.6101913452, 24.3851833344], [-94.9179611206, -53.4932518005, -18.0512561798, 18.6793231964, -1.26409471035, -21.627412796, -5.00028896332, -7.53824663162, -30.7203006744, -0.699231088161, -0.575012564659, 24.3851833344, 102.694229126]], "icov": [[9.54763600021e-05, -0.000110095345008, 1.99838104891e-05, -7.25030331523e-05, 8.08455879451e-05, -3.27500492858e-05, 7.76738015702e-05, -1.58338498295e-05, 6.926865899e-05, -9.56753065111e-05, 8.10286001069e-05, -3.94621338273e-07, 6.49335779599e-05], [-0.000110095345008, 0.00114589557052, 5.72117824049e-05, 0.0002724082442, -0.000580422230996, -9.51210022322e-05, -0.000149651314132, -0.000385254941648, 0.000105676808744, 0.000694685732014, -0.000220756497583, 0.000261415058048, 0.000365932937711], [1.99838104891e-05, 5.72117824049e-05, 0.00147079548333, -0.00016453601711, -0.00023312443227, -0.000401739700465, 0.000169782637386, 0.000569805561099, 0.000125323189422, 0.000320380029734, 8.40855936985e-05, 0.000144235935295, 0.00030524135218], [-7.25030331523e-05, 0.0002724082442, -0.00016453601711, 0.00338716991246, -0.000952823262196, -0.000244970928179, -0.000181451527169, 9.74873182713e-05, -0.000511344871484, -0.000120507145766, 0.000644703919534, -0.000936544849537, -0.000562926754355], [8.08455879451e-05, -0.000580422230996, -0.00023312443227, -0.000952823262196, 0.00566290738061, -5.80793202971e-05, 0.00107367243618, -0.000235302068177, -0.000614428310655, -0.000434996240074, 0.000614860327914, 0.000307291775243, -0.000259091611952], [-3.27500492858e-05, -9.51210022322e-05, -0.000401739700465, -0.000244970928179, -5.80793202971e-05, 0.00771662453189, -0.00294458912686, 0.001341821393, -0.0010584439151, 0.000494009582326, -0.000938284501899, 0.000141178752529, 0.00112161110155], [7.76738015702e-05, -0.000149651314132, 0.000169782637386, -0.000181451527169, 0.00107367243618, -0.00294458912686, 0.00798734370619, -0.00217593228444, 0.00223591318354, -0.00169425120112, -0.000121795201267, 0.000109511485789, 0.000309598137392], [-1.58338498295e-05, -0.000385254941648, 0.000569805561099, 9.74873182713e-05, -0.000235302068177, 0.001341821393, -0.00217593228444, 0.010144520551, -0.0037414834369, 0.00275126821361, -0.00145047553815, 0.00181107409298, -0.000753164058551], [6.926865899e-05, 0.000105676808744, 0.000125323189422, -0.000511344871484, -0.000614428310655, -0.0010584439151, 0.00223591318354, -0.0037414834369, 0.0111962277442, -0.00345174898393, 0.00285132345743, -0.00278173293918, 0.00384013843723], [-9.56753065111e-05, 0.000694685732014, 0.000320380029734, -0.000120507145766, -0.000434996240074, 0.000494009582326, -0.00169425120112, 0.00275126821361, -0.00345174898393, 0.0117913577706, -0.00419744383544, 0.00453897798434, -0.00148377439473], [8.10286001069e-05, -0.000220756497583, 8.40855936985e-05, 0.000644703919534, 0.000614860327914, -0.000938284501899, -0.000121795201267, -0.00145047553815, 0.00285132345743, -0.00419744383544, 0.0124187748879, -0.00430007791147, 0.00146996090189], [-3.94621338273e-07, 0.000261415058048, 0.000144235935295, -0.000936544849537, 0.000307291775243, 0.000141178752529, 0.000109511485789, 0.00181107409298, -0.00278173293918, 0.00453897798434, -0.00430007791147, 0.0145213836804, -0.00377017538995], [6.49335779599e-05, 0.000365932937711, 0.00030524135218, -0.000562926754355, -0.000259091611952, 0.00112161110155, 0.000309598137392, -0.000753164058551, 0.00384013843723, -0.00148377439473, 0.00146996090189, -0.00377017538995, 0.0123792579398]], "mean": [-658.661682129, 106.479545593, 10.2902297974, 13.9416046143, 4.36438941956, 8.38207626343, 2.41094398499, 7.99426317215, 2.8537402153, -1.58394920826, -3.93848872185, -2.31510806084, -6.71694517136]}, "pitch_salience": {"dmean": 0.0753405839205, "dmean2": 0.117864921689, "dvar": 0.00442490540445, "dvar2": 0.01049270574, "max": 0.916053891182, "mean": 0.551174402237, "median": 0.545156478882, "min": 0.157545566559, "var": 0.0128876538947}, "silence_rate_20dB": {"dmean": 0, "dmean2": 0, "dvar": 0, "dvar2": 0, "max": 1, "mean": 1, "median": 1, "min": 1, "var": 0}, "silence_rate_30dB": {"dmean": 0.00132348074112, "dmean2": 0.00264725345187, "dvar": 0.00132176093757, "dvar2": 0.0037433935795, "max": 1, "mean": 0.999228060246, "median": 1, "min": 0, "var": 0.000771298422478}, "silence_rate_60dB": {"dmean": 0.0238226540387, "dmean2": 0.0476505607367, "dvar": 0.0232526864856, "dvar2": 0.059933014214, "max": 1, "mean": 0.0828187018633, "median": 0, "min": 0, "var": 0.0759632363915}, "spectral_centroid": {"dmean": 359.698028564, "dmean2": 541.450134277, "dvar": 186148.578125, "dvar2": 393429.375, "max": 11820.5263672, "mean": 1651.7734375, "median": 1356.95288086, "min": 209.818740845, "var": 2549077.25}, "spectral_complexity": {"dmean": 4.48968791962, "dmean2": 6.88506507874, "dvar": 28.3027496338, "dvar2": 63.6994743347, "max": 52, "mean": 15.1655273438, "median": 14, "min": 0, "var": 70.9452285767}, "spectral_contrast_coeffs": {"dmean": [0.0489609241486, 0.0469585359097, 0.0457239113748, 0.0378799699247, 0.0357244946063, 0.0264356434345], "dmean2": [0.0799522399902, 0.0772075429559, 0.0705458372831, 0.0574807375669, 0.0523660443723, 0.0399370528758], "dvar": [0.00182653381489, 0.00155646644998, 0.00151974428445, 0.00110029964708, 0.000976478855591, 0.000552883488126], "dvar2": [0.00448734918609, 0.00392245920375, 0.00340981408954, 0.00227765319869, 0.00185441877693, 0.00120942422654], "max": [-0.372436016798, -0.432714223862, -0.384559035301, -0.472104281187, -0.461732208729, -0.547923982143], "mean": [-0.647863447666, -0.740662753582, -0.725849330425, -0.758096575737, -0.757188677788, -0.785126209259], "median": [-0.644052624702, -0.748774170876, -0.732692718506, -0.76824259758, -0.766752421856, -0.787098407745], "min": [-0.981863439083, -0.974146366119, -0.977389097214, -0.971714496613, -0.969315707684, -0.965977728367], "var": [0.00752649875358, 0.00733324466273, 0.00805804040283, 0.00647056801245, 0.0058566168882, 0.00285465759225]}, "spectral_contrast_valleys": {"dmean": [0.432723641396, 0.453271746635, 0.452088177204, 0.464943915606, 0.546590864658, 0.547349274158], "dmean2": [0.690201163292, 0.705063462257, 0.690440237522, 0.689525544643, 0.74817186594, 0.68670976162], "dvar": [0.162712499499, 0.184603914618, 0.202903419733, 0.230055972934, 0.255108892918, 0.2330083251], "dvar2": [0.353240042925, 0.378787487745, 0.423900663853, 0.459994316101, 0.47326117754, 0.438794612885], "max": [-5.54862928391, -4.72561359406, -5.27479600906, -5.7232375145, -5.86513328552, -7.15188789368], "mean": [-7.7457036972, -7.51706647873, -7.94418144226, -8.50609970093, -8.55032062531, -10.2925567627], "median": [-7.15164375305, -7.0260219574, -7.47062683105, -8.04957771301, -8.13230705261, -9.9490737915], "min": [-28.4130973816, -28.3444862366, -27.921333313, -27.7311058044, -27.5780944824, -27.476776123], "var": [9.75973033905, 9.93321418762, 9.53185749054, 9.06997489929, 9.1349029541, 7.75589227676]}, "spectral_decrease": {"dmean": 2.1965009811e-09, "dmean2": 3.20664828024e-09, "dvar": 9.372111023e-18, "dvar2": 2.02758131246e-17, "max": 4.75356505879e-23, "mean": -5.67128255469e-09, "median": -4.27034496653e-09, "min": -3.69532706657e-08, "var": 2.30997332896e-17}, "spectral_energy": {"dmean": 0.00909721571952, "dmean2": 0.0132217044011, "dvar": 0.000151350279339, "dvar2": 0.000328800466377, "max": 0.14425688982, "mean": 0.0235320068896, "median": 0.018090762198, "min": 9.96849654134e-21, "var": 0.000380549900001}, "spectral_energyband_high": {"dmean": 0.000860163709149, "dmean2": 0.00129947718233, "dvar": 1.97566464522e-06, "dvar2": 4.10980373999e-06, "max": 0.0362895950675, "mean": 0.00110117706936, "median": 0.000452588486951, "min": 7.11427429481e-21, "var": 3.44706472788e-06}, "spectral_energyband_low": {"dmean": 0.00284144468606, "dmean2": 0.00445072492585, "dvar": 2.036044134e-05, "dvar2": 4.76750828966e-05, "max": 0.0661632120609, "mean": 0.00497703813016, "median": 0.00354832969606, "min": 9.88590310117e-24, "var": 3.03169308609e-05}, "spectral_energyband_middle_high": {"dmean": 0.00290656206198, "dmean2": 0.00412968406454, "dvar": 1.91772905964e-05, "dvar2": 3.61561651516e-05, "max": 0.0832169055939, "mean": 0.00743824802339, "median": 0.00379566615447, "min": 1.18029121252e-21, "var": 9.84647413134e-05}, "spectral_energyband_middle_low": {"dmean": 0.00539546553046, "dmean2": 0.0081035559997, "dvar": 7.90365884313e-05, "dvar2": 0.000176441550138, "max": 0.113909646869, "mean": 0.0112555492669, "median": 0.00643009273335, "min": 1.27331868869e-22, "var": 0.000167320860783}, "spectral_entropy": {"dmean": 0.29861676693, "dmean2": 0.401833742857, "dvar": 0.0734483078122, "dvar2": 0.128553792834, "max": 9.82204627991, "mean": 7.54093456268, "median": 7.5229139328, "min": 5.83462953568, "var": 0.364930063486}, "spectral_flux": {"dmean": 0.0286917164922, "dmean2": 0.044159527868, "dvar": 0.00100069434848, "dvar2": 0.00221694237553, "max": 0.339886158705, "mean": 0.0786069557071, "median": 0.0690460652113, "min": 6.38952710186e-11, "var": 0.00237504323013}, "spectral_kurtosis": {"dmean": 1.47888422012, "dmean2": 2.22329282761, "dvar": 1.99909377098, "dvar2": 4.77397203445, "max": 19.7284622192, "mean": 3.91503477097, "median": 3.68446397781, "min": -1.37689638138, "var": 5.67947244644}, "spectral_rms": {"dmean": 0.000887062866241, "dmean2": 0.00125431152992, "dvar": 1.01539967545e-06, "dvar2": 2.05106175599e-06, "max": 0.0118633229285, "mean": 0.004336965736, "median": 0.00420113373548, "min": 3.11855142404e-12, "var": 4.1488374336e-06}, "spectral_rolloff": {"dmean": 773.69128418, "dmean2": 1306.28356934, "dvar": 1620733.125, "dvar2": 3732687.5, "max": 19745.9472656, "mean": 2213.65063477, "median": 1464.2578125, "min": 64.599609375, "var": 8701335}, "spectral_skewness": {"dmean": 0.27948603034, "dmean2": 0.40592315793, "dvar": 0.068412296474, "dvar2": 0.149015888572, "max": 3.24297070503, "mean": 1.58049786091, "median": 1.60681843758, "min": -0.358723461628, "var": 0.26186928153}, "spectral_spread": {"dmean": 1111907, "dmean2": 1469224.25, "dvar": 1269305311230.0, "dvar2": 2557754212350.0, "max": 43295348, "mean": 6470058.5, 