{"lowlevel": {"average_loudness": 0.865238547325, "barkbands": {"dmean": [0.00575558748096, 0.0136600490659, 0.00347026437521, 0.000784936826676, 0.00269975699484, 0.00216673198156, 0.000660846591927, 0.00081065390259, 0.00144211179577, 0.000556930433959, 0.000456481589936, 0.000272549077636, 0.000496801745612, 0.000141849639476, 0.000147792758071, 9.31664253585e-05, 7.25233694538e-05, 8.96375713637e-05, 7.24531128071e-05, 5.17946245964e-05, 2.86352042167e-05, 1.71300907823e-05, 9.40183690545e-06, 3.25381734001e-06, 2.91745732284e-06, 4.96411848872e-06, 4.98861591041e-05], "dmean2": [0.00911330245435, 0.02234643884, 0.00612999266014, 0.00133482774254, 0.00417848909274, 0.00330901658162, 0.0010278125992, 0.00124539062381, 0.00223701959476, 0.000869066279847, 0.00071955396561, 0.000430774554843, 0.000791477272287, 0.000234258419368, 0.000236096442677, 0.000153871951625, 0.000116829833132, 0.00015069298388, 0.00010088232375, 7.88512916188e-05, 4.01534125558e-05, 2.36732430494e-05, 1.41360014823e-05, 5.32055855729e-06, 4.82769337395e-06, 7.65623553889e-06, 7.12229375495e-05], "dvar": [9.26954016904e-05, 0.000434222223703, 3.15078614221e-05, 1.82118253633e-06, 4.36816044385e-05, 3.67815991922e-05, 3.90469722333e-06, 7.43799955671e-06, 1.70101848198e-05, 5.64946412851e-06, 2.43257773036e-06, 7.16292959169e-07, 4.19648858951e-06, 2.63055852656e-07, 1.23281097331e-07, 7.74300659145e-08, 3.37026726527e-08, 1.12256309137e-07, 1.29628361378e-07, 3.59162228847e-08, 6.18660411789e-09, 1.19710497071e-09, 2.63204819051e-10, 2.88861001091e-11, 2.62169591592e-11, 6.12205355854e-11, 1.43143541464e-08], "dvar2": [0.000231151978369, 0.00108582188841, 9.18202058529e-05, 4.58914837509e-06, 9.69666289166e-05, 8.30545104691e-05, 9.3701410151e-06, 1.60418949235e-05, 4.01761790272e-05, 1.24107737065e-05, 5.63511775908e-06, 1.68354370089e-06, 1.02850581243e-05, 6.61264721202e-07, 3.05157470848e-07, 2.06413972137e-07, 7.90262504324e-08, 2.62640867277e-07, 2.30318576655e-07, 8.35321145587e-08, 1.11302993488e-08, 2.0960329028e-09, 5.8185650742e-10, 6.98949162437e-11, 6.37161226558e-11, 1.41348363569e-10, 2.85576930992e-08], "max": [0.21741092205, 0.261028647423, 0.0752338245511, 0.0415116772056, 0.195322856307, 0.140796616673, 0.0810141786933, 0.0800806581974, 0.0889283940196, 0.0767412558198, 0.0654314979911, 0.0327140279114, 0.0965678170323, 0.0228452663869, 0.00982736703008, 0.00766102410853, 0.00443167658523, 0.0195326730609, 0.0273592155427, 0.00806712452322, 0.00232186052017, 0.00103290425614, 0.000244075068622, 7.63456118875e-05, 7.16556314728e-05, 8.70039948495e-05, 0.00688384845853], "mean": [0.00929809082299, 0.0192389655858, 0.00384076195769, 0.000929746602196, 0.00440020533279, 0.00337082380429, 0.00094532041112, 0.00115854316391, 0.00220647011884, 0.000709005631506, 0.000643674633466, 0.0003970246471, 0.000768791651353, 0.0001892670698, 0.000221418187721, 0.000115938542876, 0.000113652131404, 0.000110595094156, 0.000105486025859, 7.20115349395e-05, 4.68110301881e-05, 2.83323970507e-05, 1.33059584186e-05, 3.48578055309e-06, 2.82788300865e-06, 6.60064597469e-06, 0.000108089276182], "median": [0.00471515674144, 0.00934282504022, 0.00177034223452, 0.000460052862763, 0.00150943663903, 0.000674086099025, 0.00026276911376, 0.000226039148401, 0.000291030330118, 0.000133266905323, 0.000101428646303, 0.000101091980468, 0.000111908302642, 5.25793220731e-05, 7.5547141023e-05, 3.1759191188e-05, 2.42257501668e-05, 2.80984932033e-05, 2.17128144868e-05, 1.69133236341e-05, 1.3245385162e-05, 9.57097472565e-06, 5.45877901459e-06, 1.4964635966e-06, 8.84455062078e-07, 3.05159665004e-06, 5.42480484e-05], "min": [1.62998476986e-26, 2.25941122852e-24, 1.85372530852e-24, 1.62737103949e-24, 5.44071765419e-24, 1.01743674461e-23, 6.8268685381e-24, 6.23172228892e-24, 1.67042811293e-23, 1.70015554729e-23, 1.65953173502e-23, 2.52855416108e-23, 3.25381110478e-23, 4.00525475954e-23, 5.20763718237e-23, 4.63848760766e-23, 7.79110773759e-23, 9.51989388703e-23, 1.56739252886e-22, 1.54589890909e-22, 2.44109283697e-22, 3.18705586482e-22, 3.74363118603e-22, 6.14389359229e-22, 9.50295218401e-22, 1.30535462035e-21, 1.83258371004e-21], "var": [0.000164588578627, 0.000632093579043, 3.31804985763e-05, 2.65942776423e-06, 7.68064564909e-05, 7.15233254596e-05, 6.08010759606e-06, 1.34633855851e-05, 3.39856414939e-05, 7.7552995208e-06, 5.01601562064e-06, 1.34471838464e-06, 1.01616187749e-05, 4.56652514913e-07, 1.93795514747e-07, 7.53931956865e-08, 6.15534361259e-08, 1.36321801847e-07, 2.20536207962e-07, 5.07309820819e-08, 1.45777416805e-08, 3.01737901331e-09, 3.99104499449e-10, 3.25279837787e-11, 2.78834125927e-11, 8.29683613479e-11, 3.08008196725e-08]}, "barkbands_crest": {"dmean": 3.32977890968, "dmean2": 5.47552347183, "dvar": 7.92487812042, "dvar2": 20.6917629242, "max": 26.062128067, "mean": 13.0484905243, "median": 12.4481601715, "min": 3.10059571266, "var": 20.1467876434}, "barkbands_flatness_db": {"dmean": 0.0380860716105, "dmean2": 0.0601654201746, "dvar": 0.00112305907533, "dvar2": 0.00273228785954, "max": 0.554520010948, "mean": 0.204876959324, "median": 0.200743749738, "min": 0.0378030873835, "var": 0.0035827618558}, "barkbands_kurtosis": {"dmean": 12.3957595825, "dmean2": 19.9243831635, "dvar": 663.123718262, "dvar2": 1603.83642578, "max": 863.590270996, "mean": 20.8154468536, "median": 9.48874282837, "min": -1.80796265602, "var": 1370.18762207}, "barkbands_skewness": {"dmean": 1.05685889721, "dmean2": 1.66065955162, "dvar": 1.29085505009, "dvar2": 3.07457351685, "max": 20.4458961487, "mean": 2.91708230972, "median": 2.44065332413, "min": -2.17670297623, "var": 5.4067363739}, "barkbands_spread": {"dmean": 4.5097951889, "dmean2": 7.21662187576, "dvar": 38.4581222534, "dvar2": 90.6055374146, "max": 123.598083496, "mean": 11.8455381393, "median": 9.20782566071, "min": 0.256613016129, "var": 110.112953186}, "dissonance": {"dmean": 0.0293248165399, "dmean2": 0.0483808815479, "dvar": 0.000960766570643, "dvar2": 0.00248601636849, "max": 0.500000059605, "mean": 0.446577429771, "median": 0.461152374744, "min": 0.0985124483705, "var": 0.00226642820053}, "dynamic_complexity": 4.36716175079, "erbbands": {"dmean": [0.547417640686, 2.64051699638, 4.58875656128, 2.71750688553, 4.44555187225, 10.6057958603, 13.9816112518, 21.8599224091, 11.163110733, 11.221446991, 19.7091674805, 35.973739624, 19.5857448578, 14.893163681, 18.6210594177, 11.117846489, 22.482334137, 9.6316614151, 6.22575092316, 7.35586261749, 4.25639867783, 3.93135476112, 4.94170093536, 4.13830709457, 2.95745968819, 2.37632226944, 1.45128083229, 0.983235657215, 0.67458319664, 0.374745428562, 0.248752221465, 0.0953294932842, 0.0488135963678, 0.0329744182527, 0.020573316142, 0.011466011405, 0.00974267255515, 0.00813127588481, 0.00401200773194, 0.00138770707417], "dmean2": [0.907169163227, 4.31052923203, 7.95614862442, 4.64648294449, 7.2478222847, 16.4628429413, 21.7154426575, 33.1675338745, 17.0577774048, 17.2964668274, 30.0667095184, 56.1233978271, 29.9581165314, 22.9293994904, 29.0441017151, 17.3710784912, 35.8640899658, 15.5374860764, 10.1575632095, 11.9425258636, 6.75920152664, 6.30299425125, 8.34331607819, 6.19722414017, 4.11484146118, 3.62592053413, 2.09096097946, 1.36746013165, 0.9209010005, 0.556208491325, 0.366468280554, 0.151807710528, 0.080616414547, 0.0545566640794, 0.0340226590633, 0.0189088452607, 0.0151104452088, 0.0112690133974, 0.00547908805311, 0.00203169812448], "dvar": [0.71290820837, 21.9137954712, 61.2400741577, 16.9137630463, 89.8588638306, 649.399719238, 1803.41320801, 4431.73388672, 962.109680176, 1555.39245605, 4470.22119141, 11005.6748047, 4470.49658203, 3374.72290039, 5148.59472656, 1123.09057617, 9167.21484375, 1025.69970703, 227.613098145, 400.364501953, 119.14414978, 115.559043884, 313.730743408, 440.594085693, 226.836196899, 71.9946594238, 20.7071990967, 5.52890110016, 1.90373718739, 0.453442424536, 0.191101908684, 0.0233542192727, 0.00729079777375, 0.0033508958295, 0.00130125752185, 0.000399718031986, 0.000281199580058, 0.000176296714926, 9.87439998426e-05, 8.63831064635e-06], "dvar2": [1.86017656326, 54.1929473877, 166.749465942, 46.0539474487, 201.666152954, 1436.28344727, 4139.24316406, 9999.84960938, 2183.99023438, 3974.97900391, 9366.83300781, 26757.0410156, 9964.48046875, 7180.80859375, 12158.3603516, 2523.34472656, 22467.8339844, 2557.20581055, 587.896057129, 1030.06750488, 292.783691406, 280.144226074, 795.071350098, 810.653381348, 437.505462646, 162.8853302, 39.1910934448, 9.76499557495, 3.23304820061, 0.927154183388, 0.425434589386, 0.0555158518255, 0.0177171435207, 0.00814483407885, 0.00316133676097, 0.00096992024919, 0.000667312415317, 0.000332424388034, 0.000181401599548, 1.76510420715e-05], "max": [10.1988658905, 70.9934310913, 115.213233948, 108.496070862, 275.896759033, 689.720031738, 1191.33398438, 1617.33679199, 1123.89074707, 1554.28479004, 2072.99707031, 2194.04882812, 2296.56665039, 2706.38549805, 3145.44091797, 1364.89941406, 4695.77978516, 1241.68505859, 551.342529297, 560.776367188, 238.285018921, 280.551086426, 710.673156738, 1599.16601562, 1152.76599121, 338.511322021, 158.097229004, 61.7516326904, 35.7425003052, 13.5103607178, 7.27722215652, 1.81175613403, 1.19886803627, 0.809859871864, 0.505405664444, 0.281838804483, 0.214888140559, 0.251009196043, 0.527067899704, 0.170374810696], "mean": [0.813390254974, 3.34630775452, 5.16108322144, 3.64887166023, 6.61746692657, 16.7720355988, 20.657907486, 33.7584762573, 17.0067367554, 16.8964576721, 29.9621429443, 54.8572921753, 28.1523857117, 20.4341526031, 28.2037200928, 18.6883544922, 35.2697677612, 15.0646047592, 9.48164176941, 10.2277059555, 6.29178142548, 6.15335655212, 6.12409973145, 5.91641187668, 4.6117606163, 3.38013148308, 2.2867846489, 1.61617088318, 1.11663329601, 0.603799104691, 0.3461330235, 0.114976860583, 0.0483160354197, 0.0319954305887, 0.0200458467007, 0.011503376998, 0.0126752089709, 0.0139380274341, 0.00772823859006, 0.00372118502855], "median": [0.399838119745, 1.55964756012, 2.61060738564, 2.1222653389, 2.69372797012, 5.3714017868, 5.25185394287, 6.22626495361, 4.7085814476, 4.88899946213, 5.88168334961, 7.35167646408, 5.28765678406, 5.14896297455, 4.40580558777, 4.8761882782, 5.29637527466, 3.7301363945, 3.46149492264, 3.37611055374, 1.96990728378, 1.35046088696, 1.44282817841, 1.38692009449, 0.984152674675, 0.815135240555, 0.611357271671, 0.485888123512, 0.356622219086, 0.242929577827, 0.136789262295, 0.0521079748869, 0.016211129725, 0.0100488094613, 0.00635794503614, 0.003970798105, 0.00569990463555, 0.00565644120798, 0.00342599768192, 0.0022554199677], "min": [7.98285394901e-23, 4.7256383099e-22, 3.17925495186e-21, 9.89548573538e-21, 1.12465972165e-20, 2.849999748e-20, 4.36075078654e-20, 1.18769384085e-19, 1.3388137934e-19, 1.81087090558e-19, 2.90750599042e-19, 3.71485960068e-19, 5.71517179789e-19, 6.95375379002e-19, 1.04517330964e-18, 9.75670182457e-19, 1.55616010054e-18, 2.49472316752e-18, 3.13592607461e-18, 3.16826449386e-18, 4.14002986684e-18, 4.9532542881e-18, 6.01029309004e-18, 6.18275735262e-18, 8.07989277879e-18, 8.42767673144e-18, 9.55602222449e-18, 1.04537911218e-17, 9.65021328084e-18, 1.18160227602e-17, 1.21431652479e-17, 1.04252699343e-17, 1.07241195362e-17, 7.51164534057e-18, 6.6091730943e-18, 4.22933394013e-18, 2.23445781881e-18, 1.03517652175e-18, 2.80467322311e-19, 2.73971363101e-20], "var": [1.22778224945, 25.831703186, 61.6729278564, 25.4442462921, 189.708877563, 1226.43774414, 2683.49047852, 8690.7109375, 1742.21630859, 2052.15209961, 8516.94726562, 21480.9492188, 7011.93603516, 5075.15332031, 10565.3203125, 2849.69702148, 22269.5566406, 2213.21728516, 375.342437744, 445.023620605, 160.53187561, 190.719360352, 349.835083008, 702.2578125, 361.788543701, 107.760726929, 44.7524185181, 13.2018270493, 4.85850429535, 0.953666031361, 0.278311014175, 0.0284272264689, 0.00778562854975, 0.00356266577728, 0.00138682627585, 0.000429932784755, 0.000342026527505, 0.00040471504326, 0.000215362480958, 2.39847213379e-05]}, "erbbands_crest": {"dmean": 3.47722554207, "dmean2": 5.59273862839, "dvar": 10.3538579941, "dvar2": 25.186126709, "max": 34.0666847229, "mean": 10.923160553, "median": 9.63865947723, "min": 2.11893415451, "var": 32.4425964355}, "erbbands_flatness_db": {"dmean": 0.0301105771214, "dmean2": 0.0457880944014, "dvar": 0.0007230808842, "dvar2": 0.00154955324251, "max": 0.383025854826, "mean": 0.162039995193, "median": 0.154473915696, "min": 0.0363346226513, "var": 0.00327689549886}, "erbbands_kurtosis": {"dmean": 2.10081291199, "dmean2": 3.29469442368, "dvar": 13.0555953979, "dvar2": 31.0889377594, "max": 89.0008239746, "mean": 2.42663264275, "median": 0.911651730537, "min": -1.7755651474, "var": 24.9262599945}, "erbbands_skewness": {"dmean": 0.508580803871, "dmean2": 0.774990260601, "dvar": 0.250020593405, "dvar2": 0.572878479958, "max": 6.27066707611, "mean": 0.529947936535, "median": 0.50233477354, "min": -5.5139670372, "var": 1.17059254646}, "erbbands_spread": {"dmean": 8.31659793854, "dmean2": 12.7576255798, "dvar": 75.5339202881, "dvar2": 166.913970947, "max": 121.955734253, "mean": 29.6820602417, "median": 25.4132232666, "min": 0.98448073864, "var": 362.113494873}, "gfcc": {"cov": [[17859.4121094, 433.009368896, -1056.96777344, 223.999954224, -63.4077949524, -107.020462036, 153.947372437, -142.088470459, 92.5214157104, -19.1959819794, -69.3273696899, 131.883255005, -75.1708526611], [433.009368896, 960.95098877, 127.389533997, -393.887817383, -149.838699341, -44.7411079407, -27.7801151276, -45.6998710632, -23.7349796295, -6.78261137009, 71.2180480957, -69.9122924805, 49.7071723938], [-1056.96777344, 127.389533997, 639.826965332, 98.1294250488, -166.320114136, 149.681716919, -185.811645508, 113.009590149, -84.0424575806, 36.1342468262, -19.0598659515, -26.219499588, 5.94938373566], [223.999954224, -393.887817383, 98.1294250488, 578.934326172, 221.879653931, -44.4783363342, 78.7987823486, -5.99267053604, 56.9421844482, -25.3097362518, -86.0189056396, 58.4282836914, -64.6502914429], [-63.4077949524, -149.838699341, -166.320114136, 221.879653931, 378.019439697, 35.4759368896, 147.656906128, -63.4239654541, 58.7439002991, -33.1261100769, 0.623278260231, 7.76626634598, -8.50224113464], [-107.020462036, -44.7411079407, 149.681716919, -44.4783363342, 35.4759368896, 306.201873779, -38.3452224731, 69.3732681274, -98.3819274902, 8.88954257965, 12.4181566238, -10.7693004608, 15.3248624802], [153.947372437, -27.7801151276, -185.811645508, 78.7987823486, 147.656906128, -38.3452224731, 243.601715088, -53.7829666138, 82.6462173462, -43.0654029846, -10.0317115784, 36.839630127, -33.1700706482], [-142.088470459, -45.6998710632, 113.009590149, -5.99267053604, -63.4239654541, 69.3732681274, -53.7829666138, 187.315155029, 6.24764204025, 41.0561332703, -7.32903432846, -41.0524291992, 25.8053150177], [92.5214157104, -23.7349796295, -84.0424575806, 56.9421844482, 58.7439002991, -98.3819274902, 82.6462173462, 6.24764204025, 158.396102905, 34.0387954712, -8.75417804718, 2.99579572678, -26.8606529236], [-19.1959819794, -6.78261137009, 36.1342468262, -25.3097362518, -33.1261100769, 8.88954257965, -43.0654029846, 41.0561332703, 34.0387954712, 81.4624404907, 39.3272972107, -12.02252388, 9.3775510788], [-69.3273696899, 71.2180480957, -19.0598659515, -86.0189056396, 0.623278260231, 12.4181566238, -10.0317115784, -7.32903432846, -8.75417804718, 39.3272972107, 85.6824417114, 24.2071819305, 24.8217811584], [131.883255005, -69.9122924805, -26.219499588, 58.4282836914, 7.76626634598, -10.7693004608, 36.839630127, -41.0524291992, 2.99579572678, -12.02252388, 24.2071819305, 100.430381775, 14.6047267914], [-75.1708526611, 49.7071723938, 5.94938373566, -64.6502914429, -8.50224113464, 15.3248624802, -33.1700706482, 25.8053150177, -26.8606529236, 9.3775510788, 24.8217811584, 14.6047267914, 93.5324401855]], "icov": [[0.000108914755401, -0.000320687802741, 0.000668812775984, -0.000729017017875, 0.000643196399324, -0.000595718505792, 0.000267651485046, 0.000115518378152, -0.000325277302181, 0.000172454383573, -0.000224247211008, 0.00017376858159, -0.000147687067511], [-0.000320687802741, 0.00326322345063, -0.00348119996488, 0.00358253973536, -0.0016980660148, 0.00249392422847, -0.00176633568481, 0.000803646631539, -1.6642285118e-05, 0.00175147794653, -0.00174954207614, 0.00180904439185, -0.000703910307493], [0.000668812775984, -0.00348119996488, 0.00916698109359, -0.00973082799464, 0.00892345048487, -0.00824195425957, 0.00415826588869, 0.00142160383984, -0.00511397188529, 0.00474506011233, -0.00578253297135, 0.00476073846221, -0.00283067463897], [-0.000729017017875, 0.00358253973536, -0.00973082799464, 0.0175191704184, -0.0166697390378, 0.0128051703796, -0.00356846512295, -0.00580915110186, 0.0117962760851, -0.0146878156811, 0.0189068112522, -0.0156983267516, 0.00925632566214], [0.000643196399324, -0.0016980660148, 0.00892345048487, -0.0166697390378, 0.0215594880283, -0.0144978081807, 0.00141942908522, 0.00853949878365, -0.0157879199833, 0.0194946397096, -0.0227157678455, 0.0197348929942, -0.011729625985], [-0.000595718505792, 0.00249392422847, -0.00824195425957, 0.0128051703796, -0.0144978081807, 0.0158405117691, -0.00410472135991, -0.00695258472115, 0.0149237141013, -0.01467607636, 0.0146961594, -0.0124970665202, 0.00792886316776], [0.000267651485046, -0.00176633568481, 0.00415826588869, -0.00356846512295, 0.00141942908522, -0.00410472135991, 0.0106325382367, 0.000180019909749, -0.00728273205459, 0.00805704854429, -0.00364991091192, -0.000902493658941, 0.00115564779844], [0.000115518378152, 0.000803646631539, 0.00142160383984, -0.00580915110186, 0.00853949878365, -0.00695258472115, 0.000180019909749, 0.0125055983663, -0.00872982479632, 0.00638520764187, -0.00882709957659, 0.0122045967728, -0.00862137880176], [-0.000325277302181, -1.6642285118e-05, -0.00511397188529, 0.0117962760851, -0.0157879199833, 0.0149237141013, -0.00728273205459, -0.00872982479632, 0.0289558917284, -0.0299390349537, 0.0252530835569, -0.0180812720209, 0.0116107165813], [0.000172454383573, 0.00175147794653, 0.00474506011233, -0.0146878156811, 0.0194946397096, -0.01467607636, 0.00805704854429, 0.00638520764187, -0.0299390349537, 0.0557445622981, -0.0442459955812, 0.0274281147867, -0.0127015495673], [-0.000224247211008, -0.00174954207614, -0.00578253297135, 0.0189068112522, -0.0227157678455, 0.0146961594, -0.00364991091192, -0.00882709957659, 0.0252530835569, -0.0442459955812, 0.0562008991838, -0.0338435694575, 0.0129122175276], [0.00017376858159, 0.00180904439185, 0.00476073846221, -0.0156983267516, 0.0197348929942, -0.0124970665202, -0.000902493658941, 0.0122045967728, -0.0180812720209, 0.0274281147867, -0.0338435694575, 0.0382342040539, -0.0167522970587], [-0.000147687067511, -0.000703910307493, -0.00283067463897, 0.00925632566214, -0.011729625985, 0.00792886316776, 0.00115564779844, -0.00862137880176, 0.0116107165813, -0.0127015495673, 0.0129122175276, -0.0167522970587, 0.0217450261116]], "mean": [-52.1693267822, 116.387992859, -75.5729904175, 8.34455299377, -18.7751560211, -8.47640991211, 0.563191115856, -12.1468296051, -1.02947211266, -3.04385924339, -4.49983978271, 0.741493940353, -5.78137302399]}, "hfc": {"dmean": 12.2060394287, "dmean2": 18.2897377014, "dvar": 297.720733643, "dvar2": 682.907470703, "max": 390.535247803, "mean": 38.5379905701, "median": 28.9804954529, "min": 1.08849133557e-16, "var": 1263.33227539}, "melbands": {"dmean": [0.00436770962551, 0.00271482323296, 0.00049626280088, 0.000502843176946, 0.000523498572875, 0.000455223751487, 0.000158619208378, 0.00013374008995, 0.000178759742994, 0.000223414172069, 9.68324093265e-05, 6.24657477601e-05, 6.04327760811e-05, 3.40995247825e-05, 4.17291848862e-05, 4.70510021842e-05, 1.61815587489e-05, 9.76702631306e-06, 1.22756973724e-05, 7.88955003372e-06, 4.82955920234e-06, 3.71993610315e-06, 5.78471917834e-06, 3.84201666748e-06, 3.55335419044e-06, 2.47751427196e-06, 1.99663804779e-06, 1.58167995323e-06, 1.0226744962e-06, 7.53179563162e-07, 5.25403606844e-07, 4.33396110111e-07, 2.67561063083e-07, 2.00968145236e-07, 1.45448566968e-07, 1.13744782482e-07, 4.22430019853e-08, 3.45624187048e-08, 3.04100886694e-08, 2.69013185061e-08], "dmean2": [0.00718934182078, 0.00454069487751, 0.000840114371385, 0.000785341486335, 0.00080925761722, 0.000691971799824, 0.000244181952439, 0.000206238328246, 0.00027481635334, 0.000347985100234, 0.000148209059262, 9.6647097962e-05, 9.48473825702e-05, 5.35371291335e-05, 6.46708358545e-05, 7.56604713388e-05, 2.63579568127e-05, 1.62968171935e-05, 1.95512220671e-05, 1.30543321575e-05, 7.67497476772e-06, 5.78055778533e-06, 1.00806128103e-05, 6.40268626739e-06, 5.39570646652e-06, 3.49437323166e-06, 2.96583039017e-06, 2.51893357017e-06, 1.52949849053e-06, 1.09835514195e-06, 7.43972861983e-07, 6.01545934842e-07, 3.85141277093e-07, 3.11847912826e-07, 2.1460154187e-07, 1.78581530008e-07, 6.90540389314e-08, 5.7223353167e-08, 5.03383397188e-08, 4.45152146256e-08], "dvar": [4.15645081375e-05, 2.25050571316e-05, 5.46250532807e-07, 1.08585038561e-06, 2.38067696046e-06, 1.78745290214e-06, 1.97113635636e-07, 2.14314582081e-07, 3.53579110879e-07, 4.18617759124e-07, 1.2038393038e-07, 6.96467168382e-08, 4.55368684982e-08, 1.05751842838e-08, 2.71989613054e-08, 4.69172327655e-08, 3.71047681469e-09, 6.33173458109e-10, 9.13251085866e-10, 5.02469732488e-10, 1.44644241029e-10, 8.57726459302e-11, 4.46449766045e-10, 2.15795339931e-10, 3.59246798975e-10, 1.94267338327e-10, 7.21772641654e-11, 2.91279639297e-11, 1.14734844889e-11, 4.07336707767e-12, 1.52587144309e-12, 8.88591175467e-13, 2.64107203989e-13, 1.32814305344e-13, 5.8543081949e-14, 6.13316431604e-14, 4.89257030004e-15, 3.69269476718e-15, 2.85472422543e-15, 2.23037306363e-15], "dvar2": [0.000105908453406, 5.7341028878e-05, 1.44479554365e-06, 2.34060507864e-06, 5.45022248843e-06, 4.03910416935e-06, 4.58656103319e-07, 5.29563749296e-07, 7.63986122365e-07, 1.01280988929e-06, 2.66456368081e-07, 1.48359120544e-07, 1.06975292624e-07, 2.39106139333e-08, 5.92026339064e-08, 1.13914339295e-07, 9.2959338005e-09, 1.67289715414e-09, 2.28353314036e-09, 1.35105504562e-09, 3.44661632568e-10, 1.91547791517e-10, 1.24784971245e-09, 4.71724492801e-10, 7.01382507629e-10, 3.89784038379e-10, 1.54301529887e-10, 6.95021123986e-11, 2.28629684629e-11, 7.67502381094e-12, 2.82181309569e-12, 1.61449618865e-12, 5.15757846587e-13, 2.9990549974e-13, 1.2521166287e-13, 1.49815788031e-13, 1.18312494811e-14, 8.97790888399e-15, 6.9403050608e-15, 5.42131240616e-15], "max": [0.0762504115701, 0.0783030167222, 0.0155832516029, 0.0236496329308, 0.0464221909642, 0.0311568845063, 0.0150258159265, 0.0168102029711, 0.0182773023844, 0.0132219735533, 0.0119087230414, 0.0120657728985, 0.00908652786165, 0.0029989478644, 0.00829216931015, 0.0126407071948, 0.00280036451295, 0.000814568717033, 0.000941313221119, 0.000704209029209, 0.000364819221431, 0.00029766157968, 0.000388616201235, 0.000980823300779, 0.0013379129814, 0.00112949393224, 0.000485758035211, 0.000161318821483, 0.0001175941361, 7.29926105123e-05, 3.37421479344e-05, 2.59599601122e-05, 1.61181469593e-05, 7.13098916094e-06, 4.34412777395e-06, 3.15957026942e-06, 9.7640236163e-07, 8.49858452057e-07, 7.47178034999e-07, 6.60332091229e-07], "mean": [0.0067997998558, 0.00334540754557, 0.000709949061275, 0.000818093598355, 0.000803493952844, 0.000708105042577, 0.000240192443016, 0.000196631255676, 0.000265906186542, 0.000339464109857, 0.000131720240461, 8.08071199572e-05, 8.88411741471e-05, 5.34032660653e-05, 6.31111834082e-05, 7.31296677259e-05, 2.26409047173e-05, 1.33659113999e-05, 1.81857376447e-05, 9.63650290942e-06, 7.00674354448e-06, 6.18698504695e-06, 6.47290698907e-06, 4.92614435643e-06, 4.84806651002e-06, 3.68840187548e-06, 2.82259384221e-06, 2.11766791836e-06, 1.51180108787e-06, 1.16139574402e-06, 8.44067869821e-07, 6.76921558806e-07, 4.42314444626e-07, 2.9500341725e-07, 2.05251595276e-07, 1.37501984909e-07, 4.53011637092e-08, 3.33239320582e-08, 2.93554602848e-08, 2.60290953236e-08], "median": [0.00396622205153, 0.0018923485186, 0.000432109023677, 0.000312657095492, 0.000221461814363, 0.000132513203425, 6.85360719217e-05, 5.00461246702e-05, 4.59947477793e-05, 4.27009254054e-05, 2.27059317695e-05, 1.81648720172e-05, 1.41768396134e-05, 1.1690667634e-05, 1.22958663269e-05, 9.7070414995e-06, 5.73693978367e-06, 4.55902727481e-06, 5.7634906625e-06, 2.86212662104e-06, 2.05187916436e-06, 1.4112209783e-06, 1.14063902856e-06, 1.30819330479e-06, 1.06368031538e-06, 6.8011837584e-07, 6.2570359205e-07, 5.02911575495e-07, 3.85327155072e-07, 3.14209302132e-07, 2.53998990729e-07, 2.04276844329e-07, 1.63240741813e-07, 1.21618398907e-07, 8.12728515598e-08, 5.17093639019e-08, 1.95945428771e-08, 1.02475201658e-08, 9.07531916283e-09, 8.089884318e-09], "min": [7.15514097368e-25, 1.15845722767e-24, 2.14310118223e-24, 1.4986191776e-24, 1.50608594328e-24, 2.1735269557e-24, 1.82676342328e-24, 1.60380007285e-24, 1.9796263257e-24, 2.07278981253e-24, 2.78729722477e-24, 2.31089150234e-24, 2.63326858316e-24, 2.96939235411e-24, 1.48940981818e-24, 3.07561602487e-24, 4.04950031111e-24, 4.21089494143e-24, 4.32096864784e-24, 3.61424788437e-24, 4.49333002246e-24, 4.73935325627e-24, 4.08391594582e-24, 4.20970494475e-24, 4.20113949304e-24, 5.32247923741e-24, 3.86327707266e-24, 5.2806964307e-24, 4.78076687607e-24, 6.21875381006e-24, 4.3996441125e-24, 5.29537161012e-24, 5.89258546374e-24, 6.06187067526e-24, 6.70887387934e-24, 6.72354905876e-24, 5.87037587381e-24, 6.84953803393e-24, 6.14638647163e-24, 4.69741109966e-24], "var": [6.79888980812e-05, 2.42345868173e-05, 8.8739830062e-07, 2.2303552214e-06, 3.59332693733e-06, 3.50129812432e-06, 3.40652462683e-07, 3.09485017169e-07, 6.56084864659e-07, 8.45111969738e-07, 1.82700716778e-07, 1.01483465187e-07, 9.49325951183e-08, 2.3236358615e-08, 6.07800245689e-08, 1.24709785609e-07, 6.78729472625e-09, 8.92466933688e-10, 1.32138455733e-09, 4.70840422206e-10, 2.17642320832e-10, 1.73793993086e-10, 3.99450333921e-10, 2.84278905971e-10, 5.35841315763e-10, 2.79934991854e-10, 1.08578770974e-10, 4.00542689294e-11, 2.26669221587e-11, 8.75103461917e-12, 3.47954130786e-12, 2.00773664187e-12, 6.13022219792e-13, 2.22176091543e-13, 9.52090308177e-14, 6.15698694828e-14, 5.50795921798e-15, 3.91784713599e-15, 3.0305199844e-15, 2.37070800003e-15]}, "melbands_crest": {"dmean": 4.51477527618, "dmean2": 7.46323490143, "dvar": 14.9345979691, "dvar2": 39.2082901001, "max": 37.9265403748, "mean": 19.3535766602, "median": 18.8564395905, "min": 1.00027704239, "var": 45.5254020691}, "melbands_flatness_db": {"dmean": 0.0451772361994, "dmean2": 0.0716180577874, "dvar": 0.00152140972205, "dvar2": 0.00377736636437, "max": 0.723083436489, "mean": 0.318961232901, "median": 0.31618732214, "min": -2.41601952666e-07, "var": 0.00544078461826}, "melbands_kurtosis": {"dmean": 19.6921710968, "dmean2": 32.1190032959, "dvar": 1486.64855957, "dvar2": 3692.59741211, "max": 1005.60943604, "mean": 32.0504302979, "median": 12.0161781311, "min": -1.89560425282, "var": 3549.18920898}, "melbands_skewness": {"dmean": 1.29004573822, "dmean2": 2.04452705383, "dvar": 1.96801578999, "dvar2": 4.78047895432, "max": 24.8145751953, "mean": 3.53436231613, "median": 2.81137156487, "min": -1.99857032299, "var": 8.45873069763}, "melbands_spread": {"dmean": 4.48736810684, "dmean2": 7.24348974228, "dvar": 52.8055419922, "dvar2": 121.24005127, "max": 175.579544067, "mean": 11.2809076309, "median": 7.7126288414, "min": 0.172903969884, "var": 213.91468811}, "mfcc": {"cov": [[9293.484375, 1028.77709961, -973.201721191, 440.295135498, -352.608123779, 210.268890381, -128.201644897, 156.671310425, -2.56970310211, 69.7932357788, 0.720906257629, 25.5648403168, 61.4625358582], [1028.77709961, 1403.40759277, 140.475204468, -277.259399414, -117.016815186, -70.2685470581, 5.91908073425, -99.8946914673, -69.6977615356, -14.9277572632, 33.5378646851, 4.81396102905, -50.372718811], [-973.201721191, 140.475204468, 822.076660156, -170.132843018, 88.637512207, -132.766174316, 13.2328224182, -76.5326156616, -23.6544914246, -8.92761421204, 0.145913571119, -6.12959766388, -46.0565299988], [440.295135498, -277.259399414, -170.132843018, 617.046325684, 37.3012161255, 131.493392944, -81.0581665039, 105.796539307, 49.928276062, 44.0391693115, -4.67860364914, -29.3805427551, 50.2979202271], [-352.608123779, -117.016815186, 88.637512207, 37.3012161255, 252.274841309, 53.6880187988, 80.1204605103, -2.39048981667, 41.3979568481, -1.45328497887, 0.664000630379, 10.107049942, 12.9244947433], [210.268890381, -70.2685470581, -132.766174316, 131.493392944, 53.6880187988, 243.797744751, 64.5988540649, 91.0892028809, -7.29549455643, -6.41256761551, -23.7577610016, -1.74276101589, 31.9944000244], [-128.201644897, 5.91908073425, 13.2328224182, -81.0581665039, 80.1204605103, 64.5988540649, 168.854110718, 40.9969749451, 13.8401174545, -33.1016960144, -9.28397655487, 9.11982917786, -1.11369931698], [156.671310425, -99.8946914673, -76.5326156616, 105.796539307, -2.39048981667, 91.0892028809, 40.9969749451, 138.815155029, 42.0288925171, 7.6108417511, -10.1863222122, -5.55395078659, 14.575963974], [-2.56970310211, -69.6977615356, -23.6544914246, 49.928276062, 41.3979568481, -7.29549455643, 13.8401174545, 42.0288925171, 103.708877563, 51.5268249512, 11.8001375198, -3.90308260918, 3.47177743912], [69.7932357788, -14.9277572632, -8.92761421204, 44.0391693115, -1.45328497887, -6.41256761551, -33.1016960144, 7.6108417511, 51.5268249512, 103.893203735, 42.444984436, 6.91942548752, -2.42611074448], [0.720906257629, 33.5378646851, 0.145913571119, -4.67860364914, 0.664000630379, -23.7577610016, -9.28397655487, -10.1863222122, 11.8001375198, 42.444984436, 80.2059402466, 36.2943305969, -4.56667518616], [25.5648403168, 4.81396102905, -6.12959766388, -29.3805427551, 10.107049942, -1.74276101589, 9.11982917786, -5.55395078659, -3.90308260918, 6.91942548752, 36.2943305969, 63.1598205566, 24.980386734], [61.4625358582, -50.372718811, -46.0565299988, 50.2979202271, 12.9244947433, 31.9944000244, -1.11369931698, 14.575963974, 3.47177743912, -2.42611074448, -4.56667518616, 24.980386734, 67.9641265869]], "icov": [[0.000155682166223, -0.000158495196956, 0.0001643680298, -0.000129565902171, 9.76072260528e-05, 4.14452131281e-07, 2.94222045341e-05, -0.000107509120426, 2.22335002036e-05, -0.000127709063236, 0.000236103544012, -0.000269849930191, 6.31484799669e-05], [-0.000158495196956, 0.00102614425123, -0.000300766609143, 0.0003818924597, 0.00042490742635, -0.00030254147714, -0.000228759701713, 0.000677627453115, -4.5900742407e-06, 0.000226960022701, -0.000805238669273, 0.000556785613298, 7.95594896772e-05], [0.0001643680298, -0.000300766609143, 0.00177402247209, 6.02403924859e-05, -0.00101733219344, 0.0011473800987, 1.65093824762e-05, -0.000571545853745, 0.00116989959497, -0.000798896013293, 0.000798995606601, -0.000245253992034, 0.000617765297648], [-0.000129565902171, 0.0003818924597, 6.02403924859e-05, 0.00309101142921, -0.000996818416752, -0.00116972683463, 0.00253217900172, -0.0016231284244, -0.000401776662329, 0.000335432414431, -0.00166536029428, 0.00268678995781, -0.0017836362822], [9.76072260528e-05, 0.00042490742635, -0.00101733219344, -0.000996818416752, 0.00717553403229, -0.0024378313683, -0.00316755473614, 0.0042915227823, -0.00451750308275, 0.00145548465662, -0.000471407518489, -0.00107710203156, -0.000267313647782], [4.14452131281e-07, -0.00030254147714, 0.0011473800987, -0.00116972683463, -0.0024378313683, 0.00904634874314, -0.00279264524579, -0.00518077565357, 0.00628864113241, -0.00369194126688, 0.00268231262453, 6.51280206512e-05, -0.00160781503655], [2.94222045341e-05, -0.000228759701713, 1.65093824762e-05, 0.00253217900172, -0.00316755473614, -0.00279264524579, 0.0116814533249, -0.00350650004111, -0.00262350728735, 0.00450648507103, -0.00116627977695, -0.000899184320588, 0.00134852214251], [-0.000107509120426, 0.000677627453115, -0.000571545853745, -0.0016231284244, 0.0042915227823, -0.00518077565357, -0.00350650004111, 0.0154485590756, -0.0079551152885, 0.00237425439991, -0.000205617689062, -0.000554148689844, 0.000346476328559], [2.22335002036e-05, -4.5900742407e-06, 0.00116989959497, -0.000401776662329, -0.00451750308275, 0.00628864113241, -0.00262350728735, -0.0079551152885, 0.021502122283, -0.0114712286741, 0.00229353713803, 0.00239648995921, -0.00160619057715], [-0.000127709063236, 0.000226960022701, -0.000798896013293, 0.000335432414431, 0.00145548465662, -0.00369194126688, 0.00450648507103, 0.00237425439991, -0.0114712286741, 0.0204216241837, -0.0105084385723, 0.00231932313181, 0.000276356207905], [0.000236103544012, -0.000805238669273, 0.000798995606601, -0.00166536029428, -0.000471407518489, 0.00268231262453, -0.00116627977695, -0.000205617689062, 0.00229353713803, -0.0105084385723, 0.026995036751, -0.0176694504917, 0.00763154728338], [-0.000269849930191, 0.000556785613298, -0.000245253992034, 0.00268678995781, -0.00107710203156, 6.51280206512e-05, -0.000899184320588, -0.000554148689844, 0.00239648995921, 0.00231932313181, -0.0176694504917, 0.0332263186574, -0.0146589102224], [6.31484799669e-05, 7.95594896772e-05, 0.000617765297648, -0.0017836362822, -0.000267313647782, -0.00160781503655, 0.00134852214251, 0.000346476328559, -0.00160619057715, 0.000276356207905, 0.00763154728338, -0.0146589102224, 0.023202272132]], "mean": [-712.733764648, 169.47013855, 4.21308374405, 35.3118400574, 0.537274956703, 19.9475250244, 2.92905664444, 9.23878860474, 1.97944092751, 5.97612953186, 4.64159440994, 1.00446856022, 2.80968666077]}, "pitch_salience": {"dmean": 0.0945717468858, "dmean2": 0.156501144171, "dvar": 0.00671252747998, "dvar2": 0.0177116915584, "max": 0.996092915535, "mean": 0.464691400528, "median": 0.477334976196, "min": 0.0630955249071, "var": 0.0165885686874}, "silence_rate_20dB": {"dmean": 0, "dmean2": 0, "dvar": 0, "dvar2": 0, "max": 1, "mean": 1, "median": 1, "min": 1, "var": 0}, "silence_rate_30dB": {"dmean": 0.0759404450655, "dmean2": 0.151894271374, "dvar": 0.0701636373997, "dvar2": 0.162652567029, "max": 1, "mean": 0.911205053329, "median": 1, "min": 0, "var": 0.0809047669172}, "silence_rate_60dB": {"dmean": 0.0137432822958, "dmean2": 0.0274889860302, "dvar": 0.0135543104261, "dvar2": 0.0309672597796, "max": 1, "mean": 0.0669485554099, "median": 0, "min": 0, "var": 0.0624684877694}, "spectral_centroid": {"dmean": 198.518325806, "dmean2": 304.765960693, "dvar": 79827.765625, "dvar2": 158368.859375, "max": 11696.9765625, "mean": 842.291503906, "median": 627.43347168, "min": 119.529899597, "var": 795694.1875}, "spectral_complexity": {"dmean": 3.19407987595, "dmean2": 4.57374429703, "dvar": 19.0688323975, "dvar2": 31.9009742737, "max": 56, "mean": 12.2270965576, "median": 11, "min": 0, "var": 71.9022216797}, "spectral_contrast_coeffs": {"dmean": [0.0549007430673, 0.0506770275533, 0.0432617254555, 0.0341036021709, 0.0242520477623, 0.0481215901673], "dmean2": [0.0907829925418, 0.0815537273884, 0.069292396307, 0.0542057268322, 0.0393611863256, 0.0760256573558], "dvar": [0.00194244086742, 0.00164321367629, 0.00130070536397, 0.000781508511864, 0.000458223745227, 0.0021710912697], "dvar2": [0.00500605395064, 0.00406890967861, 0.00322215002961, 0.00189859350212, 0.00111827778164, 0.00506051816046], "max": [-0.306975096464, -0.360686600208, -0.460927963257, -0.534810781479, -0.62373059988, -0.417068511248], "mean": [-0.702750682831, -0.760510027409, -0.788418769836, -0.811108350754, -0.84513604641, -0.762788116932], "median": [-0.708207368851, -0.774217307568, -0.799345910549, -0.813872754574, -0.841304540634, -0.780263245106], "min": [-0.978796064854, -0.996561527252, -0.998853743076, -0.987689077854, -0.988395273685, -0.965577363968], "var": [0.0069249086082, 0.00751350214705, 0.00599409313872, 0.00375042227097, 0.00177636556327, 0.00695079565048]}, "spectral_contrast_valleys": {"dmean": [0.437008976936, 0.434323608875, 0.414199024439, 0.417086422443, 0.43049710989, 0.766440093517], "dmean2": [0.698604226112, 0.673248827457, 0.638223946095, 0.633181929588, 0.637390911579, 1.2388240099], "dvar": [0.149945572019, 0.16088655591, 0.159558787942, 0.189384922385, 0.214361354709, 0.427796632051], "dvar2": [0.325702369213, 0.34656265378, 0.341344714165, 0.412647306919, 0.443224042654, 1.08048450947], "max": [-4.73627662659, -4.46867418289, -5.2078795433, -5.39832305908, -5.3185095787, -8.92052650452], "mean": [-6.85468435287, -6.90287923813, -7.5612206459, -8.10401535034, -8.27995967865, -11.4202251434], "median": [-6.53414726257, -6.62082290649, -7.30186462402, -7.8339471817, -8.04827308655, -11.1728305817], "min": [-28.28008461, -27.9880523682, -27.9616584778, -27.614616394, -27.6042575836, -27.4303302765], "var": [3.27541995049, 3.30861449242, 3.10774946213, 3.0437233448, 3.16410279274, 2.70054841042]}, "spectral_decrease": {"dmean": 5.8083013954e-09, "dmean2": 9.16603770662e-09, "dvar": 5.7806411995e-17, "dvar2": 1.38045697505e-16, "max": 9.05264881432e-28, "mean": -1.23652172945e-08, "median": -1.00510764156e-08, "min": -9.19776752539e-08, "var": 1.13103475649e-16}, "spectral_energy": {"dmean": 0.0224218163639, "dmean2": 0.0352513194084, "dvar": 0.000851984426845, "dvar2": 0.00202115392312, "max": 0.3511300385, "mean": 0.0501646511257, "median": 0.0411791242659, "min": 1.0016656386e-20, "var": 0.00174845010042}, "spectral_energyband_high": {"dmean": 0.000110643108201, "dmean2": 0.00015254347818, "dvar": 6.41372466248e-08, "dvar2": 1.17614042949e-07, "max": 0.00932363793254, "mean": 0.000205931064556, "median": 8.55466641951e-05, "min": 7.02588067595e-21, "var": 1.53006595838e-07}, "spectral_energyband_low": {"dmean": 0.0181457065046, "dmean2": 0.0299018938094, "dvar": 0.000670387526043, "dvar2": 0.00167602708098, "max": 0.331405460835, "mean": 0.0297989211977, "median": 0.0211089272052, "min": 1.49362639805e-23, "var": 0.00103746913373}, "spectral_energyband_middle_high": {"dmean": 0.00167854723986, "dmean2": 0.00254456303082, "dvar": 1.52362754307e-05, "dvar2": 3.50010195689e-05, "max": 0.103339016438, "mean": 0.0032811043784, "median": 0.00120121310465, "min": 1.17551139701e-21, "var": 3.98431366193e-05}, "spectral_energyband_middle_low": {"dmean": 0.00613044621423, "dmean2": 0.0091535160318, "dvar": 0.000116661809443, "dvar2": 0.000253128702752, "max": 0.212624013424, "mean": 0.013256188482, "median": 0.00713701127097, "min": 1.81499299538e-22, "var": 0.000289772928227}, "spectral_entropy": {"dmean": 0.284179329872, "dmean2": 0.433641940355, "dvar": 0.0770222246647, "dvar2": 0.167613714933, "max": 9.82180309296, "mean": 7.19228696823, "median": 7.2459602356, "min": 4.33861255646, "var": 0.314394086599}, "spectral_flux": {"dmean": 0.0399786196649, "dmean2": 0.066130310297, "dvar": 0.001964941388, "dvar2": 0.00479948660359, "max": 0.43456608057, "mean": 0.111755587161, "median": 0.102762423456, "min": 6.42391972949e-11, "var": 0.00408350024372}, "spectral_kurtosis": {"dmean": 5.41472578049, "dmean2": 8.51265716553, "dvar": 62.0177574158, "dvar2": 154.040054321, "max": 124.181663513, "mean": 15.7286367416, "median": 12.603556633, "min": -1.27318751812, "var": 123.541801453}, "spectral_rms": {"dmean": 0.00149617379066, "dmean2": 0.0022760394495, "dvar": 2.50119319389e-06, "dvar2": 5.49159858565e-06, "max": 0.0185085348785, "mean": 0.00633014785126, "median": 0.00633835606277, "min": 3.12607535344e-12, "var": 8.87056648935e-06}, "spectral_rolloff": {"dmean": 793.969604492, "dmean2": 1485.03100586, "dvar": 10249550, "dvar2": 26872410, "max": 21985.4003906, "mean": 1132.92700195, "median": 366.064453125, "min": 21.533203125, "var": 10975784}, "spectral_skewness": {"dmean": 0.444675773382, "dmean2": 0.667042374611, "dvar": 0.278573721647, "dvar2": 0.647476315498, "max": 9.47781085968, "mean": 2.70520615578, "median": 2.54150247574, "min": -0.0777035281062, "var": 0.94603985548}, "spectral_spread": {"dmean": 610838.375, "dmean2": 966945.9375, "dvar": 475334049792, "dvar2": 1088848068610.0, "max": 43420684, "mean": 3917700, "median": 3683243.75, "min": 1021372.9375, "var": 7648761610240.0}, "spectral_strongpeak": {"dmean": 0.466588318348, "dmean2": 