{"lowlevel": {"average_loudness": 0.917855978012, "barkbands": {"dmean": [1.64700450114e-05, 0.00249719363637, 0.00129916728474, 0.00197918340564, 0.00131143885665, 0.000425223493949, 0.000211452308577, 0.000231323734624, 0.000558645231649, 0.000409220490837, 0.000365091720596, 0.00037130722194, 0.000266620772891, 0.000394945120206, 0.000291070318781, 0.000265761802439, 0.000249263714068, 0.000269767682767, 0.000205910226214, 0.000214362007682, 0.000250520766713, 0.000163116696058, 0.000178545480594, 0.000322624458931, 0.000236850522924, 0.000151993444888, 7.96092208475e-05], "dmean2": [2.74044268735e-05, 0.00416127219796, 0.00212977686897, 0.00336207589135, 0.00213101156987, 0.000682701414917, 0.000335702003213, 0.000367921427824, 0.000899645150639, 0.000647779088467, 0.000581894710194, 0.000606398563832, 0.000426864047768, 0.000636397919152, 0.000461919553345, 0.000422096374677, 0.000394310598494, 0.000418915355112, 0.000311780895572, 0.000319283339195, 0.00036302121589, 0.00022491083655, 0.000249708129559, 0.000463914766442, 0.000344333035173, 0.000231283600442, 0.000127025079564], "dvar": [1.35731437201e-09, 5.6770597439e-05, 1.24134076032e-05, 5.81801323278e-05, 9.22839717532e-06, 5.42488919564e-07, 1.7527223406e-07, 3.54275528025e-07, 1.50703169766e-06, 2.41305497184e-06, 1.37363508657e-06, 9.08958440959e-07, 5.4035717767e-07, 8.28439340239e-07, 5.89084322655e-07, 3.94210161403e-07, 3.66993361922e-07, 2.9583307537e-07, 2.28750593578e-07, 1.24772540744e-07, 1.71919921854e-07, 1.04382863242e-07, 1.24364660792e-07, 4.6209012794e-07, 3.32819070081e-07, 1.12973346234e-07, 3.80735301064e-08], "dvar2": [3.61120910952e-09, 0.000141823635204, 3.25547553075e-05, 0.000150933774421, 2.36768391915e-05, 1.35476579999e-06, 4.30668137597e-07, 8.71732424912e-07, 3.70671409655e-06, 5.78281969865e-06, 3.29796648657e-06, 2.36483265326e-06, 1.41876921589e-06, 2.07688663068e-06, 1.45145577335e-06, 9.43068641845e-07, 8.92597142865e-07, 7.02991599155e-07, 5.09853805397e-07, 2.78490972505e-07, 3.57856464461e-07, 2.01665898203e-07, 2.49919935413e-07, 9.27518897242e-07, 6.69043743073e-07, 2.44376053615e-07, 8.74437873222e-08], "max": [0.000749549188185, 0.059156678617, 0.045019544661, 0.0823837965727, 0.0476397201419, 0.0190216042101, 0.0124043058604, 0.0209223665297, 0.0304147601128, 0.0354382246733, 0.0374998301268, 0.0236145555973, 0.0250128731132, 0.0162497851998, 0.0335074029863, 0.0150407394394, 0.0158964078873, 0.015921106562, 0.0145167931914, 0.0064959176816, 0.0101451585069, 0.00695950398222, 0.00937953963876, 0.0216948203743, 0.0236842893064, 0.0110671110451, 0.00428026914597], "mean": [2.55024533544e-05, 0.00232913065702, 0.00152140506543, 0.00166066177189, 0.0018635353772, 0.000672878930345, 0.000333268806571, 0.000346685294062, 0.000810872297734, 0.000517161155585, 0.000493471394293, 0.000562938861549, 0.000388816726627, 0.000574968231376, 0.000451311963843, 0.000426237995271, 0.000449317944003, 0.000517304812092, 0.000403247424401, 0.000438854302047, 0.000470280530863, 0.00022805055778, 0.000266153190751, 0.000470726954518, 0.000334201322403, 0.000176687768544, 7.5177900726e-05], "median": [1.38555751619e-05, 0.000487024721224, 0.000568845600355, 0.000281698885374, 0.000858212821186, 0.000386457599234, 0.000179111244506, 0.000162550655659, 0.000352885806933, 9.35484276852e-05, 0.000116669107229, 0.000221236987272, 0.000133403256768, 0.000223939205171, 0.000181373558007, 0.000175121807843, 0.000139505194966, 0.000209908059333, 0.000145464640809, 0.000190820079297, 0.000206649507163, 7.12567562005e-05, 8.90213850653e-05, 0.000142101504025, 8.5523854068e-05, 3.26170556946e-05, 4.196104328e-06], "min": [4.06349450635e-25, 1.71969271312e-24, 2.88195698353e-24, 1.63950322717e-24, 5.15144906556e-24, 6.42759960713e-24, 3.43980588911e-24, 7.44893900441e-24, 1.43822217232e-23, 1.35500712869e-23, 1.10157380886e-23, 2.0305973898e-23, 2.12762649228e-23, 4.03096184318e-23, 4.23726032949e-23, 5.11940245903e-23, 7.25457125043e-23, 1.06156772202e-22, 1.30575627046e-22, 1.88427202225e-22, 2.29511141278e-22, 2.92427430661e-22, 3.68098578517e-22, 6.12951183757e-22, 9.19659647375e-22, 1.22816792555e-21, 1.81895926179e-21], "var": [1.45953327202e-09, 4.78203182865e-05, 1.0751687114e-05, 4.37407143181e-05, 1.04929167719e-05, 9.21048069813e-07, 2.62162842546e-07, 5.17052626492e-07, 2.41996826844e-06, 3.34884316544e-06, 2.04445996133e-06, 1.50323330672e-06, 9.43649467899e-07, 1.31270303427e-06, 9.01855457869e-07, 6.99915176483e-07, 9.23598236113e-07, 7.54082066123e-07, 6.05785828611e-07, 3.57785864935e-07, 4.49759198773e-07, 1.8622888831e-07, 2.60054150658e-07, 1.05595506739e-06, 6.88532736604e-07, 1.79423707891e-07, 4.44724932436e-08]}, "barkbands_crest": {"dmean": 2.47030711174, "dmean2": 4.01653289795, "dvar": 6.4268078804, "dvar2": 16.0958404541, "max": 24.0884399414, "mean": 7.17410516739, "median": 6.22231197357, "min": 1.8600012064, "var": 12.0503091812}, "barkbands_flatness_db": {"dmean": 0.0188052002341, "dmean2": 0.0283648315817, "dvar": 0.000298510421999, "dvar2": 0.000687141495291, "max": 0.243861168623, "mean": 0.0724480450153, "median": 0.0674950927496, "min": 0.0111141102389, "var": 0.000940784113482}, "barkbands_kurtosis": {"dmean": 1.44010138512, "dmean2": 2.32170462608, "dvar": 6.59430360794, "dvar2": 15.9812669754, "max": 64.9351272583, "mean": 0.473609924316, "median": -0.470617294312, "min": -1.92894673347, "var": 9.3550453186}, "barkbands_skewness": {"dmean": 0.528669893742, "dmean2": 0.777762830257, "dvar": 0.326912075281, "dvar2": 0.676514208317, "max": 7.34845209122, "mean": 0.617783367634, "median": 0.524043977261, "min": -5.19877338409, "var": 0.9944652915}, "barkbands_spread": {"dmean": 10.6044712067, "dmean2": 15.8381538391, "dvar": 114.489173889, "dvar2": 248.743759155, "max": 113.279129028, "mean": 39.8934631348, "median": 36.8367805481, "min": 2.93249201775, "var": 307.76348877}, "dissonance": {"dmean": 0.0125466482714, "dmean2": 0.0211569145322, "dvar": 0.00015228484699, "dvar2": 0.000426748010796, "max": 0.499999970198, "mean": 0.477598786354, "median": 0.481266260147, "min": 0.351813822985, "var": 0.000272695266176}, "dynamic_complexity": 4.20405387878, "erbbands": {"dmean": [0.0276886951178, 0.691598117352, 1.66857719421, 3.80611109734, 6.03162193298, 4.0573554039, 4.08075237274, 3.56870603561, 2.79038167, 3.78804564476, 6.19581747055, 10.1150140762, 15.191986084, 12.7114162445, 13.2164583206, 12.1784954071, 9.91573905945, 19.635427475, 12.1437797546, 14.9212265015, 14.4503068924, 13.597325325, 13.5592823029, 12.6998558044, 7.59798669815, 9.28070545197, 12.9112854004, 7.03577327728, 5.92730140686, 4.97106075287, 5.48277187347, 6.3081703186, 5.42855930328, 2.96711492538, 1.5991590023, 0.611471652985, 0.286049038172, 0.119804978371, 0.0116002922878, 0.000419840478571], "dmean2": [0.046542853117, 1.14699327946, 2.65530991554, 6.29848098755, 10.0933904648, 6.46261548996, 6.51633358002, 5.76197814941, 4.40360021591, 5.99792957306, 9.73708820343, 16.2182884216, 24.3587207794, 20.0080032349, 20.7751045227, 19.709186554, 15.7408485413, 31.7255115509, 18.9215240479, 23.1665306091, 22.8294849396, 21.2260150909, 20.8892230988, 19.0961017609, 11.2526893616, 13.4725017548, 18.8093605042, 9.88990974426, 8.18639945984, 6.9096121788, 7.78317499161, 9.12990188599, 7.86778354645, 4.31825685501, 2.37748837471, 0.915923416615, 0.443058878183, 0.189977809787, 0.0184801667929, 0.00066357688047], "dvar": [0.00624826038256, 4.31754922867, 19.8520431519, 166.035598755, 417.726196289, 75.5111083984, 104.51914978, 39.2668533325, 36.0758056641, 51.54454422, 244.094924927, 670.962768555, 1963.89758301, 1703.12426758, 1614.60742188, 1038.47216797, 834.612854004, 2181.10180664, 940.473571777, 1445.03515625, 1062.44250488, 997.41192627, 772.488830566, 770.032104492, 226.583129883, 214.085220337, 510.707489014, 155.273773193, 149.813659668, 87.7174682617, 124.480354309, 172.442092896, 145.195541382, 59.322265625, 13.9257793427, 2.05458283424, 0.387970507145, 0.0840275213122, 0.000776315806434, 9.96260723696e-07], "dvar2": [0.0156692583114, 10.7236032486, 48.1827316284, 420.957305908, 1086.54406738, 184.317489624, 222.317199707, 103.423713684, 87.120765686, 130.196533203, 567.504699707, 1700.87524414, 4697.22167969, 4063.02587891, 3796.96655273, 2613.29956055, 2277.6809082, 5724.86328125, 2037.41564941, 3403.55273438, 2664.82226562, 2429.20166016, 1904.12353516, 1679.59484863, 498.976287842, 455.036437988, 1062.91271973, 313.697509766, 290.344970703, 175.500457764, 257.432098389, 353.587280273, 296.137359619, 119.653663635, 29.3171730042, 4.48598957062, 0.859449088573, 0.191816046834, 0.00176489644218, 2.26341694542e-06], "max": [0.592727005482, 16.2823143005, 39.2223243713, 137.91166687, 239.594802856, 194.562530518, 326.627624512, 138.956237793, 212.07409668, 127.264907837, 623.058044434, 933.398376465, 1295.42626953, 1193.10021973, 1681.39318848, 915.703552246, 1263.7590332, 911.35333252, 920.657836914, 1231.71850586, 682.86529541, 1075.20446777, 866.659973145, 786.821899414, 523.924255371, 261.393341064, 695.149353027, 288.715820312, 267.66583252, 154.316604614, 277.816802979, 501.449829102, 409.363739014, 321.000701904, 131.539550781, 51.2994842529, 15.3830852509, 6.70846891403, 0.548368811607, 0.0205122381449], "mean": [0.0279633067548, 0.646886944771, 1.90416312218, 3.64293384552, 6.01061677933, 6.17331647873, 6.23405885696, 5.62438058853, 4.66868782043, 6.09600639343, 9.58319568634, 14.8330316544, 21.0024261475, 17.9671173096, 20.5110588074, 19.5675830841, 16.8713378906, 30.6908836365, 21.0846881866, 24.9337425232, 25.3763084412, 26.2034549713, 27.9189338684, 25.7022724152, 16.3603878021, 19.9904308319, 26.8433456421, 11.7900772095, 8.3132276535, 7.2680182457, 8.01332855225, 9.12017917633, 7.75792312622, 4.251080513, 2.14302682877, 0.788070082664, 0.314775019884, 0.116583175957, 0.0109792845324, 0.000422214681748], "median": [0.00965155661106, 0.129020631313, 0.62496638298, 0.918082594872, 1.68318080902, 2.76229286194, 2.75569629669, 3.23854923248, 2.61059045792, 3.42340612411, 4.56557941437, 6.322514534, 7.1297955513, 4.93513441086, 6.63665342331, 8.0481595993, 6.81088352203, 11.1642055511, 9.40777683258, 10.413438797, 10.728181839, 8.88450717926, 11.0915927887, 10.2370300293, 7.19527673721, 8.75303649902, 10.9990081787, 4.82765483856, 2.67763781548, 2.47677659988, 2.55595231056, 2.72883367538, 2.34265422821, 1.12684702873, 0.514442563057, 0.177969112992, 0.0514978244901, 0.0086984038353, 0.00069876643829, 5.32995472895e-05], "min": [5.41296473868e-23, 3.77385705425e-22, 3.01756295253e-21, 7.59138948719e-21, 1.70443537897e-20, 1.37211831437e-20, 5.32361389959e-20, 5.79885856519e-20, 6.62907389661e-20, 2.39624762578e-19, 3.43809117157e-19, 2.89256012922e-19, 5.52092859356e-19, 7.44474080128e-19, 6.63095637874e-19, 9.91477603963e-19, 1.55514845865e-18, 2.11733752267e-18, 2.96900309495e-18, 3.38510492836e-18, 3.94635379822e-18, 4.75266671187e-18, 6.0475038099e-18, 6.51171136581e-18, 7.16937206516e-18, 9.26991533986e-18, 9.26767533476e-18, 1.02461059223e-17, 1.08673276613e-17, 9.71989083974e-18, 1.19352558824e-17, 1.14694597262e-17, 1.15082784851e-17, 8.76062768134e-18, 6.81786745412e-18, 3.94309884251e-18, 2.38174580548e-18, 9.56912724694e-19, 2.35665333329e-19, 2.73987680531e-20], "var": [0.00517179211602, 3.68694067001, 19.0463829041, 133.950317383, 322.222625732, 121.665611267, 197.606872559, 60.4736595154, 55.1775894165, 75.466293335, 424.604370117, 1016.5133667, 2859.27148438, 2518.89624023, 2714.34619141, 1796.34606934, 1602.95019531, 3900.87719727, 1911.10791016, 2698.80957031, 2243.63500977, 2841.58642578, 2187.91235352, 2050.80126953, 699.434570312, 701.073730469, 1508.35217285, 329.07019043, 257.25390625, 167.571121216, 251.75553894, 376.066497803, 316.092681885, 120.346427917, 26.8649635315, 3.60129404068, 0.563624501228, 0.103318959475, 0.000909351394512, 1.22223138987e-06]}, "erbbands_crest": {"dmean": 2.27603626251, "dmean2": 3.74122476578, "dvar": 4.78910589218, "dvar2": 12.2659511566, "max": 26.546421051, "mean": 7.08074331284, "median": 6.35584211349, "min": 2.01232218742, "var": 10.5019292831}, "erbbands_flatness_db": {"dmean": 0.0206754598767, "dmean2": 0.028314942494, "dvar": 0.000322649313603, "dvar2": 0.000568169285543, "max": 0.318123877048, "mean": 0.119183443487, "median": 0.114385202527, "min": 0.0370677858591, "var": 0.0014955739025}, "erbbands_kurtosis": {"dmean": 0.831289052963, "dmean2": 1.31311500072, "dvar": 1.43796288967, "dvar2": 3.25703644753, "max": 28.8231105804, "mean": 0.205325499177, "median": -0.180398404598, "min": -1.77950787544, "var": 2.81220793724}, "erbbands_skewness": {"dmean": 0.351673007011, "dmean2": 0.524879395962, "dvar": 0.107517562807, "dvar2": 0.231286495924, "max": 3.54860520363, "mean": -0.184069573879, "median": -0.13463640213, "min": -4.80625295639, "var": 0.476773887873}, "erbbands_spread": {"dmean": 11.5928621292, "dmean2": 17.1344165802, "dvar": 145.811798096, "dvar2": 297.26940918, "max": 144.492401123, "mean": 44.6179199219, "median": 40.4800033569, "min": 6.7853345871, "var": 411.358886719}, "gfcc": {"cov": [[21628.9023438, 237.179916382, -789.014526367, 355.312805176, -514.296875, 205.557403564, -286.530731201, 104.953956604, -333.076660156, -15.0468616486, -324.043395996, -68.3115234375, -145.571182251], [237.179916382, 1084.27661133, -333.093017578, 93.1559448242, 60.9369888306, 43.3314361572, 35.9020881653, -17.6770572662, -21.091135025, -12.9754219055, 10.616941452, -60.2419166565, -6.49259757996], [-789.014526367, -333.093017578, 1033.76965332, 68.9507598877, 111.359855652, 68.7086791992, 6.52240276337, -38.7798347473, 133.143798828, -33.6752471924, -42.5316467285, 49.8658294678, -59.1880455017], [355.312805176, 93.1559448242, 68.9507598877, 348.214813232, 27.6132659912, -5.80539464951, -13.1130723953, 43.351978302, 23.2817173004, -14.8580732346, -23.6699008942, 4.78768157959, -1.82157385349], [-514.296875, 60.9369888306, 111.359855652, 27.6132659912, 219.231124878, 33.9897613525, 69.4679107666, 13.5229473114, 27.3309955597, 8.68562221527, 7.73948764801, 5.87198543549, -1.25024831295], [205.557403564, 43.3314361572, 68.7086791992, -5.80539464951, 33.9897613525, 214.676574707, 78.4698867798, -40.3779716492, 3.42783880234, 11.42507267, 1.99937105179, -25.3516235352, -38.6935806274], [-286.530731201, 35.9020881653, 6.52240276337, -13.1130723953, 69.4679107666, 78.4698867798, 170.430343628, 0.399792253971, 7.91913175583, 14.7594461441, 12.4946088791, -16.381526947, -9.83502483368], [104.953956604, -17.6770572662, -38.7798347473, 43.351978302, 13.5229473114, -40.3779716492, 0.399792253971, 132.407913208, 27.2634105682, 1.72823727131, -7.38857936859, 6.73593616486, 23.266582489], [-333.076660156, -21.091135025, 133.143798828, 23.2817173004, 27.3309955597, 3.42783880234, 7.91913175583, 27.2634105682, 108.959442139, 12.2431383133, -7.04104709625, 14.3049860001, -7.834897995], [-15.0468616486, -12.9754219055, -33.6752471924, -14.8580732346, 8.68562221527, 11.42507267, 14.7594461441, 1.72823727131, 12.2431383133, 71.6790924072, 37.4168281555, -4.50641584396, -0.341132432222], [-324.043395996, 10.616941452, -42.5316467285, -23.6699008942, 7.73948764801, 1.99937105179, 12.4946088791, -7.38857936859, -7.04104709625, 37.4168281555, 74.9151000977, 21.6566085815, 6.21209907532], [-68.3115234375, -60.2419166565, 49.8658294678, 4.78768157959, 5.87198543549, -25.3516235352, -16.381526947, 6.73593616486, 14.3049860001, -4.50641584396, 21.6566085815, 76.638053894, 24.6207904816], [-145.571182251, -6.49259757996, -59.1880455017, -1.82157385349, -1.25024831295, -38.6935806274, -9.83502483368, 23.266582489, -7.834897995, -0.341132432222, 6.21209907532, 24.6207904816, 64.3398895264]], "icov": [[6.82155077811e-05, -2.37759850279e-05, 4.15556132793e-05, -5.48886127945e-05, 0.000121029195725, -0.00013159782975, 8.69749565027e-05, -0.000141284050187, 0.000303095584968, -0.000340085331118, 0.000535220373422, -0.000321976636769, 0.000282850436633], [-2.37759850279e-05, 0.00124563870486, 0.000536897801794, -0.000417916191509, -0.000602581771091, -0.000181184877874, 7.43073687772e-05, 0.000540848763194, -0.000731641892344, 0.00115019432269, -0.000950522138737, 0.00111651723273, -0.000169393009855], [4.15556132793e-05, 0.000536897801794, 0.00172717182431, -0.000345816835761, -0.000785362557508, -0.00046209798893, 0.000328240479575, 0.00077999959467, -0.00161978160031, 0.000756939291023, 0.000746507605072, -0.00102536578197, 0.00132929498795], [-5.48886127945e-05, -0.000417916191509, -0.000345816835761, 0.00333979073912, -0.000287275353912, 3.91223002225e-05, 0.0002974877425, -0.00111617986113, -0.000142549513839, 0.000160436306032, 0.000538528081961, -0.000323034037137, 0.000132232584292], [0.000121029195725, -0.000602581771091, -0.000785362557508, -0.000287275353912, 0.00622819457203, -0.000221151960432, -0.0021687252447, -0.000968830368947, 0.000440920819528, -0.00127098406665, 0.000699855212588, -0.00108282628935, -0.000116977629659], [-0.00013159782975, -0.000181184877874, -0.00046209798893, 3.91223002225e-05, -0.000221151960432, 0.00691405590624, -0.00294809625484, 0.00169652572367, -0.000277173880022, -0.000298727652989, -0.000670385896228, 0.00116599991452, 0.00193280761596], [8.69749565027e-05, 7.43073687772e-05, 0.000328240479575, 0.0002974877425, -0.0021687252447, -0.00294809625484, 0.00844966433942, -0.000811066478491, -0.000162241645739, -0.000215505686356, -0.00080108793918, 0.0012617118191, -0.000141898039146], [-0.000141284050187, 0.000540848763194, 0.00077999959467, -0.00111617986113, -0.000968830368947, 0.00169652572367, -0.000811066478491, 0.0102455047891, -0.003898199182, 0.000871766009368, -0.000316601537634, 0.00137468311004, -0.0033721991349], [0.000303095584968, -0.000731641892344, -0.00161978160031, -0.000142549513839, 0.000440920819528, -0.000277173880022, -0.000162241645739, -0.003898199182, 0.0149095850065, -0.00670744432136, 0.00597529904917, -0.00504265353084, 0.00347732659429], [-0.000340085331118, 0.00115019432269, 0.000756939291023, 0.000160436306032, -0.00127098406665, -0.000298727652989, -0.000215505686356, 0.000871766009368, -0.00670744432136, 0.0246647596359, -0.0159453526139, 0.00806162972003, -0.00273645250127], [0.000535220373422, -0.000950522138737, 0.000746507605072, 0.000538528081961, 0.000699855212588, -0.000670385896228, -0.00080108793918, -0.000316601537634, 0.00597529904917, -0.0159453526139, 0.0282582025975, -0.0125789986923, 0.00414778431877], [-0.000321976636769, 0.00111651723273, -0.00102536578197, -0.000323034037137, -0.00108282628935, 0.00116599991452, 0.0012617118191, 0.00137468311004, -0.00504265353084, 0.00806162972003, -0.0125789986923, 0.0229061786085, -0.00931453891098], [0.000282850436633, -0.000169393009855, 0.00132929498795, 0.000132232584292, -0.000116977629659, 0.00193280761596, -0.000141898039146, -0.0033721991349, 0.00347732659429, -0.00273645250127, 0.00414778431877, -0.00931453891098, 0.0233226250857]], "mean": [-4.10264253616, 37.2189292908, -108.050926208, 29.0398292542, -54.5598754883, 14.126414299, -40.6280403137, 9.90946292877, -29.3642501831, 0.738370895386, -18.528470993, -3.41308474541, -10.6765699387]}, "hfc": {"dmean": 13.6594028473, "dmean2": 18.6307640076, "dvar": 461.057006836, "dvar2": 885.611206055, "max": 620.696899414, "mean": 29.382194519, "median": 17.4875240326, "min": 1.10096330015e-16, "var": 1250.73522949}, "melbands": {"dmean": [0.000484411400976, 0.000924584688619, 0.000774780346546, 0.000328215654008, 0.000153694389155, 7.81562193879e-05, 4.2211071559e-05, 4.31250409747e-05, 5.60343141842e-05, 7.14592897566e-05, 7.82936767791e-05, 5.28401251358e-05, 4.88689765916e-05, 4.36019618064e-05, 2.59801927314e-05, 3.10895775328e-05, 3.70443813154e-05, 2.04163170565e-05, 2.52598983934e-05, 1.71530755324e-05, 1.87142031791e-05, 1.555997369e-05, 1.28549500005e-05, 1.46739148477e-05, 1.11496465252e-05, 7.72462135501e-06, 5.06379547005e-06, 7.33328761271e-06, 9.51332458499e-06, 6.13489874013e-06, 3.83669430448e-06, 3.59877594747e-06, 2.95520680993e-06, 2.78246716334e-06, 3.20289154843e-06, 3.64320362678e-06, 4.09362064602e-06, 4.26104634244e-06, 2.83346776087e-06, 2.49531422014e-06], "dmean2": [0.000813627208117, 0.00148384366184, 0.00128735438921, 0.000536385457963, 0.000243869231781, 0.000125827733427, 6.66405612719e-05, 6.82159297867e-05, 8.8178589067e-05, 0.000115470029414, 0.000125714155729, 8.32735458971e-05, 7.67102683312e-05, 7.15819769539e-05, 4.11296714447e-05, 5.03082665091e-05, 5.99597296969e-05, 3.17644808092e-05, 4.03160920541e-05, 2.67840732704e-05, 2.99187595374e-05, 2.45847131737e-05, 1.99992082344e-05, 2.29202742048e-05, 1.70253060787e-05, 1.18500283861e-05, 7.8571611084e-06, 1.09977991087e-05, 1.41074524436e-05, 9.08644778974e-06, 5.4650590755e-06, 5.08563334733e-06, 4.22741595685e-06, 3.95576807932e-06, 4.64842696601e-06, 5.32923831997e-06, 6.04093520451e-06, 6.28568295724e-06, 4.11080281992e-06, 3.70822294826e-06], "dvar": [2.10583721127e-06, 6.46738862997e-06, 7.28141094442e-06, 7.37367713555e-07, 1.3312858016e-07, 1.81205290772e-08, 7.38327310401e-09, 7.23500503952e-09, 2.07126831242e-08, 2.84596133326e-08, 5.25346379732e-08, 3.21696340677e-08, 2.3188196252e-08, 1.45660745687e-08, 6.5595098242e-09, 5.76847369871e-09, 8.1189739376e-09, 3.31747362914e-09, 4.87317519671e-09, 2.31661601013e-09, 2.10328221506e-09, 1.54639068217e-09, 8.90677087639e-10, 8.75500727471e-10, 6.83519740807e-10, 3.69555719359e-10, 7.77932371299e-11, 1.49005363603e-10, 3.06350306234e-10, 1.26824453717e-10, 5.20227888545e-11, 6.02096844604e-11, 3.70063840682e-11, 2.78887607452e-11, 4.4673636318e-11, 6.12006695322e-11, 8.03151156692e-11, 9.74356359484e-11, 4.5864638476e-11, 4.70265562602e-11], "dvar2": [5.28623559148e-06, 1.54219160322e-05, 1.86331362784e-05, 1.88545459423e-06, 2.86105915848e-07, 4.7152969529e-08, 1.79156227631e-08, 1.85150348386e-08, 4.65498501967e-08, 7.32647933432e-08, 1.26221593177e-07, 7.66627579196e-08, 5.42218003829e-08, 3.89578573845e-08, 1.61392517128e-08, 1.52631010053e-08, 2.0996434813e-08, 6.86094692171e-09, 1.25204326906e-08, 5.1968909176e-09, 5.3034505676e-09, 3.7898186811e-09, 2.2409134548e-09, 2.05226968752e-09, 1.5155041666e-09, 8.47004966165e-10, 1.94148350174e-10, 3.34769989507e-10, 6.68486321853e-10, 2.88493617884e-10, 1.07805001037e-10, 1.20715437646e-10, 7.79726075373e-11, 5.82465603527e-11, 9.6879157474e-11, 1.32634916938e-10, 1.68824607072e-10, 2.08863190632e-10, 9.15802780832e-11, 9.92576368319e-11], "max": [0.0113285873085, 0.0186076685786, 0.0288125388324, 0.0113546997309, 0.0119875213131, 0.00327376648784, 0.00293616764247, 0.00246581737883, 0.00667667528614, 0.00603034580126, 0.00643041310832, 0.00541556207463, 0.00584555836394, 0.00315191340633, 0.00286754383706, 0.00213468098082, 0.00165783648845, 0.00184693059418, 0.00361581938341, 0.00153125403449, 0.00102460815106, 0.00123098667245, 0.000872301345225, 0.000868054223247, 0.000675245886669, 0.000808093114756, 0.000302113592625, 0.000246568379225, 0.000521575915627, 0.000220966656343, 0.000164467797731, 0.000138967065141, 0.000148329228978, 8.75591649674e-05, 0.000141811542562, 0.000275884667644, 0.000343913357938, 0.000355779688107, 0.000202312628971, 0.000297644612147], "mean": [0.000456110399682, 0.00100068969186, 0.000744839839172, 0.000418919778895, 0.000242292910116, 0.000124911719467, 7.17474977137e-05, 6.93458860042e-05, 8.28007905511e-05, 0.000103358957858, 0.000106039820821, 7.17596049071e-05, 7.03781333868e-05, 6.51905938867e-05, 3.92317997466e-05, 4.70284794574e-05, 5.55439764867e-05, 3.17782796628e-05, 3.82136604458e-05, 2.70975488093e-05, 3.01257441606e-05, 2.67603936663e-05, 2.36132054852e-05, 2.67546765826e-05, 2.04401385417e-05, 1.45526100823e-05, 9.70345990936e-06, 1.41710552271e-05, 1.89887668967e-05, 1.09280699689e-05, 5.45635793969e-06, 4.76584818898e-06, 4.14488386014e-06, 3.98745987695e-06, 4.4653711484e-06, 5.17213084095e-06, 5.73637544221e-06, 5.89206820223e-06, 4.08180221712e-06, 3.43553233506e-06], "median": [0.00011342210928, 0.000296511338092, 0.000198117617401, 0.000171744643012, 0.000110076623969, 7.30568790459e-05, 4.18323397753e-05, 3.8599173422e-05, 3.59805417247e-05, 4.35339279647e-05, 3.41758714058e-05, 1.6961750589e-05, 1.99102687475e-05, 2.18401182792e-05, 1.16814071589e-05, 1.73580228875e-05, 1.94065432879e-05, 1.23625832202e-05, 1.49065690493e-05, 1.01293135231e-05, 1.14555496111e-05, 8.14502345747e-06, 8.04945375421e-06, 1.10467626655e-05, 7.45464240026e-06, 5.20652611158e-06, 4.83370968141e-06, 5.76547790843e-06, 7.21512697055e-06, 4.38074857811e-06, 1.82316102837e-06, 1.34031563448e-06, 1.446366241e-06, 1.34551305564e-06, 1.40792383263e-06, 1.57773092724e-06, 1.64662833413e-06, 1.72487921191e-06, 1.17406125355e-06, 8.53936057865e-07], "min": [5.42479922998e-25, 1.03527462517e-24, 1.32295780059e-24, 1.42519466695e-24, 1.98004284426e-24, 1.11353840305e-24, 8.3473809724e-25, 2.59237817535e-24, 2.79265082931e-24, 1.90315257183e-24, 2.58037506503e-24, 2.83193768011e-24, 1.59212670639e-24, 2.56242769058e-24, 2.03301288189e-24, 1.83773845063e-24, 3.26491266541e-24, 2.49716088915e-24, 2.75389074038e-24, 3.66600268178e-24, 4.19179819664e-24, 3.75520825624e-24, 4.36887459289e-24, 4.63002817886e-24, 4.66969999378e-24, 4.28128618329e-24, 5.35134286907e-24, 5.37232223041e-24, 5.20193616349e-24, 5.52512537661e-24, 4.6408075687e-24, 5.78750406356e-24, 4.29519301219e-24, 5.31233014743e-24, 5.28319869749e-24, 6.4209664702e-24, 6.17265120104e-24, 6.47494782752e-24, 7.11212695231e-24, 7.00636279303e-24], "var": [1.74279784915e-06, 6.15870703768e-06, 5.72673616261e-06, 6.93518529715e-07, 2.56294185874e-07, 2.88342736354e-08, 1.14179217192e-08, 1.04214192831e-08, 3.79986673238e-08, 4.35342357719e-08, 7.63514407254e-08, 4.7115719326e-08, 3.69254813393e-08, 2.30065335671e-08, 1.41158622569e-08, 1.01470973846e-08, 1.39566385116e-08, 6.59746435261e-09, 7.00482427618e-09, 4.27961843741e-09, 4.15496304029e-09, 3.73668873621e-09, 2.09832862197e-09, 2.04756944733e-09, 1.59872226568e-09, 8.90937823517e-10, 1.79323542127e-10, 4.0541783819e-10, 8.2730539086e-10, 2.86811518979e-10, 9.27105822668e-11, 9.5651105092e-11, 6.02345118228e-11, 5.147841875e-11, 8.11205061457e-11, 1.18613105449e-10, 1.63642349671e-10, 1.93846813601e-10, 9.80958161922e-11, 8.70312849566e-11]}, "melbands_crest": {"dmean": 3.24426960945, "dmean2": 5.09350538254, "dvar": 10.3441677094, "dvar2": 22.7627544403, "max": 33.9480209351, "mean": 11.1679162979, "median": 10.0367937088, "min": 1.4693748951, "var": 25.2253055573}, "melbands_flatness_db": {"dmean": 0.0262458566576, "dmean2": 0.0386962555349, "dvar": 0.000716878043022, "dvar2": 0.00149551639333, "max": 0.32934230566, "mean": 0.119415320456, "median": 0.113130167127, "min": 0.00354898790829, "var": 0.00214566010982}, "melbands_kurtosis": {"dmean": 5.66941022873, "dmean2": 8.95830345154, "dvar": 123.121414185, "dvar2": 285.588317871, "max": 159.229858398, "mean": 7.09629058838, "median": 2.78669071198, "min": -1.92633426189, "var": 169.963317871}, "melbands_skewness": {"dmean": 0.772134363651, "dmean2": 1.1469091177, "dvar": 0.955893993378, "dvar2": 1.92446255684, "max": 11.3276672363, "mean": 2.00123381615, "median": 1.68472671509, "min": -2.14098119736, "var": 2.25956940651}, "melbands_spread": {"dmean": 15.8694067001, "dmean2": 23.70054245, "dvar": 376.485229492, "dvar2": 757.500061035, "max": 298.146362305, "mean": 50.0432510376, "median": 43.5682678223, "min": 2.09446692467, "var": 1079.89660645}, "mfcc": {"cov": [[11053.7412109, 551.518798828, -33.2705688477, 177.157623291, -14.7577571869, 61.5402069092, 134.084762573, 23.5467166901, 80.3597640991, 35.1322631836, -101.780029297, 2.33916449547, -140.666809082], [551.518798828, 868.966491699, -168.553588867, 7.37085866928, 22.3467788696, 56.1960830688, 58.3894958496, 1.31209516525, -13.6752157211, 29.0388317108, 17.5458946228, -22.9844722748, -21.1492767334], [-33.2705688477, -168.553588867, 690.6484375, 54.1855926514, 120.40234375, 116.378349304, -83.7439727783, 66.8230819702, 32.4075737, -27.327009201, 57.0326042175, -9.26187992096, 1.1121366024], [177.157623291, 7.37085866928, 54.1855926514, 316.864440918, 87.0970306396, -41.1594009399, -19.990272522, 35.2847366333, 49.4045600891, -13.7899627686, -19.7130050659, 34.3148193359, 14.1693897247], [-14.7577571869, 22.3467788696, 120.40234375, 87.0970306396, 176.526351929, 15.3532676697, -21.8509731293, 31.0192165375, 35.1889915466, -8.65322113037, 7.29469394684, 14.5784730911, 11.8517036438], [61.5402069092, 56.1960830688, 116.378349304, -41.1594009399, 15.3532676697, 245.779342651, 64.3994750977, 28.7779006958, -11.1836977005, 27.6414089203, 48.255859375, -26.2675590515, 8.65714931488], [134.084762573, 58.3894958496, -83.7439727783, -19.990272522, -21.8509731293, 64.3994750977, 157.448165894, 9.49893569946, -4.92933082581, 29.736448288, 5.29294109344, 4.78957223892, -5.86351728439], [23.5467166901, 1.31209516525, 66.8230819702, 35.2847366333, 31.0192165375, 28.7779006958, 9.49893569946, 101.660514832, 46.4874191284, -1.35144114494, 13.4451389313, -1.63153135777, 6.07221031189], [80.3597640991, -13.6752157211, 32.4075737, 49.4045600891, 35.1889915466, -11.1836977005, -4.92933082581, 46.4874191284, 98.4648284912, 23.2735843658, 2.66136717796, 5.29914522171, -2.13744711876], [35.1322631836, 29.0388317108, -27.327009201, -13.7899627686, -8.65322113037, 27.6414089203, 29.736448288, -1.35144114494, 23.2735843658, 89.7733078003, 28.5563850403, -9.25360584259, -2.79029035568], [-101.780029297, 17.5458946228, 57.0326042175, -19.7130050659, 7.29469394684, 48.255859375, 5.29294109344, 13.4451389313, 2.66136717796, 28.5563850403, 76.2351226807, 15.0066318512, 4.64326524734], [2.33916449547, -22.9844722748, -9.26187992096, 34.3148193359, 14.5784730911, -26.2675590515, 4.78957223892, -1.63153135777, 5.29914522171, -9.25360584259, 15.0066318512, 78.4498825073, 21.7206993103], [-140.666809082, -21.1492767334, 1.1121366024, 14.1693897247, 11.8517036438, 8.65714931488, -5.86351728439, 6.07221031189, -2.13744711876, -2.79029035568, 4.64326524734, 21.7206993103, 60.3357658386]], "icov": [[0.00010154863412, -6.73043177812e-05, -3.35094300681e-05, -4.87498473376e-05, 6.12258882029e-05, -6.64839390083e-05, -3.2677227864e-05, -2.89558283839e-06, -6.28020279692e-05, -6.90107553964e-05, 0.000246301176958, -0.000157964954269, 0.000252349302173], [-6.73043177812e-05, 0.0013849203242, 0.000543903093785, -0.000142866017995, -0.000557479157578, -0.000302412023302, -9.73007918219e-05, -0.000128659739858, 0.000359912461136, -4.30204818258e-06, -0.000720159849152, 0.000548043171875, 0.000379130651709], [-3.35094300681e-05, 0.000543903093785, 0.00243049534038, -0.000210189711652, -0.00117124174722, -0.00129315524828, 0.00138293765485, -0.00069280777825, -0.000115907678264, 0.000960733334068, -0.00157373782713, 0.000442675227532, 0.000738894334063], [-4.87498473376e-05, -0.000142866017995, -0.000210189711652, 0.00425159744918, -0.00154566951096, 0.000503553077579, 0.000123162491946, -0.00076709757559, -0.000998191186227, -0.000138088173117, 0.00161406700499, -0.00163524283562, -0.000415059999796], [6.12258882029e-05, -0.000557479157578, -0.00117124174722, -0.00154566951096, 0.00795208942145, -0.000467657548143, 0.000459362170659, -0.000180823990377, -0.00186763948295, 0.000585401547141, 0.000300431187497, -0.000926236330997, -0.000828941643704], [-6.64839390083e-05, -0.000302412023302, -0.00129315524828, 0.000503553077579, -0.000467657548143, 0.00706277554855, -0.00334769510664, -0.000782912014984, 0.00127964781132, -0.000279846019112, -0.00343613210134, 0.00339630665258, -0.00244932551868], [-3.2677227864e-05, -9.73007918219e-05, 0.00138293765485, 0.000123162491946, 0.000459362170659, -0.00334769510664, 0.00942798797041, -0.00214009126648, 0.00128903146833, -0.00293629080988, 0.00233088899404, -0.0032487383578, 0.00225703604519], [-2.89558283839e-06, -0.000128659739858, -0.00069280777825, -0.00076709757559, -0.000180823990377, -0.000782912014984, -0.00214009126648, 0.0153201296926, -0.00786724034697, 0.00421018199995, -0.00339899072424, 0.00274389539845, -0.00227109598927], [-6.28020279692e-05, 0.000359912461136, -0.000115907678264, -0.000998191186227, -0.00186763948295, 0.00127964781132, 0.00128903146833, -0.00786724034697, 0.0170694570988, -0.00676322123036, 0.00252218241803, -0.00195637252182, 0.00211869576015], [-6.90107553964e-05, -4.30204818258e-06, 0.000960733334068, -0.000138088173117, 0.000585401547141, -0.000279846019112, -0.00293629080988, 0.00421018199995, -0.00676322123036, 0.0175008196384, -0.00843428820372, 0.00476936716586, -0.00142971263267], [0.000246301176958, -0.000720159849152, -0.00157373782713, 0.00161406700499, 0.000300431187497, -0.00343613210134, 0.00233088899404, -0.00339899072424, 0.00252218241803, -0.00843428820372, 0.0224203635007, -0.00854391977191, 0.00202403380536], [-0.000157964954269, 0.000548043171875, 0.000442675227532, -0.00163524283562, -0.000926236330997, 0.00339630665258, -0.0032487383578, 0.00274389539845, -0.00195637252182, 0.00476936716586, -0.00854391977191, 0.0194849576801, -0.00690330099314], [0.000252349302173, 0.000379130651709, 0.000738894334063, -0.000415059999796, -0.000828941643704, -0.00244932551868, 0.00225703604519, -0.00227109598927, 0.00211869576015, -0.00142971263267, 0.00202403380536, -0.00690330099314, 0.0206795074046]], "mean": [-644.690551758, 76.3650054932, 2.7282333374, 16.3774642944, 7.72976779938, 0.404619395733, 4.26276111603, -0.0731791853905, -0.508582353592, 2.31401467323, -6.24582052231, 0.444956481457, -7.70691919327]}, "pitch_salience": {"dmean": 0.0686752721667, "dmean2": 0.111452691257, "dvar": 0.00476418808103, "dvar2": 0.0126249277964, "max": 0.997410953045, "mean": 0.600205242634, "median": 0.611345052719, "min": 0.149437561631, "var": 0.00906966626644}, "silence_rate_20dB": {"dmean": 0, "dmean2": 0, "dvar": 0, "dvar2": 0, "max": 1, "mean": 1, "median": 1, "min": 1, "var": 0}, "silence_rate_30dB": {"dmean": 0.000569854688365, "dmean2": 0.00113981764298, "dvar": 0.000569529947825, "dvar2": 0.00170842721127, "max": 1, "mean": 0.999715089798, "median": 1, "min": 0, "var": 0.000284819107037}, "silence_rate_60dB": {"dmean": 0.0364707000554, "dmean2": 0.0729483291507, "dvar": 0.0351405888796, "dvar2": 0.0801648646593, "max": 1, "mean": 0.119943022728, "median": 0, "min": 0, "var": 0.105556689203}, "spectral_centroid": {"dmean": 367.585510254, "dmean2": 541.051818848, "dvar": 151976.71875, "dvar2": 307234.59375, "max": 11858.0244141, "mean": 2198.83227539, "median": 2167.08129883, "min": 311.609161377, "var": 1048919.625}, "spectral_complexity": {"dmean": 4.12555789948, "dmean2": 5.73499250412, "dvar": 19.3727817535, "dvar2": 32.4392700195, "max": 59, "mean": 20.1407413483, "median": 18, "min": 0, "var": 134.666610718}, "spectral_contrast_coeffs": {"dmean": [0.0477894768119, 0.0441622361541, 0.0418484471738, 0.0335181131959, 0.024209421128, 0.0192688107491], "dmean2": [0.0769493058324, 0.0711044967175, 0.0664859190583, 0.0530792102218, 0.037489913404, 0.0293311960995], "dvar": [0.00168345822021, 0.0012912953971, 0.00119494227692, 0.000763417629059, 0.000420285388827, 0.000272614997812], "dvar2": [0.00406790012494, 0.00327202212065, 0.00287320814095, 0.00178575492464, 0.000955487019382, 0.000603761931416], "max": [-0.340261399746, -0.460719138384, -0.442270636559, -0.491657227278, -0.531975805759, -0.625082135201], "mean": [-0.656155765057, -0.762570202351, -0.749802350998, -0.758414685726, -0.783219814301, -0.794107675552], "median": [-0.659024715424, -0.766306579113, -0.754583716393, -0.762765169144, -0.786860406399, -0.795326173306], "min": [-0.979367792606, -0.988422870636, -0.988352119923, -0.993209600449, -0.973005831242, -0.964004695415], "var": [0.00636962801218, 0.00415213778615, 0.00504155782983, 0.00376638397574, 0.00228675897233, 0.00159839109983]}, "spectral_contrast_valleys": {"dmean": [0.474335670471, 0.392169713974, 0.348764330149, 0.31244456768, 0.283650457859, 0.436747252941], "dmean2": [0.746724307537, 0.601782262325, 0.52719861269, 0.451948225498, 0.368465602398, 0.524103462696], "dvar": [0.259323090315, 0.135972738266, 0.113866247237, 0.0948533639312, 0.0826174765825, 0.16123573482], "dvar2": [0.534942924976, 0.276120960712, 0.226276412606, 0.168945193291, 0.127802416682, 0.25990369916], "max": [-5.2155623436, -5.32040214539, -5.32919406891, -5.86671686172, -5.47798728943, -6.95753288269], "mean": [-7.94014263153, -7.36228561401, -7.89784383774, -8.09768199921, -7.52605962753, -9.52546215057], "median": [-7.55885982513, -6.9996752739, -7.58537101746, -7.81426429749, -7.2579832077, -9.30469703674], "min": [-27.9366035461, -28.0478458405, -27.7000961304, -27.7468566895, -27.5150146484, -27.4107894897], "var": [4.19117832184, 4.03379774094, 3.84680557251, 3.7410364151, 3.87460041046, 3.48198485374]}, "spectral_decrease": {"dmean": 1.9738277679e-09, "dmean2": 2.91037061118e-09, "dvar": 1.55813034136e-17, "dvar2": 3.49528840516e-17, "max": 1.47207179371e-28, "mean": -3.74748632126e-09, "median": -2.31533303641e-09, "min": -3.62592125214e-08, "var": 2.12361102588e-17}, "spectral_energy": {"dmean": 0.00837584398687, "dmean2": 0.0120721012354, "dvar": 0.000241008296143, "dvar2": 0.000528348609805, "max": 0.146057724953, "mean": 0.0168089363724, "median": 0.0107433954254, "min": 1.0112218365e-20, "var": 0.000366608146578}, "spectral_energyband_high": {"dmean": 0.00131616799626, "dmean2": 0.00179709773511, "dvar": 4.60026876681e-06, "dvar2": 8.67542075866e-06, "max": 0.0606011338532, "mean": 0.00231740018353, "median": 0.00110514368862, "min": 7.15034550875e-21, "var": 1.17175686682e-05}, "spectral_energyband_low": {"dmean": 0.00406442116946, "dmean2": 0.00638063112274, "dvar": 0.000112014531624, "dvar2": 0.000258005078649, "max": 0.0908295810223, "mean": 0.00458623515442, "median": 0.00142494332977, "min": 1.4154862544e-23, "var": 0.000112518224341}, "spectral_energyband_middle_high": {"dmean": 0.00175038271118, "dmean2": 0.00251750694588, "dvar": 8.07418564364e-06, "dvar2": 1.73157750396e-05, "max": 0.0534010343254, "mean": 0.00484368531033, "median": 0.00262149819173, "min": 1.04957153317e-21, "var": 3.43468418578e-05}, "spectral_energyband_middle_low": {"dmean": 0.00389561452903, "dmean2": 0.00623598322272, "dvar": 9.76109440671e-05, "dvar2": 0.000245242379606, "max": 0.108559712768, "mean": 0.00584384100512, "median": 0.00342976558022, "min": 1.53853107445e-22, "var": 9.38060620683e-05}, "spectral_entropy": {"dmean": 0.178984105587, "dmean2": 0.239497050643, "dvar": 0.0258811451495, "dvar2": 0.0465274788439, "max": 9.82447528839, "mean": 8.00464057922, "median": 7.96465396881, "min": 6.58893442154, "var": 0.123151801527}, "spectral_flux": {"dmean": 0.0238147079945, "dmean2": 0.035927310586, "dvar": 0.00120280846022, "dvar2": 0.00274431752041, "max": 0.327857524157, "mean": 0.0753355622292, "median": 0.0637561678886, "min": 6.4539124045e-11, "var": 0.0026884409599}, "spectral_kurtosis": {"dmean": 0.895322024822, "dmean2": 1.29263687134, "dvar": 0.688723087311, "dvar2": 1.45293843746, "max": 11.3106412888, "mean": 2.78695774078, "median": 2.82186937332, "min": -1.30924320221, "var": 2.60148644447}, "spectral_rms": {"dmean": 0.000825631956104, "dmean2": 0.00111871981062, "dvar": 1.33802211622e-06, "dvar2": 2.60335673374e-06, "max": 0.0119371414185, "mean": 0.00354490475729, "median": 0.00323749310337, "min": 3.14095190829e-12, "var": 3.83261203751e-06}, "spectral_rolloff": {"dmean": 1428.95678711, "dmean2": 2288.6105957, "dvar": 3670935, "dvar2": 7305186, "max": 19745.9472656, "mean": 3787.17919922, "median": 2993.11523438, "min": 64.599609375, "var": 9337792}, "spectral_skewness": {"dmean": 0.170298472047, "dmean2": 0.240946963429, "dvar": 0.0248864907771, "dvar2": 0.0465504899621, "max": 2.68588018417, "mean": 1.27844560146, "median": 1.32813882828, "min": -0.476030379534, "var": 0.110358193517}, "spectral_spread": {"dmean": 1045720.5625, "dmean2": 1406356.25, "dvar": 1235722436610.0, "dvar2": 2126920810500.0, "max": 42065920, "mean": 6342565.5, "median":