{"lowlevel": {"average_loudness": 0.960680246353, "barkbands": {"dmean": [3.02305343212e-05, 0.00270809419453, 0.00336231314577, 0.00198849057779, 0.00133463472594, 0.000834239064716, 0.000366192078218, 0.000352352770278, 0.00132775190286, 0.000390593078919, 0.000551894889213, 0.000757367932238, 0.000346965709468, 0.000405551021686, 0.000320204853779, 0.000598475278821, 0.00045373805915, 0.000264318630798, 0.00024995172862, 0.000369083660189, 0.000301080464851, 0.000393893860746, 0.000177854773938, 0.000105067636468, 5.61117558391e-05, 2.89233521471e-05, 1.02543235698e-05], "dmean2": [5.05226962559e-05, 0.00474783405662, 0.00586664211005, 0.00346860778518, 0.00230153673328, 0.00133522145916, 0.000628625566605, 0.000576314341743, 0.00214406661689, 0.000644022366032, 0.000893306452781, 0.0012075365521, 0.000567970448174, 0.000674396171235, 0.000527599360794, 0.000993463094346, 0.000749206810724, 0.000433647888713, 0.000415975053329, 0.000616734905634, 0.000502270588186, 0.000670202251058, 0.000292999786325, 0.00016284227604, 8.88200156623e-05, 4.38081879111e-05, 1.56993719429e-05], "dvar": [1.9894921266e-09, 2.01413204195e-05, 2.31013964367e-05, 8.16456758912e-06, 2.61697005044e-06, 1.94418566934e-06, 4.49174081041e-07, 6.07810193287e-07, 8.37956667965e-06, 6.27339659331e-07, 1.94399876818e-06, 4.04753427574e-06, 6.44906435809e-07, 6.97479720202e-07, 3.99806367568e-07, 5.37921039268e-07, 3.29035799496e-07, 1.55043935024e-07, 9.12617963422e-08, 1.64120336876e-07, 1.83796728948e-07, 8.00172074378e-07, 2.04076371801e-07, 8.9793680047e-08, 1.2819628914e-08, 5.10622877314e-09, 1.27313781739e-09], "dvar2": [5.14704057153e-09, 5.67236747884e-05, 6.51197115076e-05, 2.3185111786e-05, 7.24887286196e-06, 4.82351606479e-06, 1.24013809e-06, 1.52807297127e-06, 2.17851556954e-05, 1.62681476468e-06, 4.87416855321e-06, 9.68189669948e-06, 1.57196723194e-06, 1.84231760159e-06, 9.83177187663e-07, 1.38207008149e-06, 8.65206914114e-07, 3.93441666802e-07, 2.31729686107e-07, 4.43975380904e-07, 4.79191442082e-07, 1.87350588021e-06, 4.34661615145e-07, 1.82099753943e-07, 3.17716910558e-08, 1.22935697178e-08, 3.00237701367e-09], "max": [0.000604141037911, 0.04478469491, 0.0494342520833, 0.0374492071569, 0.0211766809225, 0.0285662338138, 0.0139567665756, 0.027002600953, 0.0693617761135, 0.0346150323749, 0.0388984717429, 0.0489040985703, 0.0303850285709, 0.030795538798, 0.023175381124, 0.0140014467761, 0.0118515444919, 0.0130746839568, 0.007471522782, 0.00745576154441, 0.0119281010702, 0.0227828565985, 0.0145716294646, 0.0091473357752, 0.00230388063937, 0.00217893230729, 0.000683295191266], "mean": [3.76074276573e-05, 0.00335855432786, 0.00414922786877, 0.00259182951413, 0.00219013541937, 0.00143533397932, 0.000532003177796, 0.000517026463058, 0.00217863637954, 0.000662228441797, 0.000890993338544, 0.00128075527027, 0.000596015132032, 0.000728247978259, 0.000619789934717, 0.00125102326274, 0.00105499604251, 0.000621519924607, 0.000633849005681, 0.00105340324808, 0.000834107864648, 0.000657820841298, 0.000314357195748, 0.000223956696573, 0.000118651121738, 5.47529380128e-05, 1.23765757962e-05], "median": [1.8453993107e-05, 0.00190640345681, 0.00281949411146, 0.00162094924599, 0.00173332903069, 0.000826949020848, 0.000306679983623, 0.000276583596133, 0.00103266490623, 0.000395320297685, 0.000384360057069, 0.000506158801727, 0.00027791823959, 0.00045579552534, 0.000381816120353, 0.000958416669164, 0.000828886579257, 0.000472380896099, 0.000519494176842, 0.000932829570957, 0.000704588659573, 0.000357732264092, 0.000131524429889, 9.80496261036e-05, 5.79916886636e-05, 1.40962838486e-05, 2.16914202156e-07], "min": [1.39556505135e-24, 1.13317131688e-23, 1.25270291334e-23, 4.20964183588e-24, 2.19778020813e-23, 2.45302704029e-23, 1.87330452064e-23, 3.73797448536e-23, 3.08525771951e-23, 2.89590301881e-23, 3.85795896686e-23, 3.80619549198e-23, 4.33799060957e-23, 5.98368099115e-23, 9.0184976822e-23, 6.24971833609e-23, 1.34006679734e-22, 1.35844649913e-22, 1.7160957125e-22, 2.44311131115e-22, 3.418810577e-22, 4.58288099178e-22, 4.68710655675e-22, 5.12872629006e-22, 9.61534050298e-22, 1.45937096521e-21, 1.9786451058e-21], "var": [2.61670196622e-09, 1.8495178665e-05, 2.17775777855e-05, 9.61703517532e-06, 3.41267264048e-06, 4.12210602008e-06, 5.46120190847e-07, 7.87096496424e-07, 1.45900612551e-05, 9.53835751716e-07, 3.45929970536e-06, 8.67684684636e-06, 1.40468500831e-06, 1.29980946895e-06, 9.44980342865e-07, 1.2560592495e-06, 8.78229684531e-07, 4.03344955657e-07, 2.57769272594e-07, 5.29742635536e-07, 4.57755277239e-07, 1.6371603806e-06, 5.63039293411e-07, 2.53534381045e-07, 2.86758528034e-08, 9.84658221626e-09, 1.53981949413e-09]}, "barkbands_crest": {"dmean": 2.20090770721, "dmean2": 3.70913267136, "dvar": 3.98707318306, "dvar2": 10.7331819534, "max": 21.2693748474, "mean": 6.76661491394, "median": 6.16576194763, "min": 2.02927160263, "var": 7.84996652603}, "barkbands_flatness_db": {"dmean": 0.0163660906255, "dmean2": 0.0264238659292, "dvar": 0.000225208103075, "dvar2": 0.00057372066658, "max": 0.23761677742, "mean": 0.0890656039119, "median": 0.0873185098171, "min": 0.0142286112532, "var": 0.00108276691753}, "barkbands_kurtosis": {"dmean": 0.840601444244, "dmean2": 1.42972385883, "dvar": 2.10529184341, "dvar2": 5.50816011429, "max": 39.7118148804, "mean": -0.286118298769, "median": -0.809874892235, "min": -1.91217446327, "var": 3.82981443405}, "barkbands_skewness": {"dmean": 0.418046116829, "dmean2": 0.688165307045, "dvar": 0.158373326063, "dvar2": 0.418993860483, "max": 5.69907903671, "mean": 0.657783865929, "median": 0.589006483555, "min": -2.98900818825, "var": 0.443560183048}, "barkbands_spread": {"dmean": 5.91783952713, "dmean2": 9.63220787048, "dvar": 29.9995365143, "dvar2": 75.9651870728, "max": 131.93951416, "mean": 38.4673957825, "median": 39.3601150513, "min": 3.89661478996, "var": 155.844604492}, "dissonance": {"dmean": 0.00973802246153, "dmean2": 0.0166094787419, "dvar": 0.000110541004688, "dvar2": 0.00030799335218, "max": 0.500000059605, "mean": 0.483517587185, "median": 0.487586319447, "min": 0.353324890137, "var": 0.000212532017031}, "dynamic_complexity": 1.65272510052, "erbbands": {"dmean": [0.0424350462854, 0.753001749516, 3.42825436592, 5.53489589691, 5.29182720184, 4.51573705673, 4.69092130661, 8.01468849182, 5.90389585495, 5.60692691803, 9.61349487305, 27.0444812775, 21.5366687775, 15.4620466232, 26.4757976532, 22.3769321442, 14.2352237701, 18.4474391937, 16.3334789276, 16.0812072754, 35.9196014404, 23.9252490997, 13.5634250641, 13.5968132019, 13.0997524261, 17.7495727539, 12.9939088821, 12.1477422714, 14.0426645279, 10.4486818314, 4.17410039902, 2.84513711929, 1.40948212147, 0.755684316158, 0.355514764786, 0.143842488527, 0.0521426349878, 0.013578874059, 0.00199361518025, 5.76459897275e-05], "dmean2": [0.0731571689248, 1.3221732378, 5.99452543259, 9.71121311188, 9.22046947479, 7.75468826294, 7.76873254776, 12.8663358688, 9.8889093399, 9.46614456177, 15.5046329498, 43.6460914612, 35.393032074, 24.9252071381, 42.6263084412, 35.785697937, 23.0734043121, 30.1421031952, 27.0205078125, 26.3700046539, 59.6304664612, 39.4224128723, 22.2319011688, 22.257484436, 21.9530677795, 29.6083087921, 21.7435703278, 20.273103714, 23.5843410492, 18.0271987915, 6.69341135025, 4.43104457855, 2.18619966507, 1.20334124565, 0.564509153366, 0.221241533756, 0.0799892246723, 0.0207591354847, 0.00306744663976, 8.92389361979e-05], "dvar": [0.00485582882538, 1.52377152443, 24.454240799, 63.5955657959, 49.4300689697, 31.844247818, 42.2994384766, 236.159347534, 106.952171326, 127.095977783, 537.13885498, 4730.82470703, 2481.3894043, 1321.2052002, 4187.44287109, 2166.72485352, 875.372070312, 1866.08911133, 832.098937988, 832.070922852, 1934.7052002, 1048.40039062, 385.788543701, 359.190368652, 244.231811523, 400.351959229, 338.364685059, 358.309875488, 1100.015625, 650.249511719, 131.170455933, 82.472869873, 12.6355390549, 2.40762734413, 0.512893676758, 0.099043905735, 0.0189315825701, 0.00190738146193, 5.01669528603e-05, 3.32047527252e-08], "dvar2": [0.0133322384208, 4.28977537155, 68.749786377, 181.24621582, 141.537612915, 86.9007568359, 111.169044495, 594.84375, 287.56338501, 334.937103271, 1349.19909668, 12196.4560547, 6264.91748047, 3216.52099609, 10194.5791016, 5221.47558594, 2216.5144043, 5058.71728516, 2139.77441406, 2079.15258789, 5094.58544922, 2787.51953125, 960.765075684, 884.990966797, 631.359008789, 1088.99328613, 881.796630859, 895.549682617, 2556.81225586, 1541.99169922, 257.495178223, 172.677993774, 25.4958133698, 5.64808368683, 1.33092927933, 0.238705873489, 0.0465584769845, 0.00464320089668, 0.000118171345093, 7.85546632187e-08], "max": [0.677632987499, 12.4172563553, 50.9402046204, 101.695289612, 98.7891464233, 76.4910812378, 144.557357788, 345.622680664, 188.507644653, 258.845733643, 562.491516113, 1997.27575684, 1976.56994629, 1001.40087891, 1608.62329102, 1149.28759766, 617.550109863, 1944.4987793, 854.439208984, 1181.79003906, 800.153808594, 758.147705078, 481.006500244, 693.582885742, 448.771392822, 462.105865479, 563.596801758, 496.215820312, 899.519714355, 636.133850098, 386.949249268, 254.343597412, 143.490509033, 35.0949821472, 11.4776945114, 11.4202251434, 3.62379693985, 0.820266187191, 0.144649997354, 0.00429646018893], "mean": [0.0522024407983, 0.92952144146, 4.32495594025, 7.64856100082, 7.70675182343, 6.88161659241, 7.72463941574, 13.3033437729, 9.65652275085, 8.54077339172, 16.326007843, 43.9669113159, 36.4735908508, 28.2350349426, 46.4430961609, 40.0315208435, 27.8805751801, 35.2025413513, 33.2133827209, 36.7739028931, 80.482635498, 60.3861656189, 35.4455413818, 35.6577529907, 36.2060050964, 49.431602478, 36.9873123169, 30.5826473236, 24.6441917419, 15.7360143661, 7.87822675705, 5.70622062683, 3.01542901993, 1.57324790955, 0.72382324934, 0.281851559877, 0.093538209796, 0.0197790078819, 0.00237089139409, 9.86646773526e-05], "median": [0.0305978171527, 0.517976820469, 2.88978242874, 5.20835971832, 5.70073604584, 4.99589967728, 5.36728858948, 6.77241802216, 5.36228466034, 5.33069705963, 8.81292819977, 19.6559638977, 19.46251297, 16.4888038635, 18.0442752838, 19.5415763855, 14.9799985886, 21.0111351013, 22.1735343933, 26.5234889984, 62.5470428467, 48.5602416992, 27.4116706848, 28.9797515869, 31.6287727356, 43.7635345459, 31.0138473511, 24.961725235, 13.8945960999, 6.36974048615, 3.36934614182, 1.99614214897, 1.53212165833, 0.833723068237, 0.326100945473, 0.0894623994827, 0.0211512017995, 0.00210482440889, 8.71030351846e-05, 4.57366586488e-05], "min": [4.62027325112e-22, 1.81208736192e-21, 1.46101922759e-20, 1.83501294724e-20, 2.22274335806e-20, 6.86383615551e-20, 1.36470881173e-19, 2.83424208658e-19, 3.34049238959e-19, 4.31830517663e-19, 6.65272570451e-19, 7.43532386699e-19, 9.11496476559e-19, 8.9427654076e-19, 1.76568670746e-18, 1.61456639302e-18, 2.1241630035e-18, 2.78832203375e-18, 3.77538880049e-18, 3.82437981304e-18, 4.02635829347e-18, 8.25443202394e-18, 7.77600564689e-18, 7.31163720436e-18, 1.11649786786e-17, 1.25083257836e-17, 1.34224166088e-17, 1.16239075814e-17, 1.48235199458e-17, 1.51112431413e-17, 1.3188226061e-17, 1.26698385885e-17, 8.50515294915e-18, 8.55366709208e-18, 8.55331057723e-18, 5.00490303196e-18, 2.769094634e-18, 1.04448323422e-18, 2.64736337464e-19, 2.66126346628e-20], "var": [0.00456870207563, 1.40853857994, 22.9271030426, 67.8259506226, 54.1173820496, 42.1985015869, 71.5104370117, 483.434326172, 170.165588379, 147.506057739, 907.106750488, 7534.11523438, 4214.30273438, 2317.38623047, 8668.54101562, 4651.92431641, 2124.45141602, 4067.25634766, 1701.30908203, 1855.82043457, 4638.88183594, 2753.32128906, 1011.4196167, 1210.21435547, 639.123901367, 1189.1072998, 903.394470215, 786.287536621, 2242.55566406, 1328.54370117, 379.985717773, 230.679641724, 34.1106338501, 5.55420207977, 1.0354385376, 0.220423072577, 0.0322741419077, 0.0024011649657, 5.96496465732e-05, 4.02451121317e-08]}, "erbbands_crest": {"dmean": 2.03746271133, "dmean2": 3.37548828125, "dvar": 3.99825429916, "dvar2": 10.53652668, "max": 26.6574668884, "mean": 6.87998962402, "median": 6.088763237, "min": 2.27190470695, "var": 9.16193771362}, "erbbands_flatness_db": {"dmean": 0.013953268528, "dmean2": 0.0214399006218, "dvar": 0.000174583939952, "dvar2": 0.000377803720767, "max": 0.306881248951, "mean": 0.141775101423, "median": 0.138824433088, "min": 0.0523768886924, "var": 0.00129763165023}, "erbbands_kurtosis": {"dmean": 0.579140126705, "dmean2": 0.947187364101, "dvar": 0.430603474379, "dvar2": 1.04567444324, "max": 17.3375988007, "mean": 0.0368571504951, "median": -0.162888646126, "min": -1.60674619675, "var": 1.07069003582}, "erbbands_skewness": {"dmean": 0.252628147602, "dmean2": 0.400188922882, "dvar": 0.0497083701193, "dvar2": 0.121985040605, "max": 2.4795217514, "mean": -0.375388741493, "median": -0.480829626322, "min": -3.51400232315, "var": 0.329990118742}, "erbbands_spread": {"dmean": 7.50613307953, "dmean2": 12.4142847061, "dvar": 58.0091056824, "dvar2": 154.626358032, "max": 127.708747864, "mean": 38.868221283, "median": 37.8741607666, "min": 9.47380256653, "var": 152.93006897}, "gfcc": {"cov": [[5700.30371094, -21.7294750214, 892.911682129, 498.828063965, -0.717994093895, 135.296630859, -270.709106445, -90.8371658325, -98.0830154419, 124.589508057, -157.655853271, 31.4191131592, -75.6723251343], [-21.7294750214, 880.989746094, -238.272140503, 264.323699951, 40.4514274597, -56.8420791626, 96.4922103882, -59.7662582397, 16.9614810944, -32.308795929, 34.9148788452, -71.5350646973, 93.3581085205], [892.911682129, -238.272140503, 750.927246094, 128.097457886, 121.163032532, 18.7875232697, -67.4359283447, -30.6732940674, -1.45433270931, 48.2279090881, -66.8691864014, 42.6700134277, -69.5265274048], [498.828063965, 264.323699951, 128.097457886, 381.343231201, 54.3719062805, 20.0510196686, -19.2067718506, -44.0732803345, 27.1772212982, 10.7027683258, -22.5917644501, -32.2780075073, 36.4245147705], [-0.717994093895, 40.4514274597, 121.163032532, 54.3719062805, 203.923324585, -7.52929210663, 67.6114730835, -7.97380447388, 6.90471982956, 8.431681633, -14.7653436661, -1.03028726578, -0.656849980354], [135.296630859, -56.8420791626, 18.7875232697, 20.0510196686, -7.52929210663, 123.167449951, 12.6618499756, 20.8300628662, -13.0821647644, -2.5468723774, 10.2602443695, 1.60841882229, -5.26623630524], [-270.709106445, 96.4922103882, -67.4359283447, -19.2067718506, 67.6114730835, 12.6618499756, 140.40397644, 17.9497203827, 10.6502799988, -10.8226547241, 12.7746534348, 0.753090798855, 7.93091726303], [-90.8371658325, -59.7662582397, -30.6732940674, -44.0732803345, -7.97380447388, 20.8300628662, 17.9497203827, 79.6244049072, 20.3207435608, 3.76437687874, -4.17727565765, -0.734747648239, 0.922136604786], [-98.0830154419, 16.9614810944, -1.45433270931, 27.1772212982, 6.90471982956, -13.0821647644, 10.6502799988, 20.3207435608, 72.8729248047, 14.6855897903, -3.16542506218, -11.3089418411, 2.83962869644], [124.589508057, -32.308795929, 48.2279090881, 10.7027683258, 8.431681633, -2.5468723774, -10.8226547241, 3.76437687874, 14.6855897903, 61.536529541, 9.31626224518, 9.53262424469, -7.62798500061], [-157.655853271, 34.9148788452, -66.8691864014, -22.5917644501, -14.7653436661, 10.2602443695, 12.7746534348, -4.17727565765, -3.16542506218, 9.31626224518, 62.832118988, 19.7517375946, 10.2203874588], [31.4191131592, -71.5350646973, 42.6700134277, -32.2780075073, -1.03028726578, 1.60841882229, 0.753090798855, -0.734747648239, -11.3089418411, 9.53262424469, 19.7517375946, 62.3000335693, 5.00444984436], [-75.6723251343, 93.3581085205, -69.5265274048, 36.4245147705, -0.656849980354, -5.26623630524, 7.93091726303, 0.922136604786, 2.83962869644, -7.62798500061, 10.2203874588, 5.00444984436, 60.5268211365]], "icov": [[0.000300967483781, -0.000183716780157, -0.000196570472326, -0.000213858409552, 0.000132496803417, -0.000390177767258, 0.000388580228901, -1.77167748916e-05, 0.000469268066809, -0.000609712209553, 0.000787654425949, -0.000425496516982, 0.000282714463538], [-0.000183716780157, 0.00285222521052, 0.000493462604936, -0.0018018737901, 0.000289085059194, 0.00198830408044, -0.00238195899874, 0.000930103531573, 0.00045259820763, 0.000900175480638, -0.00258050253615, 0.00303073925897, -0.00222640880384], [-0.000196570472326, 0.000493462604936, 0.00286167045124, -0.000999704818241, -0.00167430064175, -0.00019133456226, 0.000969058717601, 0.000539883680176, -0.00044610130135, -0.000499601359479, 0.0018583049532, -0.00264078588225, 0.00257439981215], [-0.000213858409552, -0.0018018737901, -0.000999704818241, 0.00579632353038, -0.000932869967073, -0.00259665213525, 0.00170725991484, 0.00230924389325, -0.00283521576785, -0.000654788163956, 0.00157909747213, 0.00110492296517, -0.00292708422057], [0.000132496803417, 0.000289085059194, -0.00167430064175, -0.000932869967073, 0.00793580710888, 0.00122073839884, -0.00508907530457, 0.000708597537596, 0.00100037106313, -0.00134424550924, 0.000841841218062, 0.00131983542815, -0.00126135302708], [-0.000390177767258, 0.00198830408044, -0.00019133456226, -0.00259665213525, 0.00122073839884, 0.0118222767487, -0.00334339216352, -0.00390231981874, 0.00338719179854, 0.0019810043741, -0.00553811062127, 0.00303418887779, 0.0001026699465], [0.000388580228901, -0.00238195899874, 0.000969058717601, 0.00170725991484, -0.00508907530457, -0.00334339216352, 0.0132619608194, -0.00224159145728, -0.00187350518536, 0.0011611742666, 0.000998758827336, -0.00393699854612, 0.00258693750948], [-1.77167748916e-05, 0.000930103531573, 0.000539883680176, 0.00230924389325, 0.000708597537596, -0.00390231981874, -0.00224159145728, 0.0181311611086, -0.00588437588885, -0.00167656003032, 0.00359445577487, 0.000557089399081, -0.00312887481414], [0.000469268066809, 0.00045259820763, -0.00044610130135, -0.00283521576785, 0.00100037106313, 0.00338719179854, -0.00187350518536, -0.00588437588885, 0.0192195735872, -0.00490465341136, -0.000239633678575, 0.00331969372928, -3.0748811696e-05], [-0.000609712209553, 0.000900175480638, -0.000499601359479, -0.000654788163956, -0.00134424550924, 0.0019810043741, 0.0011611742666, -0.00167656003032, -0.00490465341136, 0.0216824766248, -0.00731075834483, -0.000811139296275, 0.00196480122395], [0.000787654425949, -0.00258050253615, 0.0018583049532, 0.00157909747213, 0.000841841218062, -0.00553811062127, 0.000998758827336, 0.00359445577487, -0.000239633678575, -0.00731075834483, 0.0275047179312, -0.0113429250196, 0.00087433581939], [-0.000425496516982, 0.00303073925897, -0.00264078588225, 0.00110492296517, 0.00131983542815, 0.00303418887779, -0.00393699854612, 0.000557089399081, 0.00331969372928, -0.000811139296275, -0.0113429250196, 0.0271470490843, -0.00870652683079], [0.000282714463538, -0.00222640880384, 0.00257439981215, -0.00292708422057, -0.00126135302708, 0.0001026699465, 0.00258693750948, -0.00312887481414, -3.0748811696e-05, 0.00196480122395, 0.00087433581939, -0.00870652683079, 0.0255530420691]], "mean": [47.701210022, 68.1531448364, -136.366821289, 49.4200668335, -56.9081001282, 14.6896076202, -30.69830513, 8.81872367859, -27.4077472687, -0.745944023132, -25.5540809631, -2.26203107834, -8.52930450439]}, "hfc": {"dmean": 8.72371006012, "dmean2": 14.1469135284, "dvar": 158.752212524, "dvar2": 356.372070312, "max": 308.574859619, "mean": 37.8009681702, "median": 34.4461479187, "min": 1.07374085237e-16, "var": 570.624145508}, "melbands": {"dmean": [0.000558409839869, 0.00150033226237, 0.000914511503652, 0.000335324206389, 0.000163519071066, 0.000171182880877, 8.75344630913e-05, 6.47378401482e-05, 9.19240119401e-05, 0.000189449783647, 0.000108080355858, 6.15907047177e-05, 7.95166706666e-05, 9.3971764727e-05, 4.29508836532e-05, 3.52212919097e-05, 3.57716271537e-05, 2.96657071885e-05, 2.79552386928e-05, 2.76206246781e-05, 4.86027784063e-05, 2.95929185086e-05, 1.59348510351e-05, 1.32116665554e-05, 1.24033304019e-05, 9.53658854996e-06, 1.4430520423e-05, 1.29905056383e-05, 9.48241813603e-06, 8.36298113427e-06, 7.66919220041e-06, 8.19080560177e-06, 8.17106229078e-06, 5.31677005711e-06, 2.54635892816e-06, 1.98935208573e-06, 1.7506866925e-06, 1.08526785425e-06, 8.47604042065e-07, 6.17825094196e-07], "dmean2": [0.000977823976427, 0.00261795055121, 0.00160165841226, 0.000582072883844, 0.000272790668532, 0.00027424734435, 0.00014638499124, 0.000108016829472, 0.000147480968735, 0.000306091766106, 0.000177865775186, 9.97684910544e-05, 0.000128289771965, 0.000149652682012, 6.90263987053e-05, 5.76573147555e-05, 5.85961788602e-05, 4.93440347782e-05, 4.60805458715e-05, 4.54584915133e-05, 8.09908378869e-05, 4.89402009407e-05, 2.61064487859e-05, 2.1749172447e-05, 2.03746003535e-05, 1.59974279086e-05, 2.42513215198e-05, 2.17210381379e-05, 1.59082828759e-05, 1.40459333124e-05, 1.28124775074e-05, 1.37511378853e-05, 1.41286054713e-05, 9.1525434982e-06, 4.14142687077e-06, 3.0888704714e-06, 2.74434660241e-06, 1.70092209828e-06, 1.35104403398e-06, 9.98930886453e-07], "dvar": [8.73858709838e-07, 4.87071838506e-06, 1.67196174061e-06, 1.75883883458e-07, 4.6434909251e-08, 9.83107995012e-08, 2.23676064337e-08, 1.60095989798e-08, 5.47706910936e-08, 2.14818754785e-07, 6.11945907281e-08, 1.95007281434e-08, 3.39470531685e-08, 6.98233506569e-08, 8.55814619172e-09, 7.37828020902e-09, 6.88647805447e-09, 2.95048585564e-09, 3.37433259112e-09, 1.77554404512e-09, 3.60948138045e-09, 1.55150237102e-09, 5.14712827915e-10, 3.89913351606e-10, 3.09160169687e-10, 1.5343798454e-10, 2.54693266477e-10, 2.28626492738e-10, 2.19018678194e-10, 1.48270076772e-10, 1.47708220655e-10, 3.56267904067e-10, 4.26174845414e-10, 1.71317418585e-10, 4.82375389632e-11, 3.38854812265e-11, 3.57262310013e-11, 9.10263184273e-12, 3.03572379907e-12, 1.65866691042e-12], "dvar2": [2.45584715231e-06, 1.36335447678e-05, 4.7877738325e-06, 4.92889739689e-07, 1.24681278635e-07, 2.45966816692e-07, 6.00362923819e-08, 4.1101792192e-08, 1.38442175057e-07, 5.56762131509e-07, 1.54380856543e-07, 4.74767567482e-08, 8.5275814854e-08, 1.67479356605e-07, 2.07511146044e-08, 1.90185076576e-08, 1.81976513858e-08, 7.85937537273e-09, 8.5452072085e-09, 4.30590363365e-09, 9.65937108077e-09, 4.11083300733e-09, 1.26351729079e-09, 1.01195718472e-09, 7.51183337755e-10, 3.84710180379e-10, 6.88618329026e-10, 6.16988460322e-10, 5.62324853348e-10, 3.84694748279e-10, 3.65462465846e-10, 8.32469315704e-10, 1.05657238514e-09, 4.17586354384e-10, 1.02271621727e-10, 6.48059869657e-11, 7.95023283318e-11, 1.96047032774e-11, 6.90296908176e-12, 4.12959423601e-12], "max": [0.00866847857833, 0.0216486845165, 0.0157518777996, 0.00573661224917, 0.00500185228884, 0.00678203254938, 0.00265306863002, 0.00421262532473, 0.00574113801122, 0.0114889731631, 0.0095489686355, 0.0037627031561, 0.00489156134427, 0.00649532582611, 0.00339660886675, 0.00324068311602, 0.00368703855202, 0.00115529610775, 0.00236988230608, 0.00101245415863, 0.00115559599362, 0.000879805593286, 0.000743045879062, 0.00057740038028, 0.000608042639215, 0.000333694886649, 0.000276802049484, 0.000332111289026, 0.000490917940624, 0.000444725592388, 0.000318367063301, 0.000512315076776, 0.000545873190276, 0.00039341324009, 0.000221134076128, 0.000192400839296, 0.00018264274695, 0.000135133959702, 5.69311196159e-05, 2.96189227811e-05], "mean": [0.000689236039761, 0.00197650236078, 0.00134114082903, 0.000517807842698, 0.000275119935395, 0.000290217518341, 0.000143292112625, 9.65956569416e-05, 0.000152330132551, 0.000304502173094, 0.000177968177013, 0.000106914791104, 0.000135549693368, 0.000157288930495, 7.29891107767e-05, 6.21065919404e-05, 6.46611952106e-05, 5.23677445017e-05, 5.16711879754e-05, 5.59737163712e-05, 0.000102419769973, 6.65430998197e-05, 3.63168910553e-05, 2.95878107863e-05, 2.90396346827e-05, 2.24554423767e-05, 3.41482227668e-05, 3.20615290548e-05, 2.34460767388e-05, 2.00813501579e-05, 1.69895793078e-05, 1.43564975588e-05, 1.14000067697e-05, 7.78155572334e-06, 4.5689162107e-06, 3.7120610159e-06, 3.34013543579e-06, 2.16125044972e-06, 1.6948162056e-06, 1.19078595162e-06], "median": [0.000410432432545, 0.00132169586141, 0.000990868429653, 0.000392591435229, 0.000202380964765, 0.000154571898747, 8.30734788906e-05, 5.88795301155e-05, 7.45882134652e-05, 0.000134789268486, 9.33379196795e-05, 5.95184537815e-05, 5.76560778427e-05, 5.6938999478e-05, 3.38182144333e-05, 2.90003736154e-05, 3.78974800697e-05, 3.25970249833e-05, 2.9974780773e-05, 4.04609745601e-05, 7.71468476159e-05, 5.14889397891e-05, 2.70106756943e-05, 2.22106173169e-05, 2.26482297876e-05, 1.83632437256e-05, 2.89129911835e-05, 2.76320297417e-05, 1.91113431356e-05, 1.59878509294e-05, 1.35011559905e-05, 8.59347346704e-06, 4.33126842836e-06, 3.12804877467e-06, 2.00157046493e-06, 1.35848029004e-06, 1.12922998596e-06, 1.00904571809e-06, 9.65721142165e-07, 5.54893176741e-07], "min": [3.8602091926e-24, 5.55827804502e-24, 3.87311929574e-24, 3.75402102057e-24, 4.35492043234e-24, 5.97291950845e-24, 5.22070355886e-24, 5.65729034381e-24, 4.27341059045e-24, 4.44857715445e-24, 4.22073400907e-24, 2.89701042175e-24, 5.27819495277e-24, 4.04035780765e-24, 4.01185547428e-24, 4.31954751492e-24, 4.96059363587e-24, 4.68529419615e-24, 5.58204839624e-24, 5.48229141275e-24, 4.31064166973e-24, 9.04714595484e-24, 6.92093152358e-24, 6.5822273886e-24, 5.1196504769e-24, 6.47801294657e-24, 7.10368140746e-24, 8.16591338192e-24, 9.03867201099e-24, 6.23208161506e-24, 5.9297554063e-24, 8.13141807225e-24, 8.16138689804e-24, 8.29835050613e-24, 7.28202313661e-24, 7.83719898702e-24, 7.36946915682e-24, 5.9151634517e-24, 6.03406214506e-24, 7.17268070426e-24], "var": [7.71542261191e-07, 4.64372078568e-06, 1.73754563093e-06, 2.10950659607e-07, 7.47835429138e-08, 2.05321967428e-07, 3.4902498669e-08, 1.9514605043e-08, 9.78380825245e-08, 3.51389189746e-07, 1.04630963449e-07, 3.41089929634e-08, 6.58904752981e-08, 1.50528833842e-07, 1.8323616402e-08, 1.7393855245e-08, 1.44588350182e-08, 4.90752771753e-09, 7.36369498711e-09, 3.68414432295e-09, 8.48871017922e-09, 3.87775145327e-09, 1.35476174723e-09, 9.12717790236e-10, 9.86178139151e-10, 3.39505534797e-10, 6.52801646073e-10, 5.80427428343e-10, 4.66317040537e-10, 3.38229638741e-10, 2.95859170496e-10, 6.9256622659e-10, 7.71121333454e-10, 3.31112443019e-10, 1.24809926283e-10, 9.29139265526e-11, 9.17082937368e-11, 2.14586785841e-11, 7.07751695792e-12, 3.36365375657e-12]}, "melbands_crest": {"dmean": 3.69468903542, "dmean2": 6.24573612213, "dvar": 9.02426242828, "dvar2": 25.3036155701, "max": 30.0749206543, "mean": 12.4212436676, "median": 11.8554420471, "min": 1.97038722038, "var": 19.0602741241}, "melbands_flatness_db": {"dmean": 0.0236437767744, "dmean2": 0.0391079857945, "dvar": 0.000463174103061, "dvar2": 0.00124130654149, "max": 0.341716349125, "mean": 0.127780675888, "median": 0.124039247632, "min": 0.00551725365222, "var": 0.00151042081416}, "melbands_kurtosis": {"dmean": 3.69375228882, "dmean2": 6.30751085281, "dvar": 36.9085083008, "dvar2": 98.1798019409, "max": 152.568984985, "mean": 4.84942865372, "median": 2.809715271, "min": -1.85047280788, "var": 57.3050765991}, "melbands_skewness": {"dmean": 0.653874516487, "dmean2": 1.08783984184, "dvar": 0.47961717844, "dvar2": 1.29198288918, "max": 10.6014537811, "mean": 1.95175647736, "median": 1.78264665604, "min": -0.652396023273, "var": 1.07745754719}, "melbands_spread": {"dmean": 11.4542207718, "dmean2": 18.6738529205, "dvar": 128.497268677, "dvar2": 319.133422852, "max": 222.4402771, "mean": 44.9131164551, "median": 42.5637435913, "min": 2.49350738525, "var": 428.56854248}, "mfcc": {"cov": [[3387.70263672, 16.7614135742, 576.112243652, 328.70300293, 212.804412842, 193.621444702, -44.8611679077, -96.0213241577, 18.4744205475, -22.4823799133, -45.8823204041, 43.4681472778, 16.4739341736], [16.7614135742, 531.691772461, -137.83505249, 182.346298218, -34.0726547241, 32.7908248901, 53.0525245667, -5.96638870239, 39.8147201538, -18.4428749084, -2.36391329765, 15.6051702499, 9.73985862732], [576.112243652, -137.83505249, 497.229370117, 103.158866882, 129.916061401, 66.5265655518, -46.2024078369, -21.2097415924, -11.1221113205, -6.67687416077, -4.30847930908, 5.04727506638, 11.9571275711], [328.70300293, 182.346298218, 103.158866882, 342.488983154, 88.4013061523, 97.469871521, -5.64720726013, -26.5998306274, 53.6873664856, -1.69173669815, -12.0312728882, 17.6311988831, 18.4010295868], [212.804412842, -34.0726547241, 129.916061401, 88.4013061523, 141.477432251, 47.3616981506, -0.973847806454, -9.99918460846, 13.5654125214, 14.4487133026, -12.3449544907, 7.19242620468, -2.01262497902], [193.621444702, 32.7908248901, 66.5265655518, 97.469871521, 47.3616981506, 115.962684631, 34.9364051819, 5.5248465538, 12.4363851547, 1.22665822506, 0.955213546753, 8.98819828033, 13.4114322662], [-44.8611679077, 53.0525245667, -46.2024078369, -5.64720726013, -0.973847806454, 34.9364051819, 105.347160339, 34.0981407166, 10.8042240143, -4.15656518936, -2.43127894402, 9.51441478729, 7.89293479919], [-96.0213241577, -5.96638870239, -21.2097415924, -26.5998306274, -9.99918460846, 5.5248465538, 34.0981407166, 78.9117355347, 18.5590362549, 11.1194562912, 1.48024988174, -3.14182543755, 3.11992049217], [18.4744205475, 39.8147201538, -11.1221113205, 53.6873664856, 13.5654125214, 12.4363851547, 10.8042240143, 18.5590362549, 73.3302154541, 26.2915782928, -1.45035362244, 1.52154612541, -0.642277479172], [-22.4823799133, -18.4428749084, -6.67687416077, -1.69173669815, 14.4487133026, 1.22665822506, -4.15656518936, 11.1194562912, 26.2915782928, 70.0573196411, 22.5460453033, -2.44218301773, -10.9749803543], [-45.8823204041, -2.36391329765, -4.30847930908, -12.0312728882, -12.3449544907, 0.955213546753, -2.43127894402, 1.48024988174, -1.45035362244, 22.5460453033, 56.3153610229, 10.4993429184, -3.3701839447], [43.4681472778, 15.6051702499, 5.04727506638, 17.6311988831, 7.19242620468, 8.98819828033, 9.51441478729, -3.14182543755, 1.52154612541, -2.44218301773, 10.4993429184, 44.6668205261, 14.2657432556], [16.4739341736, 9.73985862732, 11.9571275711, 18.4010295868, -2.01262497902, 13.4114322662, 7.89293479919, 3.11992049217, -0.642277479172, -10.9749803543, -3.3701839447, 14.2657432556, 56.047542572]], "icov": [[0.000414911657572, -6.30904687569e-05, -0.00040791509673, -5.52428646188e-05, 7.45460374674e-06, -0.000425013451604, 8.65854526637e-05, 0.00036480196286, -9.20141683309e-05, -4.79836344311e-05, 0.000391049921745, -0.000368127133697, 0.000170401021023], [-6.30904687569e-05, 0.00318725779653, 0.000887261121534, -0.0024000571575, 0.0012620392954, 0.00068450300023, -0.00167976762168, 0.000390791188693, -0.000276966486126, 0.000695630908012, -0.000428424449638, -0.000106424995465, 0.000294040568406], [-0.00040791509673, 0.000887261121534, 0.003668616293, -0.000559901993256, -0.00233597378246, -0.000656523916405, 0.00133104564156, -0.000701232231222, 0.000653499388136, 0.00116315390915, -0.00116267229896, 0.000606187037192, -0.000697275216226], [-5.52428646188e-05, -0.0024000571575, -0.000559901993256, 0.00722085451707, -0.00262055452913, -0.00423906557262, 0.00281010544859, 0.00157905160449, -0.00409224675968, 0.00123025930952, 0.000400612450903, -0.000678396376316, -0.00099053629674], [7.45460374674e-06, 0.0012620392954, -0.00233597378246, -0.00262055452913, 0.0126912118867, -0.00169944448862, -0.00156224996317, 0.00122413306963, 0.000344000814948, -0.00405401922762, 0.00423857942224, -0.00237125298008, 0.00221997895278], [-0.000425013451604, 0.00068450300023, -0.000656523916405, -0.00423906557262, -0.00169944448862, 0.0156427212059, -0.00617949152365, -0.000854546204209, 0.00156352343038, -0.000356102333171, -0.00234482996166, 0.00138752453495, -0.00189453049097], [8.65854526637e-05, -0.00167976762168, 0.00133104564156, 0.00281010544859, -0.00156224996317, -0.00617949152365, 0.0153375947848, -0.00523071596399, -0.00118219992146, 0.00194124982227, 0.000986477243714, -0.00291245477274, -0.000219078458031], [0.00036480196286, 0.000390791188693, -0.000701232231222, 0.00157905160449, 0.00122413306963, -0.000854546204209, -0.00523071596399, 0.017420463264, -0.00475991750136, -0.00158108957112, 0.000312042713631, 0.00169832073152, -0.00130627583712], [-9.20141683309e-05, -0.000276966486126, 0.000653499388136, -0.00409224675968, 0.000344000814948, 0.00156352343038, -0.00118219992146, -0.00475991750136, 0.0210952255875, -0.00851834751666, 0.00333391246386, -0.000797380460426, 0.000326103239786], [-4.79836344311e-05, 0.000695630908012, 0.00116315390915, 0.00123025930952, -0.00405401922762, -0.000356102333171, 0.00194124982227, -0.00158108957112, -0.00851834751666, 0.0226405765861, -0.0100647704676, 0.00262280669995, 0.00205840915442], [0.000391049921745, -0.000428424449638, -0.00116267229896, 0.000400612450903, 0.00423857942224, -0.00234482996166, 0.000986477243714, 0.000312042713631, 0.00333391246386, -0.0100647704676, 0.0247653704137, -0.00783949624747, 0.00218493747525], [-0.000368127133697, -0.000106424995465, 0.000606187037192, -0.000678396376316, -0.00237125298008, 0.00138752453495, -0.00291245477274, 0.00169832073152, -0.000797380460426, 0.00262280669995, -0.00783949624747, 0.028072077781, -0.00699356989935], [0.000170401021023, 0.000294040568406, -0.000697275216226, -0.00099053629674, 0.00221997895278, -0.00189453049097, -0.000219078458031, -0.00130627583712, 0.000326103239786, 0.00205840915442, 0.00218493747525, -0.00699356989935, 0.0211696475744]], "mean": [-583.69909668, 89.7677307129, -15.7874612808, 33.6916656494, -2.69221711159, 9.91494274139, 2.83188652992, 5.62808036804, 8.45075416565, -0.919769048691, -6.35387182236, -2.0806748867, -2.48614525795]}, "pitch_salience": {"dmean": 0.0693996250629, "dmean2": 0.116364531219, "dvar": 0.00347524182871, "dvar2": 0.00962888170034, "max": 0.972111821175, "mean": 0.60236620903, "median": 0.607094764709, "min": 0.20620508492, "var": 0.0088717462495}, "silence_rate_20dB": {"dmean": 0, "dmean2": 0, "dvar": 0, "dvar2": 0, "max": 1, "mean": 1, "median": 1, "min": 1, "var": 0}, "silence_rate_30dB": {"dmean": 0, "dmean2": 0, "dvar": 0, "dvar2": 0, "max": 1, "mean": 1, "median": 1, "min": 1, "var": 0}, "silence_rate_60dB": {"dmean": 0.00316372257657, "dmean2": 0.00632800161839, "dvar": 0.00315325637348, "dvar2": 0.00804501026869, "max": 1, "mean": 0.0229349732399, "median": 0, "min": 0, "var": 0.0224018655717}, "spectral_centroid": {"dmean": 253.273422241, "dmean2": 410.447875977, "dvar": 57315.984375, "dvar2": 133544.328125, "max": 11339.4365234, "mean": 2266.84448242, "median": 2284.25, "min": 397.674682617, "var": 283506.5625}, "spectral_complexity": {"dmean": 4.28614091873, "dmean2": 6.8208823204, "dvar": 13.6640977859, "dvar2": 31.9408836365, "max": 63, "mean": 35.9558868408, "median": 38, "min": 0, "var": 110.699913025}, "spectral_contrast_coeffs": {"dmean": [0.0531554669142, 0.0469325147569, 0.040444098413, 0.0293062087148, 0.0196458455175, 0.0194512102753], "dmean2": [0.0900663882494, 0.0782827883959, 0.0668022185564, 0.0486778393388, 0.0328728593886, 0.0313882529736], "dvar": [0.00170148536563, 0.00137388240546, 0.00101805536542, 0.000527855008841, 0.000247727148235, 0.000321822648402], "dvar2": [0.00488788541406, 0.00379795092158, 0.00273718079552, 0.00140341348015, 0.000669856905006, 0.000789488083683], "max": [-0.37816041708, -0.474560767412, -0.44988194108, -0.542614221573, -0.581926643848, -0.564089715481], "mean": [-0.639635622501, -0.762782692909, -0.760802328587, -0.780293107033, -0.786288797855, -0.704641461372], "median": [-0.641502320766, -0.771198749542, -0.770146489143, -0.787427961826, -0.790355920792, -0.707404017448], "min": [-0.982245206833, -0.985675990582, -0.970485448837, -0.960280001163, -0.962066471577, -0.960283339024], "var": [0.0044642589055, 0.00413333810866, 0.00433504302055, 0.00233344337903, 0.00106953002978, 0.00179329083767]}, "spectral_contrast_valleys": {"dmean": [0.449593156576, 0.355357706547, 0.289535045624, 0.229665696621, 0.168690651655, 0.248863935471], "dmean2": [0.762410700321, 0.593826413155, 0.475222110748, 0.369991958141, 0.270834058523, 0.380496799946], "dvar": [0.145124569535, 0.103397600353, 0.0701813399792, 0.0519645139575, 0.0413378216326, 0.106723599136], "dvar2": [0.372395902872, 0.242038205266, 0.145458728075, 0.0929961279035, 0.0623361319304, 0.217324525118], "max": [-5.44031143188, -4.77064561844, -5.29819869995, -5.90067434311, -5.51497030258, -7.314473629], "mean": [-7.13827037811, -6.64090490341, -6.83843421936, -7.06675100327, -6.52266168594, -9.52013397217], "median": [-6.93058872223, -6.55829238892, -6.7825217247, -6.99005794525, -6.38621139526, -9.3974199295], "min": [-27.9624347687, -27.5539951324, -27.4083995819, -27.4828853607, -27.3787212372, -27.3392620087], "var": [1.40632092953, 0.796053528786, 0.613450586796, 0.604021787643, 0.65956389904, 0.968977332115]}, "spectral_decrease": {"dmean": 2.2115769216e-09, "dmean2": 3.7754137594e-09, "dvar": 7.66194240351e-18, "dvar2": 2.1390457198e-17, "max": 5.94119112225e-27, "mean": -6.66906796454e-09, "median": -6.16798745412e-09, "min": -2.67267168397e-08, "var": 1.06716192099e-17}, "spectral_energy": {"dmean": 0.00885717943311, "dmean2": 0.01507427264, "dvar": 0.000119748263387, "dvar2": 0.000333830103045, "max": 0.105130620301, "mean": 0.0285991951823, "median": 0.0266781430691, "min": 1.00609388216e-20, "var": 0.000180012561032}, "spectral_energyband_high": {"dmean": 0.000955666590016, "dmean2": 0.00155749300029, "dvar": 3.10688847094e-06, "dvar2": 6.64184835841e-06, "max": 0.0431117936969, "mean": 0.00272937794216, "median": 0.002031826647, "min": 7.47741143048e-21, "var": 9.7534066299e-06}, "spectral_energyband_low": {"dmean": 0.00613510748371, "dmean2": 0.0106774251908, "dvar": 8.09912671684e-05, "dvar2": 0.00022676208755, "max": 0.0826775580645, "mean": 0.00910277385265, "median": 0.00682062841952, "min": 4.67688304564e-23, "var": 7.72591738496e-05}, "spectral_energyband_middle_high": {"dmean": 0.0021013347432, "dmean2": 0.00331939873286, "dvar": 7.84432268119e-06, "dvar2": 1.90340360859e-05, "max": 0.0564385652542, "mean": 0.00877966824919, "median": 0.00769709981978, "min": 1.28890380339e-21, "var": 3.04724762827e-05}, "spectral_energyband_middle_low": {"dmean": 0.00408576475456, "dmean2": 0.00690807495266, "dvar": 2.35793668253e-05, "dvar2": 6.43338789814e-05, "max": 0.0779466852546, "mean": 0.00965826958418, "median": 0.00821724161506, "min": 2.31517170384e-22, "var": 4.29108222306e-05}, "spectral_entropy": {"dmean": 0.0914554148912, "dmean2": 0.142993718386, "dvar": 0.00893381610513, "dvar2": 0.0205186530948, "max": 9.80622959137, "mean": 7.94854879379, "median": 7.94911766052, "min": 6.9288020134, "var": 0.0431945472956}, "spectral_flux": {"dmean": 0.0197964590043, "dmean2": 0.0319013036788, "dvar": 0.000483596551931, "dvar2": 0.000976783456281, "max": 0.263476610184, "mean": 0.097424454987, "median": 0.0935225486755, "min": 6.64763244451e-11, "var": 0.00118416338228}, "spectral_kurtosis": {"dmean": 0.908540666103, "dmean2": 1.57407915592, "dvar": 0.739531934261, "dvar2": 2.22576332092, "max": 11.965836525, "mean": 2.79291033745, "median": 2.63489532471, "min": -1.22644495964, "var": 1.69829344749}, "spectral_rms": {"dmean": 0.000769839505665, "dmean2": 0.00129316037055, "dvar": 6.91086029292e-07, "dvar2": 1.91013646145e-06, "max": 0.0101275099441, "mean": 0.00511911930516, "median": 0.0051017110236, "min": 3.13297781815e-12, "var": 1.69638315128e-06}, "spectral_rolloff": {"dmean": 659.383422852, "dmean2": 1108.81835938, "dvar": 519694.21875, "dvar2": 1301470, "max": 19358.3496094, "mean": 2858.42602539, "median": 2648.58398438, "min": 129.19921875, "var": 1842675.625}, "spectral_skewness": {"dmean": 0.148207262158, "dmean2": 0.246127203107, "dvar": 0.0196729227901, "dvar2": 0.0525821857154, "max": 2.67628407478, "mean": 1.03977572918, "median": 1.04163336754, "min": -0.0541259869933, "var": 0.0806216523051}, "spectral_spread": {"dmean": 396946.5625, "dmean2": 610953.1875, "dvar": 307948191744, "dvar2": 502353002496, "max": 41295344, "mean": 4340486, "median": 4207986, "min": 2228354.5, "var": 1794759065600.0}, "spectral_strongpeak": {"dmean": 0.628105223179, 