{"lowlevel": {"average_loudness": 0.860103607178, "barkbands": {"dmean": [1.20316408356e-05, 0.000838985259179, 0.000856284692418, 0.000862131360918, 0.00137517903931, 0.000862859247718, 0.00159758271184, 0.00121402472723, 0.000540001958143, 0.000230138524785, 0.00020113006758, 0.000201981776627, 0.000242943875492, 0.000206007433007, 0.000156010850333, 0.000123133373563, 0.000135698821396, 0.000142682270962, 0.000271573546343, 0.000300216343021, 0.000212508413824, 0.000291695847409, 0.00027276968467, 0.000242385824095, 0.00015076508862, 5.53921381652e-05, 2.85293936031e-05], "dmean2": [2.06607655855e-05, 0.00136827677488, 0.0014206438791, 0.00142609653994, 0.00217174156569, 0.00134227075614, 0.00239921174943, 0.00184621359222, 0.000840810942464, 0.000372440204956, 0.000319458224112, 0.000316836783895, 0.00038840805064, 0.00032208711491, 0.000247820455115, 0.000187375437235, 0.000208417928661, 0.000217066364712, 0.000403786223615, 0.000438789691543, 0.000309872149955, 0.000430689222412, 0.000397216412239, 0.000359408993972, 0.000224579664064, 7.56548179197e-05, 4.07914812968e-05], "dvar": [5.78777137328e-10, 1.91598883248e-06, 2.32462866734e-06, 2.62157368525e-06, 4.73670024803e-06, 2.31500075643e-06, 7.65179265727e-06, 5.33558431925e-06, 1.64926279922e-06, 3.80739294314e-07, 1.8140056568e-07, 1.67013709529e-07, 2.04277441185e-07, 2.03601587145e-07, 7.67139667346e-08, 7.8446646512e-08, 7.03916356315e-08, 5.17854843451e-08, 1.89699605357e-07, 2.43913831355e-07, 1.90951467971e-07, 1.34511219585e-06, 9.75528109848e-07, 1.22718483908e-06, 5.85516090723e-07, 2.40543158725e-08, 1.06453565962e-08], "dvar2": [1.58388813176e-09, 4.87488887302e-06, 6.39922700429e-06, 7.07804019839e-06, 1.12384468594e-05, 5.37052255822e-06, 1.63396107382e-05, 1.207286914e-05, 3.95145934817e-06, 1.03295712961e-06, 4.39789090478e-07, 4.02751652473e-07, 5.14828172982e-07, 5.0714658073e-07, 1.88249572375e-07, 1.84426468763e-07, 1.66340413443e-07, 1.21240844919e-07, 4.15555746258e-07, 4.99639838836e-07, 4.13286898038e-07, 3.01119257529e-06, 2.25653366215e-06, 2.82805785901e-06, 1.369472443e-06, 5.26781960275e-08, 2.18117595097e-08], "max": [0.000381018937333, 0.0220704078674, 0.0203407891095, 0.0262485500425, 0.03948713094, 0.0273885633796, 0.046256005764, 0.039374563843, 0.0265784412622, 0.0217630323023, 0.00940340571105, 0.00841328781098, 0.0106260161847, 0.011046868749, 0.00483677536249, 0.00609412323684, 0.00722435768694, 0.00529025308788, 0.00926754809916, 0.00952417217195, 0.00927357189357, 0.0329296588898, 0.0271285437047, 0.0284824967384, 0.0214796494693, 0.00294237677008, 0.00222969381139], "mean": [1.37140677907e-05, 0.00153778237291, 0.00119920505676, 0.00123809755314, 0.00235933880322, 0.00150817027315, 0.00274285417981, 0.00185510935262, 0.000859571504407, 0.00034228945151, 0.000321248866385, 0.000342038401868, 0.000416410446633, 0.000328103604261, 0.000263328605797, 0.000223331007874, 0.000270544085652, 0.000293196877465, 0.000589606992435, 0.000696411007084, 0.000473084306577, 0.000564420828596, 0.000497874454595, 0.0004036637838, 0.000227604396059, 8.30262943055e-05, 3.38520221703e-05], "median": [3.55594352186e-06, 0.000653976341709, 0.000509762496222, 0.000476116925711, 0.00124411797151, 0.000684854341671, 0.00127615919337, 0.000710979569703, 0.000302791653667, 0.000132747751195, 0.000132546760142, 0.000126573388116, 0.000182974836207, 0.000105475388409, 0.000116393151984, 8.52917364682e-05, 0.000138778545079, 0.00016607849102, 0.000315588491503, 0.000374263297999, 0.000224481424084, 0.000181358802365, 0.000154891255079, 0.000108994609036, 7.4700859841e-05, 2.787246558e-05, 6.5042481765e-06], "min": [1.81933523783e-25, 1.98241928773e-24, 5.61572772791e-25, 4.98375794471e-25, 7.51943082604e-24, 2.60732196191e-24, 4.1340176852e-24, 1.40362683509e-23, 4.29550776769e-24, 1.75800255969e-23, 1.82762410997e-23, 3.26115918634e-23, 2.25485082363e-23, 3.4518423288e-23, 4.14398920259e-23, 6.76436235541e-23, 7.16131968727e-23, 9.88518003127e-23, 1.25971708585e-22, 1.2967522752e-22, 2.68671610252e-22, 2.72812057153e-22, 4.17115416428e-22, 5.9291209728e-22, 7.81468685316e-22, 1.34534393601e-21, 1.86726551904e-21], "var": [7.34393046375e-10, 4.80626931676e-06, 3.46962724507e-06, 4.52615222457e-06, 1.1148307749e-05, 5.64754827792e-06, 1.7174083041e-05, 1.05980880107e-05, 3.49091737917e-06, 5.88703812809e-07, 3.81071430411e-07, 4.1810559992e-07, 4.30185338018e-07, 3.80052398441e-07, 1.67345277191e-07, 1.8663207868e-07, 1.87466696389e-07, 1.46889220787e-07, 5.72587111947e-07, 9.56512735684e-07, 7.0438846933e-07, 3.23966992255e-06, 1.87422824638e-06, 1.82800704351e-06, 6.50293372928e-07, 3.34134924174e-08, 1.39610749628e-08]}, "barkbands_crest": {"dmean": 2.50229477882, "dmean2": 4.03536605835, "dvar": 5.17998313904, "dvar2": 12.661857605, "max": 25.0843086243, "mean": 8.71812438965, "median": 7.72469806671, "min": 2.17544126511, "var": 14.7263507843}, "barkbands_flatness_db": {"dmean": 0.018483446911, "dmean2": 0.0273276437074, "dvar": 0.000298065686366, "dvar2": 0.000637840188574, "max": 0.270500361919, "mean": 0.0938206464052, "median": 0.0876510366797, "min": 0.00967628136277, "var": 0.00123251485638}, "barkbands_kurtosis": {"dmean": 2.09682750702, "dmean2": 3.19057822227, "dvar": 12.411693573, "dvar2": 27.7640094757, "max": 67.9610061646, "mean": 2.15278840065, "median": 0.571481585503, "min": -1.90982449055, "var": 29.6030273438}, "barkbands_skewness": {"dmean": 0.517832994461, "dmean2": 0.746021270752, "dvar": 0.284346789122, "dvar2": 0.55355322361, "max": 7.6260881424, "mean": 1.16805458069, "median": 1.16384232044, "min": -5.28318786621, "var": 1.46797418594}, "barkbands_spread": {"dmean": 8.97765445709, "dmean2": 13.084072113, "dvar": 102.38835144, "dvar2": 208.16015625, "max": 125.414672852, "mean": 34.8003883362, "median": 31.5424842834, "min": 2.12672877312, "var": 309.459442139}, "dissonance": {"dmean": 0.0142186395824, "dmean2": 0.0238904170692, "dvar": 0.000168701837538, "dvar2": 0.000456108653452, "max": 0.499997287989, "mean": 0.471410244703, "median": 0.475365132093, "min": 0.326611727476, "var": 0.000370115012629}, "dynamic_complexity": 4.16389608383, "erbbands": {"dmean": [0.0172918755561, 0.218310981989, 0.803150832653, 2.03067851067, 3.56698870659, 5.5304017067, 4.69707679749, 8.42921733856, 16.7736492157, 31.1690006256, 22.8118247986, 12.5848989487, 8.67766284943, 6.50796365738, 7.85220623016, 8.45959281921, 10.6690664291, 9.75755023956, 9.19063949585, 7.24791049957, 6.39292812347, 6.83259725571, 7.76526165009, 8.46161556244, 16.7207775116, 14.6273784637, 8.97253608704, 8.38785076141, 8.17177009583, 11.7148694992, 7.46121263504, 6.96784257889, 2.68251681328, 1.52230358124, 1.3066958189, 0.315283417702, 0.094659537077, 0.023667762056, 0.00470029609278, 0.000314090779284], "dmean2": [0.0279008019716, 0.357881575823, 1.33201062679, 3.38586139679, 5.75910329819, 8.74219703674, 7.40380954742, 12.9491024017, 25.6886386871, 46.6908721924, 34.199432373, 19.5465774536, 13.8376522064, 10.3171014786, 12.4527292252, 13.0845108032, 17.0840892792, 15.2045307159, 14.4372329712, 11.2158088684, 9.66239452362, 10.3206806183, 11.6102266312, 12.458571434, 24.268743515, 21.3581981659, 13.1319999695, 12.5473480225, 11.7528476715, 18.3581047058, 10.6807775497, 10.0568742752, 3.9273211956, 2.25517821312, 1.9903742075, 0.447643458843, 0.128562286496, 0.0329437740147, 0.00678783841431, 0.000453021202702], "dvar": [0.000979442265816, 0.125235587358, 1.69785118103, 14.4656677246, 40.4543762207, 85.0864715576, 69.2614593506, 253.565338135, 1012.07397461, 3440.75292969, 2319.51879883, 974.015991211, 732.555908203, 152.778442383, 288.822296143, 309.107299805, 409.312561035, 361.688049316, 338.018218994, 327.735534668, 178.593338013, 202.897644043, 167.137359619, 169.284088135, 771.744812012, 615.721313477, 274.425994873, 441.584259033, 561.545776367, 4767.71923828, 492.369628906, 1142.23327637, 157.230102539, 18.3585700989, 91.2153396606, 1.29032242298, 0.0670742020011, 0.00531519111246, 0.000293332908768, 1.59798332788e-06], "dvar2": [0.00247205817141, 0.32312437892, 4.57894515991, 40.5427131653, 99.5825424194, 203.785247803, 167.091629028, 568.106323242, 2248.51660156, 7150.6875, 5232.54785156, 2395.67358398, 1926.59570313, 375.324462891, 692.17364502, 719.464416504, 1040.28479004, 867.332763672, 865.340698242, 707.776062012, 434.00793457, 472.424499512, 390.287414551, 376.62020874, 1656.43664551, 1264.84802246, 571.290649414, 1042.39367676, 1146.09631348, 12548.25, 957.538635254, 2557.02783203, 367.736663818, 43.4804992676, 214.573562622, 2.99998426437, 0.141624093056, 0.0110372276977, 0.000612590345554, 3.39183497999e-06], "max": [0.530961990356, 5.19678449631, 17.9320926666, 67.1332550049, 113.886734009, 192.147720337, 182.582366943, 335.994140625, 629.944763184, 1135.44848633, 827.941467285, 717.518798828, 1095.20947266, 258.686920166, 550.851745605, 425.572387695, 419.779022217, 356.277862549, 439.152496338, 519.11920166, 375.52355957, 473.367462158, 324.040496826, 220.536209106, 676.022338867, 470.793334961, 344.656921387, 534.243164063, 549.460876465, 2058.21386719, 474.262664795, 916.81854248, 559.396484375, 83.4842529297, 271.033874512, 31.6653575897, 4.65033960342, 1.45383882523, 0.372766673565, 0.0299498699605], "mean": [0.0306721050292, 0.398974865675, 1.24145901203, 3.12399578094, 5.42141866684, 8.95022392273, 8.6408996582, 14.5343112946, 27.7419376373, 52.3962402344, 36.8337287903, 21.1193809509, 13.6927080154, 11.0183801651, 13.4770517349, 15.6978158951, 19.2716579437, 17.4694099426, 15.9259386063, 13.2596769333, 12.9568414688, 14.8962202072, 16.4916000366, 19.4850788116, 37.4452857971, 34.4942016602, 20.8454284668, 17.5867080688, 17.0844287872, 20.1623096466, 13.9604253769, 11.3077459335, 4.7846288681, 2.54774236679, 1.75072288513, 0.473811864853, 0.141928106546, 0.0313836224377, 0.00553362816572, 0.000375666364562], "median": [0.0110101364553, 0.179825022817, 0.66092479229, 1.39760017395, 2.52708268166, 4.31549882889, 4.83493471146, 6.04221630096, 13.3185129166, 21.9899120331, 14.7901763916, 7.97669696808, 5.26587057114, 5.70474910736, 6.70066452026, 6.77900075912, 9.43633747101, 7.78737926483, 7.16903591156, 5.7223777771, 5.76688051224, 7.92133426666, 9.27603149414, 11.5498437881, 19.6681652069, 18.4399204254, 11.2845115662, 7.72627735138, 6.08768224716, 5.45286607742, 4.28025054932, 2.59182786942, 1.63223719597, 0.960164308548, 0.457998931408, 0.160422667861, 0.0469118580222, 0.00814727507532, 0.00110836315434, 8.51643417263e-05], "min": [6.65828138959e-23, 2.79050217731e-22, 7.64402077217e-22, 2.48759705824e-21, 1.07631020705e-20, 1.76292027945e-20, 2.30725811377e-20, 3.75973169321e-20, 5.63998754256e-20, 1.51504824182e-19, 3.26883709354e-19, 1.58352289916e-19, 3.69849977762e-19, 6.63838652859e-19, 7.72363249962e-19, 1.38544077546e-18, 1.27585340637e-18, 1.54037842503e-18, 2.59249508874e-18, 2.93933295356e-18, 4.32076014529e-18, 4.95784596768e-18, 4.90904934257e-18, 6.18206210732e-18, 8.77602647562e-18, 7.05773494251e-18, 9.50263350622e-18, 9.68219373769e-18, 1.02426631966e-17, 1.14776479871e-17, 1.127045496e-17, 9.88584395014e-18, 9.26649742957e-18, 8.36048485028e-18, 5.2338244393e-18, 4.4629136151e-18, 2.32488024029e-18, 8.64227188756e-19, 2.28804981672e-19, 2.64681284716e-20], "var": [0.00242788996547, 0.305292993784, 2.81508302689, 24.1893215179, 74.6451721191, 198.157501221, 151.553512573, 640.138671875, 2011.26367188, 7678.83886719, 4790.58496094, 2164.74780273, 1182.26953125, 294.413360596, 629.15802002, 881.318969727, 841.138916016, 772.936767578, 660.036010742, 798.051391602, 483.625366211, 604.426391602, 480.792388916, 554.465026855, 2442.50683594, 2340.84570313, 1023.81652832, 1314.81628418, 1914.3293457, 6988.70800781, 1214.0111084, 1747.88427734, 279.54019165, 29.913066864, 92.8098449707, 1.5218142271, 0.0983095020056, 0.00719087012112, 0.000369955087081, 1.99635883291e-06]}, "erbbands_crest": {"dmean": 2.52715849876, "dmean2": 4.01090526581, "dvar": 5.89295768738, "dvar2": 13.6026296616, "max": 29.1467952728, "mean": 8.23851394653, "median": 7.26877117157, "min": 2.02544856071, "var": 16.6292724609}, "erbbands_flatness_db": {"dmean": 0.014794585295, "dmean2": 0.0210828445852, "dvar": 0.000192934632651, "dvar2": 0.000380836165277, "max": 0.283809602261, "mean": 0.121745511889, "median": 0.119889356196, "min": 0.028199467808, "var": 0.00138490041718}, "erbbands_kurtosis": {"dmean": 0.723916172981, "dmean2": 1.11719417572, "dvar": 1.92674314976, "dvar2": 3.61273765564, "max": 29.4555912018, "mean": -0.272550880909, "median": -0.810001373291, "min": -1.87881994247, "var": 4.68652677536}, "erbbands_skewness": {"dmean": 0.378723561764, "dmean2": 0.549786031246, "dvar": 0.134298637509, "dvar2": 0.254493951797, "max": 3.81510019302, "mean": 0.0200818218291, "median": 0.0914176851511, "min": -4.06944513321, "var": 0.648028254509}, "erbbands_spread": {"dmean": 9.10660648346, "dmean2": 13.9638652802, "dvar": 78.6419067383, "dvar2": 181.600143433, "max": 123.026298523, "mean": 53.2138633728, "median": 51.4723510742, "min": 5.55176639557, "var": 285.792144775}, "gfcc": {"cov": [[31473.859375, 352.474761963, -2539.74707031, 401.737609863, -1907.68933105, -145.795318604, -857.26574707, -5.02123165131, -485.466430664, 293.433624268, -32.0701217651, -108.609390259, -446.471099854], [352.474761963, 1072.26257324, -260.249511719, 0.99030393362, 161.174789429, -29.3286857605, 2.5810713768, 38.1266059875, -31.3307304382, -8.28558826447, 37.4377059937, -36.4038352966, -21.0328826904], [-2539.74707031, -260.249511719, 842.523193359, 14.9921350479, 315.633148193, 138.35446167, 188.466415405, 34.3583717346, 66.7309799194, 1.34393882751, -41.0356674194, 64.1295776367, 51.5813827515], [401.737609863, 0.99030393362, 14.9921350479, 250.145080566, -8.06772232056, 59.643371582, -15.2831497192, 12.1967000961, 21.8000392914, -14.0969800949, -19.4929523468, -1.25648128986, 20.6999588013], [-1907.68933105, 161.174789429, 315.633148193, -8.06772232056, 407.280578613, 44.1149749756, 115.257835388, 50.8234634399, 39.7528839111, -4.01760149002, -11.1800127029, 28.6507015228, 44.5269584656], [-145.795318604, -29.3286857605, 138.35446167, 59.643371582, 44.1149749756, 189.234939575, 83.4322357178, 20.4548377991, 21.2335853577, 20.5905990601, -9.97641944885, 13.1451873779, 8.68365383148], [-857.26574707, 2.5810713768, 188.466415405, -15.2831497192, 115.257835388, 83.4322357178, 171.819961548, 42.4209098816, 26.2083320618, 13.9304971695, -2.73776984215, 16.3370418549, 13.2051773071], [-5.02123165131, 38.1266059875, 34.3583717346, 12.1967000961, 50.8234634399, 20.4548377991, 42.4209098816, 108.997306824, 39.3759765625, 9.21222019196, 1.72180593014, 10.5020217896, 7.83707523346], [-485.466430664, -31.3307304382, 66.7309799194, 21.8000392914, 39.7528839111, 21.2335853577, 26.2083320618, 39.3759765625, 97.293510437, 24.0947418213, 6.54403114319, 8.60548210144, 16.6618347168], [293.433624268, -8.28558826447, 1.34393882751, -14.0969800949, -4.01760149002, 20.5905990601, 13.9304971695, 9.21222019196, 24.0947418213, 99.5748596191, 31.0803813934, -3.84979152679, -4.40628242493], [-32.0701217651, 37.4377059937, -41.0356674194, -19.4929523468, -11.1800127029, -9.97641944885, -2.73776984215, 1.72180593014, 6.54403114319, 31.0803813934, 85.2143936157, 8.53834819794, -8.90779304504], [-108.609390259, -36.4038352966, 64.1295776367, -1.25648128986, 28.6507015228, 13.1451873779, 16.3370418549, 10.5020217896, 8.60548210144, -3.84979152679, 8.53834819794, 79.8059310913, 22.5455665588], [-446.471099854, -21.0328826904, 51.5813827515, 20.6999588013, 44.5269584656, 8.68365383148, 13.2051773071, 7.83707523346, 16.6618347168, -4.40628242493, -8.90779304504, 22.5455665588, 75.4597473145]], "icov": [[6.99062220519e-05, -2.87667444354e-05, 9.4179820735e-05, -0.000128277839394, 0.000211646794924, -5.61885426578e-05, 0.000163473130669, -0.000245147821261, 0.000333516043611, -0.000360605947208, 0.000240088105784, -0.000213968683966, 0.000252409343375], [-2.87667444354e-05, 0.00140010926407, 0.000806224590633, -0.000118666779599, -0.00132655631751, -7.3929062637e-05, -0.000237435757299, -0.000222552756895, 0.000363882922102, 0.000324181921314, -0.000615586643107, 0.000479211623315, 0.000280174950603], [9.4179820735e-05, 0.000806224590633, 0.00281670852564, -0.000270656397333, -0.00165954302065, -0.000778470188379, -0.00112830498256, 0.000343947613146, -0.000110202745418, -0.000349892652594, 0.000938677345403, -0.00114181824028, 0.00061722821556], [-0.000128277839394, -0.000118666779599, -0.000270656397333, 0.00521676475182, -8.39296335471e-05, -0.00212542084046, 0.0013981302036, -5.35100298293e-05, -0.00172528217081, 0.00170425360557, 8.54939717101e-05, 0.000931329850573, -0.00177079695277], [0.000211646794924, -0.00132655631751, -0.00165954302065, -8.39296335471e-05, 0.00569475349039, 0.000495799060445, -0.000662616454065, -0.00147102004848, 0.000496791792102, -0.000836557184812, 0.000895607518032, -0.000702635501511, -0.000951627385803], [-5.61885426578e-05, -7.3929062637e-05, -0.000778470188379, -0.00212542084046, 0.000495799060445, 0.00825571361929, -0.00388373923488, 0.000420450989623, -0.000103752638097, -0.00151284923777, 0.000698334770277, -0.000547683564946, 0.000336132827215], [0.000163473130669, -0.000237435757299, -0.00112830498256, 0.0013981302036, -0.000662616454065, -0.00388373923488, 0.0110718393698, -0.00320541788824, 0.000826556119137, -0.00101263890974, 0.000182598145329, -0.000182484902325, 0.000356508768164], [-0.000245147821261, -0.000222552756895, 0.000343947613146, -5.35100298293e-05, -0.00147102004848, 0.000420450989623, -0.00320541788824, 0.0129843764007, -0.00558506138623, 0.00121780438349, -0.000341513339663, -0.000529790122528, -0.00027859560214], [0.000333516043611, 0.000363882922102, -0.000110202745418, -0.00172528217081, 0.000496791792102, -0.000103752638097, 0.000826556119137, -0.00558506138623, 0.0157081373036, -0.0046723796986, 0.000194345091586, -0.000642704835627, -0.000748748308979], [-0.000360605947208, 0.000324181921314, -0.000349892652594, 0.00170425360557, -0.000836557184812, -0.00151284923777, -0.00101263890974, 0.00121780438349, -0.0046723796986, 0.0146779045463, -0.00578942988068, 0.00272085820325, -0.00116070033982], [0.000240088105784, -0.000615586643107, 0.000938677345403, 8.54939717101e-05, 0.000895607518032, 0.000698334770277, 0.000182598145329, -0.000341513339663, 0.000194345091586, -0.00578942988068, 0.0155284022912, -0.00382457766682, 0.00257332366891], [-0.000213968683966, 0.000479211623315, -0.00114181824028, 0.000931329850573, -0.000702635501511, -0.000547683564946, -0.000182484902325, -0.000529790122528, -0.000642704835627, 0.00272085820325, -0.00382457766682, 0.0158410016447, -0.00492640212178], [0.000252409343375, 0.000280174950603, 0.00061722821556, -0.00177079695277, -0.000951627385803, 0.000336132827215, 0.000356508768164, -0.00027859560214, -0.000748748308979, -0.00116070033982, 0.00257332366891, -0.00492640212178, 0.0172500759363]], "mean": [-7.42833566666, 48.4482460022, -100.243049622, 32.1982688904, -68.5048370361, 2.42267942429, -36.3116073608, 6.54567050934, -24.3365898132, 6.54708909988, -12.5691995621, -4.80408000946, -17.9351062775]}, "hfc": {"dmean": 9.94506835938, "dmean2": 13.1719055176, "dvar": 716.04699707, "dvar2": 1403.5098877, "max": 643.191101074, "mean": 30.4053077698, "median": 21.8059139252, "min": 1.04901020346e-16, "var": 1953.38378906}, "melbands": {"dmean": [0.00019755899848, 0.00036473563523, 0.000367505708709, 0.00032575277146, 0.000177405323484, 0.000185092547326, 0.000270604010439, 0.000324193882989, 0.000168750193552, 7.56198278395e-05, 4.29832907685e-05, 2.6713079933e-05, 2.78577936115e-05, 2.3806695026e-05, 2.1956891942e-05, 2.42335427174e-05, 1.85610133485e-05, 1.62773794727e-05, 1.01855093817e-05, 9.34077525017e-06, 8.19541310193e-06, 7.67098845245e-06, 7.93824074208e-06, 7.31782029106e-06, 7.12690052751e-06, 1.27388830151e-05, 1.30056096168e-05, 9.65359049587e-06, 5.92624246565e-06, 5.51902712687e-06, 5.48021398572e-06, 4.50513061878e-06, 6.88342697686e-06, 6.38743995296e-06, 4.25119878855e-06, 5.77726405027e-06, 3.44025011145e-06, 2.1334531084e-06, 1.35617335673e-06, 1.29489649225e-06], "dmean2": [0.000318495760439, 0.000603154709097, 0.000604110886343, 0.000516925647389, 0.000278187508229, 0.000285176938633, 0.000412026245613, 0.000486020115204, 0.000254783517448, 0.000118241267046, 6.88836007612e-05, 4.27899358328e-05, 4.42724340246e-05, 3.72492213501e-05, 3.45895896317e-05, 3.83933765988e-05, 2.90360349027e-05, 2.57244173554e-05, 1.59419378178e-05, 1.44361029015e-05, 1.24349335238e-05, 1.18234947877e-05, 1.20214299386e-05, 1.13100340968e-05, 1.07781606857e-05, 1.89421971299e-05, 1.89046113519e-05, 1.4385202121e-05, 8.87906753633e-06, 8.25053484732e-06, 8.3938566604e-06, 6.6820794018e-06, 1.04995579022e-05, 1.01134792203e-05, 6.2495560087e-06, 8.36643903313e-06, 5.08468656335e-06, 3.24554321196e-06, 1.99600708584e-06, 1.97274266611e-06], "dvar": [1.13718165551e-07, 3.02476109937e-07, 4.05469762654e-07, 2.95382022841e-07, 8.02576423098e-08, 1.1081684903e-07, 2.38822678966e-07, 3.47533017475e-07, 1.295557297e-07, 3.57862752765e-08, 1.796085769e-08, 2.73093547776e-09, 3.53658413665e-09, 2.46591058684e-09, 1.72790848296e-09, 2.18437867794e-09, 1.47504175541e-09, 1.38173839037e-09, 4.08086342496e-10, 5.31550303773e-10, 3.04257730122e-10, 2.82740608704e-10, 2.08639855392e-10, 1.36022110242e-10, 1.36783251392e-10, 4.60900706489e-10, 5.25001209173e-10, 2.98437219381e-10, 1.31010355342e-10, 1.46110304411e-10, 2.17840995242e-10, 1.46539738677e-10, 1.10545816945e-09, 1.41086742289e-09, 1.75661318824e-10, 7.91652410292e-10, 2.23588869641e-10, 1.84355530841e-10, 1.29557840151e-11, 1.69211103462e-11], "dvar2": [2.84630061742e-07, 8.17323552837e-07, 1.09875747967e-06, 6.96450456417e-07, 1.9124574635e-07, 2.52164795711e-07, 5.29038345576e-07, 7.37659206607e-07, 2.97303813568e-07, 8.77058141668e-08, 4.7190205521e-08, 6.79947698146e-09, 8.58980264695e-09, 5.91380766579e-09, 4.48532588848e-09, 5.26711030346e-09, 3.51093887296e-09, 3.55929041795e-09, 9.50828638047e-10, 1.16470666445e-09, 7.27848392668e-10, 6.74080846697e-10, 4.5254947012e-10, 3.32184335594e-10, 3.17057713417e-10, 1.02908670474e-09, 1.12126352647e-09, 6.24252649573e-10, 2.77854850239e-10, 3.28563759533e-10, 5.46864942219e-10, 3.26394883343e-10, 2.60249510831e-09, 3.89564203118e-09, 3.89676901857e-10, 1.77747916386e-09, 4.98274921323e-10, 4.46252590436e-10, 2.58016889104e-11, 4.43146110085e-11], "max": [0.00582270184532, 0.00673561310396, 0.00982976239175, 0.0111145125702, 0.00502469530329, 0.00656848261133, 0.0100817037746, 0.011542564258, 0.00673487829044, 0.00390062388033, 0.00533778872341, 0.0011008704314, 0.0015063182218, 0.00101765885483, 0.000645359104965, 0.00145032675937, 0.000809430144727, 0.00103000632953, 0.000421409553383, 0.000582775159273, 0.000592014228459, 0.000518018030562, 0.000312993506668, 0.000214656378375, 0.000201596194529, 0.000449065555586, 0.000542630034033, 0.000379425735446, 0.000247714982834, 0.000282437860733, 0.000343276333297, 0.000311163486913, 0.000921799219213, 0.00112283963244, 0.000423736142693, 0.000891204865184, 0.000390635337681, 0.000646782922558, 0.000127056540805, 9.08491856535e-05], "mean": [0.000364485575119, 0.000629096582998, 0.000598733779043, 0.000531756901182, 0.000331503950292, 0.000319154758472, 0.000459234113805, 0.00053984625265, 0.000267047609668, 0.000121753037092, 6.50684160064e-05, 4.24937097705e-05, 4.51990563306e-05, 4.10427091992e-05, 3.84789236705e-05, 4.25435173383e-05, 3.08694907289e-05, 2.62167559413e-05, 1.78559548658e-05, 1.61517691595e-05, 1.54315966938e-05, 1.51749973156e-05, 1.56920614245e-05, 1.39370076795e-05, 1.4658928194e-05, 2.6225214242e-05, 2.83755780401e-05, 2.08569490496e-05, 1.25971346279e-05, 1.09250731839e-05, 1.02787771539e-05, 8.89182774699e-06, 1.21193006635e-05, 1.01969426396e-05, 7.60020884627e-06, 8.94828281162e-06, 5.59769614483e-06, 3.53499490302e-06, 2.34971912505e-06, 2.02502405955e-06], "median": [0.000148617444211, 0.000370457826648, 0.000287554692477, 0.000264330417849, 0.000192145264009, 0.000134708534461, 0.000231580939726, 0.000232331032748, 9.69909960986e-05, 4.17924929934e-05, 2.315369602e-05, 2.08419078263e-05, 1.99757396331e-05, 1.5270210497e-05, 1.7350559574e-05, 1.83945285244e-05, 1.05671833808e-05, 9.84636153589e-06, 8.02130580269e-06, 5.8777563936e-06, 6.2809267547e-06, 7.36104857424e-06, 6.9549150794e-06, 7.9926185208e-06, 7.65912045608e-06, 1.33884868774e-05, 1.3692129869e-05, 1.02984286059e-05, 6.20389118922e-06, 4.89971262141e-06, 4.07602283303e-06, 3.14303019877e-06, 3.14731528306e-06, 2.70387454293e-06, 2.51990309152e-06, 1.81698908364e-06, 1.36597748224e-06, 1.10621704152e-06, 8.87860664989e-07, 7.26132100226e-07], "min": [7.10398334397e-25, 4.72149028993e-25, 4.61473768793e-25, 1.5667247936e-24, 9.32252053355e-25, 6.81982085477e-25, 9.82759563065e-25, 1.44360796238e-24, 2.17986742522e-24, 6.8373651213e-25, 1.6526527496e-24, 1.81318081622e-24, 2.48844279286e-24, 2.59403853034e-24, 2.46925177919e-24, 2.52999328003e-24, 2.54645877927e-24, 2.57876716929e-24, 3.25468232276e-24, 4.76378348964e-24, 4.34323819119e-24, 3.91182475605e-24, 3.35459037312e-24, 3.59073943497e-24, 4.34036082104e-24, 5.29925517236e-24, 5.42365498724e-24, 3.76275804953e-24, 3.48038371078e-24, 5.46713857805e-24, 4.25422470437e-24, 5.63739645507e-24, 4.98168264888e-24, 5.53032673099e-24, 6.33880936794e-24, 4.84021188401e-24, 5.3283077362e-24, 5.25386332701e-24, 6.2369780747e-24, 6.31247324662e-24], "var": [2.98541039001e-07, 5.72482065309e-07, 7.58113117172e-07, 6.61035187477e-07, 1.95911127321e-07, 2.77476857491e-07, 4.86211888528e-07, 7.54877987674e-07, 2.62796390871e-07, 7.66342864722e-08, 2.87931172238e-08, 4.83904916138e-09, 7.45682893211e-09, 6.13158013252e-09, 3.63636654122e-09, 5.11668085679e-09, 3.07147063339e-09, 2.49929588136e-09, 9.75786118573e-10, 1.20178467178e-09, 7.84298792578e-10, 7.57933382722e-10, 6.03684602307e-10, 3.37810612816e-10, 3.84946102772e-10, 1.28613475425e-09, 1.77784709177e-09, 1.02343200581e-09, 4.1856934585e-10, 4.3984330067e-10, 5.14806586249e-10, 4.52721388156e-10, 2.10378958698e-09, 1.76454084677e-09, 3.46263018258e-10, 1.213319889e-09, 3.52526868808e-10, 3.0278746177e-10, 2.74453307303e-11, 2.29082412762e-11]}, "melbands_crest": {"dmean": 3.22948718071, "dmean2": 5.25568675995, "dvar": 8.23068618774, "dvar2": 20.3228302002, "max": 33.1625976563, "mean": 12.3303747177, "median": 11.4538698196, "min": 1.09225702286, "var": 24.0981998444}, "melbands_flatness_db": {"dmean": 0.0236349608749, "dmean2": 0.0349819585681, "dvar": 0.000460569455754, "dvar2": 0.00100484257564, "max": 0.386857897043, "mean": 0.144777998328, "median": 0.139666929841, "min": 0.000722394441254, "var": 0.00273257936351}, "melbands_kurtosis": {"dmean": 5.67615175247, "dmean2": 8.92213058472, "dvar": 85.5391693115, "dvar2": 207.823989868, "max": 191.974060059, "mean": 11.826051712, "median": 7.32931947708, "min": -1.8567545414, "var": 253.818649292}, "melbands_skewness": {"dmean": 0.647369027138, "dmean2": 0.988618671894, "dvar": 0.457164406776, "dvar2": 1.04288709164, "max": 11.1780033112, "mean": 2.65736627579, "median": 2.40932321548, "min": -3.0418639183, "var": 2.22881031036}, "melbands_spread": {"dmean": 12.1513595581, "dmean2": 18.2217578888, "dvar": 295.018188477, "dvar2": 598.088317871, "max": 224.238937378, "mean": 38.454875946, "median": 28.9391860962, "min": 1.49446117878, "var": 1094.99597168}, "mfcc": {"cov": [[14214.3242188, 521.162719727, -317.802642822, 81.8054351807, -645.34777832, -302.630828857, -316.525939941, -343.828552246, -459.853881836, 86.7414169312, 18.1846084595, 9.43929481506, 102.144744873], [521.162719727, 1069.79675293, -174.941802979, 88.4337387085, 110.421302795, -32.8416099548, 100.310592651, 11.8170490265, 1.57592964172, -2.70380616188, 56.8621940613, -19.4741592407, 34.5348434448], [-317.802642822, -174.941802979, 426.559356689, 32.2262649536, 45.4484710693, 131.010421753, 49.1923484802, 65.4150772095, 75.8746032715, 10.5707159042, 6.75964021683, 37.9816589355, -15.0214710236], [81.8054351807, 88.4337387085, 32.2262649536, 187.158615112, 83.6314620972, 13.7808189392, 4.77336931229, 25.9464492798, 29.9165344238, 10.3743152618, -17.3997745514, -3.110257864, 9.62936782837], [-645.34777832, 110.421302795, 45.4484710693, 83.6314620972, 222.992370605, 41.4734458923, 43.0229606628, 45.0136909485, 69.6396255493, 3.97629284859, 5.73978757858, -5.32658815384, 12.8099431992], [-302.630828857, -32.8416099548, 131.010421753, 13.7808189392, 41.4734458923, 178.197906494, 62.7643318176, 38.7637519836, 59.0705299377, 3.79086971283, 18.0898113251, 18.62059021, -8.88167190552], [-316.525939941, 100.310592651, 49.1923484802, 4.77336931229, 43.0229606628, 62.7643318176, 140.66456604, 44.6969909668, 41.580619812, 15.0335988998, 23.1011867523, 6.50075340271, 6.79563808441], [-343.828552246, 11.8170490265, 65.4150772095, 25.9464492798, 45.0136909485, 38.7637519836, 44.6969909668, 138.170272827, 60.7114257813, 0.625670433044, 3.61392951012, 7.75780582428, 4.33285140991], [-459.853881836, 1.57592964172, 75.8746032715, 29.9165344238, 69.6396255493, 59.0705299377, 41.580619812, 60.7114257813, 149.759521484, 18.296749115, 9.56450939178, 5.3084487915, 6.98488998413], [86.7414169312, -2.70380616188, 10.5707159042, 10.3743152618, 3.97629284859, 3.79086971283, 15.0335988998, 0.625670433044, 18.296749115, 101.365943909, 26.8171443939, 1.11423206329, -2.43865394592], [18.1846084595, 56.8621940613, 6.75964021683, -17.3997745514, 5.73978757858, 18.0898113251, 23.1011867523, 3.61392951012, 9.56450939178, 26.8171443939, 89.5032501221, 25.3466663361, 7.91127252579], [9.43929481506, -19.4741592407, 37.9816589355, -3.110257864, -5.32658815384, 18.62059021, 6.50075340271, 7.75780582428, 5.3084487915, 1.11423206329, 25.3466663361, 77.0910263062, 14.5880098343], [102.144744873, 34.5348434448, -15.0214710236, 9.62936782837, 12.8099431992, -8.88167190552, 6.79563808441, 4.33285140991, 6.98488998413, -2.43865394592, 7.91127252579, 14.5880098343, 85.2988204956]], "icov": [[0.000100880024547, -8.57202976476e-05, -4.32708075095e-05, -0.000168060418218, 0.000319389015203, -9.07346657186e-06, 0.00016400552704, 8.93688265933e-05, 0.000164085082361, -0.000130122585688, -2.79080686596e-05, 1.15893835755e-05, -0.000157811184181], [-8.57202976476e-05, 0.00137554726098, 0.000623627682216, -0.000534439983312, -0.000660576624796, 0.000327518006088, -0.00123583641835, -6.96015740687e-06, 2.10706111829e-05, 0.00054533907678, -0.000967702362686, 0.000318705715472, -2.8816775739e-06], [-4.32708075095e-05, 0.000623627682216, 0.00359626160935, -0.000456812122138, -0.000310182658723, -0.00183775054757, -0.000470274389954, -0.000711671018507, -0.000575523998123, -2.6919060474e-05, 0.000153031622176, -0.00122797803488, 0.000655236071907], [-0.000168060418218, -0.000534439983312, -0.000456812122138, 0.00747180683538, -0.00286609260365, -0.000231578684179, 0.000987871433608, -0.000779193418566, -0.000284144771285, -0.00119561306201, 0.00240527791902, -0.00043226435082, -0.000299192703096], [0.000319389015203, -0.000660576624796, -0.000310182658723, -0.00286609260365, 0.00757110537961, -0.00039150446537, -0.00017765458324, -9.81320554274e-05, -0.001531397691, 0.000183764568646, -0.000613160897046, 0.000963989063166, -0.000982064404525], [-9.07346657186e-06, 0.000327518006088, -0.00183775054757, -0.000231578684179, -0.00039150446537, 0.00891690887511, -0.00296742119826, 0.000243355345447, -0.0017436882481, 0.00100835924968, -0.00115177128464, -0.000716753362212, 0.00119310047012], [0.00016400552704, -0.00123583641835, -0.000470274389954, 0.000987871433608, -0.00017765458324, -0.00296742119826, 0.0108393207192, -0.00196975003928, -0.000138610630529, -0.00152715435252, -0.000672719848808, 0.000363988801837, -0.000968347303569], [8.93688265933e-05, -6.96015740687e-06, -0.000711671018507, -0.000779193418566, -9.81320554274e-05, 0.000243355345447, -0.00196975003928, 0.0097769126296, -0.00275796931237, 0.000761242990848, 0.000158039518283, -0.000424209662015, -0.000135693830089], [0.000164085082361, 2.10706111829e-05, -0.000575523998123, -0.000284144771285, -0.001531397691, -0.0017436882481, -0.000138610630529, -0.00275796931237, 0.0103397881612, -0.0017689781962, -5.44338581676e-05, 0.00038894629688, -0.00103348016273], [-0.000130122585688, 0.00054533907678, -2.6919060474e-05, -0.00119561306201, 0.000183764568646, 0.00100835924968, -0.00152715435252, 0.000761242990848, -0.0017689781962, 0.0117084030062, -0.00410484848544, 0.00107141584158, 0.000902731379028], [-2.79080686596e-05, -0.000967702362686, 0.000153031622176, 0.00240527791902, -0.000613160897046, -0.00115177128464, -0.000672719848808, 0.000158039518283, -5.44338581676e-05, -0.00410484848544, 0.0153360329568, -0.00482513988391, -0.00051172071835], [1.15893835755e-05, 0.000318705715472, -0.00122797803488, -0.00043226435082, 0.000963989063166, -0.000716753362212, 0.000363988801837, -0.000424209662015, 0.00038894629688, 0.00107141584158, -0.00482513988391, 0.0159682258964, -0.00282183894888], [-0.000157811184181, -2.8816775739e-06, 0.000655236071907, -0.000299192703096, -0.000982064404525, 0.00119310047012, -0.000968347303569, -0.000135693830089, -0.00103348016273, 0.000902731379028, -0.00051172071835, -0.00282183894888, 0.0130590517074]], "mean": [-644.436706543, 83.2498474121, 14.6809129715, 25.5846576691, -7.12788391113, -2.3938498497, -2.49961948395, -4.51774692535, -7.98275899887, 4.18959903717, 1.64038896561, 1.87057483196, 1.43607163429]}, "pitch_salience": {"dmean": 0.0698977336287, "dmean2": 0.11004896462, "dvar": 0.00383961293846, "dvar2": 0.00959803629667, "max": 0.996079802513, "mean": 0.57461643219, "median": 0.58159673214, "min": 0.106729000807, "var": 0.0123403063044}, "silence_rate_20dB": {"dmean": 0, "dmean2": 0, "dvar": 0, "dvar2": 0, "max": 1, "mean": 1, "median": 1, "min": 1, "var": 0}, "silence_rate_30dB": {"dmean": 0.000562587927561, "dmean2": 0.00112533406354, "dvar": 0.00056222040439, "dvar2": 0.00140519707929, "max": 1, "mean": 0.999578118324, "median": 1, "min": 0, "var": 0.000421744014602}, "silence_rate_60dB": {"dmean": 0.0222222227603, "dmean2": 0.0444506965578, "dvar": 0.0217278655618, "dvar2": 0.0489444583654, "max": 1, "mean": 0.122486285865, "median": 0, "min": 0, "var": 0.107480034232}, "spectral_centroid": {"dmean": 366.352874756, "dmean2": 531.971679688, "dvar": 142485.953125, "dvar2": 265806.46875, "max": 11806.1660156, "mean": 2065.82714844, "median": 1862.18395996, "min": 320.036621094, "var": 1752071}, "spectral_complexity": {"dmean": 3.54796051979, "dmean2": 4.84850168228, "dvar": 12.8517475128, "dvar2": 21.3794269562, "max": 58, "mean": 19.5539302826, "median": 20, "min": 0, "var": 124.729728699}, "spectral_contrast_coeffs": {"dmean": [0.051653534174, 0.0483690276742, 0.0373786985874, 0.0306089781225, 0.0231432951987, 0.0178769994527], "dmean2": [0.0841494053602, 0.077847160399, 0.0608019605279, 0.0484684407711, 0.0353853739798, 0.0276961103082], "dvar": [0.00184531498235, 0.00160359696019, 0.000905512133613, 0.000628875219263, 0.000397974072257, 0.000263661262579], "dvar2": [0.00487872073427, 0.00403816718608, 0.002311501652, 0.00149382569361, 0.000849908741657, 0.000597036618274], "max": [-0.249437630177, -0.412811219692, -0.496411323547, -0.538882613182, -0.55481159687, -0.586154282093], "mean": [-0.638244152069, -0.731016397476, -0.779600560665, -0.776819229126, -0.77020150423, -0.759143650532], "median": [-0.643400847912, -0.729593455791, -0.783057630062, -0.774407505989, -0.767344713211, -0.758914351463], "min": [-0.976856052876, -0.996212720871, -0.99673718214, -0.985876560211, -0.987202048302, -0.964151084423], "var": [0.00920062605292, 0.0074570174329, 0.00431346148252, 0.00391893507913, 0.0037294824142, 0.00274215545505]}, "spectral_contrast_valleys": {"dmean": [0.414607852697, 0.354445725679, 0.327080249786, 0.292353123426, 0.252848386765, 0.314467549324], "dmean2": [0.682033717632, 0.566454410553, 0.502787470818, 0.425155758858, 0.331180095673, 0.379993885756], "dvar": [0.157214000821, 0.118542775512, 0.110095232725, 0.0976308807731, 0.0873475521803, 0.13761985302], "dvar2": [0.343839585781, 0.226932227612, 0.196811378002, 0.155221328139, 0.126001909375, 0.215544581413], "max": [-5.65757226944, -4.88616847992, -5.67147445679, -6.07260513306, -5.54960680008, -7.17245340347], "mean": [-8.00641822815, -7.00302457809, -7.94400644302, -8.34780216217, -7.7574839592, -9.92974662781], "median": [-7.44885587692, -6.4595208168, -7.46031188965, -7.86726665497, -7.26019430161, -9.49667739868], "min": [-28.3176803589, -28.1261482239, -27.893705368, -27.7009143829, -27.531167984, -27.4343395233], "var": [6.63526010513, 7.08860635757, 6.46562719345, 6.24446678162, 6.5920085907, 5.64217376709]}, "spectral_decrease": {"dmean": 1.27519872439e-09, "dmean2": 1.85676019004e-09, "dvar": 1.97474192483e-18, "dvar2": 4.22432122562e-18, "max": 1.88843906987e-28, "mean": -4.48525483421e-09, "median": -4.12875245104e-09, "min": -1.98130187812e-08, "var": 1.0209300521e-17}, "spectral_energy": {"dmean": 0.00536918733269, "dmean2": 0.00763696013018, "dvar": 3.70024390577e-05, "dvar2": 7.53106796765e-05, "max": 0.118838481605, "mean": 0.0196862090379, "median": 0.0180935114622, "min": 9.9134009811e-21, "var": 0.000203828225494}, "spectral_energyband_high": {"dmean": 0.00107416836545, "dmean2": 0.00145581713878, "dvar": 1.12603429443e-05, "dvar2": 2.17553933908e-05, "max": 0.0805730596185, "mean": 0.00256021087989, "median": 0.00116305379197, "min": 6.84213348886e-21, "var": 3.17259691656e-05}, "spectral_energyband_low": {"dmean": 0.00172829150688, "dmean2": 0.00282514095306, "dvar": 6.41940278001e-06, "dvar2": 1.74445267476e-05, "max": 0.0342170074582, "mean": 0.00339414528571, "median": 0.00215555215254, "min": 6.85395881044e-24, "var": 1.46506963574e-05}, "spectral_energyband_middle_high": {"dmean": 0.00112024950795, "dmean2": 0.00151672784705, "dvar": 1.73367595835e-06, "dvar2": 3.22477717418e-06, "max": 0.0211848281324, "mean": 0.00375048373826, "median": 0.00312726339325, "min": 1.26266909171e-21, "var": 1.0460113117e-05}, "spectral_energyband_middle_low": {"dmean": 0.00408781552687, "dmean2": 0.00606906600296, "dvar": 2.30966052186e-05, "dvar2": 5.19495843037e-05, "max": 0.0652381181717, "mean": 0.0107029564679, "median": 0.00894729048014, "min": 1.71259518956e-22, "var": 8.31667639432e-05}, "spectral_entropy": {"dmean": 0.144422754645, "dmean2": 0.196700319648, "dvar": 0.0200046654791, "dvar2": 0.0360113531351, "max": 9.81859397888, "mean": 7.85684585571, "median": 7.82045269012, "min": 6.46982765198, "var": 0.165691390634}, "spectral_flux": {"dmean": 0.0155686372891, "dmean2": 0.0239633210003, "dvar": 0.000242389520281, "dvar2": 0.000560656073503, "max": 0.27881616354, "mean": 0.0712098032236, "median": 0.0714332014322, "min": 6.27746743476e-11, "var": 0.00130984943826}, "spectral_kurtosis": {"dmean": 0.662860572338, "dmean2": 1.0458124876, "dvar": 0.47417190671, "dvar2": 1.15479636192, "max": 9.9530544281, "mean": 2.59014558792, "median": 2.57191228867, "min": -1.27051413059, "var": 1.74491918087}, "spectral_rms": {"dmean": 0.000582426029723, "dmean2": 0.000811739650089, "dvar": 3.11919535534e-07, "dvar2": 5.97239477429e-07, "max": 0.0107675427571, "mean": 0.00400075037032, "median": 0.00420145271346, "min": 3.10992139159e-12, "var": 3.20007393384e-06}, "spectral_rolloff": {"dmean": 1048.35961914, "dmean2": 1669.2833252, "dvar": 2536933.25, "dvar2": 5217824, "max": 19595.2148438, "mean": 3111.87597656, "median": 2390.18554688, "min": 86.1328125, "var": 9105802}, "spectral_skewness": {"dmean": 0.136858910322, "dmean2": 0.203508466482, "dvar": 0.0183046553284, "dvar2": 0.0357159711421, "max": 2.35891795158, "mean": 1.17789638042, "median": 1.22099387646, "min": -0.263911992311, "var": 0.119849316776}, "spectral_spread": {"dmean": 597308.3125, "dmean2": 832418.5, "dvar": 748902154240, "dvar2": 1402371571710.0, "max": 42600000, "mean"