{"lowlevel": {"average_loudness": 0.48186185956, "barkbands": {"dmean": [4.11849669035e-06, 0.000923898362089, 0.00160338054411, 0.000806361727882, 0.000476510904264, 0.00047207577154, 0.000452585925814, 0.00042497026152, 0.000327334797475, 0.00041775952559, 0.000410778215155, 0.000228079166845, 0.000366401218344, 0.000273005920462, 0.000214941319427, 0.000175429158844, 0.000168291284353, 0.000166618527146, 0.000132682180265, 0.000201487360755, 5.07622535224e-05, 2.54521073657e-05, 3.54322874045e-05, 4.3242569518e-05, 1.95129687199e-05, 7.8112434494e-06, 7.97454902113e-07], "dmean2": [7.08763172952e-06, 0.00161481683608, 0.00261180917732, 0.00134121114388, 0.000777207547799, 0.000718022754882, 0.000720281794202, 0.000674108683597, 0.00052497535944, 0.000656933523715, 0.000671687303111, 0.000369431218132, 0.000577304861508, 0.000420991244027, 0.000340790953487, 0.000284911657218, 0.000272728793789, 0.000270190939773, 0.000212466009543, 0.000320796854794, 8.22230358608e-05, 3.67790853488e-05, 5.28780183231e-05, 6.36038530502e-05, 2.73965215456e-05, 1.05870713014e-05, 1.29221143652e-06], "dvar": [1.25871688073e-10, 7.25717291061e-06, 2.89403396891e-05, 9.66725201579e-06, 1.25994768041e-06, 1.16567093755e-06, 1.06760387553e-06, 7.92476782863e-07, 7.58025578307e-07, 1.44700061355e-06, 1.37859944971e-06, 3.96634703748e-07, 1.07817436401e-06, 7.08154402673e-07, 4.13309408032e-07, 4.14969235862e-07, 2.0564505121e-07, 1.92404243649e-07, 7.4036954345e-08, 1.78273268148e-07, 1.99721164051e-08, 9.93437687669e-09, 1.93108977697e-08, 3.78716400462e-08, 9.84816939109e-09, 1.89459825606e-09, 2.11822833579e-11], "dvar2": [3.50982659603e-10, 2.09447498491e-05, 6.81430246914e-05, 2.43611084443e-05, 3.35253776029e-06, 2.75967181551e-06, 2.70534815172e-06, 1.97702570404e-06, 1.89785407656e-06, 3.34578339789e-06, 3.61369916391e-06, 9.43909753914e-07, 2.63706897385e-06, 1.58563921104e-06, 9.88180659078e-07, 1.15254806587e-06, 5.0294141829e-07, 5.03288219988e-07, 1.93082769329e-07, 4.51258301837e-07, 5.17261078414e-08, 1.74008878417e-08, 3.46186581623e-08, 7.51258824039e-08, 1.7905362526e-08, 3.53806339781e-09, 5.07875165534e-11], "max": [0.000362294813385, 0.0407466217875, 0.0870232880116, 0.0866463780403, 0.0244780667126, 0.0324919000268, 0.0212525762618, 0.0165117066354, 0.0213876962662, 0.0238273888826, 0.0253304056823, 0.0125006996095, 0.0233843661845, 0.0240915305912, 0.0120965130627, 0.0196346081793, 0.0182823427022, 0.0143617885187, 0.00546167045832, 0.00822412036359, 0.00445744907483, 0.00428200373426, 0.00467724446207, 0.00541353179142, 0.00334197073244, 0.00198326515965, 0.000147985192598], "mean": [5.5783461903e-06, 0.00158208003268, 0.00244790059514, 0.00115093868226, 0.000943633553106, 0.000996282091364, 0.000852705561556, 0.000914632109925, 0.000533561687917, 0.000861209176946, 0.00070284382673, 0.000374227791326, 0.00068947894033, 0.000489950296469, 0.00037653837353, 0.0003819995909, 0.000342112558428, 0.000346069282386, 0.000331111834385, 0.000512373109814, 0.000115600807476, 6.29568457953e-05, 8.88256108738e-05, 9.62975609582e-05, 3.99865930376e-05, 1.33703306346e-05, 8.19051763301e-07], "median": [1.14892873171e-06, 0.00045444178977, 0.00057197723072, 0.000336731231073, 0.000451585074188, 0.000333607167704, 0.000274789286777, 0.000240349530941, 0.000143809244037, 0.000116599752801, 0.000109549939225, 7.61639530538e-05, 9.50072644628e-05, 7.62373310863e-05, 5.33966885996e-05, 3.96131908929e-05, 7.34655332053e-05, 7.6156531577e-05, 8.65555484779e-05, 0.00014844344696, 2.73478399322e-05, 1.46936099554e-05, 2.07511766348e-05, 2.22836442845e-05, 9.42668339121e-06, 2.76587911685e-06, 6.34719015125e-08], "min": [6.4516412279e-25, 6.3525343644e-24, 6.51612222525e-25, 2.96509897863e-24, 1.05601795933e-23, 9.25266236445e-24, 1.64922211185e-23, 9.3231234205e-24, 2.7889735542e-23, 2.51892784922e-23, 1.34800267494e-23, 3.4323571489e-23, 3.04936202397e-23, 4.48028439302e-23, 3.80664009399e-23, 7.82202540528e-23, 7.09458899667e-23, 1.02294048515e-22, 1.47865135682e-22, 1.80734268543e-22, 2.4263920038e-22, 3.28941542666e-22, 4.04106784557e-22, 6.22800812667e-22, 9.5791927506e-22, 1.31101523377e-21, 2.04358544818e-21], "var": [1.37795719279e-10, 8.12937832961e-06, 3.56871714757e-05, 1.08478279799e-05, 2.23525557885e-06, 3.94577364204e-06, 2.60312208411e-06, 3.06937613459e-06, 1.45429203258e-06, 5.17183889315e-06, 3.33374691763e-06, 8.29588771012e-07, 2.88572914542e-06, 2.36117853092e-06, 9.52056666392e-07, 1.2395472595e-06, 5.62035268104e-07, 5.42685143046e-07, 3.37994720212e-07, 7.47644151033e-07, 5.01598798053e-08, 2.47811797749e-08, 4.63409151052e-08, 7.44300834299e-08, 1.80555339568e-08, 3.25200244511e-09, 2.69127949093e-11]}, "barkbands_crest": {"dmean": 2.04027271271, "dmean2": 3.26008653641, "dvar": 4.54226922989, "dvar2": 11.0968418121, "max": 26.0493030548, "mean": 10.0255346298, "median": 8.90422153473, "min": 2.58905768394, "var": 20.5417995453}, "barkbands_flatness_db": {"dmean": 0.0160559173673, "dmean2": 0.0244542658329, "dvar": 0.000359538564226, "dvar2": 0.000829859054647, "max": 0.419977217913, "mean": 0.145624950528, "median": 0.126036643982, "min": 0.0349305793643, "var": 0.0042456286028}, "barkbands_kurtosis": {"dmean": 2.68747472763, "dmean2": 4.12904214859, "dvar": 43.5390014648, "dvar2": 94.5189743042, "max": 187.791519165, "mean": 4.59352064133, "median": 0.913111746311, "min": -1.84995436668, "var": 114.74822998}, "barkbands_skewness": {"dmean": 0.458081960678, "dmean2": 0.683723449707, "dvar": 0.366322219372, "dvar2": 0.769850969315, "max": 11.8373718262, "mean": 1.40245556831, "median": 1.09618461132, "min": -2.12840175629, "var": 1.88543319702}, "barkbands_spread": {"dmean": 4.43825292587, "dmean2": 6.74058246613, "dvar": 39.3723640442, "dvar2": 79.6368408203, "max": 128.615783691, "mean": 22.4932117462, "median": 21.321264267, "min": 0.777675151825, "var": 224.930480957}, "dissonance": {"dmean": 0.0190458968282, "dmean2": 0.0320869982243, "dvar": 0.000399214710342, "dvar2": 0.00108543212991, "max": 0.5, "mean": 0.455429792404, "median": 0.469468444586, "min": 0.185455039144, "var": 0.00181065034121}, "dynamic_complexity": 7.52656030655, "erbbands": {"dmean": [0.00844100490212, 0.27992323041, 1.67256832123, 2.14727282524, 2.15743970871, 1.57414424419, 2.216391325, 4.78994703293, 5.97015047073, 7.72620725632, 7.8315782547, 8.2696390152, 9.62001991272, 13.8121213913, 16.1015796661, 8.45357036591, 15.8766689301, 13.580288887, 13.0457420349, 8.94407939911, 7.02182912827, 8.34551525116, 9.83717918396, 4.76559114456, 8.40674781799, 8.86041927338, 3.67827558517, 1.22977983952, 0.859546780586, 0.963388085365, 1.08183896542, 1.09488666058, 0.620642364025, 0.263163536787, 0.12599517405, 0.0485757999122, 0.0120742227882, 0.00185618654359, 0.000128388637677, 6.61000194668e-06], "dmean2": [0.0142903318629, 0.486217200756, 2.73862457275, 3.46960520744, 3.57996606827, 2.56427288055, 3.54433608055, 7.15406799316, 9.29257488251, 12.5562934875, 12.2708387375, 13.2725028992, 15.3098754883, 20.7250709534, 26.4016227722, 13.5038452148, 24.8089923859, 21.0805835724, 20.3906288147, 13.8915176392, 11.0954761505, 13.3300552368, 15.8583831787, 7.68976545334, 13.49284935, 14.1101894379, 5.96256017685, 1.94831931591, 1.27682781219, 1.42176699638, 1.6133954525, 1.62946236134, 0.923690736294, 0.380406707525, 0.174214631319, 0.0656521692872, 0.0164156705141, 0.00266204262152, 0.000205753633054, 1.01378782347e-05], "dvar": [0.000498002395034, 0.694508016109, 30.120891571, 42.0012359619, 62.2519111633, 11.2591562271, 27.9093647003, 137.082824707, 204.068984985, 272.231842041, 344.875366211, 517.114929199, 738.553161621, 1864.5390625, 2468.69042969, 465.610015869, 2092.38452148, 1528.98095703, 1544.66784668, 684.065185547, 489.595245361, 486.831115723, 744.3515625, 111.988357544, 315.128875732, 358.725219727, 92.3117523193, 9.25320339203, 9.83034801483, 17.7698669434, 17.3027153015, 22.3160858154, 9.35306072235, 1.53569769859, 0.475572168827, 0.080055527389, 0.00418441882357, 5.8228339185e-05, 9.2206954605e-07, 6.03491756568e-10], "dvar2": [0.00135545001831, 1.96564865112, 73.6067886353, 102.589866638, 161.512786865, 29.3815059662, 70.4742431641, 306.595306396, 487.18258667, 713.135070801, 817.891235352, 1296.23815918, 1875.19995117, 3656.57519531, 6821.51757813, 1123.0760498, 5077.36328125, 3675.59765625, 3736.71508789, 1711.51074219, 1263.83154297, 1211.3861084, 1946.80529785, 279.971191406, 834.985534668, 894.393249512, 239.98449707, 22.4765491486, 18.3718643188, 29.5098571777, 33.1069107056, 46.3516921997, 19.7560520172, 2.84622693062, 0.898461580276, 0.148517683148, 0.00760336173698, 0.0001180006293, 2.25813732868e-06, 1.43110623352e-09], "max": [0.347854733467, 13.0476398468, 83.5404968262, 133.999572754, 212.07081604, 92.8052825928, 185.326843262, 408.007293701, 292.535095215, 391.607421875, 400.729644775, 609.748474121, 641.339477539, 997.48840332, 1515.00158691, 592.367614746, 988.779846191, 1410.11462402, 947.162414551, 622.921569824, 759.858947754, 935.634277344, 917.538146973, 347.992004395, 406.838897705, 453.381378174, 265.735534668, 81.4223937988, 124.808532715, 157.502090454, 133.305725098, 121.372116089, 103.090332031, 38.2753295898, 21.8032474518, 13.2869119644, 2.44858074188, 0.288257062435, 0.0369987003505, 0.000901539984625], "mean": [0.0166196450591, 0.48027330637, 2.6576898098, 3.35755586624, 3.45939660072, 3.10042071342, 4.46609640121, 9.85795402527, 11.9986772537, 16.2603168488, 16.6069526672, 14.1630754471, 20.0906448364, 29.550485611, 28.4379768372, 16.5538578033, 30.83335495, 26.4812736511, 26.8316287994, 18.7479724884, 17.6189556122, 18.7912158966, 21.5127906799, 12.9326124191, 22.8775405884, 23.2693004608, 9.04145050049, 3.2795612812, 2.20287942886, 2.22517681122, 2.64697384834, 2.44155716896, 1.30353939533, 0.562139868736, 0.232449829578, 0.0836577415466, 0.0199875403196, 0.00272841821425, 0.000144948047819, 2.32667898672e-05], "median": [0.00514030037448, 0.147825881839, 0.777577280998, 1.24124360085, 1.39671957493, 1.39040982723, 1.67803049088, 3.00610136986, 4.03593206406, 5.85547637939, 4.71591711044, 4.19053888321, 3.73714065552, 4.62149858475, 4.81528186798, 4.2243847847, 5.02252578735, 6.38521814346, 4.64995574951, 2.49255871773, 2.87407922745, 4.59167671204, 4.67680692673, 4.11929368973, 5.65587759018, 6.86345005035, 2.38416337967, 0.802584826946, 0.53621840477, 0.492213129997, 0.643401563168, 0.537292599678, 0.301240593195, 0.135607004166, 0.0521078370512, 0.0178200472146, 0.00394421070814, 0.000471715437016, 2.05153137358e-05, 1.48615672515e-05], "min": [1.5613055519e-22, 1.48239893837e-21, 1.22483608001e-21, 5.70260454947e-21, 1.82897032825e-20, 2.14658716551e-20, 5.58193174202e-20, 6.61289669952e-20, 1.34101654952e-19, 3.1073321469e-19, 4.33519878967e-19, 4.38414720242e-19, 5.71264579509e-19, 9.06769656346e-19, 1.42436541354e-18, 1.68977489508e-18, 1.81605725048e-18, 2.46135656276e-18, 2.83872545719e-18, 3.8390118109e-18, 4.68561007474e-18, 4.10761224504e-18, 5.98026519303e-18, 5.46359742908e-18, 9.53770182829e-18, 9.43105674063e-18, 9.27892168237e-18, 9.50309590018e-18, 1.10152862847e-17, 1.08596613514e-17, 1.30429350951e-17, 1.12244794344e-17, 1.04079504266e-17, 7.48451877956e-18, 6.65521520796e-18, 4.56959799383e-18, 2.38122571567e-18, 9.57583361375e-19, 2.66083685435e-19, 2.61743145643e-20], "var": [0.000732440734282, 0.785104811192, 36.9772262573, 52.7469978333, 67.7097015381, 24.8077411652, 84.0485534668, 457.892730713, 535.297851563, 788.924804688, 1172.51611328, 962.186218262, 2305.3828125, 7637.078125, 5229.62988281, 1322.5670166, 5640.2578125, 4124.07373047, 5400.16308594, 1976.29321289, 1951.88623047, 1511.62182617, 2207.52392578, 468.023498535, 1620.67492676, 1529.0501709, 276.195922852, 35.9961357117, 25.6817131042, 39.9028129578, 39.7691116333, 43.7864456177, 15.4100465775, 3.01498198509, 0.777285635471, 0.132342368364, 0.00748486211523, 0.000104279926745, 1.17187357773e-06, 1.27285781915e-09]}, "erbbands_crest": {"dmean": 2.44325208664, "dmean2": 3.90586638451, "dvar": 5.83830833435, "dvar2": 14.6396465302, "max": 28.506565094, "mean": 9.95190525055, "median": 8.97855186462, "min": 2.29783058167, "var": 19.2252483368}, "erbbands_flatness_db": {"dmean": 0.0131381573156, "dmean2": 0.0191367324442, "dvar": 0.000199088550289, "dvar2": 0.000397830677684, "max": 0.377092897892, "mean": 0.171295329928, "median": 0.1661978513, "min": 0.0330713130534, "var": 0.00239899498411}, "erbbands_kurtosis": {"dmean": 0.825735509396, "dmean2": 1.30099987984, "dvar": 2.57579779625, "dvar2": 6.58840513229, "max": 71.4980545044, "mean": 0.719908177853, "median": 0.00407965946943, "min": -1.89737951756, "var": 7.23518657684}, "erbbands_skewness": {"dmean": 0.302819609642, "dmean2": 0.455339789391, "dvar": 0.103825211525, "dvar2": 0.225837886333, "max": 6.91316270828, "mean": 0.310551762581, "median": 0.265718758106, "min": -3.10149335861, "var": 0.68515509367}, "erbbands_spread": {"dmean": 6.38066291809, "dmean2": 9.66680145264, "dvar": 69.4429473877, "dvar2": 140.086700439, "max": 184.493103027, "mean": 34.6527709961, "median": 31.4974021912, "min": 3.48958063126, "var": 319.184082031}, "gfcc": {"cov": [[34049.3984375, -1915.58215332, -3133.53222656, 2076.36547852, -1015.43518066, 1092.67529297, -82.5330963135, 1095.6652832, -269.350921631, 283.496795654, 114.133148193, 89.3026657104, -295.73135376], [-1915.58215332, 1483.79577637, 176.48487854, -344.487640381, 217.63168335, -246.674118042, 96.0580673218, -177.309249878, 31.9494838715, -22.2543506622, 14.5154514313, -119.034179688, 13.1107654572], [-3133.53222656, 176.48487854, 960.04876709, -55.1374435425, 103.293739319, -35.0748291016, 13.0378503799, -99.3712005615, 45.1817131042, 16.746547699, -51.9311790466, 14.0023431778, -34.2551040649], [2076.36547852, -344.487640381, -55.1374435425, 528.285644531, 30.2903862, 160.59022522, 11.5455093384, 113.236534119, 72.6000366211, 31.1805400848, 12.9758310318, 16.4672737122, -19.0321998596], [-1015.43518066, 217.63168335, 103.293739319, 30.2903862, 356.660003662, 26.4955673218, 78.2852325439, 33.1936721802, 78.5632324219, 25.5303039551, -19.7940788269, -32.0309562683, 2.80454421043], [1092.67529297, -246.674118042, -35.0748291016, 160.59022522, 26.4955673218, 294.735961914, 89.3824386597, 81.8137283325, -7.69563102722, 11.8327894211, 16.2155780792, 0.877469778061, -31.1077632904], [-82.5330963135, 96.0580673218, 13.0378503799, 11.5455093384, 78.2852325439, 89.3824386597, 236.694274902, 33.6016159058, -5.45865631104, 18.2826251984, 26.013261795, -8.06490039825, -10.5650253296], [1095.6652832, -177.309249878, -99.3712005615, 113.236534119, 33.1936721802, 81.8137283325, 33.6016159058, 202.807113647, 50.4850578308, 8.6610326767, 5.04553508759, 7.08364391327, -2.0772690773], [-269.350921631, 31.9494838715, 45.1817131042, 72.6000366211, 78.5632324219, -7.69563102722, -5.45865631104, 50.4850578308, 165.233078003, 46.4140892029, -0.7595064044, -2.27494549751, 5.01320362091], [283.496795654, -22.2543506622, 16.746547699, 31.1805400848, 25.5303039551, 11.8327894211, 18.2826251984, 8.6610326767, 46.4140892029, 122.347816467, 23.2379989624, 8.73160171509, -11.1280460358], [114.133148193, 14.5154514313, -51.9311790466, 12.9758310318, -19.7940788269, 16.2155780792, 26.013261795, 5.04553508759, -0.7595064044, 23.2379989624, 108.280357361, 27.271528244, 4.13721323013], [89.3026657104, -119.034179688, 14.0023431778, 16.4672737122, -32.0309562683, 0.877469778061, -8.06490039825, 7.08364391327, -2.27494549751, 8.73160171509, 27.271528244, 131.653533936, 35.660068512], [-295.73135376, 13.1107654572, -34.2551040649, -19.0321998596, 2.80454421043, -31.1077632904, -10.5650253296, -2.0772690773, 5.01320362091, -11.1280460358, 4.13721323013, 35.660068512, 94.95362854]], "icov": [[0.000114666632726, -0.000174705914105, 0.000308625632897, -0.000407894112868, 0.000339373160386, -0.000216566259041, 0.000166214711498, -0.000467933801701, 0.000406160368584, -0.000445805431809, 0.000316301564453, -0.000217081629671, 0.000332169700414], [-0.000174705914105, 0.00153433310334, -0.00052922865143, 0.00109054206405, -0.00118165730964, 0.00117317016702, -0.000934172887355, 0.00148729071952, -0.00106949731708, 0.00112751394045, -0.00120042543858, 0.0013206320582, -0.000635529111605], [0.000308625632897, -0.00052922865143, 0.00209111347795, -0.00103404966649, 0.000618361169472, -0.000638311263174, 0.000333279516781, -0.000505689415149, 0.000609201728366, -0.00120402267203, 0.00153868307825, -0.00124198943377, 0.00160616321955], [-0.000407894112868, 0.00109054206405, -0.00103404966649, 0.00424051657319, -0.00144744617864, -0.000269082927844, -0.000374409049982, 0.00126804446336, -0.00260383798741, 0.00162131467368, -0.00144526385702, 0.00079441757407, -0.000911252573133], [0.000339373160386, -0.00118165730964, 0.000618361169472, -0.00144744617864, 0.00502429064363, -0.00117843144108, -0.000381726073101, -0.00197059288621, -0.000124233134557, -0.00173215882387, 0.0019723768346, -0.000260666041868, 0.000348554778611], [-0.000216566259041, 0.00117317016702, -0.000638311263174, -0.000269082927844, -0.00117843144108, 0.00612211599946, -0.00231982837431, 5.98130973231e-05, 0.000168555794517, 0.00102023361251, -0.00124279002193, 0.00089592958102, 0.000491326441988], [0.000166214711498, -0.000934172887355, 0.000333279516781, -0.000374409049982, -0.000381726073101, -0.00231982837431, 0.00612198328599, -0.00168443610892, 0.00170044379774, -0.00145903916564, -0.000538518768735, -0.000461864779936, 0.000523584662005], [-0.000467933801701, 0.00148729071952, -0.000505689415149, 0.00126804446336, -0.00197059288621, 5.98130973231e-05, -0.00168443610892, 0.00928848236799, -0.00415412243456, 0.00275123747997, -0.00127573742066, 0.000810808676761, -0.00120458053425], [0.000406160368584, -0.00106949731708, 0.000609201728366, -0.00260383798741, -0.000124233134557, 0.000168555794517, 0.00170044379774, -0.00415412243456, 0.0106007484719, -0.00470162881538, 0.00126281473786, -0.000533777289093, 0.000302483938867], [-0.000445805431809, 0.00112751394045, -0.00120402267203, 0.00162131467368, -0.00173215882387, 0.00102023361251, -0.00145903916564, 0.00275123747997, -0.00470162881538, 0.0118769705296, -0.00337699963711, 0.000332953815814, 0.000291967066005], [0.000316301564453, -0.00120042543858, 0.00153868307825, -0.00144526385702, 0.0019723768346, -0.00124279002193, -0.000538518768735, -0.00127573742066, 0.00126281473786, -0.00337699963711, 0.0122449593619, -0.00335495709442, 0.0011270372197], [-0.000217081629671, 0.0013206320582, -0.00124198943377, 0.00079441757407, -0.000260666041868, 0.00089592958102, -0.000461864779936, 0.000810808676761, -0.000533777289093, 0.000332953815814, -0.00335495709442, 0.0107678985223, -0.00471023609862], [0.000332169700414, -0.000635529111605, 0.00160616321955, -0.000911252573133, 0.000348554778611, 0.000491326441988, 0.000523584662005, -0.00120458053425, 0.000302483938867, 0.000291967066005, 0.0011270372197, -0.00471023609862, 0.013971183449]], "mean": [-92.4438323975, 97.0744628906, -119.689239502, 27.6774024963, -59.8818588257, 10.4116535187, -39.5375976563, 10.2658071518, -30.0230541229, 0.873198091984, -11.1834516525, -9.58660030365, -15.4501962662]}, "hfc": {"dmean": 2.58284330368, "dmean2": 3.7616508007, "dvar": 24.4245090485, "dvar2": 46.756072998, "max": 148.896026611, "mean": 15.4941825867, "median": 8.38748455048, "min": 1.05388461337e-16, "var": 352.772033691}, "melbands": {"dmean": [0.000161002360983, 0.000689036853146, 0.000379233970307, 0.000123084770166, 7.27320439182e-05, 0.00010108929564, 9.24720370676e-05, 8.81273226696e-05, 6.04501001362e-05, 5.36957522854e-05, 4.95058011438e-05, 5.80734194955e-05, 5.25259310962e-05, 3.06983602059e-05, 2.48959167948e-05, 4.0305294533e-05, 2.70213404292e-05, 2.35379320657e-05, 1.24929629237e-05, 1.55967136379e-05, 8.29269720271e-06, 9.70280416368e-06, 1.04553819256e-05, 7.53886479288e-06, 4.09663880419e-06, 6.35231663182e-06, 8.10431720311e-06, 6.4701739575e-06, 3.44446584677e-06, 1.07409198336e-06, 7.41215615108e-07, 5.32844353529e-07, 5.54698203814e-07, 5.83769690365e-07, 6.28843793038e-07, 7.69188375216e-07, 7.13763654403e-07, 4.93008030844e-07, 3.35319583655e-07, 2.06274108905e-07], "dmean2": [0.000278268096736, 0.00113096332643, 0.000613794021774, 0.000201516231755, 0.000115633389214, 0.000151644213474, 0.00014476646902, 0.000142197692185, 9.46256477619e-05, 8.61502339831e-05, 7.88522593211e-05, 8.71578740771e-05, 8.53963647387e-05, 4.93131447001e-05, 3.97675903514e-05, 6.33236631984e-05, 4.17091141571e-05, 3.65289088222e-05, 1.95694901777e-05, 2.518204019e-05, 1.29725685838e-05, 1.53965665959e-05, 1.68666938407e-05, 1.21844104797e-05, 6.70040253681e-06, 1.03040129034e-05, 1.29807076519e-05, 1.03190814116e-05, 5.62083005207e-06, 1.70924431586e-06, 1.19187427572e-06, 8.24277833544e-07, 8.14369627733e-07, 8.84794019385e-07, 9.69317170529e-07, 1.18288676276e-06, 1.08196377369e-06, 7.49360481223e-07, 5.08800610532e-07, 3.09548454425e-07], "dvar": [2.05932110475e-07, 4.86212456963e-06, 1.4497511529e-06, 1.07075535993e-07, 2.62039403509e-08, 5.71605518473e-08, 4.60237679079e-08, 3.29141620625e-08, 2.0674281842e-08, 2.34378738639e-08, 1.96622860216e-08, 3.29216582884e-08, 2.29896759407e-08, 7.27707316628e-09, 4.41477254753e-09, 1.55538497637e-08, 6.96216462259e-09, 5.08259301313e-09, 1.2683549766e-09, 3.60616581041e-09, 6.10168304771e-10, 8.50919501527e-10, 7.28274163198e-10, 4.56629956069e-10, 9.38383953875e-11, 1.87393586759e-10, 3.26235705117e-10, 2.22022317198e-10, 9.66608598718e-11, 6.6225662107e-12, 3.61276438453e-12, 2.9362345888e-12, 6.06477368326e-12, 5.61467625865e-12, 5.32167886147e-12, 9.15279570884e-12, 1.05353234817e-11, 6.11020175428e-12, 2.63282841709e-12, 8.98216234464e-13], "dvar2": [5.89496494285e-07, 1.21156090245e-05, 3.5674377159e-06, 2.79128386182e-07, 6.46518572012e-08, 1.3042811986e-07, 1.13359895693e-07, 8.61365450078e-08, 4.83683528785e-08, 5.87773776317e-08, 4.99471397575e-08, 6.53573977161e-08, 6.25714022817e-08, 1.82932780035e-08, 1.03505159998e-08, 3.81575766539e-08, 1.62047513186e-08, 1.20698295802e-08, 2.92691249015e-09, 1.02804396107e-08, 1.43249123674e-09, 2.04850580943e-09, 1.83879633742e-09, 1.18118426151e-09, 2.36057562386e-10, 5.06730546412e-10, 8.39273373021e-10, 5.4239895908e-10, 2.49799625429e-10, 1.64627565052e-11, 9.04155830067e-12, 6.2406568628e-12, 1.04949469254e-11, 9.63050125757e-12, 1.04401669601e-11, 1.9253657696e-11, 2.32532274685e-11, 1.37714874227e-11, 5.29299607616e-12, 1.75532266673e-12], "max": [0.00680674007162, 0.0334032103419, 0.0293103829026, 0.00704892445356, 0.00536068342626, 0.0078791314736, 0.00416491972283, 0.00347056379542, 0.00347333052196, 0.0041038277559, 0.00331852887757, 0.00427739415318, 0.00374287180603, 0.00257838726975, 0.00157318019774, 0.00320365768857, 0.00280719716102, 0.00184237398207, 0.000972325564362, 0.00173812964931, 0.00107340922114, 0.00138089770917, 0.000906251370907, 0.000654533680063, 0.000316459772876, 0.000266417046078, 0.000456867332105, 0.000353845476639, 0.000256716273725, 6.59309880575e-05, 4.91620376124e-05, 7.32629778213e-05, 0.000107110747194, 9.38210650929e-05, 7.66178854974e-05, 9.34055860853e-05, 0.000110018729174, 9.31781250983e-05, 4.86949284095e-05, 2.58924574155e-05], "mean": [0.000288805516902, 0.00115402974188, 0.000617052079178, 0.000227458731388, 0.000155448855367, 0.000211736245546, 0.000183142503374, 0.000187376557733, 0.00012269616127, 8.72276359587e-05, 9.94509391603e-05, 0.000118885298434, 9.22448016354e-05, 5.33767924935e-05, 4.45567638963e-05, 7.37004520488e-05, 4.6645905968e-05, 4.59993570985e-05, 2.33210539591e-05, 3.11390795105e-05, 1.78366462933e-05, 1.93043706531e-05, 2.12345894397e-05, 1.5466242985e-05, 9.16506724025e-06, 1.46419451994e-05, 1.89421662071e-05, 1.48905910464e-05, 7.06449918653e-06, 2.42498367697e-06, 1.64289133409e-06, 1.21312939427e-06, 1.188349529e-06, 1.23684742448e-06, 1.44655075474e-06, 1.66370693933e-06, 1.43390127505e-06, 9.56562530519e-07, 6.58970520817e-07, 4.12090543023e-07], "median": [8.73889002833e-05, 0.000411091052229, 0.000253948062891, 0.000103280450276, 6.37322445982e-05, 6.61260710331e-05, 6.2443621573e-05, 6.4644824306e-05, 3.27459092659e-05, 2.24797313422e-05, 1.63279091794e-05, 1.61675579875e-05, 1.4970150005e-05, 1.08275999082e-05, 8.73095177667e-06, 9.75807415671e-06, 8.79915114638e-06, 6.49812409392e-06, 3.6512205952e-06, 2.61213335762e-06, 2.95107247439e-06, 4.1562198021e-06, 4.13342377215e-06, 3.38597419614e-06, 2.66442498287e-06, 3.28221108248e-06, 4.51419555247e-06, 3.77602850676e-06, 1.54360509441e-06, 5.96244206008e-07, 3.66742511915e-07, 2.7259133617e-07, 2.64945498429e-07, 2.44833614715e-07, 3.40108272212e-07, 3.60552434131e-07, 2.92726610951e-07, 2.15409173165e-07, 1.44202900287e-07, 9.84585923902e-08], "min": [1.71423517617e-24, 9.82785102437e-25, 1.7785448921e-24, 1.49699984338e-24, 2.30386590712e-24, 1.27956463296e-24, 2.1318155409e-24, 3.20740293048e-24, 2.99316842458e-24, 3.28608588932e-24, 2.4237648761e-24, 3.69099655627e-24, 3.20484426014e-24, 3.87635796419e-24, 4.54180197522e-24, 3.89918365448e-24, 3.49466090988e-24, 3.94282896178e-24, 4.16227507726e-24, 4.74389433407e-24, 5.25190261323e-24, 4.02264314716e-24, 4.78561837064e-24, 4.29652303168e-24, 3.78185361103e-24, 4.97853588273e-24, 4.70528945352e-24, 5.10024647078e-24, 5.23839179251e-24, 5.15484590062e-24, 4.91443186228e-24, 5.74513907751e-24, 6.40871269933e-24, 4.31854171726e-24, 7.08793179949e-24, 6.09658292167e-24, 7.21722057983e-24, 6.76216537779e-24, 6.70392772146e-24, 5.86256338983e-24], "var": [2.44834126306e-07, 6.03229909757e-06, 1.77551919478e-06, 1.53638040956e-07, 8.68739604698e-08, 1.92184259618e-07, 1.20006248494e-07, 1.09846965302e-07, 6.67902568807e-08, 4.26544772836e-08, 6.05876451232e-08, 1.33361197641e-07, 5.38440119158e-08, 1.60841651109e-08, 1.15493410391e-08, 3.81701603658e-08, 1.78260517458e-08, 2.01606908945e-08, 3.2333382638e-09, 9.49812672957e-09, 2.25563812073e-09, 2.25756813244e-09, 1.96448945999e-09, 1.22211774034e-09, 2.7781946188e-10, 7.32957194938e-10, 1.22161769589e-09, 7.56105345001e-10, 2.19788159894e-10, 2.15229327416e-11, 1.05326719568e-11, 7.28263716693e-12, 1.28413659914e-11, 1.23633317126e-11, 1.19070430599e-11, 1.80399445382e-11, 1.8070973537e-11, 8.82205333091e-12, 4.59945363046e-12, 1.64096134684e-12]}, "melbands_crest": {"dmean": 2.79847359657, "dmean2": 4.49348831177, "dvar": 9.49106407166, "dvar2": 23.3025588989, "max": 33.9031181335, "mean": 14.2865161896, "median": 13.3799600601, "min": 1.66932559013, "var": 31.6998596191}, "melbands_flatness_db": {"dmean": 0.0200107991695, "dmean2": 0.0296842548996, "dvar": 0.000627337140031, "dvar2": 0.0013651852496, "max": 0.558516383171, "mean": 0.205718517303, "median": 0.185299426317, "min": 0.00356824323535, "var": 0.00827172026038}, "melbands_kurtosis": {"dmean": 5.94632053375, "dmean2": 9.21954536438, "dvar": 227.100479126, "dvar2": 484.424621582, "max": 695.693786621, "mean": 12.2941007614, "median": 4.79721975327, "min": -1.74028372765, "var": 589.777526855}, "melbands_skewness": {"dmean": 0.600868523121, "dmean2": 0.915113091469, "dvar": 0.637489438057, "dvar2": 1.39194452763, "max": 20.3917369843, "mean": 2.3726477623, "median": 1.91971945763, "min": -1.05758571625, "var": 3.00231146812}, "melbands_spread": {"dmean": 5.93237733841, "dmean2": 8.89189338684, "dvar": 84.0774383545, "dvar2": 165.597167969, "max": 216.32484436, "mean": 27.078458786, "median": 22.842924118, "min": 0.713920593262, "var": 518.192871094}, "mfcc": {"cov": [[23089.3144531, -1290.51293945, -1903.53405762, 980.085144043, -281.993408203, -6.22891044617, 643.164794922, 498.040374756, 50.1063766479, 602.922546387, 127.586227417, 422.559509277, 208.008331299], [-1290.51293945, 1296.68725586, 117.40662384, -87.5547637939, 1.18172001839, -37.4521026611, 9.00569915771, -83.7353591919, -4.40294551849, -23.8426399231, 30.5673713684, -23.9399280548, -16.1536197662], [-1903.53405762, 117.40662384, 701.958251953, 5.4280462265, 26.4480113983, 93.1650238037, -64.820602417, -46.0970649719, 0.825804293156, -96.9627304077, 36.9748344421, -10.4471540451, -11.268614769], [980.085144043, -87.5547637939, 5.4280462265, 318.530700684, 100.29132843, 28.8266868591, -8.70437812805, 42.5635566711, 48.7528877258, 40.2144165039, 32.6231613159, 22.3655872345, 52.7540550232], [-281.993408203, 1.18172001839, 26.4480113983, 100.29132843, 264.504089355, 34.9951400757, -34.8495292664, 29.4422054291, 61.078250885, 62.4235076904, 2.76943874359, 6.63432407379, 28.7679100037], [-6.22891044617, -37.4521026611, 93.1650238037, 28.8266868591, 34.9951400757, 209.122512817, 78.9150390625, 19.9268608093, 37.2143173218, 7.70701694489, 39.9398002625, 37.5685424805, 12.6192188263], [643.164794922, 9.00569915771, -64.820602417, -8.70437812805, -34.8495292664, 78.9150390625, 233.439880371, 76.7356719971, 7.1502161026, 36.7648048401, 17.1227073669, 49.2764930725, -3.38320660591], [498.040374756, -83.7353591919, -46.0970649719, 42.5635566711, 29.4422054291, 19.9268608093, 76.7356719971, 156.177963257, 39.4970245361, 39.038482666, 10.7128133774, 14.7913122177, 25.2877845764], [50.1063766479, -4.40294551849, 0.825804293156, 48.7528877258, 61.078250885, 37.2143173218, 7.1502161026, 39.4970245361, 144.090286255, 54.4874000549, 17.5065803528, 4.39507579803, 20.0176715851], [602.922546387, -23.8426399231, -96.9627304077, 40.2144165039, 62.4235076904, 7.70701694489, 36.7648048401, 39.038482666, 54.4874000549, 162.675323486, 28.2017669678, 37.8785896301, 16.1082801819], [127.586227417, 30.5673713684, 36.9748344421, 32.6231613159, 2.76943874359, 39.9398002625, 17.1227073669, 10.7128133774, 17.5065803528, 28.2017669678, 128.541900635, 33.813999176, 7.18865394592], [422.559509277, -23.9399280548, -10.4471540451, 22.3655872345, 6.63432407379, 37.5685424805, 49.2764930725, 14.7913122177, 4.39507579803, 37.8785896301, 33.813999176, 104.954399109, 41.2962760925], [208.008331299, -16.1536197662, -11.268614769, 52.7540550232, 28.7679100037, 12.6192188263, -3.38320660591, 25.2877845764, 20.0176715851, 16.1082801819, 7.18865394592, 41.2962760925, 102.799819946]], "icov": [[8.76025078469e-05, 3.7292142224e-05, 0.000189265221707, -0.000306209025439, 0.000212591214222, -1.08648710011e-05, -7.13774497854e-05, -9.36911528697e-05, 7.14781854185e-05, -0.000160083596711, 1.74183860508e-05, -0.000196559223696, 5.79351981287e-05], [3.7292142224e-05, 0.000892456329893, -8.95336124813e-05, 0.000125472608488, -0.000143272904097, 0.000424576515798, -0.000556257495191, 0.000623701198492, -0.000143212717376, -4.49146909887e-06, -0.000402230565669, 0.000283894711174, -0.000250506884186], [0.000189265221707, -8.95336124813e-05, 0.00226455018856, -0.000684564292897, 0.000228710909141, -0.00102429871913, 0.000574202626012, -0.000198028734303, 2.48565593211e-05, 0.000855937367305, -0.000434994813986, -0.000663107261062, 0.000489681435283], [-0.000306209025439, 0.000125472608488, -0.000684564292897, 0.00511753093451, -0.00194351130631, 4.58211652585e-05, 0.00035042950185, -6.05236600677e-05, -0.000665664905682, 0.000518485030625, -0.00100502511486, 0.00090292270761, -0.00174129230436], [0.000212591214222, -0.000143272904097, 0.000228710909141, -0.00194351130631, 0.00590083096176, -0.00123585120309, 0.0014666125644, -0.00112594931852, -0.000591837975662, -0.00236107595265, 0.00110519968439, -0.000372917798813, -4.68768084829e-05], [-1.08648710011e-05, 0.000424576515798, -0.00102429871913, 4.58211652585e-05, -0.00123585120309, 0.0073167537339, -0.00314637506381, 0.00119157065637, -0.00168632436544, 0.00110363552812, -0.00148789316881, -0.000904156477191, -0.00037338846596], [-7.13774497854e-05, -0.000556257495191, 0.000574202626012, 0.00035042950185, 0.0014666125644, -0.00314637506381, 0.00791621394455, -0.00389547157101, 0.000715046597179, -0.000764906639233, 0.000874383782502, -0.00289994198829, 0.00221914588474], [-9.36911528697e-05, 0.000623701198492, -0.000198028734303, -6.05236600677e-05, -0.00112594931852, 0.00119157065637, -0.00389547157101, 0.00973208900541, -0.00177996605635, -0.000241432746407, -0.000704159378074, 0.00194996339269, -0.00240610470064], [7.14781854185e-05, -0.000143212717376, 2.48565593211e-05, -0.000665664905682, -0.000591837975662, -0.00168632436544, 0.000715046597179, -0.00177996605635, 0.00950286071748, -0.00292368489318, -0.000280756503344, 0.00150837888941, -0.000967414525803], [-0.000160083596711, -4.49146909887e-06, 0.000855937367305, 0.000518485030625, -0.00236107595265, 0.00110363552812, -0.000764906639233, -0.000241432746407, -0.00292368489318, 0.00996277481318, -0.0015546430368, -0.00254035787657, 0.00084784370847], [1.74183860508e-05, -0.000402230565669, -0.000434994813986, -0.00100502511486, 0.00110519968439, -0.00148789316881, 0.000874383782502, -0.000704159378074, -0.000280756503344, -0.0015546430368, 0.00968390144408, -0.0028656097129, 0.00121722824406], [-0.000196559223696, 0.000283894711174, -0.000663107261062, 0.00090292270761, -0.000372917798813, -0.000904156477191, -0.00289994198829, 0.00194996339269, 0.00150837888941, -0.00254035787657, -0.0028656097129, 0.0159097593278, -0.00653993524611], [5.79351981287e-05, -0.000250506884186, 0.000489681435283, -0.00174129230436, -4.68768084829e-05, -0.00037338846596, 0.00221914588474, -0.00240610470064, -0.000967414525803, 0.00084784370847, 0.00121722824406, -0.00653993524611, 0.0138397784904]], "mean": [-721.332397461, 118.692680359, 2.00499725342, 16.9060878754, 2.90237355232, -3.3030102253, 5.34916162491, -1.01036119461, -8.91008853912, 7.12776088715, -5.72907543182, 1.85389220715, -1.54137444496]}, "pitch_salience": {"dmean": 0.0605831369758, "dmean2": 0.0968867912889, "dvar": 0.00387851009145, "dvar2": 0.00976138468832, "max": 0.957443535328, "mean": 0.512572169304, "median": 0.520284831524, "min": 0.0760063752532, "var": 0.0138906911016}, "silence_rate_20dB": {"dmean": 0, "dmean2": 0, "dvar": 0, "dvar2": 0, "max": 1, "mean": 1, "median": 1, "min": 1, "var": 0}, "silence_rate_30dB": {"dmean": 0, "dmean2": 0, "dvar": 0, "dvar2": 0, "max": 1, "mean": 1, "median": 1, "min": 1, "var": 0}, "silence_rate_60dB": {"dmean": 0.0122887864709, "dmean2": 0.0245807189494, "dvar": 0.0121389171109, "dvar2": 0.0270516686141, "max": 1, "mean": 0.313323944807, "median": 0, "min": 0, "var": 0.215134322643}, "spectral_centroid": {"dmean": 207.566513062, "dmean2": 312.234130859, "dvar": 74973.40625, "dvar2": 150055.109375, "max": 11588.3564453, "mean": 1471.42590332, "median": 1455.54663086, "min": 175.897460938, "var": 1034750.25}, "spectral_complexity": {"dmean": 2.10112643242, "dmean2": 3.31148386002, "dvar": 6.05020523071, "dvar2": 14.0678014755, "max": 56, "mean": 14.8574171066, "median": 13, "min": 0, "var": 145.293731689}, "spectral_contrast_coeffs": {"dmean": [0.0432390533388, 0.0402978993952, 0.0346472784877, 0.0296922214329, 0.0211805459112, 0.0147735727951], "dmean2": [0.0712429285049, 0.0660419464111, 0.0558824837208, 0.0482384711504, 0.033548258245, 0.0238253530115], "dvar": [0.00137575075496, 0.00115949416067, 0.000817142601591, 0.000595676072408, 0.000326371606207, 0.000163926248206], "dvar2": [0.00372796086594, 0.00304836942814, 0.00204517436214, 0.0014627603814, 0.000765951233916, 0.000386536004953], "max": [-0.308740198612, -0.486567884684, -0.538577735424, -0.558629691601, -0.611187934875, -0.656774997711], "mean": [-0.630187034607, -0.739277601242, -0.772593677044, -0.77074611187, -0.786161243916, -0.800868451595], "median": [-0.63321518898, -0.742523431778, -0.782013118267, -0.772287726402, -0.784604489803, -0.798608422279], "min": [-0.980162739754, -0.975091218948, -0.992092251778, -0.970458269119, -0.96616101265, -0.964328944683], "var": [0.00682547315955, 0.00476844096556, 0.00471427245066, 0.00389345898293, 0.00321311154403, 0.00194147508591]}, "spectral_contrast_valleys": {"dmean": [0.407383799553, 0.31519061327, 0.287836641073, 0.258229404688, 0.209303319454, 0.201310679317], "dmean2": [0.676620900631, 0.517050385475, 0.468854874372, 0.412573367357, 0.320426672697, 0.281741201878], "dvar": [0.141642510891, 0.0803687572479, 0.0712353810668, 0.0673557370901, 0.0595715418458, 0.0740455761552], "dvar2": [0.340436279774, 0.179827466607, 0.151706218719, 0.131781831384, 0.101855702698, 0.111398756504], "max": [-5.63902807236, -5.06661987305, -5.56977272034, -6.09212350845, -5.82491016388, -7.46734714508], "mean": [-8.44924640656, -7.57218885422, -8.19287014008, -8.68402194977, -8.49127388, -11.070057869], "median": [-7.81180381775, -6.94134521484, -7.54375267029, -8.01020240784, -7.70907211304, -10.3008365631], "min": [-27.7592372894, -27.8687705994, -27.7322883606, -27.7515125275, -27.4368801117, -27.3893451691], "var": [4.41620779037, 4.36632108688, 4.53919792175, 4.57004499435, 5.23585557938, 4.89920043945]}, "spectral_decrease": {"dmean": 9.07166342046e-10, "dmean2": 1.41496359074e-09, "dvar": 4.00949621669e-18, "dvar2": 9.22653881572e-18, "max": 9.51605895775e-20, "mean": -3.66901597992e-09, "median": -2.58027577082e-09, "min": -2.99066975629e-08, "var": 1.53550165765e-17}, "spectral_energy": {"dmean": 0.00353644439019, "dmean2": 0.00551149481907, "dvar": 5.7525729062e-05, "dvar2": 0.000132696106448, "max": 0.114478096366, "mean": 0.0152530772611, "median": 0.0107549782842, "min": 1.00519787753e-20, "var": 0.000257776322542}, "spectral_energyband_high": {"dmean": 0.000215119609493, "dmean2": 0.000313448283123, "dvar": 3.33802915975e-07, "dvar2": 5.97683651904e-07, "max": 0.0176807884127, "mean": 0.000650094007142, "median": 0.00021692601149, "min": 7.26601912415e-21, "var": 1.2968049532e-06}, "spectral_energyband_low": {"dmean": 0.00250160275027, "dmean2": 0.00402912590653, "dvar": 5.44495305803e-05, "dvar2": 0.000130218584673, "max": 0.107732266188, "mean": 0.00462560914457, "median": 0.00211446871981, "min": 2.3666029105e-23, "var": 7.55043583922e-05}, "spectral_energyband_middle_high": {"dmean": 0.00115069444291, "dmean2": 0.00177238252945, "dvar": 4.11549808632e-06, "dvar2": 9.98261566565e-06, "max": 0.0416238419712, "mean": 0.00507154455408, "median": 0.00196794932708, "min": 1.25570651701e-21, "var": 4.84679658257e-05}, "spectral_energyband_middle_low": {"dmean": 0.00181694969069, "dmean2": 0.00288331368938, "dvar": 1.6420148313e-05, "dvar2": 4.00324934162e-05, "max": 0.106242142618, "mean": 0.00564686115831, "median": 0.00356365740299, "min": 2.18615444942e-22, "var": 4.64762160846e-05}, "spectral_entropy": {"dmean": 0.123676203191, "dmean2": 0.182733625174, "dvar": 0.0255876015872, "dvar2": 0.0504488088191, "max": 9.81509208679, "mean": 7.37915849686, "median": 7.54462766647, "min": 4.79955816269, "var": 0.396296292543}, "spectral_flux": {"dmean": 0.0141466418281, "dmean2": 0.0230936501175, "dvar": 0.00042955999379, "dvar2": 0.00107475544792, "max": 0.279139667749, "mean": 0.0541665926576, "median": 0.0469031408429, "min": 6.4514144027e-11, "var": 0.00209852261469}, "spectral_kurtosis": {"dmean": 1.83054554462, "dmean2": 3.05003619194, "dvar": 12.6271944046, "dvar2": 35.6101074219, "max": 96.9996414185, "mean": 6.28500938416, "median": 4.17327165604, "min": -1.24320816994, "var": 68.5503845215}, "spectral_rms": {"dmean": 0.000361938931746, "dmean2": 0.000550182419829, "dvar": 3.77126696094e-07, "dvar2": 8.20915147415e-07, "max": 0.0105681577697, "mean": 0.00320472940803, "median": 0.00323923793621, "min": 3.13158244995e-12, "var": 4.61076251668e-06}, "spectral_rolloff": {"dmean": 419.105804443, "dmean2": 687.380859375, "dvar": 800660.6875, "dvar2": 1641024.25, "max": 19509.0820313, "mean": 1712.43151855, "median": 1270.45898438, "min": 86.1328125, "var": 4266858}, "spectral_skewness": {"dmean": 0.206246837974, "dmean2": 0.330003708601, "dvar": 0.0696516409516, "dvar2": 0.173032522202, "max": 8.15851974487, "mean": 1.71623671055, "median": 1.48830187321, "min": -0.0657270401716, "var": 0.731074154377}, "spectral_spread": {"dmean": 403417.5625, "dmean2": 577998.375, "dvar": 615938719744, "dvar2": 1040716857340.0, "max": 42356456, "mean": 4441268, "median": 4053922, "min": 870027, "var": 8613531746300.0}, "s