{"lowlevel": {"average_loudness": 0.934358596802, "barkbands": {"dmean": [0.00229961425066, 0.00938853528351, 0.00268094358034, 0.00104793603532, 0.00126158224884, 0.00211794069037, 0.00133239373099, 0.00130366312806, 0.00136313261464, 0.00115178443957, 0.000735365785658, 0.000796171312686, 0.000466352299554, 0.000358643417712, 0.000259438995272, 0.000148133665789, 7.27078586351e-05, 6.91989116604e-05, 4.93411753268e-05, 4.55651570519e-05, 3.86242936656e-05, 3.08599701384e-05, 3.21336519846e-05, 1.35428244903e-05, 2.69543716058e-06, 1.64435641636e-05, 0.00018945139891], "dmean2": [0.0039033323992, 0.0155973974615, 0.0045882826671, 0.00177308276761, 0.00205374835059, 0.00329304719344, 0.00210796180181, 0.00205937772989, 0.00213909056038, 0.00184063205961, 0.00117037422024, 0.00128634634893, 0.000735828129109, 0.000586102542002, 0.000417189992731, 0.000232872436754, 0.000116154762509, 0.000106368912384, 7.43040218367e-05, 6.57197088003e-05, 5.40163055121e-05, 4.32048473158e-05, 4.99503330502e-05, 1.9647543013e-05, 4.48962055088e-06, 2.39999262703e-05, 0.000292544369586], "dvar": [2.48882060987e-05, 0.000240443274379, 2.06383756449e-05, 3.09729034598e-06, 4.54910059489e-06, 3.94776907342e-05, 1.28718866108e-05, 1.41159734994e-05, 1.32183340611e-05, 5.55601081942e-06, 2.41550333158e-06, 3.04395166495e-06, 1.403063834e-06, 4.03850179964e-07, 2.25217078764e-07, 9.58302450726e-08, 1.85758377569e-08, 6.71828459531e-08, 2.49356340021e-08, 1.29338859622e-08, 1.08891962114e-08, 5.16534992556e-09, 1.16788543281e-08, 9.723947203e-10, 2.43406093892e-11, 2.36253794306e-09, 5.40560449735e-08], "dvar2": [6.46497937851e-05, 0.00063513207715, 5.56770428375e-05, 8.46450529934e-06, 1.07678915811e-05, 8.45942122396e-05, 2.831655911e-05, 3.46105698554e-05, 2.94323999697e-05, 1.35555455927e-05, 5.62494142287e-06, 7.50539038563e-06, 3.28204896505e-06, 9.81135485745e-07, 5.48587195226e-07, 2.22052420895e-07, 4.33371631914e-08, 1.45971256416e-07, 5.58701103159e-08, 2.73393183647e-08, 2.12174384728e-08, 1.04897033282e-08, 2.9312271721e-08, 2.23720419967e-09, 5.95381452473e-11, 5.86630521937e-09, 1.30027331124e-07], "max": [0.0637489855289, 0.254256099463, 0.0962447449565, 0.0329734869301, 0.0788249075413, 0.172793701291, 0.0964112132788, 0.0915110111237, 0.151106983423, 0.0666939020157, 0.046054713428, 0.0409838296473, 0.0387281291187, 0.0171664524823, 0.0193799231201, 0.00848400685936, 0.00408489024267, 0.0152329690754, 0.0068062520586, 0.00611465191469, 0.00546189770103, 0.00229141069576, 0.00297618447803, 0.00078828871483, 0.000155588233611, 0.00187133112922, 0.00716919638216], "mean": [0.00241819536313, 0.0122983325273, 0.00328110018745, 0.00132218864746, 0.00191291084047, 0.00266497023404, 0.0019458886236, 0.00177670270205, 0.00216098083183, 0.00176239642315, 0.00111480837222, 0.00129004218616, 0.000760384718888, 0.000660218938719, 0.000485236931127, 0.000263312424067, 0.000135300331749, 0.000115940805699, 8.48070703796e-05, 8.28815100249e-05, 7.20022580936e-05, 5.75425256102e-05, 3.99821219617e-05, 2.20891197387e-05, 2.79320261143e-06, 2.62694029516e-05, 0.000583373766858], "median": [0.000753301545046, 0.00638251379132, 0.00147259235382, 0.00067746033892, 0.00111113046296, 0.000703110476024, 0.000468067883048, 0.0003810718772, 0.000734495464712, 0.000800170586444, 0.000528088363353, 0.00068215909414, 0.00038663885789, 0.000363866507541, 0.000299286941299, 0.000135667796712, 5.81991043873e-05, 4.08654013881e-05, 3.55696611223e-05, 3.82958096452e-05, 3.50402660843e-05, 2.70052114502e-05, 1.36404232762e-05, 8.47194860398e-06, 1.12453153633e-06, 1.06705447251e-05, 0.000450909545179], "min": [2.79585148452e-25, 3.10965793673e-24, 1.68412474984e-24, 1.89206966775e-24, 5.68350774157e-24, 4.72371290553e-24, 3.46517960013e-24, 2.40797010584e-24, 2.31499484122e-23, 2.27219045964e-23, 1.23775037042e-23, 1.73821145953e-23, 2.43583223914e-23, 3.31574110346e-23, 5.29340908196e-23, 4.85290031724e-23, 7.82527866765e-23, 8.72788826669e-23, 1.57464007798e-22, 1.86751674284e-22, 2.73882535091e-22, 3.18190087969e-22, 4.08836895519e-22, 5.95375918147e-22, 8.9278839437e-22, 1.27024043984e-21, 1.90183544864e-21], "var": [2.29046672757e-05, 0.000278035440715, 2.52539011854e-05, 3.6722576624e-06, 7.00829650668e-06, 5.82851207582e-05, 2.48091728281e-05, 2.34295039263e-05, 2.78902280115e-05, 9.72294128587e-06, 3.94631433664e-06, 4.53530265077e-06, 1.98891893888e-06, 8.69606139986e-07, 4.44008179556e-07, 1.86826881077e-07, 3.94915034008e-08, 8.63183799993e-08, 3.27001039579e-08, 2.19391331768e-08, 2.13573283503e-08, 1.13441727123e-08, 1.10014370946e-08, 1.52939472198e-09, 2.52034105391e-11, 2.62876276302e-09, 2.707150486e-07]}, "barkbands_crest": {"dmean": 3.25512480736, "dmean2": 5.36321258545, "dvar": 8.04867458344, "dvar2": 20.6154766083, "max": 24.5662174225, "mean": 10.1827735901, "median": 9.25222492218, "min": 2.61407113075, "var": 19.578874588}, "barkbands_flatness_db": {"dmean": 0.0253565348685, "dmean2": 0.0399411730468, "dvar": 0.000526485207956, "dvar2": 0.00134041416459, "max": 0.391190707684, "mean": 0.133482053876, "median": 0.12780725956, "min": 0.0309985652566, "var": 0.00203057215549}, "barkbands_kurtosis": {"dmean": 4.81283092499, "dmean2": 7.96813678741, "dvar": 136.918014526, "dvar2": 376.340332031, "max": 451.602050781, "mean": 7.39229536057, "median": 4.17277669907, "min": -1.89450252056, "var": 174.194946289}, "barkbands_skewness": {"dmean": 0.673618555069, "dmean2": 1.07150304317, "dvar": 0.636208832264, "dvar2": 1.56444227695, "max": 17.4027385712, "mean": 2.00182962418, "median": 1.74654603004, "min": -2.17888307571, "var": 1.74307692051}, "barkbands_spread": {"dmean": 6.71648836136, "dmean2": 10.5743370056, "dvar": 42.6185035706, "dvar2": 100.958877563, "max": 135.850662231, "mean": 25.615026474, "median": 23.9869384766, "min": 0.567464470863, "var": 171.240234375}, "dissonance": {"dmean": 0.0220437906682, "dmean2": 0.0373718179762, "dvar": 0.000494461739436, "dvar2": 0.00134467345197, "max": 0.499999970198, "mean": 0.464938223362, "median": 0.474241286516, "min": 0.248995259404, "var": 0.000925087777432}, "dynamic_complexity": 2.96302890778, "erbbands": {"dmean": [0.342941373587, 1.96527528763, 3.55245280266, 2.83593320847, 3.95625424385, 4.18539762497, 9.88611698151, 19.9797554016, 18.2136116028, 22.6735286713, 28.0416374207, 28.4998779297, 30.204580307, 36.9205513, 31.0590610504, 28.5547428131, 20.1473999023, 18.0284767151, 14.458398819, 10.3949022293, 6.37221717834, 3.89748239517, 3.76408958435, 2.97061896324, 2.14119029045, 2.1583712101, 1.75150847435, 1.4749673605, 1.0786229372, 1.17636120319, 0.849296689034, 0.375651806593, 0.18650084734, 0.041681420058, 0.0178332477808, 0.0309021249413, 0.0338005535305, 0.0199058651924, 0.00532463518903, 0.00577773666009], "dmean2": [0.5642978549, 3.32301902771, 6.0819401741, 4.74787902832, 6.62068080902, 6.82489728928, 15.8246212006, 31.0214481354, 27.9480724335, 35.6039924622, 44.2276649475, 44.312171936, 47.8339309692, 59.1730766296, 49.0156860352, 45.5265846252, 31.4983654022, 28.7917442322, 23.1670894623, 16.2974205017, 9.95244598389, 6.15231752396, 5.76848888397, 4.44964838028, 3.17825555801, 3.12357854843, 2.4733171463, 2.0654540062, 1.50820791721, 1.70988500118, 1.34476625919, 0.567987680435, 0.269410312176, 0.066462315619, 0.0293312463909, 0.0456256307662, 0.0487814694643, 0.0281013697386, 0.00704099237919, 0.00824789982289], "dvar": [0.37528154254, 10.8460388184, 36.4877166748, 22.8942394257, 39.1039161682, 68.9819107056, 863.610412598, 4218.81152344, 2502.87915039, 3764.4777832, 6992.56152344, 5851.38769531, 4792.02148438, 5550.00683594, 4563.57324219, 4218.67333984, 2533.55761719, 1294.98815918, 613.557434082, 385.800537109, 157.496185303, 57.121673584, 184.735931396, 126.185882568, 49.9718894958, 28.9749965668, 22.6745033264, 15.026465416, 5.98812627792, 11.0053014755, 9.10360717773, 1.07294440269, 0.157686784863, 0.00646990630776, 0.000897485530004, 0.00424537435174, 0.00793269090354, 0.00363799440674, 7.85216761869e-05, 4.94914602314e-05], "dvar2": [0.98220872879, 29.1751194, 97.612663269, 60.4413490295, 104.347587585, 160.475616455, 1895.16687012, 9106.52050781, 5320.30175781, 8942.24121094, 17215.7675781, 13373.7197266, 11509.1708984, 13266.8271484, 11054.8046875, 9987.93847656, 5854.64257812, 3247.57275391, 1434.58752441, 896.74597168, 358.697265625, 129.886138916, 396.96105957, 289.218444824, 113.268493652, 62.316444397, 46.7375221252, 28.4575653076, 11.73458004, 24.7173576355, 23.8036251068, 2.69462251663, 0.335762858391, 0.0153627321124, 0.00218705134466, 0.00943130068481, 0.0191488042474, 0.00861444044858, 0.000146606907947, 9.8951117252e-05], "max": [8.02944374084, 58.2917747498, 106.594421387, 98.4287185669, 96.7110595703, 288.961883545, 1131.93347168, 1770.56481934, 1317.17053223, 1470.38513184, 2288.69360352, 2592.27685547, 2175.03491211, 2443.4453125, 1786.11987305, 1902.89355469, 1667.40478516, 1368.2713623, 888.038879395, 514.815917969, 476.149688721, 221.052047729, 826.29498291, 590.451660156, 441.454284668, 294.098022461, 274.245574951, 177.536087036, 81.2254714966, 81.6810913086, 85.3584060669, 26.9866809845, 14.9794530869, 3.02316308022, 0.554820597172, 2.50061559677, 3.12302851677, 2.77290844917, 0.286467820406, 0.180332139134], "mean": [0.41949403286, 2.46153664589, 4.36379718781, 3.96025967598, 5.44106435776, 5.89305114746, 12.6797676086, 24.8798503876, 26.2844581604, 33.5158920288, 40.9983444214, 45.9344825745, 49.1918983459, 59.2739295959, 52.6256713867, 48.884147644, 36.06873703, 34.2906837463, 29.5782032013, 21.0763702393, 12.3465328217, 7.71359443665, 6.70154380798, 5.1511054039, 3.83752012253, 3.89398860931, 3.18019604683, 2.75958418846, 2.05546927452, 1.75109314919, 1.02178192139, 0.549003064632, 0.310073703527, 0.0549317933619, 0.0201677158475, 0.0489783920348, 0.0561357885599, 0.0370478667319, 0.0163281168789, 0.0238444525748], "median": [0.188997894526, 1.21273243427, 2.0232872963, 2.17712473869, 3.01117777824, 3.09781551361, 4.72179222107, 5.85965251923, 6.30406856537, 8.37717247009, 10.6694717407, 15.4329185486, 21.8194389343, 29.2335758209, 26.582157135, 26.9667129517, 19.9125823975, 19.5738201141, 18.9261474609, 12.2240581512, 6.45029687881, 3.46066689491, 2.43082332611, 1.96714556217, 1.781904459, 1.78996050358, 1.51479959488, 1.32954692841, 0.989869594574, 0.678001880646, 0.346758544445, 0.209427505732, 0.113863579929, 0.0262574963272, 0.00966627523303, 0.0210082698613, 0.02298309654, 0.0178688447922, 0.0101702995598, 0.0190471131355], "min": [7.55010568234e-23, 8.01968416074e-22, 4.18901872097e-21, 8.9041008855e-21, 1.03558836399e-20, 1.78600798895e-20, 6.05602449399e-20, 5.57579509585e-20, 1.2593296206e-19, 1.50354577842e-19, 8.93428732331e-20, 5.12572030844e-19, 6.07175540129e-19, 6.87477406815e-19, 7.42319688222e-19, 1.10424848104e-18, 1.40821181695e-18, 2.35158824791e-18, 2.85891817672e-18, 4.20421039698e-18, 4.04136417697e-18, 4.5497510358e-18, 3.44801614985e-18, 6.302128614e-18, 7.07360026666e-18, 8.40528247071e-18, 9.66714566798e-18, 1.12852507397e-17, 1.1614837546e-17, 1.34916334281e-17, 1.26111666677e-17, 1.21187576295e-17, 9.33375217645e-18, 8.56317966912e-18, 6.93722465343e-18, 4.13725798461e-18, 2.4260615932e-18, 9.13973262108e-19, 2.3827431268e-19, 2.7049316556e-20], "var": [0.406754761934, 12.0501317978, 42.1208610535, 30.5289707184, 50.8325881958, 100.662712097, 1259.26477051, 5994.47070312, 4656.05371094, 7050.27734375, 11269.8789062, 11644.2939453, 8650.32324219, 10256.8085938, 7951.03320312, 6195.77050781, 3738.16064453, 2320.64013672, 1430.1685791, 931.451782227, 334.74017334, 123.549797058, 250.007476807, 151.114532471, 65.2344360352, 49.1040496826, 39.174156189, 32.0094909668, 13.9985017776, 15.5532665253, 7.64811515808, 1.22232580185, 0.286615788937, 0.0077068801038, 0.0010110992007, 0.00650098966435, 0.0103233456612, 0.00545614492148, 0.000374884839403, 0.000354810617864]}, "erbbands_crest": {"dmean": 2.74176239967, "dmean2": 4.52509021759, "dvar": 6.45909404755, "dvar2": 16.3697280884, "max": 29.8935852051, "mean": 8.73117446899, "median": 7.86552906036, "min": 2.3059630394, "var": 14.6759195328}, "erbbands_flatness_db": {"dmean": 0.0223976485431, "dmean2": 0.032716460526, "dvar": 0.00039561043377, "dvar2": 0.000815571576823, "max": 0.340308368206, "mean": 0.147903680801, "median": 0.145255744457, "min": 0.0444078929722, "var": 0.001969413599}, "erbbands_kurtosis": {"dmean": 1.25678384304, "dmean2": 2.00662779808, "dvar": 2.50827860832, "dvar2": 5.99153661728, "max": 44.4221611023, "mean": 1.64309287071, "median": 1.08373880386, "min": -1.77921962738, "var": 5.90942573547}, "erbbands_skewness": {"dmean": 0.374169051647, "dmean2": 0.570028066635, "dvar": 0.110675081611, "dvar2": 0.254080146551, "max": 4.31159448624, "mean": 0.149473831058, "median": 0.0921338647604, "min": -2.87842750549, "var": 0.559997260571}, "erbbands_spread": {"dmean": 6.35221338272, "dmean2": 9.51434803009, "dvar": 43.7748985291, "dvar2": 87.5386962891, "max": 119.535636902, "mean": 24.3967456818, "median": 20.8903121948, "min": 1.27522075176, "var": 183.760879517}, "gfcc": {"cov": [[17416.7578125, 533.226501465, -1099.84289551, 330.01940918, -501.184112549, -240.237930298, 8.16255474091, -110.467643738, 101.455047607, 88.2110443115, -14.6539764404, 121.553764343, -153.922668457], [533.226501465, 858.139648438, -4.16150760651, -394.109405518, 103.338531494, 7.08173561096, 36.8404083252, -58.226852417, 53.5507392883, -22.8138504028, 2.75257396698, -98.5839538574, 101.721672058], [-1099.84289551, -4.16150760651, 359.894958496, 76.6660079956, 10.3143081665, 117.027938843, -23.1678791046, 69.0972366333, -24.3690910339, 10.7513380051, -4.62513065338, -13.1849536896, 17.9266662598], [330.01940918, -394.109405518, 76.6660079956, 477.166473389, 13.1528749466, -18.6894989014, 30.8675327301, 27.8383350372, -28.3274440765, 12.4029693604, 0.802901983261, 72.9656295776, -65.4904556274], [-501.184112549, 103.338531494, 10.3143081665, 13.1528749466, 284.01184082, 78.5018310547, 53.7066726685, -27.055519104, -22.6562023163, -63.4907112122, 3.68354725838, -17.1770496368, 30.8111133575], [-240.237930298, 7.08173561096, 117.027938843, -18.6894989014, 78.5018310547, 214.081848145, 10.6193981171, 29.7443790436, -33.826713562, -18.2705364227, -2.80163645744, -12.9409046173, 23.4901294708], [8.16255474091, 36.8404083252, -23.1678791046, 30.8675327301, 53.7066726685, 10.6193981171, 141.488037109, -2.8232793808, 30.6640968323, -11.6569166183, -12.048535347, 0.470049858093, -3.67063856125], [-110.467643738, -58.226852417, 69.0972366333, 27.8383350372, -27.055519104, 29.7443790436, -2.8232793808, 141.904769897, 28.5105419159, 18.8994827271, -6.26929759979, -19.8531723022, -3.67919969559], [101.455047607, 53.5507392883, -24.3690910339, -28.3274440765, -22.6562023163, -33.826713562, 30.6640968323, 28.5105419159, 101.292190552, 41.2766609192, -0.42372199893, -1.20362734795, -6.52632141113], [88.2110443115, -22.8138504028, 10.7513380051, 12.4029693604, -63.4907112122, -18.2705364227, -11.6569166183, 18.8994827271, 41.2766609192, 90.5672073364, 33.8492660522, 19.5475120544, 0.596808195114], [-14.6539764404, 2.75257396698, -4.62513065338, 0.802901983261, 3.68354725838, -2.80163645744, -12.048535347, -6.26929759979, -0.42372199893, 33.8492660522, 71.8369522095, 41.3872833252, 8.76081943512], [121.553764343, -98.5839538574, -13.1849536896, 72.9656295776, -17.1770496368, -12.9409046173, 0.470049858093, -19.8531723022, -1.20362734795, 19.5475120544, 41.3872833252, 85.8585586548, 6.65983533859], [-153.922668457, 101.721672058, 17.9266662598, -65.4904556274, 30.8111133575, 23.4901294708, -3.67063856125, -3.67919969559, -6.52632141113, 0.596808195114, 8.76081943512, 6.65983533859, 71.2257461548]], "icov": [[0.000133006789838, -0.00046609074343, 0.000669879373163, -0.000511217629537, 0.000393379479647, -0.000412143126596, 0.000212613653275, -0.000190480146557, 0.0001209689799, -8.40293942019e-05, 0.000285463029286, -0.000354139338015, 0.000291094329441], [-0.00046609074343, 0.00454718992114, -0.00312745501287, 0.00324807246216, -0.00169506901875, 0.00211571878754, -0.0016094999155, 0.00229294365272, -0.00240458897315, 0.00142853078432, -0.00332988798618, 0.0047094351612, -0.00391975557432], [0.000669879373163, -0.00312745501287, 0.0077191516757, -0.0041661709547, 0.00252903532237, -0.00440958002582, 0.00205752439797, -0.00244007306173, 0.00132847519126, -0.00115621264558, 0.00179644615855, -0.00117049727123, 0.000500769470818], [-0.000511217629537, 0.00324807246216, -0.0041661709547, 0.00718129333109, -0.00359768094495, 0.00337769044563, -0.00231956481002, -0.000271867756965, 0.00191451259889, -0.00216314638965, 0.001849269378, -0.00311430147849, 0.00247412454337], [0.000393379479647, -0.00169506901875, 0.00252903532237, -0.00359768094495, 0.00778244109824, -0.00355191156268, -0.00062194862403, 0.00112472160254, -0.00193279585801, 0.00564758153632, -0.00439766701311, 0.00325419241562, -0.00283045321703], [-0.000412143126596, 0.00211571878754, -0.00440958002582, 0.00337769044563, -0.00355191156268, 0.00880139414221, -0.00195976812392, -0.000897756952327, 0.0025223675184, -0.00102050567511, 0.000162490629009, 0.000151566346176, -0.00100474024657], [0.000212613653275, -0.0016094999155, 0.00205752439797, -0.00231956481002, -0.00062194862403, -0.00195976812392, 0.00980739854276, -0.000100030483736, -0.00365652400069, 0.0011370733846, 0.00221488252282, -0.00181975832675, 0.00107623334043], [-0.000190480146557, 0.00229294365272, -0.00244007306173, -0.000271867756965, 0.00112472160254, -0.000897756952327, -0.000100030483736, 0.0111023355275, -0.00582243222743, 0.00202880823053, -0.00406508287415, 0.0071161640808, -0.00366015802138], [0.0001209689799, -0.00240458897315, 0.00132847519126, 0.00191451259889, -0.00193279585801, 0.0025223675184, -0.00365652400069, -0.00582243222743, 0.020350869745, -0.0121870189905, 0.00851780641824, -0.00721735181287, 0.00623055687174], [-8.40293942019e-05, 0.00142853078432, -0.00115621264558, -0.00216314638965, 0.00564758153632, -0.00102050567511, 0.0011370733846, 0.00202880823053, -0.0121870189905, 0.0252095796168, -0.0151860900223, 0.00673059932888, -0.00595215987414], [0.000285463029286, -0.00332988798618, 0.00179644615855, 0.001849269378, -0.00439766701311, 0.000162490629009, 0.00221488252282, -0.00406508287415, 0.00851780641824, -0.0151860900223, 0.0322089754045, -0.019836364314, 0.00717441551387], [-0.000354139338015, 0.0047094351612, -0.00117049727123, -0.00311430147849, 0.00325419241562, 0.000151566346176, -0.00181975832675, 0.0071161640808, -0.00721735181287, 0.00673059932888, -0.019836364314, 0.0312456768006, -0.0124433515593], [0.000291094329441, -0.00391975557432, 0.000500769470818, 0.00247412454337, -0.00283045321703, -0.00100474024657, 0.00107623334043, -0.00366015802138, 0.00623055687174, -0.00595215987414, 0.00717441551387, -0.0124433515593, 0.0247398074716]], "mean": [-4.98093271255, 96.2815551758, -86.8754043579, -12.951710701, -17.2677955627, 2.06746721268, 2.87500977516, -16.504983902, 1.29009604454, -6.90453767776, -5.56301689148, -3.66160845757, -4.26148557663]}, "hfc": {"dmean": 51.2479438782, "dmean2": 76.614151001, "dvar": 4998.64013672, "dvar2": 11154.4677734, "max": 1743.95666504, "mean": 191.747283936, "median": 160.207275391, "min": 1.07592712381e-16, "var": 20728.4296875}, "melbands": {"dmean": [0.00280143599957, 0.0020937314257, 0.000513692502864, 0.000264381436864, 0.000309226685204, 0.000432492495747, 0.000279395753751, 0.000254414160736, 0.000226545307669, 0.000189902682905, 0.000157612666953, 0.00015964677732, 0.000102812555269, 9.64447681326e-05, 6.31160801277e-05, 4.25419311796e-05, 3.53481191269e-05, 2.61445984506e-05, 1.92997031263e-05, 1.24736316138e-05, 6.8576709964e-06, 4.39392852059e-06, 3.88496710002e-06, 3.49888250639e-06, 2.50468065133e-06, 1.75489878984e-06, 1.52801351305e-06, 1.52715074364e-06, 1.23319944123e-06, 1.00301008388e-06, 8.62997069362e-07, 6.4277344336e-07, 6.16444538082e-07, 6.96800384503e-07, 5.52981020974e-07, 3.22819715848e-07, 1.99770198606e-07, 1.47294528574e-07, 7.79588944511e-08, 2.44671323202e-08], "dmean2": [0.00460898922756, 0.00354640791193, 0.00085432670312, 0.000435989088146, 0.000492774008308, 0.000668762892019, 0.000432022963651, 0.000398675561883, 0.000357659067959, 0.000298047001706, 0.000250191078521, 0.000257037841948, 0.000163541189977, 0.000155638175784, 0.000100061086414, 6.75762348692e-05, 5.75747544644e-05, 4.23593664891e-05, 3.11313197017e-05, 1.9659035388e-05, 1.09561206045e-05, 7.0744686127e-06, 6.16955821897e-06, 5.46543105884e-06, 3.82729831472e-06, 2.68760845756e-06, 2.30168939197e-06, 2.2777041977e-06, 1.79772280262e-06, 1.47206162637e-06, 1.23928009543e-06, 9.3324183581e-07, 8.94098832305e-07, 1.05009519302e-06, 8.91515469448e-07, 5.102964451e-07, 3.01200543618e-07, 2.13778150737e-07, 1.19461205372e-07, 4.09317451044e-08], "dvar": [2.27057844313e-05, 1.19613787319e-05, 6.71844588851e-07, 1.95815914594e-07, 6.77972877838e-07, 1.79959215529e-06, 5.59777220133e-07, 4.55758737417e-07, 4.26267376952e-07, 2.79475472098e-07, 1.28674443545e-07, 1.0778169468e-07, 4.95663599054e-08, 4.86246172215e-08, 2.24352216804e-08, 1.26676988899e-08, 4.7484616239e-09, 2.04770644885e-09, 1.34464706036e-09, 7.51048834235e-10, 1.76458694878e-10, 6.8299872702e-11, 1.03447507505e-10, 2.02870512056e-10, 8.3795560768e-11, 2.62709298759e-11, 2.57768337925e-11, 1.20863206596e-11, 9.19001853783e-12, 7.1338655469e-12, 5.37862896582e-12, 2.20245523208e-12, 2.45582677458e-12, 4.54672931249e-12, 4.15010300431e-12, 1.01943150102e-12, 2.65381927588e-13, 1.01670218468e-13, 2.58301884114e-14, 2.06073459891e-15], "dvar2": [5.91405078012e-05, 3.16238802043e-05, 1.77683989477e-06, 4.89016940719e-07, 1.48781134612e-06, 3.87503996535e-06, 1.20775268897e-06, 1.08857068426e-06, 1.04845878468e-06, 6.32374906218e-07, 3.08956259687e-07, 2.58215493432e-07, 1.15245804011e-07, 1.21282212717e-07, 5.33024078209e-08, 3.00481914906e-08, 1.21146994658e-08, 4.82156536918e-09, 3.39173844566e-09, 1.74775094397e-09, 3.97011673536e-10, 1.62956259597e-10, 2.29689392506e-10, 4.55144949507e-10, 1.96389057794e-10, 5.84935710979e-11, 6.0182768491e-11, 2.62751192331e-11, 1.9201187515e-11, 1.44336981603e-11, 1.07087888904e-11, 4.37026500058e-12, 5.34864600527e-12, 1.0433222862e-11, 1.09653397473e-11, 2.65272244275e-12, 6.56380548872e-13, 2.1810450581e-13, 5.81835808374e-14, 5.08159925475e-15], "max": [0.065425619483, 0.0531751178205, 0.0143138784915, 0.00855994503945, 0.0293186828494, 0.0383533276618, 0.0187712814659, 0.0140945352614, 0.0159117504954, 0.0216983314604, 0.0114907119423, 0.0108591178432, 0.00707653304562, 0.0059120953083, 0.00407518818974, 0.00368870422244, 0.00243362947367, 0.00160684785806, 0.00178185570985, 0.000886025023647, 0.000520360656083, 0.000203527990379, 0.00043728610035, 0.000898700323887, 0.000451711093774, 0.000272338103969, 0.000314983393764, 0.000161807998666, 0.000158512266353, 0.00013134785695, 0.000116208459076, 5.73965480726e-05, 5.48025673197e-05, 5.70828888158e-05, 5.7303426729e-05, 2.23439401452e-05, 1.40897091114e-05, 1.28433966893e-05, 5.12151609655e-06, 1.30535124754e-06], "mean": [0.003695046762, 0.00270656938665, 0.000767530524172, 0.000392865767935, 0.00040967023233, 0.000546289957128, 0.000408319261624, 0.000375370844267, 0.000330498907715, 0.000298291241052, 0.000248534488492, 0.000245400151471, 0.000165361358086, 0.000153985878569, 0.000101810030174, 7.0469264756e-05, 6.31924558547e-05, 4.92815124744e-05, 3.51552116626e-05, 2.22221315198e-05, 1.23464778881e-05, 7.96124095359e-06, 6.57064128973e-06, 5.60720127396e-06, 4.0365289351e-06, 2.95482914225e-06, 2.56872476712e-06, 2.61013178715e-06, 2.08266146728e-06, 1.72906516127e-06, 1.54290512455e-06, 1.179048013e-06, 1.039273684e-06, 9.35620448672e-07, 6.28046961992e-07, 4.09958062164e-07, 3.01567069982e-07, 2.44230022872e-07, 1.13290049342e-07, 2.45577567171e-08], "median": [0.00189899257384, 0.00140917906538, 0.00045496787061, 0.000230419522268, 0.000165543169715, 0.000134614427225, 9.86511513474e-05, 8.78836435732e-05, 9.31393515202e-05, 9.72994967015e-05, 0.000107764382847, 0.000113883506856, 8.04939700174e-05, 7.83571886132e-05, 5.52639648959e-05, 3.61817801604e-05, 3.42409766745e-05, 2.97297083307e-05, 2.09041772905e-05, 1.12818115667e-05, 6.03456555837e-06, 3.47328341377e-06, 2.32120191868e-06, 1.88724902728e-06, 1.46975992266e-06, 1.27465057176e-06, 1.227691655e-06, 1.14136582852e-06, 9.36991227718e-07, 8.11518361843e-07, 7.14392854206e-07, 5.63247908758e-07, 4.45318619313e-07, 3.28453836573e-07, 1.98278058861e-07, 1.44292016557e-07, 1.15933481482e-07, 8.9426151817e-08, 4.18496455268e-08, 9.23442300405e-09], "min": [1.33841405092e-24, 2.62844903746e-24, 2.08180274559e-24, 1.14917805406e-24, 1.92150108205e-24, 1.10543906953e-24, 1.71998833875e-24, 1.44754802677e-24, 9.53671500477e-25, 3.19603445876e-24, 2.67668945953e-24, 2.27325415969e-24, 2.05953044122e-24, 1.23939544123e-24, 4.20888926258e-24, 2.57728154699e-24, 3.40264028528e-24, 3.93171785593e-24, 3.88526735925e-24, 3.54601378265e-24, 4.41476657605e-24, 3.61941847318e-24, 1.8472243058e-24, 3.5921814727e-24, 4.64160076834e-24, 4.73836954672e-24, 4.97504477879e-24, 4.70819009507e-24, 5.87901468958e-24, 6.45733690224e-24, 4.52615136929e-24, 5.85055574357e-24, 6.22100758567e-24, 6.86345906233e-24, 6.78112643851e-24, 5.73532959215e-24, 6.69106061124e-24, 4.91148191692e-24, 6.22949651787e-24, 6.07460722901e-24], "var": [2.64299924311e-05, 1.38497052831e-05, 9.30175360736e-07, 2.78951375776e-07, 1.01500359051e-06, 2.62325625044e-06, 1.05764820546e-06, 8.70411440701e-07, 6.76530248711e-07, 5.67919016703e-07, 2.29851309541e-07, 1.94544938381e-07, 8.49064178965e-08, 7.11237788664e-08, 3.1642123588e-08, 1.67161147147e-08, 8.40325586893e-09, 4.63862548372e-09, 2.6490933891e-09, 1.46887491059e-09, 3.55908136296e-10, 1.36118755156e-10, 1.61107141516e-10, 2.40558711839e-10, 9.62893445533e-11, 3.66237908056e-11, 3.1370479131e-11, 2.10293085029e-11, 1.59079607126e-11, 1.31228344163e-11, 1.06447376955e-11, 4.88801577339e-12, 4.5068883521e-12, 5.4968551412e-12, 3.32608636813e-12, 9.19050751301e-13, 3.41294185838e-13, 1.84283157852e-13, 3.87662416003e-14, 2.08808550454e-15]}, "melbands_crest": {"dmean": 4.4668340683, "dmean2": 7.29542207718, "dvar": 14.3954572678, "dvar2": 37.4824333191, "max": 35.5461730957, "mean": 15.4608221054, "median": 14.7558107376, "min": 1.68005669117, "var": 38.7914199829}, "melbands_flatness_db": {"dmean": 0.0326879955828, "dmean2": 0.0512192994356, "dvar": 0.000851793854963, "dvar2": 0.00215181126259, "max": 0.563414514065, "mean": 0.242268308997, "median": 0.237423852086, "min": 0.00388462492265, "var": 0.00410364661366}, "melbands_kurtosis": {"dmean": 7.80808115005, "dmean2": 12.7778396606, "dvar": 393.005859375, "dvar2": 1003.42608643, "max": 623.636413574, "mean": 10.2712402344, "median": 3.63912773132, "min": -1.77686464787, "var": 626.236694336}, "melbands_skewness": {"dmean": 0.89815568924, "dmean2": 1.4049693346, "dvar": 1.02501749992, "dvar2": 2.37617731094, "max": 21.480096817, "mean": 2.19044446945, "median": 1.77799582481, "min": -2.70539593697, "var": 3.37182331085}, "melbands_spread": {"dmean": 5.68333101273, "dmean2": 9.07241249084, "dvar": 36.4107246399, "dvar2": 83.4766540527, "max": 178.154159546, "mean": 19.6838359833, "median": 17.6215400696, "min": 0.447815477848, "var": 220.800949097}, "mfcc": {"cov": [[7959.31738281, 207.597549438, -321.620819092, 543.767944336, -372.247955322, 41.14635849, -279.140136719, 55.6581611633, -189.502670288, 179.54460144, -26.4247093201, 146.675994873, -14.955537796], [207.597549438, 1343.90380859, -99.7591781616, -348.049285889, 37.9208869934, 26.3134250641, 37.3675994873, -81.9702377319, 127.943328857, -24.0900421143, 38.1637001038, -52.3541564941, 27.587430954], [-321.620819092, -99.7591781616, 371.088439941, -6.51250553131, 20.7820568085, -12.1790552139, 15.8121471405, 5.35774230957, 10.2102527618, 42.4512634277, 3.58413529396, 0.554585397243, 3.76206851006], [543.767944336, -348.049285889, -6.51250553131, 401.727020264, -17.9282360077, 26.6064376831, -14.1958656311, 51.1105995178, -39.1512985229, 5.39088726044, 3.93103575706, 34.6653594971, -14.7896432877], [-372.247955322, 37.9208869934, 20.7820568085, -17.9282360077, 214.997009277, 49.0896606445, 83.9477310181, 34.2801132202, 12.6191902161, -17.520160675, -17.524772644, -8.33223724365, 0.707467794418], [41.14635849, 26.3134250641, -12.1790552139, 26.6064376831, 49.0896606445, 175.337921143, 66.2191925049, 37.0186767578, -1.06799352169, -22.7651367188, -15.6198329926, 0.0734489038587, 0.328746140003], [-279.140136719, 37.3675994873, 15.8121471405, -14.1958656311, 83.9477310181, 66.2191925049, 140.927093506, 48.4257507324, 22.7216129303, -21.4686355591, -6.25757646561, -14.1434688568, -2.64343309402], [55.6581611633, -81.9702377319, 5.35774230957, 51.1105995178, 34.2801132202, 37.0186767578, 48.4257507324, 111.612625122, 19.2367019653, 22.0678386688, -9.14276695251, 4.94722223282, -19.5025520325], [-189.502670288, 127.943328857, 10.2102527618, -39.1512985229, 12.6191902161, -1.06799352169, 22.7216129303, 19.2367019653, 111.402000427, 29.1179714203, 29.089931488, -20.6515159607, -4.74670219421], [179.54460144, -24.0900421143, 42.4512634277, 5.39088726044, -17.520160675, -22.7651367188, -21.4686355591, 22.0678386688, 29.1179714203, 106.905944824, 17.1230945587, 11.2764759064, -16.6467781067], [-26.4247093201, 38.1637001038, 3.58413529396, 3.93103575706, -17.524772644, -15.6198329926, -6.25757646561, -9.14276695251, 29.089931488, 17.1230945587, 74.7062911987, 15.090924263, 13.0085058212], [146.675994873, -52.3541564941, 0.554585397243, 34.6653594971, -8.33223724365, 0.0734489038587, -14.1434688568, 4.94722223282, -20.6515159607, 11.2764759064, 15.090924263, 61.4733390808, 22.6134052277], [-14.955537796, 27.587430954, 3.76206851006, -14.7896432877, 0.707467794418, 0.328746140003, -2.64343309402, -19.5025520325, -4.74670219421, -16.6467781067, 13.0085058212, 22.6134052277, 62.6926422119]], "icov": [[0.000205497082788, -0.000191827537492, 0.000135693946504, -0.000330032460624, 0.000266954157269, -0.00011573255324, 0.000231282232562, -0.000221541093197, 0.000443113764049, -0.000465362943942, 0.000190822160221, -0.000139720752486, -9.33517876547e-05], [-0.000191827537492, 0.00134460581467, 0.000207937278901, 0.00111173058394, -0.00036255895975, -0.0002839686058, -0.000298563914839, 0.000996732502244, -0.00155142031144, 0.000553217658307, -0.000439483643277, 0.000286300404696, -6.72466630931e-05], [0.000135693946504, 0.000207937278901, 0.00310488068499, -4.77933390357e-05, -0.00010872893472, 9.32890470722e-05, -0.000537601183169, 0.000386889645597, 0.000201882532565, -0.00184411543887, 0.000207421559026, 0.000330146460328, -0.000794806343038], [-0.000330032460624, 0.00111173058394, -4.77933390357e-05, 0.00411220826209, -0.00030818086816, -0.000529316719621, 0.000313368742354, -0.00082217855379, -0.000403495971113, 0.00126918125898, -0.00128883449361, -0.000936489901505, 0.00108040845953], [0.000266954157269, -0.00036255895975, -0.00010872893472, -0.00030818086816, 0.00660064816475, -0.000434092158685, -0.00292891031131, -0.00079416600056, 0.00029157139943, -0.000244919559918, 0.00154969783034, -0.000558157043997, -0.000448897189926], [-0.00011573255324, -0.0002839686058, 9.32890470722e-05, -0.000529316719621, -0.000434092158685, 0.0076088574715, -0.00301118846983, -0.00117080367636, 0.000166853496921, 0.00112250971142, 0.00107305194251, -0.000662372331135, -0.000232342892559], [0.000231282232562, -0.000298563914839, -0.000537601183169, 0.000313368742354, -0.00292891031131, -0.00301118846983, 0.0131462207064, -0.00487472722307, -0.000629468529951, 0.0023534251377, -0.00115599483252, 0.00186075293459, -0.000474615924759], [-0.000221541093197, 0.000996732502244, 0.000386889645597, -0.00082217855379, -0.00079416600056, -0.00117080367636, -0.00487472722307, 0.0150345759466, -0.00388708454557, -0.00242429622449, 0.00257776654325, -0.00339206354693, 0.00352853536606], [0.000443113764049, -0.00155142031144, 0.000201882532565, -0.000403495971113, 0.00029157139943, 0.000166853496921, -0.000629468529951, -0.00388708454557, 0.0158965736628, -0.00477019511163, -0.00552421621978, 0.00626425351948, -0.00173513009213], [-0.000465362943942, 0.000553217658307, -0.00184411543887, 0.00126918125898, -0.000244919559918, 0.00112250971142, 0.0023534251377, -0.00242429622449, -0.00477019511163, 0.0148935653269, -0.00192902341951, -0.00406318344176, 0.00485695805401], [0.000190822160221, -0.000439483643277, 0.000207421559026, -0.00128883449361, 0.00154969783034, 0.00107305194251, -0.00115599483252, 0.00257776654325, -0.00552421621978, -0.00192902341951, 0.0186477154493, -0.00567665928975, -0.00209976336919], [-0.000139720752486, 0.000286300404696, 0.000330146460328, -0.000936489901505, -0.000558157043997, -0.000662372331135, 0.00186075293459, -0.00339206354693, 0.00626425351948, -0.00406318344176, -0.00567665928975, 0.025978019461, -0.0101640913635], [-9.33517876547e-05, -6.72466630931e-05, -0.000794806343038, 0.00108040845953, -0.000448897189926, -0.000232342892559, -0.000474615924759, 0.00352853536606, -0.00173513009213, 0.00485695805401, -0.00209976336919, -0.0101640913635, 0.022604867816]], "mean": [-665.590454102, 161.796859741, -9.3931055069, 9.38338661194, -2.65867161751, 25.3034076691, 3.34208226204, 9.99326515198, 3.77360773087, 9.17179012299, -1.63892400265, 3.52779841423, -1.11954474449]}, "pitch_salience": {"dmean": 0.0840724408627, "dmean2": 0.137680858374, "dvar": 0.00529426569119, "dvar2": 0.0141044100747, "max": 0.967143774033, "mean": 0.559120059013, "median": 0.575139522552, "min": 0.109715349972, "var": 0.0134445009753}, "silence_rate_20dB": {"dmean": 0, "dmean2": 0, "dvar": 0, "dvar2": 0, "max": 1, "mean": 1, "median": 1, "min": 1, "var": 0}, "silence_rate_30dB": {"dmean": 0.0438816733658, "dmean2": 0.0877729281783, "dvar": 0.0419560708106, "dvar2": 0.101902902126, "max": 1, "mean": 0.959179222584, "median": 1, "min": 0, "var": 0.0391544438899}, "silence_rate_60dB": {"dmean": 0.0045846523717, "dmean2": 0.00917030591518, "dvar": 0.00456363335252, "dvar2": 0.00930455140769, "max": 1, "mean": 0.0380921214819, "median": 0, "min": 0, "var": 0.0366411097348}, "spectral_centroid": {"dmean": 173.406768799, "dmean2": 262.899047852, "dvar": 50969.34375, "dvar2": 101978.15625, "max": 11688.4667969, "mean": 1068.58654785, "median": 911.315368652, "min": 147.986343384, "var": 935488}, "spectral_complexity": {"dmean": 3.19244623184, "dmean2": 4.74257659912, "dvar": 9.41444396973, "dvar2": 17.6601524353, "max": 56, "mean": 19.5136432648, "median": 20, "min": 0, "var": 66.1371765137}, "spectral_contrast_coeffs": {"dmean": [0.0515590421855, 0.0520936958492, 0.0390096604824, 0.0275820791721, 0.0205416940153, 0.0285024493933], "dmean2": [0.0868762880564, 0.0853020176291, 0.064248919487, 0.0458581633866, 0.0337544381618, 0.0439505837858], "dvar": [0.00160909141414, 0.0017831705045, 0.000975492526777, 0.000476245797472, 0.000355360476533, 0.000668927037623], "dvar2": [0.0044276532717, 0.00464872596785, 0.00255362130702, 0.00128321780358, 0.00091189640807, 0.00151995779015], "max": [-0.411495119333, -0.404743224382, -0.492423057556, -0.62638759613, -0.648227930069, -0.476517111063], "mean": [-0.710721373558, -0.767683267593, -0.789062261581, -0.808926045895, -0.834519326687, -0.754205644131], "median": [-0.712280869484, -0.777938723564, -0.795817017555, -0.810812473297, -0.833483815193, -0.748947501183], "min": [-0.980785310268, -0.975970983505, -0.977957189083, -0.970588743687, -0.969332635403, -0.965114176273], "var": [0.00447535980493, 0.00564966304228, 0.00337280263193, 0.00147352542263, 0.00109763804357, 0.00415024347603]}, "spectral_contrast_valleys": {"dmean": [0.427275300026, 0.394574075937, 0.302560776472, 0.255668759346, 0.322599440813, 0.45797264576], "dmean2": [0.693390548229, 0.624015927315, 0.475615262985, 0.387465208769, 0.463863283396, 0.689820587635], "dvar": [0.134001553059, 0.12329044193, 0.0815762579441, 0.0677486285567, 0.132943749428, 0.180707529187], "dvar2": [0.315608382225, 0.28515073657, 0.167590066791, 0.122038118541, 0.263687193394, 0.400250375271], "max": [-4.98753881454, -4.47844552994, -4.97760725021, -5.47885227203, -5.48481559753, -8.79691123962], "mean": [-6.93681907654, -6.63274335861, -6.74275636673, -7.3021941185, -8.02581977844, -10.9806480408], "median": [-6.65750312805, -6.37281703949, -6.44577264786, -7.00650405884, -7.72327566147, -10.7330741882], "min": [-28.1092758179, -28.035577774, -27.760017395, -27.6105880737, -27.4698123932, -27.3912658691], "var": [3.9568002224, 4.08333826065, 3.87194085121, 3.70516896248, 3.74655508995, 2.77595853806]}, "spectral_decrease": {"dmean": 4.05080902155e-09, "dmean2": 6.41030606374e-09, "dvar": 3.07542674635e-17, "dvar2": 7.52989062877e-17, "max": 5.00759522737e-09, "mean": -7.29728810711e-09, "median": -5.20783505209e-09, "min": -7.47744977048e-08, "var": 5.50580911749e-17}, "spectral_energy": {"dmean": 0.0170682370663, "dmean2": 0.0263417549431, "dvar": 0.000509595265612, "dvar2": 0.00121662765741, "max": 0.351440608501, "mean": 0.0449337027967, "median": 0.0383499898016, "min": 1.02112086198e-20, "var": 0.00109090516344}, "spectral_energyband_high": {"dmean": 0.000186827892321, "dmean2": 0.000244983209996, "dvar": 1.30456669467e-07, "dvar2": 2.67414407062e-07, "max": 0.010945902206, "mean": 0.000458561669802, "median": 0.000286222522845, "min": 7.20087865091e-21, "var": 3.36012107027e-07}, "spectral_energyband_low": {"dmean": 0.012259981595, "dmean2": 0.0201580896974, "dvar": 0.000378145748982, "dvar2": 0.000969118264038, "max": 0.299119740725, "mean": 0.0180567540228, "median": 0.0105862943456, "min": 1.87149077165e-23, "var": 0.000478585250676}, "spectral_energyband_middle_high": {"dmean": 0.0024187641684, "dmean2": 0.00358444056474, "dvar": 1.35758491524e-05, "dvar2": 3.02774114971e-05, "max": 0.0726478174329, "mean": 0.00652095256373, "median": 0.00457885116339, "min": 1.19178318673e-21, "var": 4.1084800614e-05}, "spectral_energyband_middle_low": {"dmean": 0.00552817853168, "dmean2": 0.00830609537661, "dvar": 8.52647281135e-05, "dvar2": 0.000183448864846, "max": 0.206369817257, "mean": 0.0121442349628, "median": 0.0070128524676, "min": 1.45281710881e-22, "var": 0.000234354214626}, "spectral_entropy": {"dmean": 0.171724185348, "dmean2": 0.251753300428, "dvar": 0.0261512156576, "dvar2": 0.0572514384985, "max": 9.82013320923, "mean": 7.51458978653, "median": 7.54222774506, "min": 5.61320829391, "var": 0.171060994267}, "spectral_flux": {"dmean": 0.0305890720338, "dmean2": 0.0483215749264, "dvar": 0.00122343364637, "dvar2": 0.0026779435575, "max": 0.488627433777, "mean": 0.118933461607, "median": 0.114201910794, "min": 6.34604174765e-11, "var": 0.00318740983494}, "spectral_kurtosis": {"dmean": 5.87307596207, "dmean2": 8.68483448029, "dvar": 64.5156784058, "dvar2": 154.553833008, "max": 106.77431488, "mean": 20.3923568726, "median": 16.9017028809, "min": -1.25873970985, "var": 185.717666626}, "spectral_rms": {"dmean": 0.00116591423284, "dmean2": 0.00175215129275, "dvar": 1.65975666278e-06, "dvar2": 3.73283569388e-06, "max": 0.0185167193413, "mean": 0.00614082254469, "median": 0.00611674971879, "min": 3.15628816486e-12, "var": 6.12805933997e-06}, "spectral_rolloff": {"dmean": 3981.61865234, "dmean2": 7634.90039062, "dvar": 53968572, "dvar2": 125802696, "max": 22028.4667969, "mean": 14586.4677734, "median": 20994.8730469, "min": 64.599609375, "var": 87854168}, "spectral_skewness": {"dmean": 0.477458149195, "dmean2": 0.681764364243, "dvar": 0.308256059885, "dvar2": 0.696019470692, "max": 8.79245376587, "mean": 3.17447066307, "median": 2.95911169052, "min": -0.0753970444202, "var": 1.37547314167}, "spectral_spread": {"dmean": 531112.625, "dmean2": 786499, "dvar": 437924364288, "dvar2": 896869335040, "max": 42885284, "mean": 4418101, "median": 4070040.5, "min": 1719110.75, "var": 10683063205900.0}, "spectral_strongpeak": {"dmean": 3.59030032158