{"lowlevel": {"average_loudness": 0.564477324486, "barkbands": {"dmean": [9.63016136666e-05, 9.72644847934e-05, 0.000431980733993, 0.000936929893214, 0.00110629759729, 0.000807498057839, 0.00105172267649, 0.000870641611982, 0.000372380920453, 0.000141010503285, 0.00012097992294, 0.000167187143234, 0.000225589479669, 9.27573637455e-05, 8.17979162093e-05, 4.01436518587e-05, 4.03435915359e-05, 6.931295502e-05, 3.14242570312e-05, 2.04372099688e-06, 6.8701535838e-07, 4.50760921922e-07, 4.38719553131e-07, 1.24898861031e-07, 6.975648148e-08, 8.35565643342e-08, 1.57538863732e-07], "dmean2": [0.000170185725437, 0.00015432528744, 0.000668941065669, 0.00137182406615, 0.00154609896708, 0.0011252828408, 0.00152181379963, 0.00120686215814, 0.000507615332026, 0.000200654263608, 0.00017420417862, 0.000237401211052, 0.000309165770886, 0.000133855952299, 0.00012384285219, 5.71022355871e-05, 6.23751693638e-05, 0.000106193838292, 5.17664157087e-05, 3.26514964399e-06, 1.05378933313e-06, 6.61950707581e-07, 6.38122230612e-07, 1.88515045352e-07, 1.12637032146e-07, 1.37604686756e-07, 2.63271402901e-07], "dvar": [2.14232240836e-08, 4.44280026102e-08, 8.52072389534e-07, 3.95968027078e-06, 3.69431745639e-06, 2.91848255074e-06, 5.1966949286e-06, 6.67054064252e-06, 1.1673400877e-06, 1.95846865836e-07, 1.65956024034e-07, 3.9149418285e-07, 1.58947841555e-06, 3.22491104043e-07, 1.60572199093e-07, 2.59739447728e-08, 1.72229999151e-08, 5.40084705847e-08, 1.86994935092e-08, 4.76298202268e-11, 6.82164134208e-12, 2.9537928093e-12, 3.11042532876e-12, 8.35284207253e-13, 2.8051467941e-14, 2.49531416986e-14, 1.38831234378e-13], "dvar2": [6.13276540662e-08, 9.67815552144e-08, 2.29027364185e-06, 9.29466386879e-06, 7.22241884432e-06, 5.33035472472e-06, 1.00778297565e-05, 1.18507568914e-05, 2.06094387067e-06, 3.62630089512e-07, 3.34976789418e-07, 7.33108038276e-07, 2.10388452615e-06, 6.72771193422e-07, 3.5704590573e-07, 4.54222508495e-08, 4.13669098975e-08, 1.26452846416e-07, 5.29519219583e-08, 1.02556199644e-10, 1.45151677136e-11, 6.30399031587e-12, 5.99495279807e-12, 1.40683699499e-12, 6.17894271989e-14, 6.44985028385e-14, 3.9197489113e-13], "max": [0.00188331655227, 0.00645396579057, 0.0235316045582, 0.0439625829458, 0.0580880492926, 0.0658737048507, 0.0777997225523, 0.0771055743098, 0.0353142619133, 0.0204763319343, 0.0148899555206, 0.0232266504318, 0.0496006123722, 0.0381297953427, 0.0121546238661, 0.00573517614976, 0.00325075164437, 0.00525665981695, 0.0052187955007, 0.000255760882283, 6.92333196639e-05, 6.00819803367e-05, 4.62391399196e-05, 5.74667392357e-05, 5.86511850997e-06, 4.76380955661e-06, 1.41520358738e-05], "mean": [9.20848688111e-05, 0.000231681842706, 0.00124542461708, 0.00268238899298, 0.00400820514187, 0.00214045750909, 0.00277749658562, 0.00237176707014, 0.00105809955858, 0.00036666408414, 0.000309130700771, 0.000368761015125, 0.000433197768871, 0.000191768049262, 0.000176424247911, 8.86350899236e-05, 8.28821430332e-05, 0.000172355241375, 5.41426452401e-05, 3.97847952627e-06, 1.38799759952e-06, 9.13383303214e-07, 9.22821755012e-07, 3.10159009587e-07, 2.72601738516e-07, 4.00157603053e-07, 7.72047258124e-07], "median": [3.95073911932e-05, 9.40625614021e-05, 0.000412178342231, 0.000675711082295, 0.00143961375579, 0.000727931736037, 0.000861566280946, 0.000282871973468, 0.000180105373147, 5.53036588826e-05, 4.41083066107e-05, 4.23164055974e-05, 2.73853056569e-05, 2.33565860981e-05, 1.40751344588e-05, 8.94106597116e-06, 1.23747031466e-05, 1.12167635962e-05, 5.04687568537e-06, 1.36768903758e-06, 3.76507927058e-07, 1.44415494674e-07, 1.52784778606e-07, 1.64709916817e-07, 2.2509547648e-07, 3.61296827123e-07, 7.03793944012e-07], "min": [3.06356597733e-25, 8.61383254821e-25, 1.13910321562e-24, 1.09996043054e-24, 6.34182597204e-24, 2.62041034762e-24, 3.39144595461e-24, 5.70507598758e-24, 1.7017208051e-23, 1.99731503266e-23, 1.66458233808e-23, 3.55838178059e-23, 2.68317152959e-23, 3.73551355488e-23, 3.15165677299e-23, 7.20252283899e-23, 8.13175996457e-23, 9.59399064522e-23, 1.22273970424e-22, 1.58264808902e-22, 2.43130111676e-22, 3.02237427199e-22, 3.86889800637e-22, 5.13401531844e-22, 8.67820908854e-22, 1.324448033e-21, 1.81545788058e-21], "var": [2.15681392746e-08, 1.76410168251e-07, 5.44100748812e-06, 2.56725470535e-05, 3.57360004273e-05, 2.02827686735e-05, 3.06757392536e-05, 4.64034383185e-05, 8.24482322059e-06, 1.28150520595e-06, 9.35781315548e-07, 1.44481703046e-06, 4.44266788691e-06, 8.25967106266e-07, 5.3952203416e-07, 8.28296506938e-08, 5.29921813097e-08, 1.9749860769e-07, 4.41615384261e-08, 9.01825419897e-11, 1.6020946722e-11, 6.52642436622e-12, 8.74898504338e-12, 1.33342002804e-12, 6.0368634462e-14, 4.45701960582e-14, 1.5739984999e-13]}, "barkbands_crest": {"dmean": 1.97011852264, "dmean2": 3.06811523438, "dvar": 3.35015487671, "dvar2": 8.24711513519, "max": 26.3579998016, "mean": 12.395111084, "median": 11.8699827194, "min": 3.62401676178, "var": 18.4036617279}, "barkbands_flatness_db": {"dmean": 0.0145753184333, "dmean2": 0.0223145987839, "dvar": 0.000210040991078, "dvar2": 0.000524365517776, "max": 0.37895822525, "mean": 0.232126146555, "median": 0.234936743975, "min": 0.050731215626, "var": 0.00240987422876}, "barkbands_kurtosis": {"dmean": 3.38013601303, "dmean2": 5.33804655075, "dvar": 51.0649871826, "dvar2": 151.924026489, "max": 232.163955688, "mean": 9.12527656555, "median": 5.95896339417, "min": -1.85472559929, "var": 126.213638306}, "barkbands_skewness": {"dmean": 0.436606913805, "dmean2": 0.680243611336, "dvar": 0.287354648113, "dvar2": 0.765531122684, "max": 14.2204008102, "mean": 1.89912390709, "median": 1.73049330711, "min": -3.19187617302, "var": 1.75096273422}, "barkbands_spread": {"dmean": 1.55974256992, "dmean2": 2.35256958008, "dvar": 7.65107393265, "dvar2": 17.1324958801, "max": 88.7444534302, "mean": 7.62722349167, "median": 5.92971086502, "min": 0.819909393787, "var": 41.5756454468}, "dissonance": {"dmean": 0.0325725823641, "dmean2": 0.0543677993119, "dvar": 0.000882037507836, "dvar2": 0.00240222364664, "max": 0.499654173851, "mean": 0.391111820936, "median": 0.39618575573, "min": 0.162217259407, "var": 0.00293684843928}, "dynamic_complexity": 5.33286237717, "erbbands": {"dmean": [0.00225004763342, 0.0295846443623, 0.363993734121, 2.09382939339, 3.56758737564, 3.83255696297, 4.65125703812, 7.0143237114, 12.937253952, 18.7700443268, 18.025806427, 7.32548284531, 4.58582925797, 4.04360628128, 3.72127771378, 7.21640110016, 7.48917245865, 6.47639989853, 4.06076812744, 2.20208883286, 1.95394015312, 1.7095284462, 2.33593630791, 2.74170255661, 0.34029302001, 0.0808459818363, 0.0370075069368, 0.0229038577527, 0.0159331448376, 0.0180173199624, 0.0106478556991, 0.00406016176566, 0.00152293418068, 0.000852628960274, 0.000546701136045, 0.000323023210512, 0.000181140581844, 7.89341429481e-05, 2.27958425967e-05, 5.64788797419e-06], "dmean2": [0.00383576424792, 0.0463545098901, 0.566366016865, 3.10742521286, 4.68819856644, 5.46278953552, 6.67731332779, 9.56572341919, 18.8257484436, 24.1616973877, 22.7495059967, 9.12602901459, 6.52651119232, 5.47240066528, 5.09476709366, 10.0275821686, 10.557882309, 8.33531856537, 5.8266210556, 3.30873322487, 2.85023450851, 2.48249053955, 3.41023421288, 3.98125886917, 0.496905356646, 0.125850126147, 0.0574987567961, 0.0341696403921, 0.0232460964471, 0.0261579118669, 0.0155197447166, 0.00606117816642, 0.00236578192562, 0.00138495792635, 0.000893692485988, 0.00053293898236, 0.000302230648231, 0.000132225221023, 3.83914775739e-05, 8.49153639138e-06], "dvar": [1.63802469615e-05, 0.00448613939807, 0.627481043339, 19.0317745209, 41.7792930603, 52.8906326294, 89.9523086548, 316.264312744, 716.225036621, 2514.37817383, 3784.14086914, 471.379455566, 187.078094482, 132.983154297, 162.475799561, 862.047790527, 1155.10717773, 1587.14074707, 555.702575684, 92.1322784424, 56.4628562927, 24.2438011169, 57.1132926941, 91.5884552002, 0.80401134491, 0.0854441300035, 0.0147617692128, 0.0095674674958, 0.00442701904103, 0.00409351941198, 0.00192881794646, 0.0010323083261, 4.05253449571e-05, 4.75378692499e-06, 1.40513157021e-06, 3.34573854843e-07, 1.02189495976e-07, 2.30287060532e-08, 2.47435827383e-09, 7.73192065928e-11], "dvar2": [4.35308138549e-05, 0.00967267621309, 1.64022731781, 48.2068405151, 69.9275054932, 114.227127075, 190.04133606, 535.018249512, 1430.56408691, 3985.69970703, 5271.84082031, 553.16607666, 368.330718994, 230.378799438, 258.256530762, 1545.68212891, 1875.80102539, 2194.15283203, 1036.42773438, 211.328704834, 115.936584473, 51.872303009, 132.413986206, 198.92350769, 1.61063408852, 0.177742213011, 0.0313661433756, 0.0200203601271, 0.00986651983112, 0.00788279622793, 0.00364900194108, 0.001707815798, 7.60652765166e-05, 1.02342892205e-05, 3.31928208652e-06, 8.25591200737e-07, 2.68928289415e-07, 6.22616624923e-08, 6.99423674533e-09, 1.82040313379e-10], "max": [0.0993417277932, 2.28253817558, 24.5511665344, 76.5084762573, 174.2706604, 208.007019043, 423.83972168, 853.334228516, 848.712219238, 1732.38476563, 1914.63476563, 946.508544922, 583.337890625, 506.794433594, 498.202575684, 1146.32702637, 1068.27990723, 1682.91052246, 1186.33947754, 442.840240479, 274.450805664, 158.165710449, 206.963012695, 391.406158447, 29.8367614746, 13.278465271, 3.10902428627, 2.99101448059, 2.55386590958, 2.34367775917, 1.25609314442, 2.05769395828, 0.275707811117, 0.070292852819, 0.044026132673, 0.0168047919869, 0.0105893351138, 0.00431968597695, 0.00179134658538, 0.000289292423986], "mean": [0.00360459811054, 0.0815692171454, 1.09106373787, 6.07081651688, 12.0091085434, 12.9853601456, 13.6789503098, 18.4679298401, 32.8694267273, 47.0323371887, 51.0541534424, 24.3019981384, 14.2290811539, 11.3492097855, 10.9037227631, 16.4947128296, 18.2359371185, 13.4683628082, 10.5050573349, 6.3816113472, 5.27882671356, 4.70333194733, 7.08851575851, 8.15017700195, 0.957940638065, 0.1834243536, 0.0797356888652, 0.0446676909924, 0.0320705771446, 0.0370447039604, 0.0223742779344, 0.00890622660518, 0.00426982296631, 0.00289707700722, 0.00206709932536, 0.00137009774335, 0.000779311289079, 0.000345860054949, 0.000108146559796, 3.38340869348e-05], "median": [0.00223060231656, 0.0318775288761, 0.39536178112, 2.07133388519, 3.86447143555, 4.21754312515, 5.60555553436, 6.05221366882, 12.5183610916, 10.3753242493, 7.84502458572, 3.7993812561, 2.04557824135, 2.14215254784, 1.90156197548, 1.88732945919, 1.67558372021, 1.42023634911, 1.05901753902, 0.667808592319, 0.720149338245, 0.74642765522, 0.63321596384, 0.523278594017, 0.192282304168, 0.0664043724537, 0.025598526001, 0.00958559568971, 0.00518657034263, 0.00508081028238, 0.00430894549936, 0.00345374643803, 0.002804659307, 0.00227415119298, 0.00175042042974, 0.00121404847596, 0.00070290453732, 0.00031490199035, 9.79682663456e-05, 2.79944451904e-05], "min": [6.17902188394e-23, 3.14862155178e-22, 2.13105878821e-21, 6.9383279702e-21, 5.94513285494e-21, 1.83568923202e-20, 1.24564764937e-20, 3.58433289108e-20, 1.16295441969e-19, 1.09852790672e-19, 3.05876837313e-19, 3.23461947504e-19, 5.8940304768e-19, 5.95453667066e-19, 9.85871490759e-19, 1.87244946156e-18, 1.51776330709e-18, 1.61043524624e-18, 2.82915828623e-18, 3.40585764916e-18, 4.21373869045e-18, 5.06492739311e-18, 4.73271594267e-18, 6.65430820442e-18, 7.14454506626e-18, 7.54260174781e-18, 8.82767149717e-18, 1.0999615348e-17, 1.08149770547e-17, 1.10304774566e-17, 1.05665672722e-17, 1.07601779935e-17, 7.59816760546e-18, 8.76031169834e-18, 7.09605822029e-18, 3.94635090309e-18, 2.32124229996e-18, 9.68112439995e-19, 2.28788153717e-19, 2.47718023707e-20], "var": [2.37712611124e-05, 0.020497540012, 3.44194984436, 98.7698059082, 367.15512085, 501.357025146, 734.021240234, 2039.6204834, 3976.47216797, 10355.2363281, 24445.484375, 5149.17773438, 1818.2331543, 903.031311035, 1105.53015137, 2981.65771484, 4121.22802734, 3951.11938477, 2044.14575195, 532.1484375, 240.351211548, 141.545120239, 302.902130127, 651.218566895, 4.88075876236, 0.188279986382, 0.0363209471107, 0.0209854524583, 0.00921251345426, 0.0114477509633, 0.00516879977658, 0.00167343602516, 7.08712541382e-05, 1.00511533674e-05, 2.72995180239e-06, 6.81115693624e-07, 1.70885499529e-07, 3.26850582155e-08, 3.17516923865e-09, 5.74733260983e-10]}, "erbbands_crest": {"dmean": 2.25629281998, "dmean2": 3.44866681099, "dvar": 4.5352973938, "dvar2": 10.1070709229, "max": 31.5595588684, "mean": 11.9956245422, "median": 11.3080043793, "min": 2.36646103859, "var": 18.8620624542}, "erbbands_flatness_db": {"dmean": 0.0112558882684, "dmean2": 0.0163606032729, "dvar": 0.000116091643577, "dvar2": 0.000230108504184, "max": 0.374138742685, "mean": 0.24355147779, "median": 0.253124654293, "min": 0.0250936690718, "var": 0.0027334545739}, "erbbands_kurtosis": {"dmean": 1.13251614571, "dmean2": 1.71937036514, "dvar": 4.23945140839, "dvar2": 8.04722499847, "max": 103.480438232, "mean": 2.05067372322, "median": 1.00866246223, "min": -1.82202923298, "var": 15.1522111893}, "erbbands_skewness": {"dmean": 0.291851907969, "dmean2": 0.432154923677, "dvar": 0.0882503241301, "dvar2": 0.164825484157, "max": 7.99388933182, "mean": 0.960086584091, "median": 0.98731482029, "min": -4.26498699188, "var": 0.740667521954}, "erbbands_spread": {"dmean": 3.30921149254, "dmean2": 4.97589826584, "dvar": 18.5301551819, "dvar2": 40.9796600342, "max": 134.090332031, "mean": 20.8410816193, "median": 17.9239730835, "min": 1.93133926392, "var": 151.435409546}, "gfcc": {"cov": [[17883.8203125, 3229.91040039, -2960.35766602, -566.85736084, -535.24206543, -946.328552246, -841.405578613, -102.510185242, -235.920196533, -520.890319824, -113.963111877, -61.6843795776, -596.872436523], [3229.91040039, 1118.04797363, -300.063690186, -223.501678467, -16.7049846649, -239.672912598, -259.670196533, -62.2042808533, -96.5309371948, -137.414871216, -48.9552536011, -57.8355827332, -115.386184692], [-2960.35766602, -300.063690186, 1283.57897949, 238.526397705, 87.6535644531, 218.710128784, 81.8917694092, -1.82178902626, -31.2911605835, 119.469398499, -60.6737976074, -57.3335609436, 160.9949646], [-566.85736084, -223.501678467, 238.526397705, 375.92578125, 157.242965698, 18.0516033173, -47.502407074, -33.8486213684, 22.8887653351, 5.81949090958, -45.5513496399, -34.1415176392, 39.2663116455], [-535.24206543, -16.7049846649, 87.6535644531, 157.242965698, 329.096435547, 77.9425354004, -135.06312561, -107.895324707, -8.02572345734, 67.1816253662, -5.60566949844, -57.8751564026, 18.3435268402], [-946.328552246, -239.672912598, 218.710128784, 18.0516033173, 77.9425354004, 254.839447021, 126.369194031, -32.3062896729, -13.5220279694, 103.10546875, 24.7452430725, -10.8090190887, 19.0491046906], [-841.405578613, -259.670196533, 81.8917694092, -47.502407074, -135.06312561, 126.369194031, 308.90838623, 147.812210083, -5.61767053604, -9.71972370148, 37.4318962097, 55.2244300842, 2.46236348152], [-102.510185242, -62.2042808533, -1.82178902626, -33.8486213684, -107.895324707, -32.3062896729, 147.812210083, 192.864944458, 31.790927887, -58.3444442749, 17.492685318, 42.4527130127, -10.3506088257], [-235.920196533, -96.5309371948, -31.2911605835, 22.8887653351, -8.02572345734, -13.5220279694, -5.61767053604, 31.790927887, 101.717170715, 41.2597351074, 3.59720468521, 1.38848853111, 2.47378277779], [-520.890319824, -137.414871216, 119.469398499, 5.81949090958, 67.1816253662, 103.10546875, -9.71972370148, -58.3444442749, 41.2597351074, 196.262084961, 54.0704116821, -35.7076683044, 21.684961319], [-113.963111877, -48.9552536011, -60.6737976074, -45.5513496399, -5.60566949844, 24.7452430725, 37.4318962097, 17.492685318, 3.59720468521, 54.0704116821, 110.10357666, 40.769329071, -38.427947998], [-61.6843795776, -57.8355827332, -57.3335609436, -34.1415176392, -57.8751564026, -10.8090190887, 55.2244300842, 42.4527130127, 1.38848853111, -35.7076683044, 40.769329071, 92.7339248657, 22.9403190613], [-596.872436523, -115.386184692, 160.9949646, 39.2663116455, 18.3435268402, 19.0491046906, 2.46236348152, -10.3506088257, 2.47378277779, 21.684961319, -38.427947998, 22.9403190613, 131.694152832]], "icov": [[0.000930575362872, -0.00250866822898, 0.00247557787225, -0.00307112932205, 0.00395639846101, -0.0036885777954, 0.00434718327597, -0.00378666585311, 0.00354761676863, -0.00284205772914, 0.00234432052821, -0.00176382437348, 0.000905132386833], [-0.00250866822898, 0.00889068283141, -0.00683451071382, 0.00975995045155, -0.0110979834571, 0.0110773434862, -0.0101110078394, 0.00952093116939, -0.00757116591558, 0.00758990086615, -0.00489353900775, 0.00460525369272, -0.000591926509514], [0.00247557787225, -0.00683451071382, 0.00806540530175, -0.00930463522673, 0.0114765251055, -0.0116697959602, 0.0125557743013, -0.0115012796596, 0.0105255777016, -0.00795586034656, 0.00588954472914, -0.00340377585962, 0.000520703440998], [-0.00307112932205, 0.00975995045155, -0.00930463522673, 0.0157021842897, -0.0163489263505, 0.0150632336736, -0.0153806954622, 0.0138222435489, -0.0127494772896, 0.0103524858132, -0.00583545351401, 0.00552921369672, -0.00133353937417], [0.00395639846101, -0.0110979834571, 0.0114765251055, -0.0163489263505, 0.0250369552523, -0.0222767628729, 0.0246123187244, -0.0183794610202, 0.0160205289721, -0.0103769917041, 0.00545108690858, -0.00316664855927, 0.000432556902524], [-0.0036885777954, 0.0110773434862, -0.0116697959602, 0.0150632336736, -0.0222767628729, 0.0308012925088, -0.0285143181682, 0.0223994385451, -0.0134808653966, 0.00563844293356, -0.00397704681382, 0.00298756058328, 0.00134808174334], [0.00434718327597, -0.0101110078394, 0.0125557743013, -0.0153806954622, 0.0246123187244, -0.0285143181682, 0.0379356741905, -0.0298928041011, 0.0222392324358, -0.0127663780004, 0.0103168813512, -0.00895092450082, 0.00397179741412], [-0.00378666585311, 0.00952093116939, -0.0115012796596, 0.0138222435489, -0.0183794610202, 0.0223994385451, -0.0298928041011, 0.032833635807, -0.0231735706329, 0.0169258583337, -0.013928052038, 0.0094030238688, -0.00447558285668], [0.00354761676863, -0.00757116591558, 0.0105255777016, -0.0127494772896, 0.0160205289721, -0.0134808653966, 0.0222392324358, -0.0231735706329, 0.0329909585416, -0.0215374305844, 0.0183577053249, -0.0137257277966, 0.00853475928307], [-0.00284205772914, 0.00758990086615, -0.00795586034656, 0.0103524858132, -0.0103769917041, 0.00563844293356, -0.0127663780004, 0.0169258583337, -0.0215374305844, 0.0303405933082, -0.0276002176106, 0.0234017558396, -0.0141143258661], [0.00234432052821, -0.00489353900775, 0.00588954472914, -0.00583545351401, 0.00545108690858, -0.00397704681382, 0.0103168813512, -0.013928052038, 0.0183577053249, -0.0276002176106, 0.0421498082578, -0.0315564759076, 0.0214019045234], [-0.00176382437348, 0.00460525369272, -0.00340377585962, 0.00552921369672, -0.00316664855927, 0.00298756058328, -0.00895092450082, 0.0094030238688, -0.0137257277966, 0.0234017558396, -0.0315564759076, 0.0399203300476, -0.0202888231725], [0.000905132386833, -0.000591926509514, 0.000520703440998, -0.00133353937417, 0.000432556902524, 0.00134808174334, 0.00397179741412, -0.00447558285668, 0.00853475928307, -0.0141143258661, 0.0214019045234, -0.0202888231725, 0.022199774161]], "mean": [-133.573730469, 148.625534058, -93.8582458496, -15.353966713, -33.2260284424, -25.6575241089, -40.001865387, 0.484382659197, -22.7084312439, -8.65844154358, -9.78144073486, -6.48503780365, -22.3663005829]}, "hfc": {"dmean": 1.73215699196, "dmean2": 2.30477833748, "dvar": 12.5002155304, "dvar2": 18.820941925, "max": 125.810035706, "mean": 8.9433965683, "median": 5.01967716217, "min": 1.06465761515e-16, "var": 131.113128662}, "melbands": {"dmean": [2.43975955527e-05, 0.000134019908728, 0.000377040822059, 0.000261341949226, 0.000153626533574, 0.000162775075296, 0.000193933170522, 0.000197540663066, 0.000141552329296, 4.16649090766e-05, 2.43235299422e-05, 1.71790397872e-05, 1.43413990372e-05, 1.56461264851e-05, 1.73818789335e-05, 2.17197502934e-05, 1.15400689538e-05, 6.98289159118e-06, 6.17582418272e-06, 2.106506372e-06, 2.58162890532e-06, 1.96095516003e-06, 1.6253237618e-06, 3.06758875013e-06, 2.36919640884e-06, 3.58013977575e-07, 1.06552739965e-07, 4.77033488266e-08, 2.73967941666e-08, 1.7460680013e-08, 1.25135155571e-08, 9.31025123663e-09, 9.57548351721e-09, 1.0982497578e-08, 7.37295513531e-09, 3.82282561162e-09, 2.03844874314e-09, 1.21536314346e-09, 8.49359527155e-10, 7.84540876708e-10], "dmean2": [3.98600241169e-05, 0.000208671262953, 0.000546428200323, 0.000364589330275, 0.000219161418499, 0.000224942661589, 0.000286048045382, 0.000255852617556, 0.000180146642379, 5.2815899835e-05, 3.45871885656e-05, 2.31528138102e-05, 1.96570726985e-05, 2.17505603359e-05, 2.53547641478e-05, 2.96983598673e-05, 1.56462901941e-05, 1.02817948573e-05, 9.15079635888e-06, 3.08698395202e-06, 3.84267787013e-06, 2.99185717267e-06, 2.45831506618e-06, 4.44969145974e-06, 3.4781926388e-06, 5.42272687198e-07, 1.69564273733e-07, 7.72164270302e-08, 4.32965627795e-08, 2.69778439588e-08, 1.87730666568e-08, 1.41377638485e-08, 1.38741214073e-08, 1.63311195678e-08, 1.09361595335e-08, 5.71874592126e-09, 3.14095238707e-09, 1.9356278802e-09, 1.37629274644e-09, 1.29112187608e-09], "dvar": [1.69454061894e-09, 8.4937084921e-08, 4.76354756529e-07, 2.45431124313e-07, 7.61232215041e-08, 1.33403531777e-07, 1.61899208706e-07, 2.61880217067e-07, 2.10796855526e-07, 1.53047192697e-08, 5.37729372141e-09, 2.42259123873e-09, 3.11031134181e-09, 4.11781631016e-09, 3.37049388399e-09, 1.90081212992e-08, 4.7833466077e-09, 2.35478814226e-09, 9.55537426961e-10, 7.71070152172e-11, 9.94558602141e-11, 2.95385139959e-11, 6.05739000625e-11, 9.17612028029e-11, 7.1887495956e-11, 1.20773183121e-12, 1.28710857619e-13, 3.61440884817e-14, 7.88034900192e-15, 4.32404009178e-15, 3.27374358938e-15, 1.66134035307e-15, 1.17086031337e-15, 1.73873481226e-15, 9.60887622013e-16, 4.0372607821e-16, 3.15129025966e-16, 2.65217728663e-17, 4.02788816402e-18, 3.64886614913e-18], "dvar2": [4.17520285012e-09, 2.19912109856e-07, 1.14980230137e-06, 4.78091635614e-07, 1.59775950692e-07, 2.32891792962e-07, 3.20772414852e-07, 4.2612253992e-07, 3.00167556588e-07, 2.00070129353e-08, 1.01030952493e-08, 3.96604749042e-09, 5.61847057767e-09, 6.99582347607e-09, 7.06631064773e-09, 2.64968065267e-08, 7.52575513019e-09, 4.57498661177e-09, 2.00488425861e-09, 1.4005856197e-10, 2.16923798368e-10, 6.71440611444e-11, 1.37424613356e-10, 1.83439527457e-10, 1.63020527633e-10, 2.7098473205e-12, 2.92188392622e-13, 8.15716309603e-14, 1.70038899546e-14, 9.7314996976e-15, 6.63273003347e-15, 3.94118035259e-15, 2.27587249719e-15, 3.46848324022e-15, 1.91419620497e-15, 6.61513461806e-16, 5.32942066045e-16, 5.37403163585e-17, 8.11837487525e-18, 8.34129674161e-18], "max": [0.000943373772316, 0.00896194390953, 0.015103421174, 0.0159866400063, 0.0111189791933, 0.0164496768266, 0.0141266873106, 0.0167579706758, 0.0128634963185, 0.00593016063794, 0.00293516437523, 0.00234245043248, 0.00219577853568, 0.00292044389062, 0.00178505468648, 0.00513816066086, 0.00265437643975, 0.00294940033928, 0.00102923531085, 0.000459225469967, 0.000337952224072, 0.000145011203131, 0.000320759427268, 0.000293666991638, 0.000374425813789, 4.16813818447e-05, 1.38561799758e-05, 9.20678030525e-06, 2.46171907747e-06, 1.87402224583e-06, 2.26582574214e-06, 1.76968649157e-06, 1.40133204241e-06, 1.2847783637e-06, 9.21960634059e-07, 1.07564733298e-06, 1.1321292277e-06, 2.02547283834e-07, 7.04434768295e-08, 5.81543453393e-08], "mean": [5.00476198795e-05, 0.000399919808842, 0.00119504716713, 0.000966755847912, 0.000484278018121, 0.000424391793786, 0.000521759851836, 0.00051577220438, 0.000394899398088, 0.000135531023261, 6.82959507685e-05, 4.54236214864e-05, 3.85510284104e-05, 3.64323823305e-05, 4.22501616413e-05, 4.35775182268e-05, 2.22785292863e-05, 1.68839906109e-05, 1.34601141326e-05, 5.26665826328e-06, 6.40108601146e-06, 4.71648672828e-06, 4.69869792141e-06, 8.85468125489e-06, 6.72768737786e-06, 8.02672786904e-07, 2.11675683204e-07, 8.76461854205e-08, 5.33570165828e-08, 3.4285974948e-08, 2.20363283177e-08, 1.72305991697e-08, 1.83873822834e-08, 2.19935802903e-08, 1.46783749599e-08, 7.49877315798e-09, 4.34749347633e-09, 2.99144198301e-09, 2.50065035345e-09, 2.39854269779e-09], "median": [2.74383492069e-05, 0.000134473113576, 0.000477427412989, 0.000331695016939, 0.000211429345654, 0.000146317906911, 0.000189748694538, 9.16966309887e-05, 5.85480702284e-05, 1.98312827706e-05, 9.07440607989e-06, 8.26713585411e-06, 5.71959026274e-06, 4.41102974946e-06, 4.45942669103e-06, 2.24605287258e-06, 2.29820216191e-06, 1.60835168117e-06, 9.89484306047e-07, 6.6036352564e-07, 7.07492233687e-07, 7.63346633903e-07, 5.07835466124e-07, 5.18074671163e-07, 4.01947232831e-07, 1.1801292743e-07, 6.17520328206e-08, 2.77543819038e-08, 1.62537627801e-08, 9.52914280816e-09, 3.57261997763e-09, 2.71559175147e-09, 2.79774625689e-09, 2.75464318023e-09, 2.45987541447e-09, 2.23278662226e-09, 2.00756922197e-09, 1.92435645197e-09, 1.87644677574e-09, 1.89532389783e-09], "min": [1.24396550967e-24, 1.29296284379e-24, 1.83375351976e-24, 1.38057501782e-24, 4.05455326103e-25, 9.12805744573e-25, 1.81165377872e-24, 1.50587255641e-24, 1.80544485175e-24, 1.92223373662e-24, 2.96929039384e-24, 2.05647557736e-24, 3.1377484847e-24, 2.73065385634e-24, 4.28259214252e-24, 2.92461148153e-24, 2.19487471508e-24, 3.402939658e-24, 2.9708468164e-24, 3.89312086399e-24, 4.10010416046e-24, 3.96639381474e-24, 3.12976619842e-24, 4.8661370088e-24, 4.49235420152e-24, 4.87145945333e-24, 4.65351927332e-24, 3.09149776705e-24, 4.35047796215e-24, 5.76497814042e-24, 5.40028182747e-24, 4.92428355169e-24, 5.84649942079e-24, 4.75335040974e-24, 4.96190393383e-24, 6.14021521277e-24, 5.3937839802e-24, 5.3398740148e-24, 5.14056278507e-24, 6.91485413916e-24], "var": [4.89683582572e-09, 4.98009910643e-07, 3.25032556248e-06, 2.29138777286e-06, 6.6585823788e-07, 8.67165738327e-07, 1.00614283838e-06, 1.29433806251e-06, 1.42865485486e-06, 1.89766254266e-07, 4.46014354338e-08, 1.51902579404e-08, 1.70351519557e-08, 1.54226764693e-08, 1.5130579456e-08, 5.25831040932e-08, 1.09829141337e-08, 7.20199588855e-09, 3.43386963308e-09, 2.99177349561e-10, 3.82768011731e-10, 1.34794689299e-10, 3.40967365453e-10, 5.24548182668e-10, 5.07914543757e-10, 4.51371752475e-12, 2.61088920666e-13, 6.69649272557e-14, 1.76296304622e-14, 9.87046900512e-15, 6.73141021886e-15, 2.90989211656e-15, 2.78256061821e-15, 4.93834650161e-15, 2.55609132493e-15, 7.88353045767e-16, 4.7923880076e-16, 4.06414613724e-17, 9.52405913844e-18, 6.73667636828e-18]}, "melbands_crest": {"dmean": 2.52991056442, "dmean2": 3.84470319748, "dvar": 5.54282855988, "dvar2": 13.5603990555, "max": 39.4114265442, "mean": 16.5240688324, "median": 15.751701355, "min": 1.57566690445, "var": 35.0427970886}, "melbands_flatness_db": {"dmean": 0.0155072584748, "dmean2": 0.0230681393296, "dvar": 0.000250055629294, "dvar2": 0.000536813458893, "max": 0.510619163513, "mean": 0.343570828438, "median": 0.348591029644, "min": 0.0033290728461, "var": 0.00478183524683}, "melbands_kurtosis": {"dmean": 4.63558340073, "dmean2": 7.2027053833, "dvar": 212.960174561, "dvar2": 521.235107422, "max": 771.719421387, "mean": 12.8459434509, "median": 7.26431417465, "min": -1.71510791779, "var": 590.263977051}, "melbands_skewness": {"dmean": 0.464985609055, "dmean2": 0.708657681942, "dvar": 0.399352073669, "dvar2": 0.939311206341, "max": 25.0338687897, "mean": 2.28264665604, "median": 1.96124982834, "min": -1.05322849751, "var": 2.63540863991}, "melbands_spread": {"dmean": 1.92011666298, "dmean2": 2.84703445435, "dvar": 16.8868904114, "dvar2": 31.6212997437, "max": 177.875, "mean": 10.4582462311, "median": 6.8730225563, "min": 0.798883318901, "var": 243.49949646}, "mfcc": {"cov": [[7264.51171875, 2023.09838867, -1785.57104492, -100.376487732, -208.42906189, -550.197143555, -636.391967773, 193.736709595, -500.056518555, -316.994476318, 218.328186035, -170.725982666, -261.899291992], [2023.09838867, 1479.06860352, -149.475479126, -54.9048957825, 86.3460998535, -222.010894775, -111.356285095, -70.9703979492, -129.799911499, -146.011703491, -22.7722644806, -6.18649482727, -70.9874725342], [-1785.57104492, -149.475479126, 933.133483887, 144.886474609, 32.3415298462, 92.7474899292, 173.572235107, -36.6657981873, 165.308288574, 65.6372375488, -108.601531982, 56.734287262, 43.2736930847], [-100.376487732, -54.9048957825, 144.886474609, 293.186431885, 182.154525757, 16.0955677032, -39.8433036804, -15.8365755081, 19.7896404266, 34.6963157654, -39.51902771, -88.6964569092, -48.2735061646], [-208.42906189, 86.3460998535, 32.3415298462, 182.154525757, 458.808624268, 178.286026001, -61.7196121216, -186.776092529, -26.0230941772, 31.3686561584, -38.9702033997, -68.4835662842, -49.5688209534], [-550.197143555, -222.010894775, 92.7474899292, 16.0955677032, 178.286026001, 315.641052246, 81.4742660522, -140.952285767, 22.0092754364, 44.3089103699, -17.929567337, 19.9478721619, 32.2652511597], [-636.391967773, -111.356285095, 173.572235107, -39.8433036804, -61.7196121216, 81.4742660522, 239.863021851, 58.7876548767, 43.6895065308, 17.405790329, -10.1189928055, 65.5224075317, 55.2563705444], [193.736709595, -70.9703979492, -36.6657981873, -15.8365755081, -186.776092529, -140.952285767, 58.7876548767, 284.621490479, 17.5622997284, -41.2748908997, 35.6425361633, -6.64558553696, -11.6615381241], [-500.056518555, -129.799911499, 165.308288574, 19.7896404266, -26.0230941772, 22.0092754364, 43.6895065308, 17.5622997284, 139.674972534, 49.518699646, -50.3151054382, -14.0064640045, 9.37373733521], [-316.994476318, -146.011703491, 65.6372375488, 34.6963157654, 31.3686561584, 44.3089103699, 17.405790329, -41.2748908997, 49.518699646, 126.334716797, 28.2140769958, -14.0373544693, 3.26372289658], [218.328186035, -22.7722644806, -108.601531982, -39.51902771, -38.9702033997, -17.929567337, -10.1189928055, 35.6425361633, -50.3151054382, 28.2140769958, 151.933135986, 59.8403205872, -12.8924636841], [-170.725982666, -6.18649482727, 56.734287262, -88.6964569092, -68.4835662842, 19.9478721619, 65.5224075317, -6.64558553696, -14.0064640045, -14.0373544693, 59.8403205872, 151.962539673, 66.6662216187], [-261.899291992, -70.9874725342, 43.2736930847, -48.2735061646, -49.5688209534, 32.2652511597, 55.2563705444, -11.6615381241, 9.37373733521, 3.26372289658, -12.8924636841, 66.6662216187, 116.068580627]], "icov": [[0.00186280638445, -0.00273546366952, 0.00296289776452, -0.00289631565101, 0.00326966284774, -0.00303049245849, 0.00331901945174, -0.00223196088336, 0.00204774853773, -0.00145706883632, 0.00121110072359, -0.00158733373974, 0.00157731783111], [-0.00273546366952, 0.00510888267308, -0.00440793810412, 0.0047539928928, -0.00549568468705, 0.00585624342784, -0.00533652026206, 0.00406845239922, -0.0027202735655, 0.00319377705455, -0.00184433395043, 0.00239401729777, -0.00190283101983], [0.00296289776452, -0.00440793810412, 0.00677805766463, -0.00611774343997, 0.00553471734747, -0.00482834177092, 0.00430689146742, -0.00318268826231, 0.00180383841507, -0.00292294891551, 0.00351664423943, -0.00476401532069, 0.00331737380475], [-0.00289631565101, 0.0047539928928, -0.00611774343997, 0.0116084432229, -0.00841429457068, 0.00610787142068, -0.00449735391885, 0.00207510916516, -0.00229245470837, 0.00147239200305, -0.00204208726063, 0.00529930461198, -0.0025875440333], [0.00326966284774, -0.00549568468705, 0.00553471734747, -0.00841429457068, 0.0116899227723, -0.00864608585835, 0.00653277663514, -0.00224733282812, 0.00447992049158, -0.00297707831487, 0.00265402300283, -0.00274994038045, 0.00410971790552], [-0.00303049245849, 0.00585624342784, -0.00482834177092, 0.00610787142068, -0.00864608585835, 0.013301057741, -0.00925655383617, 0.00739747099578, -0.00457207253203, 0.00433751475066, -0.00379711599089, 0.00391933228821, -0.00358154135756], [0.00331901945174, -0.00533652026206, 0.00430689146742, -0.00449735391885, 0.00653277663514, -0.00925655383617, 0.0144787225872, -0.00841778516769, 0.00481156911701, -0.00579195655882, 0.00524817174301, -0.00638292310759, 0.00239697867073], [-0.00223196088336, 0.00406845239922, -0.00318268826231, 0.00207510916516, -0.00224733282812, 0.00739747099578, -0.00841778516769, 0.0121048074216, -0.00574619881809, 0.0078542213887, -0.00706397881731, 0.00628036214039, -0.00243953242898], [0.00204774853773, -0.0027202735655, 0.00180383841507, -0.00229245470837, 0.00447992049158, -0.00457207253203, 0.00481156911701, -0.00574619881809, 0.0168197397143, -0.00948579143733, 0.00887267943472, -0.00404318002984, 0.00386330648325], [-0.00145706883632, 0.00319377705455, -0.00292294891551, 0.00147239200305, -0.00297707831487, 0.00433751475066, -0.00579195655882, 0.0078542213887, -0.00948579143733, 0.0193522982299, -0.0125293629244, 0.00949631631374, -0.00518719526008], [0.00121110072359, -0.00184433395043, 0.00351664423943, -0.00204208726063, 0.00265402300283, -0.00379711599089, 0.00524817174301, -0.00706397881731, 0.00887267943472, -0.0125293629244, 0.0203439369798, -0.0141545068473, 0.00845050346106], [-0.00158733373974, 0.00239401729777, -0.00476401532069, 0.00529930461198, -0.00274994038045, 0.00391933228821, -0.00638292310759, 0.00628036214039, -0.00404318002984, 0.00949631631374, -0.0141545068473, 0.0218543186784, -0.0107967415825], [0.00157731783111, -0.00190283101983, 0.00331737380475, -0.0025875440333, 0.00410971790552, -0.00358154135756, 0.00239697867073, -0.00243953242898, 0.00386330648325, -0.00518719526008, 0.00845050346106, -0.0107967415825, 0.0170362591743]], "mean": [-791.934265137, 207.423400879, -8.18290519714, 18.3616447449, 9.93547439575, -18.5975341797, -7.93717336655, -1.68406772614, -14.8412685394, -4.3501329422, 2.02956962585, -2.15722155571, -4.46190023422]}, "pitch_salience": {"dmean": 0.0552446916699, "dmean2": 0.0869432613254, "dvar": 0.00262886099517, "dvar2": 0.00674832705408, "max": 0.978467047215, "mean": 0.548938512802, "median": 0.553637266159, "min": 0.0286462046206, "var": 0.0175372771919}, "silence_rate_20dB": {"dmean": 0, "dmean2": 0, "dvar": 0, "dvar2": 0, "max": 1, "mean": 1, "median": 1, "min": 1, "var": 0}, "silence_rate_30dB": {"dmean": 0.00143430870958, "dmean2": 0.0028690288309, "dvar": 0.00143222138286, "dvar2": 0.00314750662073, "max": 1, "mean": 0.998135685921, "median": 1, "min": 0, "var": 0.00186100346036}, "silence_rate_60dB": {"dmean": 0.0252438317984, "dmean2": 0.0504949092865, "dvar": 0.0246091913432, "dvar2": 0.0554108694196, "max": 1, "mean": 0.196041882038, "median": 0, "min": 0, "var": 0.157620340586}, "spectral_centroid": {"dmean": 74.8038711548, "dmean2": 110.213523865, "dvar": 32360.7070313, "dvar2": 60521.6914063, "max": 11509.6337891, "mean": 711.89453125, "median": 480.685150146, "min": 193.292602539, "var": 1406382.875}, "spectral_complexity": {"dmean": 1.18387842178, "dmean2": 1.92397069931, "dvar": 1.45897638798, "dvar2": 3.3096768856, "max": 29, "mean": 8.97160434723, "median": 8, "min": 0, "var": 23.3535346985}, "spectral_contrast_coeffs": {"dmean": [0.0383303202689, 0.0349834337831, 0.0303056538105, 0.02705976367, 0.018873386085, 0.0115588083863], "dmean2": [0.0621944218874, 0.055054217577, 0.0478875078261, 0.043196555227, 0.0296250246465, 0.0184413697571], "dvar": [0.00100243953057, 0.000861418084241, 0.000617643236183, 0.000549436546862, 0.000277247512713, 0.000109066131699], "dvar2": [0.00272367731668, 0.00209754751995, 0.00146320275962, 0.00127613882069, 0.000616613077, 0.000230109304539], "max": [-0.240759298205, -0.370057433844, -0.401097893715, -0.458861172199, -0.550028502941, -0.676704704762], "mean": [-0.547495186329, -0.660225093365, -0.727866351604, -0.748574733734, -0.758259177208, -0.837451756001], "median": [-0.531398117542, -0.661944568157, -0.7335318923, -0.750687479973, -0.765773713589, -0.848386287689], "min": [-0.980376422405, -0.980564236641, -0.978192508221, -0.975560247898, -0.966833055019, -0.963552832603], "var": [0.0129357976839, 0.00895056407899, 0.00740330852568, 0.00523712532595, 0.00653563067317, 0.00147978554014]}, "spectral_contrast_valleys": {"dmean": [0.36539798975, 0.270527660847, 0.270045250654, 0.254711508751, 0.183331534266, 0.118799909949], "dmean2": [0.615968167782, 0.43182605505, 0.435966402292, 0.410281211138, 0.29021948576, 0.189679533243], "dvar": [0.120996683836, 0.0770467594266, 0.0756309553981, 0.0756206661463, 0.0573812425137, 0.035907484591], "dvar2": [0.298294812441, 0.159470617771, 0.1558483392, 0.151124417782, 0.102745719254, 0.0581655055285], "max": [-6.28452968597, -5.07923269272, -5.59811067581, -6.28331041336, -7.24731731415, -10.3310012817], "mean": [-8.58010005951, -7.47797870636, -8.95984745026, -9.37364768982, -9.72367095947, -12.5063705444], "median": [-8.26196956635, -7.09380674362, -8.67263221741, -9.11086750031, -9.54471111298, -12.3736200333], "min": [-28.0363845825, -27.8598575592, -27.8309574127, -27.7800045013, -27.6189022064, -27.41639328], "var": [4.93161249161, 5.79817962646, 4.97542572021, 4.77976942062, 4.20013713837, 2.79567694664]}, "spectral_decrease": {"dmean": 9.02850183504e-10, "dmean2": 1.28745869521e-09, "dvar": 1.53283133252e-18, "dvar2": 2.97653354045e-18, "max": 3.02400440183e-18, "mean": -4.78234341017e-09, "median": -3.7259759722e-09, "min": -4.10209572976e-08, "var": 1.96049828827e-17}, "spectral_energy": {"dmean": 0.0035486004781, "dmean2": 0.00504270615056, "dvar": 2.41950183408e-05, "dvar2": 4.63317919639e-05, "max": 0.161700665951, "mean": 0.0188607908785, "median": 0.0145263420418, "min": 1.00649341685e-20, "var": 0.000310590694426}, "spectral_energyband_high": {"dmean": 2.22412108997e-06, "dmean2": 3.27213479068e-06, "dvar": 5.84127052283e-11, "dvar2": 1.13245093858e-10, "max": 0.000246839656029, "mean": 6.35827836959e-06, "median": 2.80176550405e-06, "min": 7.02830567224e-21, "var": 1.58930743566e-10}, "spectral_energyband_low": {"dmean": 0.000979027478024, "dmean2": 0.00149614713155, "dvar": 3.46471551893e-06, "dvar2": 9.18724981602e-06, "max": 0.0304754152894, "mean": 0.00295491586439, "median": 0.00128416437656, "min": 1.13825087113e-23, "var": 1.74711549334e-05}, "spectral_energyband_middle_high": {"dmean": 0.000618803780526, "dmean2": 0.000807138450909, "dvar": 3.20793446917e-06, "dvar2": 4.49229401056e-06, "max": 0.063659965992, "mean": 0.00218362989835, "median": 0.0006587295793, "min": 1.2113441099e-21, "var": 1.8070319129e-05}, "spectral_energyband_middle_low": {"dmean": 0.00308880675584, "dmean2": 0.00441292626783, "dvar": 1.81853665708e-05, "dvar2": 3.6241937778e-05, "max": 0.144546300173, "mean": 0.0151692666113, "median": 0.0115890121087, "min": 1.02976432131e-22, "var": 0.000219147477765}, "spectral_entropy": {"dmean": 0.123612903059, "dmean2": 0.18488791585, "dvar": 0.0132648386061, "dvar2": 0.0265862140805, "max": 9.81605243683, "mean": 6.34074926376, "median": 6.2926325798, "min": 4.88874292374, "var": 0.378568321466}, "spectral_flux": {"dmean": 0.0153192253783, "dmean2": 0.0244809556752, "dvar": 0.000358027376933, "dvar2": 0.000900947430637, "max": 0.291785925627, "mean": 0.0475007519126, "median": 0.0406853966415, "min": 6.33759711377e-11, "var": 0.00123124592938}, "spectral_kurtosis": {"dmean": 5.51080656052, "dmean2": 9.47386837006, "dvar": 28.240240097, "dvar2": 82.9725723267, "max": 81.9559326172, "mean": 22.3985366821, "median": 20.3285236359, "min": -1.26725506783, "var": 134.354934692}, "spectral_rms": {"dmean": 0.00037685490679, "dmean2": 0.000537989777513, "dvar": 1.59916865528e-07, "dvar2": 3.13894418014e-07, "max": 0.0125601254404, "mean": 0.00376999774016, "median": 0.00376457720995, "min": 3.13359993336e-12, "var": 4.18791796619e-06}, "spectral_rolloff": {"dmean": 107.893592834, "dmean2": 187.676086426, "dvar": 164830.28125, "dvar2": 343219.125, "max": 19659.8144531, "mean": 865.651611328, "median": 495.263671875, "min": 21.533203125, "var": 4241616}, "spectral_skewness": {"dmean": 0.42574518919, "dmean2": 0.713609993458, "dvar": 0.151021510363, "dvar2": 0.42432141304, "max": 7.23383951187, "mean": 3.32558989525, "median": 3.25780749321, "min": -0.0696609765291, "var": 1.2132319212}, "spectral_spread": {"dmean": 229116.5, "dmean2": 375037.0625, "dvar": 266436132