{"lowlevel": {"average_loudness": 0.508349895477, "barkbands": {"dmean": [0.000880670035258, 0.00286656618118, 0.00106146989856, 0.000443406490376, 0.00140845275018, 0.00144757225644, 0.00183938292321, 0.000933879229706, 0.000735355482902, 0.000711721018888, 0.00093653955264, 0.000667993561365, 0.000772433995735, 0.000502796669025, 0.000559163454454, 0.000261963810772, 0.000162028401974, 0.000108964974061, 7.8519951785e-05, 4.89290796395e-05, 2.49259428529e-05, 1.55260386236e-05, 9.41438702284e-06, 6.08428717896e-06, 1.61652360475e-06, 1.3032606148e-05, 0.000662873557303], "dmean2": [0.00139944581315, 0.00484884390607, 0.00177633250132, 0.000738503877074, 0.00225567445159, 0.00230110180564, 0.00300870160572, 0.00151109090075, 0.00121053948533, 0.00115888833534, 0.00154853053391, 0.00108438951429, 0.00125898362603, 0.000809327233583, 0.00089728680905, 0.000414677226217, 0.000251680467045, 0.000165892604855, 0.000117772840895, 7.24229830666e-05, 3.73555194528e-05, 2.28168592002e-05, 1.32793238663e-05, 8.45321210363e-06, 2.64556547336e-06, 1.78805366886e-05, 0.000966909923591], "dvar": [4.2542196752e-06, 2.31943413382e-05, 4.73911950394e-06, 6.38621600046e-07, 8.64910998644e-06, 9.79757078312e-06, 1.84815417015e-05, 8.5129731815e-06, 4.09649055655e-06, 3.29421595779e-06, 5.38743597644e-06, 2.92606569019e-06, 3.26435770148e-06, 1.19497360629e-06, 1.14944111829e-06, 3.16084879159e-07, 1.59839473213e-07, 1.53110477186e-07, 6.93425619147e-08, 3.3050223891e-08, 4.70833461108e-09, 1.941406369e-09, 1.17840581737e-09, 4.41468805956e-10, 1.02681812705e-11, 2.42112929705e-09, 1.75745606157e-06], "dvar2": [1.05638200694e-05, 6.44095780444e-05, 1.21906405184e-05, 1.62865967468e-06, 2.02179126063e-05, 2.44007642323e-05, 4.98658591823e-05, 2.16562802962e-05, 1.07670521174e-05, 7.90351441537e-06, 1.43130746437e-05, 7.23444463802e-06, 8.51987806527e-06, 3.02724129142e-06, 2.94257233691e-06, 7.80384766585e-07, 3.64229265415e-07, 3.59956317197e-07, 1.5477418458e-07, 7.09762133511e-08, 1.02680814962e-08, 4.1589056643e-09, 2.23440088654e-09, 7.8294493111e-10, 2.54268377187e-11, 4.38005054448e-09, 3.86588544643e-06], "max": [0.0347395837307, 0.0535754673183, 0.0794932693243, 0.0200682245195, 0.0801116675138, 0.0687426701188, 0.124855175614, 0.0936340466142, 0.0597574859858, 0.0741886496544, 0.0464302040637, 0.0525111556053, 0.0583342276514, 0.0326382778585, 0.0219540502876, 0.0150395520031, 0.015393299982, 0.0218040794134, 0.0129990801215, 0.00777509901673, 0.00203885207884, 0.000853393459693, 0.000998459407128, 0.000564343295991, 8.27864132589e-05, 0.00139926641714, 0.0331535339355], "mean": [0.00140230997931, 0.00402966188267, 0.00144721323159, 0.000579129729886, 0.00218138378114, 0.00214312109165, 0.00276888883673, 0.00132612045854, 0.00110099208541, 0.00105198973324, 0.0014246229548, 0.00104023481254, 0.00128802261315, 0.000849456700962, 0.00102877814788, 0.000471378356451, 0.000266135844868, 0.000176028144779, 0.000130517597427, 7.98656910774e-05, 3.84681225114e-05, 2.07300927286e-05, 1.1529902622e-05, 7.15193891665e-06, 1.69587713117e-06, 1.59916799021e-05, 0.00163863261696], "median": [0.000257407256868, 0.00166941131465, 0.00041799916653, 0.000235397281358, 0.000769030011725, 0.000629590998869, 0.000378311844543, 0.000203559917281, 0.000268352916464, 0.000301538326312, 0.0002426567371, 0.000258677842794, 0.000415587972384, 0.000377054529963, 0.000472932500998, 0.000173683365574, 8.11855061329e-05, 5.1100658311e-05, 3.89661181543e-05, 2.41709149122e-05, 1.05681128844e-05, 3.82225925932e-06, 1.73574062501e-06, 1.01798343621e-06, 5.18955289408e-07, 2.16733542402e-06, 0.000601395673584], "min": [4.88118285424e-25, 2.70918993718e-24, 3.78824762449e-25, 9.44085164149e-25, 8.74154597332e-24, 7.74798434066e-24, 6.96344718206e-24, 1.03982722034e-23, 1.85467446596e-23, 1.00768839597e-23, 2.20926050088e-23, 3.05037681464e-23, 2.4289405925e-23, 2.78809918077e-23, 3.8522567647e-23, 6.30572178056e-23, 3.79004624708e-23, 8.53851684214e-23, 1.26509787453e-22, 1.74725205794e-22, 2.45821604111e-22, 3.52021643756e-22, 3.37799201076e-22, 6.64230020361e-22, 9.48131341384e-22, 1.32430353892e-21, 1.95107389967e-21], "var": [8.68850383995e-06, 3.45405460394e-05, 8.3782024376e-06, 1.08027268197e-06, 1.89609709196e-05, 1.74502365553e-05, 3.25429791701e-05, 1.36869321068e-05, 6.96993765814e-06, 5.02960665472e-06, 1.06015122583e-05, 4.79752361571e-06, 6.45398131383e-06, 2.33507330449e-06, 2.60082697423e-06, 8.05275988114e-07, 3.54356302523e-07, 2.29155389775e-07, 1.1902762509e-07, 5.47812888385e-08, 7.93819143752e-09, 2.88458013031e-09, 1.7342451919e-09, 6.86666890015e-10, 1.15947199758e-11, 3.66314512057e-09, 7.92770515545e-06]}, "barkbands_crest": {"dmean": 2.74283289909, "dmean2": 4.54017543793, "dvar": 6.14736127853, "dvar2": 16.4843788147, "max": 26.3228263855, "mean": 9.84803009033, "median": 8.63181495667, "min": 2.60583996773, "var": 21.0525360107}, "barkbands_flatness_db": {"dmean": 0.0256489552557, "dmean2": 0.0397555939853, "dvar": 0.000569703988731, "dvar2": 0.00135036476422, "max": 0.488317549229, "mean": 0.152886807919, "median": 0.14288161695, "min": 0.039641354233, "var": 0.00350699946284}, "barkbands_kurtosis": {"dmean": 8.99668693542, "dmean2": 14.4027070999, "dvar": 2454.17163086, "dvar2": 6514.28417969, "max": 2313.1484375, "mean": 14.9736404419, "median": 2.75665569305, "min": -1.80942463875, "var": 3921.4206543}, "barkbands_skewness": {"dmean": 0.705182611942, "dmean2": 1.0915017128, "dvar": 1.30028867722, "dvar2": 3.08163118362, "max": 38.0807800293, "mean": 2.10152006149, "median": 1.48646438122, "min": -2.1528801918, "var": 6.64086484909}, "barkbands_spread": {"dmean": 8.63731384277, "dmean2": 13.4177722931, "dvar": 97.1307525635, "dvar2": 219.664169312, "max": 122.987770081, "mean": 32.7491722107, "median": 28.809720993, "min": 0.103765442967, "var": 505.253356934}, "dissonance": {"dmean": 0.0192481093109, "dmean2": 0.03264086321, "dvar": 0.000449583225418, "dvar2": 0.00123537343461, "max": 0.500000178814, "mean": 0.466988027096, "median": 0.476582050323, "min": 0.159823089838, "var": 0.00100077071693}, "dynamic_complexity": 5.50262308121, "erbbands": {"dmean": [0.108292937279, 0.587984800339, 1.17280101776, 1.34409868717, 2.59414887428, 5.78941392899, 8.9672908783, 12.3422861099, 18.9830951691, 27.89894104, 19.8304100037, 16.733089447, 19.1290416718, 32.3187446594, 30.6125926971, 26.3287200928, 33.6243896484, 24.8753700256, 30.1081542969, 19.4084415436, 12.6138238907, 8.29660606384, 6.22163391113, 4.64318370819, 3.37909126282, 2.2203066349, 1.30566811562, 0.814919114113, 0.589271664619, 0.386864364147, 0.246745884418, 0.1521936059, 0.0847949981689, 0.0222198478878, 0.0118691250682, 0.0211093053222, 0.0283427797258, 0.0270551349968, 0.0222843568772, 0.015280325897], "dmean2": [0.186040908098, 0.98322814703, 1.95555591583, 2.24274730682, 4.16573524475, 9.3116312027, 14.3181753159, 19.6596240997, 30.9926509857, 45.0205459595, 31.9651622772, 27.2378349304, 31.1422557831, 52.9445953369, 49.8564453125, 42.5504112244, 54.7221641541, 39.4655342102, 48.4298629761, 30.5078125, 19.7235488892, 12.6025381088, 9.39136600494, 6.85345983505, 5.03393220901, 3.27275180817, 1.92382514477, 1.23353004456, 0.874709188938, 0.554802179337, 0.350630939007, 0.212974727154, 0.119928330183, 0.0348509214818, 0.0192348510027, 0.0299348644912, 0.0386700183153, 0.0378768034279, 0.0311944670975, 0.0215978641063], "dvar": [0.0375302024186, 1.10645496845, 5.31834506989, 5.53497838974, 46.2218208313, 178.652801514, 402.750671387, 900.768066406, 1922.51281738, 4794.30078125, 3488.35620117, 2314.51782227, 1809.19140625, 7077.77734375, 5896.10644531, 4971.42822266, 7005.10205078, 3026.3034668, 3295.64355469, 1367.04797363, 828.565673828, 366.479187012, 446.07723999, 275.116455078, 128.90512085, 69.3894958496, 14.6885328293, 4.72958660126, 2.77297663689, 1.55418741703, 0.881143391132, 0.301965922117, 0.0833118259907, 0.00225050700828, 0.000530252873432, 0.00527608953416, 0.0115951374173, 0.00693163974211, 0.00292429560795, 0.000845108239446], "dvar2": [0.112094059587, 2.95963263512, 14.0669221878, 14.3318910599, 99.4067611694, 421.94229126, 996.915161133, 2208.70166016, 4947.44238281, 12135.9707031, 8769.0625, 6018.11425781, 4646.34423828, 18069.6953125, 15226.9599609, 12187.1367188, 18081.4238281, 7787.31103516, 8687.51367188, 3290.33691406, 2027.32055664, 828.524047852, 1077.53381348, 616.645690918, 276.951599121, 143.093307495, 28.3443088531, 10.8759231567, 5.99431800842, 3.13394904137, 1.69668018818, 0.559277117252, 0.146652117372, 0.0048875650391, 0.00128585367929, 0.00949878431857, 0.0209997072816, 0.0135913612321, 0.00612592604011, 0.00170432659797], "max": [2.60340070724, 13.1088647842, 73.7490997314, 71.6368560791, 361.636138916, 337.964019775, 522.477966309, 822.238647461, 1132.47509766, 2027.7512207, 1292.73974609, 1168.84863281, 908.034240723, 2605.17602539, 2012.18334961, 2011.52490234, 2924.93310547, 1901.52368164, 1028.12768555, 919.001403809, 799.776855469, 611.323425293, 1091.94348145, 969.368591309, 483.371246338, 371.799682617, 141.698486328, 43.8201179504, 34.5100021362, 30.5566577911, 26.8003921509, 16.6606960297, 8.83254909515, 1.58078563213, 0.594757556915, 2.465903759, 3.02060222626, 1.76477825642, 1.51258850098, 0.710136711597], "mean": [0.144788235426, 0.802316665649, 1.65793299675, 1.99216759205, 3.8885345459, 8.44750976562, 12.7309408188, 17.939786911, 29.3571414948, 42.6513595581, 29.4832687378, 25.8230552673, 29.5904350281, 48.7267494202, 50.3801460266, 43.8589401245, 58.0693702698, 46.8320159912, 57.4698562622, 38.2939834595, 23.7762985229, 14.5911550522, 10.3987932205, 7.7337808609, 5.7105512619, 3.7158396244, 2.13120412827, 1.20040166378, 0.795872688293, 0.488847970963, 0.301569491625, 0.18293659389, 0.0975003242493, 0.0247038174421, 0.0129041867331, 0.0242227949202, 0.0349055528641, 0.0371577553451, 0.0428220108151, 0.0438970699906], "median": [0.0557563789189, 0.3090916574, 0.58900052309, 0.867538630962, 1.4210203886, 2.57268261909, 4.21703338623, 5.25136137009, 5.5144443512, 5.87460231781, 4.83767175674, 6.35540533066, 8.75480270386, 10.6318950653, 10.7736930847, 12.4876918793, 18.9668102264, 21.431350708, 26.2344741821, 19.2397575378, 8.74518680573, 4.86278676987, 3.11892151833, 2.24603009224, 1.70713567734, 1.14467632771, 0.653387486935, 0.297598361969, 0.153389766812, 0.078984759748, 0.0461670719087, 0.026314554736, 0.0142655288801, 0.00668424414471, 0.00416329223663, 0.0041480474174, 0.00448619993404, 0.00586431473494, 0.0130092250183, 0.0189629439265], "min": [1.13980669416e-22, 8.31966032131e-22, 9.94118726227e-22, 8.38312169464e-21, 1.44872089365e-20, 2.00473360683e-20, 5.74069742837e-20, 6.51239748627e-20, 9.785600284e-20, 1.51687101185e-19, 3.69263791051e-19, 4.13176147284e-19, 4.70099149823e-19, 6.0813207111e-19, 1.14678893238e-18, 1.59653178771e-18, 1.31641637905e-18, 2.06433468415e-18, 2.80112203334e-18, 3.10009467843e-18, 3.62467235698e-18, 3.55380324441e-18, 5.72856695393e-18, 6.32776914504e-18, 7.76983818825e-18, 9.35851630963e-18, 8.74803964678e-18, 9.53981279321e-18, 1.12047032003e-17, 1.02376620626e-17, 1.06573495172e-17, 1.09285745954e-17, 1.11790870711e-17, 7.08615604118e-18, 6.55816127951e-18, 4.30977187803e-18, 2.30780681886e-18, 9.48099632255e-19, 2.38382492395e-19, 2.80352641474e-20], "var": [0.0518259070814, 1.58058381081, 8.57886314392, 10.2872924805, 91.0573120117, 392.263397217, 656.118286133, 1504.98327637, 3435.53442383, 9107.34570312, 5914.79394531, 4272.10058594, 2982.78515625, 11443.5830078, 11762.9082031, 8433.26953125, 14461.6142578, 6195.65722656, 8182, 3429.18676758, 2270.33105469, 895.118225098, 736.679748535, 448.860107422, 226.691329956, 123.148300171, 29.59649086, 6.88812732697, 4.10142326355, 2.29493927956, 1.25015866756, 0.449095100164, 0.129701733589, 0.00307311443612, 0.000635304721072, 0.00789092574269, 0.0175333488733, 0.0110119460151, 0.00634338241071, 0.00449475692585]}, "erbbands_crest": {"dmean": 2.71413111687, "dmean2": 4.52439165115, "dvar": 6.04749393463, "dvar2": 16.0068321228, "max": 29.987443924, "mean": 9.10114192963, "median": 8.25451087952, "min": 2.05571389198, "var": 15.4164037704}, "erbbands_flatness_db": {"dmean": 0.0241059530526, "dmean2": 0.0363221019506, "dvar": 0.000448129110737, "dvar2": 0.000976298702881, "max": 0.376069366932, "mean": 0.174379184842, "median": 0.172600209713, "min": 0.0354755595326, "var": 0.00375135499053}, "erbbands_kurtosis": {"dmean": 1.37016749382, "dmean2": 2.18960165977, "dvar": 3.88978934288, "dvar2": 9.30577659607, "max": 34.8484153748, "mean": 1.36090385914, "median": 0.440052032471, "min": -1.73637866974, "var": 9.2025346756}, "erbbands_skewness": {"dmean": 0.404193252325, "dmean2": 0.627969861031, "dvar": 0.145677730441, "dvar2": 0.331297248602, "max": 5.38678359985, "mean": -0.0269931331277, "median": -0.0459630675614, "min": -4.16174221039, "var": 0.881514132023}, "erbbands_spread": {"dmean": 5.53032493591, "dmean2": 8.6358795166, "dvar": 33.2345657349, "dvar2": 75.1825256348, "max": 110.192703247, "mean": 24.481672287, "median": 20.3062992096, "min": 1.78439569473, "var": 244.862869263}, "gfcc": {"cov": [[23940.5410156, 1334.59619141, -2493.17504883, -1049.09875488, 128.285339355, -901.083618164, 186.195587158, -409.156616211, 201.965805054, -77.4926376343, 178.186233521, -76.5838775635, 80.2541122437], [1334.59619141, 1235.13330078, -125.771743774, -400.376190186, -42.3823127747, -121.733169556, -50.87059021, -87.3448028564, -4.00008058548, 24.8052711487, 61.2578811646, -88.1160049438, 89.3454437256], [-2493.17504883, -125.771743774, 891.714904785, 514.749023438, -12.5160675049, 287.96295166, -57.3068275452, 182.1199646, -45.2440567017, 18.7954139709, -35.4845962524, 49.8251342773, -41.1664619446], [-1049.09875488, -400.376190186, 514.749023438, 762.802062988, 216.941864014, 166.619033813, 62.5121650696, 66.996711731, -85.8628082275, -37.8414459229, -38.7256736755, 64.9249343872, -81.0913848877], [128.285339355, -42.3823127747, -12.5160675049, 216.941864014, 434.339202881, 105.686180115, 102.292427063, -74.034576416, -17.5754966736, -78.1339035034, 14.6255140305, -5.57520437241, -3.37767076492], [-901.083618164, -121.733169556, 287.96295166, 166.619033813, 105.686180115, 372.924438477, -7.47762393951, 56.6035652161, -80.6960220337, 1.57091808319, 9.18823814392, 36.8922233582, -6.35948371887], [186.195587158, -50.87059021, -57.3068275452, 62.5121650696, 102.292427063, -7.47762393951, 221.328262329, 22.9507217407, 47.3802452087, -19.1808853149, 15.8742370605, 24.7801761627, -9.5211315155], [-409.156616211, -87.3448028564, 182.1199646, 66.996711731, -74.034576416, 56.6035652161, 22.9507217407, 223.684860229, 74.8830184937, 29.7910728455, -8.05312919617, 3.79024362564, -11.0355300903], [201.965805054, -4.00008058548, -45.2440567017, -85.8628082275, -17.5754966736, -80.6960220337, 47.3802452087, 74.8830184937, 190.515914917, 44.0465888977, -3.85579061508, -16.2563514709, -14.2431554794], [-77.4926376343, 24.8052711487, 18.7954139709, -37.8414459229, -78.1339035034, 1.57091808319, -19.1808853149, 29.7910728455, 44.0465888977, 99.8290634155, 39.3946113586, -1.83278977871, 1.98417890072], [178.186233521, 61.2578811646, -35.4845962524, -38.7256736755, 14.6255140305, 9.18823814392, 15.8742370605, -8.05312919617, -3.85579061508, 39.3946113586, 89.7466888428, 45.9313278198, 17.3036060333], [-76.5838775635, -88.1160049438, 49.8251342773, 64.9249343872, -5.57520437241, 36.8922233582, 24.7801761627, 3.79024362564, -16.2563514709, -1.83278977871, 45.9313278198, 105.046333313, 13.6580028534], [80.2541122437, 89.3454437256, -41.1664619446, -81.0913848877, -3.37767076492, -6.35948371887, -9.5211315155, -11.0355300903, -14.2431554794, 1.98417890072, 17.3036060333, 13.6580028534, 79.1138916016]], "icov": [[7.17641814845e-05, -0.000119706492114, 0.000339726451784, -0.000223781869863, 0.000112910056487, -8.40822831378e-05, 7.67593301134e-05, -4.4961070671e-05, -0.000170716215507, 0.000179684153409, -0.00012758889352, -2.0287658117e-05, 6.98368285157e-06], [-0.000119706492114, 0.00154719059356, -0.00139595963992, 0.00130563031416, -0.00041853095172, 0.000733922410291, -0.000359632074833, 0.000511895399541, 0.000620035803877, 4.05675637012e-05, -0.00138863222674, 0.00166223500855, -0.000817352032755], [0.000339726451784, -0.00139595963992, 0.00557505432516, -0.00458692247048, 0.00278041372076, -0.00314950663596, 0.00166490382981, -0.00101520051248, -0.0028552331496, 0.00244730408303, -0.00123735971283, 0.000440088508185, -0.00102522107773], [-0.000223781869863, 0.00130563031416, -0.00458692247048, 0.00758818211034, -0.00588938780129, 0.00381944561377, -0.00143366318662, -0.00184354768135, 0.0063461731188, -0.00689422339201, 0.00696425372735, -0.00560365989804, 0.00452911341563], [0.000112910056487, -0.00041853095172, 0.00278041372076, -0.00588938780129, 0.0095301894471, -0.00502911303192, -0.000671199930366, 0.00421692570671, -0.0072880438529, 0.0113085741177, -0.0107903704047, 0.00869790930301, -0.00445889448747], [-8.40822831378e-05, 0.000733922410291, -0.00314950663596, 0.00381944561377, -0.00502911303192, 0.00695888139307, -0.000398576055886, -0.00265993969515, 0.00604594266042, -0.0062237912789, 0.00479385955259, -0.00441660592332, 0.0024167469237], [7.67593301134e-05, -0.000359632074833, 0.00166490382981, -0.00143366318662, -0.000671199930366, -0.000398576055886, 0.00653144391254, -0.00121366977692, -0.00226271641441, 0.00185760448221, -0.00126862991601, -0.00134884670842, 0.00033753234311], [-4.4961070671e-05, 0.000511895399541, -0.00101520051248, -0.00184354768135, 0.00421692570671, -0.00265993969515, -0.00121366977692, 0.00917192362249, -0.00598005857319, 0.00444709742442, -0.00497310282663, 0.0048194155097, -0.00278327730484], [-0.000170716215507, 0.000620035803877, -0.0028552331496, 0.0063461731188, -0.0072880438529, 0.00604594266042, -0.00226271641441, -0.00598005857319, 0.0155078591779, -0.0132833914831, 0.0111583685502, -0.00736097153276, 0.00551575422287], [0.000179684153409, 4.05675637012e-05, 0.00244730408303, -0.00689422339201, 0.0113085741177, -0.0062237912789, 0.00185760448221, 0.00444709742442, -0.0132833914831, 0.0309595037252, -0.0244607068598, 0.0153691917658, -0.00566603057086], [-0.00012758889352, -0.00138863222674, -0.00123735971283, 0.00696425372735, -0.0107903704047, 0.00479385955259, -0.00126862991601, -0.00497310282663, 0.0111583685502, -0.0244607068598, 0.0376300737262, -0.0226306281984, 0.00556930340827], [-2.0287658117e-05, 0.00166223500855, 0.000440088508185, -0.00560365989804, 0.00869790930301, -0.00441660592332, -0.00134884670842, 0.0048194155097, -0.00736097153276, 0.0153691917658, -0.0226306281984, 0.026396414265, -0.00816307403147], [6.98368285157e-06, -0.000817352032755, -0.00102522107773, 0.00452911341563, -0.00445889448747, 0.0024167469237, 0.00033753234311, -0.00278327730484, 0.00551575422287, -0.00566603057086, 0.00556930340827, -0.00816307403147, 0.0186473857611]], "mean": [-58.6109619141, 99.2053527832, -98.0404510498, -18.1241798401, -3.30892014503, -16.777929306, -5.42190170288, -20.3797073364, 0.640454232693, -5.42416143417, -0.337781012058, -5.89595937729, -2.20502352715]}, "hfc": {"dmean": 65.6504821777, "dmean2": 98.0876083374, "dvar": 10394.6220703, "dvar2": 22457.5195312, "max": 1514.48022461, "mean": 194.507339478, "median": 128.003631592, "min": 1.06013346659e-16, "var": 44312.3515625}, "melbands": {"dmean": [0.000874484016094, 0.000637704972178, 0.000244024922722, 0.000298916711472, 0.000293342687655, 0.00027797522489, 0.000327127869241, 0.000278960942524, 0.000157923015649, 0.000105858845927, 9.67503510765e-05, 0.000128731655423, 0.000112948859169, 7.78799148975e-05, 6.62568272674e-05, 8.37183179101e-05, 4.63967262476e-05, 5.10580648552e-05, 4.00212884415e-05, 2.0844003302e-05, 1.48208664541e-05, 9.71849294729e-06, 7.03392697687e-06, 5.17481157658e-06, 3.87133286495e-06, 2.91665946861e-06, 2.16781404561e-06, 1.41239229379e-06, 9.35270179525e-07, 6.2191560346e-07, 4.4575267566e-07, 3.67860366168e-07, 2.6255131047e-07, 2.02310360464e-07, 1.4880629351e-07, 1.13287875081e-07, 8.69271445936e-08, 6.61002204083e-08, 3.57112561744e-08, 1.42912890411e-08], "dmean2": [0.0014855011832, 0.00105960760266, 0.00039854933857, 0.000479441718198, 0.000465944991447, 0.000442188174929, 0.000535912578925, 0.00044676521793, 0.000256688421359, 0.000173388194526, 0.000157772068633, 0.000210986589082, 0.000185507073184, 0.000126082275528, 0.000107154904981, 0.000136675720569, 7.46638615965e-05, 8.2600316091e-05, 6.4214640588e-05, 3.31507835654e-05, 2.35758561757e-05, 1.51083686433e-05, 1.07871301225e-05, 7.98091969045e-06, 5.85461248193e-06, 4.46456670034e-06, 3.30449915964e-06, 2.13213888856e-06, 1.40300232943e-06, 9.49417596985e-07, 6.85303177761e-07, 5.5785250197e-07, 3.89568100445e-07, 2.90389465363e-07, 2.16988027546e-07, 1.60701233654e-07, 1.22999878727e-07, 9.40220132861e-08, 5.34709734268e-08, 2.34500063812e-08], "dvar": [2.20684546548e-06, 1.31858041641e-06, 1.94270512566e-07, 4.65981855768e-07, 3.67733377971e-07, 4.0510158783e-07, 5.59147053991e-07, 5.00512157942e-07, 2.24166029739e-07, 9.15834945658e-08, 4.77819597222e-08, 1.15101279619e-07, 8.0435150096e-08, 4.05699154271e-08, 2.35847714691e-08, 4.16421599425e-08, 1.16639276015e-08, 9.83100800767e-09, 6.16327255898e-09, 1.91281213091e-09, 1.14118414718e-09, 4.99085495154e-10, 4.97422547596e-10, 4.1040926213e-10, 1.836528013e-10, 1.00129148028e-10, 6.83865880591e-11, 2.68564198658e-11, 7.88028843568e-12, 3.04490091994e-12, 1.52747584546e-12, 1.10928865919e-12, 6.42613187055e-13, 4.67243973547e-13, 3.39208180858e-13, 1.83656055316e-13, 9.77604905665e-14, 5.22603065423e-14, 1.45199031563e-14, 8.16325673576e-16], "dvar2": [6.32551063973e-06, 3.45927401213e-06, 4.6384721486e-07, 1.09786230951e-06, 8.91255581337e-07, 9.95749246613e-07, 1.48435390201e-06, 1.26237216591e-06, 5.65278867271e-07, 2.36624430272e-07, 1.22890739362e-07, 2.88068491727e-07, 2.10044817095e-07, 1.00622557397e-07, 5.92408788691e-08, 1.08655626718e-07, 3.03773965982e-08, 2.61270312052e-08, 1.58575925724e-08, 4.76244554903e-09, 2.82845680211e-09, 1.19312881797e-09, 1.17744392014e-09, 9.86545733994e-10, 4.18960588444e-10, 2.25820348532e-10, 1.57699617254e-10, 5.47309107757e-11, 1.5639184392e-11, 7.07701735755e-12, 3.63633255451e-12, 2.48764767466e-12, 1.36516535923e-12, 9.45131559821e-13, 6.83582314018e-13, 3.41399760025e-13, 1.85519731088e-13, 9.41786592831e-14, 2.88881298169e-14, 2.04336576481e-15], "max": [0.0190066825598, 0.0270769577473, 0.0156480651349, 0.0195623394102, 0.0136981057003, 0.0161685571074, 0.0214643198997, 0.0226034913212, 0.0123560717329, 0.00756327994168, 0.00469402130693, 0.0117848506197, 0.00710976775736, 0.00684143742546, 0.00529698468745, 0.00725062424317, 0.00398755632341, 0.00178268039599, 0.00184687215369, 0.00094812840689, 0.000785420066677, 0.000550652504899, 0.00106681173202, 0.00111199822277, 0.000769577163737, 0.000416233961005, 0.000361503451131, 0.000224174858886, 0.000108772997919, 5.73705401621e-05, 2.84356647171e-05, 1.95591073862e-05, 1.8042517695e-05, 1.75085078808e-05, 1.74041233549e-05, 1.28530718939e-05, 9.86224858934e-06, 6.22461493549e-06, 5.42456928088e-06, 7.05200250195e-07], "mean": [0.00130415370222, 0.000962341320701, 0.000385839288356, 0.000451723259175, 0.000434173416579, 0.000407236104365, 0.000505114381667, 0.00043177040061, 0.000225988245802, 0.000159631192219, 0.000143064040458, 0.000187876241398, 0.000179695809493, 0.000122251774883, 0.000108873675345, 0.000133676236146, 7.9997604189e-05, 9.14799311431e-05, 7.19952950021e-05, 3.72492722818e-05, 2.54736969509e-05, 1.57599351951e-05, 1.1090964108e-05, 7.99366716819e-06, 6.12468647887e-06, 4.62670686829e-06, 3.41412260241e-06, 2.23440929403e-06, 1.4585621102e-06, 9.11275662929e-07, 6.13473844169e-07, 4.83284395614e-07, 3.28909834479e-07, 2.47364454253e-07, 1.78859750122e-07, 1.36708635523e-07, 1.0214666446e-07, 7.52688933403e-08, 3.93792660702e-08, 1.47597578604e-08], "median": [0.000556841376238, 0.000405010971008, 0.000182905365364, 0.000148134859046, 0.000153275934281, 0.000116310242447, 8.374339086e-05, 5.97021135036e-05, 3.55550873792e-05, 3.90263885492e-05, 4.07642692153e-05, 3.85379462386e-05, 3.38482495863e-05, 2.91843152809e-05, 3.4150245483e-05, 4.16625771322e-05, 3.56463060598e-05, 3.96354189434e-05, 3.24769644067e-05, 1.57372451213e-05, 8.18087482912e-06, 4.93836068927e-06, 3.04567993226e-06, 2.28015528592e-06, 1.69461895894e-06, 1.33890921461e-06, 9.71842723629e-07, 6.76962656598e-07, 4.33863419858e-07, 2.42229219793e-07, 1.36469765266e-07, 9.01253045527e-08, 5.56165886678e-08, 3.71866057947e-08, 2.67727759962e-08, 1.99281640079e-08, 1.39147244838e-08, 1.00811332615e-08, 6.93356483339e-09, 4.38739489184e-09], "min": [1.7673929627e-24, 1.05244152037e-24, 1.63845778926e-24, 1.89544165369e-24, 2.10314577181e-24, 1.53064397213e-24, 1.46734774524e-24, 1.85841311445e-24, 3.21094057721e-24, 2.20856283229e-24, 1.60273895633e-24, 1.99593444719e-24, 4.10785826872e-24, 3.5590327486e-24, 3.01101245825e-24, 1.97852783689e-24, 3.52948359682e-24, 3.39893461118e-24, 3.14486933488e-24, 3.69279870901e-24, 3.42766334763e-24, 2.70644529288e-24, 3.64505211386e-24, 4.47118827458e-24, 4.21730325299e-24, 4.34533537791e-24, 6.02244419608e-24, 5.62908580544e-24, 4.23237641274e-24, 5.03110478459e-24, 3.69919992083e-24, 4.84112893481e-24, 4.97167831488e-24, 5.7967278197e-24, 5.07367448005e-24, 6.0383097666e-24, 5.10577165256e-24, 6.72178279919e-24, 6.51141883932e-24, 4.55145842156e-24], "var": [3.50146979144e-06, 2.16902299144e-06, 3.98119965439e-07, 1.03933302853e-06, 6.55619487588e-07, 7.03447938122e-07, 1.00516183466e-06, 9.54431243372e-07, 3.72734291432e-07, 1.65798738294e-07, 7.51452233771e-08, 1.78978154963e-07, 1.61280823363e-07, 6.6999938042e-08, 4.2958049562e-08, 7.78485187425e-08, 2.13561399676e-08, 2.27664038732e-08, 1.30647688223e-08, 4.41340253232e-09, 2.85436430048e-09, 1.03308206434e-09, 9.34527455421e-10, 5.50732348614e-10, 2.91973084598e-10, 1.59625257456e-10, 1.00475579246e-10, 4.73060930706e-11, 1.49785930187e-11, 4.5354852686e-12, 1.96864117889e-12, 1.53516121256e-12, 9.17199801352e-13, 6.70027347407e-13, 4.53341276194e-13, 2.68302578505e-13, 1.41584782635e-13, 7.96656645275e-14, 1.95623224786e-14, 8.96823132081e-16]}, "melbands_crest": {"dmean": 3.67348694801, "dmean2": 6.06925153732, "dvar": 10.0669784546, "dvar2": 27.1207389832, "max": 39.3455543518, "mean": 14.1460733414, "median": 12.6143360138, "min": 1.60568606853, "var": 43.4112129211}, "melbands_flatness_db": {"dmean": 0.0329892672598, "dmean2": 0.0508265160024, "dvar": 0.000880466192029, "dvar2": 0.00202026870102, "max": 0.631460547447, "mean": 0.253345608711, "median": 0.244694560766, "min": 0.00314022158273, "var": 0.00601030420512}, "melbands_kurtosis": {"dmean": 11.4277763367, "dmean2": 18.893655777, "dvar": 4012.38842773, "dvar2": 12295.2226562, "max": 2745.32446289, "mean": 19.4342288971, "median": 2.49115419388, "min": -1.91595160961, "var": 5753.39648438}, "melbands_skewness": {"dmean": 0.794460594654, "dmean2": 1.25481939316, "dvar": 1.48408317566, "dvar2": 3.99937152863, "max": 40.1017990112, "mean": 2.2053604126, "median": 1.44874870777, "min": -3.1600394249, "var": 7.91041374207}, "melbands_spread": {"dmean": 6.23946666718, "dmean2": 9.83547019958, "dvar": 57.4331245422, "dvar2": 126.42956543, "max": 156.307418823, "mean": 22.2289600372, "median": 19.2280235291, "min": 0.0930969491601, "var": 325.069610596}, "mfcc": {"cov": [[14743.5664062, 1737.43383789, -2274.96020508, -47.3526496887, -728.052185059, -67.4851989746, -464.815368652, -100.560516357, -243.369735718, 40.784942627, -165.840087891, 131.608947754, 53.4928512573], [1737.43383789, 1646.52111816, -280.962646484, -286.606567383, -125.587715149, -122.351280212, -78.9478530884, -190.856079102, -25.4843883514, -11.5755109787, 3.42226982117, -38.2312927246, 36.2786369324], [-2274.96020508, -280.962646484, 990.480407715, 139.010391235, 194.898574829, 30.9717006683, 88.0387573242, 85.8372650146, 53.0935592651, 23.8620357513, 47.7739257812, 17.3352584839, 3.86322665215], [-47.3526496887, -286.606567383, 139.010391235, 562.149108887, 143.852844238, 100.717506409, 88.7602767944, 116.431037903, 15.9693412781, 23.7922554016, -19.4072284698, 19.950756073, -9.81306934357], [-728.052185059, -125.587715149, 194.898574829, 143.852844238, 370.620941162, 174.590698242, 126.017662048, 81.1658859253, 12.599858284, -13.8410072327, -0.513780236244, -0.807915687561, -10.4759483337], [-67.4851989746, -122.351280212, 30.9717006683, 100.717506409, 174.590698242, 287.259765625, 158.317337036, 65.6697616577, -35.5885505676, -21.5548915863, -40.5967712402, -0.412582963705, 2.56953287125], [-464.815368652, -78.9478530884, 88.0387573242, 88.7602767944, 126.017662048, 158.317337036, 239.306518555, 86.3466110229, -13.1714162827, -34.5902137756, -25.5562858582, -4.57874822617, 24.683757782], [-100.560516357, -190.856079102, 85.8372650146, 116.431037903, 81.1658859253, 65.6697616577, 86.3466110229, 199.191726685, 61.82554245, 10.2584018707, 8.88651752472, 35.0454483032, 6.24412488937], [-243.369735718, -25.4843883514, 53.0935592651, 15.9693412781, 12.599858284, -35.5885505676, -13.1714162827, 61.82554245, 123.58644104, 62.5847663879, 37.4146652222, 6.27815628052, -3.53436565399], [40.784942627, -11.5755109787, 23.8620357513, 23.7922554016, -13.8410072327, -21.5548915863, -34.5902137756, 10.2584018707, 62.5847663879, 120.224006653, 54.5390853882, 8.49804210663, -12.4054889679], [-165.840087891, 3.42226982117, 47.7739257812, -19.4072284698, -0.513780236244, -40.5967712402, -25.5562858582, 8.88651752472, 37.4146652222, 54.5390853882, 95.8234786987, 40.9436798096, 6.32452583313], [131.608947754, -38.2312927246, 17.3352584839, 19.950756073, -0.807915687561, -0.412582963705, -4.57874822617, 35.0454483032, 6.27815628052, 8.49804210663, 40.9436798096, 82.3311691284, 37.0477714539], [53.4928512573, 36.2786369324, 3.86322665215, -9.81306934357, -10.4759483337, 2.56953287125, 24.683757782, 6.24412488937, -3.53436565399, -12.4054889679, 6.32452583313, 37.0477714539, 71.9408874512]], "icov": [[0.000164961558767, -0.000174849657924, 0.000292670651106, -0.000108409301902, 0.000159916540724, -0.000156340422109, 0.000357203709427, -0.000377677904908, 0.000423598277848, -0.000354720134055, 0.000391559035052, -0.000389104359783, -3.00261291386e-07], [-0.000174849657924, 0.000945204636082, -0.000137954004458, 0.000331947318045, -0.000271958357189, 0.000371716945665, -0.000524928385857, 0.000987024628557, -0.000630013411865, 0.000364180858014, -0.000512959260959, 0.000730711675715, -0.000551745877601], [0.000292670651106, -0.000137954004458, 0.00177491828799, -0.000299007835565, -0.000380177079933, 0.000216530243051, 0.000240527806454, -0.000652787741274, 0.000575470388867, -0.000638138037175, 0.000146912629134, -0.00050130719319, -0.000209638354136], [-0.000108409301902, 0.000331947318045, -0.000299007835565, 0.00248975376599, -0.000785153999459, 0.000351512338966, -0.000609865237493, -0.000558952102438, 0.000300880725263, -0.0011826941045, 0.00136192655191, -0.000825119903311, 0.000515785999596], [0.000159916540724, -0.000271958357189, -0.000380177079933, -0.000785153999459, 0.00501760281622, -0.00295705208555, 5.53690551897e-05, -0.000497728469782, -0.000848652911372, 0.00149531965144, -0.00161424756516, 0.000433922599768, 0.000926643959247], [-0.000156340422109, 0.000371716945665, 0.000216530243051, 0.000351512338966, -0.00295705208555, 0.0081585329026, -0.00423701992258, -9.17809084058e-05, 0.00230004591867, -0.00256680394523, 0.00331949093379, -0.00194167310838, 0.00108331907541], [0.000357203709427, -0.000524928385857, 0.000240527806454, -0.000609865237493, 5.53690551897e-05, -0.00423701992258, 0.00975881516933, -0.0040555531159, 0.00187533569988, 0.00109845097177, -0.00114253582433, 0.00389300379902, -0.00455676671118], [-0.000377677904908, 0.000987024628557, -0.000652787741274, -0.000558952102438, -0.000497728469782, -9.17809084058e-05, -0.0040555531159, 0.0112941758707, -0.00735204480588, 0.00231704255566, 0.000863372755703, -0.00498811900616, 0.00261513609439], [0.000423598277848, -0.000630013411865, 0.000575470388867, 0.000300880725263, -0.000848652911372, 0.00230004591867, 0.00187533569988, -0.00735204480588, 0.0171426590532, -0.00800627470016, -0.000514948915225, 0.00281096692197, -0.00213890010491], [-0.000354720134055, 0.000364180858014, -0.000638138037175, -0.0011826941045, 0.00149531965144, -0.00256680394523, 0.00109845097177, 0.00231704255566, -0.00800627470016, 0.0171271394938, -0.00964638870209, 0.00323062343523, 0.00142889353447], [0.000391559035052, -0.000512959260959, 0.000146912629134, 0.00136192655191, -0.00161424756516, 0.00331949093379, -0.00114253582433, 0.000863372755703, -0.000514948915225, -0.00964638870209, 0.023815555498, -0.01407180354, 0.00357307796367], [-0.000389104359783, 0.000730711675715, -0.00050130719319, -0.000825119903311, 0.000433922599768, -0.00194167310838, 0.00389300379902, -0.00498811900616, 0.00281096692197, 0.00323062343523, -0.01407180354, 0.028308570385, -0.0135809741914], [-3.00261291386e-07, -0.000551745877601, -0.000209638354136, 0.000515785999596, 0.000926643959247, 0.00108331907541, -0.00455676671118, 0.00261513609439, -0.00213890010491, 0.00142889353447, 0.00357307796367, -0.0135809741914, 0.0225141793489]], "mean": [-718.633422852, 169.294403076, -29.7705211639, 16.7044029236, 7.81107807159, 14.5189943314, 0.754630804062, -1.26503944397, -1.41308736801, 6.14346027374, -0.337154269218, 1.08804512024, 1.16788816452]}, "pitch_salience": {"dmean": 0.0732718408108, "dmean2": 0.120289362967, "dvar": 0.00410763919353, "dvar2": 0.0108981532976, "max": 0.966633617878, "mean": 0.576855540276, "median": 0.605972707272, "min": 0.041772685945, "var": 0.0189259517938}, "silence_rate_20dB": {"dmean": 0, "dmean2": 0, "dvar": 0, "dvar2": 0, "max": 1, "mean": 1, "median": 1, "min": 1, "var": 0}, "silence_rate_30dB": {"dmean": 0.0181576609612, "dmean2": 0.0363193452358, "dvar": 0.0178279839456, "dvar2": 0.0454063676298, "max": 1, "mean": 0.977858960629, "median": 1, "min": 0, "var": 0.0216500647366}, "silence_rate_60dB": {"dmean": 0.0243578385562, "dmean2": 0.0487210713327, "dvar": 0.0237661395222, "dvar2": 0.0516680702567, "max": 1, "mean": 0.146130859852, "median": 0, "min": 0, "var": 0.124781943858}, "spectral_centroid": {"dmean": 199.970626831, "dmean2": 297.679199219, "dvar": 66359.6796875, "dvar2": 123115.054688, "max": 11562.2431641, "mean": 1155.27172852, "median": 976.044799805, "min": 92.9485168457, "var": 1040637.125}, "spectral_complexity": {"dmean": 3.18954825401, "dmean2": 4.67102193832, "dvar": 13.2806606293, "dvar2": 24.0476360321, "max": 57, "mean": 17.6428642273, "median": 19, "min": 0, "var": 127.877159119}, "spectral_contrast_coeffs": {"dmean": [0.0513338148594, 0.0501742959023, 0.0405066758394, 0.0291788727045, 0.0216594859958, 0.0345054902136], "dmean2": [0.0846429243684, 0.0824681222439, 0.0669792443514, 0.0481487475336, 0.0351635143161, 0.0538653060794], "dvar": [0.00177229451947, 0.00168028566986, 0.00110026425682, 0.000556561397389, 0.000348751142155, 0.00105852924753], "dvar2": [0.00457021035254, 0.00452332478017, 0.00294828927144, 0.00146900711115, 0.000841693894472, 0.00248646107502], "max": [-0.35351651907, -0.461102426052, -0.498598068953, -0.565155506134, -0.607162117958, -0.501789689064], "mean": [-0.700027763844, -0.765820741653, -0.791152596474, -0.805387079716, -0.821219086647, -0.779803156853], "median": [-0.70813024044, -0.771292984486, -0.793220758438, -0.803507208824, -0.818865835667, -0.789167404175], "min": [-0.982077896595, -0.981757521629, -0.975499868393, -0.96962505579, -0.966133475304, -0.965310811996], "var": [0.0087138786912, 0.00697084004059, 0.00495915533975, 0.00264976033941, 0.0023284421768, 0.0042009553872]}, "spectral_contrast_valleys": {"dmean": [0.412451356649, 0.384303867817, 0.3314024508, 0.28666639328, 0.31384575367, 0.584882557392], "dmean2": [0.680546820164, 0.609533429146, 0.517353594303, 0.429339051247, 0.443334490061, 0.897314608097], "dvar": [0.12544362247, 0.114237867296, 0.0906774625182, 0.0805802494287, 0.110973000526, 0.258378833532], "dvar2": [0.297250986099, 0.252499401569, 0.184704884887, 0.148318484426, 0.200176864862, 0.652649343014], "max": [-5.35988998413, -4.31923151016, -4.93608617783, -4.99651575089, -5.46835613251, -8.83612346649], "mean": [-7.63350248337, -7.04647684097, -7.45366048813, -7.54547834396, -8.31120204926, -11.6391544342], "median": [-7.20080089569, -6.63623094559, -6.95757007599, -6.96909809113, -7.86405992508, -11.3948812485], "min": [-28.4849395752, -28.0668869019, -27.6884708405, -27.7396411896, -27.6020259857, -27.3642501831], "var": [4.4030008316, 4.96399497986, 4.76595783234, 4.82060623169, 4.32236051559, 3.05688452721]}, "spectral_decrease": {"dmean": 1.88928228617e-09, "dmean2": 2.9698452586e-09, "dvar": 5.76222617383e-18, "dvar2": 1.4734859419e-17, "max": 4.54232473857e-09, "mean": -4.13717859971e-09, "median": -2.97002067384e-09, "min": -3.97530044438e-08, "var": 2.08866826982e-17}, "spectral_energy": {"dmean": 0.00968130584806, "dmean2": 0.0146101461723, "dvar": 0.000147724189446, "dvar2": 0.000327973451931, "max": 0.197719037533, "mean": 0.0332569666207, "median": 0.0274510756135, "min": 9.57502756502e-21, "var": 0.000839750166051}, "spectral_energyband_high": {"dmean": 0.000461933726911, "dmean2": 0.000653325405437, "dvar": 9.44359726418e-07, "dvar2": 1.96227938432e-06, "max": 0.0231224689633, "mean": 0.000935811083764, "median": 0.000284881476546, "min": 6.89276114288e-21, "var": 3.0310125112e-06}, "spectral_energyband_low": {"dmean": 0.00386570277624, "dmean2": 0.00642535416409, "dvar": 3.68201799574e-05, "dvar2": 0.000101110657852, "max": 0.0922385901213, "mean": 0.00678677018732, "median": 0.00361736048944, "min": 1.07440914693e-23, "var": 7.09232117515e-05}, "spectral_energyband_middle_high": {"dmean": 0.00272820703685, "dmean2": 0.00403602002189, "dvar": 2.129170025e-05, "dvar2": 4.74176013086e-05, "max": 0.0943475887179, "mean": 0.00760057708248, "median": 0.00409016991034, "min": 1.22326593126e-21, "var": 9.37866570894e-05}, "spectral_energyband_middle_low": {"dmean": 0.00445768330246, "dmean2": 0.00689876638353, "dvar": 4.5700930059e-05, "dvar2": 0.000110545952339, "max": 0.14360961318, "mean": 0.0104382494465, "median": 0.00603167619556, "min": 1.66157254974e-22, "var": 0.000156862181029}, "spectral_entropy": {"dmean": 0.180649101734, "dmean2": 0.270595431328, "dvar": 0.0309608634561, "dvar2": 0.0696391537786, "max": 9.8161611557, "mean": 7.37165021896, "median": 7.40607786179, "min": 4.85020446777, "var": 0.241365835071}, "spectral_flux": {"dmean": 0.0195783507079, "dmean2": 0.0306979902089, "dvar": 0.000432378205005, "dvar2": 0.00095009006327, "max": 0.32006201148, "mean": 0.0962034016848, "median": 0.0970331951976, "min": 6.3788897775e-11, "var": 0.00319703505374}, "spectral_kurtosis": {"dmean": 6.41684961319, "dmean2": 9.89369773865, "dvar": 49.6400184631, "dvar2": 123.37853241, "max": 108.161842346, "mean": 27.2206859589, "median": 25.4960594177, "min": -1.26780903339, "var": 199.603225708}, "spectral_rms": {"dmean": 0.000783228781074, "dmean2": 0.00115028361324, "dvar": 6.60511091155e-07, "dvar2": 1.35045002025e-06, "max": 0.013888723217, "mean": 0.00502043962479, "median": 0.00517508806661, "min": 3.05638522304e-12, "var": 7.24101573724e-06}, "spectral_rolloff": {"dmean": 2833.01904297, "dmean2": 5422.24072266, "dvar": 40265492, "dvar2": 98088664, "max": 22028.4667969, "mean": 15229.5009766, "median": 21102.5390625, "min": 43.06640625, "var": 84530016}, "spectral_skewness": {"dmean": 0.427935361862, "dmean2": 0.649667322636, "dvar": 0.183028504252, "dvar2": 0.432359069586, "max": 8.76212501526, "mean": 3.64018774033, "median": 3.59561991692, "min": -0.0730815306306, "var": 1.17554283142}, "spectral_spread": {"dmean": 492479.375, "dmean2": 747078.4375, "dvar": 397147602944, "dvar2": 808906391552, "max": 43509920, "mean": 3898814.75, "median": 3445089.75, "min":