{"lowlevel": {"average_loudness": 0.903997719288, "barkbands": {"dmean": [5.31267032784e-05, 0.000698913179804, 0.000931314309128, 0.00131843995769, 0.000977835385129, 0.000716679613106, 0.000758635404054, 0.000671263318509, 0.000653015857097, 0.000388989516068, 0.000326130742906, 0.000408939959016, 0.000366135645891, 0.000276157283224, 0.000313086464303, 0.000362820166629, 0.000391403824324, 0.000340885046171, 0.000189677171875, 0.000148709994392, 0.000136175949592, 0.000135812879307, 0.000102307159977, 6.04694469075e-05, 3.63508879673e-05, 2.63981492026e-05, 1.20656022773e-05], "dmean2": [6.10116840107e-05, 0.00115915667266, 0.001527660992, 0.00211634603329, 0.00154830445535, 0.00111161998939, 0.0012120641768, 0.00102010823321, 0.00102346972562, 0.000594406854361, 0.000502336479258, 0.000628466717899, 0.000561747758184, 0.000435872760136, 0.000492649851367, 0.000566509028431, 0.00061239337083, 0.000531215744559, 0.000299075356452, 0.000225114665227, 0.000195236963918, 0.000190422666492, 0.000151277738041, 9.19527301448e-05, 5.3422369092e-05, 3.76884090656e-05, 1.74168053491e-05], "dvar": [1.2700240859e-08, 2.01788384402e-06, 3.03485649056e-06, 7.26254484107e-06, 2.2090478069e-06, 1.96403834707e-06, 3.00823649013e-06, 2.72696911452e-06, 2.04745424526e-06, 6.81831977545e-07, 8.86430029823e-07, 1.28842339109e-06, 1.09266045456e-06, 7.25226129816e-07, 6.74625084685e-07, 5.55728774998e-07, 8.27564235806e-07, 5.61684373679e-07, 1.60894785495e-07, 8.19074230662e-08, 7.41157890616e-08, 7.7382040331e-08, 5.06978743431e-08, 3.88454495237e-08, 8.99154528611e-09, 3.83520193381e-09, 9.97448568185e-10], "dvar2": [1.80361308111e-08, 5.41680446986e-06, 8.44646729092e-06, 1.87620389624e-05, 5.67323331779e-06, 4.75825845569e-06, 7.51245670472e-06, 5.80646064918e-06, 4.85937198391e-06, 1.48206720496e-06, 2.15174736695e-06, 2.72179840977e-06, 2.4782411856e-06, 1.78275092821e-06, 1.58900957103e-06, 1.36248240779e-06, 1.99873966267e-06, 1.37292340696e-06, 4.10710043752e-07, 1.79355865271e-07, 1.50644979158e-07, 1.46137296042e-07, 1.17716126624e-07, 8.61150084575e-08, 2.00491676594e-08, 7.35106375771e-09, 1.86832904703e-09], "max": [0.00198255735449, 0.025428134948, 0.0219108462334, 0.0578623116016, 0.0230516586453, 0.0275416132063, 0.0410999618471, 0.0455353520811, 0.0304763913155, 0.0283633843064, 0.0271389167756, 0.0349083803594, 0.0204691290855, 0.0314875207841, 0.0286712106317, 0.0150531660765, 0.0241887941957, 0.0277134664357, 0.0154378861189, 0.0054771178402, 0.00778109114617, 0.00459702312946, 0.00467053661123, 0.00622542342171, 0.0030313374009, 0.000996530521661, 0.000378587603336], "mean": [9.99945623334e-05, 0.00106212683022, 0.00159583252389, 0.00250080623664, 0.00227570463903, 0.00136211363133, 0.00121486594435, 0.00122231850401, 0.00129293906502, 0.000739500741474, 0.000525595096406, 0.000653963186778, 0.00056543329265, 0.000454830587842, 0.000541106448509, 0.00063925300492, 0.000758787326049, 0.000678637181409, 0.00039303151425, 0.000289758347208, 0.000273558514891, 0.000249661650741, 0.000180607268703, 9.64256978477e-05, 5.90553863731e-05, 3.26496410707e-05, 1.29283234855e-05], "median": [3.74004484911e-05, 0.000416471390054, 0.00103826448321, 0.00145914289169, 0.00169997289777, 0.000577400438488, 0.000305414258037, 0.000251677294727, 0.000437242357293, 0.000234417704633, 0.000125896942336, 0.000118124546134, 0.000110721070087, 0.000126755738165, 0.000153398868861, 0.000250491371844, 0.000257015955867, 0.000323798682075, 0.000180451810593, 0.000120089272968, 8.96731071407e-05, 7.48109596316e-05, 4.85618293169e-05, 2.44535622187e-05, 1.55705183715e-05, 4.09555286751e-06, 3.68853250166e-07], "min": [5.72877494689e-25, 5.34082538105e-24, 1.83062746121e-24, 6.74063894141e-25, 5.18241935027e-24, 9.87436127727e-24, 8.47040185842e-24, 2.96880623046e-24, 1.90959322669e-23, 1.1611946539e-23, 1.24610117308e-23, 1.90422502823e-23, 2.14664103777e-23, 2.94164243627e-23, 5.12499769166e-23, 5.48176729357e-23, 7.79872876502e-23, 8.40923642373e-23, 1.54988890444e-22, 9.98854289796e-23, 2.10794236166e-22, 3.63942026231e-22, 4.10501556112e-22, 5.77798178669e-22, 9.1781181959e-22, 1.36619581428e-21, 1.94502756482e-21], "var": [3.150000083e-08, 3.00930901176e-06, 3.67899929188e-06, 1.11988911158e-05, 5.1676329349e-06, 4.98907911606e-06, 6.09470407653e-06, 9.09277059691e-06, 7.31639966034e-06, 2.6999966849e-06, 2.23279471356e-06, 2.70927012025e-06, 2.19555568037e-06, 1.40090480727e-06, 1.57058173045e-06, 1.23063239243e-06, 1.88651699773e-06, 1.25542590013e-06, 3.89914362131e-07, 2.00080165769e-07, 1.97666508939e-07, 2.0471546236e-07, 1.16968472241e-07, 6.70087771937e-08, 1.65236055949e-08, 5.7805453757e-09, 1.34260258466e-09]}, "barkbands_crest": {"dmean": 1.99413120747, "dmean2": 3.22202968597, "dvar": 3.48610305786, "dvar2": 8.81290721893, "max": 23.7132816315, "mean": 8.3145275116, "median": 7.64361095428, "min": 2.3226108551, "var": 11.7745351791}, "barkbands_flatness_db": {"dmean": 0.0184806361794, "dmean2": 0.0255003366619, "dvar": 0.00039093248779, "dvar2": 0.000724075944163, "max": 0.341858327389, "mean": 0.11387322098, "median": 0.105874367058, "min": 0.0176677275449, "var": 0.00231718597934}, "barkbands_kurtosis": {"dmean": 1.87633347511, "dmean2": 2.81774735451, "dvar": 11.3199291229, "dvar2": 23.2540168762, "max": 79.5008239746, "mean": 2.53472089767, "median": 0.177352547646, "min": -1.94319880009, "var": 39.2949371338}, "barkbands_skewness": {"dmean": 0.43626049161, "dmean2": 0.648783802986, "dvar": 0.222916826606, "dvar2": 0.478994041681, "max": 7.29679489136, "mean": 1.17706859112, "median": 0.958684206009, "min": -3.15618157387, "var": 1.39390730858}, "barkbands_spread": {"dmean": 6.0533285141, "dmean2": 8.91802120209, "dvar": 48.9997596741, "dvar2": 105.177688599, "max": 102.693206787, "mean": 27.0800609589, "median": 26.3139724731, "min": 1.42583703995, "var": 189.51512146}, "dissonance": {"dmean": 0.0143344318494, "dmean2": 0.0240375213325, "dvar": 0.000189624915947, "dvar2": 0.000514160143211, "max": 0.499999880791, "mean": 0.470616549253, "median": 0.475603848696, "min": 0.292145758867, "var": 0.000484623218654}, "dynamic_complexity": 3.55809879303, "erbbands": {"dmean": [0.0240302532911, 0.158620327711, 0.789045631886, 3.15187597275, 3.38983559608, 3.3050429821, 4.82633829117, 6.1701965332, 8.01904678345, 14.327214241, 13.8937959671, 13.4722423553, 12.7704143524, 12.0154390335, 12.4028949738, 14.462023735, 14.7908449173, 14.2610120773, 12.8091268539, 15.994351387, 20.1718044281, 19.2795543671, 20.5248184204, 10.5825958252, 8.40424633026, 6.42927598953, 6.13757419586, 5.25133085251, 4.76448154449, 4.26269960403, 2.68574786186, 1.50292479992, 0.915284574032, 0.479754000902, 0.232647821307, 0.118989087641, 0.0487080290914, 0.0123301381245, 0.00225073192269, 0.000105340528535], "dmean2": [0.0367382019758, 0.27167353034, 1.31191623211, 5.02160549164, 5.43233442307, 5.25623226166, 7.31338739395, 9.7178812027, 12.5977888107, 22.5259780884, 21.1031036377, 20.9790096283, 19.4570808411, 18.6469573975, 19.1885623932, 21.9433193207, 22.2627048492, 21.8587226868, 19.9850063324, 24.6706809998, 31.0037727356, 29.6584854126, 32.1022338867, 16.4811515808, 12.9852371216, 9.60881710052, 9.00481891632, 7.43427944183, 6.74827528, 6.16817855835, 3.98093318939, 2.31036806107, 1.36349439621, 0.709246039391, 0.340333819389, 0.169134184718, 0.0701388195157, 0.0177860930562, 0.00325732375495, 0.000151208238094], "dvar": [0.00287767709233, 0.107617340982, 2.45190548897, 35.6095237732, 36.9122390747, 25.0228538513, 63.6833877563, 207.343841553, 306.00177002, 1196.92907715, 1026.27844238, 919.459350586, 639.034729004, 1028.85827637, 1388.09094238, 1590.68408203, 1688.8984375, 1946.37390137, 1195.44567871, 1325.65197754, 1473.83605957, 1862.01049805, 2082.95141602, 566.612487793, 235.674819946, 162.342941284, 181.748565674, 109.461700439, 103.751541138, 83.7741775513, 36.1531181335, 20.9667072296, 10.157412529, 2.17583227158, 0.266003847122, 0.0709704905748, 0.0142596177757, 0.000963841797784, 3.53675313818e-05, 7.26406597096e-08], "dvar2": [0.00666870968416, 0.301958888769, 6.88575124741, 93.2602767944, 94.4354248047, 65.0448379517, 147.939712524, 508.494354248, 739.18371582, 2901.63720703, 2255.44775391, 2158.87695312, 1483.10437012, 2419.83203125, 3381.30249023, 3288.9375, 3731.95727539, 4802.27929688, 2835.84936523, 3048.97119141, 3493.04833984, 4477.72851562, 5156.78955078, 1390.68273926, 574.043823242, 356.487548828, 394.703613281, 211.519287109, 205.150360107, 177.411193848, 82.3219299316, 50.393081665, 21.4621582031, 4.93432617188, 0.555158495903, 0.137771904469, 0.0280137713999, 0.00182598165702, 6.72814203426e-05, 1.36820418106e-07], "max": [1.00205862522, 4.59319210052, 19.8130264282, 117.040512085, 107.106788635, 82.9589767456, 185.417037964, 315.86151123, 393.650604248, 890.727416992, 634.098144531, 707.074035645, 728.900817871, 1368.83581543, 1415.18701172, 1760.06201172, 905.281066895, 1663.4017334, 916.93347168, 913.509460449, 805.257141113, 1198.82348633, 1633.58911133, 960.1875, 455.175018311, 295.10055542, 459.146789551, 172.04864502, 159.715209961, 200.982284546, 138.762878418, 159.297683716, 88.535446167, 46.3994178772, 13.6650314331, 6.36262655258, 1.64114487171, 0.38774740696, 0.0708471313119, 0.00305248051882], "mean": [0.0366639718413, 0.229743927717, 1.38828027248, 6.32521772385, 7.11592245102, 7.438164711, 9.82347869873, 11.1176118851, 14.6775035858, 24.0530529022, 27.3674964905, 26.3679447174, 26.3627624512, 23.4612522125, 20.8917140961, 25.1569919586, 25.2136173248, 24.9731864929, 22.824924469, 29.3874702454, 39.8267631531, 41.7415542603, 42.3762664795, 23.7994556427, 17.8273162842, 12.8681344986, 12.0313358307, 10.3033294678, 8.86716747284, 7.41967201233, 4.83403635025, 2.36500167847, 1.48834013939, 0.804130077362, 0.348367214203, 0.157207101583, 0.057732116431, 0.0137417698279, 0.00239976216108, 0.000132902307087], "median": [0.00815404765308, 0.118390545249, 0.979776382446, 4.31481599808, 5.16593122482, 5.36096096039, 5.54355669022, 4.17323255539, 4.75335121155, 5.33003139496, 8.22644424438, 9.97485637665, 10.5683250427, 6.63539218903, 5.47493028641, 5.25013828278, 5.72404956818, 7.21601057053, 7.69413232803, 10.6529312134, 18.2164993286, 16.5988063812, 20.1413574219, 11.9639425278, 8.65036201477, 5.54642057419, 4.04285812378, 3.29029798508, 2.67366552353, 1.88127923012, 1.32892358303, 0.60383015871, 0.370938301086, 0.195096060634, 0.0857915356755, 0.0277998670936, 0.00571142043918, 0.000767976802308, 8.1110818428e-05, 3.07888840325e-05], "min": [1.04553194686e-22, 5.8677271471e-22, 2.94423125057e-21, 8.29097506687e-21, 9.19120525948e-21, 1.65958296428e-20, 4.14504793218e-20, 6.19984018324e-20, 1.56757395222e-19, 1.88179983365e-19, 2.87385240569e-19, 5.48788479604e-19, 4.83213581447e-19, 7.36806012452e-19, 1.03501449775e-18, 7.88757556112e-19, 1.407928094e-18, 2.29381940149e-18, 2.72704925026e-18, 3.37336537431e-18, 3.59937634667e-18, 5.22248462028e-18, 4.61751036286e-18, 5.16339125091e-18, 7.23659207046e-18, 5.60666410629e-18, 8.4201220909e-18, 1.0966700177e-17, 1.28313869621e-17, 1.17099442913e-17, 1.19534522016e-17, 1.09482623212e-17, 1.09213425553e-17, 8.22251360565e-18, 6.43472897492e-18, 4.42878579738e-18, 2.37896544464e-18, 1.06374899447e-18, 2.62860938069e-19, 2.43328392685e-20], "var": [0.00540502928197, 0.120145343244, 2.71794652939, 55.1080932617, 65.145401001, 56.9149513245, 185.635559082, 469.804534912, 833.795593262, 2751.35717773, 3334.06201172, 2849.52490234, 2590.84936523, 3675.94921875, 2820.09301758, 3554.53588867, 3813.55957031, 3762.14990234, 2437.25732422, 3019.41040039, 3673.62280273, 4913.74902344, 4555.10351562, 1409.17211914, 666.469970703, 376.841583252, 446.134063721, 282.513092041, 255.97644043, 196.127120972, 88.2788696289, 33.1492042542, 17.952709198, 3.85814070702, 0.493253260851, 0.116890087724, 0.0201031919569, 0.00132123718504, 4.67202662549e-05, 9.82604433375e-08]}, "erbbands_crest": {"dmean": 2.36301970482, "dmean2": 3.82654762268, "dvar": 5.73853635788, "dvar2": 14.6621360779, "max": 29.1684761047, "mean": 8.44679164886, "median": 7.60038375854, "min": 2.19492578506, "var": 14.5425567627}, "erbbands_flatness_db": {"dmean": 0.0173992142081, "dmean2": 0.023888181895, "dvar": 0.000347587832948, "dvar2": 0.000636785000097, "max": 0.344917953014, "mean": 0.159864410758, "median": 0.160580664873, "min": 0.0281159747392, "var": 0.0019945402164}, "erbbands_kurtosis": {"dmean": 0.740668118, "dmean2": 1.16463804245, "dvar": 1.30909001827, "dvar2": 3.00761938095, "max": 24.9472618103, "mean": -0.0150535032153, "median": -0.47118639946, "min": -1.82966220379, "var": 2.76689743996}, "erbbands_skewness": {"dmean": 0.356082081795, "dmean2": 0.539304673672, "dvar": 0.13082139194, "dvar2": 0.289633780718, "max": 3.80222678185, "mean": 0.00184935110155, "median": -0.0315666347742, "min": -4.31348180771, "var": 0.590517401695}, "erbbands_spread": {"dmean": 7.77672815323, "dmean2": 11.7835569382, "dvar": 77.2878341675, "dvar2": 168.421569824, "max": 149.354263306, "mean": 41.3777770996, "median": 38.1453018188, "min": 5.47600841522, "var": 322.321929932}, "gfcc": {"cov": [[21924.9472656, -261.794189453, -1473.60180664, 246.29208374, -1267.17468262, 404.851135254, -723.210144043, 170.262985229, -340.722839355, 156.137329102, -288.569488525, -23.0823421478, -380.806427002], [-261.794189453, 1696.4119873, -452.059997559, 247.21131897, 262.185089111, -291.234649658, 210.640441895, -134.710739136, 33.3339767456, -196.669876099, -1.50674200058, -57.7144851685, 121.583351135], [-1473.60180664, -452.059997559, 1175.77661133, 47.2215270996, 81.361328125, 95.1259155273, -43.5601539612, 40.6821174622, -27.128534317, 9.59319210052, -6.54090213776, 38.6836395264, -12.7684030533], [246.29208374, 247.21131897, 47.2215270996, 444.612823486, 54.4699821472, 18.4598064423, 45.6813278198, -54.2195739746, 12.8969602585, -86.9209289551, -26.4555206299, -8.47968482971, 53.2136764526], [-1267.17468262, 262.185089111, 81.361328125, 54.4699821472, 423.006652832, -48.2195472717, 131.519851685, -33.337020874, 35.1786079407, -29.2735786438, -15.3366546631, 13.2390594482, 22.4884986877], [404.851135254, -291.234649658, 95.1259155273, 18.4598064423, -48.2195472717, 294.198425293, -17.82563591, 45.1605834961, -40.0934829712, 22.3059253693, 21.089012146, 0.728834211826, -27.7490406036], [-723.210144043, 210.640441895, -43.5601539612, 45.6813278198, 131.519851685, -17.82563591, 251.991989136, -57.8842658997, 4.31639766693, -32.8351593018, -15.2556085587, 9.76249217987, 17.8246517181], [170.262985229, -134.710739136, 40.6821174622, -54.2195739746, -33.337020874, 45.1605834961, -57.8842658997, 194.276473999, 40.8993492126, 36.4577178955, 28.2067375183, -2.9413921833, -9.68367671967], [-340.722839355, 33.3339767456, -27.128534317, 12.8969602585, 35.1786079407, -40.0934829712, 4.31639766693, 40.8993492126, 130.610916138, 29.1220264435, 10.3284368515, -6.13807964325, 5.16559362411], [156.137329102, -196.669876099, 9.59319210052, -86.9209289551, -29.2735786438, 22.3059253693, -32.8351593018, 36.4577178955, 29.1220264435, 135.247390747, 48.0425376892, 10.1821403503, -35.9163894653], [-288.569488525, -1.50674200058, -6.54090213776, -26.4555206299, -15.3366546631, 21.089012146, -15.2556085587, 28.2067375183, 10.3284368515, 48.0425376892, 118.372055054, 21.3226947784, -6.45570516586], [-23.0823421478, -57.7144851685, 38.6836395264, -8.47968482971, 13.2390594482, 0.728834211826, 9.76249217987, -2.9413921833, -6.13807964325, 10.1821403503, 21.3226947784, 79.5665359497, 26.0577163696], [-380.806427002, 121.583351135, -12.7684030533, 53.2136764526, 22.4884986877, -27.7490406036, 17.8246517181, -9.68367671967, 5.16559362411, -35.9163894653, -6.45570516586, 26.0577163696, 104.372207642]], "icov": [[0.000103958976979, -0.000126757615362, 0.00013273760851, -0.000180362621904, 0.000241769463173, -0.00014994177036, 0.000254422106082, -0.000163482851349, 0.000267490016995, -0.000337449717335, 0.000576473947149, -0.000479544134578, 0.000510598067194], [-0.000126757615362, 0.00147801893763, 0.000229478318943, -0.000164858909557, -0.000823966576718, 0.00117378518917, -0.000795670959633, 0.00035198777914, -0.000238019332755, 0.0017337173922, -0.00191242410801, 0.00187098758761, -0.0013909721747], [0.00013273760851, 0.000229478318943, 0.00123149540741, -0.000504506926518, -0.000157673173817, -0.000146837133798, 0.000471439911053, -0.000380717712687, 0.000611340568867, -0.000139156574733, 0.00062499626074, -0.000812974758446, 0.000667436805088], [-0.000180362621904, -0.000164858909557, -0.000504506926518, 0.00332644744776, -0.000354516116204, -0.000663994986098, -0.000380338024115, 0.00108097819611, -0.00153168395627, 0.00189192744438, -0.000874081510119, 0.00102386984508, -0.00174144166522], [0.000241769463173, -0.000823966576718, -0.000157673173817, -0.000354516116204, 0.00383503036574, -0.000401713128667, -0.000715116562787, -0.000301032239804, -0.000273992976872, -0.000973097165115, 0.00188186741434, -0.00191852566786, 0.00143856881186], [-0.00014994177036, 0.00117378518917, -0.000146837133798, -0.000663994986098, -0.000401713128667, 0.00511662103236, -0.00104541750625, -0.000906401895918, 0.00143957219552, 0.000737584545277, -0.00213364465162, 0.00164702243637, -0.00041311129462], [0.000254422106082, -0.000795670959633, 0.000471439911053, -0.000380338024115, -0.000715116562787, -0.00104541750625, 0.00599801633507, 0.000747460580897, 0.000266431627097, -0.000650383299217, 0.00196803803556, -0.00226011150517, 0.00147688295692], [-0.000163482851349, 0.00035198777914, -0.000380717712687, 0.00108097819611, -0.000301032239804, -0.000906401895918, 0.000747460580897, 0.00704375701025, -0.0030067388434, 0.00067557831062, -0.00196717679501, 0.00138291495387, -0.00134010892361], [0.000267490016995, -0.000238019332755, 0.000611340568867, -0.00153168395627, -0.000273992976872, 0.00143957219552, 0.000266431627097, -0.0030067388434, 0.0108792269602, -0.00384858320467, 0.00140706857201, 0.000152710766997, 0.000412332330598], [-0.000337449717335, 0.0017337173922, -0.000139156574733, 0.00189192744438, -0.000973097165115, 0.000737584545277, -0.000650383299217, 0.00067557831062, -0.00384858320467, 0.0140760755166, -0.00641977181658, 0.00107676442713, 0.000715498288628], [0.000576473947149, -0.00191242410801, 0.00062499626074, -0.000874081510119, 0.00188186741434, -0.00213364465162, 0.00196803803556, -0.00196717679501, 0.00140706857201, -0.00641977181658, 0.0148580782115, -0.00646028807387, 0.00361492298543], [-0.000479544134578, 0.00187098758761, -0.000812974758446, 0.00102386984508, -0.00191852566786, 0.00164702243637, -0.00226011150517, 0.00138291495387, 0.000152710766997, 0.00107676442713, -0.00646028807387, 0.0191490873694, -0.00800247304142], [0.000510598067194, -0.0013909721747, 0.000667436805088, -0.00174144166522, 0.00143856881186, -0.00041311129462, 0.00147688295692, -0.00134010892361, 0.000412332330598, 0.000715498288628, 0.00361492298543, -0.00800247304142, 0.0156848561019]], "mean": [-22.6578044891, 84.9465179443, -127.110183716, 37.4468841553, -54.5781440735, -0.722772300243, -36.658000946, 4.46566867828, -21.5435810089, -9.12852859497, -22.2482070923, -2.43534588814, -13.2015743256]}, "hfc": {"dmean": 6.29769420624, "dmean2": 8.4854927063, "dvar": 80.8882369995, "dvar2": 143.645309448, "max": 160.274932861, "mean": 21.9787693024, "median": 16.8380413055, "min": 1.04982924461e-16, "var": 398.637329102}, "melbands": {"dmean": [0.000198522247956, 0.000326307694195, 0.000516856554896, 0.000228914388572, 0.000158923008712, 0.000137702794746, 0.000131992099341, 0.000157869479153, 0.00011469880701, 8.63847744768e-05, 6.49914945825e-05, 4.97966793773e-05, 4.04089296353e-05, 4.52209060313e-05, 4.14229616581e-05, 3.31949995598e-05, 2.76510600088e-05, 2.08778856177e-05, 2.75425663858e-05, 2.27396649279e-05, 2.62331850536e-05, 2.11331607716e-05, 2.39378150582e-05, 1.529149813e-05, 9.04823264136e-06, 7.28221903046e-06, 5.6563931139e-06, 4.55149756817e-06, 4.48102946393e-06, 3.17523631566e-06, 3.39462530974e-06, 2.88985074803e-06, 2.76848618341e-06, 2.34629442275e-06, 1.71768112978e-06, 1.21451489576e-06, 8.6030820512e-07, 6.95951939633e-07, 5.6237189483e-07, 3.81032322139e-07], "dmean2": [0.000318901089486, 0.000541063433047, 0.000817325431854, 0.000366872904124, 0.000240378562012, 0.00021648411348, 0.000207166303881, 0.000244443275733, 0.000176081288373, 0.00013475122978, 9.90588087006e-05, 7.73906867835e-05, 6.24289314146e-05, 6.86728526489e-05, 6.4018095145e-05, 5.03245064465e-05, 4.31873158959e-05, 3.30376569764e-05, 4.30435284215e-05, 3.55920819857e-05, 4.04450474889e-05, 3.28589303535e-05, 3.748405652e-05, 2.39589880948e-05, 1.43167790156e-05, 1.1674952475e-05, 8.73923363542e-06, 6.93086985848e-06, 6.78613741911e-06, 4.70234317618e-06, 4.96206257594e-06, 4.23215442424e-06, 3.99837608711e-06, 3.47758077623e-06, 2.58734917225e-06, 1.87885189007e-06, 1.33980620376e-06, 1.04918979105e-06, 8.60053035012e-07, 5.67877918911e-07], "dvar": [1.7206284042e-07, 4.25589917086e-07, 9.28740746531e-07, 1.38080551437e-07, 5.91487285817e-08, 9.08479336204e-08, 7.94549492866e-08, 1.33565492888e-07, 6.90506425371e-08, 3.5284831057e-08, 1.63421400856e-08, 1.71388787606e-08, 1.25165291465e-08, 1.76516827821e-08, 1.62188928954e-08, 1.078264944e-08, 8.60786375512e-09, 3.52913898105e-09, 5.73078784427e-09, 3.30727867315e-09, 2.72412692404e-09, 2.20693063824e-09, 3.82677800559e-09, 9.33830235361e-10, 4.87516360614e-10, 2.22114299175e-10, 1.09325222486e-10, 9.72541908117e-11, 1.12136445962e-10, 4.16068603182e-11, 4.70364407146e-11, 4.04837136037e-11, 3.61421309547e-11, 2.77685010402e-11, 1.52605584419e-11, 1.04346704888e-11, 7.89617156383e-12, 7.16073944931e-12, 3.2199475291e-12, 1.60277249372e-12], "dvar2": [4.40067879026e-07, 1.19107073715e-06, 2.3725333449e-06, 3.58583633897e-07, 1.38981221198e-07, 2.23677417921e-07, 1.92497935814e-07, 3.08065125409e-07, 1.59284581969e-07, 8.39031741862e-08, 3.75836357591e-08, 4.00969604186e-08, 3.05292289227e-08, 3.6986545382e-08, 3.64835592848e-08, 2.40677824337e-08, 2.18169340371e-08, 8.39756442161e-09, 1.33401245606e-08, 8.22448953386e-09, 6.29025898036e-09, 5.14724929346e-09, 9.67771729421e-09, 2.1349262358e-09, 1.23795296236e-09, 5.76589609391e-10, 2.40148040342e-10, 2.21483040241e-10, 2.51425963382e-10, 8.80840747564e-11, 9.69900687542e-11, 8.3986470556e-11, 7.4062374289e-11, 6.30773350219e-11, 3.5096661688e-11, 2.53928891802e-11, 1.86285431525e-11, 1.53779454448e-11, 7.48303936177e-12, 3.7666432473e-12], "max": [0.00792162306607, 0.00825992971659, 0.0198040567338, 0.00655768578872, 0.00485016359016, 0.00670013297349, 0.0057888305746, 0.010971349664, 0.00544498395175, 0.00422991532832, 0.00362937781028, 0.00514999125153, 0.00383650232106, 0.0046587465331, 0.00356614030898, 0.00261718221009, 0.00378509215079, 0.00183516205288, 0.00257572392002, 0.00149886601139, 0.00124374357983, 0.00130902114324, 0.00192925066222, 0.00113213423174, 0.000880670151673, 0.000439697148977, 0.000299093604553, 0.000271263357718, 0.000349654263118, 0.000144258490764, 0.000105561244709, 9.91410270217e-05, 0.000123024976347, 0.000117551608128, 8.55874604895e-05, 7.16445792932e-05, 0.000100612734968, 8.95086341188e-05, 5.08345656272e-05, 4.63307915197e-05], "mean": [0.000303615932353, 0.000579715997446, 0.00109040108509, 0.000521241920069, 0.000341006409144, 0.000254751881585, 0.000235175830312, 0.000277570565231, 0.000229352881433, 0.000164788594702, 0.000130718733999, 9.41027974477e-05, 6.6781649366e-05, 7.14385823812e-05, 6.86404819135e-05, 5.12477563461e-05, 4.55822446384e-05, 3.24934553646e-05, 4.62900752609e-05, 3.75420095224e-05, 4.90854217787e-05, 4.17167939304e-05, 4.52076237707e-05, 3.00733081531e-05, 1.81793875527e-05, 1.40808124343e-05, 1.08499734779e-05, 8.01680835139e-06, 8.09856283013e-06, 5.95899746259e-06, 6.05378818364e-06, 5.05836669618e-06, 4.66977280666e-06, 3.84420582122e-06, 2.96807456834e-06, 1.9288513613e-06, 1.26052464111e-06, 1.05158130737e-06, 9.18575437936e-07, 5.9653586959e-07], "median": [9.87175371847e-05, 0.000391160399886, 0.000787561875768, 0.000398151925765, 0.000213512277696, 0.000101351768535, 7.10695312591e-05, 5.70350130147e-05, 6.6369160777e-05, 5.84905428695e-05, 4.7925641411e-05, 2.40114459302e-05, 1.73388216353e-05, 1.33202811412e-05, 1.11287681648e-05, 1.09900047391e-05, 1.16594655992e-05, 9.55705763772e-06, 1.23821228044e-05, 1.23545087263e-05, 2.13264356717e-05, 1.47656355693e-05, 1.81389987119e-05, 1.4049870515e-05, 8.26525774755e-06, 6.13654401604e-06, 4.75972956338e-06, 3.08086464429e-06, 2.58575755652e-06, 1.88086005437e-06, 1.84319401342e-06, 1.4226999383e-06, 1.18483467304e-06, 9.08327422167e-07, 7.9645377582e-07, 4.73176896776e-07, 2.96471569072e-07, 2.39168798544e-07, 1.9957806785e-07, 1.37076170859e-07], "min": [2.00239344307e-24, 1.59796260076e-24, 1.56800935498e-24, 7.98194460933e-25, 1.555995102e-24, 1.36056526514e-24, 2.45214079451e-24, 2.06321797152e-24, 2.15816625615e-24, 3.22067630407e-24, 2.11643650034e-24, 2.49899696291e-24, 2.19793588983e-24, 2.34642061422e-24, 1.43522089184e-24, 2.27482497897e-24, 3.38247068966e-24, 3.50871525576e-24, 4.10197731068e-24, 3.94809973592e-24, 3.86193127595e-24, 5.16520719418e-24, 4.13327852253e-24, 4.39665511853e-24, 3.26703055973e-24, 5.45971658023e-24, 4.44797880345e-24, 3.38047211056e-24, 4.11690926432e-24, 4.56611072401e-24, 6.14362624733e-24, 5.87466372726e-24, 6.68113043016e-24, 6.77364961485e-24, 5.62771989278e-24, 5.62737279398e-24, 5.72223568442e-24, 6.77570617523e-24, 7.03248276646e-24, 6.24458861028e-24], "var": [2.89028747602e-07, 4.84860152028e-07, 1.50384482822e-06, 2.79880111975e-07, 1.71354571421e-07, 2.09438496768e-07, 2.11626783653e-07, 3.87871835983e-07, 2.52106332255e-07, 1.05429052155e-07, 6.67455068992e-08, 6.09054353617e-08, 2.81986132222e-08, 3.68514996296e-08, 3.90130523442e-08, 2.05126724495e-08, 1.57083430707e-08, 6.17345330411e-09, 1.2979817221e-08, 6.58477450344e-09, 6.42538333651e-09, 5.72717606673e-09, 6.73813405072e-09, 2.60973198607e-09, 1.01220942739e-09, 5.32053512359e-10, 3.25958510183e-10, 1.89874699297e-10, 2.39395975266e-10, 1.02099051436e-10, 1.05539119111e-10, 8.74298064502e-11, 8.74142425111e-11, 5.64561453142e-11, 3.49170276026e-11, 1.8831500595e-11, 1.17130801586e-11, 1.14253398409e-11, 5.4901790579e-12, 2.48481465438e-12]}, "melbands_crest": {"dmean": 2.70799469948, "dmean2": 4.40273094177, "dvar": 6.60099744797, "dvar2": 17.5575199127, "max": 35.3928489685, "mean": 12.2551698685, "median": 11.7114429474, "min": 1.51753818989, "var": 20.5678024292}, "melbands_flatness_db": {"dmean": 0.0226274617016, "dmean2": 0.0318308211863, "dvar": 0.000604022177868, "dvar2": 0.00116270990111, "max": 0.464085966349, "mean": 0.172903686762, "median": 0.16114449501, "min": 0.00361133599654, "var": 0.0044126319699}, "melbands_kurtosis": {"dmean": 4.97034931183, "dmean2": 7.59678125381, "dvar": 81.6931228638, "dvar2": 183.478912354, "max": 193.362075806, "mean": 10.3290052414, "median": 4.58825874329, "min": -1.93265771866, "var": 248.08013916}, "melbands_skewness": {"dmean": 0.588858544827, "dmean2": 0.885960280895, "dvar": 0.451922297478, "dvar2": 1.03391730785, "max": 11.1470556259, "mean": 2.34663105011, "median": 1.9965493679, "min": -1.36438667774, "var": 2.38817667961}, "melbands_spread": {"dmean": 8.2118768692, "dmean2": 12.3907108307, "dvar": 110.838287354, "dvar2": 237.178436279, "max": 253.369888306, "mean": 32.7166290283, "median": 29.8643608093, "min": 1.02225577831, "var": 502.105010986}, "mfcc": {"cov": [[10288.4570312, -380.576171875, 12.2280435562, -293.27154541, -265.771942139, 45.9122009277, -217.01399231, -43.1743087769, -145.737335205, 64.8885421753, 59.339466095, 98.8533630371, -10.2858438492], [-380.576171875, 1408.56152344, -368.139373779, 383.543823242, 11.9879465103, -16.4583721161, 41.3653373718, 43.9184341431, 65.9074630737, -73.1460647583, -20.376329422, -77.8114929199, -39.4522666931], [12.2280435562, -368.139373779, 846.91192627, -34.1735076904, 110.627243042, 10.9299755096, 7.53931760788, 22.0967102051, -61.4906234741, 56.371383667, -83.7487106323, -10.6305761337, 16.8711147308], [-293.27154541, 383.543823242, -34.1735076904, 497.218902588, 48.6897506714, 84.6046676636, 2.1972360611, 48.7446746826, 73.8462524414, -57.1759300232, -61.0990867615, -36.9548301697, -20.6546878815], [-265.771942139, 11.9879465103, 110.627243042, 48.6897506714, 282.487823486, -5.1286854744, 14.0685825348, 26.3090515137, 23.3150157928, 19.6334228516, 2.96553421021, 0.905115842819, 17.4868946075], [45.9122009277, -16.4583721161, 10.9299755096, 84.6046676636, -5.1286854744, 254.194702148, 68.4502868652, 36.5529556274, -0.212676778436, -8.8649148941, -31.5751914978, -19.5314807892, -34.1822242737], [-217.01399231, 41.3653373718, 7.53931760788, 2.1972360611, 14.0685825348, 68.4502868652, 164.814880371, 45.5277938843, -2.04921197891, -9.03179073334, 11.1744499207, -3.34683012962, -13.5345249176], [-43.1743087769, 43.9184341431, 22.0967102051, 48.7446746826, 26.3090515137, 36.5529556274, 45.5277938843, 130.199920654, 35.0492858887, 7.138235569, -22.7851085663, -13.3253602982, -11.6955728531], [-145.737335205, 65.9074630737, -61.4906234741, 73.8462524414, 23.3150157928, -0.212676778436, -2.04921197891, 35.0492858887, 129.004562378, 3.37013530731, -5.98402309418, -3.99587583542, -9.84467029572], [64.8885421753, -73.1460647583, 56.371383667, -57.1759300232, 19.6334228516, -8.8649148941, -9.03179073334, 7.138235569, 3.37013530731, 104.805099487, 30.9746856689, 8.02825832367, 1.46326911449], [59.339466095, -20.376329422, -83.7487106323, -61.0990867615, 2.96553421021, -31.5751914978, 11.1744499207, -22.7851085663, -5.98402309418, 30.9746856689, 133.986450195, 50.3358345032, 20.9994029999], [98.8533630371, -77.8114929199, -10.6305761337, -36.9548301697, 0.905115842819, -19.5314807892, -3.34683012962, -13.3253602982, -3.99587583542, 8.02825832367, 50.3358345032, 107.639778137, 44.871006012], [-10.2858438492, -39.4522666931, 16.8711147308, -20.6546878815, 17.4868946075, -34.1822242737, -13.5345249176, -11.6955728531, -9.84467029572, 1.46326911449, 20.9994029999, 44.871006012, 99.3410110474]], "icov": [[0.000107734034827, -1.62373169132e-06, -7.77438344812e-06, 4.9460100854e-05, 8.21928333608e-05, -8.07915566838e-05, 0.000197571629542, -8.26777541079e-05, 0.00010125728295, -1.95736283786e-05, -4.33783025073e-05, -0.000104381833808, 6.36704353383e-05], [-1.62373169132e-06, 0.00113042036537, 0.000483345793327, -0.000898860977031, -6.52388698654e-05, 0.00054308003746, -0.000467579404358, -9.80634213192e-05, 0.000219059322262, 1.42406379382e-05, -1.98010857275e-05, 0.000627772300504, 4.50223633379e-05], [-7.77438344812e-06, 0.000483345793327, 0.00175977812614, -0.000342069863109, -0.00062604912091, 0.000299357285257, -0.000413256842876, -0.000120889191749, 0.000999283394776, -0.00113773078192, 0.00147276883945, -3.14197350235e-05, -0.000217507389607], [4.9460100854e-05, -0.000898860977031, -0.000342069863109, 0.00342294760048, -0.000382014928618, -0.0013251240598, 0.000989381107502, -0.000442495482275, -0.00143275305163, 0.00140774424654, 0.000397211726522, -0.000126670274767, -7.75560329203e-05], [8.21928333608e-05, -6.52388698654e-05, -0.00062604912091, -0.000382014928618, 0.00412945030257, 0.000154302630108, -0.000184422722668, -0.000464894867036, -0.00064287148416, -0.000520377710927, -0.000606084126048, 0.000237654501689, -0.000779442314524], [-8.07915566838e-05, 0.00054308003746, 0.000299357285257, -0.0013251240598, 0.000154302630108, 0.00538471573964, -0.0023939460516, -0.000337262550602, 0.000724080950022, -0.000574042438529, 0.00110308278818, -4.96443644806e-05, 0.00121021457016], [0.000197571629542, -0.000467579404358, -0.000413256842876, 0.000989381107502, -0.000184422722668, -0.0023939460516, 0.00857572071254, -0.00294405384921, 0.000567520793993, 0.00170856120531, -0.00217054178938, -0.000130169530166, 0.000689855776727], [-8.26777541079e-05, -9.80634213192e-05, -0.000120889191749, -0.000442495482275, -0.000464894867036, -0.000337262550602, -0.00294405384921, 0.0101699121296, -0.00244492758065, -0.00156168709509, 0.00186204724014, 0.000115504044516, -2.20507208724e-05], [0.00010125728295, 0.000219059322262, 0.000999283394776, -0.00143275305163, -0.00064287148416, 0.000724080950022, 0.000567520793993, -0.00244492758065, 0.00995221920311, -0.00126673048362, 0.000513453444, -0.000658984121401, 0.000975705566816], [-1.95736283786e-05, 1.42406379382e-05, -0.00113773078192, 0.00140774424654, -0.000520377710927, -0.000574042438529, 0.00170856120531, -0.00156168709509, -0.00126673048362, 0.0123685318977, -0.00388411339372, 0.000753635482397, 0.000605469220318], [-4.33783025073e-05, -1.98010857275e-05, 0.00147276883945, 0.000397211726522, -0.000606084126048, 0.00110308278818, -0.00217054178938, 0.00186204724014, 0.000513453444, -0.00388411339372, 0.0120140528306, -0.00457798363641, -0.000133846697281], [-0.000104381833808, 0.000627772300504, -3.14197350235e-05, -0.000126670274767, 0.000237654501689, -4.96443644806e-05, -0.000130169530166, 0.000115504044516, -0.000658984121401, 0.000753635482397, -0.00457798363641, 0.0140651026741, -0.00530724599957], [6.36704353383e-05, 4.50223633379e-05, -0.000217507389607, -7.75560329203e-05, -0.000779442314524, 0.00121021457016, 0.000689855776727, -2.20507208724e-05, 0.000975705566816, 0.000605469220318, -0.000133846697281, -0.00530724599957, 0.0132699208334]], "mean": [-653.727111816, 111.402252197, -13.0264902115, 33.3129768372, 0.47833776474, -0.725606441498, -8.49057674408, 7.399746418, -0.0882877185941, -4.08027648926, -3.36236166954, -4.4007396698, -5.62062883377]}, "pitch_salience": {"dmean": 0.0589370802045, "dmean2": 0.0947600454092, "dvar": 0.00298738991842, "dvar2": 0.00762895960361, "max": 0.876351416111, "mean": 0.595499813557, "median": 0.602192282677, "min": 0.108541235328, "var": 0.00998146552593}, "silence_rate_20dB": {"dmean": 0, "dmean2": 0, "dvar": 0, "dvar2": 0, "max": 1, "mean": 1, "median": 1, "min": 1, "var": 0}, "silence_rate_30dB": {"dmean": 0, "dmean2": 0, "dvar": 0, "dvar2": 0, "max": 1, "mean": 1, "median": 1, "min": 1, "var": 0}, "silence_rate_60dB": {"dmean": 0.0220858901739, "dmean2": 0.0441767051816, "dvar": 0.0215985085815, "dvar2": 0.0502588190138, "max": 1, "mean": 0.0775150582194, "median": 0, "min": 0, "var": 0.0715089589357}, "spectral_centroid": {"dmean": 261.247406006, "dmean2": 389.086578369, "dvar": 101947.578125, "dvar2": 220876.609375, "max": 11884.2236328, "mean": 1679.20446777, "median": 1644.82055664, "min": 89.8470993042, "var": 1102839.625}, "spectral_complexity": {"dmean": 4.17847204208, "dmean2": 5.79428815842, "dvar": 23.8695697784, "dvar2": 38.3743476868, "max": 64, "mean": 19.6736564636, "median": 18, "min": 0, "var": 145.397674561}, "spectral_contrast_coeffs": {"dmean": [0.045396219939, 0.0479317046702, 0.0404217466712, 0.0324507169425, 0.0222445912659, 0.0222350861877], "dmean2": [0.0736326351762, 0.0774658918381, 0.0647800862789, 0.0519090630114, 0.0355638302863, 0.032528616488], "dvar": [0.0015952414833, 0.00161344499793, 0.00111324037425, 0.000733517925255, 0.000369856366888, 0.000496452092193], "dvar2": [0.00399079686031, 0.00416280748323, 0.00282119447365, 0.00181253650226, 0.000893309188541, 0.000965506536886], "max": [-0.326027840376, -0.400329053402, -0.460598349571, -0.549333691597, -0.574803352356, -0.548434376717], "mean": [-0.603874206543, -0.724824607372, -0.75777387619, -0.772545278072, -0.776967763901, -0.73233294487], "median": [-0.605578422546, -0.73146045208, -0.763193190098, -0.776807248592, -0.779656529427, -0.733889222145], "min": [-0.976933836937, -0.977695167065, -0.978035748005, -0.976988494396, -0.977184057236, -0.971362650394], "var": [0.00845908652991, 0.00760196475312, 0.00541675044224, 0.00366432312876, 0.00241417926736, 0.00387245626189]}, "spectral_contrast_valleys": {"dmean": [0.392008543015, 0.399429380894, 0.381341189146, 0.327647686005, 0.2604598701, 0.354471772909], "dmean2": [0.620484948158, 0.626165509224, 0.586276292801, 0.480879515409, 0.365193158388, 0.445393323898], "dvar": [0.14965030551, 0.153000771999, 0.148356631398, 0.119622640312, 0.0996442586184, 0.224383443594], "dvar2": [0.304919153452, 0.303940415382, 0.29231774807, 0.20552867651, 0.152051255107, 0.34664157033], "max": [-5.43290472031, -4.71742248535, -5.36986732483, -5.65647363663, -5.35904979706, -7.54298305511], "mean": [-7.92030572891, -7.17035865784, -7.740670681, -7.99548387527, -7.5538725853, -10.575343132], "median": [-7.50407314301, -6.85839509964, -7.4580373764, -7.72065544128, -7.26948833466, -10.1406507492], "min": [-28.2435150146, -27.8737754822, -27.6836395264, -27.6163806915, -27.4597892761, -27.4542732239], "var": [4.38861751556, 4.50833129883, 4.26826524734, 4.17281627655, 4.24403381348, 4.13683271408]}, "spectral_decrease": {"dmean": 1.22736654173e-09, "dmean2": 1.79857650995e-09, "dvar": 2.72280726128e-18, "dvar2": 5.82628841714e-18, "max": 1.76209072291e-28, "mean": -4.71034056204e-09, "median": -4.31285673841e-09, "min": -2.36811885657e-08, "var": 1.03424625375e-17}, "spectral_energy": {"dmean": 0.00506180431694, "dmean2": 0.00733327819034, "dvar": 4.60686314909e-05, "dvar2": 9.53279450187e-05, "max": 0.101894766092, "mean": 0.0197714809328, "median": 0.0179188884795, "min": 1.00409467386e-20, "var": 0.000185792174307}, "spectral_energyband_high": {"dmean": 0.000472037150757, "dmean2": 0.00064668932464, "dvar": 7.26452469735e-07, "dvar2": 1.35278480684e-06, "max": 0.0135340439156, "mean": 0.00105454528239, "median": 0.000477680499898, "min": 7.25420029647e-21, "var": 2.23761639973e-06}, "spectral_energyband_low": {"dmean": 0.00201503024437, "dmean2": 0.00321870250627, "dvar": 1.05324006654e-05, "dvar2": 2.83116678474e-05, "max": 0.0414396971464, "mean": 0.00430059153587, "median": 0.00338375195861, "min": 2.01317571225e-23, "var": 1.74640390469e-05}, "spectral_energyband_middle_high": {"dmean": 0.00178342638537, "dmean2": 0.00253904238343, "dvar": 7.48063575884e-06, "dvar2": 1.51959366121e-05, "max": 0.0513906665146, "mean": 0.00595640111715, "median": 0.00336879910901, "min": 1.24635539771e-21, "var": 4.32986598753e-05}, "spectral_energyband_middle_low": {"dmean": 0.00327597092837, "dmean2": 0.00495767360553, "dvar": 2.34712588281e-05, "dvar2": 5.38224921911e-05, "max": 0.0751888528466, "mean": 0.0101569332182, "median": 0.00843168329448, "min": 1.83400025179e-22, "var": 6.89508015057e-05}, "spectral_entropy": {"dmean": 0.145862445235, "dmean2": 0.202434077859, "dvar": 0.0277492348105, "dvar2": 0.0539834909141, "max": 9.82431030273, "mean": 7.64147090912, "median": 7.67254400253, "min": 5.45853662491, "var": 0.194149956107}, "spectral_flux": {"dmean": 0.0175136197358, "dmean2": 0.0260880813003, "dvar": 0.000355424417648, "dvar2": 0.000711729284376, "max": 0.246578380466, "mean": 0.0685650706291, "median": 0.0646995306015, "min": 6.39055544593e-11, "var": 0.00150094670244}, "spectral_kurtosis": {"dmean": 1.50141811371, "dmean2": 2.5453748703, "dvar": 3.30991840363, "dvar2": 9.72617721558, "max": 34.8512535095, "mean": 3.91314935684, "median": 3.48057603836, "min": -1.2659869194, "var": 6.34852075577}, "spectral_rms": {"dmean": 0.000544435577467, "dmean2": 0.000762566924095, "dvar": 4.02882420758e-07, "dvar2": 7.65808749748e-07, "max": 0.00997043214738, "mean": 0.00407013902441, "median": 0.00418112939224, "min": 3.12986355583e-12, "var": 2.72327565654e-06}, "spectral_rolloff": {"dmean": 563.311645508, "dmean2": 911.760009766, "dvar": 894725.625, "dvar2": 1964512.875, "max": 19573.6816406, "mean": 2129.0456543, "median": 2024.12109375, "min": 21.533203125, "var": 4375579}, "spectral_skewness": {"dmean": 0.216094061732, "dmean2": 0.344417124987, "dvar": 0.0490205958486, "dvar2": 0.127872526646, "max": 4.52650594711, "mean": 1.30293393135, "median": 1.28412914276, "min": -0.250322639942, "var": 0.183418571949}, "spectral_spread": {"dmean": 543651.125, "dmean2": 774279.0625, "dvar": 689652563968, "dvar2": 1221405179900.0, "max": 42747432, "mean": 4600973, "media