{"lowlevel": {"average_loudness": 0.0427675396204, "barkbands": {"dmean": [8.44075293571e-06, 0.00073313183384, 0.000514768529683, 0.00053842109628, 0.000239633634919, 0.000250057462836, 0.000309989147354, 0.000263404042926, 0.000417369563365, 0.000772541912738, 0.000961011566687, 0.00032862048829, 0.000205333097256, 0.00015627699031, 0.000157151705935, 9.86327577266e-05, 7.41269832361e-05, 5.50195181859e-05, 7.52160776756e-05, 5.2449573559e-05, 3.31994015141e-05, 1.100436657e-05, 7.93589242676e-06, 1.83929496416e-05, 6.82341305946e-06, 1.1840696061e-05, 1.96692917598e-06], "dmean2": [1.35333593789e-05, 0.00129161472432, 0.000875633442774, 0.000870786723681, 0.000388722313801, 0.000367343804101, 0.000475779088447, 0.000394681759644, 0.000620531092864, 0.00112580903806, 0.00139757664874, 0.000480139045976, 0.00031170019065, 0.000237638945691, 0.000223241193453, 0.000149656916619, 0.000113155168947, 8.09085322544e-05, 0.000109062879346, 7.74645086494e-05, 4.72192368761e-05, 1.58198890858e-05, 1.18838725029e-05, 2.67153718596e-05, 1.00736860986e-05, 1.78981099452e-05, 2.94006167678e-06], "dvar": [1.30359678607e-09, 2.92504973913e-05, 9.60527449934e-06, 1.561850695e-05, 9.25659946915e-07, 5.29454496245e-07, 7.59513739013e-07, 9.45912233874e-07, 1.90432876934e-06, 8.95478569873e-06, 1.5971952962e-05, 3.47759873875e-06, 7.71012821588e-07, 7.78747505592e-07, 5.70595943827e-07, 1.8525224732e-07, 1.31238479639e-07, 5.12117068752e-08, 4.93380944988e-08, 3.4005836369e-08, 1.17212550776e-08, 3.10105630064e-09, 4.50014869813e-09, 1.67496310155e-08, 1.46346079699e-09, 9.68751479036e-09, 1.03110506244e-10], "dvar2": [3.32450400542e-09, 8.0968682596e-05, 2.62993362412e-05, 3.88853768527e-05, 2.32381580645e-06, 1.30112141505e-06, 1.7633715288e-06, 2.206799536e-06, 4.15775912188e-06, 1.77967667696e-05, 3.34269243467e-05, 6.90823571858e-06, 1.60134936777e-06, 1.62043829732e-06, 9.86031068351e-07, 4.07357902077e-07, 2.49474084058e-07, 9.55844328132e-08, 9.53747303356e-08, 7.24987714307e-08, 2.39588135997e-08, 6.34739594219e-09, 1.18515215419e-08, 3.67311159266e-08, 3.55431106769e-09, 2.28248229206e-08, 2.3350843481e-10], "max": [0.000927125627641, 0.0954848825932, 0.0637945830822, 0.0906629115343, 0.037225920707, 0.0235615670681, 0.0207371301949, 0.0315149500966, 0.0603353381157, 0.110973604023, 0.0967387929559, 0.0955648347735, 0.0440416522324, 0.0333213023841, 0.0250637568533, 0.0118292868137, 0.0150202494115, 0.0139890806749, 0.00836337544024, 0.00583835225552, 0.0033921666909, 0.00170275580604, 0.00448200758547, 0.00787699222565, 0.00119454122614, 0.00336762960069, 0.000250665529165], "mean": [2.08324327104e-05, 0.000766773184296, 0.000503238698002, 0.000549177173525, 0.000479299284052, 0.00058845692547, 0.000601582520176, 0.000475390464999, 0.000725327001419, 0.00132508855313, 0.0017462389078, 0.000591718766373, 0.000389185966924, 0.000290839554509, 0.000306423666188, 0.000166379890288, 0.000124719925225, 0.000116526374768, 0.000179064940312, 0.000130393877043, 7.48176171328e-05, 1.92314528249e-05, 1.24090029203e-05, 2.82707660517e-05, 1.07761625259e-05, 1.22963047033e-05, 1.96337850866e-06], "median": [1.26936129163e-07, 1.33169869514e-05, 1.1389399333e-05, 1.60992476594e-05, 0.000121185388707, 0.000128665953525, 9.09461450647e-05, 5.76455349801e-05, 5.80730447837e-05, 3.2283620385e-05, 5.30987490492e-05, 2.73267887678e-05, 1.95926932065e-05, 9.24864525587e-06, 1.28680158014e-05, 5.88757166042e-06, 6.69306882628e-06, 4.35966921941e-06, 6.67472249916e-06, 3.7476804664e-06, 2.70730242846e-06, 7.25241477539e-07, 2.56492455719e-07, 8.40069048991e-07, 4.6680372634e-07, 1.4259067882e-07, 1.43158125354e-08], "min": [5.17664232464e-25, 4.61184099069e-24, 1.44079291224e-24, 6.43890999896e-25, 8.54615774887e-24, 1.06294194927e-23, 7.21831946307e-24, 1.23436686711e-23, 1.81235081622e-23, 1.61666550675e-23, 1.81503262775e-23, 2.83645193664e-23, 4.44318237138e-23, 3.01503111292e-23, 4.83810980636e-23, 6.00155153055e-23, 6.09988966882e-23, 8.72559615245e-23, 1.55636576802e-22, 1.58350965135e-22, 2.49549167525e-22, 3.04002910526e-22, 4.20170012071e-22, 6.52620057807e-22, 9.32387848661e-22, 1.30698454582e-21, 1.81862160408e-21], "var": [3.14104342536e-09, 1.93530631805e-05, 7.17464263289e-06, 1.44660589285e-05, 1.88654155409e-06, 1.52826999056e-06, 2.04576372198e-06, 2.05443620871e-06, 4.09544281865e-06, 2.29701763601e-05, 4.03948797612e-05, 1.00188863144e-05, 2.36748883253e-06, 2.57958663497e-06, 1.8806240405e-06, 4.37671872078e-07, 2.57518024682e-07, 2.87169598323e-07, 2.0035402315e-07, 1.65064818702e-07, 4.5503828261e-08, 6.11461459243e-09, 5.3398125921e-09, 2.92291666426e-08, 2.03637151586e-09, 9.81059766758e-09, 1.08575107238e-10]}, "barkbands_crest": {"dmean": 2.32986903191, "dmean2": 3.5988445282, "dvar": 5.33623504639, "dvar2": 12.5269842148, "max": 26.0610351562, "mean": 10.3712053299, "median": 9.31837081909, "min": 2.35352420807, "var": 20.583524704}, "barkbands_flatness_db": {"dmean": 0.0170887932181, "dmean2": 0.0249584019184, "dvar": 0.000322519510519, "dvar2": 0.000673184578773, "max": 0.385271579027, "mean": 0.164751812816, "median": 0.159765899181, "min": 0.0265572462231, "var": 0.00311531126499}, "barkbands_kurtosis": {"dmean": 1.94182348251, "dmean2": 2.96551275253, "dvar": 17.8139839172, "dvar2": 41.3972053528, "max": 230.666503906, "mean": 3.44773292542, "median": 1.69402694702, "min": -1.85965752602, "var": 44.774230957}, "barkbands_skewness": {"dmean": 0.403297841549, "dmean2": 0.596034169197, "dvar": 0.229232490063, "dvar2": 0.501497328281, "max": 13.4682168961, "mean": 1.10544109344, "median": 0.961615920067, "min": -4.6053481102, "var": 1.16783595085}, "barkbands_spread": {"dmean": 3.07861661911, "dmean2": 4.58774709702, "dvar": 24.131319046, "dvar2": 50.8574905396, "max": 118.336997986, "mean": 14.0784130096, "median": 11.5268278122, "min": 0.608471095562, "var": 119.064186096}, "dissonance": {"dmean": 0.0260487049818, "dmean2": 0.0435270220041, "dvar": 0.000578229257371, "dvar2": 0.00155491975602, "max": 0.500000059605, "mean": 0.439261674881, "median": 0.446666896343, "min": 0.191827937961, "var": 0.00155229622032}, "dynamic_complexity": 10.4638624191, "erbbands": {"dmean": [0.0140076978132, 0.190271437168, 0.537238895893, 1.4761505127, 1.01999604702, 0.855084121227, 1.33114528656, 2.34719514847, 3.53485894203, 4.97268819809, 6.46316003799, 9.13667106628, 15.6976566315, 33.8408164978, 21.8790435791, 12.1142578125, 9.71634674072, 9.17178153992, 7.49005794525, 6.208319664, 4.67123556137, 2.87741947174, 2.69313120842, 4.29579353333, 2.50978732109, 2.3691599369, 1.86426520348, 0.666698634624, 0.398091524839, 0.357423245907, 0.210216924548, 0.425990223885, 0.22425493598, 0.0881085172296, 0.0484788157046, 0.0553078278899, 0.0202992893755, 0.00297337584198, 0.000316935125738, 1.64106277225e-05], "dmean2": [0.0243233181536, 0.33903580904, 0.935729920864, 2.33841085434, 1.7649269104, 1.35756754875, 1.99616479874, 3.42698645592, 5.48131990433, 7.32976531982, 9.64764404297, 13.7754087448, 23.3158683777, 49.6958961487, 30.6236896515, 16.6604862213, 14.1403160095, 13.7548418045, 10.2922973633, 9.01232624054, 6.6820435524, 4.21306085587, 3.75196123123, 6.18325185776, 3.67638921738, 3.39071178436, 2.63852572441, 0.949186384678, 0.571634888649, 0.531717836857, 0.317474395037, 0.636768758297, 0.319701075554, 0.129346549511, 0.0723017454147, 0.0834882557392, 0.0310505107045, 0.00442807842046, 0.000471574050607, 2.40982171817e-05], "dvar": [0.00914666429162, 2.01431751251, 11.8560218811, 100.096122742, 45.7016143799, 7.50347661972, 21.1787109375, 45.3097572327, 113.535011292, 288.457336426, 437.02645874, 811.292175293, 3175.7421875, 20372.6796875, 7433.00830078, 3300.17895508, 1585.72119141, 2289.12060547, 1480.93994141, 786.562316895, 453.613067627, 164.993988037, 137.970565796, 183.510467529, 52.9190788269, 84.5370101929, 38.2931938171, 3.70543909073, 3.54896259308, 5.83871221542, 4.56028985977, 9.31602668762, 2.51850605011, 0.265258222818, 0.0744212642312, 0.242679014802, 0.0252253841609, 0.00024459353881, 2.83540839519e-06, 5.88219561948e-09], "dvar2": [0.025039780885, 5.60007095337, 33.3626899719, 239.702041626, 125.050628662, 15.8477067947, 50.7698173523, 110.711341858, 274.978485107, 621.94934082, 1030.85058594, 1877.74499512, 7070.06201172, 45212.0117188, 13471.8398438, 5568.35595703, 3075.21435547, 4919.92333984, 2300.96606445, 1550.19177246, 916.83001709, 345.223083496, 227.105194092, 336.971252441, 111.098197937, 170.157867432, 78.4702377319, 7.35149097443, 7.21962499619, 13.2023448944, 12.5774116516, 22.538225174, 4.62900543213, 0.598888635635, 0.184611991048, 0.581457495689, 0.0589396134019, 0.000551537843421, 6.4304422267e-06, 1.30564243861e-08], "max": [1.74043703079, 26.2846069336, 67.8941421509, 226.422409058, 149.536514282, 157.019729614, 153.491241455, 185.737121582, 268.875518799, 526.603637695, 654.061035156, 994.04901123, 1651.61682129, 4588.49658203, 2826.62280273, 2900.86132812, 2227.87988281, 1857.07543945, 1986.13085938, 948.045959473, 774.130737305, 620.25213623, 953.281860352, 490.944213867, 250.58152771, 322.301422119, 200.289901733, 60.0675048828, 52.9914703369, 94.9689254761, 145.546463013, 126.022285461, 136.133392334, 25.1758804321, 8.91371059418, 18.861207962, 5.14061403275, 0.417826205492, 0.0421304702759, 0.00177687336691], "mean": [0.0176109652966, 0.186959892511, 0.516641139984, 1.50934576988, 1.26602292061, 1.78999447823, 3.05255556107, 5.46413087845, 7.35894727707, 10.284822464, 11.8238620758, 16.8955345154, 28.934545517, 74.279083252, 44.4112243652, 25.3400764465, 19.144241333, 18.5248947144, 14.6013774872, 12.1194553375, 9.09693241119, 6.12888431549, 6.41997003555, 9.68128108978, 6.79950380325, 6.2028336525, 4.99365663528, 1.64422369003, 0.733614265919, 0.55524790287, 0.335733920336, 0.62455290556, 0.368823647499, 0.14258864522, 0.0734087452292, 0.0593802407384, 0.0207865387201, 0.0030070093926, 0.00032909179572, 2.54789611063e-05], "median": [0.000222424801905, 0.00351777928881, 0.0140706738457, 0.042236763984, 0.177353739738, 0.426944285631, 0.608324408531, 1.13425552845, 1.23396062851, 1.61769235134, 1.44417083263, 1.69284164906, 1.35519266129, 2.06891489029, 1.68023538589, 1.46846342087, 1.15601575375, 0.733776092529, 0.750233829021, 0.575208008289, 0.376494586468, 0.37203758955, 0.276093870401, 0.330846607685, 0.298222243786, 0.175735041499, 0.145185753703, 0.0804868862033, 0.032098274678, 0.0132216718048, 0.0075046713464, 0.0136532112956, 0.0143173066899, 0.00650779064745, 0.00264573283494, 0.000790491874795, 0.000235034647631, 4.71610801469e-05, 4.02238947572e-06, 2.4190055683e-06], "min": [1.62730695637e-22, 1.2754219307e-21, 2.76956325928e-21, 6.03204982716e-21, 7.22922897394e-21, 2.17533346894e-20, 4.12268303637e-20, 9.75591936341e-20, 1.29184014512e-19, 3.02448664813e-19, 3.28653513974e-19, 4.30632191449e-19, 6.08182477428e-19, 7.19934526485e-19, 7.1614133469e-19, 1.47953918758e-18, 2.27071790135e-18, 1.76933870987e-18, 2.36842654325e-18, 2.56268143151e-18, 3.5553781963e-18, 2.98916210686e-18, 5.4081482039e-18, 6.28811782879e-18, 8.14095938751e-18, 8.6960587899e-18, 1.19786274435e-17, 9.52741501019e-18, 1.09642326973e-17, 1.14407946092e-17, 1.22340848049e-17, 1.08400431088e-17, 1.11506196503e-17, 8.6426113418e-18, 6.33128342187e-18, 4.42240079024e-18, 2.41150569597e-18, 1.01470514576e-18, 2.55748141229e-19, 2.52353821741e-20], "var": [0.00654378999025, 1.30454337597, 7.80517196655, 101.6954422, 36.1591415405, 26.9228057861, 68.7652664185, 133.319946289, 306.041015625, 741.317199707, 1098.16931152, 1787.88500977, 8445.8984375, 72287.828125, 26430.609375, 15117.4189453, 4726.7421875, 7693.84130859, 4639.87939453, 2039.97253418, 1113.43359375, 423.50793457, 1043.6595459, 706.350769043, 255.110809326, 412.481140137, 191.959350586, 15.6655359268, 7.18440341949, 8.68378448486, 4.67828130722, 12.1889371872, 6.22576189041, 0.476443141699, 0.089476801455, 0.242431044579, 0.0255593974143, 0.000261948618572, 3.02850367007e-06, 7.28970128705e-09]}, "erbbands_crest": {"dmean": 2.64415860176, "dmean2": 4.10093975067, "dvar": 6.49433088303, "dvar2": 14.7493181229, "max": 32.3050689697, "mean": 11.4803619385, "median": 10.1587495804, "min": 1.92440271378, "var": 28.9566783905}, "erbbands_flatness_db": {"dmean": 0.0160950068384, "dmean2": 0.022459236905, "dvar": 0.000300669111311, "dvar2": 0.000550707161892, "max": 0.425395429134, "mean": 0.213966548443, "median": 0.212865367532, "min": 0.0259377248585, "var": 0.00320541928522}, "erbbands_kurtosis": {"dmean": 1.07794749737, "dmean2": 1.64112150669, "dvar": 2.52472352982, "dvar2": 5.74286937714, "max": 49.3531990051, "mean": 1.43794643879, "median": 0.681931734085, "min": -1.8362903595, "var": 7.89586544037}, "erbbands_skewness": {"dmean": 0.328912526369, "dmean2": 0.479755908251, "dvar": 0.106524787843, "dvar2": 0.226268023252, "max": 5.98815536499, "mean": 0.692867934704, "median": 0.670026659966, "min": -3.90765881538, "var": 0.610558271408}, "erbbands_spread": {"dmean": 4.43992614746, "dmean2": 6.52696561813, "dvar": 40.7754898071, "dvar2": 86.7590255737, "max": 120.780036926, "mean": 22.5159835815, "median": 19.2807044983, "min": 2.02056384087, "var": 186.950683594}, "gfcc": {"cov": [[29024.3671875, -1671.93640137, -1977.06506348, 1805.53234863, -762.879760742, 988.145812988, 753.236450195, 811.979675293, -501.631134033, 238.296463013, -0.317221283913, -250.050796509, 387.394744873], [-1671.93640137, 1758.58850098, -42.8761329651, -332.222900391, 270.902770996, -163.882141113, -77.3180465698, -141.221084595, 104.370651245, -133.453079224, 0.419125020504, -30.2611103058, -111.137023926], [-1977.06506348, -42.8761329651, 985.24987793, 26.7596149445, 126.491096497, 111.80015564, -71.2554092407, -49.9410362244, 84.5457077026, -28.9813995361, -80.474571228, 84.7996368408, -159.883117676], [1805.53234863, -332.222900391, 26.7596149445, 586.47454834, -8.45988750458, 115.76914978, 103.965400696, 85.8972702026, 7.17993593216, 2.24758672714, -17.483625412, -19.6898422241, 37.861366272], [-762.879760742, 270.902770996, 126.491096497, -8.45988750458, 371.908050537, 36.6056098938, 66.9808349609, 18.4198455811, 35.1024169922, -14.9279270172, -26.451467514, 9.67185783386, -20.1449890137], [988.145812988, -163.882141113, 111.80015564, 115.76914978, 36.6056098938, 306.487884521, 118.721725464, 41.1208992004, 15.4157104492, 11.9604768753, -1.59244656563, 6.04260969162, -22.9561138153], [753.236450195, -77.3180465698, -71.2554092407, 103.965400696, 66.9808349609, 118.721725464, 232.346099854, 85.6608657837, 11.2376890182, 21.1175537109, 34.1662559509, -17.4087123871, 15.9871759415], [811.979675293, -141.221084595, -49.9410362244, 85.8972702026, 18.4198455811, 41.1208992004, 85.6608657837, 166.933959961, 16.4842147827, 33.2405471802, 17.5650520325, -5.49260902405, 44.7659225464], [-501.631134033, 104.370651245, 84.5457077026, 7.17993593216, 35.1024169922, 15.4157104492, 11.2376890182, 16.4842147827, 159.749725342, 3.18407464027, -5.90286207199, 34.969367981, -38.9347190857], [238.296463013, -133.453079224, -28.9813995361, 2.24758672714, -14.9279270172, 11.9604768753, 21.1175537109, 33.2405471802, 3.18407464027, 107.54498291, 41.6481437683, 3.92520141602, 24.9734535217], [-0.317221283913, 0.419125020504, -80.474571228, -17.483625412, -26.451467514, -1.59244656563, 34.1662559509, 17.5650520325, -5.90286207199, 41.6481437683, 106.522041321, 5.43334245682, 24.738866806], [-250.050796509, -30.2611103058, 84.7996368408, -19.6898422241, 9.67185783386, 6.04260969162, -17.4087123871, -5.49260902405, 34.969367981, 3.92520141602, 5.43334245682, 107.227622986, -7.58656024933], [387.394744873, -111.137023926, -159.883117676, 37.861366272, -20.1449890137, -22.9561138153, 15.9871759415, 44.7659225464, -38.9347190857, 24.9734535217, 24.738866806, -7.58656024933, 157.149963379]], "icov": [[8.15656458144e-05, -5.78429389861e-05, 0.000176583329448, -0.000200669484911, 0.000177515947144, -0.000259259628365, 1.01414032727e-08, -0.000297873164527, 0.000291288713925, -0.000185821161722, 0.000258964777458, -0.000112715919386, 0.000111249188194], [-5.78429389861e-05, 0.00105314992834, 6.80302619003e-05, 0.000509673904162, -0.000937055679969, 0.000476503017126, 0.000199132904527, 0.000694419606589, -0.000990852480754, 0.00130739854649, -0.000941481150221, 0.000671371875796, 0.000292583368719], [0.000176583329448, 6.80302619003e-05, 0.00196440657601, -0.000550843658857, -0.000241925445152, -0.00111793132965, 0.000835612241644, -0.000569140713196, 0.000312358228257, -0.000383692560717, 0.00100298505276, -0.00106090377085, 0.00155614945106], [-0.000200669484911, 0.000509673904162, -0.000550843658857, 0.00271854177117, -0.000403570651542, 0.000265688286163, -0.000572076300159, 0.000267865048954, -0.00111932132859, 0.00110713473987, -0.000291045726044, 0.000838587700855, -0.000758255075198], [0.000177515947144, -0.000937055679969, -0.000241925445152, -0.000403570651542, 0.00423279684037, -0.000576038204599, -0.00159997830633, -0.00105994951446, 0.00085101579316, -0.00103878171649, 0.00204970547929, -0.000761934148613, -0.000309560447931], [-0.000259259628365, 0.000476503017126, -0.00111793132965, 0.000265688286163, -0.000576038204599, 0.00557922990993, -0.00249526603147, 0.00116076262202, -0.000914025818929, 0.000469734892249, -0.000552038953174, 0.000180064045708, 0.00023355220037], [1.01414032727e-08, 0.000199132904527, 0.000835612241644, -0.000572076300159, -0.00159997830633, -0.00249526603147, 0.00790887512267, -0.00252247205935, -0.000397043972043, 0.000527583993971, -0.00246812636033, 0.00101687235292, 0.000728557992261], [-0.000297873164527, 0.000694419606589, -0.000569140713196, 0.000267865048954, -0.00105994951446, 0.00116076262202, -0.00252247205935, 0.00996579602361, -0.00261632632464, -0.000562458997592, -0.000896103912964, 0.000885335612111, -0.00234176660888], [0.000291288713925, -0.000990852480754, 0.000312358228257, -0.00111932132859, 0.00085101579316, -0.000914025818929, -0.000397043972043, -0.00261632632464, 0.00921194534749, -0.0019940326456, 0.00177713064477, -0.0031495441217, 0.00209730141796], [-0.000185821161722, 0.00130739854649, -0.000383692560717, 0.00110713473987, -0.00103878171649, 0.000469734892249, 0.000527583993971, -0.000562458997592, -0.0019940326456, 0.0135166058317, -0.00566701311618, 0.000942824990489, -0.000936816970352], [0.000258964777458, -0.000941481150221, 0.00100298505276, -0.000291045726044, 0.00204970547929, -0.000552038953174, -0.00246812636033, -0.000896103912964, 0.00177713064477, -0.00566701311618, 0.0140886753798, -0.00223090616055, -0.000509889505338], [-0.000112715919386, 0.000671371875796, -0.00106090377085, 0.000838587700855, -0.000761934148613, 0.000180064045708, 0.00101687235292, 0.000885335612111, -0.0031495441217, 0.000942824990489, -0.00223090616055, 0.0115511249751, -0.000977060641162], [0.000111249188194, 0.000292583368719, 0.00155614945106, -0.000758255075198, -0.000309560447931, 0.00023355220037, 0.000728557992261, -0.00234176660888, 0.00209730141796, -0.000936816970352, -0.000509889505338, -0.000977060641162, 0.00935090333223]], "mean": [-168.704879761, 111.80632782, -134.340774536, -4.77529239655, -59.6266822815, -1.81763267517, -34.2192382812, 6.79661083221, -28.9310474396, 2.19346880913, -9.05509471893, -3.163428545, -4.72444105148]}, "hfc": {"dmean": 2.63368344307, "dmean2": 3.57622718811, "dvar": 51.0046882629, "dvar2": 95.073600769, "max": 158.848892212, "mean": 9.83868980408, "median": 1.130163908, "min": 1.05038848488e-16, "var": 364.490112305}, "melbands": {"dmean": [0.000168265818502, 0.000278656953014, 0.000232810140005, 5.90886920691e-05, 4.39890609414e-05, 5.0710306823e-05, 5.91097232245e-05, 5.38032472832e-05, 5.76379861741e-05, 6.0891994508e-05, 7.99001645646e-05, 0.000133421795908, 9.39553210628e-05, 4.37053131463e-05, 2.3044187401e-05, 2.4375409339e-05, 1.81732430065e-05, 1.25564474729e-05, 1.22147857837e-05, 7.66253560869e-06, 5.95927667746e-06, 3.82564348911e-06, 3.31677301801e-06, 2.23516440201e-06, 4.175075901e-06, 2.727529818e-06, 1.47354603541e-06, 1.92150173461e-06, 1.53474286435e-06, 8.34464913169e-07, 3.37426286023e-07, 2.39615047803e-07, 2.00873756739e-07, 1.96726389845e-07, 1.14800883466e-07, 1.38014982554e-07, 3.52809138349e-07, 1.906160918e-07, 9.82678898254e-08, 7.23735098518e-08], "dmean2": [0.00029617358814, 0.000485624826979, 0.000373892777134, 9.86529776128e-05, 6.62358943373e-05, 7.39669558243e-05, 9.10813032533e-05, 7.87717581261e-05, 8.59290812514e-05, 9.16367207537e-05, 0.000118385047244, 0.000194864638615, 0.000132930246764, 6.18453050265e-05, 3.4082968341e-05, 3.69274748664e-05, 2.76002629107e-05, 1.75425338966e-05, 1.77056444954e-05, 1.16502114906e-05, 8.63190234668e-06, 5.67974348087e-06, 4.7569783419e-06, 3.23674339597e-06, 6.06752655585e-06, 4.00517501475e-06, 2.19759340325e-06, 2.81194093077e-06, 2.29205011237e-06, 1.22531150737e-06, 5.01675970099e-07, 3.52130484771e-07, 2.9618189501e-07, 2.96228364505e-07, 1.77544549729e-07, 2.15719353491e-07, 5.32959631983e-07, 2.76681419109e-07, 1.43665587871e-07, 1.10887960147e-07], "dvar": [1.48857964177e-06, 3.37770484293e-06, 2.40227041104e-06, 8.12424971741e-08, 2.0757937591e-08, 2.09105497362e-08, 2.82544920793e-08, 3.78808593382e-08, 3.46347412972e-08, 4.07214244547e-08, 8.73644481203e-08, 3.16113840881e-07, 1.39180400538e-07, 5.71168357055e-08, 1.08385505015e-08, 1.01723562906e-08, 1.08644018226e-08, 4.70376493311e-09, 3.77558206921e-09, 1.09748665711e-09, 9.04714525518e-10, 3.88635235105e-10, 3.16909554154e-10, 1.04016101288e-10, 1.80000334082e-10, 6.70352939824e-11, 3.04400012141e-11, 6.78410314037e-11, 2.87880309868e-11, 8.33130786582e-12, 1.02933915731e-12, 1.21689388167e-12, 1.38790563244e-12, 1.70253307979e-12, 1.34277365702e-12, 2.1813963396e-12, 6.76699972099e-12, 2.1609942568e-12, 4.26286691493e-13, 1.8278956094e-13], "dvar2": [4.10342727264e-06, 9.39871551964e-06, 5.88411239733e-06, 2.1706723885e-07, 4.62811371449e-08, 5.08778406072e-08, 6.71130493402e-08, 8.24731714033e-08, 7.85208271736e-08, 9.38684010521e-08, 1.90944092537e-07, 6.86075395606e-07, 2.67558306177e-07, 1.10433148848e-07, 2.05130099573e-08, 2.06346992826e-08, 2.36974777579e-08, 7.34211225151e-09, 7.11963288325e-09, 2.41809439139e-09, 1.82566450846e-09, 8.00615629348e-10, 5.75124226021e-10, 1.67959146591e-10, 3.35803801432e-10, 1.31801777825e-10, 6.21221338259e-11, 1.38758962653e-10, 6.43596148597e-11, 1.62096464723e-11, 2.27319790595e-12, 2.51718481128e-12, 3.03946342921e-12, 3.81431214738e-12, 3.71131380836e-12, 5.98806334379e-12, 1.60443915098e-11, 4.42300753314e-12, 9.17227665348e-13, 4.55863699653e-13], "max": [0.0201707016677, 0.036180678755, 0.034342918545, 0.00780887855217, 0.00750336330384, 0.00417042337358, 0.0044286553748, 0.00627030804753, 0.00523542426527, 0.00840909965336, 0.00814882293344, 0.0172868426889, 0.00961905904114, 0.0119038214907, 0.00406115036458, 0.00548074254766, 0.00381077243946, 0.00382577045821, 0.00247266376391, 0.00098548468668, 0.00118479365483, 0.000928896537516, 0.000979789532721, 0.000633824151009, 0.00046895808191, 0.000197358327569, 0.000320597086102, 0.000305433757603, 0.000172620362719, 0.000120132142911, 2.17177075683e-05, 3.17432604788e-05, 3.66335734725e-05, 4.90641941724e-05, 7.87762837717e-05, 9.95716181933e-05, 0.000104826700408, 0.000132734217914, 4.85818345624e-05, 1.39391722769e-05], "mean": [0.000188511505257, 0.000274797144812, 0.00024811035837, 0.000100716511952, 0.000105222439743, 0.000118130170449, 0.0001211817289, 0.000109474196506, 0.000102299716673, 0.000107820465928, 0.000138591043651, 0.000288058625301, 0.000174771281308, 8.23658410809e-05, 4.02135519835e-05, 4.43173921667e-05, 3.3775864722e-05, 2.08598557947e-05, 2.28639983106e-05, 1.3152522115e-05, 1.02620315374e-05, 6.39324025542e-06, 6.79312643115e-06, 4.66978008262e-06, 8.48984655022e-06, 5.62167042517e-06, 3.41408349414e-06, 4.60316732642e-06, 3.62781656804e-06, 1.84137400083e-06, 6.65910192765e-07, 4.15189390424e-07, 3.20073951343e-07, 2.90597967023e-07, 1.71339536337e-07, 2.18873282165e-07, 4.79968889522e-07, 2.95575063092e-07, 1.57752950258e-07, 1.07291597828e-07], "median": [3.07511049868e-06, 6.75132287142e-06, 1.08141503006e-05, 2.36224095715e-05, 2.34695071413e-05, 2.44777402258e-05, 2.0137120373e-05, 1.68412643688e-05, 1.01808545878e-05, 9.01710245671e-06, 5.04744775753e-06, 6.84334145262e-06, 5.50378535991e-06, 3.57779526894e-06, 2.63805782197e-06, 2.10398843592e-06, 1.00244426449e-06, 1.10139899334e-06, 8.49472542086e-07, 5.92626122398e-07, 3.55180219458e-07, 3.92856009057e-07, 2.59367396893e-07, 2.02481814426e-07, 2.46381461011e-07, 2.29824010489e-07, 1.43574737876e-07, 1.0691104535e-07, 8.91520457458e-08, 6.5494049295e-08, 3.4167353391e-08, 1.80693273677e-08, 7.45787076539e-09, 5.6134812354e-09, 3.46853434863e-09, 5.03322095113e-09, 9.03779007189e-09, 1.07004254346e-08, 6.72611877306e-09, 4.6875250348e-09], "min": [1.48981608154e-24, 1.33891980937e-24, 9.78034286243e-25, 9.38748618733e-25, 1.70020094623e-24, 2.07354988001e-24, 1.87946209277e-24, 3.63667046674e-24, 2.39448157044e-24, 2.58361570563e-24, 2.54910521039e-24, 2.31666714745e-24, 1.92162236941e-24, 3.02857703795e-24, 5.09012183549e-24, 3.73088649124e-24, 2.98216618153e-24, 3.20102203184e-24, 3.50008906177e-24, 3.39568332096e-24, 3.75240740559e-24, 2.97975759197e-24, 4.13449534048e-24, 4.47625907248e-24, 4.81434592379e-24, 5.24891638027e-24, 5.59452817576e-24, 5.14360384386e-24, 5.86825226025e-24, 5.19201505432e-24, 4.90560332546e-24, 5.69474348744e-24, 5.03937244131e-24, 5.94834530796e-24, 5.65308137645e-24, 6.70750362795e-24, 5.93349579028e-24, 6.54474821256e-24, 7.574057866e-24, 7.40210433246e-24], "var": [1.00752208709e-06, 2.23338156502e-06, 2.36040841628e-06, 9.6549726436e-08, 7.83800757631e-08, 6.09679844388e-08, 7.9642816786e-08, 9.43691773614e-08, 9.46435747551e-08, 8.20004188995e-08, 2.25125546649e-07, 1.13528062684e-06, 3.88606792967e-07, 1.64196094943e-07, 2.78698202294e-08, 3.22847277801e-08, 3.55284477394e-08, 1.27355992419e-08, 1.14148823727e-08, 2.98760771678e-09, 2.03089611794e-09, 6.46784681368e-10, 1.24330512552e-09, 4.34713015585e-10, 5.94827076483e-10, 2.15611029031e-10, 8.69656985314e-11, 3.15945491991e-10, 1.16447684828e-10, 2.8570213903e-11, 2.93448403597e-12, 2.40585004176e-12, 2.26443213139e-12, 2.56927118469e-12, 1.42064951383e-12, 1.97562972926e-12, 8.61894410009e-12, 4.70478777465e-12, 8.91263516982e-13, 2.4104649483e-13]}, "melbands_crest": {"dmean": 2.79612708092, "dmean2": 4.32569932938, "dvar": 8.08004188538, "dvar2": 19.1589355469, "max": 33.2454185486, "mean": 13.1311073303, "median": 11.8789844513, "min": 1.74935889244, "var": 32.3322410583}, "melbands_flatness_db": {"dmean": 0.0186285767704, "dmean2": 0.027103420347, "dvar": 0.000469063554192, "dvar2": 0.000974059570581, "max": 0.476509988308, "mean": 0.224569424987, "median": 0.218033626676, "min": 0.00287933927029, "var": 0.00454753544182}, "melbands_kurtosis": {"dmean": 3.08802962303, "dmean2": 4.76234912872, "dvar": 40.8078079224, "dvar2": 98.7886657715, "max": 173.797744751, "mean": 5.9633307457, "median": 3.14138221741, "min": -1.80155205727, "var": 98.3061752319}, "melbands_skewness": {"dmean": 0.459908157587, "dmean2": 0.687204301357, "dvar": 0.330813854933, "dvar2": 0.755017578602, "max": 10.7818470001, "mean": 1.48901772499, "median": 1.31357383728, "min": -1.99870145321, "var": 1.474588871}, "melbands_spread": {"dmean": 4.46254301071, "dmean2": 6.58123731613, "dvar": 61.3750839233, "dvar2": 117.718284607, "max": 224.213867188, "mean": 19.901714325, "median": 16.0263977051, "min": 0.810686886311, "var": 310.416687012}, "mfcc": {"cov": [[18750.3105469, -221.034545898, -1668.03918457, 1238.72070312, -385.249694824, 81.3983306885, 1241.54541016, 333.274841309, 588.49041748, 551.078125, -190.300979614, 219.465515137, -125.643661499], [-221.034545898, 1249.89038086, 23.9534683228, -82.4360656738, 119.398292542, 27.4347648621, -66.4397964478, 32.7298927307, -53.2829055786, -21.7767124176, 45.7179107666, -39.8052787781, 15.4174232483], [-1668.03918457, 23.9534683228, 742.45513916, -120.729385376, 104.357513428, 137.056671143, -194.509094238, 88.6848068237, -88.3183059692, -31.2501087189, 73.797203064, -29.9654064178, 42.7455406189], [1238.72070312, -82.4360656738, -120.729385376, 412.11038208, 51.1397895813, -29.6086444855, 113.198669434, 21.1760082245, 83.6828765869, 17.2462387085, -19.0843868256, 43.9125747681, -35.6105079651], [-385.249694824, 119.398292542, 104.357513428, 51.1397895813, 235.497436523, 77.5199737549, -31.9862308502, 55.370098114, 19.9944515228, -9.78844070435, 13.3132915497, -12.407658577, -2.5862057209], [81.3983306885, 27.4347648621, 137.056671143, -29.6086444855, 77.5199737549, 232.532821655, 24.8299713135, 93.4629516602, 5.53413057327, 23.6491737366, 41.9403953552, -15.2656784058, 37.3466873169], [1241.54541016, -66.4397964478, -194.509094238, 113.198669434, -31.9862308502, 24.8299713135, 297.434173584, 21.3176841736, 62.0184593201, 73.7861022949, -29.1659259796, 34.9853515625, -18.8026237488], [333.274841309, 32.7298927307, 88.6848068237, 21.1760082245, 55.370098114, 93.4629516602, 21.3176841736, 186.913085938, 43.8540992737, 28.8955554962, 43.5191497803, -0.999100327492, 34.5858001709], [588.49041748, -53.2829055786, -88.3183059692, 83.6828765869, 19.9944515228, 5.53413057327, 62.0184593201, 43.8540992737, 140.488693237, 42.740562439, -11.6722698212, 17.5518112183, -7.91549634933], [551.078125, -21.7767124176, -31.2501087189, 17.2462387085, -9.78844070435, 23.6491737366, 73.7861022949, 28.8955554962, 42.740562439, 125.768836975, 21.4510345459, 6.31582260132, 3.61025285721], [-190.300979614, 45.7179107666, 73.797203064, -19.0843868256, 13.3132915497, 41.9403953552, -29.1659259796, 43.5191497803, -11.6722698212, 21.4510345459, 111.703071594, 21.8051223755, 17.4981365204], [219.465515137, -39.8052787781, -29.9654064178, 43.9125747681, -12.407658577, -15.2656784058, 34.9853515625, -0.999100327492, 17.5518112183, 6.31582260132, 21.8051223755, 100.00818634, 21.1166992188], [-125.643661499, 15.4174232483, 42.7455406189, -35.6105079651, -2.5862057209, 37.3466873169, -18.8026237488, 34.5858001709, -7.91549634933, 3.61025285721, 17.4981365204, 21.1166992188, 95.0686035156]], "icov": [[0.000117409334052, -4.04632082791e-05, 0.000174060071004, -0.000266829069005, 0.000274609745247, -0.00019078135665, -9.61982441368e-05, -0.000260005646851, -1.24573844005e-05, -0.000300907558994, 0.000230734178331, -0.000126598766656, 0.000137542927405], [-4.04632082791e-05, 0.000923891086131, 0.000119037998957, 0.000272629928077, -0.000686637766194, 0.00023945812427, 3.25595792674e-05, -5.34468599653e-05, 0.000369738263544, 0.000169413920958, -0.000494406500366, 0.00038902493543, -0.000212631290196], [0.000174060071004, 0.000119037998957, 0.0024588429369, -0.000256107799942, -0.000118657822895, -0.00120600068476, 0.00118323846254, -0.00124425708782, 0.00124379096087, -0.000722188095096, 0.000128128143842, -0.000387162173865, 0.000359851110261], [-0.000266829069005, 0.000272629928077, -0.000256107799942, 0.00400063535199, -0.00172706798185, 0.00114552059676, -0.000780333066359, 0.000197113782633, -0.00109166721813, 0.00114444794599, -0.000492673716508, -0.000810082652606, 0.000630073423963], [0.000274609745247, -0.000686637766194, -0.000118657822895, -0.00172706798185, 0.00666087679565, -0.00236414046958, 0.000768458470702, -0.00124476698693, -0.000997632509097, -0.000187194644241, 0.00108663609717, -0.00031214489718, 0.00138884363696], [-0.00019078135665, 0.00023945812427, -0.00120600068476, 0.00114552059676, -0.00236414046958, 0.00753412907943, -0.00190927565563, -0.00124249781948, -2.40228509938e-05, 0.000561530643608, -0.00214131549001, 0.0020966893062, -0.00236416258849], [-9.61982441368e-05, 3.25595792674e-05, 0.00118323846254, -0.000780333066359, 0.000768458470702, -0.00190927565563, 0.00631026132032, -0.000808666576631, 0.00044292275561, -0.00273811328225, 0.00225426699035, -0.0022193887271, 0.00157536112238], [-0.000260005646851, -5.34468599653e-05, -0.00124425708782, 0.000197113782633, -0.00124476698693, -0.00124249781948, -0.000808666576631, 0.00937701947987, -0.00310666952282, 0.000842493027449, -0.00321798003279, 0.00193846039474, -0.00294764805585], [-1.24573844005e-05, 0.000369738263544, 0.00124379096087, -0.00109166721813, -0.000997632509097, -2.40228509938e-05, 0.00044292275561, -0.00310666952282, 0.0110795414075, -0.00312606315129, 0.00218943902291, -0.00176157231908, 0.00118502159603], [-0.000300907558994, 0.000169413920958, -0.000722188095096, 0.00114444794599, -0.000187194644241, 0.000561530643608, -0.00273811328225, 0.000842493027449, -0.00312606315129, 0.0119280247018, -0.00395510531962, 0.00194063305389, -0.00116181490012], [0.000230734178331, -0.000494406500366, 0.000128128143842, -0.000492673716508, 0.00108663609717, -0.00214131549001, 0.00225426699035, -0.00321798003279, 0.00218943902291, -0.00395510531962, 0.013595726341, -0.00488637387753, 0.00154571514577], [-0.000126598766656, 0.00038902493543, -0.000387162173865, -0.000810082652606, -0.00031214489718, 0.0020966893062, -0.0022193887271, 0.00193846039474, -0.00176157231908, 0.00194063305389, -0.00488637387753, 0.0140074631199, -0.00476841069758], [0.000137542927405, -0.000212631290196, 0.000359851110261, 0.000630073423963, 0.00138884363696, -0.00236416258849, 0.00157536112238, -0.00294764805585, 0.00118502159603, -0.00116181490012, 0.00154571514577, -0.00476841069758, 0.014077081345]], "mean": [-796.305175781, 141.05670166, -14.4828510284, -0.65327757597, -9.78740501404, -11.1843299866, 2.83851480484, -7.67260742188, -4.10898113251, -2.67412781715, -5.91270971298, 0.590585589409, -2.6697511673]}, "pitch_salience": {"dmean": 0.0594996288419, "dmean2": 0.0918271243572, "dvar": 0.00327989412472, "dvar2": 0.00762817636132, "max": 0.916989922523, "mean": 0.565878152847, "median": 0.57789093256, "min": 0.106110870838, "var": 0.0129014197737}, "silence_rate_20dB": {"dmean": 0, "dmean2": 0, "dvar": 0, "dvar2": 0, "max": 1, "mean": 1, "median": 1, "min": 1, "var": 0}, "silence_rate_30dB": {"dmean": 0.00740740727633, "dmean2": 0.014816259034, "dvar": 0.00735209928825, "dvar2": 0.0181043017656, "max": 1, "mean": 0.993567883968, "median": 1, "min": 0, "var": 0.00639018788934}, "silence_rate_60dB": {"dmean": 0.0274853799492, "dmean2": 0.0549761168659, "dvar": 0.0267338324338, "dvar2": 0.0597620755434, "max": 1, "mean": 0.59039080143, "median": 1, "min": 0, "var": 0.241810590029}, "spectral_centroid": {"dmean": 152.393798828, "dmean2": 218.998641968, "dvar": 64415.375, "dvar2": 117856.359375, "max": 11681.6865234, "mean": 1149.0489502, "median": 926.024230957, "min": 265.43447876, "var": 867227.1875}, "spectral_complexity": {"dmean": 1.35438597202, "dmean2": 2.13685536385, "dvar": 4.03832054138, "dvar2": 8.23161315918, "max": 46, "mean": 8.28194141388, "median": 5, "min": 0, "var": 69.2621002197}, "spectral_contrast_coeffs": {"dmean": [0.038666382432, 0.0350753515959, 0.0325924679637, 0.0259611066431, 0.0204983260483, 0.0159953013062], "dmean2": [0.0637057721615, 0.0557919293642, 0.0503704585135, 0.040796186775, 0.0316845923662, 0.0242890007794], "dvar": [0.00126754841767, 0.000943240709603, 0.000808968674392, 0.000544654903933, 0.000435123773059, 0.000268187024631], "dvar2": [0.00316376495175, 0.00232202629559, 0.00184642989188, 0.0012381010456, 0.000867855444085, 0.000544844137039], "max": [-0.34651607275, -0.480083167553, -0.397882819176, -0.479699224234, -0.551338195801, -0.592901647091], "mean": [-0.672767877579, -0.73626101017, -0.734940171242, -0.770712018013, -0.78492885828, -0.790576756001], "median": [-0.679034531116, -0.738239586353, -0.746795415878, -0.780774533749, -0.800301373005, -0.789724349976], "min": [-0.979130148888, -0.971961319447, -0.97666311264, -0.979220926762, -0.965810000896, -0.96487480402], "var": [0.00752361444756, 0.00492792995647, 0.00726127251983, 0.00413584522903, 0.00402075052261, 0.00300301983953]}, "spectral_contrast_valleys": {"dmean": [0.349989324808, 0.281754285097, 0.266207903624, 0.230792537332, 0.224514305592, 0.229851543903], "dmean2": [0.58103454113, 0.454453766346, 0.427301734686, 0.368210107088, 0.339223504066, 0.316881924868], "dvar": [0.121627494693, 0.0789465680718, 0.0691692531109, 0.0663181170821, 0.0828613489866, 0.10775949806], "dvar2": [0.274527847767, 0.16467691958, 0.137701362371, 0.124923191965, 0.148030310869, 0.170800358057], "max": [-5.15454006195, -4.91352701187, -5.11194229126, -5.95753192902, -5.88022279739, -7.86737203598], "mean": [-9.34915924072, -7.96552467346, -8.6112575531, -9.27871417999, -9.58089447021, -12.3527441025], "median": [-9.38001060486, -7.83747386932, -8.56059646606, -9.20846939087, -9.38170719147, -12.2480096817], "min": [-27.959394455, -28.2689876556, -27.762140274, -27.7046871185, -27.4801311493, -27.4111099243], "var": [4.3818769455, 3.70141196251, 3.84236001968, 3.8889772892, 4.50148010254, 3.96565890312]}, "spectral_decrease": {"dmean": 8.82475870156e-10, "dmean2": 1.34009114916e-09, "dvar": 8.62977598024e-18, "dvar2": 2.09928546386e-17, "max": 1.45186306845e-18, "mean": -2.47574960532e-09, "median": -3.8464054164e-10, "min": -5.11822477733e-08, "var": 2.3278665691e-17}, "spectral_energy": {"dmean": 0.00354173756205, "dmean2": 0.00533141382039, "dvar": 0.00013277636026, "dvar2": 0.000318323000101, "max": 0.206583753228, "mean": 0.0102364420891, "median": 0.00156816502567, "min": 9.9378997444e-21, "var": 0.000391814421164}, "spectral_energyband_high": {"dmean": 0.000100273602584, "dmean2": 0.000139321855386, "dvar": 1.49829531892e-07, "dvar2": 3.11089792149e-07, "max": 0.0121112372726, "mean": 0.00024952669628, "median": 9.89111595118e-06, "min": 7.04544139717e-21, "var": 4.80283404158e-07}, "spectral_energyband_low": {"dmean": 0.00153508037329, "dmean2": 0.00258974148892, "dvar": 7.67973688198e-05, "dvar2": 0.000202789975447, "max": 0.147268459201, "mean": 0.0016536952462, "median": 3.9639944589e-05, "min": 2.58964765165e-23, "var": 6.05488930887e-05}, "spectral_energyband_middle_high": {"dmean": 0.00155836204067, "dmean2": 0.00219180784188, "dvar": 2.27788350458e-05, "dvar2": 4.53315442428e-05, "max": 0.132440239191, "mean": 0.00509610818699, "median": 0.000311027019052, "min": 1.32391377853e-21, "var": 0.000141694676131}, "spectral_energyband_middle_low": {"dmean": 0.00151629140601, "dmean2": 0.0023028771393, "dvar": 2.95213212667e-05, "dvar2": 7.0857204264e-05, "max": 0.118890181184, "mean": 0.00384634919465, "median": 0.000901948893443, "min": 1.3129527014e-22, "var": 6.16828692728e-05}, "spectral_entropy": {"dmean": 0.145303577185, "dmean2": 0.211843818426, "dvar": 0.0265597309917, "dvar2": 0.0506080314517, "max": 9.8236618042, "mean": 7.06859874725, "median": 7.08130836487, "min": 5.12858200073, "var": 0.309022724628}, "spectral_flux": {"dmean": 0.0142773324624, "dmean2": 0.0231747590005, "dvar": 0.000776631117333, "dvar2": 0.00190784968436, "max": 0.383648455143, "mean": 0.0390415973961, "median": 0.0182697921991, "min": 6.3157250263e-11, "var": 0.00262039504014}, "spectral_kurtosis": {"dmean": 3.32748651505, "dmean2": 5.57520198822, "dvar": 23.5503578186, "dvar2": 67.4150238037, "max": 113.873542786, "mean": 11.0723953247, "median": 7.54901885986, "min": -1.23667800426, "var": 129.920211792}, "spectral_rms": {"dmean": 0.000348743342329, "dmean2": 0.000497187196743, "dvar": 5.96859479174e-07, "dvar2": 1.2985315152e-06, "max": 0.0141966594383, "mean": 0.00219155382365, "median": 0.00123689812608, "min": 3.11376185252e-12, "var": 5.18386059412e-06}, "spectral_rolloff": {"dmean": 280.616973877, "dmean2": 460.502929688, "dvar": 500964.34375, "dvar2": 1078751.25, "max": 19272.2167969, "mean": 1449.23132324, "median": 1055.12695312, "min": 107.666015625, "var": 3620014.25}, "spectral_skewness": {"dmean": 0.30902248621, "dmean2": 0.496792882681, "dvar": 0.116242028773, "dvar2": 0.301574349403, "max": 8.85467720032, "mean": 2.2628235817, "median": 2.066447258, "min": -0.0584450028837, "var": 1.01061689854}, "spectral_spread": {"dmean": 385535.3125, "dmea