{"lowlevel": {"average_loudness": 0.824186205864, "barkbands": {"dmean": [1.30117177832e-05, 0.00144309340976, 0.00126775319222, 0.00158818124328, 0.000858775456436, 0.000941835925914, 0.000452486303402, 0.000397631782107, 0.000833450467326, 0.000962906517088, 0.000338933372404, 0.000391611683881, 0.000320983817801, 0.000314001285005, 0.000256907369476, 0.000346532615367, 0.000264349626377, 0.000241429297603, 0.000137898750836, 0.000177025955054, 5.2923700423e-05, 4.35978727182e-05, 3.44185973518e-05, 3.92067304347e-05, 3.3489010093e-05, 2.63184101641e-05, 7.0256919571e-06], "dmean2": [1.80193783308e-05, 0.00246709864587, 0.00211344356649, 0.00266314158216, 0.00139459746424, 0.00133386731613, 0.000641676888335, 0.000555675593205, 0.00116160383914, 0.00139459164347, 0.000489014259074, 0.000581471249461, 0.000495887652505, 0.000476242625155, 0.000399842683692, 0.00052002974553, 0.000420610856963, 0.000377815042157, 0.000215648658923, 0.00026934753987, 8.3204220573e-05, 6.4630919951e-05, 4.80430171592e-05, 5.69770636503e-05, 4.77062312711e-05, 3.89876040572e-05, 1.12852030725e-05], "dvar": [1.169378816e-09, 3.22525593219e-05, 1.7431242668e-05, 5.03325900354e-05, 4.82714403915e-06, 4.51178448202e-06, 1.31272656745e-06, 2.10907182918e-06, 6.20706941845e-06, 7.86436339695e-06, 1.48325864302e-06, 9.23832658373e-07, 6.71860846069e-07, 6.26621499578e-07, 3.87800923818e-07, 5.90322940752e-07, 3.07669210997e-07, 2.04954076821e-07, 7.06818283902e-08, 1.03094940584e-07, 1.4052960573e-08, 1.27997452637e-08, 5.24414422998e-09, 1.04860378158e-08, 8.72819860831e-09, 5.0265054341e-09, 6.00992422495e-10], "dvar2": [2.1905124381e-09, 8.41214350658e-05, 4.58304821223e-05, 0.00013533407764, 1.24813113871e-05, 8.61566877575e-06, 2.46848753704e-06, 4.29499777965e-06, 1.3566218513e-05, 1.72918644239e-05, 3.17361855195e-06, 2.14391820919e-06, 1.52435598011e-06, 1.43279044096e-06, 8.74360011949e-07, 1.23030042687e-06, 7.34907814604e-07, 4.99362840856e-07, 1.6466707109e-07, 2.26698901429e-07, 3.39988019959e-08, 2.91886728121e-08, 9.78749437053e-09, 2.19111555566e-08, 1.7340351377e-08, 1.07823190376e-08, 1.43976519595e-09], "max": [0.000781510432716, 0.0781691595912, 0.106068901718, 0.132432356477, 0.0496229380369, 0.0780667886138, 0.0331097245216, 0.0574964359403, 0.0742390006781, 0.0875536501408, 0.0699567422271, 0.0313218645751, 0.0226015020162, 0.0237829685211, 0.0160693880171, 0.020488563925, 0.0155843598768, 0.0110873999074, 0.00735096028075, 0.00758286938071, 0.00209387019277, 0.00323496502824, 0.00166201218963, 0.00635760370642, 0.00268230680376, 0.0014352860162, 0.000505589414388], "mean": [2.40845747612e-05, 0.00174200243782, 0.00180567114148, 0.00182706490159, 0.00174269243143, 0.00252279755659, 0.00119399046525, 0.000915425480343, 0.00185561878607, 0.00229730410501, 0.000769871519879, 0.000843020447064, 0.000640496902633, 0.000671149464324, 0.000492142804433, 0.000724409590475, 0.000571680429857, 0.000533334328793, 0.000321208703099, 0.000470194878289, 0.000101551471744, 8.46598995849e-05, 6.7696950282e-05, 8.02357535576e-05, 5.81897002121e-05, 3.89548004023e-05, 6.83326197759e-06], "median": [9.26912071009e-06, 0.000737095309887, 0.000583540590014, 0.0005406945711, 0.00086566718528, 0.000650561181828, 0.000282221502857, 0.000204803640372, 0.000426893995609, 0.000415465619881, 0.000154149223818, 0.000203910676646, 0.00014664066839, 0.00015772592451, 0.00011657410505, 0.000180785791599, 0.000172175699845, 0.000231703641475, 0.000144659730722, 0.000182321076863, 4.18316230935e-05, 2.81472712231e-05, 2.27810542128e-05, 2.42528694798e-05, 1.30137905217e-05, 8.24343987915e-06, 7.79970946496e-07], "min": [7.24339429441e-25, 2.79130542703e-24, 3.73945928921e-25, 1.98240567988e-24, 8.01925388445e-24, 4.33570733056e-24, 5.64476914909e-24, 1.14404986653e-23, 2.17005269394e-23, 1.58162982737e-23, 1.02389420221e-23, 2.29300629012e-23, 2.65264608355e-23, 3.59710317589e-23, 2.8324022403e-23, 6.37089557528e-23, 6.11222997773e-23, 1.10325226821e-22, 1.33980918693e-22, 1.75689206442e-22, 2.65219352982e-22, 2.95228631559e-22, 4.00557920225e-22, 4.79355254429e-22, 7.99232318288e-22, 1.36925634216e-21, 1.91676105037e-21], "var": [2.00092209468e-09, 2.45834271482e-05, 1.75784243766e-05, 4.28308339906e-05, 8.16006559035e-06, 2.76502105407e-05, 7.87948647485e-06, 8.25589268061e-06, 1.96147011593e-05, 3.45386797562e-05, 7.18054889148e-06, 3.72144108951e-06, 2.46130503001e-06, 2.67118434749e-06, 1.26165821257e-06, 2.11100359593e-06, 1.07423431928e-06, 5.9834815147e-07, 2.59441691242e-07, 5.05087541569e-07, 2.67430024792e-08, 2.77214358135e-08, 1.50926346976e-08, 2.66217874412e-08, 2.07312140788e-08, 8.24275669942e-09, 5.52068113446e-10]}, "barkbands_crest": {"dmean": 2.23092722893, "dmean2": 3.49946594238, "dvar": 5.02936887741, "dvar2": 12.4239234924, "max": 25.8705368042, "mean": 10.0317764282, "median": 8.91177177429, "min": 2.56573915482, "var": 21.0066699982}, "barkbands_flatness_db": {"dmean": 0.0165238901973, "dmean2": 0.0250585284084, "dvar": 0.000306083908072, "dvar2": 0.000752037100028, "max": 0.383227795362, "mean": 0.12622590363, "median": 0.120559185743, "min": 0.0201140251011, "var": 0.00179212074727}, "barkbands_kurtosis": {"dmean": 1.9256657362, "dmean2": 3.06597614288, "dvar": 21.2958488464, "dvar2": 53.0512657166, "max": 214.022735596, "mean": 2.71081328392, "median": 0.803716003895, "min": -1.84803295135, "var": 53.7490653992}, "barkbands_skewness": {"dmean": 0.412969708443, "dmean2": 0.621448218822, "dvar": 0.263913542032, "dvar2": 0.629025280476, "max": 13.7147254944, "mean": 1.10100400448, "median": 0.940395474434, "min": -2.16290688515, "var": 1.47542619705}, "barkbands_spread": {"dmean": 4.47017002106, "dmean2": 6.85211181641, "dvar": 34.1738739014, "dvar2": 77.4278717041, "max": 101.278572083, "mean": 22.2020835876, "median": 20.3761310577, "min": 1.1741092205, "var": 130.791107178}, "dissonance": {"dmean": 0.0186649989337, "dmean2": 0.0309040602297, "dvar": 0.000346135668224, "dvar2": 0.000922080129385, "max": 0.500000059605, "mean": 0.454769998789, "median": 0.461116462946, "min": 0.252669841051, "var": 0.00091578514548}, "dynamic_complexity": 3.62966942787, "erbbands": {"dmean": [0.0258604455739, 0.383085072041, 1.23331320286, 4.00958251953, 3.19457697868, 3.09967708588, 5.27078104019, 8.357629776, 7.78152132034, 5.27315044403, 10.291475296, 20.1682548523, 22.2959098816, 26.2604293823, 14.4155607224, 14.5039844513, 15.1583395004, 11.8757352829, 16.4285945892, 13.2121925354, 16.6771621704, 14.1443519592, 11.7864818573, 9.15894031525, 6.06777191162, 8.36971187592, 3.52460384369, 1.68793642521, 1.53281009197, 1.21904575825, 0.956908941269, 0.864282667637, 0.639237821102, 0.419478178024, 0.224589899182, 0.131077587605, 0.0450882278383, 0.00947162881494, 0.00125349301379, 6.0149053752e-05], "dmean2": [0.0422062575817, 0.663017392159, 2.0929377079, 6.50469064713, 5.48886919022, 4.98474597931, 7.74815225601, 11.6689310074, 11.0454864502, 7.30604314804, 14.2796115875, 28.0958309174, 30.4685497284, 37.9794387817, 20.7611446381, 21.5883140564, 23.5899162292, 17.5442676544, 25.1952190399, 19.7620182037, 24.9162406921, 22.4358386993, 18.4501953125, 14.2484464645, 9.44001674652, 12.9708166122, 5.47185659409, 2.64913582802, 2.31487584114, 1.75957965851, 1.32999074459, 1.25422894955, 0.941597163677, 0.60136282444, 0.323288142681, 0.193503037095, 0.0677472651005, 0.0147210136056, 0.00201310100965, 9.48960514506e-05], "dvar": [0.00940130837262, 2.28648495674, 17.2273464203, 280.615753174, 137.723800659, 71.6340103149, 171.842605591, 404.454925537, 399.474456787, 197.865280151, 1384.98852539, 4742.61083984, 3515.22875977, 7451.88769531, 2518.35620117, 1293.58081055, 1414.64245605, 999.678710938, 1754.05480957, 886.36517334, 1564.98059082, 1059.30126953, 553.785888672, 266.420257568, 114.51738739, 244.510116577, 47.9000091553, 17.8642807007, 15.4016942978, 10.0364608765, 4.0424952507, 4.64193582535, 3.120241642, 1.31741333008, 0.447260022163, 0.130952015519, 0.0155426906422, 0.000888098496944, 1.97747503989e-05, 4.12957135154e-08], "dvar2": [0.0233623981476, 6.054022789, 47.1049232483, 711.776855469, 386.438903809, 180.715576172, 362.830627441, 740.607788086, 774.775268555, 354.170318604, 2896.24023438, 10753.5986328, 6539.02490234, 16679.9433594, 5230.41552734, 3043.125, 3472.61547852, 2135.45605469, 4053.67163086, 1762.91918945, 3297.14990234, 2554.48510742, 1351.91760254, 634.393554688, 269.41104126, 575.748168945, 111.991294861, 42.2961082458, 34.9659614563, 21.7948246002, 7.63401269913, 10.0496263504, 6.52988147736, 2.62865400314, 0.910917103291, 0.276306897402, 0.0346962250769, 0.00206755613908, 4.76002569485e-05, 9.9620791616e-08], "max": [1.55829250813, 20.0391120911, 114.459602356, 333.472076416, 168.813232422, 190.851013184, 434.688690186, 592.261901855, 567.518554688, 729.12097168, 1643.22387695, 2009.28796387, 1858.2689209, 3136.44018555, 3267.12744141, 1614.53649902, 1247.77929688, 1249.21899414, 1215.21582031, 617.582214355, 1407.77539063, 1034.10839844, 786.554870605, 370.249328613, 333.273742676, 330.585754395, 186.938308716, 80.3131256104, 90.0361480713, 90.0595626831, 57.5744285583, 121.817070007, 107.609893799, 36.861656189, 18.6107711792, 10.0533304214, 2.4565615654, 0.558774590492, 0.0816937983036, 0.00386483897455], "mean": [0.034047793597, 0.455495834351, 1.77304255962, 4.9973988533, 4.66314888, 6.07426309586, 12.563495636, 22.668428421, 21.55909729, 13.2211112976, 25.1341934204, 43.5030632019, 52.4038696289, 64.2585906982, 35.249458313, 34.6660614014, 33.1107902527, 26.8421707153, 36.8106193542, 28.863735199, 37.4159622192, 32.9368286133, 28.5696296692, 22.939617157, 16.5599861145, 22.855474472, 8.38662624359, 3.40554094315, 2.98688602448, 2.32486104965, 1.8956772089, 1.75756728649, 1.24125242233, 0.746009409428, 0.367174744606, 0.207312509418, 0.0621526539326, 0.0109645240009, 0.00122900411952, 7.78607645771e-05], "median": [0.0136534553021, 0.200445026159, 0.703823745251, 1.42968845367, 2.22048425674, 2.55267047882, 3.8805129528, 5.554002285, 4.90321350098, 5.12037181854, 6.37517786026, 10.595998764, 14.1112337112, 13.404168129, 11.0003862381, 9.5736322403, 9.43611240387, 8.15414619446, 9.29737663269, 9.59459686279, 11.1388263702, 10.639175415, 12.5095815659, 12.3309049606, 8.03655719757, 8.77683353424, 4.06697463989, 1.38729941845, 1.00674915314, 0.691041350365, 0.650020062923, 0.534214913845, 0.351619422436, 0.179621681571, 0.0671344026923, 0.0413917377591, 0.0133584681898, 0.00167793256696, 0.000166001656908, 3.65071355191e-05], "min": [7.60012893006e-23, 5.4342439145e-22, 1.86782895506e-21, 4.63938786835e-21, 9.45218074274e-21, 2.6262196042e-20, 5.19742878962e-20, 3.69622748662e-20, 1.21818100404e-19, 1.69572697658e-19, 2.92846984907e-19, 5.40994628776e-19, 4.13172114778e-19, 7.47098310621e-19, 9.36320373537e-19, 1.23112816424e-18, 1.41847578419e-18, 1.75842902477e-18, 2.44719585106e-18, 3.38128294034e-18, 3.53981975616e-18, 3.88045273241e-18, 5.73099100672e-18, 5.87670011239e-18, 7.47288282988e-18, 8.07583297635e-18, 8.76241025556e-18, 9.69191476424e-18, 1.20553476181e-17, 1.26414563673e-17, 1.19308726524e-17, 1.03290448408e-17, 8.51849619961e-18, 8.25004465798e-18, 6.57467842198e-18, 4.01214774414e-18, 2.23312978034e-18, 9.56465013187e-19, 2.46120405134e-19, 2.92716083575e-20], "var": [0.0082308454439, 1.67579722404, 14.4766359329, 287.906524658, 107.562210083, 127.108779907, 748.573913574, 2319.20922852, 2447.98168945, 810.810058594, 5281.46044922, 12271.7246094, 12817.3251953, 33673.4492188, 12006.2617188, 5607.97314453, 4956.5390625, 3592.40673828, 7348.65917969, 3051.33032227, 6058.70166016, 3707.86938477, 1790.49584961, 916.453613281, 515.68737793, 1221.51074219, 145.049224854, 36.0100746155, 33.4673576355, 22.6254501343, 11.3586893082, 11.4866800308, 7.40855884552, 3.14108109474, 1.00444591045, 0.250780582428, 0.0215421635658, 0.000988972955383, 1.79111102625e-05, 3.73342246007e-08]}, "erbbands_crest": {"dmean": 2.50353455544, "dmean2": 3.85702466965, "dvar": 5.61450529099, "dvar2": 13.0246133804, "max": 32.5623703003, "mean": 10.7321100235, "median": 9.49140644073, "min": 2.46378278732, "var": 26.3226566315}, "erbbands_flatness_db": {"dmean": 0.016260407865, "dmean2": 0.0220890045166, "dvar": 0.000301368098008, "dvar2": 0.000520509493072, "max": 0.438672363758, "mean": 0.170590281487, "median": 0.169102579355, "min": 0.0440307706594, "var": 0.00224524177611}, "erbbands_kurtosis": {"dmean": 0.817310214043, "dmean2": 1.24388027191, "dvar": 1.69008851051, "dvar2": 3.93600463867, "max": 40.3807601929, "mean": 0.556952536106, "median": -0.0675330609083, "min": -1.7746257782, "var": 5.25271177292}, "erbbands_skewness": {"dmean": 0.324442893267, "dmean2": 0.48450627923, "dvar": 0.10054770112, "dvar2": 0.228378966451, "max": 6.1942448616, "mean": 0.32123374939, "median": 0.262641698122, "min": -3.75911593437, "var": 0.681961834431}, "erbbands_spread": {"dmean": 6.2810921669, "dmean2": 9.06777000427, "dvar": 64.4244155884, "dvar2": 123.92855072, "max": 133.006607056, "mean": 34.2496490479, "median": 30.2107715607, "min": 2.41468787193, "var": 339.246795654}, "gfcc": {"cov": [[20829.3515625, 505.751525879, -1705.38232422, 317.498138428, -684.406677246, 226.324203491, -551.192932129, 384.001678467, -517.905944824, -30.3252391815, -258.106170654, -114.126548767, -193.942977905], [505.751525879, 1244.3458252, -229.738342285, 27.7318611145, 105.366638184, 26.2822151184, 157.890686035, -98.144744873, 131.690872192, -28.9569683075, 26.1606712341, -9.55038166046, -2.84338831902], [-1705.38232422, -229.738342285, 1154.38537598, 120.609947205, -42.8299102783, 41.7906570435, -68.5183639526, -8.70912837982, 17.6753540039, 2.83978295326, -2.4900496006, 54.3229293823, -15.5988483429], [317.498138428, 27.7318611145, 120.609947205, 399.759674072, 31.6436328888, 16.3227500916, -16.5980110168, -43.2703666687, 24.8748664856, -31.8446292877, -49.4884300232, 36.7594718933, -27.2097606659], [-684.406677246, 105.366638184, -42.8299102783, 31.6436328888, 341.038391113, 62.7532081604, 121.428260803, 15.3798799515, 39.4824485779, 23.3409690857, 18.4837970734, -0.0366834327579, 6.60552024841], [226.324203491, 26.2822151184, 41.7906570435, 16.3227500916, 62.7532081604, 254.44342041, 144.561889648, -25.5008106232, 7.77220678329, -14.8532943726, -26.3539009094, -20.6210899353, -34.9409370422], [-551.192932129, 157.890686035, -68.5183639526, -16.5980110168, 121.428260803, 144.561889648, 304.307250977, -8.13055706024, 50.8257904053, -22.82396698, -16.37433815, -14.103966713, -18.1417999268], [384.001678467, -98.144744873, -8.70912837982, -43.2703666687, 15.3798799515, -25.5008106232, -8.13055706024, 218.874145508, 15.0235300064, 18.1312332153, 4.67657184601, -17.274559021, 36.2919616699], [-517.905944824, 131.690872192, 17.6753540039, 24.8748664856, 39.4824485779, 7.77220678329, 50.8257904053, 15.0235300064, 171.838973999, 36.9540672302, -15.0887641907, 5.02601051331, -14.5894021988], [-30.3252391815, -28.9569683075, 2.83978295326, -31.8446292877, 23.3409690857, -14.8532943726, -22.82396698, 18.1312332153, 36.9540672302, 114.672805786, 48.5042953491, -5.99145841599, -9.21814823151], [-258.106170654, 26.1606712341, -2.4900496006, -49.4884300232, 18.4837970734, -26.3539009094, -16.37433815, 4.67657184601, -15.0887641907, 48.5042953491, 138.273117065, 18.9067783356, 9.28688144684], [-114.126548767, -9.55038166046, 54.3229293823, 36.7594718933, -0.0366834327579, -20.6210899353, -14.103966713, -17.274559021, 5.02601051331, -5.99145841599, 18.9067783356, 105.723861694, 23.1221084595], [-193.942977905, -2.84338831902, -15.5988483429, -27.2097606659, 6.60552024841, -34.9409370422, -18.1417999268, 36.2919616699, -14.5894021988, -9.21814823151, 9.28688144684, 23.1221084595, 102.283203125]], "icov": [[0.000118230200314, -0.000164995261002, 0.000204521726118, -0.000155888163135, 0.000237481421209, -0.000369068817236, 0.000324386754073, -0.000443639000878, 0.000519349880051, -0.000306690169964, 0.000321374769555, -0.000215090054553, 0.000348730187397], [-0.000164995261002, 0.00130600656848, -9.61170226219e-05, 0.000126217113575, -0.000457516085589, 0.000655640207697, -0.000785847485531, 0.00120316853281, -0.0017315838486, 0.00114844297059, -0.00109188293573, 0.00067534588743, -0.000767417019233], [0.000204521726118, -9.61170226219e-05, 0.00134179089218, -0.000510070181917, 0.000501424830873, -0.00101763824932, 0.000855358724948, -0.000758001522627, 0.000573681492824, -0.000419263029471, 0.000377531017875, -0.000775260326918, 0.000679738877807], [-0.000155888163135, 0.000126217113575, -0.000510070181917, 0.00327971880324, -0.000897389836609, 0.000342366605764, 0.000216892571189, 0.000881678017322, -0.00105756463017, 0.0011199467117, 0.000612111878581, -0.000901037536096, 0.000501358357724], [0.000237481421209, -0.000457516085589, 0.000501424830873, -0.000897389836609, 0.00421727914363, -0.00105152814649, -0.000775520224124, -0.00118550716434, 0.000935513642617, -0.00165811204351, 0.000140013842611, -0.000391972687794, -1.32573459268e-05], [-0.000369068817236, 0.000655640207697, -0.00101763824932, 0.000342366605764, -0.00105152814649, 0.00715572433546, -0.00389762641862, 0.00182732450776, -0.000862130138557, 0.000734171655495, -0.000269926647888, 0.00134989793878, 8.95371413208e-05], [0.000324386754073, -0.000785847485531, 0.000855358724948, 0.000216892571189, -0.000775520224124, -0.00389762641862, 0.00678093358874, -0.00135685980786, -7.5235577242e-05, 0.000934377952944, 0.000723608070984, -0.000680519558955, 0.00134577602148], [-0.000443639000878, 0.00120316853281, -0.000758001522627, 0.000881678017322, -0.00118550716434, 0.00182732450776, -0.00135685980786, 0.0072024022229, -0.00303082843311, 0.000914365635253, -0.00137758080382, 0.00227746553719, -0.00352388992906], [0.000519349880051, -0.0017315838486, 0.000573681492824, -0.00105756463017, 0.000935513642617, -0.000862130138557, -7.5235577242e-05, -0.00303082843311, 0.010739156045, -0.00549310911447, 0.00396947050467, -0.00230668811128, 0.00264767860062], [-0.000306690169964, 0.00114844297059, -0.000419263029471, 0.0011199467117, -0.00165811204351, 0.000734171655495, 0.000934377952944, 0.000914365635253, -0.00549310911447, 0.0140900779516, -0.00580251170322, 0.0020162477158, 0.000440948468167], [0.000321374769555, -0.00109188293573, 0.000377531017875, 0.000612111878581, 0.000140013842611, -0.000269926647888, 0.000723608070984, -0.00137758080382, 0.00396947050467, -0.00580251170322, 0.0111460499465, -0.00307847722434, 0.00104246975388], [-0.000215090054553, 0.00067534588743, -0.000775260326918, -0.000901037536096, -0.000391972687794, 0.00134989793878, -0.000680519558955, 0.00227746553719, -0.00230668811128, 0.0020162477158, -0.00307847722434, 0.0121498834342, -0.00380372698419], [0.000348730187397, -0.000767417019233, 0.000679738877807, 0.000501358357724, -1.32573459268e-05, 8.95371413208e-05, 0.00134577602148, -0.00352388992906, 0.00264767860062, 0.000440948468167, 0.00104246975388, -0.00380372698419, 0.0133568178862]], "mean": [-20.6734313965, 81.8641357422, -123.862670898, 21.3190021515, -51.9785766602, 4.33817052841, -35.2472381592, 11.879447937, -29.6076927185, -2.16331076622, -15.42237854, -1.43360817432, -10.4743404388]}, "hfc": {"dmean": 4.85596179962, "dmean2": 6.75348043442, "dvar": 45.0710411072, "dvar2": 90.6343841553, "max": 113.323486328, "mean": 21.6754398346, "median": 17.9465751648, "min": 1.08213025049e-16, "var": 303.207305908}, "melbands": {"dmean": [0.000324319204083, 0.000600010331254, 0.000652775808703, 0.000195930799237, 0.000176706467755, 0.000186102435691, 0.000108372150862, 6.17772893747e-05, 9.2567766842e-05, 0.000128425177536, 0.00011749414989, 0.000118532203487, 4.7914316383e-05, 4.31487787864e-05, 4.46476333309e-05, 2.69357460638e-05, 2.34063736571e-05, 3.04759796563e-05, 1.57968679559e-05, 2.25836956815e-05, 2.03791005333e-05, 1.6218804376e-05, 1.24761118059e-05, 1.28992369355e-05, 7.72615840106e-06, 5.22348727827e-06, 5.46670980839e-06, 6.21327308181e-06, 3.16596970151e-06, 1.1443320318e-06, 1.02773992694e-06, 9.41527162013e-07, 8.44295698244e-07, 6.87653539444e-07, 5.9895518234e-07, 5.34378784778e-07, 5.58871875e-07, 4.73492377751e-07, 4.22792055588e-07, 3.51049266101e-07], "dmean2": [0.000544791517314, 0.00100544502493, 0.0010735396063, 0.000326472392771, 0.000264462054474, 0.000263152847765, 0.000153631845023, 8.53586097946e-05, 0.000129874941194, 0.000177954163519, 0.000160888928804, 0.000170469575096, 6.88795407768e-05, 6.26413966529e-05, 6.76050476613e-05, 4.16590446548e-05, 3.45035987266e-05, 4.67459067295e-05, 2.39911678364e-05, 3.35280165018e-05, 3.04550849251e-05, 2.53663292824e-05, 1.96898290596e-05, 2.01630791707e-05, 1.20499025797e-05, 8.23178743303e-06, 8.48815761856e-06, 9.6143276096e-06, 4.86928320242e-06, 1.84778241419e-06, 1.62049900609e-06, 1.45853755384e-06, 1.27089890611e-06, 1.00709837625e-06, 8.54689517382e-07, 7.74841964812e-07, 8.32357216041e-07, 7.12028906946e-07, 6.2219658048e-07, 5.14257408213e-07], "dvar": [1.59642706876e-06, 4.04695128964e-06, 7.30928240955e-06, 3.08994572151e-07, 1.71694040318e-07, 1.8068047325e-07, 7.04810929619e-08, 2.90104082978e-08, 9.59360306751e-08, 1.92602314542e-07, 9.45039957401e-08, 1.54321554646e-07, 2.98148208344e-08, 1.36188074151e-08, 1.23001653307e-08, 4.24339807736e-09, 4.32758895386e-09, 6.51946496788e-09, 1.2474073996e-09, 3.03560243609e-09, 2.52905851816e-09, 1.69358704838e-09, 6.54751863838e-10, 6.71374789096e-10, 2.10495773589e-10, 1.09530065573e-10, 1.03062759715e-10, 1.4783566038e-10, 4.46450341973e-11, 8.28119864349e-12, 6.94023484515e-12, 5.75905469147e-12, 5.99519392463e-12, 2.81672862118e-12, 1.6021465838e-12, 1.30768161057e-12, 2.26892007786e-12, 1.96033510605e-12, 1.11735262969e-12, 1.1147115132e-12], "dvar2": [4.09718268202e-06, 1.0738720448e-05, 1.91494036699e-05, 8.52892810599e-07, 3.86328167679e-07, 3.36495247666e-07, 1.35983441396e-07, 5.23193008917e-08, 2.04599530207e-07, 4.28535457786e-07, 1.78332967948e-07, 3.42733073921e-07, 6.37351931232e-08, 2.99697440198e-08, 2.81150782655e-08, 1.01251433904e-08, 8.76602346267e-09, 1.51076076094e-08, 2.56232302043e-09, 6.15681194915e-09, 5.32205701731e-09, 3.90690679808e-09, 1.56907853377e-09, 1.61685087541e-09, 4.97403174204e-10, 2.57406429505e-10, 2.46222375822e-10, 3.4186842246e-10, 9.62939242233e-11, 2.095385844e-11, 1.66860986833e-11, 1.35160979631e-11, 1.45596000534e-11, 6.05786861646e-12, 3.1548940977e-12, 2.65335149685e-12, 5.09786570596e-12, 4.25366382742e-12, 2.27474202669e-12, 2.36302795907e-12], "max": [0.0177955329418, 0.0471951253712, 0.0521611720324, 0.00977466627955, 0.0150802293792, 0.0128076896071, 0.00742123229429, 0.00730721931905, 0.0135415140539, 0.0138277634978, 0.00914369150996, 0.014090411365, 0.0105356350541, 0.00401309132576, 0.00312445615418, 0.00190371775534, 0.00287079554982, 0.00254284171388, 0.00108305970207, 0.00122474890668, 0.00171652284916, 0.00145895802416, 0.000595625606366, 0.000597717240453, 0.000347297900589, 0.000375205068849, 0.000280784297502, 0.000309280963847, 0.000200980808586, 6.85279082973e-05, 5.30841571162e-05, 5.16355394211e-05, 9.37985096243e-05, 3.06476540572e-05, 3.23164458678e-05, 3.68794171663e-05, 9.11817987799e-05, 9.28405715968e-05, 3.16609730362e-05, 3.42548009939e-05], "mean": [0.000400231074309, 0.000845822214615, 0.0008458486991, 0.000352479692083, 0.00042219273746, 0.000515769352205, 0.000298936705803, 0.000149849845911, 0.000218030647375, 0.000272211444099, 0.000271481520031, 0.000283180648694, 0.000110725552076, 9.36604337767e-05, 0.000100485936855, 5.4433272453e-05, 4.87818506372e-05, 6.5299369453e-05, 3.11777512252e-05, 4.72761603305e-05, 4.11275104852e-05, 3.35488766723e-05, 2.67738687398e-05, 2.79757350654e-05, 1.74291999429e-05, 1.22201336126e-05, 1.32029972519e-05, 1.59013306984e-05, 6.60377963868e-06, 2.04417415262e-06, 1.89842546661e-06, 1.74970625721e-06, 1.47142668538e-06, 1.24208997931e-06, 1.11141889647e-06, 1.03834941001e-06, 1.08227322926e-06, 8.87730948307e-07, 7.51012635192e-07, 5.87530678331e-07], "median": [0.000161967240274, 0.000383864942705, 0.000300515588606, 0.000185467753909, 0.00013923397637, 0.000131133099785, 6.82629906805e-05, 4.95212516398e-05, 5.20128451171e-05, 5.92636606598e-05, 6.35671676719e-05, 4.99237394251e-05, 2.82787423203e-05, 2.3440024961e-05, 1.91511644516e-05, 1.45194371726e-05, 1.15221992019e-05, 1.32250561364e-05, 9.22613799048e-06, 1.07189534901e-05, 9.7628653748e-06, 9.10861399461e-06, 9.99286294245e-06, 1.12546613309e-05, 8.64303365233e-06, 5.1282363529e-06, 5.48125899513e-06, 5.38584981769e-06, 2.66160668616e-06, 7.24576068478e-07, 5.84353415434e-07, 5.39614177342e-07, 3.98204974772e-07, 3.25562638182e-07, 3.58444424364e-07, 3.2675987427e-07, 3.02570754229e-07, 2.42798478212e-07, 1.94255278529e-07, 1.26225984332e-07], "min": [8.19771976058e-25, 9.60877843454e-25, 1.31967594201e-24, 1.79583317327e-24, 2.10498795924e-24, 8.0087865877e-25, 1.4121419772e-24, 1.47380476897e-24, 1.89017502107e-24, 3.1120562711e-24, 1.23492269851e-24, 2.44956003605e-24, 2.5155447009e-24, 2.56432430941e-24, 2.81556053329e-24, 2.9800557814e-24, 2.68058603797e-24, 3.91744420671e-24, 3.45055569667e-24, 4.32517603748e-24, 3.95186536345e-24, 3.47189911732e-24, 3.75716265913e-24, 4.6395706348e-24, 4.02027695887e-24, 4.51145489062e-24, 4.61751368946e-24, 5.42217547861e-24, 4.22037113305e-24, 4.00011919616e-24, 4.50549386319e-24, 6.00781161515e-24, 5.73277171067e-24, 5.68562819968e-24, 5.05460968412e-24, 5.53359774274e-24, 5.25296087013e-24, 5.12202770924e-24, 5.90417106942e-24, 6.17946419825e-24], "var": [1.27055204757e-06, 3.3515323139e-06, 6.93752190273e-06, 3.24991958678e-07, 7.18647356734e-07, 1.0880166883e-06, 4.34114156178e-07, 1.21148815424e-07, 3.45963002246e-07, 5.06134881562e-07, 3.57493377123e-07, 6.91755758453e-07, 1.33480966724e-07, 5.7210201021e-08, 5.71805500726e-08, 1.31644055656e-08, 1.53735975061e-08, 2.81037664251e-08, 3.84455711711e-09, 1.04640776044e-08, 9.25203913482e-09, 5.42768496814e-09, 2.194389781e-09, 2.01508809639e-09, 6.4838612257e-10, 4.41669117945e-10, 4.00119770649e-10, 6.73595179634e-10, 1.2939455063e-10, 1.36101893644e-11, 1.37732230135e-11, 1.19338254556e-11, 1.01336595365e-11, 6.66875756006e-12, 4.23720737316e-12, 3.44085285438e-12, 5.15787326044e-12, 4.26523313196e-12, 2.70127084763e-12, 2.34743864971e-12]}, "melbands_crest": {"dmean": 2.6874396801, "dmean2": 4.16696071625, "dvar": 8.01179599762, "dvar2": 18.6714725494, "max": 35.1112174988, "mean": 13.1018943787, "median": 11.9138746262, "min": 1.6715939045, "var": 32.1520004272}, "melbands_flatness_db": {"dmean": 0.0197029821575, "dmean2": 0.0300179962069, "dvar": 0.00052366964519, "dvar2": 0.00133306276985, "max": 0.464906036854, "mean": 0.185571506619, "median": 0.180218547583, "min": 0.00364067452028, "var": 0.00314496341161}, "melbands_kurtosis": {"dmean": 5.03049850464, "dmean2": 7.9101691246, "dvar": 176.191146851, "dvar2": 440.540252686, "max": 637.655212402, "mean": 9.48393249512, "median": 3.55195045471, "min": -1.83636963367, "var": 500.279296875}, "melbands_skewness": {"dmean": 0.553795397282, "dmean2": 0.81786441803, "dvar": 0.634264349937, "dvar2": 1.45017206669, "max": 20.5036087036, "mean": 1.99382388592, "median": 1.63083314896, "min": -1.29466211796, "var": 3.04673981667}, "melbands_spread": {"dmean": 6.07916641235, "dmean2": 9.34482955933, "dvar": 58.6014251709, "dvar2": 140.146591187, "max": 216.818603516, "mean": 28.5506801605, "median": 24.4249668121, "min": 0.639518380165, "var": 377.574401855}, "mfcc": {"cov": [[8784.16308594, 285.058868408, -450.509429932, 126.176574707, 48.2644538879, -110.006347656, 149.150543213, 82.4928207397, 18.3758716583, 110.922523499, -127.813941956, -18.4156417847, 97.0349502563], [285.058868408, 1237.65844727, -168.338897705, 13.3700895309, -32.2753143311, 94.4960861206, 7.16089105606, 49.5011177063, 21.5388374329, 43.6649856567, 88.5410232544, -8.4363079071, 10.6908187866], [-450.509429932, -168.338897705, 900.089477539, 56.2539176941, 32.069644928, 46.1722640991, -67.2473754883, 4.96396541595, -48.2147331238, -50.7362251282, -7.4298043251, 6.28024435043, -82.1985015869], [126.176574707, 13.3700895309, 56.2539176941, 316.314239502, 83.2211685181, 33.4881629944, -40.7375106812, 24.8511734009, 18.3558940887, -60.5084190369, 16.0279350281, 7.05713224411, 16.4405002594], [48.2644538879, -32.2753143311, 32.069644928, 83.2211685181, 233.820007324, -48.8214569092, 26.2852058411, -20.2381191254, 5.92693042755, 20.7564640045, -40.1355056763, 36.5079574585, 22.5316295624], [-110.006347656, 94.4960861206, 46.1722640991, 33.4881629944, -48.8214569092, 401.025238037, 17.6610965729, 87.1471099854, 38.8278465271, -50.7803153992, 133.278656006, -66.2914886475, -15.4126644135], [149.150543213, 7.16089105606, -67.2473754883, -40.7375106812, 26.2852058411, 17.6610965729, 244.751281738, 42.8606491089, -1.61202907562, 65.4088592529, -46.1672859192, -2.94558858871, 2.92632555962], [82.4928207397, 49.5011177063, 4.96396541595, 24.8511734009, -20.2381191254, 87.1471099854, 42.8606491089, 171.572250366, 76.2179718018, -12.393237114, 27.677110672, -23.4218273163, 2.17503523827], [18.3758716583, 21.5388374329, -48.2147331238, 18.3558940887, 5.92693042755, 38.8278465271, -1.61202907562, 76.2179718018, 181.955383301, 24.5571403503, 32.8893089294, -24.2299671173, 4.70757007599], [110.922523499, 43.6649856567, -50.7362251282, -60.5084190369, 20.7564640045, -50.7803153992, 65.4088592529, -12.393237114, 24.5571403503, 175.075897217, 4.37029027939, 7.98552894592, -12.3809947968], [-127.813941956, 88.5410232544, -7.4298043251, 16.0279350281, -40.1355056763, 133.278656006, -46.1672859192, 27.677110672, 32.8893089294, 4.37029027939, 180.491577148, 12.0013771057, 2.67744493484], [-18.4156417847, -8.4363079071, 6.28024435043, 7.05713224411, 36.5079574585, -66.2914886475, -2.94558858871, -23.4218273163, -24.2299671173, 7.98552894592, 12.0013771057, 124.910346985, 44.7809028625], [97.0349502563, 10.6908187866, -82.1985015869, 16.4405002594, 22.5316295624, -15.4126644135, 2.92632555962, 2.17503523827, 4.70757007599, -12.3809947968, 2.67744493484, 44.7809028625, 109.702033997]], "icov": [[0.000123127072584, -2.13242365135e-05, 4.97410692333e-05, -8.29077325761e-05, 1.96075161512e-05, 1.17464342111e-05, -1.43338966154e-05, -7.98885521363e-05, 4.48729806521e-05, -0.000103377300547, 0.000104217426269, 4.19337047788e-05, -9.08007932594e-05], [-2.13242365135e-05, 0.000884457665961, 0.000162902055308, -7.73413048591e-05, 4.36039335909e-05, -0.000126752245706, 8.92963435035e-05, -0.000238776701735, 0.000169391423697, -0.000295172649203, -0.000297016114928, 8.53048368299e-06, 5.09309575136e-06], [4.97410692333e-05, 0.000162902055308, 0.00138593104202, -0.000159713847097, -0.000260758009972, -0.000338303128956, 0.000477385416161, -0.00040968004032, 0.00043517924496, 4.44320794486e-05, 0.000344806176145, -0.000603017397225, 0.00122801936232], [-8.29077325761e-05, -7.73413048591e-05, -0.000159713847097, 0.00412736600265, -0.00177433318458, -5.13363702339e-05, 0.000493304105476, -0.000524317089003, -0.000222626607865, 0.00145220721606, -0.000545300426893, 0.000140647112858, -0.000173549022293], [1.96075161512e-05, 4.36039335909e-05, -0.000260758009972, -0.00177433318458, 0.00572702800855, -0.000120815013361, -0.000618583580945, 0.000978854601271, -0.000770752667449, -0.00103736447636, 0.00146441569086, -0.00142856920138, -0.000683811318595], [1.17464342111e-05, -0.000126752245706, -0.000338303128956, -5.13363702339e-05, -0.000120815013361, 0.00480702938512, -0.0014383069938, -0.000970700581092, 0.000176856046892, 0.00170676107518, -0.00399014772847, 0.002819245914, -0.000354444899131], [-1.43338966154e-05, 8.92963435035e-05, 0.000477385416161, 0.000493304105476, -0.000618583580945, -0.0014383069938, 0.00606846436858, -0.00219460809603, 0.00114980479702, -0.00266434415244, 0.00264053954743, -0.000754936947487, -1.196077028e-05], [-7.98885521363e-05, -0.000238776701735, -0.00040968004032, -0.000524317089003, 0.000978854601271, -0.000970700581092, -0.00219460809603, 0.00901696272194, -0.00373894278891, 0.00136819889303, -0.000279249303276, 0.000200443304493, -0.000352263799869], [4.48729806521e-05, 0.000169391423697, 0.00043517924496, -0.000222626607865, -0.000770752667449, 0.000176856046892, 0.00114980479702, -0.00373894278891, 0.00780687527731, -0.00176265311893, -0.000924857042264, 0.00159689877182, -0.000633382645901], [-0.000103377300547, -0.000295172649203, 4.44320794486e-05, 0.00145220721606, -0.00103736447636, 0.00170676107518, -0.00266434415244, 0.00136819889303, -0.00176265311893, 0.00848271977156, -0.00235020346008, 9.23489133129e-05, 0.00148532877211], [0.000104217426269, -0.000297016114928, 0.000344806176145, -0.000545300426893, 0.00146441569086, -0.00399014772847, 0.00264053954743, -0.000279249303276, -0.000924857042264, -0.00235020346008, 0.0102772619575, -0.00367820984684, 0.000375642295694], [4.19337047788e-05, 8.53048368299e-06, -0.000603017397225, 0.000140647112858, -0.00142856920138, 0.002819245914, -0.000754936947487, 0.000200443304493, 0.00159689877182, 9.23489133129e-05, -0.00367820984684, 0.0123521042988, -0.00481568742543], [-9.08007932594e-05, 5.09309575136e-06, 0.00122801936232, -0.000173549022293, -0.000683811318595, -0.000354444899131, -1.196077028e-05, -0.000352263799869, -0.000633382645901, 0.00148532877211, 0.000375642295694, -0.00481568742543, 0.0123909572139]], "mean": [-659.671508789, 118.736549377, -13.2322883606, 19.6498012543, 2.59719967842, -6.98192310333, 5.00386142731, 3.94987869263, -3.96477413177, 2.34651589394, -7.01364803314, -2.80961728096, -3.30874609947]}, "pitch_salience": {"dmean": 0.0567697696388, "dmean2": 0.0900428593159, "dvar": 0.00347331818193, "dvar2": 0.00850193668157, "max": 0.848607480526, "mean": 0.510073125362, "median": 0.513599932194, "min": 0.0963189527392, "var": 0.0121013270691}, "silence_rate_20dB": {"dmean": 0, "dmean2": 0, "dvar": 0, "dvar2": 0, "max": 1, "mean": 1, "median": 1, "min": 1, "var": 0}, "silence_rate_30dB": {"dmean": 0.00228963932022, "dmean2": 0.0045797158964, "dvar": 0.00228430703282, "dvar2": 0.00551110459492, "max": 1, "mean": 0.998187541962, "median": 1, "min": 0, "var": 0.00180912413634}, "silence_rate_60dB": {"dmean": 0.0135470330715, "dmean2": 0.0270966514945, "dvar": 0.0133631527424, "dvar2": 0.0297956969589, "max": 1, "mean": 0.077649526298, "median": 0, "min": 0, "var": 0.0716233626008}, "spectral_centroid": {"dmean": 207.507400513, "dmean2": 321.896026611, "dvar": 68631.296875, "dvar2": 164126.875, "max": 11687.1201172, "mean": 1583.12939453, "median": 1457.94763184, "min": 238.515045166, "var": 1295314.625}, "spectral_complexity": {"dmean": 2.34859752655, "dmean2": 3.75841999054, "dvar": 7.99475955963, "dvar2": 18.4951286316, "max": 54, "mean": 16.7880382538, "median": 17, "min": 0, "var": 61.2060317993}, "spectral_contrast_coeffs": {"dmean": [0.0408989973366, 0.0382552035153, 0.0361270308495, 0.0304314959794, 0.0241754315794, 0.0163004081696], "dmean2": [0.0664275437593, 0.060016438365, 0.0546237230301, 0.048118032515, 0.0373332425952, 0.0258494596928], "dvar": [0.0015192583669, 0.00104235543404, 0.000936751544941, 0.000663309532683, 0.000508269353304, 0.000269717362244], "dvar2": [0.00376976281404, 0.00247746286914, 0.00205977726728, 0.00158751499839, 0.00110269023571, 0.000667163636535], "max": [-0.272733032703, -0.367924541235, -0.322853475809, -0.449627071619, -0.517956912518, -0.640822768211], "mean": [-0.640342891216, -0.687549710274, -0.690088689327, -0.715796947479, -0.728099405766, -0.775801301003], "median": [-0.651047945023, -0.694286048412, -0.694994211197, -0.718539178371, -0.72806251049, -0.775513648987], "min": [-0.982627570629, -0.980541527271, -0.976573050022, -0.970558941364, -0.969311714172, -0.964347779751], "var": [0.00840057432652, 0.00849526748061, 0.00826473999768, 0.00578276114538, 0.00485310517251, 0.00259451172315]}, "spectral_contrast_valleys": {"dmean": [0.339530050755, 0.289187759161, 0.283665031195, 0.262050151825, 0.239103093743, 0.280279070139], "dmean2": [0.545458495617, 0.464005053043, 0.446023970842, 0.419859498739, 0.363689959049, 0.34787851572], "dvar": [0.134621590376, 0.0817092135549, 0.082908667624, 0.089861176908, 0.118667468429, 0.148790255189], "dvar2": [0.289061814547, 0.182835489511, 0.176402240992, 0.193177178502, 0.242602586746, 0.237966895103], "max": [-5.52735090256, -5.01190423965, -5.58556556702, -5.72880792618, -5.46085739136, -7.67892599106], "mean": [-7.92942285538, -7.42588663101, -7.9787402153, -8.48268508911, -8.18393230438, -10.6672525406], "median": [-7.47657966614, -7.09702587128, -7.67142963409, -8.17721176147, -7.84905147552, -10.3760547638], "min": [-27.9873943329, -28.0051631927, -27.6803398132, -27.6669158936, -27.5628910065, -27.5125427246], "var": [5.06961965561, 5.04093790054, 4.7966427803, 4.64131832123, 4.83210468292, 4.17116355896]}, "spectral_decrease": {"dmean": 1.71214120659e-09, "dmean2": 2.59620280829e-09, "dvar": 1.15978637998e-17, "dvar2": 2.87271488759e-17, "max": 1.65615530743e-28, "mean": -5.41469669102e-09, "median": -4.62237803589e-09, "min": -6.09942176766e-08, "var": 2.09241208928e-17}, "spectral_energy": {"dmean": 0.00681388704106, "dmean2": 0.0102498885244, "dvar": 0.000174562068423, "dvar2": 0.00042821970419, "max": 0.239235714078, "mean": 0.022402215749, "median": 0.0193791911006, "min": 1.01250905555e-20, "var": 0.000340801634593}, "spectral_energyband_high": {"dmean": 0.000269744428806, "dmean2": 0.000380182405934, "dvar": 2.37406780457e-07, "dvar2": 4.69261863145e-07, "max": 0.0121906343848, "mean": 0.000691487337463, "median": 0.000374671188183, "min": 7.14740514016e-21, "var": 7.72393264015e-07}, "spectral_energyband_low": {"dmean": 0.00334898475558, "dmean2": 0.00535768317059, "dvar": 0.000105873201392, "dvar2": 0.000261848530499, "max": 0.166260004044, "mean": 0.00472979992628, "median": 0.00192744249944, "min": 1.27320525049e-23, "var": 0.000108417203592}, "spectral_energyband_middle_high": {"dmean": 0.00194153201301, "dmean2": 0.00283707515337, "dvar": 1.11578656288e-05, "dvar2": 2.38126503973e-05, "max": 0.0944822132587, "mean": 0.00790331326425, "median": 0.00426318543032, "min": 1.21086034253e-21, "var": 8.6147847469e-05}, "spectral_energyband_middle_low": {"dmean": 0.00376754812896, "dmean2": 0.00576213840395, "dvar": 7.39498791518e-05, "dvar2": 0.000190755090443, "max": 0.153373971581, "mean": 0.0104443561286, "median": 0.00683942856267, "min": 1.46563590919e-22, "var": 0.000128508210764}, "spectral_entropy": {"dmean": 0.146278634667, "dmean2": 0.204395800829, "dvar": 0.0289719104767, "dvar2": 0.0559040904045, "max": 9.82510185242, "mean": 7.33078193665, "median": 7.29088687897, "min": 5.45019578934, "var": 0.24268451333}, "spectral_flux": {"dmean": 0.0218093711883, "dmean2": 0.033428363502, "dvar": 0.000978748779744, "dvar2": 0.00214484310709, "max": 0.412445962429, "mean": 0.0652141571045, "median": 0.0549580380321, "min": 6.40432290533e-11, "var": 0.00215503713116}, "spectral_kurtosis": {"dmean": 1.51524376869, "dmean2": 2.52104496956, "dvar": 3.66053032875, "dvar2": 9.29138755798, "max": 49.1601982117, "mean": 5.34693956375, "median": 4.82914543152, "min": -1.26121485233, "var": 12.5699481964}, "spectral_rms": {"dmean": 0.000609530427027, "dmean2": 0.000875692756381, "dvar": 8.34058880628e-07, "dvar2": 1.84268265002e-06, "max": 0.0152774574235, "mean": 0.0042788926512, "median": 0.00434816395864, "min": 3.14295030973e-12, "var": 3.54696203431e-06}, "spectral_rolloff": {"dmean": 418.307678223, "dmean2": 707.23614502, "dvar": 657813.5625, "dvar2": 1440791.5, "max": 19724.4140625, "mean": 1873.05847168, "median": 1507.32421875, "min": 86.1328125, "var": 4524168}, "spectral_skewness": {"dmean": 0.190291330218, "dmean2": 0.306989133358, "dvar": 0.0431849658489, "dvar2": 0.101176969707, "max": 5.37832069397, "mean": 1.63111329079, "median": 1.61186683178, "min": -0.101967543364, "var": 0.236692324281}, "spectral_spread": {"dmean": 521201.9375, "dmean2": 729836.1875, "dvar": 701280026624, "dvar2": 13601