{"lowlevel": {"average_loudness": 0.785104334354, "barkbands": {"dmean": [3.15545221383e-05, 0.00212325900793, 0.00179449492134, 0.00195140775759, 0.00220572180115, 0.000578198814765, 0.000655208248645, 0.000610713614151, 0.00109154789243, 0.00087798939785, 0.00052739365492, 0.00043866049964, 0.000309198978357, 0.000201230621315, 0.00021161987388, 8.46668626764e-05, 6.92996181897e-05, 4.3473803089e-05, 2.76432292594e-05, 2.42371352215e-05, 1.85700901056e-05, 2.22394064622e-05, 2.33395712712e-05, 2.83056979242e-05, 3.32632007485e-05, 3.49780179931e-06, 4.10426785891e-08], "dmean2": [4.64453514724e-05, 0.00375896575861, 0.00305176270194, 0.00319745671004, 0.00359945558012, 0.000874815916177, 0.000976260635071, 0.000913175172172, 0.00160883564968, 0.00122683460359, 0.000740925548598, 0.000598146056291, 0.000449049577583, 0.000292752636597, 0.00031504832441, 0.000125473394291, 0.00010686674068, 6.62011661916e-05, 4.39043578808e-05, 3.66658714483e-05, 2.94353721983e-05, 3.34857686539e-05, 3.58631514246e-05, 4.48216269433e-05, 5.52921192138e-05, 5.93706045038e-06, 7.03605778085e-08], "dvar": [6.74291822378e-09, 3.8753150875e-05, 1.77232705028e-05, 1.9877399609e-05, 1.46277134263e-05, 9.47524370076e-07, 3.05675871459e-06, 3.01056229546e-06, 9.45031297306e-06, 7.45514580558e-06, 2.99608768728e-06, 1.754989853e-06, 1.14504518933e-06, 5.00258693137e-07, 6.40567918708e-07, 9.29452284026e-08, 3.23880193775e-08, 8.39880076597e-09, 3.27269744638e-09, 2.74182343496e-09, 2.37583752671e-09, 4.40856062767e-09, 4.71800865043e-09, 8.16377543345e-09, 1.186225429e-08, 1.77050221706e-10, 2.69564762629e-14], "dvar2": [1.40235432156e-08, 0.000107927742647, 4.84992706333e-05, 4.82143950649e-05, 3.73505936295e-05, 2.10788653021e-06, 6.01065312367e-06, 6.4361497607e-06, 1.88991889445e-05, 1.31399383463e-05, 5.20972298546e-06, 3.10742848342e-06, 2.05556148103e-06, 9.74160343503e-07, 1.38676625738e-06, 1.67481871927e-07, 6.73451197031e-08, 1.80278441064e-08, 8.38041636086e-09, 6.41294839454e-09, 5.76419534326e-09, 9.08102304464e-09, 1.13368292531e-08, 2.01856504844e-08, 3.02037364008e-08, 4.64154270574e-10, 7.01181327627e-14], "max": [0.000814136757981, 0.0627040117979, 0.0519293807447, 0.0969728901982, 0.0892802923918, 0.0238848924637, 0.049753986299, 0.0454241409898, 0.05925815925, 0.0773624256253, 0.0533397756517, 0.0428088605404, 0.0450812615454, 0.0219643376768, 0.0217233449221, 0.0120339281857, 0.0078248269856, 0.00273316190578, 0.00143790454604, 0.000983959878795, 0.0010855095461, 0.00234037009068, 0.0012600912014, 0.00216678646393, 0.00182686699554, 0.000319744693115, 3.72800241166e-06], "mean": [3.38426580129e-05, 0.00249906047247, 0.00366308470257, 0.00360257038847, 0.0042629390955, 0.00116896419786, 0.00144334777724, 0.00120248924941, 0.00261035584845, 0.00198780605569, 0.00121186545584, 0.00086865760386, 0.000616274308413, 0.000351800932549, 0.000385387596907, 0.000173400927451, 0.000148368475493, 9.97745883069e-05, 5.1628700021e-05, 4.39254508819e-05, 2.83005647361e-05, 3.51146554749e-05, 3.3384651033e-05, 3.31819865096e-05, 2.78854495264e-05, 2.7801311262e-06, 3.08046494979e-08], "median": [2.81050188278e-06, 0.000819313107058, 0.00119839445688, 0.00123645714484, 0.00201938813552, 0.000662058009766, 0.000372135837097, 0.000212706698221, 0.000256287836237, 0.000176956018549, 0.000129768450279, 0.000105353807157, 8.50280266604e-05, 4.39513023593e-05, 7.82329007052e-05, 3.95646275138e-05, 5.2328898164e-05, 3.32110794261e-05, 2.44295752054e-05, 1.99485384655e-05, 9.95479604171e-06, 8.34998627397e-06, 8.91120180313e-06, 7.54396705815e-06, 1.64163827776e-06, 9.25168635035e-08, 2.9728624007e-09], "min": [4.69592232191e-25, 4.24406614806e-24, 1.91162848782e-24, 1.28875338339e-24, 5.39790065083e-24, 6.19434093163e-24, 9.27335024169e-24, 1.10045733402e-23, 2.34166196858e-23, 1.29026665526e-23, 1.70512000674e-23, 1.75057180551e-23, 3.21387297041e-23, 4.43772219174e-23, 3.55210244778e-23, 4.52658547944e-23, 5.90103108747e-23, 8.67959925079e-23, 1.15841560737e-22, 1.61214101081e-22, 2.56925812161e-22, 3.27940080591e-22, 3.87982694846e-22, 5.49494505722e-22, 8.669989789e-22, 1.36808726292e-21, 2.03897557224e-21], "var": [8.45340419886e-09, 2.93694283755e-05, 3.17938429362e-05, 4.03416124755e-05, 4.48584687547e-05, 2.55847862718e-06, 1.07590303742e-05, 1.03724323708e-05, 4.62225434603e-05, 3.83305086871e-05, 1.98465349968e-05, 6.53889719615e-06, 4.5258893806e-06, 1.62967683082e-06, 1.63081426763e-06, 3.16010186907e-07, 1.25344612911e-07, 3.83582730024e-08, 6.91331969449e-09, 5.28049115545e-09, 3.26948268459e-09, 8.61952464959e-09, 6.67245103614e-09, 9.35528898793e-09, 1.01530970298e-08, 1.41625988714e-10, 1.96890995939e-14]}, "barkbands_crest": {"dmean": 2.14240789413, "dmean2": 3.44208478928, "dvar": 4.28764629364, "dvar2": 10.6706161499, "max": 26.3481235504, "mean": 10.8261213303, "median": 9.93485546112, "min": 2.70410633087, "var": 18.6098957062}, "barkbands_flatness_db": {"dmean": 0.0215877909213, "dmean2": 0.0317273177207, "dvar": 0.000497963686939, "dvar2": 0.00105423794594, "max": 0.394761234522, "mean": 0.190951153636, "median": 0.18796749413, "min": 0.0199324861169, "var": 0.00296946871094}, "barkbands_kurtosis": {"dmean": 3.74615168571, "dmean2": 5.80256223679, "dvar": 68.9166183472, "dvar2": 130.209777832, "max": 531.675292969, "mean": 7.8357629776, "median": 4.01532745361, "min": -1.86509406567, "var": 274.855621338}, "barkbands_skewness": {"dmean": 0.523939073086, "dmean2": 0.773046314716, "dvar": 0.367615938187, "dvar2": 0.734354257584, "max": 21.7298164368, "mean": 1.76061081886, "median": 1.6971462965, "min": -2.24391007423, "var": 2.70267987251}, "barkbands_spread": {"dmean": 3.37073421478, "dmean2": 5.12502098083, "dvar": 23.0451946259, "dvar2": 51.8193511963, "max": 87.7317810059, "mean": 12.6309642792, "median": 10.9419412613, "min": 0.686206102371, "var": 69.4375534058}, "dissonance": {"dmean": 0.0284253954887, "dmean2": 0.0476948916912, "dvar": 0.000829426222481, "dvar2": 0.00232944381423, "max": 0.500000119209, "mean": 0.432117670774, "median": 0.443564146757, "min": 0.129545286298, "var": 0.00226313760504}, "dynamic_complexity": 5.39723825455, "erbbands": {"dmean": [0.041004512459, 0.563063442707, 1.91516697407, 4.33647298813, 7.247194767, 8.49385166168, 4.60234498978, 5.44639110565, 7.84894323349, 9.96449184418, 16.1858463287, 26.8509750366, 28.4486503601, 25.5896987915, 15.1665992737, 17.6665039062, 12.8152856827, 11.340130806, 11.3926258087, 6.05231809616, 4.16671228409, 2.93464446068, 2.55785942078, 1.54375362396, 1.39467597008, 1.00116574764, 0.865298211575, 0.736430048943, 0.629936218262, 0.728973329067, 0.654685378075, 0.6437458992, 0.457807898521, 0.377117395401, 0.242537260056, 0.0371901914477, 0.00362566276453, 0.000322010891978, 1.32671430038e-05, 9.27886503632e-06], "dmean2": [0.0669922158122, 1.02474331856, 3.33960008621, 7.09137058258, 11.9397239685, 13.8384103775, 7.17104244232, 8.28901481628, 11.8349266052, 14.3981819153, 23.8407669067, 39.0727615356, 38.8236656189, 33.9173774719, 20.2647857666, 24.2961425781, 17.9362926483, 16.0344257355, 16.5331935883, 8.63154792786, 5.85129928589, 4.37085056305, 3.82837104797, 2.40338110924, 2.17392015457, 1.50986468792, 1.35097444057, 1.11258339882, 0.94532585144, 1.12100160122, 1.01230466366, 0.993004024029, 0.733963489532, 0.620801210403, 0.411096185446, 0.0632741451263, 0.00611528148875, 0.000544375972822, 2.15984982788e-05, 1.44234536492e-05], "dvar": [0.0134351234883, 2.77517008781, 22.5240631104, 100.309776306, 181.885314941, 262.303894043, 91.1909103394, 97.8120651245, 346.388519287, 917.127258301, 2338.00146484, 5902.30517578, 7746.95703125, 6143.32470703, 2235.95458984, 2825.01806641, 1969.1895752, 1310.21484375, 1811.32824707, 568.246276855, 169.794036865, 57.2041816711, 28.7579956055, 12.0687007904, 8.77429962158, 4.54956245422, 5.0709104538, 4.83068847656, 3.15976929665, 4.32513570786, 4.34896993637, 3.45324707031, 2.33995842934, 1.52273964882, 0.763632833958, 0.0179631412029, 0.000177168170922, 1.57510044119e-06, 1.37236744191e-09, 2.5108853885e-10], "dvar2": [0.0343269258738, 7.88125896454, 62.8381156921, 254.255462646, 451.293365479, 647.542724609, 205.951934814, 219.996444702, 706.397705078, 1854.99475098, 4876.86669922, 11879.9101562, 13712.9296875, 10052.3642578, 3853.61669922, 5005.24609375, 3277.89770508, 2549.10571289, 3643.69482422, 1207.56164551, 301.417175293, 120.906494141, 60.4551620483, 31.7389621735, 21.5345134735, 10.1773443222, 12.3304185867, 10.0154886246, 7.00388717651, 9.98600959778, 10.7072515488, 8.31724357605, 5.86120843887, 3.79894399643, 2.01811099052, 0.0473321527243, 0.000456886249594, 4.08501637139e-06, 3.49018858259e-09, 6.07642214323e-10], "max": [1.26421701908, 15.8722343445, 58.0566635132, 242.812469482, 274.433410645, 523.31439209, 325.791473389, 240.573822021, 463.239227295, 804.850952148, 1238.47937012, 1749.33679199, 2550.52807617, 1933.85107422, 1813.36254883, 1333.19970703, 2347.52172852, 1220.43969727, 1544.24755859, 895.407165527, 506.019775391, 286.451812744, 161.841842651, 105.855392456, 69.3132781982, 41.8443183899, 48.944442749, 86.6814880371, 48.5138587952, 47.5401725769, 52.4032363892, 40.5312042236, 39.4679298401, 25.5560035706, 15.3520383835, 2.51057648659, 0.270906031132, 0.0337289944291, 0.00068152626045, 0.000184403761523], "mean": [0.0456369742751, 0.68656027317, 3.62864732742, 9.1471824646, 12.4717731476, 15.9921731949, 9.98201560974, 10.6372594833, 17.0121498108, 21.428943634, 32.3471183777, 66.474647522, 63.5513496399, 67.1465835571, 35.8924751282, 36.9517974854, 26.7764186859, 23.320941925, 23.3940010071, 12.514424324, 9.83003044128, 7.45981311798, 6.24985074997, 3.41325950623, 2.58167552948, 1.87145745754, 1.38257098198, 1.21193182468, 0.989632129669, 1.04024291039, 0.890162825584, 0.844031095505, 0.512629687786, 0.341207295656, 0.186808004975, 0.0292488895357, 0.00286680669524, 0.000251102028415, 2.15917152673e-05, 3.11725016218e-05], "median": [0.0135096032172, 0.257737159729, 1.4256695509, 3.63046002388, 6.3377532959, 6.05730056763, 4.03517866135, 6.01081132889, 5.72143173218, 5.88346910477, 7.89165735245, 8.38768005371, 7.95207834244, 7.62009334564, 4.95680904388, 5.26984882355, 4.52011632919, 3.71027255058, 4.1296005249, 3.41215658188, 2.73609161377, 2.51524019241, 2.13931012154, 1.51103377342, 1.23350262642, 0.900217235088, 0.573555886745, 0.341283172369, 0.266495704651, 0.288099467754, 0.241669401526, 0.20677036047, 0.0946963205934, 0.02981925942, 0.00691565452144, 0.000984443817288, 0.000134396017529, 1.68272526935e-05, 1.31944279929e-05, 2.54025453614e-05], "min": [7.02801481607e-23, 8.21608048631e-22, 2.56003978337e-21, 6.45237349671e-21, 1.03484462845e-20, 1.98015244859e-20, 5.35273065715e-20, 5.09875583606e-20, 9.85380843408e-20, 1.88128904963e-19, 2.70681904912e-19, 4.13404966121e-19, 3.94937874602e-19, 6.57805972953e-19, 7.53714773244e-19, 1.11129637005e-18, 1.45161346671e-18, 1.68180769822e-18, 2.41703395079e-18, 2.86541919595e-18, 3.55284164695e-18, 4.40435336363e-18, 5.32397802708e-18, 6.16074235421e-18, 7.62495502242e-18, 7.74421130569e-18, 8.30494877113e-18, 9.4088163355e-18, 1.0854149847e-17, 1.15589573597e-17, 1.04503285438e-17, 1.106235038e-17, 9.17643648602e-18, 8.07786453193e-18, 6.05468828711e-18, 4.05164561839e-18, 2.35421433956e-18, 9.56220891509e-19, 2.60983987711e-19, 2.67245690018e-20], "var": [0.0119270803407, 2.00626397133, 29.3601112366, 215.437225342, 310.169708252, 938.001464844, 502.400726318, 227.769622803, 1114.26086426, 2727.28051758, 6933.89453125, 30472.4863281, 35593.7148438, 41259.6992188, 10153.6962891, 11068.0722656, 7656.52832031, 4960.69873047, 6489.27392578, 1230.98986816, 809.895935059, 311.276550293, 149.23979187, 31.3999652863, 17.350315094, 8.52911663055, 6.94468593597, 9.7939863205, 5.49850177765, 6.24948596954, 5.37783432007, 4.46031951904, 2.67715406418, 1.44123876095, 0.570122420788, 0.0140136694536, 0.000143634082633, 1.19767344131e-06, 1.2839596053e-09, 7.44682260301e-10]}, "erbbands_crest": {"dmean": 2.51956367493, "dmean2": 3.95077395439, "dvar": 6.11292648315, "dvar2": 14.0669174194, "max": 32.6920547485, "mean": 10.924123764, "median": 9.63220119476, "min": 2.05369544029, "var": 30.6630744934}, "erbbands_flatness_db": {"dmean": 0.0198431648314, "dmean2": 0.0266376249492, "dvar": 0.000416639551986, "dvar2": 0.000718651921488, "max": 0.401253163815, "mean": 0.199513763189, "median": 0.1933349967, "min": 0.0213907044381, "var": 0.00407578004524}, "erbbands_kurtosis": {"dmean": 1.28633058071, "dmean2": 1.98698687553, "dvar": 4.58554649353, "dvar2": 10.4521903992, "max": 57.8306770325, "mean": 2.06358742714, "median": 0.434018135071, "min": -1.78396260738, "var": 22.5559959412}, "erbbands_skewness": {"dmean": 0.361544758081, "dmean2": 0.550489068031, "dvar": 0.130816668272, "dvar2": 0.299141824245, "max": 6.48682165146, "mean": 0.638521969318, "median": 0.593446969986, "min": -2.58928990364, "var": 0.636060714722}, "erbbands_spread": {"dmean": 6.58692789078, "dmean2": 9.67612457275, "dvar": 69.9631271362, "dvar2": 144.393264771, "max": 151.653274536, "mean": 31.8313541412, "median": 29.3800868988, "min": 1.75701594353, "var": 440.301818848}, "gfcc": {"cov": [[27595.2929688, 2722.15112305, -2613.97900391, 802.923583984, -1433.79272461, 794.608703613, -729.80847168, 208.142623901, -382.649780273, -412.343048096, -64.0982971191, -570.382507324, 12.3626594543], [2722.15112305, 1337.13427734, -512.942810059, -110.645828247, 33.8006706238, -153.113815308, 110.412239075, -133.672729492, 115.406219482, -229.069763184, 97.4700393677, -150.598724365, 41.263999939], [-2613.97900391, -512.942810059, 1089.37316895, 198.070465088, 197.297851562, 39.4596252441, -40.7342567444, 109.12852478, -48.5541191101, 161.197158813, -60.5484008789, 120.437736511, -20.678604126], [802.923583984, -110.645828247, 198.070465088, 633.684326172, 3.55949258804, 10.22859478, -106.359474182, -32.745880127, 49.7903823853, 81.5380477905, -50.1514167786, 23.585231781, 7.39058732986], [-1433.79272461, 33.8006706238, 197.297851562, 3.55949258804, 403.302124023, -5.0334072113, 42.2090911865, 18.6670417786, 27.9561824799, 35.2619400024, 7.3638882637, 25.9881515503, 7.28870296478], [794.608703613, -153.113815308, 39.4596252441, 10.22859478, -5.0334072113, 315.809661865, 46.7506484985, 53.1202430725, -67.99609375, 33.333065033, 15.6405878067, -1.27574729919, -21.8892402649], [-729.80847168, 110.412239075, -40.7342567444, -106.359474182, 42.2090911865, 46.7506484985, 266.682678223, -29.7391700745, 32.9476737976, -42.4751739502, 51.7374649048, -8.04853343964, 6.1523194313], [208.142623901, -133.672729492, 109.12852478, -32.745880127, 18.6670417786, 53.1202430725, -29.7391700745, 185.424179077, -20.0991287231, 27.8848590851, -17.9340801239, 10.6328735352, -0.846984982491], [-382.649780273, 115.406219482, -48.5541191101, 49.7903823853, 27.9561824799, -67.99609375, 32.9476737976, -20.0991287231, 144.74571228, -10.0590457916, 15.5696983337, -18.9520950317, 12.7624912262], [-412.343048096, -229.069763184, 161.197158813, 81.5380477905, 35.2619400024, 33.333065033, -42.4751739502, 27.8848590851, -10.0590457916, 165.556396484, -28.6997642517, 50.2328071594, -20.9897117615], [-64.0982971191, 97.4700393677, -60.5484008789, -50.1514167786, 7.3638882637, 15.6405878067, 51.7374649048, -17.9340801239, 15.5696983337, -28.6997642517, 120.079460144, -3.62503862381, 10.4168748856], [-570.382507324, -150.598724365, 120.437736511, 23.585231781, 25.9881515503, -1.27574729919, -8.04853343964, 10.6328735352, -18.9520950317, 50.2328071594, -3.62503862381, 106.259140015, 10.7499027252], [12.3626594543, 41.263999939, -20.678604126, 7.39058732986, 7.28870296478, -21.8892402649, 6.1523194313, -0.846984982491, 12.7624912262, -20.9897117615, 10.4168748856, 10.7499027252, 68.0515289307]], "icov": [[0.000282203545794, -0.000819003442302, 0.000476102548419, -0.000590600538999, 0.000740476243664, -0.000899786362424, 0.000698088668287, -0.00084760406753, 0.000904024171177, -0.000216632077354, 0.000298037601169, 0.000175034248969, -9.78640237008e-05], [-0.000819003442302, 0.00371924368665, -0.00103048153687, 0.0016397011932, -0.00254741637036, 0.00303028034978, -0.00219810660928, 0.002808367135, -0.00290460535325, 0.00161882303655, -0.00138715258799, 0.000554897531401, 5.2316878282e-05], [0.000476102548419, -0.00103048153687, 0.0022818450816, -0.00143702991772, 0.000591276504565, -0.00124220841099, 0.000913488562219, -0.00203180219978, 0.00196969462559, -0.000683696765918, 0.000621570972726, -0.000383949954994, 0.000202257564524], [-0.000590600538999, 0.0016397011932, -0.00143702991772, 0.00339646125212, -0.0013522838708, 0.00124274450354, -0.000491294777021, 0.00268611777574, -0.00320931361057, -0.000153724322445, -1.13621836135e-05, -0.000386089959648, -0.000452877779026], [0.000740476243664, -0.00254741637036, 0.000591276504565, -0.0013522838708, 0.00495069520548, -0.00242558820173, 0.00146007351577, -0.00237810146064, 0.00179103238042, -0.00124592869543, 0.00074813113315, 9.61473488132e-05, -0.000585272442549], [-0.000899786362424, 0.00303028034978, -0.00124220841099, 0.00124274450354, -0.00242558820173, 0.00737675046548, -0.00371820200235, 0.00140581396408, -0.000459323433461, -4.58580507257e-05, -0.00207505188882, 0.000614912132733, 0.00109229749069], [0.000698088668287, -0.00219810660928, 0.000913488562219, -0.000491294777021, 0.00146007351577, -0.00371820200235, 0.00688868807629, -0.00100381218363, 0.000398530071834, 0.000417554663727, -0.000239241911913, -0.000174785469426, -0.000332395458827], [-0.00084760406753, 0.002808367135, -0.00203180219978, 0.00268611777574, -0.00237810146064, 0.00140581396408, -0.00100381218363, 0.00925194006413, -0.00333255040459, 0.000514085055329, -0.000241537767579, -3.91635367123e-05, -0.000718513212632], [0.000904024171177, -0.00290460535325, 0.00196969462559, -0.00320931361057, 0.00179103238042, -0.000459323433461, 0.000398530071834, -0.00333255040459, 0.012560072355, -0.00185236881953, -0.000126153143356, 0.00236426759511, -0.00115404219832], [-0.000216632077354, 0.00161882303655, -0.000683696765918, -0.000153724322445, -0.00124592869543, -4.58580507257e-05, 0.000417554663727, 0.000514085055329, -0.00185236881953, 0.0100483950227, 0.00044283826719, -0.00312665081583, 0.00282687414438], [0.000298037601169, -0.00138715258799, 0.000621570972726, -1.13621836135e-05, 0.00074813113315, -0.00207505188882, -0.000239241911913, -0.000241537767579, -0.000126153143356, 0.00044283826719, 0.010391886346, -0.00104438967537, -0.00101737026125], [0.000175034248969, 0.000554897531401, -0.000383949954994, -0.000386089959648, 9.61473488132e-05, 0.000614912132733, -0.000174785469426, -3.91635367123e-05, 0.00236426759511, -0.00312665081583, -0.00104438967537, 0.0138687090948, -0.00367890927009], [-9.78640237008e-05, 5.2316878282e-05, 0.000202257564524, -0.000452877779026, -0.000585272442549, 0.00109229749069, -0.000332395458827, -0.000718513212632, -0.00115404219832, 0.00282687414438, -0.00101737026125, -0.00367890927009, 0.0170518103987]], "mean": [-83.2167739868, 134.147750854, -120.27558136, 26.2852954865, -62.5257034302, 14.7185029984, -38.0599441528, 1.12344181538, -18.9342041016, -15.4282808304, -10.4348897934, -14.1941070557, -6.26949453354]}, "hfc": {"dmean": 3.49102568626, "dmean2": 4.84442090988, "dvar": 28.1409683228, "dvar2": 51.4333839417, "max": 105.356513977, "mean": 14.245803833, "median": 8.56585597992, "min": 1.03943972377e-16, "var": 220.45791626}, "melbands": {"dmean": [0.000477364810649, 0.000915096374229, 0.000810262281448, 0.000558238942176, 0.000200902912184, 0.000118338655739, 0.000125236605527, 0.000108476757305, 0.000141225362313, 0.000177801135578, 0.000148404200445, 0.000108202177216, 5.69741750951e-05, 5.52186356799e-05, 2.8353797461e-05, 3.51564813172e-05, 2.08723213291e-05, 1.94564199774e-05, 1.30165453811e-05, 7.03829027771e-06, 5.17639728059e-06, 3.72858607989e-06, 2.63558763436e-06, 2.12223085327e-06, 1.33207936415e-06, 1.01245541373e-06, 1.0404431805e-06, 6.73540228036e-07, 5.31267005499e-07, 5.81292965762e-07, 4.8182653245e-07, 3.90514344417e-07, 4.09285433989e-07, 3.9577133748e-07, 3.83147693128e-07, 4.41415693331e-07, 3.93183370306e-07, 3.23428167803e-07, 3.11259668706e-07, 3.2900078395e-07], "dmean2": [0.000823966925964, 0.00161691429093, 0.00131976814009, 0.00091012410121, 0.000318499834975, 0.000180689559784, 0.000187828045455, 0.000157920090714, 0.000207031174796, 0.000258658255916, 0.000202144976356, 0.000144297955558, 7.787845243e-05, 7.2341208579e-05, 4.01681754738e-05, 5.00526512042e-05, 3.03068882204e-05, 2.81551128865e-05, 1.86080942512e-05, 1.03876218418e-05, 7.51669676902e-06, 5.65467644265e-06, 4.00281987822e-06, 3.19769014823e-06, 2.10618782148e-06, 1.60018703355e-06, 1.61729178672e-06, 1.03314528133e-06, 8.2899799736e-07, 9.39228527841e-07, 7.34030891181e-07, 6.00403609496e-07, 6.26211544841e-07, 6.23564801572e-07, 6.04166984886e-07, 6.77908303715e-07, 6.2416847868e-07, 5.19677257671e-07, 5.05485104441e-07, 5.44656700185e-07], "dvar": [1.93383925762e-06, 5.57408839086e-06, 3.03250931211e-06, 9.88978172245e-07, 1.51563213535e-07, 4.29931503731e-08, 8.64819540425e-08, 8.73904184573e-08, 1.79187708227e-07, 2.58606377201e-07, 2.04897986578e-07, 1.10182959645e-07, 3.31459908409e-08, 2.77333178644e-08, 8.22416534874e-09, 1.48862220328e-08, 4.87675677618e-09, 5.60934365623e-09, 3.16918336019e-09, 6.34877594941e-10, 2.55352766709e-10, 1.13484992237e-10, 3.66041918998e-11, 2.0083636143e-11, 1.10211865675e-11, 4.41658992364e-12, 5.82740973532e-12, 2.28350931913e-12, 1.86665461734e-12, 2.72363056587e-12, 2.80641135331e-12, 1.23771403283e-12, 1.66237553237e-12, 1.27975982676e-12, 1.7640176429e-12, 1.6902009306e-12, 1.46321745952e-12, 1.19986204132e-12, 1.24547887195e-12, 1.19348140312e-12], "dvar2": [5.25155155628e-06, 1.56349524332e-05, 7.53954964239e-06, 2.49363051807e-06, 3.67983062688e-07, 9.65158903909e-08, 1.73533990733e-07, 1.79529251909e-07, 3.67141154811e-07, 5.21444519563e-07, 3.5876192328e-07, 1.81277684419e-07, 5.93077373878e-08, 4.54379573966e-08, 1.42594362984e-08, 2.64696904395e-08, 9.49585299281e-09, 1.09940785364e-08, 6.85822820756e-09, 1.13029219317e-09, 4.68222183247e-10, 2.4522586739e-10, 7.50130513261e-11, 4.47005731041e-11, 2.96601250505e-11, 1.07297313395e-11, 1.44102793934e-11, 5.30128415124e-12, 4.57580544636e-12, 6.9081073327e-12, 5.71118673187e-12, 2.7714139577e-12, 3.72393652373e-12, 3.11370634137e-12, 4.47574442786e-12, 3.97453901388e-12, 3.59431408248e-12, 3.04343551229e-12, 3.16728175805e-12, 2.99176612303e-12], "max": [0.0141551122069, 0.0263035390526, 0.0369489379227, 0.0246960986406, 0.0121217900887, 0.00524849491194, 0.00669622793794, 0.00701488321647, 0.0104178385809, 0.0106427017599, 0.013012746349, 0.00783575233072, 0.00611279625446, 0.00511305546388, 0.00470090471208, 0.00506020896137, 0.00218006549403, 0.00291753746569, 0.00219937437214, 0.00093345931964, 0.000693800626323, 0.000410780339735, 0.000254764425335, 0.00011958774121, 0.000106831088488, 4.00350218115e-05, 6.63887039991e-05, 3.18012898788e-05, 2.67963805527e-05, 3.47515451722e-05, 7.09311643732e-05, 3.24803622789e-05, 2.89162690024e-05, 2.19380817725e-05, 3.7467063521e-05, 2.64732898358e-05, 2.73741898127e-05, 2.38931224885e-05, 3.50030313712e-05, 1.75413078978e-05], "mean": [0.000544920563698, 0.00158846448176, 0.00168953125831, 0.00104651693255, 0.000423826451879, 0.000232748046983, 0.000280942593236, 0.000231405472732, 0.000257787876762, 0.000435871595982, 0.000311040639644, 0.000272431760095, 0.000128109692014, 0.00011429861479, 5.17047519679e-05, 7.04521735315e-05, 3.82177095162e-05, 3.78875956812e-05, 2.29968773056e-05, 1.3721063624e-05, 1.11818744699e-05, 8.33353988128e-06, 6.05970308243e-06, 4.70793156637e-06, 2.5815418212e-06, 1.7090314941e-06, 1.81806478849e-06, 1.13309044991e-06, 8.3443467247e-07, 8.09372977528e-07, 7.41077940347e-07, 5.96503070938e-07, 5.56743827929e-07, 5.38548363238e-07, 4.72203140589e-07, 6.15193755493e-07, 4.7499190714e-07, 3.58252378874e-07, 3.1168204373e-07, 2.80711162759e-07], "median": [0.000179882219527, 0.000646307773422, 0.000816215120722, 0.000493896368425, 0.000173199761775, 0.000127750419779, 8.87292117113e-05, 6.15073367953e-05, 5.21422516613e-05, 4.35000583821e-05, 3.30467009917e-05, 2.59053667833e-05, 1.61726984516e-05, 1.2794691429e-05, 8.61698936205e-06, 8.72673808772e-06, 5.29632234247e-06, 5.62381364944e-06, 5.23501103089e-06, 3.55676411345e-06, 3.01808040604e-06, 2.65969902102e-06, 1.87196712886e-06, 1.59807359523e-06, 1.01052819446e-06, 7.84974815815e-07, 7.29299131308e-07, 5.10429970291e-07, 3.28547116624e-07, 2.43161707658e-07, 1.44834146454e-07, 1.3645319541e-07, 1.31068873088e-07, 1.44433087712e-07, 1.14756879555e-07, 1.33700723381e-07, 1.0579433507e-07, 6.33802201833e-08, 3.74536028858e-08, 1.71181486763e-08], "min": [1.50516218716e-24, 1.652870278e-24, 1.57188147873e-24, 1.06559646622e-24, 2.21688176497e-24, 1.00670957736e-24, 1.66635210808e-24, 1.90216472076e-24, 2.65987252275e-24, 2.97981734819e-24, 1.86977823351e-24, 2.1636275402e-24, 2.97525950709e-24, 1.84457866354e-24, 3.36017550832e-24, 2.52904191378e-24, 2.79078675099e-24, 3.91394324202e-24, 2.86026784458e-24, 2.86716229168e-24, 3.70965035567e-24, 3.13981214483e-24, 3.71403405572e-24, 3.9395315232e-24, 4.26035494246e-24, 5.04840805412e-24, 4.20317278203e-24, 4.53178068071e-24, 3.92980605153e-24, 5.22131650378e-24, 4.46250528259e-24, 5.34741118632e-24, 5.5057718576e-24, 6.33509067763e-24, 5.21097848162e-24, 4.6384697794e-24, 5.92027882024e-24, 6.16438078331e-24, 6.3403890619e-24, 6.74118562202e-24], "var": [1.50870323523e-06, 5.87384511164e-06, 6.01123883825e-06, 2.71771227744e-06, 7.47287913327e-07, 1.06601028449e-07, 3.1320652738e-07, 2.7859613283e-07, 4.74223838864e-07, 1.37029269354e-06, 9.3854134775e-07, 6.91736374847e-07, 1.60300800189e-07, 1.15888575181e-07, 2.48169165218e-08, 5.95792677416e-08, 1.6354283261e-08, 2.01100682773e-08, 5.78552183939e-09, 1.86575555006e-09, 1.19926168995e-09, 4.59882965043e-10, 1.70888775353e-10, 7.99335181378e-11, 2.46894501371e-11, 7.97132932578e-12, 1.20558025368e-11, 3.69941490636e-12, 2.66818012996e-12, 3.39931121446e-12, 6.12503841049e-12, 2.28565343735e-12, 2.3395784008e-12, 1.65009076281e-12, 1.90398304761e-12, 2.6539170167e-12, 1.64159354513e-12, 1.34928374897e-12, 1.27389114882e-12, 1.07743740145e-12]}, "melbands_crest": {"dmean": 2.73667788506, "dmean2": 4.38365936279, "dvar": 6.83013010025, "dvar2": 16.162530899, "max": 37.8998527527, "mean": 14.7042655945, "median": 14.0061101913, "min": 1.56165218353, "var": 30.2480125427}, "melbands_flatness_db": {"dmean": 0.0247956123203, "dmean2": 0.0368229188025, "dvar": 0.000750052218791, "dvar2": 0.00159594241995, "max": 0.492799818516, "mean": 0.251562267542, "median": 0.251816302538, "min": 0.00110889796633, "var": 0.00457509979606}, "melbands_kurtosis": {"dmean": 7.0621137619, "dmean2": 11.0557012558, "dvar": 206.698272705, "dvar2": 545.887939453, "max": 570.972045898, "mean": 16.5439186096, "median": 8.73759555817, "min": -1.68551683426, "var": 664.942504883}, "melbands_skewness": {"dmean": 0.645995974541, "dmean2": 0.959970235825, "dvar": 0.558461546898, "dvar2": 1.20110177994, "max": 21.2793388367, "mean": 2.52588272095, "median": 2.33859658241, "min": -1.78177893162, "var": 4.29898452759}, "melbands_spread": {"dmean": 3.67894864082, "dmean2": 5.58535957336, "dvar": 32.7082099915, "dvar2": 74.1666412354, "max": 165.410827637, "mean": 15.4939432144, "median": 12.2595767975, "min": 0.737699687481, "var": 277.97354126}, "mfcc": {"cov": [[12510.5703125, 1624.16943359, -226.229644775, -20.7644290924, 9.96541595459, 75.4378356934, 78.0753479004, 179.903121948, -84.5530319214, 151.865829468, -85.4587249756, -2.88707685471, -152.661437988], [1624.16943359, 1625.5423584, -306.365020752, -51.7920761108, -26.1564006805, -82.0197906494, 14.3813734055, 90.1524276733, -66.1345214844, 50.4759635925, -66.6939315796, -32.6455993652, -45.761138916], [-226.229644775, -306.365020752, 642.61706543, 162.602142334, 92.3535614014, 55.4539070129, 17.8300552368, -9.25082492828, 36.1504478455, -17.4359397888, 6.2738275528, 27.9575519562, 38.6265678406], [-20.7644290924, -51.7920761108, 162.602142334, 498.057220459, 129.417373657, 70.1993408203, -113.054290771, -48.0163574219, 58.2002639771, -39.4800033569, 2.83876919746, 17.3669433594, 60.6301193237], [9.96541595459, -26.1564006805, 92.3535614014, 129.417373657, 334.738739014, 13.384180069, 14.0794677734, -17.0235519409, 39.2117118835, 4.66354513168, 16.5091972351, 1.79809713364, 29.988073349], [75.4378356934, -82.0197906494, 55.4539070129, 70.1993408203, 13.384180069, 243.287567139, 50.9950294495, -1.48342359066, 15.984128952, -12.6214170456, 45.190410614, 11.825758934, -4.37152194977], [78.0753479004, 14.3813734055, 17.8300552368, -113.054290771, 14.0794677734, 50.9950294495, 214.386871338, 62.8941650391, -7.08449697495, 19.6528530121, 20.7693729401, 2.1153242588, -10.5109376907], [179.903121948, 90.1524276733, -9.25082492828, -48.0163574219, -17.0235519409, -1.48342359066, 62.8941650391, 135.679534912, 3.68407320976, 27.5997276306, -12.675494194, -0.832007288933, -4.36747264862], [-84.5530319214, -66.1345214844, 36.1504478455, 58.2002639771, 39.2117118835, 15.984128952, -7.08449697495, 3.68407320976, 128.754013062, -0.314692080021, 22.696428299, -0.152459204197, 5.66556215286], [151.865829468, 50.4759635925, -17.4359397888, -39.4800033569, 4.66354513168, -12.6214170456, 19.6528530121, 27.5997276306, -0.314692080021, 110.074165344, 4.39437294006, 6.60530471802, -8.4508895874], [-85.4587249756, -66.6939315796, 6.2738275528, 2.83876919746, 16.5091972351, 45.190410614, 20.7693729401, -12.675494194, 22.696428299, 4.39437294006, 95.2097091675, 16.0228481293, 4.23521709442], [-2.88707685471, -32.6455993652, 27.9575519562, 17.3669433594, 1.79809713364, 11.825758934, 2.1153242588, -0.832007288933, -0.152459204197, 6.60530471802, 16.0228481293, 87.6719894409, 15.1492853165], [-152.661437988, -45.761138916, 38.6265678406, 60.6301193237, 29.988073349, -4.37152194977, -10.5109376907, -4.36747264862, 5.66556215286, -8.4508895874, 4.23521709442, 15.1492853165, 92.4686203003]], "icov": [[9.55725627136e-05, -8.97343416e-05, -7.72103885538e-06, -1.69279646798e-05, -1.69057384483e-05, -6.45675390842e-05, 5.83002247367e-06, -5.50903168914e-05, 2.75307520496e-05, -8.18687185529e-05, 4.73388317914e-05, -3.98132542614e-05, 0.000123378908029], [-8.97343416e-05, 0.000832998601254, 0.000356984644895, -0.000177682668436, -4.8081514251e-05, 0.000217004024307, -7.71043269197e-05, -0.000391475710785, 0.00028999694041, -0.00013128563296, 0.000262058631051, 0.000132146087708, 0.000166649653693], [-7.72103885538e-06, 0.000356984644895, 0.00196190783754, -0.00059374346165, -0.000253352947766, -8.88287104317e-05, -0.000486940145493, -8.72560704011e-05, -0.00010440103506, 4.63321666757e-05, 0.00040961249033, -0.000392664544052, -0.000191620900296], [-1.69279646798e-05, -0.000177682668436, -0.00059374346165, 0.00343682360835, -0.000991637236439, -0.00128110696096, 0.00200466881506, 0.000140573712997, -0.000937830714975, 0.000627446395811, 0.000467859877972, -0.000289897317998, -0.00148491549771], [-1.69057384483e-05, -4.8081514251e-05, -0.000253352947766, -0.000991637236439, 0.0036520564463, 0.00040392568917, -0.00100043509156, 0.000681766017806, -0.000662408827338, -0.000505597621668, -0.000372828828404, 0.000367219065083, -0.000591185351368], [-6.45675390842e-05, 0.000217004024307, -8.88287104317e-05, -0.00128110696096, 0.00040392568917, 0.00539656635374, -0.0017999925185, 0.000134979054565, 0.000115583177831, 0.000575103156734, -0.00215518125333, -0.000147964368807, 0.000972231035121], [5.83002247367e-06, -7.71043269197e-05, -0.000486940145493, 0.00200466881506, -0.00100043509156, -0.0017999925185, 0.00721799395978, -0.00288461102173, 0.000404924852774, -3.22379382851e-05, -0.00109843024984, 2.95809713862e-05, -0.000198268564418], [-5.50903168914e-05, -0.000391475710785, -8.72560704011e-05, 0.000140573712997, 0.000681766017806, 0.000134979054565, -0.00288461102173, 0.00971516501158, -0.00124131771736, -0.00175570172723, 0.00184180017095, -0.000125589271192, -0.000572339980863], [2.75307520496e-05, 0.00028999694041, -0.00010440103506, -0.000937830714975, -0.000662408827338, 0.000115583177831, 0.000404924852774, -0.00124131771736, 0.0089992005378, -0.000131567867356, -0.00220079626888, 0.000648133282084, 0.000486391712911], [-8.18687185529e-05, -0.00013128563296, 4.63321666757e-05, 0.000627446395811, -0.000505597621668, 0.000575103156734, -3.22379382851e-05, -0.00175570172723, -0.000131567867356, 0.0101651102304, -0.000899120641407, -0.000981364399195, 0.000612704432569], [4.73388317914e-05, 0.000262058631051, 0.00040961249033, 0.000467859877972, -0.000372828828404, -0.00215518125333, -0.00109843024984, 0.00184180017095, -0.00220079626888, -0.000899120641407, 0.0131928753108, -0.00204159948044, -0.000505982141476], [-3.98132542614e-05, 0.000132146087708, -0.000392664544052, -0.000289897317998, 0.000367219065083, -0.000147964368807, 2.95809713862e-05, -0.000125589271192, 0.000648133282084, -0.000981364399195, -0.00204159948044, 0.0124141322449, -0.00184460054152], [0.000123378908029, 0.000166649653693, -0.000191620900296, -0.00148491549771, -0.000591185351368, 0.000972231035121, -0.000198268564418, -0.000572339980863, 0.000486391712911, 0.000612704432569, -0.000505982141476, -0.00184460054152, 0.0126940151677]], "mean": [-709.351928711, 151.68963623, 4.00219726562, 12.4275426865, 4.20228528976, 2.64775848389, -2.92634129524, 6.02552747726, -4.54092502594, 2.06332945824, -7.60567474365, -2.73102807999, -6.38353395462]}, "pitch_salience": {"dmean": 0.0620212554932, "dmean2": 0.1008785218, "dvar": 0.0035604161676, "dvar2": 0.00899998750538, "max": 0.984707355499, "mean": 0.545358300209, "median": 0.554665565491, "min": 0.0437845028937, "var": 0.0134998196736}, "silence_rate_20dB": {"dmean": 0, "dmean2": 0, "dvar": 0, "dvar2": 0, "max": 1, "mean": 1, "median": 1, "min": 1, "var": 0}, "silence_rate_30dB": {"dmean": 0.00203370139934, "dmean2": 0.00406799372286, "dvar": 0.00202937657014, "dvar2": 0.00492312060669, "max": 1, "mean": 0.996659398079, "median": 1, "min": 0, "var": 0.003329485422}, "silence_rate_60dB": {"dmean": 0.017722254619, "dmean2": 0.0354496575892, "dvar": 0.0174070894718, "dvar2": 0.0373850166798, "max": 1, "mean": 0.15337690711, "median": 0, "min": 0, "var": 0.129857957363}, "spectral_centroid": {"dmean": 143.184020996, "dmean2": 218.259643555, "dvar": 47328.3125, "dvar2": 100171.703125, "max": 11511.1767578, "mean": 916.300964355, "median": 744.392150879, "min": 196.102523804, "var": 1426467.75}, "spectral_complexity": {"dmean": 1.95206272602, "dmean2": 3.09080338478, "dvar": 4.71084833145, "dvar2": 10.5968132019, "max": 37, "mean": 11.5343503952, "median": 12, "min": 0, "var": 31.6211185455}, "spectral_contrast_coeffs": {"dmean": [0.0454669483006, 0.0440867953002, 0.0387370027602, 0.0299850907177, 0.0219963397831, 0.0238978099078], "dmean2": [0.0761313065886, 0.0711209177971, 0.0606744103134, 0.0470987334847, 0.034293603152, 0.0346701778471], "dvar": [0.00142839632463, 0.00137632293627, 0.00122960365843, 0.000627433590125, 0.000335143558914, 0.000500862777699], "dvar2": [0.00379125936888, 0.00353015353903, 0.00261024339125, 0.00144511973485, 0.000758293026593, 0.000982077443041], "max": [-0.285834848881, -0.361470490694, -0.408191174269, -0.507968604565, -0.608840167522, -0.564641773701], "mean": [-0.600310385227, -0.710568726063, -0.725246071815, -0.765527546406, -0.775591373444, -0.779871165752], "median": [-0.600513160229, -0.713439285755, -0.745406627655, -0.773177623749, -0.776213169098, -0.780393660069], "min": [-0.982349395752, -0.983408212662, -0.97915828228, -0.978759407997, -0.984851360321, -0.964910268784], "var": [0.00954141654074, 0.00665491027758, 0.0101266643032, 0.0044005792588, 0.00251601566561, 0.00316384062171]}, "spectral_contrast_valleys": {"dmean": [0.440748184919, 0.359512031078, 0.317544937134, 0.269421368837, 0.274377316236, 0.458640992641], "dmean2": [0.723726034164, 0.580759048462, 0.511882007122, 0.422000169754, 0.385763585567, 0.578699171543], "dvar": [0.198829710484, 0.11699911952, 0.0939339473844, 0.0785940736532, 0.0886435359716, 0.227013424039], "dvar2": [0.429385393858, 0.263326257467, 0.198778033257, 0.153085067868, 0.146385222673, 0.398522853851], "max": [-5.13368463516, -5.08180809021, -5.15005254745, -6.20312690735, -6.38918590546, -8.09569358826], "mean": [-7.8865404129, -7.42900037766, -8.01496696472, -8.64171695709, -8.98126792908, -11.5357942581], "median": [-7.33911466599, -6.95969772339, -7.56452035904, -8.20366382599, -8.54556274414, -11.2833833694], "min": [-28.2382278442, -28.0053825378, -27.9410037994, -27.6107578278, -27.4814224243, -27.3811702728], "var": [6.53327560425, 6.45952320099, 6.13634490967, 5.77538824081, 5.57071113586, 4.71076011658]}, "spectral_decrease": {"dmean": 1.99383864974e-09, "dmean2": 3.13605141855e-09, "dvar": 1.29927856161e-17, "dvar2": 3.19975993335e-17, "max": 1.77255044843e-28, "mean": -6.70176136808e-09, "median": -5.50324630311e-09, "min": -4.29303206317e-08, "var": 3.54195231049e-17}, "spectral_energy": {"dmean": 0.00777514511719, "dmean2": 0.0121688935906, "dvar": 0.000191786180949, "dvar2": 0.000469410675578, "max": 0.165681481361, "mean": 0.0265861898661, "median": 0.0217667035758, "min": 9.70657513181e-21, "var": 0.000552627840079}, "spectral_energyband_high": {"dmean": 0.000120194257761, "dmean2": 0.00017895270139, "dvar": 9.08268376065e-08, "dvar2": 2.10655642263e-07, "max": 0.00565934134647, "mean": 0.000179835958988, "median": 6.3527317252e-05, "min": 6.79060999178e-21, "var": 1.25347170865e-07}, "spectral_energyband_low": {"dmean": 0.00410789623857, "dmean2": 0.00688916491345, "dvar": 9.64825521805e-05, "dvar2": 0.000254767481238, "max": 0.106280528009, "mean": 0.00813236087561, "median": 0.00411323690787, "min": 1.34759783153e-23, "var": 0.000124396872707}, "spectral_energyband_middle_high": {"dmean": 0.00152913003694, "dmean2": 0.0020055193454, "dvar": 1.09428447104e-05, "dvar2": 1.62399846886e-05, "max": 0.0855925679207, "mean": 0.00561675382778, "median": 0.00144928519148, "min": 1.1044503018e-21, "var": 0.000103354366729}, "spectral_energyband_middle_low": {"dmean": 0.00488013401628, "dmean2": 0.00754845235497, "dvar": 5.61901542824e-05, "dvar2": 0.000131160268211, "max": 0.122484125197, "mean": 0.0149833429605, "median": 0.0105341561139, "min": 1.59061028302e-22, "var": 0.000227778422413}, "spectral_entropy": {"dmean": 0.193416133523, "dmean2": 0.279131680727, "dvar": 0.0425723977387, "dvar2": 0.0866107642651, "max": 9.83079242706, "mean": 7.00742578506, "median": 6.97335243225, "min": 5.02773618698, "var": 0.348320156336}, "spectral_flux": {"dmean": 0.0261553619057, "dmean2": 0.0407043360174, "dvar": 0.001239336445, "dvar2": 0.00269094645046, "max": 0.365978091955, "mean": 0.0690570324659, "median": 0.0545516684651, "min": 6.3721340704e-11, "var": 0.00299120275304}, "spectral_kurtosis": {"dmean": 3.36616754532, "dmean2": 5.59877252579, "dvar": 15.1307516098, "dvar2": 41.0891571045, "max": 66.6025314331, "mean": 8.33492565155, "median": 6.57715511322, "min": -1.26814937592, "var": 44.3949623108}, "spectral_rms": {"dmean": 0.000673149654176, "dmean2": 0.00101653463207, "dvar": 1.02923559098e-06, "dvar2": 2.34820686273e-06, "max": 0.0127137899399, "mean": 0.00449051847681, "median": 0.00460823252797, "min": 3.07730880708e-12, "var": 5.77310856897e-06}, "spectral_rolloff": {"dmean": 220.563522339, "dmean2": 369.806182861, "dvar": 332127.09375, "dvar2": 772037.75, "max": 19681.3476562, "mean": 1044.95874023, "median": 710.595703125, "min": 21.533203125, "var": 4613844.5}, "spectral_skewness": {"dmean": 0.333201348782, "dmean2": 0.535654485226, "dvar": 0.104523733258, "dvar2": 0.263345837593, "max": 6.16986560822, "mean": 2.13081622124, "median": 2.03381371498, "min": -0.0687978193164, "var": 0.559187829494}, "spectral_spread": {"dmean": 692822, "dmean2": 990733.375, "