{"lowlevel": {"average_loudness": 0.638623595238, "barkbands": {"dmean": [8.50404103403e-06, 0.000453775370261, 0.00109360553324, 0.000536138715688, 0.00060883758124, 0.000469412421808, 0.000553242396563, 0.000585732224863, 0.00124976364896, 0.00125287345145, 0.000558009836823, 0.000720335869119, 0.000533770653419, 0.000386999192415, 0.000296127895126, 0.000209638703382, 0.000201596485567, 0.000120296652312, 8.66033442435e-05, 6.20975988568e-05, 6.6245214839e-05, 4.40916701336e-05, 2.47443731496e-05, 1.27943394546e-05, 7.67965411796e-06, 1.96916971618e-06, 8.32973725551e-08], "dmean2": [1.42654089359e-05, 0.000742578413337, 0.0016776873963, 0.000891595263965, 0.000947166176047, 0.000760657771025, 0.000854819489177, 0.00094058085233, 0.00197501527146, 0.00198685284704, 0.000877221638802, 0.00116443797015, 0.000870222283993, 0.000628655776381, 0.000460458802991, 0.000334727053996, 0.000318157137372, 0.000190697261132, 0.000135178677738, 9.56402727752e-05, 9.77955933195e-05, 6.51578011457e-05, 3.73926886823e-05, 1.99199730559e-05, 1.17722202049e-05, 3.02112812278e-06, 1.33681439252e-07], "dvar": [1.22316032303e-10, 8.89774923962e-07, 5.1584324865e-06, 1.34658000661e-06, 1.73017110683e-06, 7.86238899764e-07, 1.15898319564e-06, 1.51667688897e-06, 1.15841039587e-05, 1.24207981571e-05, 2.18621653403e-06, 3.67149982594e-06, 1.98004522645e-06, 1.04145726709e-06, 1.31736624098e-06, 4.64468030259e-07, 3.12466937658e-07, 1.02548426639e-07, 6.18657693963e-08, 2.8421707654e-08, 1.10702217171e-07, 4.24515569364e-08, 1.40928877457e-08, 7.39528704941e-09, 3.9965910581e-09, 3.48988310472e-10, 1.26260587814e-13], "dvar2": [3.09180264724e-10, 2.36737923842e-06, 1.23560830616e-05, 3.57558133146e-06, 3.83653923564e-06, 2.03601939575e-06, 2.70429427474e-06, 3.52987967744e-06, 2.65709259111e-05, 3.0695082387e-05, 5.02400826008e-06, 8.87312580744e-06, 4.58786053059e-06, 2.59463854491e-06, 2.92434287985e-06, 1.20672405046e-06, 7.48470142753e-07, 2.52747526019e-07, 1.51529974346e-07, 6.81414107362e-08, 2.21212289375e-07, 8.67694609497e-08, 3.130468329e-08, 1.84306045981e-08, 1.00414316861e-08, 9.28030707836e-10, 3.0342137765e-13], "max": [0.000224362796871, 0.0150621738285, 0.0404305160046, 0.0215103458613, 0.0306708328426, 0.023130748421, 0.0301980357617, 0.0353077761829, 0.0867927893996, 0.107021607459, 0.0398653447628, 0.0427000112832, 0.0406359955668, 0.0303343068808, 0.0304166618735, 0.0203201789409, 0.0104530798271, 0.0100936610252, 0.0070276344195, 0.00446366984397, 0.0130070727319, 0.00978767964989, 0.00444686086848, 0.00268729659729, 0.00211830507033, 0.00101680879015, 1.17249592222e-05], "mean": [2.15809322981e-05, 0.000865828769747, 0.0024432123173, 0.000877770246007, 0.00104828970507, 0.000901235092897, 0.00108703959268, 0.000993947847746, 0.00234752125107, 0.00209520803764, 0.000915748358238, 0.00119671539869, 0.000893252319656, 0.00064377306262, 0.000449115526862, 0.000360429781722, 0.000355371448677, 0.00022409245139, 0.000169790480868, 0.000123793884995, 0.000126278668176, 8.1143611169e-05, 4.37428607256e-05, 1.84273158084e-05, 1.00457955341e-05, 2.71890507975e-06, 9.65048201351e-08], "median": [1.79638773261e-05, 0.000405110244174, 0.00108263618313, 0.000348470057361, 0.000472970830742, 0.000526853022166, 0.000505281379446, 0.000441975804279, 0.000617202022113, 0.000451968342531, 0.000214009633055, 0.000241423476837, 0.00020201242296, 0.000176366709638, 8.56596307131e-05, 9.21535029192e-05, 7.52698542783e-05, 5.37589621672e-05, 3.3806078136e-05, 2.2987358534e-05, 1.65723940881e-05, 5.7664437918e-06, 2.83054669126e-06, 1.4592098978e-06, 8.92401772035e-07, 3.20593755987e-07, 1.2371282665e-08], "min": [3.04301060407e-26, 2.23122621446e-24, 1.11275792379e-24, 1.11656309297e-25, 6.49119678444e-24, 7.85532385518e-24, 9.47288629677e-24, 6.34394169699e-24, 9.2219299213e-24, 1.41505490525e-23, 1.04637310925e-23, 2.06333701063e-23, 2.70440766516e-23, 2.45471520263e-23, 3.50580672561e-23, 4.85156524905e-23, 5.5524927758e-23, 9.71242706609e-23, 1.32809782104e-22, 1.38881953725e-22, 2.25834039718e-22, 2.86736827904e-22, 3.44332408253e-22, 5.44286307186e-22, 7.97450073244e-22, 1.34055806205e-21, 1.87366809085e-21], "var": [2.7056298868e-10, 1.64425966886e-06, 1.15146522148e-05, 2.14263127418e-06, 2.7900450732e-06, 1.54442773237e-06, 3.13489158543e-06, 3.62759692507e-06, 4.24029603892e-05, 3.21889310726e-05, 5.05073603563e-06, 8.4529947344e-06, 4.16928151026e-06, 1.91370077118e-06, 2.41135148826e-06, 8.39863503188e-07, 6.66155415274e-07, 2.13840294805e-07, 2.05809755016e-07, 8.11825202618e-08, 2.56858783132e-07, 1.14140462415e-07, 2.73924083416e-08, 8.6048848047e-09, 4.07739619845e-09, 2.83826490088e-10, 1.83580852343e-13]}, "barkbands_crest": {"dmean": 2.02497291565, "dmean2": 3.29472064972, "dvar": 3.80301141739, "dvar2": 9.86741542816, "max": 24.3271465302, "mean": 8.80344676971, "median": 7.87534093857, "min": 2.51628732681, "var": 13.3801956177}, "barkbands_flatness_db": {"dmean": 0.0160589460284, "dmean2": 0.0241432636976, "dvar": 0.000259550404735, "dvar2": 0.000587977585383, "max": 0.357447683811, "mean": 0.157273426652, "median": 0.149995207787, "min": 0.0345526561141, "var": 0.00266895839013}, "barkbands_kurtosis": {"dmean": 1.44643425941, "dmean2": 2.33369898796, "dvar": 6.21601200104, "dvar2": 16.1578483582, "max": 53.869720459, "mean": 2.00491905212, "median": 1.06659460068, "min": -1.82950508595, "var": 12.6390590668}, "barkbands_skewness": {"dmean": 0.374957621098, "dmean2": 0.579978406429, "dvar": 0.161082133651, "dvar2": 0.38062903285, "max": 5.97526741028, "mean": 0.799231469631, "median": 0.768488705158, "min": -2.9681391716, "var": 0.959089994431}, "barkbands_spread": {"dmean": 3.19138813019, "dmean2": 4.90771389008, "dvar": 15.676990509, "dvar2": 36.1404762268, "max": 107.779144287, "mean": 15.8576688766, "median": 13.6009426117, "min": 1.63074624538, "var": 87.5173339844}, "dissonance": {"dmean": 0.0241532847285, "dmean2": 0.0411229394376, "dvar": 0.000563740148209, "dvar2": 0.00156000524294, "max": 0.499999880791, "mean": 0.455016970634, "median": 0.464091300964, "min": 0.21936441958, "var": 0.00127481797244}, "dynamic_complexity": 5.36133909225, "erbbands": {"dmean": [0.00393380178139, 0.144429847598, 1.09144830704, 1.54540801048, 2.08398294449, 1.98713612556, 2.32653737068, 4.44970226288, 7.59681081772, 10.1222257614, 14.0283946991, 30.4325218201, 36.6600761414, 26.9657058716, 23.7084789276, 25.2888183594, 25.6561050415, 16.5257263184, 16.7961101532, 13.6859645844, 9.35687351227, 11.5478382111, 6.73474979401, 4.44084882736, 4.09616231918, 2.82905364037, 2.89295101166, 2.26100587845, 1.57677710056, 1.24245202541, 0.598103046417, 0.305975615978, 0.189345672727, 0.111190073192, 0.0420400835574, 0.0120051912963, 0.00310256122611, 0.000461178045953, 1.12637872007e-05, 5.97952976022e-06], "dmean2": [0.0063919830136, 0.233239531517, 1.68137979507, 2.43278098106, 3.43916654587, 3.00870704651, 3.7568602562, 7.21844244003, 11.8536748886, 16.1997756958, 21.9748497009, 48.638885498, 57.1338119507, 43.3696708679, 37.4273529053, 40.1607551575, 41.2290802002, 26.4908771515, 25.7740650177, 20.7628536224, 14.7374305725, 18.152589798, 10.5537929535, 6.85085010529, 6.30825471878, 4.33714437485, 4.34594392776, 3.39987492561, 2.3209104538, 1.85807740688, 0.900901377201, 0.473898261786, 0.303505778313, 0.173341035843, 0.0661747455597, 0.0186744052917, 0.00479549821466, 0.000701538228896, 1.66682639247e-05, 8.73905719345e-06], "dvar": [5.83105320402e-05, 0.0883458927274, 4.97159481049, 9.92558288574, 23.7627162933, 17.9020061493, 13.335360527, 88.1312713623, 264.357696533, 441.905548096, 883.226074219, 9091.39648438, 13971.0751953, 4445.76269531, 3566.62841797, 4411.84423828, 4365.13867188, 1746.82800293, 3229.45141602, 2643.67993164, 777.706726074, 1130.97119141, 266.716918945, 175.247146606, 146.574142456, 63.2568740845, 164.996322632, 165.87097168, 61.5216827393, 31.8204555511, 8.91633605957, 3.13328576088, 2.35089921951, 0.876536488533, 0.158880576491, 0.0165278892964, 0.00057449284941, 6.13126803728e-06, 2.95283286711e-09, 7.40270900135e-11], "dvar2": [0.000151152446051, 0.232646793127, 12.2200479507, 24.1200904846, 58.2398414612, 37.5630607605, 34.7321052551, 228.136138916, 600.188659668, 1120.44897461, 1983.81567383, 20936.5878906, 34380.109375, 11304.2558594, 8503.88574219, 10275.5976563, 10044.375, 4291.34082031, 6864.22363281, 5540.45751953, 1967.60083008, 2704.16625977, 623.214599609, 414.991333008, 363.184234619, 146.839385986, 352.141815186, 341.408050537, 121.073074341, 74.1698684692, 20.2467689514, 7.59349012375, 6.02248430252, 2.22044706345, 0.412238031626, 0.044261816889, 0.00150075857528, 1.4783712686e-05, 7.10691994144e-09, 1.63192112601e-10], "max": [0.11234049499, 5.0134139061, 35.7241744995, 51.1926460266, 88.0321884155, 129.249786377, 72.888885498, 254.700042725, 535.637756348, 511.875793457, 759.359680176, 2730.15039063, 3897.48461914, 1342.33569336, 1533.12524414, 2177.41870117, 1976.17407227, 974.594787598, 1420.59362793, 1699.50769043, 739.719909668, 668.729431152, 378.563903809, 451.471710205, 316.917449951, 280.309387207, 522.002197266, 562.317077637, 401.78225708, 206.108795166, 114.936088562, 69.0188140869, 55.1039276123, 35.2227630615, 19.4474811554, 7.24130678177, 1.17351281643, 0.111070074141, 0.00251944898628, 0.00018637003086], "mean": [0.00720313889906, 0.291188627481, 2.42264723778, 3.09870839119, 3.03040909767, 3.66463732719, 4.57987451553, 8.46617603302, 13.6599941254, 19.7130279541, 26.2216396332, 54.8639259338, 66.0778961182, 48.82579422, 43.5189247131, 45.9126243591, 45.2486343384, 31.5222492218, 27.8668003082, 23.5795917511, 17.8116359711, 21.0231399536, 13.5214672089, 9.42141819, 8.19371891022, 5.78689575195, 5.58545541763, 4.22342729568, 2.97040891647, 2.228276968, 1.03769075871, 0.469916075468, 0.262255162001, 0.144157737494, 0.0546185187995, 0.0155051862821, 0.0044017881155, 0.000678086478729, 2.44617094722e-05, 2.25653311645e-05], "median": [0.00433418387547, 0.150912120938, 1.12932300568, 1.43015360832, 1.17980718613, 1.54583477974, 2.98478794098, 4.69906806946, 6.41457080841, 9.09281539917, 12.2003974915, 13.2922649384, 14.3512401581, 13.8788576126, 11.8636398315, 12.1370983124, 12.0190067291, 9.14902114868, 7.41060256958, 5.12877082825, 4.90780258179, 4.59093952179, 3.3632850647, 2.24218082428, 1.68098092079, 1.10017967224, 0.833635926247, 0.523439466953, 0.226298689842, 0.12741945684, 0.0730709731579, 0.0345524474978, 0.0221472848207, 0.011823317036, 0.00502832327038, 0.00155047792941, 0.000561607070267, 0.000101625730167, 1.02637168311e-05, 1.57740651048e-05], "min": [4.85698188357e-23, 6.35830775337e-22, 2.18627733502e-21, 8.23485916239e-22, 2.27698164737e-21, 2.50874832499e-20, 2.59451483761e-20, 7.71045357375e-20, 1.00484427397e-19, 1.736326552e-19, 2.56858010816e-19, 2.48232610828e-19, 3.48930528371e-19, 7.64274716041e-19, 9.58711842526e-19, 1.12330320684e-18, 1.29084129868e-18, 1.4889035959e-18, 1.9576511326e-18, 2.23390526216e-18, 3.31447714573e-18, 3.30281679423e-18, 5.47115620552e-18, 4.91398637006e-18, 6.60679825876e-18, 6.27746002018e-18, 7.63894430094e-18, 8.28816775805e-18, 9.03413329652e-18, 1.0895409616e-17, 1.12233147641e-17, 1.06001193722e-17, 9.5910078285e-18, 8.05263552325e-18, 6.04435556048e-18, 4.27230183705e-18, 2.35179173434e-18, 9.34477415132e-19, 2.42575057329e-19, 2.59578226572e-20], "var": [8.46970287967e-05, 0.164678633213, 10.6289787292, 19.9728527069, 29.0609703064, 37.617816925, 27.748167038, 156.131607056, 668.740478516, 988.8828125, 2140.90551758, 28858.9921875, 39281.1523438, 10784.6074219, 8549.9765625, 11317.5703125, 9955.73144531, 4325.00830078, 6359.71191406, 4980.85009766, 1699.39880371, 2393.71850586, 654.787902832, 601.784179688, 427.428344727, 183.534469604, 381.300872803, 348.411651611, 172.055465698, 68.1088180542, 16.2674789429, 4.21004390717, 2.41521024704, 0.889900147915, 0.140521258116, 0.0126732178032, 0.000531523604877, 7.69641701481e-06, 4.02164612723e-09, 4.9062048868e-10]}, "erbbands_crest": {"dmean": 2.64972853661, "dmean2": 4.29015731812, "dvar": 6.53664207458, "dvar2": 16.1443977356, "max": 30.9743766785, "mean": 9.68048858643, "median": 8.57118225098, "min": 2.53940558434, "var": 20.8418292999}, "erbbands_flatness_db": {"dmean": 0.0159361064434, "dmean2": 0.0231563802809, "dvar": 0.00023472031171, "dvar2": 0.000449863233371, "max": 0.355808883905, "mean": 0.206687986851, "median": 0.210209071636, "min": 0.0452141053975, "var": 0.0018926858902}, "erbbands_kurtosis": {"dmean": 1.01617085934, "dmean2": 1.61288487911, "dvar": 1.77582800388, "dvar2": 4.29440450668, "max": 25.0335559845, "mean": 1.26487982273, "median": 0.529541730881, "min": -1.70931947231, "var": 5.64785242081}, "erbbands_skewness": {"dmean": 0.323701262474, "dmean2": 0.50141698122, "dvar": 0.0852024704218, "dvar2": 0.198611170053, "max": 4.09943962097, "mean": 0.382864415646, "median": 0.354170203209, "min": -3.53354477882, "var": 0.574594378471}, "erbbands_spread": {"dmean": 4.5510840416, "dmean2": 6.95529031754, "dvar": 25.7391662598, "dvar2": 54.5872306824, "max": 113.81224823, "mean": 22.619682312, "median": 21.1579437256, "min": 2.00681805611, "var": 119.233200073}, "gfcc": {"cov": [[47611.0507813, 2822.828125, -5634.83984375, 1065.40539551, -2106.06494141, 679.396057129, -837.751586914, 69.2016220093, -862.780334473, -100.265838623, -671.662109375, -140.446578979, -621.790405273], [2822.828125, 1846.4576416, -86.7943572998, -259.143310547, 254.536804199, -271.758575439, -36.0262260437, 57.9000282288, -40.3166618347, -40.1975746155, -17.8444690704, -143.416381836, -3.3319401741], [-5634.83984375, -86.7943572998, 1338.06359863, -153.587356567, 332.9949646, -46.2572593689, 80.6884307861, 58.966999054, 72.86693573, 9.27319049835, 24.4888381958, -1.75973391533, 49.4149093628], [1065.40539551, -259.143310547, -153.587356567, 409.969451904, -45.2806396484, 27.4025650024, -20.901052475, -35.539390564, 17.8668804169, 12.539732933, -48.335395813, -1.01337921619, -25.1746063232], [-2106.06494141, 254.536804199, 332.9949646, -45.2806396484, 409.352264404, -98.8387374878, 53.0380897522, 14.809967041, 41.7745094299, -2.17998600006, 29.0295257568, -47.0585594177, 27.112285614], [679.396057129, -271.758575439, -46.2572593689, 27.4025650024, -98.8387374878, 280.385681152, 64.4946670532, 2.52921772003, -34.9543952942, -26.545135498, 0.234789729118, 16.329788208, -36.9127578735], [-837.751586914, -36.0262260437, 80.6884307861, -20.901052475, 53.0380897522, 64.4946670532, 177.97644043, 10.6553115845, 7.97471189499, -15.6099081039, 28.8007335663, -7.61568641663, 2.22527265549], [69.2016220093, 57.9000282288, 58.966999054, -35.539390564, 14.809967041, 2.52921772003, 10.6553115845, 92.6972427368, 17.3463306427, 4.46184444427, 0.956316709518, -3.61288642883, 1.1264384985], [-862.780334473, -40.3166618347, 72.86693573, 17.8668804169, 41.7745094299, -34.9543952942, 7.97471189499, 17.3463306427, 124.53754425, 21.8192005157, -1.29908549786, 3.84927129745, 14.6247501373], [-100.265838623, -40.1975746155, 9.27319049835, 12.539732933, -2.17998600006, -26.545135498, -15.6099081039, 4.46184444427, 21.8192005157, 85.1773986816, 22.0216217041, 0.00357918604277, -2.98967766762], [-671.662109375, -17.8444690704, 24.4888381958, -48.335395813, 29.0295257568, 0.234789729118, 28.8007335663, 0.956316709518, -1.29908549786, 22.0216217041, 94.8299484253, 11.9304609299, 8.84137630463], [-140.446578979, -143.416381836, -1.75973391533, -1.01337921619, -47.0585594177, 16.329788208, -7.61568641663, -3.61288642883, 3.84927129745, 0.00357918604277, 11.9304609299, 77.5582962036, 21.0589847565], [-621.790405273, -3.3319401741, 49.4149093628, -25.1746063232, 27.112285614, -36.9127578735, 2.22527265549, 1.1264384985, 14.6247501373, -2.98967766762, 8.84137630463, 21.0589847565, 65.2507553101]], "icov": [[0.000145300116856, -0.000347399938619, 0.000408704538131, -0.000322864769259, 0.000298130005831, -0.000438833521912, 0.000321393134072, -0.000458252587123, 0.00053952872986, -0.000311005976982, 0.00058976461878, -0.000330138398567, 0.000449065119028], [-0.000347399938619, 0.00177059485577, -0.000725098885596, 0.00133075239137, -0.00117735750973, 0.00182896130718, -0.00071155425394, 0.000555275997613, -0.000906627741642, 0.00119075516704, -0.00115204893518, 0.00195132137742, -0.0008348680567], [0.000408704538131, -0.000725098885596, 0.00224940036424, -0.000446044723503, -0.00013548253628, -0.00120764493477, 0.000739818322472, -0.00176541577093, 0.00136116635986, -0.00104169966653, 0.00208319700323, -0.00107185903471, 0.00107126124203], [-0.000322864769259, 0.00133075239137, -0.000446044723503, 0.0040014446713, -0.00113635801245, 0.0010768485954, -0.000686836021487, 0.00180503539741, -0.0016781144077, 9.54912175075e-05, 0.000484076997964, 0.00104839075357, -7.69460821175e-05], [0.000298130005831, -0.00117735750973, -0.00013548253628, -0.00113635801245, 0.0048694270663, -3.29110189341e-05, -0.000226607982768, -0.000599935243372, 0.000333958829287, 5.60672997381e-05, -0.000236833599047, 0.00128512666561, -3.37630517606e-05], [-0.000438833521912, 0.00182896130718, -0.00120764493477, 0.0010768485954, -3.29110189341e-05, 0.00717208022252, -0.00309399445541, 0.000509925594088, -0.000435091991676, 0.00260069058277, -0.00181932246778, 0.000610298186075, 0.00167556619272], [0.000321393134072, -0.00071155425394, 0.000739818322472, -0.000686836021487, -0.000226607982768, -0.00309399445541, 0.008096691221, -0.0014128589537, 0.000347199704265, 0.000840971420985, -0.00105205911677, 0.00060735095758, 0.000200420050533], [-0.000458252587123, 0.000555275997613, -0.00176541577093, 0.00180503539741, -0.000599935243372, 0.000509925594088, -0.0014128589537, 0.0135757047683, -0.0035787106026, 4.35399197158e-05, -0.00134892924689, 0.000932024093345, -0.00126743339933], [0.00053952872986, -0.000906627741642, 0.00136116635986, -0.0016781144077, 0.000333958829287, -0.000435091991676, 0.000347199704265, -0.0035787106026, 0.0118138436228, -0.0034684734419, 0.00342520931736, -0.00174338161014, 0.00037356003304], [-0.000311005976982, 0.00119075516704, -0.00104169966653, 9.54912175075e-05, 5.60672997381e-05, 0.00260069058277, 0.000840971420985, 4.35399197158e-05, -0.0034684734419, 0.0154526205733, -0.00592001760378, 0.00200263364241, 0.000982611440122], [0.00058976461878, -0.00115204893518, 0.00208319700323, 0.000484076997964, -0.000236833599047, -0.00181932246778, -0.00105205911677, -0.00134892924689, 0.00342520931736, -0.00592001760378, 0.0164249874651, -0.00399083690718, 0.00132219283842], [-0.000330138398567, 0.00195132137742, -0.00107185903471, 0.00104839075357, 0.00128512666561, 0.000610298186075, 0.00060735095758, 0.000932024093345, -0.00174338161014, 0.00200263364241, -0.00399083690718, 0.019321475178, -0.00726819597185], [0.000449065119028, -0.0008348680567, 0.00107126124203, -7.69460821175e-05, -3.37630517606e-05, 0.00167556619272, 0.000200420050533, -0.00126743339933, 0.00037356003304, 0.000982611440122, 0.00132219283842, -0.00726819597185, 0.0218259766698]], "mean": [-101.939888, 129.407455444, -134.998779297, 10.3501167297, -52.5086097717, 3.94205904007, -26.9731731415, 5.47625350952, -20.1696052551, -2.1736664772, -16.9520435333, -5.65044212341, -12.6996431351]}, "hfc": {"dmean": 4.2390332222, "dmean2": 6.07932806015, "dvar": 51.7579154968, "dvar2": 106.093544006, "max": 170.335037231, "mean": 15.8366012573, "median": 8.21333122253, "min": 1.06084219494e-16, "var": 368.620269775}, "melbands": {"dmean": [7.57609232096e-05, 0.000437579525169, 0.000273345678579, 0.000144147838, 8.05290837889e-05, 9.96065718937e-05, 0.000110082568426, 0.000116501221783, 0.000131594933919, 0.000193053318071, 0.000188954218174, 0.000122675002785, 8.10356432339e-05, 8.32759178593e-05, 6.96687129675e-05, 4.6638193453e-05, 3.20692270179e-05, 3.03553151753e-05, 2.13055645872e-05, 1.64006196428e-05, 1.15862731036e-05, 1.34039692057e-05, 9.0547664513e-06, 5.29037379238e-06, 3.73507987206e-06, 3.57613407687e-06, 2.58679438048e-06, 1.89673039586e-06, 1.84785130841e-06, 1.89344416412e-06, 1.26972111048e-06, 9.93297931018e-07, 8.09667710655e-07, 6.96242238973e-07, 4.07995770502e-07, 2.08310055427e-07, 1.92185652281e-07, 1.49815392092e-07, 1.0398463246e-07, 9.37062338835e-08], "dmean2": [0.000124147743918, 0.000675253628287, 0.000428727682447, 0.00022730314231, 0.000127427367261, 0.000160910465638, 0.000170894098119, 0.000187139623449, 0.000206216049264, 0.00030184147181, 0.000296887184959, 0.000197501314688, 0.000127720544697, 0.000133474299219, 0.000112306530355, 7.57085726946e-05, 5.18547203683e-05, 4.71057246614e-05, 3.34396318067e-05, 2.57975516433e-05, 1.8566768631e-05, 2.13477978832e-05, 1.44905452544e-05, 8.41857399791e-06, 5.82129587201e-06, 5.58131614525e-06, 4.05368518841e-06, 2.91727928925e-06, 2.85490250462e-06, 2.88842443297e-06, 1.9956523829e-06, 1.46739557749e-06, 1.23404197439e-06, 1.05462811462e-06, 6.22079255663e-07, 3.2055490351e-07, 3.00355281979e-07, 2.43475597017e-07, 1.63374622275e-07, 1.469950206e-07], "dvar": [2.37831265792e-08, 7.71188638282e-07, 3.04705451981e-07, 1.08230530316e-07, 1.65665312579e-08, 4.06804296915e-08, 5.03411818897e-08, 5.38717941367e-08, 8.05976796414e-08, 3.68306388054e-07, 3.64774848549e-07, 9.37751210017e-08, 4.473928783e-08, 5.56721779787e-08, 3.34316538897e-08, 1.48902534747e-08, 7.1372170396e-09, 9.66549507098e-09, 7.58231877285e-09, 3.51739770643e-09, 1.22205923159e-09, 1.79613046658e-09, 4.86032825098e-10, 2.04289210548e-10, 1.3888595829e-10, 1.13099259125e-10, 6.00017605046e-11, 3.09110584351e-11, 5.74206029946e-11, 1.13544576519e-10, 5.31176005958e-11, 2.47928379216e-11, 1.49381201853e-11, 1.03004254431e-11, 4.01854417797e-12, 1.22681845151e-12, 1.22856596858e-12, 1.47371676494e-12, 7.10887783101e-13, 6.3586820271e-13], "dvar2": [6.29713099443e-08, 1.90535070033e-06, 7.43648570278e-07, 2.45928077902e-07, 4.05082900556e-08, 1.04561159731e-07, 1.14896394621e-07, 1.35789989031e-07, 1.87902372772e-07, 8.15331532067e-07, 9.06557829694e-07, 2.39878318098e-07, 1.04664984235e-07, 1.35186127181e-07, 7.88846037381e-08, 3.66366315063e-08, 1.78932104689e-08, 2.08977066762e-08, 1.68910041509e-08, 8.22428436464e-09, 3.10448045049e-09, 4.41839009824e-09, 1.17063503335e-09, 4.9590237472e-10, 3.3064112559e-10, 2.7765573174e-10, 1.53793380808e-10, 7.02917099527e-11, 1.3379139463e-10, 2.33583985487e-10, 1.15869071282e-10, 4.82352179032e-11, 3.73340039439e-11, 2.36284360133e-11, 9.08491337714e-12, 2.99019901721e-12, 2.98644594297e-12, 3.84197231321e-12, 1.78102519711e-12, 1.62841669402e-12], "max": [0.00239137304015, 0.0140949189663, 0.00912593398243, 0.00741255423054, 0.00236799730919, 0.00535196671262, 0.00701809674501, 0.00544165121391, 0.00546214869246, 0.0173947997391, 0.0199030190706, 0.00744641758502, 0.00650272890925, 0.00632618973032, 0.00594379100949, 0.00276917289011, 0.00218087481335, 0.00212786416523, 0.00266671739519, 0.00208477559499, 0.000862215994857, 0.000833932834212, 0.00051819573855, 0.000455869478174, 0.000440789095592, 0.000312793359626, 0.000204189491342, 0.000185092081665, 0.000273335230304, 0.000435360794654, 0.00029810948763, 0.000284515321255, 0.000163037242601, 0.000112747919047, 7.70604528952e-05, 4.44011930085e-05, 3.73895054508e-05, 4.37880808022e-05, 2.87715884042e-05, 3.02454318444e-05], "mean": [0.000144493693369, 0.000977947027422, 0.00055198330665, 0.000235652041738, 0.000167837803019, 0.000192754276213, 0.000205478092539, 0.000219664914766, 0.000232699268963, 0.000346669112332, 0.000331471092068, 0.000209381541936, 0.000140283373185, 0.000140007425216, 0.000115370057756, 7.9809113231e-05, 5.52658020752e-05, 4.67496429337e-05, 3.27475281665e-05, 2.6837018595e-05, 1.9656972654e-05, 2.1896808903e-05, 1.66031968547e-05, 9.71456483967e-06, 7.32734770281e-06, 6.63678565616e-06, 4.92460139867e-06, 3.51189601133e-06, 3.3267665458e-06, 3.34843525707e-06, 2.15984800889e-06, 1.7386747686e-06, 1.40754423228e-06, 1.18324908271e-06, 6.73122826811e-07, 3.2223715607e-07, 2.70659455737e-07, 1.96836921873e-07, 1.37939963452e-07, 1.1530639199e-07], "median": [7.35166540835e-05, 0.000494523323141, 0.0002689276007, 0.000100497054518, 0.000107717089122, 0.00010986844427, 9.93839057628e-05, 0.000103704987851, 9.87765015452e-05, 7.78082030592e-05, 6.78844080539e-05, 5.4853328038e-05, 3.67623943021e-05, 2.36695886997e-05, 2.93688826787e-05, 1.88951034943e-05, 1.38481873364e-05, 1.12211037049e-05, 6.75009641782e-06, 5.91963726038e-06, 5.07898948854e-06, 4.29512419942e-06, 3.57179533239e-06, 2.2299864213e-06, 1.5829706399e-06, 1.30755870487e-06, 8.87985834197e-07, 6.10008100921e-07, 4.70400323138e-07, 4.03604786925e-07, 2.34924641518e-07, 1.21086117133e-07, 7.81569866604e-08, 6.40650839046e-08, 4.5497611012e-08, 2.54734580096e-08, 1.82435435647e-08, 1.58829465136e-08, 1.16100311587e-08, 9.08604924632e-09], "min": [8.06617276729e-25, 1.27899951273e-24, 1.78381615927e-25, 6.57456892972e-25, 1.59670998825e-24, 1.64566255451e-24, 2.23010622919e-24, 1.82041782616e-24, 1.56606175601e-24, 1.32338181333e-24, 1.6077252475e-24, 2.4770129872e-24, 2.30730159357e-24, 2.34468945896e-24, 2.45269003891e-24, 2.65334864307e-24, 2.42145272479e-24, 2.74439798267e-24, 3.64201460495e-24, 2.6118525873e-24, 3.63259678903e-24, 3.45117574134e-24, 2.68344132002e-24, 3.78400365143e-24, 2.73855765096e-24, 4.41948554199e-24, 3.99884479137e-24, 2.7743595115e-24, 4.77136878167e-24, 4.95314718336e-24, 4.01999375781e-24, 5.1216944155e-24, 5.24292064296e-24, 5.3566874017e-24, 5.49456451071e-24, 4.94856626808e-24, 5.61204680432e-24, 5.88471460405e-24, 5.76629474927e-24, 5.70194342092e-24], "var": [4.14150171935e-08, 1.61375930929e-06, 5.81990036608e-07, 1.56865851864e-07, 3.91139174383e-08, 7.83022144901e-08, 1.30724785663e-07, 1.23189764167e-07, 1.81666891308e-07, 1.17872332339e-06, 1.01707439626e-06, 2.2281682277e-07, 1.04777697629e-07, 1.34241673777e-07, 7.20299269119e-08, 3.14401766843e-08, 1.51840371387e-08, 1.78538606121e-08, 1.26195285333e-08, 6.31643981563e-09, 2.39178943318e-09, 3.14924952782e-09, 1.16761589286e-09, 4.23125562365e-10, 4.5152698247e-10, 3.11096398642e-10, 1.55672516544e-10, 8.00407309876e-11, 1.18173484887e-10, 2.2981483383e-10, 1.02040098593e-10, 6.6603736415e-11, 3.14783824007e-11, 1.99878655294e-11, 7.19888124806e-12, 1.79369117215e-12, 1.55922583872e-12, 1.44366213862e-12, 7.56462058792e-13, 6.18068042493e-13]}, "melbands_crest": {"dmean": 2.82937431335, "dmean2": 4.54920244217, "dvar": 7.49027204514, "dvar2": 18.0597934723, "max": 32.8871154785, "mean": 12.5949106216, "median": 11.7488498688, "min": 1.59999358654, "var": 28.8347988129}, "melbands_flatness_db": {"dmean": 0.0192925352603, "dmean2": 0.0282910894603, "dvar": 0.000443017401267, "dvar2": 0.000957252050284, "max": 0.496874839067, "mean": 0.221878275275, "median": 0.209737256169, "min": 0.00351064652205, "var": 0.00690965354443}, "melbands_kurtosis": {"dmean": 2.55316662788, "dmean2": 4.07653045654, "dvar": 23.5467128754, "dvar2": 60.6712799072, "max": 129.218032837, "mean": 4.30175971985, "median": 2.45332241058, "min": -1.77771675587, "var": 43.8470993042}, "melbands_skewness": {"dmean": 0.461057513952, "dmean2": 0.713142693043, "dvar": 0.266765356064, "dvar2": 0.625445604324, "max": 9.00503253937, "mean": 1.36509847641, "median": 1.24155759811, "min": -1.8626947403, "var": 1.17759275436}, "melbands_spread": {"dmean": 4.86730146408, "dmean2": 7.51459789276, "dvar": 44.0928611755, "dvar2": 96.3416595459, "max": 190.64125061, "mean": 24.2941322327, "median": 18.9848899841, "min": 1.33229219913, "var": 515.319030762}, "mfcc": {"cov": [[18096.3964844, 1017.75750732, -1622.76904297, 241.414916992, -771.620178223, 578.075073242, -62.8430023193, 257.115844727, -119.202171326, -140.912277222, 7.71885108948, 86.0454406738, -164.295898438], [1017.75750732, 2892.85180664, -75.7411956787, 139.327606201, 208.882644653, -230.852020264, 116.141334534, -37.8641242981, 56.8838500977, 89.2116699219, -14.6255836487, -53.5268630981, -1.63956916332], [-1622.76904297, -75.7411956787, 626.340942383, -36.4437599182, 83.8961486816, -17.1976089478, 7.8075928688, 25.5345230103, 35.9629859924, 26.987361908, -7.74098396301, -28.7861442566, 20.7122116089], [241.414916992, 139.327606201, -36.4437599182, 351.834381104, 89.5380783081, -5.06824302673, -41.6694412231, -48.6802558899, 46.2804374695, 9.99875259399, -4.05274295807, 1.16407573223, 2.68067932129], [-771.620178223, 208.882644653, 83.8961486816, 89.5380783081, 250.370819092, -40.2416763306, -0.950271368027, -23.4171657562, 29.3496494293, 30.4917144775, -10.8424129486, -18.8191699982, 15.0553407669], [578.075073242, -230.852020264, -17.1976089478, -5.06824302673, -40.2416763306, 182.08605957, 38.3533592224, 46.2624740601, 4.85163927078, -16.0552883148, 18.2505226135, 22.5234222412, -22.2174491882], [-62.8430023193, 116.141334534, 7.8075928688, -41.6694412231, -0.950271368027, 38.3533592224, 182.470596313, 39.0522460938, -14.9671916962, 7.80151605606, 13.8715019226, -0.812870562077, -8.74787712097], [257.115844727, -37.8641242981, 25.5345230103, -48.6802558899, -23.4171657562, 46.2624740601, 39.0522460938, 128.787017822, 16.4583396912, 7.53308963776, -2.20879387856, -7.1332359314, 0.340454012156], [-119.202171326, 56.8838500977, 35.9629859924, 46.2804374695, 29.3496494293, 4.85163927078, -14.9671916962, 16.4583396912, 92.4088363647, 24.1831893921, 0.23808811605, 0.270331412554, -10.116268158], [-140.912277222, 89.2116699219, 26.987361908, 9.99875259399, 30.4917144775, -16.0552883148, 7.80151605606, 7.53308963776, 24.1831893921, 81.6057510376, 22.9023284912, -3.32939958572, 5.78868484497], [7.71885108948, -14.6255836487, -7.74098396301, -4.05274295807, -10.8424129486, 18.2505226135, 13.8715019226, -2.20879387856, 0.23808811605, 22.9023284912, 75.6861038208, 26.1532268524, -6.34986162186], [86.0454406738, -53.5268630981, -28.7861442566, 1.16407573223, -18.8191699982, 22.5234222412, -0.812870562077, -7.1332359314, 0.270331412554, -3.32939958572, 26.1532268524, 79.6784667969, 12.7702093124], [-164.295898438, -1.63956916332, 20.7122116089, 2.68067932129, 15.0553407669, -22.2174491882, -8.74787712097, 0.340454012156, -10.116268158, 5.78868484497, -6.34986162186, 12.7702093124, 72.4485931396]], "icov": [[0.000112612171506, -9.33694973355e-05, 0.000218519096961, -0.000132307672175, 0.000295846431982, -0.00038599196705, 0.000207561155548, -0.000238118227571, 0.000203517862246, -3.39508987963e-05, 8.80371953826e-05, 1.27244129544e-05, 7.86234377301e-05], [-9.33694973355e-05, 0.000528792093974, -5.85308625887e-05, -1.12002271635e-05, -0.000471488427138, 0.000940977537539, -0.000625473854598, 0.000179042079253, -0.000391021632822, -0.000195184329641, -2.18696459342e-05, 5.5405729654e-05, 7.68666213844e-05], [0.000218519096961, -5.85308625887e-05, 0.00225867540576, 0.000125602149637, -8.01193600637e-05, -0.000621392799076, 0.000259225635091, -0.000618529913481, -0.00040750374319, -0.000220393412746, 7.09151718183e-05, 0.000683810678311, -0.000449464278063], [-0.000132307672175, -1.12002271635e-05, 0.000125602149637, 0.00385404680856, -0.00145562516991, -0.000301854655845, 0.000332363939378, 0.00169089913834, -0.00203884020448, 0.000242624111706, -8.69553769007e-05, 0.000158694718266, -0.000576371210627], [0.000295846431982, -0.000471488427138, -8.01193600637e-05, -0.00145562516991, 0.00607851985842, -0.000710722000804, 0.000148658975377, 0.000216633648961, -0.000214032959775, -0.00131561746821, 0.000881815620232, 0.000784154748544, -0.000712878187187], [-0.00038599196705, 0.000940977537539, -0.000621392799076, -0.000301854655845, -0.000710722000804, 0.0094632813707, -0.0023366403766, -0.00184534525033, -0.00119805114809, 0.00162254087627, -0.00150713219773, -0.00196153321303, 0.00202778493986], [0.000207561155548, -0.000625473854598, 0.000259225635091, 0.000332363939378, 0.000148658975377, -0.0023366403766, 0.00726516731083, -0.00212294538505, 0.00227047177032, -0.000632140378002, -0.000684836821165, 8.62553642946e-05, 0.000802209367976], [-0.000238118227571, 0.000179042079253, -0.000618529913481, 0.00169089913834, 0.000216633648961, -0.00184534525033, -0.00212294538505, 0.0109851453453, -0.00327677000314, -0.000915137759876, 0.000814244209323, 0.00168201618362, -0.00195010122843], [0.000203517862246, -0.000391021632822, -0.00040750374319, -0.00203884020448, -0.000214032959775, -0.00119805114809, 0.00227047177032, -0.00327677000314, 0.0150663601235, -0.00417098170146, 0.00167527806479, -0.00192369741853, 0.00353419641033], [-3.39508987963e-05, -0.000195184329641, -0.000220393412746, 0.000242624111706, -0.00131561746821, 0.00162254087627, -0.000632140378002, -0.000915137759876, -0.00417098170146, 0.0167159643024, -0.00651293899864, 0.00216750544496, -0.00219935365021], [8.80371953826e-05, -2.18696459342e-05, 7.09151718183e-05, -8.69553769007e-05, 0.000881815620232, -0.00150713219773, -0.000684836821165, 0.000814244209323, 0.00167527806479, -0.00651293899864, 0.0181464329362, -0.00607610028237, 0.00286593777128], [1.27244129544e-05, 5.5405729654e-05, 0.000683810678311, 0.000158694718266, 0.000784154748544, -0.00196153321303, 8.62553642946e-05, 0.00168201618362, -0.00192369741853, 0.00216750544496, -0.00607610028237, 0.0165752787143, -0.00482923258096], [7.86234377301e-05, 7.68666213844e-05, -0.000449464278063, -0.000576371210627, -0.000712878187187, 0.00202778493986, 0.000802209367976, -0.00195010122843, 0.00353419641033, -0.00219935365021, 0.00286593777128, -0.00482923258096, 0.0167804118246]], "mean": [-717.252197266, 158.346572876, -22.0298519135, 12.484577179, -7.59862422943, -0.136594682932, -0.938883543015, 3.69871330261, 1.16569423676, 1.46222817898, -0.196203425527, -0.499496400356, -2.49214601517]}, "pitch_salience": {"dmean": 0.0615640506148, "dmean2": 0.098885640502, "dvar": 0.00297228991985, "dvar2": 0.00739689078182, "max": 0.878707647324, "mean": 0.57719874382, "median": 0.579131543636, "min": 0.193300500512, "var": 0.0120756616816}, "silence_rate_20dB": {"dmean": 0, "dmean2": 0, "dvar": 0, "dvar2": 0, "max": 1, "mean": 1, "median": 1, "min": 1, "var": 0}, "silence_rate_30dB": {"dmean": 0.00152230169624, "dmean2": 0.00304506695829, "dvar": 0.00151998002548, "dvar2": 0.00334047246724, "max": 1, "mean": 0.998021304607, "median": 1, "min": 0, "var": 0.00197471049614}, "silence_rate_60dB": {"dmean": 0.0359263196588, "dmean2": 0.0718635842204, "dvar": 0.0346402488649, "dvar2": 0.0776558592916, "max": 1, "mean": 0.155859977007, "median": 0, "min": 0, "var": 0.131568670273}, "spectral_centroid": {"dmean": 156.971099854, "dmean2": 235.850204468, "dvar": 50230.1171875, "dvar2": 90230.7890625, "max": 11863.8330078, "mean": 1357.47790527, "median": 1024.73632813, "min": 198.557723999, "var": 2829427}, "spectral_complexity": {"dmean": 2.56812310219, "dmean2": 3.92235088348, "dvar": 8.20706558228, "dvar2": 16.3846817017, "max": 53, "mean": 16.6089801788, "median": 15, "min": 0, "var": 103.522613525}, "spectral_contrast_coeffs": {"dmean": [0.0431726500392, 0.0404208600521, 0.039104487747, 0.0295791141689, 0.0205287653953, 0.0189487636089], "dmean2": [0.0715237259865, 0.0670574977994, 0.0636539459229, 0.048402890563, 0.0326305404305, 0.0290841050446], "dvar": [0.0013857370941, 0.00112689880189, 0.00105222687125, 0.000634367170278, 0.000327732152073, 0.000340353901265], "dvar2": [0.00369484000839, 0.00295601203106, 0.00277225370519, 0.00157741014846, 0.000750070612412, 0.000690979417413], "max": [-0.403896301985, -0.467268049717, -0.474671363831, -0.561406731606, -0.600908041, -0.495844751596], "mean": [-0.644388496876, -0.758842587471, -0.7540589571, -0.774920761585, -0.791356146336, -0.75616645813], "median": [-0.636256217957, -0.756504178047, -0.754496693611, -0.773652076721, -0.792225122452, -0.759195864201], "min": [-0.987886190414, -0.982295811176, -0.977334201336, -0.971193432808, -0.967468798161, -0.964162528515], "var": [0.00773000670597, 0.00468010036275, 0.00537205953151, 0.00393708841875, 0.00305451406166, 0.00542020099238]}, "spectral_contrast_valleys": {"dmean": [0.438717246056, 0.321141600609, 0.308796614408, 0.268233031034, 0.232440769672, 0.272279530764], "dmean2": [0.717209637165, 0.527927100658, 0.496162056923, 0.414423108101, 0.331245869398, 0.368123441935], "dvar": [0.182561531663, 0.105713747442, 0.10873798281, 0.099488273263, 0.100800029933, 0.132615923882], "dvar2": [0.397847265005, 0.214093416929, 0.200040698051, 0.169181928039, 0.155342012644, 0.197366625071], "max": [-5.9077334404, -4.95047855377, -4.94671821594, -5.34408330917, -5.69286251068, -7.82573843002], "mean": [-8.53885173798, -7.31863451004, -7.87055015564, -8.5607881546, -8.8687210083, -12.0694513321], "median": [-7.78710269928, -6.55992889404, -7.10782241821, -7.78232955933, -8.07262134552, -11.6237945557], "min": [-28.5079631805, -28.132522583, -27.817609787, -27.7350769043, -27.5529766083, -27.3910369873], "var": [11.2575969696, 12.3015003204, 12.0874242783, 11.5228204727, 11.3664512634, 8.35960006714]}, "spectral_decrease": {"dmean": 1.20188525798e-09, "dmean2": 1.76871872704e-09, "dvar": 2.76371051539e-18, "dvar2": 6.08007983678e-18, "max": 2.74388418809e-28, "mean": -4.46707115742e-09, "median": -3.2305540465e-09, "min": -3.73364379413e-08, "var": 1.81056816265e-17}, "spectral_energy": {"dmean": 0.00485854269937, "dmean2": 0.00712595786899, "dvar": 4.50013794762e-05, "dvar2": 9.85084188869e-05, "max": 0.153635874391, "mean": 0.0182961337268, "median": 0.0130227832124, "min": 9.90720035768e-21, "var": 0.000309240160277}, "spectral_energyband_high": {"dmean": 0.000150995576405, "dmean2": 0.000214199288166, "dvar": 4.234879043e-07, "dvar2": 8.17943202946e-07, "max": 0.027707638219, "mean": 0.000340774247888, "median": 4.80294038425e-05, "min": 7.06631720632e-21, "var": 1.22442168049e-06}, "spectral_energyband_low": {"dmean": 0.00163035001606, "dmean2": 0.00249610817991, "dvar": 1.00221586763e-05, "dvar2": 2.38315242314e-05, "max": 0.0470366962254, "mean": 0.00382476509549, "median": 0.00221817521378, "min": 7.02506352965e-24, "var": 2.15606014535e-05}, "spectral_energyband_middle_high": {"dmean": 0.00239175069146, "dmean2": 0.00365064525977, "dvar": 1.88452740986e-05, "dvar2": 4.368991722e-05, "max": 0.0979587286711, "mean": 0.00705018639565, "median": 0.0030379013624, "min": 1.13371030136e-21, "var": 9.8578617326e-05}, "spectral_energyband_middle_low": {"dmean": 0.00278781540692, "dmean2": 0.00428866874427, "dvar": 2.21062746277e-05, "dvar2": 5.12979568157e-05, "max": 0.116782151163, "mean": 0.00785744469613, "median": 0.00501559488475, "min": 1.40534573145e-22, "var": 9.0042121883e-05}, "spectral_entropy": {"dmean": 0.125076934695, "dmean2": 0.184460103512, "dvar": 0.0181475877762, "dvar2": 0.0357080623507, "max": 9.82618713379, "mean": 7.28701782227, "median": 7.32414388657, "min": 5.59134578705, "var": 0.395643830299}, "spectral_flux": {"dmean": 0.0166027452797, "dmean2": 0.0261569637805, "dvar": 0.000400006771088, "dvar2": 0.000926109380089, "max": 0.318480521441, "mean": 0.0639776214957, "median": 0.056376054883, "min": 6.43419206803e-11, "var": 0.00202135439031}, "spectral_kurtosis": {"dmean": 3.53668832779, "dmean2": 6.04726266861, "dvar": 18.6627120972, "dvar2": 52.8662223816, "max": 72.1186981201, "mean": 9.71006298065, "median": 6.6441617012, "min": -1.26181864738, "var": 77.033706665}, "spectral_rms": {"dmean": 0.000525063485838, "dmean2": 0.000756033230573, "dvar": 3.7220354443e-07, "dvar2": 7.3492105912e-07, "max": 0.0122429020703, "mean": 0.00370632042177, "median": 0.00356442900375, "min": 3.1089486454e-12, "var": 4.11313703808e-06}, "spectral_rolloff": {"dmean": 259.121063232, "dmean2": 429.674133301, "dvar": 326961.90625, "dvar2": 789338.1875, "max": 19702.8808594, "mean": 1690.37561035, "median": 1119.7265625, "min": 129.19921875, "var": 8643404}, "spectral_skewness": {"dmean": 0.323096066713, "dmean2": 0.532921373844, "dvar": 0.10790155828, "dvar2": 0.284945994616, "max": 6.57120656967, "mean": 2.03655314445, "median": 1.82872664928, "min": -0.0897395014763, "var": 0.920562148094}, "spectral_spread": {"dmean": 338622.59375, "dmean2": 507392.96875, "dvar