{"lowlevel": {"average_loudness": 0.951266825199, "barkbands": {"dmean": [1.53555793077e-05, 0.00116784241982, 0.00230508088134, 0.00151484447997, 0.00202185171656, 0.000896958634257, 0.000994086964056, 0.000907684734557, 0.000931613089051, 0.000384003215004, 0.000199037749553, 0.000216690983507, 0.000161789197591, 0.000131859589601, 0.000122240177006, 0.000131711276481, 0.000178023052285, 8.10891142464e-05, 9.95513837552e-05, 0.000157745205797, 0.000144391291542, 0.000107610176201, 0.000109276123112, 0.000136746341013, 0.000163112097653, 6.60896330373e-05, 4.12155759477e-06], "dmean2": [2.59505941358e-05, 0.00198234291747, 0.00367974839173, 0.00254924455658, 0.00335015496239, 0.00133388710674, 0.00154655240476, 0.00132893177215, 0.00123011239339, 0.000547194911633, 0.000300663697999, 0.000318623497151, 0.000232888269238, 0.000199487869395, 0.000183174241101, 0.000197314584511, 0.000263480993453, 0.000119342344988, 0.000144330042531, 0.00022503065702, 0.000213563384023, 0.000160989933647, 0.00016513542505, 0.000203405346838, 0.000242628186243, 9.99925468932e-05, 6.74388138577e-06], "dvar": [4.98515051461e-09, 3.62559740097e-06, 1.23201098177e-05, 1.2989006791e-05, 1.38935092764e-05, 3.80476899409e-06, 6.54871382721e-06, 9.66402967606e-06, 7.43073951526e-06, 2.96704502034e-06, 1.06348898044e-06, 3.96561631533e-07, 4.10797781569e-07, 1.65614096659e-07, 1.26105163645e-07, 1.92737488192e-07, 2.77490187273e-07, 4.17532248775e-08, 5.37027950998e-08, 1.45133142837e-07, 3.46662744732e-07, 7.77115332085e-08, 6.22348110824e-08, 1.40523297887e-07, 1.71722717823e-07, 3.24640652138e-08, 1.81705581137e-10], "dvar2": [1.06422772816e-08, 1.050508763e-05, 3.16372970701e-05, 3.72128051822e-05, 3.76974749088e-05, 7.83822088124e-06, 1.46231204781e-05, 1.94715194084e-05, 1.23241825349e-05, 6.05979857937e-06, 2.14962165046e-06, 7.55725409363e-07, 8.55374935327e-07, 3.60708355629e-07, 2.72326985851e-07, 4.21844788434e-07, 6.11317034327e-07, 8.29327149177e-08, 1.14205477075e-07, 2.96648153153e-07, 9.29477096179e-07, 1.77449550165e-07, 1.41285482869e-07, 2.84843082454e-07, 3.62287636335e-07, 7.59464384714e-08, 4.70091854332e-10], "max": [0.00275863008574, 0.0423754751682, 0.0631232410669, 0.0949636772275, 0.0704630538821, 0.0409824438393, 0.0539125390351, 0.0796721205115, 0.0624346807599, 0.0650872066617, 0.0351232364774, 0.0251451022923, 0.0206643417478, 0.0114662535489, 0.0124962041155, 0.0271987579763, 0.0139374379069, 0.00856405869126, 0.00706886453554, 0.0112211294472, 0.0272736493498, 0.00749063305557, 0.00730406399816, 0.0111480224878, 0.0115861119702, 0.00263241957873, 0.000357784912921], "mean": [1.65198434843e-05, 0.00227957055904, 0.00431179627776, 0.00232563121244, 0.00360393081792, 0.0019555951003, 0.00177346274722, 0.00160924787633, 0.00187518133316, 0.00069188978523, 0.000348094123183, 0.000355844153091, 0.000269884680165, 0.000213931445614, 0.000196820226847, 0.000219838053454, 0.000319912214763, 0.000141877768328, 0.000173169319169, 0.000272854726063, 0.000188607926248, 0.000144737772644, 0.000149314888404, 0.000182046263944, 0.000211321224924, 6.41889710096e-05, 3.44155000676e-06], "median": [3.18685783895e-06, 0.00108778616413, 0.00231074611656, 0.000993601977825, 0.00195134337991, 0.000786861521192, 0.00048748095287, 0.000180705857929, 0.00023774903093, 0.000143915531226, 4.42832533736e-05, 0.000120137046906, 2.94516794384e-05, 3.84262530133e-05, 4.34191606473e-05, 4.08758060075e-05, 7.27743827156e-05, 4.95876665809e-05, 5.62803179491e-05, 5.60011212656e-05, 2.59654734691e-05, 2.60953165707e-05, 3.76347961719e-05, 3.31861701852e-05, 3.99293930968e-05, 3.98819156544e-06, 5.98298299792e-08], "min": [4.70424332535e-25, 4.11738810289e-24, 2.72850539366e-24, 3.35299608523e-24, 1.65920751319e-23, 9.93735813144e-24, 2.00274318455e-23, 1.30400340575e-23, 1.27619385003e-23, 2.55215940372e-23, 2.21537622393e-23, 5.22025296151e-23, 4.30518472442e-23, 3.1974690812e-23, 7.19169966737e-23, 3.26221909985e-23, 7.17182226582e-23, 1.23655713942e-22, 1.37670907085e-22, 1.33596181763e-22, 2.56779475308e-22, 4.09549369445e-22, 5.17505375599e-22, 7.28371252957e-22, 1.05531019964e-21, 1.41270846689e-21, 2.16149584397e-21], "var": [6.63845911575e-09, 1.05544504549e-05, 3.11938129016e-05, 1.52805187099e-05, 2.59636180999e-05, 1.24422667795e-05, 1.55087818712e-05, 2.71803728538e-05, 2.52793888649e-05, 6.37045741314e-06, 2.59777425526e-06, 9.06851482796e-07, 9.80917093329e-07, 3.981824932e-07, 2.79992690366e-07, 5.52139795218e-07, 7.08304469299e-07, 9.99831684112e-08, 1.19993842418e-07, 3.63839376405e-07, 4.8446298706e-07, 1.28188133885e-07, 1.00276679404e-07, 3.00697337252e-07, 3.08454559672e-07, 3.38557875068e-08, 1.47624287794e-10]}, "barkbands_crest": {"dmean": 2.47891187668, "dmean2": 4.01719379425, "dvar": 5.15830612183, "dvar2": 12.9018955231, "max": 25.1639385223, "mean": 10.9109334946, "median": 10.2450180054, "min": 2.76512646675, "var": 16.1462192535}, "barkbands_flatness_db": {"dmean": 0.0261090826243, "dmean2": 0.0366661585867, "dvar": 0.000605836627074, "dvar2": 0.00111074512824, "max": 0.67666643858, "mean": 0.168532177806, "median": 0.159715846181, "min": 0.0312793925405, "var": 0.00617914367467}, "barkbands_kurtosis": {"dmean": 4.47636651993, "dmean2": 6.98031282425, "dvar": 66.620803833, "dvar2": 142.054946899, "max": 371.219909668, "mean": 8.46367168427, "median": 5.02292442322, "min": -1.92522275448, "var": 157.671798706}, "barkbands_skewness": {"dmean": 0.620563864708, "dmean2": 0.951677083969, "dvar": 0.433403998613, "dvar2": 0.956349909306, "max": 11.0925312042, "mean": 2.18665671349, "median": 2.03981781006, "min": -4.53520202637, "var": 1.75969493389}, "barkbands_spread": {"dmean": 7.5441160202, "dmean2": 11.3196668625, "dvar": 121.05569458, "dvar2": 252.650497437, "max": 118.583610535, "mean": 20.6108970642, "median": 15.2030391693, "min": 0.150277286768, "var": 316.985687256}, "dissonance": {"dmean": 0.0219800751656, "dmean2": 0.0360164530575, "dvar": 0.000476275658002, "dvar2": 0.00123000773601, "max": 0.499999940395, "mean": 0.444837063551, "median": 0.454117715359, "min": 0.175338536501, "var": 0.00156797037926}, "dynamic_complexity": 3.55900835991, "erbbands": {"dmean": [0.0112305460498, 0.358455836773, 2.37744569778, 3.49846053123, 6.78246355057, 7.19474315643, 4.30549144745, 8.8236618042, 13.6317224503, 15.3518838882, 19.8136768341, 21.1595821381, 14.1497755051, 7.58385515213, 8.52619838715, 7.69159555435, 6.59716510773, 6.14000415802, 6.37261152267, 5.91607570648, 8.45688724518, 9.39462757111, 5.02348947525, 3.07780647278, 6.93519592285, 7.23502445221, 6.54824876785, 5.00490474701, 3.87951254845, 3.62321734428, 3.05945038795, 2.74805474281, 2.41242337227, 2.05963635445, 1.00632190704, 0.369530081749, 0.105391651392, 0.0192066859454, 0.000441994227003, 2.10665366467e-05], "dmean2": [0.0184456836432, 0.604721069336, 3.82128238678, 5.79611110687, 11.4304838181, 11.8751516342, 6.43710231781, 13.1188297272, 20.9848308563, 23.5198192596, 28.458990097, 27.607925415, 19.5491008759, 11.0019035339, 12.9233798981, 11.0118722916, 9.1855134964, 8.98694896698, 9.48171806335, 8.65125751495, 12.4865093231, 13.7794866562, 7.32178449631, 4.39489173889, 10.0104446411, 10.2357311249, 9.65137577057, 7.56662940979, 5.78896474838, 5.50658988953, 4.60638380051, 4.16035604477, 3.53214526176, 3.05059194565, 1.52180504799, 0.557718217373, 0.160723134875, 0.0300157312304, 0.000686981133185, 3.05061621475e-05], "dvar": [0.000524421280716, 0.315333127975, 12.0503721237, 46.3108177185, 304.385681152, 150.636276245, 70.8463973999, 442.197875977, 1385.7824707, 1850.23486328, 4173.39257813, 4308.43310547, 4880.046875, 468.277038574, 1617.125, 492.472961426, 597.620117188, 379.924224854, 323.183013916, 349.225891113, 828.083190918, 881.985229492, 162.128967285, 36.5949630737, 260.23916626, 365.074645996, 1052.1685791, 220.170684814, 112.002220154, 67.1118774414, 50.9996376038, 55.7769355774, 44.8628120422, 33.7718811035, 6.00629377365, 0.988074183464, 0.088802985847, 0.00326417153701, 1.67064160905e-06, 1.73616543364e-09], "dvar2": [0.00125017913524, 0.909829676151, 31.0319919586, 131.513046265, 856.275085449, 395.473052979, 155.296478271, 910.885620117, 2977.58056641, 4261.55175781, 8047.26904297, 6902.07910156, 9164.734375, 917.684814453, 3345.43945313, 840.25567627, 1133.49194336, 834.37109375, 699.328125, 733.277832031, 1815.75256348, 1943.9239502, 313.215515137, 75.5159225464, 553.231811523, 725.825012207, 2978.90527344, 477.196990967, 253.545959473, 157.54296875, 116.247756958, 120.128639221, 89.0833206177, 68.94190979, 13.6332120895, 2.28778600693, 0.212590396404, 0.00809865817428, 4.11341807194e-06, 3.97938837438e-09], "max": [0.53294056654, 11.6854133606, 49.5879707336, 189.097564697, 430.164672852, 427.641174316, 353.05557251, 477.741638184, 964.919555664, 988.136657715, 2039.84753418, 1537.60876465, 2774.51269531, 785.856506348, 1417.0579834, 954.70489502, 856.027832031, 752.73828125, 503.277801514, 862.880065918, 1874.29248047, 864.510864258, 437.457061768, 157.059448242, 465.629302979, 709.62713623, 1567.64050293, 391.053192139, 291.66003418, 192.374343872, 218.821853638, 227.958404541, 210.642654419, 188.205581665, 55.30809021, 18.7071437836, 5.36518859863, 1.01032459736, 0.0258733090013, 0.000654501025565], "mean": [0.0297423694283, 0.696164488792, 4.39008760452, 6.59172439575, 10.4588356018, 12.8918714523, 9.67439460754, 19.0318222046, 25.7084121704, 27.6076011658, 39.0867729187, 43.2222099304, 28.1236743927, 15.3310136795, 15.7401609421, 13.7354707718, 11.9654054642, 10.9112491608, 10.7834615707, 9.87333106995, 15.3847064972, 17.6916656494, 9.45984268188, 5.88057136536, 12.3417482376, 12.9837245941, 8.78692817688, 6.51924562454, 5.19623756409, 4.96550512314, 4.12388944626, 3.47367525101, 3.31178092957, 2.8071975708, 1.18436348438, 0.380615621805, 0.0993816256523, 0.0168960168958, 0.000411645742133, 4.33033637819e-05], "median": [0.00927365012467, 0.386273294687, 2.5904238224, 3.99113845825, 5.01662445068, 6.58494949341, 5.43076181412, 6.94653844833, 7.65257406235, 7.24736595154, 5.82153749466, 6.03676319122, 4.50716161728, 4.35010910034, 3.69787693024, 4.0666513443, 1.64862632751, 1.92287254333, 2.79325628281, 2.10285997391, 3.13479089737, 4.4270825386, 3.43950414658, 2.36990118027, 3.62133431435, 2.6845703125, 1.22353041172, 0.984325647354, 0.869360208511, 1.33529818058, 0.919115543365, 0.58485275507, 0.603883087635, 0.482769668102, 0.180277228355, 0.0348953679204, 0.00565401278436, 0.000639305799268, 3.42643652402e-05, 2.78348634311e-05], "min": [1.07204013453e-22, 1.00618948452e-21, 3.18351828435e-21, 9.02669971516e-21, 3.91378761995e-20, 7.03509485405e-20, 4.6148881357e-20, 6.78038267899e-20, 2.78881513679e-19, 2.67661144712e-19, 3.22232653716e-19, 2.59789151166e-19, 8.64928276024e-19, 7.83429582389e-19, 1.57044137382e-18, 2.39418701548e-18, 2.02381503505e-18, 2.15623589777e-18, 3.01516308185e-18, 2.41965590654e-18, 2.55743669284e-18, 5.14574831563e-18, 7.23770710993e-18, 9.18066999639e-18, 7.75547585127e-18, 6.71966002231e-18, 1.04558962965e-17, 1.20089138345e-17, 1.38117490164e-17, 1.34192179014e-17, 1.36128311043e-17, 1.29243537912e-17, 1.08838663105e-17, 9.4803327169e-18, 8.3199513459e-18, 5.26081575628e-18, 2.70326387854e-18, 1.14386764065e-18, 2.99798946817e-19, 3.09837009732e-20], "var": [0.00273711048067, 0.820664405823, 28.3914680481, 71.3556594849, 312.197906494, 456.293792725, 244.818405151, 1373.0489502, 3568.43261719, 3752.05151367, 12813.3808594, 14355.4169922, 14258.2373047, 1462.96520996, 3786.57397461, 1492.73254395, 1751.31982422, 1019.11853027, 706.382019043, 838.69140625, 2479.38867188, 2265.26904297, 402.660522461, 93.7437057495, 590.086425781, 956.54498291, 1270.55029297, 394.830505371, 184.871276855, 102.463912964, 82.8639068604, 103.293487549, 101.213768005, 66.4940338135, 8.62968254089, 1.10510230064, 0.0864581540227, 0.00291685876437, 1.5313142967e-06, 2.56534238297e-09]}, "erbbands_crest": {"dmean": 2.55998730659, "dmean2": 4.01778459549, "dvar": 6.23919582367, "dvar2": 14.3185367584, "max": 30.7738513947, "mean": 9.87144947052, "median": 8.6660118103, "min": 2.23971986771, "var": 25.8015708923}, "erbbands_flatness_db": {"dmean": 0.0198509413749, "dmean2": 0.0262699145824, "dvar": 0.000375279603759, "dvar2": 0.000646068656351, "max": 0.475113600492, "mean": 0.155703574419, "median": 0.149007350206, "min": 0.0341625995934, "var": 0.00366036803462}, "erbbands_kurtosis": {"dmean": 1.36854624748, "dmean2": 2.11029672623, "dvar": 10.8530788422, "dvar2": 26.0020179749, "max": 136.791275024, "mean": 1.39415848255, "median": -0.0776485726237, "min": -1.85719251633, "var": 30.2189502716}, "erbbands_skewness": {"dmean": 0.41981524229, "dmean2": 0.620009899139, "dvar": 0.210893645883, "dvar2": 0.455033332109, "max": 8.85195446014, "mean": 0.742116034031, "median": 0.730741024017, "min": -3.57403898239, "var": 0.99720454216}, "erbbands_spread": {"dmean": 10.4945039749, "dmean2": 15.5824451447, "dvar": 142.065811157, "dvar2": 312.26272583, "max": 141.009506226, "mean": 47.3174667358, "median": 44.1501312256, "min": 1.24117338657, "var": 543.566223145}, "gfcc": {"cov": [[17238.3007813, -1289.92468262, -1468.6003418, -110.973983765, -1323.82824707, 678.564819336, -333.408630371, 150.978210449, -749.930480957, 90.7610397339, -483.735534668, 33.561832428, -321.815979004], [-1289.92468262, 1941.48144531, -185.521331787, -45.220615387, 322.378997803, -261.400848389, 158.01171875, -48.5496025085, 280.989257813, -284.694702148, 203.849105835, -127.937271118, 177.756134033], [-1468.6003418, -185.521331787, 938.343994141, 136.469696045, 178.207214355, 71.0522537231, 66.8760528564, -29.5491199493, -51.0258369446, 95.6756820679, 27.1819934845, 80.5280990601, -30.2677555084], [-110.973983765, -45.220615387, 136.469696045, 405.496337891, 36.5770759583, 35.0715866089, -40.0974121094, -49.5287513733, 27.1714420319, -4.1604590416, 47.4670372009, 5.73079538345, 76.8267364502], [-1323.82824707, 322.378997803, 178.207214355, 36.5770759583, 397.965484619, -94.0778808594, 45.9437904358, -12.8411178589, 106.130310059, -18.315984726, 9.68442153931, 43.9478263855, 61.1172180176], [678.564819336, -261.400848389, 71.0522537231, 35.0715866089, -94.0778808594, 303.140472412, 90.0005645752, -8.56989479065, -121.110168457, 34.6242294312, 5.13627958298, 10.187371254, -45.1769981384], [-333.408630371, 158.01171875, 66.8760528564, -40.0974121094, 45.9437904358, 90.0005645752, 271.41973877, 27.9771556854, -24.5053386688, -17.9466438293, 31.3246822357, -9.34804725647, -25.1391658783], [150.978210449, -48.5496025085, -29.5491199493, -49.5287513733, -12.8411178589, -8.56989479065, 27.9771556854, 178.87890625, 66.4770431519, 19.6421794891, -10.8654327393, 3.67095971107, -12.6000185013], [-749.930480957, 280.989257813, -51.0258369446, 27.1714420319, 106.130310059, -121.110168457, -24.5053386688, 66.4770431519, 247.266326904, -18.357673645, 18.8476314545, -7.87884616852, 49.2858810425], [90.7610397339, -284.694702148, 95.6756820679, -4.1604590416, -18.315984726, 34.6242294312, -17.9466438293, 19.6421794891, -18.357673645, 147.621002197, -7.06079912186, 26.9934005737, -49.7541847229], [-483.735534668, 203.849105835, 27.1819934845, 47.4670372009, 9.68442153931, 5.13627958298, 31.3246822357, -10.8654327393, 18.8476314545, -7.06079912186, 144.744598389, -6.65325260162, 15.7905139923], [33.561832428, -127.937271118, 80.5280990601, 5.73079538345, 43.9478263855, 10.187371254, -9.34804725647, 3.67095971107, -7.87884616852, 26.9934005737, -6.65325260162, 150.452850342, 29.4647598267], [-321.815979004, 177.756134033, -30.2677555084, 76.8267364502, 61.1172180176, -45.1769981384, -25.1391658783, -12.6000185013, 49.2858810425, -49.7541847229, 15.7905139923, 29.4647598267, 153.714553833]], "icov": [[0.000152009830344, -0.000243044953095, 0.000229515761021, -0.000255854130955, 0.000343631400028, -0.000277812039712, 0.000273010577075, -0.000345722859493, 0.000502014707308, -0.000257947307546, 0.000661934085656, -0.000372510054149, 0.000329359638272], [-0.000243044953095, 0.00196671206504, -0.000293028628221, 0.00103006104473, -0.00125557731371, 0.000971018627752, -0.00120658217929, 0.00125968176872, -0.00187915854622, 0.00234313006513, -0.0028800489381, 0.00165288278367, -0.00132518121973], [0.000229515761021, -0.000293028628221, 0.00184149225242, -0.00091900251573, -0.00030412102933, -0.000473009044072, 0.000127215404063, -0.000472579180496, 0.00118054135237, -0.001068039448, 0.000747632584535, -0.0010199972894, 0.000999760697596], [-0.000255854130955, 0.00103006104473, -0.00091900251573, 0.00403737276793, -0.000791375932749, -0.000293453835184, -2.63329966401e-05, 0.00163754937239, -0.00197568000294, 0.00105631467886, -0.00259653781541, 0.00158770056441, -0.00262956740335], [0.000343631400028, -0.00125557731371, -0.00030412102933, -0.000791375932749, 0.00500793475658, 0.000133997426019, -0.000221259237151, -0.00013658181706, 9.13255826163e-06, -0.00128368462902, 0.00274633313529, -0.00212347693741, 0.000214349900489], [-0.000277812039712, 0.000971018627752, -0.000473009044072, -0.000293453835184, 0.000133997426019, 0.00591603992507, -0.00261652632616, 0.000621827959549, 0.000646142521873, 0.000358458812116, -0.00172229087912, 0.000496843014844, -0.000351937691448], [0.000273010577075, -0.00120658217929, 0.000127215404063, -2.63329966401e-05, -0.000221259237151, -0.00261652632616, 0.00599803356454, -0.00211269035935, 0.00180293060839, -6.85996274115e-05, 0.000807560398243, -0.000653780298308, 0.00157389964443], [-0.000345722859493, 0.00125968176872, -0.000472579180496, 0.00163754937239, -0.00013658181706, 0.000621827959549, -0.00211269035935, 0.00840643979609, -0.00450334278867, 0.000351568858605, -0.00155752093997, 0.000818652973976, -0.000950600137003], [0.000502014707308, -0.00187915854622, 0.00118054135237, -0.00197568000294, 9.13255826163e-06, 0.000646142521873, 0.00180293060839, -0.00450334278867, 0.00930115953088, -0.00231178011745, 0.00253050355241, -0.00123439833988, 0.000802116701379], [-0.000257947307546, 0.00234313006513, -0.001068039448, 0.00105631467886, -0.00128368462902, 0.000358458812116, -6.85996274115e-05, 0.000351568858605, -0.00231178011745, 0.0119101498276, -0.00347223156132, 0.000202391078346, 0.00155964237638], [0.000661934085656, -0.0028800489381, 0.000747632584535, -0.00259653781541, 0.00274633313529, -0.00172229087912, 0.000807560398243, -0.00155752093997, 0.00253050355241, -0.00347223156132, 0.0126599837095, -0.00253607309423, 0.00181792443618], [-0.000372510054149, 0.00165288278367, -0.0010199972894, 0.00158770056441, -0.00212347693741, 0.000496843014844, -0.000653780298308, 0.000818652973976, -0.00123439833988, 0.000202391078346, -0.00253607309423, 0.00969174131751, -0.00387110328302], [0.000329359638272, -0.00132518121973, 0.000999760697596, -0.00262956740335, 0.000214349900489, -0.000351937691448, 0.00157389964443, -0.000950600137003, 0.000802116701379, 0.00155964237638, 0.00181792443618, -0.00387110328302, 0.0110324211419]], "mean": [-34.5760803223, 94.3843002319, -92.6875610352, 38.3873329163, -67.1317749023, 9.00688838959, -45.872253418, 12.7710533142, -27.9854984283, -3.74233436584, -17.2693843842, -7.102455616, -12.4027824402]}, "hfc": {"dmean": 8.00189208984, "dmean2": 10.6954393387, "dvar": 220.696151733, "dvar2": 427.244659424, "max": 353.85848999, "mean": 18.7512245178, "median": 10.2000808716, "min": 1.1251240547e-16, "var": 568.738586426}, "melbands": {"dmean": [0.000200519585633, 0.000973000598606, 0.000690567307174, 0.000512990169227, 0.000173324762727, 0.000193486703211, 0.000205279662623, 0.000179517563083, 0.000168452810613, 0.000124956000946, 7.0355439675e-05, 3.21137413266e-05, 2.98006925732e-05, 2.49132517638e-05, 2.08044984902e-05, 1.33877847475e-05, 1.13988189696e-05, 1.12654151962e-05, 8.13357655716e-06, 8.13135193312e-06, 1.05760100269e-05, 1.14749755085e-05, 6.40879261482e-06, 3.74106093659e-06, 2.38903498939e-06, 4.44768556918e-06, 6.13415477346e-06, 4.81527240481e-06, 4.47206411991e-06, 3.30108218805e-06, 3.0936425901e-06, 2.32543015954e-06, 1.97338476937e-06, 2.11906353798e-06, 1.8602019054e-06, 1.68457120253e-06, 1.69443762843e-06, 1.58189402555e-06, 1.97454437512e-06, 1.73734451892e-06], "dmean2": [0.000337330478942, 0.00157906964887, 0.00114738789853, 0.00086008006474, 0.000263967463979, 0.000288187002297, 0.000317018973874, 0.000270141463261, 0.000238911947235, 0.000163707445608, 9.77535455604e-05, 4.676710887e-05, 4.51519736089e-05, 3.74782757717e-05, 2.91755204671e-05, 1.92953066289e-05, 1.6986288756e-05, 1.69963004737e-05, 1.20121121654e-05, 1.2092005818e-05, 1.58878592629e-05, 1.69961149368e-05, 9.59469252848e-06, 5.56582699573e-06, 3.53331120095e-06, 6.52532071399e-06, 9.03290765564e-06, 6.94628579367e-06, 6.68031316309e-06, 4.99535417475e-06, 4.86839826408e-06, 3.56715690941e-06, 2.99081398225e-06, 3.30617399413e-06, 2.87284433398e-06, 2.54019278145e-06, 2.60841716226e-06, 2.34786398323e-06, 2.94676442536e-06, 2.60482124759e-06], "dvar": [1.12814831255e-07, 1.93089385903e-06, 2.1743076104e-06, 9.65086542237e-07, 1.03466284429e-07, 1.97259339529e-07, 2.87784700959e-07, 2.69134915243e-07, 2.4652675279e-07, 1.48152466295e-07, 1.18771893654e-07, 7.9455100277e-09, 2.56001708721e-08, 4.09340783492e-09, 7.81881759337e-09, 1.89884530322e-09, 1.24917720612e-09, 1.17742071648e-09, 5.98267713148e-10, 6.17576823014e-10, 1.37341371609e-09, 1.64900471056e-09, 2.49956971787e-10, 9.3607489815e-11, 2.30766551701e-11, 1.29236010782e-10, 2.0346149765e-10, 1.99568500614e-10, 5.75632486122e-10, 1.57382856747e-10, 8.65119781368e-11, 4.792106989e-11, 2.25936092751e-11, 2.35178092278e-11, 1.90724953192e-11, 1.78023151776e-11, 2.38962599708e-11, 1.98656802813e-11, 3.24960162945e-11, 2.44804662652e-11], "dvar2": [3.06477375034e-07, 5.10599329573e-06, 6.14208192928e-06, 2.67123732556e-06, 2.29128005458e-07, 4.01518434501e-07, 6.24574568064e-07, 6.00875011969e-07, 4.67330863785e-07, 2.3908759772e-07, 2.22707484454e-07, 1.5493741401e-08, 5.19124192522e-08, 8.73779626431e-09, 1.37143727486e-08, 3.72270814175e-09, 2.74491429586e-09, 2.53711052167e-09, 1.25361887537e-09, 1.35149758052e-09, 3.01706948314e-09, 3.67663877121e-09, 5.40061995125e-10, 1.88666415823e-10, 5.04886514541e-11, 2.83467194162e-10, 4.29914936984e-10, 4.14570516805e-10, 1.66682723179e-09, 3.76595421514e-10, 2.07481615222e-10, 1.13713240213e-10, 5.08335908089e-11, 5.76736401692e-11, 4.62044673355e-11, 3.79306829001e-11, 5.23260913765e-11, 4.0174141791e-11, 6.66245253411e-11, 5.13007969438e-11], "max": [0.00800052378327, 0.0184263717383, 0.038892056793, 0.019001500681, 0.0126335946843, 0.0095608625561, 0.0126141151413, 0.0105902180076, 0.0139874732122, 0.00851223710924, 0.0135712185875, 0.00310364109464, 0.00570680713281, 0.00215114746243, 0.00442352658138, 0.00120868056547, 0.00127070758026, 0.00112867658027, 0.000805231218692, 0.000872382486705, 0.00232428219169, 0.00124147930183, 0.000675644841976, 0.000373609684175, 0.000100595396361, 0.00037474691635, 0.000327163696056, 0.000573918339796, 0.00104365381412, 0.000499392219353, 0.000262643152382, 0.000177268768311, 0.000122761135572, 9.44436178543e-05, 0.000110445835162, 0.000139442709042, 0.00015066335618, 0.000149898041855, 0.000166846104548, 0.000161917952937], "mean": [0.000449932558695, 0.00184712174814, 0.0012882896699, 0.000888524285983, 0.000384737068089, 0.00041967415018, 0.000385100138374, 0.000320891937008, 0.000340311904438, 0.000251053861575, 0.000135153342853, 6.19127313257e-05, 5.41091940249e-05, 4.01660399802e-05, 3.53921896021e-05, 2.28124117712e-05, 1.934987813e-05, 1.78815116669e-05, 1.30629287014e-05, 1.33137264129e-05, 1.83498887054e-05, 2.051253432e-05, 1.10280889203e-05, 6.3533930188e-06, 4.15216072724e-06, 7.48697448216e-06, 1.05275867099e-05, 8.12383950688e-06, 5.64680522075e-06, 4.27128543379e-06, 3.70528891835e-06, 2.96188090942e-06, 2.66677284344e-06, 2.80184008261e-06, 2.41961924985e-06, 2.15624390876e-06, 2.06462300412e-06, 2.11569249586e-06, 2.67730047199e-06, 2.2768015242e-06], "median": [0.000185624536243, 0.00117825530469, 0.000810098135844, 0.00047496901243, 0.000218941771891, 0.000156078953296, 0.000118945390568, 6.55359472148e-05, 4.41068623331e-05, 3.32136114594e-05, 1.96142027562e-05, 1.81874565897e-05, 9.98162249743e-06, 1.4549142179e-05, 4.46700414614e-06, 3.04274863083e-06, 3.29593603965e-06, 4.15621570937e-06, 2.80453218693e-06, 2.41376801569e-06, 3.5980156099e-06, 4.08908317695e-06, 3.40488531947e-06, 2.17871365749e-06, 1.5281513015e-06, 2.19151434067e-06, 2.600072321e-06, 1.32200284497e-06, 6.50518813927e-07, 5.33923525836e-07, 5.44420913684e-07, 4.32123442806e-07, 5.1369738685e-07, 7.82357005846e-07, 5.11296491368e-07, 3.93505672491e-07, 2.83252177269e-07, 3.31316840629e-07, 4.55614781458e-07, 3.52096975575e-07], "min": [1.74796134645e-24, 1.75458935577e-24, 2.62129051917e-24, 3.5949570798e-24, 1.85158848154e-24, 1.32624005361e-24, 5.07775999068e-24, 2.81605278249e-24, 1.9476640484e-24, 1.71839937567e-24, 4.12889521691e-24, 2.91366426154e-24, 3.94629166673e-24, 3.45460965286e-24, 6.81262723218e-24, 4.14701811292e-24, 3.40896971076e-24, 4.98545103742e-24, 4.30190424634e-24, 2.27604593843e-24, 3.17997108136e-24, 3.21332767031e-24, 6.92695684317e-24, 5.27956796518e-24, 6.64681655851e-24, 4.48768927256e-24, 4.49564690694e-24, 3.80995204762e-24, 5.58935561481e-24, 5.31416227688e-24, 5.2279780397e-24, 6.15037416351e-24, 7.73802497173e-24, 6.78201864019e-24, 7.57048117066e-24, 7.56007136215e-24, 7.79824030235e-24, 6.43122363412e-24, 7.46983119662e-24, 6.89029689918e-24], "var": [4.56242759128e-07, 4.34600087829e-06, 2.73862110589e-06, 1.54446570377e-06, 3.97705946398e-07, 6.30034492133e-07, 7.36649269584e-07, 6.14409316313e-07, 7.98108885647e-07, 4.88746081828e-07, 3.47468386508e-07, 2.46234233003e-08, 6.14339583649e-08, 7.30021243456e-09, 2.43015314538e-08, 5.48662359989e-09, 3.29335358984e-09, 2.48011100545e-09, 1.30539967724e-09, 1.3771244145e-09, 3.8679468517e-09, 4.11626155383e-09, 5.43146083665e-10, 2.14908521534e-10, 5.18763573765e-11, 2.65840238711e-10, 4.57370807894e-10, 4.79963180311e-10, 6.2053578942e-10, 2.45267112176e-10, 1.24062829454e-10, 7.05849823035e-11, 3.67466716777e-11, 3.19823369177e-11, 2.75579316311e-11, 3.15591407174e-11, 4.29221554132e-11, 4.43497252811e-11, 6.54929999122e-11, 4.51218853947e-11]}, "melbands_crest": {"dmean": 3.41231989861, "dmean2": 5.66237211227, "dvar": 8.9514131546, "dvar2": 23.7085342407, "max": 32.4351158142, "mean": 15.6570587158, "median": 15.0041503906, "min": 1.48561322689, "var": 27.0132980347}, "melbands_flatness_db": {"dmean": 0.029767440632, "dmean2": 0.0432950258255, "dvar": 0.000878599530552, "dvar2": 0.00170770380646, "max": 0.858433485031, "mean": 0.23648481071, "median": 0.22584477067, "min": 0.0008229156374, "var": 0.00896469783038}, "melbands_kurtosis": {"dmean": 9.93623161316, "dmean2": 15.6727561951, "dvar": 211.277709961, "dvar2": 511.53817749, "max": 233.44052124, "mean": 22.8666248322, "median": 15.1068782806, "min": -1.83377659321, "var": 595.385314941}, "melbands_skewness": {"dmean": 0.807964265347, "dmean2": 1.25151383877, "dvar": 0.688578426838, "dvar2": 1.60766398907, "max": 12.8925361633, "mean": 3.38561892509, "median": 3.15407562256, "min": -2.01803922653, "var": 3.24912261963}, "melbands_spread": {"dmean": 7.1109251976, "dmean2": 10.92000103, "dvar": 192.222167969, "dvar2": 405.653839111, "max": 233.938537598, "mean": 18.230091095, "median": 12.9386940002, "min": 0.332115620375, "var": 507.828918457}, "mfcc": {"cov": [[10349.3232422, -792.401123047, -540.751220703, -640.037597656, -493.979278564, -15.7369260788, 101.345802307, 17.2507553101, -68.0355148315, 39.2105140686, -147.785339355, -116.06778717, -63.8545303345], [-792.401123047, 1625.14343262, -224.249664307, 123.310806274, 83.0411071777, -88.1031265259, -12.0357532501, 171.675842285, 10.2750005722, 38.3592262268, 23.0673389435, 2.27944374084, 28.2589797974], [-540.751220703, -224.249664307, 688.862365723, 127.517532349, 55.1036529541, 135.957122803, 113.96749115, -24.3076381683, -24.3400363922, -30.700674057, 47.0631446838, 17.9883899689, 27.2995815277], [-640.037597656, 123.310806274, 127.517532349, 376.765350342, 170.598251343, 28.5349388123, -41.8647079468, -12.0325946808, 70.2523956299, -43.5814552307, -9.58482646942, 12.7859277725, 39.9898872375], [-493.979278564, 83.0411071777, 55.1036529541, 170.598251343, 294.150634766, 8.60364151001, -84.1707458496, -25.7714614868, 53.2275047302, -35.6134109497, -16.269651413, -8.36108589172, 42.1800994873], [-15.7369260788, -88.1031265259, 135.957122803, 28.5349388123, 8.60364151001, 256.013793945, 120.965698242, 1.14310705662, -17.7513961792, -17.1071853638, -5.21547269821, 4.77550601959, -26.6547927856], [101.345802307, -12.0357532501, 113.96749115, -41.8647079468, -84.1707458496, 120.965698242, 287.991577148, 45.2313766479, -54.156124115, 21.9531517029, 17.1807975769, 7.8722076416, -40.610912323], [17.2507553101, 171.675842285, -24.3076381683, -12.0325946808, -25.7714614868, 1.14310705662, 45.2313766479, 172.922775269, 33.8533363342, 37.345741272, -0.636204600334, 38.8546943665, 5.06104660034], [-68.0355148315, 10.2750005722, -24.3400363922, 70.2523956299, 53.2275047302, -17.7513961792, -54.156124115, 33.8533363342, 175.950012207, -3.1782746315, -41.5377616882, 42.0624351501, -6.10866975784], [39.2105140686, 38.3592262268, -30.700674057, -43.5814552307, -35.6134109497, -17.1071853638, 21.9531517029, 37.345741272, -3.1782746315, 187.9269104, 52.7206115723, 15.2450942993, -25.8861942291], [-147.785339355, 23.0673389435, 47.0631446838, -9.58482646942, -16.269651413, -5.21547269821, 17.1807975769, -0.636204600334, -41.5377616882, 52.7206115723, 138.746643066, 4.08938074112, 19.6282482147], [-116.06778717, 2.27944374084, 17.9883899689, 12.7859277725, -8.36108589172, 4.77550601959, 7.8722076416, 38.8546943665, 42.0624351501, 15.2450942993, 4.08938074112, 134.645477295, -5.63269329071], [-63.8545303345, 28.2589797974, 27.2995815277, 39.9898872375, 42.1800994873, -26.6547927856, -40.610912323, 5.06104660034, -6.10866975784, -25.8861942291, 19.6282482147, -5.63269329071, 134.610229492]], "icov": [[0.000120611679449, 5.7460496464e-05, 8.21861613076e-05, 0.000113510126539, 0.000118407690024, -3.04749210045e-05, -2.80097428913e-05, -3.5298144212e-05, -3.14089229505e-05, -2.04109674087e-05, 0.000120591423183, 0.000106862309622, -7.39616079954e-05], [5.7460496464e-05, 0.000833514088299, 0.000351908412995, -0.000334229436703, -0.000190175589523, 0.000224744202569, -0.000117576484627, -0.000909057445824, 0.000297556282021, 1.2482189959e-05, -0.000148256644025, 0.000180876464583, 2.80911754089e-05], [8.21861613076e-05, 0.000351908412995, 0.00207723164931, -0.000609297363553, -0.000173984270077, -0.00057955441298, -0.000734363158699, 2.5337050829e-05, 0.000190453079995, 0.000245302479016, -0.000640275655314, -0.00019465474179, -0.000416867493186], [0.000113510126539, -0.000334229436703, -0.000609297363553, 0.00433222716674, -0.00167616363615, -0.000354439835064, 3.37729215971e-05, 0.000499681453221, -0.00135161622893, 0.00040312751662, -1.64023140314e-06, -0.000111834538984, -0.00058124557836], [0.000118407690024, -0.000190175589523, -0.000173984270077, -0.00167616363615, 0.00540018174797, -0.000702381192241, 0.00123375002295, 0.000575668120291, -0.00080981454812, -1.52685970534e-05, 0.000434357934864, 0.00061236176407, -0.000928726163693], [-3.04749210045e-05, 0.000224744202569, -0.00057955441298, -0.000354439835064, -0.000702381192241, 0.00554408598691, -0.00220406753942, -4.33349632658e-05, 0.000274772697594, 0.000477648776723, 0.000282056105789, -0.000129812498926, 0.000873538665473], [-2.80097428913e-05, -0.000117576484627, -0.000734363158699, 3.37729215971e-05, 0.00123375002295, -0.00220406753942, 0.00574201717973, -0.00153839180712, 0.00136791658588, -0.000205673335586, -8.99474325706e-05, -1.73506832652e-05, 0.00115234090481], [-3.5298144212e-05, -0.000909057445824, 2.5337050829e-05, 0.000499681453221, 0.000575668120291, -4.33349632658e-05, -0.00153839180712, 0.00829698611051, -0.00193949497771, -0.00131875753868, 0.00060744403163, -0.0016565656988, -0.0014440350933], [-3.14089229505e-05, 0.000297556282021, 0.000190453079995, -0.00135161622893, -0.00080981454812, 0.000274772697594, 0.00136791658588, -0.00193949497771, 0.00829283427447, -0.000363831146387, 0.00203669583425, -0.00207892525941, 0.00100171437953], [-2.04109674087e-05, 1.2482189959e-05, 0.000245302479016, 0.00040312751662, -1.52685970534e-05, 0.000477648776723, -0.000205673335586, -0.00131875753868, -0.000363831146387, 0.00685626221821, -0.00298230652697, -0.000217919892748, 0.0016328151105], [0.000120591423183, -0.000148256644025, -0.000640275655314, -1.64023140314e-06, 0.000434357934864, 0.000282056105789, -8.99474325706e-05, 0.00060744403163, 0.00203669583425, -0.00298230652697, 0.00967334210873, -0.000629816786386, -0.00182952592149], [0.000106862309622, 0.000180876464583, -0.00019465474179, -0.000111834538984, 0.00061236176407, -0.000129812498926, -1.73506832652e-05, -0.0016565656988, -0.00207892525941, -0.000217919892748, -0.000629816786386, 0.00877788383514, 0.000247774383752], [-7.39616079954e-05, 2.80911754089e-05, -0.000416867493186, -0.00058124557836, -0.000928726163693, 0.000873538665473, 0.00115234090481, -0.0014440350933, 0.00100171437953, 0.0016328151105, -0.00182952592149, 0.000247774383752, 0.00914762448519]], "mean": [-677.272399902, 119.872200012, 27.2054195404, 26.399766922, 6.55923175812, -5.76785707474, -1.29033482075, 1.7318751812, -2.08783149719, -1.3096344471, -3.29593968391, -4.070748806, 1.85588824749]}, "pitch_salience": {"dmean": 0.0747606828809, "dmean2": 0.122364714742, "dvar": 0.00447090854868, "dvar2": 0.0115443076938, "max": 0.988860368729, "mean": 0.532403409481, "median": 0.537101566792, "min": 0.10301745683, "var": 0.0130247762427}, "silence_rate_20dB": {"dmean": 0, "dmean2": 0, "dvar": 0, "dvar2": 0, "max": 1, "mean": 1, "median": 1, "min": 1, "var": 0}, "silence_rate_30dB": {"dmean": 0.0023595339153, "dmean2": 0.00471976399422, "dvar": 0.0023540717084, "dvar2": 0.00587773835286, "max": 1, "mean": 0.997935712337, "median": 1, "min": 0, "var": 0.0020597812254}, "silence_rate_60dB": {"dmean": 0.0179914459586, "dmean2": 0.0359882004559, "dvar": 0.0176660455763, "dvar2": 0.0405937582254, "max": 1, "mean": 0.0586847551167, "median": 0, "min": 0, "var": 0.0552428551018}, "spectral_centroid": {"dmean": 269.271881104, "dmean2": 401.910705566, "dvar": 147407.640625, "dvar2": 294114.75, "max": 11585.6298828, "mean": 1087.0447998, "median": 897.734619141, "min": 104.424407959, "var": 686555.25}, "spectral_complexity": {"dmean": 3.10957074165, "dmean2": 4.30589962006, "dvar": 17.8096637726, "dvar2": 27.071434021, "max": 53, "mean": 13.640961647, "median": 12, "min": 0, "var": 76.2529754639}, "spectral_contrast_coeffs": {"dmean": [0.0493597239256, 0.0458805859089, 0.0365657173097, 0.0311660896987, 0.0265686083585, 0.0208764467388], "dmean2": [0.0821646600962, 0.0723609179258, 0.0572587139904, 0.0495702885091, 0.0413456633687, 0.0329553261399], "dvar": [0.00165169953834, 0.00155398040079, 0.000993928639218, 0.000697224750184, 0.000562807894312, 0.00036210680264], "dvar2": [0.00448933569714, 0.00359142152593, 0.00222154287621, 0.00163864274509, 0.00125128170475, 0.000854511570651], "max": [-0.277703672647, -0.372747898102, -0.380892902613, -0.504422962666, -0.535289466381, -0.537836432457], "mean": [-0.593385577202, -0.692813277245, -0.756408512592, -0.775342166424, -0.771157860756, -0.780862510204], "median": [-0.599658310413, -0.700107336044, -0.768072009087, -0.785950899124, -0.778036177158, -0.778910577297], "min": [-0.970682382584, -0.981603085995, -0.983509540558, -0.986508727074, -0.978860974312, -0.963002562523], "var": [0.00875311717391, 0.00763851124793, 0.00606289040297, 0.0041249897331, 0.0032831269782, 0.00158999091946]}, "spectral_contrast_valleys": {"dmean": [0.419980674982, 0.359066903591, 0.345221221447, 0.324177235365, 0.291553765535, 0.442680835724], "dmean2": [0.686994016171, 0.572857737541, 0.518670082092, 0.481970787048, 0.394443005323, 0.502774715424], "dvar": [0.137725144625, 0.116345986724, 0.116087645292, 0.106297843158, 0.100720405579, 0.220437094569], "dvar2": [0.325464397669, 0.252715200186, 0.222725346684, 0.18536773324, 0.155593976378, 0.338300734758], "max": [-5.66220426559, -4.85003519058, -5.11296129227, -6.13219308853, -5.76264715195, -6.8331823349], "mean": [-7.57593011856, -7.07917737961, -7.99058675766, -8.60985660553, -8.21079730988, -10.3921976089], "median": [-7.28813934326, -6.85816526413, -7.75486516953, -8.45138645172, -8.06377792358, -10.2223358154], "min": [-27.6052284241, -27.5392436981, -27.6078948975, -27.5778007507, -27.4497947693, -27.3634548187], "var": [2.23821973801, 2.15825557709, 2.43199372292, 2.13182997704, 2.19137644768, 2.85897779465]}, "spectral_decrease": {"dmean": 1.88005011559e-09, "dmean2": 2.79930789659e-09, "dvar": 6.68339146117e-18, "dvar2": 1.49924252638e-17, "max": 1.67791176764e-27, "mean": -5.8814375592e-09, "median": -4.85120654758e-09, "min": -5.08090991502e-08, "var": 2.13276874244e-17}, "spectral_energy": {"dmean": 0.00756225688383, "dmean2": 0.0111155593768, "dvar": 0.000106287872768, "dvar2": 0.000232758844504, "max": 0.196882069111, "mean": 0.0238987356424, "median": 0.0195600315928, "min": 1.01326078824e-20, "var": 0.000349705573171}, "spectral_energyband_high": {"dmean": 0.000717087474186, "dmean2": 0.00101021747105, "dvar": 3.11318649437e-06, "dvar2": 6.21615163254e-06, "max": 0.0471417158842, "mean": 0.00106814003084, "median": 0.000252218684182, "min": 7.05253867145e-21, "var": 6.55253825244e-06}, "spectral_energyband_low": {"dmean": 0.00358198769391, "dmean2": 0.0058115888387, "dvar": 2.47773768933e-05, "dvar2": 6.53743336443e-05, "max": 0.0896447524428, "mean": 0.00770968804136, "median": 0.00551222730428, "min": 3.26896196732e-23, "var": 5.98636579525e-05}, "spectral_energyband_middle_high": {"dmean": 0.00112654652912, "dmean2": 0.00148048356641, "dvar": 4.81410552311e-06, "dvar2": 8.17294039734e-06, "max": 0.0621854141355, "mean": 0.00291880988516, "median": 0.00124307966325, "min": 1.21614583681e-21, "var": 2.17880769924e-05}, "spectral_energyband_middle_low": {"dmean": 0.00497564161196, "dmean2": 0.00755062839016, "dvar": 7.09665255272e-05, "dvar2": 0.000170652245288, "max": 0.178941950202, "mean": 0.0134345488623, "median": 0.00959216244519, "min": 2.60691594309e-22, "var": 0.000176448535058}, "spectral_entropy": {"dmean": 0.218329742551, "dmean2": 0.295946896076, "dvar": 0.0517348386347, "dvar2": 0.0910693332553, "max": 9.81915473938, "mean": 7.34745407104, "median": 7.36251926422, "min": 3.79400396347, "var": 0.464050889015}, "spectral_flux": {"dmean": 0.0211028512567, "dmean2": 0.0321452505887, "dvar": 0.000574368517846, "dvar2": 0.00123112183064, "max": 0.371283143759, "mean": 0.0674947425723, "median": 0.0596058741212, "min": 6.61568647087e-11, "var": 0.00165340886451}, "spectral_kurtosis": {"dmean": 2.08733677864, "dmean2": 3.29738998413, "dvar": 43.0739898682, "dvar2": 96.9666290283, "max": 258.726104736, "mean": 5.95608139038, "median": 3.25042390823, "min": -1.42940115929, "var": 314.199676514}, "spectral_rms": {"dmean": 0.000738562084734, "dmean2": 0.00106836680789, "dvar": 6.4812331857e-07, "dvar2": 1.28638419028e-06, "max": 0.0138592952862, "mean": 0.00445089442655, "median": 0.00436840439215, "min": 3.14411691127e-12, "var": 3.50533787241e-06}, "spectral_rolloff": {"dmean": 684.618469238, "dmean2": 1142.69677734, "dvar": 2248495.25, "dvar2": 5064861, "max": 19379.8828125, "mean": 1367.79919434, "median": 602.9296875, "min": 86.1328125, "var": 4776991}, "spectral_skewness": {"dmean": 0.25204962492, "dmean2": 0.383761525154, "dvar": 0.117844536901, "dvar2": 0.259356349707, "max": 13.8479061127, "mean": 1.70782732964, "median": 1.5574657917, "min": -0.0855868905783, "var": 1.32194197178}, "spectral_spread": {"dmean": 833123.3125, "dmean2": 1149283.375, "dvar": 1159329349630.0, "dvar2": 2199529455620.0, "max": 41681176, "mean": 