{"lowlevel": {"average_loudness": 0.758817911148, "barkbands": {"dmean": [0.00297656934708, 0.00528174359351, 0.00210053962655, 0.000751812127419, 0.0016021678457, 0.00177252781577, 0.000792735081632, 0.000498162175063, 0.000578181294259, 0.000359660683898, 0.000342477258528, 0.000416951137595, 0.000317856756737, 0.000309081107844, 0.000496492080856, 0.000149290674017, 0.000136078742798, 0.000129742256831, 8.30145581858e-05, 5.63776920899e-05, 4.78052352264e-05, 5.52135679754e-05, 2.15571017179e-05, 3.17674471262e-06, 1.75557204329e-06, 7.43665077607e-06, 0.000233368191402], "dmean2": [0.00457911705598, 0.00879827328026, 0.00357085489668, 0.00124667247292, 0.0024814477656, 0.00261019985192, 0.00124510854948, 0.000802990223747, 0.000915455515496, 0.000566964736208, 0.000557120249141, 0.000670465116855, 0.000515481980983, 0.000498031964526, 0.000768178142607, 0.000232832404436, 0.000205933742109, 0.00019430120301, 0.000118654112157, 8.14496888779e-05, 6.76141280564e-05, 7.97613392933e-05, 3.08208836941e-05, 4.90130969411e-06, 2.90093998956e-06, 1.05659728433e-05, 0.000319670245517], "dvar": [5.79448751523e-05, 7.81568014645e-05, 2.07345037779e-05, 2.27538180297e-06, 1.39873645821e-05, 3.70986090275e-05, 7.16532258593e-06, 1.59236594754e-06, 2.58151271737e-06, 7.1682336511e-07, 5.63061234971e-07, 5.08166351665e-07, 3.45436632188e-07, 3.55291064125e-07, 1.91766321223e-06, 8.83131718865e-08, 8.62364757381e-08, 7.40994252624e-08, 2.98207112337e-08, 2.06818242532e-08, 1.03012025576e-08, 1.4172652385e-08, 1.87451765221e-09, 3.41347020094e-11, 1.15177008556e-11, 1.71856667786e-10, 2.1797720251e-07], "dvar2": [0.000124333048007, 0.000210147045436, 5.69289986743e-05, 5.71310420128e-06, 3.05610992655e-05, 7.52343912609e-05, 1.78366444743e-05, 3.40009546562e-06, 6.16124316366e-06, 1.46204104112e-06, 1.34551828523e-06, 1.24255757328e-06, 8.46885882311e-07, 9.14290922083e-07, 4.49179742645e-06, 1.99740597395e-07, 1.94396676534e-07, 1.66365239807e-07, 5.92462967575e-08, 4.93236314014e-08, 2.02798471349e-08, 3.05988514526e-08, 3.98987554107e-09, 7.83318063191e-11, 2.82340227586e-11, 3.45576983696e-10, 3.90795491967e-07], "max": [0.121935643256, 0.150791883469, 0.0699860528111, 0.0417074598372, 0.129211038351, 0.159955576062, 0.105659455061, 0.0486938431859, 0.0409558564425, 0.0233940985054, 0.0193266458809, 0.0169790219516, 0.0147433644161, 0.0138556407765, 0.0370262116194, 0.00841447990388, 0.00492582842708, 0.00497957970947, 0.00382382259704, 0.0059477314353, 0.00289660855196, 0.00269096414559, 0.000500666501466, 0.000122953802929, 6.46261541988e-05, 0.000162181298947, 0.00869810860604], "mean": [0.00311643257737, 0.00706376321614, 0.00268797716126, 0.00107336125802, 0.0027840344701, 0.00293973786756, 0.00132628693245, 0.000706533028278, 0.000826371076982, 0.000540613837074, 0.00052453065291, 0.000732191372663, 0.00056927948026, 0.000536245352123, 0.000818639702629, 0.000237842323259, 0.000218045432121, 0.000219774723519, 0.000141784723382, 9.12090035854e-05, 6.99703959981e-05, 6.94277769071e-05, 2.36362120631e-05, 3.59788282367e-06, 1.79484231921e-06, 9.247334674e-06, 0.000529179465957], "median": [0.000846375653055, 0.00366815109737, 0.00111614284106, 0.000444081641035, 0.00119510118384, 0.000750780571252, 0.000455765170045, 0.000205025324249, 0.000280717213172, 0.000180101211299, 0.000223299182835, 0.000330061942805, 0.000280806998489, 0.000226304968237, 0.000168401500559, 8.78981809365e-05, 7.35570502002e-05, 5.10780737386e-05, 4.60420342279e-05, 2.16910120798e-05, 1.50365331137e-05, 1.68474325619e-05, 4.81365123051e-06, 1.30430794343e-06, 6.12579015069e-07, 3.11824283017e-06, 0.000269160635071], "min": [4.34189485968e-25, 4.05954132714e-24, 4.13825288219e-25, 1.79875018368e-24, 1.1003899653e-23, 5.14555903561e-24, 1.07188132105e-23, 7.57240362468e-24, 1.18031569561e-23, 9.01471667188e-24, 6.71077424526e-24, 2.24169404368e-23, 2.39832363859e-23, 3.42013611576e-23, 4.5843528169e-23, 7.09595909029e-23, 5.21782705645e-23, 8.72286669372e-23, 1.26194773206e-22, 1.74325310113e-22, 2.84012771291e-22, 3.44004090655e-22, 4.02595226088e-22, 5.94879125103e-22, 8.62976873756e-22, 1.31377273809e-21, 1.89591068672e-21], "var": [6.71730740578e-05, 0.000101480487501, 2.02378305403e-05, 4.15387012254e-06, 3.98482370656e-05, 7.61161354603e-05, 1.16150104077e-05, 4.3051350076e-06, 3.99941745854e-06, 1.743916755e-06, 1.03165530163e-06, 1.32819104692e-06, 8.89218995326e-07, 8.43973623432e-07, 4.67049540021e-06, 1.76854143774e-07, 1.56965327847e-07, 1.82562203577e-07, 7.73959882849e-08, 4.13749923212e-08, 2.0199701467e-08, 2.00745873258e-08, 2.40720754441e-09, 4.08953461373e-11, 1.23333131902e-11, 2.54499754604e-10, 6.0531311874e-07]}, "barkbands_crest": {"dmean": 2.99380612373, "dmean2": 4.92519807816, "dvar": 6.91955041885, "dvar2": 18.5753479004, "max": 25.5578136444, "mean": 10.3186273575, "median": 9.48249149323, "min": 2.35470557213, "var": 19.9267654419}, "barkbands_flatness_db": {"dmean": 0.0278223697096, "dmean2": 0.0424694791436, "dvar": 0.000637729535811, "dvar2": 0.00150779576506, "max": 0.412342607975, "mean": 0.143611192703, "median": 0.136480987072, "min": 0.0372048616409, "var": 0.00298969610594}, "barkbands_kurtosis": {"dmean": 6.6866812706, "dmean2": 10.6048078537, "dvar": 272.995330811, "dvar2": 670.153991699, "max": 527.131896973, "mean": 12.0088968277, "median": 4.47046327591, "min": -1.87620770931, "var": 704.228637695}, "barkbands_skewness": {"dmean": 0.74219584465, "dmean2": 1.15932285786, "dvar": 0.801332950592, "dvar2": 1.90409624577, "max": 17.4474697113, "mean": 2.38659763336, "median": 1.95943212509, "min": -2.5156288147, "var": 3.35812473297}, "barkbands_spread": {"dmean": 7.33710765839, "dmean2": 11.2662086487, "dvar": 64.5217514038, "dvar2": 143.896514893, "max": 132.681152344, "mean": 26.0281944275, "median": 23.5038566589, "min": 0.507574558258, "var": 268.140899658}, "dissonance": {"dmean": 0.017705226317, "dmean2": 0.0299199577421, "dvar": 0.000287303439109, "dvar2": 0.000772529689129, "max": 0.500000119209, "mean": 0.468770831823, "median": 0.47487282753, "min": 0.266624361277, "var": 0.000589519098867}, "dynamic_complexity": 4.07317256927, "erbbands": {"dmean": [0.199806213379, 1.10738158226, 2.38605642319, 2.3118417263, 3.50670981407, 5.11110639572, 13.3026580811, 14.099697113, 10.7596731186, 13.5707263947, 9.74956703186, 13.2576608658, 10.8943519592, 13.0126752853, 12.2605419159, 19.8570041656, 14.7539358139, 14.6277828217, 19.5709590912, 19.0529632568, 7.07982254028, 7.4295258522, 6.907143116, 5.20480012894, 3.61013913155, 2.90416884422, 2.08138751984, 1.80330336094, 2.4613263607, 0.979622364044, 0.552211880684, 0.10219810158, 0.0495176352561, 0.0219747070223, 0.0125461686403, 0.0112552167848, 0.0121985813603, 0.0222903322428, 0.0103000989184, 0.00624613044783], "dmean2": [0.332352787256, 1.8513584137, 4.01108980179, 3.81799173355, 5.79536294937, 7.86904621124, 19.7163047791, 20.7648391724, 16.6811599731, 21.8442974091, 15.4931755066, 21.109708786, 17.2757549286, 20.7612018585, 19.7216072083, 31.8724842072, 23.7706203461, 23.4511013031, 30.2962608337, 29.1841506958, 10.7218866348, 10.9788722992, 10.2843227386, 7.5331993103, 5.15169143677, 4.21861505508, 2.94897651672, 2.54232764244, 3.56261610985, 1.41228544712, 0.796592533588, 0.149071678519, 0.0787491500378, 0.0357845276594, 0.0206407364458, 0.0178940482438, 0.0172920916229, 0.0307175461203, 0.0130553999916, 0.00848877895623], "dvar": [0.146550685167, 3.34686613083, 23.4770584106, 21.0069026947, 49.5483283997, 219.74647522, 1921.89624023, 3032.97143555, 1671.5715332, 1125.74963379, 753.813354492, 1706.02355957, 695.143249512, 1001.15319824, 589.114929199, 1228.62365723, 755.769226074, 835.183898926, 1930.51367188, 2917.03027344, 180.234695435, 263.662597656, 209.1693573, 127.551795959, 55.0894012451, 63.9621734619, 19.8213272095, 14.5642185211, 33.1180648804, 3.76892352104, 1.34079861641, 0.0347056016326, 0.0108718909323, 0.00167248968501, 0.000575314625166, 0.000510680663865, 0.000480279151816, 0.00196473556571, 0.000468270474812, 0.000145015088492], "dvar2": [0.390876382589, 9.11754131317, 63.6570892334, 53.8842391968, 129.654037476, 454.220916748, 4113.73730469, 6454.97119141, 4028.76098633, 2657.18359375, 1629.89587402, 4101.84716797, 1610.27050781, 2214.09228516, 1381.43603516, 3013.80786133, 1838.94812012, 2149.95166016, 4548.74414062, 6729.40380859, 396.031311035, 573.038879395, 452.93460083, 273.680541992, 109.969444275, 161.79826355, 39.1015739441, 28.9886550903, 74.0537796021, 8.0279340744, 2.83467745781, 0.0697659254074, 0.026508172974, 0.00405325973406, 0.00140880979598, 0.0012034381507, 0.000947824039031, 0.00394148332998, 0.000735907175113, 0.000261643115664], "max": [5.18520355225, 34.7070617676, 68.9990844727, 88.3761062622, 282.90725708, 447.612701416, 1048.84790039, 1718.66357422, 1884.13037109, 754.188720703, 906.830993652, 1295.24768066, 598.245910645, 1021.88983154, 720.216247559, 878.629089355, 716.083312988, 662.624206543, 869.036560059, 1780.76794434, 194.100646973, 281.442596436, 270.981414795, 280.260437012, 135.448364258, 362.716827393, 121.830657959, 118.584892273, 154.699768066, 23.8839321136, 12.120016098, 4.06706666946, 2.29933834076, 0.736132085323, 0.453633010387, 0.409224033356, 0.313778340816, 0.653601288795, 0.312558680773, 0.233040064573], "mean": [0.234087660909, 1.49850070477, 3.26888871193, 3.38136577606, 5.55489683151, 8.55345821381, 21.1517276764, 23.3409996033, 18.2554683685, 21.7904396057, 14.2817983627, 18.9261264801, 16.2235469818, 20.3507785797, 21.6164684296, 36.1049575806, 28.450958252, 26.6731300354, 34.5192604065, 32.5459594727, 12.2983074188, 12.428314209, 12.2643909454, 9.09229660034, 6.16225576401, 4.70015335083, 3.07885551453, 2.61377930641, 3.04382801056, 1.16109585762, 0.605205178261, 0.122915513813, 0.0514604412019, 0.0230916198343, 0.0131310727447, 0.0123495087028, 0.0156367253512, 0.0306480899453, 0.0201684292406, 0.0181683674455], "median": [0.113725051284, 0.739927113056, 1.52281248569, 1.71476173401, 2.57361578941, 3.20869255066, 5.04026556015, 6.08893871307, 6.55389261246, 6.00682687759, 4.70803928375, 6.5095448494, 5.35590744019, 8.03321456909, 10.8852577209, 15.9581241608, 14.7732105255, 12.5088529587, 11.1373968124, 7.55453157425, 4.81214380264, 4.19965028763, 3.1884098053, 2.30281877518, 2.06941580772, 1.06556284428, 0.755157053471, 0.582548320293, 0.680370330811, 0.296341717243, 0.120118625462, 0.0370375178754, 0.0164905395359, 0.00849984493107, 0.00473256409168, 0.00459706503898, 0.00554904295132, 0.0105043398216, 0.00777637865394, 0.0113481432199], "min": [1.38255383596e-22, 4.77090302242e-22, 1.81611300116e-21, 4.71745909711e-21, 1.15839681608e-20, 3.27732092933e-20, 3.11633025637e-20, 4.77076838343e-20, 1.08604381257e-19, 2.00997444225e-19, 2.92102263861e-19, 3.50828830329e-19, 3.54495437641e-19, 5.32722564156e-19, 9.81188821311e-19, 1.01734540287e-18, 1.39280899016e-18, 2.01054002699e-18, 2.37291916796e-18, 3.3225169277e-18, 4.76976039923e-18, 3.89441471397e-18, 4.63101367277e-18, 5.46607359425e-18, 7.74416994666e-18, 6.53698421506e-18, 9.1537047356e-18, 1.14000675446e-17, 1.16653782814e-17, 1.11262649716e-17, 1.11258116766e-17, 1.01442220863e-17, 1.01912340692e-17, 7.35618832497e-18, 6.52689592031e-18, 3.94800857303e-18, 2.26567644231e-18, 9.9368224709e-19, 2.44779286867e-19, 2.47456169345e-20], "var": [0.150382429361, 4.67381572723, 24.7882518768, 28.9886474609, 99.4230957031, 588.800170898, 3814.10913086, 5948.46875, 2493.20581055, 2892.36572266, 1475.02148438, 2332.16723633, 1277.88500977, 2376.85327148, 1338.08972168, 3354.81005859, 2091.39550781, 1841.17529297, 4847.36767578, 7836.62402344, 387.641479492, 503.392211914, 537.213745117, 343.179840088, 128.119888306, 119.991973877, 37.8319816589, 28.7670211792, 43.4606552124, 5.16251325607, 1.69065666199, 0.0517082251608, 0.0107929529622, 0.00181973981671, 0.000622675870545, 0.0005502080312, 0.000741583120544, 0.00314967194572, 0.00122700922657, 0.000489335216116]}, "erbbands_crest": {"dmean": 2.61619281769, "dmean2": 4.27247667313, "dvar": 6.49785423279, "dvar2": 16.3056030273, "max": 28.4784431458, "mean": 8.66039466858, "median": 7.51554012299, "min": 2.17229413986, "var": 17.98179245}, "erbbands_flatness_db": {"dmean": 0.0211019832641, "dmean2": 0.0316374786198, "dvar": 0.00034106860403, "dvar2": 0.000723456789274, "max": 0.330017179251, "mean": 0.144461601973, "median": 0.140433892608, "min": 0.0209874790162, "var": 0.00163984880783}, "erbbands_kurtosis": {"dmean": 0.842237830162, "dmean2": 1.3651509285, "dvar": 1.41516411304, "dvar2": 3.50505971909, "max": 26.4249629974, "mean": 0.425950735807, "median": -0.0435583591461, "min": -1.7903380394, "var": 3.87109732628}, "erbbands_skewness": {"dmean": 0.349844753742, "dmean2": 0.542990267277, "dvar": 0.106876008213, "dvar2": 0.249641060829, "max": 4.54372549057, "mean": 0.00792186893523, "median": -0.0628707632422, "min": -2.79111790657, "var": 0.555308103561}, "erbbands_spread": {"dmean": 7.19040298462, "dmean2": 11.2105073929, "dvar": 67.1230545044, "dvar2": 165.007202148, "max": 129.057510376, "mean": 32.3182182312, "median": 30.0580062866, "min": 4.979367733, "var": 235.16545105}, "gfcc": {"cov": [[24780.2128906, 1734.04748535, -2685.4284668, -585.848266602, -83.5984725952, -879.337402344, 241.163192749, -713.975341797, 330.11315918, -184.017913818, -86.7696533203, 53.6197357178, -57.4765892029], [1734.04748535, 895.522460938, -144.462646484, -297.042510986, 113.288215637, -92.5506134033, 6.45944833755, -131.480819702, 18.0220127106, -23.7007007599, 77.3855819702, -48.7285804749, 67.7009506226], [-2685.4284668, -144.462646484, 649.637512207, 197.309295654, -56.9292144775, 239.157485962, -80.6024780273, 150.022399902, -90.2529602051, 30.1859760284, 7.1572136879, 5.95339918137, -15.0364494324], [-585.848266602, -297.042510986, 197.309295654, 460.970367432, 42.8926048279, 32.5241012573, 72.4905853271, 46.3184165955, -15.740439415, -13.361413002, -58.7332305908, 42.7268981934, -62.2712745667], [-83.5984725952, 113.288215637, -56.9292144775, 42.8926048279, 196.231170654, 1.73636555672, 80.6528396606, -47.2598838806, -7.47934341431, -19.6992912292, 30.5739917755, -16.1349105835, 11.7592506409], [-879.337402344, -92.5506134033, 239.157485962, 32.5241012573, 1.73636555672, 251.522705078, -6.9643163681, 87.6636962891, -59.5618782043, 27.9631576538, 20.8759651184, 3.63903522491, -7.87638044357], [241.163192749, 6.45944833755, -80.6024780273, 72.4905853271, 80.6528396606, -6.9643163681, 197.787704468, -45.8607406616, 41.4213104248, -23.5145606995, -0.342467188835, 18.6805324554, -43.9404640198], [-713.975341797, -131.480819702, 150.022399902, 46.3184165955, -47.2598838806, 87.6636962891, -45.8607406616, 169.043838501, 9.72163200378, 36.8823852539, -13.5807027817, -12.4142036438, 9.65211772919], [330.11315918, 18.0220127106, -90.2529602051, -15.740439415, -7.47934341431, -59.5618782043, 41.4213104248, 9.72163200378, 130.849838257, 21.1749782562, -17.1736240387, 15.3077106476, -22.9073867798], [-184.017913818, -23.7007007599, 30.1859760284, -13.361413002, -19.6992912292, 27.9631576538, -23.5145606995, 36.8823852539, 21.1749782562, 67.4384460449, 29.2630653381, -1.57747352123, 8.72176361084], [-86.7696533203, 77.3855819702, 7.1572136879, -58.7332305908, 30.5739917755, 20.8759651184, -0.342467188835, -13.5807027817, -17.1736240387, 29.2630653381, 80.5963363647, 9.12133026123, 13.9048013687], [53.6197357178, -48.7285804749, 5.95339918137, 42.7268981934, -16.1349105835, 3.63903522491, 18.6805324554, -12.4142036438, 15.3077106476, -1.57747352123, 9.12133026123, 67.2228012085, 1.9873008728], [-57.4765892029, 67.7009506226, -15.0364494324, -62.2712745667, 11.7592506409, -7.87638044357, -43.9404640198, 9.65211772919, -22.9073867798, 8.72176361084, 13.9048013687, 1.9873008728, 87.7923278809]], "icov": [[0.000136331131216, -0.000413348869188, 0.000845515169203, -0.000481485039927, 0.000593981298152, -0.00041527801659, 0.000170242434251, 9.06330024009e-06, 3.52099596057e-05, 0.000146447026054, -6.88735744916e-05, -5.85286288697e-05, 0.000185568453162], [-0.000413348869188, 0.0033039029222, -0.0031907572411, 0.00239870906807, -0.00244919699617, 0.00156417023391, -0.000574143545236, 0.00134088867344, -0.0015908642672, 0.00105792807881, -0.00143266934901, 0.00185682531446, -0.00196521379985], [0.000845515169203, -0.0031907572411, 0.00908567290753, -0.00541359372437, 0.00542560406029, -0.00567782856524, 0.00247535156086, -0.00111089472193, 0.000344974687323, 0.00234162202105, -0.00258454261348, 0.000659853045363, 0.00110708922148], [-0.000481485039927, 0.00239870906807, -0.00541359372437, 0.00847478117794, -0.00709425518289, 0.0052686999552, -0.00228958274238, -0.00210866355337, 0.00456083985046, -0.00585094420239, 0.00796781294048, -0.00690348446369, 0.00409341277555], [0.000593981298152, -0.00244919699617, 0.00542560406029, -0.00709425518289, 0.0147682605311, -0.00578972743824, -0.00165673403535, 0.0030918661505, -0.00464131357148, 0.00829905178398, -0.0102709475905, 0.00949503015727, -0.0061155310832], [-0.00041527801659, 0.00156417023391, -0.00567782856524, 0.0052686999552, -0.00578972743824, 0.0115495109931, -0.00286094308831, -0.0044961120002, 0.00685303704813, -0.00689667183906, 0.00477180536836, -0.00591950397938, 0.00401214836165], [0.000170242434251, -0.000574143545236, 0.00247535156086, -0.00228958274238, -0.00165673403535, -0.00286094308831, 0.00953535921872, 0.00133395148441, -0.0036674994044, 0.00362875591964, -0.00203360943124, -0.000853691715747, 0.00296919490211], [9.06330024009e-06, 0.00134088867344, -0.00111089472193, -0.00210866355337, 0.0030918661505, -0.0044961120002, 0.00133395148441, 0.0131164165214, -0.00675791595131, 0.000554042460863, -0.001958694309, 0.0074349809438, -0.00598239246756], [3.52099596057e-05, -0.0015908642672, 0.000344974687323, 0.00456083985046, -0.00464131357148, 0.00685303704813, -0.0036674994044, -0.00675791595131, 0.0205408800393, -0.01532993, 0.0134204002097, -0.0129706496373, 0.00973850302398], [0.000146447026054, 0.00105792807881, 0.00234162202105, -0.00585094420239, 0.00829905178398, -0.00689667183906, 0.00362875591964, 0.000554042460863, -0.01532993, 0.0358047783375, -0.0228579938412, 0.013310065493, -0.00868203584105], [-6.88735744916e-05, -0.00143266934901, -0.00258454261348, 0.00796781294048, -0.0102709475905, 0.00477180536836, -0.00203360943124, -0.001958694309, 0.0134204002097, -0.0228579938412, 0.0337267406285, -0.016746815294, 0.00807991623878], [-5.85286288697e-05, 0.00185682531446, 0.000659853045363, -0.00690348446369, 0.00949503015727, -0.00591950397938, -0.000853691715747, 0.0074349809438, -0.0129706496373, 0.013310065493, -0.016746815294, 0.030702278018, -0.0120506873354], [0.000185568453162, -0.00196521379985, 0.00110708922148, 0.00409341277555, -0.0061155310832, 0.00401214836165, 0.00296919490211, -0.00598239246756, 0.00973850302398, -0.00868203584105, 0.00807991623878, -0.0120506873354, 0.0218400899321]], "mean": [-41.1200523376, 101.641189575, -89.4224395752, 1.2071917057, -8.57682418823, -13.8706865311, 0.867279648781, -23.0864868164, 1.03388047218, -5.61535835266, -1.79072201252, 0.991038143635, -8.51728534698]}, "hfc": {"dmean": 27.6109676361, "dmean2": 41.1811447144, "dvar": 1444.05822754, "dvar2": 2970.82226562, "max": 598.457336426, "mean": 105.161262512, "median": 88.1145629883, "min": 1.07340892133e-16, "var": 7305.03369141}, "melbands": {"dmean": [0.00169082882348, 0.00127901765518, 0.000411559798522, 0.000291348347673, 0.000417631265009, 0.000316588848364, 0.000160417170264, 0.0001403446513, 8.13805454527e-05, 8.46505790832e-05, 5.46453920833e-05, 5.34068058187e-05, 4.63014694105e-05, 4.43143944722e-05, 4.26731348853e-05, 2.93726461678e-05, 2.77625822491e-05, 2.87868606392e-05, 4.20438009314e-05, 1.38919976962e-05, 8.263978998e-06, 8.03612147138e-06, 7.57187399358e-06, 6.43311659587e-06, 4.24125664722e-06, 3.4335937471e-06, 2.06423464988e-06, 1.90973742065e-06, 1.2827407545e-06, 1.2373628806e-06, 1.01029263533e-06, 1.62120920777e-06, 7.99369786364e-07, 4.96677159845e-07, 3.87647730804e-07, 1.28076663941e-07, 3.63832697303e-08, 3.15166737153e-08, 3.10286978333e-08, 1.60084123735e-08], "dmean2": [0.00276254746132, 0.00213271356188, 0.000675905146636, 0.000461629097117, 0.000616014702246, 0.000462019204861, 0.000247403571848, 0.0002260463516, 0.000129026957438, 0.000135144102387, 8.69250288815e-05, 8.486261504e-05, 7.50402978156e-05, 7.13066983735e-05, 6.83934558765e-05, 4.71280582133e-05, 4.4783049816e-05, 4.52491221949e-05, 6.49246067042e-05, 2.17211163545e-05, 1.28087558551e-05, 1.22038127301e-05, 1.15064140118e-05, 9.8157352113e-06, 6.32568935544e-06, 5.07908271175e-06, 2.97575252262e-06, 2.8208794447e-06, 1.85177839285e-06, 1.81260872978e-06, 1.47174853282e-06, 2.37045651375e-06, 1.20096080991e-06, 7.26748623947e-07, 5.64788479096e-07, 1.84957258398e-07, 5.70859555182e-08, 5.08503319452e-08, 4.96645924386e-08, 2.64871680145e-08], "dvar": [9.22266463022e-06, 5.05879279444e-06, 6.74378554777e-07, 4.25126131631e-07, 1.6418167661e-06, 1.33932110202e-06, 3.36705511472e-07, 1.12002929598e-07, 5.33439710182e-08, 6.43120401378e-08, 1.78415149321e-08, 1.73888707877e-08, 9.43932665365e-09, 5.67191849044e-09, 5.39495825791e-09, 3.0337581336e-09, 2.94689561642e-09, 3.49539241995e-09, 1.69070215605e-08, 1.06566167002e-09, 2.74288036728e-10, 3.25005689028e-10, 2.79048367746e-10, 1.89735199774e-10, 9.43288294697e-11, 5.48428663594e-11, 2.4159731507e-11, 2.60397935853e-11, 7.70595393051e-12, 8.15963269174e-12, 4.67065492185e-12, 1.52021919358e-11, 2.94365313375e-12, 9.63234808755e-13, 6.69004565287e-13, 6.95269105418e-14, 4.46057968529e-15, 4.04820931822e-15, 4.72852585266e-15, 9.7661024758e-16], "dvar2": [2.36681826209e-05, 1.35559330374e-05, 1.75742957254e-06, 9.52377604335e-07, 3.47548711943e-06, 2.76644072983e-06, 8.01178316578e-07, 2.61715371153e-07, 1.1657216703e-07, 1.56789909056e-07, 4.10533438355e-08, 3.77493094561e-08, 2.20320899302e-08, 1.38768543323e-08, 1.34399140705e-08, 7.09669922827e-09, 7.65086216603e-09, 8.41393354989e-09, 3.9908996996e-08, 2.48174258921e-09, 6.32351671026e-10, 7.40193739635e-10, 6.22261131511e-10, 4.34731722843e-10, 2.12251452525e-10, 1.18762000234e-10, 5.55872119168e-11, 6.55940232686e-11, 1.60793791476e-11, 1.69352760981e-11, 9.59894403546e-12, 3.43970338323e-11, 6.63026144404e-12, 2.13760736542e-12, 1.43203829871e-12, 1.429596052e-13, 9.93907359165e-15, 9.94733385696e-15, 1.15082919119e-14, 2.39570754219e-15], "max": [0.0450036525726, 0.0304484199733, 0.0218621604145, 0.0208139810711, 0.0305331237614, 0.0350916944444, 0.0247857701033, 0.00929537322372, 0.00665134005249, 0.00781708676368, 0.00308744679205, 0.0041738874279, 0.00307305157185, 0.00166291568894, 0.00218706275336, 0.00186953030061, 0.00129841465969, 0.00126717344392, 0.00366228818893, 0.00118852395099, 0.000278513907688, 0.000288039416773, 0.00031874718843, 0.00034546549432, 0.00025066442322, 0.000163948046975, 0.000187678320799, 0.00021408777684, 8.47016635817e-05, 9.02723695617e-05, 6.09705093666e-05, 0.000108020598418, 3.0022858482e-05, 1.55308280227e-05, 8.4318980953e-06, 2.856253559e-06, 2.13847692976e-06, 1.26171164538e-06, 1.48855247062e-06, 5.97253233536e-07], "mean": [0.00225694361143, 0.00184367492329, 0.000661880359985, 0.000478139176266, 0.000687544350512, 0.000534589926247, 0.000273977522738, 0.000220937712584, 0.000113648464321, 0.000119124531921, 7.85561787779e-05, 8.04515002528e-05, 7.27078586351e-05, 7.9940611613e-05, 8.14446611912e-05, 5.47435120097e-05, 4.75292945339e-05, 4.89994199597e-05, 6.70288936817e-05, 2.23546758207e-05, 1.28377960209e-05, 1.2436860743e-05, 1.25453207147e-05, 1.03821330413e-05, 6.99346219335e-06, 5.2861905715e-06, 3.48732305611e-06, 2.90727552965e-06, 1.7915041326e-06, 1.75832758487e-06, 1.38748112022e-06, 1.9670076199e-06, 9.43818349697e-07, 5.51472965071e-07, 4.14558940065e-07, 1.46601124129e-07, 4.18296686178e-08, 3.18770396746e-08, 3.14302255333e-08, 1.62010262983e-08], "median": [0.00114776880946, 0.000961833400652, 0.00034847954521, 0.000224027215154, 0.000169935054146, 0.000142479751958, 9.87148596323e-05, 6.07106376265e-05, 3.70000634575e-05, 4.0437469579e-05, 2.39060573222e-05, 2.91456253763e-05, 3.23966232827e-05, 3.83156657335e-05, 3.75786075892e-05, 2.72800789389e-05, 2.0993005819e-05, 1.73707139766e-05, 1.18441494124e-05, 6.93998936185e-06, 4.85641885462e-06, 4.22708444603e-06, 3.4335989767e-06, 2.20702622755e-06, 1.62684864335e-06, 1.77763979536e-06, 8.90418448307e-07, 6.1023337139e-07, 4.50660024853e-07, 3.50250132897e-07, 2.70092840537e-07, 4.1420304342e-07, 2.3292135154e-07, 1.23507888361e-07, 7.58510694254e-08, 3.12895060972e-08, 1.44967389204e-08, 9.88195569818e-09, 8.84143602775e-09, 5.31403854254e-09], "min": [1.30562396271e-24, 1.00038656139e-24, 9.60294480814e-25, 2.35619815071e-24, 9.46373945458e-25, 9.78400120488e-25, 1.80115897045e-24, 1.74962465967e-24, 2.48512168845e-24, 1.97307799132e-24, 1.66381592027e-24, 1.92674049897e-24, 1.68008795138e-24, 2.96454736764e-24, 3.74316905553e-24, 2.46085001612e-24, 2.69296720988e-24, 2.87813120535e-24, 4.26721329917e-24, 5.02369146424e-24, 4.17824635514e-24, 2.54658874411e-24, 3.28347475973e-24, 4.12922732735e-24, 3.8089908206e-24, 3.16984368506e-24, 4.79698625071e-24, 3.69976080093e-24, 5.33354892806e-24, 5.37354180937e-24, 5.50785760583e-24, 5.44155621333e-24, 5.41279158371e-24, 4.59766042705e-24, 4.38273211798e-24, 5.17061877999e-24, 5.89907936671e-24, 6.56465038434e-24, 6.53649002218e-24, 5.804759607e-24], "var": [1.14769482025e-05, 6.15150929661e-06, 1.05382264337e-06, 8.87366979896e-07, 3.76091566068e-06, 2.77140884464e-06, 5.39525444765e-07, 3.04901305981e-07, 9.46358653664e-08, 8.98027110452e-08, 3.28016547257e-08, 4.2200309025e-08, 1.85788184837e-08, 1.43027172328e-08, 1.6917562462e-08, 7.94676413562e-09, 6.17279871662e-09, 8.44396019772e-09, 3.87375465039e-08, 2.66860755715e-09, 4.86101492392e-10, 5.36292898978e-10, 5.86451220919e-10, 4.54531856597e-10, 2.2800158983e-10, 1.05148730001e-10, 5.35383473665e-11, 4.69354763388e-11, 1.32468931657e-11, 1.43111867842e-11, 8.87831041324e-12, 1.94394847441e-11, 3.81334677377e-12, 1.20906203886e-12, 8.16783923482e-13, 9.63056945389e-14, 5.79344320252e-15, 4.00644085304e-15, 4.60659545991e-15, 1.03959773512e-15]}, "melbands_crest": {"dmean": 4.09032011032, "dmean2": 6.65907096863, "dvar": 13.1403408051, "dvar2": 34.0270614624, "max": 38.2826499939, "mean": 15.570734024, "median": 15.1223802567, "min": 1.47615730762, "var": 36.4851875305}, "melbands_flatness_db": {"dmean": 0.0357701145113, "dmean2": 0.0543107390404, "dvar": 0.000958466494922, "dvar2": 0.00223802682012, "max": 0.563590884209, "mean": 0.25427877903, "median": 0.250363051891, "min": 0.0005732132704, "var": 0.00526542821899}, "melbands_kurtosis": {"dmean": 10.7869577408, "dmean2": 17.4391021729, "dvar": 730.287414551, "dvar2": 1901.57788086, "max": 668.392028809, "mean": 19.5438213348, "median": 6.81703567505, "min": -1.71770405769, "var": 1841.81054688}, "melbands_skewness": {"dmean": 0.911617457867, "dmean2": 1.45527744293, "dvar": 1.22826385498, "dvar2": 3.09511733055, "max": 19.8830814362, "mean": 2.94353103638, "median": 2.40162158012, "min": -0.909791529179, "var": 4.6443734169}, "melbands_spread": {"dmean": 6.08162975311, "dmean2": 9.52347373962, "dvar": 51.7554588318, "dvar2": 122.817504883, "max": 202.259002686, "mean": 19.0995082855, "median": 16.0533370972, "min": 0.368191599846, "var": 307.089996338}, "mfcc": {"cov": [[11050.6572266, 1543.86938477, -1520.46350098, 336.592803955, -600.396911621, 137.587936401, -514.85546875, -9.30852413177, -111.167266846, 24.0919628143, -53.2230224609, -89.4829940796, -108.828872681], [1543.86938477, 1389.70092773, -253.937606812, -164.949234009, -2.64393782616, 17.6282043457, -6.38041210175, -105.561592102, -55.2069320679, -40.8384284973, 15.2530612946, 4.1930603981, 14.5724000931], [-1520.46350098, -253.937606812, 650.456848145, -40.6513404846, 150.004486084, -9.57195854187, 95.2761077881, 44.4236793518, 27.1911373138, -3.48146629333, 41.8374900818, 6.39659738541, 20.3113117218], [336.592803955, -164.949234009, -40.6513404846, 416.150177002, -20.3902301788, 79.9122314453, -16.2338523865, 77.4162445068, 10.7997379303, 28.5552406311, -18.6975784302, -29.6779632568, -11.9953975677], [-600.396911621, -2.64393782616, 150.004486084, -20.3902301788, 184.167221069, -7.29704427719, 80.8693695068, -14.9306001663, 15.8103561401, -12.5280885696, 5.22641706467, 3.89057803154, 9.02845191956], [137.587936401, 17.6282043457, -9.57195854187, 79.9122314453, -7.29704427719, 172.129089355, 63.7549057007, 59.8461837769, -20.0741271973, 0.618756651878, -5.39226675034, 20.2402000427, 23.3291988373], [-514.85546875, -6.38041210175, 95.2761077881, -16.2338523865, 80.8693695068, 63.7549057007, 192.587005615, 17.0286808014, -4.84780406952, -15.0078935623, -14.5522298813, 31.114118576, 21.5461139679], [-9.30852413177, -105.561592102, 44.4236793518, 77.4162445068, -14.9306001663, 59.8461837769, 17.0286808014, 121.768333435, 27.862197876, 20.2154254913, 14.6888189316, 0.0167443025857, 11.2480173111], [-111.167266846, -55.2069320679, 27.1911373138, 10.7997379303, 15.8103561401, -20.0741271973, -4.84780406952, 27.862197876, 86.7492141724, 32.2712402344, 8.82909202576, -5.80683708191, -4.6011223793], [24.0919628143, -40.8384284973, -3.48146629333, 28.5552406311, -12.5280885696, 0.618756651878, -15.0078935623, 20.2154254913, 32.2712402344, 77.8112869263, 20.0833396912, 10.8001680374, 1.78121697903], [-53.2230224609, 15.2530612946, 41.8374900818, -18.6975784302, 5.22641706467, -5.39226675034, -14.5522298813, 14.6888189316, 8.82909202576, 20.0833396912, 89.2706069946, 15.337348938, 12.0276489258], [-89.4829940796, 4.1930603981, 6.39659738541, -29.6779632568, 3.89057803154, 20.2402000427, 31.114118576, 0.0167443025857, -5.80683708191, 10.8001680374, 15.337348938, 81.2267456055, 28.1480941772], [-108.828872681, 14.5724000931, 20.3113117218, -11.9953975677, 9.02845191956, 23.3291988373, 21.5461139679, 11.2480173111, -4.6011223793, 1.78121697903, 12.0276489258, 28.1480941772, 63.674987793]], "icov": [[0.000183981479495, -0.000178375106771, 0.000259831023868, -0.000116011731734, 0.000210235943086, -0.000128523810417, 0.00029737802106, -0.000148474122398, 5.86067253607e-05, 3.10448081109e-06, 1.54686586029e-05, -1.11925719466e-05, 0.000199588728719], [-0.000178375106771, 0.00107844674494, 0.000154021952767, 0.000448507780675, -0.00043272782932, -0.00034743102151, -0.000277646351606, 0.000788122997619, 5.63721041544e-05, 0.000205402160645, -0.000490368867759, 0.000330753333401, -0.000428195286077], [0.000259831023868, 0.000154021952767, 0.00266965455376, 0.00018357069348, -0.00132954155561, 0.000185636803508, -0.000115979768452, -0.00115258619189, 0.000268504780252, 0.000197974019102, -0.000957905198447, 0.000376687530661, -1.65255842148e-05], [-0.000116011731734, 0.000448507780675, 0.00018357069348, 0.00338632473722, -0.000708183739334, -0.00139315880369, 0.000521307985764, -0.00132964772638, 0.00036421144614, -0.00112440809608, 0.000706246180926, 0.0011731905397, 0.000353519484634], [0.000210235943086, -0.00043272782932, -0.00132954155561, -0.000708183739334, 0.00899146124721, 0.000541750225239, -0.00310100358911, 0.0023024007678, -0.00227493001148, 0.00122189975809, -0.000815638748463, 0.000701762619428, -0.000436463247752], [-0.000128523810417, -0.00034743102151, 0.000185636803508, -0.00139315880369, 0.000541750225239, 0.0101873800159, -0.00327538279817, -0.00455993181095, 0.00315660703927, -0.000320904509863, 0.000601074541919, -0.00121308909729, -0.00169747439213], [0.00029737802106, -0.000277646351606, -0.000115979768452, 0.000521307985764, -0.00310100358911, -0.00327538279817, 0.0092027336359, -0.00101477070712, 0.000105277977127, 0.000859994557686, 0.0022653453052, -0.00259267049842, 0.000113751630124], [-0.000148474122398, 0.000788122997619, -0.00115258619189, -0.00132964772638, 0.0023024007678, -0.00455993181095, -0.00101477070712, 0.014439329505, -0.00503736920655, -0.00010342359019, -0.00241754832678, 0.00153321446851, -0.00176226522308], [5.86067253607e-05, 5.63721041544e-05, 0.000268504780252, 0.00036421144614, -0.00227493001148, 0.00315660703927, 0.000105277977127, -0.00503736920655, 0.01673037, -0.00644619390368, 0.00063623447204, 0.00108473387081, 0.000880044535734], [3.10448081109e-06, 0.000205402160645, 0.000197974019102, -0.00112440809608, 0.00122189975809, -0.000320904509863, 0.000859994557686, -0.00010342359019, -0.00644619390368, 0.0176786687225, -0.00315318442881, -0.0030794213526, 0.00035147453309], [1.54686586029e-05, -0.000490368867759, -0.000957905198447, 0.000706246180926, -0.000815638748463, 0.000601074541919, 0.0022653453052, -0.00241754832678, 0.00063623447204, -0.00315318442881, 0.0139676826075, -0.00230647483841, -0.00135138945188], [-1.11925719466e-05, 0.000330753333401, 0.000376687530661, 0.0011731905397, 0.000701762619428, -0.00121308909729, -0.00259267049842, 0.00153321446851, 0.00108473387081, -0.0030794213526, -0.00230647483841, 0.0169164333493, -0.00592042459175], [0.000199588728719, -0.000428195286077, -1.65255842148e-05, 0.000353519484634, -0.000436463247752, -0.00169747439213, 0.000113751630124, -0.00176226522308, 0.000880044535734, 0.00035147453309, -0.00135138945188, -0.00592042459175, 0.0200985558331]], "mean": [-697.54888916, 163.465576172, -18.315202713, 31.9186019897, 1.59349441528, 24.3518772125, -0.753329753876, 6.95928478241, -3.30239892006, 0.497936099768, 6.4535651207, 0.138441070914, 4.94290685654]}, "pitch_salience": {"dmean": 0.0780787095428, "dmean2": 0.126291930676, "dvar": 0.00481534888968, "dvar2": 0.0125985834748, "max": 0.98803371191, "mean": 0.54941368103, "median": 0.56360155344, "min": 0.0572222024202, "var": 0.0138094583526}, "silence_rate_20dB": {"dmean": 0, "dmean2": 0, "dvar": 0, "dvar2": 0, "max": 1, "mean": 1, "median": 1, "min": 1, "var": 0}, "silence_rate_30dB": {"dmean": 0.0190555099398, "dmean2": 0.038114964962, "dvar": 0.0186942983419, "dvar2": 0.0441235266626, "max": 1, "mean": 0.978771865368, "median": 1, "min": 0, "var": 0.0207811463624}, "silence_rate_60dB": {"dmean": 0.0194697603583, "dmean2": 0.0389435514808, "dvar": 0.0190919805318, "dvar2": 0.0492387153208, "max": 1, "mean": 0.0593351982534, "median": 0, "min": 0, "var": 0.0558167360723}, "spectral_centroid": {"dmean": 235.754714966, "dmean2": 337.800872803, "dvar": 117975.59375, "dvar2": 220324.453125, "max": 11672.7431641, "mean": 1144.05187988, "median": 949.731750488, "min": 136.121170044, "var": 1065761}, "spectral_complexity": {"dmean": 3.76035618782, "dmean2": 5.29943037033, "dvar": 18.7760219574, "dvar2": 30.065202713, "max": 55, "mean": 17.0501194, "median": 16, "min": 0, "var": 113.779190063}, "spectral_contrast_coeffs": {"dmean": [0.0505646243691, 0.048290040344, 0.0355177260935, 0.0289787128568, 0.0228179488331, 0.0509825758636], "dmean2": [0.0835060924292, 0.0792178288102, 0.0587173812091, 0.0477109402418, 0.0362522378564, 0.0759463235736], "dvar": [0.00170257862192, 0.00159600644838, 0.000841423228849, 0.000568957300857, 0.00037829609937, 0.00196968996897], "dvar2": [0.00461958209053, 0.00411667581648, 0.00222570542246, 0.00144001224544, 0.00088480283739, 0.00420287484303], "max": [-0.32997238636, -0.415803939104, -0.502458274364, -0.565133631229, -0.62129509449, -0.444369018078], "mean": [-0.701815068722, -0.765604734421, -0.80944532156, -0.800610244274, -0.81159311533, -0.734379291534], "median": [-0.706750512123, -0.773337364197, -0.811067402363, -0.802549660206, -0.812326967716, -0.739836096764], "min": [-0.975776731968, -0.974169433117, -0.983041644096, -0.974166452885, -0.965814232826, -0.965908169746], "var": [0.00592512404546, 0.00587852438912, 0.00322839524597, 0.00307547929697, 0.00196729786694, 0.0071865003556]}, "spectral_contrast_valleys": {"dmean": [0.422885000706, 0.399677097797, 0.375406891108, 0.329016774893, 0.364493966103, 0.648884832859], "dmean2": [0.688915789127, 0.638902425766, 0.590199649334, 0.492682397366, 0.490808516741, 1.03160786629], "dvar": [0.183563351631, 0.1887806952, 0.19340659678, 0.177944198251, 0.201791018248, 0.348326206207], "dvar2": [0.397902220488, 0.38639742136, 0.39964979887, 0.327550023794, 0.331826448441, 0.820945322514], "max": [-5.10333967209, -4.53652906418, -5.14482021332, -5.60584402084, -5.75364494324, -8.95012760162], "mean": [-7.15214776993, -6.96031618118, -7.39735078812, -7.77052974701, -8.21929454803, -11.597401619], "median": [-6.83134126663, -6.5840139389, -7.00345134735, -7.37598419189, -7.93664693832, -11.3770551682], "min": [-28.4564857483, -28.1185379028, -27.8329296112, -27.814622879, -27.4839439392, -27.4144306183], "var": [4.50775194168, 4.96887159348, 4.8303232193, 4.7546672821, 4.44411039352, 3.02995657921]}, "spectral_decrease": {"dmean": 2.97455682308e-09, "dmean2": 4.44270664701e-09, "dvar": 1.99633886616e-17, "dvar2": 4.46418722509e-17, "max": 3.06892555813e-09, "mean": -5.865143482e-09, "median": -3.57209883894e-09, "min": -6.53620872981e-08, "var": 4.5559718476e-17}, "spectral_energy": {"dmean": 0.0122237931937, "dmean2": 0.0180104542524, "dvar": 0.000326248642523, "dvar2": 0.000717691553291, "max": 0.268999874592, "mean": 0.0316747352481, "median": 0.0231134388596, "min": 9.78987399664e-21, "var": 0.000845512200613}, "spectral_energyband_high": {"dmean": 0.000279312429484, "dmean2": 0.000357018172508, "dvar": 3.15843777798e-07, "dvar2": 5.23330868418e-07, "max": 0.00803800858557, "mean": 0.000498052395415, "median": 0.000194054693566, "min": 7.07079642165e-21, "var": 7.53491804062e-07}, "spectral_energyband_low": {"dmean": 0.00786473788321, "dmean2": 0.0126150706783, "dvar": 0.000161212854437, "dvar2": 0.000400669581722, "max": 0.183536246419, "mean": 0.0122083453462, "median": 0.00701643433422, "min": 9.10068752219e-24, "var": 0.000231926271226}, "spectral_energyband_middle_high": {"dmean": 0.00172490230761, "dmean2": 0.00248617422767, "dvar": 7.42347492633e-06, "dvar2": 1.54386198119e-05, "max": 0.0631437972188, "mean": 0.00451333587989, "median": 0.00256452336907, "min": 1.14660238376e-21, "var": 3.07611153403e-05}, "spectral_energyband_middle_low": {"dmean": 0.00416222726926, "dmean2": 0.00614746613428, "dvar": 7.6764728874e-05, "dvar2": 0.000155502872076, "max": 0.183212399483, "mean": 0.00979968346655, "median": 0.00510327331722, "min": 1.42166253041e-22, "var": 0.000225685740588}, "spectral_entropy": {"dmean": 0.184306100011, "dmean2": 0.263817369938, "dvar": 0.0313985347748, "dvar2": 0.0627637803555, "max": 9.82827091217, "mean": 7.46869516373, "median": 7.48303890228, "min": 5.6551361084, "var": 0.195321634412}, "spectral_flux": {"dmean": 0.0254756547511, "dmean2": 0.0397361516953, "dvar": 0.000927670393139, "dvar2": 0.00199005240574, "max": 0.413763791323, "mean": 0.0918823257089, "median": 0.0817749127746, "min": 6.3809499351e-11, "var": 0.00270782061853}, "spectral_kurtosis": {"dmean": 4.83081483841, "dmean2": 7.09757566452, "dvar": 31.1084003448, "dvar2": 65.2742385864, "max": 78.9573822021, "mean": 18.6162910461, "median": 16.8122615814, "min": -1.29093122482, "var": 100.898757935}, "spectral_rms": {"dmean": 0.000973196816631, "dmean2": 0.00140555773396, "dvar": 1.24402583879e-06, "dvar2": 2.56431053458e-06, "max": 0.0161999668926, "mean": 0.00501683168113, "median": 0.0047486522235, "min": 3.09048489924e-12, "var": 5.73381066715e-06}, "spectral_rolloff": {"dmean": 4093.07299805, "dmean2": 7832.78466797, "dvar": 53848424, "dvar2": 121832584, "max": 22050, "mean": 11349.8925781, "median": 17958.6914062, "min": 21.533203125, "var": 98807416}, "spectral_skewness": {"dmean": 0.409144848585, "dmean2": 0.570936024189, "dvar": 0.183091983199, "dvar2": 0.344727545977, "max": 7.15393304825, "mean": 2.87476372719, "median": 2.74827408791, "min": -0.0693653151393, "var": 0.85996311903}, "spectral_spread": {"dmean": 499822.5625, "dmean2": 783685.1875, "dvar": 1166144569340.0, "dvar2": 2367391531010.0, "max": 51424292, "mean": 4230752, "median": 3828229.75, "min": 1574847.25, "var": 11507073024000.0}, 