{"lowlevel": {"average_loudness": 0.827340960503, "barkbands": {"dmean": [0.000255960738286, 0.0056502558291, 0.00406876951456, 0.00238919374533, 0.00138989638072, 0.00113064958714, 0.000984548823908, 0.000942066079006, 0.00116179231554, 0.0010921631474, 0.000818187894765, 0.000413276167819, 0.000344072846929, 0.000295694713714, 0.0002267905802, 0.00014395704784, 9.35970238061e-05, 8.66896734806e-05, 7.36613801564e-05, 7.32176340534e-05, 8.8761888037e-05, 7.68120225985e-05, 4.0687235014e-05, 1.98065154109e-05, 2.40434892476e-05, 1.61412935995e-05, 1.60335173405e-06], "dmean2": [0.000374689814635, 0.00997872371227, 0.00734734162688, 0.00429841736332, 0.00233430927619, 0.00181640475057, 0.00150461238809, 0.0014867503196, 0.00186059984844, 0.0016897872556, 0.0013058334589, 0.000660055491608, 0.000553758232854, 0.000451779924333, 0.000345035019564, 0.000223041322897, 0.000146016813233, 0.000136866205139, 0.000117818752187, 0.000112587920739, 0.000132213259349, 0.000107604420919, 5.43463429494e-05, 2.73570949503e-05, 3.1235977076e-05, 2.19687390199e-05, 2.38448683376e-06], "dvar": [2.81659708889e-07, 0.000316552090226, 0.00019549622084, 6.88546861056e-05, 8.82895619725e-06, 6.16637953499e-06, 5.44053591511e-06, 8.55710459291e-06, 7.23714447304e-06, 6.53935558148e-06, 4.56165344076e-06, 1.74444494405e-06, 9.77286845227e-07, 8.30459441659e-07, 3.27744231754e-07, 1.86382038692e-07, 6.79347422761e-08, 4.03746227562e-08, 4.16213872256e-08, 4.68832794809e-08, 8.08818398923e-08, 5.56688419806e-08, 1.38672362482e-08, 1.09626379086e-08, 1.23364731763e-08, 2.29786190076e-09, 3.71781667952e-11], "dvar2": [5.89772582771e-07, 0.000871035212185, 0.000543519156054, 0.000193675747141, 2.36725682043e-05, 1.5370445908e-05, 1.21570737974e-05, 2.00865888473e-05, 1.90021746675e-05, 1.51568629008e-05, 1.16578921734e-05, 4.22035463998e-06, 2.25393409892e-06, 1.79463154382e-06, 7.07390938715e-07, 3.93408242871e-07, 1.52822366317e-07, 9.92915332176e-08, 1.09156857775e-07, 1.08183058956e-07, 1.90106206333e-07, 1.16853165366e-07, 2.67806594678e-08, 2.1131727479e-08, 2.24468958976e-08, 4.08303568733e-09, 7.84790912811e-11], "max": [0.017376339063, 0.1733815521, 0.147758767009, 0.1065967381, 0.0506746806204, 0.0523015782237, 0.0622036382556, 0.0729309916496, 0.0715224966407, 0.0659814029932, 0.0503271669149, 0.0433876775205, 0.0332681834698, 0.036976531148, 0.0138691812754, 0.0110373254865, 0.00851435773075, 0.00371953146532, 0.00442890729755, 0.00838223472238, 0.00772846397012, 0.00505923153833, 0.00490442942828, 0.00634306063876, 0.00665964791551, 0.00106374523602, 0.000150042149471], "mean": [0.000373457296519, 0.00496735144407, 0.00300558819436, 0.00227744784206, 0.00214973650873, 0.00193443184253, 0.00193267455325, 0.00159753102344, 0.00205278396606, 0.00185605557635, 0.00137461582199, 0.00074757123366, 0.000608459988143, 0.00056658370886, 0.000405291415518, 0.000245607167017, 0.000160978059284, 0.000162211275892, 0.000125665290398, 0.000122018827824, 0.000130751242978, 0.000117725096061, 6.26546388958e-05, 3.31941519107e-05, 3.85888779419e-05, 2.00565427804e-05, 1.69836664554e-06], "median": [7.08171573933e-05, 0.000833450409118, 0.000336508295732, 0.000431805266999, 0.00111917010508, 0.000784004456364, 0.000551721488591, 0.000339711928973, 0.000502390321344, 0.000357963843271, 0.000167293415871, 8.30966964713e-05, 8.51789081935e-05, 8.99342849152e-05, 7.93005820015e-05, 3.46486121998e-05, 3.53610157617e-05, 5.52237834199e-05, 2.97238584608e-05, 3.45010848832e-05, 2.3871580197e-05, 2.32529746427e-05, 1.05421022454e-05, 3.9156548155e-06, 4.19271782448e-06, 2.02009050554e-06, 6.91433115207e-08], "min": [5.40977734619e-24, 3.09723420578e-23, 7.50553504119e-24, 7.04021044789e-24, 5.67665632683e-23, 7.99754317016e-23, 4.39537329844e-23, 9.78788697593e-23, 1.49386741083e-22, 5.03665915423e-23, 1.13733850616e-22, 1.00553297555e-22, 4.44705567842e-23, 7.75567210573e-23, 8.3031390496e-23, 9.52853601602e-23, 1.30158957027e-22, 2.29386160467e-22, 2.86182757248e-22, 2.94450802084e-22, 2.74339620032e-22, 6.10141475783e-22, 6.98026235179e-22, 7.39964605256e-22, 1.19792090323e-21, 1.61115598228e-21, 2.94678710942e-21], "var": [5.59502723263e-07, 0.000223304945393, 0.000123985097161, 4.84697520733e-05, 1.00896486401e-05, 1.14482072604e-05, 1.75046425284e-05, 2.01651928364e-05, 1.73668286152e-05, 1.80246952368e-05, 1.12784673547e-05, 5.58815963814e-06, 3.08201288135e-06, 3.58128409061e-06, 9.05496051473e-07, 4.90208606152e-07, 1.74183270474e-07, 9.05501593707e-08, 6.89340069471e-08, 7.65021894722e-08, 1.22906072875e-07, 9.89002515439e-08, 2.69117013119e-08, 3.23596225371e-08, 4.91143161696e-08, 4.49159687221e-09, 5.05399472273e-11]}, "barkbands_crest": {"dmean": 2.73735809326, "dmean2": 4.48335123062, "dvar": 6.60982608795, "dvar2": 17.9452495575, "max": 25.6719722748, "mean": 10.261256218, "median": 9.50987529755, "min": 2.74435114861, "var": 16.7646942139}, "barkbands_flatness_db": {"dmean": 0.0276465024799, "dmean2": 0.0402166955173, "dvar": 0.000762132985983, "dvar2": 0.00169649510644, "max": 0.418305814266, "mean": 0.168747007847, "median": 0.162837579846, "min": 0.0361521989107, "var": 0.00357343116775}, "barkbands_kurtosis": {"dmean": 4.39383792877, "dmean2": 7.19994974136, "dvar": 98.0192184448, "dvar2": 260.232727051, "max": 212.328643799, "mean": 5.74712848663, "median": 2.54245901108, "min": -1.80770015717, "var": 127.637535095}, "barkbands_skewness": {"dmean": 0.677376866341, "dmean2": 1.02686822414, "dvar": 0.715417385101, "dvar2": 1.70081913471, "max": 12.1060352325, "mean": 1.36291575432, "median": 1.17164230347, "min": -3.24024152756, "var": 1.90579676628}, "barkbands_spread": {"dmean": 4.67292642593, "dmean2": 7.05773925781, "dvar": 44.0359077454, "dvar2": 92.3391189575, "max": 106.706436157, "mean": 14.7988882065, "median": 11.738237381, "min": 0.67847430706, "var": 137.61315918}, "dissonance": {"dmean": 0.0297314021736, "dmean2": 0.0492432005703, "dvar": 0.000815150153358, "dvar2": 0.00211370736361, "max": 0.500000059605, "mean": 0.435307383537, "median": 0.44594502449, "min": 0.157097324729, "var": 0.00225103623234}, "dynamic_complexity": 5.26783084869, "erbbands": {"dmean": [0.0970895290375, 1.52534174919, 4.7626709938, 6.7319726944, 5.95239496231, 4.49604463577, 6.26145219803, 9.74879837036, 12.0780067444, 18.251077652, 22.3970909119, 23.1373252869, 37.0537986755, 27.9963951111, 25.675031662, 16.3712406158, 11.8100271225, 17.4862937927, 10.8790664673, 9.39678573608, 6.73458719254, 4.15360403061, 4.50551271439, 4.23527669907, 3.12471342087, 3.70121979713, 3.53301596642, 3.48084831238, 2.83773970604, 1.9261893034, 1.09775710106, 0.530745923519, 0.317066639662, 0.295077949762, 0.152382746339, 0.0668281912804, 0.0304875262082, 0.00623532757163, 0.00022763213201, 2.08803558053e-05], "dmean2": [0.162031859159, 2.72730898857, 8.56041431427, 11.9841966629, 10.7145357132, 7.36987876892, 9.98956298828, 15.737953186, 18.572063446, 27.7149181366, 35.402973175, 36.2701454163, 59.0848999023, 43.3563194275, 40.3412704468, 25.5873432159, 18.1734733582, 26.8320827484, 16.1122074127, 14.3212060928, 10.0846567154, 6.29744911194, 7.10082435608, 6.67056941986, 4.92121267319, 5.66804552078, 5.33677434921, 5.19193029404, 3.98940634727, 2.7017352581, 1.48188614845, 0.736623883247, 0.430068612099, 0.387411862612, 0.20152553916, 0.0900737941265, 0.0418353937566, 0.00870891287923, 0.000334818207193, 3.28678070218e-05], "dvar": [0.0581635348499, 24.9524364471, 265.405914307, 446.480651855, 380.916320801, 70.1321716309, 239.240570068, 534.509643555, 900.960449219, 2234.49755859, 4915.99707031, 2891.06396484, 8435.97558594, 4719.68310547, 4885.60351563, 2596.34472656, 1178.87792969, 2448.37573242, 840.516235352, 683.222717285, 368.317382813, 117.548225403, 109.693519592, 102.553039551, 97.7381362915, 118.2605896, 122.330078125, 132.449401855, 75.2295913696, 31.1996040344, 10.6729183197, 4.4849615097, 3.55103135109, 2.36829352379, 0.430419564247, 0.0436862744391, 0.00886631477624, 0.000390031840652, 7.99421229658e-07, 1.92565563495e-09], "dvar2": [0.155484899879, 68.7433013916, 730.13482666, 1237.83728027, 1085.95898438, 177.912475586, 556.279296875, 1358.55053711, 2079.75024414, 5071.93554688, 11694.6201172, 7565.89697266, 21347.4980469, 10877.7255859, 12127.3525391, 6031.25830078, 2385.24316406, 5593.88232422, 1793.15478516, 1401.41015625, 799.297668457, 261.891265869, 274.103424072, 261.733734131, 255.259536743, 276.874145508, 290.916137695, 305.054046631, 157.047836304, 62.2614326477, 21.3076629639, 9.17460155487, 6.89570426941, 4.66039848328, 0.735948562622, 0.0806099027395, 0.0160737652332, 0.000720034004189, 1.75001650859e-06, 4.81412021358e-09], "max": [2.33898711205, 49.3025436401, 161.262115479, 226.41633606, 319.61920166, 164.697906494, 566.911254883, 440.87902832, 1056.40649414, 1160.92358398, 2058.03125, 1732.14477539, 2745.92651367, 1738.85290527, 1880.14428711, 2187.32714844, 1337.62695313, 2200.29956055, 721.432128906, 896.333496094, 732.108215332, 360.330474854, 204.36177063, 200.294311523, 235.157577515, 417.914489746, 300.719146729, 330.052124023, 168.541244507, 106.82207489, 147.853134155, 120.628189087, 122.756210327, 93.7033996582, 45.0570755005, 7.91271257401, 2.15333938599, 0.376791477203, 0.0231106393039, 0.000497395289131], "mean": [0.109143331647, 1.21492779255, 3.56134605408, 6.17097902298, 6.51487874985, 7.5066447258, 10.1245851517, 16.5897979736, 23.7003536224, 33.6431312561, 40.6598052979, 43.3947410583, 65.0612716675, 52.6829414368, 47.3526344299, 32.9581451416, 24.3012218475, 36.6867637634, 21.9286842346, 18.2439231873, 13.3225574493, 8.22621536255, 8.6059589386, 8.40097522736, 5.3681974411, 6.13792896271, 5.22180128098, 5.1645898819, 4.34864902496, 2.98340082169, 1.64556694031, 0.82251894474, 0.539719700813, 0.471737384796, 0.236554846168, 0.0909050181508, 0.0360182896256, 0.00711691984907, 0.000249019416515, 3.73152652173e-05], "median": [0.0206458680332, 0.160400554538, 0.467365324497, 1.33490538597, 2.24698495865, 3.7480635643, 4.29735803604, 6.40452289581, 7.6571059227, 10.7669525146, 11.3859014511, 12.8599290848, 15.2131109238, 10.5000419617, 7.89272594452, 4.92053508759, 5.06989192963, 6.42755794525, 4.46006584167, 4.30773258209, 2.46689844131, 2.16260528564, 3.00534296036, 2.47354626656, 1.70856833458, 1.68676304817, 1.08583784103, 0.958316683769, 0.881245732307, 0.522529244423, 0.281188070774, 0.107619836926, 0.0596848540008, 0.0455792322755, 0.030376445502, 0.0125048030168, 0.0026514143683, 0.00038562680129, 2.42518726736e-05, 2.30294899666e-05], "min": [7.82517908185e-22, 6.97567065121e-21, 1.38954145226e-20, 1.42004357579e-20, 8.63490028658e-20, 2.67313160168e-19, 4.54443774454e-19, 5.33476590984e-19, 6.37180844765e-19, 7.81951203839e-19, 3.1377824747e-18, 3.88596630478e-18, 1.4153266042e-18, 3.09728060998e-18, 3.90511636314e-18, 4.13510690143e-18, 2.79928155648e-18, 4.26305023549e-18, 3.67011848702e-18, 4.00686702311e-18, 5.3238278938e-18, 8.48350315098e-18, 1.37760942233e-17, 1.99890312606e-17, 7.90473728408e-18, 1.68380091398e-17, 1.13964221596e-17, 1.13810010315e-17, 2.09648363769e-17, 2.41683447619e-17, 1.83144024561e-17, 1.46552846441e-17, 1.36907796421e-17, 1.33705747183e-17, 8.96324143648e-18, 6.06655460658e-18, 2.94150368228e-18, 1.09455123592e-18, 3.96406585478e-19, 4.8105467236e-20], "var": [0.0582158863544, 16.698841095, 172.952697754, 318.360961914, 259.232910156, 119.707565308, 406.014770508, 1003.20056152, 2627.4609375, 6040.37060547, 11595.3378906, 8080.78857422, 20885.8417969, 14300.3671875, 13346.4082031, 10413.0625, 5127.84814453, 11628.3183594, 2628.59594727, 2295.82617188, 1246.29284668, 343.416259766, 246.262664795, 263.670043945, 128.446212769, 191.677703857, 175.854827881, 204.095046997, 133.934051514, 60.1185150146, 19.3953781128, 10.9296388626, 10.9556665421, 8.62063503265, 1.63870763779, 0.10763052851, 0.0155355967581, 0.000648454006296, 1.03437162124e-06, 2.30623653508e-09]}, "erbbands_crest": {"dmean": 3.0094306469, "dmean2": 4.81189775467, "dvar": 8.06077480316, "dvar2": 19.2386322021, "max": 32.350151062, "mean": 11.4329862595, "median": 10.2636165619, "min": 2.42357492447, "var": 28.2810020447}, "erbbands_flatness_db": {"dmean": 0.0265538338572, "dmean2": 0.034721236676, "dvar": 0.000686089100782, "dvar2": 0.00112982629798, "max": 0.452045559883, "mean": 0.197521775961, "median": 0.19747376442, "min": 0.0415975227952, "var": 0.00369978696108}, "erbbands_kurtosis": {"dmean": 1.7725982666, "dmean2": 2.73399281502, "dvar": 8.50851631165, "dvar2": 17.9479198456, "max": 112.911842346, "mean": 2.32420277596, "median": 1.21516740322, "min": -1.86790955067, "var": 23.4854125977}, "erbbands_skewness": {"dmean": 0.445793122053, "dmean2": 0.664619863033, "dvar": 0.213145971298, "dvar2": 0.453724831343, "max": 9.31358242035, "mean": 0.801278650761, "median": 0.716569781303, "min": -3.60067892075, "var": 0.880393207073}, "erbbands_spread": {"dmean": 8.32507228851, "dmean2": 12.005200386, "dvar": 121.302963257, "dvar2": 232.700546265, "max": 135.049057007, "mean": 27.9661083221, "median": 21.2202568054, "min": 1.1778563261, "var": 417.625915527}, "gfcc": {"cov": [[16066.2324219, -629.489990234, -883.045837402, 656.442565918, 172.86026001, 409.894927979, -14.353556633, 377.470123291, -282.539215088, -155.731613159, -435.095977783, 32.4142951965, -301.692230225], [-629.489990234, 1898.30932617, 79.5924301147, -91.8539276123, 361.472900391, -39.3465309143, 115.240943909, -128.271560669, 100.708305359, -201.878738403, 128.80921936, -182.243026733, 75.0720367432], [-883.045837402, 79.5924301147, 1540.24182129, 494.853088379, 69.5617904663, 178.56741333, 84.3464508057, -56.3840255737, -41.7640266418, 60.0781974792, -109.501113892, -13.5668230057, -97.5853881836], [656.442565918, -91.8539276123, 494.853088379, 696.920532227, 163.915588379, 60.74817276, -11.4717559814, 26.6983146667, 0.373408287764, -40.5666389465, -74.9720230103, -32.2534713745, -57.7141113281], [172.86026001, 361.472900391, 69.5617904663, 163.915588379, 403.028564453, 126.364654541, 94.9929351807, 39.4200935364, 52.2408561707, -14.7979412079, -8.10834980011, -54.6386833191, -28.1365242004], [409.894927979, -39.3465309143, 178.56741333, 60.74817276, 126.364654541, 336.553253174, 184.107162476, 8.16944694519, -31.5888633728, 73.8919448853, -35.2088279724, -25.1758155823, -60.5707931519], [-14.353556633, 115.240943909, 84.3464508057, -11.4717559814, 94.9929351807, 184.107162476, 246.65977478, 17.4929847717, -15.1198234558, 54.1802940369, 6.8494591713, -23.4899272919, -27.8695831299], [377.470123291, -128.271560669, -56.3840255737, 26.6983146667, 39.4200935364, 8.16944694519, 17.4929847717, 156.886550903, 60.2067985535, 13.1587352753, -6.2887802124, 34.995349884, 0.0256051011384], [-282.539215088, 100.708305359, -41.7640266418, 0.373408287764, 52.2408561707, -31.5888633728, -15.1198234558, 60.2067985535, 146.024642944, 26.6388149261, 35.1849594116, 10.0821456909, 33.9222793579], [-155.731613159, -201.878738403, 60.0781974792, -40.5666389465, -14.7979412079, 73.8919448853, 54.1802940369, 13.1587352753, 26.6388149261, 171.586410522, 37.7590560913, 30.5811691284, -15.5178947449], [-435.095977783, 128.80921936, -109.501113892, -74.9720230103, -8.10834980011, -35.2088279724, 6.8494591713, -6.2887802124, 35.1849594116, 37.7590560913, 149.430496216, 40.6877441406, 42.9688835144], [32.4142951965, -182.243026733, -13.5668230057, -32.2534713745, -54.6386833191, -25.1758155823, -23.4899272919, 34.995349884, 10.0821456909, 30.5811691284, 40.6877441406, 136.84677124, 44.2913818359], [-301.692230225, 75.0720367432, -97.5853881836, -57.7141113281, -28.1365242004, -60.5707931519, -27.8695831299, 0.0256051011384, 33.9222793579, -15.5178947449, 42.9688835144, 44.2913818359, 115.597923279]], "icov": [[0.000108844076749, -0.000153881934239, 0.000194773980184, -0.000220350761083, 0.000140218631714, -0.000227741809795, 0.000193695304915, -0.000359291909263, 0.000346657820046, -0.000189847036381, 0.000390285073081, -0.00030206592055, 0.000243437869358], [-0.000153881934239, 0.00183946010657, -0.000779670139309, 0.00105238077231, -0.00152430788148, 0.000809879973531, -0.00123434851412, 0.00177793612238, -0.0017492986517, 0.00264392886311, -0.00237091328017, 0.00210753595456, -0.00103155768011], [0.000194773980184, -0.000779670139309, 0.00150996597949, -0.00135014485568, 0.000836639781483, -0.000717929389793, 0.000308996473905, -0.000288544106297, 0.000736773537938, -0.00143583526369, 0.00183288764674, -0.00153056159616, 0.00101346441079], [-0.000220350761083, 0.00105238077231, -0.00135014485568, 0.00306257675402, -0.00172926404048, 0.000568804447539, -8.23333539302e-05, 0.000663775776047, -0.00110007927287, 0.0020011223387, -0.00145076017361, 0.00148264924064, -0.000449469720479], [0.000140218631714, -0.00152430788148, 0.000836639781483, -0.00172926404048, 0.00509343855083, -0.00196922244504, 0.000214770247112, -0.00175588205457, -0.000307940150378, -0.00102718663402, 0.00139838294126, -0.000779274327215, 0.00119012442883], [-0.000227741809795, 0.000809879973531, -0.000717929389793, 0.000568804447539, -0.00196922244504, 0.00709072872996, -0.00446632271633, 0.00142453319859, -6.33451236354e-06, -0.000924959487747, 0.000209632067708, 0.000639722624328, 0.000271232420346], [0.000193695304915, -0.00123434851412, 0.000308996473905, -8.23333539302e-05, 0.000214770247112, -0.00446632271633, 0.00873422250152, -0.0030460562557, 0.00282073044218, -0.00247425609268, 0.000144167323015, 0.000140846168506, 7.78615212766e-05], [-0.000359291909263, 0.00177793612238, -0.000288544106297, 0.000663775776047, -0.00175588205457, 0.00142453319859, -0.0030460562557, 0.0118851494044, -0.00674602389336, 0.00282100285403, -0.000463990785647, -0.00165644148365, 0.000742976146284], [0.000346657820046, -0.0017492986517, 0.000736773537938, -0.00110007927287, -0.000307940150378, -6.33451236354e-06, 0.00282073044218, -0.00674602389336, 0.0133744850755, -0.00514863245189, 0.000839556276333, 0.000135296533699, -0.00226304540411], [-0.000189847036381, 0.00264392886311, -0.00143583526369, 0.0020011223387, -0.00102718663402, -0.000924959487747, -0.00247425609268, 0.00282100285403, -0.00514863245189, 0.0125332856551, -0.00546413194388, 0.00102416123264, 0.00107467244379], [0.000390285073081, -0.00237091328017, 0.00183288764674, -0.00145076017361, 0.00139838294126, 0.000209632067708, 0.000144167323015, -0.000463990785647, 0.000839556276333, -0.00546413194388, 0.0132410703227, -0.0054665976204, 5.91675161559e-05], [-0.00030206592055, 0.00210753595456, -0.00153056159616, 0.00148264924064, -0.000779274327215, 0.000639722624328, 0.000140846168506, -0.00165644148365, 0.000135296533699, 0.00102416123264, -0.0054665976204, 0.0138739133254, -0.00571503676474], [0.000243437869358, -0.00103155768011, 0.00101346441079, -0.000449469720479, 0.00119012442883, 0.000271232420346, 7.78615212766e-05, 0.000742976146284, -0.00226304540411, 0.00107467244379, 5.91675161559e-05, -0.00571503676474, 0.0140135521069]], "mean": [-60.8919219971, 108.388031006, -117.655715942, 13.4527778625, -69.1802444458, 6.46139574051, -29.572013855, 4.67861127853, -20.6048965454, 6.62434053421, -17.0772266388, 2.06593441963, -8.62201976776]}, "hfc": {"dmean": 5.66346168518, "dmean2": 8.32470989227, "dvar": 89.6269607544, "dvar2": 198.782836914, "max": 178.379760742, "mean": 16.7243709564, "median": 11.0441970825, "min": 1.26738522343e-16, "var": 309.757446289}, "melbands": {"dmean": [0.0012160561746, 0.00239498075098, 0.00115928601008, 0.000350232643541, 0.000206288721529, 0.00021979615849, 0.000189348807908, 0.000195366403204, 0.000192382343812, 0.000150110892719, 0.000185609518667, 0.000114720991405, 0.000108249383629, 5.52943456569e-05, 2.74385693046e-05, 3.4452896216e-05, 3.37949277309e-05, 1.89894599316e-05, 1.41436676131e-05, 1.13333671834e-05, 8.31651504996e-06, 4.85732653033e-06, 4.23829442298e-06, 4.86348199047e-06, 3.6072333387e-06, 2.61110290012e-06, 2.24210566557e-06, 2.57190458797e-06, 2.22596759158e-06, 2.23532470045e-06, 2.06346294362e-06, 1.71157739715e-06, 1.39154383305e-06, 9.78055822998e-07, 6.82173549649e-07, 4.79251582419e-07, 2.70635297284e-07, 2.2053018256e-07, 2.58745785686e-07, 2.54637853914e-07], "dmean2": [0.00212096516043, 0.00426565855742, 0.00207799370401, 0.000602089159656, 0.000328005757183, 0.000353703362634, 0.000290101743303, 0.00029967201408, 0.000305784662487, 0.000235692874412, 0.000295482663205, 0.000177187816007, 0.000171522493474, 8.70011790539e-05, 4.19291500293e-05, 5.34659484401e-05, 5.18910455867e-05, 2.85275400529e-05, 2.15764393943e-05, 1.69603481481e-05, 1.26300183183e-05, 7.35391677154e-06, 6.72090254739e-06, 7.69469806983e-06, 5.78626713832e-06, 4.21573668064e-06, 3.55126894647e-06, 3.96441373596e-06, 3.40596488968e-06, 3.40732322002e-06, 3.13058740176e-06, 2.4669245704e-06, 2.00601789402e-06, 1.37499455377e-06, 9.45932470131e-07, 6.83588723405e-07, 3.83607527965e-07, 3.0904593018e-07, 3.5946038679e-07, 3.35720727662e-07], "dvar": [1.26434706544e-05, 6.36578188278e-05, 1.35633636091e-05, 7.16286137958e-07, 2.06892664778e-07, 2.52813947554e-07, 1.99001590317e-07, 2.54162841884e-07, 3.27263506961e-07, 1.12523458995e-07, 2.05238677609e-07, 8.63745768243e-08, 8.3734562395e-08, 2.90170110162e-08, 8.45607939226e-09, 8.73745698016e-09, 1.04191304473e-08, 2.75922262816e-09, 1.48350909335e-09, 1.13629272658e-09, 6.24373941438e-10, 2.00304800524e-10, 1.16507567482e-10, 1.41131981102e-10, 7.83880807487e-11, 6.95226723413e-11, 5.20275142413e-11, 5.41714381685e-11, 5.01992232504e-11, 5.70851872717e-11, 4.60686003234e-11, 2.91284427134e-11, 1.76906631705e-11, 8.12866267352e-12, 4.55636440036e-12, 2.30578555381e-12, 1.71844504772e-12, 2.04314104697e-12, 2.62780660946e-12, 1.68084643426e-12], "dvar2": [3.47974601027e-05, 0.000174026659806, 3.80343117286e-05, 1.97948020286e-06, 4.88752448291e-07, 6.392197065e-07, 4.53250549981e-07, 5.86385851875e-07, 7.94765412593e-07, 2.91140963782e-07, 5.17799605859e-07, 1.9678849128e-07, 2.13320888065e-07, 7.11840684176e-08, 1.79761130426e-08, 1.98952569974e-08, 2.30827570391e-08, 5.71551161954e-09, 3.17785886494e-09, 2.37064101682e-09, 1.40240485891e-09, 4.24856871906e-10, 2.74905098685e-10, 3.50225959345e-10, 2.02516753367e-10, 1.80610165712e-10, 1.32833605226e-10, 1.24816212921e-10, 1.20901150202e-10, 1.39682473921e-10, 1.06459729921e-10, 6.38462269165e-11, 3.80045508952e-11, 1.66463856588e-11, 9.53028454764e-12, 5.07394083346e-12, 3.37547351181e-12, 3.95081146617e-12, 6.19570150392e-12, 3.10633636869e-12], "max": [0.0323795266449, 0.0763841420412, 0.0400263927877, 0.014704592526, 0.0149044822901, 0.0093519128859, 0.0146490931511, 0.013286659494, 0.0166195165366, 0.00928677152842, 0.0134647637606, 0.00789396185428, 0.00570137193426, 0.0053616752848, 0.00391322141513, 0.00436685606837, 0.00431540329009, 0.00128890725318, 0.00148844323121, 0.000894484110177, 0.000844802183565, 0.000501182221342, 0.000380232639145, 0.000251747173024, 0.000166826692293, 0.000197118599317, 0.000292951037409, 0.000255783670582, 0.000180790229933, 0.000239873697865, 0.000209755380638, 0.000107237305201, 8.769123815e-05, 6.84394835844e-05, 0.000107887368358, 5.61326633033e-05, 8.25618844829e-05, 8.49908828968e-05, 0.000110999062599, 8.93612013897e-05], "mean": [0.00119299022481, 0.00185109628364, 0.00107754813507, 0.000496981258038, 0.000348768371623, 0.000377745978767, 0.00038103305269, 0.000354426098056, 0.00034058993333, 0.00027610824327, 0.000319470331306, 0.000207130753552, 0.000185029537533, 0.000102166850411, 5.26505209564e-05, 6.16826146143e-05, 6.78119904478e-05, 3.44014915754e-05, 2.52225963777e-05, 1.99561945919e-05, 1.5354653442e-05, 8.67512426339e-06, 6.99870861354e-06, 8.82068525243e-06, 6.61750573272e-06, 4.12079089074e-06, 3.72593376596e-06, 4.05099399359e-06, 3.10641689794e-06, 3.21422407978e-06, 2.95118684335e-06, 2.52008658208e-06, 2.05810260923e-06, 1.47791331528e-06, 9.92903778751e-07, 6.76818785905e-07, 4.2729169536e-07, 3.63689508731e-07, 4.03796150295e-07, 3.97945825625e-07], "median": [0.000233213635511, 0.000275366648566, 0.000275758095086, 0.000229798053624, 0.000166401354363, 0.000145514393807, 0.000122994359117, 0.000110902270535, 8.67968701641e-05, 7.30528699933e-05, 6.68493012199e-05, 3.46235901816e-05, 2.41873240157e-05, 1.11248755275e-05, 8.40729262563e-06, 9.45369447436e-06, 1.01238492789e-05, 4.97778637509e-06, 5.3354992815e-06, 3.27702400682e-06, 2.32579213844e-06, 1.82155304174e-06, 2.16459375224e-06, 2.71979274657e-06, 1.60845411301e-06, 1.07830510387e-06, 1.18545654004e-06, 9.79175638349e-07, 6.60112050355e-07, 5.24316988049e-07, 5.46459489215e-07, 5.03748083247e-07, 3.80747849249e-07, 2.43964507263e-07, 1.70037679936e-07, 1.01663459873e-07, 5.03255677131e-08, 3.81860871812e-08, 3.82988929459e-08, 3.76927822288e-08], "min": [8.11390536016e-24, 8.38673605967e-24, 3.56836339539e-24, 1.37314903625e-23, 1.44220213336e-23, 1.3582823214e-23, 9.27318221431e-24, 8.77633868354e-24, 2.96222350175e-23, 2.16525137093e-23, 5.75270938119e-24, 1.13955406935e-23, 1.47305006574e-23, 7.1486133469e-24, 1.2895280448e-23, 4.88812256223e-24, 8.24824837232e-24, 4.90232679169e-24, 6.56328328839e-24, 5.13123529372e-24, 6.01071501771e-24, 8.25320320766e-24, 1.04177002698e-23, 1.14644027285e-23, 1.85014372224e-23, 5.20682670667e-24, 6.06299756306e-24, 1.26271852805e-23, 5.65863811267e-24, 8.26247390102e-24, 6.09181307421e-24, 1.12760968972e-23, 1.28824362147e-23, 1.44085980764e-23, 1.01309808852e-23, 9.02663004927e-24, 8.87156523886e-24, 9.25589669416e-24, 1.0162566087e-23, 1.12871906481e-23], "var": [9.68939730228e-06, 4.25185244239e-05, 9.36752803682e-06, 6.85682380208e-07, 3.65890599596e-07, 4.90362140226e-07, 6.24378742486e-07, 6.63223374886e-07, 7.64286937738e-07, 3.05366228304e-07, 5.12150052145e-07, 2.64964313601e-07, 2.11619024526e-07, 9.61333199712e-08, 3.47846302873e-08, 2.57929215763e-08, 5.0300343446e-08, 7.91241294706e-09, 3.74845354756e-09, 3.28692983942e-09, 2.06005013048e-09, 5.35453403838e-10, 2.50849202521e-10, 2.99136215798e-10, 1.942449257e-10, 8.67286173434e-11, 7.43603789655e-11, 8.67822133599e-11, 6.56908902275e-11, 9.23099374717e-11, 6.90666621117e-11, 4.76594007315e-11, 3.069409657e-11, 1.50400889659e-11, 7.42738249376e-12, 4.14175291286e-12, 4.70296674868e-12, 5.70187950674e-12, 6.627104681e-12, 6.46722085607e-12]}, "melbands_crest": {"dmean": 3.42643690109, "dmean2": 5.56737089157, "dvar": 10.9932422638, "dvar2": 27.4596786499, "max": 38.5199546814, "mean": 13.536646843, "median": 12.4404172897, "min": 2.89955759048, "var": 30.6393737793}, "melbands_flatness_db": {"dmean": 0.0308511555195, "dmean2": 0.0454965867102, "dvar": 0.00109134288505, "dvar2": 0.00242463313043, "max": 0.530161440372, "mean": 0.238867998123, "median": 0.231556609273, "min": 0.00714569864795, "var": 0.00577864376828}, "melbands_kurtosis": {"dmean": 9.08638000488, "dmean2": 14.7700538635, "dvar": 513.600952148, "dvar2": 1279.75061035, "max": 617.899108887, "mean": 12.424323082, "median": 5.29734992981, "min": -1.80543768406, "var": 697.394897461}, "melbands_skewness": {"dmean": 0.85252904892, "dmean2": 1.2963975668, "dvar": 1.27298140526, "dvar2": 2.9252076149, "max": 19.1424293518, "mean": 2.01292920113, "median": 1.66962647438, "min": -2.81006121635, "var": 3.34872126579}, "melbands_spread": {"dmean": 5.66188192368, "dmean2": 8.52552032471, "dvar": 103.105613708, "dvar2": 194.489120483, "max": 214.316665649, "mean": 17.9258346558, "median": 14.4007644653, "min": 0.410563349724, "var": 318.880981445}, "mfcc": {"cov": [[12874.8564453, -263.540130615, -1238.04846191, 304.793182373, -104.047714233, 189.668838501, 101.819915771, 413.517181396, 190.633163452, 110.96043396, 74.9871292114, -151.659713745, -194.700027466], [-263.540130615, 1812.80322266, -80.9870529175, -61.0399093628, 108.102287292, 52.0280609131, 81.7922973633, 53.5109405518, -27.9743328094, 28.1640357971, 16.4598064423, -60.0587234497, -18.7057323456], [-1238.04846191, -80.9870529175, 1234.0291748, 304.855560303, 137.754928589, 232.44758606, 88.173828125, -25.2777805328, 41.5907592773, -0.985935926437, -48.4912910461, 27.5202083588, 51.0670776367], [304.793182373, -61.0399093628, 304.855560303, 524.55682373, 235.476364136, 67.9055480957, 6.13872337341, 59.2501754761, 44.9107513428, -12.822716713, -26.5862388611, 23.4485301971, 19.1170043945], [-104.047714233, 108.102287292, 137.754928589, 235.476364136, 341.709747314, 66.8916625977, 4.74633359909, 59.6609115601, 51.5069503784, 23.5819129944, -11.7454223633, 23.6342430115, 19.2859115601], [189.668838501, 52.0280609131, 232.44758606, 67.9055480957, 66.8916625977, 342.976959229, 198.313095093, 25.35430336, 60.7956581116, 52.889755249, 30.5052566528, 16.0038948059, 11.0040798187], [101.819915771, 81.7922973633, 88.173828125, 6.13872337341, 4.74633359909, 198.313095093, 248.583099365, 50.1495285034, 27.5415229797, 48.2107124329, 39.8470535278, 10.3474607468, 2.9235086441], [413.517181396, 53.5109405518, -25.2777805328, 59.2501754761, 59.6609115601, 25.35430336, 50.1495285034, 156.465652466, 54.3206558228, 4.19946813583, 11.4795608521, -7.27937650681, -4.64561653137], [190.633163452, -27.9743328094, 41.5907592773, 44.9107513428, 51.5069503784, 60.7956581116, 27.5415229797, 54.3206558228, 129.725997925, 52.7281723022, 4.19113063812, 11.7088928223, 1.02362930775], [110.96043396, 28.1640357971, -0.985935926437, -12.822716713, 23.5819129944, 52.889755249, 48.2107124329, 4.19946813583, 52.7281723022, 113.277824402, 37.8054046631, 2.79503679276, 0.978070557117], [74.9871292114, 16.4598064423, -48.4912910461, -26.5862388611, -11.7454223633, 30.5052566528, 39.8470535278, 11.4795608521, 4.19113063812, 37.8054046631, 103.89691925, 38.8289527893, -1.82007646561], [-151.659713745, -60.0587234497, 27.5202083588, 23.4485301971, 23.6342430115, 16.0038948059, 10.3474607468, -7.27937650681, 11.7088928223, 2.79503679276, 38.8289527893, 106.067306519, 58.9981307983], [-194.700027466, -18.7057323456, 51.0670776367, 19.1170043945, 19.2859115601, 11.0040798187, 2.9235086441, -4.64561653137, 1.02362930775, 0.978070557117, -1.82007646561, 58.9981307983, 125.81578064]], "icov": [[0.000114642905828, 2.07970551855e-05, 0.000165484423633, -0.000193455518456, 0.000186762437806, -0.000233318307437, 0.000150260311784, -0.000293416029308, 2.72027245956e-05, -0.000146763137309, 3.16010809911e-05, 7.57653760957e-05, 8.60295112943e-05], [2.07970551855e-05, 0.000621257757302, 5.30040488229e-05, 0.000162460957654, -0.000354220857844, -3.78028562409e-05, -0.000170859813807, -0.00019326605252, 0.000298363011098, -8.01434725872e-05, -0.000165108387591, 0.00051134545356, -0.000111187131552], [0.000165484423633, 5.30040488229e-05, 0.00137580034789, -0.00086432043463, 0.000310171570163, -0.00108251255006, 0.000225334035349, 5.4997351981e-05, -4.79807858937e-05, -8.42778099468e-05, 0.000564061338082, 5.27101219632e-05, -0.000134707748657], [-0.000193455518456, 0.000162460957654, -0.00086432043463, 0.00360448705032, -0.00230491906404, 0.000407514598919, -0.000178133603185, -0.00016425451031, -0.000190312901395, 0.000977496267296, 0.000122169818496, -0.000350583519321, 3.77707078769e-06], [0.000186762437806, -0.000354220857844, 0.000310171570163, -0.00230491906404, 0.00539428275079, -0.00146951142233, 0.00164755864535, -0.00199110992253, 0.000260386383161, -0.0019600528758, 0.0013616780052, -0.00146315188613, 0.000369451008737], [-0.000233318307437, -3.78028562409e-05, -0.00108251255006, 0.000407514598919, -0.00146951142233, 0.00752490060404, -0.00573044456542, 0.00250281812623, -0.00270350789651, 0.00108564773109, -0.00128633575514, 0.000827262352686, -0.000589513743762], [0.000150260311784, -0.000170859813807, 0.000225334035349, -0.000178133603185, 0.00164755864535, -0.00573044456542, 0.0095816925168, -0.00387822277844, 0.00263947504573, -0.00292611704208, -1.22655628729e-05, -0.00112147652544, 0.000552517012693], [-0.000293416029308, -0.00019326605252, 5.4997351981e-05, -0.00016425451031, -0.00199110992253, 0.00250281812623, -0.00387822277844, 0.0111028123647, -0.00574834505096, 0.00442518247291, -0.00303123169579, 0.00309195439331, -0.0013751515653], [2.72027245956e-05, 0.000298363011098, -4.79807858937e-05, -0.000190312901395, 0.000260386383161, -0.00270350789651, 0.00263947504573, -0.00574834505096, 0.0141567038372, -0.00768143543974, 0.00403782585636, -0.00393963744864, 0.00190814526286], [-0.000146763137309, -8.01434725872e-05, -8.42778099468e-05, 0.000977496267296, -0.0019600528758, 0.00108564773109, -0.00292611704208, 0.00442518247291, -0.00768143543974, 0.0158236008137, -0.00676369667053, 0.00454738782719, -0.00220720563084], [3.16010809911e-05, -0.000165108387591, 0.000564061338082, 0.000122169818496, 0.0013616780052, -0.00128633575514, -1.22655628729e-05, -0.00303123169579, 0.00403782585636, -0.00676369667053, 0.0165953692049, -0.00917964242399, 0.0041333460249], [7.57653760957e-05, 0.00051134545356, 5.27101219632e-05, -0.000350583519321, -0.00146315188613, 0.000827262352686, -0.00112147652544, 0.00309195439331, -0.00393963744864, 0.00454738782719, -0.00917964242399, 0.0187724214047, -0.00842164456844], [8.60295112943e-05, -0.000111187131552, -0.000134707748657, 3.77707078769e-06, 0.000369451008737, -0.000589513743762, 0.000552517012693, -0.0013751515653, 0.00190814526286, -0.00220720563084, 0.0041333460249, -0.00842164456844, 0.0120606897399]], "mean": [-703.026733398, 141.175613403, 2.10802292824, 13.4969625473, -16.2206611633, 2.69276428223, -6.01765680313, -0.0870952308178, -0.0757438018918, 1.50429034233, 2.71795630455, -4.49363803864, -0.305992215872]}, "pitch_salience": {"dmean": 0.074729770422, "dmean2": 0.122134678066, "dvar": 0.00547441095114, "dvar2": 0.014277368784, "max": 0.876359581947, "mean": 0.558651149273, "median": 0.565986871719, "min": 0.0900454670191, "var": 0.0138850649819}, "silence_rate_20dB": {"dmean": 0, "dmean2": 0, "dvar": 0, "dvar2": 0, "max": 1, "mean": 1, "median": 1, "min": 1, "var": 0}, "silence_rate_30dB": {"dmean": 0.0457056201994, "dmean2": 0.0914211422205, "dvar": 0.0436142273247, "dvar2": 0.110360629857, "max": 1, "mean": 0.967944562435, "median": 1, "min": 0, "var": 0.031028194353}, "silence_rate_60dB": {"dmean": 0.0344416759908, "dmean2": 0.0688908174634, "dvar": 0.0332580655813, "dvar2": 0.0717384591699, "max": 1, "mean": 0.165692001581, "median": 0, "min": 0, "var": 0.138245865703}, "spectral_centroid": {"dmean": 203.718444824, "dmean2": 301.682159424, "dvar": 94066.2578125, "dvar2": 177928.953125, "max": 10882.4326172, "mean": 1013.02825928, "median": 901.545166016, "min": 184.217346191, "var": 374701}, "spectral_complexity": {"dmean": 2.69186615944, "dmean2": 4.03986120224, "dvar": 14.4449644089, "dvar2": 27.5495128632, "max": 57, "mean": 13.1301708221, "median": 12, "min": 0, "var": 69.8535308838}, "spectral_contrast_coeffs": {"dmean": [0.0542539469898, 0.0456583313644, 0.0424759574234, 0.032712765038, 0.0252481307834, 0.0192259550095], "dmean2": [0.0871928781271, 0.073586396873, 0.0678937211633, 0.0512481853366, 0.0390866063535, 0.030038125813], "dvar": [0.00247802399099, 0.00153518724255, 0.00134129985236, 0.000837972038426, 0.00050285103498, 0.000360659876605], "dvar2": [0.00621705362573, 0.00373105495237, 0.0032893512398, 0.00183547614142, 0.00108763098251, 0.000850677897688], "max": [-0.300557225943, -0.402371227741, -0.394015699625, -0.497038900852, -0.524965763092, -0.574025392532], "mean": [-0.64233148098, -0.711252510548, -0.71988505125, -0.758981227875, -0.78848695755, -0.753607928753], "median": [-0.641715228558, -0.718584060669, -0.72175014019, -0.766147553921, -0.791625916958, -0.754958510399], "min": [-0.961015462875, -0.961251676083, -0.961001336575, -0.964774131775, -0.958356082439, -0.958736658096], "var": [0.0100503722206, 0.00690548261628, 0.00841480866075, 0.00605936301872, 0.00306376069784, 0.00197899201885]}, "spectral_contrast_valleys": {"dmean": [0.502642273903, 0.365254342556, 0.381829231977, 0.37516322732, 0.368672966957, 0.449568688869], "dmean2": [0.753608345985, 0.577250778675, 0.602811872959, 0.566837012768, 0.510535120964, 0.516327679157], "dvar": [0.270039647818, 0.140960782766, 0.173147439957, 0.189474120736, 0.203779578209, 0.232844263315], "dvar2": [0.49065002799, 0.291134655476, 0.387151926756, 0.391435176134, 0.375962853432, 0.340113133192], "max": [-4.90716505051, -4.49241352081, -5.09938573837, -5.90466117859, -5.42691516876, -7.41883707047], "mean": [-7.96767044067, -6.92156267166, -7.7411441803, -8.50889015198, -8.51630306244, -11.060749054], "median": [-7.48340368271, -6.64787244797, -7.52663326263, -8.27435302734, -8.2793712616, -10.9212169647], "min": [-27.8473968506, -26.8989696503, -27.4021224976, -27.150932312, -27.29139328, -27.2922954559], "var": [2.47235131264, 1.48920917511, 1.67640042305, 1.74009430408, 1.87547504902, 1.88411927223]}, "spectral_decrease": {"dmean": 3.92432797369e-09, "dmean2": 6.56467635807e-09, "dvar": 8.06762552487e-17, "dvar2": 2.15426154173e-16, "max": 1.57819751514e-28, "mean": -6.77059697196e-09, "median": -4.35936708953e-09, "min": -7.48597983602e-08, "var": 7.90628890948e-17}, "spectral_energy": {"dmean": 0.0152584882453, "dmean2": 0.0254028663039, "dvar": 0.00118362344801, "dvar2": 0.00315469875932, "max": 0.286202162504, "mean": 0.0270707085729, "median": 0.0175673384219, "min": 1.08999132202e-20, "var": 0.0011972929351}, "spectral_energyband_high": {"dmean": 0.000270985765383, "dmean2": 0.000363862840459, "dvar": 5.59011425594e-07, "dvar2": 1.05347567114e-06, "max": 0.0174372419715, "mean": 0.000466490309918, "median": 9.47359367274e-05, "min": 7.95715679871e-21, "var": 1.29307431962e-06}, "spectral_energyband_low": {"dmean": 0.010499805212, "dmean2": 0.0182488728315, "dvar": 0.000962129095569, "dvar2": 0.002601622371, "max": 0.269198298454, "mean": 0.00964498706162, "median": 0.0023004822433, "min": 4.6769773934e-23, "var": 0.000700633914676}, "spectral_energyband_middle_high": {"dmean": 0.00197160895914, "dmean2": 0.00299820187502, "dvar": 1.17130921353e-05, "dvar2": 2.81816955976e-05, "max": 0.0625767558813, "mean": 0.0056897890754, "median": 0.00228867307305, "min": 1.31486790422e-21, "var": 6.2538892962e-05}, "spectral_energyband_middle_low": {"dmean": 0.006098552607, "dmean2": 0.0100732576102, "dvar": 0.000159940522281, "dvar2": 0.0004267184122, "max": 0.184545308352, "mean": 0.0128668174148, "median": 0.00912867859006, "min": 4.50301343207e-22, "var": 0.000218124681851}, "spectral_entropy": {"dmean": 0.233789071441, "dmean2": 0.31824016571, "dvar": 0.0687120109797, "dvar2": 0.120250612497, "max": 9.81003570557, "mean": 7.15807676315, "median": 7.17702865601, "min": 4.68491315842, "var": 0.35042604804}, "spectral_flux": {"dmean": 0.0350555181503, "dmean2": 0.0543094389141, "dvar": 0.00327020976692, "dvar2": 0.00657385727391, "max": 0.50641053915, "mean": 0.0847498178482, "median": 0.0645506680012, "min": 1.0440264625e-10, "var": 0.00602524541318}, "spectral_kurtosis": {"dmean": 3.12914991379, "dmean2": 4.88950395584, "dvar": 19.3380870819, "dvar2": 42.5299110413, "max": 88.7634887695, "mean": 7.56319952011, "median": 5.6584610939, "min": -1.23420727253, "var": 53.5786247253}, "spectral_rms": {"dmean": 0.00108742993325, "dmean2": 0.00168888468761, "dvar": 3.50904315383e-06, "dvar2": 8.71004067449e-06, "max": 0.0167099256068, "mean": 0.00436247652397, "median": 0.00413991138339, "min": 3.2609908697e-12, "var": 7.37931031836e-06}, "spectral_rolloff": {"dmean": 353.821807861, "dmean2": 579.96875, "dvar": 638882.6875, "dvar2": 1278385, "max": 19186.0839844, "mean": 1162.9317627, "median": 861.328125, "min": 21.533203125, "var": 1827809.375}, "spectral_skewness": {"dmean": 0.358930706978, "dmean2": 0.533822536469, "dvar": 0.17111082375, "dvar2": 0.347667038441, "max": 7.60332870483, "mean": 1.9837167263, "median": 1.89491868019, "min": -0.0116481753066, "var": 0.706184744835}, "spectral_spread": {"dmean": 691367.1875, "dmean2": 885923.75, "dvar": 673985593344, "dvar2": 1047643684860.0, "max": 40695192, "mean": 4092215.5, "median": 3743616, "min": 961303.5625, "var": 2803060178940.0}, "spectral_strongpeak"