{"lowlevel": {"average_loudness": 0.0637682676315, "barkbands": {"dmean": [1.45890426211e-05, 0.000227917422308, 0.000224406103371, 6.23425294179e-05, 0.000438666058471, 0.000291108852252, 0.000234016115428, 0.000176327826921, 0.00027457223041, 0.000605708686635, 0.000639877573121, 0.000271308526862, 0.00037127325777, 0.000305374996969, 0.00014724432549, 0.000136457878398, 9.37924196478e-05, 9.78009193204e-05, 0.000108217944216, 4.72298816021e-05, 5.92621790929e-06, 6.54443238091e-06, 4.50932293461e-06, 5.41961071576e-06, 2.61427635451e-06, 8.52278958519e-08, 1.06304842706e-09], "dmean2": [2.27875952987e-05, 0.000336991244694, 0.000304516288452, 0.000103537160612, 0.000703492842149, 0.00042485454469, 0.000350952264853, 0.000254020094872, 0.000399732554797, 0.00090714590624, 0.000932516588364, 0.000374854949769, 0.000560849905014, 0.000448822538601, 0.000226681309869, 0.000194228006876, 0.0001408430835, 0.000146068734466, 0.000155019501108, 6.99922311469e-05, 9.0771000032e-06, 1.03371039586e-05, 7.17432249076e-06, 8.15618841443e-06, 4.11419841839e-06, 1.30721716118e-07, 1.77981274163e-09], "dvar": [8.85115092331e-09, 4.07531757673e-07, 6.8583455004e-07, 2.26925678248e-08, 8.60218676735e-07, 4.71843350169e-07, 4.06280349807e-07, 5.04280933455e-07, 1.08990002445e-06, 5.18782144354e-06, 8.19936121843e-06, 1.5248915588e-06, 3.36436960424e-06, 3.83659471481e-06, 6.18299281996e-07, 4.35378808561e-07, 2.5235780754e-07, 2.20516156446e-07, 2.08440468441e-07, 4.14780672031e-08, 9.24676168967e-10, 2.81834444671e-09, 3.11538173037e-09, 4.17592627144e-09, 2.59618282428e-09, 2.68018490431e-13, 1.25690532483e-17], "dvar2": [1.30180755065e-08, 8.34117372506e-07, 1.13242265343e-06, 6.41366142418e-08, 2.59594253293e-06, 9.5703524039e-07, 9.0044954959e-07, 9.11567155981e-07, 2.20148899643e-06, 1.06217621578e-05, 1.62144115166e-05, 2.56049065683e-06, 7.08171319275e-06, 6.77871003063e-06, 1.48024025748e-06, 8.59001090703e-07, 5.41267695553e-07, 4.86745932449e-07, 4.42573508508e-07, 9.34348207693e-08, 2.15949413906e-09, 8.09113842593e-09, 7.10808123472e-09, 9.35271060598e-09, 7.11284897648e-09, 5.99273831513e-13, 3.13526664623e-17], "max": [0.00744507042691, 0.0202063918114, 0.0417872257531, 0.00462022377178, 0.0199647992849, 0.0279104392976, 0.0205852687359, 0.0267321038991, 0.0334403142333, 0.0710257068276, 0.0782241672277, 0.0432999506593, 0.0408646203578, 0.0467479526997, 0.0321235172451, 0.0260785110295, 0.015016506426, 0.0185249317437, 0.015358870849, 0.00581585569307, 0.00137323094532, 0.00294387433678, 0.00336454622447, 0.00233725993894, 0.00312271993607, 2.11375681829e-05, 1.53679380333e-07], "mean": [3.80641140509e-05, 0.00058045622427, 0.000494178675581, 0.000102235804661, 0.00098229222931, 0.00079868134344, 0.000551058852579, 0.00036736796028, 0.000572484277654, 0.00133249838836, 0.00121314649004, 0.000630863709375, 0.000669596425723, 0.000452745734947, 0.00029417022597, 0.000258525367826, 0.000157632908667, 0.000227812895901, 0.000278818857623, 9.39604215091e-05, 1.29495629153e-05, 1.29523205032e-05, 7.69332200434e-06, 7.48639877202e-06, 3.68367955161e-06, 1.90405884837e-07, 2.28550978143e-09], "median": [3.3321826777e-05, 8.91265808605e-05, 5.16049476573e-05, 3.89191845898e-05, 0.000517606444191, 0.000155504560098, 0.00010907179967, 7.09613668732e-05, 7.7709708421e-05, 5.18970482517e-05, 2.9434744647e-05, 2.17782180698e-05, 1.64802895597e-05, 9.27297514863e-06, 7.88288525655e-06, 5.94533594267e-06, 6.12563599134e-06, 6.65123661747e-06, 5.41873396287e-06, 3.05181947624e-06, 1.40764677781e-06, 6.81518258716e-07, 7.28278905626e-07, 4.57126390074e-07, 2.49186257406e-07, 3.83648455227e-08, 1.13010290015e-09], "min": [1.05349181471e-25, 1.59068890879e-24, 7.08211316145e-25, 2.7202177196e-25, 5.44253440085e-24, 5.82651717963e-24, 6.30058353505e-24, 3.66328821141e-24, 1.1133077204e-23, 1.47241739929e-23, 1.31932592443e-23, 2.62336025353e-23, 2.49428825217e-23, 2.66876692946e-23, 4.83660813074e-23, 4.63532648424e-23, 7.68641390478e-23, 1.00820128178e-22, 1.13756910598e-22, 1.49752873517e-22, 2.16482541759e-22, 2.91779125836e-22, 3.36596775108e-22, 5.35321919051e-22, 7.8741349061e-22, 1.20022170125e-21, 1.94624410193e-21], "var": [1.68179266069e-08, 1.53592088736e-06, 2.50799985224e-06, 4.5639076518e-08, 2.49928939411e-06, 3.29657882503e-06, 1.4148192804e-06, 1.71581552877e-06, 4.03294234275e-06, 2.58547061094e-05, 2.55945687968e-05, 9.38473749557e-06, 9.65367325989e-06, 7.74005729909e-06, 1.68469978234e-06, 1.57567740189e-06, 5.73498823542e-07, 8.43290024477e-07, 1.14306885735e-06, 1.4269924975e-07, 4.18521395318e-09, 5.89164317333e-09, 6.1522418271e-09, 6.25584295477e-09, 1.99781702293e-09, 5.62886976613e-13, 2.54080204936e-17]}, "barkbands_crest": {"dmean": 2.36738491058, "dmean2": 3.7397377491, "dvar": 4.86234331131, "dvar2": 11.919634819, "max": 26.9170761108, "mean": 12.5362653732, "median": 11.8299827576, "min": 3.55823922157, "var": 22.9950561523}, "barkbands_flatness_db": {"dmean": 0.0170955993235, "dmean2": 0.025543237105, "dvar": 0.000276500504697, "dvar2": 0.000599140126724, "max": 0.532594382763, "mean": 0.216561600566, "median": 0.209047153592, "min": 0.0545728094876, "var": 0.00436163740233}, "barkbands_kurtosis": {"dmean": 6.8898973465, "dmean2": 11.035443306, "dvar": 2156.83349609, "dvar2": 5614.16015625, "max": 1863.56237793, "mean": 13.0540142059, "median": 3.25703978539, "min": -1.94939219952, "var": 4334.48291016}, "barkbands_skewness": {"dmean": 0.532437026501, "dmean2": 0.826445937157, "dvar": 0.797081947327, "dvar2": 2.16496634483, "max": 29.3013629913, "mean": 1.36271262169, "median": 1.22715198994, "min": -2.85551071167, "var": 2.78201508522}, "barkbands_spread": {"dmean": 2.42077493668, "dmean2": 3.69969177246, "dvar": 15.3327131271, "dvar2": 33.5989608765, "max": 88.9632034302, "mean": 10.7227306366, "median": 8.62214565277, "min": 0.0654375255108, "var": 76.9819259644}, "dissonance": {"dmean": 0.0329041779041, "dmean2": 0.0548328794539, "dvar": 0.000969943706878, "dvar2": 0.00263335718773, "max": 0.499998241663, "mean": 0.42008048296, "median": 0.431340605021, "min": 0.133077070117, "var": 0.00328564271331}, "dynamic_complexity": 7.05695533752, "erbbands": {"dmean": [0.00343304150738, 0.0636887177825, 0.263163983822, 0.184653222561, 0.695460379124, 1.91714525223, 2.14977812767, 2.56864643097, 2.94783639908, 3.26175379753, 4.46288347244, 5.24730157852, 12.0010223389, 24.4521942139, 15.0958213806, 10.2944107056, 11.2059211731, 15.8465719223, 6.94209861755, 5.68552207947, 7.07488441467, 3.4927251339, 4.30801010132, 5.31051826477, 4.18292045593, 1.81591761112, 0.3787946105, 0.208520114422, 0.238019302487, 0.196564465761, 0.126848608255, 0.0997988879681, 0.0970381572843, 0.0479178875685, 0.00862268265337, 0.000888439419214, 8.70091025718e-05, 6.95651169735e-06, 1.33752268994e-06, 2.46893637268e-06], "dmean2": [0.00539702177048, 0.0921307429671, 0.34992775321, 0.288796514273, 1.1347039938, 3.0797624588, 3.21402406693, 3.57979011536, 4.40657377243, 4.70189809799, 6.3417096138, 7.64873600006, 17.278585434, 36.5160064697, 21.6657085419, 13.9422492981, 15.501625061, 21.0439815521, 10.1744880676, 8.41790008545, 9.67775058746, 4.82002305984, 6.05161333084, 7.53499555588, 6.30676841736, 2.6742105484, 0.56499761343, 0.312449038029, 0.372482031584, 0.309081733227, 0.204264134169, 0.147470921278, 0.151828348637, 0.0754506215453, 0.0142790731043, 0.0013845411595, 0.000135226655402, 1.09145767055e-05, 1.87620378256e-06, 3.45092053067e-06], "dvar": [0.000194361811737, 0.0315507128835, 0.88133174181, 0.233217939734, 2.74830627441, 19.2445545197, 19.3861885071, 56.0413818359, 61.7509536743, 96.4738922119, 336.764831543, 432.661956787, 2186.71118164, 8867.62988281, 4637.25292969, 2461.57763672, 2560.90112305, 6993.95996094, 1511.32043457, 755.241149902, 1250.91235352, 256.189117432, 384.486450195, 609.041137695, 422.573150635, 58.7813072205, 3.15015602112, 1.12931227684, 2.80895638466, 6.36930084229, 2.42770123482, 1.30237531662, 1.59000492096, 0.855679512024, 0.019257042557, 6.48723798804e-05, 3.62333736348e-07, 2.05741379489e-09, 2.02821613671e-11, 2.02833652652e-11], "dvar2": [0.00032088754233, 0.0622511729598, 1.33203887939, 0.550983965397, 8.24545669556, 56.5952529907, 40.7445144653, 105.031509399, 138.196640015, 183.534454346, 631.433532715, 842.741638184, 4364.47558594, 19324.2773438, 10422.0878906, 3900.30810547, 4526.89404297, 11905.3310547, 3108.68115234, 1789.38549805, 2207.12841797, 460.089599609, 687.782409668, 1223.81188965, 986.33001709, 135.997573853, 7.07316207886, 2.55126285553, 7.32926702499, 16.0217723846, 6.50530099869, 2.63631725311, 3.81777381897, 2.31176376343, 0.0549086369574, 0.000169225371792, 8.76468561728e-07, 5.08996267357e-09, 4.95222439445e-11, 3.6127462133e-11], "max": [0.900265872478, 6.90323209763, 51.339263916, 11.8697242737, 42.8185997009, 100.196807861, 119.066963196, 360.820495605, 282.322998047, 429.092376709, 701.56036377, 906.330871582, 1609.7076416, 3393.73168945, 2558.37255859, 1757.54333496, 1698.65991211, 2619.18701172, 1973.39135742, 1138.81433105, 1620.96508789, 864.558349609, 917.583740234, 1155.14135742, 805.732299805, 335.530151367, 58.9242897034, 49.9483146667, 90.4455108643, 175.371902466, 87.9890213013, 52.3824653625, 54.1671447754, 57.0483169556, 8.24547863007, 0.448616504669, 0.027529777959, 0.00226607965305, 0.000230689212913, 0.000133894209284], "mean": [0.00722239771858, 0.16524246335, 0.625030994415, 0.381741017103, 1.38985645771, 3.9118077755, 5.87224912643, 6.20821619034, 6.71581792831, 7.93783187866, 9.49168872833, 11.2730150223, 28.0174026489, 62.3939247131, 32.568611145, 26.2315177917, 26.3111972809, 34.8297920227, 13.927277565, 11.4416351318, 16.6562175751, 9.13695335388, 11.0319843292, 14.7618665695, 11.6633005142, 4.36051797867, 0.885115861893, 0.462096691132, 0.486045539379, 0.340692847967, 0.200162306428, 0.145044729114, 0.129183456302, 0.0643519088626, 0.0138040008023, 0.00187952455599, 0.00021756462229, 1.99138721655e-05, 6.47957813271e-06, 1.23551690194e-05], "median": [0.00134476739913, 0.0254840217531, 0.0823670327663, 0.139584153891, 0.623631119728, 1.84169149399, 1.74108612537, 1.40246367455, 1.79883313179, 1.64678776264, 2.3668153286, 1.78512275219, 1.77658319473, 2.11217308044, 1.2870080471, 1.12961006165, 1.03907060623, 0.620766043663, 0.472575008869, 0.427273929119, 0.399871826172, 0.407793879509, 0.368703097105, 0.403149545193, 0.210952848196, 0.152009129524, 0.0867472589016, 0.0467743650079, 0.0263508707285, 0.0233442038298, 0.0196437630802, 0.0100807370618, 0.00733557948843, 0.00373389641754, 0.00124224741012, 0.000299204984913, 5.53712998226e-05, 6.20874743618e-06, 2.46640615842e-06, 5.18837941854e-06], "min": [7.67937032353e-23, 4.72264341525e-22, 1.39813496217e-21, 1.36645551991e-21, 7.18736426454e-21, 2.16515559312e-20, 2.66633430962e-20, 7.08619716757e-20, 1.1854775138e-19, 1.53450559778e-19, 1.76234060679e-19, 2.86811642513e-19, 3.16037949807e-19, 8.07399673878e-19, 8.09301930793e-19, 1.2964085344e-18, 1.46566685172e-18, 1.56858404315e-18, 2.3359516392e-18, 2.64437771791e-18, 2.56341389994e-18, 4.68563654452e-18, 5.42884219488e-18, 5.33310720591e-18, 6.49649579203e-18, 7.31085717304e-18, 8.02145908596e-18, 1.07897083414e-17, 1.02336618172e-17, 1.01425280204e-17, 8.84565440368e-18, 8.65925173419e-18, 9.9977962286e-18, 7.51386632051e-18, 5.88704152441e-18, 4.0006127105e-18, 2.05394322771e-18, 9.74651095942e-19, 2.45970065057e-19, 2.73979408725e-20], "var": [0.000511882128194, 0.127455964684, 3.64079236984, 0.578769087791, 6.41783475876, 50.2744140625, 126.378761292, 300.895050049, 200.590087891, 419.258361816, 951.570129395, 1324.52734375, 10470.3652344, 54341.1523438, 13916.7822266, 15499.6630859, 11467.9794922, 32232.578125, 3699.48925781, 1873.63037109, 6255.86132812, 1329.5802002, 1950.14794922, 3197.23339844, 2280.15820312, 298.741912842, 13.1323165894, 4.58400392532, 7.09633684158, 10.6335306168, 3.72434592247, 2.0757124424, 2.15966773033, 0.696044027805, 0.0145865092054, 7.87928074715e-05, 6.3877263301e-07, 4.07792066781e-09, 1.21538196174e-10, 3.59517193793e-10]}, "erbbands_crest": {"dmean": 2.72464847565, "dmean2": 4.27470970154, "dvar": 6.2506146431, "dvar2": 14.8591279984, "max": 32.9610900879, "mean": 12.6549386978, "median": 11.6312065125, "min": 2.29798936844, "var": 32.5605239868}, "erbbands_flatness_db": {"dmean": 0.0143103944138, "dmean2": 0.0209926273674, "dvar": 0.000190911363461, "dvar2": 0.00036595138954, "max": 0.479083418846, "mean": 0.237143218517, "median": 0.236531496048, "min": 0.0350055359304, "var": 0.00372028513812}, "erbbands_kurtosis": {"dmean": 2.10481119156, "dmean2": 3.1314868927, "dvar": 44.8802185059, "dvar2": 85.6983642578, "max": 466.36517334, "mean": 6.02945756912, "median": 1.30329322815, "min": -1.88084352016, "var": 868.910949707}, "erbbands_skewness": {"dmean": 0.386896908283, "dmean2": 0.590344727039, "dvar": 0.142263248563, "dvar2": 0.305611431599, "max": 16.260887146, "mean": 0.917117238045, "median": 0.74544864893, "min": -4.6105670929, "var": 2.45225811005}, "erbbands_spread": {"dmean": 4.22068214417, "dmean2": 6.37195158005, "dvar": 31.1044483185, "dvar2": 67.4747161865, "max": 120.670188904, "mean": 21.719499588, "median": 17.8595867157, "min": 0.465537250042, "var": 227.415969849}, "gfcc": {"cov": [[34458.5039062, 3047.78637695, -6554.27490234, 386.032928467, -1271.7520752, -267.189483643, -822.579223633, 283.48260498, -776.508972168, -579.37487793, 274.45223999, -499.646514893, 44.5142478943], [3047.78637695, 1696.20422363, 333.096069336, -117.601371765, -41.5194969177, -24.2884845734, -69.655670166, -127.284049988, -58.1101570129, -100.85446167, -66.717300415, -156.741928101, -77.3902511597], [-6554.27490234, 333.096069336, 2487.58398438, 134.489425659, 106.751152039, 124.002815247, 72.041885376, -178.846939087, 180.252960205, 123.707992554, -170.640548706, 59.2477340698, -85.5505371094], [386.032928467, -117.601371765, 134.489425659, 510.320251465, 27.1346797943, -56.4156990051, -64.5101852417, 35.0699272156, 70.4390258789, -22.9554290771, -56.0735740662, 15.9202260971, -24.4669532776], [-1271.7520752, -41.5194969177, 106.751152039, 27.1346797943, 421.902832031, 48.8567390442, 107.209838867, 64.1469421387, 62.8358802795, 2.18853402138, 12.1047258377, -49.3386650085, -10.1336755753], [-267.189483643, -24.2884845734, 124.002815247, -56.4156990051, 48.8567390442, 387.360656738, 199.415176392, -16.6486530304, -27.1045761108, 85.3837585449, -40.8563423157, -27.1452846527, -47.9998817444], [-822.579223633, -69.655670166, 72.041885376, -64.5101852417, 107.209838867, 199.415176392, 349.516174316, 33.0435905457, -29.2530479431, 20.2343730927, 8.0920419693, -13.6434345245, -32.1567153931], [283.48260498, -127.284049988, -178.846939087, 35.0699272156, 64.1469421387, -16.6486530304, 33.0435905457, 222.167327881, 50.3114128113, -16.7254180908, -7.58291578293, -14.5673351288, 6.95941925049], [-776.508972168, -58.1101570129, 180.252960205, 70.4390258789, 62.8358802795, -27.1045761108, -29.2530479431, 50.3114128113, 226.964279175, 72.7095718384, -46.8477134705, 18.2728881836, 1.80386245251], [-579.37487793, -100.85446167, 123.707992554, -22.9554290771, 2.18853402138, 85.3837585449, 20.2343730927, -16.7254180908, 72.7095718384, 157.804855347, 22.9768924713, 15.1939115524, -14.1057596207], [274.45223999, -66.717300415, -170.640548706, -56.0735740662, 12.1047258377, -40.8563423157, 8.0920419693, -7.58291578293, -46.8477134705, 22.9768924713, 174.156066895, 51.936466217, 28.7744808197], [-499.646514893, -156.741928101, 59.2477340698, 15.9202260971, -49.3386650085, -27.1452846527, -13.6434345245, -14.5673351288, 18.2728881836, 15.1939115524, 51.936466217, 148.140106201, 57.2721366882], [44.5142478943, -77.3902511597, -85.5505371094, -24.4669532776, -10.1336755753, -47.9998817444, -32.1567153931, 6.95941925049, 1.80386245251, -14.1057596207, 28.7744808197, 57.2721366882, 103.486404419]], "icov": [[0.000416160270106, -0.00103703991044, 0.00115807692055, -0.00102099962533, 0.00097648560768, -0.000786376709584, 0.000552110781427, -0.000480610353407, 0.000220695976168, -3.01897603094e-06, -0.000557083170861, 0.00046467379434, -0.000410334236221], [-0.00103703991044, 0.00338611751795, -0.0030455281958, 0.00276889232919, -0.00226232944988, 0.00183385959826, -0.00116683950182, 0.00157421315089, -0.000820773420855, 0.000852185767144, 0.00107379467227, -0.000197856876184, 0.00121728470549], [0.00115807692055, -0.0030455281958, 0.00381996016949, -0.00293408683501, 0.00243630330078, -0.00207148655318, 0.00134815182537, -0.000861447828356, 0.000466936035082, -0.000499722256791, -0.000786925840657, 0.000473458290799, -0.000676345429383], [-0.00102099962533, 0.00276889232919, -0.00293408683501, 0.00488295732066, -0.00260485662147, 0.00202467478812, -0.000836178660393, 0.000957004027441, -0.00104949902743, 0.000757802336011, 0.00189764390234, -0.00180563889444, 0.00219181203283], [0.00097648560768, -0.00226232944988, 0.00243630330078, -0.00260485662147, 0.00559936044738, -0.00230264686979, 0.00047855367302, -0.00152727030218, -0.00106217188295, 0.00124830054119, -0.00301277125254, 0.00328769953921, -0.0017751227133], [-0.000786376709584, 0.00183385959826, -0.00207148655318, 0.00202467478812, -0.00230264686979, 0.00669446028769, -0.00355383870192, 0.00108675600495, 0.00162416428793, -0.00382214970887, 0.00366008817218, -0.00151325273328, 0.0014486029977], [0.000552110781427, -0.00116683950182, 0.00134815182537, -0.000836178660393, 0.00047855367302, -0.00355383870192, 0.00558913080022, -0.0014834421454, 0.000545123883057, 0.00115138711408, -0.00161744072102, 0.000241754707531, 0.000505073985551], [-0.000480610353407, 0.00157421315089, -0.000861447828356, 0.000957004027441, -0.00152727030218, 0.00108675600495, -0.0014834421454, 0.00656410446391, -0.00226968340576, 0.00131772854365, 0.000622344668955, 0.000329532456817, 0.000213977982639], [0.000220695976168, -0.000820773420855, 0.000466936035082, -0.00104949902743, -0.00106217188295, 0.00162416428793, 0.000545123883057, -0.00226968340576, 0.00872189179063, -0.00579155096784, 0.0035634082742, -0.00199238047935, -0.000429128791438], [-3.01897603094e-06, 0.000852185767144, -0.000499722256791, 0.000757802336011, 0.00124830054119, -0.00382214970887, 0.00115138711408, 0.00131772854365, -0.00579155096784, 0.012758587487, -0.00481565436348, 0.0015312556643, 0.00135479250457], [-0.000557083170861, 0.00107379467227, -0.000786925840657, 0.00189764390234, -0.00301277125254, 0.00366008817218, -0.00161744072102, 0.000622344668955, 0.0035634082742, -0.00481565436348, 0.0110499486327, -0.00516937021166, 0.000768850732129], [0.00046467379434, -0.000197856876184, 0.000473458290799, -0.00180563889444, 0.00328769953921, -0.00151325273328, 0.000241754707531, 0.000329532456817, -0.00199238047935, 0.0015312556643, -0.00516937021166, 0.0133722936735, -0.00643011881039], [-0.000410334236221, 0.00121728470549, -0.000676345429383, 0.00219181203283, -0.0017751227133, 0.0014486029977, 0.000505073985551, 0.000213977982639, -0.000429128791438, 0.00135479250457, 0.000768850732129, -0.00643011881039, 0.0148866064847]], "mean": [-180.154891968, 133.311096191, -119.129127502, 13.0236330032, -62.142036438, 3.64751458168, -34.8963394165, 4.86092615128, -23.5773944855, -7.01887798309, -4.17595338821, -5.59854030609, -1.96369314194]}, "hfc": {"dmean": 1.86317610741, "dmean2": 2.46833467484, "dvar": 20.7881793976, "dvar2": 32.7185668945, "max": 129.733856201, "mean": 9.9084482193, "median": 1.84903740883, "min": 1.04475214236e-16, "var": 417.68637085}, "melbands": {"dmean": [4.68369908049e-05, 0.000118511270557, 4.00418248319e-05, 9.5812145446e-05, 7.57150774007e-05, 5.61609776923e-05, 4.68943180749e-05, 3.4393320675e-05, 3.78361291951e-05, 3.70379748347e-05, 6.27774279565e-05, 9.98079631245e-05, 6.84720289428e-05, 3.19376413245e-05, 2.36510786635e-05, 3.37631281582e-05, 2.92554523185e-05, 1.08808517325e-05, 1.19038259072e-05, 6.46510488878e-06, 9.72739417193e-06, 4.91701348437e-06, 4.31263379141e-06, 4.0005329538e-06, 4.87904071633e-06, 4.28111206929e-06, 2.76253445008e-06, 1.04358480257e-06, 2.762114093e-07, 1.54607903369e-07, 1.254382056e-07, 1.41196068171e-07, 1.33601957941e-07, 1.02488684206e-07, 8.3182698063e-08, 5.74695384614e-08, 6.53262759442e-08, 7.01040931972e-08, 6.4334805927e-08, 3.44382300455e-08], "dmean2": [7.12113251211e-05, 0.00015950157831, 6.26037726761e-05, 0.000157258735271, 0.000114545509859, 7.91723214206e-05, 7.01312019373e-05, 4.96993707202e-05, 5.40069049748e-05, 5.33927996003e-05, 9.06366112758e-05, 0.000148969120346, 9.81658595265e-05, 4.38068600488e-05, 3.28871356032e-05, 4.824613643e-05, 3.79783559765e-05, 1.57296726684e-05, 1.81095001608e-05, 9.3225216915e-06, 1.34386918944e-05, 6.47878096061e-06, 6.32539604339e-06, 5.73259694647e-06, 7.04456033418e-06, 6.4477885644e-06, 4.06511026085e-06, 1.60431920904e-06, 4.14617034039e-07, 2.37940000147e-07, 1.95028775352e-07, 2.21125063149e-07, 2.11370220882e-07, 1.59236506647e-07, 1.35382038025e-07, 8.72930456808e-08, 9.67889022263e-08, 1.08025837164e-07, 1.06839316061e-07, 5.39866711335e-08], "dvar": [2.0064298667e-08, 1.47232540826e-07, 7.24329973778e-09, 5.86211790221e-08, 1.82228792056e-08, 2.22237979131e-08, 1.50327039705e-08, 1.05123882932e-08, 2.29556569309e-08, 2.24086953438e-08, 6.03453926828e-08, 1.43752473036e-07, 9.55941530378e-08, 2.36395774067e-08, 1.63505884387e-08, 2.50346321451e-08, 2.42914737214e-08, 4.04454780778e-09, 4.60715110506e-09, 1.18010912153e-09, 2.5525102032e-09, 6.22843165932e-10, 4.98062702192e-10, 3.16004722389e-10, 5.3628235186e-10, 4.96184537901e-10, 1.62792779257e-10, 2.61413442976e-11, 1.93730816979e-12, 6.96590734314e-13, 3.88004298829e-13, 1.0461213059e-12, 1.85526160407e-12, 1.87310106661e-12, 1.13174703983e-12, 3.51906248282e-13, 6.1023636231e-13, 7.6342827459e-13, 1.33512764646e-12, 4.73416499145e-13], "dvar2": [4.06593620994e-08, 2.25934797982e-07, 1.67488529712e-08, 1.82642793334e-07, 4.04155073852e-08, 4.27342037312e-08, 3.39905668056e-08, 1.91493896295e-08, 4.33986322435e-08, 4.4539429922e-08, 1.19863955206e-07, 3.13347669589e-07, 2.06157565685e-07, 4.08224742898e-08, 2.75177658438e-08, 5.3001222966e-08, 3.90627796776e-08, 8.04576671953e-09, 1.21182814894e-08, 2.49291587373e-09, 4.59100402139e-09, 9.98473415059e-10, 1.03985375866e-09, 6.17490614196e-10, 1.09068998277e-09, 1.17347775941e-09, 3.66204039315e-10, 6.315783313e-11, 4.36342108279e-12, 1.62070194504e-12, 9.01541590947e-13, 2.55749436386e-12, 5.41286546835e-12, 3.97483174847e-12, 3.18835322727e-12, 7.56020517457e-13, 1.23299157342e-12, 1.68084708478e-12, 3.61583679664e-12, 1.275746544e-12], "max": [0.00616062479094, 0.0205230843276, 0.00227976101451, 0.00550120417029, 0.00326682929881, 0.00694472482428, 0.00368060078472, 0.00495515717193, 0.00629244558513, 0.00601590331644, 0.00828400067985, 0.0138160055503, 0.00968082156032, 0.0066420789808, 0.00511487945914, 0.00565728405491, 0.00454462924972, 0.00294971000403, 0.00331830605865, 0.00139095599297, 0.00258017098531, 0.00127892836463, 0.000789336627349, 0.000739049864933, 0.000939422636293, 0.000889405317139, 0.000472665473353, 0.000179071095772, 4.88147525175e-05, 3.6977842683e-05, 2.42284222622e-05, 6.10082206549e-05, 8.42642621137e-05, 9.40321115195e-05, 5.97458820266e-05, 2.80826643575e-05, 3.65083651559e-05, 3.47365858033e-05, 6.7774366471e-05, 4.28824678238e-05], "mean": [0.000114365757327, 0.000298411410768, 8.66819318617e-05, 0.000198059729883, 0.000203359944862, 0.00014127464965, 0.000107525986095, 8.39053536765e-05, 7.66882658354e-05, 7.71316408645e-05, 0.00014025636483, 0.000251712481258, 0.000135022346512, 7.8239107097e-05, 4.69145707029e-05, 8.0749989138e-05, 5.76507372898e-05, 1.7929225578e-05, 2.24115137826e-05, 1.10811151899e-05, 2.20263009396e-05, 8.96669280337e-06, 1.02765043266e-05, 9.16113367566e-06, 1.2298160982e-05, 1.09541751954e-05, 5.48946809431e-06, 2.1755436137e-06, 5.34781975148e-07, 3.03250089928e-07, 2.49485282211e-07, 2.79313468354e-07, 2.37985290141e-07, 1.72001705323e-07, 1.22194663277e-07, 8.64413252089e-08, 8.91936196012e-08, 9.3949886093e-08, 7.79583047006e-08, 4.68808494247e-08], "median": [2.01387902052e-05, 4.73978579976e-05, 3.71260139218e-05, 9.31217364268e-05, 7.51908446546e-05, 3.08089474856e-05, 2.72957622656e-05, 1.62904361787e-05, 1.75597651833e-05, 9.27927612793e-06, 7.50504204916e-06, 7.5620773714e-06, 3.93552545574e-06, 2.46262220571e-06, 2.16401826947e-06, 1.50159348777e-06, 8.90159526534e-07, 6.70888653076e-07, 5.88743546359e-07, 4.30233939142e-07, 3.92429114981e-07, 3.93407106003e-07, 2.67304812951e-07, 3.18459257187e-07, 2.82695282294e-07, 1.63134870945e-07, 9.49868734779e-08, 7.58366525133e-08, 4.30235829185e-08, 2.74571618775e-08, 2.12754045492e-08, 1.32433903843e-08, 1.08178657143e-08, 1.16488756419e-08, 1.1812643308e-08, 6.54944010137e-09, 4.91610974152e-09, 4.74759387359e-09, 3.76561981597e-09, 2.61200883145e-09], "min": [1.36850879863e-24, 1.08707537373e-24, 5.29070175078e-25, 1.32752698156e-24, 1.53837530203e-24, 1.51246457396e-24, 1.64644549896e-24, 1.52337629521e-24, 1.49243352203e-24, 1.54962199335e-24, 1.52841139716e-24, 2.79147384884e-24, 1.84405308496e-24, 3.18357420355e-24, 2.02579263524e-24, 2.49858419144e-24, 2.04025166677e-24, 3.43608167678e-24, 3.56549273056e-24, 2.93270558885e-24, 2.08418451387e-24, 3.01682399654e-24, 4.88974998228e-24, 4.61759928086e-24, 3.10880261429e-24, 3.63532979764e-24, 4.02593900802e-24, 4.47106639557e-24, 4.24613848566e-24, 5.6321769569e-24, 5.24282242978e-24, 5.3045843222e-24, 5.28010675717e-24, 4.86199667234e-24, 4.84249484747e-24, 5.02350410977e-24, 5.21741558661e-24, 5.93074897661e-24, 6.31187686777e-24, 5.73012271575e-24], "var": [6.46325801767e-08, 6.31985585642e-07, 2.11320418941e-08, 1.42271673553e-07, 1.10165800038e-07, 1.30378040808e-07, 4.9659536927e-08, 5.18373113323e-08, 6.26820977345e-08, 7.46294759324e-08, 2.89319984859e-07, 9.0578413392e-07, 2.87006287181e-07, 1.68968142589e-07, 4.87134776961e-08, 1.4275012461e-07, 9.63025996725e-08, 8.71006289316e-09, 1.09286828476e-08, 2.81121148582e-09, 1.2595757326e-08, 1.96916172257e-09, 2.11507922288e-09, 1.250246906e-09, 2.31138863604e-09, 2.64126187588e-09, 5.46747480623e-10, 9.18151041307e-11, 5.37027930805e-12, 2.61528277333e-12, 1.26309683199e-12, 2.3783232328e-12, 2.78696640418e-12, 3.63301771479e-12, 1.49726791295e-12, 6.09585407325e-13, 9.18782519684e-13, 1.16814880251e-12, 1.17729524046e-12, 3.65602161176e-13]}, "melbands_crest": {"dmean": 2.85556912422, "dmean2": 4.48102617264, "dvar": 7.29632520676, "dvar2": 18.0480823517, "max": 38.1529541016, "mean": 15.7853736877, "median": 14.9589805603, "min": 1.1425716877, "var": 40.8733406067}, "melbands_flatness_db": {"dmean": 0.0192895811051, "dmean2": 0.0281913205981, "dvar": 0.000413718109485, "dvar2": 0.000857568113133, "max": 0.617157101631, "mean": 0.282582074404, "median": 0.275493979454, "min": 4.8306388635e-05, "var": 0.00903857219964}, "melbands_kurtosis": {"dmean": 6.22822713852, "dmean2": 9.83035087585, "dvar": 296.323303223, "dvar2": 697.262512207, "max": 639.432861328, "mean": 13.8287496567, "median": 5.50506448746, "min": -1.89503490925, "var": 867.024902344}, "melbands_skewness": {"dmean": 0.585889816284, "dmean2": 0.900093793869, "dvar": 0.576359510422, "dvar2": 1.31574988365, "max": 21.7762622833, "mean": 1.95460402966, "median": 1.73392772675, "min": -2.21116948128, "var": 3.5294470787}, "melbands_spread": {"dmean": 3.6203083992, "dmean2": 5.62672662735, "dvar": 43.3806800842, "dvar2": 94.2423553467, "max": 217.033447266, "mean": 16.8486938477, "median": 10.8427228928, "min": 0.234627246857, "var": 515.903991699}, "mfcc": {"cov": [[15015.8085938, 568.839416504, -3564.41381836, 239.984573364, -336.47857666, -610.479492188, 108.22315979, 202.912155151, -458.62802124, 136.409011841, 21.929151535, -398.510284424, 80.2957077026], [568.839416504, 2187.68847656, 555.008911133, -44.1585159302, 95.0564880371, 63.5993118286, 87.5477600098, -42.38804245, -20.0726909637, -7.93627357483, 22.0578594208, -6.69076442719, -96.1699142456], [-3564.41381836, 555.008911133, 1808.29467773, 133.326568604, 105.458206177, 296.538360596, -97.6953735352, -85.4995117188, 144.855117798, -91.4959487915, 10.3616352081, 147.216690063, -83.4164733887], [239.984573364, -44.1585159302, 133.326568604, 470.15725708, 153.136108398, -86.431427002, -123.60483551, 35.1132164001, 30.7181587219, -38.6914634705, -11.7047109604, 46.0064849854, -14.0696086884], [-336.47857666, 95.0564880371, 105.458206177, 153.136108398, 332.446716309, -37.6910667419, -70.4149475098, -22.0869350433, 62.992389679, 3.99830651283, 30.7290992737, 26.9370822906, -19.9207954407], [-610.479492188, 63.5993118286, 296.538360596, -86.431427002, -37.6910667419, 379.89541626, 94.9083251953, -10.3408460617, 54.5138092041, 49.1903953552, 43.5658226013, 22.5941677094, -11.9999790192], [108.22315979, 87.5477600098, -97.6953735352, -123.60483551, -70.4149475098, 94.9083251953, 354.547973633, 89.0103912354, -38.2105064392, 41.6886901855, 17.9499130249, -35.9482002258, 35.9562110901], [202.912155151, -42.38804245, -85.4995117188, 35.1132164001, -22.0869350433, -10.3408460617, 89.0103912354, 170.508621216, 54.1405143738, 10.1517372131, 0.0833574831486, 0.33591863513, 6.76364707947], [-458.62802124, -20.0726909637, 144.855117798, 30.7181587219, 62.992389679, 54.5138092041, -38.2105064392, 54.1405143738, 204.553237915, 68.7088088989, 16.274930954, 22.9834289551, -19.3898696899], [136.409011841, -7.93627357483, -91.4959487915, -38.6914634705, 3.99830651283, 49.1903953552, 41.6886901855, 10.1517372131, 68.7088088989, 168.114028931, 62.7273712158, -16.2237663269, 1.38539946079], [21.929151535, 22.0578594208, 10.3616352081, -11.7047109604, 30.7290992737, 43.5658226013, 17.9499130249, 0.0833574831486, 16.274930954, 62.7273712158, 141.787322998, 31.6928157806, -13.7370271683], [-398.510284424, -6.69076442719, 147.216690063, 46.0064849854, 26.9370822906, 22.5941677094, -35.9482002258, 0.33591863513, 22.9834289551, -16.2237663269, 31.6928157806, 120.770385742, 22.5967750549], [80.2957077026, -96.1699142456, -83.4164733887, -14.0696086884, -19.9207954407, -11.9999790192, 35.9562110901, 6.76364707947, -19.3898696899, 1.38539946079, -13.7370271683, 22.5967750549, 119.308227539]], "icov": [[0.000198038193048, -0.000185888595297, 0.000447285827249, -0.000344504631357, 0.000251151184784, -0.000109359083581, 0.000140786461998, -7.20826355973e-05, 0.000118473159091, 4.80753151351e-05, -0.000208526922506, 0.000289046001853, -7.84841104178e-05], [-0.000185888595297, 0.000720283656847, -0.000629366142675, 0.000444184377557, -0.000442213524366, 0.000226449541515, -0.000352885079337, 8.3804334281e-05, 0.000138318937388, -0.000200051741558, 0.000238573891693, -0.00022710338817, 0.000463871081593], [0.000447285827249, -0.000629366142675, 0.00198831758462, -0.0010842353804, 0.000654171803035, -0.000920873426367, 0.000211197591852, 0.00058364745928, -0.000636127253529, 0.000996675109491, -0.000398557953304, -0.000168296362972, 0.000244869035669], [-0.000344504631357, 0.000444184377557, -0.0010842353804, 0.00375835108571, -0.00182646058965, 0.000566688075196, 0.000833475787658, -0.00164034252521, 0.000685078033712, -0.000364504754543, 0.000854103011079, -0.00112711172551, 0.000296267098747], [0.000251151184784, -0.000442213524366, 0.000654171803035, -0.00182646058965, 0.00456719705835, 0.000392289046431, -0.000167929218151, 0.00152985367458, -0.00181018572766, 0.000773089413997, -0.00149106397294, 0.00040897692088, -6.98791991454e-05], [-0.000109359083581, 0.000226449541515, -0.000920873426367, 0.000566688075196, 0.000392289046431, 0.00402379641309, -0.00144431076478, 0.00100899359677, -0.00104274775367, -0.000606416142546, -0.000493693747558, -0.000545095303096, 0.000411374028772], [0.000140786461998, -0.000352885079337, 0.000211197591852, 0.000833475787658, -0.000167929218151, -0.00144431076478, 0.00529428804293, -0.00388365937397, 0.00259443093091, -0.00125985138584, -0.000323710002704, 0.00147882325109, -0.00156302412506], [-7.20826355973e-05, 8.3804334281e-05, 0.00058364745928, -0.00164034252521, 0.00152985367458, 0.00100899359677, -0.00388365937397, 0.0103590162471, -0.00510228658095, 0.00221451488324, -0.000521021196619, -0.000721530930605, 0.000492516730446], [0.000118473159091, 0.000138318937388, -0.000636127253529, 0.000685078033712, -0.00181018572766, -0.00104274775367, 0.00259443093091, -0.00510228658095, 0.00993994157761, -0.00511837331578, 0.00186133943498, -0.000925105065107, 0.000832417106722], [4.80753151351e-05, -0.000200051741558, 0.000996675109491, -0.000364504754543, 0.000773089413997, -0.000606416142546, -0.00125985138584, 0.00221451488324, -0.00511837331578, 0.0108318459243, -0.00479266885668, 0.00254438491538, -0.00120885716751], [-0.000208526922506, 0.000238573891693, -0.000398557953304, 0.000854103011079, -0.00149106397294, -0.000493693747558, -0.000323710002704, -0.000521021196619, 0.00186133943498, -0.00479266885668, 0.010805958882, -0.00447332439944, 0.00243276846595], [0.000289046001853, -0.00022710338817, -0.000168296362972, -0.00112711172551, 0.00040897692088, -0.000545095303096, 0.00147882325109, -0.000721530930605, -0.000925105065107, 0.00254438491538, -0.00447332439944, 0.0127740446478, -0.00413381494582], [-7.84841104178e-05, 0.000463871081593, 0.000244869035669, 0.000296267098747, -6.98791991454e-05, 0.000411374028772, -0.00156302412506, 0.000492516730446, 0.000832417106722, -0.00120885716751, 0.00243276846595, -0.00413381494582, 0.0106997285038]], "mean": [-806.311645508, 160.224075317, -0.426461040974, 12.1779651642, -2.76654839516, -7.21162986755, 1.30667805672, 2.02410030365, -7.67188453674, -1.03649652004, -2.56086134911, -5.51601600647, -0.694890856743]}, "pitch_salience": {"dmean": 0.0610549338162, "dmean2": 0.0968610346317, "dvar": 0.00312563544139, "dvar2": 0.00753672653809, "max": 0.992462813854, "mean": 0.525304734707, "median": 0.536013007164, "min": 0.0333166830242, "var": 0.01859969832}, "silence_rate_20dB": {"dmean": 0, "dmean2": 0, "dvar": 0, "dvar2": 0, "max": 1, "mean": 1, "median": 1, "min": 1, "var": 0}, "silence_rate_30dB": {"dmean": 0, "dmean2": 0, "dvar": 0, "dvar2": 0, "max": 1, "mean": 1, "median": 1, "min": 1, "var": 0}, "silence_rate_60dB": {"dmean": 0.0528919994831, "dmean2": 0.105802044272, "dvar": 0.050094705075, "dvar2": 0.105868145823, "max": 1, "mean": 0.391845792532, "median": 0, "min": 0, "var": 0.238314628601}, "spectral_centroid": {"dmean": 123.472381592, "dmean2": 186.058517456, "dvar": 48067.1054688, "dvar2": 97494.125, "max": 11799.1503906, "mean": 1129.94812012, "median": 702.442016602, "min": 118.428344727, "var": 2748831.5}, "spectral_complexity": {"dmean": 1.26940798759, "dmean2": 2.05870318413, "dvar": 2.04699993134, "dvar2": 4.50692415237, "max": 31, "mean": 7.70556116104, "median": 7, "min": 0, "var": 31.0223827362}, "spectral_contrast_coeffs": {"dmean": [0.0418816171587, 0.0376636311412, 0.0340140424669, 0.0265438519418, 0.0188794378191, 0.0126118725166], "dmean2": [0.0680976212025, 0.0601891875267, 0.0535642020404, 0.0417183972895, 0.0285574961454, 0.0196181517094], "dvar": [0.00119812507182, 0.000998533680104, 0.000847713963594, 0.000559135805815, 0.000325110449921, 0.000144963341882], "dvar2": [0.00313610234298, 0.00240591843612, 0.00196362030692, 0.00120528868865, 0.000639492529444, 0.000296681828331], "max": [-0.311940968037, -0.322805523872, -0.4118694067, -0.471176981926, -0.484180539846, -0.633606076241], "mean": [-0.647089183331, -0.717843413353, -0.730568647385, -0.76098793745, -0.784631788731, -0.811928451061], "median": [-0.640253961086, -0.723284423351, -0.744015455246, -0.768607676029, -0.784584462643, -0.811484634876], "min": [-0.98098897934, -0.989531517029, -0.991256117821, -0.984025657177, -0.985164105892, -0.967153608799], "var": [0.0115013504401, 0.00936126057059, 0.00994734372944, 0.00714235473424, 0.0074747633189, 0.00278619048186]}, "spectral_contrast_valleys": {"dmean": [0.368031352758, 0.304286271334, 0.279388606548, 0.242820844054, 0.198481827974, 0.157863095403], "dmean2": [0.609193861485, 0.490523248911, 0.447486937046, 0.378419965506, 0.289295703173, 0.222152113914], "dvar": [0.10987521708, 0.0783396065235, 0.075771138072, 0.0646403953433, 0.05845772475, 0.0546150654554], "dvar2": [0.245090350509, 0.166982352734, 0.145045161247, 0.114201717079, 0.0861836522818, 0.0700383037329], "max": [-6.19082164764, -5.53984308243, -5.7479557991, -6.69629001617, -6.38169240952, -8.07378482819], "mean": [-9.06374454498, -8.25162696838, -9.11711597443, -9.87675762177, -9.92735290527, -12.4478816986], "median": [-8.50652694702, -7.56977653503, -8.58599472046, -9.42462539673, -9.52183151245, -12.2206707001], "min": [-28.8518218994, -27.9861755371, -27.8345108032, -27.6810646057, -27.5564937592, -27.4220695496], "var": [9.2193365097, 9.96849441528, 9.37711620331, 8.8736114502, 8.76711940765, 6.05206537247]}, "spectral_decrease": {"dmean": 5.11101105882e-10, "dmean2": 7.21117721092e-10, "dvar": 7.81575198552e-19, "dvar2": 1.42167873091e-18, "max": 3.88697200878e-23, "mean": -2.44893261225e-09, "median": -1.14992271261e-09, "min": -2.52599168249e-08, "var": 1.23019111336e-17}, "spectral_energy": {"dmean": 0.00207396526821, "dmean2": 0.002909662202, "dvar": 1.33084859044e-05, "dvar2": 2.36493779084e-05, "max": 0.107103958726, "mean": 0.0101415645331, "median": 0.00453768391162, "min": 9.7972499597e-21, "var": 0.000224419025471}, "spectral_energyband_high": {"dmean": 3.17207923217e-05, "dmean2": 4.74580774608e-05, "dvar": 3.91232255481e-08, "dvar2": 9.29525896254e-08, "max": 0.00856824591756, "mean": 7.10214299033e-05, "median": 7.2142515819e-06, "min": 7.11637778926e-21, "var": 1.01446737233e-07}, "spectral_energyband_low": {"dmean": 0.000434412242612, "dmean2": 0.000600413652137, "dvar": 1.62999424447e-06, "dvar2": 2.64284290097e-06, "max": 0.0620692558587, "mean": 0.00113111699466, "median": 0.000239485350903, "min": 1.70777657472e-23, "var": 6.859842415e-06}, "spectral_energyband_middle_high": {"dmean": 0.00121996656526, "dmean2": 0.00167273648549, "dvar": 1.13529786177e-05, "dvar2": 2.04659081646e-05, "max": 0.0969694107771, "mean": 0.00544714694843, "median": 0.000391402776586, "min": 1.14918651538e-21, "var": 0.000169819933944}, "spectral_energyband_middle_low": {"dmean": 0.0010634562932, "dmean2": 0.00159128126688, "dvar": 3.29275007971e-06, "dvar2": 7.32529588277e-06, "max": 0.0443567745388, "mean": 0.00364521169104, "median": 0.00225929915905, "min": 1.58561294385e-22, "var": 1.87165769603e-05}, "spectral_entropy": {"dmean": 0.146522298455, "dmean2": 0.213086172938, "dvar": 0.0240094345063, "dvar2": 0.0451067499816, "max": 9.82417488098, "mean": 6.72808027267, "median": 6.7201628685, "min": 3.38363075256, "var": 0.627139389515}, "spectral_flux": {"dmean": 0.0125793404877, "dmean2": 0.0197001267225, "dvar": 0.000333557109116, "dvar2": 0.000798743276391, "max": 0.273488759995, "mean": 0.0389846563339, "median": 0.0266500078142, "min": 6.31527399819e-11, "var": 0.00151778408326}, "spectral_kurtosis": {"dmean": 3.80618906021, "dmean2": 6.5144238472, "dvar": 15.1982898712, "dvar2": 43.3347358704, "max": 59.2967567444, "mean": 11.7680721283, "median": 9.39392662048, "min": -1.39722836018, "var": 74.835105896}, "spectral_rms": {"dmean": 0.000295843725326, "dmean2": 0.000411163375247, "dvar": 1.34078760539e-07, "dvar2": 2.2214842943e-07, "max": 0.0102221164852, "mean": 0.00253830314614, "median": 0.00210404582322, "min": 3.0916488987e-12, "var": 3.45120338352e-06}, "spectral_rolloff": {"dmean": 197.22164917, "dmean2": 339.75189209, "dvar": 335245.65625, "dvar2": 688466.8125, "max": 19659.8144531, "mean": 1383.00048828, "median": 710.595703125, "min": 21.533203125, "var": 8294565}, "spectral_skewness": {"dmean": 0.345555394888, "dmean2": 0.567326307297, "dvar": 0.101231060922, "dvar2": 0.258816957474, "max": 6.34983348846, "mean": 2.43463516235, "median": 2.27979230881, "min": -0.156952336431, "var": 1.16894340515}, "spectral_spread": {"dmean": 320218.46875, "dmean2": 504831.125, "dvar": 486796328