{"lowlevel": {"average_loudness": 0.661346077919, "barkbands": {"dmean": [2.40140307142e-05, 0.00192906521261, 0.00159850216005, 0.00121093273629, 0.00070601812331, 0.000395029754145, 0.000435726542491, 0.000328415830154, 0.00053314527031, 0.000849303381983, 0.0014557930408, 0.000922613253351, 0.000896491168533, 0.000662484613713, 0.000469155056635, 0.000479862093925, 0.000247680145549, 0.000197343819309, 0.000160204843269, 0.00011137968977, 6.3855710323e-05, 4.82242248836e-05, 4.05137034249e-05, 2.64211121248e-05, 3.23796084558e-05, 5.0437207392e-05, 3.58587130904e-05], "dmean2": [3.3942535083e-05, 0.00317533034831, 0.00271874829195, 0.00195065443404, 0.0011626718333, 0.000642994476948, 0.000689707230777, 0.000522053858731, 0.000836698047351, 0.00130735489074, 0.00219694222324, 0.00139989540912, 0.00133328139782, 0.00101969053503, 0.000728940882254, 0.000737443333492, 0.000365094805602, 0.0003041709424, 0.000238880573306, 0.000169008242665, 9.28823355935e-05, 6.74461844028e-05, 5.69413896301e-05, 3.69827721443e-05, 4.52062304248e-05, 7.22099503037e-05, 5.05561038153e-05], "dvar": [3.53108697837e-09, 2.73734749499e-05, 1.854668335e-05, 1.17077042887e-05, 1.9401472855e-06, 7.12630139788e-07, 1.25704252696e-06, 7.58201622375e-07, 1.8406358322e-06, 5.85441603107e-06, 1.29530963022e-05, 6.40892903903e-06, 5.35617255082e-06, 2.55034660768e-06, 1.15135617307e-06, 1.27167015762e-06, 3.70639867242e-07, 1.69150808915e-07, 1.06815583933e-07, 4.47968346862e-08, 1.75204011299e-08, 1.5698891076e-08, 8.9275546955e-09, 2.99192670639e-09, 5.28386001619e-09, 1.42928628932e-08, 7.07437264325e-09], "dvar2": [7.22966042588e-09, 7.00500386301e-05, 4.84804186272e-05, 2.80122549157e-05, 5.13101895194e-06, 1.82174437668e-06, 2.54006386058e-06, 1.77603055818e-06, 4.30398995377e-06, 1.28657839014e-05, 2.84577818093e-05, 1.30020625875e-05, 1.17680265248e-05, 5.66998278373e-06, 2.68195481112e-06, 2.99370685752e-06, 7.43004534343e-07, 3.62158829148e-07, 2.11915065051e-07, 9.74277512e-08, 3.49598607841e-08, 2.98758777717e-08, 1.72194667414e-08, 5.88229642773e-09, 1.05583524146e-08, 3.0072939694e-08, 1.4886123445e-08], "max": [0.000586080888752, 0.0480304211378, 0.064642123878, 0.0429654456675, 0.0271884948015, 0.0179573241621, 0.0387856848538, 0.0230264570564, 0.0307531058788, 0.0510102435946, 0.0685215294361, 0.0526135116816, 0.0548981204629, 0.033115375787, 0.0204700268805, 0.021762162447, 0.0238437615335, 0.0162536427379, 0.00837245304137, 0.0050527844578, 0.00238908198662, 0.00487504526973, 0.00383987464011, 0.00143050658517, 0.002200353425, 0.00136695208494, 0.000888946698979], "mean": [2.24814521061e-05, 0.00175722094718, 0.00142842519563, 0.00130426662508, 0.00116890808567, 0.000576681166422, 0.000709549000021, 0.000470440281788, 0.000805821968243, 0.0012837308459, 0.00247151241638, 0.00139963370748, 0.00168405135628, 0.00109975750092, 0.000709448067937, 0.000766571727581, 0.000471960229333, 0.000387028034311, 0.000314863747917, 0.000222163522267, 0.000108428073872, 7.93145736679e-05, 6.65853731334e-05, 4.48881510238e-05, 4.67865647806e-05, 5.44965296285e-05, 3.76935495296e-05], "median": [5.08907703534e-07, 0.000183431868209, 0.000336536060786, 0.000404180726036, 0.00074654573109, 0.000309756345814, 0.000240119319642, 0.000115908420412, 0.000195957210963, 0.000189424725249, 0.000309873867081, 0.000202164432267, 0.000233176833717, 0.00017865220434, 0.000154252324137, 0.000174936823896, 0.00012800694094, 0.000147702448885, 0.000111716646643, 8.93054675544e-05, 3.8302885514e-05, 2.59840653598e-05, 2.54214155575e-05, 1.49063153003e-05, 1.11777408165e-05, 3.67112829736e-06, 9.45389729168e-07], "min": [1.35360500732e-23, 5.44269343521e-23, 2.26964243892e-23, 1.37543846837e-23, 2.07944760135e-23, 2.33157780185e-23, 2.79289356181e-23, 5.82286254483e-23, 5.46123987063e-23, 4.51263715646e-23, 4.78537445484e-23, 6.52519613726e-23, 1.97531023103e-22, 1.01389654197e-22, 1.31963580477e-22, 1.28478645433e-22, 7.63840383009e-23, 1.77206015569e-22, 3.52792909907e-22, 2.993272499e-22, 3.63457021925e-22, 4.69420756708e-22, 5.28166382661e-22, 7.45358646799e-22, 9.79731619877e-22, 1.73303244254e-21, 2.2857684219e-21], "var": [4.25266444282e-09, 2.43412087002e-05, 1.49723273353e-05, 1.14812746688e-05, 2.26570841733e-06, 9.02166789274e-07, 3.95957067667e-06, 1.50885830408e-06, 3.88261832995e-06, 1.21839593703e-05, 3.30765906256e-05, 1.37801653182e-05, 1.97581739485e-05, 6.46909529678e-06, 2.17110050471e-06, 2.44647685577e-06, 1.17674323974e-06, 5.63243190754e-07, 3.20237717233e-07, 1.25158649666e-07, 3.38973258351e-08, 2.82647096839e-08, 1.61756190664e-08, 6.98483093586e-09, 1.02376560562e-08, 1.83411721366e-08, 9.18533071825e-09]}, "barkbands_crest": {"dmean": 2.69079113007, "dmean2": 4.34639549255, "dvar": 5.64084100723, "dvar2": 13.8321962357, "max": 25.7296695709, "mean": 9.50590610504, "median": 8.55605697632, "min": 2.347397089, "var": 16.8799209595}, "barkbands_flatness_db": {"dmean": 0.0229373760521, "dmean2": 0.0331237949431, "dvar": 0.000488134013722, "dvar2": 0.00108450755943, "max": 0.345670759678, "mean": 0.12563367188, "median": 0.121575839818, "min": 0.0254241637886, "var": 0.00225699087605}, "barkbands_kurtosis": {"dmean": 1.95163094997, "dmean2": 3.14251852036, "dvar": 10.828537941, "dvar2": 29.0613460541, "max": 77.8365631104, "mean": 2.35604095459, "median": 0.952482938766, "min": -1.92997896671, "var": 20.4994182587}, "barkbands_skewness": {"dmean": 0.513927400112, "dmean2": 0.771097123623, "dvar": 0.268082499504, "dvar2": 0.631578743458, "max": 7.82086610794, "mean": 0.734838306904, "median": 0.589943230152, "min": -2.96436095238, "var": 1.30404436588}, "barkbands_spread": {"dmean": 5.73050737381, "dmean2": 8.42227077484, "dvar": 45.6102027893, "dvar2": 89.4088287354, "max": 111.772468567, "mean": 20.8916358948, "median": 18.2242641449, "min": 1.74329197407, "var": 169.833145142}, "dissonance": {"dmean": 0.0222901068628, "dmean2": 0.0377588868141, "dvar": 0.000532799167559, "dvar2": 0.00141919346061, "max": 0.500000059605, "mean": 0.465244650841, "median": 0.473761379719, "min": 0.273950874805, "var": 0.000910672300961}, "dynamic_complexity": 4.22068548203, "erbbands": {"dmean": [0.0268297828734, 0.548319101334, 1.97663283348, 2.76565647125, 3.22967839241, 2.27136278152, 2.68043923378, 3.85215950012, 5.74507188797, 7.05316400528, 6.27189493179, 11.6185474396, 21.7292289734, 34.4821662903, 53.2252693176, 29.357963562, 37.018245697, 32.3297843933, 24.9873809814, 25.2735404968, 21.0996932983, 13.1390895844, 10.9661922455, 8.94939136505, 6.1806511879, 4.9681968689, 3.36700701714, 2.05865740776, 1.73376381397, 1.57001674175, 1.08518064022, 0.618640005589, 0.441721439362, 0.367845863104, 0.238245517015, 0.217067241669, 0.0930356755853, 0.0265457276255, 0.00608120299876, 0.000385615159757], "dmean2": [0.0419370867312, 0.918943166733, 3.36224484444, 4.52771472931, 5.20249843597, 3.74947428703, 4.3849272728, 6.25042295456, 9.17161178589, 11.0627174377, 9.98492145538, 18.3289852142, 33.2791595459, 51.6438407898, 80.6403274536, 43.0720367432, 53.0264968872, 47.2307891846, 37.2946281433, 38.1889533997, 31.8633403778, 18.6293754578, 16.4022407532, 13.1022500992, 9.19961833954, 7.48794746399, 5.03784704208, 2.87853717804, 2.43069624901, 2.22785758972, 1.51854431629, 0.874042868614, 0.624867081642, 0.527295589447, 0.334595561028, 0.316236048937, 0.1334502846, 0.0375216752291, 0.00860959943384, 0.000557704770472], "dvar": [0.00451951473951, 2.3272998333, 29.0293998718, 51.8488693237, 72.1582260132, 18.2691631317, 28.0919742584, 79.2534179688, 231.609191895, 306.73815918, 259.039855957, 885.208312988, 3567.16796875, 8064.68701172, 16439.7167969, 5248.10351563, 9338.27929688, 5189.28320313, 3339.63916016, 3104.89013672, 2521.5769043, 1013.33007813, 570.879150391, 344.343841553, 137.333358765, 87.4808349609, 43.1565437317, 22.6759223938, 17.2987594604, 20.1605529785, 5.33862495422, 1.73496186733, 0.84263586998, 0.746168076992, 0.304338634014, 0.268809258938, 0.0495596453547, 0.00382354203612, 0.000198547626496, 8.95421692348e-07], "dvar2": [0.0093034543097, 6.12026262283, 75.7973098755, 127.255882263, 180.432723999, 48.4379425049, 74.6696243286, 198.038375854, 482.728912354, 656.686157227, 615.399108887, 2087.25366211, 8077.46875, 17632.8085938, 37838.7890625, 10806.8515625, 19126.4140625, 10906.7275391, 7216.05126953, 7071.43994141, 5708.86474609, 2074.07568359, 1145.64343262, 664.364807129, 297.339324951, 199.010253906, 94.9345703125, 44.1317977905, 33.4444084167, 39.1042938232, 9.99391555786, 3.45706558228, 1.66848063469, 1.6497284174, 0.595466434956, 0.576083898544, 0.105727538466, 0.00796697102487, 0.000411415094277, 1.92819288714e-06], "max": [0.769615709782, 13.7280673981, 59.0799484253, 114.518295288, 127.866447449, 121.69606781, 140.394927979, 207.828414917, 687.312194824, 526.501464844, 253.896881104, 741.353759766, 1567.05334473, 2529.61523438, 2649.67993164, 1908.7611084, 2790.46484375, 1905.04541016, 1661.76367188, 1355.3717041, 1074.33508301, 1517.0736084, 1142.05273438, 465.488342285, 307.313079834, 173.895996094, 129.251434326, 83.6242904663, 127.953300476, 183.359115601, 83.4456176758, 37.1386642456, 21.4827899933, 33.3371429443, 12.1048049927, 6.72215843201, 2.21614122391, 0.574272334576, 0.159487813711, 0.0099314218387], "mean": [0.0288017336279, 0.469518125057, 1.67847442627, 3.09848809242, 3.94890499115, 3.64489150047, 4.41097974777, 5.58706617355, 9.08925056458, 11.8509225845, 8.95374298096, 18.3925800323, 34.2422332764, 59.2014884949, 101.455169678, 53.1714057922, 72.3330383301, 62.323223114, 43.1190834045, 43.9736633301, 36.4832115173, 26.7694664001, 22.8034076691, 18.5883789063, 13.08157444, 10.2278165817, 6.26960277557, 3.45644950867, 2.79978227615, 2.58588790894, 1.78615510464, 1.04281020164, 0.729595184326, 0.539159297943, 0.326086908579, 0.237570777535, 0.0991786941886, 0.0287215337157, 0.00653196498752, 0.000406626815675], "median": [0.00215498660691, 0.0518009625375, 0.308407902718, 1.09170937538, 1.84683907032, 2.23232674599, 2.64450740814, 2.78639221191, 3.38010144234, 3.83486700058, 2.97518801689, 4.92741060257, 7.60124540329, 11.8775854111, 16.4740276337, 10.9633302689, 12.3900060654, 13.2531242371, 11.7818346024, 11.8201742172, 9.6491060257, 8.11174106598, 8.8893032074, 6.45095586777, 5.39034700394, 4.13049459457, 2.44941234589, 1.20038473606, 0.930767178535, 0.884182274342, 0.670412778854, 0.369483053684, 0.231171742082, 0.144694432616, 0.0627155974507, 0.0201001074165, 0.00595742603764, 0.00142568559386, 0.000170229439391, 3.67346801795e-05], "min": [7.91876297632e-22, 9.9452458191e-21, 2.9171790922e-20, 3.90467280046e-20, 4.82364881214e-20, 8.87755178057e-20, 1.37278131902e-19, 2.47800977644e-19, 3.10862513359e-19, 8.4507092654e-19, 1.22574900871e-18, 1.42135633727e-18, 1.12579674279e-18, 1.31713664657e-18, 1.76607817069e-18, 3.82551470484e-18, 6.95841205764e-18, 4.87202184322e-18, 8.98080496243e-18, 4.89599312379e-18, 8.59257518655e-18, 5.80624004063e-18, 9.45025973855e-18, 1.75292376556e-17, 1.4664315802e-17, 1.65312128137e-17, 1.58837785482e-17, 1.16179576713e-17, 1.23760579493e-17, 1.86600282945e-17, 1.24576907496e-17, 1.15726802861e-17, 1.52150013686e-17, 1.07983482429e-17, 7.56320433533e-18, 5.12629674993e-18, 3.80703094047e-18, 1.2120581356e-18, 2.94365145674e-19, 3.68793693969e-20], "var": [0.00557207036763, 1.89870345592, 23.1381187439, 50.1307220459, 67.5057449341, 22.3697681427, 37.1369667053, 103.924453735, 605.651489258, 921.116882324, 384.191650391, 1977.35754395, 7133.07617188, 20365.4726563, 52263.1914063, 14676.0107422, 36676.2460938, 18517.4257813, 7526.67431641, 6323.07470703, 5237.33398438, 3144.86816406, 2021.7989502, 1240.07373047, 434.854644775, 235.676116943, 92.0055770874, 41.8435554504, 31.0303783417, 33.6124382019, 10.5502719879, 3.79401636124, 1.94097626209, 1.27971434593, 0.563911855221, 0.342324137688, 0.0623003616929, 0.00503399735317, 0.000265164009761, 1.09352413347e-06]}, "erbbands_crest": {"dmean": 3.09417629242, "dmean2": 4.85648822784, "dvar": 8.50856971741, "dvar2": 19.6942501068, "max": 33.1132469177, "mean": 10.7605209351, "median": 9.48929405212, "min": 2.30903244019, "var": 31.8194980621}, "erbbands_flatness_db": {"dmean": 0.0250605102628, "dmean2": 0.0322457179427, "dvar": 0.000612855015788, "dvar2": 0.000999076873995, "max": 0.397493809462, "mean": 0.175467461348, "median": 0.172221332788, "min": 0.0267602857202, "var": 0.00399887980893}, "erbbands_kurtosis": {"dmean": 1.28343784809, "dmean2": 1.93630003929, "dvar": 3.42777061462, "dvar2": 7.25903081894, "max": 55.140296936, "mean": 1.65824329853, "median": 0.543936789036, "min": -1.74169254303, "var": 13.1545295715}, "erbbands_skewness": {"dmean": 0.395367443562, "dmean2": 0.595731139183, "dvar": 0.134037569165, "dvar2": 0.294257104397, "max": 5.77483272552, "mean": 0.319404602051, "median": 0.275713920593, "min": -2.85597538948, "var": 0.691153407097}, "erbbands_spread": {"dmean": 7.12138414383, "dmean2": 10.255487442, "dvar": 77.7024688721, "dvar2": 153.402282715, "max": 165.165939331, "mean": 28.3521728516, "median": 23.6309757233, "min": 1.67906987667, "var": 389.153778076}, "gfcc": {"cov": [[9510.59960938, -1073.38049316, 90.4352264404, -49.9021835327, 321.745422363, 189.594345093, 205.480194092, 31.4376678467, -56.1879844666, 68.728843689, -188.832244873, 126.099594116, -51.9387550354], [-1073.38049316, 1259.50036621, -355.040618896, 162.549057007, -118.170570374, -101.873291016, -13.3706130981, -50.7227630615, 4.27156686783, -83.9193954468, 99.1228027344, -102.842971802, 44.2983398438], [90.4352264404, -355.040618896, 1526.55419922, 77.9505081177, 117.402923584, -25.1344776154, 13.7822580338, 22.4213733673, 80.9229125977, 107.537506104, -102.714035034, 81.4257888794, -97.0140686035], [-49.9021835327, 162.549057007, 77.9505081177, 339.744476318, -13.3920459747, -22.1708335876, -56.5679550171, 9.57665157318, 27.5789833069, -11.3592615128, 0.348746776581, -17.8947620392, 10.61378479], [321.745422363, -118.170570374, 117.402923584, -13.3920459747, 358.090576172, 61.8172264099, 86.7176895142, -27.5554885864, 15.5779790878, 37.9713478088, -2.99374938011, 43.8916168213, 2.38431501389], [189.594345093, -101.873291016, -25.1344776154, -22.1708335876, 61.8172264099, 236.244110107, 54.4395637512, -18.5626735687, -48.5327949524, 4.2138800621, 14.7097616196, 13.6352367401, 17.2373485565], [205.480194092, -13.3706130981, 13.7822580338, -56.5679550171, 86.7176895142, 54.4395637512, 199.110183716, -0.0600444674492, -11.3903713226, 2.96451854706, 5.28395986557, 19.2830848694, 1.93303477764], [31.4376678467, -50.7227630615, 22.4213733673, 9.57665157318, -27.5554885864, -18.5626735687, -0.0600444674492, 168.62272644, 56.4288139343, -12.1821050644, 0.179664045572, -9.34019565582, 3.86023044586], [-56.1879844666, 4.27156686783, 80.9229125977, 27.5789833069, 15.5779790878, -48.5327949524, -11.3903713226, 56.4288139343, 132.270141602, 40.1246566772, -8.04918289185, -4.82498264313, -12.6403713226], [68.728843689, -83.9193954468, 107.537506104, -11.3592615128, 37.9713478088, 4.2138800621, 2.96451854706, -12.1821050644, 40.1246566772, 105.891639709, 20.1502304077, 7.72421741486, -24.4477119446], [-188.832244873, 99.1228027344, -102.714035034, 0.348746776581, -2.99374938011, 14.7097616196, 5.28395986557, 0.179664045572, -8.04918289185, 20.1502304077, 116.367271423, 9.02209091187, -1.0505053997], [126.099594116, -102.842971802, 81.4257888794, -17.8947620392, 43.8916168213, 13.6352367401, 19.2830848694, -9.34019565582, -4.82498264313, 7.72421741486, 9.02209091187, 91.1822891235, 15.7809267044], [-51.9387550354, 44.2983398438, -97.0140686035, 10.61378479, 2.38431501389, 17.2373485565, 1.93303477764, 3.86023044586, -12.6403713226, -24.4477119446, -1.0505053997, 15.7809267044, 88.5825042725]], "icov": [[0.000126669328893, 8.08193144621e-05, 5.32001140527e-05, -7.48103557271e-05, -5.91338321101e-05, -2.61590703303e-05, -0.000104558457679, -6.79771474097e-05, 0.000105455648736, -0.000108258915134, 0.000227597120102, -0.000127855004393, 0.000123653924675], [8.08193144621e-05, 0.00137209042441, 6.73896647641e-05, -0.000539157714229, 0.0001590775355, 0.000527611991856, -0.000513147097081, 0.000905569759198, -0.000655446609017, 0.0012027680641, -0.00138789240737, 0.00143210217357, -0.000668745720759], [5.32001140527e-05, 6.73896647641e-05, 0.000967794214375, -0.000385176972486, -0.000129978114273, 2.68599123956e-05, -9.46417421801e-05, -0.000283666217001, 5.01101021655e-05, -0.000892667740118, 0.00113627768587, -0.00111040624324, 0.00108833285049], [-7.48103557271e-05, -0.000539157714229, -0.000385176972486, 0.00356691819616, -0.000174678934854, -0.000216583910515, 0.00113606720697, -3.94014787162e-05, -0.000692863191944, 0.000556962273549, -0.000227094293223, 0.000459053990198, -0.000629316607956], [-5.91338321101e-05, 0.0001590775355, -0.000129978114273, -0.000174678934854, 0.0036361750681, -0.000596669793595, -0.00134570675436, 0.000854403828271, -0.000952842296101, -0.000514847808518, -2.77528288279e-05, -0.000890334369615, -0.0003450520162], [-2.61590703303e-05, 0.000527611991856, 2.68599123956e-05, -0.000216583910515, -0.000596669793595, 0.00539532024413, -0.00113401806448, 6.53943934594e-05, 0.0019133851165, -0.000455624831375, -0.000970798078924, 0.000740810181014, -0.00123194465414], [-0.000104558457679, -0.000513147097081, -9.46417421801e-05, 0.00113606720697, -0.00134570675436, -0.00113401806448, 0.0064105167985, -0.000685905164573, 0.000344273837982, 0.000140565534821, 6.31289294688e-05, -0.000792748935055, 0.000332326511852], [-6.79771474097e-05, 0.000905569759198, -0.000283666217001, -3.94014787162e-05, 0.000854403828271, 6.53943934594e-05, -0.000685905164573, 0.00842381455004, -0.00487659545615, 0.00357224442996, -0.00220846873708, 0.00182156031951, -0.00124718050938], [0.000105455648736, -0.000655446609017, 5.01101021655e-05, -0.000692863191944, -0.000952842296101, 0.0019133851165, 0.000344273837982, -0.00487659545615, 0.0127094201744, -0.00611088983715, 0.00249375007115, -0.000635663280264, 0.000655691197608], [-0.000108258915134, 0.0012027680641, -0.000892667740118, 0.000556962273549, -0.000514847808518, -0.000455624831375, 0.000140565534821, 0.00357224442996, -0.00611088983715, 0.0155153144151, -0.0051884916611, 0.00171965232585, 0.00127661135048], [0.000227597120102, -0.00138789240737, 0.00113627768587, -0.000227094293223, -2.77528288279e-05, -0.000970798078924, 6.31289294688e-05, -0.00220846873708, 0.00249375007115, -0.0051884916611, 0.0126783279702, -0.00408158497885, 0.00218503689393], [-0.000127855004393, 0.00143210217357, -0.00111040624324, 0.000459053990198, -0.000890334369615, 0.000740810181014, -0.000792748935055, 0.00182156031951, -0.000635663280264, 0.00171965232585, -0.00408158497885, 0.0155471079051, -0.00467871921137], [0.000123653924675, -0.000668745720759, 0.00108833285049, -0.000629316607956, -0.0003450520162, -0.00123194465414, 0.000332326511852, -0.00124718050938, 0.000655691197608, 0.00127661135048, 0.00218503689393, -0.00467871921137, 0.0145645951852]], "mean": [-22.5507297516, 77.1349258423, -131.656982422, 14.6180324554, -46.7864990234, 9.7788438797, -35.657535553, -0.0626675710082, -29.5045413971, -5.70548582077, -15.6367111206, -2.43176317215, -11.9893426895]}, "hfc": {"dmean": 7.20217037201, "dmean2": 9.67692279816, "dvar": 95.1396560669, "dvar2": 165.796875, "max": 129.659042358, "mean": 22.2219543457, "median": 14.6821146011, "min": 1.18141508505e-16, "var": 479.988433838}, "melbands": {"dmean": [0.000375079544028, 0.000947390915826, 0.000512859725859, 0.000174466753379, 9.73180649453e-05, 8.39122876641e-05, 8.71020238264e-05, 7.77350869612e-05, 5.28529890289e-05, 7.99592235126e-05, 0.00011388528219, 0.000138619390782, 0.000190623657545, 0.000110566776129, 8.69181822054e-05, 9.01002349565e-05, 6.38570199953e-05, 4.70826562378e-05, 3.71550486307e-05, 3.80266064894e-05, 2.3610653443e-05, 1.58228685905e-05, 1.21616840261e-05, 9.58697546594e-06, 8.21834964881e-06, 5.6667527133e-06, 4.49837625638e-06, 3.4474039694e-06, 2.53652683568e-06, 1.61041998581e-06, 1.15002274015e-06, 1.03133413631e-06, 9.57651650424e-07, 8.85568510967e-07, 6.92036621786e-07, 4.82423217818e-07, 3.63960026561e-07, 3.20317269598e-07, 3.13143317499e-07, 3.2681808193e-07], "dmean2": [0.000614080519881, 0.00160121324006, 0.000826119503472, 0.000284767738776, 0.00015749540762, 0.00013572559692, 0.000138523799251, 0.000122078112327, 8.46510447445e-05, 0.00012575405708, 0.000175217399374, 0.000208645011298, 0.000283387198579, 0.000161234347615, 0.000128420942929, 0.00012946446077, 9.44568091654e-05, 7.06596183591e-05, 5.67212919123e-05, 5.84198169236e-05, 3.59057048627e-05, 2.28097378567e-05, 1.78925201908e-05, 1.46287848111e-05, 1.22582760014e-05, 8.56487531564e-06, 6.88307227392e-06, 5.31559089723e-06, 3.92724496123e-06, 2.40147574004e-06, 1.63364836681e-06, 1.48324647853e-06, 1.36872313306e-06, 1.28253509502e-06, 9.85262659015e-07, 7.04067986135e-07, 5.28351392859e-07, 4.64157608349e-07, 4.49350068266e-07, 4.79048367197e-07], "dvar": [9.61813043432e-07, 6.66426967655e-06, 1.78363836767e-06, 1.37823093382e-07, 3.53101370365e-08, 3.57173775001e-08, 5.04245285526e-08, 3.69069681483e-08, 1.96673131114e-08, 4.37122196217e-08, 9.78323839718e-08, 1.34528519879e-07, 2.13110496361e-07, 8.55811279621e-08, 6.26879668175e-08, 5.5957723788e-08, 2.25880558702e-08, 1.40355451705e-08, 8.0175466266e-09, 8.66132143784e-09, 3.19373238966e-09, 1.74547554188e-09, 7.46066486368e-10, 4.14639766966e-10, 3.35273947494e-10, 1.37903105601e-10, 8.62891771924e-11, 4.26139158682e-11, 2.35871044918e-11, 1.20866346445e-11, 7.66643866446e-12, 6.24053109535e-12, 7.89998361866e-12, 6.73902470286e-12, 2.22865909755e-12, 1.08012795756e-12, 6.48044606259e-13, 4.51563022001e-13, 5.23079572278e-13, 6.28737513442e-13], "dvar2": [2.31803824136e-06, 1.74596025317e-05, 4.32722390542e-06, 3.45779000099e-07, 9.23806098285e-08, 8.89175950647e-08, 1.04385591726e-07, 8.21784311711e-08, 4.57943798438e-08, 1.03599923307e-07, 2.21331376338e-07, 2.94307142212e-07, 4.67923172209e-07, 1.72315978375e-07, 1.35882388008e-07, 1.17454717952e-07, 4.7476188314e-08, 3.05074792095e-08, 1.83931820885e-08, 2.09374118043e-08, 7.03175784267e-09, 3.54624796195e-09, 1.42850420382e-09, 9.16471454282e-10, 6.55646814618e-10, 3.02163127852e-10, 1.89804158501e-10, 9.8341348953e-11, 5.40013728179e-11, 2.54371194247e-11, 1.55198475599e-11, 1.28678135855e-11, 1.45499228985e-11, 1.42590644153e-11, 4.33215139109e-12, 2.3024149861e-12, 1.3791534104e-12, 9.46388366979e-13, 1.10310892365e-12, 1.47545441576e-12], "max": [0.00951815210283, 0.0257727876306, 0.016742400825, 0.00672390498221, 0.00470322929323, 0.00413627643138, 0.00905722379684, 0.00609169015661, 0.00300378561951, 0.00489123351872, 0.00809556618333, 0.00998076051474, 0.00995467510074, 0.00702849961817, 0.0074542821385, 0.00711152842268, 0.003824518295, 0.00302768056281, 0.00179336767178, 0.00221280194819, 0.00108943448868, 0.00205622869544, 0.00104425975587, 0.000732104759663, 0.000435739202658, 0.000277960061794, 0.000264418893494, 0.000139760435559, 0.000124493002659, 5.82145294175e-05, 5.33296552021e-05, 5.17242406204e-05, 0.000150117441081, 0.000114046073577, 5.89271839999e-05, 3.72776885342e-05, 2.36310497712e-05, 1.34608408189e-05, 2.81136799458e-05, 2.88175069727e-05], "mean": [0.000370547146304, 0.000815924082417, 0.000587527756579, 0.000258672691416, 0.000166832251125, 0.000123519988847, 0.000140468138852, 0.000128325496917, 7.15344576747e-05, 0.00012321981194, 0.000173310560058, 0.000224658680963, 0.000348910078174, 0.000178232978215, 0.000145124649862, 0.000163740725839, 0.000110432185465, 7.27386868675e-05, 5.6836521253e-05, 6.17461919319e-05, 3.71625101252e-05, 2.84563739115e-05, 2.25693765969e-05, 1.76082994585e-05, 1.51715657921e-05, 1.02616049844e-05, 8.23866139399e-06, 6.55933035887e-06, 4.39630912297e-06, 2.60706974586e-06, 1.75487980414e-06, 1.54673080033e-06, 1.56320015776e-06, 1.37972210723e-06, 1.08442054625e-06, 7.70871849909e-07, 5.81873109695e-07, 5.10391600983e-07, 4.77815888189e-07, 4.47922843705e-07], "median": [3.65646701539e-05, 0.000145868718391, 0.000221361828153, 0.000153413871885, 0.000101337282103, 6.28015259281e-05, 5.16907966812e-05, 3.82803591492e-05, 2.04830230359e-05, 2.92038293992e-05, 3.32116869686e-05, 3.61826641893e-05, 4.8739988415e-05, 2.66595416178e-05, 1.75778586708e-05, 2.29219949688e-05, 1.99476889975e-05, 1.51852163981e-05, 1.21657458294e-05, 1.45413141581e-05, 8.19283650344e-06, 7.47078411223e-06, 7.57794805395e-06, 6.60650721329e-06, 4.51528239864e-06, 3.57619160241e-06, 2.95592735711e-06, 2.47802722697e-06, 1.6175372366e-06, 8.51196887197e-07, 5.23981498191e-07, 4.7961987093e-07, 4.98549695749e-07, 4.62868570139e-07, 3.84033398859e-07, 2.82891988945e-07, 1.90856439986e-07, 1.58136330697e-07, 1.36306823606e-07, 1.11886386378e-07], "min": [1.25247019937e-23, 1.82774480569e-23, 8.18299774254e-24, 4.59856288393e-24, 4.53308466778e-24, 5.09783216198e-24, 5.13487115363e-24, 1.02843038907e-23, 1.10385906002e-23, 8.16925578557e-24, 5.77405398513e-24, 5.5635882622e-24, 6.06505215129e-24, 6.89724676376e-24, 1.22450728909e-23, 1.70394933715e-23, 7.38530396177e-24, 1.48243877269e-23, 8.45326069981e-24, 4.70798301908e-24, 9.59863388051e-24, 4.75981473043e-24, 8.87916118051e-24, 8.72241688523e-24, 1.45956433079e-23, 1.10937793091e-23, 1.01634156902e-23, 9.88712268013e-24, 1.0094463725e-23, 9.01438377258e-24, 5.69259226375e-24, 5.28210928058e-24, 1.25446404531e-23, 1.01180727542e-23, 7.10796807762e-24, 7.75628789055e-24, 6.48611454806e-24, 9.23675182885e-24, 1.11987964171e-23, 8.07441971641e-24], "var": [9.68087761066e-07, 5.37336927664e-06, 1.74059255187e-06, 1.48198225247e-07, 5.03677917152e-08, 4.87286548889e-08, 1.43249891948e-07, 1.03607888491e-07, 2.90675785664e-08, 9.59925330335e-08, 1.95016127691e-07, 3.28782107317e-07, 6.27404688203e-07, 2.08845648331e-07, 1.74075864834e-07, 2.1333177358e-07, 6.9196453012e-08, 2.91309945055e-08, 1.51915671154e-08, 1.60484976419e-08, 6.7721965813e-09, 4.69356864485e-09, 2.33582975184e-09, 1.13109355215e-09, 1.02176722638e-09, 3.40977718283e-10, 2.27566826494e-10, 1.08602377091e-10, 5.02688689286e-11, 2.17772761629e-11, 1.27171077488e-11, 1.00560480082e-11, 1.38391156174e-11, 9.85732415831e-12, 4.09672729768e-12, 2.07783595017e-12, 1.301832123e-12, 9.56254498329e-13, 1.02019759828e-12, 9.37231412271e-13]}, "melbands_crest": {"dmean": 3.59222316742, "dmean2": 5.83683490753, "dvar": 10.4009361267, "dvar2": 26.9281101227, "max": 32.4994010925, "mean": 12.449306488, "median": 11.5542812347, "min": 1.59567725658, "var": 24.3588867188}, "melbands_flatness_db": {"dmean": 0.0248905140907, "dmean2": 0.0381718873978, "dvar": 0.000665828934871, "dvar2": 0.00166183442343, "max": 0.462844878435, "mean": 0.173662245274, "median": 0.167157813907, "min": 0.000888880575076, "var": 0.00267295632511}, "melbands_kurtosis": {"dmean": 4.53998327255, "dmean2": 7.29913711548, "dvar": 120.380561829, "dvar2": 305.004486084, "max": 255.512008667, "mean": 6.39561128616, "median": 2.24555420876, "min": -1.79816973209, "var": 172.714706421}, "melbands_skewness": {"dmean": 0.675294399261, "dmean2": 0.997441649437, "dvar": 0.650923013687, "dvar2": 1.47122037411, "max": 13.3794660568, "mean": 1.38347482681, "median": 1.09051287174, "min": -2.50387310982, "var": 2.75249242783}, "melbands_spread": {"dmean": 7.68543386459, "dmean2": 11.8570919037, "dvar": 72.2314376831, "dvar2": 166.273910522, "max": 186.627502441, "mean": 27.867149353, "median": 25.5376605988, "min": 1.19483745098, "var": 240.313446045}, "mfcc": {"cov": [[6743.33349609, -506.480377197, -553.033752441, -48.7651939392, -9.73990440369, 242.723907471, 155.115615845, 124.625511169, 104.119506836, -3.29058289528, -16.7947044373, -19.6621513367, 58.6301231384], [-506.480377197, 852.317138672, -28.6908931732, 102.817123413, -27.4042263031, -15.7293949127, 9.616314888, -17.2904052734, -48.2864570618, -0.113397911191, 17.9495258331, -10.8201637268, -28.7161102295], [-553.033752441, -28.6908931732, 997.139404297, 158.404144287, 100.223236084, 16.852273941, -65.0515213013, -11.5808153152, 44.5132217407, 23.0606956482, 49.7139472961, 57.341217041, -59.5057296753], [-48.7651939392, 102.817123413, 158.404144287, 328.672027588, 74.6753005981, -9.00129413605, -50.6707115173, -2.77572822571, 18.0888404846, 5.27563333511, 10.9257555008, 17.0666599274, 0.900246977806], [-9.73990440369, -27.4042263031, 100.223236084, 74.6753005981, 234.606323242, 39.2305221558, -1.12074625492, 9.34506702423, 24.6819648743, 13.5800209045, 13.9871616364, 9.60118579865, 8.54235935211], [242.723907471, -15.7293949127, 16.852273941, -9.00129413605, 39.2305221558, 268.581390381, 85.7872543335, -9.21475219727, 3.05368971825, -31.1957931519, 14.2558517456, -12.7012319565, 0.800094485283], [155.115615845, 9.616314888, -65.0515213013, -50.6707115173, -1.12074625492, 85.7872543335, 188.750076294, 44.4209976196, -20.8655967712, 7.19657897949, -11.3600463867, -22.164730072, 9.70290756226], [124.625511169, -17.2904052734, -11.5808153152, -2.77572822571, 9.34506702423, -9.21475219727, 44.4209976196, 121.613136292, 33.2209968567, 6.99462985992, -6.85510635376, -11.637591362, 13.5063991547], [104.119506836, -48.2864570618, 44.5132217407, 18.0888404846, 24.6819648743, 3.05368971825, -20.8655967712, 33.2209968567, 129.192596436, 26.5027980804, -5.05354166031, -1.29492735863, -4.63635540009], [-3.29058289528, -0.113397911191, 23.0606956482, 5.27563333511, 13.5800209045, -31.1957931519, 7.19657897949, 6.99462985992, 26.5027980804, 120.113334656, 21.3899688721, 5.3961224556, -7.3017077446], [-16.7947044373, 17.9495258331, 49.7139472961, 10.9257555008, 13.9871616364, 14.2558517456, -11.3600463867, -6.85510635376, -5.05354166031, 21.3899688721, 118.270233154, 44.3019065857, -3.43876767159], [-19.6621513367, -10.8201637268, 57.341217041, 17.0666599274, 9.60118579865, -12.7012319565, -22.164730072, -11.637591362, -1.29492735863, 5.3961224556, 44.3019065857, 99.2611618042, 27.1216583252], [58.6301231384, -28.7161102295, -59.5057296753, 0.900246977806, 8.54235935211, 0.800094485283, 9.70290756226, 13.5063991547, -4.63635540009, -7.3017077446, -3.43876767159, 27.1216583252, 98.7247390747]], "icov": [[0.000176152505446, 0.000108480751805, 0.000118263196782, -7.68621684983e-05, 4.0511124098e-05, -0.000163742035511, -4.35617985204e-05, -0.0001358196605, -0.00010257971735, -2.2448522941e-05, -6.43446037429e-06, -6.4522086177e-05, 3.06326946884e-05], [0.000108480751805, 0.00136979261879, 0.000171670733835, -0.000605720095336, 0.000239892440732, 6.45520776743e-06, -0.000248118507443, 6.82208838043e-06, 0.000373585760826, -2.68327075901e-05, -0.000269492767984, 0.000110230255814, 0.000421538541559], [0.000118263196782, 0.000171670733835, 0.00133012305014, -0.000531938159838, -0.000287444941932, -0.000273676967481, 0.000195235494175, -0.000186508303159, -0.000227980970521, -0.000101332982013, -8.18375337985e-05, -0.000864307628945, 0.00103608286008], [-7.68621684983e-05, -0.000605720095336, -0.000531938159838, 0.00387322576717, -0.00104672100861, 1.71252322616e-05, 0.000983330886811, -0.000159588846145, -0.000129539475893, -2.2924696168e-05, 0.000173490378074, -9.12030300242e-05, -0.000447541911853], [4.0511124098e-05, 0.000239892440732, -0.000287444941932, -0.00104672100861, 0.00501759257168, -0.000837212312035, 4.96644170198e-05, -0.00030790749588, -0.000467482430395, -0.000553436984774, -0.000285640155198, 7.8854864114e-05, -0.000602619780693], [-0.000163742035511, 6.45520776743e-06, -0.000273676967481, 1.71252322616e-05, -0.000837212312035, 0.00545268319547, -0.00308271171525, 0.00201081624255, -0.00124536373187, 0.00210199854337, -0.0014825083781, 0.0010497631738, -0.00025291313068], [-4.35617985204e-05, -0.000248118507443, 0.000195235494175, 0.000983330886811, 4.96644170198e-05, -0.00308271171525, 0.00845324154943, -0.00371202570386, 0.00256219529547, -0.0019831135869, 0.00109656492714, 0.000486205361085, -0.000361591402907], [-0.0001358196605, 6.82208838043e-06, -0.000186508303159, -0.000159588846145, -0.00030790749588, 0.00201081624255, -0.00371202570386, 0.0110789239407, -0.00350407580845, 0.000914013828151, -0.000815867329948, 0.00160929327831, -0.00173631950747], [-0.00010257971735, 0.000373585760826, -0.000227980970521, -0.000129539475893, -0.000467482430395, -0.00124536373187, 0.00256219529547, -0.00350407580845, 0.0100959902629, -0.00257753976621, 0.00131156772841, -0.000288715673378, 0.000719960662536], [-2.2448522941e-05, -2.68327075901e-05, -0.000101332982013, -2.2924696168e-05, -0.000553436984774, 0.00210199854337, -0.0019831135869, 0.000914013828151, -0.00257753976621, 0.0100150005892, -0.00232586823404, 0.000370158260921, 0.000482330564409], [-6.43446037429e-06, -0.000269492767984, -8.18375337985e-05, 0.000173490378074, -0.000285640155198, -0.0014825083781, 0.00109656492714, -0.000815867329948, 0.00131156772841, -0.00232586823404, 0.011332555674, -0.00540027208626, 0.00168296892662], [-6.4522086177e-05, 0.000110230255814, -0.000864307628945, -9.12030300242e-05, 7.8854864114e-05, 0.0010497631738, 0.000486205361085, 0.00160929327831, -0.000288715673378, 0.000370158260921, -0.00540027208626, 0.0147543456405, -0.0049606221728], [3.06326946884e-05, 0.000421538541559, 0.00103608286008, -0.000447541911853, -0.000602619780693, -0.00025291313068, -0.000361591402907, -0.00173631950747, 0.000719960662536, 0.000482330564409, 0.00168296892662, -0.0049606221728, 0.0126803293824]], "mean": [-664.970825195, 116.871185303, -22.1472511292, 11.5298585892, 3.93149352074, 5.21944665909, 3.1232380867, 2.83704090118, -6.51059579849, -2.12254834175, -7.37640762329, -5.90248680115, -1.19295489788]}, "pitch_salience": {"dmean": 0.0740870460868, "dmean2": 0.119094878435, "dvar": 0.00491300644353, "dvar2": 0.0123400958255, "max": 0.960202336311, "mean": 0.565977871418, "median": 0.572604000568, "min": 0.103624492884, "var": 0.013075793162}, "silence_rate_20dB": {"dmean": 0, "dmean2": 0, "dvar": 0, "dvar2": 0, "max": 1, "mean": 1, "median": 1, "min": 1, "var": 0}, "silence_rate_30dB": {"dmean": 0, "dmean2": 0, "dvar": 0, "dvar2": 0, "max": 1, "mean": 1, "median": 1, "min": 1, "var": 0}, "silence_rate_60dB": {"dmean": 0.0625964328647, "dmean2": 0.125206664205, "dvar": 0.0586715489626, "dvar2": 0.126501396298, "max": 1, "mean": 0.129476577044, "median": 0, "min": 0, "var": 0.112719401717}, "spectral_centroid": {"dmean": 224.312835693, "dmean2": 346.01184082, "dvar": 64059.2109375, "dvar2": 136746.125, "max": 10924.0068359, "mean": 1493.04431152, "median": 1496.97387695, "min": 230.605941772, "var": 293379.65625}, "spectral_complexity": {"dmean": 3.69473218918, "dmean2": 5.2414855957, "dvar": 20.4068012238, "dvar2": 32.9213142395, "max": 55, "mean": 16.9856758118, "median": 15, "min": 0, "var": 104.990486145}, "spectral_contrast_coeffs": {"dmean": [0.0504026785493, 0.0467620193958, 0.0440038479865, 0.0357909537852, 0.0253543816507, 0.0190342254937], "dmean2": [0.082142315805, 0.0762125775218, 0.0676002949476, 0.0547778643668, 0.0388000048697, 0.0281244441867], "dvar": [0.00184880185407, 0.00147755013313, 0.00137488427572, 0.000905367021915, 0.000501581293065, 0.000286706897896], "dvar2": [0.00477862590924, 0.00378580437973, 0.00307014188729, 0.00197018054314, 0.00103728706017, 0.000601801672019], "max": [-0.30521723628, -0.416592687368, -0.398599117994, -0.503198981285, -0.540724396706, -0.62212318182], "mean": [-0.635808050632, -0.746781587601, -0.729911923409, -0.749178946018, -0.775162279606, -0.777439892292], "median": [-0.635886192322, -0.753668606281, -0.740063011646, -0.757236421108, -0.783920347691, -0.776335895061], "min": [-0.969684660435, -0.971978247166, -0.982187211514, -0.971356034279, -0.974259793758, -0.957359910011], "var": [0.00540217384696, 0.00489564286545, 0.00818293076009, 0.00556171126664, 0.0032018518541, 0.0017364018131]}, "spectral_contrast_valleys": {"dmean": [0.481993764639, 0.407676488161, 0.364146143198, 0.329028308392, 0.31870663166, 0.389977902174], "dmean2": [0.743907511234, 0.636825919151, 0.553084135056, 0.473760962486, 0.429897099733, 0.457076400518], "dvar": [0.225868523121, 0.144873902202, 0.12448348105, 0.117526039481, 0.131801486015, 0.182236969471], "dvar2": [0.44042289257, 0.297164052725, 0.23391726613, 0.18879891932, 0.201380237937, 0.255025327206], "max": [-5.38686752319, -4.80624818802, -5.18615341187, -5.38130474091, -5.68430566788, -8.22770500183], "mean": [-7.96453952789, -7.21795606613, -7.45065355301, -7.68639278412, -7.79316806793, -10.4636287689], "median": [-7.95827722549, -7.1206946373, -7.38891983032, -7.64470720291, -7.72909641266, -10.3576622009], "min": [-27.1797904968, -26.8008079529, -27.2549629211, -27.5069789886, -27.2919216156, -27.4322547913], "var": [1.27680492401, 0.966769635677, 0.980443060398, 1.04236161709, 1.0646198988, 1.26779210567]}, "spectral_decrease": {"dmean": 1.94648741569e-09, "dmean2": 2.84550472074e-09, "dvar": 9.29953171451e-18, "dvar2": 2.07346022339e-17, "max": -8.04613387163e-29, "mean": -4.63069582679e-09, "median": -3.03072411612e-09, "min": -3.00614324544e-08, "var": 2.10493924335e-17}, "spectral_energy": {"dmean": 0.00792279280722, "dmean2": 0.0114699471742, "dvar": 0.00014789274428, "dvar2": 0.000323173560901, "max": 0.11730479449, "mean": 0.0194929465652, "median": 0.0128735350445, "min": 1.10194763616e-20, "var": 0.000363806058886}, "spectral_energyband_high": {"dmean": 0.000301571650198, "dmean2": 0.000403730751714, "dvar": 3.09733053427e-07, "dvar2": 5.4673574823e-07, "max": 0.00947203487158, "mean": 0.000552461016923, "median": 0.000242519701715, "min": 7.56534864597e-21, "var": 6.65391894472e-07}, "spectral_energyband_low": {"dmean": 0.00386467459612, "dmean2": 0.00620451988652, "dvar": 9.135309665e-05, "dvar2": 0.00023115859949, "max": 0.0943994298577, "mean": 0.0038559010718, "median": 0.000876282691024, "min": 8.96748046974e-23, "var": 8.5542909801e-05}, "spectral_energyband_middle_high": {"dmean": 0.00330361281522, "dmean2": 0.00470183603466, "dvar": 2.42916958086e-05, "dvar2": 5.04797390022e-05, "max": 0.0815505832434, "mean": 0.0105542130768, "median": 0.0049126711674, "min": 1.78526861549e-21, "var": 0.00016167711874}, "spectral_energyband_middle_low": {"dmean": 0.00276205898263, "dmean2": 0.00420063454658, "dvar": 2.48386786552e-05, "dvar2": 5.60005646548e-05, "max": 0.0617087967694, "mean": 0.00540115963668, "median": 0.00330252572894, "min": 2.43866794166e-22, "var": 4.06501931138e-05}, "spectral_entropy": {"dmean": 0.174605771899, "dmean2": 0.235108420253, "dvar": 0.0310942903161, "dvar2": 0.0562754794955, "max": 9.78101348877, "mean": 7.52880525589, "median": 7.53370523453, "min": 5.99379205704, "var": 0.166787236929}, "spectral_flux": {"dmean": 0.0281870979816, "dmean2": 0.0423157550395, "dvar": 0.000987897044979, "dvar2": 0.00221590232104, "max": 0.29828619957, "mean": 0.0844889357686, "median": 0.0733503848314, "min": 1.06186573423e-10, "var": 0.0029795744922}, "spectral_kurtosis": {"dmean": 1.77670443058, "dmean2": 2.9257581234, "dvar": 4.1495552063, "dvar2": 11.6242828369, "max": 32.4773178101, "mean": 5.97400283813, "median": 5.44753789902, "min": -1.32133352757, "var": 9.90809440613}, "spectral_rms": {"dmean": 0.000810804544017, "dmean2": 0.00110590679105, "dvar": 1.02319802409e-06, "dvar2": 1.99320106731e-06, "max": 0.0106978360564, "mean": 0.00386008387432, "median": 0.00354394502938, "min": 3.27882729648e-12, "var": 4.11721566707e-06}, "spectral_rolloff": {"dmean": 446.046691895, "dmean2": 738.677734375, "dvar": 816357.25, "dvar2": 1820113.5, "max": 18884.6191406, "mean": 1771.4921875, "median": 1614.99023438, "min": 107.666015625, "var": 1763715}, "spectral_skewness": {"dmean": 0.224239960313, "dmean2": 0.350422412157, "dvar": 0.0468319132924, "dvar2": 0.118388019502, "max": 4.45239496231, "mean": 1.75074028969, "median": 1.73328149319, "min": -0.0289687439799, "var": 0.173836827278}, "spectral_spread": {"dmean": 683640.875, "dmean2": 888512.0625, "dvar": 1030300631040.0, "dvar2": 1516159631360.0, "max": 50961564, "mean": 431293