{"lowlevel": {"average_loudness": 0.812779545784, "barkbands": {"dmean": [3.24826905853e-05, 0.00144802802242, 0.00145917152986, 0.00186145014595, 0.00165570829995, 0.00100065895822, 0.000783309806138, 0.000569064693991, 0.00115253729746, 0.000632916402537, 0.000504919618834, 0.000402888515964, 0.000576896418352, 0.000497902859934, 0.000422334647737, 0.000495944812428, 0.000238312335568, 0.000168071012013, 0.000169011487742, 0.000194915322936, 0.000105299790448, 3.41343948094e-05, 2.16915159399e-05, 1.57189369929e-05, 8.46725743031e-06, 5.06626611241e-06, 1.96796327145e-06], "dmean2": [4.2797637434e-05, 0.00247233035043, 0.00247079669498, 0.00311027909629, 0.00276127457619, 0.00158447516151, 0.00128839211538, 0.000920114922337, 0.00182592857163, 0.001001038705, 0.000807133037597, 0.000649324560072, 0.00092783884611, 0.000796697335318, 0.000669873843435, 0.000797383370809, 0.000388755404856, 0.000273116573226, 0.000270451884717, 0.000312603253406, 0.000167011647136, 5.26028743479e-05, 3.24081884173e-05, 2.26602969633e-05, 1.18796106108e-05, 7.28617851564e-06, 2.99123053082e-06], "dvar": [3.85319021134e-09, 1.19615706353e-05, 9.09399841476e-06, 1.10098171717e-05, 7.49365790398e-06, 3.31418937094e-06, 2.64946584139e-06, 1.36969720188e-06, 5.89606543144e-06, 2.46309309659e-06, 2.19026151171e-06, 9.46244256284e-07, 2.09762106351e-06, 1.18225443657e-06, 9.79390165412e-07, 2.07755192605e-06, 5.09773371959e-07, 9.88744375263e-08, 7.46652375483e-08, 1.01919404472e-07, 2.15586517527e-08, 4.0578242988e-09, 2.19279305824e-09, 1.90113746967e-09, 3.46967066189e-10, 1.3622838968e-10, 4.1386304106e-11], "dvar2": [6.92233781407e-09, 3.14824319503e-05, 2.30015939451e-05, 2.94228375424e-05, 2.02520750463e-05, 7.64962260291e-06, 6.48234890832e-06, 3.3324351989e-06, 1.43409106386e-05, 6.02390673521e-06, 5.73022862227e-06, 2.41265911427e-06, 5.36960715181e-06, 3.07258187604e-06, 2.32774982578e-06, 5.2110121942e-06, 1.34207380142e-06, 2.45359132123e-07, 1.79936492373e-07, 2.57950233618e-07, 5.23986365408e-08, 9.68762758902e-09, 4.67881333677e-09, 3.99727673184e-09, 6.8677319387e-10, 3.09376635421e-10, 8.96465679467e-11], "max": [0.000720882730093, 0.0412687212229, 0.0927104055882, 0.0487090721726, 0.0468526035547, 0.0338292382658, 0.0272245388478, 0.033798288554, 0.0552438162267, 0.0354821607471, 0.030864501372, 0.0305816158652, 0.0310190692544, 0.0238531399518, 0.0295839067549, 0.0407516695559, 0.0322344303131, 0.012189315632, 0.006389957387, 0.0107401842251, 0.00342687335797, 0.0022878786549, 0.00202102423646, 0.00169854180422, 0.000563739798963, 0.000244247785304, 0.000135379668791], "mean": [4.0072871343e-05, 0.00144720275421, 0.00192492408678, 0.00268595223315, 0.00302387471311, 0.00148807000369, 0.00110393413343, 0.000859674648382, 0.00183226179797, 0.00100136280525, 0.000744434131775, 0.00062997470377, 0.000930761860218, 0.000837609579321, 0.000713311659638, 0.00087191502098, 0.000438218005002, 0.000344510772265, 0.000376066076569, 0.00047647554311, 0.000265226059128, 8.99849401321e-05, 6.16013639956e-05, 4.1663482989e-05, 2.15049312828e-05, 8.96615711099e-06, 2.20957872443e-06], "median": [4.20953938374e-06, 0.00038563873386, 0.000988466665149, 0.00172891491093, 0.00229967734776, 0.000720663694665, 0.000555317150429, 0.000428373517934, 0.000865270616487, 0.000398893258534, 0.000220798276132, 0.000271408061963, 0.000369369488908, 0.000356214673957, 0.000312262447551, 0.000413999776356, 0.00025987328263, 0.000225343115744, 0.000216851272853, 0.000328154128511, 0.00018657851615, 4.84600786876e-05, 2.95744393952e-05, 1.7116921299e-05, 8.82243512024e-06, 2.97754468193e-06, 9.59721688787e-08], "min": [1.94007370766e-23, 1.46310252972e-23, 2.30108438356e-23, 1.32125295385e-23, 2.01320568897e-23, 7.44132870548e-23, 9.9232592938e-23, 5.33146404757e-23, 1.53667428521e-22, 5.14342485132e-23, 5.33737040694e-23, 1.24468669815e-22, 9.75241158547e-23, 1.09623140615e-22, 1.90132265118e-22, 7.85733418831e-23, 2.12245083899e-22, 2.72434363174e-22, 2.2116100442e-22, 2.89140442906e-22, 3.58870445782e-22, 5.45596295916e-22, 4.46315588774e-22, 9.39729783416e-22, 1.27370355184e-21, 1.48074801027e-21, 2.86339353079e-21], "var": [6.65278498957e-09, 1.06390116343e-05, 1.38546420203e-05, 1.20601343951e-05, 9.73114583758e-06, 5.3299809224e-06, 3.52600750375e-06, 2.14092165152e-06, 9.74694557954e-06, 4.61588979306e-06, 3.91778439734e-06, 1.53745315856e-06, 3.98736256102e-06, 2.29571196542e-06, 1.91702224583e-06, 3.82834105039e-06, 6.21284357294e-07, 2.08929961332e-07, 2.07144893238e-07, 2.70609604058e-07, 7.07233951402e-08, 1.69226339608e-08, 1.43517322471e-08, 9.30772259267e-09, 1.76375969385e-09, 2.97933816507e-10, 5.86018941706e-11]}, "barkbands_crest": {"dmean": 2.1355035305, "dmean2": 3.5610601902, "dvar": 3.99495768547, "dvar2": 10.6977720261, "max": 25.5618953705, "mean": 7.63965129852, "median": 6.98065662384, "min": 2.17740917206, "var": 9.93775939941}, "barkbands_flatness_db": {"dmean": 0.0166058540344, "dmean2": 0.0255547743291, "dvar": 0.000259045569692, "dvar2": 0.000617778336164, "max": 0.330211490393, "mean": 0.116370715201, "median": 0.10911064595, "min": 0.0319705754519, "var": 0.00159599538893}, "barkbands_kurtosis": {"dmean": 1.37201118469, "dmean2": 2.22574114799, "dvar": 6.97878932953, "dvar2": 17.1635532379, "max": 86.7392730713, "mean": 1.35257339478, "median": 0.292719185352, "min": -1.87429797649, "var": 23.2994346619}, "barkbands_skewness": {"dmean": 0.412884443998, "dmean2": 0.650817334652, "dvar": 0.17763158679, "dvar2": 0.426308214664, "max": 7.51673269272, "mean": 0.947209835052, "median": 0.961375355721, "min": -8.24818992615, "var": 0.955515921116}, "barkbands_spread": {"dmean": 4.27604579926, "dmean2": 6.6963763237, "dvar": 18.6632633209, "dvar2": 43.806022644, "max": 124.751701355, "mean": 24.2370834351, "median": 22.8641452789, "min": 1.12024819851, "var": 117.55493927}, "dissonance": {"dmean": 0.0123537946492, "dmean2": 0.0208898298442, "dvar": 0.000156459893333, "dvar2": 0.000426896556746, "max": 0.5, "mean": 0.477276027203, "median": 0.481646895409, "min": 0.319453090429, "var": 0.000324852066115}, "dynamic_complexity": 2.82723808289, "erbbands": {"dmean": [0.0340459644794, 0.371539592743, 1.37244749069, 4.05410575867, 6.80449151993, 5.24964284897, 7.20860147476, 7.49274587631, 8.18314170837, 12.1639442444, 14.9137544632, 25.9524059296, 21.2326030731, 18.0736618042, 16.3997955322, 16.8373355865, 24.3703899384, 21.8787097931, 22.1486644745, 20.9626922607, 25.2831840515, 12.1141347885, 8.76439380646, 9.00922775269, 7.89578485489, 9.76940917969, 5.9122171402, 2.77215623856, 1.31826341152, 0.928100526333, 0.560214042664, 0.420813173056, 0.225926965475, 0.110541328788, 0.0558966882527, 0.0248722061515, 0.00897780340165, 0.0023343055509, 0.000350024522049, 2.08010005736e-05], "dmean2": [0.0529468618333, 0.653211355209, 2.33560085297, 6.79932022095, 11.2719554901, 8.79058551788, 11.6903924942, 12.1628732681, 13.4302949905, 19.7138824463, 23.5833702087, 41.6930618286, 33.5497589111, 28.5301322937, 26.0965480804, 26.7292747498, 38.7881164551, 34.781463623, 35.1797294617, 32.9311904907, 40.3289871216, 19.529499054, 14.0928869247, 14.5035543442, 12.684595108, 15.7473554611, 9.41719245911, 4.33085012436, 2.04641962051, 1.4397149086, 0.827740132809, 0.624451160431, 0.327298939228, 0.158024549484, 0.0812045112252, 0.0355983637273, 0.0133591229096, 0.00356455170549, 0.000526128220372, 3.1318537367e-05], "dvar": [0.00595566630363, 0.812742590904, 8.73874473572, 40.5509033203, 183.303848267, 72.1968383789, 181.054214478, 224.346420288, 276.33190918, 580.76751709, 939.639465332, 3388.53198242, 2549.18066406, 2103.64355469, 2641.06518555, 1599.29541016, 3608.35888672, 2611.80297852, 2480.98583984, 2283.25732422, 6905.50146484, 851.384399414, 296.422546387, 252.237640381, 157.554946899, 306.321594238, 64.5593948364, 18.2257080078, 6.92557668686, 3.64910793304, 1.65238595009, 1.4410841465, 0.392904579639, 0.0701826810837, 0.0142135173082, 0.00289514358155, 0.000501033791807, 4.16921575379e-05, 1.33831144922e-06, 2.95078472767e-09], "dvar2": [0.0136528769508, 2.21411108971, 22.1985149384, 109.553939819, 485.57989502, 199.658203125, 442.196746826, 554.151550293, 684.651611328, 1419.8104248, 2233.41186523, 8473.91601563, 6200.27929688, 5246.77392578, 7224.34912109, 3918.57006836, 9181.86816406, 6538.99023438, 6219.03417969, 4844.77734375, 17116.0878906, 2186.57299805, 723.134338379, 605.114318848, 396.078887939, 778.925476074, 158.30456543, 42.4840202332, 18.1988925934, 9.18857765198, 3.43658614159, 3.18672847748, 0.837460398674, 0.139866024256, 0.030247123912, 0.00623184628785, 0.00119601981714, 9.64120699791e-05, 2.84974703391e-06, 6.51956799658e-09], "max": [1.05821478367, 10.3752212524, 82.0406036377, 81.0944137573, 213.628295898, 206.9740448, 368.180938721, 300.555786133, 432.933227539, 427.677764893, 824.900634766, 1298.72058105, 1242.16162109, 1194.04589844, 1563.77978516, 1177.93164063, 1174.83215332, 1317.04455566, 1403.1171875, 1467.26538086, 2768.73583984, 1259.91674805, 778.357543945, 413.826446533, 258.259765625, 567.334472656, 223.148529053, 94.2678985596, 107.876182556, 84.9707870483, 57.0568008423, 50.7537307739, 24.4285984039, 9.30328845978, 3.87446451187, 1.59221935272, 0.453297823668, 0.103537499905, 0.0227530542761, 0.00176468247082], "mean": [0.0372298210859, 0.359126359224, 1.83703243732, 6.10630941391, 11.1996793747, 9.26137638092, 10.3402080536, 11.0606737137, 12.3618354797, 18.61195755, 24.4146156311, 40.1152534485, 36.0459289551, 30.42669487, 26.2852497101, 29.0267963409, 41.8128166199, 40.3490104675, 40.8911399841, 40.4441070557, 45.9764823914, 25.0611839294, 19.0398540497, 19.9311294556, 18.8424987793, 23.1600170135, 15.380616188, 7.10501384735, 3.42139625549, 2.46433949471, 1.59121203423, 1.10813033581, 0.566444218159, 0.277861177921, 0.132712572813, 0.051529917866, 0.0137613043189, 0.00299378717318, 0.00041004101513, 4.14609421568e-05], "median": [0.00558380782604, 0.117080613971, 0.935017168522, 4.08453941345, 7.79110145569, 6.91513824463, 5.42475032806, 5.29321241379, 6.88901424408, 9.94564437866, 13.1603679657, 19.1726531982, 15.8308601379, 12.2441387177, 9.23653793335, 12.7819099426, 17.3501434326, 17.5776329041, 19.7320175171, 19.7458190918, 22.551240921, 15.3695306778, 12.5185518265, 12.632478714, 11.1633071899, 15.7531795502, 11.3163900375, 4.41311073303, 1.83537590504, 1.28949546814, 0.738440871239, 0.466079115868, 0.222604364157, 0.114064663649, 0.0527053922415, 0.0194503590465, 0.0039564082399, 0.000512408325449, 2.99390449072e-05, 2.6563564461e-05], "min": [3.62063047907e-22, 3.94125147032e-21, 1.60382598268e-20, 5.3947630645e-20, 3.31327032799e-20, 9.73091524445e-20, 2.54626044879e-19, 7.68189348289e-19, 1.10731670073e-18, 1.4434047331e-18, 1.37246696454e-18, 2.50860449896e-18, 2.82526640145e-18, 1.99053962696e-18, 3.25087212651e-18, 5.71375793943e-18, 4.00521886574e-18, 5.66937101417e-18, 9.8047421998e-18, 5.80892837762e-18, 6.38433795918e-18, 1.25942392436e-17, 1.31498597698e-17, 1.6311316774e-17, 9.27101549008e-18, 1.40664627425e-17, 1.29375498035e-17, 1.57170983461e-17, 1.638265283e-17, 1.64781690297e-17, 1.51489940101e-17, 2.00439312378e-17, 1.48864617729e-17, 1.05268783192e-17, 1.00119939566e-17, 5.14473915528e-18, 2.7783743597e-18, 1.57856232288e-18, 4.83272569765e-19, 3.75256236375e-20], "var": [0.00701324082911, 0.662278592587, 13.4690675735, 49.3516960144, 198.390518188, 93.824798584, 265.89855957, 333.391937256, 382.305786133, 804.163513184, 1597.35974121, 4964.93994141, 4812.76220703, 4200.38574219, 4455.02685547, 3192.59545898, 7350.35498047, 5531.32568359, 4816.38183594, 5531.88183594, 11282.0449219, 1468.43432617, 648.484436035, 580.827270508, 457.155517578, 736.783203125, 205.078720093, 66.3529434204, 24.3214111328, 16.0583934784, 10.0910282135, 6.70190906525, 1.75158953667, 0.325705528259, 0.0650559663773, 0.00945075415075, 0.000781590060797, 5.82556494919e-05, 1.95092252397e-06, 3.9196645929e-09]}, "erbbands_crest": {"dmean": 2.30042409897, "dmean2": 3.78493642807, "dvar": 5.45282697678, "dvar2": 13.8872919083, "max": 28.2061386108, "mean": 7.37967300415, "median": 6.47266674042, "min": 1.99196076393, "var": 12.6976461411}, "erbbands_flatness_db": {"dmean": 0.0163453686982, "dmean2": 0.0237178988755, "dvar": 0.000287500181003, "dvar2": 0.000582255306654, "max": 0.363315850496, "mean": 0.166332632303, "median": 0.160846084356, "min": 0.0265270359814, "var": 0.00207718764432}, "erbbands_kurtosis": {"dmean": 0.5835891366, "dmean2": 0.943503856659, "dvar": 0.811129570007, "dvar2": 1.94019627571, "max": 30.0517406464, "mean": -0.0796422213316, "median": -0.509300708771, "min": -1.71238660812, "var": 2.48945689201}, "erbbands_skewness": {"dmean": 0.277020603418, "dmean2": 0.428780943155, "dvar": 0.0668402910233, "dvar2": 0.158319085836, "max": 4.8687877655, "mean": 0.0117062740028, "median": 0.0189386252314, "min": -3.61433506012, "var": 0.360044687986}, "erbbands_spread": {"dmean": 6.20936012268, "dmean2": 9.76056098938, "dvar": 34.8388442993, "dvar2": 83.5913238525, "max": 109.465789795, "mean": 36.4050292969, "median": 36.3068695068, "min": 4.12988042831, "var": 168.313598633}, "gfcc": {"cov": [[13340.9238281, 1191.59033203, -683.550720215, 257.108001709, -463.217163086, 392.87713623, -548.160339355, -24.9581508636, -428.853546143, 14.4585943222, -244.763595581, -98.8562698364, -160.122116089], [1191.59033203, 1148.83630371, -318.123779297, 52.9643821716, 118.121276855, -202.677658081, 146.830291748, -75.1954956055, 23.5316505432, -36.9214820862, -31.4109153748, -91.8748855591, 54.7642745972], [-683.550720215, -318.123779297, 963.858520508, 27.1643886566, 47.4987182617, 115.963012695, -108.807731628, 125.626472473, -10.2909097672, -3.15416288376, -28.6151409149, 25.8387870789, -83.5547409058], [257.108001709, 52.9643821716, 27.1643886566, 230.560562134, 8.57064437866, 47.3269615173, -41.120098114, 2.98871207237, -9.39407730103, -19.8452529907, 4.02460575104, -14.6657094955, -2.22545647621], [-463.217163086, 118.121276855, 47.4987182617, 8.57064437866, 245.198303223, -38.3753089905, 105.006286621, -2.6693072319, 26.3528194427, 1.77506268024, -10.6008176804, -3.88115024567, 26.5724239349], [392.87713623, -202.677658081, 115.963012695, 47.3269615173, -38.3753089905, 253.766662598, -48.9422454834, 40.0830154419, -44.8349227905, -2.89079761505, 24.9678459167, 12.0223712921, -17.9714641571], [-548.160339355, 146.830291748, -108.807731628, -41.120098114, 105.006286621, -48.9422454834, 196.016769409, 9.5955619812, 38.3419151306, -4.54663562775, 9.36946964264, -1.55885457993, 29.7465057373], [-24.9581508636, -75.1954956055, 125.626472473, 2.98871207237, -2.6693072319, 40.0830154419, 9.5955619812, 112.837669373, 24.9981307983, 2.21212363243, -13.0927944183, 2.88867235184, -16.6183509827], [-428.853546143, 23.5316505432, -10.2909097672, -9.39407730103, 26.3528194427, -44.8349227905, 38.3419151306, 24.9981307983, 115.209068298, 37.6723976135, 6.53800153732, -1.35891497135, 20.3756999969], [14.4585943222, -36.9214820862, -3.15416288376, -19.8452529907, 1.77506268024, -2.89079761505, -4.54663562775, 2.21212363243, 37.6723976135, 84.1588668823, 29.7490520477, 17.3168869019, -2.93658852577], [-244.763595581, -31.4109153748, -28.6151409149, 4.02460575104, -10.6008176804, 24.9678459167, 9.36946964264, -13.0927944183, 6.53800153732, 29.7490520477, 91.3778533936, 38.2180290222, 6.03166151047], [-98.8562698364, -91.8748855591, 25.8387870789, -14.6657094955, -3.88115024567, 12.0223712921, -1.55885457993, 2.88867235184, -1.35891497135, 17.3168869019, 38.2180290222, 75.6652755737, 21.1509284973], [-160.122116089, 54.7642745972, -83.5547409058, -2.22545647621, 26.5724239349, -17.9714641571, 29.7465057373, -16.6183509827, 20.3756999969, -2.93658852577, 6.03166151047, 21.1509284973, 71.3709640503]], "icov": [[0.000215184743865, -0.000447844387963, 0.000283845554804, -3.96077048208e-05, 0.000121668424981, -0.000554728030693, 0.000626183347777, -0.000306208647089, 0.000568921794184, -0.000649249821436, 0.00102566101123, -0.000773465551902, 0.000593613542151], [-0.000447844387963, 0.0023095717188, -0.000458556925878, -0.000421053846367, -0.00042981421575, 0.00207420624793, -0.00197052815929, 0.000810885569081, -0.000699333497323, 0.00134370150045, -0.00250568450429, 0.00342689058743, -0.00218333862722], [0.000283845554804, -0.000458556925878, 0.002077171579, 3.86476058338e-05, -0.00100526760798, -0.00104875629768, 0.0020874789916, -0.00180573656689, 0.000343363673892, -0.000242848822381, 0.00176009093411, -0.00222730333917, 0.00264464714564], [-3.96077048208e-05, -0.000421053846367, 3.86476058338e-05, 0.00529404636472, -0.00102319743019, -0.00103802396916, 0.00196247454733, -0.000370402412955, -0.000854296144098, 0.00188151374459, -0.00151318905409, 0.000986498780549, -0.00018322460528], [0.000121668424981, -0.00042981421575, -0.00100526760798, -0.00102319743019, 0.00654193386436, -1.79134676728e-05, -0.00369170750491, 0.00125984661281, 0.000592590775341, -0.00184389820788, 0.00193821184803, -0.000105067476397, -0.00159188359976], [-0.000554728030693, 0.00207420624793, -0.00104875629768, -0.00103802396916, -1.79134676728e-05, 0.00749085796997, -0.00148503843229, -0.00163145770784, 0.0016459254548, 0.00107806385495, -0.00514167547226, 0.0040535419248, -0.00315659726039], [0.000626183347777, -0.00197052815929, 0.0020874789916, 0.00196247454733, -0.00369170750491, -0.00148503843229, 0.0114824939519, -0.00370565825142, -0.000256410072325, 0.000795709318481, 0.000471303996164, -0.00233544036746, 0.00153206591494], [-0.000306208647089, 0.000810885569081, -0.00180573656689, -0.000370402412955, 0.00125984661281, -0.00163145770784, -0.00370565825142, 0.0140453493223, -0.00528776273131, 0.00155586190522, 0.00217957980931, -0.00135143962689, 0.00229017599486], [0.000568921794184, -0.000699333497323, 0.000343363673892, -0.000854296144098, 0.000592590775341, 0.0016459254548, -0.000256410072325, -0.00528776273131, 0.0163130667061, -0.0088623361662, 0.00127421203069, 0.00254773534834, -0.00462677422911], [-0.000649249821436, 0.00134370150045, -0.000242848822381, 0.00188151374459, -0.00184389820788, 0.00107806385495, 0.000795709318481, 0.00155586190522, -0.0088623361662, 0.0199560988694, -0.00754281599075, -0.000683990481775, 0.00246668071486], [0.00102566101123, -0.00250568450429, 0.00176009093411, -0.00151318905409, 0.00193821184803, -0.00514167547226, 0.000471303996164, 0.00217957980931, 0.00127421203069, -0.00754281599075, 0.0228264648467, -0.013163888827, 0.00582979666069], [-0.000773465551902, 0.00342689058743, -0.00222730333917, 0.000986498780549, -0.000105067476397, 0.0040535419248, -0.00233544036746, -0.00135143962689, 0.00254773534834, -0.000683990481775, -0.013163888827, 0.0271315164864, -0.0129065243527], [0.000593613542151, -0.00218333862722, 0.00264464714564, -0.00018322460528, -0.00159188359976, -0.00315659726039, 0.00153206591494, 0.00229017599486, -0.00462677422911, 0.00246668071486, 0.00582979666069, -0.0129065243527, 0.0245559327304]], "mean": [-7.42075586319, 98.6855697632, -143.79914856, 35.1654930115, -56.1033363342, 0.240493953228, -33.0958900452, 1.0883026123, -27.7322483063, 0.10391253978, -23.8526706696, -11.2668075562, -11.1024684906]}, "hfc": {"dmean": 4.96724224091, "dmean2": 7.12355041504, "dvar": 44.7885971069, "dvar2": 94.856048584, "max": 130.561447144, "mean": 20.4786739349, "median": 15.505191803, "min": 1.25813324136e-16, "var": 264.6355896}, "melbands": {"dmean": [0.000355242402293, 0.000634141557384, 0.000777539331466, 0.000435326917795, 0.000220394547796, 0.000170959843672, 0.000139676849358, 0.000130402811919, 0.000137494556839, 0.000167184247402, 0.000107836720417, 7.59448957979e-05, 6.07225811109e-05, 3.93017144233e-05, 6.53577008052e-05, 5.16276450071e-05, 4.46550438937e-05, 4.07215557061e-05, 3.28079659084e-05, 3.28941059706e-05, 3.03800970869e-05, 1.51342956087e-05, 9.09216396394e-06, 8.57840132085e-06, 8.12169491837e-06, 6.86625662638e-06, 6.82717109157e-06, 7.18342425898e-06, 4.37570588474e-06, 3.18616093864e-06, 1.32629156724e-06, 8.72839621024e-07, 6.15541637217e-07, 5.53899837996e-07, 3.67100938092e-07, 2.9743037544e-07, 2.70126861324e-07, 1.95639728418e-07, 1.19853396541e-07, 9.19998583981e-08], "dmean2": [0.000585944333579, 0.00108379602898, 0.00129493081477, 0.000723676814232, 0.000357181590516, 0.000274610152701, 0.000229610130191, 0.000209684047149, 0.000215972439037, 0.000268887466518, 0.000170745581272, 0.000120236814837, 9.64477585512e-05, 6.34059906588e-05, 0.000104054066469, 8.25627357699e-05, 7.1433642006e-05, 6.51321824989e-05, 5.23048511241e-05, 5.21668844158e-05, 4.87746110593e-05, 2.48078013101e-05, 1.45100038935e-05, 1.41235614137e-05, 1.3177245819e-05, 1.10857445179e-05, 1.11297867988e-05, 1.16828832688e-05, 7.07906610842e-06, 5.10086783834e-06, 2.10165831049e-06, 1.3967750192e-06, 9.55858581619e-07, 8.87468104338e-07, 5.62164416351e-07, 4.54471148714e-07, 4.09495726217e-07, 2.95065490263e-07, 1.74767237127e-07, 1.36944152018e-07], "dvar": [6.93975607646e-07, 1.85134786079e-06, 1.7299458932e-06, 5.59095667541e-07, 1.44130098079e-07, 1.04994171579e-07, 7.84712881341e-08, 6.01336793693e-08, 8.65593179356e-08, 1.4082961286e-07, 6.66021904294e-08, 3.5845616253e-08, 3.30869376342e-08, 9.31922894409e-09, 3.45832553705e-08, 1.78952657137e-08, 1.1534167399e-08, 8.19207457425e-09, 5.7124389663e-09, 6.06343597553e-09, 1.22629666421e-08, 1.91377114156e-09, 3.86411957987e-10, 2.59811977488e-10, 2.14194023629e-10, 1.36938863027e-10, 1.26409729906e-10, 1.7833064192e-10, 3.80970290037e-11, 2.1497385469e-11, 4.86030443322e-12, 2.72843314782e-12, 1.58204092188e-12, 1.50514583436e-12, 6.79921993273e-13, 6.40752154026e-13, 6.54324630502e-13, 3.37167061848e-13, 1.03814079186e-13, 4.53287987657e-14], "dvar2": [1.75028640115e-06, 4.82472887597e-06, 4.62050184069e-06, 1.49417439843e-06, 3.53341306436e-07, 2.53880699574e-07, 1.9310456878e-07, 1.45592608192e-07, 2.02298622298e-07, 3.50157023377e-07, 1.62430666251e-07, 8.9381693158e-08, 8.79032810985e-08, 2.45483153805e-08, 8.43568130904e-08, 4.53647288623e-08, 2.95129680694e-08, 2.08556603098e-08, 1.34162263521e-08, 1.49316541354e-08, 2.99882607635e-08, 4.94042318167e-09, 8.67526772641e-10, 6.55458687326e-10, 5.14436937493e-10, 3.39442834951e-10, 3.31926208741e-10, 4.54673326766e-10, 9.15346617947e-11, 5.28496968411e-11, 1.17516248468e-11, 7.33318614166e-12, 3.75075751707e-12, 4.10462809575e-12, 1.52124189981e-12, 1.48144799379e-12, 1.51745922685e-12, 7.98241138987e-13, 2.06627412663e-13, 1.00245278658e-13], "max": [0.0110036851838, 0.0302365962416, 0.0189640894532, 0.0119748031721, 0.0105715813115, 0.00582419522107, 0.00560871046036, 0.00427421787754, 0.00688584614545, 0.00867653638124, 0.00630962848663, 0.00509632518515, 0.00477541517466, 0.00312704290263, 0.00593237299472, 0.00386051111855, 0.00265542278066, 0.00211836211383, 0.00210564048029, 0.00240017240867, 0.00385162280872, 0.00199233111925, 0.000761257833801, 0.000612858973909, 0.00040480674943, 0.000224236500799, 0.000349145353539, 0.000498508743476, 0.000248631084105, 0.000102931495348, 5.4050477047e-05, 5.76377715333e-05, 5.35221624887e-05, 5.37610467291e-05, 3.13253185595e-05, 3.25836590491e-05, 3.39662146871e-05, 2.16634216486e-05, 9.87454313872e-06, 6.88130421622e-06], "mean": [0.000365097046597, 0.000797816494014, 0.0012354151113, 0.000781983835623, 0.000346042012097, 0.000256022118265, 0.000206077704206, 0.000203560310183, 0.000218684057472, 0.0002572555386, 0.000177449488547, 0.000121961013065, 9.21980463318e-05, 6.38661877019e-05, 9.95166628854e-05, 8.48922645673e-05, 7.50246836105e-05, 6.80568700773e-05, 5.45015391253e-05, 5.85148118262e-05, 5.14043167641e-05, 2.71327662631e-05, 1.71900283021e-05, 1.69324939634e-05, 1.60792933457e-05, 1.38313625939e-05, 1.43746356116e-05, 1.56374608196e-05, 1.01188779809e-05, 7.13736380931e-06, 3.02529952023e-06, 2.02345700018e-06, 1.43620650306e-06, 1.34104993776e-06, 9.43830627875e-07, 7.49572507175e-07, 6.33970103081e-07, 4.35076799477e-07, 2.70154117743e-07, 2.17282291715e-07], "median": [7.88648685557e-05, 0.000385144725442, 0.00087319209706, 0.000598046579398, 0.000207147386391, 0.000127326522488, 0.000111316330731, 0.000109902903205, 0.00010803026089, 0.000120319062262, 7.53015992814e-05, 4.81277602375e-05, 2.93144876196e-05, 2.78295137832e-05, 3.73250622943e-05, 3.35514487233e-05, 3.03311426251e-05, 3.10449759127e-05, 2.3493415938e-05, 2.71553872153e-05, 2.44091570494e-05, 1.55899124366e-05, 1.06222087197e-05, 1.09745524242e-05, 9.80888580671e-06, 7.39559345675e-06, 9.12812447496e-06, 1.03195116026e-05, 7.30019564799e-06, 4.7600005928e-06, 1.62706362516e-06, 1.05209073809e-06, 7.1638027066e-07, 6.92155992965e-07, 4.34168242691e-07, 3.06739252665e-07, 2.56631039974e-07, 1.62006244864e-07, 1.03188170897e-07, 8.93834624094e-08], "min": [5.16024880896e-24, 8.05405527214e-24, 7.85999233401e-24, 5.12338454999e-24, 8.553223576e-24, 1.60889775119e-23, 1.78349649311e-23, 1.48603219188e-23, 1.11897647486e-23, 1.932728466e-23, 1.45651727666e-23, 7.91427069746e-24, 8.33329546651e-24, 1.31044619054e-23, 1.60590355074e-23, 6.39054207724e-24, 1.02756556086e-23, 1.50179615713e-23, 1.28603796638e-23, 4.60157751588e-24, 8.0615462953e-24, 1.35424808673e-23, 1.25026659532e-23, 1.14112832017e-23, 1.39405022147e-23, 5.25521740675e-24, 8.68761313095e-24, 9.20583005909e-24, 7.79283029426e-24, 8.6723029185e-24, 9.42863751088e-24, 7.78968510583e-24, 1.34555752168e-23, 7.03096894238e-24, 8.74694730394e-24, 9.68797868891e-24, 1.2264854367e-23, 9.93425790808e-24, 1.0887953666e-23, 7.906446775e-24], "var": [6.84494352754e-07, 2.37849212681e-06, 1.9713927486e-06, 6.88725833697e-07, 2.2892403706e-07, 1.60266651505e-07, 1.07465012888e-07, 8.91208316034e-08, 1.5324106073e-07, 2.10139205592e-07, 1.24437548266e-07, 6.83243541744e-08, 5.83912651564e-08, 1.60395554616e-08, 5.85684993837e-08, 3.64153756038e-08, 2.18742108871e-08, 1.48462886429e-08, 1.13329541307e-08, 1.51799586234e-08, 1.73635612555e-08, 2.44333842048e-09, 7.18115567011e-10, 5.11538367221e-10, 4.36450930952e-10, 3.2797195515e-10, 2.75305389597e-10, 3.87245124855e-10, 9.86576098594e-11, 6.01328570271e-11, 1.57835012421e-11, 8.73577425675e-12, 5.31204073784e-12, 5.66366094648e-12, 3.56954158072e-12, 2.89547834494e-12, 2.37943735895e-12, 1.17880195622e-12, 3.6577154066e-13, 1.9685956424e-13]}, "melbands_crest": {"dmean": 2.96713328362, "dmean2": 4.90091657639, "dvar": 6.70001077652, "dvar2": 17.5205993652, "max": 32.0613174438, "mean": 11.4429244995, "median": 10.902431488, "min": 1.59218013287, "var": 16.6832027435}, "melbands_flatness_db": {"dmean": 0.0212573576719, "dmean2": 0.0334121510386, "dvar": 0.000445369660156, "dvar2": 0.00109869602602, "max": 0.437644928694, "mean": 0.164871126413, "median": 0.159807682037, "min": 0.00436953874305, "var": 0.00243246182799}, "melbands_kurtosis": {"dmean": 3.38380002975, "dmean2": 5.51866579056, "dvar": 30.6557121277, "dvar2": 77.8918533325, "max": 142.776443481, "mean": 5.82313776016, "median": 3.86500406265, "min": -1.78179037571, "var": 62.0481147766}, "melbands_skewness": {"dmean": 0.559542179108, "dmean2": 0.889903604984, "dvar": 0.330824285746, "dvar2": 0.817250370979, "max": 9.19665336609, "mean": 1.91531205177, "median": 1.85589170456, "min": -1.31917405128, "var": 1.1814198494}, "melbands_spread": {"dmean": 7.17141914368, "dmean2": 11.2794475555, "dvar": 67.8472137451, "dvar2": 156.877532959, "max": 215.178390503, "mean": 30.6879920959, "median": 27.4173431396, "min": 0.884689509869, "var": 321.106781006}, "mfcc": {"cov": [[7295.87792969, 581.684082031, -9.02093410492, -66.0230560303, 91.6761398315, 162.617736816, 15.1932268143, -9.57655143738, -158.037475586, 27.4433441162, -172.816299438, -98.4924621582, -152.758712769], [581.684082031, 1072.11914063, -257.599060059, 248.109466553, -66.0077590942, -16.3949356079, 36.4466552734, -29.8921298981, 102.183235168, 3.79201555252, -7.92617511749, -2.93920135498, -29.9748573303], [-9.02093410492, -257.599060059, 735.294006348, -83.2953414917, 186.534469604, -21.4718132019, -16.6345844269, 60.2732696533, -60.8301048279, 36.7410125732, 30.2898674011, 0.47957649827, -13.4229431152], [-66.0230560303, 248.109466553, -83.2953414917, 258.539215088, 16.3284130096, -11.8118505478, -2.68970656395, -11.626203537, 52.140712738, -11.8558177948, -0.00325441802852, 16.1717739105, -0.559243500233], [91.6761398315, -66.0077590942, 186.534469604, 16.3284130096, 178.599105835, 31.7785377502, 11.4424562454, 21.0602455139, -2.95727229118, 23.0389060974, -5.40253400803, 6.37851524353, -0.288804084063], [162.617736816, -16.3949356079, -21.4718132019, -11.8118505478, 31.7785377502, 115.850654602, 45.0939979553, 2.37268686295, -9.77044200897, 0.713144540787, -4.85607481003, 0.835491597652, -2.12762975693], [15.1932268143, 36.4466552734, -16.6345844269, -2.68970656395, 11.4424562454, 45.0939979553, 123.846206665, 50.2761535645, -4.416056633, -0.0615506470203, -0.762708544731, 5.10351800919, -7.50038051605], [-9.57655143738, -29.8921298981, 60.2732696533, -11.626203537, 21.0602455139, 2.37268686295, 50.2761535645, 100.250236511, 19.686290741, 11.2470083237, 0.925840616226, -3.32883381844, -6.95358896255], [-158.037475586, 102.183235168, -60.8301048279, 52.140712738, -2.95727229118, -9.77044200897, -4.416056633, 19.686290741, 115.480514526, 33.3567390442, 4.19857978821, -1.23590183258, -3.0925655365], [27.4433441162, 3.79201555252, 36.7410125732, -11.8558177948, 23.0389060974, 0.713144540787, -0.0615506470203, 11.2470083237, 33.3567390442, 78.4177780151, 25.5165634155, 1.8123575449, -8.20573711395], [-172.816299438, -7.92617511749, 30.2898674011, -0.00325441802852, -5.40253400803, -4.85607481003, -0.762708544731, 0.925840616226, 4.19857978821, 25.5165634155, 68.8382263184, 26.668548584, 7.74660539627], [-98.4924621582, -2.93920135498, 0.47957649827, 16.1717739105, 6.37851524353, 0.835491597652, 5.10351800919, -3.32883381844, -1.23590183258, 1.8123575449, 26.668548584, 59.2105369568, 30.3868274689], [-152.758712769, -29.9748573303, -13.4229431152, -0.559243500233, -0.288804084063, -2.12762975693, -7.50038051605, -6.95358896255, -3.0925655365, -8.20573711395, 7.74660539627, 30.3868274689, 66.6340103149]], "icov": [[0.000188036123291, -0.000175237713847, 2.48726937571e-05, 0.000106413310277, -6.68167922413e-05, -0.000283026718535, 0.000268891802989, -0.000193204556126, 0.000482304138131, -0.000343386869645, 0.000536843494046, -0.000145177662489, 0.000342816667398], [-0.000175237713847, 0.00155928800814, 0.000113673457236, -0.00126739544794, 0.00048863037955, 0.000524295319337, -0.00109382322989, 0.00090430007549, -0.00112473778427, 6.1266378907e-05, -0.000328987545799, 0.000244550028583, 0.00018413887301], [2.48726937571e-05, 0.000113673457236, 0.00252047553658, 0.000545520335436, -0.00270854961127, 0.00101541401818, 0.00087362708291, -0.00150213821325, 0.00145784567576, -0.000235512459767, -0.00133742287289, 0.000308937916998, 0.00063598738052], [0.000106413310277, -0.00126739544794, 0.000545520335436, 0.00606574304402, -0.00210326141678, 0.000620417878963, 0.000469626480481, 0.000319280370604, -0.0018717807252, 0.00232594646513, -0.000405505794333, -0.0017896295758, 0.000994317233562], [-6.68167922413e-05, 0.00048863037955, -0.00270854961127, -0.00210326141678, 0.00994287338108, -0.00302975485101, -0.000283926783595, -8.92323369044e-05, -0.000304785353364, -0.00295666372404, 0.00347333075479, -0.00166420417372, -0.000614681222942], [-0.000283026718535, 0.000524295319337, 0.00101541401818, 0.000620417878963, -0.00302975485101, 0.0120658185333, -0.00519867893308, 0.00258014863357, -0.000415135233197, 0.000549564720131, -0.000993065768853, 0.000704964215402, -0.000304641522234], [0.000268891802989, -0.00109382322989, 0.00087362708291, 0.000469626480481, -0.000283926783595, -0.00519867893308, 0.0140874702483, -0.00818514917046, 0.00318381073885, -0.000395118608139, 0.00079062464647, -0.0026630917564, 0.00209025642835], [-0.000193204556126, 0.00090430007549, -0.00150213821325, 0.000319280370604, -8.92323369044e-05, 0.00258014863357, -0.00818514917046, 0.0161758679897, -0.00501528009772, 0.000620205828454, -0.000276364502497, 0.00135524093639, -0.000229627039516], [0.000482304138131, -0.00112473778427, 0.00145784567576, -0.0018717807252, -0.000304785353364, -0.000415135233197, 0.00318381073885, -0.00501528009772, 0.0148982694373, -0.00730654317886, 0.0021950895898, 0.000200689086341, 0.000143078985275], [-0.000343386869645, 6.1266378907e-05, -0.000235512459767, 0.00232594646513, -0.00295666372404, 0.000549564720131, -0.000395118608139, 0.000620205828454, -0.00730654317886, 0.0202148687094, -0.00876724626869, 0.00146278820466, 0.00173986144364], [0.000536843494046, -0.000328987545799, -0.00133742287289, -0.000405505794333, 0.00347333075479, -0.000993065768853, 0.00079062464647, -0.000276364502497, 0.0021950895898, -0.00876724626869, 0.0237420778722, -0.0108941290528, 0.00208347034641], [-0.000145177662489, 0.000244550028583, 0.000308937916998, -0.0017896295758, -0.00166420417372, 0.000704964215402, -0.0026630917564, 0.00135524093639, 0.000200689086341, 0.00146278820466, -0.0108941290528, 0.0285956710577, -0.0119030391797], [0.000342816667398, 0.00018413887301, 0.00063598738052, 0.000994317233562, -0.000614681222942, -0.000304641522234, 0.00209025642835, -0.000229627039516, 0.000143078985275, 0.00173986144364, 0.00208347034641, -0.0119030391797, 0.0216182544827]], "mean": [-635.759643555, 123.554328918, -27.4163684845, 31.92070961, -7.11760091782, 3.91446948051, -1.19146895409, -5.63350009918, 1.04119539261, 3.91684627533, -7.40431499481, -3.11856603622, -6.19073343277]}, "pitch_salience": {"dmean": 0.0653669685125, "dmean2": 0.107821926475, "dvar": 0.0031467997469, "dvar2": 0.00866295397282, "max": 0.832396507263, "mean": 0.625117838383, "median": 0.633655369282, "min": 0.140984877944, "var": 0.00787912402302}, "silence_rate_20dB": {"dmean": 0, "dmean2": 0, "dvar": 0, "dvar2": 0, "max": 1, "mean": 1, "median": 1, "min": 1, "var": 0}, "silence_rate_30dB": {"dmean": 0.000187283454579, "dmean2": 0.000374601979274, "dvar": 0.000187237601494, "dvar2": 0.000561719643883, "max": 1, "mean": 0.999906361103, "median": 1, "min": 0, "var": 9.36215001275e-05}, "silence_rate_60dB": {"dmean": 0.0104878731072, "dmean2": 0.020977711305, "dvar": 0.0103765083477, "dvar2": 0.0222247112542, "max": 1, "mean": 0.0438202247024, "median": 0, "min": 0, "var": 0.0419013798237}, "spectral_centroid": {"dmean": 237.109512329, "dmean2": 371.562469482, "dvar": 56323.6679688, "dvar2": 125078.15625, "max": 11346.6328125, "mean": 1636.5279541, "median": 1576.484375, "min": 186.977111816, "var": 323681.4375}, "spectral_complexity": {"dmean": 4.08240461349, "dmean2": 6.19292020798, "dvar": 15.1104621887, "dvar2": 31.0343208313, "max": 60, "mean": 25.7360477448, "median": 25, "min": 0, "var": 130.538711548}, "spectral_contrast_coeffs": {"dmean": [0.0525873564184, 0.0480149500072, 0.0400677137077, 0.0307088084519, 0.0205512009561, 0.0199375897646], "dmean2": [0.0864604413509, 0.0792095661163, 0.0651224181056, 0.049451507628, 0.0337595418096, 0.0308355521411], "dvar": [0.00194109184667, 0.00154692633078, 0.00108310428914, 0.000631436239928, 0.00029622533475, 0.000384336337447], "dvar2": [0.00493934890255, 0.00404322473332, 0.00278112874366, 0.0015664359089, 0.000754571461584, 0.000821558001917], "max": [-0.282655447721, -0.407021790743, -0.434959739447, -0.487510800362, -0.611331403255, -0.522260606289], "mean": [-0.603348553181, -0.743879675865, -0.762581765652, -0.783614516258, -0.799476146698, -0.717373907566], "median": [-0.597170233727, -0.749893009663, -0.768106818199, -0.789379239082, -0.804371833801, -0.722063064575], "min": [-0.954435229301, -0.961870610714, -0.961607038975, -0.97143048048, -0.954882740974, -0.95772087574], "var": [0.00663600442931, 0.00509627209976, 0.00406209845096, 0.00290639675222, 0.00138619076461, 0.00265956879593]}, "spectral_contrast_valleys": {"dmean": [0.475854754448, 0.365789622068, 0.3179949224, 0.267036110163, 0.21144798398, 0.245735138655], "dmean2": [0.776522099972, 0.59608066082, 0.497189253569, 0.410368293524, 0.32855078578, 0.326100409031], "dvar": [0.21035605669, 0.114372476935, 0.0829677209258, 0.0688229724765, 0.0569539181888, 0.131125971675], "dvar2": [0.466277301311, 0.263210564852, 0.176263853908, 0.135698109865, 0.112158358097, 0.223863720894], "max": [-5.36538028717, -4.59526777267, -5.13963794708, -5.36336994171, -5.72383832932, -8.19560050964], "mean": [-7.64682579041, -6.70097017288, -7.21137619019, -7.25473070145, -7.10482597351, -10.5818099976], "median": [-7.44748497009, -6.48618412018, -7.02338314056, -7.06555891037, -6.92970180511, -10.2930488586], "min": [-27.5002651215, -27.5748748779, -27.2272033691, -27.033405304, -27.4672088623, -27.3195896149], "var": [1.90607976913, 1.5938706398, 1.54468286037, 1.54179883003, 1.26537907124, 1.4964902401]}, "spectral_decrease": {"dmean": 1.85129689356e-09, "dmean2": 2.88247914426e-09, "dvar": 6.30864307492e-18, "dvar2": 1.51122192144e-17, "max": 4.49660145544e-16, "mean": -5.40622480116e-09, "median": -4.43032188713e-09, "min": -3.30438929552e-08, "var": 1.45096131751e-17}, "spectral_energy": {"dmean": 0.00733098713681, "dmean2": 0.0113586625084, "dvar": 9.67927771853e-05, "dvar2": 0.000230048390222, "max": 0.127285689116, "mean": 0.0222618374974, "median": 0.0182770043612, "min": 1.10162249925e-20, "var": 0.000240983004915}, "spectral_energyband_high": {"dmean": 0.000223865557928, "dmean2": 0.000336596945999, "dvar": 1.0435132225e-07, "dvar2": 2.28171046501e-07, "max": 0.0120623204857, "mean": 0.000747343001422, "median": 0.000524079077877, "min": 7.89418848238e-21, "var": 5.54167115752e-07}, "spectral_energyband_low": {"dmean": 0.00323839834891, "dmean2": 0.00535601563752, "dvar": 3.62598948414e-05, "dvar2": 9.20645834412e-05, "max": 0.110781155527, "mean": 0.0046711829491, "median": 0.00262511824258, "min": 5.63921193956e-23, "var": 4.62904426968e-05}, "spectral_energyband_middle_high": {"dmean": 0.002164861653, "dmean2": 0.00320069002919, "dvar": 1.15922493933e-05, "dvar2": 2.5738561817e-05, "max": 0.0833487510681, "mean": 0.00694381538779, "median": 0.00439328886569, "min": 1.55076664788e-21, "var": 5.8942099713e-05}, "spectral_energyband_middle_low": {"dmean": 0.00466860597953, "dmean2": 0.0073586194776, "dvar": 4.91507234983e-05, "dvar2": 0.000121208475321, "max": 0.0863290578127, "mean": 0.0113800885156, "median": 0.00951426103711, "min": 4.17840966513e-22, "var": 7.97165121185e-05}, "spectral_entropy": {"dmean": 0.100089140236, "dmean2": 0.152901247144, "dvar": 0.0104934060946, "dvar2": 0.0247202292085, "max": 9.78437042236, "mean": 7.69280338287, "median": 7.71599626541, "min": 5.83847379684, "var": 0.0841304957867}, "spectral_flux": {"dmean": 0.0213842429221, "dmean2": 0.0324695110321, "dvar": 0.000561847526114, "dvar2": 0.00121737108566, "max": 0.272859215736, "mean": 0.0816317349672, "median": 0.0747368484735, "min": 1.04958208791e-10, "var": 0.00173789879773}, "spectral_kurtosis": {"dmean": 1.38434708118, "dmean2": 2.42733097076, "dvar": 2.29033517838, "dvar2": 7.09265756607, "max": 26.9075241089, "mean": 3.80583047867, "median": 3.54641962051, "min": -1.17914235592, "var": 3.53813028336}, "spectral_rms": {"dmean": 0.000717335147783, "dmean2": 0.00108427437954, "dvar": 6.89594457981e-07, "dvar2": 1.56010366936e-06, "max": 0.0111436601728, "mean": 0.00436618272215, "median": 0.00422270316631, "min": 3.27834352547e-12, "var": 2.65530479737e-06}, "spectral_rolloff": {"dmean": 425.411987305, "dmean2": 697.028503418, "dvar": 327452.3125, "dvar2": 736983.1875, "max": 21748.5351563, "mean": 1973.45397949, "median": 1658.05664063, "min": 129.19921875, "var": 4830613}, "spectral_skewness": {"dmean": 0.188039958477, "dmean2": 0.311245650053, "dvar": 0.0334423519671, "dvar2": 0.0922055020928, "max": 3.5268368721, "mean": 1.21856403351, "median": 1.2039141655, "min": -0.0337484814227, "var": 0.105932228267}, "spectral_spread": {"dmean": 313186.65625, "dmean2": 454583.34375, "dvar": 195581444