{"lowlevel": {"average_loudness": 0.906799614429, "barkbands": {"dmean": [1.16693363452e-05, 0.00152723223437, 0.00119381234981, 0.00110410701018, 0.00165384425782, 0.000812976330053, 0.000559042091481, 0.00063470529858, 0.000926045293454, 0.000549699529074, 0.00068164546974, 0.000706850725692, 0.00053532468155, 0.000492220569868, 0.000300373882055, 0.000264664296992, 0.000239766784944, 0.00020532956114, 0.000161547868629, 0.000132743094582, 6.73621834721e-05, 6.28630223218e-05, 4.34022731497e-05, 3.53270261257e-05, 2.62504945567e-05, 7.22761160432e-06, 5.58741476198e-07], "dmean2": [1.95418560907e-05, 0.00247130962089, 0.00209457217716, 0.00191115099005, 0.00277673010714, 0.00137011753395, 0.000926112174056, 0.0010223549325, 0.00144464988261, 0.000891314470209, 0.001100847614, 0.00110304111149, 0.000859075400513, 0.000796052336227, 0.000474963191664, 0.000428076105891, 0.000384878512705, 0.000322900858009, 0.000254959362792, 0.000205944437766, 0.000101375298982, 9.26354405237e-05, 6.3074825448e-05, 5.08315133629e-05, 3.72182039428e-05, 1.06699417302e-05, 8.79504341356e-07], "dvar": [1.79385684085e-09, 1.92774059542e-05, 8.4038138084e-06, 5.28664031663e-06, 1.489539045e-05, 5.81479889661e-06, 1.40042459407e-06, 1.93397636394e-06, 3.46725710187e-06, 1.82446967756e-06, 2.07500647775e-06, 1.66522227119e-06, 9.29163888941e-07, 8.31777299481e-07, 3.46751562574e-07, 2.39407256686e-07, 1.71658783188e-07, 1.37281830348e-07, 9.42238855828e-08, 7.81027083008e-08, 2.43504700848e-08, 3.08560288431e-08, 1.25099228754e-08, 1.99605132423e-08, 1.43699772082e-08, 5.63890156791e-10, 4.57259924369e-12], "dvar2": [4.7296491168e-09, 4.48183891422e-05, 2.35438583331e-05, 1.42840044646e-05, 3.89576962334e-05, 1.61862717505e-05, 3.70647398995e-06, 4.58400791103e-06, 8.30818044051e-06, 4.83219355374e-06, 5.17182434123e-06, 3.89480373997e-06, 2.24699510909e-06, 2.18447075895e-06, 8.47633145895e-07, 6.01429462677e-07, 4.27134636993e-07, 3.34065589414e-07, 2.32752697116e-07, 1.85021846733e-07, 5.7296983158e-08, 7.44200505665e-08, 2.96738456029e-08, 5.02608266117e-08, 2.99353928312e-08, 1.35877509244e-09, 1.17971136332e-11], "max": [0.0018820654368, 0.0538326129317, 0.0391311496496, 0.0315181799233, 0.0690522044897, 0.044852886349, 0.0214099306613, 0.0241636298597, 0.0573195517063, 0.0421894527972, 0.0560084432364, 0.0222556423396, 0.0220516882837, 0.0179202370346, 0.0135191269219, 0.00911947712302, 0.00912255514413, 0.00719352066517, 0.00683704996482, 0.0118100484833, 0.00334923970513, 0.00677891541272, 0.00348059576936, 0.00607663858682, 0.00962345581502, 0.000973106129095, 5.97235339228e-05], "mean": [1.14192434921e-05, 0.00222472613677, 0.00191738281865, 0.00145413028076, 0.00242574862204, 0.00120058096945, 0.000804009090643, 0.000896213343367, 0.00162828457542, 0.000930024893023, 0.00117611489259, 0.00141062459443, 0.000996279297397, 0.00086462352192, 0.000553808466066, 0.000505853677168, 0.000487482553581, 0.00043527231901, 0.000354100484401, 0.000276784994639, 0.000136250600917, 0.00012548394443, 8.55723337736e-05, 6.11003270024e-05, 4.10169923271e-05, 9.25126096263e-06, 6.22805714556e-07], "median": [2.56511725638e-06, 0.000810142490081, 0.00117880874313, 0.000673009548336, 0.00141799298581, 0.000550971715711, 0.000391666486394, 0.000314046163112, 0.000704591162503, 0.000351344555384, 0.000614257354755, 0.000608016911428, 0.000505173578858, 0.000454935827293, 0.000234741470194, 0.000263586000074, 0.000275593338301, 0.000210784521187, 0.000139190131449, 9.00083614397e-05, 4.2071002099e-05, 3.50343943865e-05, 2.61576005869e-05, 1.67900343513e-05, 9.41307916946e-06, 1.72478587501e-06, 1.46847455085e-07], "min": [2.50319025166e-25, 1.29457616295e-24, 8.87227619975e-25, 1.02789562026e-24, 1.73298415163e-23, 6.1581700814e-24, 7.65915702501e-24, 5.03231568608e-24, 1.10868964977e-23, 1.22623678774e-23, 1.95481862238e-23, 3.52601576428e-23, 2.64533255409e-23, 3.94985589807e-23, 7.57796572515e-23, 5.28605279625e-23, 8.76795104108e-23, 1.17481634114e-22, 1.6168134655e-22, 1.60533913654e-22, 2.43712530838e-22, 2.74677202012e-22, 4.59832701452e-22, 5.91468267254e-22, 7.57960731314e-22, 1.39982486632e-21, 1.93711462098e-21], "var": [1.60603952359e-09, 2.15711734199e-05, 7.63348452892e-06, 5.98144424657e-06, 1.47731934703e-05, 5.14682005814e-06, 1.55950885983e-06, 3.15062857226e-06, 7.96222957433e-06, 3.26099348058e-06, 3.52559959538e-06, 5.23292555954e-06, 2.28457361118e-06, 1.53255211899e-06, 7.54175630391e-07, 5.60418015993e-07, 4.39409689079e-07, 3.54609710485e-07, 2.89239153517e-07, 2.20775646653e-07, 5.8957031257e-08, 6.84143941498e-08, 2.70039386407e-08, 2.84690155894e-08, 2.74395937083e-08, 6.75898004232e-10, 4.01199559685e-12]}, "barkbands_crest": {"dmean": 2.04675865173, "dmean2": 3.39839339256, "dvar": 4.24993944168, "dvar2": 11.1728649139, "max": 21.6271648407, "mean": 7.24077987671, "median": 6.57949304581, "min": 2.2778813839, "var": 8.29242420197}, "barkbands_flatness_db": {"dmean": 0.0149717731401, "dmean2": 0.0222657453269, "dvar": 0.00021703200764, "dvar2": 0.000470299215522, "max": 0.273507267237, "mean": 0.114852897823, "median": 0.110825017095, "min": 0.0219106506556, "var": 0.00127235380933}, "barkbands_kurtosis": {"dmean": 0.945360898972, "dmean2": 1.5353770256, "dvar": 2.19893574715, "dvar2": 5.49135541916, "max": 33.4968605042, "mean": 0.466154903173, "median": -0.133085489273, "min": -1.91196906567, "var": 4.21164464951}, "barkbands_skewness": {"dmean": 0.360640615225, "dmean2": 0.565025806427, "dvar": 0.138420879841, "dvar2": 0.319213837385, "max": 5.25254058838, "mean": 0.697080612183, "median": 0.614978313446, "min": -2.25686478615, "var": 0.5446575284}, "barkbands_spread": {"dmean": 4.0964384079, "dmean2": 6.44514989853, "dvar": 19.7811927795, "dvar2": 48.5539779663, "max": 139.689437866, "mean": 23.8907203674, "median": 21.9834632874, "min": 4.70008420944, "var": 136.801071167}, "dissonance": {"dmean": 0.0158117022365, "dmean2": 0.0269442368299, "dvar": 0.000254951504758, "dvar2": 0.000713188550435, "max": 0.500000119209, "mean": 0.472749114037, "median": 0.477641135454, "min": 0.0529664978385, "var": 0.000421637145337}, "dynamic_complexity": 3.89407372475, "erbbands": {"dmean": [0.0273970365524, 0.401538848877, 1.19899356365, 2.61920976639, 5.1392827034, 6.03863668442, 3.86534309387, 7.77059650421, 7.24260759354, 12.1755361557, 14.4803037643, 17.7910270691, 20.3910369873, 19.6243305206, 23.6657772064, 26.8478393555, 23.5641212463, 24.2744312286, 15.5363769531, 14.8229169846, 13.7481651306, 13.0036153793, 11.4843549728, 8.4527387619, 7.65290689468, 5.67388820648, 3.46141695976, 2.35524630547, 2.45008563995, 1.6060128212, 1.20008778572, 0.833508610725, 0.553805172443, 0.34557145834, 0.16116912663, 0.0495312921703, 0.0103409271687, 0.00120440823957, 8.77088677953e-05, 1.33391586132e-05], "dmean2": [0.0442773997784, 0.651174366474, 2.0738670826, 4.54976177216, 8.80852031708, 10.0932102203, 6.26199579239, 13.2315740585, 12.1979570389, 20.1615352631, 22.9989471436, 27.7032642365, 32.3427505493, 31.6276073456, 38.1143913269, 41.6823501587, 37.5553131104, 38.978263855, 24.8343238831, 23.6271343231, 22.1267814636, 20.5456523895, 18.0176277161, 13.0493736267, 11.8416996002, 8.78594017029, 5.28371047974, 3.4973192215, 3.65796494484, 2.37015342712, 1.75488352776, 1.19192373753, 0.797206699848, 0.500110566616, 0.230843141675, 0.0721953734756, 0.015415398404, 0.00183605158236, 0.000136193601065, 2.01128459594e-05], "dvar": [0.00738662062213, 1.29212450981, 9.07363986969, 35.4477882385, 96.9698257446, 244.560379028, 59.0909461975, 617.65057373, 357.360107422, 675.670471191, 973.75970459, 1594.07519531, 2385.16357422, 1885.63305664, 2099.09350586, 2257.41479492, 1922.24035645, 2292.81030273, 846.903015137, 778.726928711, 677.10925293, 475.765197754, 424.476409912, 240.287475586, 231.153839111, 141.766082764, 60.040977478, 36.9310188293, 50.5207672119, 17.2193222046, 10.9418258667, 8.48000431061, 5.00144529343, 3.13042116165, 0.485912263393, 0.0254321917892, 0.00149289343972, 1.82584863069e-05, 1.22253723589e-07, 1.03659614226e-09], "dvar2": [0.0179403442889, 3.00406098366, 24.7139282227, 96.6303024292, 261.130828857, 631.660888672, 152.690261841, 1725.82104492, 980.457885742, 1824.81848145, 2228.56103516, 3746.27294922, 6386.11132812, 4751.29589844, 5368.32763672, 5344.64599609, 4600.95166016, 5952.66699219, 2157.65844727, 1925.72216797, 1662.76538086, 1164.43713379, 1042.99523926, 576.517028809, 576.11340332, 334.908447266, 140.773193359, 88.1756057739, 123.152755737, 40.2562980652, 26.9043617249, 21.3350982666, 12.128033638, 6.96212911606, 0.995414853096, 0.0598358251154, 0.00371732772328, 4.48911523563e-05, 3.20507069773e-07, 2.56098098284e-09], "max": [1.06309020519, 14.0382852554, 42.4338226318, 86.7794570923, 180.214401245, 286.189453125, 142.023925781, 487.641784668, 490.046447754, 412.50289917, 643.204223633, 1326.4510498, 2066.41088867, 1407.02075195, 1377.44555664, 867.019104004, 1225.72180176, 1023.20513916, 695.269775391, 790.066955566, 499.587036133, 372.914245605, 427.188568115, 308.345336914, 427.217895508, 511.05581665, 200.561141968, 167.881759644, 299.743347168, 120.246139526, 111.511299133, 107.958091736, 106.807128906, 151.75302124, 45.7733192444, 6.33046865463, 1.67616927624, 0.143723860383, 0.0127639872953, 0.000596784928348], "mean": [0.0357975549996, 0.601924538612, 1.9604742527, 3.96055912971, 7.17416524887, 8.10925006866, 6.68009805679, 10.863650322, 10.2486209869, 17.9489631653, 24.0085163116, 30.0872020721, 35.655620575, 38.1040534973, 46.1446304321, 57.4175338745, 48.9035453796, 44.4319801331, 30.3437747955, 29.3014698029, 28.0419311523, 28.6097354889, 25.8340740204, 19.4667682648, 17.6342830658, 12.2790288925, 7.18529987335, 4.72274923325, 4.82446527481, 3.19862151146, 2.31633329391, 1.49234569073, 0.92488515377, 0.548284232616, 0.238218143582, 0.0680962353945, 0.0121713131666, 0.00134965498, 0.00011135841487, 3.29157592205e-05], "median": [0.0176313240081, 0.221316844225, 1.37901258469, 2.24889135361, 3.80588340759, 4.11814069748, 3.54663205147, 4.69184494019, 4.92370414734, 8.31712055206, 8.22631549835, 11.552397728, 18.7088127136, 19.3019771576, 24.0578575134, 27.8195228577, 26.8052825928, 24.397939682, 15.4345159531, 14.5408086777, 14.7413187027, 17.0495014191, 13.9027519226, 8.99080467224, 6.05895328522, 4.27147102356, 2.51224017143, 1.39006280899, 1.2665387392, 0.962375998497, 0.712864637375, 0.441239088774, 0.237161293626, 0.126625463367, 0.0527692772448, 0.0140910837799, 0.0020602166187, 0.000215062056668, 3.61074962711e-05, 2.47313000727e-05], "min": [1.03021106902e-22, 1.85151069197e-22, 2.15850700777e-21, 3.2603859007e-21, 1.77591266962e-20, 3.15076714237e-20, 6.34453539812e-20, 5.46443008977e-20, 8.29110592943e-20, 1.06362405142e-19, 1.47967114874e-19, 3.22580043724e-19, 3.93337667858e-19, 6.67296371218e-19, 8.87122462437e-19, 1.47876143101e-18, 1.35415577072e-18, 1.90141587904e-18, 3.31651511197e-18, 3.41377790352e-18, 4.38614835912e-18, 5.34958671167e-18, 5.8117494771e-18, 8.44903949794e-18, 7.46947070986e-18, 8.32763585379e-18, 9.97466246841e-18, 1.12351831515e-17, 1.06434859701e-17, 1.05410553677e-17, 1.30721155455e-17, 1.12272397361e-17, 9.0547375384e-18, 9.07157066386e-18, 5.03099933951e-18, 4.26770726234e-18, 2.29354912023e-18, 9.4144227589e-19, 2.44417472897e-19, 2.74592524042e-20], "var": [0.00737338513136, 1.46295785904, 8.15926456451, 37.2046318054, 105.536003113, 235.504806519, 92.905418396, 502.923828125, 330.11416626, 835.215270996, 2276.67919922, 3506.84912109, 3451.16918945, 3437.60546875, 4421.56005859, 7294.64404297, 5317.88720703, 4146.05615234, 1813.03283691, 1683.24707031, 1855.89562988, 1304.77050781, 1120.83178711, 744.138000488, 792.904785156, 390.098907471, 153.22819519, 79.8016815186, 107.99030304, 39.0146179199, 21.1628074646, 12.7516832352, 7.64680767059, 5.66759824753, 0.824809372425, 0.0348727591336, 0.00149392080493, 1.83116644621e-05, 1.07203916855e-07, 1.27694721463e-09]}, "erbbands_crest": {"dmean": 2.14606738091, "dmean2": 3.4833650589, "dvar": 4.31871604919, "dvar2": 10.5113515854, "max": 27.4413833618, "mean": 7.91932535172, "median": 7.11719226837, "min": 2.05677771568, "var": 11.6895275116}, "erbbands_flatness_db": {"dmean": 0.015367468819, "dmean2": 0.0218095500022, "dvar": 0.000226601972827, "dvar2": 0.000439811614342, "max": 0.316672980785, "mean": 0.16998976469, "median": 0.169935077429, "min": 0.0233355276287, "var": 0.001716998755}, "erbbands_kurtosis": {"dmean": 0.642885327339, "dmean2": 1.01281797886, "dvar": 0.505802154541, "dvar2": 1.2132641077, "max": 13.8334445953, "mean": 0.427212804556, "median": 0.170683145523, "min": -1.70900332928, "var": 1.4990311861}, "erbbands_skewness": {"dmean": 0.265553444624, "dmean2": 0.415583640337, "dvar": 0.0527804903686, "dvar2": 0.128684937954, "max": 2.42466950417, "mean": 0.0329880937934, "median": 0.0214355476201, "min": -2.39297509193, "var": 0.269456386566}, "erbbands_spread": {"dmean": 5.42370510101, "dmean2": 8.26704692841, "dvar": 32.6813468933, "dvar2": 72.1325912476, "max": 124.532669067, "mean": 28.5375709534, "median": 26.1506195068, "min": 5.07870769501, "var": 157.23626709}, "gfcc": {"cov": [[19298.4667969, 865.626037598, -1935.22131348, 859.375793457, -1080.12854004, 360.089508057, -599.869140625, 291.441192627, -292.988739014, 67.1932220459, -272.034820557, -40.7459983826, -136.631072998], [865.626037598, 1215.17419434, -229.760742188, -142.964096069, 307.594299316, -83.10887146, 114.819145203, -18.3778209686, 84.969367981, -121.75969696, 61.0019645691, -22.8822822571, 11.9753065109], [-1935.22131348, -229.760742188, 747.821105957, 35.6844100952, 118.663772583, 55.9853858948, -9.88701057434, 16.5149307251, 31.1779384613, 52.0408325195, -10.9377155304, 48.1503639221, 2.62601733208], [859.375793457, -142.964096069, 35.6844100952, 301.228973389, -63.9164810181, 69.8910903931, -24.8271179199, 29.9534473419, -4.56788301468, 37.1195526123, -14.7015542984, -2.53112244606, 5.03204727173], [-1080.12854004, 307.594299316, 118.663772583, -63.9164810181, 352.556060791, -6.71671676636, 94.2427825928, 0.694137990475, 45.8680686951, -25.0285205841, 39.9611244202, 26.9992904663, 16.928899765], [360.089508057, -83.10887146, 55.9853858948, 69.8910903931, -6.71671676636, 173.850921631, 35.2194061279, 45.840221405, -16.9103107452, 19.345533371, 3.70001935959, 8.33215522766, -4.29438734055], [-599.869140625, 114.819145203, -9.88701057434, -24.8271179199, 94.2427825928, 35.2194061279, 174.816116333, 30.6084671021, 29.4551181793, -16.9380302429, 28.3683547974, -12.0749502182, -2.37128806114], [291.441192627, -18.3778209686, 16.5149307251, 29.9534473419, 0.694137990475, 45.840221405, 30.6084671021, 105.89315033, 28.9592666626, 20.7191314697, -3.72809243202, -9.27685070038, -11.3574256897], [-292.988739014, 84.969367981, 31.1779384613, -4.56788301468, 45.8680686951, -16.9103107452, 29.4551181793, 28.9592666626, 97.1746444702, 14.264755249, 9.29211616516, -7.21571302414, 7.44693136215], [67.1932220459, -121.75969696, 52.0408325195, 37.1195526123, -25.0285205841, 19.345533371, -16.9380302429, 20.7191314697, 14.264755249, 84.4297866821, 11.6553611755, 8.67364025116, -3.4912648201], [-272.034820557, 61.0019645691, -10.9377155304, -14.7015542984, 39.9611244202, 3.70001935959, 28.3683547974, -3.72809243202, 9.29211616516, 11.6553611755, 74.4956436157, 19.2762336731, 3.59610748291], [-40.7459983826, -22.8822822571, 48.1503639221, -2.53112244606, 26.9992904663, 8.33215522766, -12.0749502182, -9.27685070038, -7.21571302414, 8.67364025116, 19.2762336731, 70.8488235474, 24.0493927002], [-136.631072998, 11.9753065109, 2.62601733208, 5.03204727173, 16.928899765, -4.29438734055, -2.37128806114, -11.3574256897, 7.44693136215, -3.4912648201, 3.59610748291, 24.0493927002, 57.0708618164]], "icov": [[0.000326378591126, -0.000753385247663, 0.000731394102331, -0.000732335203793, 0.000765480217524, -0.000684434256982, 0.000957732496317, -0.000931498245336, 0.000722754455637, -0.000812698330265, 0.00129355001263, -0.00120952108409, 0.00083037983859], [-0.000753385247663, 0.0032859952189, -0.00114682421554, 0.00181328656618, -0.00300473696552, 0.00168501562439, -0.00200743414462, 0.00220290338621, -0.00281348940916, 0.00362112000585, -0.00382841541432, 0.00328140472993, -0.00178009818774], [0.000731394102331, -0.00114682421554, 0.00350338756107, -0.00167611893266, 0.000553330348339, -0.00206026411615, 0.00251742871478, -0.00179962278344, 0.000671777292155, -0.00221198098734, 0.003640324343, -0.0036647610832, 0.00249748630449], [-0.000732335203793, 0.00181328656618, -0.00167611893266, 0.00571247562766, -0.00135811604559, 2.1280715373e-05, -0.00158252322581, 0.00166363688186, -0.00176427175757, 0.000765787088312, -0.00249237031676, 0.00334893702529, -0.00286763859913], [0.000765480217524, -0.00300473696552, 0.000553330348339, -0.00135811604559, 0.00699672009796, -0.00138399982825, 0.000227261756663, -0.00199033226818, 0.00126232008915, -0.00178654596675, 0.00241007423028, -0.00448226602748, 0.00145410269033], [-0.000684434256982, 0.00168501562439, -0.00206026411615, 2.1280715373e-05, -0.00138399982825, 0.00973639171571, -0.00413308851421, -0.0012947760988, 0.00150270969607, 0.00102255307138, -0.00306537072174, 0.00152166571934, -0.00176705420017], [0.000957732496317, -0.00200743414462, 0.00251742871478, -0.00158252322581, 0.000227261756663, -0.00413308851421, 0.0114587983117, -0.00437085609883, 0.000452610227512, -0.000117436196888, 0.000815263716504, -0.00101933663245, 0.00227759545669], [-0.000931498245336, 0.00220290338621, -0.00179962278344, 0.00166363688186, -0.00199033226818, -0.0012947760988, -0.00437085609883, 0.0160367004573, -0.00645344285294, 0.000170918967342, -0.00165838701651, 0.00340581126511, 0.000268409406999], [0.000722754455637, -0.00281348940916, 0.000671777292155, -0.00176427175757, 0.00126232008915, 0.00150270969607, 0.000452610227512, -0.00645344285294, 0.0168408285826, -0.005803886801, 0.00235328730196, -5.57659841434e-05, -0.00175882619806], [-0.000812698330265, 0.00362112000585, -0.00221198098734, 0.000765787088312, -0.00178654596675, 0.00102255307138, -0.000117436196888, 0.000170918967342, -0.005803886801, 0.0197635870427, -0.00804273597896, 0.00212921807542, -0.000459310045699], [0.00129355001263, -0.00382841541432, 0.003640324343, -0.00249237031676, 0.00241007423028, -0.00306537072174, 0.000815263716504, -0.00165838701651, 0.00235328730196, -0.00804273597896, 0.0232204440981, -0.0104292118922, 0.00484329648316], [-0.00120952108409, 0.00328140472993, -0.0036647610832, 0.00334893702529, -0.00448226602748, 0.00152166571934, -0.00101933663245, 0.00340581126511, -5.57659841434e-05, 0.00212921807542, -0.0104292118922, 0.0253753494471, -0.0115297352895], [0.00083037983859, -0.00178009818774, 0.00249748630449, -0.00286763859913, 0.00145410269033, -0.00176705420017, 0.00227759545669, 0.000268409406999, -0.00175882619806, -0.000459310045699, 0.00484329648316, -0.0115297352895, 0.0243600569665]], "mean": [-22.0472660065, 103.398513794, -140.474319458, 24.9264469147, -51.7449188232, 17.3147163391, -35.4348182678, 5.91585731506, -27.3067264557, -6.55811929703, -13.3232660294, -4.46843528748, -12.3215837479]}, "hfc": {"dmean": 5.60546731949, "dmean2": 8.02277183533, "dvar": 92.3931503296, "dvar2": 208.605514526, "max": 200.232879639, "mean": 19.8185520172, "median": 15.2622814178, "min": 1.08377753105e-16, "var": 315.061706543}, "melbands": {"dmean": [0.000348044617567, 0.000582813750952, 0.000496397318784, 0.000417654577177, 0.000151056709001, 0.000169546590769, 0.0001118029395, 0.00013459668844, 0.000128108338686, 0.000116707808047, 0.000103477628727, 8.01231217338e-05, 9.06144268811e-05, 7.87346652942e-05, 8.52370940265e-05, 4.15089925809e-05, 4.77950488857e-05, 2.78371226159e-05, 2.54742590187e-05, 1.64146804309e-05, 1.84050386451e-05, 1.43564375321e-05, 1.25096539705e-05, 1.04055916381e-05, 7.23536368241e-06, 6.41952010483e-06, 5.91414300288e-06, 3.80726987714e-06, 2.60201682067e-06, 1.57119609412e-06, 1.45396575135e-06, 1.50010748712e-06, 1.23897621052e-06, 8.93668641311e-07, 7.4440941944e-07, 6.06140133641e-07, 5.22985942553e-07, 4.162524192e-07, 3.4663443671e-07, 2.86233358793e-07], "dmean2": [0.000560612883419, 0.000966197869275, 0.000855096499436, 0.000708022154868, 0.000243471455178, 0.00028751566424, 0.000187347424799, 0.000222838207264, 0.00020314892754, 0.000181951429113, 0.000164713681443, 0.000129100197228, 0.000147268161527, 0.000122580328025, 0.000134977017296, 6.65067273076e-05, 7.70364276832e-05, 4.50268889836e-05, 4.05117716582e-05, 2.61499317276e-05, 3.00979463645e-05, 2.2962296498e-05, 1.98299858312e-05, 1.6378615328e-05, 1.13497198981e-05, 1.00964734884e-05, 9.35950174608e-06, 6.01802230449e-06, 4.05413493354e-06, 2.45003752752e-06, 2.19973003368e-06, 2.25316694014e-06, 1.8863539708e-06, 1.35420896186e-06, 1.1130528037e-06, 9.00587508568e-07, 7.66987284351e-07, 6.17580326434e-07, 5.08509970132e-07, 4.2281138235e-07], "dvar": [1.07065375232e-06, 2.14936108023e-06, 1.01194984836e-06, 1.0593554407e-06, 8.54470982858e-08, 2.86059645305e-07, 7.77048398959e-08, 8.15516401076e-08, 7.50051967202e-08, 6.10143899848e-08, 6.04338055155e-08, 3.17896038382e-08, 3.4509632485e-08, 2.89657275943e-08, 2.10441424287e-08, 7.032406657e-09, 8.89550566541e-09, 3.04456304612e-09, 2.86373391667e-09, 1.09465048137e-09, 1.24318300099e-09, 6.80840606115e-10, 4.37907071715e-10, 4.13073852901e-10, 1.80405260175e-10, 1.64562113936e-10, 1.71774955371e-10, 7.45345243858e-11, 3.58841567571e-11, 1.45446493391e-11, 1.49031967323e-11, 1.80365999913e-11, 1.28521889312e-11, 4.99060124823e-12, 3.84683430943e-12, 3.56947566123e-12, 3.64079079385e-12, 3.15308326324e-12, 1.99992409786e-12, 3.12920826404e-12], "dvar2": [2.51039318755e-06, 5.41907365914e-06, 2.74868057204e-06, 2.77714548247e-06, 2.20479350332e-07, 7.98276289515e-07, 2.12227462271e-07, 2.1840067177e-07, 1.74507647444e-07, 1.44446758554e-07, 1.61981589031e-07, 8.06943347698e-08, 8.79786981045e-08, 6.50683205095e-08, 5.41390292597e-08, 1.65073110736e-08, 2.28441177086e-08, 7.9936057773e-09, 7.14397296875e-09, 2.71620836934e-09, 3.13806869379e-09, 1.71299352481e-09, 1.03149666586e-09, 1.01758634852e-09, 4.44184883319e-10, 4.02533451016e-10, 4.37778119311e-10, 1.78322620559e-10, 8.51597958818e-11, 3.64122794416e-11, 3.63413465987e-11, 4.45687479977e-11, 3.15021793373e-11, 1.18792189627e-11, 9.35677143404e-12, 9.32222528338e-12, 9.4365106007e-12, 8.07493655275e-12, 4.51026325662e-12, 7.33222597221e-12], "max": [0.0121308658272, 0.0183114521205, 0.0136243393645, 0.0192330684513, 0.00461874064058, 0.0102674867958, 0.0067516406998, 0.00407134275883, 0.00519304024056, 0.00802268832922, 0.0100399395451, 0.00525845214725, 0.00698672700673, 0.00336157297716, 0.00266913697124, 0.00221928511746, 0.00187800195999, 0.00155100086704, 0.00148064689711, 0.000865267240442, 0.000742635282222, 0.00049199978821, 0.000394630449591, 0.00053388858214, 0.00028644001577, 0.000334432290401, 0.000323550048051, 0.00044062937377, 0.000204497264349, 7.71091945353e-05, 0.000116270763101, 0.000182570409379, 0.000108578882646, 5.14541497978e-05, 6.7692650191e-05, 8.40208231239e-05, 7.49746686779e-05, 8.16074752947e-05, 9.05907363631e-05, 0.000158143579029], "mean": [0.000485928845592, 0.00100271520205, 0.000796544016339, 0.00056652299827, 0.000263754103798, 0.000241141882725, 0.000161594740348, 0.000194816951989, 0.000215642168769, 0.000196653723833, 0.000176852714503, 0.000148043647641, 0.000160566865816, 0.000154888854013, 0.000159916235134, 7.84267976996e-05, 8.22148213047e-05, 4.77786379633e-05, 4.57954593003e-05, 3.00579413306e-05, 3.40052683896e-05, 2.83065783151e-05, 2.66715996986e-05, 2.09531535802e-05, 1.50900214066e-05, 1.34603751576e-05, 1.19457945402e-05, 7.26496227799e-06, 4.98051895192e-06, 2.92513800559e-06, 2.67037762569e-06, 2.82976589006e-06, 2.2403460207e-06, 1.64509492606e-06, 1.37194251693e-06, 1.06868128569e-06, 8.65270635586e-07, 6.69448354529e-07, 5.49489982404e-07, 4.30305021837e-07], "median": [0.000209089310374, 0.000666254258249, 0.000496506807394, 0.000300401850836, 0.000150149920955, 0.000106961968413, 8.15109233372e-05, 8.66071495693e-05, 6.5475149313e-05, 8.19456981844e-05, 8.8786779088e-05, 6.79847216816e-05, 8.49458665471e-05, 5.52252458874e-05, 8.1253128883e-05, 3.93340123992e-05, 4.08665255236e-05, 2.16016705963e-05, 1.85422395589e-05, 1.49270426846e-05, 1.60706313181e-05, 1.58178827405e-05, 1.5356543372e-05, 9.56123858487e-06, 6.67841322866e-06, 4.86205181005e-06, 3.22855248669e-06, 2.5646756967e-06, 1.63988931945e-06, 8.15245925878e-07, 7.22607921944e-07, 6.989757253e-07, 5.8974563899e-07, 4.76470205513e-07, 4.14707926666e-07, 3.30162947648e-07, 2.35873187648e-07, 1.64950776593e-07, 1.28124710841e-07, 9.41178441849e-08], "min": [1.58401534274e-24, 5.11713657441e-25, 1.11831998482e-24, 1.33577235296e-24, 1.60740289922e-24, 1.06016910319e-24, 1.49779974834e-24, 1.47830048727e-24, 1.04514021826e-24, 1.67353922257e-24, 1.5087258663e-24, 2.00966634619e-24, 2.7019951313e-24, 3.43595743118e-24, 2.12088350648e-24, 2.70210636068e-24, 3.50770590824e-24, 4.69037682697e-24, 4.64923496975e-24, 3.95763509211e-24, 4.87735342758e-24, 4.91175920153e-24, 3.07740279482e-24, 5.65294095921e-24, 5.44875456909e-24, 5.31705897413e-24, 4.88432183039e-24, 4.8722853907e-24, 5.64353694836e-24, 5.10151022595e-24, 6.07053118471e-24, 5.49715670765e-24, 3.88613273966e-24, 5.2445673901e-24, 6.67127124657e-24, 7.05835267099e-24, 5.54169145562e-24, 5.52843622583e-24, 5.29320658137e-24, 7.03004518626e-24], "var": [1.14579029287e-06, 2.26306428885e-06, 1.15398324851e-06, 1.0003867601e-06, 1.22978903505e-07, 2.36573669099e-07, 7.36936129897e-08, 1.02947666392e-07, 2.00312342713e-07, 1.28395001298e-07, 8.92556641929e-08, 5.94486131433e-08, 6.103775263e-08, 9.37511615007e-08, 4.93566254534e-08, 1.72999961023e-08, 1.57775446041e-08, 5.96081628501e-09, 5.79133407896e-09, 2.15565321149e-09, 3.2172806641e-09, 1.52950530019e-09, 1.1721495996e-09, 9.83315207037e-10, 4.89598195319e-10, 4.70680661113e-10, 4.8395421004e-10, 1.52407586551e-10, 8.25657528458e-11, 3.00939828612e-11, 2.80686359572e-11, 3.65022040372e-11, 2.61044103e-11, 1.03387376785e-11, 7.44273653125e-12, 5.28610228506e-12, 5.07430989588e-12, 4.1022784128e-12, 3.59258586421e-12, 4.70620591109e-12]}, "melbands_crest": {"dmean": 2.671895504, "dmean2": 4.45741462708, "dvar": 6.62820768356, "dvar2": 17.7177944183, "max": 32.2663726807, "mean": 10.4452447891, "median": 9.86265850067, "min": 1.60356318951, "var": 13.8340024948}, "melbands_flatness_db": {"dmean": 0.0198952630162, "dmean2": 0.0296410303563, "dvar": 0.00042260371265, "dvar2": 0.000894623342901, "max": 0.407724827528, "mean": 0.16693289578, "median": 0.16071768105, "min": 0.00325674051419, "var": 0.00284242304042}, "melbands_kurtosis": {"dmean": 2.39702224731, "dmean2": 3.85065507889, "dvar": 16.0026359558, "dvar2": 39.4508628845, "max": 74.3301239014, "mean": 3.55271291733, "median": 1.72890281677, "min": -1.69337427616, "var": 31.5629348755}, "melbands_skewness": {"dmean": 0.481221407652, "dmean2": 0.751745700836, "dvar": 0.260756194592, "dvar2": 0.605594277382, "max": 7.16626310349, "mean": 1.49994707108, "median": 1.33318603039, "min": -0.851752340794, "var": 0.961290955544}, "melbands_spread": {"dmean": 6.20761394501, "dmean2": 9.7989397049, "dvar": 50.9143562317, "dvar2": 123.817993164, "max": 175.840133667, "mean": 31.2556419373, "median": 29.1137065887, "min": 2.96443772316, "var": 248.982162476}, "mfcc": {"cov": [[10789.4023438, 150.123016357, -165.389709473, 224.207748413, -175.591873169, 7.09765148163, -127.122543335, 15.5444583893, -55.7255249023, 60.7478752136, -44.9730186462, -77.0849990845, 11.5638942719], [150.123016357, 1512.64306641, -327.470550537, 30.1421451569, 164.902893066, -0.814687728882, 59.1814422607, 119.457115173, 15.379942894, -31.2791252136, 11.3431348801, 42.1512107849, 19.2411994934], [-165.389709473, -327.470550537, 497.08416748, 23.6801509857, 51.5684394836, 37.3232192993, -17.6214160919, -27.8951416016, 31.4717540741, 3.28603315353, 6.9343214035, 35.5202102661, -14.5047445297], [224.207748413, 30.1421451569, 23.6801509857, 188.139083862, 51.3156700134, 24.9802150726, -1.06992006302, 4.91523361206, 16.7109985352, 13.0659856796, 5.26961755753, 1.87430620193, 8.0114107132], [-175.591873169, 164.902893066, 51.5684394836, 51.3156700134, 196.90675354, 34.365737915, 12.1740140915, 19.011806488, 23.6936626434, -5.54057312012, -0.866571366787, 22.0338439941, 16.3583812714], [7.09765148163, -0.814687728882, 37.3232192993, 24.9802150726, 34.365737915, 112.851249695, 52.8539962769, 22.6049003601, 15.3769741058, -5.58897256851, 4.64879655838, 11.5200061798, 9.63864612579], [-127.122543335, 59.1814422607, -17.6214160919, -1.06992006302, 12.1740140915, 52.8539962769, 135.69859314, 61.5677032471, 6.49473142624, 15.0773334503, 22.6527481079, 7.74280881882, 12.0282363892], [15.5444583893, 119.457115173, -27.8951416016, 4.91523361206, 19.011806488, 22.6049003601, 61.5677032471, 107.709854126, 33.2221870422, 11.1623754501, 15.1867837906, 12.2962665558, 13.3823547363], [-55.7255249023, 15.379942894, 31.4717540741, 16.7109985352, 23.6936626434, 15.3769741058, 6.49473142624, 33.2221870422, 91.6781616211, 28.1569728851, 4.840092659, 18.0665607452, 3.3232896328], [60.7478752136, -31.2791252136, 3.28603315353, 13.0659856796, -5.54057312012, -5.58897256851, 15.0773334503, 11.1623754501, 28.1569728851, 92.579574585, 36.4016036987, 3.10865998268, -0.560073912144], [-44.9730186462, 11.3431348801, 6.9343214035, 5.26961755753, -0.866571366787, 4.64879655838, 22.6527481079, 15.1867837906, 4.840092659, 36.4016036987, 75.7593765259, 24.0846405029, 2.06181383133], [-77.0849990845, 42.1512107849, 35.5202102661, 1.87430620193, 22.0338439941, 11.5200061798, 7.74280881882, 12.2962665558, 18.0665607452, 3.10865998268, 24.0846405029, 72.7585983276, 18.7829170227], [11.5638942719, 19.2411994934, -14.5047445297, 8.0114107132, 16.3583812714, 9.63864612579, 12.0282363892, 13.3823547363, 3.3232896328, -0.560073912144, 2.06181383133, 18.7829170227, 69.3384094238]], "icov": [[0.000103562982986, -2.68429230346e-05, 1.89614456758e-06, -0.00014311997802, 0.00015006774629, -0.000119325137348, 0.000196259003133, -0.00013461909839, 0.000143240977195, -0.000157229340402, 0.000103785459942, 5.1760700444e-05, -4.50134575658e-05], [-2.68429230346e-05, 0.00102922297083, 0.000760942522902, -2.25378844334e-05, -0.00100248528179, 0.00032336593722, -8.22808069643e-05, -0.000804775336292, 4.36255795648e-05, 0.00046169597772, -9.39712917898e-05, -0.000711207219865, 0.000438896298874], [1.89614456758e-06, 0.000760942522902, 0.00289513031021, -9.78765965556e-05, -0.00114078493789, -0.000583791465033, 0.000233500992181, 0.000330085895257, -0.000653784605674, 0.000284877343802, -0.000101824836747, -0.00159795070067, 0.00112106255256], [-0.00014311997802, -2.25378844334e-05, -9.78765965556e-05, 0.00620716251433, -0.00155437982175, -0.0011522230925, 0.000597450998612, 0.000216764354263, -0.000596938829403, -0.000711990636773, -0.000529338372871, 0.000785257958341, -0.000500245369039], [0.00015006774629, -0.00100248528179, -0.00114078493789, -0.00155437982175, 0.00721885170788, -0.00147035135888, 0.00040430718218, -4.09368731198e-05, -0.00061571795959, 2.09377740248e-05, 0.000706240709405, -0.00041274385876, -0.00124631985091], [-0.000119325137348, 0.00032336593722, -0.000583791465033, -0.0011522230925, -0.00147035135888, 0.0127481725067, -0.00566342193633, 0.000887152564246, -0.00205522379838, 0.00258514052257, -0.000193418876734, -0.000552850717213, -0.000397928844905], [0.000196259003133, -8.22808069643e-05, 0.000233500992181, 0.000597450998612, 0.00040430718218, -0.00566342193633, 0.0132748531178, -0.00685641542077, 0.00300188804977, -0.00226288638078, -0.00146862585098, 0.000641433463898, -0.000609958660789], [-0.00013461909839, -0.000804775336292, 0.000330085895257, 0.000216764354263, -4.09368731198e-05, 0.000887152564246, -0.00685641542077, 0.0160691849887, -0.00594904785976, 0.00142758421134, -0.00161667203065, 0.000379785982659, -0.00149400171358], [0.000143240977195, 4.36255795648e-05, -0.000653784605674, -0.000596938829403, -0.00061571795959, -0.00205522379838, 0.00300188804977, -0.00594904785976, 0.016106043011, -0.00608698837459, 0.00358170457184, -0.00351902353577, 0.000980244483799], [-0.000157229340402, 0.00046169597772, 0.000284877343802, -0.000711990636773, 2.09377740248e-05, 0.00258514052257, -0.00226288638078, 0.00142758421134, -0.00608698837459, 0.0165263582021, -0.00829268898815, 0.0026445381809, -0.000251870485954], [0.000103785459942, -9.39712917898e-05, -0.000101824836747, -0.000529338372871, 0.000706240709405, -0.000193418876734, -0.00146862585098, -0.00161667203065, 0.00358170457184, -0.00829268898815, 0.0200787112117, -0.00711193773896, 0.00156651658472], [5.1760700444e-05, -0.000711207219865, -0.00159795070067, 0.000785257958341, -0.00041274385876, -0.000552850717213, 0.000641433463898, 0.000379785982659, -0.00351902353577, 0.0026445381809, -0.00711193773896, 0.0194888021797, -0.00512439431623], [-4.50134575658e-05, 0.000438896298874, 0.00112106255256, -0.000500245369039, -0.00124631985091, -0.000397928844905, -0.000609958660789, -0.00149400171358, 0.000980244483799, -0.000251870485954, 0.00156651658472, -0.00512439431623, 0.0166360866278]], "mean": [-649.414001465, 129.860168457, -22.8657398224, 12.5380496979, 3.04634666443, 5.25938940048, 4.33921527863, 8.25441074371, -5.25836992264, -1.40873348713, -2.08537006378, -1.34945237637, -3.47186136246]}, "pitch_salience": {"dmean": 0.0577083788812, "dmean2": 0.0952481478453, "dvar": 0.00262916577049, "dvar2": 0.00707647157833, "max": 0.8688839674, "mean": 0.593555212021, "median": 0.594898700714, "min": 0.279414623976, "var": 0.00661257421598}, "silence_rate_20dB": {"dmean": 0, "dmean2": 0, "dvar": 0, "dvar2": 0, "max": 1, "mean": 1, "median": 1, "min": 1, "var": 0}, "silence_rate_30dB": {"dmean": 0, "dmean2": 0, "dvar": 0, "dvar2": 0, "max": 1, "mean": 1, "median": 1, "min": 1, "var": 0}, "silence_rate_60dB": {"dmean": 0.0128992628306, "dmean2": 0.0258011668921, "dvar": 0.0127337854356, "dvar2": 0.0286183170974, "max": 1, "mean": 0.0849626362324, "median": 0, "min": 0, "var": 0.0777421966195}, "spectral_centroid": {"dmean": 206.153686523, "dmean2": 322.528686523, "dvar": 61188.7578125, "dvar2": 137172.1875, "max": 11910.609375, "mean": 1527.12353516, "median": 1410.62402344, "min": 347.261871338, "var": 835688.6875}, "spectral_complexity": {"dmean": 3.63063073158, "dmean2": 5.28555345535, "dvar": 16.7897605896, "dvar2": 30.5186958313, "max": 60, "mean": 22.7595462799, "median": 22, "min": 0, "var": 120.082221985}, "spectral_contrast_coeffs": {"dmean": [0.0502006113529, 0.0446929819882, 0.0377619117498, 0.0300150811672, 0.0209410563111, 0.016591578722], "dmean2": [0.0846316218376, 0.073692061007, 0.0608578622341, 0.0488680675626, 0.033629257232, 0.0260400548577], "dvar": [0.00180457381066, 0.00133985094726, 0.000928209396079, 0.000577261555009, 0.000302698870655, 0.000246849405812], "dvar2": [0.0047963494435, 0.00362481269985, 0.00235405634157, 0.00149998767301, 0.000712723121978, 0.000563661102206], "max": [-0.310657829046, -0.492944031954, -0.502273440361, -0.58234244585, -0.596590816975, -0.581546247005], "mean": [-0.632599651814, -0.75462192297, -0.756600558758, -0.767664551735, -0.778796851635, -0.775358021259], "median": [-0.637036263943, -0.758332371712, -0.758105397224, -0.768181443214, -0.77983468771, -0.776349067688], "min": [-0.973128080368, -0.975355684757, -0.983467459679, -0.970290243626, -0.966198265553, -0.966206490993], "var": [0.00712980004027, 0.0046892571263, 0.00378685304895, 0.0024946432095, 0.00208617420867, 0.00183508615009]}, "spectral_contrast_valleys": {"dmean": [0.397164195776, 0.372775912285, 0.318001747131, 0.273407787085, 0.239544942975, 0.313131511211], "dmean2": [0.661009430885, 0.598154604435, 0.499722987413, 0.41722625494, 0.339655280113, 0.38291913271], "dvar": [0.139939144254, 0.135880410671, 0.098264105618, 0.078103043139, 0.0862852185965, 0.15456956625], "dvar2": [0.320250600576, 0.302582651377, 0.200595825911, 0.147824257612, 0.147143065929, 0.247309535742], "max": [-5.25914478302, -4.44720649719, -4.88064336777, -5.26063537598, -5.30906677246, -7.24919033051], "mean": [-7.71978712082, -6.94057798386, -7.20310115814, -7.54374408722, -7.67437791824, -10.5564632416], "median": [-7.31265449524, -6.67714548111, -6.9213886261, -7.23230981827, -7.39491796494, -10.30215168], "min": [-28.6207256317, -27.8689956665, -27.8089065552, -27.6952018738, -27.531332016, -27.4327335358], "var": [3.79260373116, 3.84158468246, 3.75669455528, 3.65188312531, 3.71720051765, 3.20797944069]}, "spectral_decrease": {"dmean": 1.71498992785e-09, "dmean2": 2.67316435654e-09, "dvar": 8.40131613968e-18, "dvar2": 1.99328574252e-17, "max": 1.12926358413e-15, "mean": -5.09115416492e-09, "median": -4.31440394522e-09, "min": -3.02231129012e-08, "var": 1.61330196473e-17}, "spectral_energy": {"dmean": 0.00689617916942, "dmean2": 0.0106883533299, "dvar": 0.000133210152853, "dvar2": 0.000314998236718, "max": 0.12868103385, "mean": 0.0210127308965, "median": 0.0178271438926, "min": 1.00785600304e-20, "var": 0.000269194628345}, "spectral_energyband_high": {"dmean": 0.00025337911211, "dmean2": 0.000351513328496, "dvar": 4.33014605505e-07, "dvar2": 9.8127873116e-07, "max": 0.0190845485777, "mean": 0.000577556085773, "median": 0.000218169967411, "min": 7.15198856086e-21, "var": 1.0403610986e-06}, "spectral_energyband_low": {"dmean": 0.00266581960022, "dmean2": 0.00429435446858, "dvar": 4.42952186859e-05, "dvar2": 0.000102850463009, "max": 0.0730140209198, "mean": 0.00484673399478, "median": 0.00319901457988, "min": 2.15837897249e-23, "var": 5.38630119991e-05}, "spectral_energyband_middle_high": {"dmean": 0.00225965678692, "dmean2": 0.00337799591944, "dvar": 1.13501873784e-05, "dvar2": 2.54070673691e-05, "max": 0.0823752358556, "mean": 0.00769123248756, "median": 0.00565208494663, "min": 1.00857399016e-21, "var": 5.18596207257e-05}, "spectral_energyband_middle_low": {"dmean": 0.00407595792785, "dmean2": 0.00663793319836, "dvar": 5.68308932998e-05, "dvar2": 0.000145241312566, "max": 0.0900718867779, "mean": 0.00867808517069, "median": 0.00627323845401, "min": 1.677715042e-22, "var": 7.80120462878e-05}, "spectral_entropy": {"dmean": 0.11647874862, "dmean2": 0.167136177421, "dvar": 0.014417857863, "dvar2": 0.0278709251434, "max": 9.8198928833, "mean": 7.63621520996, "median": 7.62671947479, "min": 6.38239717484, "var": 0.131389439106}, "spectral_flux": {"dmean": 0.0199577622116, "dmean2": 0.0305282138288, "dvar": 0.000712160661351, "dvar2": 0.00150405766908, "max": 0.321697741747, "mean": 0.0746126919985, "median": 0.0678084939718, "min": 6.46537337556e-11, "var": 0.00196153274737}, "spectral_kurtosis": {"dmean": 1.84676110744, "dmean2": 3.12326192856, "dvar": 5.3303360939, "dvar2": 15.0850076675, "max": 42.8425216675, "mean": 5.67355585098, "median": 4.7928109169, "min": -1.25609064102, "var": 14.539273262}, "spectral_rms": {"dmean": 0.000654062663671, "dmean2": 0.000982773024589, "dvar": 8.12582470644e-07, "dvar2": 1.778238925e-06, "max": 0.0112045733258, "mean": 0.00415465701371, "median": 0.00417041219771, "min": 3.13572019912e-12, "var": 3.23917356582e-06}, "spectral_rolloff": {"dmean": 370.891998291, "dmean2": 611.836608887, "dvar": 459881.65625, "dvar2": 1135526.25, "max": 20284.2773438, "mean": 1930.73339844, "median": 1507.32421875, "min": 129.19921875, "var": 4983043.5}, "spectral_skewness": {"dmean": 0.20466311276, "dmean2": 0.3339830935, "dvar": 0.0427259393036, "dvar2": 0.114545986056, "max": 4.57114171982, "mean": 1.63462996483, "median": 1.60079038143, "min": -0.0660235360265, "var": 0.196564361453}, "spectral_spread": {"dmean": 415682.59375, "dmean2": 574435.625, "dvar": 422999392256, "dvar2": 786016829440, "max": 42718644, "mean": 3981922.5, "median": 3533714.25, "min": 1286726.75, "var": 10493850812400.0}, "spectral_strongpeak": {"dmean": 0.581549465656, "dmean2": 1.