{"lowlevel": {"average_loudness": 0.93656784296, "barkbands": {"dmean": [3.44621003023e-05, 0.000740047777072, 0.000377389660571, 0.000427014689194, 0.000934323121328, 0.00131607824005, 0.000813574704807, 0.00163902097847, 0.00230686110444, 0.00116149638779, 0.000718975905329, 0.000730923726223, 0.000445411889814, 0.000709402957, 0.000406050996389, 0.000297849037452, 0.000195768167032, 0.000191812898265, 0.000102285979665, 0.000204224546906, 0.000216089043533, 0.000167851074366, 9.29345405893e-05, 5.29557037225e-05, 1.05126273411e-05, 9.28362720032e-10, 9.74630820494e-10], "dmean2": [5.69059739064e-05, 0.00123461650219, 0.000593283912167, 0.000703928759322, 0.00150052306708, 0.00203916872852, 0.00131321430672, 0.00260820728727, 0.00359756918624, 0.00181462336332, 0.00111008121166, 0.00113102479372, 0.000682713231072, 0.00109480461106, 0.000651673879474, 0.000454377237475, 0.000305703986669, 0.000300652318401, 0.000156436421094, 0.000302443047985, 0.000316096498864, 0.000248314463533, 0.000134555113618, 7.51629122533e-05, 1.5908433852e-05, 1.71411052019e-09, 1.79935011335e-09], "dvar": [4.21995505206e-09, 1.74221406724e-06, 4.28731283364e-07, 6.16812428689e-07, 2.3486286409e-06, 4.79923528474e-06, 3.5997491068e-06, 9.47651460592e-06, 1.62581545737e-05, 6.06747153142e-06, 1.92719494407e-06, 2.13392718251e-06, 9.87671342045e-07, 2.9869397622e-06, 1.07891651169e-06, 8.24381118036e-07, 1.24526692957e-07, 1.32635463501e-07, 5.04217751995e-08, 2.13404632632e-07, 1.8758393594e-07, 2.49535418106e-07, 5.42884777133e-08, 3.31232818951e-08, 1.86978943439e-09, 1.57408045153e-18, 1.72277681658e-18], "dvar2": [1.06388409193e-08, 4.35219908468e-06, 1.01370301309e-06, 1.52871598402e-06, 5.97801044933e-06, 1.0676841157e-05, 8.23142545414e-06, 2.28504013648e-05, 3.64938496205e-05, 1.36842827487e-05, 4.46287367595e-06, 4.48850551038e-06, 2.13476641875e-06, 6.48777813694e-06, 2.50831681115e-06, 1.79449591542e-06, 2.8771705729e-07, 3.10321297547e-07, 1.14879405544e-07, 4.30042149446e-07, 4.08235791838e-07, 5.8957738247e-07, 1.19104129226e-07, 6.47789448749e-08, 4.09706002458e-09, 4.81003086017e-18, 5.26002000853e-18], "max": [0.000988592277281, 0.0201776921749, 0.0135216861963, 0.0158133246005, 0.0185426753014, 0.0385964438319, 0.0319157764316, 0.0521028637886, 0.0731633976102, 0.0444389656186, 0.037389408797, 0.0328765437007, 0.0270147360861, 0.0567525587976, 0.0289552677423, 0.0279946997762, 0.00543043157086, 0.0120187271386, 0.00569109432399, 0.0130885802209, 0.00729436660185, 0.0195290781558, 0.00704580172896, 0.00870711542666, 0.00193186337128, 1.52489540994e-08, 1.55826977988e-08], "mean": [4.92284707434e-05, 0.00140208308585, 0.000647852139082, 0.000606895016972, 0.00167222041637, 0.00238132150844, 0.00134233117569, 0.00260442867875, 0.00420579174533, 0.00212720409036, 0.00127121538389, 0.00136096565984, 0.000722213939298, 0.00131192791741, 0.000607984431554, 0.000457607500721, 0.00033671973506, 0.000326252542436, 0.000173586449819, 0.000358630582923, 0.000357986864401, 0.000257209903793, 0.000139372292324, 7.58282767492e-05, 1.51445865413e-05, 7.85457920927e-10, 8.360624415e-10], "median": [2.41907237069e-05, 0.000555588281713, 0.000229117358685, 0.000283738831058, 0.000906796252821, 0.00122639001347, 0.000427948427387, 0.00106151541695, 0.00183627556544, 0.000679804710671, 0.000449945684522, 0.000495318497997, 0.000238115113461, 0.000428984378232, 0.00024427002063, 0.000160570300068, 0.000162574229762, 0.000159854636877, 8.28813717817e-05, 0.000132551343995, 0.000115425762488, 8.51891527418e-05, 4.45444129582e-05, 1.41690334203e-05, 2.11451720133e-06, 3.44310885358e-10, 3.69505065434e-10], "min": [9.25365585587e-23, 1.99429637752e-23, 7.06527303216e-23, 4.3036382415e-23, 4.14361402034e-23, 6.4902584344e-23, 7.32716096875e-23, 1.63980453259e-23, 6.25287504189e-23, 5.52817755834e-23, 1.96702946344e-22, 1.58082159204e-22, 5.11363620136e-23, 1.23546939489e-22, 1.40210231406e-22, 1.17750780833e-22, 1.72766407369e-22, 1.9504922883e-22, 1.72621522019e-22, 2.4873491161e-22, 4.8654052772e-22, 5.43126618546e-22, 7.64260258959e-22, 7.29777722531e-22, 1.36791368827e-21, 1.56552018959e-21, 2.60641824128e-21], "var": [5.96891913673e-09, 5.1647912187e-06, 1.30090734274e-06, 8.8642599394e-07, 4.57975556856e-06, 1.13954256449e-05, 8.17920772533e-06, 2.01232851396e-05, 4.51698942925e-05, 1.88728990906e-05, 4.62618527308e-06, 7.12220571586e-06, 2.31000694839e-06, 1.18027674034e-05, 1.68260226019e-06, 1.41753025673e-06, 2.47934565323e-07, 2.62225285041e-07, 9.47891720671e-08, 5.73447493935e-07, 3.79710144216e-07, 3.42777155993e-07, 9.02553409787e-08, 9.57003507551e-08, 5.45050893308e-09, 1.33955810086e-18, 1.46947756941e-18]}, "barkbands_crest": {"dmean": 2.6593067646, "dmean2": 4.29946422577, "dvar": 5.57913017273, "dvar2": 13.3716688156, "max": 25.9641342163, "mean": 9.66584873199, "median": 8.8594493866, "min": 2.61168026924, "var": 17.7012767792}, "barkbands_flatness_db": {"dmean": 0.0215854197741, "dmean2": 0.0329004600644, "dvar": 0.000326100474922, "dvar2": 0.000726116762962, "max": 0.361737906933, "mean": 0.178681224585, "median": 0.173255488276, "min": 0.0284204911441, "var": 0.00189909746405}, "barkbands_kurtosis": {"dmean": 1.88846647739, "dmean2": 2.988260746, "dvar": 13.6340560913, "dvar2": 33.7482147217, "max": 146.068588257, "mean": 2.50032186508, "median": 1.19235050678, "min": -1.83444595337, "var": 30.0326862335}, "barkbands_skewness": {"dmean": 0.437419563532, "dmean2": 0.671478688717, "dvar": 0.182587876916, "dvar2": 0.412075340748, "max": 8.86058712006, "mean": 0.984310567379, "median": 0.886774778366, "min": -3.26877236366, "var": 0.741869568825}, "barkbands_spread": {"dmean": 4.70144701004, "dmean2": 6.98155212402, "dvar": 29.0369930267, "dvar2": 59.155506134, "max": 106.223243713, "mean": 17.9734897614, "median": 15.7475585938, "min": 0.716812491417, "var": 121.73323822}, "dissonance": {"dmean": 0.0259661599994, "dmean2": 0.0441091954708, "dvar": 0.000660541467369, "dvar2": 0.00177990028169, "max": 0.500000059605, "mean": 0.453562557697, "median": 0.462003558874, "min": 0.0775920376182, "var": 0.00128997385036}, "dynamic_complexity": 2.90984797478, "erbbands": {"dmean": [0.0239978898317, 0.163571029902, 0.377164006233, 0.910353720188, 2.66512322426, 3.00661540031, 6.95174217224, 11.2265233994, 13.9701089859, 10.9994106293, 44.4842720032, 47.1794395447, 45.995716095, 37.4938545227, 24.240064621, 25.1794261932, 19.0000667572, 24.9893989563, 28.8033924103, 24.0224723816, 10.5864286423, 10.1555213928, 11.8852710724, 5.84447622299, 5.23329305649, 10.324213028, 10.3887701035, 7.45347547531, 5.91884851456, 4.45608520508, 2.21990323067, 1.43493890762, 0.655709683895, 0.196071192622, 0.0339908860624, 0.000863322638907, 4.9639147619e-05, 8.12569214759e-06, 4.73048294225e-06, 7.50939807403e-06], "dmean2": [0.039935130626, 0.273187726736, 0.584985792637, 1.48280215263, 4.54440879822, 4.61328792572, 10.7294521332, 17.6063461304, 22.5489139557, 17.3974704742, 71.2530593872, 73.1825332642, 72.301574707, 57.8917655945, 36.8707122803, 38.7355461121, 28.5426483154, 38.8948440552, 43.742225647, 37.1090812683, 15.738489151, 15.6228294373, 18.7518138885, 8.95489120483, 7.80797052383, 15.4188327789, 15.3215904236, 10.8621749878, 8.72033023834, 6.53911304474, 3.17005968094, 2.03820323944, 0.950943648815, 0.292710781097, 0.0524097234011, 0.00130729412194, 7.15092028258e-05, 1.13196547318e-05, 6.66184223519e-06, 1.10684468382e-05], "dvar": [0.00265469565056, 0.0715510323644, 0.408396422863, 2.45440649986, 36.8171539307, 22.4572753906, 130.784698486, 466.484863281, 999.683837891, 627.957885742, 6625.39111328, 8183.39013672, 9591.3125, 4507.4140625, 2881.57739258, 2540.85180664, 1805.88110352, 2430.0456543, 5927.56347656, 4249.72753906, 403.743713379, 289.316619873, 560.292114258, 131.443283081, 161.953979492, 551.541809082, 507.092315674, 275.05380249, 299.672698975, 166.374710083, 32.6358261108, 22.9326553345, 5.33439970016, 0.614951789379, 0.0185773577541, 1.13421147034e-05, 2.91637984873e-08, 5.180131879e-10, 4.76302886021e-11, 6.21557597058e-11], "dvar2": [0.00628808606416, 0.183896288276, 0.952584505081, 6.19619274139, 99.6947555542, 49.5547523499, 279.854492188, 1069.58361816, 2355.6550293, 1516.92663574, 16073.9482422, 17769.5527344, 21627.90625, 10527.6181641, 6171.44384766, 5579.75146484, 3740.78491211, 5562.26367188, 12100.9384766, 9616.05859375, 847.246765137, 653.968200684, 1377.06005859, 307.918609619, 327.48727417, 1136.96618652, 1110.73657227, 592.875366211, 697.088867188, 393.756011963, 71.2866287231, 45.8185386658, 10.4457197189, 1.30148482323, 0.0402523763478, 2.39017826971e-05, 5.83036339208e-08, 1.00307262496e-09, 9.29987475917e-11, 1.25444987731e-10], "max": [0.924807548523, 5.05879974365, 12.8151664734, 30.1933174133, 83.9207382202, 105.830635071, 282.605438232, 401.845428467, 594.252807617, 536.586181641, 1363.04101563, 1911.0324707, 1748.35229492, 1465.47766113, 1555.41821289, 1565.36816406, 1425.53405762, 1167.32165527, 2510.92211914, 1586.81616211, 416.85534668, 319.234558105, 775.045898438, 345.762359619, 457.320281982, 693.319213867, 475.198883057, 432.041259766, 651.692199707, 544.122314453, 157.46937561, 248.678039551, 77.1449127197, 35.996673584, 6.43784379959, 0.161767318845, 0.00752197019756, 0.000838677049614, 0.000177148423973, 0.000105228296889], "mean": [0.0425624251366, 0.308985680342, 0.727577388287, 1.51011836529, 3.41501522064, 5.9682803154, 13.300198555, 19.1665306091, 24.0661563873, 19.9609775543, 74.124710083, 87.5073242188, 85.2755279541, 71.3390731812, 49.6310348511, 49.4979782104, 35.4478302002, 48.7706985474, 54.7413063049, 36.8551177979, 20.037103653, 19.0358161926, 19.8397598267, 10.5692815781, 9.39729309082, 17.9027938843, 17.6453838348, 12.0855674744, 9.09573364258, 6.93472576141, 3.20754146576, 1.99499857426, 0.950547635555, 0.297225266695, 0.0464982166886, 0.00125293701421, 8.92211683095e-05, 1.6717131075e-05, 1.71573028638e-05, 3.11545591103e-05], "median": [0.0102333081886, 0.142693325877, 0.327954381704, 0.840967595577, 1.49110245705, 2.94572877884, 6.62512397766, 9.17343521118, 8.09094142914, 9.09153079987, 31.9642906189, 38.7144317627, 32.388999939, 27.1759185791, 19.2271556854, 21.0838508606, 14.7627077103, 21.8097305298, 18.1044845581, 15.2858123779, 9.92165660858, 9.86592769623, 9.77329158783, 5.55859661102, 4.4748005867, 6.46490287781, 5.51387643814, 3.82489323616, 3.04227209091, 2.36280870438, 1.00543272495, 0.395450800657, 0.169824257493, 0.050198815763, 0.00520757120103, 0.000199636851903, 3.01943327941e-05, 7.54235043132e-06, 1.47854498209e-05, 2.92237891699e-05], "min": [1.3745024565e-21, 3.86600953853e-21, 5.55363182531e-20, 1.38672797189e-19, 1.54996495719e-19, 1.19318192572e-19, 1.19022217009e-19, 6.763892058e-19, 8.66778058669e-19, 1.10494734526e-18, 5.35981138782e-19, 1.41363781158e-18, 1.5811171736e-18, 3.43165493092e-18, 8.3518226149e-18, 6.75293584399e-18, 3.19919670607e-18, 6.24633114578e-18, 7.24592763086e-18, 5.52286078407e-18, 9.0406233556e-18, 7.32866554445e-18, 7.99370221333e-18, 1.10043294503e-17, 9.97359954132e-18, 1.4018037935e-17, 1.40476361117e-17, 2.12983440193e-17, 2.13766101945e-17, 1.66895186393e-17, 2.24361690022e-17, 1.72394630521e-17, 1.18326581895e-17, 1.35919811897e-17, 1.02828219882e-17, 5.47467585903e-18, 3.23634331943e-18, 1.01898539184e-18, 3.36786534702e-19, 4.5367657736e-20], "var": [0.00799376983196, 0.201467975974, 1.31222784519, 4.16656160355, 35.5068359375, 71.9612045288, 375.381408691, 968.436767578, 2281.40380859, 1533.78173828, 15023.2871094, 23027.1152344, 26462.7363281, 13426.1855469, 8625.07519531, 8720.41601563, 4782.015625, 7264.18115234, 23278.7304688, 6317.62158203, 959.087280273, 667.355102539, 934.263977051, 260.991027832, 368.038330078, 1443.23156738, 1102.31408691, 528.094299316, 426.817749023, 225.227127075, 53.0180358887, 57.2041625977, 16.1628322601, 1.95271074772, 0.0542503483593, 3.50056507159e-05, 9.93600863808e-08, 1.75794134805e-09, 1.89203944179e-10, 3.28706589725e-10]}, "erbbands_crest": {"dmean": 3.09128212929, "dmean2": 4.9511179924, "dvar": 7.94367980957, "dvar2": 19.2526435852, "max": 32.3698387146, "mean": 10.5314435959, "median": 9.36798381805, "min": 2.51816296577, "var": 26.2776927948}, "erbbands_flatness_db": {"dmean": 0.0194528717548, "dmean2": 0.0289334841073, "dvar": 0.000297388440231, "dvar2": 0.000600507191848, "max": 0.4134362638, "mean": 0.227572664618, "median": 0.224360913038, "min": 0.053838390857, "var": 0.00198639999144}, "erbbands_kurtosis": {"dmean": 1.4294257164, "dmean2": 2.25690817833, "dvar": 9.19300174713, "dvar2": 22.8210163116, "max": 105.642181396, "mean": 1.56950998306, "median": 0.426791936159, "min": -1.78742897511, "var": 20.7273197174}, "erbbands_skewness": {"dmean": 0.412579089403, "dmean2": 0.643450379372, "dvar": 0.158208712935, "dvar2": 0.364575743675, "max": 8.67772006989, "mean": 0.692716658115, "median": 0.630016326904, "min": -4.02416658401, "var": 0.723183393478}, "erbbands_spread": {"dmean": 6.52210521698, "dmean2": 9.69914531708, "dvar": 52.7145309448, "dvar2": 105.066444397, "max": 109.338867188, "mean": 27.5874462128, "median": 25.204334259, "min": 1.67251169682, "var": 222.755569458}, "gfcc": {"cov": [[8736.84765625, -440.186401367, -786.244140625, 663.639282227, -554.898132324, 421.274230957, -257.349243164, 4.7086725235, -139.704788208, -133.01612854, 6.01457452774, -187.462677002, 45.6426239014], [-440.186401367, 1268.82458496, 108.086105347, 65.4883880615, 449.164978027, -247.241500854, 270.819854736, -174.152999878, 152.531906128, -144.465652466, 12.9807453156, -15.703950882, -83.2800521851], [-786.244140625, 108.086105347, 476.826263428, 97.0736160278, 72.3236160278, 57.686920166, -41.5919265747, 83.3993148804, -17.568365097, 19.4364261627, -4.5577750206, 5.82511138916, -4.67685604095], [663.639282227, 65.4883880615, 97.0736160278, 592.858154297, 163.405944824, -56.1383972168, -38.1106262207, -50.5788955688, 71.2262802124, -45.5692558289, -36.7417602539, -11.1634588242, -62.0945205688], [-554.898132324, 449.164978027, 72.3236160278, 163.405944824, 421.360961914, -66.8801651001, 123.441558838, -45.501411438, 77.9896621704, -13.313996315, -32.990032196, 8.58160877228, -46.38306427], [421.274230957, -247.241500854, 57.686920166, -56.1383972168, -66.8801651001, 331.15536499, 24.8713779449, 101.062774658, -78.1243667603, 21.3688335419, 27.1176776886, -25.5924339294, 13.7576532364], [-257.349243164, 270.819854736, -41.5919265747, -38.1106262207, 123.441558838, 24.8713779449, 261.042449951, -20.4260692596, 57.2890472412, -39.2711982727, 16.7162780762, 11.1363010406, -41.5324897766], [4.7086725235, -174.152999878, 83.3993148804, -50.5788955688, -45.501411438, 101.062774658, -20.4260692596, 178.938674927, -7.54282188416, 50.4686889648, -7.12394714355, -3.41172456741, 44.625087738], [-139.704788208, 152.531906128, -17.568365097, 71.2262802124, 77.9896621704, -78.1243667603, 57.2890472412, -7.54282188416, 153.154373169, 0.311908513308, -4.51384878159, 2.51302504539, -19.554227829], [-133.01612854, -144.465652466, 19.4364261627, -45.5692558289, -13.313996315, 21.3688335419, -39.2711982727, 50.4686889648, 0.311908513308, 140.322174072, 24.2276515961, 17.464138031, 34.8121185303], [6.01457452774, 12.9807453156, -4.5577750206, -36.7417602539, -32.990032196, 27.1176776886, 16.7162780762, -7.12394714355, -4.51384878159, 24.2276515961, 95.9805984497, 24.7570724487, 5.00888872147], [-187.462677002, -15.703950882, 5.82511138916, -11.1634588242, 8.58160877228, -25.5924339294, 11.1363010406, -3.41172456741, 2.51302504539, 17.464138031, 24.7570724487, 81.3984451294, 25.2475528717], [45.6426239014, -83.2800521851, -4.67685604095, -62.0945205688, -46.38306427, 13.7576532364, -41.5324897766, 44.625087738, -19.554227829, 34.8121185303, 5.00888872147, 25.2475528717, 107.74848938]], "icov": [[0.000411539862398, -0.000874131801538, 0.0012489015935, -0.00106810871512, 0.00117361440789, -0.00112538400572, 0.00067078822758, -0.000571680720896, 0.000444424134912, -0.000408167456044, 0.00045713208965, -9.88789252006e-05, -5.26105759491e-05], [-0.000874131801538, 0.00489967316389, -0.00395647622645, 0.00309532182291, -0.00501604378223, 0.00429941387847, -0.00313663994893, 0.00263283238746, -0.00181862269528, 0.00334057863802, -0.00339585728943, 0.00278657581657, -0.00114275340457], [0.0012489015935, -0.00395647622645, 0.00701126968488, -0.00393245369196, 0.00388253782876, -0.00441060215235, 0.00347732636146, -0.00393092213199, 0.00222809286788, -0.0020989975892, 0.00204696762376, -0.00194605800789, 0.00109728507232], [-0.00106810871512, 0.00309532182291, -0.00393245369196, 0.00538663705811, -0.00460738409311, 0.00304645020515, -0.000891445321031, 0.00235826848075, -0.00262997602113, 0.00248234230094, -0.00153637852054, 0.000609746726695, 0.000735032896046], [0.00117361440789, -0.00501604378223, 0.00388253782876, -0.00460738409311, 0.009281758219, -0.00434221234173, 0.00116414402146, -0.00190795760136, 0.00150640495121, -0.00429149856791, 0.0048914202489, -0.00267755938694, 0.000988070853055], [-0.00112538400572, 0.00429941387847, -0.00441060215235, 0.00304645020515, -0.00434221234173, 0.00932900514454, -0.00456137023866, -0.000342472747434, 0.00115026114509, 0.00239595328458, -0.00445508630946, 0.00396317057312, -0.000599660968874], [0.00067078822758, -0.00313663994893, 0.00347732636146, -0.000891445321031, 0.00116414402146, -0.00456137023866, 0.00872230902314, -0.00185402703937, -0.00131514423992, 0.000175824330654, 0.000852793105878, -0.00331741105765, 0.00258440920152], [-0.000571680720896, 0.00263283238746, -0.00393092213199, 0.00235826848075, -0.00190795760136, -0.000342472747434, -0.00185402703937, 0.0111290151253, -0.00309249409474, -0.000656313844956, 0.000751803454477, 0.00167582940776, -0.00341270910576], [0.000444424134912, -0.00181862269528, 0.00222809286788, -0.00262997602113, 0.00150640495121, 0.00115026114509, -0.00131514423992, -0.00309249409474, 0.0105065219104, -0.00223456160165, 0.000484116841108, 0.000155284287757, 0.00083243282279], [-0.000408167456044, 0.00334057863802, -0.0020989975892, 0.00248234230094, -0.00429149856791, 0.00239595328458, 0.000175824330654, -0.000656313844956, -0.00223456160165, 0.0120506761596, -0.00510986614972, 0.00101293192711, -0.00201814901084], [0.00045713208965, -0.00339585728943, 0.00204696762376, -0.00153637852054, 0.0048914202489, -0.00445508630946, 0.000852793105878, 0.000751803454477, 0.000484116841108, -0.00510986614972, 0.0160467065871, -0.00623510358855, 0.00153076369315], [-9.88789252006e-05, 0.00278657581657, -0.00194605800789, 0.000609746726695, -0.00267755938694, 0.00396317057312, -0.00331741105765, 0.00167582940776, 0.000155284287757, 0.00101293192711, -0.00623510358855, 0.0182354897261, -0.00545101240277], [-5.26105759491e-05, -0.00114275340457, 0.00109728507232, 0.000735032896046, 0.000988070853055, -0.000599660968874, 0.00258440920152, -0.00341270910576, 0.00083243282279, -0.00201814901084, 0.00153076369315, -0.00545101240277, 0.0138118509203]], "mean": [-33.3885917664, 131.329910278, -173.791351318, 38.3776435852, -83.649887085, 11.1649799347, -22.0542201996, -9.90645503998, 0.177918225527, -14.397436142, -0.792770624161, -16.7865352631, 7.79812717438]}, "hfc": {"dmean": 7.28616523743, "dmean2": 10.1937704086, "dvar": 92.7512130737, "dvar2": 181.478393555, "max": 189.573974609, "mean": 25.0144271851, "median": 20.5767784119, "min": 1.27861264514e-16, "var": 391.273284912}, "melbands": {"dmean": [0.000209306468605, 0.000185884098755, 0.000199588306714, 0.000204854775802, 0.000207346252864, 0.000258161482634, 0.000196831679204, 0.000142639779369, 0.00038882062654, 0.000320489692967, 0.000230680903769, 0.000154368128278, 8.22471411084e-05, 8.50002761581e-05, 5.46680312254e-05, 4.45302139269e-05, 5.28418640897e-05, 5.85539564781e-05, 3.06009787892e-05, 3.01018044411e-05, 1.15656375783e-05, 1.28292558657e-05, 9.67503456195e-06, 9.00713348528e-06, 4.94880850965e-06, 3.40422252521e-06, 4.62880552732e-06, 8.44299847813e-06, 6.58214776195e-06, 5.53792506253e-06, 4.35225820183e-06, 3.62336140824e-06, 2.97207475342e-06, 2.43639715336e-06, 1.43510931139e-06, 9.62731633081e-07, 8.87654948656e-07, 5.43065198144e-07, 2.63705231873e-07, 1.48271752209e-07], "dmean2": [0.00034977690666, 0.000292256270768, 0.000330419192323, 0.000330824841512, 0.000318420672556, 0.000403343117796, 0.000316574063618, 0.000224159608479, 0.000624875363428, 0.000496121880133, 0.000361918762792, 0.000239221655647, 0.000126553466544, 0.000130003347294, 8.35857572383e-05, 6.83255420881e-05, 8.27980111353e-05, 8.94698387128e-05, 4.86310236738e-05, 4.56484995084e-05, 1.79351882252e-05, 2.0025714548e-05, 1.53623186634e-05, 1.40913753057e-05, 7.78667254053e-06, 5.22772415934e-06, 7.10514814273e-06, 1.27990115288e-05, 9.82895835477e-06, 8.23158825369e-06, 6.49927778795e-06, 5.43483838555e-06, 4.49642948297e-06, 3.62648461305e-06, 2.11685096474e-06, 1.38958989737e-06, 1.29137879412e-06, 8.03985699349e-07, 4.00579097004e-07, 2.25212261284e-07], "dvar": [1.65626872217e-07, 7.79030031595e-08, 1.26396841438e-07, 1.38889163281e-07, 1.02498702859e-07, 2.16084771409e-07, 1.89065218592e-07, 1.04843579152e-07, 4.98026906826e-07, 3.95106553697e-07, 2.42877462142e-07, 7.99585890832e-08, 3.06585015153e-08, 3.24466959967e-08, 1.49134606886e-08, 9.76739933378e-09, 1.22471446318e-08, 2.7886240872e-08, 5.61199708926e-09, 8.09819766801e-09, 5.05752384417e-10, 5.33091126798e-10, 3.14787307332e-10, 3.2104821579e-10, 1.11924969293e-10, 6.24688981099e-11, 1.25011792584e-10, 4.33106411846e-10, 2.00327143762e-10, 1.39355499362e-10, 1.09516680447e-10, 1.12710084321e-10, 8.5289011964e-11, 4.54522565418e-11, 1.40331522444e-11, 6.96791626134e-12, 1.10324822195e-11, 3.62180771485e-12, 1.01679439608e-12, 3.8728108177e-13], "dvar2": [4.07571093319e-07, 1.84492691346e-07, 3.25339613028e-07, 3.57261825457e-07, 2.23293056933e-07, 4.96164545893e-07, 4.44283301704e-07, 2.56312148394e-07, 1.22686037685e-06, 8.61846899625e-07, 5.48164166503e-07, 1.86183839901e-07, 7.07767711106e-08, 6.66480346467e-08, 3.12367340882e-08, 2.08456256701e-08, 2.78582863444e-08, 5.66676376934e-08, 1.33286048865e-08, 1.74730061531e-08, 1.15732179395e-09, 1.22833632155e-09, 7.60546958745e-10, 7.4417205731e-10, 2.75776623759e-10, 1.37461805827e-10, 2.69665928476e-10, 9.1331492369e-10, 4.37211489235e-10, 3.08280012629e-10, 2.4198312798e-10, 2.62339705515e-10, 2.09712427979e-10, 1.06004947875e-10, 3.23379899247e-11, 1.35503682927e-11, 2.34323515452e-11, 7.38471436779e-12, 2.19409321441e-12, 8.40599779454e-13], "max": [0.00678654201329, 0.00505102286115, 0.00519182812423, 0.00463125389069, 0.0074298819527, 0.00873269047588, 0.00754141295329, 0.00791079364717, 0.0112769398838, 0.0128719527274, 0.00848722923547, 0.00561945326626, 0.00606682896614, 0.00458463421091, 0.00316063058563, 0.0020938469097, 0.00252043339424, 0.00571508938447, 0.00159502692986, 0.00265919789672, 0.000465751392767, 0.000463126518298, 0.000416010385379, 0.0006773127825, 0.000281818094663, 0.000276230101008, 0.000431757973274, 0.000660902878735, 0.000285310408799, 0.000301967840642, 0.000276614533504, 0.00038323411718, 0.000378738477593, 0.000262602959992, 0.000110107692308, 8.81013111211e-05, 0.000185715034604, 6.31117727607e-05, 3.48776629835e-05, 3.41766681231e-05], "mean": [0.000389377441024, 0.000391773151932, 0.000309387745801, 0.00033651132253, 0.000415294227423, 0.000455474597402, 0.000337098143063, 0.000244536204264, 0.000643447798211, 0.000580962805543, 0.000414308655309, 0.000283812638372, 0.000159337258083, 0.000157902177307, 9.67666564975e-05, 7.50132530811e-05, 9.5524264907e-05, 0.000105084087409, 4.58045615233e-05, 4.44856050308e-05, 1.95237516891e-05, 2.17064716708e-05, 1.61909210874e-05, 1.51045051098e-05, 7.99388180894e-06, 5.78134859097e-06, 7.53842277845e-06, 1.36611988637e-05, 1.10763321572e-05, 8.72597593116e-06, 6.57595455777e-06, 5.40291148354e-06, 4.26525593866e-06, 3.75828722099e-06, 1.98578072741e-06, 1.29721547637e-06, 1.17663944366e-06, 7.40891721307e-07, 3.80728323535e-07, 2.09928415984e-07], "median": [0.00012834375957, 0.000207676916034, 0.000175959838089, 0.00015935463307, 0.000222480375669, 0.000231185622397, 0.000114462680358, 9.72790439846e-05, 0.000255752209341, 0.000235868952586, 0.000139884345117, 9.13220355869e-05, 5.84835033806e-05, 5.53356730961e-05, 3.55523043254e-05, 2.72909237538e-05, 3.8418929762e-05, 2.6712727049e-05, 1.92584411707e-05, 1.43873930938e-05, 9.55471841735e-06, 1.0109672985e-05, 8.23607661005e-06, 7.28510804038e-06, 3.81263498639e-06, 2.67743189397e-06, 3.08439393848e-06, 4.30616319136e-06, 3.49928700416e-06, 2.63279616775e-06, 1.88483647889e-06, 1.68927704181e-06, 1.42831015637e-06, 1.19059222925e-06, 5.99565794346e-07, 2.75182912901e-07, 1.97334202312e-07, 1.20763999689e-07, 5.99487108843e-08, 2.56159147227e-08], "min": [1.44909062455e-23, 2.11235524956e-23, 2.4780123162e-23, 1.03458208418e-23, 4.13287304803e-24, 1.47112272078e-23, 1.43908076853e-23, 9.95085238608e-24, 4.63467693617e-24, 9.11891178683e-24, 7.89557784945e-24, 1.22705246992e-23, 2.90117450293e-23, 1.72670639655e-23, 1.23762494154e-23, 6.00348510751e-24, 1.28079827336e-23, 1.04183550243e-23, 1.0681294197e-23, 6.9812880603e-24, 1.24438177185e-23, 8.76843508613e-24, 5.4116011926e-24, 8.57992809536e-24, 8.45269666426e-24, 8.62903705329e-24, 6.43424221038e-24, 9.69322855824e-24, 5.650140503e-24, 1.32911986923e-23, 1.2511916925e-23, 1.11398866513e-23, 1.10373355225e-23, 8.88212019777e-24, 1.24040054863e-23, 1.4612849942e-23, 8.88367898692e-24, 7.45065477688e-24, 1.08199491228e-23, 1.13671211905e-23], "var": [4.97173857639e-07, 2.84484798385e-07, 1.7329851687e-07, 2.30381232313e-07, 3.03185714756e-07, 4.69444700002e-07, 4.32534022821e-07, 2.49784676498e-07, 1.16037438147e-06, 1.11443341666e-06, 6.85561076352e-07, 2.44340867539e-07, 7.92149990048e-08, 1.07534084748e-07, 4.15991259217e-08, 2.438520319e-08, 3.45068258412e-08, 1.12721146195e-07, 8.19644530026e-09, 1.40014044803e-08, 9.57633083942e-10, 1.07891218182e-09, 5.61922286479e-10, 5.96017513121e-10, 1.79401604683e-10, 1.26832030989e-10, 2.61549143454e-10, 1.08710629387e-09, 4.57658744235e-10, 2.62582039445e-10, 1.95972141293e-10, 1.63564023437e-10, 1.00894508026e-10, 6.65399541022e-11, 2.02756110512e-11, 1.55988312545e-11, 2.53806749922e-11, 9.91868739919e-12, 3.13206166731e-12, 1.08697458586e-12]}, "melbands_crest": {"dmean": 3.44783115387, "dmean2": 5.59518289566, "dvar": 9.22786712646, "dvar2": 22.4853897095, "max": 32.8846282959, "mean": 12.6788072586, "median": 11.6053152084, "min": 1.86954510212, "var": 27.2936878204}, "melbands_flatness_db": {"dmean": 0.0265646092594, "dmean2": 0.0371085517108, "dvar": 0.000564937363379, "dvar2": 0.00100396492053, "max": 0.422600150108, "mean": 0.188635841012, "median": 0.183468565345, "min": 0.00562322838232, "var": 0.00363143719733}, "melbands_kurtosis": {"dmean": 3.24937462807, "dmean2": 5.1415104866, "dvar": 33.427986145, "dvar2": 79.4850845337, "max": 164.225570679, "mean": 5.72343301773, "median": 3.37846159935, "min": -1.83956706524, "var": 78.368850708}, "melbands_skewness": {"dmean": 0.512666225433, "dmean2": 0.785705566406, "dvar": 0.273788720369, "dvar2": 0.604854047298, "max": 9.51008319855, "mean": 1.48044872284, "median": 1.34251916409, "min": -1.6007796526, "var": 1.22764408588}, "melbands_spread": {"dmean": 6.79269790649, "dmean2": 10.0916290283, "dvar": 72.2842102051, "dvar2": 146.137435913, "max": 199.442352295, "mean": 24.2231903076, "median": 20.9069423676, "min": 0.937193036079, "var": 269.557220459}, "mfcc": {"cov": [[6610.28613281, -652.671203613, -284.355987549, 163.197341919, -184.006332397, 242.908843994, -88.9467926025, 101.991043091, -130.565582275, -6.47609329224, -209.16116333, 54.0559425354, -58.7670783997], [-652.671203613, 1306.99450684, -181.229934692, 198.940948486, 54.1124687195, 64.2728347778, 56.0996170044, 70.8173980713, 22.7212753296, -5.19672012329, 93.1758422852, -60.6331710815, -10.5458374023], [-284.355987549, -181.229934692, 458.105133057, -41.6852989197, 85.0428237915, -37.4392204285, 39.9701499939, 7.70093250275, -0.701199114323, 7.73595142365, 5.4603099823, 21.6033420563, -2.82258224487], [163.197341919, 198.940948486, -41.6852989197, 631.30291748, 183.065322876, 95.0573272705, -109.898880005, 25.2955970764, 18.8770980835, -18.1105880737, -5.60477828979, 40.3693237305, -24.5414199829], [-184.006332397, 54.1124687195, 85.0428237915, 183.065322876, 279.533874512, 27.6845874786, 13.3703966141, -10.4915351868, 51.6489143372, -7.45718574524, 33.8837852478, -4.85357522964, -15.4812660217], [242.908843994, 64.2728347778, -37.4392204285, 95.0573272705, 27.6845874786, 186.571929932, 50.9618339539, 61.426197052, -23.858789444, 27.3388061523, 1.42729377747, 9.74445915222, -13.5257692337], [-88.9467926025, 56.0996170044, 39.9701499939, -109.898880005, 13.3703966141, 50.9618339539, 204.879699707, 48.8327255249, 15.4797515869, 1.30100417137, 35.9943733215, -18.541765213, 21.9831237793], [101.991043091, 70.8173980713, 7.70093250275, 25.2955970764, -10.4915351868, 61.426197052, 48.8327255249, 162.619415283, 7.15654659271, 32.4271278381, -3.63676667213, 6.9243888855, -8.13947486877], [-130.565582275, 22.7212753296, -0.701199114323, 18.8770980835, 51.6489143372, -23.858789444, 15.4797515869, 7.15654659271, 141.041809082, 20.5261745453, 25.9366855621, -19.6845340729, 24.4810180664], [-6.47609329224, -5.19672012329, 7.73595142365, -18.1105880737, -7.45718574524, 27.3388061523, 1.30100417137, 32.4271278381, 20.5261745453, 108.901260376, 16.1825885773, 6.54760122299, -8.89951610565], [-209.16116333, 93.1758422852, 5.4603099823, -5.60477828979, 33.8837852478, 1.42729377747, 35.9943733215, -3.63676667213, 25.9366855621, 16.1825885773, 114.353439331, 3.70449590683, 13.2678499222], [54.0559425354, -60.6331710815, 21.6033420563, 40.3693237305, -4.85357522964, 9.74445915222, -18.541765213, 6.9243888855, -19.6845340729, 6.54760122299, 3.70449590683, 96.6431503296, 11.0290241241], [-58.7670783997, -10.5458374023, -2.82258224487, -24.5414199829, -15.4812660217, -13.5257692337, 21.9831237793, -8.13947486877, 24.4810180664, -8.89951610565, 13.2678499222, 11.0290241241, 99.5597839355]], "icov": [[0.000189336540643, 0.000117992982268, 0.000119019648992, -6.11840296187e-05, 9.8486081697e-05, -0.000224061353947, 2.24568047997e-05, -8.821686788e-05, 4.10592074331e-05, 5.74061850784e-05, 0.000181352035725, -3.68429778064e-06, 5.65295122215e-05], [0.000117992982268, 0.00107524602208, 0.000445954821771, -0.000454263528809, 0.000100229488453, 4.06534763897e-06, -0.000295703212032, -0.000479608628666, 0.000224272851483, 0.000138587798574, -0.000762109528296, 0.000734574568924, 0.000103859005321], [0.000119019648992, 0.000445954821771, 0.00285166525282, 0.00013294845121, -0.00119982461911, 0.000935843330808, -0.000727757345885, -0.000549354066607, 0.000657765020151, -0.000403022539103, 0.000192165694898, -0.000595582823735, 0.000130061947857], [-6.11840296187e-05, -0.000454263528809, 0.00013294845121, 0.00309866573662, -0.00192036235239, -0.00163169472944, 0.00228421762586, -0.000572201155592, -0.000552385929041, 0.00103181076702, 0.00028185948031, -0.00121355138253, -6.31409639027e-05], [9.8486081697e-05, 0.000100229488453, -0.00119982461911, -0.00192036235239, 0.00601746328175, -0.000700346194208, -0.0010192632908, 0.00118248118088, -0.00197074259631, 0.000644201820251, -0.00117546471301, 0.000616173492745, 0.00135421426967], [-0.000224061353947, 4.06534763897e-06, 0.000935843330808, -0.00163169472944, -0.000700346194208, 0.00891953427345, -0.00320405187085, -0.00166834529955, 0.00245389016345, -0.00257069477811, 0.000290867785225, -0.00020278627926, 0.000316949590342], [2.24568047997e-05, -0.000295703212032, -0.000727757345885, 0.00228421762586, -0.0010192632908, -0.00320405187085, 0.00832930393517, -0.00207276898436, -0.000735377485398, 0.00189674354624, -0.00186660606414, 0.00100359658245, -0.00159006984904], [-8.821686788e-05, -0.000479608628666, -0.000549354066607, -0.000572201155592, 0.00118248118088, -0.00166834529955, -0.00207276898436, 0.00839734170586, -0.00107207568362, -0.00192088633776, 0.00126122671645, -0.000896769284736, 0.00086509285029], [4.10592074331e-05, 0.000224272851483, 0.000657765020151, -0.000552385929041, -0.00197074259631, 0.00245389016345, -0.000735377485398, -0.00107207568362, 0.00980702321976, -0.00260646804236, -0.0010289986385, 0.00231607886963, -0.00273177004419], [5.74061850784e-05, 0.000138587798574, -0.000403022539103, 0.00103181076702, 0.000644201820251, -0.00257069477811, 0.00189674354624, -0.00192088633776, -0.00260646804236, 0.0115899145603, -0.00194907817058, -0.000905975233763, 0.00150358362589], [0.000181352035725, -0.000762109528296, 0.000192165694898, 0.00028185948031, -0.00117546471301, 0.000290867785225, -0.00186660606414, 0.00126122671645, -0.0010289986385, -0.00194907817058, 0.0113280126825, -0.00170110748149, -0.000769141537603], [-3.68429778064e-06, 0.000734574568924, -0.000595582823735, -0.00121355138253, 0.000616173492745, -0.00020278627926, 0.00100359658245, -0.000896769284736, 0.00231607886963, -0.000905975233763, -0.00170110748149, 0.0126180313528, -0.00228863023221], [5.65295122215e-05, 0.000103859005321, 0.000130061947857, -6.31409639027e-05, 0.00135421426967, 0.000316949590342, -0.00159006984904, 0.00086509285029, -0.00273177004419, 0.00150358362589, -0.000769141537603, -0.00228863023221, 0.0119143174961]], "mean": [-643.318725586, 129.529403687, -23.6271209717, 14.3339958191, -24.633272171, 10.0112323761, -12.790564537, 3.33641123772, 1.22856044769, 4.38554668427, -2.2971842289, -0.248647928238, -6.1214017868]}, "pitch_salience": {"dmean": 0.0674412027001, "dmean2": 0.109420053661, "dvar": 0.00348006072454, "dvar2": 0.00864478480071, "max": 0.943371117115, "mean": 0.573994994164, "median": 0.584710717201, "min": 0.145335093141, "var": 0.0100077241659}, "silence_rate_20dB": {"dmean": 0, "dmean2": 0, "dvar": 0, "dvar2": 0, "max": 1, "mean": 1, "median": 1, "min": 1, "var": 0}, "silence_rate_30dB": {"dmean": 0, "dmean2": 0, "dvar": 0, "dvar2": 0, "max": 1, "mean": 1, "median": 1, "min": 1, "var": 0}, "silence_rate_60dB": {"dmean": 0.0098010096699, "dmean2": 0.0196049306542, "dvar": 0.00970437563956, "dvar2": 0.0224857069552, "max": 1, "mean": 0.0372680015862, "median": 0, "min": 0, "var": 0.0358786657453}, "spectral_centroid": {"dmean": 242.71156311, "dmean2": 346.0546875, "dvar": 75781.4140625, "dvar2": 135750.703125, "max": 10987.203125, "mean": 1333.36169434, "median": 1206.52709961, "min": 259.142211914, "var": 338624.25}, "spectral_complexity": {"dmean": 3.79328775406, "dmean2": 5.4982919693, "dvar": 17.0434398651, "dvar2": 28.9386634827, "max": 57, "mean": 19.9657020569, "median": 19, "min": 0, "var": 89.0537185669}, "spectral_contrast_coeffs": {"dmean": [0.052541911602, 0.052891805768, 0.0423977039754, 0.0331468805671, 0.0261018108577, 0.0504067987204], "dmean2": [0.0851632878184, 0.0867186635733, 0.0684960111976, 0.053699016571, 0.0418414212763, 0.0775667652488], "dvar": [0.00189828476869, 0.00180517346598, 0.00116118439473, 0.000734702392947, 0.000504912924953, 0.00172641361132], "dvar2": [0.00478380033746, 0.00471674697474, 0.0028375138063, 0.00179478456266, 0.00120850850362, 0.00405388418585], "max": [-0.352245777845, -0.39667224884, -0.367067933083, -0.51325160265, -0.572934806347, -0.368937134743], "mean": [-0.658074438572, -0.700465023518, -0.720521748066, -0.755054473877, -0.784246921539, -0.644578158855], "median": [-0.664844870567, -0.709639132023, -0.726482570171, -0.760882973671, -0.790452182293, -0.646377921104], "min": [-0.985544323921, -0.958773672581, -0.968344032764, -0.966577708721, -0.954814970493, -0.959608316422], "var": [0.00725274067372, 0.00685276789591, 0.00566634302959, 0.00314523885027, 0.00205336976796, 0.00614277739078]}, "spectral_contrast_valleys": {"dmean": [0.39208689332, 0.347963690758, 0.305187493563, 0.271716922522, 0.299053966999, 0.764294683933], "dmean2": [0.641723155975, 0.575638055801, 0.485917448997, 0.421157836914, 0.424423515797, 1.10052740574], "dvar": [0.104586258531, 0.0970168560743, 0.0765010640025, 0.0671254098415, 0.0938352644444, 0.469956755638], "dvar2": [0.254948794842, 0.219273015857, 0.153101846576, 0.121143952012, 0.147745653987, 0.924528837204], "max": [-5.77309036255, -4.88230705261, -5.27209949493, -5.99501180649, -5.7547545433, -7.68619298935], "mean": [-7.8343911171, -6.58607339859, -7.05561208725, -7.52828979492, -7.6421790123, -11.4892644882], "median": [-7.60064029694, -6.43142032623, -6.90093183517, -7.36740970612, -7.46014022827, -11.2433643341], "min": [-27.4490585327, -27.1806297302, -27.2175197601, -27.1334457397, -27.3515720367, -27.2564754486], "var": [1.31370484829, 0.927700996399, 1.03335809708, 0.933377683163, 1.11599802971, 2.24607515335]}, "spectral_decrease": {"dmean": 1.42203560038e-09, "dmean2": 2.15906914569e-09, "dvar": 2.05159382797e-18, "dvar2": 4.40200003479e-18, "max": 2.34418688136e-20, "mean": -5.97290172877e-09, "median": -5.74894709615e-09, "min": -1.94989304703e-08, "var": 1.09322787102e-17}, "spectral_energy": {"dmean": 0.00587817560881, "dmean2": 0.00884574558586, "dvar": 3.52771166945e-05, "dvar2": 7.4078248872e-05, "max": 0.0821288004518, "mean": 0.0248119663447, "median": 0.023756030947, "min": 1.12419168606e-20, "var": 0.000192850944586}, "spectral_energyband_high": {"dmean": 0.000592129770666, "dmean2": 0.000820192508399, "dvar": 1.55518421252e-06, "dvar2": 3.23958579429e-06, "max": 0.0306970085949, "mean": 0.00109642487951, "median": 0.0003948994854, "min": 7.94925334646e-21, "var": 3.52016058969e-06}, "spectral_energyband_low": {"dmean": 0.00100687786471, "dmean2": 0.00160592619795, "dvar": 2.26732572628e-06, "dvar2": 5.4937177083e-06, "max": 0.0259135458618, "mean": 0.00239192601293, "median": 0.00133479351643, "min": 1.58197093082e-22, "var": 9.93777575786e-06}, "spectral_energyband_middle_high": {"dmean": 0.00267064617947, "dmean2": 0.00389563292265, "dvar": 1.26491859191e-05, "dvar2": 2.53391935985e-05, "max": 0.0790950804949, "mean": 0.0084014357999, "median": 0.0056688664481, "min": 1.47303640898e-21, "var": 8.18758271635e-05}, "spectral_energyband_middle_low": {"dmean": 0.00469303596765, "dmean2": 0.00731714721769, "dvar": 2.77215222013e-05, "dvar2": 6.58099088469e-05, "max": 0.0761922001839, "mean": 0.0134989004582, "median": 0.0113279204816, "min": 3.11095464262e-22, "var": 9.25278945942e-05}, "spectral_entropy": {"dmean": 0.162706419826, "dmean2": 0.23035351932, "dvar": 0.0241730827838, "dvar2": 0.0442968532443, "max": 9.80383682251, "mean": 7.43243932724, "median": 7.46210575104, "min": 5.67123842239, "var": 0.15306045115}, "spectral_flux": {"dmean": 0.021282993257, "dmean2": 0.0341620668769, "dvar": 0.000405301398132, "dvar2": 0.000998207251541, "max": 0.251249998808, "mean": 0.0838828384876, "median": 0.080606251955, "min": 1.06027908675e-10, "var": 0.00127713230904}, "spectral_kurtosis": {"dmean": 2.1870906353, "dmean2": 3.66490030289, "dvar": 4.84003067017, "dvar2": 12.9935312271, "max": 38.1278762817, "mean": 3.57297492027, "median": 2.66642284393, "min": -1.26188778877, "var": 11.6999578476}, "spectral_rms": {"dmean": 0.000591478485148, "dmean2": 0.000874665507581, "dvar": 3.15512323823e-07, "dvar2": 6.13588099441e-07, "max": 0.00895129423589, "mean": 0.00467587541789, "median": 0.00481420988217, "min": 3.31175538382e-12, "var": 2.34300523516e-06}, "spectral_rolloff": {"dmean": 446.542053223, "dmean2": 716.733093262, "dvar": 572974.1875, "dvar2": 1175229.125, "max": 19853.6132813, "mean": 1605.3828125, "median": 1291.9921875, "min": 86.1328125, "var": 1668497.375}, "spectral_skewness": {"dmean": 0.290073543787, "dmean2": 0.449992150068, "dvar": 0.0666115432978, "dvar2": 0.151814103127, "max": 4.67898416519, "mean": 1.30076694489, "median": 1.23332107067, "min": -0.362845033407, "var": 0.311962783337}, "spectral_spread": {"dmean": 403876.75, "dmean2": 586513.5625, "dvar": 352819806208, "dvar2": 499441434624, "max": 43386140, "mean": 3518511.75, "median": 3379365.75, "min": 1499951.875, "va