{"lowlevel": {"average_loudness": 0.701326608658, "barkbands": {"dmean": [1.67403741216e-05, 0.000665870436933, 0.000553896883503, 0.000837446132209, 0.00204598600976, 0.000607714930084, 0.000390541215893, 0.000279894651612, 0.000299525359878, 0.000154570370796, 0.00021685315005, 0.000209542398807, 0.000273545156233, 0.000183409356396, 0.00020182642038, 0.000241065819864, 0.000316616875352, 0.000166429235833, 0.000169349121279, 5.22543232364e-05, 2.39500041062e-05, 3.54567819159e-05, 3.68299879483e-05, 8.53057463246e-06, 1.18186540021e-06, 1.39900123486e-07, 2.59895238663e-09], "dmean2": [2.65485905402e-05, 0.00105402455665, 0.000866541173309, 0.00130788306706, 0.00325751909986, 0.000906111672521, 0.000564806221519, 0.000403867947171, 0.000423665129347, 0.000212666098378, 0.00030141879688, 0.000306925561745, 0.000399794691475, 0.000265924551059, 0.000301766296616, 0.000342134851962, 0.000452467211289, 0.000247305230005, 0.000238534019445, 7.7910561231e-05, 3.40887709172e-05, 4.93391198688e-05, 5.2230530855e-05, 1.16242263175e-05, 1.79871960881e-06, 2.1523999294e-07, 4.11109857268e-09], "dvar": [3.67435171178e-09, 2.47846764978e-06, 1.19228423046e-06, 2.29329475587e-06, 2.1748312065e-05, 1.79459118499e-06, 2.45053547587e-06, 1.44807177094e-06, 1.21749997106e-06, 4.57418991573e-07, 9.58089003689e-07, 1.0025564734e-06, 1.46229558595e-06, 7.20830030332e-07, 9.9359840533e-07, 9.52858556502e-07, 1.18937725802e-06, 3.75035483557e-07, 6.27627855465e-07, 1.08690628053e-07, 9.53864365272e-09, 3.54650389056e-08, 6.01446998871e-08, 3.47489836905e-09, 4.40676800606e-11, 4.80238353424e-13, 4.99674132357e-17], "dvar2": [8.60320437113e-09, 6.07136144026e-06, 3.01229647448e-06, 5.74781324758e-06, 5.78392828174e-05, 3.92471383748e-06, 4.99841144119e-06, 2.58675163423e-06, 2.49190634349e-06, 7.78055948558e-07, 1.85541716746e-06, 2.1953662781e-06, 2.797846264e-06, 1.35086315822e-06, 2.19141247726e-06, 1.66654649547e-06, 2.22089488489e-06, 7.94156221673e-07, 1.07792538984e-06, 2.00450585908e-07, 1.96067659886e-08, 6.449820944e-08, 1.04971284998e-07, 5.97658189605e-09, 1.08866471393e-10, 1.19109572465e-12, 1.16660577276e-16], "max": [0.00129807251506, 0.0384971573949, 0.026110470295, 0.034055493772, 0.0859779119492, 0.04055602476, 0.0513342581689, 0.0680135786533, 0.0343243330717, 0.0268392637372, 0.0320685841143, 0.0429034121335, 0.0362504050136, 0.0281305611134, 0.0338459089398, 0.0514308251441, 0.0391584895551, 0.0237730909139, 0.0466677285731, 0.0173406209797, 0.00416939379647, 0.00837674830109, 0.0175478626043, 0.00390013423748, 0.000275066413451, 2.23604783969e-05, 3.47884025587e-07], "mean": [2.27770378842e-05, 0.00176164868753, 0.00139764172491, 0.00158124801237, 0.00479704979807, 0.00144475873094, 0.000701867917087, 0.000745747645851, 0.00112154753879, 0.000373784831027, 0.000568976800423, 0.000498143141158, 0.000964818813372, 0.000315360928653, 0.000362307182513, 0.000573796452954, 0.000666481384542, 0.000353803305188, 0.000358341523679, 9.52197078732e-05, 4.08787091146e-05, 6.62161619402e-05, 6.4077838033e-05, 1.20780050565e-05, 1.67740881807e-06, 2.43232619823e-07, 8.73684768976e-09], "median": [1.52374082063e-06, 0.000684974133037, 0.000663600745611, 0.000528543372639, 0.0017040129751, 0.000517118838616, 0.000156715759658, 5.99284758209e-05, 4.44103279733e-05, 3.5280638258e-05, 2.96223570331e-05, 3.25103501382e-05, 2.74051617453e-05, 2.1061681764e-05, 2.78378665826e-05, 4.2510622734e-05, 7.19571253285e-05, 2.83062181552e-05, 3.35547811119e-05, 4.56439556729e-06, 2.79855612462e-06, 3.11450639856e-06, 3.04893546854e-06, 4.85349062274e-07, 1.6755141985e-07, 4.3210480527e-08, 6.48989262331e-09], "min": [1.24882802857e-23, 2.47022010595e-23, 7.38643045514e-24, 7.09703052117e-24, 2.71770312686e-23, 2.85756753426e-23, 1.97593216897e-23, 2.6725790209e-23, 2.8309860772e-23, 2.4294022339e-23, 1.55619600515e-23, 5.23464430878e-23, 6.48564580691e-23, 4.31254763656e-23, 8.45017451818e-23, 1.08319134606e-22, 1.25407490022e-22, 1.62429401258e-22, 1.85419610071e-22, 2.60271213488e-22, 4.01615120056e-22, 3.4506487507e-22, 5.30736781791e-22, 7.83942048243e-22, 1.0531268346e-21, 1.42941454662e-21, 2.06049054805e-21], "var": [4.66171989899e-09, 8.39472522784e-06, 4.21020558861e-06, 6.32662931821e-06, 4.48180508101e-05, 6.9203942985e-06, 5.34431728738e-06, 6.9276998147e-06, 1.48834333231e-05, 2.57718465946e-06, 4.47643651569e-06, 4.72294550491e-06, 1.36630997076e-05, 1.53068231157e-06, 2.22803873839e-06, 7.3932419582e-06, 4.40223675469e-06, 1.20851916563e-06, 2.21772711484e-06, 3.42712809243e-07, 2.84626828773e-08, 1.17882706263e-07, 2.07193167512e-07, 1.01592352308e-08, 7.28506421854e-11, 7.79943709443e-13, 8.02037696828e-17]}, "barkbands_crest": {"dmean": 2.23778343201, "dmean2": 3.54615616798, "dvar": 4.75350379944, "dvar2": 12.3784761429, "max": 26.2375411987, "mean": 12.3651981354, "median": 11.7712230682, "min": 3.68497681618, "var": 16.8503246307}, "barkbands_flatness_db": {"dmean": 0.0180409662426, "dmean2": 0.0265091694891, "dvar": 0.000351517810486, "dvar2": 0.000750961771701, "max": 0.501283764839, "mean": 0.231243222952, "median": 0.227215260267, "min": 0.0393181703985, "var": 0.00354379275814}, "barkbands_kurtosis": {"dmean": 3.99021553993, "dmean2": 6.12732934952, "dvar": 48.5096931458, "dvar2": 113.775695801, "max": 215.874526978, "mean": 10.0540571213, "median": 4.40583992004, "min": -1.94924962521, "var": 287.777587891}, "barkbands_skewness": {"dmean": 0.528679847717, "dmean2": 0.797471821308, "dvar": 0.340664327145, "dvar2": 0.777744710445, "max": 11.2387628555, "mean": 1.95794355869, "median": 1.96947550774, "min": -4.66363430023, "var": 3.02101564407}, "barkbands_spread": {"dmean": 3.48941373825, "dmean2": 5.23153448105, "dvar": 32.6077957153, "dvar2": 67.8910751343, "max": 96.3924179077, "mean": 14.4457416534, "median": 10.6832304001, "min": 0.273793458939, "var": 168.572097778}, "dissonance": {"dmean": 0.0229708570987, "dmean2": 0.0382557362318, "dvar": 0.000604728003964, "dvar2": 0.00164450018201, "max": 0.499940693378, "mean": 0.439348220825, "median": 0.452692002058, "min": 0.159546807408, "var": 0.00249302317388}, "dynamic_complexity": 4.53824281693, "erbbands": {"dmean": [0.0149222007021, 0.168776094913, 0.529330015182, 1.67144715786, 4.71503543854, 8.42431545258, 4.96924781799, 5.52056312561, 6.12242174149, 4.93576097488, 6.18863105774, 6.7444152832, 4.04213666916, 5.42742300034, 8.63345241547, 9.21425247192, 12.7996912003, 7.50473976135, 9.72933387756, 9.59970188141, 12.6532468796, 13.6398239136, 9.63044261932, 9.10789775848, 6.5661816597, 2.09788250923, 1.11396872997, 0.979570388794, 1.21485447884, 1.37711787224, 0.975729107857, 0.322909772396, 0.0789590626955, 0.0208428483456, 0.00501065561548, 0.00118198466953, 0.000154759793077, 1.21422153825e-05, 2.72424290415e-06, 4.99639008922e-06], "dmean2": [0.0245653148741, 0.267013967037, 0.822229981422, 2.63555836678, 7.5078291893, 13.8158092499, 7.53096485138, 8.24283504486, 9.11392211914, 7.3233757019, 8.58882045746, 9.56854724884, 5.852602005, 7.21201086044, 11.8636407852, 13.545800209, 18.5603866577, 10.7225627899, 14.2381572723, 13.7431573868, 17.8689537048, 19.3585243225, 13.95317173, 13.3172740936, 9.26241588593, 2.97223925591, 1.57054829597, 1.36801445484, 1.68105280399, 1.8806489706, 1.39608132839, 0.451817303896, 0.110861085355, 0.0312368422747, 0.00762968463823, 0.00181264732964, 0.000232975609833, 1.77380952664e-05, 3.86172268918e-06, 7.37145228413e-06], "dvar": [0.00173068454023, 0.155292659998, 1.00160014629, 9.6273727417, 83.4985275269, 551.717468262, 93.566734314, 186.372009277, 579.976013184, 452.228363037, 675.206726074, 751.607299805, 245.473892212, 601.611877441, 1619.02111816, 1711.34667969, 3329.5703125, 771.81628418, 2206.61328125, 1603.5826416, 2117.31640625, 2322.49536133, 1232.76843262, 1336.28759766, 1736.53662109, 107.617210388, 20.5663967133, 17.8720245361, 40.2291145325, 73.2502670288, 46.8097267151, 5.28261089325, 0.200744882226, 0.0123077444732, 0.000895312754437, 3.65010600945e-05, 4.98778206293e-07, 3.31742588955e-09, 2.485868629e-11, 5.81870281124e-11], "dvar2": [0.0044751749374, 0.378284871578, 2.4943022728, 25.3595256805, 205.574325562, 1517.08154297, 215.220825195, 427.594451904, 1255.84521484, 832.130249023, 1194.69311523, 1601.55407715, 439.06640625, 1092.96606445, 2989.21020508, 3806.81689453, 6534.77832031, 1574.6472168, 4510.04101562, 3175.16650391, 3839.44604492, 4311.390625, 2588.30957031, 2551.41870117, 3036.67260742, 194.611663818, 38.2035675049, 35.1689910889, 71.4049072266, 146.158035278, 82.1186141968, 9.42426300049, 0.356262505054, 0.027234768495, 0.00229197880253, 9.02778992895e-05, 1.17490912999e-06, 7.90081955415e-09, 4.721538438e-11, 1.27066190903e-10], "max": [0.613930523396, 10.3480243683, 19.272480011, 82.0701217651, 151.544662476, 424.690246582, 239.94833374, 370.054718018, 895.23614502, 869.850158691, 1871.73962402, 877.728210449, 929.26184082, 1130.82922363, 1715.93518066, 1920.59240723, 1968.82653809, 936.705627441, 1539.00622559, 1529.49450684, 2099.984375, 2359.73461914, 1212.40795898, 1206.67724609, 2810.48535156, 667.526184082, 196.540679932, 176.738586426, 261.846618652, 415.214019775, 462.642089844, 147.554077148, 21.274225235, 5.19295883179, 1.01902246475, 0.193902149796, 0.0209797602147, 0.00320204091258, 0.000150715699419, 0.000127047707792], "mean": [0.0304774250835, 0.462381392717, 1.41769528389, 3.86734652519, 11.3522615433, 15.8581647873, 13.0419683456, 12.671713829, 12.794708252, 11.9298334122, 20.2607746124, 26.1589813232, 11.3770914078, 15.0963287354, 22.9485416412, 28.2007160187, 44.7769737244, 17.5786247253, 19.0232543945, 22.3524398804, 34.2895240784, 30.8139019012, 22.9463272095, 19.3248195648, 14.5900478363, 4.17225790024, 1.97613680363, 1.72254109383, 2.24053192139, 2.46299123764, 1.70416200161, 0.497730314732, 0.113793551922, 0.0298928841949, 0.00751640275121, 0.00195835554041, 0.00030346258427, 3.05394314637e-05, 1.24240514197e-05, 2.25485637202e-05], "median": [0.0168762654066, 0.176353275776, 0.70194709301, 1.81141245365, 2.5910923481, 5.01711654663, 3.93106412888, 4.37396717072, 3.50077939034, 2.0002052784, 1.33988773823, 1.20020151138, 1.50566470623, 1.23322212696, 1.46047687531, 1.9195535183, 1.69943535328, 1.45170974731, 1.65421533585, 2.12130618095, 3.1332256794, 4.3012137413, 2.25658583641, 2.30729293823, 1.04108941555, 0.293263942003, 0.126254975796, 0.109042279422, 0.105663582683, 0.143271401525, 0.0661798939109, 0.0183271933347, 0.00588880153373, 0.00228243484162, 0.000994953792542, 0.00030233542202, 6.99833981344e-05, 1.23846202769e-05, 9.37032564252e-06, 1.85548160516e-05], "min": [6.09025105073e-22, 6.03736308934e-21, 9.39628385129e-21, 2.33706925068e-20, 2.72045906355e-20, 8.48633800234e-20, 5.7397894684e-20, 1.86758008194e-19, 1.72579822302e-19, 3.36322951668e-19, 6.79369692643e-19, 8.26879880702e-19, 1.07719419494e-18, 1.39587441812e-18, 6.53844811795e-19, 3.11275984758e-18, 2.77117437286e-18, 2.81025514128e-18, 5.6507247088e-18, 3.96122940076e-18, 5.20296150347e-18, 7.08610723752e-18, 7.30568729421e-18, 1.10908657773e-17, 1.09751580988e-17, 1.24090905799e-17, 1.57726666853e-17, 1.41834459334e-17, 1.30690152726e-17, 1.23258538764e-17, 1.57687855538e-17, 1.12134589071e-17, 1.45304730158e-17, 1.1100963171e-17, 6.10895464401e-18, 4.89909256954e-18, 2.81718567404e-18, 1.10089612481e-18, 3.02578221976e-19, 2.78084324826e-20], "var": [0.00223997957073, 0.597174704075, 3.50739812851, 27.9720897675, 404.705291748, 786.508361816, 486.993835449, 637.837768555, 1265.8416748, 1711.28918457, 4324.95605469, 8318.99707031, 1797.53625488, 3843.09179688, 7438.90283203, 9838.74414062, 27589.8417969, 2622.18676758, 6153.02929688, 7244.52392578, 16987.7148438, 7753.58251953, 4463.75390625, 4553.92773438, 5663.13232422, 438.454803467, 71.4876098633, 57.9676475525, 129.345932007, 225.256225586, 160.206420898, 15.9560832977, 0.573858141899, 0.0263947732747, 0.00112073344644, 5.7059154642e-05, 9.23871425584e-07, 5.28265697852e-09, 1.33509647782e-10, 3.5319627778e-10]}, "erbbands_crest": {"dmean": 2.53811621666, "dmean2": 3.95692396164, "dvar": 6.39417886734, "dvar2": 14.704668045, "max": 33.4797019958, "mean": 12.6820440292, "median": 11.5115413666, "min": 3.03394579887, "var": 31.8114624023}, "erbbands_flatness_db": {"dmean": 0.0150056211278, "dmean2": 0.0213131066412, "dvar": 0.000260340224486, "dvar2": 0.000489063502755, "max": 0.455941557884, "mean": 0.23337508738, "median": 0.231716707349, "min": 0.0508262179792, "var": 0.00245222728699}, "erbbands_kurtosis": {"dmean": 1.65446186066, "dmean2": 2.49952483177, "dvar": 9.76842880249, "dvar2": 19.4671897888, "max": 96.4103851318, "mean": 2.62551856041, "median": 0.386540651321, "min": -1.88701212406, "var": 51.9405174255}, "erbbands_skewness": {"dmean": 0.412769049406, "dmean2": 0.603121876717, "dvar": 0.199721828103, "dvar2": 0.394015789032, "max": 6.85683584213, "mean": 0.275787442923, "median": 0.454639166594, "min": -8.31775379181, "var": 2.39104604721}, "erbbands_spread": {"dmean": 6.1646399498, "dmean2": 9.41045951843, "dvar": 56.9848709106, "dvar2": 127.108078003, "max": 124.601745605, "mean": 31.9129524231, "median": 30.5209026337, "min": 0.953768312931, "var": 303.409179688}, "gfcc": {"cov": [[8468.74414062, -598.993530273, -2247.59863281, 296.850860596, -733.627563477, 110.408691406, 15.5613832474, 9.6089553833, 248.351165771, -178.464355469, 185.382629395, 55.1904830933, -60.1615028381], [-598.993530273, 935.950134277, 362.869750977, -290.858428955, 301.880065918, -113.516242981, 48.269329071, -36.0450019836, 39.3393135071, -49.863117218, 36.9908599854, 12.7184028625, 43.8908882141], [-2247.59863281, 362.869750977, 1310.12841797, 125.74912262, 79.5027770996, 42.296043396, 12.2700948715, -41.576675415, -91.7317657471, 1.17155480385, -44.5222892761, 18.6713562012, 72.3641815186], [296.850860596, -290.858428955, 125.74912262, 635.944702148, 116.127586365, -58.8810653687, -89.8091964722, 0.492517858744, 26.8023281097, 43.58826828, -30.3353977203, -39.7599334717, 99.5786132812], [-733.627563477, 301.880065918, 79.5027770996, 116.127586365, 622.711364746, -71.8153152466, -108.960540771, 12.235575676, 59.0814781189, 69.2661209106, -8.30794525146, -58.0408973694, 94.6584091187], [110.408691406, -113.516242981, 42.296043396, -58.8810653687, -71.8153152466, 324.60055542, 102.790992737, 4.00889730453, 23.0048103333, 46.9513549805, 49.6160354614, 25.0736141205, -45.7389564514], [15.5613832474, 48.269329071, 12.2700948715, -89.8091964722, -108.960540771, 102.790992737, 329.392242432, 121.559143066, -35.6518745422, -8.52219676971, 63.8134040833, 46.5308418274, -60.8688163757], [9.6089553833, -36.0450019836, -41.576675415, 0.492517858744, 12.235575676, 4.00889730453, 121.559143066, 221.115371704, 18.8625259399, -23.9345855713, 35.3844985962, 54.1681785583, 4.52372407913], [248.351165771, 39.3393135071, -91.7317657471, 26.8023281097, 59.0814781189, 23.0048103333, -35.6518745422, 18.8625259399, 164.397949219, 40.5065193176, -8.47454929352, 21.4968681335, 18.6824989319], [-178.464355469, -49.863117218, 1.17155480385, 43.58826828, 69.2661209106, 46.9513549805, -8.52219676971, -23.9345855713, 40.5065193176, 169.809783936, 18.5278453827, -40.2785186768, 8.04280185699], [185.382629395, 36.9908599854, -44.5222892761, -30.3353977203, -8.30794525146, 49.6160354614, 63.8134040833, 35.3844985962, -8.47454929352, 18.5278453827, 128.366333008, 36.4209289551, -37.3735771179], [55.1904830933, 12.7184028625, 18.6713562012, -39.7599334717, -58.0408973694, 25.0736141205, 46.5308418274, 54.1681785583, 21.4968681335, -40.2785186768, 36.4209289551, 133.983764648, 8.3851776123], [-60.1615028381, 43.8908882141, 72.3641815186, 99.5786132812, 94.6584091187, -45.7389564514, -60.8688163757, 4.52372407913, 18.6824989319, 8.04280185699, -37.3735771179, 8.3851776123, 152.494049072]], "icov": [[0.000561902241316, -0.00101213215385, 0.00130965281278, -0.00121495861094, 0.00119180395268, -0.000888351874892, 0.000501494097989, -0.000205483403988, 4.44034740212e-05, 0.000409850646975, -0.000277700833976, 0.000118145435408, -0.000216708198423], [-0.00101213215385, 0.00597001798451, -0.00387530610897, 0.00482630683109, -0.0042651235126, 0.00400484725833, -0.00335278781131, 0.00296089448966, -0.00351436296478, 0.00181396922562, -0.0026461831294, 0.00110769993626, -0.00138214824256], [0.00130965281278, -0.00387530610897, 0.00450856052339, -0.00397467520088, 0.0033484173473, -0.00320438202471, 0.00190768670291, -0.00117345363833, 0.00209610909224, -0.000105764142063, 0.00101374497171, -0.000753687287215, -0.000116602313938], [-0.00121495861094, 0.00482630683109, -0.00397467520088, 0.00619003502652, -0.00390342366882, 0.00361694185995, -0.00231438805349, 0.00175173173193, -0.00251924549229, 0.000451229308965, -0.00160445237998, 0.00124130118638, -0.00166893738788], [0.00119180395268, -0.0042651235126, 0.0033484173473, -0.00390342366882, 0.00576699152589, -0.00277688773349, 0.00284788617864, -0.00235125096515, 0.00111662980635, -0.000860149448272, 0.000208302299143, 0.000813699851278, -0.000633539108094], [-0.000888351874892, 0.00400484725833, -0.00320438202471, 0.00361694185995, -0.00277688773349, 0.00682821683586, -0.00338272587396, 0.00251539656892, -0.00305204116739, -0.000196417007828, -0.00225040712394, 0.000236212625168, -0.000177748661372], [0.000501494097989, -0.00335278781131, 0.00190768670291, -0.00231438805349, 0.00284788617864, -0.00338272587396, 0.00715853879228, -0.00463850097731, 0.00337104848586, -0.00161418400239, 0.000855212507304, -0.000963521248195, 0.0019161652308], [-0.000205483403988, 0.00296089448966, -0.00117345363833, 0.00175173173193, -0.00235125096515, 0.00251539656892, -0.00463850097731, 0.00861020758748, -0.00326051400043, 0.00240224134177, -0.00257346942089, -0.000819588312879, -0.00172612664755], [4.44034740212e-05, -0.00351436296478, 0.00209610909224, -0.00251924549229, 0.00111662980635, -0.00305204116739, 0.00337104848586, -0.00326051400043, 0.0112367076799, -0.00447099143639, 0.00458339275792, -0.00402233423665, 0.00171679328196], [0.000409850646975, 0.00181396922562, -0.000105764142063, 0.000451229308965, -0.000860149448272, -0.000196417007828, -0.00161418400239, 0.00240224134177, -0.00447099143639, 0.0100294500589, -0.00442065531388, 0.00412899581715, -0.00213710940443], [-0.000277700833976, -0.0026461831294, 0.00101374497171, -0.00160445237998, 0.000208302299143, -0.00225040712394, 0.000855212507304, -0.00257346942089, 0.00458339275792, -0.00442065531388, 0.0136651713401, -0.00503441086039, 0.00412967801094], [0.000118145435408, 0.00110769993626, -0.000753687287215, 0.00124130118638, 0.000813699851278, 0.000236212625168, -0.000963521248195, -0.000819588312879, -0.00402233423665, 0.00412899581715, -0.00503441086039, 0.0122096836567, -0.00314984866418], [-0.000216708198423, -0.00138214824256, -0.000116602313938, -0.00166893738788, -0.000633539108094, -0.000177748661372, 0.0019161652308, -0.00172612664755, 0.00171679328196, -0.00213710940443, 0.00412967801094, -0.00314984866418, 0.0102587919682]], "mean": [-102.339561462, 145.59942627, -124.071739197, 42.5313568115, -42.9426269531, -4.33663463593, -39.3900184631, -8.10758590698, -14.9326295853, -18.1419448853, -6.14834356308, -0.591115772724, -10.9079990387]}, "hfc": {"dmean": 3.43621015549, "dmean2": 4.64019489288, "dvar": 52.592792511, "dvar2": 88.0473480225, "max": 207.782562256, "mean": 14.1990919113, "median": 6.14316415787, "min": 1.11553167127e-16, "var": 394.795379639}, "melbands": {"dmean": [0.000157593487529, 0.000255718914559, 0.000364914332749, 0.000471605046187, 0.000219106193981, 0.000120147524285, 8.84871842572e-05, 5.34948776476e-05, 5.59807376703e-05, 3.98347947339e-05, 1.99939859158e-05, 2.21636000788e-05, 2.93448974844e-05, 2.38567627093e-05, 3.365397788e-05, 2.22006128752e-05, 1.51582580656e-05, 1.66480385815e-05, 1.500833514e-05, 1.82869480341e-05, 1.65147775988e-05, 1.66937152244e-05, 1.17079798656e-05, 7.51133211452e-06, 8.10286383057e-06, 5.72193721382e-06, 3.29935528498e-06, 1.14768806725e-06, 7.93835681634e-07, 5.81656934173e-07, 6.02265856742e-07, 6.95119013017e-07, 7.94586526354e-07, 8.06911600648e-07, 6.40025803023e-07, 3.51022379164e-07, 1.50721987779e-07, 6.30141627767e-08, 2.78018639222e-08, 1.42882203846e-08], "dmean2": [0.00025391811505, 0.000394600298023, 0.000571945158299, 0.000762417272199, 0.000342950166669, 0.000181208335562, 0.00013202073751, 7.87768076407e-05, 7.77217137511e-05, 5.62774475839e-05, 2.90655680146e-05, 2.94290039164e-05, 3.92767906305e-05, 3.39550497301e-05, 4.88965124532e-05, 3.16686055157e-05, 2.1838441171e-05, 2.45134979195e-05, 2.19527410081e-05, 2.50858647632e-05, 2.37102321989e-05, 2.36418836721e-05, 1.71385163412e-05, 1.10606106318e-05, 1.18956850201e-05, 8.15024122858e-06, 4.77201410831e-06, 1.64736457009e-06, 1.12346663173e-06, 8.38086862132e-07, 8.69014513682e-07, 1.00876570741e-06, 1.12279190034e-06, 1.14317276712e-06, 9.30794442411e-07, 5.20692879036e-07, 2.11874677802e-07, 9.13875624065e-08, 4.13541059174e-08, 2.19857785311e-08], "dvar": [1.50034750845e-07, 2.44970493668e-07, 3.79085122404e-07, 1.33083801757e-06, 2.06626395993e-07, 8.43668033212e-08, 1.18011662664e-07, 4.96451413312e-08, 4.70491023918e-08, 2.50251943612e-08, 6.56452137093e-09, 1.08298703339e-08, 1.8390570844e-08, 1.3336353355e-08, 2.04938466197e-08, 1.30980337687e-08, 3.44913075878e-09, 6.9804051428e-09, 6.63555077551e-09, 7.72887265299e-09, 3.46611050972e-09, 4.2638350628e-09, 1.89955895458e-09, 9.66096314059e-10, 1.13917497657e-09, 1.77834436066e-09, 4.26577134727e-10, 3.91594048854e-11, 1.43005659398e-11, 6.19983188052e-12, 7.36602445706e-12, 1.33391873935e-11, 2.10061863737e-11, 2.98779473384e-11, 2.11418296064e-11, 5.79314287513e-12, 1.51405580781e-12, 1.37379962007e-13, 1.85947669073e-14, 6.64218503875e-15], "dvar2": [3.81102978508e-07, 5.87150054798e-07, 9.65282879406e-07, 3.57369412995e-06, 5.23489120496e-07, 1.93483415956e-07, 2.53171720033e-07, 8.83360868897e-08, 8.65336389211e-08, 5.2806477413e-08, 1.19714167468e-08, 1.91340188138e-08, 3.41767112388e-08, 2.80913017292e-08, 3.8541806191e-08, 2.25680487631e-08, 7.0111041417e-09, 1.30226416317e-08, 1.44716256756e-08, 1.38354376844e-08, 6.55889031975e-09, 7.73334818405e-09, 4.04757249939e-09, 2.06729766639e-09, 2.18184958989e-09, 3.07058556359e-09, 7.68197727652e-10, 6.49944126296e-11, 2.41150693164e-11, 1.29776796948e-11, 1.53771839012e-11, 2.6235987341e-11, 4.21449715404e-11, 6.52864567963e-11, 3.89102465526e-11, 1.08426522968e-11, 2.82606034928e-12, 2.84926569101e-13, 3.8516061949e-14, 1.64564678074e-14], "max": [0.00760592287406, 0.0114966901019, 0.0141684347764, 0.0209513548762, 0.00733062392101, 0.00920293852687, 0.0121722333133, 0.00838006194681, 0.0141368312761, 0.00512004783377, 0.00446757674217, 0.00482230912894, 0.00469561992213, 0.00478730350733, 0.00617276784033, 0.0043529109098, 0.00208078627475, 0.00332877109759, 0.00282887904905, 0.00510255713016, 0.0022408850491, 0.00342789827846, 0.00251799100079, 0.00190763943829, 0.00110727606807, 0.00320614944212, 0.00100872362964, 0.000516809057444, 0.000214285319089, 0.000129666150315, 9.98384421109e-05, 0.000161078263773, 0.000228798162425, 0.000309485360049, 0.00030236816383, 0.000112235065899, 8.91457966645e-05, 1.60459730978e-05, 6.36589857095e-06, 3.28295345753e-06], "mean": [0.0003876395931, 0.000744375633076, 0.000897913472727, 0.000982681754977, 0.000560078769922, 0.000284820329398, 0.000185059732758, 0.000132095941808, 0.000193696192582, 0.000148297403939, 5.22127702425e-05, 5.74589867028e-05, 7.74998989073e-05, 5.32053200004e-05, 0.000119101991004, 6.63698738208e-05, 2.97242713714e-05, 2.90704701911e-05, 2.70733726211e-05, 4.25052276114e-05, 4.05379905715e-05, 3.45628614014e-05, 2.60486285697e-05, 1.62467495102e-05, 1.56826845341e-05, 1.18643520182e-05, 6.68558141115e-06, 1.96174096345e-06, 1.33716855544e-06, 9.635157312e-07, 9.99343455987e-07, 1.23034271837e-06, 1.36949790885e-06, 1.36939456752e-06, 1.0925141396e-06, 5.53808661152e-07, 2.07401669172e-07, 8.31409749935e-08, 3.88135426022e-08, 1.93273308469e-08], "median": [0.000181934359716, 0.000377540651243, 0.000375074276235, 0.000322752050124, 0.000152233769768, 9.3709124485e-05, 4.95280364703e-05, 1.50796222442e-05, 9.15204054763e-06, 6.93006131769e-06, 6.20333958068e-06, 3.83837914342e-06, 4.11969358538e-06, 4.22707989856e-06, 4.23076699008e-06, 2.37053222918e-06, 2.16956095755e-06, 1.97691770154e-06, 2.06312188311e-06, 2.53162829722e-06, 3.27972475134e-06, 3.69731242245e-06, 2.56391467701e-06, 1.16206911116e-06, 1.59812191214e-06, 7.48412446683e-07, 3.63832668882e-07, 9.20185883047e-08, 5.93944093907e-08, 6.0989336248e-08, 5.0756863601e-08, 4.39140777075e-08, 6.56186855963e-08, 7.77535476004e-08, 3.6077164367e-08, 1.59100110864e-08, 7.03292091231e-09, 3.91957266643e-09, 2.30798780088e-09, 1.58320878629e-09], "min": [7.34110014094e-24, 7.5473722793e-24, 5.1000382115e-24, 4.04758377354e-24, 2.39628963963e-24, 5.03871571461e-24, 3.01604933513e-24, 3.07473368395e-24, 5.34945196948e-24, 4.22109215192e-24, 5.76181480819e-24, 6.13073113254e-24, 1.75321338514e-24, 5.09395214962e-24, 6.64148622537e-24, 4.57245829328e-24, 4.63855221537e-24, 8.34799510062e-24, 6.31644476685e-24, 4.50415161636e-24, 4.60976825866e-24, 7.49611840857e-24, 4.83518013473e-24, 9.03398696608e-24, 8.83738231811e-24, 7.42798449218e-24, 9.38996597158e-24, 7.6911981884e-24, 7.73257867604e-24, 6.0399261426e-24, 8.07602741493e-24, 6.82677229707e-24, 4.40344957751e-24, 7.53549440065e-24, 8.51780766566e-24, 8.3679919357e-24, 6.13066131835e-24, 8.69861221855e-24, 1.01636144831e-23, 8.44459900707e-24], "var": [3.46736214851e-07, 1.01293107946e-06, 1.40694123729e-06, 2.22398875849e-06, 8.78969103724e-07, 3.07704652869e-07, 2.67764761475e-07, 2.17604139152e-07, 3.81611641842e-07, 2.7189801699e-07, 4.59692088839e-08, 6.68486279665e-08, 8.41561984544e-08, 4.35843965363e-08, 1.92840687419e-07, 7.46519930317e-08, 1.01606083547e-08, 2.00072971523e-08, 1.5102418871e-08, 5.31535242487e-08, 2.18054037049e-08, 1.26389947397e-08, 7.46596473533e-09, 2.81832268634e-09, 3.79300324482e-09, 4.87006301952e-09, 1.45123257855e-09, 1.50421675116e-10, 4.89833694439e-11, 1.66193187684e-11, 2.16098510614e-11, 3.843549784e-11, 5.92274077005e-11, 7.94018253925e-11, 6.86484480372e-11, 1.7549472292e-11, 3.92868463456e-12, 3.16959837283e-13, 4.59820813966e-14, 1.05093613933e-14]}, "melbands_crest": {"dmean": 2.55643963814, "dmean2": 4.1213388443, "dvar": 6.42311763763, "dvar2": 16.7368621826, "max": 33.8741722107, "mean": 15.1020202637, "median": 14.5088338852, "min": 1.76133716106, "var": 21.9701023102}, "melbands_flatness_db": {"dmean": 0.0217375718057, "dmean2": 0.0311711784452, "dvar": 0.000577794213314, "dvar2": 0.00112928531598, "max": 0.62146371603, "mean": 0.299976974726, "median": 0.296677291393, "min": 0.0046561723575, "var": 0.00682157091796}, "melbands_kurtosis": {"dmean": 7.3867430687, "dmean2": 11.5492706299, "dvar": 159.941955566, "dvar2": 404.325531006, "max": 359.344665527, "mean": 19.7409210205, "median": 12.6631269455, "min": -1.93539083004, "var": 640.525146484}, "melbands_skewness": {"dmean": 0.64341121912, "dmean2": 0.990747392178, "dvar": 0.534145832062, "dvar2": 1.2848277092, "max": 15.1391334534, "mean": 2.91889166832, "median": 2.9283645153, "min": -3.47491025925, "var": 3.76708221436}, "melbands_spread": {"dmean": 4.80797386169, "dmean2": 7.20986890793, "dvar": 96.060836792, "dvar2": 188.670394897, "max": 228.0027771, "mean": 18.2794971466, "median": 11.0507564545, "min": 0.349165141582, "var": 483.412384033}, "mfcc": {"cov": [[8894.87207031, -1317.95996094, -1609.23144531, -27.6539974213, -748.386352539, 84.1778717041, -513.032714844, 360.974090576, -296.903564453, 117.625068665, 243.24836731, 35.2797775269, 3.36845350266], [-1317.95996094, 1418.07312012, 105.467811584, -152.290283203, 184.520446777, -80.8950271606, 67.5752029419, -2.1201839447, 36.816619873, -77.4799957275, -7.85837364197, -6.93815469742, 56.7592430115], [-1609.23144531, 105.467811584, 1059.31750488, 37.0588989258, -32.6998176575, 83.6329421997, 132.506027222, -6.1232380867, 18.9524269104, -60.7383575439, -94.4885864258, -23.423614502, 45.8378639221], [-27.6539974213, -152.290283203, 37.0588989258, 556.391296387, 224.046768188, -17.8346538544, 4.25594758987, -74.4573059082, 90.7093734741, 19.2990455627, -111.508018494, -25.858259201, 31.7743453979], [-748.386352539, 184.520446777, -32.6998176575, 224.046768188, 582.635375977, 60.6091003418, -23.5868778229, -138.169036865, 106.346473694, 63.2012138367, -107.206192017, -10.9190168381, 17.9177703857], [84.1778717041, -80.8950271606, 83.6329421997, -17.8346538544, 60.6091003418, 263.03414917, 9.04269313812, -48.2504425049, 11.0868434906, 51.4535484314, 41.8694610596, 42.202922821, -7.81271362305], [-513.032714844, 67.5752029419, 132.506027222, 4.25594758987, -23.5868778229, 9.04269313812, 286.509765625, 47.1304969788, 12.8360958099, 26.9735946655, 26.2958717346, 51.73695755, 4.89164113998], [360.974090576, -2.1201839447, -6.1232380867, -74.4573059082, -138.169036865, -48.2504425049, 47.1304969788, 296.3230896, -11.5885839462, -43.4593505859, 84.4030990601, 26.289850235, 33.940486908], [-296.903564453, 36.816619873, 18.9524269104, 90.7093734741, 106.346473694, 11.0868434906, 12.8360958099, -11.5885839462, 193.28742981, 26.5652751923, -51.177532196, 29.2935028076, 7.25219869614], [117.625068665, -77.4799957275, -60.7383575439, 19.2990455627, 63.2012138367, 51.4535484314, 26.9735946655, -43.4593505859, 26.5652751923, 161.878677368, 20.3841571808, -0.839000403881, 9.5669298172], [243.24836731, -7.85837364197, -94.4885864258, -111.508018494, -107.206192017, 41.8694610596, 26.2958717346, 84.4030990601, -51.177532196, 20.3841571808, 225.611968994, 63.7678451538, -29.0516853333], [35.2797775269, -6.93815469742, -23.423614502, -25.858259201, -10.9190168381, 42.202922821, 51.73695755, 26.289850235, 29.2935028076, -0.839000403881, 63.7678451538, 164.206375122, 22.4645595551], [3.36845350266, 56.7592430115, 45.8378639221, 31.7743453979, 17.9177703857, -7.81271362305, 4.89164113998, 33.940486908, 7.25219869614, 9.5669298172, -29.0516853333, 22.4645595551, 150.505203247]], "icov": [[0.000300081766909, 9.113989654e-05, 0.00044100539526, -0.000242083959165, 0.00044728803914, -0.00040214121691, 0.000452890875749, -0.000447147147497, 0.000383798469556, -0.000322790176142, 0.000303624517983, -0.000158026668942, -2.80801232293e-05], [9.113989654e-05, 0.000989807303995, 5.63474022783e-05, 0.000473355903523, -0.000460484501673, 0.000298594532069, -0.000235329032876, 0.000120864453493, -0.000233986807871, 0.000651615206152, -0.000378647411708, 0.00032556662336, -0.000593531585764], [0.00044100539526, 5.63474022783e-05, 0.00186907278839, -0.000423199118813, 0.000905516906641, -0.00132258224767, -2.79710511677e-05, -0.000589622650295, 0.000435391411884, 0.000205807329621, 0.000961531768553, 0.000220436355448, -0.000434964662418], [-0.000242083959165, 0.000473355903523, -0.000423199118813, 0.00283767958172, -0.00137383642141, 0.000822449685074, -0.000759467715397, 0.000722337979823, -0.00113458523992, 0.000737899041269, -6.49874491501e-05, 0.000602477462962, -0.000669957720675], [0.00044728803914, -0.000460484501673, 0.000905516906641, -0.00137383642141, 0.0035516906064, -0.0014268552186, 0.000952609232627, -0.000161151765496, -9.97509141598e-06, -0.00135381682776, 0.00135451776441, -0.000418582814746, 9.68614331214e-05], [-0.00040214121691, 0.000298594532069, -0.00132258224767, 0.000822449685074, -0.0014268552186, 0.00567648559809, -0.000313745433232, 0.00141350377817, -0.000604628992733, -0.000670457142405, -0.00173450249713, -0.000883952016011, 0.000150421095896], [0.000452890875749, -0.000235329032876, -2.79710511677e-05, -0.000759467715397, 0.000952609232627, -0.000313745433232, 0.00518595566973, -0.00158537284005, 0.000924815132748, -0.00222533731721, 0.000710714084562, -0.00203487440012, 0.00084454647731], [-0.000447147147497, 0.000120864453493, -0.000589622650295, 0.000722337979823, -0.000161151765496, 0.00141350377817, -0.00158537284005, 0.00567830679938, -0.00165912508965, 0.00221735052764, -0.00278328778222, 0.00099416077137, -0.00189156853594], [0.000383798469556, -0.000233986807871, 0.000435391411884, -0.00113458523992, -9.97509141598e-06, -0.000604628992733, 0.000924815132748, -0.00165912508965, 0.00750986719504, -0.00213802489452, 0.00260163261555, -0.00260024075396, 0.00116481259465], [-0.000322790176142, 0.000651615206152, 0.000205807329621, 0.000737899041269, -0.00135381682776, -0.000670457142405, -0.00222533731721, 0.00221735052764, -0.00213802489452, 0.00922457966954, -0.00252187391743, 0.00236348807812, -0.00208123004995], [0.000303624517983, -0.000378647411708, 0.000961531768553, -6.49874491501e-05, 0.00135451776441, -0.00173450249713, 0.000710714084562, -0.00278328778222, 0.00260163261555, -0.00252187391743, 0.00843315944076, -0.00327173434198, 0.00236126338132], [-0.000158026668942, 0.00032556662336, 0.000220436355448, 0.000602477462962, -0.000418582814746, -0.000883952016011, -0.00203487440012, 0.00099416077137, -0.00260024075396, 0.00236348807812, -0.00327173434198, 0.00902991462499, -0.00247197435237], [-2.80801232293e-05, -0.000593531585764, -0.000434964662418, -0.000669957720675, 9.68614331214e-05, 0.000150421095896, 0.00084454647731, -0.00189156853594, 0.00116481259465, -0.00208123004995, 0.00236126338132, -0.00247197435237, 0.00843898765743]], "mean": [-743.291442871, 163.742828369, -8.96293544769, 41.398235321, 14.4548988342, 6.28149175644, -12.6546649933, 11.8659515381, -14.3649711609, -8.40058803558, -3.35689067841, -5.10031509399, 0.501025557518]}, "pitch_salience": {"dmean": 0.0600667856634, "dmean2": 0.097199909389, "dvar": 0.00350742740557, "dvar2": 0.00930725317448, "max": 0.837951302528, "mean": 0.503117024899, "median": 0.503687679768, "min": 0.0888806581497, "var": 0.0144257089123}, "silence_rate_20dB": {"dmean": 0, "dmean2": 0, "dvar": 0, "dvar2": 0, "max": 1, "mean": 1, "median": 1, "min": 1, "var": 0}, "silence_rate_30dB": {"dmean": 0, "dmean2": 0, "dvar": 0, "dvar2": 0, "max": 1, "mean": 1, "median": 1, "min": 1, "var": 0}, "silence_rate_60dB": {"dmean": 0.0316975824535, "dmean2": 0.063402608037, "dvar": 0.0306945759803, "dvar2": 0.0664306506515, "max": 1, "mean": 0.126775443554, "median": 0, "min": 0, "var": 0.110698990524}, "spectral_centroid": {"dmean": 166.823425293, "dmean2": 247.966949463, "dvar": 74653.625, "dvar2": 149976.03125, "max": 11551.8876953, "mean": 986.193237305, "median": 787.653503418, "min": 137.586090088, "var": 567049.0625}, "spectral_complexity": {"dmean": 1.92181265354, "dmean2": 2.95597052574, "dvar": 6.54422330856, "dvar2": 12.1189975739, "max": 44, "mean": 9.86453819275, "median": 8, "min": 0, "var": 36.234249115}, "spectral_contrast_coeffs": {"dmean": [0.0458810590208, 0.0403657592833, 0.0319591797888, 0.0286171641201, 0.0236079022288, 0.0164785794914], "dmean2": [0.0751292780042, 0.0654006972909, 0.0511974617839, 0.0447531268001, 0.0358608402312, 0.0251878164709], "dvar": [0.00167110131588, 0.00120801583398, 0.000729422608856, 0.000676658994053, 0.000528723583557, 0.00027328482247], "dvar2": [0.00430510332808, 0.00295697548427, 0.00175852281973, 0.00145357800648, 0.00103916076478, 0.000551206932869], "max": [-0.238385990262, -0.399532616138, -0.429772377014, -0.467082470655, -0.476779222488, -0.550317287445], "mean": [-0.596462905407, -0.684344768524, -0.758617043495, -0.749741017818, -0.735785663128, -0.751275956631], "median": [-0.605691373348, -0.689010024071, -0.77845621109, -0.767367780209, -0.742364048958, -0.752894580364], "min": [-0.967508196831, -0.967378437519, -0.968099117279, -0.965831935406, -0.960509479046, -0.961974859238], "var": [0.0122258299962, 0.00808560661972, 0.0075604962185, 0.00755291245878, 0.00606463430449, 0.00347789609805]}, "spectral_contrast_valleys": {"dmean": [0.373955100775, 0.338653624058, 0.299213945866, 0.287753403187, 0.277234435081, 0.247364610434], "dmean2": [0.616662740707, 0.547873079777, 0.47925901413, 0.442502200603, 0.390741288662, 0.317217200994], "dvar": [0.123479455709, 0.112231954932, 0.0899237915874, 0.102148413658, 0.124346710742, 0.119335658848], "dvar2": [0.29382699728, 0.248284712434, 0.189022287726, 0.193230986595, 0.201888918877, 0.167603865266], "max": [-5.43953227997, -5.00149726868, -5.07388114929, -5.85103178024, -5.84961605072, -8.18464756012], "mean": [-7.71410036087, -7.64954805374, -8.43148136139, -8.7723941803, -8.93168544769, -11.9889526367], "median": [-7.4778213501, -7.53310680389, -8.33792209625, -8.69792175293, -8.98497772217, -12.1414642334], "min": [-27.5413627625, -27.456697464, -27.4169712067, -27.5428085327, -27.3629455566, -27.2988872528], "var": [1.19411349297, 0.993371784687, 0.978744089603, 1.15544617176, 1.30005884171, 0.968420445919]}, "spectral_decrease": {"dmean": 1.04339781259e-09, "dmean2": 1.58131041594e-09, "dvar": 2.6163853056e-18, "dvar2": 6.15010894744e-18, "max": 8.60449887925e-29, "mean": -4.66389726839e-09, "median": -4.04806632659e-09, "min": -2.73067950474e-08, "var": 1.34707239566e-17}, "spectral_energy": {"dmean": 0.00418946798891, "dmean2": 0.00629599159583, "dvar": 4.14392125094e-05, "dvar2": 9.51713809627e-05, "max": 0.105965681374, "mean": 0.0188904814422, "median": 0.0160853695124, "min": 1.03075767768e-20, "var": 0.000230126490351}, "spectral_energyband_high": {"dmean": 0.000109514476208, "dmean2": 0.000144279343658, "dvar": 2.5598984621e-07, "dvar2": 3.90638717818e-07, "max": 0.0220943316817, "mean": 0.000218737244722, "median": 1.8255208488e-05, "min": 7.2235332215e-21, "var": 1.08650442598e-06}, "spectral_energyband_low": {"dmean": 0.00125391222537, "dmean2": 0.00195657112636, "dvar": 5.4003094192e-06, "dvar2": 1.3184009731e-05, "max": 0.0462840460241, "mean": 0.00385345541872, "median": 0.00224773027003, "min": 4.754423655e-23, "var": 2.04296575248e-05}, "spectral_energyband_middle_high": {"dmean": 0.00132427748758, "dmean2": 0.00181889894884, "dvar": 8.44660007715e-06, "dvar2": 1.46035545185e-05, "max": 0.0756769254804, "mean": 0.00502387993038, "median": 0.0011503433343, "min": 1.38070681597e-21, "var": 7.51240077079e-05}, "spectral_energyband_middle_low": {"dmean": 0.00308353989385, "dmean2": 0.00481055537239, "dvar": 3.02398693748e-05, "dvar2": 7.65087243053e-05, "max": 0.100475125015, "mean": 0.0105103617534, "median": 0.00807095877826, "min": 2.6029640655e-22, "var": 9.711606981e-05}, "spectral_entropy": {"dmean": 0.178034871817, "dmean2": 0.254502385855, "dvar": 0.0351537205279, "dvar2": 0.0660977065563, "max": 9.80787944794, "mean": 6.66745853424, "median": 6.65294981003, "min": 4.28318357468, "var": 0.343112200499}, "spectral_flux": {"dmean": 0.0181216578931, "dmean2": 0.0287455432117, "dvar": 0.000512883940246, "dvar2": 0.00114227528684, "max": 0.298250257969, "mean": 0.0528834871948, "median": 0.0435426682234, "min": 6.41067199325e-11, "var": 0.0015185191296}, "spectral_kurtosis": {"dmean": 3.97924375534, "dmean2": 6.84584474564, "dvar": 15.6719779968, "dvar2": 45.5693244934, "max": 66.4918289185, "mean": 9.36956787109, "median": 7.77815532684, "min": -1.21330356598, "var": 48.3834953308}, "spectral_rms": {"dmean": 0.000471771141747, "dmean2": 0.000691908237059, "dvar": 3.89142570612e-07, "dvar2": 8.26167308787e-07, "max": 0.0101676518098, "mean": 0.00389562547207, "median": 0.00396144483238, "min": 3.17114693879e-12, "var": 3.25378960042e-06}, "spectral_rolloff": {"dmean": 240.462921143, "dmean2": 413.347259521, "dvar": 368138.84375, "dvar2": 795309.8125, "max": 19272.2167969, "mean": 1028.48486328, "median": 473.73046875, "min": 107.666015625, "var": 1338995}, "spectral_skewness": {"dmean": 0.379107773304, "dmean2": 0.627699077129, "dvar": 0.119363486767, "dvar2": 0.319470971823, "max": 7.02885770798, "mean": 1.98403871059, "median": 1.92323541641, "min": -0.381785184145, "var": 0.724607765675}, "spectral_spread": {"dmean": 298690.3125, "dmean2": 452178.09375, "dvar": 236701401088, "dvar2": 482390573056, "max": 41432000, "mean": 2911385.5, "median": 2733037.75, "