{"lowlevel": {"average_loudness": 0.478522568941, "barkbands": {"dmean": [0.000113570880785, 0.00587612530217, 0.00148507475387, 0.00110474287067, 0.00110771006439, 0.00058525899658, 0.00037958403118, 0.000748516817112, 0.000719127361663, 0.000493175000884, 0.000366819440387, 0.000341544160619, 0.00025206542341, 0.000273075711448, 0.000247352872975, 0.000214972154936, 0.000169572333107, 8.23510417831e-05, 0.000111449240649, 7.45897777961e-05, 4.90244674438e-05, 4.12787012465e-05, 3.19329265039e-05, 3.06175752485e-05, 2.46236377279e-05, 1.60164909175e-05, 9.23752213566e-06], "dmean2": [0.000165315868799, 0.0101989097893, 0.00274782185443, 0.00177498965058, 0.00171057449188, 0.000814398692455, 0.000564046495128, 0.00110698200297, 0.000995176262222, 0.000693715759553, 0.000529776909389, 0.00051918142708, 0.000380938552553, 0.000409863045206, 0.000394572416553, 0.000350903777871, 0.000271297787549, 0.000134170608362, 0.00018027718761, 0.000119740434457, 7.40681352909e-05, 6.16631441517e-05, 4.56945053884e-05, 4.28985404142e-05, 3.6763769458e-05, 2.67529594566e-05, 1.57159829541e-05], "dvar": [2.16230688466e-07, 0.000760000664741, 6.04080414632e-05, 1.60875006259e-05, 5.74793466512e-06, 2.39348014475e-06, 1.56246949246e-06, 5.33950515091e-06, 5.40787368664e-06, 2.91599212687e-06, 1.69231452674e-06, 8.59320948621e-07, 7.27317683413e-07, 7.77155548803e-07, 7.15256362582e-07, 2.61988532202e-07, 1.67086426472e-07, 4.58248834434e-08, 6.72626399023e-08, 4.05322637675e-08, 1.81540507072e-08, 1.94908764684e-08, 1.31337367648e-08, 1.27908448277e-08, 1.3525956355e-08, 7.78260744738e-09, 1.82504167334e-09], "dvar2": [4.39472330527e-07, 0.00205263728276, 0.000177666908712, 3.31589435518e-05, 1.34080055432e-05, 4.87579018227e-06, 3.6748290313e-06, 1.11474810183e-05, 1.07153373392e-05, 5.67332563151e-06, 3.35881622959e-06, 1.95213988263e-06, 1.61993523307e-06, 1.65077665315e-06, 1.83016163646e-06, 6.86732050781e-07, 4.1132202e-07, 1.0889773705e-07, 1.80485869805e-07, 1.02992927964e-07, 3.94181718377e-08, 4.29578399519e-08, 2.73305662546e-08, 2.14315676317e-08, 3.26331459632e-08, 2.07562340648e-08, 4.77936357157e-09], "max": [0.00720038404688, 0.377642035484, 0.137868523598, 0.0822527855635, 0.069272749126, 0.0442845001817, 0.0697879344225, 0.0587465986609, 0.0727043375373, 0.0586967505515, 0.039466727525, 0.0255329832435, 0.0389065667987, 0.0534039363265, 0.0323454961181, 0.0140178706497, 0.0157387349755, 0.0112291937694, 0.00707960221916, 0.0124997897074, 0.00795825012028, 0.00925683323294, 0.00662587443367, 0.00460517173633, 0.00479188980535, 0.00237075472251, 0.000798750668764], "mean": [0.000139599229442, 0.00737514346838, 0.0020345505327, 0.00152435584459, 0.00250319135375, 0.00171441538259, 0.000784645031672, 0.0014810502762, 0.00184979313053, 0.00136731623206, 0.000833766476717, 0.000735392677598, 0.000489454134367, 0.000510189973284, 0.000438231130829, 0.000399494165322, 0.000320433318848, 0.00016546396364, 0.00024391640909, 0.000164982397109, 0.000102646823507, 8.30271746963e-05, 5.88547554798e-05, 5.7784247474e-05, 3.36059456458e-05, 1.49941761265e-05, 7.1517415563e-06], "median": [1.0422698324e-05, 0.00348969455808, 0.000850963988341, 0.000498780456837, 0.00114744133316, 0.0004570762394, 0.000222797258175, 0.000280889507849, 0.000241482775891, 0.000185277094715, 0.00011438583897, 0.000158723632921, 0.000101681740489, 0.000110061482701, 0.000111386754725, 0.000111005239887, 0.000117363677418, 6.49945141049e-05, 8.47353730933e-05, 5.44751746929e-05, 3.05074408971e-05, 2.17521483137e-05, 1.06931274786e-05, 7.4592016972e-06, 2.97794781545e-06, 6.03041087288e-07, 8.58986055619e-08], "min": [1.27961447911e-25, 1.27210634753e-24, 1.2414595944e-24, 2.14330194733e-24, 7.49112649676e-24, 1.57382389094e-23, 8.5567142855e-24, 1.06421280419e-23, 1.65152953e-23, 1.23599815258e-23, 1.84653215924e-23, 2.9192368933e-23, 2.58567557922e-23, 3.56371763575e-23, 4.92066473118e-23, 4.05040852667e-23, 3.52869031829e-23, 2.15101101164e-23, 1.77147835499e-23, 1.21310903787e-23, 6.1536159874e-24, 4.8259240353e-24, 2.51664733123e-24, 3.2334838553e-24, 4.84958236827e-24, 8.42033601221e-24, 8.39103219616e-24], "var": [2.60212743797e-07, 0.000526365533005, 3.5653309169e-05, 1.96612054424e-05, 1.39231260619e-05, 1.35250866151e-05, 3.82188272852e-06, 1.33370394906e-05, 2.72327270068e-05, 1.5242315385e-05, 8.92749267223e-06, 3.29280396727e-06, 1.88710521343e-06, 2.62108710558e-06, 1.44083981013e-06, 6.01511715104e-07, 3.68651427607e-07, 1.04325735606e-07, 1.94191414948e-07, 1.65528078355e-07, 6.74460949313e-08, 6.49700524491e-08, 3.45589370454e-08, 3.9136665464e-08, 1.60190154475e-08, 5.80325654198e-09, 1.33845201589e-09]}, "barkbands_crest": {"dmean": 1.97894048691, "dmean2": 3.12935709953, "dvar": 5.82540559769, "dvar2": 14.1226587296, "max": 26.9169902802, "mean": 10.7930011749, "median": 10.0564823151, "min": 2.68722462654, "var": 16.9690818787}, "barkbands_flatness_db": {"dmean": 0.0169909223914, "dmean2": 0.025030400604, "dvar": 0.000608420930803, "dvar2": 0.00117185618728, "max": 1, "mean": 0.160556122661, "median": 0.150515183806, "min": 0.0295781716704, "var": 0.00505812559277}, "barkbands_kurtosis": {"dmean": 5.52941131592, "dmean2": 9.96413803101, "dvar": 40098.6757812, "dvar2": 120218.375, "max": 15843.875, "mean": 6.1936378479, "median": 1.38860273361, "min": -1.96543681622, "var": 20750.484375}, "barkbands_skewness": {"dmean": 0.485379397869, "dmean2": 0.747152149677, "dvar": 2.7131831646, "dvar2": 7.56970930099, "max": 120.303741455, "mean": 1.44673204422, "median": 1.22736120224, "min": -2.25081038475, "var": 3.49874067307}, "barkbands_spread": {"dmean": 4.17538833618, "dmean2": 6.31350326538, "dvar": 44.055431366, "dvar2": 89.9543609619, "max": 160.605941772, "mean": 20.1037387848, "median": 17.2432193756, "min": 0.0030649844557, "var": 192.880065918}, "dissonance": {"dmean": 0.0189749449492, "dmean2": 0.0316027365625, "dvar": 0.000410797423683, "dvar2": 0.00106273940764, "max": 0.5, "mean": 0.453429460526, "median": 0.46227106452, "min": 0.216699421406, "var": 0.00127921707463}, "dynamic_complexity": 5.46553993225, "erbbands": {"dmean": [0.149463042617, 1.39117538929, 2.09113192558, 2.43656635284, 4.14965724945, 3.71238923073, 4.72643995285, 4.34418869019, 5.08019161224, 8.4818611145, 18.8507175446, 14.4036388397, 14.1643161774, 14.4509420395, 11.1371412277, 13.3325986862, 10.4176082611, 12.4496841431, 10.488866806, 12.2626886368, 10.8491191864, 9.97531509399, 4.45995998383, 6.25293588638, 4.18758010864, 3.0610063076, 2.29463028908, 1.81336033344, 1.56756258011, 1.13522005081, 0.924342155457, 0.716396868229, 0.496939688921, 0.298990428448, 0.165476843715, 0.0823669359088, 0.0282395314425, 0.0063377097249, 0.00133437826298, 0.000146503734868], "dmean2": [0.248769253492, 2.489787817, 3.86081504822, 4.06891918182, 6.50299978256, 5.7377076149, 6.63936948776, 6.12268686295, 7.64843893051, 12.6471414566, 27.0886669159, 19.7176532745, 19.6704883575, 20.2794876099, 16.2996139526, 19.7328300476, 15.4809494019, 18.4992427826, 15.8533945084, 19.4062099457, 17.4515533447, 16.1388378143, 7.12316656113, 10.2634067535, 6.64259433746, 4.85908651352, 3.49388027191, 2.76705884933, 2.35888791084, 1.66648304462, 1.32041847706, 1.0165823698, 0.703528642654, 0.423602730036, 0.262160480022, 0.138263478875, 0.0470943748951, 0.010503618978, 0.00225877785124, 0.000250165903708], "dvar": [0.457019299269, 45.2926216125, 116.286972046, 68.6045532227, 166.372497559, 71.4945373535, 122.750427246, 190.075866699, 309.54977417, 869.91204834, 3047.953125, 2377.26171875, 2650.95678711, 2258.79785156, 1052.76782227, 1453.64465332, 1239.3996582, 1402.38793945, 1150.24951172, 1733.92565918, 633.052307129, 614.428222656, 149.308868408, 209.058410645, 92.6138839722, 79.0768356323, 39.6789474487, 31.1166152954, 31.295009613, 20.5180339813, 10.0224752426, 6.97136592865, 3.38266634941, 1.26721799374, 0.842236578465, 0.238567188382, 0.0234968010336, 0.00114018493332, 3.86286774301e-05, 4.38445738382e-07], "dvar2": [1.15539908409, 126.217460632, 338.347076416, 171.223602295, 338.373809814, 169.615341187, 241.380050659, 417.877319336, 733.830688477, 1874.77062988, 6199.02050781, 4642.19970703, 5359.25976562, 4407.38330078, 2266.0246582, 3104.875, 2753.40478516, 3067.57666016, 2357.79589844, 4355.19921875, 1673.31506348, 1580.87976074, 359.059356689, 548.725891113, 236.068328857, 194.687667847, 90.6659088135, 71.2341537476, 69.7247467041, 45.4665794373, 20.5964641571, 13.2627830505, 5.97590208054, 2.59514546394, 2.22351980209, 0.648725390434, 0.0623246207833, 0.00299361138605, 0.000100817043858, 1.15459295102e-06], "max": [7.90270423889, 96.0549240112, 178.817245483, 158.491210938, 372.696105957, 174.59677124, 277.825286865, 524.531555176, 1067.74902344, 677.570617676, 1452.0546875, 1913.97155762, 2329.73852539, 1468.90856934, 1107.76135254, 1325.29248047, 1672.77209473, 1380.30529785, 2597.36816406, 1704.82885742, 789.39251709, 932.610046387, 695.882873535, 405.297698975, 333.750335693, 592.372131348, 320.491729736, 292.343811035, 384.389038086, 368.464447021, 104.310295105, 97.8895111084, 79.8419799805, 43.5100898743, 34.5643997192, 12.3500318527, 4.39359617233, 1.00680112839, 0.129002511501, 0.0102256191894], "mean": [0.192951634526, 1.69598114491, 2.65462112427, 3.85148215294, 7.2842001915, 7.96104621887, 13.8369665146, 11.3270864487, 10.9880170822, 17.8541870117, 44.1017227173, 37.9102363586, 38.476890564, 42.7202987671, 25.1765651703, 31.8752002716, 22.6459655762, 25.939163208, 21.6395492554, 24.0049133301, 22.1757526398, 19.3592224121, 9.74277591705, 13.4749670029, 9.92259693146, 7.10605335236, 4.9028506279, 3.61976981163, 3.09914112091, 2.21202611923, 1.6964148283, 1.33693623543, 0.867917120457, 0.466881364584, 0.188910886645, 0.0781818702817, 0.0256817042828, 0.00570245878771, 0.00107033469249, 0.000128063067677], "median": [0.0842161625624, 0.797867178917, 1.23401379585, 1.69901490211, 2.51912903786, 3.45267176628, 3.63875460625, 3.55403614044, 3.75785422325, 4.44974565506, 8.14746952057, 7.12068367004, 7.48502588272, 5.8782582283, 6.18501615524, 7.15010023117, 5.8053612709, 6.61616897583, 6.67930459976, 7.19128990173, 7.71398973465, 6.8787894249, 4.25479078293, 4.79944324493, 4.17684650421, 2.60760498047, 1.58454442024, 1.01464366913, 0.775734066963, 0.477426767349, 0.278557270765, 0.188498005271, 0.105299532413, 0.046294502914, 0.0145525820553, 0.00383218983188, 0.00091220496688, 0.000152531792992, 2.67557188636e-05, 2.38312877627e-05], "min": [8.19693691474e-23, 6.05946199893e-22, 1.88117976323e-21, 7.08071774224e-21, 1.40152458515e-20, 1.93447753849e-20, 4.26459717956e-20, 7.72458802247e-20, 1.25392645099e-19, 1.9742501918e-19, 3.80629873053e-19, 3.94160764266e-19, 6.37432514466e-19, 9.2395867627e-19, 1.20689321985e-18, 1.71508445048e-18, 1.30718318226e-18, 2.34436075731e-18, 1.82503464167e-18, 2.91230730858e-18, 3.18264688997e-18, 4.47770898112e-18, 4.86344894336e-18, 6.33121269793e-18, 7.23417587589e-18, 7.41337959252e-18, 7.74915950011e-18, 6.8725316849e-18, 9.71541827417e-18, 1.25574073725e-17, 1.00557766265e-17, 1.05525225725e-17, 7.87713923013e-18, 7.1469496803e-18, 6.31244686496e-18, 4.33778683102e-18, 2.3404486066e-18, 1.00819843966e-18, 2.35610584313e-19, 2.83998407712e-20], "var": [0.364947140217, 28.9860839844, 67.8572235107, 69.665435791, 257.811584473, 183.250808716, 780.627624512, 664.229431152, 755.448730469, 2453.31665039, 10634.6308594, 11190.7285156, 12410.0185547, 17030.4902344, 3783.88842773, 6942.73828125, 3215.99536133, 4347.06494141, 4370.88867188, 3693.3203125, 1618.97680664, 1296.59875488, 334.521362305, 624.393981934, 297.612884521, 344.885650635, 120.488739014, 101.016326904, 91.8129653931, 64.3102340698, 26.2603740692, 19.9860343933, 8.99973392487, 2.34123182297, 0.720489025116, 0.171055227518, 0.0175705850124, 0.000887150643393, 2.89134441118e-05, 3.13086957249e-07]}, "erbbands_crest": {"dmean": 2.44124817848, "dmean2": 3.85655760765, "dvar": 5.97329807281, "dvar2": 14.1501932144, "max": 35.7714042664, "mean": 10.4173297882, "median": 9.24498462677, "min": 2.45056438446, "var": 25.3985385895}, "erbbands_flatness_db": {"dmean": 0.0167299769819, "dmean2": 0.0234486293048, "dvar": 0.000398602249334, "dvar2": 0.000691992463544, "max": 0.363596498966, "mean": 0.176631420851, "median": 0.172462806106, "min": 0.0145575935021, "var": 0.00282405083999}, "erbbands_kurtosis": {"dmean": 0.834555864334, "dmean2": 1.31852197647, "dvar": 34.198059082, "dvar2": 60.2922897339, "max": 319.902526855, "mean": 1.33456075191, "median": -0.193730115891, "min": -1.67331469059, "var": 253.219696045}, "erbbands_skewness": {"dmean": 0.302119374275, "dmean2": 0.466734945774, "dvar": 0.171789065003, "dvar2": 0.325516045094, "max": 16.636680603, "mean": 0.295924782753, "median": 0.220374941826, "min": -3.34901857376, "var": 1.24067485332}, "erbbands_spread": {"dmean": 6.45446443558, "dmean2": 9.64220333099, "dvar": 76.2842330933, "dvar2": 163.190933228, "max": 148.530883789, "mean": 33.655872345, "median": 32.1250534058, "min": 2.66739249229, "var": 301.610229492}, "gfcc": {"cov": [[28229.7011719, -629.791564941, -1563.60998535, 1234.046875, -1359.02575684, 915.943359375, -633.708007812, 496.886688232, -348.924041748, 254.712203979, -397.827056885, -65.1974487305, -204.132965088], [-629.791564941, 1808.79516602, -465.269012451, -211.089126587, 178.070327759, -263.663543701, 114.624908447, -130.729873657, 64.2670822144, -131.688613892, 107.049911499, -107.845329285, 78.5658416748], [-1563.60998535, -465.269012451, 991.980957031, 17.4523544312, 192.845596313, 71.0343704224, -34.9050292969, 34.34608078, 5.55337619781, 61.0483207703, -56.985206604, 11.2487592697, -28.1483192444], [1234.046875, -211.089126587, 17.4523544312, 519.755981445, -23.7060050964, 90.4348297119, -66.6520767212, 12.4922189713, 37.9444770813, 21.514415741, -18.9081497192, 14.0600299835, 18.6694145203], [-1359.02575684, 178.070327759, 192.845596313, -23.7060050964, 309.324249268, -46.2880439758, 69.6300048828, -10.3195075989, 29.8714618683, -9.87359619141, 16.1204319, 4.25622272491, 8.84132003784], [915.943359375, -263.663543701, 71.0343704224, 90.4348297119, -46.2880439758, 245.883270264, 40.4983139038, 67.2175445557, -14.5269985199, 14.8595046997, -9.558634758, -3.39030885696, -27.0388431549], [-633.708007812, 114.624908447, -34.9050292969, -66.6520767212, 69.6300048828, 40.4983139038, 236.252700806, 24.6255569458, 14.7031621933, -29.0514240265, 31.3633174896, 14.5680198669, -13.4084730148], [496.886688232, -130.729873657, 34.34608078, 12.4922189713, -10.3195075989, 67.2175445557, 24.6255569458, 126.642883301, 10.2766599655, 20.8415622711, -10.7582836151, 2.62927007675, -6.53471183777], [-348.924041748, 64.2670822144, 5.55337619781, 37.9444770813, 29.8714618683, -14.5269985199, 14.7031621933, 10.2766599655, 107.304847717, 21.9936294556, 8.74347686768, -17.162563324, 8.365483284], [254.712203979, -131.688613892, 61.0483207703, 21.514415741, -9.87359619141, 14.8595046997, -29.0514240265, 20.8415622711, 21.9936294556, 93.4981002808, 0.91623878479, -5.33853673935, -8.52263832092], [-397.827056885, 107.049911499, -56.985206604, -18.9081497192, 16.1204319, -9.558634758, 31.3633174896, -10.7582836151, 8.74347686768, 0.91623878479, 90.2342071533, 18.1423950195, 7.00641536713], [-65.1974487305, -107.845329285, 11.2487592697, 14.0600299835, 4.25622272491, -3.39030885696, 14.5680198669, 2.62927007675, -17.162563324, -5.33853673935, 18.1423950195, 94.5948791504, 16.0317687988], [-204.132965088, 78.5658416748, -28.1483192444, 18.6694145203, 8.84132003784, -27.0388431549, -13.4084730148, -6.53471183777, 8.365483284, -8.52263832092, 7.00641536713, 16.0317687988, 86.3412017822]], "icov": [[9.34125637286e-05, -0.000145491299918, 0.000135376787512, -0.00018509668007, 0.000221727837925, -0.000297770893667, 0.000210640442674, -0.000309364084387, 0.000330545852194, -0.000370688067051, 0.00044637452811, -0.000226537595154, 0.000267964962404], [-0.000145491299918, 0.00141529936809, 0.000227068565437, 0.000483415991766, -0.00098334334325, 0.00116687861737, -0.000619398197159, 0.000887062691618, -0.000853908539284, 0.00167402427178, -0.0017061753897, 0.00204449589364, -0.00121845526155], [0.000135376787512, 0.000227068565437, 0.00178014324047, -4.5960467105e-05, -0.00108863518108, -0.000824427173939, 0.000731739506591, -0.000305862457026, 0.000369591056369, -0.000960050150752, 0.00124509865418, -0.00024143664632, 0.000460734154331], [-0.00018509668007, 0.000483415991766, -4.5960467105e-05, 0.00281588290818, -0.000743262527976, -0.000647399807349, 0.000523465161677, 0.00105809106026, -0.00200835964642, 0.000887321773916, -0.000524774310179, -0.000112993933726, -0.00112087558955], [0.000221727837925, -0.00098334334325, -0.00108863518108, -0.000743262527976, 0.00554971024394, 0.000270221324172, -0.00101076066494, -0.00078900664812, 0.000223530689254, -0.00077019847231, 0.00074549857527, -0.00103118200786, 0.000557758437935], [-0.000297770893667, 0.00116687861737, -0.000824427173939, -0.000647399807349, 0.000270221324172, 0.00761514250189, -0.00259787635878, -0.00141233555041, 0.00038263463648, 0.00153352122288, -0.00243418919854, 0.0026819461491, -0.000233969753026], [0.000210640442674, -0.000619398197159, 0.000731739506591, 0.000523465161677, -0.00101076066494, -0.00259787635878, 0.00667536631227, -0.0016733512748, -0.000672257563565, 0.000922128325328, -4.27410304837e-05, -0.0021463399753, 0.00194510794245], [-0.000309364084387, 0.000887062691618, -0.000305862457026, 0.00105809106026, -0.00078900664812, -0.00141233555041, -0.0016733512748, 0.0111653078347, -0.00242699962109, -0.000358249206329, -0.000217350578168, 0.000446295627626, -0.0015088628279], [0.000330545852194, -0.000853908539284, 0.000369591056369, -0.00200835964642, 0.000223530689254, 0.00038263463648, -0.000672257563565, -0.00242699962109, 0.0130804255605, -0.0045895348303, 0.000679033750203, 0.00169599044602, -0.000168271042639], [-0.000370688067051, 0.00167402427178, -0.000960050150752, 0.000887321773916, -0.00077019847231, 0.00153352122288, 0.000922128325328, -0.000358249206329, -0.0045895348303, 0.0157615579665, -0.00430144788697, 0.00253403955139, -0.000350314076059], [0.00044637452811, -0.0017061753897, 0.00124509865418, -0.000524774310179, 0.00074549857527, -0.00243418919854, -4.27410304837e-05, -0.000217350578168, 0.000679033750203, -0.00430144788697, 0.0162807609886, -0.00530156679451, 0.00143839616794], [-0.000226537595154, 0.00204449589364, -0.00024143664632, -0.000112993933726, -0.00103118200786, 0.0026819461491, -0.0021463399753, 0.000446295627626, 0.00169599044602, 0.00253403955139, -0.00530156679451, 0.0154235074297, -0.00415212009102], [0.000267964962404, -0.00121845526155, 0.000460734154331, -0.00112087558955, 0.000557758437935, -0.000233969753026, 0.00194510794245, -0.0015088628279, -0.000168271042639, -0.000350314076059, 0.00143839616794, -0.00415212009102, 0.0144102424383]], "mean": [-63.3457298279, 120.014190674, -120.880447388, 32.3370399475, -44.6543922424, 10.8000535965, -27.5980472565, 7.98412466049, -15.2630109787, -3.08994221687, -10.2233924866, -4.82960224152, -4.74536848068]}, "hfc": {"dmean": 4.12333154678, "dmean2": 5.98454189301, "dvar": 73.3846893311, "dvar2": 156.213684082, "max": 278.631286621, "mean": 15.832988739, "median": 10.052772522, "min": 1.08482613137e-16, "var": 350.148101807}, "melbands": {"dmean": [0.00151231500786, 0.00137467694003, 0.000493182626087, 0.000270855030976, 0.000158547700266, 0.000102358790173, 7.47168814996e-05, 0.00010590027523, 0.000165596342413, 8.63276800374e-05, 7.30442116037e-05, 6.05779605394e-05, 4.16854345531e-05, 3.44153340848e-05, 3.63908220606e-05, 2.28725439229e-05, 2.55318955169e-05, 1.79418620974e-05, 2.17774395423e-05, 1.61421357916e-05, 1.23237905427e-05, 1.16431938295e-05, 5.15677447765e-06, 3.84499935535e-06, 5.76534011998e-06, 3.78735830964e-06, 3.18830916513e-06, 2.03678177968e-06, 1.68009921708e-06, 1.15826560432e-06, 1.10377050078e-06, 9.15573650673e-07, 8.59246824803e-07, 6.07274330378e-07, 5.56844668154e-07, 5.34071773473e-07, 4.3658471327e-07, 3.93318117631e-07, 2.79353486121e-07, 2.61427942405e-07], "dmean2": [0.00259638926946, 0.00249872216955, 0.000806101015769, 0.000421931239543, 0.000227281401749, 0.000143964396557, 0.000112241228635, 0.000158232840477, 0.000237121610553, 0.000117444513307, 0.000101186182292, 8.4724604676e-05, 5.95673482167e-05, 5.15321517014e-05, 5.48655843886e-05, 3.36712109856e-05, 3.80950332328e-05, 2.70459458989e-05, 3.49146757799e-05, 2.61045115622e-05, 1.98585767066e-05, 1.88023623195e-05, 8.32424484543e-06, 6.25607481197e-06, 9.51243055169e-06, 6.05739251114e-06, 5.15231340614e-06, 3.25586370309e-06, 2.6253105716e-06, 1.76988964995e-06, 1.72357624706e-06, 1.4000866031e-06, 1.30877288029e-06, 9.08695483304e-07, 8.11997836081e-07, 7.8847875784e-07, 6.29820476661e-07, 5.67314202726e-07, 4.0704338744e-07, 3.79363513048e-07], "dvar": [4.91578030051e-05, 4.66436104034e-05, 2.71947851616e-06, 4.21350023316e-07, 1.21584250223e-07, 8.68366001328e-08, 6.39016093373e-08, 1.29549789563e-07, 2.35192928244e-07, 9.16185243227e-08, 6.8931377939e-08, 3.96425754445e-08, 1.72823710898e-08, 9.43616829119e-09, 1.21723200408e-08, 8.22576584625e-09, 6.42809672158e-09, 4.79259254504e-09, 7.18133108535e-09, 1.6143458792e-09, 9.02899921496e-10, 7.81552877971e-10, 2.22175555731e-10, 8.81427986155e-11, 1.83289591837e-10, 9.09364389345e-11, 8.34128391358e-11, 3.97491553561e-11, 2.04833424527e-11, 1.12566110946e-11, 1.42527040517e-11, 1.05022605196e-11, 9.66681248937e-12, 7.83259308107e-12, 4.01953383772e-12, 3.21297350704e-12, 3.01558561108e-12, 2.16040857079e-12, 1.06258025382e-12, 1.14129528311e-12], "dvar2": [0.000129571868456, 0.000132349290652, 6.17927616986e-06, 9.28350914364e-07, 2.53792848071e-07, 1.8881512176e-07, 1.53378692858e-07, 2.77918530855e-07, 4.75571226843e-07, 1.75952379777e-07, 1.38741739875e-07, 7.57972529186e-08, 3.45910926569e-08, 2.13874375987e-08, 2.71257807327e-08, 1.87972553078e-08, 1.42530849345e-08, 9.54463352798e-09, 1.89333793088e-08, 4.04327327175e-09, 2.38628405924e-09, 1.99569938353e-09, 5.29684240913e-10, 2.17507914457e-10, 4.87095530577e-10, 2.36968944467e-10, 2.27952864917e-10, 1.01439877331e-10, 4.93025134607e-11, 2.42729326222e-11, 3.40520667219e-11, 2.39128855606e-11, 2.19276645452e-11, 1.89956644164e-11, 8.6596597948e-12, 6.65937487446e-12, 5.92483310677e-12, 4.04728160708e-12, 1.99371443833e-12, 2.45132169771e-12], "max": [0.0903299152851, 0.102441377938, 0.0322468988597, 0.0197567939758, 0.00755938095972, 0.0106293214485, 0.0156784914434, 0.00924789905548, 0.0134753789753, 0.012879951857, 0.0115995518863, 0.00608994299546, 0.00349844689481, 0.00319833587855, 0.00342870620079, 0.00530473515391, 0.00311322254129, 0.00580652663484, 0.00342610199004, 0.00120535260066, 0.000957164971624, 0.000841104774736, 0.00100527668837, 0.000442351680249, 0.000325259927195, 0.000266761315288, 0.000427173275966, 0.000375157571398, 0.000195745669771, 0.000175650653546, 0.000175803652382, 0.000227264725254, 0.000195695305592, 0.000232181526371, 7.68455138314e-05, 6.52593953419e-05, 7.33529668651e-05, 5.93915392528e-05, 4.35607289546e-05, 4.21379736508e-05], "mean": [0.00194161536638, 0.00175367831253, 0.000791095138993, 0.0005533733638, 0.000449136161478, 0.000277616636595, 0.000160570052685, 0.000211061895243, 0.000403447658755, 0.000220648595132, 0.000191154991626, 0.000175014443812, 9.06965578906e-05, 7.65432560001e-05, 7.70028855186e-05, 4.42837117589e-05, 4.91585851705e-05, 3.36294760928e-05, 3.72074464394e-05, 2.98495269817e-05, 2.35524894379e-05, 2.15113323065e-05, 1.00652614492e-05, 7.75020180299e-06, 1.16386509035e-05, 8.01846181275e-06, 6.60892055748e-06, 4.19894649895e-06, 3.34183619088e-06, 2.25864664571e-06, 2.00936028705e-06, 1.72015438693e-06, 1.61291745826e-06, 1.0689265082e-06, 9.61215505413e-07, 9.20557226891e-07, 7.80293191838e-07, 6.5628739776e-07, 4.51171331406e-07, 3.79471856604e-07], "median": [0.000881567015313, 0.000893487012945, 0.000363364320947, 0.000213301318581, 0.000144031364471, 8.41326109366e-05, 5.23714516021e-05, 4.49060389656e-05, 6.07022884651e-05, 3.59348778147e-05, 3.10599825752e-05, 2.07748034882e-05, 1.82653820957e-05, 1.72596774064e-05, 1.32306959131e-05, 9.42863152886e-06, 1.09624161269e-05, 8.98329562915e-06, 7.92429000285e-06, 8.68275037647e-06, 7.73194642534e-06, 6.87922056386e-06, 3.92533593185e-06, 3.0430796869e-06, 3.71558166989e-06, 2.51469123214e-06, 2.060308816e-06, 1.2876614619e-06, 9.84648863778e-07, 6.32698913705e-07, 4.93520417422e-07, 4.19344985403e-07, 3.15599862688e-07, 2.03045317448e-07, 1.42801980019e-07, 1.37380183673e-07, 9.53690388883e-08, 7.7577617219e-08, 4.8739746461e-08, 3.27472058359e-08], "min": [7.58200199114e-25, 8.19331643761e-25, 1.51346317325e-24, 1.47930174897e-24, 1.23551039988e-24, 1.8640532727e-24, 1.97950129125e-24, 2.5096759702e-24, 2.83966457268e-24, 2.46174438717e-24, 2.57743281107e-24, 3.16471687804e-24, 3.3838843284e-24, 3.08606212098e-24, 2.47108489471e-24, 2.31072110838e-24, 3.11755344831e-24, 2.31864383567e-24, 3.42217129801e-24, 3.92833127607e-24, 2.7936895619e-24, 2.14173862223e-24, 1.46267768868e-24, 9.99734567847e-25, 6.78085507036e-25, 6.87559726508e-25, 3.4154489705e-25, 4.61086438089e-25, 2.42293992481e-25, 1.41842564874e-25, 1.15133201411e-25, 9.05603506138e-26, 9.37381781629e-26, 4.49391162249e-26, 4.8468834286e-26, 3.37490256767e-26, 5.57598935284e-26, 2.94429483069e-26, 7.0347460084e-26, 3.82987747846e-26], "var": [3.59734731319e-05, 2.8717204259e-05, 3.07679579237e-06, 9.06830905478e-07, 6.32467731521e-07, 3.51457885017e-07, 1.51002552684e-07, 3.48156731889e-07, 9.92090917862e-07, 4.29990905104e-07, 3.26983808918e-07, 2.87008731448e-07, 7.15584604905e-08, 3.8590098228e-08, 4.49460237917e-08, 1.8852382766e-08, 1.85939512676e-08, 1.86834316906e-08, 1.34005233576e-08, 3.5135858667e-09, 2.15163198369e-09, 1.71396197235e-09, 3.97157445819e-10, 2.09506037518e-10, 5.18057652332e-10, 2.42373510151e-10, 2.5365645695e-10, 1.39128472632e-10, 5.19770199103e-11, 3.4674523669e-11, 3.73303055134e-11, 2.62548437852e-11, 3.25250382183e-11, 1.73431373429e-11, 9.09300672952e-12, 8.32376095133e-12, 7.70166916353e-12, 5.20520215472e-12, 2.51379342689e-12, 1.79181680344e-12]}, "melbands_crest": {"dmean": 2.20259904861, "dmean2": 3.41802430153, "dvar": 7.22729539871, "dvar2": 16.0199279785, "max": 40, "mean": 13.7804870605, "median": 13.0027475357, "min": 1.60525155067, "var": 23.3901824951}, "melbands_flatness_db": {"dmean": 0.0198129508644, "dmean2": 0.0287284813821, "dvar": 0.000897858117241, "dvar2": 0.00174664275255, "max": 1, "mean": 0.232454419136, "median": 0.21917976439, "min": 0.00317977368832, "var": 0.00726659921929}, "melbands_kurtosis": {"dmean": 5149079.5, "dmean2": 9809230, "dvar": 90040630696200000, "dvar2": 179568992053000000, "max": 25226082304, "mean": 30854280, "median": 5.92237377167, "min": -1.68019223213, "var": 665071768775000000}, "melbands_skewness": {"dmean": 25.0861949921, "dmean2": 45.3663406372, "dvar": 1735162.875, "dvar2": 3318633.5, "max": 102988.757812, "mean": 162.48677063, "median": 2.18607902527, "min": -1.00224173069, "var": 13038190}, "melbands_spread": {"dmean": 4.78260803223, "dmean2": 7.30664300919, "dvar": 58.0489006042, "dvar2": 120.554283142, "max": 227.043487549, "mean": 21.4030799866, "median": 18.7826366425, "min": 8.61274429553e-09, "var": 280.876037598}, "mfcc": {"cov": [[14373.2529297, -400.044067383, -452.987304688, 440.707000732, -345.189208984, 231.939300537, 6.88121891022, 136.961273193, 81.4472732544, 253.685134888, 14.1276054382, -52.6383247375, -17.9976062775], [-400.044067383, 1674.62158203, -204.392990112, 11.0663547516, 59.6835136414, -57.911895752, 50.4664268494, -6.31409263611, 15.2560796738, -2.07517457008, 23.9417438507, 7.75506401062, -13.7415456772], [-452.987304688, -204.392990112, 498.809631348, 20.0817947388, 126.997055054, 40.328163147, 0.343306839466, -23.601858139, 31.7768936157, 3.62482190132, -10.5507564545, 15.5846738815, 4.38862609863], [440.707000732, 11.0663547516, 20.0817947388, 362.115020752, 91.905960083, 69.8846969604, -25.2876758575, 8.02804374695, 37.414604187, 17.0048713684, -21.5493679047, 5.63207960129, 43.8873558044], [-345.189208984, 59.6835136414, 126.997055054, 91.905960083, 244.868713379, 16.4543037415, -12.4465150833, -31.2809810638, 23.751499176, 16.0579738617, -16.2167739868, 1.41717147827, 11.8992605209], [231.939300537, -57.911895752, 40.328163147, 69.8846969604, 16.4543037415, 149.534103394, 38.6608657837, 34.2170372009, 13.6210775375, 15.2714805603, 14.6213264465, 11.2847261429, 3.07315564156], [6.88121891022, 50.4664268494, 0.343306839466, -25.2876758575, -12.4465150833, 38.6608657837, 158.59777832, 67.2640838623, 14.1032056808, -0.493602782488, 28.3889312744, 22.0778713226, -16.5428409576], [136.961273193, -6.31409263611, -23.601858139, 8.02804374695, -31.2809810638, 34.2170372009, 67.2640838623, 142.778152466, 24.2623462677, -11.9088869095, 18.2333755493, 17.2961158752, 4.48750638962], [81.4472732544, 15.2560796738, 31.7768936157, 37.414604187, 23.751499176, 13.6210775375, 14.1032056808, 24.2623462677, 103.21282959, 36.7490539551, -3.34500551224, 6.04109287262, 2.13627624512], [253.685134888, -2.07517457008, 3.62482190132, 17.0048713684, 16.0579738617, 15.2714805603, -0.493602782488, -11.9088869095, 36.7490539551, 109.760681152, 30.6305885315, -4.95973777771, -8.08204936981], [14.1276054382, 23.9417438507, -10.5507564545, -21.5493679047, -16.2167739868, 14.6213264465, 28.3889312744, 18.2333755493, -3.34500551224, 30.6305885315, 103.658203125, 23.4445571899, -24.0762348175], [-52.6383247375, 7.75506401062, 15.5846738815, 5.63207960129, 1.41717147827, 11.2847261429, 22.0778713226, 17.2961158752, 6.04109287262, -4.95973777771, 23.4445571899, 88.595451355, 14.9515247345], [-17.9976062775, -13.7415456772, 4.38862609863, 43.8873558044, 11.8992605209, 3.07315564156, -16.5428409576, 4.48750638962, 2.13627624512, -8.08204936981, -24.0762348175, 14.9515247345, 90.5425643921]], "icov": [[8.46676775836e-05, 1.83105785254e-05, 5.71292148379e-05, -0.000121034492622, 0.000143789089634, -7.9480385466e-05, 1.25384403873e-05, -5.64544425288e-05, 2.4609029424e-05, -0.000220324931433, 8.2189872046e-05, 1.56011446961e-05, 6.3428095018e-05], [1.83105785254e-05, 0.000685469480231, 0.000379638542654, -6.07664587733e-05, -0.000331035786076, 0.000272868259344, -0.0003307343286, 0.000169110076968, -0.000213639883441, 0.000121319899336, -0.000187257959624, -3.05140456476e-05, 5.52752462681e-05], [5.71292148379e-05, 0.000379638542654, 0.00268771313131, 0.000294233497698, -0.00134918978438, -0.000680333119817, -0.000110905762995, 0.000522644491866, -0.000842824520078, 0.000346807122696, 4.2922267312e-05, -0.000404818565585, 7.94218067313e-05], [-0.000121034492622, -6.07664587733e-05, 0.000294233497698, 0.00395173067227, -0.00149151857477, -0.00172179180663, 0.000955094932579, -0.000218888555537, -0.000971790053882, 0.000242155248998, 0.000257612322457, -7.41080148146e-05, -0.00139791273978], [0.000143789089634, -0.000331035786076, -0.00134918978438, -0.00149151857477, 0.00588143663481, -6.59069846733e-05, -0.000168020982528, 0.000987757812254, -0.000327389716404, -0.000882239313796, 0.000665672938339, 3.00748683912e-06, 2.18187215069e-05], [-7.9480385466e-05, 0.000272868259344, -0.000680333119817, -0.00172179180663, -6.59069846733e-05, 0.00879571493715, -0.00188668293413, -0.00122588383965, 0.000557801045943, -0.000882156891748, -0.000660140998662, -0.000178235684871, 8.13256701804e-05], [1.25384403873e-05, -0.0003307343286, -0.000110905762995, 0.000955094932579, -0.000168020982528, -0.00188668293413, 0.00907091703266, -0.00366890849546, -0.000389305118006, 0.000138769944897, -0.000753633968998, -0.00131846359, 0.00145890458953], [-5.64544425288e-05, 0.000169110076968, 0.000522644491866, -0.000218888555537, 0.000987757812254, -0.00122588383965, -0.00366890849546, 0.010413874872, -0.00305512780324, 0.00268826656975, -0.00170311145484, -7.45520810597e-05, -0.00130798993632], [2.4609029424e-05, -0.000213639883441, -0.000842824520078, -0.000971790053882, -0.000327389716404, 0.000557801045943, -0.000389305118006, -0.00305512780324, 0.0131543716416, -0.00541083794087, 0.00272620283067, -0.00117072719149, 0.000713645596988], [-0.000220324931433, 0.000121319899336, 0.000346807122696, 0.000242155248998, -0.000882239313796, -0.000882156891748, 0.000138769944897, 0.00268826656975, -0.00541083794087, 0.013406926766, -0.00511231552809, 0.00190089235548, -0.000470483500976], [8.2189872046e-05, -0.000187257959624, 4.2922267312e-05, 0.000257612322457, 0.000665672938339, -0.000660140998662, -0.000753633968998, -0.00170311145484, 0.00272620283067, -0.00511231552809, 0.013791423291, -0.00408813403919, 0.00356431654654], [1.56011446961e-05, -3.05140456476e-05, -0.000404818565585, -7.41080148146e-05, 3.00748683912e-06, -0.000178235684871, -0.00131846359, -7.45520810597e-05, -0.00117072719149, 0.00190089235548, -0.00408813403919, 0.0135671691969, -0.00330769061111], [6.3428095018e-05, 5.52752462681e-05, 7.94218067313e-05, -0.00139791273978, 2.18187215069e-05, 8.13256701804e-05, 0.00145890458953, -0.00130798993632, 0.000713645596988, -0.000470483500976, 0.00356431654654, -0.00330769061111, 0.0135001819581]], "mean": [-693.499206543, 141.046920776, -5.91547346115, 24.5682830811, 8.44188690186, 5.89567518234, 2.94260430336, 6.84447336197, 3.41105341911, 4.58537006378, -1.12779116631, 0.81258803606, 0.018567437306]}, "pitch_salience": {"dmean": 0.0517524257302, "dmean2": 0.08318169415, "dvar": 0.00366020738147, "dvar2": 0.00907474104315, "max": 0.828104317188, "mean": 0.503410160542, "median": 0.504285752773, "min": 1.64347857208e-05, "var": 0.0102565903217}, "silence_rate_20dB": {"dmean": 0, "dmean2": 0, "dvar": 0, "dvar2": 0, "max": 1, "mean": 1, "median": 1, "min": 1, "var": 0}, "silence_rate_30dB": {"dmean": 0.0310518611223, "dmean2": 0.0621087700129, "dvar": 0.0300894808024, "dvar2": 0.0697887614369, "max": 1, "mean": 0.972201883793, "median": 1, "min": 0, "var": 0.027024814859}, "silence_rate_60dB": {"dmean": 0.0104048121721, "dmean2": 0.0208113156259, "dvar": 0.0102953026071, "dvar2": 0.022649647668, "max": 1, "mean": 0.141510203481, "median": 0, "min": 0, "var": 0.121482774615}, "spectral_centroid": {"dmean": 183.560562134, "dmean2": 282.586853027, "dvar": 79257.8671875, "dvar2": 165229.515625, "max": 11748, "mean": 1271.59729004, "median": 1111.91308594, "min": 137.144088745, "var": 1082404.75}, "spectral_complexity": {"dmean": 2.22077703476, "dmean2": 3.48654580116, "dvar": 7.11630487442, "dvar2": 14.1588869095, "max": 56, "mean": 14.9797611237, "median": 15, "min": 0, "var": 89.667755127}, "spectral_contrast_coeffs": {"dmean": [0.0393521860242, 0.0395699590445, 0.0328489243984, 0.0289599206299, 0.0211163982749, 0.0170241948217], "dmean2": [0.0649730414152, 0.0627564042807, 0.0516770556569, 0.0461716353893, 0.0336385667324, 0.0263823065907], "dvar": [0.00148092012387, 0.0013106376864, 0.000879875617102, 0.000620934297331, 0.000322839419823, 0.000273714365903], "dvar2": [0.00367819750682, 0.00301493192092, 0.0020130390767, 0.00146515911911, 0.000791297235992, 0.000594747602008], "max": [-0.351062566042, -0.40154877305, -0.419031739235, -0.551908671856, -0.607547342777, -0.629036426544], "mean": [-0.67902392149, -0.714437663555, -0.734725654125, -0.749690413475, -0.765280365944, -0.766914844513], "median": [-0.683869242668, -0.723965406418, -0.744431853294, -0.751620471478, -0.764533400536, -0.762869119644], "min": [-0.980604469776, -0.978802859783, -0.991839766502, -0.994708120823, -0.987655282021, -0.964999735355], "var": [0.00699710752815, 0.00856244098395, 0.00654491595924, 0.00394224561751, 0.00227971095592, 0.00243477663025]}, "spectral_contrast_valleys": {"dmean": [0.314132869244, 0.300389289856, 0.277302443981, 0.242822393775, 0.225686699152, 0.297921746969], "dmean2": [0.5143481493, 0.490359842777, 0.442952573299, 0.384748131037, 0.335369557142, 0.387888431549], "dvar": [0.1288959831, 0.101763851941, 0.092653259635, 0.0809315145016, 0.0982428193092, 0.178446516395], "dvar2": [0.281461596489, 0.234792783856, 0.198537275195, 0.16657795012, 0.185771286488, 0.297832876444], "max": [-4.77093362808, -4.83719873428, -4.77043008804, -5.53578138351, -5.15004920959, -7.76515007019], "mean": [-7.49578523636, -7.40747833252, -8.11409187317, -8.44915771484, -8.51609611511, -11.3121452332], "median": [-6.97125911713, -6.98266839981, -7.69581699371, -7.98575592041, -8.00705718994, -10.9349536896], "min": [-28.0956058502, -28.0779438019, -27.8118934631, -27.7066001892, -27.516500473, -27.3967132568], "var": [5.29153347015, 5.2157959938, 4.99040174484, 4.97658920288, 5.35039234161, 5.11713552475]}, "spectral_decrease": {"dmean": 2.62758170777e-09, "dmean2": 4.26111679275e-09, "dvar": 8.02135039443e-17, "dvar2": 2.10334678832e-16, "max": 2.324290171e-16, "mean": -6.35844044083e-09, "median": -4.31219193686e-09, "min": -1.31503568923e-07, "var": 7.97292724137e-17}, "spectral_energy": {"dmean": 0.0102216638625, "dmean2": 0.0165170487016, "dvar": 0.00117205793504, "dvar2": 0.00306597957388, "max": 0.506164610386, "mean": 0.025434197858, "median": 0.0172014646232, "min": 9.96333797162e-21, "var": 0.00121218338609}, "spectral_energyband_high": {"dmean": 0.000191832470591, "dmean2": 0.000267728464678, "dvar": 3.36333528139e-07, "dvar2": 6.81617279952e-07, "max": 0.030086318031, "mean": 0.000428873987403, "median": 0.000131722874357, "min": 4.56474047262e-23, "var": 1.17567799407e-06}, "spectral_energyband_low": {"dmean": 0.0073538958095, "dmean2": 0.0126138152555, "dvar": 0.00110785628203, "dvar2": 0.00297065102495, "max": 0.482550680637, "mean": 0.0102363945916, "median": 0.0052929664962, "min": 1.03498385104e-23, "var": 0.000797324755695}, "spectral_energyband_middle_high": {"dmean": 0.00138000585139, "dmean2": 0.00198658602312, "dvar": 8.83775283e-06, "dvar2": 1.8083035684e-05, "max": 0.0695913210511, "mean": 0.00537423137575, "median": 0.00254106638022, "min": 1.24809649577e-21, "var": 6.14223099547e-05}, "spectral_energyband_middle_low": {"dmean": 0.0032248806674, "dmean2": 0.00477701146156, "dvar": 4.48562241218e-05, "dvar2": 8.90874216566e-05, "max": 0.163636803627, "mean": 0.0103565240279, "median": 0.00664753932506, "min": 1.63913393772e-22, "var": 0.000142147109727}, "spectral_entropy": {"dmean": 0.136347174644, "dmean2": 0.194088757038, "dvar": 0.0268446970731, "dvar2": 0.0478437170386, "max": 9.82504463196, "mean": 7.29057884216, "median": 7.31416320801, "min": 5.1017370224, "var": 0.310848027468}, "spectral_flux": {"dmean": 0.0239449292421, "dmean2": 0.0372159965336, "dvar": 0.00239049899392, "dvar2": 0.00479325698689, "max": 0.639577567577, "mean": 0.0620434507728, "median": 0.0450968444347, "min": 0, "var": 0.00465019419789}, "spectral_kurtosis": {"dmean": 2.53707790375, "dmean2": 4.29790210724, "dvar": 14.3115234375, "dvar2": 39.3833084106, "max": 131.727142334, "mean": 6.88191318512, "median": 4.88805580139, "min": -1.2983276844, "var": 53.036907196}, "spectral_rms": {"dmean": 0.000676972791553, "dmean2": 0.0010212699417, "dvar": 2.52220161201e-06, "dvar2": 5.9598110056e-06, "max": 0.0222220420837, "mean": 0.00427403720096, "median": 0.00409657368436, "min": 3.11774434394e-12, "var": 6.54657424093e-06}, "spectral_rolloff": {"dmean": 342.415405273, "dmean2": 570.431152344, "dvar": 678674.5625, "dvar2": 1480361.5, "max": 21576.2695312, "mean": 1368.2409668, "median": 990.52734375, "min": 21.533203125, "var": 4641055.5}, "spectral_skewness": {"dmean": 0.261289417744, "dmean2": 0.425363451242, "dvar": 0.0866449251771, "dvar2": 0.222789898515, "max": 9.43768978119, "mean": 1.75018668175, "median": 1.59406960011, "min": -0.0755526795983, "var": 0.557495296001}, "spectral_spread": {"dmean": 498097.5, "dmean2": 714823.8125, "dvar": 1102680162300.0, "dvar2": 2240658276350.0, "max": 49416884, "mean": 4148807.25, "median": 3436004.25, "min": 686004.5625, "var": 17243531378700.0}, "spectral_strongpeak": {"dmean": 0.360392451286, "dmean2": 0.59