{"lowlevel": {"average_loudness": 0.385454714298, "barkbands": {"dmean": [5.02914845129e-05, 0.00160755147226, 0.000408591877203, 0.000282803084701, 0.00136497057974, 0.000886462861672, 0.000526859075762, 0.000509240024257, 0.000981694902293, 0.000464093260234, 0.000413976318669, 0.000316538760671, 0.000291965843644, 0.000428344792454, 0.000702600402292, 0.000274184771115, 0.000185841709026, 0.000175829030923, 6.97102223057e-05, 3.86024112231e-05, 2.39004348259e-05, 1.80854021892e-05, 1.49057859744e-05, 8.75410205481e-06, 5.23730795976e-06, 3.08111270897e-06, 7.43366570077e-07], "dmean2": [7.1732843935e-05, 0.00254675978795, 0.000749610306229, 0.000493534258567, 0.00201821629889, 0.0013144700788, 0.000785900978372, 0.000734003027901, 0.00148963276297, 0.000707925355528, 0.000623810570687, 0.000511969614308, 0.000452029285952, 0.000651745533105, 0.00110624847002, 0.000436381582404, 0.000297112739645, 0.000286203139694, 0.00011365548562, 6.07804722677e-05, 3.83952174161e-05, 2.71539556707e-05, 2.17358774535e-05, 1.27645253087e-05, 7.59815884521e-06, 4.55536701338e-06, 1.19138076116e-06], "dvar": [3.06913534587e-08, 4.0065653593e-05, 3.11602479997e-06, 1.35871755447e-06, 9.13605344977e-06, 6.41217366137e-06, 2.51886717706e-06, 4.16247758039e-06, 2.15721047425e-05, 5.48521029486e-06, 4.36184518549e-06, 1.36225708047e-06, 1.86128897894e-06, 3.03339606944e-06, 1.00313745861e-05, 5.01490546867e-07, 2.33699907426e-07, 4.94698838338e-07, 2.73699658493e-08, 7.64354801674e-09, 5.44925304879e-09, 5.92123372556e-09, 9.21950160659e-09, 3.86295084809e-09, 5.94146343236e-10, 5.71693969942e-10, 5.25438130505e-11], "dvar2": [5.79651846522e-08, 9.21780301724e-05, 9.04940679902e-06, 3.78617050956e-06, 2.01739476324e-05, 1.51980966621e-05, 5.44710019312e-06, 7.71635768615e-06, 5.0766622735e-05, 1.21355487863e-05, 8.70911844686e-06, 3.53109544449e-06, 4.04850334235e-06, 5.94392622588e-06, 2.55015602306e-05, 1.24175130622e-06, 5.55025280846e-07, 1.296431833e-06, 7.28176132725e-08, 1.78162924414e-08, 1.27749109069e-08, 1.2753142542e-08, 1.87530204698e-08, 7.13259717955e-09, 1.10222397876e-09, 1.36687705599e-09, 1.32203456515e-10], "max": [0.00257740844972, 0.0664649009705, 0.0226561874151, 0.0255977660418, 0.0865264832973, 0.0611839517951, 0.0419119261205, 0.081520177424, 0.111030168831, 0.0997052937746, 0.0939644053578, 0.0329020768404, 0.0567726716399, 0.0456381328404, 0.0784174352884, 0.0188329387456, 0.0128529258072, 0.023424917832, 0.00496066408232, 0.00230579916388, 0.00266418699175, 0.00270729395561, 0.00695140985772, 0.00429657939821, 0.00113142828923, 0.000897534715477, 0.00028708355967], "mean": [5.65186310268e-05, 0.00166505994275, 0.000408027204685, 0.000328030728269, 0.00289328931831, 0.00185770029202, 0.000924277934246, 0.000836193677969, 0.00146480114199, 0.000740313611459, 0.000649320310913, 0.000542604422662, 0.000464536744403, 0.000864246860147, 0.00135306129232, 0.000493844097946, 0.000355085765477, 0.000342885730788, 0.000134778223583, 7.94590814621e-05, 4.79800255562e-05, 3.12105512421e-05, 2.39296477957e-05, 1.38174682434e-05, 8.05809577287e-06, 3.5090433812e-06, 6.6713647584e-07], "median": [6.50176480121e-06, 0.000378433614969, 6.60816876916e-05, 7.30505562387e-05, 0.00110061618034, 0.000634267693385, 0.000372990849428, 0.000191026338143, 0.000166392637766, 0.000161355885211, 8.28738920973e-05, 0.00011593131785, 6.35552496533e-05, 0.000110408196633, 9.00936865946e-05, 0.000143379293149, 8.99477818166e-05, 6.284720439e-05, 4.86884600832e-05, 2.78828993032e-05, 1.74831620825e-05, 9.06052628125e-06, 5.98087490289e-06, 2.93886250802e-06, 1.52108498241e-06, 3.48881400214e-07, 3.59912277759e-08], "min": [1.91572824725e-25, 2.71342178151e-24, 3.25195606878e-25, 1.15542898787e-24, 9.21953099529e-24, 5.51614774508e-24, 1.45265706471e-23, 1.22975920945e-23, 2.7154479313e-23, 1.40824009367e-23, 1.65321406358e-23, 3.08119792575e-23, 2.48779008934e-23, 3.51929088283e-23, 4.23399760079e-23, 6.2890799709e-23, 7.54719573223e-23, 1.10627467833e-22, 1.45794470469e-22, 1.74483460948e-22, 2.04900296622e-22, 3.86650794716e-22, 4.46388037759e-22, 5.66812085184e-22, 8.73515752527e-22, 1.38650636988e-21, 2.00169105236e-21], "var": [4.03301179119e-08, 3.81504250981e-05, 1.90080345419e-06, 1.06363427221e-06, 2.70713062491e-05, 1.47955397551e-05, 3.85322709917e-06, 7.66074299463e-06, 2.92339173029e-05, 8.61381158757e-06, 8.80197239894e-06, 2.73457658295e-06, 5.07556978846e-06, 1.14191625471e-05, 3.08254566335e-05, 1.3341561953e-06, 7.28914699266e-07, 1.4883203221e-06, 5.72880196614e-08, 1.9987801636e-08, 1.00716812668e-08, 8.9438980666e-09, 1.57845967408e-08, 7.22369675188e-09, 1.10032816192e-09, 5.97893123899e-10, 4.70891416138e-11]}, "barkbands_crest": {"dmean": 2.55202102661, "dmean2": 4.01758384705, "dvar": 7.1336812973, "dvar2": 16.8811645508, "max": 26.7488632202, "mean": 11.0951480865, "median": 9.87596607208, "min": 2.47221302986, "var": 26.627368927}, "barkbands_flatness_db": {"dmean": 0.0187946055084, "dmean2": 0.0271387416869, "dvar": 0.000361438695109, "dvar2": 0.000724027340766, "max": 0.367000609636, "mean": 0.151139348745, "median": 0.147755950689, "min": 0.024350842461, "var": 0.00265736365691}, "barkbands_kurtosis": {"dmean": 2.41993141174, "dmean2": 3.7480840683, "dvar": 40.7362937927, "dvar2": 91.8227157593, "max": 372.109039307, "mean": 4.68172073364, "median": 1.1850258112, "min": -1.89070522785, "var": 330.935302734}, "barkbands_skewness": {"dmean": 0.467703908682, "dmean2": 0.692371070385, "dvar": 0.283869028091, "dvar2": 0.560600757599, "max": 18.5063552856, "mean": 1.22661364079, "median": 1.06210339069, "min": -5.32690668106, "var": 2.9058535099}, "barkbands_spread": {"dmean": 3.65691542625, "dmean2": 5.49034023285, "dvar": 20.6146392822, "dvar2": 40.1425361633, "max": 144.980865479, "mean": 17.4158000946, "median": 15.4181528091, "min": 0.600408911705, "var": 111.332275391}, "dissonance": {"dmean": 0.0199884008616, "dmean2": 0.0332994051278, "dvar": 0.000457149930298, "dvar2": 0.00122212781571, "max": 0.500000059605, "mean": 0.456778645515, "median": 0.465403825045, "min": 0.226755931973, "var": 0.00112942385022}, "dynamic_complexity": 6.23636102676, "erbbands": {"dmean": [0.0485716089606, 0.365704059601, 0.523020625114, 0.663570046425, 2.35803675652, 5.80373859406, 6.1396946907, 7.06825113297, 7.0993065834, 9.70680904388, 11.6996183395, 23.537694931, 17.588968277, 14.3410625458, 15.9145946503, 14.2410964966, 13.4651384354, 20.0529060364, 34.6329269409, 20.7346229553, 10.5173034668, 10.2616558075, 7.82977437973, 4.87039422989, 3.28348064423, 1.8493449688, 1.18050122261, 0.819559752941, 0.630293726921, 0.53899794817, 0.419586092234, 0.232367575169, 0.127843350172, 0.0679694116116, 0.0339156351984, 0.0144736096263, 0.00567728979513, 0.00123439030722, 0.000133670429932, 1.06234292616e-05], "dmean2": [0.0748069658875, 0.603698015213, 0.908789277077, 1.16877639294, 3.69600510597, 8.53386592865, 9.15538787842, 10.377781868, 10.6437206268, 14.2649030685, 16.6983776093, 35.0054283142, 26.1532001495, 21.2609043121, 23.7009220123, 22.8901386261, 20.816696167, 29.7723770142, 53.8972129822, 32.7573280334, 16.5573616028, 16.3797893524, 12.7712278366, 7.74949836731, 5.36659002304, 2.91381835938, 1.86763381958, 1.30544912815, 0.958274781704, 0.799200892448, 0.616500020027, 0.341710597277, 0.181847691536, 0.0984458252788, 0.0500702299178, 0.0209403727204, 0.00873891822994, 0.00193532695994, 0.000211849677726, 1.53360761033e-05], "dvar": [0.0344819650054, 2.25103712082, 4.84012508392, 5.99782466888, 44.1738243103, 195.321929932, 400.805786133, 480.54196167, 471.337890625, 1031.71081543, 2422.91357422, 14369.5107422, 9012.8125, 4267.828125, 5579.96630859, 3264.49121094, 3710.39746094, 6612.73242188, 20687.8222656, 3842.00170898, 511.369750977, 680.041503906, 1071.76623535, 261.703948975, 61.0308761597, 18.333147049, 8.79860115051, 10.3610162735, 7.261490345, 9.34987258911, 7.77577114105, 2.50102710724, 0.962435722351, 0.113883532584, 0.0252381302416, 0.00874819979072, 0.00244915601797, 0.000122920871945, 1.84329974218e-06, 1.72078706839e-09], "dvar2": [0.0768399387598, 5.47235298157, 13.2947387695, 17.0460510254, 113.523193359, 402.432495117, 897.824829102, 1211.07226563, 1043.74377441, 2024.28369141, 4250.23730469, 33984.4179688, 21234.8769531, 8149.68701172, 10197.1669922, 8542.6328125, 7902.88720703, 12610.6396484, 51406.5117188, 9784.01757813, 1200.74121094, 1574.38464355, 2823.63330078, 540.493286133, 157.688903809, 43.8521118164, 20.5373344421, 24.4163093567, 15.8525886536, 20.8229846954, 15.6395606995, 4.96930217743, 1.88956665993, 0.19384919107, 0.0526020713151, 0.0187542885542, 0.00628676172346, 0.000297536054859, 4.72064220958e-06, 4.34433200525e-09], "max": [2.09768414497, 15.8002948761, 30.4580078125, 45.0594749451, 158.440628052, 446.824951172, 713.605773926, 669.329345703, 702.905944824, 1012.45458984, 2254.45654297, 3307.73266602, 4058.3605957, 3141.53930664, 4105.94775391, 1703.06433105, 2538.42797852, 2348.2512207, 3570.72827148, 1446.36962891, 827.901306152, 743.065979004, 1144.28210449, 786.847839355, 175.134033203, 131.305847168, 84.613319397, 140.812408447, 77.8751907349, 188.885437012, 198.097976685, 89.1654815674, 63.5991706848, 17.0564746857, 6.13502073288, 3.91045665741, 1.59969973564, 0.458227306604, 0.0563090220094, 0.00146956276149], "mean": [0.0496748425066, 0.361216932535, 0.542314112186, 0.83763808012, 4.51755428314, 11.8177261353, 12.2806148529, 14.7077741623, 14.0702915192, 16.2760715485, 19.7495536804, 34.2166061401, 29.445734024, 23.2760181427, 26.6169166565, 25.0512771606, 24.6499004364, 44.8330421448, 68.1472473145, 41.7236671448, 21.3873500824, 20.8835945129, 16.1166057587, 10.2873487473, 6.57124185562, 3.94192409515, 2.47355747223, 1.60339677334, 1.10127019882, 0.873282968998, 0.664855718613, 0.359659105539, 0.196133226156, 0.104734905064, 0.0495296269655, 0.0192739609629, 0.0057075181976, 0.00116759655066, 0.000125775826746, 2.37044478126e-05], "median": [0.00797882303596, 0.0888348296285, 0.111848853528, 0.257929742336, 1.55624699593, 3.91103553772, 4.07151985168, 4.98295593262, 6.18564605713, 4.49405813217, 5.07332801819, 4.10601091385, 5.39169025421, 5.21012830734, 4.48022127151, 5.72598314285, 4.21724414825, 5.78829431534, 5.57840538025, 7.3047041893, 7.06084823608, 5.50666904449, 3.473310709, 2.67827582359, 2.30443286896, 1.45754134655, 0.931833386421, 0.548905789852, 0.314816743135, 0.230205491185, 0.170733347535, 0.0760315954685, 0.043862041086, 0.020570108667, 0.00782315339893, 0.00229623541236, 0.000473783526104, 7.76073866291e-05, 1.51512749653e-05, 1.29795325847e-05], "min": [8.00476724278e-23, 7.60414909145e-22, 1.94445645476e-21, 6.22302434328e-21, 1.10706185801e-20, 3.31010280786e-20, 3.05939502707e-20, 5.52609446573e-20, 1.43665892011e-19, 2.32304472651e-19, 3.99213984779e-19, 6.18520425627e-19, 7.01629588216e-19, 8.61446155838e-19, 1.16640872593e-18, 1.70093025282e-18, 1.37236377376e-18, 2.71012906404e-18, 3.64428025981e-18, 2.55614587749e-18, 3.63624461375e-18, 4.92095950262e-18, 4.92410278895e-18, 6.52959335629e-18, 6.38742334287e-18, 9.87419228403e-18, 9.78814233926e-18, 9.07830804995e-18, 1.20057159542e-17, 1.28107306079e-17, 1.20919106556e-17, 1.0828346775e-17, 1.10371718293e-17, 9.28220228068e-18, 6.43052772459e-18, 4.34068651265e-18, 2.46450171025e-18, 9.15190768572e-19, 2.42983607004e-19, 2.71094131662e-20], "var": [0.0350837595761, 1.90017044544, 3.35761761665, 4.48487091064, 91.7639160156, 593.110839844, 1070.75561523, 965.085632324, 790.985900879, 1907.82067871, 4903.88867188, 18425.0527344, 14817.90625, 7749.42138672, 12074.7617188, 6291.49902344, 9898.703125, 31364.1777344, 63213.609375, 11325.5957031, 1487.49255371, 1954.17431641, 2685.34765625, 1251.859375, 137.094833374, 44.5829124451, 19.1542873383, 16.2906761169, 10.8405399323, 13.6619272232, 13.3962078094, 4.50804424286, 1.59414386749, 0.219661161304, 0.0421136952937, 0.0119307721034, 0.00209758616984, 0.000122964018374, 1.56570922627e-06, 1.89686044649e-09]}, "erbbands_crest": {"dmean": 2.6993894577, "dmean2": 4.20687770844, "dvar": 6.98208999634, "dvar2": 16.485748291, "max": 29.8060760498, "mean": 10.3919296265, "median": 9.15597820282, "min": 2.31645393372, "var": 25.5445728302}, "erbbands_flatness_db": {"dmean": 0.0169139299542, "dmean2": 0.0240065883845, "dvar": 0.000302823813399, "dvar2": 0.000584188965149, "max": 0.374884575605, "mean": 0.197706699371, "median": 0.196487411857, "min": 0.0249338131398, "var": 0.0024282047525}, "erbbands_kurtosis": {"dmean": 0.928766727448, "dmean2": 1.45378005505, "dvar": 2.52419900894, "dvar2": 5.86237573624, "max": 48.8823852539, "mean": 0.545974910259, "median": -0.255384981632, "min": -1.81198346615, "var": 6.88451290131}, "erbbands_skewness": {"dmean": 0.336763739586, "dmean2": 0.516004681587, "dvar": 0.107557356358, "dvar2": 0.246513292193, "max": 4.3880033493, "mean": 0.130941078067, "median": 0.161203548312, "min": -4.19669914246, "var": 0.670021831989}, "erbbands_spread": {"dmean": 5.14969396591, "dmean2": 7.78161239624, "dvar": 28.3670711517, "dvar2": 62.0690345764, "max": 94.4612426758, "mean": 28.992193222, "median": 28.4962520599, "min": 1.2670674324, "var": 174.078857422}, "gfcc": {"cov": [[22139.6660156, 1464.33251953, -1602.15783691, 307.773406982, -445.726867676, 252.841827393, -613.202392578, 60.8731422424, -194.047866821, -22.7229118347, -190.597518921, -113.084457397, -14.1317176819], [1464.33251953, 1104.19763184, -200.907333374, -76.970375061, 7.61782741547, -148.721740723, -16.6723442078, -148.313827515, -11.218205452, -150.996704102, 3.410145998, -126.679725647, 34.1792526245], [-1602.15783691, -200.907333374, 773.108825684, 149.117538452, 72.1140365601, 48.0644035339, -5.79617786407, 41.4862823486, -20.2624034882, 4.46914625168, -41.2091789246, 5.81874132156, -49.6522674561], [307.773406982, -76.970375061, 149.117538452, 452.483306885, 86.7945785522, 52.2687606812, -11.7043104172, 47.9340553284, 30.9710597992, 23.3165416718, 33.499546051, 11.5347919464, 3.25517463684], [-445.726867676, 7.61782741547, 72.1140365601, 86.7945785522, 240.333679199, 36.4396705627, 40.9524345398, 9.90825748444, 30.6486721039, 19.1500148773, 8.61249542236, 1.08558666706, 1.15509486198], [252.841827393, -148.721740723, 48.0644035339, 52.2687606812, 36.4396705627, 203.873779297, 83.0460281372, 59.6582527161, 3.1460723877, 45.2108039856, 15.1119041443, 22.4846057892, -2.66091775894], [-613.202392578, -16.6723442078, -5.79617786407, -11.7043104172, 40.9524345398, 83.0460281372, 193.123519897, 40.2705993652, 27.8087825775, 10.3830051422, 32.3517913818, 22.1326141357, 4.60910415649], [60.8731422424, -148.313827515, 41.4862823486, 47.9340553284, 9.90825748444, 59.6582527161, 40.2705993652, 142.551025391, 44.7316207886, 47.1976318359, 11.1042718887, 29.0158252716, 7.68330144882], [-194.047866821, -11.218205452, -20.2624034882, 30.9710597992, 30.6486721039, 3.1460723877, 27.8087825775, 44.7316207886, 122.839515686, 48.7948570251, 26.987329483, -5.91477823257, 11.4665956497], [-22.7229118347, -150.996704102, 4.46914625168, 23.3165416718, 19.1500148773, 45.2108039856, 10.3830051422, 47.1976318359, 48.7948570251, 115.12638092, 35.9827270508, 25.4013538361, 1.24959361553], [-190.597518921, 3.410145998, -41.2091789246, 33.499546051, 8.61249542236, 15.1119041443, 32.3517913818, 11.1042718887, 26.987329483, 35.9827270508, 96.3432159424, 29.6801834106, 21.0363407135], [-113.084457397, -126.679725647, 5.81874132156, 11.5347919464, 1.08558666706, 22.4846057892, 22.1326141357, 29.0158252716, -5.91477823257, 25.4013538361, 29.6801834106, 93.0001296997, 18.320224762], [-14.1317176819, 34.1792526245, -49.6522674561, 3.25517463684, 1.15509486198, -2.66091775894, 4.60910415649, 7.68330144882, 11.4665956497, 1.24959361553, 21.0363407135, 18.320224762, 77.4563674927]], "icov": [[0.000111255467345, -0.000269387935987, 0.000267371040536, -0.000173457665369, 0.000177030131454, -0.000452283944469, 0.000487229146529, -0.000277520477539, 0.000169862687471, -0.000231661630096, 0.000392418733099, -0.000245075061684, 0.000228193530347], [-0.000269387935987, 0.00222138664685, -0.000429821171565, 0.000492118415423, -0.000702709017787, 0.00161703070626, -0.00142345181666, 0.00137149891816, -0.000669864180963, 0.00219271727838, -0.00193221715745, 0.00242256722413, -0.00129533885047], [0.000267371040536, -0.000429821171565, 0.00222028046846, -0.00086900126189, 4.06599356211e-05, -0.00111864320934, 0.00119889341295, -0.000962822639849, 0.000727859209292, -0.000362947699614, 0.0015058782883, -0.000600559345912, 0.00131454679649], [-0.000173457665369, 0.000492118415423, -0.00086900126189, 0.00309219071642, -0.00115178991109, -7.69622783992e-06, 0.000301904627122, -0.000267370720394, -0.000782445538789, 0.00116218370385, -0.00206815823913, 0.000523954106029, -0.000375501986127], [0.000177030131454, -0.000702709017787, 4.06599356211e-05, -0.00115178991109, 0.00525840930641, -0.00114721211139, -0.00026011353475, 0.000393165450078, -0.000724151264876, -0.00119362503756, 0.00134807976428, -0.000633231829852, 0.000185611701454], [-0.000452283944469, 0.00161703070626, -0.00111864320934, -7.69622783992e-06, -0.00114721211139, 0.00960338208824, -0.00527095794678, -0.000528791453689, 0.00180431944318, -0.00161365896929, -0.00127139792312, 0.00202730693854, -0.00117499055341], [0.000487229146529, -0.00142345181666, 0.00119889341295, 0.000301904627122, -0.00026011353475, -0.00527095794678, 0.00991603452712, -0.00241981330328, -0.00115851010196, 0.00155558728147, -0.000691666442435, -0.00242960383184, 0.00185455707833], [-0.000277520477539, 0.00137149891816, -0.000962822639849, -0.000267370720394, 0.000393165450078, -0.000528791453689, -0.00241981330328, 0.0115914922208, -0.00389822595753, -0.000848640105687, 0.000748078862671, -0.00123037723824, -0.00161303498317], [0.000169862687471, -0.000669864180963, 0.000727859209292, -0.000782445538789, -0.000724151264876, 0.00180431944318, -0.00115851010196, -0.00389822595753, 0.0131447399035, -0.00563014298677, -0.000784526229836, 0.00324160722084, -0.0010542984819], [-0.000231661630096, 0.00219271727838, -0.000362947699614, 0.00116218370385, -0.00119362503756, -0.00161365896929, 0.00155558728147, -0.000848640105687, -0.00563014298677, 0.0166217889637, -0.00589135289192, -0.000313245254802, 0.000902072468307], [0.000392418733099, -0.00193221715745, 0.0015058782883, -0.00206815823913, 0.00134807976428, -0.00127139792312, -0.000691666442435, 0.000748078862671, -0.000784526229836, -0.00589135289192, 0.0171910636127, -0.00544252013788, -0.00129081006162], [-0.000245075061684, 0.00242256722413, -0.000600559345912, 0.000523954106029, -0.000633231829852, 0.00202730693854, -0.00242960383184, -0.00123037723824, 0.00324160722084, -0.000313245254802, -0.00544252013788, 0.0170640312135, -0.00420774845406], [0.000228193530347, -0.00129533885047, 0.00131454679649, -0.000375501986127, 0.000185611701454, -0.00117499055341, 0.00185455707833, -0.00161303498317, -0.0010542984819, 0.000902072468307, -0.00129081006162, -0.00420774845406, 0.0158760156482]], "mean": [-85.843460083, 113.17250061, -144.689056396, 22.1143760681, -55.6755943298, -1.51753735542, -40.9251022339, 0.158755809069, -18.0796947479, -1.11556863785, -9.87302589417, -0.102130301297, -1.7121168375]}, "hfc": {"dmean": 4.53242301941, "dmean2": 6.45085191727, "dvar": 77.6633529663, "dvar2": 169.183273315, "max": 164.457794189, "mean": 14.2777328491, "median": 6.4823384285, "min": 1.11051908911e-16, "var": 375.590881348}, "melbands": {"dmean": [0.000445659243269, 0.000328705442371, 0.00014755333541, 0.00030222904752, 0.000218876375584, 0.000162489814102, 0.000108236497908, 0.000105550134322, 0.000107541956822, 0.000150439780555, 8.44305759529e-05, 5.71680902794e-05, 5.91098905716e-05, 3.74411683879e-05, 3.09518691211e-05, 3.14867429552e-05, 4.01504257752e-05, 5.01849062857e-05, 5.17411535839e-05, 2.09248064493e-05, 1.27288521981e-05, 1.22194460346e-05, 1.11137951535e-05, 5.81908898312e-06, 4.20234209741e-06, 2.39252904066e-06, 2.01809984901e-06, 1.28206943373e-06, 8.04559363132e-07, 7.21738047105e-07, 4.55244446584e-07, 3.96617792831e-07, 3.37350201107e-07, 3.07393378307e-07, 2.66334126309e-07, 1.76457447765e-07, 1.34307626354e-07, 9.6840139463e-08, 6.88241144076e-08, 5.81594150617e-08], "dmean2": [0.000696488539688, 0.000536583247595, 0.000254677754128, 0.000448481237981, 0.000326642941218, 0.000238868335146, 0.000161780393682, 0.000154546782142, 0.000153227723786, 0.000226327989367, 0.000126566083054, 8.47748597153e-05, 8.78896462382e-05, 5.96169265918e-05, 4.91645296279e-05, 4.68838225061e-05, 6.00083913014e-05, 7.81486160122e-05, 8.19445122033e-05, 3.3345673728e-05, 2.03548734135e-05, 1.95630509552e-05, 1.81794548553e-05, 9.30910755415e-06, 6.71508360028e-06, 3.8991497604e-06, 3.26253666572e-06, 2.06117692869e-06, 1.27549674289e-06, 1.20034917472e-06, 7.23668165392e-07, 6.17388934643e-07, 5.07783113335e-07, 4.63600684952e-07, 3.92973305452e-07, 2.67567571655e-07, 1.98338511836e-07, 1.39289454637e-07, 1.03713105659e-07, 8.48888461746e-08], "dvar": [2.99924045066e-06, 1.71988665443e-06, 2.63933742417e-07, 5.20229093581e-07, 3.53431943267e-07, 2.23479275974e-07, 1.02135096824e-07, 1.31276451043e-07, 2.12966398294e-07, 6.02246416292e-07, 2.19582020122e-07, 6.80999860947e-08, 8.08647939721e-08, 1.51657477687e-08, 1.28313386583e-08, 2.31911574389e-08, 2.80214624837e-08, 3.79953384311e-08, 5.33236708122e-08, 3.95779053974e-09, 8.21088474989e-10, 1.02720498774e-09, 2.68414690474e-09, 5.91417137485e-10, 2.02489011669e-10, 3.72803246607e-11, 2.19663731649e-11, 9.71121794091e-12, 3.7414897569e-12, 4.63122682565e-12, 3.59609174036e-12, 2.75613971749e-12, 2.24905228989e-12, 3.46777858165e-12, 3.03340490747e-12, 1.46458908369e-12, 9.64092521094e-13, 6.80242646066e-13, 1.48247272748e-13, 9.18317681555e-14], "dvar2": [6.81778055878e-06, 4.18654963141e-06, 7.35431115118e-07, 1.1509836213e-06, 7.84636199569e-07, 5.56601946755e-07, 2.25781320751e-07, 2.52326458394e-07, 3.85375813039e-07, 1.44057094076e-06, 5.09437711571e-07, 1.28456846937e-07, 1.5073662496e-07, 3.81724198917e-08, 2.88782526781e-08, 4.80887649701e-08, 5.40476321476e-08, 9.22778511381e-08, 1.36435858167e-07, 9.82241843417e-09, 1.95952365445e-09, 2.37441777351e-09, 7.14774017752e-09, 1.39550004885e-09, 4.14938972071e-10, 9.60085483337e-11, 5.52148674005e-11, 2.41310634669e-11, 8.94536094503e-12, 1.15162055239e-11, 8.30173516736e-12, 6.17344543541e-12, 4.93571286272e-12, 7.78656826517e-12, 5.86588720305e-12, 3.14079404845e-12, 1.92521302719e-12, 1.35472470915e-12, 3.26812009529e-13, 1.63634961158e-13], "max": [0.0190351847559, 0.01608257927, 0.0111444611102, 0.0239702127874, 0.0211216751486, 0.0135710984468, 0.00938718207181, 0.0126406243071, 0.0216499529779, 0.0215387586504, 0.019658870995, 0.0126530164853, 0.0154149858281, 0.0032519667875, 0.00517436210066, 0.0077040581964, 0.00471554975957, 0.00449218600988, 0.00603130739182, 0.00174032105133, 0.000844934605993, 0.000969698012341, 0.00189528265037, 0.0010585951386, 0.000650392728858, 0.000163086690009, 9.436023538e-05, 0.000101532947156, 3.84929699067e-05, 7.5022551755e-05, 7.96857639216e-05, 5.00818496221e-05, 7.21240357962e-05, 0.000119716925838, 0.000126556129544, 7.00922828401e-05, 6.40560028842e-05, 5.35217150173e-05, 1.84383425221e-05, 1.83646043297e-05], "mean": [0.000461196003016, 0.000359544734238, 0.000209636724321, 0.000633048184682, 0.000449549173936, 0.000339192076353, 0.000212799524888, 0.000173245163751, 0.00017358038167, 0.000216035739868, 0.000137988754432, 8.69032737683e-05, 9.46726358961e-05, 6.40084108454e-05, 5.26369294676e-05, 5.56583800062e-05, 8.55632315506e-05, 9.47302178247e-05, 0.000101480472949, 3.71222231479e-05, 2.3255834094e-05, 2.25871572184e-05, 2.00457270694e-05, 1.14445720101e-05, 8.19263095764e-06, 4.44122451881e-06, 3.87459431295e-06, 2.41484940489e-06, 1.55493455622e-06, 1.30892647121e-06, 8.03292778073e-07, 6.48648324386e-07, 5.43592875601e-07, 4.57959998812e-07, 4.12320645182e-07, 2.66457647058e-07, 1.99849168325e-07, 1.43179278211e-07, 1.0323776678e-07, 8.4481754925e-08], "median": [9.71719855443e-05, 9.12456889637e-05, 6.41606529825e-05, 0.000219843146624, 0.000158885697601, 0.000115226554044, 9.20520251384e-05, 4.37424932898e-05, 3.82007747248e-05, 2.3673308533e-05, 2.13325438381e-05, 1.73683656612e-05, 1.32389886858e-05, 1.38891336974e-05, 1.0850727449e-05, 7.73060037318e-06, 9.92364948615e-06, 7.87961380411e-06, 8.38262803882e-06, 8.65191032062e-06, 7.41918438507e-06, 5.59130330657e-06, 3.53691348209e-06, 2.43917452281e-06, 1.98505676963e-06, 1.59894523222e-06, 1.21503296668e-06, 8.51071774832e-07, 5.4286942941e-07, 4.63396418127e-07, 2.39368802113e-07, 1.76463274215e-07, 1.40350380207e-07, 1.05869851552e-07, 1.05451114507e-07, 5.74728140634e-08, 3.88466183665e-08, 2.89232815476e-08, 2.38724151558e-08, 1.38572797681e-08], "min": [8.17895177357e-25, 1.29878000271e-24, 2.41530177909e-24, 8.79475286644e-25, 1.04635141557e-24, 1.26465555628e-24, 2.65048251418e-24, 3.29166372757e-24, 3.73358557882e-24, 3.80663804295e-24, 3.67942199464e-24, 2.92855144732e-24, 2.29585778564e-24, 3.90980842758e-24, 2.52922828216e-24, 2.32842748583e-24, 4.40700655133e-24, 3.82771246204e-24, 3.58022273581e-24, 3.75370942052e-24, 3.80997098028e-24, 4.48330241707e-24, 3.66117485304e-24, 4.19453869942e-24, 4.79834111932e-24, 2.90679939672e-24, 5.94180249561e-24, 5.27466992781e-24, 5.25732563752e-24, 4.85390927034e-24, 5.13277515021e-24, 4.85082403534e-24, 6.79252705631e-24, 6.01306740093e-24, 6.06258065008e-24, 5.84787519421e-24, 6.15429125233e-24, 6.10017894411e-24, 6.13479061076e-24, 7.58235668272e-24], "var": [2.94495839626e-06, 1.481631557e-06, 2.54574530345e-07, 1.52002621689e-06, 1.02039405192e-06, 4.75902510289e-07, 1.74792504026e-07, 2.4185041525e-07, 4.06880815262e-07, 7.52756761813e-07, 3.66126471363e-07, 1.25663888184e-07, 1.8145476588e-07, 3.21038982065e-08, 2.81116214751e-08, 6.71142217357e-08, 1.27671725636e-07, 1.0953909424e-07, 1.57955042823e-07, 1.02456940709e-08, 2.31499308612e-09, 2.98308688862e-09, 5.69813218831e-09, 2.32872832129e-09, 8.46046288583e-10, 6.76356262663e-11, 5.61219092032e-11, 1.90192479821e-11, 8.11571643222e-12, 7.47288602526e-12, 5.49113705894e-12, 3.87686497488e-12, 3.43269314883e-12, 4.96384357229e-12, 5.46479398192e-12, 2.28697768188e-12, 1.67978944556e-12, 1.10212858805e-12, 2.12743776588e-13, 1.64407021525e-13]}, "melbands_crest": {"dmean": 3.00984072685, "dmean2": 4.57700061798, "dvar": 9.06789493561, "dvar2": 19.5214500427, "max": 39.5658302307, "mean": 13.6719694138, "median": 12.1615180969, "min": 1.59069848061, "var": 41.7631492615}, "melbands_flatness_db": {"dmean": 0.0210927724838, "dmean2": 0.0301391091198, "dvar": 0.000512038706802, "dvar2": 0.000943668070249, "max": 0.448637962341, "mean": 0.202064618468, "median": 0.200165957212, "min": 0.00318399770185, "var": 0.0038229431957}, "melbands_kurtosis": {"dmean": 3.99088525772, "dmean2": 6.12882375717, "dvar": 65.3412246704, "dvar2": 145.017608643, "max": 307.123504639, "mean": 8.17306232452, "median": 3.73144292831, "min": -1.8170696497, "var": 288.39352417}, "melbands_skewness": {"dmean": 0.546750843525, "dmean2": 0.81494063139, "dvar": 0.415978819132, "dvar2": 0.82301145792, "max": 16.5619678497, "mean": 1.9113202095, "median": 1.73440825939, "min": -3.42373609543, "var": 2.64546656609}, "melbands_spread": {"dmean": 5.81155014038, "dmean2": 8.73251724243, "dvar": 67.9084854126, "dvar2": 134.031723022, "max": 219.253616333, "mean": 24.7042140961, "median": 19.507019043, "min": 0.723641514778, "var": 369.722351074}, "mfcc": {"cov": [[11980.7353516, 1314.81176758, -674.8828125, 265.283660889, 75.4347915649, 165.938476563, -139.143341064, 32.4958343506, -21.3166046143, 87.6947402954, -33.7697296143, -65.7307128906, -58.7436637878], [1314.81176758, 1252.63806152, -182.074005127, -11.799700737, -35.3015213013, -63.08543396, -66.0360412598, -62.8393669128, -54.1078529358, -61.209602356, -57.7752151489, -60.0077896118, -91.5065765381], [-674.8828125, -182.074005127, 516.104736328, 106.489837646, 77.8663253784, 23.6681976318, 19.1750144958, 27.1727771759, 1.87471675873, 15.6055326462, -6.98623752594, 7.28842258453, 0.691655218601], [265.283660889, -11.799700737, 106.489837646, 322.657012939, 125.263175964, 38.1393051147, -2.68187499046, 21.5141353607, 2.03427457809, 16.1301498413, -11.7263736725, 20.8370513916, 27.9406433105], [75.4347915649, -35.3015213013, 77.8663253784, 125.263175964, 200.401123047, 31.9935874939, 1.59864675999, -8.00145435333, 12.9739923477, 14.8250837326, -3.1224501133, 10.3702192307, 9.51055049896], [165.938476563, -63.08543396, 23.6681976318, 38.1393051147, 31.9935874939, 153.542648315, 68.0893249512, 37.1280021667, 8.68134403229, 27.934677124, 22.1224040985, 5.33966732025, 6.83443641663], [-139.143341064, -66.0360412598, 19.1750144958, -2.68187499046, 1.59864675999, 68.0893249512, 142.003204346, 56.9206771851, 16.3289737701, 6.89423084259, 16.0836334229, 14.5501203537, 7.43528699875], [32.4958343506, -62.8393669128, 27.1727771759, 21.5141353607, -8.00145435333, 37.1280021667, 56.9206771851, 114.871780396, 37.1245193481, 12.9921731949, 16.3738422394, 13.7361431122, 9.79318809509], [-21.3166046143, -54.1078529358, 1.87471675873, 2.03427457809, 12.9739923477, 8.68134403229, 16.3289737701, 37.1245193481, 92.4095611572, 38.3978309631, 15.6087274551, 7.37094020844, 7.84915065765], [87.6947402954, -61.209602356, 15.6055326462, 16.1301498413, 14.8250837326, 27.934677124, 6.89423084259, 12.9921731949, 38.3978309631, 115.763999939, 38.9944190979, 13.2217378616, 8.07952880859], [-33.7697296143, -57.7752151489, -6.98623752594, -11.7263736725, -3.1224501133, 22.1224040985, 16.0836334229, 16.3738422394, 15.6087274551, 38.9944190979, 86.348236084, 27.6893939972, 8.0341129303], [-65.7307128906, -60.0077896118, 7.28842258453, 20.8370513916, 10.3702192307, 5.33966732025, 14.5501203537, 13.7361431122, 7.37094020844, 13.2217378616, 27.6893939972, 81.3603973389, 37.1629638672], [-58.7436637878, -91.5065765381, 0.691655218601, 27.9406433105, 9.51055049896, 6.83443641663, 7.43528699875, 9.79318809509, 7.84915065765, 8.07952880859, 8.0341129303, 37.1629638672, 86.2287826538]], "icov": [[0.00011216889834, -0.000105577746581, 0.000147469676449, -9.15897981031e-05, -3.29511058226e-05, -0.000189590180526, 0.000182582065463, -0.00015419718693, 5.86122405366e-05, -0.000133074790938, 5.51745943085e-05, 2.93522261927e-05, 2.64322284238e-06], [-0.000105577746581, 0.00107982638292, 0.000217919106944, -0.000139985088026, 0.000113919159048, 0.000332995638018, -3.36566081387e-05, 0.000288068898953, 0.000199397472898, 0.00028231399483, 0.000281027227174, 5.24790521013e-05, 0.000955428695306], [0.000147469676449, 0.000217919106944, 0.0024895304814, -0.00065684778383, -0.000611625553574, -8.28950869618e-05, 9.68228268903e-05, -0.000694259710144, 0.000535565777682, -0.000452136446256, 0.000482943170937, -1.64324737852e-05, 0.000624818203505], [-9.15897981031e-05, -0.000139985088026, -0.00065684778383, 0.00475459406152, -0.0025881936308, -0.000566151924431, 0.000815585663076, -0.00135419925209, 0.000792123260908, -0.000449963408755, 0.00101194519084, -0.000702135555912, -0.00115411973093], [-3.29511058226e-05, 0.000113919159048, -0.000611625553574, -0.0025881936308, 0.00725536281243, -0.001103978022, -0.000173961205292, 0.00219355453737, -0.00172937242314, 0.000173947686562, 0.000189088095794, -0.00050631177146, 0.000336862343829], [-0.000189590180526, 0.000332995638018, -8.28950869618e-05, -0.000566151924431, -0.001103978022, 0.00977981556207, -0.00439296197146, -0.000896697980352, 0.00133156857919, -0.00153928995132, -0.00146912375931, 0.00140645378269, -0.000210665195482], [0.000182582065463, -3.36566081387e-05, 9.68228268903e-05, 0.000815585663076, -0.000173961205292, -0.00439296197146, 0.0111162681133, -0.00429539754987, -3.36700650223e-05, 0.000729632272851, 0.000101912963146, -0.00128925510217, 0.000201146453037], [-0.00015419718693, 0.000288068898953, -0.000694259710144, -0.00135419925209, 0.00219355453737, -0.000896697980352, -0.00429539754987, 0.0136143798009, -0.00508033810183, 0.00132815667894, -0.00105151277967, -0.000660585821606, 1.89969723579e-05], [5.86122405366e-05, 0.000199397472898, 0.000535565777682, 0.000792123260908, -0.00172937242314, 0.00133156857919, -3.36700650223e-05, -0.00508033810183, 0.0150191094726, -0.004710722249, 0.000165714896866, 0.000521994079463, -0.000510511919856], [-0.000133074790938, 0.00028231399483, -0.000452136446256, -0.000449963408755, 0.000173947686562, -0.00153928995132, 0.000729632272851, 0.00132815667894, -0.004710722249, 0.0122995367274, -0.00465064169839, 1.36210628625e-05, -4.87831457576e-05], [5.51745943085e-05, 0.000281027227174, 0.000482943170937, 0.00101194519084, 0.000189088095794, -0.00146912375931, 0.000101912963146, -0.00105151277967, 0.000165714896866, -0.00465064169839, 0.0161398164928, -0.00519508589059, 0.00136614160147], [2.93522261927e-05, 5.24790521013e-05, -1.64324737852e-05, -0.000702135555912, -0.00050631177146, 0.00140645378269, -0.00128925510217, -0.000660585821606, 0.000521994079463, 1.36210628625e-05, -0.00519508589059, 0.0176439397037, -0.00673506362364], [2.64322284238e-06, 0.000955428695306, 0.000624818203505, -0.00115411973093, 0.000336862343829, -0.000210665195482, 0.000201146453037, 1.89969723579e-05, -0.000510511919856, -4.87831457576e-05, 0.00136614160147, -0.00673506362364, 0.0157682020217]], "mean": [-712.198913574, 138.226791382, -26.2665290833, 19.6054019928, 0.0571678467095, -1.6953753233, -10.2787008286, -3.83599019051, -5.09395933151, -1.60895323753, -6.05410671234, -1.8231408596, 0.0218111891299]}, "pitch_salience": {"dmean": 0.0648809745908, "dmean2": 0.101059414446, "dvar": 0.00422130106017, "dvar2": 0.00977027881891, "max": 0.826155185699, "mean": 0.53791064024, "median": 0.555598855019, "min": 0.0171446930617, "var": 0.017475027591}, "silence_rate_20dB": {"dmean": 0, "dmean2": 0, "dvar": 0, "dvar2": 0, "max": 1, "mean": 1, "median": 1, "min": 1, "var": 0}, "silence_rate_30dB": {"dmean": 0.00213624490425, "dmean2": 0.00427299691364, "dvar": 0.0021316241473, "dvar2": 0.00496743852273, "max": 1, "mean": 0.998101353645, "median": 1, "min": 0, "var": 0.00189520441927}, "silence_rate_60dB": {"dmean": 0.0460479483008, "dmean2": 0.0921068266034, "dvar": 0.0439194366336, "dvar2": 0.0962053984404, "max": 1, "mean": 0.2419603616, "median": 0, "min": 0, "var": 0.183419108391}, "spectral_centroid": {"dmean": 179.982543945, "dmean2": 272.826263428, "dvar": 68193.859375, "dvar2": 146337.15625, "max": 11589.8378906, "mean": 1320.0177002, "median": 1201.30090332, "min": 241.142608643, "var": 882915.6875}, "spectral_complexity": {"dmean": 2.25136470795, "dmean2": 3.4445104599, "dvar": 7.05320262909, "dvar2": 13.9311037064, "max": 50, "mean": 13.5545272827, "median": 13, "min": 0, "var": 72.951713562}, "spectral_contrast_coeffs": {"dmean": [0.0419450849295, 0.0402161367238, 0.03612883389, 0.0299930069596, 0.0208784192801, 0.0162448938936], "dmean2": [0.0652927085757, 0.0637307465076, 0.0568353831768, 0.04790841043, 0.0335561521351, 0.0256690904498], "dvar": [0.00146469834726, 0.00122397206724, 0.00101753615309, 0.000685108359903, 0.000301338499412, 0.00022576986521], "dvar2": [0.00337743223645, 0.00292696338147, 0.00227066222578, 0.00165049452335, 0.000732214713935, 0.00052300747484], "max": [-0.279682844877, -0.417077600956, -0.410823822021, -0.491003453732, -0.591193079948, -0.562029480934], "mean": [-0.638895869255, -0.711759388447, -0.740986406803, -0.743120372295, -0.771684348583, -0.754826068878], "median": [-0.649829685688, -0.714934110641, -0.752603232861, -0.752329349518, -0.772925317287, -0.752685189247], "min": [-0.974236488342, -0.9790776968, -0.98462331295, -0.982700049877, -0.978196501732, -0.964581787586], "var": [0.0114680156112, 0.00618822686374, 0.0065291938372, 0.00496576959267, 0.00221290485933, 0.00181346281897]}, "spectral_contrast_valleys": {"dmean": [0.354512244463, 0.311695843935, 0.285746514797, 0.259645134211, 0.207593217492, 0.271893173456], "dmean2": [0.559638977051, 0.497162282467, 0.449745833874, 0.398193269968, 0.301763832569, 0.356509774923], "dvar": [0.157098188996, 0.10291647166, 0.102561637759, 0.0936128795147, 0.0804669708014, 0.120798453689], "dvar2": [0.328430086374, 0.208859726787, 0.200247228146, 0.17081952095, 0.137068063021, 0.207489848137], "max": [-5.40793848038, -5.21971845627, -5.55782461166, -5.62365865707, -5.93040513992, -7.93519973755], "mean": [-8.36375236511, -7.40771627426, -8.11645030975, -8.42510509491, -8.44497013092, -11.5972881317], "median": [-7.85639429092, -7.06365823746, -7.80502223969, -8.08814620972, -8.14121341705, -11.3131637573], "min": [-28.2045440674, -28.0641021729, -27.8205471039, -27.667678833, -27.4379463196, -27.488702774], "var": [4.05684280396, 3.82839822769, 3.6644411087, 3.61223220825, 3.48581075668, 3.00053691864]}, "spectral_decrease": {"dmean": 1.46798218026e-09, "dmean2": 2.04338501675e-09, "dvar": 6.69153836302e-18, "dvar2": 1.2847296954e-17, "max": 5.28180546432e-18, "mean": -4.05066247211e-09, "median": -2.4219728445e-09, "min": -3.67627599474e-08, "var": 2.1573775311e-17}, "spectral_energy": {"dmean": 0.00589430006221, "dmean2": 0.00820676609874, "dvar": 0.000105885432276, "dvar2": 0.000203808231163, "max": 0.150669142604, "mean": 0.0165831428021, "median": 0.00985336583108, "min": 1.01710661263e-20, "var": 0.000359666009899}, "spectral_energyband_high": {"dmean": 8.05343952379e-05, "dmean2": 0.00011655039998, "dvar": 8.03949049555e-08, "dvar2": 1.59069728056e-07, "max": 0.0131807858124, "mean": 0.000172228232259, "median": 6.49827707093e-05, "min": 7.26717426895e-21, "var": 1.65322532553e-07}, "spectral_energyband_low": {"dmean": 0.00181228725705, "dmean2": 0.00274340156466, "dvar": 4.29806968896e-05, "dvar2": 8.82162057678e-05, "max": 0.0755585283041, "mean": 0.00226029427722, "median": 0.000570752017666, "min": 1.36082150688e-23, "var": 4.99883390148e-05}, "spectral_energyband_middle_high": {"dmean": 0.00201864447445, "dmean2": 0.00297281215899, "dvar": 2.25951825996e-05, "dvar2": 4.84186348331e-05, "max": 0.097796805203, "mean": 0.00580194499344, "median": 0.00164653244428, "min": 1.18819527063e-21, "var": 0.000103031314211}, "spectral_energyband_middle_low": {"dmean": 0.00350104854442, "dmean2": 0.00506567489356, "dvar": 5.03158698848e-05, "dvar2": 0.000114425609354, "max": 0.135598614812, "mean": 0.00864014960825, "median": 0.00491488631815, "min": 1.88377270485e-22, "var": 0.000120473669085}, "spectral_entropy": {"dmean": 0.139515653253, "dmean2": 0.199229508638, "dvar": 0.0204613152891, "dvar2": 0.0388876311481, "max": 9.82102775574, "mean": 7.2741150856, "median": 7.25571298599, "min": 5.4146566391, "var": 0.205352187157}, "spectral_flux": {"dmean": 0.0196404345334, "dmean2": 0.0304210130125, "dvar": 0.000776866800152, "dvar2": 0.00168028962798, "max": 0.373445600271, "mean": 0.0568735338748, "median": 0.0432348996401, "min": 6.38069666548e-11, "var": 0.00247240951285}, "spectral_kurtosis": {"dmean": 2.52183222771, "dmean2": 4.41810369492, "dvar": 7.13895463943, "dvar2": 21.4923400879, "max": 39.0642204285, "mean": 6.7993144989, "median": 5.84343767166, "min": -1.25734901428, "var": 16.7521343231}, "spectral_rms": {"dmean": 0.00060148461489, "dmean2": 0.000808584096376, "dvar": 6.8499906547e-07, "dvar2": 1.19356195682e-06, "max": 0.0121241193265, "mean": 0.00339540583082, "median": 0.00310049019754, "min": 3.15007807165e-12, "var": 4.6499308155e-06}, "spectral_rolloff": {"dmean": 300.427947998, "dmean2": 485.757232666, "dvar": 314935.4375, "dvar2": 582804.0625, "max": 20241.2109375, "mean": 1520.77648926, "median": 1291.9921875, "min": 21.533203125, "var": 2958117}, "spectral_skewness": {"dmean": 0.26031267643, "dmean2": 0.438551187515, "dvar": 0.0591371282935, "dvar2": 0.164668306708, "max": 4.71322774887, "mean": 1.73188531399, "median": 1.6584302187, "min": -0.0495962016284, "var": 0.270570755005}, "spectral_spread": {"dmean": 324919.09375, "dmean2": 497461.59375, "dvar": 3586299