{"lowlevel": {"average_loudness": 0.84214091301, "barkbands": {"dmean": [1.70436687768e-05, 0.00192375690676, 0.00330939213745, 0.0010790983215, 0.000734942790587, 0.000763059360906, 0.000478038535221, 0.000538520980626, 0.000474435684737, 0.00058692105813, 0.000365015148418, 0.00055259175133, 0.000311668176437, 0.000383483391488, 0.000431364489486, 0.000331651244778, 0.000259488995653, 0.000241845787968, 0.000236030842643, 0.000229588782531, 0.000202398528927, 0.000167354679434, 0.000107591760752, 0.000112908455776, 6.42824379611e-05, 5.12992482982e-05, 2.87279090116e-05], "dmean2": [2.54545066127e-05, 0.003109077923, 0.00537616061047, 0.00180088065099, 0.0011743598152, 0.00122187053785, 0.000708102772478, 0.000766113982536, 0.000695057678968, 0.000877178506926, 0.000568892864976, 0.000837676459923, 0.000478265923448, 0.000601621344686, 0.000669385364745, 0.000532818085048, 0.000417275703512, 0.000388230895624, 0.000375745061319, 0.000360971054761, 0.000315947865602, 0.000265888607828, 0.000162634038134, 0.000165319434018, 9.67385567492e-05, 7.33182605472e-05, 3.84640479751e-05], "dvar": [1.90138127465e-09, 1.92979186977e-05, 4.64056683995e-05, 4.73316686112e-06, 1.62227934197e-06, 2.56354610428e-06, 9.30208670979e-07, 1.01462399016e-06, 9.75048465079e-07, 1.47920059135e-06, 7.89042871929e-07, 1.40557108352e-06, 4.38168598293e-07, 7.03751652509e-07, 1.28615658923e-06, 6.17492844412e-07, 2.21117701926e-07, 1.9628687653e-07, 1.88716882121e-07, 1.32953204002e-07, 9.28550392132e-08, 1.02205611086e-07, 3.5914631269e-08, 8.63216556013e-08, 1.76330541279e-08, 1.19791696562e-08, 4.65482008494e-09], "dvar2": [4.51439952087e-09, 4.78753863717e-05, 0.000113584261271, 1.33229923449e-05, 3.79395009986e-06, 7.10886160959e-06, 1.96870587388e-06, 1.98484099201e-06, 2.15963814298e-06, 2.98071745419e-06, 1.82434894214e-06, 3.06472134071e-06, 8.25931465442e-07, 1.543986059e-06, 2.84484963231e-06, 1.47454272792e-06, 5.61597744309e-07, 4.90491515848e-07, 4.60840766436e-07, 3.43384073176e-07, 1.97701410798e-07, 2.46842546403e-07, 8.24604953209e-08, 1.5721461466e-07, 3.67346046914e-08, 2.52976040116e-08, 9.28670385036e-09], "max": [0.000786589866038, 0.0497255399823, 0.0914452522993, 0.0343564115465, 0.031342279166, 0.0235304851085, 0.0299467835575, 0.02117568627, 0.0246817916632, 0.0448292829096, 0.0232592262328, 0.0295884236693, 0.0209007207304, 0.0221096146852, 0.0239010173827, 0.030130373314, 0.0124823898077, 0.0116241425276, 0.0112769212574, 0.00696606282145, 0.00339584238827, 0.00751197431237, 0.00416117953137, 0.00732194958255, 0.0022817903664, 0.00095511705149, 0.000612255127635], "mean": [3.09262759401e-05, 0.00309548689984, 0.00381911313161, 0.00149410380982, 0.001540796482, 0.00146707950626, 0.00103274546564, 0.00116198905744, 0.00113397091627, 0.00108854228165, 0.000648139335681, 0.00119022140279, 0.000589603732806, 0.000639689678792, 0.000721160962712, 0.000692672037985, 0.000478233705508, 0.000416129594669, 0.000403041194659, 0.000362776831025, 0.000337038043654, 0.000288545183139, 0.000199038870051, 0.000213789651752, 0.000114086455142, 9.60981560638e-05, 5.01646682096e-05], "median": [1.34486185743e-06, 0.000174048735062, 0.000930964713916, 0.000449642306194, 0.000674895767588, 0.000542844180018, 0.000495940330438, 0.000448522187071, 0.000422874669312, 0.000402960751671, 0.00024831155315, 0.000413204077631, 0.000284206005745, 0.000286647031317, 0.000245063012699, 0.000196014239918, 0.000190614417079, 0.000171676045284, 0.000153763903654, 0.000150040476001, 8.76813573996e-05, 8.17229956738e-05, 6.30717695458e-05, 5.89669325564e-05, 2.93156572297e-05, 1.70707171492e-05, 4.79776645079e-06], "min": [5.49817660619e-25, 2.94302487557e-24, 1.371267248e-24, 1.01185058388e-24, 7.68511133766e-24, 8.11261636144e-24, 2.64972934923e-24, 5.62797863916e-24, 1.03319376788e-23, 1.42420553398e-23, 2.00522620314e-23, 2.1786405493e-23, 1.9896301075e-23, 2.98637716049e-23, 4.90194095982e-23, 5.20434100596e-23, 5.99279896103e-23, 8.86887096332e-23, 1.21393753115e-22, 1.92191797926e-22, 2.23422927382e-22, 3.02855818418e-22, 3.97386623656e-22, 5.56785650457e-22, 8.86734890354e-22, 1.14131386025e-21, 1.85815542514e-21], "var": [5.16564613307e-09, 2.92979129881e-05, 5.15635183547e-05, 6.46832359052e-06, 6.31308057564e-06, 5.74636760575e-06, 3.28846067532e-06, 3.86840565625e-06, 4.19154775955e-06, 4.17792671215e-06, 1.90527043742e-06, 5.9822205003e-06, 1.48145090861e-06, 1.50979792579e-06, 2.84441125586e-06, 3.78291269953e-06, 8.39279664433e-07, 4.68195366921e-07, 5.12626627369e-07, 2.47143134402e-07, 2.68551332283e-07, 2.34123007203e-07, 1.15599107176e-07, 2.57871249687e-07, 3.75644582107e-08, 2.65281911993e-08, 9.87556880716e-09]}, "barkbands_crest": {"dmean": 2.65377569199, "dmean2": 4.26384544373, "dvar": 6.73719358444, "dvar2": 16.3564300537, "max": 24.8538398743, "mean": 8.59782886505, "median": 7.776014328, "min": 2.17290425301, "var": 13.9223909378}, "barkbands_flatness_db": {"dmean": 0.0222199279815, "dmean2": 0.034169588238, "dvar": 0.000509457779117, "dvar2": 0.00120205641724, "max": 0.341808706522, "mean": 0.103842042387, "median": 0.0950029045343, "min": 0.0202093515545, "var": 0.00188177160453}, "barkbands_kurtosis": {"dmean": 1.64229488373, "dmean2": 2.61580395699, "dvar": 8.78709316254, "dvar2": 19.5300807953, "max": 105.628059387, "mean": 1.43029820919, "median": 0.369292974472, "min": -1.87285327911, "var": 16.4377403259}, "barkbands_skewness": {"dmean": 0.494467616081, "dmean2": 0.741826295853, "dvar": 0.276743173599, "dvar2": 0.637282907963, "max": 8.81719207764, "mean": 0.899613201618, "median": 0.857410013676, "min": -3.9074215889, "var": 1.01601195335}, "barkbands_spread": {"dmean": 7.61256980896, "dmean2": 11.9968109131, "dvar": 77.7546768188, "dvar2": 194.993759155, "max": 109.141448975, "mean": 28.6844806671, "median": 26.0116691589, "min": 1.26020443439, "var": 232.280731201}, "dissonance": {"dmean": 0.0148612549528, "dmean2": 0.0246281437576, "dvar": 0.000271887140116, "dvar2": 0.000713350891601, "max": 0.500000059605, "mean": 0.471554666758, "median": 0.479007422924, "min": 0.13730469346, "var": 0.000643590465188}, "dynamic_complexity": 3.55696845055, "erbbands": {"dmean": [0.0371874570847, 0.528622210026, 2.93101239204, 4.17557811737, 2.16243004799, 2.63269329071, 3.91663002968, 7.06571674347, 7.74572277069, 7.17993497849, 13.2162036896, 9.69989871979, 12.3282175064, 20.4780712128, 17.3201656342, 22.6086387634, 13.8484601974, 18.7581939697, 19.4788970947, 18.382724762, 17.2246360779, 12.8487682343, 12.4317970276, 11.0211782455, 13.0302410126, 11.078546524, 9.5289144516, 7.95205402374, 6.61689281464, 3.99803876877, 2.95418190956, 2.5829064846, 1.84504985809, 0.818016409874, 0.439957410097, 0.207594767213, 0.096893414855, 0.0312407966703, 0.00527075631544, 0.000190551407286], "dmean2": [0.0545245185494, 0.853014469147, 4.64895677567, 6.72906017303, 3.66020941734, 4.11131858826, 5.96148061752, 11.3872652054, 12.0179023743, 10.6823167801, 18.4400863647, 13.6643638611, 18.1409473419, 30.8666782379, 26.8256320953, 34.5409088135, 20.6970176697, 29.3751888275, 29.9440364838, 28.4140872955, 27.572889328, 20.6317806244, 19.871049881, 17.9628601074, 20.0198554993, 17.5615768433, 15.2928466797, 12.6843652725, 10.4409799576, 6.18955278397, 4.47190141678, 3.79552602768, 2.7609000206, 1.21005856991, 0.678051054478, 0.309748500586, 0.138671264052, 0.0423689372838, 0.00738111324608, 0.000254158687312], "dvar": [0.00789973884821, 1.32514226437, 34.9630661011, 67.0831222534, 15.1324548721, 25.7949676514, 87.5468292236, 260.6355896, 258.832672119, 215.577346802, 715.717590332, 434.860046387, 607.631286621, 2045.53137207, 1592.71081543, 2432.93505859, 892.010070801, 1575.90478516, 1785.70410156, 2046.67565918, 1818.53222656, 520.943237305, 552.149780273, 331.60546875, 649.21496582, 335.94644165, 204.78578186, 144.634414673, 208.053527832, 40.0464172363, 32.2027397156, 41.9443626404, 23.4165668488, 3.53123092651, 0.734738767147, 0.175510659814, 0.0443507507443, 0.00514403823763, 0.000164862707607, 2.29200637136e-07], "dvar2": [0.0172100774944, 3.28714895248, 84.4051895142, 176.060546875, 41.5774841309, 53.189540863, 200.479354858, 699.303039551, 623.966064453, 477.173706055, 1355.99182129, 837.963378906, 1257.75195312, 4221.97705078, 3712.65795898, 5524.97460938, 1532.67480469, 3566.05053711, 3960.52856445, 4380.42041016, 4226.44726562, 1376.09301758, 1344.95849609, 857.400817871, 1547.45336914, 868.834106445, 497.367767334, 349.210113525, 504.769714355, 94.9062728882, 73.7067184448, 75.4682998657, 46.5606231689, 7.28087425232, 1.55865418911, 0.387714087963, 0.0930074602365, 0.0101445680484, 0.000329155300278, 4.51102152965e-07], "max": [1.40149068832, 13.1888599396, 75.7339477539, 122.923835754, 85.2060623169, 136.325714111, 216.607086182, 251.117050171, 445.955474854, 448.687286377, 618.609741211, 547.636535645, 530.807373047, 1839.67004395, 1090.45153809, 1156.08007812, 1040.74865723, 990.12890625, 1098.03588867, 1097.77453613, 2045.24072266, 705.705627441, 721.309204102, 395.73260498, 782.580749512, 447.831604004, 146.938644409, 163.280197144, 419.514984131, 100.530715942, 144.310211182, 141.514373779, 127.546257019, 45.2597389221, 11.8990592957, 3.81219696999, 1.98195075989, 0.624275803566, 0.116301000118, 0.0041916933842], "mean": [0.0639936774969, 0.824199318886, 3.59469056129, 5.89472913742, 3.4673345089, 5.48965406418, 8.69843959808, 13.131524086, 15.7593631744, 15.6548757553, 29.4644432068, 25.0491809845, 27.9501857758, 37.9972648621, 36.3935394287, 49.0553703308, 29.7308731079, 33.5809936523, 36.5302200317, 34.1777534485, 38.4091529846, 26.1220645905, 23.3707122803, 18.5427246094, 23.2094135284, 17.6999454498, 14.092874527, 12.6611852646, 11.2204322815, 7.1695933342, 5.49561929703, 4.96457099915, 3.15477728844, 1.41389727592, 0.77944111824, 0.369938641787, 0.179576724768, 0.0596139766276, 0.009312546812, 0.000367480446585], "median": [0.00362657476217, 0.0768562480807, 0.973311960697, 1.89089274406, 1.63431632519, 2.01821827888, 3.00512051582, 4.49649143219, 6.93589735031, 7.96144199371, 11.0088157654, 9.75840854645, 12.1412944794, 15.3751878738, 16.2770023346, 19.1832828522, 16.015625, 16.6221408844, 14.8617858887, 12.0568304062, 11.8477678299, 10.7642450333, 9.92561435699, 8.84666728973, 8.27925300598, 7.56849813461, 4.28029108047, 3.0937101841, 2.90449714661, 2.32725524902, 1.73569571972, 1.42966604233, 0.786556005478, 0.363707244396, 0.191189900041, 0.0805568471551, 0.0288738869131, 0.00705174449831, 0.000871908850968, 6.5528365667e-05], "min": [6.68966416966e-23, 7.91272572915e-22, 2.02299378041e-21, 5.24037416525e-21, 8.44949324528e-21, 1.8597185057e-20, 4.22476746371e-20, 8.0034034651e-20, 1.41266654644e-19, 9.22810058441e-20, 2.51072502816e-19, 3.06793767022e-19, 4.4289514403e-19, 8.6714150115e-19, 1.15644936796e-18, 1.16144553886e-18, 1.21115485437e-18, 1.81369792457e-18, 2.37372132635e-18, 2.97960300091e-18, 3.48762755464e-18, 4.39034009687e-18, 5.11687019967e-18, 5.66427640877e-18, 5.4206026488e-18, 8.41170470099e-18, 9.71930767741e-18, 8.9330758139e-18, 1.07803355579e-17, 1.06133062855e-17, 1.08394491932e-17, 1.00556864638e-17, 9.54783148207e-18, 6.67668840308e-18, 6.01300748322e-18, 3.82345626589e-18, 2.18396051037e-18, 1.02929857632e-18, 2.17850163531e-19, 2.4807249968e-20], "var": [0.0137052293867, 1.94267523289, 40.0353355408, 90.7916030884, 26.3582725525, 113.855674744, 330.221252441, 576.234863281, 768.102783203, 670.68157959, 2786.46166992, 2159.56030273, 2397.55053711, 5311.92138672, 4860.28125, 8166.10058594, 3417.73388672, 3323.14990234, 4886.98535156, 5761.48339844, 13353.5166016, 2631.78320312, 1642.95507812, 632.482727051, 1887.92590332, 611.780395508, 456.856872559, 384.308563232, 433.380767822, 110.206336975, 103.632339478, 147.323623657, 53.6608772278, 7.34542369843, 1.56727778912, 0.359544247389, 0.097031056881, 0.0119155282155, 0.000344074331224, 4.81250765461e-07]}, "erbbands_crest": {"dmean": 2.50970959663, "dmean2": 3.94592905045, "dvar": 5.94862413406, "dvar2": 13.7998027802, "max": 32.1087303162, "mean": 8.73847293854, "median": 7.67435884476, "min": 1.86417734623, "var": 19.3592147827}, "erbbands_flatness_db": {"dmean": 0.018582990393, "dmean2": 0.0257725529373, "dvar": 0.000380494602723, "dvar2": 0.000690164102707, "max": 0.386455893517, "mean": 0.144987270236, "median": 0.14214515686, "min": 0.0202973950654, "var": 0.00219966215082}, "erbbands_kurtosis": {"dmean": 0.911849439144, "dmean2": 1.39585793018, "dvar": 1.95461702347, "dvar2": 4.73490476608, "max": 53.5046615601, "mean": 0.751086592674, "median": 0.161256551743, "min": -1.82458543777, "var": 4.80986499786}, "erbbands_skewness": {"dmean": 0.339812934399, "dmean2": 0.508201897144, "dvar": 0.106132246554, "dvar2": 0.246873527765, "max": 4.04801511765, "mean": 0.101353444159, "median": 0.125920549035, "min": -6.46004533768, "var": 0.609132409096}, "erbbands_spread": {"dmean": 8.15768623352, "dmean2": 12.0540103912, "dvar": 91.0805587769, "dvar2": 192.290298462, "max": 166.788513184, "mean": 35.0860786438, "median": 32.0475234985, "min": 2.2042324543, "var": 310.14163208}, "gfcc": {"cov": [[33300.7382812, 322.153137207, -2042.81945801, 922.797302246, -877.797912598, 407.560211182, -617.950683594, 270.016815186, -471.789031982, 116.33870697, -393.267425537, -13.6977558136, -401.582611084], [322.153137207, 1699.22033691, -346.95300293, -49.9774360657, 150.448822021, 118.078948975, 88.2144851685, 35.0189819336, 132.217285156, -68.1317062378, 83.2585067749, -12.7307291031, 61.0546646118], [-2042.81945801, -346.95300293, 1291.77880859, -1.45991706848, 422.445098877, 64.9888076782, 171.015457153, 109.671661377, 49.3996276855, 69.7932281494, -11.8023834229, 26.3309364319, 4.28277301788], [922.797302246, -49.9774360657, -1.45991706848, 600.659545898, 44.5499267578, 44.6064987183, 14.7223396301, -2.87257671356, 12.4939365387, 0.955944299698, -61.1554222107, -22.9042015076, -15.4595518112], [-877.797912598, 150.448822021, 422.445098877, 44.5499267578, 428.348388672, 79.5043334961, 135.722488403, 87.1852722168, 73.8316268921, 22.9317398071, -5.77983665466, 19.7929134369, 24.3794631958], [407.560211182, 118.078948975, 64.9888076782, 44.6064987183, 79.5043334961, 203.529571533, 96.7667694092, 78.6720504761, 37.2188949585, 20.2885379791, 30.1267051697, -4.1252951622, 12.6530847549], [-617.950683594, 88.2144851685, 171.015457153, 14.7223396301, 135.722488403, 96.7667694092, 269.034790039, 66.5401992798, 29.7687129974, 23.104549408, 15.6477022171, 15.1842756271, -1.57647645473], [270.016815186, 35.0189819336, 109.671661377, -2.87257671356, 87.1852722168, 78.6720504761, 66.5401992798, 143.228103638, 57.9573783875, 29.0862865448, 31.286403656, 6.87866163254, 7.67082643509], [-471.789031982, 132.217285156, 49.3996276855, 12.4939365387, 73.8316268921, 37.2188949585, 29.7687129974, 57.9573783875, 151.702606201, 33.209236145, 23.4520721436, 7.81171989441, 32.2401924133], [116.33870697, -68.1317062378, 69.7932281494, 0.955944299698, 22.9317398071, 20.2885379791, 23.104549408, 29.0862865448, 33.209236145, 90.7973937988, 37.2096366882, 23.5947933197, 7.31701469421], [-393.267425537, 83.2585067749, -11.8023834229, -61.1554222107, -5.77983665466, 30.1267051697, 15.6477022171, 31.286403656, 23.4520721436, 37.2096366882, 133.266113281, 33.3572158813, 29.2148761749], [-13.6977558136, -12.7307291031, 26.3309364319, -22.9042015076, 19.7929134369, -4.1252951622, 15.1842756271, 6.87866163254, 7.81171989441, 23.5947933197, 33.3572158813, 86.2243881226, 41.4796600342], [-401.582611084, 61.0546646118, 4.28277301788, -15.4595518112, 24.3794631958, 12.6530847549, -1.57647645473, 7.67082643509, 32.2401924133, 7.31701469421, 29.2148761749, 41.4796600342, 86.8011245728]], "icov": [[6.10714632785e-05, -5.86709029449e-05, 7.61691335356e-05, -7.17032380635e-05, 8.14368249848e-05, -0.000202730909223, 0.000221987487748, -0.00033004564466, 0.000278613500996, -0.000290403375402, 0.00033323012758, -0.000301463500364, 0.0003000627039], [-5.86709029449e-05, 0.000954624556471, 0.000350833433913, 0.000173664026079, -0.000710308551788, -0.000122240424389, -0.000420415482949, 0.000664754363243, -0.000995292328298, 0.00127503974363, -0.000997405149974, 0.000600905390456, -0.000467608566396], [7.61691335356e-05, 0.000350833433913, 0.00152113800868, 6.23170490144e-05, -0.00135578482877, -0.000187733821804, -8.36377148516e-06, -0.000564064888749, 0.000377192889573, -0.000709070125595, 0.000385011691833, -0.000212651386391, 0.000391232315451], [-7.17032380635e-05, 0.000173664026079, 6.23170490144e-05, 0.00193216872867, -0.000387622887501, -0.000378255033866, -0.000215155188926, 0.000728117127437, -0.00057600584114, 4.73736472486e-05, 0.000504037830979, 0.000509288569447, -0.000220148387598], [8.14368249848e-05, -0.000710308551788, -0.00135578482877, -0.000387622887501, 0.00484810397029, -0.000429632811574, -0.000589950184803, -0.00148118985817, -0.000306116620777, -0.000325429398799, 0.00156727305148, -0.00110295042396, -0.00016391526151], [-0.000202730909223, -0.000122240424389, -0.000187733821804, -0.000378255033866, -0.000429632811574, 0.0082589443773, -0.00259246467613, -0.0020030522719, -0.000343695399351, 0.000271864293609, -0.00203336565755, 0.00295652938075, -0.00248708785512], [0.000221987487748, -0.000420415482949, -8.36377148516e-06, -0.000215155188926, -0.000589950184803, -0.00259246467613, 0.00614168914035, -0.00190439296421, 0.00121197896078, -0.00137243699282, 0.00134177110158, -0.00245294603519, 0.00249438569881], [-0.00033004564466, 0.000664754363243, -0.000564064888749, 0.000728117127437, -0.00148118985817, -0.0020030522719, -0.00190439296421, 0.0131029710174, -0.00465919310227, 0.00118816480972, -0.00339509104379, 0.00147876667324, -0.000255116232438], [0.000278613500996, -0.000995292328298, 0.000377192889573, -0.00057600584114, -0.000306116620777, -0.000343695399351, 0.00121197896078, -0.00465919310227, 0.0112417154014, -0.00492027029395, 0.00199421215802, 0.000463546981337, -0.00221571046859], [-0.000290403375402, 0.00127503974363, -0.000709070125595, 4.73736472486e-05, -0.000325429398799, 0.000271864293609, -0.00137243699282, 0.00118816480972, -0.00492027029395, 0.0174094159156, -0.00558528630063, -0.00199274159968, 0.000916973454878], [0.00033323012758, -0.000997405149974, 0.000385011691833, 0.000504037830979, 0.00156727305148, -0.00203336565755, 0.00134177110158, -0.00339509104379, 0.00199421215802, -0.00558528630063, 0.0127936964855, -0.00402668816969, -0.00015702926612], [-0.000301463500364, 0.000600905390456, -0.000212651386391, 0.000509288569447, -0.00110295042396, 0.00295652938075, -0.00245294603519, 0.00147876667324, 0.000463546981337, -0.00199274159968, -0.00402668816969, 0.0193824414164, -0.00992381758988], [0.0003000627039, -0.000467608566396, 0.000391232315451, -0.000220148387598, -0.00016391526151, -0.00248708785512, 0.00249438569881, -0.000255116232438, -0.00221571046859, 0.000916973454878, -0.00015702926612, -0.00992381758988, 0.0191964693367]], "mean": [-11.036447525, 60.46900177, -118.437828064, 14.4941711426, -55.2494850159, 10.2461519241, -32.5954818726, 3.38132143021, -22.9037857056, -0.205571591854, -16.7500267029, -2.11378717422, -16.184343338]}, "hfc": {"dmean": 8.30621910095, "dmean2": 11.9759263992, "dvar": 113.548706055, "dvar2": 251.935211182, "max": 127.404495239, "mean": 26.4498062134, "median": 19.4215087891, "min": 1.03143175517e-16, "var": 508.358276367}, "melbands": {"dmean": [0.000428719737101, 0.00120391906239, 0.000642870785668, 0.00015392183559, 0.000133528432343, 0.00015535663988, 0.000117602023238, 7.75831140345e-05, 0.000106615014374, 6.44833926344e-05, 6.26764594926e-05, 8.68037459441e-05, 5.80288578931e-05, 6.55900294078e-05, 4.00712669943e-05, 3.17446574627e-05, 3.66662934539e-05, 3.02061143884e-05, 3.39317484759e-05, 2.27038635785e-05, 2.15673117054e-05, 1.43841652971e-05, 1.27395260279e-05, 1.26924405777e-05, 9.06433615455e-06, 9.74268823484e-06, 9.09041773411e-06, 7.43164855521e-06, 6.67179028824e-06, 4.51574669569e-06, 4.72516148875e-06, 3.99845157517e-06, 3.02788589579e-06, 2.09736685974e-06, 1.71543797478e-06, 1.791038585e-06, 1.61498212492e-06, 1.39514918374e-06, 1.04197863493e-06, 6.34723960502e-07], "dmean2": [0.000678920943756, 0.00183573516551, 0.00103554781526, 0.000250557262916, 0.000203761796001, 0.000250330544077, 0.000181388430065, 0.000115644004836, 0.000148250459461, 9.21837709029e-05, 9.21856844798e-05, 0.000130789965624, 8.9657776698e-05, 9.92831555777e-05, 6.1105703935e-05, 4.8022287956e-05, 5.7704426581e-05, 4.6431501687e-05, 5.15124920639e-05, 3.61429665645e-05, 3.43709507433e-05, 2.31199792324e-05, 2.0621546355e-05, 2.03656618396e-05, 1.50525165736e-05, 1.53833825607e-05, 1.41091177284e-05, 1.22027313409e-05, 1.09358679765e-05, 7.04047761246e-06, 7.56266035751e-06, 6.43645307719e-06, 4.74660191685e-06, 3.24917277794e-06, 2.68687449534e-06, 2.69884776571e-06, 2.42836176767e-06, 2.10391567634e-06, 1.59073272243e-06, 9.55517521106e-07], "dvar": [1.00451097751e-06, 5.34436094313e-06, 1.48789672494e-06, 6.87066403771e-08, 8.85855087063e-08, 1.21358809224e-07, 5.59926860433e-08, 2.22678266937e-08, 4.81384212492e-08, 1.85997457436e-08, 1.53982817608e-08, 3.86174541234e-08, 1.99223499919e-08, 2.22294058716e-08, 5.19656451203e-09, 5.00323249497e-09, 6.60388677076e-09, 4.37008695897e-09, 1.11818767579e-08, 3.04765768178e-09, 2.82172329946e-09, 6.52327414308e-10, 6.74874378603e-10, 5.51531265103e-10, 2.45108100483e-10, 4.35219665862e-10, 2.34579411451e-10, 1.54082260839e-10, 1.0100627279e-10, 4.70745491199e-11, 5.30756237571e-11, 8.22708082215e-11, 4.35688186917e-11, 1.10115406377e-11, 1.08404292487e-11, 1.68516728349e-11, 1.91445609365e-11, 1.47878202739e-11, 6.13808830152e-12, 2.09389992324e-12], "dvar2": [2.35719562625e-06, 1.26553140944e-05, 3.84120039598e-06, 1.69795612237e-07, 2.02479824907e-07, 3.33483399118e-07, 1.34726519718e-07, 4.95688183832e-08, 9.06600803319e-08, 3.82349227834e-08, 3.18726023352e-08, 7.95958428057e-08, 4.68782133112e-08, 4.80075961207e-08, 1.12991038748e-08, 9.2880316771e-09, 1.50582266656e-08, 9.23888876514e-09, 2.33527774895e-08, 6.95540736118e-09, 6.51350307024e-09, 1.6294278149e-09, 1.65080404901e-09, 1.41307587853e-09, 6.37369601542e-10, 1.04955311109e-09, 5.77842051985e-10, 4.04218269967e-10, 2.62377286564e-10, 1.083758569e-10, 1.30474214766e-10, 2.00385680271e-10, 1.08807608756e-10, 2.71611257791e-11, 2.63791870292e-11, 3.36402641854e-11, 3.6585439539e-11, 3.0098871312e-11, 1.26233563533e-11, 4.56979289479e-12], "max": [0.0130775598809, 0.0289465822279, 0.017790319398, 0.00528990384191, 0.00661141658202, 0.00518718129024, 0.00688030803576, 0.00414736522362, 0.00511224241927, 0.0031476393342, 0.00258797430433, 0.00788556784391, 0.00357791990973, 0.00444241426885, 0.00155770406127, 0.00275397091173, 0.00230600615032, 0.00172074034344, 0.0026561638806, 0.00151575182099, 0.00239316676743, 0.000736570858862, 0.00108576472849, 0.000658279343043, 0.000376845157007, 0.000621177896392, 0.000265065289568, 0.000293653021799, 0.000116810995678, 9.10630405997e-05, 0.00013715417299, 0.000253643869655, 0.000201707618544, 6.75627234159e-05, 9.54481947701e-05, 0.000106450432213, 9.8805372545e-05, 9.84563303064e-05, 5.82377906539e-05, 3.28991809511e-05], "mean": [0.000735391222406, 0.00167105952278, 0.000939179793932, 0.000292839831673, 0.000299286883092, 0.000287231989205, 0.000243895832682, 0.000170626692125, 0.000237864776864, 0.000158191527589, 0.000137537994306, 0.000153747183504, 0.000108981759695, 0.000143450466567, 8.35995160742e-05, 6.11392606515e-05, 6.07254442002e-05, 5.38897220395e-05, 5.59660511499e-05, 4.26567530667e-05, 4.49135477538e-05, 2.63121219177e-05, 2.26620923058e-05, 2.13182884181e-05, 1.3447179299e-05, 1.6788537323e-05, 1.47854743773e-05, 1.10119108285e-05, 8.96277106222e-06, 7.14354337106e-06, 7.44599310565e-06, 6.45135651212e-06, 5.29492763235e-06, 3.51276912625e-06, 3.03766432808e-06, 3.2135130823e-06, 2.95510585602e-06, 2.33151581597e-06, 1.59449609782e-06, 1.05836750208e-06], "median": [3.54731419066e-05, 0.000457944173831, 0.000332723953761, 0.000130784639623, 0.000105021150375, 0.000100143966847, 0.000112415167678, 8.81884407136e-05, 8.84947003215e-05, 5.86909991398e-05, 5.73146862735e-05, 5.61245069548e-05, 4.28601051681e-05, 4.95645545016e-05, 4.09147323808e-05, 2.88937444566e-05, 2.80848507828e-05, 2.13194180105e-05, 1.68121714523e-05, 1.30242742671e-05, 1.30081916723e-05, 1.09255124698e-05, 8.39710628497e-06, 8.22036236059e-06, 5.92663036514e-06, 5.73421539229e-06, 5.36756670044e-06, 4.45207706434e-06, 2.56952102973e-06, 1.75897025656e-06, 1.73699368133e-06, 1.58609771006e-06, 1.51371432366e-06, 1.10589860469e-06, 9.45081694681e-07, 9.82583969744e-07, 7.66850803302e-07, 5.54652160645e-07, 3.93968946355e-07, 2.71592028867e-07], "min": [8.67635963571e-25, 1.18685030381e-24, 1.11231517561e-24, 1.14168890445e-24, 1.62289376081e-24, 1.69874747001e-24, 2.26914498323e-24, 1.31070856567e-24, 1.74050089165e-24, 1.38994796727e-24, 2.05120302829e-24, 3.12084970361e-24, 3.11997584294e-24, 3.42897995648e-24, 2.90774642424e-24, 2.34679907024e-24, 2.34513536259e-24, 2.80727433834e-24, 3.7926475948e-24, 3.78078864881e-24, 3.53326381827e-24, 3.9886310148e-24, 3.57550574203e-24, 4.46930131929e-24, 3.91886731179e-24, 3.44021254691e-24, 4.34398484804e-24, 4.00634251984e-24, 4.25169561631e-24, 5.20583353079e-24, 3.81621008118e-24, 5.27395679756e-24, 5.39619592242e-24, 5.03174928395e-24, 5.01279453412e-24, 5.49716459626e-24, 5.64922857979e-24, 5.72184677599e-24, 5.44881886125e-24, 5.38892420259e-24], "var": [1.66352845099e-06, 6.9256648203e-06, 2.06732124752e-06, 1.98393308892e-07, 3.61945325267e-07, 2.62046967237e-07, 1.74015156063e-07, 7.20259762943e-08, 1.89107268511e-07, 8.64806182221e-08, 6.03303575986e-08, 9.86596973007e-08, 4.92911951255e-08, 1.02454073669e-07, 1.62715352303e-08, 1.80126260574e-08, 1.23248860007e-08, 1.33338851072e-08, 2.47725182589e-08, 1.16382476989e-08, 2.01879100103e-08, 2.43905651232e-09, 2.15129913883e-09, 1.39763656204e-09, 3.98938576618e-10, 1.27582655551e-09, 5.10325504077e-10, 2.52140558432e-10, 1.91611684852e-10, 1.1985672177e-10, 1.39427858148e-10, 1.57492505148e-10, 8.67260638304e-11, 2.73706560888e-11, 2.97464310128e-11, 5.62569782425e-11, 5.90443458015e-11, 3.32601030051e-11, 1.22014577261e-11, 3.9311908763e-12]}, "melbands_crest": {"dmean": 3.47501850128, "dmean2": 5.49540615082, "dvar": 10.984210968, "dvar2": 25.9826221466, "max": 32.7937889099, "mean": 12.5850229263, "median": 11.8635444641, "min": 1.33926677704, "var": 29.0091266632}, "melbands_flatness_db": {"dmean": 0.0307324696332, "dmean2": 0.0463021397591, "dvar": 0.0010513458401, "dvar2": 0.00242422451265, "max": 0.423267394304, "mean": 0.155122980475, "median": 0.152882814407, "min": 0.00272958376445, "var": 0.00405397592112}, "melbands_kurtosis": {"dmean": 4.56232690811, "dmean2": 7.11286354065, "dvar": 83.7251968384, "dvar2": 189.914978027, "max": 250.671524048, "mean": 6.43468379974, "median": 3.02854967117, "min": -1.85496604443, "var": 133.445266724}, "melbands_skewness": {"dmean": 0.670558273792, "dmean2": 0.986466884613, "dvar": 0.62599503994, "dvar2": 1.35176801682, "max": 12.7279911041, "mean": 1.85998773575, "median": 1.58220136166, "min": -1.71920418739, "var": 1.84737098217}, "melbands_spread": {"dmean": 11.2254648209, "dmean2": 17.3270740509, "dvar": 222.126113892, "dvar2": 460.060913086, "max": 206.556472778, "mean": 36.3680076599, "median": 28.4200763702, "min": 0.880381762981, "var": 813.589416504}, "mfcc": {"cov": [[12481.3115234, 489.356689453, -50.661441803, 507.500518799, 121.361366272, 203.259918213, 108.741981506, 122.065963745, 51.455997467, 61.3695678711, 32.4315338135, 30.7470550537, -25.9674472809], [489.356689453, 1734.14453125, -143.597930908, -136.477905273, 117.773223877, 47.1577529907, 71.3253173828, 140.468383789, 55.5671653748, 48.824798584, 63.5403442383, 32.4375457764, 52.1447868347], [-50.661441803, -143.597930908, 557.827575684, 100.437812805, 143.544219971, 44.5226402283, 100.828643799, 20.5462436676, 74.5536575317, 28.6758174896, 31.0863265991, 32.7786521912, 5.47032403946], [507.500518799, -136.477905273, 100.437812805, 428.797485352, 95.1443023682, 115.958213806, 23.0876903534, 30.2077865601, 73.8734283447, -15.1957416534, -6.11147117615, 1.18393743038, -1.14115536213], [121.361366272, 117.773223877, 143.544219971, 95.1443023682, 314.259338379, 39.7881317139, 39.038066864, 38.3569793701, 85.1298599243, 25.2381744385, 26.2400970459, 27.8283920288, 12.2975826263], [203.259918213, 47.1577529907, 44.5226402283, 115.958213806, 39.7881317139, 168.993865967, 71.0687026978, 49.5151290894, 65.6799926758, 16.7471523285, 16.8511371613, 15.1902942657, 4.17943191528], [108.741981506, 71.3253173828, 100.828643799, 23.0876903534, 39.038066864, 71.0687026978, 213.552017212, 78.2994537354, 44.2060966492, 39.3663978577, 48.5170707703, 11.8847465515, 26.9391365051], [122.065963745, 140.468383789, 20.5462436676, 30.2077865601, 38.3569793701, 49.5151290894, 78.2994537354, 132.441436768, 67.1776733398, 46.0949783325, 25.9311408997, 15.1610221863, 23.2316055298], [51.455997467, 55.5671653748, 74.5536575317, 73.8734283447, 85.1298599243, 65.6799926758, 44.2060966492, 67.1776733398, 153.604507446, 40.2473449707, 21.8381900787, 16.5291347504, 12.6786842346], [61.3695678711, 48.824798584, 28.6758174896, -15.1957416534, 25.2381744385, 16.7471523285, 39.3663978577, 46.0949783325, 40.2473449707, 116.374557495, 45.8698654175, 18.7893028259, 18.8577098846], [32.4315338135, 63.5403442383, 31.0863265991, -6.11147117615, 26.2400970459, 16.8511371613, 48.5170707703, 25.9311408997, 21.8381900787, 45.8698654175, 92.9808807373, 30.4399299622, 14.6268444061], [30.7470550537, 32.4375457764, 32.7786521912, 1.18393743038, 27.8283920288, 15.1902942657, 11.8847465515, 15.1610221863, 16.5291347504, 18.7893028259, 30.4399299622, 80.0193099976, 30.2461032867], [-25.9674472809, 52.1447868347, 5.47032403946, -1.14115536213, 12.2975826263, 4.17943191528, 26.9391365051, 23.2316055298, 12.6786842346, 18.8577098846, 14.6268444061, 30.2461032867, 70.4192581177]], "icov": [[8.77792408573e-05, -3.19192185998e-05, 2.70104592346e-05, -0.000126796847326, -6.14559439782e-07, -1.44965215441e-05, -3.68599794456e-05, -2.06148106372e-05, 7.02602337697e-05, -7.43729906389e-05, 2.64521167992e-05, -6.36061813566e-05, 0.000102813261037], [-3.19192185998e-05, 0.000738987757359, 0.000241163943429, 0.000413025845774, -0.000389738095691, -0.000259644497419, 9.61259211181e-05, -0.000724915531464, 4.77514804516e-05, 0.000234880237258, -0.000348840025254, 0.000108414067654, -0.000330777926138], [2.70104592346e-05, 0.000241163943429, 0.0024517159909, -0.000299359147903, -0.000855173624586, 0.000334176584147, -0.00129847461358, 0.000681525387336, -0.000645275344141, -0.000224333052756, 0.000116717099445, -0.000883879663888, 0.000569130876102], [-0.000126796847326, 0.000413025845774, -0.000299359147903, 0.00359556800686, -0.00076360325329, -0.0022491577547, 0.000724557554349, -0.000501970935147, -0.000602357904427, 0.00109046965372, -6.39394929749e-05, 0.000753985659685, -0.000609950744547], [-6.14559439782e-07, -0.000389738095691, -0.000855173624586, -0.00076360325329, 0.00440972158685, 0.00051594467368, -1.04248692878e-05, 0.000264954869635, -0.0017342226347, -6.62686652504e-05, -0.000242312060436, -0.000756126653869, 0.000163382297615], [-1.44965215441e-05, -0.000259644497419, 0.000334176584147, -0.0022491577547, 0.00051594467368, 0.00960892438889, -0.00270278262906, -0.000321795232594, -0.00246109440923, -2.69709216809e-05, 0.000459120841697, -0.0018580830656, 0.00175727554597], [-3.68599794456e-05, 9.61259211181e-05, -0.00129847461358, 0.000724557554349, -1.04248692878e-05, -0.00270278262906, 0.00802600104362, -0.00365972705185, 0.000990820350125, 0.000384330603993, -0.00304192537442, 0.00224024266936, -0.00228463555686], [-2.06148106372e-05, -0.000724915531464, 0.000681525387336, -0.000501970935147, 0.000264954869635, -0.000321795232594, -0.00365972705185, 0.0136291272938, -0.00398678751662, -0.00284269684926, 0.00101866538171, -0.000491420680191, -0.0011767813703], [7.02602337697e-05, 4.77514804516e-05, -0.000645275344141, -0.000602357904427, -0.0017342226347, -0.00246109440923, 0.000990820350125, -0.00398678751662, 0.0110194152221, -0.00178102310747, -8.15202074591e-05, 0.000127010163851, -0.00012862290896], [-7.43729906389e-05, 0.000234880237258, -0.000224333052756, 0.00109046965372, -6.62686652504e-05, -2.69709216809e-05, 0.000384330603993, -0.00284269684926, -0.00178102310747, 0.0125240311027, -0.00503508280963, 0.000443450349849, -0.00154008634854], [2.64521167992e-05, -0.000348840025254, 0.000116717099445, -6.39394929749e-05, -0.000242312060436, 0.000459120841697, -0.00304192537442, 0.00101866538171, -8.15202074591e-05, -0.00503508280963, 0.0162026770413, -0.00511353043839, 0.00129456457216], [-6.36061813566e-05, 0.000108414067654, -0.000883879663888, 0.000753985659685, -0.000756126653869, -0.0018580830656, 0.00224024266936, -0.000491420680191, 0.000127010163851, 0.000443450349849, -0.00511353043839, 0.0177294537425, -0.00716996612027], [0.000102813261037, -0.000330777926138, 0.000569130876102, -0.000609950744547, 0.000163382297615, 0.00175727554597, -0.00228463555686, -0.0011767813703, -0.00012862290896, -0.00154008634854, 0.00129456457216, -0.00716996612027, 0.0188050996512]], "mean": [-643.516601562, 100.8098526, -9.84870910645, 8.87397575378, -3.41365265846, 4.17231702805, -1.95920658112, 2.45500159264, -3.49496746063, 1.48391926289, -2.20805001259, -0.362248331308, -1.36686241627]}, "pitch_salience": {"dmean": 0.0758082941175, "dmean2": 0.119533628225, "dvar": 0.00545624969527, "dvar2": 0.0125812012702, "max": 0.870408296585, "mean": 0.562318384647, "median": 0.568904221058, "min": 0.0983522683382, "var": 0.0130076231435}, "silence_rate_20dB": {"dmean": 0, "dmean2": 0, "dvar": 0, "dvar2": 0, "max": 1, "mean": 1, "median": 1, "min": 1, "var": 0}, "silence_rate_30dB": {"dmean": 0.0004164064012, "dmean2": 0.000832899531815, "dvar": 0.000416244874941, "dvar2": 0.00124870287254, "max": 1, "mean": 0.999791800976, "median": 1, "min": 0, "var": 0.000208127457881}, "silence_rate_60dB": {"dmean": 0.0226941499859, "dmean2": 0.0453930236399, "dvar": 0.0221821833402, "dvar2": 0.0497958138585, "max": 1, "mean": 0.0965962335467, "median": 0, "min": 0, "var": 0.0872713252902}, "spectral_centroid": {"dmean": 342.351043701, "dmean2": 528.824157715, "dvar": 172759.578125, "dvar2": 417607.96875, "max": 11946.0908203, "mean": 1825.85534668, "median": 1576.8581543, "min": 202.430526733, "var": 1925807.875}, "spectral_complexity": {"dmean": 5.17468261719, "dmean2": 7.88797521591, "dvar": 39.3619689941, "dvar2": 91.5551376343, "max": 59, "mean": 22.0201931, "median": 21, "min": 0, "var": 141.544891357}, "spectral_contrast_coeffs": {"dmean": [0.0489593110979, 0.0401072539389, 0.0350638329983, 0.0299133267254, 0.0236736871302, 0.0209727492183], "dmean2": [0.0763050690293, 0.0649566724896, 0.05583967641, 0.0478357188404, 0.0375043675303, 0.0332582853734], "dvar": [0.00165978714358, 0.00114774040412, 0.00085385661805, 0.000696752627846, 0.000467366888188, 0.000484626594698], "dvar2": [0.00392693607137, 0.00295447465032, 0.0020828503184, 0.0016809089575, 0.0010197381489, 0.00122086820193], "max": [-0.267504006624, -0.455532371998, -0.405084580183, -0.505998432636, -0.577182710171, -0.622356712818], "mean": [-0.619120240211, -0.73350083828, -0.755747258663, -0.771418690681, -0.785247385502, -0.761201262474], "median": [-0.620202124119, -0.738555967808, -0.761510133743, -0.774282813072, -0.789478540421, -0.754812955856], "min": [-0.979791820049, -0.981977820396, -0.980810701847, -0.974388480186, -0.966984927654, -0.966205358505], "var": [0.0109254941344, 0.0060753133148, 0.00577774038538, 0.00406505493447, 0.00288852932863, 0.00324080721475]}, "spectral_contrast_valleys": {"dmean": [0.473770111799, 0.303283959627, 0.288387656212, 0.323186814785, 0.374096602201, 0.389433175325], "dmean2": [0.716266274452, 0.49191147089, 0.461921334267, 0.505498409271, 0.539643883705, 0.52515155077], "dvar": [0.216587856412, 0.0889323726296, 0.0847371742129, 0.125743076205, 0.193570777774, 0.230001330376], "dvar2": [0.415316820145, 0.186483815312, 0.172778949142, 0.257574617863, 0.414829492569, 0.447232633829], "max": [-5.37692975998, -5.10104036331, -5.33101844788, -5.65636205673, -5.56373548508, -7.6844086647], "mean": [-8.33949947357, -7.20067310333, -7.54825496674, -7.90331363678, -7.82870864868, -10.2402477264], "median": [-7.93275165558, -6.70576000214, -7.03298568726, -7.38629293442, -7.43700838089, -9.85233879089], "min": [-28.4085407257, -27.9781646729, -27.95703125, -27.7245903015, -27.4844322205, -27.4108810425], "var": [7.79996681213, 7.56925916672, 7.35677671432, 7.27340841293, 7.584836483, 6.30248069763]}, "spectral_decrease": {"dmean": 1.75633574351e-09, "dmean2": 2.57328247599e-09, "dvar": 5.60241239794e-18, "dvar2": 1.21110714673e-17, "max": 2.33728233971e-28, "mean": -5.53938317438e-09, "median": -4.64179450432e-09, "min": -3.34141816438e-08, "var": 1.9501735853e-17}, "spectral_energy": {"dmean": 0.00711152330041, "dmean2": 0.010260945186, "dvar": 8.45031900099e-05, "dvar2": 0.00017876039783, "max": 0.132103472948, "mean": 0.0233060866594, "median": 0.0198161061853, "min": 9.6207502965e-21, "var": 0.000327238987666}, "spectral_energyband_high": {"dmean": 0.00071044737706, "dmean2": 0.00103521510027, "dvar": 1.0327455584e-06, "dvar2": 2.20350398195e-06, "max": 0.0132338944823, "mean": 0.00146690930706, "median": 0.000581043423153, "min": 7.06249230378e-21, "var": 3.60883450412e-06}, "spectral_energyband_low": {"dmean": 0.00486245471984, "dmean2": 0.00747889420018, "dvar": 7.70985279814e-05, "dvar2": 0.000179658076377, "max": 0.112736977637, "mean": 0.00804162677377, "median": 0.00280339783058, "min": 1.35171347664e-23, "var": 0.000122444005683}, "spectral_energyband_middle_high": {"dmean": 0.00215265667066, "dmean2": 0.00324225774966, "dvar": 7.84551957622e-06, "dvar2": 1.71452702489e-05, "max": 0.0620722100139, "mean": 0.00692983856425, "median": 0.00492612365633, "min": 1.14094106352e-21, "var": 4.51494270237e-05}, "spectral_energyband_middle_low": {"dmean": 0.00261151022278, "dmean2": 0.00408580061048, "dvar": 1.09692919068e-05, "dvar2": 2.82807905023e-05, "max": 0.0472459830344, "mean": 0.0080865258351, "median": 0.00644843745977, "min": 1.46561419974e-22, "var": 4.73822765343e-05}, "spectral_entropy": {"dmean": 0.180027097464, "dmean2": 0.270379990339, "dvar": 0.0458041317761, "dvar2": 0.0974261239171, "max": 9.82904720306, "mean": 7.77597141266, "median": 7.78737783432, "min": 6.10089731216, "var": 0.231632828712}, "spectral_flux": {"dmean": 0.0223631281406, "dmean2": 0.0341577604413, "dvar": 0.000586281297728, "dvar2": 0.00127032620367, "max": 0.277592122555, "mean": 0.0761120468378, "median": 0.0707820951939, "min": 6.30660940137e-11, "var": 0.00184019852895}, "spectral_kurtosis": {"dmean": 1.3080728054, "dmean2": 2.09437274933, "dvar": 3.12445378304, "dvar2": 8.12321090698, "max": 42.9633903503, "mean": 4.42547702789, "median": 3.76380872726, "min": -1.39060425758, "var": 8.16656970978}, "spectral_rms": {"dmean": 0.000692356319632, "dmean2": 0.000963102211244, "dvar": 5.74384557694e-07, "dvar2": 1.07445680442e-06, "max": 0.0113525958732, "mean": 0.00433335825801, "median": 0.00439690658823, "min": 3.06367388056e-12, "var": 3.9595661292e-06}, "spectral_rolloff": {"dmean": 822.936706543, "dmean2": 1372.2409668, "dvar": 2057510, "dvar2": 5141333, "max": 19444.4824219, "mean": 2556.5690918, "median": 1701.12304688, "min": 64.599609375, "var": 7787079.5}, "spectral_skewness": {"dmean": 0.215754389763, "dmean2": 0.330225795507, "dvar": 0.060224507004, "dvar2": 0.147640258074, "max": 4.66948318481, "mean": 1.53545773029, "median": 1.49867510796, "min": -0.0880840197206, "var": 0.294648826122}, "spectral_spread": {"dmean": 648855.1875, "dmean2": 923919.75, "dvar": 1045592604670.0, "dvar2": 2094792835070.0, "max": 43772208, "mean": 5526173.5, "med