{"lowlevel": {"average_loudness": 0.648407161236, "barkbands": {"dmean": [2.40672619611e-07, 0.000350170215825, 0.000394003873225, 0.000532040547114, 0.00165392446797, 0.000677799922414, 0.000470105296699, 0.00171994359698, 0.000754551379941, 0.000328668829752, 0.000197894230951, 0.000426041573519, 0.000289785675704, 0.00022079826158, 0.00027735347976, 0.000135348091135, 0.000109411434096, 9.06415225472e-05, 5.09689161845e-05, 3.39344478562e-05, 1.07484866021e-05, 1.09275997602e-05, 4.38382812717e-06, 2.85169153358e-06, 1.56056694323e-06, 1.91866092791e-06, 8.96492053926e-07], "dmean2": [3.93456218717e-07, 0.00054950377671, 0.00059711560607, 0.0008479457465, 0.00242994143628, 0.000939814373851, 0.000657508033328, 0.00237848074175, 0.000968058360741, 0.000492247461807, 0.000304790592054, 0.000679072341882, 0.000447607017122, 0.000341007398674, 0.0004502942611, 0.000223413255299, 0.000177591922693, 0.000143312921864, 8.13499646029e-05, 5.22551381437e-05, 1.76424837264e-05, 1.7025602574e-05, 6.47352453598e-06, 4.18262879975e-06, 2.31399258155e-06, 2.9379807529e-06, 1.38242353387e-06], "dvar": [2.44467125579e-13, 1.16924775284e-06, 1.06917855192e-06, 1.57635406595e-06, 1.04967302832e-05, 2.10274515666e-06, 2.18240825234e-06, 1.41171040013e-05, 6.52589051242e-06, 7.18161970781e-07, 5.91402567807e-07, 1.76158835075e-06, 1.01444993561e-06, 3.58745808171e-07, 5.74347950533e-07, 1.74604807057e-07, 8.37906242168e-08, 4.13612326611e-08, 1.54677657349e-08, 6.13899686641e-09, 1.22714094442e-09, 6.48181563978e-10, 1.62633351231e-10, 9.83576622926e-11, 2.39823595011e-11, 1.39245115438e-10, 2.50570605931e-11], "dvar2": [5.75105284575e-13, 2.74996023109e-06, 2.59362082033e-06, 3.60720946446e-06, 2.20160000026e-05, 3.80822325496e-06, 3.78254003408e-06, 2.68466865236e-05, 9.77925174084e-06, 1.72163061052e-06, 1.39053565817e-06, 4.80171229356e-06, 2.56227190221e-06, 8.40541247271e-07, 1.52479265125e-06, 4.70753207082e-07, 2.26685912708e-07, 1.08367494533e-07, 4.24818438205e-08, 1.47362078096e-08, 3.45120376721e-09, 1.56961754705e-09, 3.30496657819e-10, 1.96368463157e-10, 5.12489564675e-11, 2.90646978707e-10, 4.93324651962e-11], "max": [1.1527748029e-05, 0.0219260342419, 0.0149262994528, 0.053817011416, 0.0799602419138, 0.0419445373118, 0.0512652397156, 0.0749145299196, 0.0787386223674, 0.0287691988051, 0.0389111787081, 0.0389484614134, 0.0291715413332, 0.0151493623853, 0.0221287887543, 0.00975744519383, 0.00751000968739, 0.00610907468945, 0.00265133706853, 0.00184420729056, 0.00142117054202, 0.000593937642407, 0.000428385304986, 0.000343775871443, 0.000153641347424, 0.000836564344354, 0.000325925473589], "mean": [3.40479800798e-07, 0.000664171471726, 0.000798194319941, 0.000961455574725, 0.00416624965146, 0.00186982611194, 0.00131107436027, 0.00531903421506, 0.00155987904873, 0.000749555008952, 0.000418808893301, 0.000823151960503, 0.000716416689102, 0.000427427934483, 0.000489407393616, 0.000246609270107, 0.000229521639994, 0.000198924069991, 0.000114183145342, 8.16476458567e-05, 2.13705079659e-05, 2.40713216044e-05, 8.91511081136e-06, 5.82533039051e-06, 2.7894318464e-06, 2.92345339403e-06, 1.28839553781e-06], "median": [9.15433204796e-08, 6.74373368383e-05, 0.000244628288783, 0.00033255899325, 0.00199788389727, 0.000724004406948, 0.000179027992999, 0.00076290522702, 0.000149201398017, 0.00025763004669, 4.74434054922e-05, 0.000205619362532, 5.59712425456e-05, 9.82457277132e-05, 0.000152754946612, 6.60883888486e-05, 6.77324351273e-05, 0.000100634075352, 4.5213400881e-05, 2.99933108181e-05, 5.95238134338e-06, 7.53657286623e-06, 3.64403604181e-06, 2.28462590712e-06, 9.15779310162e-07, 6.75914179737e-07, 3.16248730314e-07], "min": [1.84258629671e-25, 1.96098120377e-24, 1.14511946331e-24, 1.33333930871e-24, 6.67168303196e-24, 5.04540643837e-24, 7.50412061359e-24, 8.59063293785e-24, 1.42143489671e-23, 1.13923024195e-23, 1.31937806814e-23, 1.64106276574e-23, 2.76919586467e-23, 2.93673887689e-23, 4.14224045573e-23, 3.66611272788e-23, 6.82701684395e-23, 7.81753142247e-23, 1.17404616046e-22, 1.62663838098e-22, 2.37153650971e-22, 2.64042422999e-22, 3.72131513143e-22, 5.03705383711e-22, 8.4855664787e-22, 1.30574528952e-21, 1.85746173242e-21], "var": [4.77478842055e-13, 2.81435814031e-06, 2.02901810553e-06, 3.40886913364e-06, 3.99680175178e-05, 1.22859037219e-05, 1.31236356538e-05, 8.2896774984e-05, 2.90766874969e-05, 1.93216555999e-06, 2.29805777963e-06, 3.95942106479e-06, 5.59353748031e-06, 1.06571326342e-06, 1.12033160349e-06, 4.35849671021e-07, 2.51688248909e-07, 1.06459395965e-07, 4.35218083794e-08, 2.1560564889e-08, 2.13561346385e-09, 1.62551849758e-09, 3.47784051558e-10, 2.0282719948e-10, 3.99129028439e-11, 2.4674137733e-10, 4.57521277808e-11]}, "barkbands_crest": {"dmean": 2.1113717556, "dmean2": 3.22020459175, "dvar": 4.46703004837, "dvar2": 10.3267059326, "max": 25.0033168793, "mean": 12.3886632919, "median": 11.6515674591, "min": 3.43914961815, "var": 23.6125164032}, "barkbands_flatness_db": {"dmean": 0.0165070742369, "dmean2": 0.0242701005191, "dvar": 0.000288561743218, "dvar2": 0.000561636697967, "max": 0.36685732007, "mean": 0.182538926601, "median": 0.179656878114, "min": 0.0473958067596, "var": 0.00262335292064}, "barkbands_kurtosis": {"dmean": 2.54842162132, "dmean2": 3.89273476601, "dvar": 16.7682323456, "dvar2": 39.0724334717, "max": 119.79839325, "mean": 5.92862892151, "median": 3.06142616272, "min": -1.96247076988, "var": 82.0547409058}, "barkbands_skewness": {"dmean": 0.411528527737, "dmean2": 0.618326425552, "dvar": 0.195669546723, "dvar2": 0.438920170069, "max": 7.33542728424, "mean": 1.64353990555, "median": 1.53738462925, "min": -2.24765229225, "var": 1.77706062794}, "barkbands_spread": {"dmean": 2.69452738762, "dmean2": 4.00065326691, "dvar": 15.9114694595, "dvar2": 29.9590950012, "max": 147.466522217, "mean": 12.7529983521, "median": 11.1015768051, "min": 0.678657829762, "var": 86.0613632202}, "dissonance": {"dmean": 0.023194456473, "dmean2": 0.0388205572963, "dvar": 0.000459409173345, "dvar2": 0.0012121074833, "max": 0.499987751245, "mean": 0.427981376648, "median": 0.434768199921, "min": 0.241188555956, "var": 0.00174419977702}, "dynamic_complexity": 4.90406274796, "erbbands": {"dmean": [0.0036083322484, 0.102314449847, 0.449421554804, 1.00356984138, 3.42094612122, 5.57177686691, 9.73637580872, 3.86270475388, 5.69093847275, 10.6823863983, 44.97215271, 21.2712860107, 7.6773109436, 10.8886671066, 9.00449562073, 19.0948886871, 15.1035633087, 9.19386959076, 16.4258308411, 9.18888664246, 6.4222817421, 4.63031959534, 4.41384124756, 2.26014471054, 2.86188101768, 1.68203496933, 0.499182343483, 0.365732610226, 0.384346693754, 0.22848457098, 0.110214702785, 0.07179338485, 0.0422658920288, 0.0201900582761, 0.0100227436051, 0.0066906302236, 0.0038379880134, 0.0013909166446, 0.000160724506713, 7.20844582247e-06], "dmean2": [0.0056734434329, 0.159575283527, 0.678097724915, 1.57068407536, 5.29922676086, 8.0967464447, 13.8628454208, 5.17562818527, 7.96496629715, 15.0842733383, 60.7120513916, 26.2584705353, 10.9307556152, 15.883928299, 13.8239946365, 30.1240520477, 23.4991264343, 13.9796571732, 26.4970149994, 15.1216058731, 10.415471077, 7.38292217255, 6.86721754074, 3.66960191727, 4.51439285278, 2.62302112579, 0.82435631752, 0.594196021557, 0.594161391258, 0.351444721222, 0.161188155413, 0.105272211134, 0.062410928309, 0.0300648640841, 0.0149606894702, 0.0103913508356, 0.00595430890098, 0.00208907946944, 0.000247810035944, 1.04040846054e-05], "dvar": [0.000128704486997, 0.097542218864, 1.61798560619, 4.80015134811, 48.8316612244, 190.313690186, 586.777954102, 77.1956329346, 372.611755371, 602.971069336, 9900.05566406, 6137.73193359, 588.793212891, 682.504821777, 944.244018555, 3231.44067383, 2839.51953125, 602.91595459, 1798.71972656, 878.662475586, 296.271575928, 105.608268738, 75.6594543457, 35.2979125977, 53.4630050659, 14.5426597595, 4.08348608017, 0.82821059227, 0.676633954048, 0.292725145817, 0.114504434168, 0.0638613551855, 0.0212627463043, 0.00379898608662, 0.00123107281979, 0.00134435098153, 0.000658810371533, 6.16973557044e-05, 8.54958670971e-07, 3.49783035869e-10], "dvar2": [0.000292121432722, 0.22816079855, 3.79409575462, 10.5549345016, 119.370750427, 375.209625244, 1199.10717773, 116.464118958, 635.611083984, 1185.32287598, 18297.9960938, 8633.27246094, 1227.32177734, 1488.93994141, 2222.74169922, 8685.99121094, 7248.56591797, 1328.93981934, 4834.04199219, 2283.59277344, 773.723571777, 280.597717285, 193.790786743, 98.2415161133, 141.755264282, 36.0659942627, 11.6883707047, 2.17520523071, 1.5767018795, 0.689535081387, 0.224729225039, 0.123752318323, 0.0440488345921, 0.00799986813217, 0.00266482098959, 0.00301560014486, 0.00152482837439, 0.000113862777653, 1.68173357906e-06, 6.74010847135e-10], "max": [0.238660380244, 6.30995607376, 17.0602397919, 84.6435089111, 176.822998047, 448.969787598, 708.004577637, 379.034484863, 786.147888184, 778.887817383, 2075.015625, 2526.61206055, 608.315612793, 807.788330078, 1360.4675293, 1326.00085449, 1630.2442627, 805.021362305, 1083.23620605, 701.56048584, 385.589141846, 248.532653809, 177.38772583, 207.943710327, 183.472671509, 100.448760986, 89.3376541138, 20.042552948, 19.4229049683, 14.3458013535, 12.933429718, 8.75116252899, 5.2547121048, 1.80997025967, 1.39911329746, 2.3955540657, 1.80712771416, 0.532252192497, 0.0605961829424, 0.0011431905441], "mean": [0.00758530758321, 0.195803925395, 0.882939636707, 2.21468496323, 7.15614032745, 13.0631256104, 24.4103813171, 11.6174497604, 17.3507137299, 29.5457458496, 137.774810791, 50.1289329529, 16.8003482819, 25.9742927551, 21.0114955902, 38.2247200012, 40.3072319031, 20.0899181366, 31.2631187439, 17.8450088501, 13.160068512, 11.3410148621, 10.9207735062, 5.9212641716, 6.70095062256, 4.18826580048, 1.15698051453, 0.736251592636, 0.870209217072, 0.496272295713, 0.224868997931, 0.142841786146, 0.083491101861, 0.0368158258498, 0.0171398874372, 0.0101493438706, 0.00552223669365, 0.00209359358996, 0.000237359694438, 2.9181892387e-05], "median": [0.000712396635208, 0.0258872937411, 0.255221635103, 1.01116502285, 2.97582793236, 4.67525005341, 8.82910346985, 3.98435258865, 3.3659992218, 13.0199394226, 19.9602546692, 7.61639404297, 6.03795957565, 8.54297828674, 4.85810089111, 10.3569517136, 4.75845479965, 6.27442741394, 10.205491066, 6.96818065643, 4.07595539093, 4.48627519608, 5.75647068024, 2.84402823448, 2.65312075615, 1.70216321945, 0.398514777422, 0.227230161428, 0.252872467041, 0.216650754213, 0.084872469306, 0.0556444488466, 0.0315391384065, 0.0125165088102, 0.00542931444943, 0.0026246830821, 0.00125964637846, 0.000445002951892, 6.75279588904e-05, 2.46616109507e-05], "min": [6.20118382667e-23, 2.73059822587e-22, 1.44825209065e-21, 3.52673341313e-21, 9.73253034691e-21, 2.29930635545e-20, 1.91588309994e-20, 4.15331359907e-20, 1.3913163686e-19, 1.51320750646e-19, 2.05621189979e-19, 3.49934337894e-19, 4.70126550181e-19, 4.81536576153e-19, 9.892488692e-19, 9.2438022819e-19, 1.575323187e-18, 1.82239241999e-18, 2.15979360159e-18, 3.03751288162e-18, 2.99882274924e-18, 4.89534999086e-18, 4.59636100896e-18, 4.91339245438e-18, 6.48604022908e-18, 8.31464332791e-18, 8.62838879835e-18, 9.85801842151e-18, 9.35697692651e-18, 1.00621103484e-17, 8.81669811916e-18, 1.06012220039e-17, 8.53827574242e-18, 8.50425959409e-18, 6.07844367353e-18, 4.06979602898e-18, 2.22522276086e-18, 9.7072550355e-19, 2.3775125019e-19, 2.44217466441e-20], "var": [0.000418180628913, 0.225558936596, 3.01720666885, 14.365234375, 129.811538696, 700.712585449, 2373.17285156, 689.000549316, 2408.765625, 2430.70361328, 56915.09375, 27104.6113281, 1452.57312012, 2542.46508789, 3310.97412109, 7759.64208984, 16125.3886719, 1984.21203613, 3830.37890625, 1820.86608887, 748.829223633, 367.592956543, 247.593276978, 101.747871399, 154.070709229, 51.2357292175, 6.96261644363, 1.61622059345, 2.11072850227, 0.683268547058, 0.251308679581, 0.139032095671, 0.0395283326507, 0.00671045435593, 0.00187434291001, 0.00187731848564, 0.00103444512933, 0.000131687251269, 1.53182713802e-06, 1.07015485362e-09]}, "erbbands_crest": {"dmean": 2.51191020012, "dmean2": 3.78949546814, "dvar": 5.8877491951, "dvar2": 13.2934789658, "max": 30.6815700531, "mean": 13.9309434891, "median": 12.7972764969, "min": 2.40860533714, "var": 43.2321968079}, "erbbands_flatness_db": {"dmean": 0.014962060377, "dmean2": 0.0209408253431, "dvar": 0.000251615594607, "dvar2": 0.000427020102507, "max": 0.364285826683, "mean": 0.20926477015, "median": 0.212303176522, "min": 0.022343788296, "var": 0.00276060006581}, "erbbands_kurtosis": {"dmean": 0.96003061533, "dmean2": 1.45964050293, "dvar": 1.83848845959, "dvar2": 4.17219114304, "max": 32.5917549133, "mean": 1.15909302235, "median": 0.313109397888, "min": -1.82960474491, "var": 7.28895187378}, "erbbands_skewness": {"dmean": 0.316492527723, "dmean2": 0.47082093358, "dvar": 0.0900625139475, "dvar2": 0.194731116295, "max": 4.28921794891, "mean": 0.688289284706, "median": 0.588725149632, "min": -2.04442644119, "var": 0.777232646942}, "erbbands_spread": {"dmean": 4.44863510132, "dmean2": 6.59446287155, "dvar": 28.8027648926, "dvar2": 57.9631576538, "max": 152.972000122, "mean": 26.1310539246, "median": 23.620475769, "min": 3.07452297211, "var": 214.024658203}, "gfcc": {"cov": [[28479.6679688, 2873.90576172, -3895.03735352, 125.391395569, -1756.34912109, -305.519683838, -859.915161133, 7.30154657364, -206.654296875, -82.2505645752, -358.234649658, -243.327911377, -456.238800049], [2873.90576172, 875.243896484, -403.859466553, -43.9655685425, -105.000205994, -137.180923462, -44.3714981079, -32.3138427734, -18.6769886017, -46.3192367554, -7.55416250229, -74.4829940796, -56.9331054688], [-3895.03735352, -403.859466553, 995.170715332, 128.846588135, 303.038116455, 90.822555542, 41.5004577637, -9.79348659515, 4.47137880325, 15.8409929276, 36.0617179871, 81.2234344482, 64.4996261597], [125.391395569, -43.9655685425, 128.846588135, 306.914215088, 95.4268417358, 40.3324241638, -28.8729419708, 3.65811777115, 4.25745153427, 14.826292038, -4.22044706345, 62.6566352844, 36.5655555725], [-1756.34912109, -105.000205994, 303.038116455, 95.4268417358, 326.494903564, 103.587890625, 93.2274932861, 2.13153886795, -25.6438045502, 35.9354476929, 15.3145027161, 48.9459075928, 48.3916091919], [-305.519683838, -137.180923462, 90.822555542, 40.3324241638, 103.587890625, 248.866577148, 130.999420166, 37.0005111694, 10.9215669632, 50.6343994141, -4.19467973709, 8.16772556305, 2.70948386192], [-859.915161133, -44.3714981079, 41.5004577637, -28.8729419708, 93.2274932861, 130.999420166, 224.734268188, 53.6322784424, 18.434627533, 37.9635734558, 30.7862796783, -3.32242631912, -3.34678864479], [7.30154657364, -32.3138427734, -9.79348659515, 3.65811777115, 2.13153886795, 37.0005111694, 53.6322784424, 157.457214355, 89.7924728394, 5.97051143646, -0.25913465023, -21.2040405273, 4.01059293747], [-206.654296875, -18.6769886017, 4.47137880325, 4.25745153427, -25.6438045502, 10.9215669632, 18.434627533, 89.7924728394, 158.955871582, 18.6378612518, -7.42110395432, -34.3439826965, 3.39773130417], [-82.2505645752, -46.3192367554, 15.8409929276, 14.826292038, 35.9354476929, 50.6343994141, 37.9635734558, 5.97051143646, 18.6378612518, 91.7791290283, 23.5973625183, 18.3104553223, 6.27645778656], [-358.234649658, -7.55416250229, 36.0617179871, -4.22044706345, 15.3145027161, -4.19467973709, 30.7862796783, -0.25913465023, -7.42110395432, 23.5973625183, 92.5934906006, 47.6416015625, 8.0266084671], [-243.327911377, -74.4829940796, 81.2234344482, 62.6566352844, 48.9459075928, 8.16772556305, -3.32242631912, -21.2040405273, -34.3439826965, 18.3104553223, 47.6416015625, 117.499275208, 42.7247695923], [-456.238800049, -56.9331054688, 64.4996261597, 36.5655555725, 48.3916091919, 2.70948386192, -3.34678864479, 4.01059293747, 3.39773130417, 6.27645778656, 8.0266084671, 42.7247695923, 76.4062728882]], "icov": [[0.000359707861207, -0.000883316155523, 0.0007846642402, -0.000573726370931, 0.00120185257401, -0.00110625952948, 0.00128982018214, -0.000997665338218, 0.000955646799412, -0.000820430461317, 0.00100708391983, -0.000964365433902, 0.000947144930251], [-0.000883316155523, 0.00382642773911, -0.00122258346528, 0.00109289970715, -0.00343468599021, 0.00351034384221, -0.00334155396558, 0.00283845816739, -0.00240456266329, 0.00253401231021, -0.00309684732929, 0.00326022598892, -0.00175767496694], [0.0007846642402, -0.00122258346528, 0.00352507806383, -0.0014374658931, 0.000971939531155, -0.00239224219695, 0.00316330906935, -0.0016489175614, 0.00137483584695, -0.000925793952774, 0.00140542408917, -0.00209856033325, 0.00222169607878], [-0.000573726370931, 0.00109289970715, -0.0014374658931, 0.00538543052971, -0.00297250994481, 0.000803791335784, -0.000540446257219, 0.00118518772069, -0.00222233356908, 0.0011587976478, -0.000385350780562, -0.00110446300823, -0.00154536985792], [0.00120185257401, -0.00343468599021, 0.000971939531155, -0.00297250994481, 0.0101870400831, -0.00437406590208, 0.00220431620255, -0.00356344156899, 0.00488640880212, -0.0040926435031, 0.00425026705489, -0.00319434143603, 0.00066468550358], [-0.00110625952948, 0.00351034384221, -0.00239224219695, 0.000803791335784, -0.00437406590208, 0.0109511092305, -0.00789144728333, 0.00253158039413, -0.00238387240097, 6.37822886347e-05, -0.000577889964916, 0.00261970190331, -0.0017552516656], [0.00128982018214, -0.00334155396558, 0.00316330906935, -0.000540446257219, 0.00220431620255, -0.00789144728333, 0.0133240828291, -0.00553292082623, 0.00348248053342, -0.00322511955164, 0.000268321688054, -0.00236640521325, 0.00396309280768], [-0.000997665338218, 0.00283845816739, -0.0016489175614, 0.00118518772069, -0.00356344156899, 0.00253158039413, -0.00553292082623, 0.0133957564831, -0.00851383339614, 0.00425004819408, -0.00351124256849, 0.00325289461762, -0.00321646733209], [0.000955646799412, -0.00240456266329, 0.00137483584695, -0.00222233356908, 0.00488640880212, -0.00238387240097, 0.00348248053342, -0.00851383339614, 0.0135800056159, -0.00539089785889, 0.00271110981703, 0.000931964546908, 0.000439786643256], [-0.000820430461317, 0.00253401231021, -0.000925793952774, 0.0011587976478, -0.0040926435031, 6.37822886347e-05, -0.00322511955164, 0.00425004819408, -0.00539089785889, 0.016529507935, -0.00588365783915, 0.00116032245569, -0.00170722336043], [0.00100708391983, -0.00309684732929, 0.00140542408917, -0.000385350780562, 0.00425026705489, -0.000577889964916, 0.000268321688054, -0.00351124256849, 0.00271110981703, -0.00588365783915, 0.0200976971537, -0.011154958047, 0.0047176904045], [-0.000964365433902, 0.00326022598892, -0.00209856033325, -0.00110446300823, -0.00319434143603, 0.00261970190331, -0.00236640521325, 0.00325289461762, 0.000931964546908, 0.00116032245569, -0.011154958047, 0.0204585269094, -0.00977809354663], [0.000947144930251, -0.00175767496694, 0.00222169607878, -0.00154536985792, 0.00066468550358, -0.0017552516656, 0.00396309280768, -0.00321646733209, 0.000439786643256, -0.00170722336043, 0.0047176904045, -0.00977809354663, 0.0213743988425]], "mean": [-82.1568756104, 113.975097656, -127.954185486, 3.77087187767, -48.2880821228, -12.2512369156, -37.2531471252, -5.02905082703, -24.9374351501, -7.71830511093, -18.5603256226, -7.47293138504, -18.9834327698]}, "hfc": {"dmean": 2.7029979229, "dmean2": 3.76116251945, "dvar": 14.5898332596, "dvar2": 29.0519580841, "max": 86.8048858643, "mean": 14.0126085281, "median": 11.475279808, "min": 1.06904491494e-16, "var": 176.902130127}, "melbands": {"dmean": [6.44923056825e-05, 0.000200078764465, 0.000232557227719, 0.000311964860884, 0.000325580156641, 9.23984916881e-05, 9.06102213776e-05, 0.000160336421686, 0.00036062989966, 0.000111951259896, 3.61101665476e-05, 4.59603434138e-05, 3.15813376801e-05, 4.87894467369e-05, 3.88213375118e-05, 2.84801535599e-05, 1.70334715222e-05, 2.67114974122e-05, 1.69878949237e-05, 9.84218604572e-06, 9.11801726033e-06, 5.46309593119e-06, 6.37910170553e-06, 3.58625356967e-06, 1.83994211511e-06, 2.24869586418e-06, 1.8354085114e-06, 9.9567637335e-07, 3.45528576418e-07, 2.50978700933e-07, 2.31910235016e-07, 2.33770535374e-07, 2.35190782405e-07, 1.08218721095e-07, 7.12774763656e-08, 5.30070778382e-08, 4.36721983021e-08, 3.36689645053e-08, 2.26967671324e-08, 1.64434368344e-08], "dmean2": [0.000101671059383, 0.0003042780736, 0.000360635574907, 0.000466974452138, 0.000465580349555, 0.000125159232994, 0.000125675214804, 0.000223021721467, 0.000477368652355, 0.000138093048008, 5.2431889344e-05, 6.71547531965e-05, 4.8294528824e-05, 7.70843835198e-05, 5.97773869231e-05, 4.34684989159e-05, 2.57298652286e-05, 4.27633494837e-05, 2.7475236493e-05, 1.62949745572e-05, 1.47504333654e-05, 8.78611626831e-06, 9.96952985588e-06, 5.76731417823e-06, 2.99060297948e-06, 3.62193895853e-06, 2.78967127088e-06, 1.58397131145e-06, 5.77583591621e-07, 4.11754285778e-07, 3.78067483098e-07, 3.63571587059e-07, 3.73975893808e-07, 1.66097251508e-07, 1.06588267101e-07, 7.86005855957e-08, 6.48794085123e-08, 5.02937389513e-08, 3.45926061129e-08, 2.46825777594e-08], "dvar": [3.94043091489e-08, 3.23246609923e-07, 2.41639412479e-07, 4.20682738422e-07, 6.07521030815e-07, 3.73830708611e-08, 9.14707811717e-08, 1.10295871991e-07, 6.25013001354e-07, 2.13763627244e-07, 1.43003253683e-08, 1.27171446707e-08, 1.48032102132e-08, 2.5636639478e-08, 1.16460361355e-08, 7.88680409869e-09, 2.40292452602e-09, 4.54628734659e-09, 2.20014007013e-09, 1.37304478898e-09, 6.56454057779e-10, 2.01505687136e-10, 2.34138985977e-10, 8.8925165842e-11, 2.45631293083e-11, 3.58759237595e-11, 1.95231122935e-11, 5.38824930854e-12, 2.76047045465e-12, 4.37851794752e-13, 3.84601855571e-13, 2.79359624626e-13, 5.04802525735e-13, 7.86403480855e-14, 4.83643073507e-14, 3.98622107545e-14, 2.04659473911e-14, 1.40776604783e-14, 5.36465310177e-15, 2.38100199144e-15], "dvar2": [9.27543695184e-08, 7.46114494632e-07, 5.63764558592e-07, 9.25123799789e-07, 1.23681149944e-06, 5.94974665091e-08, 1.53503449951e-07, 2.16916888007e-07, 1.12079681003e-06, 2.93594411005e-07, 3.12221359877e-08, 2.83159735659e-08, 3.46561002118e-08, 7.02273723618e-08, 2.86119803405e-08, 1.92405540389e-08, 5.175333051e-09, 1.20459082709e-08, 5.67180746813e-09, 3.75239217476e-09, 1.7407016939e-09, 5.50827716772e-10, 6.10202610662e-10, 2.53064097455e-10, 6.77600753285e-11, 9.83806369703e-11, 4.49859385854e-11, 1.38104935474e-11, 7.87777568872e-12, 1.196897941e-12, 1.01535522611e-12, 6.59636028525e-13, 1.24849794132e-12, 1.7731011158e-13, 1.01688744773e-13, 7.5796587431e-14, 4.14872841214e-14, 3.01310795162e-14, 1.12386652312e-14, 5.20172843194e-15], "max": [0.00381867913529, 0.0093250721693, 0.019552288577, 0.0174318980426, 0.0229823067784, 0.00767355971038, 0.0118643315509, 0.00775913055986, 0.0165788885206, 0.0155076142401, 0.00294972769916, 0.00380201288499, 0.00617130007595, 0.00576951913536, 0.00229774857871, 0.00280888006091, 0.00153686129488, 0.00139535253402, 0.00139600597322, 0.000984105281532, 0.000556760642212, 0.000335873948643, 0.000404352293117, 0.000359524186933, 0.000154842491611, 0.000140101634315, 0.000111355395347, 6.8469249527e-05, 7.93778162915e-05, 1.81191571755e-05, 1.97076496988e-05, 1.34835072458e-05, 2.45344690484e-05, 1.08473750515e-05, 7.17674492989e-06, 8.26938230603e-06, 4.58404201709e-06, 4.14641181123e-06, 2.52682002611e-06, 1.26311863369e-06], "mean": [0.000128592175315, 0.000398313393816, 0.000512195925694, 0.000701065931935, 0.000825117225759, 0.000270644319244, 0.000271456228802, 0.000436119211372, 0.00107968179509, 0.000237767671933, 7.33224369469e-05, 0.000106685198261, 6.94370537531e-05, 9.22375547816e-05, 8.7616572273e-05, 6.94935079082e-05, 3.25034125126e-05, 4.98803929077e-05, 3.06425754388e-05, 1.81861742021e-05, 1.64866087289e-05, 1.13388978207e-05, 1.33575640575e-05, 7.99810641183e-06, 4.22986431659e-06, 4.76407512906e-06, 4.50384686701e-06, 2.24926725423e-06, 6.78096228057e-07, 4.80803066694e-07, 4.10730848444e-07, 5.02512477851e-07, 4.52902639836e-07, 2.15691912331e-07, 1.35091184461e-07, 9.50907619313e-08, 8.33473237094e-08, 6.29163849908e-08, 4.11072420547e-08, 2.77762719492e-08], "median": [1.20247823361e-05, 0.000100198070868, 0.000249961041845, 0.000289759249426, 0.00030358825461, 9.37680815696e-05, 4.54103428638e-05, 0.000166828511283, 0.000147909668158, 2.37614003709e-05, 2.16434018512e-05, 3.34385658789e-05, 1.05265980892e-05, 2.51414185186e-05, 1.30470098156e-05, 8.80044626683e-06, 7.7488102761e-06, 1.457644521e-05, 1.00988809209e-05, 5.06610786033e-06, 4.12542021877e-06, 3.77971673515e-06, 4.83393978357e-06, 3.89010438084e-06, 1.78211337243e-06, 1.70743726358e-06, 1.57613806095e-06, 8.32089824598e-07, 2.04760041811e-07, 1.30125371811e-07, 1.1840855052e-07, 1.30868372139e-07, 1.45713997313e-07, 9.68464775042e-08, 4.78252459857e-08, 3.16761941122e-08, 2.97038837971e-08, 2.18760760617e-08, 1.40433016327e-08, 8.46166425816e-09], "min": [9.14274307756e-25, 8.03323388019e-25, 9.11308486575e-25, 1.24752376539e-24, 6.07572632681e-25, 9.73805005715e-25, 2.48212125599e-24, 1.33102824209e-24, 1.79607436749e-24, 2.07507928409e-24, 1.98636221175e-24, 1.46681329198e-24, 2.55116177077e-24, 2.11944067988e-24, 1.60088148472e-24, 3.17264256355e-24, 3.16984250177e-24, 3.11238246508e-24, 3.2486043467e-24, 2.89045340991e-24, 2.31130585153e-24, 3.97816480274e-24, 3.37235985944e-24, 3.88433965883e-24, 2.75289105639e-24, 3.77739299704e-24, 3.62417017684e-24, 4.82888147483e-24, 4.10974877388e-24, 5.08840842961e-24, 4.78585581777e-24, 4.5417901423e-24, 4.92126300329e-24, 5.37905279165e-24, 4.30332301268e-24, 6.22441546478e-24, 6.14681403424e-24, 4.62992247149e-24, 5.98833582269e-24, 6.56955512702e-24], "var": [1.0876988199e-07, 6.39763584331e-07, 5.98795338647e-07, 1.46813624724e-06, 2.46159697781e-06, 3.27090617702e-07, 6.04408626259e-07, 5.51026971607e-07, 3.55155725629e-06, 8.96557423857e-07, 3.35853975741e-08, 4.45859065223e-08, 5.637296141e-08, 5.16091240854e-08, 4.69899887889e-08, 3.996189335e-08, 7.33025062871e-09, 1.07135518235e-08, 4.28620827719e-09, 3.42181727397e-09, 1.45711942512e-09, 5.32520971763e-10, 6.2334165607e-10, 2.34102431884e-10, 6.2817681612e-11, 9.3542937285e-11, 7.2454396649e-11, 1.66331011464e-11, 3.82554404821e-12, 1.00578432301e-12, 6.57166920708e-13, 8.05237983497e-13, 8.99057629559e-13, 1.61984805452e-13, 9.24701192896e-14, 8.52793448922e-14, 4.30892402651e-14, 2.45171569e-14, 9.39745531419e-15, 3.97700603461e-15]}, "melbands_crest": {"dmean": 2.75720667839, "dmean2": 4.15779590607, "dvar": 7.32425832748, "dvar2": 16.7848091125, "max": 34.3923988342, "mean": 15.8453893661, "median": 14.9603452682, "min": 1.57921671867, "var": 40.5844116211}, "melbands_flatness_db": {"dmean": 0.0183836966753, "dmean2": 0.026790894568, "dvar": 0.000374421069864, "dvar2": 0.000758126203436, "max": 0.484713643789, "mean": 0.2439314574, "median": 0.243663266301, "min": 0.00264773354866, "var": 0.00407809019089}, "melbands_kurtosis": {"dmean": 4.17051315308, "dmean2": 6.48564767838, "dvar": 59.104019165, "dvar2": 150.737182617, "max": 223.640533447, "mean": 10.7250537872, "median": 6.33159732819, "min": -1.57790219784, "var": 225.938232422}, "melbands_skewness": {"dmean": 0.482245475054, "dmean2": 0.73163574934, "dvar": 0.30763438344, "dvar2": 0.718690633774, "max": 11.9278306961, "mean": 2.13553905487, "median": 1.89717710018, "min": -0.846261680126, "var": 2.43648862839}, "melbands_spread": {"dmean": 3.50395441055, "dmean2": 5.31233358383, "dvar": 24.901927948, "dvar2": 59.3124732971, "max": 164.494049072, "mean": 17.3326416016, "median": 13.4527635574, "min": 0.680254936218, "var": 334.956817627}, "mfcc": {"cov": [[11262.8623047, 1502.03039551, -902.50213623, 63.8219337463, -568.829528809, -218.765533447, -496.582519531, -21.2901191711, -104.76146698, 19.5536937714, 156.039901733, 103.26839447, 78.6160049438], [1502.03039551, 1122.06066895, -187.440261841, 66.7484283447, -57.1080970764, -74.4915008545, -23.5156097412, -31.0122509003, -97.3386611938, 10.24152565, 15.8060932159, -67.4926757812, -29.8678627014], [-902.50213623, -187.440261841, 437.944091797, 60.4229888916, 132.988250732, 48.4295806885, 13.1298084259, 15.0486536026, 16.7532138824, -17.6931114197, -18.0515499115, 3.68152761459, -10.7621507645], [63.8219337463, 66.7484283447, 60.4229888916, 241.086242676, 104.372825623, 13.506313324, -11.8191547394, -1.34421110153, 4.11581468582, -58.2533607483, -20.5310726166, -3.5194876194, 28.3441104889], [-568.829528809, -57.1080970764, 132.988250732, 104.372825623, 223.400009155, 47.9934005737, 16.7266426086, 10.4603672028, 43.854057312, -9.91041469574, -29.5903491974, -4.97584104538, 1.08608257771], [-218.765533447, -74.4915008545, 48.4295806885, 13.506313324, 47.9934005737, 226.445770264, 119.598205566, 2.97156715393, 38.9175033569, -4.02848052979, 17.3816509247, 16.2648639679, -16.3090286255], [-496.582519531, -23.5156097412, 13.1298084259, -11.8191547394, 16.7266426086, 119.598205566, 213.042037964, 39.9546928406, 21.6608486176, 2.371778965, 14.6283798218, 25.4911270142, 7.18590021133], [-21.2901191711, -31.0122509003, 15.0486536026, -1.34421110153, 10.4603672028, 2.97156715393, 39.9546928406, 120.182044983, 44.9052734375, 36.9955863953, 19.6707801819, 22.4555644989, 30.3682250977], [-104.76146698, -97.3386611938, 16.7532138824, 4.11581468582, 43.854057312, 38.9175033569, 21.6608486176, 44.9052734375, 147.131515503, 64.3964080811, 15.5082626343, 20.8018283844, 1.16155779362], [19.5536937714, 10.24152565, -17.6931114197, -58.2533607483, -9.91041469574, -4.02848052979, 2.371778965, 36.9955863953, 64.3964080811, 155.473907471, 47.9092674255, 8.19367313385, -7.18391418457], [156.039901733, 15.8060932159, -18.0515499115, -20.5310726166, -29.5903491974, 17.3816509247, 14.6283798218, 19.6707801819, 15.5082626343, 47.9092674255, 91.6565551758, 27.1843547821, 3.16512417793], [103.26839447, -67.4926757812, 3.68152761459, -3.5194876194, -4.97584104538, 16.2648639679, 25.4911270142, 22.4555644989, 20.8018283844, 8.19367313385, 27.1843547821, 105.135360718, 44.2923812866], [78.6160049438, -29.8678627014, -10.7621507645, 28.3441104889, 1.08608257771, -16.3090286255, 7.18590021133, 30.3682250977, 1.16155779362, -7.18391418457, 3.16512417793, 44.2923812866, 107.456428528]], "icov": [[0.000175656721694, -0.000212177314097, 0.000205203192309, -0.000140736985486, 0.000364266976248, -0.000270960299531, 0.000575971382204, -0.000185901822988, -8.41648943606e-05, 8.71580996318e-05, -7.06486316631e-05, -0.000325961475028, -1.74227570824e-05], [-0.000212177314097, 0.00141242088284, 0.000235784857068, -0.000539706263226, -0.000364801060641, 0.000611827766988, -0.000939416117035, 0.0002268730168, 0.000965902872849, -0.000660370045807, -0.000188456906471, 0.000901677762158, 0.000388343032682], [0.000205203192309, 0.000235784857068, 0.00330468500033, -0.000434354093159, -0.00122886674944, -0.000583626329899, 0.000836609862745, -0.000790097285062, 0.000625768268947, 8.43452580739e-05, -8.76565827639e-05, -0.00058235967299, 0.000693638983648], [-0.000140736985486, -0.000539706263226, -0.000434354093159, 0.00670049199834, -0.0031514163129, -7.88160105003e-05, 0.000375953823095, 0.000101972822449, -0.000955872645136, 0.00278959190473, -0.000802113383543, 0.00080441479804, -0.00200314633548], [0.000364266976248, -0.000364801060641, -0.00122886674944, -0.0031514163129, 0.00836262945086, -0.00146188179497, 0.00103140785359, -0.000393820664613, -0.00176542787813, -0.000674876268022, 0.00216335779987, -0.000423827616032, 0.000161152682267], [-0.000270960299531, 0.000611827766988, -0.000583626329899, -7.88160105003e-05, -0.00146188179497, 0.0079008564353, -0.00505092740059, 0.00198072404601, -0.00144810392521, 0.000770555459894, -0.00165372737683, 0.000284255016595, 0.0013212581398], [0.000575971382204, -0.000939416117035, 0.000836609862745, 0.000375953823095, 0.00103140785359, -0.00505092740059, 0.00946969352663, -0.00323693361133, 0.000246026553214, 0.000753046537284, 5.50522017875e-05, -0.00193406757899, -0.000350107176928], [-0.000185901822988, 0.0002268730168, -0.000790097285062, 0.000101972822449, -0.000393820664613, 0.00198072404601, -0.00323693361133, 0.0118228057399, -0.00272235344164, -0.00144386908505, -0.00121200142894, 0.000508957193233, -0.00296832481399], [-8.41648943606e-05, 0.000965902872849, 0.000625768268947, -0.000955872645136, -0.00176542787813, -0.00144810392521, 0.000246026553214, -0.00272235344164, 0.0111400308087, -0.00464850757271, 0.00103339133784, -0.00133993953932, 0.00128650770057], [8.71580996318e-05, -0.000660370045807, 8.43452580739e-05, 0.00278959190473, -0.000674876268022, 0.000770555459894, 0.000753046537284, -0.00144386908505, -0.00464850757271, 0.0112240416929, -0.0048941639252, 0.000817785621621, 0.000114472481073], [-7.06486316631e-05, -0.000188456906471, -8.76565827639e-05, -0.000802113383543, 0.00216335779987, -0.00165372737683, 5.50522017875e-05, -0.00121200142894, 0.00103339133784, -0.0048941639252, 0.0155913764611, -0.00375503557734, 0.00101826211903], [-0.000325961475028, 0.000901677762158, -0.00058235967299, 0.00080441479804, -0.000423827616032, 0.000284255016595, -0.00193406757899, 0.000508957193233, -0.00133993953932, 0.000817785621621, -0.00375503557734, 0.0142127424479, -0.00542706018314], [-1.74227570824e-05, 0.000388343032682, 0.000693638983648, -0.00200314633548, 0.000161152682267, 0.0013212581398, -0.000350107176928, -0.00296832481399, 0.00128650770057, 0.000114472481073, 0.00101826211903, -0.00542706018314, 0.0132865542546]], "mean": [-717.795288086, 155.211395264, -24.5710029602, 17.6739425659, -1.62312722206, -5.39130210876, -8.78855800629, -2.30233001709, -12.1389026642, -1.16402971745, -2.21212673187, -9.65196704865, -4.34687709808]}, "pitch_salience": {"dmean": 0.0537200979888, "dmean2": 0.0840068906546, "dvar": 0.0026262125466, "dvar2": 0.00637254491448, "max": 0.865779459476, "mean": 0.499151587486, "median": 0.493975490332, "min": 0.117804601789, "var": 0.0138462325558}, "silence_rate_20dB": {"dmean": 0, "dmean2": 0, "dvar": 0, "dvar2": 0, "max": 1, "mean": 1, "median": 1, "min": 1, "var": 0}, "silence_rate_30dB": {"dmean": 0, "dmean2": 0, "dvar": 0, "dvar2": 0, "max": 1, "mean": 1, "median": 1, "min": 1, "var": 0}, "silence_rate_60dB": {"dmean": 0.0231660231948, "dmean2": 0.0463380105793, "dvar": 0.0226274766028, "dvar2": 0.048561770469, "max": 1, "mean": 0.177583321929, "median": 0, "min": 0, "var": 0.146060153842}, "spectral_centroid": {"dmean": 129.73626709, "dmean2": 194.906326294, "dvar": 41601.0507812, "dvar2": 88143.2109375, "max": 11867.2539062, "mean": 1089.49707031, "median": 863.518066406, "min": 207.445510864, "var": 1879991.25}, "spectral_complexity": {"dmean": 1.60669243336, "dmean2": 2.60548329353, "dvar": 2.64037775993, "dvar2": 6.07285022736, "max": 36, "mean": 12.2438554764, "median": 12, "min": 0, "var": 48.5817718506}, "spectral_contrast_coeffs": {"dmean": [0.0436620004475, 0.0382358431816, 0.0336559005082, 0.0278788972646, 0.0210986789316, 0.0162496119738], "dmean2": [0.070875801146, 0.0593252629042, 0.0535033717752, 0.0446517728269, 0.0330796204507, 0.0245010107756], "dvar": [0.00143410265446, 0.00122066470794, 0.000867167836986, 0.00054736121092, 0.000314892880851, 0.000202134731808], "dvar2": [0.00369197665714, 0.00261830794625, 0.00204342999496, 0.00131979875732, 0.000702020013705, 0.000446625228506], "max": [-0.238118082285, -0.350926816463, -0.44623324275, -0.534718394279, -0.558321833611, -0.647948861122], "mean": [-0.565106809139, -0.645340979099, -0.711731016636, -0.717791616917, -0.741132616997, -0.77442574501], "median": [-0.559662401676, -0.648465633392, -0.714914023876, -0.71498799324, -0.736975073814, -0.772514939308], "min": [-0.980604529381, -0.980145990849, -0.976088523865, -0.974325656891, -0.968725144863, -0.964950799942], "var": [0.0121044358239, 0.0121284825727, 0.00655410485342, 0.00460471957922, 0.00301798339933, 0.00228533498012]}, "spectral_contrast_valleys": {"dmean": [0.392964810133, 0.307166576385, 0.285570144653, 0.245207548141, 0.206152513623, 0.237969815731], "dmean2": [0.644406616688, 0.501048088074, 0.463079452515, 0.395917147398, 0.319217711687, 0.330654382706], "dvar": [0.142097055912, 0.0976695567369, 0.0925623252988, 0.0769473910332, 0.0693414285779, 0.0834143832326], "dvar2": [0.333333909512, 0.208312496543, 0.192439332604, 0.146653875709, 0.123393326998, 0.132926240563], "max": [-5.76777887344, -5.12114238739, -5.17935562134, -6.5746254921, -6.69043302536, -8.79592132568], "mean": [-8.63577842712, -7.74547481537, -8.49213790894, -8.94304656982, -9.0291519165, -11.8742437363], "median": [-8.27182674408, -7.20838451385, -8.00721263885, -8.43129062653, -8.51549243927, -11.5463666916], "min": [-28.2299537659, -28.2200660706, -28.0129013062, -27.6439990997, -27.6101970673, -27.4246292114], "var": [7.15950536728, 8.02116966248, 7.33156776428, 7.03023958206, 6.99684000015, 4.94933843613]}, "spectral_decrease": {"dmean": 1.14329667955e-09, "dmean2": 1.57406609969e-09, "dvar": 2.31354559115e-18, "dvar2": 4.36995588504e-18, "max": 1.63894734305e-16, "mean": -5.28374588527e-09, "median": -4.70890748616e-09, "min": -2.74340603568e-08, "var": 1.86908556616e-17}, "spectral_energy": {"dmean": 0.00452285353094, "dmean2": 0.00622075609863, "dvar": 3.60015146725e-05, "dvar2": 6.77497446304e-05, "max": 0.106338649988, "mean": 0.0212130714208, "median": 0.0189774818718, "min": 1.00661143549e-20, "var": 0.000302561878925}, "spectral_energyband_high": {"dmean": 3.28726709995e-05, "dmean2": 5.06830001541e-05, "dvar": 5.05672081985e-09, "dvar2": 1.21399708064e-08, "max": 0.00201041693799, "mean": 8.9248547738e-05, "median": 3.93257832911e-05, "min": 6.89716119444e-21, "var": 1.73109366841e-08}, "spectral_energyband_low": {"dmean": 0.000831188517623, "dmean2": 0.00125647243112, "dvar": 3.86825195164e-06, "dvar2": 8.73858425621e-06, "max": 0.0323785878718, "mean": 0.00190028641373, "median": 0.000641535269096, "min": 1.58584676222e-23, "var": 1.05680301203e-05}, "spectral_energyband_middle_high": {"dmean": 0.00113281607628, "dmean2": 0.00169966334943, "dvar": 4.43188264398e-06, "dvar2": 1.06845945993e-05, "max": 0.0417998433113, "mean": 0.00441259285435, "median": 0.00228911684826, "min": 1.11712751112e-21, "var": 3.36405064445e-05}, "spectral_energyband_middle_low": {"dmean": 0.00407751230523, "dmean2": 0.00563212763518, "dvar": 3.29298964061e-05, "dvar2": 6.17905752733e-05, "max": 0.0978634059429, "mean": 0.0153120635077, "median": 0.0125535009429, "min": 1.54047583747e-22, "var": 0.000187072990229}, "spectral_entropy": {"dmean": 0.140529379249, "dmean2": 0.2056645751, "dvar": 0.0237861759961, "dvar2": 0.0438302829862, "max": 9.82520961761, "mean": 6.91599369049, "median": 6.91649866104, "min": 5.13470125198, "var": 0.351531386375}, "spectral_flux": {"dmean": 0.0161416176707, "dmean2": 0.0258793812245, "dvar": 0.000309804076096, "dvar2": 0.000773640989792, "max": 0.215374320745, "mean": 0.0503716692328, "median": 0.0465654321015, "min": 6.29974267197e-11, "var": 0.00114652083721}, "spectral_kurtosis": {"dmean": 2.94521808624, "dmean2": 5.05426597595, "dvar": 8.72436141968, "dvar2": 25.0007343292, "max": 60.6619644165, "mean": 9.19473361969, "median": 8.08735561371, "min": -1.2724211216, "var": 25.9235668182}, "spectral_rms": {"dmean": 0.000462249794509, "dmean2": 0.000629934773315, "dvar": 2.85753856133e-07, "dvar2": 4.98080623856e-07, "max": 0.0101855304092, "mean": 0.00403644470498, "median": 0.00430286163464, "min": 3.1337835972e-12, "var": 4.40279791292e-06}, "spectral_rolloff": {"dmean": 224.181015015, "dmean2": 385.84954834, "dvar": 385778.65625, "dvar2": 911383.6875, "max": 19638.28125, "mean": 1316.30810547, "median": 796.728515625, "min": 150.732421875, "var": 6427162}, "spectral_skewness": {"dmean": 0.280806154013, "dmean2": 0.469933062792, "dvar": 0.0684552788734, "dvar2": 0.179436117411, "max": 6.13342952728, "mean": 2.08661413193, "median": 2.01638698578, "min": -0.081266567111, "var": 0.380543738604}, "spectral_spread": {"dmean": 350751.5625, "dmean2": 529467.8125, "dvar": 488826634240, "dvar2": 906006953984, "max": 42916812, "mean": 3