{"lowlevel": {"average_loudness": 0.920298576355, "barkbands": {"dmean": [1.572887777e-05, 0.00103434477933, 0.000701686309185, 0.000270813354291, 0.000740783929359, 0.000624785549007, 0.000561217952054, 0.00137334316969, 0.00242609600537, 0.00124817027245, 0.00194900773931, 0.000705384765752, 0.000194848849787, 0.000168794023921, 6.30009453744e-05, 0.000111843255581, 8.17370673758e-05, 6.62044985802e-05, 4.75754823128e-05, 6.26957771601e-05, 4.65731900476e-05, 8.69356226758e-05, 0.000105864426587, 7.31800682843e-05, 1.75823824975e-05, 9.06089042019e-07, 2.38949056097e-08], "dmean2": [2.61824188783e-05, 0.00144082261249, 0.00101990590338, 0.000437318754848, 0.00109039095696, 0.000879465136677, 0.000800338690169, 0.00201061507687, 0.00380892003886, 0.00189540127758, 0.00314821233042, 0.00110512238462, 0.000320115650538, 0.000274234742392, 9.88307438092e-05, 0.000167910708115, 0.000130942236865, 0.000105668885226, 7.71274571889e-05, 9.84880171018e-05, 7.12284090696e-05, 0.000139874027809, 0.000167316218722, 0.000113050322398, 2.60803044512e-05, 1.27488556245e-06, 3.7329940028e-08], "dvar": [1.44785783363e-09, 5.44842760064e-06, 3.51926632902e-06, 2.57837598383e-07, 1.13378837341e-06, 8.10886433555e-07, 1.01246746453e-06, 6.78371361573e-06, 1.31481492645e-05, 4.90653064844e-06, 1.55852467287e-05, 2.89023341793e-06, 1.31225945665e-07, 1.59440787684e-07, 2.89501738138e-08, 9.14101150329e-08, 2.88741546228e-08, 1.2960238216e-08, 8.27566459805e-09, 1.39282976264e-08, 1.35386333255e-08, 4.65249527792e-08, 8.15275669197e-08, 7.07975189584e-08, 5.17820453183e-09, 2.31171366771e-11, 8.35222766871e-15], "dvar2": [3.92627885759e-09, 1.03593092717e-05, 6.4331206886e-06, 6.91116554208e-07, 2.68532380687e-06, 1.64438745287e-06, 2.17788374357e-06, 1.58025086421e-05, 3.32446434186e-05, 1.1181944501e-05, 4.25340149377e-05, 6.89628632244e-06, 3.48236596892e-07, 4.41657363126e-07, 6.85551242441e-08, 1.83525486364e-07, 7.3118194166e-08, 3.07927336962e-08, 1.95472811271e-08, 3.09275804966e-08, 3.03853795458e-08, 1.1653251164e-07, 1.92968016677e-07, 1.32945956466e-07, 8.40884961661e-09, 3.58969971803e-11, 1.45641165821e-14], "max": [0.000878473860212, 0.0425689518452, 0.0462582223117, 0.0106931459159, 0.0209174156189, 0.0229664277285, 0.0360586456954, 0.0628137513995, 0.0591711811721, 0.0382090397179, 0.0773739144206, 0.0339230298996, 0.00949815381318, 0.0105512598529, 0.00836539641023, 0.00889150891453, 0.00432477425784, 0.00279630115256, 0.00323713175021, 0.00372400390916, 0.00410546921194, 0.00371591793373, 0.00913744885474, 0.0126990992576, 0.00413858192042, 0.000300722458633, 5.54212510906e-06], "mean": [2.21060672629e-05, 0.00303536094725, 0.00130923942197, 0.000600154045969, 0.00214786175638, 0.00154833577108, 0.00139026052784, 0.00340515957214, 0.00504373013973, 0.00282551161945, 0.00400582514703, 0.0015974487178, 0.000376254989533, 0.000342555111274, 0.000135290218168, 0.00024673275766, 0.000189814687474, 0.000151756670675, 0.000110380773549, 0.000129326435854, 9.30651513045e-05, 0.000133233465021, 0.000204263182241, 0.000138357238029, 3.47612040059e-05, 2.09592599276e-06, 6.40173141164e-08], "median": [5.19453624293e-06, 0.00110971624963, 0.000312639866024, 0.000226255826419, 0.00143302371725, 0.000843580346555, 0.000670370471198, 0.00147590425331, 0.00285668531433, 0.000899371923879, 0.000863951165229, 0.000312116928399, 0.000178400281584, 0.000101369565527, 5.0898972404e-05, 7.0706497354e-05, 9.94556830847e-05, 8.50362339406e-05, 6.96329880157e-05, 6.05566237937e-05, 1.72876152646e-05, 6.25327957096e-05, 0.000101933532278, 4.98744047945e-05, 1.04773134808e-05, 7.8372625012e-07, 4.04560935863e-08], "min": [9.1951562287e-26, 3.34129017825e-24, 1.11303796941e-24, 4.71604172626e-25, 7.34554458328e-24, 5.97930809849e-24, 6.72188692883e-24, 4.95344537278e-24, 1.10228433588e-23, 2.26034161107e-23, 1.65147730741e-23, 2.46405452688e-23, 2.43007118795e-23, 2.18117058399e-23, 2.90330411182e-23, 5.65257839874e-23, 5.25351449272e-23, 6.95963130409e-23, 1.46323272333e-22, 1.53306874911e-22, 1.95462415239e-22, 2.76069913852e-22, 3.84693006032e-22, 5.48883258427e-22, 8.70384138817e-22, 1.3102712559e-21, 1.95933298304e-21], "var": [2.31725372224e-09, 2.21669088205e-05, 1.18176139949e-05, 8.92846628631e-07, 5.3968165048e-06, 4.30294403486e-06, 4.23627352575e-06, 2.83462959487e-05, 4.08295381931e-05, 1.97585195565e-05, 5.03934497829e-05, 1.18277766887e-05, 3.44556099208e-07, 4.30984272271e-07, 6.28730916219e-08, 3.06803741523e-07, 8.1970100041e-08, 4.5779287916e-08, 2.42104185588e-08, 3.97329813495e-08, 4.93513603317e-08, 6.05747416671e-08, 2.34970499946e-07, 2.45322098635e-07, 2.34960300105e-08, 9.79884715036e-11, 2.6988179012e-14]}, "barkbands_crest": {"dmean": 2.13441419601, "dmean2": 3.40231227875, "dvar": 3.8852660656, "dvar2": 10.0775995255, "max": 24.7082080841, "mean": 10.0277299881, "median": 9.35465145111, "min": 3.26012897491, "var": 13.5165042877}, "barkbands_flatness_db": {"dmean": 0.0156934279948, "dmean2": 0.0236125066876, "dvar": 0.000223489070777, "dvar2": 0.000477256602608, "max": 0.374009072781, "mean": 0.158733189106, "median": 0.1574447155, "min": 0.0574952475727, "var": 0.00143326970283}, "barkbands_kurtosis": {"dmean": 2.36145424843, "dmean2": 3.70498657227, "dvar": 20.3360805511, "dvar2": 44.7015190125, "max": 214.587371826, "mean": 5.26148748398, "median": 3.43914294243, "min": -1.90375745296, "var": 80.114151001}, "barkbands_skewness": {"dmean": 0.410947978497, "dmean2": 0.634675860405, "dvar": 0.208168014884, "dvar2": 0.460639536381, "max": 12.3823270798, "mean": 1.17727196217, "median": 1.12065708637, "min": -2.46135020256, "var": 1.51718997955}, "barkbands_spread": {"dmean": 4.06523513794, "dmean2": 6.28842830658, "dvar": 45.3744239807, "dvar2": 99.5334396362, "max": 113.114120483, "mean": 15.3173122406, "median": 12.780995369, "min": 0.734251856804, "var": 131.867446899}, "dissonance": {"dmean": 0.0275493282825, "dmean2": 0.0464048683643, "dvar": 0.000693192880135, "dvar2": 0.00193442823365, "max": 0.500000059605, "mean": 0.440405368805, "median": 0.448833703995, "min": 0.212657392025, "var": 0.00153126427904}, "dynamic_complexity": 2.94267439842, "erbbands": {"dmean": [0.0245178751647, 0.258873790503, 0.787918150425, 0.74387472868, 2.12250137329, 2.33449840546, 3.37070703506, 5.86169052124, 7.73212194443, 14.8860301971, 36.0113143921, 56.7514915466, 45.2994422913, 37.7711791992, 74.6787948608, 24.6012744904, 10.3776664734, 7.60400533676, 4.83154344559, 3.99740505219, 5.0362443924, 4.20425128937, 3.81638598442, 1.72682523727, 2.9913752079, 2.74236297607, 2.27953600883, 1.7310205698, 2.78284168243, 3.85206055641, 2.86189770699, 2.03464531898, 0.881773889065, 0.302000254393, 0.0748939216137, 0.0100377686322, 0.00093087105779, 9.82767523965e-05, 7.13389817975e-06, 6.69153496347e-06], "dmean2": [0.0353071652353, 0.355372816324, 1.11339950562, 1.18437826633, 3.13117432594, 3.53975439072, 4.69026088715, 8.30829715729, 10.9684381485, 20.978635788, 53.0811653137, 89.7249145508, 72.0406494141, 58.7671089172, 119.702545166, 38.604724884, 17.0578155518, 12.2913837433, 7.55849313736, 6.15670871735, 7.5294046402, 6.65419578552, 6.09565401077, 2.76306343079, 4.79333782196, 4.27656459808, 3.44340014458, 2.68677306175, 4.47629070282, 6.18037652969, 4.51389741898, 3.1947863102, 1.34039413929, 0.45112362504, 0.110482551157, 0.0139336893335, 0.00127970217727, 0.0001362356561, 1.03065503936e-05, 1.0007619494e-05], "dvar": [0.00424978835508, 0.317435950041, 4.47145318985, 2.06389093399, 11.0176324844, 15.4558534622, 37.2693634033, 80.4361953735, 179.195220947, 1085.53942871, 4642.20800781, 9082.62695313, 7444.43701172, 8068.91455078, 27312.4726563, 3617.5949707, 339.469482422, 290.623962402, 157.63168335, 99.8145446777, 202.275222778, 56.6204414368, 46.5931129456, 11.6523780823, 37.7017173767, 28.4530639648, 30.070728302, 17.4674320221, 47.7729949951, 88.4936599731, 66.0994110107, 46.4039802551, 15.2387399673, 1.68219387531, 0.0975718796253, 0.00256642559543, 2.02617611649e-05, 2.43630665864e-07, 3.54366008759e-10, 5.27822924257e-11], "dvar2": [0.00848480593413, 0.5951192379, 7.4496846199, 5.61217927933, 26.299779892, 37.5199623108, 73.8059616089, 160.954040527, 389.309356689, 2311.23413086, 10735.2705078, 23425.21875, 20008.75, 19984.0390625, 73412.296875, 8723.13867188, 906.211975098, 797.586914063, 395.007751465, 208.01802063, 404.140625, 140.048797607, 110.48890686, 28.3885536194, 90.515007019, 62.1464118958, 64.9155578613, 40.5738067627, 120.619819641, 215.381118774, 158.938110352, 97.8466644287, 27.7777557373, 3.08341193199, 0.155203908682, 0.00380317796953, 2.67356899712e-05, 3.08446828967e-07, 4.81084061477e-10, 1.17963375179e-10], "max": [1.21899700165, 9.85938072205, 53.0234718323, 25.1305847168, 54.2901954651, 117.478118896, 192.675827026, 285.270324707, 376.364593506, 1345.60534668, 1417.16589355, 1830.47741699, 1350.64990234, 2372.95654297, 3546.38354492, 1526.86535645, 475.927459717, 519.890686035, 501.973999023, 211.066757202, 575.567382813, 159.143630981, 188.960128784, 145.631546021, 256.471191406, 208.180038452, 169.617782593, 112.915061951, 105.767692566, 194.452423096, 285.879333496, 263.7996521, 200.520385742, 74.7289505005, 13.2837133408, 2.4156832695, 0.297646552324, 0.0379124395549, 0.00126231298782, 0.000201268689125], "mean": [0.0694281980395, 0.751723408699, 1.65331804752, 1.75157535076, 5.12195205688, 6.63094615936, 9.31085681915, 13.9882879257, 18.1520175934, 41.8534164429, 85.4586105347, 118.081886292, 108.354179382, 91.3963470459, 165.693786621, 60.118812561, 22.6144275665, 16.6366615295, 11.7254400253, 9.28961372375, 12.6285924911, 11.102648735, 9.33947944641, 4.42561483383, 6.88488912582, 5.7470331192, 4.71937227249, 3.17649078369, 4.33159923553, 6.46949386597, 5.54775524139, 3.75414538383, 1.71625554562, 0.599827170372, 0.146576181054, 0.021054405719, 0.00253606564365, 0.000310144852847, 3.10197428917e-05, 3.62530518032e-05], "median": [0.0198405031115, 0.268013477325, 0.468949884176, 0.885387301445, 2.84839510918, 4.18960142136, 5.13301706314, 7.88792896271, 9.92349910736, 14.7592287064, 39.2604408264, 63.7758407593, 41.9809989929, 27.9372367859, 31.8589859009, 16.6005172729, 12.213924408, 6.9135761261, 4.51353549957, 3.56957149506, 4.41538476944, 6.28504657745, 5.30817508698, 2.88401436806, 4.27184724808, 2.80387878418, 0.948028564453, 0.82434040308, 2.08173155785, 3.13139677048, 2.67862796783, 1.43035614491, 0.540196955204, 0.179686620831, 0.0463236644864, 0.00696301320568, 0.00112584710587, 0.000165010409546, 2.50376215263e-05, 3.36166158377e-05], "min": [5.42326789319e-23, 4.62207210642e-22, 2.72208135537e-21, 2.28127325264e-21, 1.30494220135e-20, 2.3914628383e-20, 3.65735032095e-20, 4.54316091371e-20, 1.2699746596e-19, 1.46981115584e-19, 3.38491431493e-19, 2.68535681415e-19, 4.0565430963e-19, 7.94768160636e-19, 9.96418043569e-19, 1.2190979596e-18, 1.5403544368e-18, 1.93204141404e-18, 2.36483864735e-18, 2.74749053756e-18, 3.53515404391e-18, 3.42618788746e-18, 3.84658299504e-18, 6.15278818544e-18, 7.54573345361e-18, 7.16522540875e-18, 9.02492760348e-18, 7.58233288699e-18, 9.39043141921e-18, 1.0176806385e-17, 1.10441970743e-17, 1.00483146302e-17, 8.66913406096e-18, 9.1644696641e-18, 6.25503763532e-18, 4.14080079917e-18, 2.31007598207e-18, 9.77745785409e-19, 2.34199026447e-19, 2.79324772628e-20], "var": [0.015688540414, 1.31108665466, 16.6899604797, 5.14376592636, 41.5586166382, 59.5603523254, 227.966659546, 365.553466797, 657.789123535, 7036.52685547, 18108.5097656, 26714.203125, 27966.1972656, 32104.0078125, 92344.3125, 15781.1318359, 945.440734863, 804.741210938, 456.124023438, 278.106262207, 813.768737793, 231.455612183, 165.293823242, 32.8519668579, 95.5835800171, 79.787902832, 121.044967651, 44.6747436523, 59.0143661499, 173.029403687, 191.215133667, 146.116744995, 49.8994903564, 6.74954128265, 0.396468251944, 0.0103895757347, 0.000110316344944, 1.22967878724e-06, 2.01454541937e-09, 4.75011918688e-10]}, "erbbands_crest": {"dmean": 3.01766037941, "dmean2": 4.89139795303, "dvar": 7.36663961411, "dvar2": 19.8701667786, "max": 31.4020576477, "mean": 12.4745464325, "median": 11.727514267, "min": 2.68528532982, "var": 28.1272296906}, "erbbands_flatness_db": {"dmean": 0.0156169887632, "dmean2": 0.0237660184503, "dvar": 0.000204365744139, "dvar2": 0.000462401541881, "max": 0.335521370173, "mean": 0.199956461787, "median": 0.19895863533, "min": 0.0830504968762, "var": 0.00205908459611}, "erbbands_kurtosis": {"dmean": 2.19675326347, "dmean2": 3.49673771858, "dvar": 7.70599222183, "dvar2": 19.4434585571, "max": 44.3066291809, "mean": 5.05954265594, "median": 3.51023602486, "min": -1.77374100685, "var": 33.8880691528}, "erbbands_skewness": {"dmean": 0.40126490593, "dmean2": 0.624000370502, "dvar": 0.151622220874, "dvar2": 0.36137381196, "max": 5.38302278519, "mean": 1.33534324169, "median": 1.36928141117, "min": -3.16216802597, "var": 0.963191092014}, "erbbands_spread": {"dmean": 6.58057355881, "dmean2": 10.1555252075, "dvar": 94.4709854126, "dvar2": 217.525024414, "max": 131.649536133, "mean": 25.7813053131, "median": 20.0522861481, "min": 2.22005438805, "var": 382.760559082}, "gfcc": {"cov": [[27654.7207031, 2251.23022461, -3381.92797852, 475.36907959, -2116.04638672, 675.184570313, -652.803161621, 244.303375244, -273.108062744, -454.627105713, -166.893798828, -110.278785706, -137.454055786], [2251.23022461, 804.549560547, -209.398040771, -92.64894104, -13.417766571, 32.9574241638, 53.1901931763, 53.4241790771, 17.7889823914, -92.2771148682, 42.1105499268, 25.3912620544, -38.8241157532], [-3381.92797852, -209.398040771, 971.833984375, 189.368637085, 251.635559082, -61.9689407349, -49.9895896912, 44.4821891785, 74.8307342529, 72.6078720093, 62.1792869568, 14.3864459991, -48.8259773254], [475.36907959, -92.64894104, 189.368637085, 466.927001953, 74.4770431519, -44.009552002, -169.948226929, 17.1615810394, 51.1668014526, 92.103012085, -17.1499557495, -30.1416320801, 14.5994081497], [-2116.04638672, -13.417766571, 251.635559082, 74.4770431519, 438.008758545, -12.9904642105, 60.3021812439, 20.056312561, 83.1196060181, 81.3941040039, 23.6631546021, 3.13988256454, 32.3129653931], [675.184570313, 32.9574241638, -61.9689407349, -44.009552002, -12.9904642105, 270.5496521, 176.413452148, 54.2304267883, 1.64124059677, -21.9428443909, 31.4865779877, 18.5839691162, -21.9813022614], [-652.803161621, 53.1901931763, -49.9895896912, -169.948226929, 60.3021812439, 176.413452148, 439.388946533, 49.2998199463, -35.1668014526, -24.1328449249, 51.377620697, 76.173210144, 28.8512191772], [244.303375244, 53.4241790771, 44.4821891785, 17.1615810394, 20.056312561, 54.2304267883, 49.2998199463, 125.628677368, 59.3637237549, 4.15203762054, 27.7888584137, 9.74074935913, -4.80488729477], [-273.108062744, 17.7889823914, 74.8307342529, 51.1668014526, 83.1196060181, 1.64124059677, -35.1668014526, 59.3637237549, 150.297073364, 46.074924469, -1.02311468124, -29.4358558655, -9.89958286285], [-454.627105713, -92.2771148682, 72.6078720093, 92.103012085, 81.3941040039, -21.9428443909, -24.1328449249, 4.15203762054, 46.074924469, 141.611328125, 13.0953102112, -18.9807929993, 19.7164955139], [-166.893798828, 42.1105499268, 62.1792869568, -17.1499557495, 23.6631546021, 31.4865779877, 51.377620697, 27.7888584137, -1.02311468124, 13.0953102112, 82.1432800293, 39.8328704834, -2.20563387871], [-110.278785706, 25.3912620544, 14.3864459991, -30.1416320801, 3.13988256454, 18.5839691162, 76.173210144, 9.74074935913, -29.4358558655, -18.9807929993, 39.8328704834, 95.9113845825, 45.609703064], [-137.454055786, -38.8241157532, -48.8259773254, 14.5994081497, 32.3129653931, -21.9813022614, 28.8512191772, -4.80488729477, -9.89958286285, 19.7164955139, -2.20563387871, 45.609703064, 103.49609375]], "icov": [[0.000650608271826, -0.00151912285946, 0.00166429451201, -0.00162786326837, 0.002087097615, -0.00188083178364, 0.00140224699862, -0.00157873507123, 0.000953955808654, -0.000298722909065, 0.000464442593511, -0.000258728658082, 6.5795982664e-05], [-0.00151912285946, 0.00521506182849, -0.0032885405235, 0.00370453344658, -0.00525241019204, 0.00475733028725, -0.00331368576735, 0.00319818174466, -0.00269354064949, 0.00186886824667, -0.00218450394459, 0.00012253888417, 0.000873025797773], [0.00166429451201, -0.0032885405235, 0.00601162202656, -0.00472002662718, 0.00439986493438, -0.00416192738339, 0.00360685144551, -0.00447307247669, 0.00218335026875, -0.00052225444233, 0.000200810958631, -0.00188932078891, 0.00215308484621], [-0.00162786326837, 0.00370453344658, -0.00472002662718, 0.00732347369194, -0.0054055810906, 0.0039595104754, -0.00199818448164, 0.00305666867644, -0.00191552774049, -0.00102470698766, -1.62565220307e-06, 0.000544338312466, -0.00103247293737], [0.002087097615, -0.00525241019204, 0.00439986493438, -0.0054055810906, 0.010267146863, -0.00583254685625, 0.00347609468736, -0.00404079584405, 0.00137547915801, -0.00187008047942, 0.00112825597171, 0.000186999270227, -0.00153165776283], [-0.00188083178364, 0.00475733028725, -0.00416192738339, 0.0039595104754, -0.00583254685625, 0.0114414962009, -0.00659694895148, 0.00318349967711, -0.00318684312515, 0.00164019514341, -0.00258591328748, 0.000821131223347, 0.00196823175065], [0.00140224699862, -0.00331368576735, 0.00360685144551, -0.00199818448164, 0.00347609468736, -0.00659694895148, 0.00764215039089, -0.00473653525114, 0.00351093616337, -0.00131890689954, 0.00123612547759, -0.002567718504, -0.000488926889375], [-0.00157873507123, 0.00319818174466, -0.00447307247669, 0.00305666867644, -0.00404079584405, 0.00318349967711, -0.00473653525114, 0.0166045166552, -0.00812503695488, 0.00215065758675, -0.00440521771088, 0.000822647998575, -0.00105273909867], [0.000953955808654, -0.00269354064949, 0.00218335026875, -0.00191552774049, 0.00137547915801, -0.00318684312515, 0.00351093616337, -0.00812503695488, 0.0129342628643, -0.0032885002438, 0.00256380811334, 0.00159670901485, 0.000309190450935], [-0.000298722909065, 0.00186886824667, -0.00052225444233, -0.00102470698766, -0.00187008047942, 0.00164019514341, -0.00131890689954, 0.00215065758675, -0.0032885002438, 0.0119787910953, -0.00571826891974, 0.00475375633687, -0.00321113714017], [0.000464442593511, -0.00218450394459, 0.000200810958631, -1.62565220307e-06, 0.00112825597171, -0.00258591328748, 0.00123612547759, -0.00440521771088, 0.00256380811334, -0.00571826891974, 0.0217470377684, -0.0107271326706, 0.00496713863686], [-0.000258728658082, 0.00012253888417, -0.00188932078891, 0.000544338312466, 0.000186999270227, 0.000821131223347, -0.002567718504, 0.000822647998575, 0.00159670901485, 0.00475375633687, -0.0107271326706, 0.0238883402199, -0.0119046056643], [6.5795982664e-05, 0.000873025797773, 0.00215308484621, -0.00103247293737, -0.00153165776283, 0.00196823175065, -0.000488926889375, -0.00105273909867, 0.000309190450935, -0.00321113714017, 0.00496713863686, -0.0119046056643, 0.0182155407965]], "mean": [-29.5185146332, 106.495376587, -124.782539368, 22.3661823273, -85.7990875244, 23.3705444336, -30.0883789063, 12.5369997025, -13.3246746063, -13.4789428711, -6.68018436432, -4.10193490982, -9.10203742981]}, "hfc": {"dmean": 5.12736368179, "dmean2": 7.76604890823, "dvar": 45.2468643188, "dvar2": 98.7611465454, "max": 199.746200562, "mean": 23.4588851929, "median": 20.3940677643, "min": 1.08312935232e-16, "var": 311.177642822}, "melbands": {"dmean": [0.000257200881606, 0.000369425077224, 0.000154992172611, 0.000169672392076, 0.000111600464152, 0.000131879554829, 0.000110230546852, 0.000183609736268, 0.000333707343088, 0.000363918719813, 0.000223115188419, 0.000145373502164, 0.000266983581241, 0.000104663864477, 3.82148973586e-05, 1.90077516891e-05, 1.60266463354e-05, 9.77147101366e-06, 4.74161288366e-06, 8.87651822268e-06, 5.59899353902e-06, 4.9963678066e-06, 4.94864116263e-06, 2.277974545e-06, 1.44009675296e-06, 2.07916878026e-06, 2.52380868915e-06, 1.90495984498e-06, 1.5833031739e-06, 1.15727721095e-06, 1.02182320916e-06, 1.49194693222e-06, 2.04372395274e-06, 2.36363371187e-06, 1.85577641787e-06, 1.3998784425e-06, 1.2507395013e-06, 6.95897028891e-07, 4.15210877236e-07, 2.20406093376e-07], "dmean2": [0.000360714911949, 0.000517494336236, 0.000240875902819, 0.000252075114986, 0.000156921261805, 0.000186676945304, 0.000157052578288, 0.000261683424469, 0.0004938300699, 0.00057581771398, 0.000354575895471, 0.000224783841986, 0.000427546910942, 0.000162750002346, 6.14851596765e-05, 3.12490847136e-05, 2.58855743596e-05, 1.53557793965e-05, 7.47893273001e-06, 1.37368833748e-05, 8.42588542582e-06, 7.95093546913e-06, 7.99600729806e-06, 3.63066396858e-06, 2.33836090047e-06, 3.37607434631e-06, 4.06553181165e-06, 2.9741158869e-06, 2.41342695517e-06, 1.78408231477e-06, 1.62565947903e-06, 2.4254300115e-06, 3.31463411385e-06, 3.84061149816e-06, 2.95281142826e-06, 2.24719224207e-06, 1.96769497052e-06, 1.07548169126e-06, 6.40566497623e-07, 3.30720524744e-07], "dvar": [3.91360146068e-07, 7.78851472205e-07, 6.32426093716e-08, 6.34325871829e-08, 3.57120022443e-08, 3.56651099764e-08, 3.468366927e-08, 1.65793409224e-07, 3.96107424194e-07, 3.66336507795e-07, 1.8404617208e-07, 1.22788421208e-07, 3.38608913353e-07, 5.34935367114e-08, 6.94494328712e-09, 1.34325162104e-09, 1.43354861315e-09, 7.15862980005e-10, 1.40144451599e-10, 6.96899760122e-10, 2.70111738532e-10, 1.02960306947e-10, 6.84576423327e-11, 1.88914873328e-11, 9.39576194625e-12, 1.67790642491e-11, 2.59226893423e-11, 1.50764851992e-11, 1.55197920487e-11, 8.3808784565e-12, 6.06319161545e-12, 1.34085780673e-11, 2.70755414616e-11, 3.45090622744e-11, 2.69204346315e-11, 2.04533803089e-11, 1.90464328337e-11, 1.0590887542e-11, 4.18441019681e-12, 8.38330435887e-13], "dvar2": [7.41206520161e-07, 1.32755201321e-06, 1.64294732485e-07, 1.49563391005e-07, 7.62521850106e-08, 7.43022496863e-08, 7.5267159616e-08, 3.63938085002e-07, 9.12482676085e-07, 9.45589079038e-07, 4.89526769343e-07, 2.98635910667e-07, 9.12686687116e-07, 1.25860637468e-07, 1.6916830603e-08, 3.51448536939e-09, 3.91368759622e-09, 1.86844695271e-09, 3.58556490054e-10, 1.45137324381e-09, 5.52072998428e-10, 2.57613208543e-10, 1.70797778698e-10, 4.45866468746e-11, 2.34792723458e-11, 3.93854393543e-11, 6.20834217369e-11, 3.36157698899e-11, 3.4119880532e-11, 1.80064938654e-11, 1.4743322882e-11, 3.43571143757e-11, 6.80729014824e-11, 8.63493859748e-11, 6.74997072125e-11, 4.69058958341e-11, 4.04161495937e-11, 1.98193805118e-11, 8.03058921445e-12, 1.6055261504e-12], "max": [0.0118914321065, 0.0211693253368, 0.00425848644227, 0.00460309395567, 0.00578811625019, 0.00569814210758, 0.00475834030658, 0.0155396647751, 0.0126611376181, 0.0119053805247, 0.00651426054537, 0.00921976193786, 0.0121668633074, 0.00459411367774, 0.00278680957854, 0.00110274588224, 0.00118188059423, 0.000725227408111, 0.000384388520615, 0.000578467908781, 0.000601114472374, 0.000226628326345, 0.000190707709407, 0.000121358629258, 0.000134544083267, 0.000145627069287, 0.000159160059411, 0.000131174325361, 0.000127426348627, 0.000109881715616, 5.54547259526e-05, 5.67848619539e-05, 9.50949688558e-05, 0.000162788186572, 0.000174594912096, 0.000126498067402, 0.000181240306119, 0.000135954935104, 0.000135185633553, 4.39298237325e-05], "mean": [0.000764402328059, 0.000927164568566, 0.000389247055864, 0.000459260918433, 0.000322519044857, 0.000320774968714, 0.000261428882368, 0.000491491460707, 0.000761157949455, 0.000735341513064, 0.000506480573677, 0.000326422828948, 0.00057341856882, 0.000241104324232, 8.12279758975e-05, 3.62138234777e-05, 3.16322257277e-05, 2.12130344153e-05, 1.01378564068e-05, 1.78554273589e-05, 1.32225541165e-05, 1.14684708024e-05, 1.1391627595e-05, 5.20268986293e-06, 3.16711498272e-06, 4.73334785056e-06, 5.00718078911e-06, 3.6279654978e-06, 3.09167512569e-06, 2.30852788263e-06, 1.65429821664e-06, 2.17655065171e-06, 3.11184771817e-06, 3.87550790037e-06, 3.39031998919e-06, 2.60953856923e-06, 2.14180226976e-06, 1.2824307305e-06, 7.98141115865e-07, 4.00355560259e-07], "median": [0.000264495640295, 0.000317755184369, 0.000223683076911, 0.000296361802612, 0.000187732104678, 0.000185979544767, 0.000139689611387, 0.00016177665384, 0.000341596227372, 0.000381177174859, 0.000162805445143, 8.03375951364e-05, 0.000109169995994, 4.66353994852e-05, 2.99858220387e-05, 1.55650686793e-05, 9.86364193523e-06, 6.28336283626e-06, 3.80144683731e-06, 4.58719705421e-06, 4.6265263336e-06, 5.87193881074e-06, 6.34346542938e-06, 2.92822096526e-06, 1.8905975594e-06, 2.79616415355e-06, 2.85648116005e-06, 1.44898842791e-06, 5.82139250582e-07, 3.85040408446e-07, 4.57771079709e-07, 9.51183835696e-07, 1.41427085509e-06, 1.82831774964e-06, 1.62929734415e-06, 1.07583332465e-06, 7.4969779007e-07, 3.81424911211e-07, 2.04869948561e-07, 1.09272768611e-07], "min": [9.6970075964e-25, 1.0351946544e-24, 1.05977092565e-24, 1.41453666308e-24, 8.47434714902e-25, 8.92463585625e-25, 2.02707019548e-24, 1.64329222471e-24, 2.81198758503e-24, 1.6143775143e-24, 1.75807197945e-24, 2.95469429772e-24, 2.80165528211e-24, 3.08138831733e-24, 2.66951891112e-24, 3.22571081437e-24, 2.83448333425e-24, 2.96128503337e-24, 2.32938023259e-24, 4.50514439781e-24, 3.01104342104e-24, 3.20343002975e-24, 4.20756082081e-24, 3.38338221843e-24, 3.92472894274e-24, 4.76654371395e-24, 4.63053975515e-24, 4.90952593631e-24, 4.61025814128e-24, 3.96129619557e-24, 4.70114675047e-24, 3.23267448401e-24, 5.24823164901e-24, 5.44270124493e-24, 5.69568657065e-24, 5.00846999864e-24, 5.67842866063e-24, 5.02250817288e-24, 5.67084928505e-24, 5.6024463671e-24], "var": [1.62350158917e-06, 2.96717280435e-06, 2.07081299664e-07, 2.73335388101e-07, 2.07203143532e-07, 1.65948833342e-07, 1.32466837499e-07, 9.76228875516e-07, 1.54843417022e-06, 1.04377306798e-06, 6.72598844176e-07, 4.75153115076e-07, 1.11628685318e-06, 2.14440490254e-07, 2.65899640084e-08, 3.39216787992e-09, 3.77063358314e-09, 1.92321336634e-09, 3.42092520977e-10, 1.82969484008e-09, 1.03457065137e-09, 3.20636073248e-10, 2.33833508112e-10, 6.23962825852e-11, 2.04567630196e-11, 5.78680194041e-11, 5.62883108179e-11, 4.21977071341e-11, 5.49508737124e-11, 3.23292503879e-11, 1.17085612039e-11, 1.55161734156e-11, 3.65333874264e-11, 6.88885268274e-11, 6.84465817358e-11, 6.02880453893e-11, 5.45153228115e-11, 3.07003727995e-11, 1.33104933325e-11, 3.09078045276e-12]}, "melbands_crest": {"dmean": 2.73239827156, "dmean2": 4.32412385941, "dvar": 6.76309537888, "dvar2": 16.862241745, "max": 31.9081630707, "mean": 12.8959932327, "median": 12.0571222305, "min": 1.66523945332, "var": 24.7636089325}, "melbands_flatness_db": {"dmean": 0.0193537902087, "dmean2": 0.0279843434691, "dvar": 0.000457683840068, "dvar2": 0.000909789931029, "max": 0.471821248531, "mean": 0.202196121216, "median": 0.204116255045, "min": 0.00243045063689, "var": 0.00317758717574}, "melbands_kurtosis": {"dmean": 3.92760419846, "dmean2": 6.12175655365, "dvar": 78.8600463867, "dvar2": 182.047454834, "max": 369.940155029, "mean": 9.40792655945, "median": 5.18646907806, "min": -1.84921109676, "var": 337.120056152}, "melbands_skewness": {"dmean": 0.492818832397, "dmean2": 0.763740777969, "dvar": 0.306280106306, "dvar2": 0.689552605152, "max": 14.2049789429, "mean": 1.52417123318, "median": 1.25900006294, "min": -1.89114010334, "var": 2.56580543518}, "melbands_spread": {"dmean": 4.90122652054, "dmean2": 7.5109872818, "dvar": 88.969039917, "dvar2": 174.065551758, "max": 230.321243286, "mean": 21.5660152435, "median": 16.5431957245, "min": 0.510697722435, "var": 560.555114746}, "mfcc": {"cov": [[7879.68994141, 899.750244141, -314.051116943, -297.959625244, -359.950775146, 38.7830352783, -93.0648117065, 294.697570801, -21.2489776611, 16.6960067749, -130.232925415, -8.02142238617, -60.6200447083], [899.750244141, 1066.25268555, -67.4931488037, -105.738571167, -38.9719161987, -29.0313549042, 63.69713974, 200.43107605, -43.1364059448, 15.6063108444, 39.8884544373, -11.6980876923, 42.2589988708], [-314.051116943, -67.4931488037, 592.381103516, 136.165374756, 135.754257202, -35.6691436768, -51.9830245972, 16.0767879486, -74.5970077515, 43.1900444031, 77.3675765991, -28.1707496643, 27.668554306], [-297.959625244, -105.738571167, 136.165374756, 431.66104126, 221.934631348, -6.90611982346, -86.3935470581, -136.584228516, 22.5303382874, 32.6858825684, -23.1657218933, 18.7411308289, 30.8026561737], [-359.950775146, -38.9719161987, 135.754257202, 221.934631348, 441.033447266, -20.8396224976, -144.28944397, -95.1177139282, -15.5227632523, 107.713592529, 47.7776412964, -29.5952682495, 16.1938419342], [38.7830352783, -29.0313549042, -35.6691436768, -6.90611982346, -20.8396224976, 181.544647217, 109.29675293, 33.6899986267, 45.4771461487, 9.54763507843, 26.182767868, 32.0534286499, -15.1943731308], [-93.0648117065, 63.69713974, -51.9830245972, -86.3935470581, -144.28944397, 109.29675293, 271.843231201, 129.76109314, 44.5501251221, -43.8376426697, 13.7901763916, 56.3120269775, 25.9802303314], [294.697570801, 200.43107605, 16.0767879486, -136.584228516, -95.1177139282, 33.6899986267, 129.76109314, 254.889541626, 22.8332672119, -9.35126399994, 37.094783783, 6.86903715134, 35.2874145508], [-21.2489776611, -43.1364059448, -74.5970077515, 22.5303382874, -15.5227632523, 45.4771461487, 44.5501251221, 22.8332672119, 139.69468689, 29.0973701477, -1.19907033443, 41.6601219177, 7.76178407669], [16.6960067749, 15.6063108444, 43.1900444031, 32.6858825684, 107.713592529, 9.54763507843, -43.8376426697, -9.35126399994, 29.0973701477, 140.285293579, 66.7508544922, 5.78177928925, -4.50550031662], [-130.232925415, 39.8884544373, 77.3675765991, -23.1657218933, 47.7776412964, 26.182767868, 13.7901763916, 37.094783783, -1.19907033443, 66.7508544922, 119.921607971, 25.3781013489, -5.67367649078], [-8.02142238617, -11.6980876923, -28.1707496643, 18.7411308289, -29.5952682495, 32.0534286499, 56.3120269775, 6.86903715134, 41.6601219177, 5.78177928925, 25.3781013489, 101.185768127, 20.7093200684], [-60.6200447083, 42.2589988708, 27.668554306, 30.8026561737, 16.1938419342, -15.1943731308, 25.9802303314, 35.2874145508, 7.76178407669, -4.50550031662, -5.67367649078, 20.7093200684, 91.0386734009]], "icov": [[0.00017728068633, -0.000129730367917, 2.18292807403e-05, 1.22339106383e-05, 0.000158897120855, -0.000231486104894, 0.000367338419892, -0.000306092988467, 0.000152524618898, -0.000272025848972, 0.000481173570734, -0.000265408540145, 0.0001783027692], [-0.000129730367917, 0.00132079294417, 0.0003902859753, -0.000215138396015, -0.000106529842014, 0.000488097546622, -0.000297882157611, -0.000920256483369, 0.000676025345456, -0.000194253239897, -0.000582553562708, 0.000288475624984, -0.000372360518668], [2.18292807403e-05, 0.0003902859753, 0.00258613284677, -0.00120601325762, 7.29722451069e-05, 0.000351008726284, 0.000115094291687, -0.00101215892937, 0.00148780527525, -0.000104602018837, -0.00196210783906, 0.000913691532332, -0.000601630075835], [1.22339106383e-05, -0.000215138396015, -0.00120601325762, 0.0045908736065, -0.00192891375627, -0.000546264811419, 0.000123694524518, 0.00199490855448, -0.00137771596201, 0.000337811739882, 0.00208961637691, -0.00157422246411, -0.00101285835262], [0.000158897120855, -0.000106529842014, 7.29722451069e-05, -0.00192891375627, 0.00472113722935, -0.000848361058161, 0.00170564837754, 3.75094386982e-05, 0.00068178580841, -0.00227650860325, -0.00121788529214, 0.0014931660844, -0.00128330755979], [-0.000231486104894, 0.000488097546622, 0.000351008726284, -0.000546264811419, -0.000848361058161, 0.00906223617494, -0.00455659814179, 0.000430998246884, -0.00146314234007, -9.85204314929e-05, -0.00188254681416, 0.000203388408409, 0.00245039677247], [0.000367338419892, -0.000297882157611, 0.000115094291687, 0.000123694524518, 0.00170564837754, -0.00455659814179, 0.00919810216874, -0.00331777404062, -9.24281484913e-05, 0.00145410210826, 0.000456943438621, -0.00283211423084, -0.00134420418181], [-0.000306092988467, -0.000920256483369, -0.00101215892937, 0.00199490855448, 3.75094386982e-05, 0.000430998246884, -0.00331777404062, 0.0088172070682, -0.00260652741417, 0.00115373020526, -0.00282308715396, 0.00268111447804, -0.00305606657639], [0.000152524618898, 0.000676025345456, 0.00148780527525, -0.00137771596201, 0.00068178580841, -0.00146314234007, -9.24281484913e-05, -0.00260652741417, 0.01143141184, -0.00448038754985, 0.00296277506277, -0.00360002485104, 0.000280164473224], [-0.000272025848972, -0.000194253239897, -0.000104602018837, 0.000337811739882, -0.00227650860325, -9.85204314929e-05, 0.00145410210826, 0.00115373020526, -0.00448038754985, 0.0140222385526, -0.00786621309817, 0.00143793947063, -0.000388519314583], [0.000481173570734, -0.000582553562708, -0.00196210783906, 0.00208961637691, -0.00121788529214, -0.00188254681416, 0.000456943438621, -0.00282308715396, 0.00296277506277, -0.00786621309817, 0.0184692610055, -0.00688804220408, 0.00342243071645], [-0.000265408540145, 0.000288475624984, 0.000913691532332, -0.00157422246411, 0.0014931660844, 0.000203388408409, -0.00283211423084, 0.00268111447804, -0.00360002485104, 0.00143793947063, -0.00688804220408, 0.0162061750889, -0.00425608735532], [0.0001783027692, -0.000372360518668, -0.000601630075835, -0.00101285835262, -0.00128330755979, 0.00245039677247, -0.00134420418181, -0.00305606657639, 0.000280164473224, -0.000388519314583, 0.00342243071645, -0.00425608735532, 0.0151452114806]], "mean": [-650.409667969, 124.458854675, 13.2585573196, -0.520102798939, -15.1418495178, -2.46857476234, -5.37913417816, 19.8087654114, -6.11227178574, 6.40222358704, -2.55248093605, -0.0304218512028, 1.92646992207]}, "pitch_salience": {"dmean": 0.0532872714102, "dmean2": 0.0848592370749, "dvar": 0.00231353286654, "dvar2": 0.0056086727418, "max": 0.828996658325, "mean": 0.551319122314, "median": 0.555442690849, "min": 0.0690433084965, "var": 0.0110052768141}, "silence_rate_20dB": {"dmean": 0, "dmean2": 0, "dvar": 0, "dvar2": 0, "max": 1, "mean": 1, "median": 1, "min": 1, "var": 0}, "silence_rate_30dB": {"dmean": 0, "dmean2": 0, "dvar": 0, "dvar2": 0, "max": 1, "mean": 1, "median": 1, "min": 1, "var": 0}, "silence_rate_60dB": {"dmean": 0.00873616803437, "dmean2": 0.017474880442, "dvar": 0.00865982286632, "dvar2": 0.0192080549896, "max": 1, "mean": 0.0435288995504, "median": 0, "min": 0, "var": 0.0416326671839}, "spectral_centroid": {"dmean": 162.234054565, "dmean2": 246.01713562, "dvar": 96240.25, "dvar2": 197502.484375, "max": 11631.125, "mean": 1232.62268066, "median": 943.39831543, "min": 106.416717529, "var": 2153372.5}, "spectral_complexity": {"dmean": 1.97408270836, "dmean2": 3.19499063492, "dvar": 3.54540371895, "dvar2": 8.37068462372, "max": 37, "mean": 15.6380844116, "median": 16, "min": 0, "var": 34.7937011719}, "spectral_contrast_coeffs": {"dmean": [0.0403236299753, 0.0403873026371, 0.0369438380003, 0.028273910284, 0.0201937984675, 0.0148526160046], "dmean2": [0.0647919028997, 0.0654141008854, 0.0611093752086, 0.0465704835951, 0.0323151610792, 0.023124024272], "dvar": [0.0011930904584, 0.0011436578352, 0.000880087027326, 0.000513522187248, 0.00030964447069, 0.00021970954549], "dvar2": [0.00299783260562, 0.00294492556714, 0.002330878051, 0.00132568913978, 0.000708984443918, 0.000459319591755], "max": [-0.343007951975, -0.394409298897, -0.408965796232, -0.532589793205, -0.627190053463, -0.650356352329], "mean": [-0.651383876801, -0.688852906227, -0.674979925156, -0.749363780022, -0.7730666399, -0.780004858971], "median": [-0.652837157249, -0.687710821629, -0.666360974312, -0.745457053185, -0.770925164223, -0.780365824699], "min": [-0.978436648846, -0.977701187134, -0.978502511978, -0.977225899696, -0.968880176544, -0.966431617737], "var": [0.0086527178064, 0.00609150668606, 0.00716570205986, 0.00365353981033, 0.00246013468131, 0.00212973798625]}, "spectral_contrast_valleys": {"dmean": [0.345741063356, 0.297958254814, 0.264388084412, 0.237679690123, 0.223487108946, 0.231916502118], "dmean2": [0.546912252903, 0.486392199993, 0.430307865143, 0.380399495363, 0.33311983943, 0.335422903299], "dvar": [0.129516065121, 0.105911441147, 0.0876398012042, 0.0797811821103, 0.101730763912, 0.130653217435], "dvar2": [0.253157943487, 0.210346803069, 0.159329116344, 0.143906146288, 0.164261609316, 0.234243899584], "max": [-5.64299440384, -4.93202161789, -5.10258579254, -6.28964710236, -6.37533521652, -7.26274442673], "mean": [-7.87711286545, -7.00492286682, -7.62055063248, -8.51405715942, -8.42147731781, -10.3727426529], "median": [-7.44209480286, -6.54948616028, -7.12165355682, -8.04183101654, -7.99635314941, -10.0343151093], "min": [-28.1352462769, -28.0880622864, -27.7465229034, -27.7811908722, -27.5915393829, -27.438615799], "var": [8.23166656494, 8.7681055069, 8.56353569031, 7.58146905899, 7.55840682983, 6.24934720993]}, "spectral_decrease": {"dmean": 1.32387545371e-09, "dmean2": 1.97518623679e-09, "dvar": 2.05189285377e-18, "dvar2": 4.70222813325e-18, "max": 1.80992059122e-28, "mean": -7.17791337479e-09, "median": -6.65199273442e-09, "min": -2.44936657623e-08, "var": 1.90782822451e-17}, "spectral_energy": {"dmean": 0.0053433496505, "dmean2": 0.00799178145826, "dvar": 3.28511014231e-05, "dvar2": 7.63209318393e-05, "max": 0.101419366896, "mean": 0.0292188990861, "median": 0.0270591024309, "min": 1.00601253734e-20, "var": 0.000311772222631}, "spectral_energyband_high": {"dmean": 0.000310503848596, "dmean2": 0.000473144464195, "dvar": 5.66569951843e-07, "dvar2": 1.14428917186e-06, "max": 0.0240160617977, "mean": 0.000670872861519, "median": 0.000335790828103, "min": 6.94915805855e-21, "var": 1.98449606614e-06}, "spectral_energyband_low": {"dmean": 0.00157170067541, "dmean2": 0.00220688455738, "dvar": 1.08180120151e-05, "dvar2": 1.97926547116e-05, "max": 0.0687409937382, "mean": 0.00466288626194, "median": 0.00191145390272, "min": 1.13378796945e-23, "var": 4.66005694761e-05}, "spectral_energyband_middle_high": {"dmean": 0.00269866338931, "dmean2": 0.00420543458313, "dvar": 1.88131143659e-05, "dvar2": 4.9253438192e-05, "max": 0.0820083171129, "mean": 0.00926752667874, "median": 0.004803750664, "min": 1.17415531356e-21, "var": 0.000120461678307}, "spectral_energyband_middle_low": {"dmean": 0.00385603122413, "dmean2": 0.00586305186152, "dvar": 2.0453488105e-05, "dvar2": 5.06521391799e-05, "max": 0.0737084299326, "mean": 0.0153762809932, "median": 0.0130739873275, "min": 1.39130451221e-22, "var": 0.000127546605654}, "spectral_entropy": {"dmean": 0.159802421927, "dmean2": 0.232207924128, "dvar": 0.0351308695972, "dvar2": 0.0706070736051, "max": 9.82709789276, "mean": 7.35017728806, "median": 7.2835817337, "min": 6.05367612839, "var": 0.256432950497}, "spectral_flux": {"dmean": 0.0162160433829, "dmean2": 0.0264789778739, "dvar": 0.000255163991824, "dvar2": 0.000667148502544, "max": 0.236258685589, "mean": 0.0670490190387, "median": 0.0649316608906, "min": 6.17979903361e-11, "var": 0.000971843895968}, "spectral_kurtosis": {"dmean": 1.4435993433, "dmean2": 2.36035871506, "dvar": 2.06613826752, "dvar2": 5.17765665054, "max": 17.9645233154, "mean": 4.02221488953, "median": 3.8074426651, "min": -1.2703217268, "var": 6.4276342392}, "spectral_rms": {"dmean": 0.000484806543682, "dmean2": 0.000710253429133, "dvar": 2.1727240096e-07, "dvar2": 4.71566551141e-07, "max": 0.00994714628905, "mean": 0.00502761639655, "median": 0.00513800792396, "min": 3.13285118334e-12, "var": 3.22926371155e-06}, "spectral_rolloff": {"dmean": 310.691497803, "dmean2": 551.549072266, "dvar": 839824.875, "dvar2": 1968061.375, "max": 19595.2148438, "mean": 1541.62512207, "median": 1012.06054688, "min": 86.1328125, "var": 7461765.5}, "spectral_skewness": {"dmean": 0.229993373156, "dmean2": 0.349896043539, "dvar": 0.0624967589974, "dvar2": 0.132221281528, "max": 3.21162080765, "mean": 1.6748945713, "median": 1.73266649246, "min": -0.0836717709899, "var": 0.292842179537}, "spectral_spread": {"dmean": 448827.53125, "dmean2": 679734.1875, "dvar": 509471031296, "dvar2": 918666084352, "max": 43031668, "mean": 5315754, "median": 4352804.5, "min": 2663420.75, "var": 26638611906600.0}, "spectral_strongpeak": {"dmean": 0.732117772102, "dmean2": 1.2188555