{"lowlevel": {"average_loudness": 0.60013872385, "barkbands": {"dmean": [6.52447924949e-05, 0.000766484066844, 0.00104658643249, 0.0009620867786, 0.00172832782846, 0.000988475047052, 0.000848748721182, 0.00102747580968, 0.00108048645779, 0.000785807787906, 0.000246437033638, 0.000296042970149, 0.000197078494239, 0.000247430900345, 0.000119118267321, 7.93794242782e-05, 7.15223141015e-05, 3.19651408063e-05, 2.84661673504e-05, 3.3901342249e-05, 1.51877702592e-05, 1.01103432826e-05, 1.14123567982e-05, 1.35864629556e-05, 1.42309190778e-05, 1.49667603182e-05, 1.00051202025e-05], "dmean2": [0.000106585852336, 0.00128258741461, 0.00168001593556, 0.00159168697428, 0.00280023110099, 0.00153226603288, 0.00130182912108, 0.00152717530727, 0.0016195239732, 0.00119904510211, 0.000371362286387, 0.000455368717667, 0.000308172486257, 0.000381265970645, 0.000190375212696, 0.000124581900309, 0.000115417562483, 5.12267979502e-05, 4.37524431618e-05, 4.89684352942e-05, 2.20453348447e-05, 1.52022730617e-05, 1.72235995706e-05, 2.06413697015e-05, 2.17488995986e-05, 2.19930461753e-05, 1.44138466567e-05], "dvar": [1.3684218203e-08, 2.07206994673e-06, 4.59196098745e-06, 3.24879420077e-06, 1.10135306386e-05, 4.32814340456e-06, 5.12406450071e-06, 1.163847719e-05, 1.16336286737e-05, 7.30089413992e-06, 6.53739448353e-07, 1.30769615225e-06, 4.01611373491e-07, 6.49193509616e-07, 2.18189910584e-07, 4.38927436619e-08, 2.59777195311e-08, 4.96267160699e-09, 8.92710172451e-09, 1.35768223331e-08, 1.97513161382e-09, 9.98381266548e-10, 2.6991504587e-09, 5.0468740298e-09, 5.2681254914e-09, 6.30517327238e-09, 3.33383165518e-09], "dvar2": [3.38156525004e-08, 5.64129231861e-06, 1.21478860819e-05, 8.98509733815e-06, 2.89829695248e-05, 1.00356828625e-05, 1.06595925899e-05, 2.38032789639e-05, 2.35688439716e-05, 1.6745278117e-05, 1.29260081394e-06, 2.71315775535e-06, 9.46940929225e-07, 1.34550543862e-06, 5.56996553769e-07, 1.06005103362e-07, 6.75768063729e-08, 1.20208998311e-08, 1.9519642791e-08, 2.36616433114e-08, 3.8689593751e-09, 2.12570716585e-09, 5.8827995808e-09, 1.17679022082e-08, 1.12163993649e-08, 1.12965823362e-08, 6.54231468999e-09], "max": [0.0017580378335, 0.0236948691308, 0.0364840254188, 0.0317270681262, 0.0554283969104, 0.0435956120491, 0.0883859694004, 0.146078035235, 0.0829981192946, 0.108916379511, 0.0390162989497, 0.0582641027868, 0.0176931731403, 0.0205135010183, 0.0201867707074, 0.0068613528274, 0.00299866800196, 0.00216900859959, 0.00364359049127, 0.00343472557142, 0.00165100081358, 0.000921021564864, 0.00173984677531, 0.00168774521444, 0.00193401833531, 0.00227306014858, 0.00180327857379], "mean": [0.00011151873332, 0.00202652579173, 0.00273673748598, 0.00208729831502, 0.00363337970339, 0.00199475488625, 0.001657752553, 0.00219039665535, 0.00198704539798, 0.0017991589848, 0.000373477698304, 0.00052828079788, 0.00031802081503, 0.000439433613792, 0.000185796161531, 0.000137726950925, 0.000119836869999, 5.63121393498e-05, 5.74415535084e-05, 8.93057585927e-05, 3.02035405184e-05, 1.67101006809e-05, 1.62442192959e-05, 1.77744896064e-05, 1.91607832676e-05, 2.26678857871e-05, 1.4730852854e-05], "median": [6.03667940595e-05, 0.00190640601795, 0.00238333502784, 0.00137246423401, 0.00239763408899, 0.00079428072786, 0.000509479315951, 0.000259290158283, 0.000294876896078, 0.000143588535138, 7.40813120501e-05, 7.66121083871e-05, 7.98667024355e-05, 6.51945010759e-05, 5.29455137439e-05, 3.33773205057e-05, 3.8971164031e-05, 1.89602214959e-05, 1.03992115328e-05, 6.07365109317e-06, 2.78992934e-06, 2.07898619919e-06, 1.85478245385e-06, 1.34173671995e-06, 1.48428910052e-06, 1.60376612257e-06, 1.12466682367e-06], "min": [7.96577779254e-24, 5.62771350301e-23, 2.1728392662e-24, 5.44307082627e-24, 3.86429004894e-23, 1.67172547358e-23, 2.62699074919e-23, 4.32798879992e-23, 7.31638639096e-23, 7.75323673434e-23, 5.33597128324e-23, 5.49403313401e-23, 2.01442700342e-23, 9.97067109638e-23, 7.6838327519e-23, 7.86396061991e-23, 1.03840316864e-22, 7.95981163752e-23, 2.37543386124e-22, 2.35874459371e-22, 4.70627145913e-22, 6.14515627461e-22, 4.72221831388e-22, 8.0742016437e-22, 1.19696649513e-21, 1.48224878974e-21, 2.43578295742e-21], "var": [2.04413410643e-08, 3.02480066239e-06, 7.40150926504e-06, 5.78764638703e-06, 1.76758167072e-05, 1.19106025522e-05, 1.8190663468e-05, 8.05896052043e-05, 3.56746495527e-05, 4.88866935484e-05, 1.85739713743e-06, 4.13029329138e-06, 6.29814280728e-07, 1.81525115295e-06, 2.91738643909e-07, 1.00605092257e-07, 5.01960606414e-08, 1.15522986732e-08, 2.56119161435e-08, 9.05475872059e-08, 9.20126907999e-09, 2.0371597742e-09, 4.09330525031e-09, 7.30010585315e-09, 9.17971032521e-09, 1.41757015015e-08, 6.15152728756e-09]}, "barkbands_crest": {"dmean": 2.04470610619, "dmean2": 3.29460716248, "dvar": 4.48096704483, "dvar2": 10.9069766998, "max": 26.0258636475, "mean": 9.731092453, "median": 8.82025432587, "min": 2.40599298477, "var": 15.1346549988}, "barkbands_flatness_db": {"dmean": 0.0199750177562, "dmean2": 0.0285820718855, "dvar": 0.000497799657751, "dvar2": 0.00100212928373, "max": 0.448237359524, "mean": 0.183760911226, "median": 0.175476491451, "min": 0.02577185072, "var": 0.00397023232654}, "barkbands_kurtosis": {"dmean": 3.3437962532, "dmean2": 5.22858047485, "dvar": 32.9405517578, "dvar2": 72.8603057861, "max": 158.516830444, "mean": 7.61878156662, "median": 4.43982601166, "min": -1.89330589771, "var": 111.191215515}, "barkbands_skewness": {"dmean": 0.474075973034, "dmean2": 0.726264536381, "dvar": 0.284696251154, "dvar2": 0.654683411121, "max": 9.4778137207, "mean": 1.69667673111, "median": 1.64287734032, "min": -2.4311273098, "var": 1.34839057922}, "barkbands_spread": {"dmean": 3.3002178669, "dmean2": 5.01055860519, "dvar": 44.0423088074, "dvar2": 89.4040756226, "max": 119.454574585, "mean": 12.2511034012, "median": 9.32416343689, "min": 0.665540516376, "var": 162.360595703}, "dissonance": {"dmean": 0.0292769540101, "dmean2": 0.0491787008941, "dvar": 0.000748346443288, "dvar2": 0.00198742304929, "max": 0.500000178814, "mean": 0.439543545246, "median": 0.448531627655, "min": 0.20509532094, "var": 0.00190994434524}, "dynamic_complexity": 5.1626534462, "erbbands": {"dmean": [0.0195438209921, 0.197958275676, 0.964860796928, 2.28227233887, 4.06324005127, 7.547539711, 5.94023132324, 8.9947681427, 11.500585556, 15.4222917557, 20.8844623566, 22.1925964355, 29.1728057861, 14.2366342545, 9.89673709869, 9.89587497711, 8.52139091492, 9.20329666138, 9.84703540802, 4.970515728, 4.19720745087, 3.94910049438, 2.02737116814, 1.32521951199, 1.48397266865, 1.49571812153, 0.885556459427, 0.398013502359, 0.352864474058, 0.357819765806, 0.32064974308, 0.286968439817, 0.226097688079, 0.141166225076, 0.115020684898, 0.0669018402696, 0.0273891240358, 0.00971918553114, 0.00182461272925, 9.21873506741e-05], "dmean2": [0.0318592712283, 0.335872977972, 1.55584442616, 3.74254655838, 6.5409822464, 12.332482338, 9.31041431427, 13.7997198105, 18.0525035858, 22.9045581818, 30.9631290436, 33.4044647217, 43.0758590698, 21.3860683441, 14.716835022, 15.1824903488, 13.1101036072, 13.8533639908, 15.0748128891, 7.79024648666, 6.58907222748, 6.35185575485, 3.20698785782, 2.04147863388, 2.16633892059, 2.1287484169, 1.25308954716, 0.58745187521, 0.529376864433, 0.538486301899, 0.4856518507, 0.430473387241, 0.350165039301, 0.216555908322, 0.177628308535, 0.100660197437, 0.0394623652101, 0.0139682022855, 0.0026577769313, 0.000139354204293], "dvar": [0.00124792335555, 0.150069475174, 4.05653619766, 18.9004478455, 48.5804786682, 280.194641113, 127.581520081, 418.809387207, 841.116516113, 2576.51293945, 4028.95336914, 6018.79736328, 9475.49609375, 1776.56103516, 994.532653809, 1368.31298828, 687.951416016, 962.263916016, 1288.94995117, 173.141326904, 109.879058838, 78.2042388916, 18.281545639, 9.40489578247, 30.5146350861, 26.8875713348, 8.04921722412, 1.09518277645, 1.17140328884, 1.69727635384, 2.43703222275, 2.0240380764, 1.60576415062, 0.572611153126, 0.359318643808, 0.122877083719, 0.02141777426, 0.0027352089528, 0.000112463741971, 2.74912451914e-07], "dvar2": [0.00326938810758, 0.41548627615, 10.7015228271, 51.7893829346, 128.456130981, 739.579467773, 314.671539307, 959.307861328, 1903.27050781, 5007.75732422, 8184.29052734, 12471.4824219, 20151.6601563, 3792.75048828, 1869.5645752, 3031.45532227, 1605.73864746, 1970.81958008, 2958.82006836, 422.588256836, 258.094421387, 203.798171997, 43.4696807861, 19.3765716553, 62.4194488525, 47.4057312012, 15.2115697861, 2.31986284256, 2.5256485939, 3.61463522911, 5.44068861008, 4.60976409912, 3.80202436447, 1.29894971848, 0.736776649952, 0.231633156538, 0.0386137589812, 0.00498211570084, 0.000224089482799, 5.9213584791e-07], "max": [0.453652918339, 6.50393247604, 25.7605819702, 88.165397644, 108.053779602, 291.571289063, 277.313323975, 438.521270752, 944.991821289, 2325.95336914, 2329.76000977, 2178.58911133, 3965.35693359, 1006.40661621, 2418.49047852, 1120.4465332, 822.95526123, 763.006958008, 1265.64282227, 359.192321777, 294.787658691, 185.744689941, 122.114021301, 99.0224380493, 240.694580078, 156.181015015, 120.34992981, 28.0788459778, 30.7942657471, 41.7566757202, 55.1138458252, 33.0621986389, 33.7315177917, 21.6638317108, 17.5296268463, 13.5291376114, 4.67626142502, 1.51059472561, 0.335548132658, 0.0138810100034], "mean": [0.055421654135, 0.49686974287, 2.60858821869, 5.30799150467, 9.28068733215, 14.3749504089, 12.1438837051, 18.2087688446, 23.6492767334, 32.782459259, 43.9856147766, 41.0796394348, 66.0367355347, 30.0951728821, 18.4156646729, 18.2017192841, 15.5908327103, 16.8038406372, 17.5038070679, 9.17873668671, 7.61832904816, 7.05953502655, 3.84886884689, 2.82142949104, 3.57497119904, 3.91712927818, 2.11754584312, 0.712040543556, 0.597581088543, 0.542198956013, 0.446152597666, 0.376210778952, 0.288955688477, 0.185815498233, 0.153074890375, 0.0942494645715, 0.0408478416502, 0.0143224010244, 0.00259314244613, 0.000153797242092], "median": [0.0575317367911, 0.455830901861, 2.32580566406, 4.12894487381, 6.42042160034, 7.76597261429, 6.10797691345, 6.64786911011, 7.95579957962, 7.95639419556, 7.60570430756, 7.07740879059, 6.13000917435, 5.29465246201, 3.94942855835, 3.36309814453, 4.03583145142, 3.10092878342, 3.23133087158, 2.87743234634, 2.13479590416, 2.58403682709, 1.5049405098, 0.7653632164, 0.407904267311, 0.301779001951, 0.162442594767, 0.0821464210749, 0.0711011514068, 0.0726893246174, 0.0458350144327, 0.0274424459785, 0.021821077913, 0.0147825684398, 0.0106696747243, 0.00581618957222, 0.002894571051, 0.000948364147916, 0.000189868180314, 3.59287587344e-05], "min": [7.48399636169e-22, 6.9193666318e-21, 7.85733451647e-21, 1.07716897239e-20, 4.28126906943e-20, 1.30519885352e-19, 1.91507498325e-19, 1.17906983673e-19, 2.91441320703e-19, 5.33583865969e-19, 9.29852027942e-19, 2.09265693474e-18, 1.55458390789e-18, 2.42554501891e-18, 2.86263345844e-18, 2.17822856231e-18, 1.32271422204e-18, 5.16731498215e-18, 3.48808209038e-18, 5.31966469378e-18, 6.51853312432e-18, 5.33054666833e-18, 4.88918253221e-18, 7.52544602191e-18, 1.27814310434e-17, 1.21645602744e-17, 1.83934445267e-17, 1.95265512714e-17, 1.77712061827e-17, 1.53150802966e-17, 1.60528559198e-17, 1.89173856898e-17, 1.20108304119e-17, 1.35874077081e-17, 8.15752037056e-18, 4.50513953101e-18, 3.43306961657e-18, 1.26154328517e-18, 2.75619035795e-19, 3.41221599266e-20], "var": [0.00208527524956, 0.194945290685, 6.22351646423, 30.0873374939, 101.635757446, 413.975494385, 368.294158936, 1062.16540527, 3472.42382813, 12275.9306641, 22432.4941406, 16552.5800781, 56182.1953125, 7277.93408203, 5646.72753906, 3178.90576172, 1259.47973633, 2239.07885742, 2969.171875, 361.02532959, 272.664031982, 161.700241089, 44.5340156555, 36.5778045654, 118.9141922, 167.905563354, 48.8505516052, 3.00303339958, 2.66091704369, 2.69070839882, 3.51765441895, 2.90400958061, 2.26459574699, 0.871995568275, 0.6536693573, 0.256295204163, 0.0475854054093, 0.0058081089519, 0.000197419314645, 4.56000691429e-07]}, "erbbands_crest": {"dmean": 2.62169003487, "dmean2": 4.12486028671, "dvar": 6.97373867035, "dvar2": 16.1057910919, "max": 31.5095100403, "mean": 10.514128685, "median": 9.12294769287, "min": 2.26374840736, "var": 27.7261772156}, "erbbands_flatness_db": {"dmean": 0.0191022660583, "dmean2": 0.0270145032555, "dvar": 0.000418213749072, "dvar2": 0.000782129063737, "max": 0.376159548759, "mean": 0.186801746488, "median": 0.188564866781, "min": 0.0232504718006, "var": 0.00252976338379}, "erbbands_kurtosis": {"dmean": 1.55479001999, "dmean2": 2.42060089111, "dvar": 6.7724814415, "dvar2": 15.2963266373, "max": 61.6729774475, "mean": 2.2078127861, "median": 0.709715127945, "min": -1.76485443115, "var": 23.5830554962}, "erbbands_skewness": {"dmean": 0.382751613855, "dmean2": 0.586245000362, "dvar": 0.150831103325, "dvar2": 0.346859484911, "max": 5.79325532913, "mean": 0.851100981236, "median": 0.758628964424, "min": -2.70387244225, "var": 0.796486377716}, "erbbands_spread": {"dmean": 6.09449625015, "dmean2": 9.14395141602, "dvar": 81.4022674561, "dvar2": 163.642303467, "max": 151.151535034, "mean": 26.277097702, "median": 23.5922851563, "min": 1.30708789825, "var": 268.384002686}, "gfcc": {"cov": [[16497.53125, 553.435791016, -1573.3013916, -93.1616897583, -842.417541504, -8.78981876373, -84.0114974976, -25.4766559601, -320.155670166, 59.4768714905, -245.09979248, -110.478004456, -137.269058228], [553.435791016, 1662.55639648, -49.2133255005, -110.654243469, 385.457733154, -196.274780273, -26.684211731, -72.3249740601, 73.8864135742, -146.497314453, 25.8457241058, -51.7372817993, -4.49217653275], [-1573.3013916, -49.2133255005, 1134.07678223, 53.0724754333, 50.5585670471, 106.505905151, -107.871421814, 0.564910471439, 81.4333953857, -31.2769756317, -19.6104393005, 31.2945175171, -17.0605831146], [-93.1616897583, -110.654243469, 53.0724754333, 459.306762695, 50.8232955933, 2.94127964973, -12.1676254272, -19.6888885498, -16.4657897949, 14.8299589157, -3.1578412056, -11.8183326721, 20.8536567688], [-842.417541504, 385.457733154, 50.5585670471, 50.8232955933, 373.364654541, -36.2173156738, 7.09398841858, -13.4869279861, 40.8054428101, -33.703414917, 25.1568145752, -5.01387071609, 16.2701950073], [-8.78981876373, -196.274780273, 106.505905151, 2.94127964973, -36.2173156738, 221.157775879, 42.7982597351, 12.8340501785, 1.10941624641, 11.2131242752, -12.6958713531, -0.579315841198, -16.2712440491], [-84.0114974976, -26.684211731, -107.871421814, -12.1676254272, 7.09398841858, 42.7982597351, 211.912506104, 13.9758234024, -24.9521789551, 21.5231628418, 0.947028636932, -26.8594436646, 2.07301616669], [-25.4766559601, -72.3249740601, 0.564910471439, -19.6888885498, -13.4869279861, 12.8340501785, 13.9758234024, 127.080200195, 31.8326931, -1.16377270222, -4.02367305756, -0.780688166618, -5.84224033356], [-320.155670166, 73.8864135742, 81.4333953857, -16.4657897949, 40.8054428101, 1.10941624641, -24.9521789551, 31.8326931, 152.582550049, -2.84035515785, -10.4696054459, 0.0932921543717, -17.4221439362], [59.4768714905, -146.497314453, -31.2769756317, 14.8299589157, -33.703414917, 11.2131242752, 21.5231628418, -1.16377270222, -2.84035515785, 112.546180725, 17.6642208099, -11.1946334839, 2.84064269066], [-245.09979248, 25.8457241058, -19.6104393005, -3.1578412056, 25.1568145752, -12.6958713531, 0.947028636932, -4.02367305756, -10.4696054459, 17.6642208099, 84.6105575562, 13.5019702911, -2.09828209877], [-110.478004456, -51.7372817993, 31.2945175171, -11.8183326721, -5.01387071609, -0.579315841198, -26.8594436646, -0.780688166618, 0.0932921543717, -11.1946334839, 13.5019702911, 77.8504257202, 11.5610170364], [-137.269058228, -4.49217653275, -17.0605831146, 20.8536567688, 16.2701950073, -16.2712440491, 2.07301616669, -5.84224033356, -17.4221439362, 2.84064269066, -2.09828209877, 11.5610170364, 73.7775650024]], "icov": [[0.000107055333501, -0.000155816276674, 0.000148493709275, -5.88913680986e-05, 0.000292925222311, -0.000135180074722, 0.000152150329086, -8.64044559421e-05, 0.000226291900617, -0.000203818170121, 0.000364867330063, -7.61175542721e-05, 0.000218742265133], [-0.000155816276674, 0.00133670156356, -0.000181435840204, 0.000436825095676, -0.00134549592622, 0.000907280889805, -0.000248668453423, 0.00075663352618, -0.000735786685254, 0.00150839448906, -0.000890587980393, 0.00105515681207, -0.000232727092225], [0.000148493709275, -0.000181435840204, 0.00126007688232, -0.000184467324289, 0.000224158342462, -0.000798151188064, 0.000763521937188, -1.87916775758e-05, -0.000128979692818, -9.008795314e-05, 0.000644963700324, -0.000357864511898, 0.000407790910685], [-5.88913680986e-05, 0.000436825095676, -0.000184467324289, 0.00245594419539, -0.00082049932098, 0.000196457607672, 0.000149925297592, 0.000441997253802, 9.56550065894e-05, 4.86405406264e-05, -0.000102147299913, 0.000782519869972, -0.000669568951707], [0.000292925222311, -0.00134549592622, 0.000224158342462, -0.00082049932098, 0.00478326575831, -0.000495684565976, -7.5136864325e-05, -0.00023713716655, -0.000244735303568, -0.000248605938395, -0.000157499176566, -0.000361355021596, -0.000430078420322], [-0.000135180074722, 0.000907280889805, -0.000798151188064, 0.000196457607672, -0.000495684565976, 0.00597173953429, -0.00162647059187, 0.000190018457943, -0.000372733920813, 0.000546241411939, 6.36134500382e-05, 0.000146307196701, 0.000920560443774], [0.000152150329086, -0.000248668453423, 0.000763521937188, 0.000149925297592, -7.5136864325e-05, -0.00162647059187, 0.00599353248253, -0.000895579287317, 0.00125179335009, -0.00111707532778, 0.000503709365148, 0.0015696764458, -7.23658304196e-05], [-8.64044559421e-05, 0.00075663352618, -1.87916775758e-05, 0.000441997253802, -0.00023713716655, 0.000190018457943, -0.000895579287317, 0.00901807192713, -0.00248974654824, 0.00122605846263, -0.000582662818488, 0.000524239672814, -0.000144353267387], [0.000226291900617, -0.000735786685254, -0.000128979692818, 9.56550065894e-05, -0.000244735303568, -0.000372733920813, 0.00125179335009, -0.00248974654824, 0.00865365751088, -0.00170702347532, 0.00233920197934, -0.000723305973224, 0.00234791566618], [-0.000203818170121, 0.00150839448906, -9.008795314e-05, 4.86405406264e-05, -0.000248605938395, 0.000546241411939, -0.00111707532778, 0.00122605846263, -0.00170702347532, 0.011955017224, -0.00406851572916, 0.00301680364646, -0.00147003843449], [0.000364867330063, -0.000890587980393, 0.000644963700324, -0.000102147299913, -0.000157499176566, 6.36134500382e-05, 0.000503709365148, -0.000582662818488, 0.00233920197934, -0.00406851572916, 0.0151203805581, -0.00377530814148, 0.00252179126255], [-7.61175542721e-05, 0.00105515681207, -0.000357864511898, 0.000782519869972, -0.000361355021596, 0.000146307196701, 0.0015696764458, 0.000524239672814, -0.000723305973224, 0.00301680364646, -0.00377530814148, 0.0157812610269, -0.00313922017813], [0.000218742265133, -0.000232727092225, 0.000407790910685, -0.000669568951707, -0.000430078420322, 0.000920560443774, -7.23658304196e-05, -0.000144353267387, 0.00234791566618, -0.00147003843449, 0.00252179126255, -0.00313922017813, 0.015693789348]], "mean": [-76.3377609253, 129.841522217, -84.1875762939, 0.0741471797228, -33.971660614, -2.67092609406, -32.6294250488, 3.33524942398, -18.1847667694, -2.43079185486, -17.9652442932, -1.37778258324, -12.3049268723]}, "hfc": {"dmean": 3.2515771389, "dmean2": 4.81520843506, "dvar": 27.963596344, "dvar2": 59.4232254028, "max": 103.08997345, "mean": 12.1877641678, "median": 6.17237949371, "min": 1.19177575383e-16, "var": 208.740036011}, "melbands": {"dmean": [0.000184287215234, 0.000405936356401, 0.000425079226261, 0.000410042208387, 0.000227763448493, 0.000199815243832, 0.000170205443283, 0.000189932863577, 0.000168211990967, 0.000146716323798, 0.000149363229866, 6.72796159051e-05, 3.46466695191e-05, 3.15474571835e-05, 2.71388307738e-05, 1.66222707776e-05, 1.9033683202e-05, 2.02185219678e-05, 7.64520973462e-06, 5.77881519348e-06, 4.88949626742e-06, 4.52080121249e-06, 3.03917522615e-06, 1.51627875766e-06, 1.09675602289e-06, 1.15098805509e-06, 1.30153591726e-06, 1.08195649773e-06, 6.45502097996e-07, 3.64466046676e-07, 2.16441108591e-07, 2.0689802227e-07, 2.08023237747e-07, 2.10820545021e-07, 1.9587820077e-07, 1.79642398734e-07, 1.82421345585e-07, 1.69536335193e-07, 1.37390543387e-07, 1.19307713931e-07], "dmean2": [0.000302886066493, 0.000664719322231, 0.000686875369865, 0.000666470266879, 0.000359447731171, 0.000307334965328, 0.000264710542979, 0.000279723433778, 0.000250648328802, 0.000219325593207, 0.000221555819735, 0.000101119519968, 5.24339739059e-05, 4.89374542667e-05, 4.23800083809e-05, 2.53590387729e-05, 2.88870924123e-05, 3.0918057746e-05, 1.20348095152e-05, 9.00913437363e-06, 7.71516806708e-06, 7.31155205358e-06, 4.90009688292e-06, 2.38194706981e-06, 1.71589078946e-06, 1.74734179836e-06, 1.92482821149e-06, 1.54014401232e-06, 9.27041980958e-07, 5.4089355217e-07, 3.23395710211e-07, 3.16280619472e-07, 3.16094116215e-07, 3.22664192254e-07, 2.98009950939e-07, 2.75414748785e-07, 2.75924634252e-07, 2.64161513996e-07, 2.11475878586e-07, 1.85544479336e-07], "dvar": [1.14129896644e-07, 7.04342994595e-07, 5.69736357647e-07, 6.61452588702e-07, 1.76208018843e-07, 1.92495647866e-07, 1.71937372784e-07, 3.77976618893e-07, 2.27647106499e-07, 2.5536851922e-07, 2.42891871949e-07, 4.32899156522e-08, 1.10912630191e-08, 1.70458331894e-08, 8.16672507398e-09, 3.45461992346e-09, 4.44590231297e-09, 5.25957810638e-09, 6.14293338419e-10, 2.64465782607e-10, 1.6581806761e-10, 1.21553711541e-10, 4.97927254983e-11, 1.66101334076e-11, 6.99654483655e-12, 1.82110212327e-11, 2.34899617119e-11, 1.52741066323e-11, 4.64630374106e-12, 1.06116905627e-12, 3.79686787653e-13, 4.15367962464e-13, 4.53912732054e-13, 6.7403645599e-13, 9.31447518941e-13, 8.02954220041e-13, 8.56580268955e-13, 9.61923683068e-13, 6.11497018386e-13, 3.79392914654e-13], "dvar2": [3.03997239826e-07, 1.86182171547e-06, 1.52245115714e-06, 1.7519814719e-06, 4.45890748324e-07, 4.42688502744e-07, 3.89464815953e-07, 7.62855336234e-07, 4.64041477244e-07, 5.25141274466e-07, 5.2301766118e-07, 9.21568883427e-08, 2.17677431635e-08, 3.5511067864e-08, 1.88342124119e-08, 7.89875365115e-09, 9.25554033415e-09, 1.16875416012e-08, 1.49090506607e-09, 6.40531461205e-10, 3.83902160062e-10, 3.20385162844e-10, 1.29815755368e-10, 3.94132192161e-11, 1.48159141206e-11, 3.74871730879e-11, 4.62450598648e-11, 2.75221651025e-11, 8.71327142382e-12, 2.24265332867e-12, 8.17627270142e-13, 9.2009332011e-13, 9.73886227738e-13, 1.49256355973e-12, 2.11068467391e-12, 1.84353617441e-12, 1.96604321365e-12, 2.3340869168e-12, 1.42232514828e-12, 8.75783983095e-13], "max": [0.00492261070758, 0.01007893309, 0.0142645929009, 0.013985437341, 0.00715992599726, 0.00895028654486, 0.0121432607993, 0.0222773104906, 0.015262901783, 0.0144347138703, 0.0192458890378, 0.00510614365339, 0.00600200099871, 0.0068026566878, 0.00221071694978, 0.00225876015611, 0.00157189765014, 0.00215891003609, 0.000678050972056, 0.000683813646901, 0.000412438501371, 0.000260618748143, 0.000175943598151, 0.00013144632976, 8.53554447531e-05, 0.000170605868334, 0.000153488479555, 0.000123782403534, 8.69211580721e-05, 3.68629480363e-05, 1.61564948939e-05, 1.68252245203e-05, 2.07285702345e-05, 2.38526354224e-05, 3.65187952411e-05, 2.22808175749e-05, 2.8052543712e-05, 2.79712858173e-05, 2.50188786595e-05, 1.67819889612e-05], "mean": [0.000528079632204, 0.00113577127922, 0.00107680505607, 0.000857301405631, 0.000483052805066, 0.000413476896938, 0.000344305241015, 0.000416865281295, 0.000341113569448, 0.000265299662715, 0.000339964986779, 0.000139488431159, 5.87141039432e-05, 5.50014374312e-05, 4.79201116832e-05, 2.75458623946e-05, 3.27573361574e-05, 3.42766070389e-05, 1.21978800962e-05, 1.04569462565e-05, 8.09146968095e-06, 7.4502922871e-06, 5.03160299559e-06, 2.6896698273e-06, 2.16545913645e-06, 2.37124368141e-06, 3.13422424369e-06, 2.54121641774e-06, 1.52144730237e-06, 6.50634092381e-07, 3.38419397394e-07, 3.37686088869e-07, 3.12588156248e-07, 3.01506446476e-07, 2.61737170604e-07, 2.32465197314e-07, 2.29345488378e-07, 2.08722667594e-07, 1.69544335904e-07, 1.51390977976e-07], "median": [0.000527646392584, 0.00104787794407, 0.000827468000352, 0.00058352551423, 0.00025539851049, 0.000154143534019, 0.000115476170322, 7.68880126998e-05, 5.82200227655e-05, 3.72478898498e-05, 2.75774527836e-05, 2.06603945117e-05, 1.23912668641e-05, 7.88434044807e-06, 9.02359897736e-06, 6.82946483721e-06, 5.39579832548e-06, 4.93325160278e-06, 3.49454103343e-06, 3.05134767586e-06, 1.90659272903e-06, 2.4327337087e-06, 1.51595349962e-06, 7.7425966083e-07, 5.20322714692e-07, 3.18874185723e-07, 1.95007118009e-07, 1.63670861753e-07, 1.04861129557e-07, 5.54248380524e-08, 3.74545869875e-08, 3.5881129179e-08, 3.79630549219e-08, 3.86965375299e-08, 2.58591654756e-08, 1.7247351991e-08, 1.365650526e-08, 1.43493057436e-08, 1.20862324593e-08, 1.08584039538e-08], "min": [1.24850238679e-23, 5.12955423113e-24, 2.66184901375e-24, 5.60392982003e-24, 7.62862810798e-24, 3.17866946087e-24, 4.8432115276e-24, 6.56577214455e-24, 7.05782728962e-24, 1.29898767034e-23, 7.94753065094e-24, 1.02359530281e-23, 9.63770221684e-24, 6.07220475312e-24, 3.86434795133e-24, 4.10997359924e-24, 9.48304840296e-24, 6.011286153e-24, 5.80501874781e-24, 6.62468585467e-24, 7.95213444319e-24, 5.71233705778e-24, 5.08515556167e-24, 3.65548085503e-24, 5.86875437022e-24, 1.06899046137e-23, 6.50763980115e-24, 7.55990570136e-24, 9.41949619071e-24, 1.21214512873e-23, 1.11046340352e-23, 9.65610791948e-24, 1.07828829155e-23, 6.09552032603e-24, 9.18539461734e-24, 1.06945375938e-23, 1.04371480577e-23, 7.81580507927e-24, 1.12186149696e-23, 1.0569567827e-23], "var": [1.83293025202e-07, 1.04736272988e-06, 1.12940449526e-06, 9.68687800196e-07, 4.62133328938e-07, 5.2798645811e-07, 6.56748341044e-07, 2.3261716251e-06, 1.12092914151e-06, 7.12751841547e-07, 1.50432504142e-06, 1.93463719711e-07, 4.6695493694e-08, 5.8502905631e-08, 1.88823960912e-08, 5.59824009372e-09, 9.80729009115e-09, 1.34607640589e-08, 1.00106190004e-09, 5.96582450108e-10, 3.97463562063e-10, 2.20009468976e-10, 8.86628895302e-11, 4.11499376241e-11, 2.49176668882e-11, 5.53940504577e-11, 1.25509380666e-10, 7.98298788185e-11, 2.7767455002e-11, 3.75646345627e-12, 8.32639241843e-13, 9.30709827783e-13, 7.82904286106e-13, 9.81833104402e-13, 1.28835321318e-12, 1.1124843451e-12, 1.2120670136e-12, 1.27270665794e-12, 8.5816981776e-13, 5.65849016948e-13]}, "melbands_crest": {"dmean": 2.36823868752, "dmean2": 3.84653401375, "dvar": 5.69169950485, "dvar2": 14.7211103439, "max": 35.6698989868, "mean": 12.7057113647, "median": 12.1540279388, "min": 2.54843616486, "var": 18.3656539917}, "melbands_flatness_db": {"dmean": 0.0238755494356, "dmean2": 0.0336959585547, "dvar": 0.000784058531281, "dvar2": 0.00154204550199, "max": 0.612072825432, "mean": 0.293342918158, "median": 0.281966030598, "min": 0.0072003393434, "var": 0.00688956864178}, "melbands_kurtosis": {"dmean": 4.99825382233, "dmean2": 7.89661312103, "dvar": 71.8666763306, "dvar2": 165.457885742, "max": 195.64642334, "mean": 11.9118967056, "median": 7.77118587494, "min": -1.84176242352, "var": 222.669113159}, "melbands_skewness": {"dmean": 0.570698142052, "dmean2": 0.87191838026, "dvar": 0.412087321281, "dvar2": 0.917098939419, "max": 11.9019985199, "mean": 2.18402171135, "median": 2.14425849915, "min": -1.94959867001, "var": 2.0300385952}, "melbands_spread": {"dmean": 3.14762401581, "dmean2": 4.8104801178, "dvar": 31.7727165222, "dvar2": 61.5151901245, "max": 192.998123169, "mean": 12.486954689, "median": 10.1546173096, "min": 0.821755230427, "var": 115.233406067}, "mfcc": {"cov": [[11814.2207031, 213.336471558, -1128.45007324, -38.8891143799, -723.565979004, -28.9395961761, 45.6497840881, -75.9772033691, -103.737037659, 122.15071106, -101.2292099, -65.4247589111, 26.2538585663], [213.336471558, 1933.20556641, -159.835891724, 64.291519165, 295.945678711, -48.8766937256, -27.3854293823, 62.4141311646, 17.0643596649, -67.412322998, 33.0395851135, 16.8308372498, -1.50010073185], [-1128.45007324, -159.835891724, 934.483215332, -15.8895378113, 148.915145874, 60.2210617065, -64.4301376343, 34.4596252441, 28.6164989471, -22.237247467, 4.74371528625, 21.0956802368, -19.1934318542], [-38.8891143799, 64.291519165, -15.8895378113, 402.858062744, 95.7893600464, 28.6065444946, 22.3878612518, -30.1271247864, -2.35905098915, 6.12798833847, -35.9948616028, -15.1136713028, 5.02228927612], [-723.565979004, 295.945678711, 148.915145874, 95.7893600464, 363.367095947, 17.632856369, -58.9121131897, 37.3552474976, 17.5429515839, -36.5988883972, 10.4131879807, 23.0234622955, 0.688520252705], [-28.9395961761, -48.8766937256, 60.2210617065, 28.6065444946, 17.632856369, 189.783126831, 42.9175071716, -2.64682245255, 10.1236858368, 7.98132324219, 5.56826877594, -3.43836283684, -15.2253274918], [45.6497840881, -27.3854293823, -64.4301376343, 22.3878612518, -58.9121131897, 42.9175071716, 198.754608154, -7.16889047623, -5.81303787231, 12.8265867233, -5.26200819016, -4.71026325226, -9.87626934052], [-75.9772033691, 62.4141311646, 34.4596252441, -30.1271247864, 37.3552474976, -2.64682245255, -7.16889047623, 137.97718811, 27.6878051758, -6.87790155411, 18.5066108704, -0.998553454876, 4.16087436676], [-103.737037659, 17.0643596649, 28.6164989471, -2.35905098915, 17.5429515839, 10.1236858368, -5.81303787231, 27.6878051758, 119.103088379, 20.4471378326, 6.90452957153, 4.15568399429, -7.48940610886], [122.15071106, -67.412322998, -22.237247467, 6.12798833847, -36.5988883972, 7.98132324219, 12.8265867233, -6.87790155411, 20.4471378326, 128.651657104, 11.7803688049, -1.99297583103, 6.18681097031], [-101.2292099, 33.0395851135, 4.74371528625, -35.9948616028, 10.4131879807, 5.56826877594, -5.26200819016, 18.5066108704, 6.90452957153, 11.7803688049, 100.951461792, 16.8665008545, -1.35581409931], [-65.4247589111, 16.8308372498, 21.0956802368, -15.1136713028, 23.0234622955, -3.43836283684, -4.71026325226, -0.998553454876, 4.15568399429, -1.99297583103, 16.8665008545, 87.4606323242, 17.6615333557], [26.2538585663, -1.50010073185, -19.1934318542, 5.02228927612, 0.688520252705, -15.2253274918, -9.87626934052, 4.16087436676, -7.48940610886, 6.18681097031, -1.35581409931, 17.6615333557, 73.6684875488]], "icov": [[0.000110179942567, -4.26184051321e-05, 9.70333858277e-05, -2.71602330031e-05, 0.000232188554946, -6.83826001477e-05, 9.48656452238e-05, -4.26891783718e-05, 7.1738519182e-05, -7.25669742678e-05, 0.000110526736535, -2.44794573518e-05, 7.11558095645e-06], [-4.26184051321e-05, 0.000658423639834, 0.000163090749993, 1.77516758413e-05, -0.000675387389492, 0.000202985203941, -0.000116982373584, -0.000120858603623, -9.16106364457e-05, 0.000243915623287, -0.000209482910577, 1.92002698896e-05, 7.10274325684e-05], [9.70333858277e-05, 0.000163090749993, 0.00136136019137, 0.000125551028759, -0.000400366756367, -0.000431959546404, 0.000403938349336, -0.000231402998907, -8.45770045999e-05, 5.70858683204e-05, 0.000200908762054, -0.000261977984337, 0.000349670095602], [-2.71602330031e-05, 1.77516758413e-05, 0.000125551028759, 0.00297675700858, -0.0011482173577, -0.000291362928692, -0.000496552500408, 0.000760859868024, -4.73474574392e-05, -0.000349890324287, 0.000923585146666, 0.00063616677653, -0.000430163752753], [0.000232188554946, -0.000675387389492, -0.000400366756367, -0.0011482173577, 0.00468757841736, -0.000605925219133, 0.00128147844225, -0.000893900170922, -5.42062989553e-05, 0.000599590828642, -5.5023618188e-05, -0.000992921064608, 0.000111884750368], [-6.83826001477e-05, 0.000202985203941, -0.000431959546404, -0.000291362928692, -0.000605925219133, 0.00601337244734, -0.00149965134915, 0.000247256481089, -0.000429975363659, -0.000188497520867, -0.000587289687246, 0.000234414488659, 0.00087438855553], [9.48656452238e-05, -0.000116982373584, 0.000403938349336, -0.000496552500408, 0.00128147844225, -0.00149965134915, 0.00594405084848, -0.000343847175827, 0.000404613441788, -0.000351985101588, 0.000355146068614, -0.000422250974225, 0.000775753054768], [-4.26891783718e-05, -0.000120858603623, -0.000231402998907, 0.000760859868024, -0.000893900170922, 0.000247256481089, -0.000343847175827, 0.00836944859475, -0.00193530903198, 0.000611618219409, -0.00132939615287, 0.00108327844646, -0.0010910553392], [7.1738519182e-05, -9.16106364457e-05, -8.45770045999e-05, -4.73474574392e-05, -5.42062989553e-05, -0.000429975363659, 0.000404613441788, -0.00193530903198, 0.00941899884492, -0.001851015375, 0.000203005081858, -0.000714238907676, 0.00131694658194], [-7.25669742678e-05, 0.000243915623287, 5.70858683204e-05, -0.000349890324287, 0.000599590828642, -0.000188497520867, -0.000351985101588, 0.000611618219409, -0.001851015375, 0.00873259175569, -0.00144220900256, 0.000436433590949, -0.00110947445501], [0.000110526736535, -0.000209482910577, 0.000200908762054, 0.000923585146666, -5.5023618188e-05, -0.000587289687246, 0.000355146068614, -0.00132939615287, 0.000203005081858, -0.00144220900256, 0.0112284338102, -0.00214185984805, 0.000809464894701], [-2.44794573518e-05, 1.92002698896e-05, -0.000261977984337, 0.00063616677653, -0.000992921064608, 0.000234414488659, -0.000422250974225, 0.00108327844646, -0.000714238907676, 0.000436433590949, -0.00214185984805, 0.0129939178005, -0.00342646613717], [7.11558095645e-06, 7.10274325684e-05, 0.000349670095602, -0.000430163752753, 0.000111884750368, 0.00087438855553, 0.000775753054768, -0.0010910553392, 0.00131694658194, -0.00110947445501, 0.000809464894701, -0.00342646613717, 0.0151023874059]], "mean": [-736.503051758, 181.380249023, 6.2177233696, 16.5075359344, 10.902554512, 0.453541964293, -3.25985407829, 2.15349245071, 0.0359187833965, 1.00824260712, -1.5339782238, -3.06192493439, -2.66132640839]}, "pitch_salience": {"dmean": 0.0623295605183, "dmean2": 0.100906416774, "dvar": 0.00325817684643, "dvar2": 0.00805718172342, "max": 0.927378177643, "mean": 0.590417265892, "median": 0.605350971222, "min": 0.123177595437, "var": 0.0125905992463}, "silence_rate_20dB": {"dmean": 0, "dmean2": 0, "dvar": 0, "dvar2": 0, "max": 1, "mean": 1, "median": 1, "min": 1, "var": 0}, "silence_rate_30dB": {"dmean": 0.00244947941974, "dmean2": 0.00489955907688, "dvar": 0.00244329427369, "dvar2": 0.00536526367068, "max": 1, "mean": 0.994366884232, "median": 1, "min": 0, "var": 0.00560086825863}, "silence_rate_60dB": {"dmean": 0.0254745874554, "dmean2": 0.050955414772, "dvar": 0.0248291436583, "dvar2": 0.0542363673449, "max": 1, "mean": 0.121111929417, "median": 0, "min": 0, "var": 0.106448657811}, "spectral_centroid": {"dmean": 118.664413452, "dmean2": 178.303924561, "dvar": 42041.3203125, "dvar2": 71985.3046875, "max": 11407.7871094, "mean": 710.926513672, "median": 600.231567383, "min": 160.685699463, "var": 244949.015625}, "spectral_complexity": {"dmean": 2.03943657875, "dmean2": 3.15629601479, "dvar": 4.69881439209, "dvar2": 10.2834558487, "max": 39, "mean": 12.1173152924, "median": 12, "min": 0, "var": 48.1087379456}, "spectral_contrast_coeffs": {"dmean": [0.0402769558132, 0.0460180528462, 0.0388851687312, 0.0302456095815, 0.023356128484, 0.0170089937747], "dmean2": [0.0657077133656, 0.0741074755788, 0.061630975455, 0.0480743087828, 0.0363933965564, 0.0259565599263], "dvar": [0.00135553767905, 0.00149679859169, 0.00105126551352, 0.0006379064871, 0.000457841262687, 0.000297342427075], "dvar2": [0.00347537035123, 0.00367364287376, 0.00255820038728, 0.00153685337864, 0.00100347714033, 0.00061114563141], "max": [-0.2989115417, -0.331918984652, -0.426121860743, -0.49806702137, -0.608115911484, -0.587179005146], "mean": [-0.64690297842, -0.724029183388, -0.754050254822, -0.773076295853, -0.777388036251, -0.806845903397], "median": [-0.649574458599, -0.73096036911, -0.766066610813, -0.773753046989, -0.778608679771, -0.80981117487], "min": [-0.973566770554, -0.979575276375, -0.981479525566, -0.959806978703, -0.961860001087, -0.962262511253], "var": [0.00699555175379, 0.0069552087225, 0.00645585125312, 0.00360757741146, 0.0032993585337, 0.00224745739251]}, "spectral_contrast_valleys": {"dmean": [0.34076705575, 0.36973670125, 0.363540440798, 0.320281475782, 0.301277846098, 0.319260060787], "dmean2": [0.541340827942, 0.587740182877, 0.569406688213, 0.481345742941, 0.423603832722, 0.426828712225], "dvar": [0.150424093008, 0.134872063994, 0.161199599504, 0.13015986979, 0.145891398191, 0.201432809234], "dvar2": [0.286587953568, 0.274490892887, 0.321386039257, 0.231964200735, 0.247209817171, 0.345140904188], "max": [-5.57072496414, -4.7161564827, -5.00126504898, -5.97598600388, -6.44844102859, -8.16698741913], "mean": [-7.25161838531, -6.94972515106, -7.90069580078, -8.56746292114, -9.10168361664, -11.6438474655], "median": [-6.83712482452, -6.67218399048, -7.65855026245, -8.38788032532, -8.98030853271, -11.5808696747], "min": [-26.8070144653, -27.6626243591, -27.2083301544, -27.2604827881, -27.2076396942, -27.2371768951], "var": [1.85261905193, 1.84434437752, 1.89151716232, 1.75408244133, 1.690497756, 1.54356372356]}, "spectral_decrease": {"dmean": 1.46857181971e-09, "dmean2": 2.21590679139e-09, "dvar": 4.14533374893e-18, "dvar2": 9.1121571078e-18, "max": 1.00269717836e-22, "mean": -5.7129985187e-09, "median": -4.45346604039e-09, "min": -3.83809393156e-08, "var": 2.48357024996e-17}, "spectral_energy": {"dmean": 0.00576572678983, "dmean2": 0.00869560148567, "dvar": 6.39355930616e-05, "dvar2": 0.000140153628308, "max": 0.152500003576, "mean": 0.0226676557213, "median": 0.0175498891622, "min": 1.07079475413e-20, "var": 0.000397190218791}, "spectral_energyband_high": {"dmean": 8.87262576725e-05, "dmean2": 0.000127313061967, "dvar": 9.07690278495e-08, "dvar2": 1.81293643209e-07, "max": 0.00571116991341, "mean": 0.000178794449312, "median": 2.15063100768e-05, "min": 7.84684854818e-21, "var": 2.24289877337e-07}, "spectral_energyband_low": {"dmean": 0.00187160621863, "dmean2": 0.00300601916388, "dvar": 1.33187068059e-05, "dvar2": 3.41359263984e-05, "max": 0.0459441766143, "mean": 0.00572647340596, "median": 0.00540067302063, "min": 6.27467221533e-23, "var": 2.28801272897e-05}, "spectral_energyband_middle_high": {"dmean": 0.00129413546529, "dmean2": 0.00191365438513, "dvar": 9.10950438993e-06, "dvar2": 1.90476912394e-05, "max": 0.105602525175, "mean": 0.00381868891418, "median": 0.000970316817984, "min": 1.2556960157e-21, "var": 6.78847718518e-05}, "spectral_energyband_middle_low": {"dmean": 0.00453185336664, "dmean2": 0.00693365884945, "dvar": 4.49036197097e-05, "dvar2": 0.000100429737358, "max": 0.147397324443, "mean": 0.0140714468434, "median": 0.00966139696538, "min": 3.7731873429e-22, "var": 0.000234738909057}, "spectral_entropy": {"dmean": 0.196622937918, "dmean2": 0.276263952255, "dvar": 0.0551100112498, "dvar2": 0.102423377335, "max": 9.81504154205, "mean": 6.81511163712, "median": 6.84197187424, "min": 4.68073701859, "var": 0.369224846363}, "spectral_flux": {"dmean": 0.0202038399875, "dmean2": 0.0314770676196, "dvar": 0.000590711890254, "dvar2": 0.0013213964412, "max": 0.268754214048, "mean": 0.060247477144, "median": 0.050797469914, "min": 1.03479211311e-10, "var": 0.00178063753992}, "spectral_kurtosis": {"dmean": 4.73323106766, "dmean2": 7.55408096313, "dvar": 33.4670066833, "dvar2": 81.4407348633, "max": 115.837120056, "mean": 16.3468284607, "median": 12.7894926071, "min": -1.23356103897, "var": 162.545852661}, "spectral_rms": {"dmean": 0.00057826936245, "dmean2": 0.000851427903399, "dvar": 5.03501212279e-07, "dvar2": 1.02461899587e-06, "max": 0.0121975615621, "mean": 0.00421183090657, "median": 0.00413785502315, "min": 3.23214762246e-12, "var": 4.37524113295e-06}, "spectral_rolloff": {"dmean": 271.462280273, "dmean2": 462.836364746, "dvar": 996541.875, "dvar2": 2175471, "max": 19272.2167969, "mean": 836.498596191, "median": 559.86328125, "min": 43.06640625, "var": 1867150.75}, "spectral_skewness": {"dmean": 0.416244000196, "dmean2": 0.640435934067, "dvar": 0.201908916235, "dvar2": 0.448995888233, "max": 9.11329936981, "mean": 2.94735503197, "median": 2.75063848495, "min": -0.0250581167638, "var": 1.34602451324}, "spectral_spre