{"lowlevel": {"average_loudness": 0.862343847752, "barkbands": {"dmean": [0.000101768964669, 0.00207226863131, 0.00184636632912, 0.0012148427777, 0.00153935863636, 0.00161999103148, 0.00107050617225, 0.000978274154477, 0.00137633981649, 0.000608253700193, 0.000532480538823, 0.000607837631833, 0.000530029530637, 0.000333984819008, 0.000370419147657, 0.000383255828638, 0.000311100244289, 0.000278484338196, 0.000122127617942, 0.000165351098985, 0.000125269230921, 0.000104255639599, 0.000123405319755, 0.000172200947418, 0.000103782833321, 0.000129588966956, 3.8253965613e-05], "dmean2": [0.000170464641997, 0.0032360535115, 0.00290791434236, 0.00210829311982, 0.0026512790937, 0.00259906495921, 0.00167874922045, 0.00149553944357, 0.00206821039319, 0.00090902694501, 0.00082210986875, 0.000934253039304, 0.000848911644425, 0.000541571527719, 0.000600332394242, 0.000589511881117, 0.000491112587042, 0.000440841948148, 0.000191552811884, 0.000255830673268, 0.00019059223996, 0.000151229265612, 0.000186080142157, 0.000222689806833, 0.000147831364302, 0.000180128074135, 4.97807195643e-05], "dvar": [3.36723573469e-08, 2.11228398257e-05, 2.15821601159e-05, 1.0573495274e-05, 9.95386380964e-06, 7.63965363149e-06, 6.64918979965e-06, 6.90964225214e-06, 1.09495476863e-05, 2.44114380621e-06, 1.35139327995e-06, 3.02364264826e-06, 2.08474534702e-06, 7.22298466371e-07, 7.9391310237e-07, 1.56579085342e-06, 5.26847259152e-07, 2.85336255956e-07, 3.46260513595e-08, 9.07753801016e-08, 5.19747587191e-08, 5.88594453177e-08, 9.81879892947e-08, 1.50993457737e-07, 5.21973255729e-08, 8.52992698697e-08, 6.88602952437e-09], "dvar2": [8.59035935719e-08, 4.98645204061e-05, 5.18550477864e-05, 2.81275861198e-05, 2.75015772786e-05, 1.80479328264e-05, 1.48805620483e-05, 1.59670635185e-05, 2.1807716621e-05, 4.62629805043e-06, 2.81254119727e-06, 6.53628649161e-06, 5.11055941388e-06, 1.69157260643e-06, 1.84175041795e-06, 3.37076039614e-06, 1.30189630454e-06, 6.68411189508e-07, 7.90049554666e-08, 2.18958433607e-07, 1.18129698023e-07, 1.13658877865e-07, 2.1349005408e-07, 2.96354244256e-07, 8.90740992077e-08, 1.7575739264e-07, 1.23352741355e-08], "max": [0.00236926530488, 0.0471633672714, 0.0423779375851, 0.0277048200369, 0.036977712065, 0.0462861433625, 0.071802303195, 0.0716128498316, 0.0602651201189, 0.0467031858861, 0.0443848893046, 0.0372924804688, 0.0261607021093, 0.0219275895506, 0.0299732685089, 0.037364423275, 0.0161521062255, 0.0103148240596, 0.00358699145727, 0.00830421503633, 0.00407372834161, 0.00625510560349, 0.00950816832483, 0.0116191655397, 0.00879556871951, 0.00212656869553, 0.000751191691961], "mean": [0.000170017883647, 0.00327326101251, 0.00232082093135, 0.00122205261141, 0.00210948591121, 0.00285356747918, 0.0018977652071, 0.00168652378488, 0.00225089816377, 0.00108916673344, 0.000894237193279, 0.000908394751605, 0.000753281696234, 0.00045669809333, 0.000519218738191, 0.000557932246011, 0.000545195885934, 0.000487761659315, 0.000245035655098, 0.000294917903375, 0.000210943297134, 0.000188241290743, 0.000190758000826, 0.000260721019004, 0.000155498171807, 0.000147188431583, 4.72892061225e-05], "median": [7.39456590964e-05, 0.00193374813534, 0.00117614655755, 0.000511653954163, 0.0011957809329, 0.00121697608847, 0.000721638731193, 0.000549125019461, 0.00057193270186, 0.000336242897902, 0.000374699680833, 0.000262402754743, 0.000212306244066, 0.000183721887879, 0.000229892422794, 0.000169421109604, 0.000250528217293, 0.000239444896579, 0.000143477896927, 0.000158762908541, 8.52137454785e-05, 6.97548966855e-05, 5.86384485359e-05, 4.79160735267e-05, 2.3132592105e-05, 1.15711482067e-05, 2.49915865425e-06], "min": [1.90497496378e-25, 3.19350044032e-24, 6.36007370528e-25, 3.26926466311e-25, 7.84895853653e-24, 5.13532356536e-24, 9.0126963991e-24, 1.19280249599e-23, 2.35461900895e-23, 1.56406505045e-23, 1.20982706096e-23, 2.72869890124e-23, 3.13383956059e-23, 1.8902372622e-23, 4.40577300953e-23, 6.71703701199e-23, 7.44027794276e-23, 1.00544569598e-22, 1.23009428601e-22, 1.38735200353e-22, 2.21135104539e-22, 2.97065781322e-22, 3.97866478278e-22, 5.63934219627e-22, 8.77796250639e-22, 1.34122913656e-21, 1.93045961368e-21], "var": [5.42461364716e-08, 2.36727883021e-05, 2.05333344638e-05, 7.57923908168e-06, 9.31127669901e-06, 1.9469523977e-05, 1.89091570064e-05, 1.63948388945e-05, 2.80245312752e-05, 7.87629960541e-06, 3.31749424731e-06, 5.24442930327e-06, 3.231096116e-06, 1.03687227693e-06, 1.24849759686e-06, 2.92576146421e-06, 1.04404091417e-06, 5.79611025842e-07, 8.24239947406e-08, 1.61021432632e-07, 1.09143350357e-07, 1.18502200053e-07, 1.56835554321e-07, 3.28349500478e-07, 1.2863114307e-07, 1.17339460814e-07, 1.18822223172e-08]}, "barkbands_crest": {"dmean": 2.48486399651, "dmean2": 3.90831756592, "dvar": 5.6412563324, "dvar2": 12.9933795929, "max": 25.8083534241, "mean": 8.95576286316, "median": 8.01491165161, "min": 2.2096350193, "var": 16.493555069}, "barkbands_flatness_db": {"dmean": 0.0206753052771, "dmean2": 0.0291466023773, "dvar": 0.000406345003285, "dvar2": 0.000746799865738, "max": 0.322546035051, "mean": 0.100352093577, "median": 0.0979560166597, "min": 0.0134965879843, "var": 0.00184851477388}, "barkbands_kurtosis": {"dmean": 1.81552231312, "dmean2": 2.74494028091, "dvar": 9.67179298401, "dvar2": 19.9939537048, "max": 128.590576172, "mean": 2.18767905235, "median": 1.01933562756, "min": -1.89647364616, "var": 21.2684364319}, "barkbands_skewness": {"dmean": 0.44510781765, "dmean2": 0.649779975414, "dvar": 0.208806097507, "dvar2": 0.421884596348, "max": 10.1010913849, "mean": 1.12406170368, "median": 1.06804597378, "min": -2.43004107475, "var": 0.870680868626}, "barkbands_spread": {"dmean": 7.18251609802, "dmean2": 10.0130710602, "dvar": 63.4125442505, "dvar2": 114.750785828, "max": 112.345718384, "mean": 27.5484046936, "median": 23.3329086304, "min": 1.22138857841, "var": 289.772369385}, "dissonance": {"dmean": 0.0181738454849, "dmean2": 0.030420139432, "dvar": 0.000359703088179, "dvar2": 0.000959061842877, "max": 0.500000059605, "mean": 0.465640842915, "median": 0.473084688187, "min": 0, "var": 0.000785563664977}, "dynamic_complexity": 3.05561900139, "erbbands": {"dmean": [0.0380132719874, 0.550226092339, 1.9103461504, 3.1249973774, 4.67967557907, 5.49684286118, 8.45108413696, 14.3251791, 13.1975049973, 20.2356739044, 20.518157959, 29.4466266632, 26.6448631287, 16.4362449646, 18.0805778503, 23.6675434113, 20.9824237823, 20.7785682678, 12.5257759094, 18.4732780457, 20.7144737244, 15.5931892395, 15.884264946, 7.60990858078, 7.52757453918, 6.79316711426, 4.57615184784, 5.05604362488, 3.74633646011, 4.16724538803, 3.31053853035, 2.62751483917, 3.60291457176, 1.18730533123, 0.750783383846, 0.485283136368, 0.259776979685, 0.059179008007, 0.00796051230282, 0.000365948799299], "dmean2": [0.0602928027511, 0.856166124344, 2.94549608231, 5.1603679657, 8.24947452545, 9.29429340363, 13.4217977524, 22.9416999817, 20.9714889526, 30.6225013733, 31.8507194519, 43.8494644165, 40.1482849121, 24.7000312805, 28.1800270081, 36.2978477478, 32.8362998962, 33.2014884949, 19.993888855, 29.1382827759, 31.1747074127, 23.9677829742, 25.0803203583, 11.9696550369, 11.8779430389, 10.3255929947, 7.01249217987, 7.46725893021, 5.61745405197, 5.87701559067, 4.84709596634, 3.66095161438, 4.69623804092, 1.71210229397, 0.99672961235, 0.662308216095, 0.37659406662, 0.0780067294836, 0.010989244096, 0.000496966007631], "dvar": [0.0044094924815, 1.59533178806, 21.9649066925, 63.606552124, 156.85105896, 109.121688843, 231.745132446, 758.817199707, 702.088806152, 2721.06176758, 2765.31787109, 5954.39550781, 4592.69677734, 1356.12121582, 1907.3314209, 4952.25195313, 3046.1315918, 2474.93603516, 1069.12036133, 3110.59448242, 4558.40478516, 1143.81884766, 891.877258301, 164.319091797, 146.765823364, 192.702468872, 78.7193145752, 98.5784606934, 66.1134872437, 89.9323959351, 91.0015792847, 38.008354187, 81.5179290771, 9.76211929321, 2.45404744148, 1.06363999844, 0.381504446268, 0.0176714807749, 0.000340079132002, 6.57853149733e-07], "dvar2": [0.0111748846248, 3.66245365143, 50.1636962891, 160.442672729, 433.591339111, 287.340667725, 528.840698242, 1797.36694336, 1618.81213379, 6004.23681641, 6646.21533203, 11745.6347656, 9527.53417969, 2499.98193359, 4490.609375, 10686.1933594, 7334.89306641, 5857.72509766, 2468.55932617, 6605.22363281, 9213.23535156, 2657.70166016, 2103.57910156, 379.262786865, 357.842651367, 447.256011963, 174.696258545, 221.543685913, 130.068099976, 173.625091553, 205.712875366, 80.4305953979, 158.533508301, 17.96525383, 4.18471765518, 2.03321099281, 0.839669585228, 0.033539634198, 0.000677430711221, 1.28623184992e-06], "max": [0.822418093681, 12.4629020691, 45.339515686, 74.5180664063, 103.678619385, 176.336257935, 261.532562256, 484.075500488, 807.272399902, 1107.86779785, 1530.01342773, 1575.48730469, 2099.2590332, 1641.6973877, 1014.89331055, 1829.6237793, 1192.81030273, 1043.74743652, 967.910461426, 2739.00878906, 2551.74853516, 1053.36340332, 725.14642334, 429.112304688, 253.031433105, 513.896972656, 169.217971802, 206.127304077, 234.475738525, 277.759185791, 343.758850098, 157.499343872, 245.690979004, 134.28237915, 44.8969688416, 12.9534387589, 4.36599493027, 1.24518084526, 0.171692535281, 0.00816005654633], "mean": [0.0778924673796, 0.793998479843, 2.630163908, 3.58005285263, 4.98559856415, 7.8110833168, 14.8409233093, 23.0435886383, 24.2004814148, 38.4522819519, 35.8417625427, 47.5415458679, 49.7766990662, 31.6608695984, 31.9446773529, 37.4376945496, 33.6255722046, 31.3407783508, 20.2042980194, 28.9669284821, 33.465763092, 30.3635082245, 28.6143569946, 15.4273138046, 15.0434417725, 12.2356824875, 8.7248878479, 8.10615253448, 6.70804405212, 7.10270833969, 4.79047632217, 3.7499537468, 5.50241613388, 1.87009882927, 1.04672372341, 0.593316614628, 0.272002786398, 0.0715487524867, 0.00902007892728, 0.000445409095846], "median": [0.0619170367718, 0.419343173504, 1.40185451508, 1.7154083252, 2.52735686302, 4.35708808899, 6.87731742859, 9.38588142395, 11.5190753937, 14.336180687, 13.1450328827, 13.4977703094, 13.13651371, 13.3119297028, 13.2361774445, 12.2324619293, 11.7453975677, 12.4489517212, 10.5113754272, 12.3167457581, 11.4560546875, 13.8753089905, 14.4165325165, 8.78275299072, 8.84750080109, 6.58253765106, 3.946600914, 2.93523550034, 2.48281431198, 2.31272387505, 1.47620606422, 0.940677881241, 0.740863978863, 0.328739345074, 0.125110298395, 0.0597613267601, 0.0160585902631, 0.00337245129049, 0.000391149282223, 6.17302939645e-05], "min": [6.82646148587e-23, 5.9296515922e-22, 3.22549951798e-21, 1.91962144739e-21, 1.02758765338e-20, 2.10493264399e-20, 2.93088799527e-20, 5.30414510528e-20, 1.38392279564e-19, 2.78983722184e-19, 2.21888562679e-19, 5.72825986313e-19, 5.28080116366e-19, 6.90490980883e-19, 1.24308785173e-18, 1.15534084254e-18, 1.47321849373e-18, 2.6226402386e-18, 2.00835378863e-18, 2.64937471599e-18, 4.39607576724e-18, 4.61842811975e-18, 4.98072123393e-18, 6.07092460176e-18, 7.64438218628e-18, 5.84088856854e-18, 9.01767984695e-18, 9.73473955892e-18, 9.75963604099e-18, 9.33642231547e-18, 1.11130259459e-17, 9.88812448708e-18, 9.75401369437e-18, 8.55161237544e-18, 6.52744971773e-18, 4.61421859761e-18, 2.28600916215e-18, 1.03173472662e-18, 2.44740254282e-19, 2.74460950626e-20], "var": [0.00641620764509, 1.7577381134, 23.2246761322, 52.9225921631, 104.146682739, 139.303268433, 594.17590332, 1548.25732422, 1698.54492188, 7094.12109375, 6162.33837891, 13156.8994141, 15785.5234375, 4670.23193359, 4249.66552734, 8704.4375, 5207.69335938, 4065.68945313, 1412.30664063, 6331.90332031, 9765.4375, 2932.5793457, 1835.69873047, 444.377319336, 318.498474121, 316.715698242, 186.555496216, 180.037521362, 134.195922852, 187.366516113, 128.066848755, 68.0643692017, 174.124252319, 23.1389312744, 5.49676322937, 1.66611909866, 0.45896500349, 0.0285050328821, 0.000495082815178, 1.00297404515e-06]}, "erbbands_crest": {"dmean": 2.76111626625, "dmean2": 4.43597459793, "dvar": 7.67196655273, "dvar2": 17.9813747406, "max": 29.5894432068, "mean": 8.84662914276, "median": 7.50758743286, "min": 2.17330217361, "var": 23.8461589813}, "erbbands_flatness_db": {"dmean": 0.0210129842162, "dmean2": 0.0286213755608, "dvar": 0.000439833151177, "dvar2": 0.000775950262323, "max": 0.325470626354, "mean": 0.1387873739, "median": 0.141171887517, "min": 0.0189520474523, "var": 0.00209768349305}, "erbbands_kurtosis": {"dmean": 0.961183547974, "dmean2": 1.50355374813, "dvar": 2.21193408966, "dvar2": 5.04387235641, "max": 33.0911445618, "mean": 0.464166402817, "median": -0.271750867367, "min": -1.74891674519, "var": 5.16746664047}, "erbbands_skewness": {"dmean": 0.373260319233, "dmean2": 0.555962622166, "dvar": 0.131166279316, "dvar2": 0.283743560314, "max": 5.02797603607, "mean": 0.379004597664, "median": 0.323311686516, "min": -2.93534970284, "var": 0.611575424671}, "erbbands_spread": {"dmean": 9.21816921234, "dmean2": 13.4262685776, "dvar": 103.16658783, "dvar2": 214.228302002, "max": 132.39831543, "mean": 39.5591697693, "median": 36.7788085938, "min": 3.72723460197, "var": 369.883331299}, "gfcc": {"cov": [[23275.9550781, -160.423690796, -1177.69665527, 102.210845947, -770.372131348, 203.140182495, -491.983581543, 189.913818359, -328.307922363, 71.1035461426, -341.366455078, 94.1953430176, -196.885391235], [-160.423690796, 1569.14233398, -614.807250977, 142.564331055, 19.6758270264, -74.5497970581, 102.533119202, -32.2958335876, 68.3217163086, -41.6699104309, 121.480300903, -30.0765209198, 13.076956749], [-1177.69665527, -614.807250977, 875.544677734, -26.4897766113, 102.884819031, 73.3065795898, 10.0868778229, 9.98751068115, -18.3210659027, 36.6196022034, -43.6565971375, 15.154753685, -33.6485786438], [102.210845947, 142.564331055, -26.4897766113, 320.008544922, 1.27434718609, -15.5102529526, -42.0639038086, -6.28468132019, 34.6529350281, 2.95113754272, 4.49710226059, -12.6101617813, 47.3571777344], [-770.372131348, 19.6758270264, 102.884819031, 1.27434718609, 241.4637146, 0.51260715723, 74.9114227295, 7.20720911026, 23.5443115234, 12.4037237167, -3.0750579834, 4.06131362915, -0.679109930992], [203.140182495, -74.5497970581, 73.3065795898, -15.5102529526, 0.51260715723, 197.577423096, 54.1379928589, 15.4738702774, -31.7184753418, 4.89952707291, -1.00205314159, -20.7028255463, -29.9050998688], [-491.983581543, 102.533119202, 10.0868778229, -42.0639038086, 74.9114227295, 54.1379928589, 166.005966187, 21.1225814819, 1.66913485527, -7.7236366272, 7.86408615112, -11.5188684464, -28.0006313324], [189.913818359, -32.2958335876, 9.98751068115, -6.28468132019, 7.20720911026, 15.4738702774, 21.1225814819, 88.7802352905, 29.321685791, 8.64281463623, -8.71428775787, 3.55782198906, 1.62136304379], [-328.307922363, 68.3217163086, -18.3210659027, 34.6529350281, 23.5443115234, -31.7184753418, 1.66913485527, 29.321685791, 100.713722229, 21.7206573486, 10.36378479, -5.08582305908, 16.1743831635], [71.1035461426, -41.6699104309, 36.6196022034, 2.95113754272, 12.4037237167, 4.89952707291, -7.7236366272, 8.64281463623, 21.7206573486, 69.7112426758, 15.9421463013, 9.43602085114, -6.24046468735], [-341.366455078, 121.480300903, -43.6565971375, 4.49710226059, -3.0750579834, -1.00205314159, 7.86408615112, -8.71428775787, 10.36378479, 15.9421463013, 85.306968689, 23.5498218536, 6.74285173416], [94.1953430176, -30.0765209198, 15.154753685, -12.6101617813, 4.06131362915, -20.7028255463, -11.5188684464, 3.55782198906, -5.08582305908, 9.43602085114, 23.5498218536, 76.7128753662, 21.7472991943], [-196.885391235, 13.076956749, -33.6485786438, 47.3571777344, -0.679109930992, -29.9050998688, -28.0006313324, 1.62136304379, 16.1743831635, -6.24046468735, 6.74285173416, 21.7472991943, 74.3442687988]], "icov": [[7.72291168687e-05, -1.63502190844e-05, 0.000141030584928, -8.27970434329e-05, 0.000124453610624, -0.000121733210108, 0.000227314070798, -0.000246082025114, 0.000246354495175, -0.000218453831621, 0.000439476862084, -0.00032789161196, 0.00035124635906], [-1.63502190844e-05, 0.00120715179946, 0.000698029296473, -0.000523830356542, -0.000207960401895, 0.000356269447366, -0.000838174775708, 0.000455392728327, -0.000573038298171, 0.000755004992243, -0.00150578818284, 0.000446463789558, 0.000403785554226], [0.000141030584928, 0.000698029296473, 0.00206436449662, -0.000470963219414, -0.000533936545253, -0.000574397679884, 0.000301367108477, -0.000174900036654, 0.00026560734841, -0.000598711019848, 0.00083004910266, -0.00104362412822, 0.00148840050679], [-8.27970434329e-05, -0.000523830356542, -0.000470963219414, 0.00407495768741, -0.000271378376056, -0.000362464837963, 0.000924274034332, 0.000528348085936, -0.00101845141035, -0.000171771942405, -0.000115812392323, 0.00152268330567, -0.00297547946684], [0.000124453610624, -0.000207960401895, -0.000533936545253, -0.000271378376056, 0.00573909422383, 0.000430964835687, -0.00256919139065, 0.000311104493449, -0.000584679015446, -0.00141514779534, 0.0016654265346, -0.00105641200207, -0.000284887413727], [-0.000121733210108, 0.000356269447366, -0.000574397679884, -0.000362464837963, 0.000430964835687, 0.00703662401065, -0.0027107137721, -0.00118990859482, 0.00232430361211, -0.000680551689584, -0.00194411189295, 0.0026252202224, 0.000270884396741], [0.000227314070798, -0.000838174775708, 0.000301367108477, 0.000924274034332, -0.00256919139065, -0.0027107137721, 0.0103859873489, -0.00285945599899, 0.000566151866224, 0.00132471672259, 0.000426084792707, -0.000605912762694, 0.00328391510993], [-0.000246082025114, 0.000455392728327, -0.000174900036654, 0.000528348085936, 0.000311104493449, -0.00118990859482, -0.00285945599899, 0.0150757124647, -0.00609172740951, 9.12506657187e-05, 0.00123193615582, -0.00124833267182, -0.00144266232383], [0.000246354495175, -0.000573038298171, 0.00026560734841, -0.00101845141035, -0.000584679015446, 0.00232430361211, 0.000566151866224, -0.00609172740951, 0.0157271940261, -0.00529974931851, -0.000153369517648, 0.00252906582318, -0.00179449340794], [-0.000218453831621, 0.000755004992243, -0.000598711019848, -0.000171771942405, -0.00141514779534, -0.000680551689584, 0.00132471672259, 9.12506657187e-05, -0.00529974931851, 0.0190439838916, -0.00524063175544, -0.00116867129691, 0.00290611525998], [0.000439476862084, -0.00150578818284, 0.00083004910266, -0.000115812392323, 0.0016654265346, -0.00194411189295, 0.000426084792707, 0.00123193615582, -0.000153369517648, -0.00524063175544, 0.0191548466682, -0.00753486389294, 0.00130526430439], [-0.00032789161196, 0.000446463789558, -0.00104362412822, 0.00152268330567, -0.00105641200207, 0.0026252202224, -0.000605912762694, -0.00124833267182, 0.00252906582318, -0.00116867129691, -0.00753486389294, 0.0194677039981, -0.00720346625894], [0.00035124635906, 0.000403785554226, 0.00148840050679, -0.00297547946684, -0.000284887413727, 0.000270884396741, 0.00328391510993, -0.00144266232383, -0.00179449340794, 0.00290611525998, 0.00130526430439, -0.00720346625894, 0.0208769422024]], "mean": [6.19020795822, 78.0003433228, -109.830375671, 23.6933002472, -54.3794021606, 8.25853061676, -33.4080657959, 10.0416135788, -17.9935684204, 1.91453170776, -11.4709148407, 2.80186653137, -11.3165636063]}, "hfc": {"dmean": 9.39464759827, "dmean2": 12.2920541763, "dvar": 181.914611816, "dvar2": 308.635650635, "max": 223.878601074, "mean": 27.2532100677, "median": 19.8082008362, "min": 1.08924923154e-16, "var": 594.891479492}, "melbands": {"dmean": [0.000450844905572, 0.000838596664835, 0.000522935471963, 0.000367594446288, 0.000266586110229, 0.000317659083521, 0.000211305945413, 0.00022165865812, 0.000182637842954, 0.000191748942598, 0.000131612512632, 6.45711552352e-05, 6.14622331341e-05, 6.68068969389e-05, 5.24068527739e-05, 5.52311976207e-05, 4.00685239583e-05, 1.82277635759e-05, 3.18982311001e-05, 2.55309496424e-05, 2.7198697353e-05, 1.91647577594e-05, 1.61007774295e-05, 1.19083233585e-05, 6.28598536423e-06, 4.83183521283e-06, 7.08573043084e-06, 4.47544834969e-06, 2.90896105071e-06, 3.25317182615e-06, 3.00261353914e-06, 2.13183625419e-06, 2.34777417063e-06, 2.43365388997e-06, 1.911542995e-06, 1.97890585696e-06, 1.441720201e-06, 2.69964357358e-06, 1.91624872059e-06, 7.92673688466e-07], "dmean2": [0.000696474220604, 0.00125669536646, 0.000831374200061, 0.000643921317533, 0.000424776226282, 0.00050715112593, 0.000332421273924, 0.000336538651027, 0.000286040391074, 0.000286171940388, 0.000198210356757, 9.66315201367e-05, 9.4485883892e-05, 0.000101560901385, 8.05535382824e-05, 8.81112428033e-05, 6.44645188004e-05, 2.9202316e-05, 5.19197892572e-05, 3.93489935959e-05, 4.15004651586e-05, 3.0147995858e-05, 2.52861482295e-05, 1.90310638573e-05, 1.00769793789e-05, 7.68982499721e-06, 1.11787157948e-05, 6.94015716363e-06, 4.54006203654e-06, 4.95310041515e-06, 4.49601702712e-06, 3.19678133565e-06, 3.46318938682e-06, 3.59033424502e-06, 2.85357032226e-06, 3.00135684483e-06, 2.03129479814e-06, 3.38540326084e-06, 2.93719608635e-06, 1.11284236937e-06], "dvar": [8.20588127226e-07, 3.71428041035e-06, 1.56858970968e-06, 6.51865718737e-07, 1.97936444124e-07, 3.32629639388e-07, 1.96263812313e-07, 3.21424238336e-07, 2.17783252765e-07, 2.39800641566e-07, 1.12518520723e-07, 2.20948770391e-08, 2.07301162902e-08, 4.00886506213e-08, 2.05145909149e-08, 2.51124756545e-08, 9.10096353834e-09, 3.19455106812e-09, 5.54190204838e-09, 6.54966214597e-09, 8.95159768532e-09, 1.92682692024e-09, 1.25298815767e-09, 5.74196801217e-10, 1.15104321907e-10, 5.98251101436e-11, 1.60690988293e-10, 1.07974733321e-10, 4.4748225958e-11, 3.56921887879e-11, 3.72309093277e-11, 2.08925272915e-11, 3.19160808893e-11, 2.89673302706e-11, 3.30081309508e-11, 2.30472741586e-11, 1.33879218475e-11, 4.6932551595e-11, 2.3649993422e-11, 5.81655860629e-12], "dvar2": [1.94303174794e-06, 7.55162045607e-06, 3.55691940968e-06, 1.81653479103e-06, 4.59644041939e-07, 7.84049404956e-07, 4.47686602456e-07, 7.27017095414e-07, 5.22952802839e-07, 4.70574946121e-07, 2.29675563901e-07, 3.97562516241e-08, 4.60369946609e-08, 8.56655120174e-08, 4.50170851707e-08, 6.23902707275e-08, 2.15324771347e-08, 7.32796445746e-09, 1.30509905105e-08, 1.38240379144e-08, 1.86646786915e-08, 4.54920856541e-09, 2.95360602642e-09, 1.3022364298e-09, 2.69067962355e-10, 1.43529202412e-10, 4.13557937895e-10, 2.54144844059e-10, 1.06545078316e-10, 8.07415939663e-11, 8.53408038681e-11, 4.24599105875e-11, 6.26539514714e-11, 5.89542650808e-11, 7.44008049613e-11, 5.24658268219e-11, 2.85677384526e-11, 8.99777266583e-11, 4.69750106868e-11, 1.14040053442e-11], "max": [0.00968378037214, 0.0178056694567, 0.0112915951759, 0.0093527212739, 0.00711928354576, 0.0103576229885, 0.0141981998459, 0.0125364903361, 0.0134381968528, 0.00990909058601, 0.0101316357031, 0.00672397622839, 0.00478261196986, 0.0047055631876, 0.00394003698602, 0.00352901872247, 0.00189611839596, 0.00218904786743, 0.00220891507342, 0.00268479366787, 0.00310854334384, 0.00102054222953, 0.000866506656166, 0.000450161518529, 0.000358496879926, 0.000188911129953, 0.000290625379421, 0.000374074355932, 0.000155849542352, 0.000105748629721, 0.000121235250845, 0.000132126355311, 0.000160174473422, 0.000138157294714, 0.000200961687369, 0.000137336930493, 0.000101035409898, 0.000181956434972, 0.000177147681825, 0.000105867991806], "mean": [0.000804837036412, 0.00130110117607, 0.000665411178488, 0.0004576096253, 0.000482163974084, 0.00053298426792, 0.000390647881432, 0.000420494092396, 0.000304912682623, 0.00031106887036, 0.000239546789089, 0.000118081865367, 0.000105451326817, 0.000102683945443, 8.06913812994e-05, 7.83594368841e-05, 5.55654369236e-05, 2.66220013145e-05, 4.40994190285e-05, 3.68708097085e-05, 4.04395796068e-05, 3.2748135709e-05, 2.89790768875e-05, 1.98702346097e-05, 1.1628255379e-05, 9.10032031243e-06, 1.23898034872e-05, 7.20949356037e-06, 5.1760957831e-06, 5.39117354492e-06, 4.45143768957e-06, 3.67537109014e-06, 3.90940931538e-06, 3.9506307985e-06, 2.65741709882e-06, 2.60304113908e-06, 2.00327190214e-06, 3.98659767598e-06, 2.93226230497e-06, 1.17427168789e-06], "median": [0.000544878304936, 0.000720622949302, 0.00032887654379, 0.000248715863563, 0.00024223078799, 0.000225378811592, 0.000172586354893, 0.000150069550727, 9.66273946688e-05, 7.72944040364e-05, 5.61288252356e-05, 4.25276011811e-05, 4.42270902568e-05, 3.05425928673e-05, 2.637095713e-05, 2.04463485716e-05, 2.07784960367e-05, 1.28063957163e-05, 1.91233884834e-05, 1.24165089801e-05, 1.24753278214e-05, 1.44779533002e-05, 1.35518657771e-05, 1.01125533547e-05, 6.31359489489e-06, 5.274603609e-06, 6.54674568068e-06, 3.36454968419e-06, 2.22440212383e-06, 2.19789285438e-06, 1.38743075695e-06, 1.30201169668e-06, 1.3246283288e-06, 1.17347508422e-06, 7.73639442286e-07, 7.60571026603e-07, 4.72149565667e-07, 4.98471990795e-07, 4.22491439167e-07, 1.9925835204e-07], "min": [9.26757144112e-25, 1.27965002715e-24, 3.41205391038e-25, 1.5390030381e-24, 1.12575628075e-24, 9.68032713256e-25, 1.98445218229e-24, 3.11731008473e-24, 1.86252939065e-24, 3.23082046367e-24, 1.83030698647e-24, 2.04452906782e-24, 3.47256767694e-24, 3.4957400716e-24, 2.71013617584e-24, 2.90948980684e-24, 3.19662531558e-24, 2.1865958171e-24, 3.09306858632e-24, 3.9515032763e-24, 4.30902411044e-24, 4.01678191063e-24, 3.39428585387e-24, 4.23824829889e-24, 4.10477342815e-24, 3.77802171918e-24, 4.33801514314e-24, 3.63199173271e-24, 5.6960821844e-24, 4.52599556926e-24, 4.98142548023e-24, 4.83431475432e-24, 4.76207126705e-24, 4.16704453029e-24, 5.24997305945e-24, 5.48770299856e-24, 4.90148073837e-24, 5.2810928333e-24, 5.90961578739e-24, 6.80771499532e-24], "var": [1.03883348856e-06, 4.75801061839e-06, 1.56413398145e-06, 5.15789622568e-07, 4.97179655667e-07, 7.38783739962e-07, 5.30772638285e-07, 8.57311249547e-07, 5.27920803961e-07, 5.72804253807e-07, 3.9022458509e-07, 7.69875896367e-08, 4.71323389206e-08, 7.23204536257e-08, 3.82150808775e-08, 3.89066272533e-08, 1.40766029944e-08, 3.7960661281e-09, 8.63959570552e-09, 1.25510268845e-08, 1.79238206499e-08, 3.9892609216e-09, 2.53338217071e-09, 1.03351416314e-09, 2.93121998896e-10, 1.25157689768e-10, 2.82238982185e-10, 1.61825705614e-10, 8.6335577576e-11, 7.72707453578e-11, 6.12456058091e-11, 4.13729502047e-11, 6.19528942036e-11, 5.73170955143e-11, 4.55291464252e-11, 3.33716214385e-11, 2.35611460897e-11, 9.70825156377e-11, 5.04804184565e-11, 1.24742343191e-11]}, "melbands_crest": {"dmean": 3.11854028702, "dmean2": 4.88364458084, "dvar": 8.52676010132, "dvar2": 19.9077243805, "max": 31.1225891113, "mean": 12.0285797119, "median": 11.0495176315, "min": 1.60155320168, "var": 23.7166786194}, "melbands_flatness_db": {"dmean": 0.0249685272574, "dmean2": 0.034736007452, "dvar": 0.000591549673118, "dvar2": 0.00108739710413, "max": 0.442578017712, "mean": 0.168256476521, "median": 0.167588591576, "min": 0.00250296667218, "var": 0.00325609603897}, "melbands_kurtosis": {"dmean": 4.43529272079, "dmean2": 6.6249871254, "dvar": 58.5815811157, "dvar2": 114.194580078, "max": 331.96697998, "mean": 8.38792800903, "median": 5.39442825317, "min": -1.82758486271, "var": 135.081695557}, "melbands_skewness": {"dmean": 0.596350431442, "dmean2": 0.87620049715, "dvar": 0.420384645462, "dvar2": 0.82905292511, "max": 13.6618528366, "mean": 2.08593511581, "median": 1.95826971531, "min": -1.1603218317, "var": 1.64427578449}, "melbands_spread": {"dmean": 8.05272006989, "dmean2": 11.7380027771, "dvar": 119.458511353, "dvar2": 242.137115479, "max": 224.378540039, "mean": 29.140537262, "median": 23.9396800995, "min": 0.973757386208, "var": 459.048126221}, "mfcc": {"cov": [[9672.29003906, 250.418151855, -74.8653182983, 27.0962677002, -37.152381897, -7.53576087952, -62.0695114136, 19.5960502625, 42.8054542542, 13.5997972488, -26.2563610077, -25.2033824921, -55.5569343567], [250.418151855, 1216.6027832, -309.254821777, 128.150268555, -57.7542915344, 21.2426872253, 26.4337100983, 64.8184432983, -56.102645874, 32.8780326843, 24.8350448608, 49.5884170532, 39.7812423706], [-74.8653182983, -309.254821777, 533.884643555, -25.8183860779, 66.8750152588, 37.0148696899, 21.3572864532, -14.2544384003, 13.0714817047, -12.0875844955, 16.9417076111, -22.177816391, 4.75621795654], [27.0962677002, 128.150268555, -25.8183860779, 279.896820068, 57.1644554138, -3.57183003426, -44.3588409424, -8.85879707336, 27.331571579, -4.38976716995, -36.5718917847, 29.9597358704, 19.787191391], [-37.152381897, -57.7542915344, 66.8750152588, 57.1644554138, 146.012268066, 15.3002443314, -4.55099773407, -13.1251764297, 30.4782066345, 1.04405510426, -2.57249236107, -0.193645775318, 9.32976531982], [-7.53576087952, 21.2426872253, 37.0148696899, -3.57183003426, 15.3002443314, 130.10710144, 63.1140213013, 17.5551490784, -1.95981407166, 17.3317375183, 21.2925872803, -7.78847646713, -14.5208406448], [-62.0695114136, 26.4337100983, 21.3572864532, -44.3588409424, -4.55099773407, 63.1140213013, 137.257171631, 44.6912841797, -0.879717767239, 7.43684530258, 32.2415161133, -10.4467573166, -12.3597688675], [19.5960502625, 64.8184432983, -14.2544384003, -8.85879707336, -13.1251764297, 17.5551490784, 44.6912841797, 89.2021331787, 18.158000946, 9.55956745148, 9.68825626373, 6.0739107132, -4.06079530716], [42.8054542542, -56.102645874, 13.0714817047, 27.331571579, 30.4782066345, -1.95981407166, -0.879717767239, 18.158000946, 97.9712753296, 22.2058963776, 3.48307967186, 1.38179731369, -1.18951547146], [13.5997972488, 32.8780326843, -12.0875844955, -4.38976716995, 1.04405510426, 17.3317375183, 7.43684530258, 9.55956745148, 22.2058963776, 77.927520752, 21.3322067261, -2.11040449142, -5.31419563293], [-26.2563610077, 24.8350448608, 16.9417076111, -36.5718917847, -2.57249236107, 21.2925872803, 32.2415161133, 9.68825626373, 3.48307967186, 21.3322067261, 79.6876220703, 12.9473819733, 1.73121738434], [-25.2033824921, 49.5884170532, -22.177816391, 29.9597358704, -0.193645775318, -7.78847646713, -10.4467573166, 6.0739107132, 1.38179731369, -2.11040449142, 12.9473819733, 71.0979156494, 24.8620014191], [-55.5569343567, 39.7812423706, 4.75621795654, 19.787191391, 9.32976531982, -14.5208406448, -12.3597688675, -4.06079530716, -1.18951547146, -5.31419563293, 1.73121738434, 24.8620014191, 66.5945053101]], "icov": [[0.000105785395135, -3.26962617692e-05, -7.23874381947e-06, 1.06475981738e-05, 2.54912520177e-05, -1.89298625628e-05, 7.92441642261e-05, -1.78380068974e-05, -7.49478276703e-05, 1.69205195562e-05, 1.94572639884e-05, 2.81508637272e-05, 0.000100054006907], [-3.26962617692e-05, 0.00122118531726, 0.000618274149019, -0.00072357559111, 0.000234693055972, -0.000159052637173, -0.000125359802041, -0.000856048136484, 0.00103872665204, -0.000502528389916, -0.000543789414223, -7.14222824172e-06, -0.00073370494647], [-7.23874381947e-06, 0.000618274149019, 0.00243614683859, -5.07109652972e-05, -0.000813544087578, -0.000614035641775, -8.60042127897e-05, -0.000107193169242, 0.000224677089136, 0.000394319853513, -0.000761734612752, 0.00069345429074, -0.00078031810699], [1.06475981738e-05, -0.00072357559111, -5.07109652972e-05, 0.00515685230494, -0.00175874796696, -0.000757182890084, 0.00117173150647, 0.000469193793833, -0.00152279157192, 0.000286434195004, 0.00254319817759, -0.00203651073389, -7.02919132891e-05], [2.54912520177e-05, 0.000234693055972, -0.000813544087578, -0.00175874796696, 0.00883706752211, -0.00114343303721, -0.000186468198081, 0.00152958068065, -0.00242458726279, 0.000337804493029, -0.00027456873795, 0.000600305676926, -0.00120029784739], [-1.89298625628e-05, -0.000159052637173, -0.000614035641775, -0.000757182890084, -0.00114343303721, 0.0109196240082, -0.00475148903206, 0.000140237592859, 0.00122902542353, -0.0020493902266, -0.000788851466496, 0.000127694467665, 0.00184719311073], [7.92441642261e-05, -0.000125359802041, -8.60042127897e-05, 0.00117173150647, -0.000186468198081, -0.00475148903206, 0.0124436235055, -0.00514268223196, 0.000370798865333, 0.00144538073801, -0.00323697272688, 0.00186356541235, 0.000295345234917], [-1.78380068974e-05, -0.000856048136484, -0.000107193169242, 0.000469193793833, 0.00152958068065, 0.000140237592859, -0.00514268223196, 0.015519792214, -0.00392548274249, -0.000328092370182, 0.00129835028201, -0.00217062793672, 0.000853238161653], [-7.49478276703e-05, 0.00103872665204, 0.000224677089136, -0.00152279157192, -0.00242458726279, 0.00122902542353, 0.000370798865333, -0.00392548274249, 0.0136583922431, -0.00394758675247, -0.000750424747821, 0.000211654449231, 5.9956622863e-05], [1.69205195562e-05, -0.000502528389916, 0.000394319853513, 0.000286434195004, 0.000337804493029, -0.0020493902266, 0.00144538073801, -0.000328092370182, -0.00394758675247, 0.0158015303314, -0.00407903874293, 0.00141070666723, 0.000724913028535], [1.94572639884e-05, -0.000543789414223, -0.000761734612752, 0.00254319817759, -0.00027456873795, -0.000788851466496, -0.00323697272688, 0.00129835028201, -0.000750424747821, -0.00407903874293, 0.0173221416771, -0.00486141070724, 1.03815436887e-05], [2.81508637272e-05, -7.14222824172e-06, 0.00069345429074, -0.00203651073389, 0.000600305676926, 0.000127694467665, 0.00186356541235, -0.00217062793672, 0.000211654449231, 0.00141070666723, -0.00486141070724, 0.0186423882842, -0.00597652047873], [0.000100054006907, -0.00073370494647, -0.00078031810699, -7.02919132891e-05, -0.00120029784739, 0.00184719311073, 0.000295345234917, 0.000853238161653, 5.9956622863e-05, 0.000724913028535, 1.03815436887e-05, -0.00597652047873, 0.0185822993517]], "mean": [-633.006652832, 114.038803101, -0.14963889122, 18.868429184, 2.26235604286, 0.306640475988, -2.82824730873, 5.18089723587, -1.6340316534, 1.14396703243, 0.570146203041, 2.66827940941, 1.50093472004]}, "pitch_salience": {"dmean": 0.0701021850109, "dmean2": 0.108448080719, "dvar": 0.00391787337139, "dvar2": 0.00886498484761, "max": 0.927927613258, "mean": 0.579523861408, "median": 0.593186378479, "min": 0.126937359571, "var": 0.0129044381902}, "silence_rate_20dB": {"dmean": 0, "dmean2": 0, "dvar": 0, "dvar2": 0, "max": 1, "mean": 1, "median": 1, "min": 1, "var": 0}, "silence_rate_30dB": {"dmean": 0, "dmean2": 0, "dvar": 0, "dvar2": 0, "max": 1, "mean": 1, "median": 1, "min": 1, "var": 0}, "silence_rate_60dB": {"dmean": 0.00251124822535, "dmean2": 0.00502302218229, "dvar": 0.00250521022826, "dvar2": 0.00562534248456, "max": 1, "mean": 0.0586942881346, "median": 0, "min": 0, "var": 0.0552487336099}, "spectral_centroid": {"dmean": 259.454406738, "dmean2": 378.79498291, "dvar": 101806.632813, "dvar2": 188515.296875, "max": 11736.2519531, "mean": 1526.25842285, "median": 1345.02514648, "min": 231.378128052, "var": 1227395.75}, "spectral_complexity": {"dmean": 3.93680024147, "dmean2": 5.79112577438, "dvar": 19.8426513672, "dvar2": 36.2373580933, "max": 55, "mean": 20.867231369, "median": 20, "min": 0, "var": 99.9019088745}, "spectral_contrast_coeffs": {"dmean": [0.0504063740373, 0.047357134521, 0.0397230163217, 0.0334329679608, 0.0239900182933, 0.0182922668755], "dmean2": [0.0784205645323, 0.0764731690288, 0.0631194040179, 0.0539404079318, 0.0383494384587, 0.0280571356416], "dvar": [0.00197627511807, 0.00157567346469, 0.00109321880154, 0.000782666902523, 0.00043031477253, 0.000274287565844], "dvar2": [0.00450173392892, 0.0039453022182, 0.00259592710063, 0.00185232469812, 0.00100038130768, 0.000625834160019], "max": [-0.349150121212, -0.414463967085, -0.471997857094, -0.516680240631, -0.549656629562, -0.600422441959], "mean": [-0.683484852314, -0.723079264164, -0.753234446049, -0.778142809868, -0.776723742485, -0.764953792095], "median": [-0.691870689392, -0.732655763626, -0.76260137558, -0.784400463104, -0.779882788658, -0.766942799091], "min": [-0.999254047871, -0.99508357048, -0.976143717766, -0.973812520504, -0.967129051685, -0.964251875877], "var": [0.00687599554658, 0.00669498834759, 0.00544075341895, 0.00321120582521, 0.00231734197587, 0.0018843722064]}, "spectral_contrast_valleys": {"dmean": [0.364814072847, 0.336052626371, 0.311890780926, 0.283348858356, 0.280239850283, 0.439067333937], "dmean2": [0.580252289772, 0.550429344177, 0.498755335808, 0.442004799843, 0.408892452717, 0.543289363384], "dvar": [0.182860180736, 0.133520126343, 0.116054840386, 0.114786759019, 0.129608511925, 0.241340070963], "dvar2": [0.384857147932, 0.304113656282, 0.242111191154, 0.229641109705, 0.24290086329, 0.438054800034], "max": [-5.71097898483, -4.59716176987, -5.42973518372, -5.79837179184, -5.74001932144, -7.18198251724], "mean": [-7.35815143585, -6.72289800644, -7.45110034943, -7.76360368729, -7.706553936, -10.1291017532], "median": [-6.92997741699, -6.36370754242, -7.13561534882, -7.43512535095, -7.42138957977, -9.90796852112], "min": [-28.1016273499, -27.9762306213, -27.6564044952, -27.6490707397, -27.489276886, -27.4208717346], "var": [4.97696971893, 5.16491794586, 4.83927106857, 4.73175811768, 4.78824281693, 4.35617351532]}, "spectral_decrease": {"dmean": 1.62091595701e-09, "dmean2": 2.35802621873e-09, "dvar": 3.85184096861e-18, "dvar2": 7.21514410436e-18, "max": 1.22780019743e-16, "mean": -6.16470074988e-09, "median": -5.27177057563e-09, "min": -2.76805600663e-08, "var": 1.62570702694e-17}, "spectral_energy": {"dmean": 0.0066274558194, "dmean2": 0.00953085813671, "dvar": 6.3455911004e-05, "dvar2": 0.000117114883324, "max": 0.110680624843, "mean": 0.0257388688624, "median": 0.0222110636532, "min": 9.91566522647e-21, "var": 0.000273061450571}, "spectral_energyband_high": {"dmean": 0.000746159581468, "dmean2": 0.0009529874078, "dvar": 1.7299864794e-06, "dvar2": 3.09883512273e-06, "max": 0.0252425242215, "mean": 0.00131822889671, "median": 0.000431799155194, "min": 7.15791534226e-21, "var": 4.22195353167e-06}, "spectral_energyband_low": {"dmean": 0.00309179048054, "dmean2": 0.00436948193237, "dvar": 3.65209125448e-05, "dvar2": 6.0492708144e-05, "max": 0.0620849616826, "mean": 0.00640562921762, "median": 0.00404482567683, "min": 1.0136726948e-23, "var": 7.04715203028e-05}, "spectral_energyband_middle_high": {"dmean": 0.00210836692713, "dmean2": 0.00306656188332, "dvar": 9.29266570893e-06, "dvar2": 1.93673095055e-05, "max": 0.0555813573301, "mean": 0.00624342169613, "median": 0.00389299634844, "min": 1.13826393467e-21, "var": 4.282853115e-05}, "spectral_energyband_middle_low": {"dmean": 0.00500568002462, "dmean2": 0.00788717437536, "dvar": 4.25785037805e-05, "dvar2": 9.92875066004e-05, "max": 0.0783536210656, "mean": 0.0126684857532, "median": 0.00949478521943, "min": 1.30640616563e-22, "var": 0.000112017893116}, "spectral_entropy": {"dmean": 0.187657266855, "dmean2": 0.25527587533, "dvar": 0.0367080196738, "dvar2": 0.0690825134516, "max": 9.82830524445, "mean": 7.70655298233, "median": 7.66265487671, "min": 6.00903558731, "var": 0.206970974803}, "spectral_flux": {"dmean": 0.0243513416499, "dmean2": 0.0365417003632, "dvar": 0.000611956580542, "dvar2": 0.00131683540531, "max": 0.285856842995, "mean": 0.0899639204144, "median": 0.0816872641444, "min": 6.39460012719e-11, "var": 0.00238542677835}, "spectral_kurtosis": {"dmean": 1.33772003651, "dmean2": 2.09810161591, "dvar": 1.88128244877, "dvar2": 4.83276700974, "max": 23.0829772949, "mean": 4.1305270195, "median": 3.89509630203, "min": -1.25098359585, "var": 5.13688421249}, "spectral_rms": {"dmean": 0.000616684323177, "dmean2": 0.000883468484972, "dvar": 4.68547938226e-07, "dvar2": 8.41819826292e-07, "max": 0.010391395539, "mean": 0.00468814466149, "median": 0.00465503288433, "min": 3.11027635938e-12, "var": 3.13229907078e-06}, "spectral_rolloff": {"dmean": 690.735839844, "dmean2": 1034.4128418, "dvar": 1403054.375, "dvar2": 2514553.5, "max": 21920.8007813, "mean": 2171.57397461, "median": 1378.125, "min": 86.1328125, "var": 7362878.5}, "spectral_skewness": {"dmean": 0.198823526502, "dmean2": 0.306524097919, "dvar": 0.0358647033572, "dvar2": 0.0844326391816, "max": 3.9403629303, "mean": 1.52815210819, "median": 1.53427290916, "min": -0.082822188735, "var": 0.153726920485}, "spectral_spread": {"dmean": 803175, "dmean2": 1015329.625, "dvar": 958761992192, "dvar2": 1589267005440.0, "max": 43659248, "mean": 5411293, "median": 4506780, "min": 2126709.75, "var": 15901732634600.0}, "spectral_strongpeak": {"dmean": 0.60778427124, "dmean2": 0.99198538065, "