{"lowlevel": {"average_loudness": 0.895305812359, "barkbands": {"dmean": [1.81756986422e-05, 0.000665371655487, 0.000759498449042, 0.000962093879934, 0.00298763043247, 0.00056686118478, 0.000380085984943, 0.000560610555112, 0.000695541675668, 0.000282615743345, 0.000171969193616, 0.000290523370495, 0.000425187230576, 0.000412318651797, 0.000382499623811, 0.000306642061332, 0.00036340780207, 0.000225652911467, 0.000181650349987, 0.000131619512103, 0.000138151124702, 7.20277457731e-05, 4.9815109378e-05, 4.28441744589e-05, 3.33979041898e-05, 1.06045836219e-05, 5.53782285806e-07], "dmean2": [2.86207668978e-05, 0.00107644684613, 0.00126984436065, 0.00158416677732, 0.00453671766445, 0.000903329637367, 0.000591496820562, 0.000843709043693, 0.00105569686275, 0.000410045526223, 0.000255687074969, 0.000421976466896, 0.000628789770417, 0.00062001904007, 0.000567477138247, 0.000465659977635, 0.000544325681403, 0.000341741513694, 0.000286443566438, 0.00020589363703, 0.000208310157177, 0.000104952800029, 7.18871888239e-05, 5.96833124291e-05, 4.64773911517e-05, 1.43913994179e-05, 8.33111300835e-07], "dvar": [6.63918164889e-09, 4.01702254749e-06, 3.41047530128e-06, 4.33500508734e-06, 6.80321318214e-05, 1.64372397649e-06, 1.76873663804e-06, 2.89770673589e-06, 4.24291738454e-06, 9.19345495731e-07, 3.07799325583e-07, 1.06584445803e-06, 1.64364234934e-06, 1.71495594259e-06, 9.57907332122e-07, 4.39684214371e-07, 1.05717754195e-06, 1.80573465514e-07, 1.39973650448e-07, 5.37300302028e-08, 1.22145181081e-07, 5.04875643514e-08, 1.32893775984e-08, 9.32583965607e-09, 1.07393489657e-08, 7.41952610461e-10, 1.64734686395e-12], "dvar2": [1.56569122112e-08, 9.74768227024e-06, 9.34215677262e-06, 1.11935232781e-05, 0.000153756715008, 4.07688639825e-06, 3.55717952516e-06, 5.75153399041e-06, 8.94872846402e-06, 1.75710738404e-06, 6.3579716425e-07, 2.11846963794e-06, 3.33806542585e-06, 3.66142057828e-06, 2.00124122784e-06, 9.28222050334e-07, 2.06179106499e-06, 3.73892021344e-07, 3.20746721627e-07, 1.24937443502e-07, 2.69605379799e-07, 1.12404876518e-07, 3.05118561528e-08, 2.09464765533e-08, 2.49621905368e-08, 1.613150169e-09, 3.98311505306e-12], "max": [0.00298463739455, 0.0509606301785, 0.0421522259712, 0.0332409255207, 0.179610669613, 0.0288022235036, 0.0400519818068, 0.0495762825012, 0.0442444011569, 0.0314068868756, 0.0141979772598, 0.0324849411845, 0.0301371105015, 0.0298826508224, 0.0212093759328, 0.0161582939327, 0.0354305766523, 0.00860297866166, 0.0065648057498, 0.00315269292332, 0.00888385809958, 0.00788485072553, 0.00308158085681, 0.00215525133535, 0.00385562470183, 0.000891664181836, 2.91116502922e-05], "mean": [1.83090178325e-05, 0.000992023269646, 0.00162265496328, 0.00168764626142, 0.00427716365084, 0.00101315195207, 0.00068983680103, 0.000974776165094, 0.0011730294209, 0.000568806135561, 0.000274741178146, 0.00043786506285, 0.00060721806949, 0.000608304748312, 0.000652715098113, 0.000536515959539, 0.000653124821838, 0.000438443210442, 0.000292782060569, 0.000259290070971, 0.00029417508631, 0.000124127996969, 8.66059781401e-05, 7.41378607927e-05, 4.95142376167e-05, 1.52075672304e-05, 6.56532165522e-07], "median": [8.31320903671e-07, 0.000339781196089, 0.000717701739632, 0.000519773166161, 0.00168394390494, 0.000366176187526, 0.000145731275552, 0.000227536293096, 0.000294490106171, 6.52932940284e-05, 7.77120731073e-05, 7.76359156589e-05, 9.99597323244e-05, 0.000132547618705, 0.000174631670234, 0.000178957008757, 0.000177627545781, 0.000164409400895, 0.000115050046588, 0.000136940536322, 0.000148069229908, 4.90513048135e-05, 3.91496942029e-05, 3.31806186296e-05, 1.85649441846e-05, 4.04623324357e-06, 1.15022729119e-07], "min": [6.54122082103e-25, 1.45414941204e-24, 7.1727641263e-25, 3.88053079186e-25, 7.30554617994e-24, 6.12904770337e-24, 5.8396789294e-24, 1.39178524404e-23, 1.02507694136e-23, 1.3012479935e-23, 2.12124870963e-23, 2.28874533683e-23, 2.95968305409e-23, 1.97473925351e-23, 5.18076668667e-23, 6.90793251581e-23, 4.5297134707e-23, 7.16744251008e-23, 1.15684773055e-22, 1.65793444946e-22, 2.38580820256e-22, 3.40309192393e-22, 3.21329426205e-22, 6.016460623e-22, 8.18395908e-22, 1.29673546299e-21, 1.95357523245e-21], "var": [7.8911703838e-09, 4.49724984719e-06, 5.40527435078e-06, 7.63948719396e-06, 7.69414327806e-05, 4.39985569756e-06, 6.82737527313e-06, 8.82634230948e-06, 1.11523640953e-05, 4.81639563077e-06, 6.4531678845e-07, 2.21228833652e-06, 3.37957362717e-06, 2.8241408927e-06, 2.12666645893e-06, 1.11675228709e-06, 3.86949295716e-06, 5.35551578196e-07, 2.5784419222e-07, 1.16994520738e-07, 2.49175229783e-07, 8.89634321766e-08, 2.17862972107e-08, 1.4838851925e-08, 1.25141683682e-08, 1.02248853828e-09, 1.85639416166e-12]}, "barkbands_crest": {"dmean": 2.52535176277, "dmean2": 4.00083208084, "dvar": 6.62874269485, "dvar2": 15.0785312653, "max": 24.4470214844, "mean": 9.58388519287, "median": 8.88182640076, "min": 2.54804468155, "var": 15.7018299103}, "barkbands_flatness_db": {"dmean": 0.0205593835562, "dmean2": 0.0292339902371, "dvar": 0.000410621083574, "dvar2": 0.000901677296497, "max": 0.325534790754, "mean": 0.130624562502, "median": 0.12404563278, "min": 0.0257515124977, "var": 0.00209186598659}, "barkbands_kurtosis": {"dmean": 2.39245247841, "dmean2": 3.83670496941, "dvar": 24.0547790527, "dvar2": 60.3522224426, "max": 142.999984741, "mean": 2.5739531517, "median": 0.609453201294, "min": -1.86243796349, "var": 34.6633834839}, "barkbands_skewness": {"dmean": 0.553675889969, "dmean2": 0.825838804245, "dvar": 0.421641170979, "dvar2": 0.946765244007, "max": 10.8503885269, "mean": 1.18757772446, "median": 1.0693602562, "min": -3.29341650009, "var": 1.41227424145}, "barkbands_spread": {"dmean": 5.88641548157, "dmean2": 8.94215202332, "dvar": 48.8786659241, "dvar2": 112.739318848, "max": 109.3568573, "mean": 24.8725719452, "median": 23.888999939, "min": 1.46496129036, "var": 161.502670288}, "dissonance": {"dmean": 0.0170849747956, "dmean2": 0.0285952147096, "dvar": 0.000337763223797, "dvar2": 0.000921343802474, "max": 0.500000119209, "mean": 0.465272694826, "median": 0.472113192081, "min": 0.286917001009, "var": 0.000687937310431}, "dynamic_complexity": 4.32832574844, "erbbands": {"dmean": [0.0157632268965, 0.171869382262, 0.711608588696, 2.23926115036, 9.01200199127, 8.84531402588, 5.02167749405, 4.83593797684, 4.83530807495, 6.92708444595, 14.4669561386, 15.9947366714, 9.04214572906, 8.18103981018, 6.0956401825, 11.6989955902, 18.8814086914, 16.5020236969, 21.0984115601, 17.2671298981, 15.630988121, 21.5755176544, 12.5838975906, 10.0426712036, 7.44927453995, 5.80332279205, 6.16631507874, 4.81352901459, 2.76674962044, 1.85058665276, 1.35163784027, 1.07142913342, 0.642451941967, 0.454020172358, 0.197404757142, 0.0612443201244, 0.0174310840666, 0.0026165721938, 5.83227774769e-05, 8.79369235918e-06], "dmean2": [0.0237532258034, 0.288868665695, 1.1951186657, 3.60639977455, 13.7946252823, 13.914896965, 7.82371711731, 7.76913785934, 7.50808811188, 10.326584816, 21.3993759155, 24.1111278534, 13.4664640427, 11.6993103027, 8.93302726746, 16.8890590668, 27.6044101715, 24.7302417755, 30.6173286438, 25.2261543274, 23.3572368622, 31.8595256805, 18.8466911316, 15.0625553131, 11.8440475464, 9.06409835815, 9.28582859039, 7.27871704102, 4.0498175621, 2.71656084061, 1.93532443047, 1.52384829521, 0.901249051094, 0.644849061966, 0.27822932601, 0.0837532058358, 0.023888874799, 0.00362817430869, 7.95246160123e-05, 1.20454524222e-05], "dvar": [0.00327802496031, 0.240067213774, 2.89005017281, 25.0501651764, 605.379882812, 566.68371582, 97.495552063, 150.8256073, 309.749359131, 491.852264404, 1747.30651855, 2476.1418457, 687.331604004, 678.600524902, 401.734924316, 1776.92126465, 3262.30566406, 2141.69750977, 3756.22387695, 1681.56225586, 1103.63269043, 4327.23242188, 592.55847168, 430.5440979, 206.834075928, 116.000656128, 204.462600708, 188.407455444, 78.5634384155, 23.5281352997, 9.97591209412, 5.81017446518, 2.18562507629, 1.46528291702, 0.555234968662, 0.0311901625246, 0.00200160150416, 4.20183278038e-05, 1.9169348775e-08, 1.97825075765e-10], "dvar2": [0.0072290613316, 0.623690605164, 8.09671211243, 63.0582733154, 1360.43188477, 1359.39379883, 224.711273193, 365.298400879, 655.952026367, 929.809814453, 3388.97998047, 5394.47705078, 1365.4979248, 1306.46447754, 837.334289551, 3526.25732422, 6295.93847656, 4646.24707031, 7789.50683594, 3514.19335938, 2280.35351562, 8134.92626953, 1181.75805664, 896.68157959, 507.757232666, 274.560546875, 451.569213867, 429.368865967, 175.235198975, 51.5378913879, 23.492816925, 13.3645238876, 4.94919347763, 3.30468416214, 1.37146031857, 0.0700090378523, 0.00446663564071, 9.66409570538e-05, 4.32344187118e-08, 3.8520156509e-10], "max": [1.5513010025, 12.2120227814, 45.9476089478, 95.7114028931, 509.730529785, 546.182556152, 165.604934692, 344.871398926, 433.402252197, 687.254699707, 1310.27612305, 1068.60803223, 805.881164551, 776.046203613, 402.8878479, 1179.70727539, 1689.86938477, 1135.4329834, 1347.89733887, 1197.87609863, 815.741210938, 2511.484375, 589.347351074, 508.774841309, 189.337356567, 162.334259033, 355.045928955, 476.27532959, 341.549499512, 160.50592041, 89.6309509277, 59.3691902161, 31.7444019318, 32.526348114, 32.0521392822, 7.31627702713, 1.1551220417, 0.150038897991, 0.00294179352932, 0.000239801171119], "mean": [0.0197845492512, 0.270173192024, 1.54673194885, 4.31174135208, 12.673406601, 12.3144340515, 9.15679836273, 8.42481327057, 8.43698120117, 12.5935029984, 27.5831851959, 26.5368175507, 17.4664859772, 16.0072517395, 10.4839944839, 18.0435123444, 29.2665691376, 27.5945625305, 35.6361732483, 32.0195426941, 29.5379810333, 41.2248420715, 26.276763916, 18.6262931824, 13.3105392456, 11.1201934814, 13.4891252518, 9.1744146347, 4.88238859177, 3.16182756424, 2.32259440422, 1.81846570969, 1.09598326683, 0.683981478214, 0.282898187637, 0.0875327065587, 0.0245525427163, 0.00361051340587, 8.96460696822e-05, 2.60480846919e-05], "median": [0.00367903290316, 0.122280582786, 0.906856656075, 1.93794834614, 3.94078683853, 4.43354177475, 3.55732989311, 3.07983374596, 2.40170860291, 3.49271631241, 6.59627246857, 6.86325311661, 4.54416322708, 4.30572032928, 2.85989689827, 3.13085269928, 5.80436754227, 8.07044029236, 9.24480438232, 10.3395776749, 11.461356163, 11.8418750763, 10.1792125702, 8.62934780121, 5.68298482895, 6.16827440262, 6.8458366394, 4.35463571548, 1.97097957134, 1.35072386265, 1.06304371357, 0.796461224556, 0.496873646975, 0.271860688925, 0.0995494797826, 0.0253030415624, 0.00611715763807, 0.000858917890582, 3.19658538501e-05, 2.04180105356e-05], "min": [9.44966254727e-23, 3.31120616299e-22, 1.20130495243e-21, 4.0094377292e-21, 1.58466867356e-20, 2.95806863321e-20, 6.82246032278e-20, 4.88608511563e-20, 1.44997846668e-19, 1.45564736806e-19, 3.72843027411e-19, 2.4363312473e-19, 5.94778791083e-19, 5.97943067119e-19, 1.06868333362e-18, 1.20186923501e-18, 1.50572369327e-18, 1.71619928315e-18, 2.56224840246e-18, 2.51227552652e-18, 4.23650518245e-18, 3.69830301203e-18, 5.23969783524e-18, 6.25437010057e-18, 6.48208506499e-18, 8.09818918676e-18, 8.12226593285e-18, 1.05580746088e-17, 1.16565779069e-17, 1.03025543817e-17, 9.63440834088e-18, 1.01349262305e-17, 9.78208903154e-18, 7.5843081943e-18, 5.30038476806e-18, 4.04121404368e-18, 2.02045440702e-18, 1.01838351454e-18, 2.46466528521e-19, 2.68274608996e-20], "var": [0.00385883636773, 0.248818010092, 3.91824364662, 47.9223937988, 708.739746094, 619.794372559, 244.921981812, 424.937713623, 720.013977051, 1664.23291016, 6531.40527344, 5696.31152344, 3224.00878906, 2156.15161133, 916.953308105, 3495.1730957, 7370.60351562, 3877.578125, 7174.86328125, 3990.62670898, 3006.06591797, 16624.75, 2015.61657715, 1033.50219727, 376.605377197, 219.229858398, 419.956726074, 350.229431152, 138.154907227, 41.7555160522, 15.685125351, 8.93909931183, 3.35820198059, 1.89705491066, 0.546122133732, 0.0391263402998, 0.00267827627249, 5.41178960702e-05, 2.61005617119e-08, 5.61541535493e-10]}, "erbbands_crest": {"dmean": 2.59061050415, "dmean2": 4.13872385025, "dvar": 7.01718044281, "dvar2": 16.8163604736, "max": 29.676322937, "mean": 9.0489988327, "median": 7.86454582214, "min": 2.40758657455, "var": 20.6750793457}, "erbbands_flatness_db": {"dmean": 0.0187807735056, "dmean2": 0.0254040304571, "dvar": 0.000402147648856, "dvar2": 0.000718198891263, "max": 0.347932636738, "mean": 0.15998275578, "median": 0.156792670488, "min": 0.0372272357345, "var": 0.00182230677456}, "erbbands_kurtosis": {"dmean": 0.939675807953, "dmean2": 1.47112441063, "dvar": 2.41859459877, "dvar2": 5.82768297195, "max": 25.9519996643, "mean": 0.298380821943, "median": -0.352490663528, "min": -1.82503020763, "var": 5.1104054451}, "erbbands_skewness": {"dmean": 0.376285284758, "dmean2": 0.561754524708, "dvar": 0.152788802981, "dvar2": 0.328964561224, "max": 4.00909090042, "mean": -0.0364513918757, "median": -0.0995959639549, "min": -3.90299201012, "var": 0.666671156883}, "erbbands_spread": {"dmean": 9.2640838623, "dmean2": 13.5773305893, "dvar": 114.133079529, "dvar2": 234.742996216, "max": 146.087554932, "mean": 40.7405776978, "median": 37.8083648682, "min": 2.53481841087, "var": 355.349975586}, "gfcc": {"cov": [[31002.2578125, 454.458221436, -2894.91772461, 1264.90686035, -1371.26501465, 395.338378906, -1210.54333496, -86.7281494141, -689.402770996, -48.066318512, -630.890930176, -172.429046631, -197.358032227], [454.458221436, 1419.04174805, -194.139053345, -127.414871216, 179.135040283, -183.066421509, 106.45198822, -18.1263332367, 37.125869751, -142.309936523, 92.6301269531, -109.178703308, -7.63373756409], [-2894.91772461, -194.139053345, 1004.20269775, 110.105941772, 182.391433716, 83.2001800537, 122.26927948, 28.787355423, 26.2811813354, 20.499256134, 3.0397734642, 50.2083930969, -28.8623504639], [1264.90686035, -127.414871216, 110.105941772, 396.757354736, 27.0433979034, 38.2957687378, -54.9242324829, -8.485414505, -25.9583091736, 41.1529541016, -46.1477890015, -10.5432472229, 14.8994026184], [-1371.26501465, 179.135040283, 182.391433716, 27.0433979034, 310.988830566, 0.604606688023, 54.1397666931, -1.04311597347, 59.8829879761, 4.01133441925, 50.5753059387, -0.593133211136, 22.8467731476], [395.338378906, -183.066421509, 83.2001800537, 38.2957687378, 0.604606688023, 215.120010376, 33.538143158, 14.2455730438, -24.2852096558, 20.7428321838, -18.1121273041, 16.1599941254, -12.8646783829], [-1210.54333496, 106.45198822, 122.26927948, -54.9242324829, 54.1397666931, 33.538143158, 252.791702271, 53.6408309937, 11.9860744476, -0.869222640991, 41.9078712463, -5.63136529922, -3.44001221657], [-86.7281494141, -18.1263332367, 28.787355423, -8.485414505, -1.04311597347, 14.2455730438, 53.6408309937, 115.518516541, 33.0728492737, 16.0770378113, -6.59859800339, 5.92260026932, -10.2075023651], [-689.402770996, 37.125869751, 26.2811813354, -25.9583091736, 59.8829879761, -24.2852096558, 11.9860744476, 33.0728492737, 120.167259216, 33.6006278992, 13.956612587, -11.1583604813, 10.6629962921], [-48.066318512, -142.309936523, 20.499256134, 41.1529541016, 4.01133441925, 20.7428321838, -0.869222640991, 16.0770378113, 33.6006278992, 115.857551575, 3.29636859894, -2.15680623055, -3.62085342407], [-630.890930176, 92.6301269531, 3.0397734642, -46.1477890015, 50.5753059387, -18.1121273041, 41.9078712463, -6.59859800339, 13.956612587, 3.29636859894, 106.958030701, 29.8097171783, 7.54777908325], [-172.429046631, -109.178703308, 50.2083930969, -10.5432472229, -0.593133211136, 16.1599941254, -5.63136529922, 5.92260026932, -11.1583604813, -2.15680623055, 29.8097171783, 92.8413314819, 18.3177261353], [-197.358032227, -7.63373756409, -28.8623504639, 14.8994026184, 22.8467731476, -12.8646783829, -3.44001221657, -10.2075023651, 10.6629962921, -3.62085342407, 7.54777908325, 18.3177261353, 83.2529373169]], "icov": [[0.000156626309035, -0.000286565977149, 0.000387408450479, -0.000534852733836, 0.000403739715694, -0.000493790197652, 0.000498259440064, -0.000254813261563, 0.0004415717558, -0.000189056896488, 0.0004662819847, -0.000350931222783, 0.000347454973962], [-0.000286565977149, 0.00181596458424, -0.000433526467532, 0.000983359641396, -0.00143524806481, 0.00162621343043, -0.00130779249594, 0.000403857935453, -0.000921040598769, 0.00188184564468, -0.00184738403186, 0.00213777832687, -0.000301528780255], [0.000387408450479, -0.000433526467532, 0.00240080081858, -0.00174119870644, 7.26904545445e-05, -0.00124023307581, 0.000386184663512, -0.000349220499629, 0.000718291383237, -0.000138681571116, 0.00172040017787, -0.00187699939124, 0.00194309127983], [-0.000534852733836, 0.000983359641396, -0.00174119870644, 0.00505987601355, -0.00190755864605, 0.00141709961463, -0.000804250885267, 0.000516386469826, -4.25950929639e-05, -0.000773557520006, -0.000643643958028, 0.00198001181707, -0.00231987610459], [0.000403739715694, -0.00143524806481, 7.26904545445e-05, -0.00190755864605, 0.00606156839058, -0.00193435477559, 0.00115239468869, 7.57857696954e-06, -0.00102176109795, -0.0005018011434, -0.000487430399517, -0.000642760656774, -0.000427072431194], [-0.000493790197652, 0.00162621343043, -0.00124023307581, 0.00141709961463, -0.00193435477559, 0.00744281196967, -0.00273608090356, 0.000574645528104, -0.000115522219858, 0.000196861452423, -0.000512642029207, 0.00049251166638, -0.000105226645246], [0.000498259440064, -0.00130779249594, 0.000386184663512, -0.000804250885267, 0.00115239468869, -0.00273608090356, 0.00754072982818, -0.00389206130058, 0.00265014031902, -0.000858348270413, -0.00106335198507, 0.000926379987504, -4.97728360642e-05], [-0.000254813261563, 0.000403857935453, -0.000349220499629, 0.000516386469826, 7.57857696954e-06, 0.000574645528104, -0.00389206130058, 0.0121570490301, -0.00476788170636, -0.000217298220377, 0.00192670850083, -0.0023717158474, 0.00158432067838], [0.0004415717558, -0.000921040598769, 0.000718291383237, -4.25950929639e-05, -0.00102176109795, -0.000115522219858, 0.00265014031902, -0.00476788170636, 0.0139377377927, -0.00439259177074, 0.00048687425442, 0.00150429806672, -0.00134486553725], [-0.000189056896488, 0.00188184564468, -0.000138681571116, -0.000773557520006, -0.0005018011434, 0.000196861452423, -0.000858348270413, -0.000217298220377, -0.00439259177074, 0.0125972777605, -0.003006210085, 0.00234799529426, 0.00078716914868], [0.0004662819847, -0.00184738403186, 0.00172040017787, -0.000643643958028, -0.000487430399517, -0.000512642029207, -0.00106335198507, 0.00192670850083, 0.00048687425442, -0.003006210085, 0.0161727461964, -0.00800943281502, 0.00199736654758], [-0.000350931222783, 0.00213777832687, -0.00187699939124, 0.00198001181707, -0.000642760656774, 0.00049251166638, 0.000926379987504, -0.0023717158474, 0.00150429806672, 0.00234799529426, -0.00800943281502, 0.0177675615996, -0.0049147028476], [0.000347454973962, -0.000301528780255, 0.00194309127983, -0.00231987610459, -0.000427072431194, -0.000105226645246, -4.97728360642e-05, 0.00158432067838, -0.00134486553725, 0.00078716914868, 0.00199736654758, -0.0049147028476, 0.0152963185683]], "mean": [-47.7654914856, 83.6266479492, -125.717651367, 39.0207099915, -57.2113075256, 6.41893911362, -45.9743728638, 6.40040063858, -27.6378364563, -2.06767678261, -25.1306552887, -9.60129928589, -13.7802667618]}, "hfc": {"dmean": 5.34765768051, "dmean2": 7.01992607117, "dvar": 62.8662071228, "dvar2": 111.600646973, "max": 125.50692749, "mean": 17.8896217346, "median": 12.5253667831, "min": 1.08973323146e-16, "var": 321.062011719}, "melbands": {"dmean": [0.000161231815582, 0.000313490862027, 0.000524312898051, 0.00076289079152, 0.000187645055121, 0.00010627098527, 7.5042458775e-05, 8.50921132951e-05, 0.000125159538584, 9.73787682597e-05, 4.57617279608e-05, 3.61556740245e-05, 2.0342075004e-05, 2.80277890852e-05, 3.75644740416e-05, 4.53909997304e-05, 3.37960445904e-05, 3.86848878406e-05, 2.85946316581e-05, 2.32035363297e-05, 1.86147735803e-05, 2.69891806965e-05, 1.32944587676e-05, 1.00576053228e-05, 8.75012847246e-06, 6.85070608597e-06, 4.75431625091e-06, 4.19276648245e-06, 4.07456491303e-06, 3.92706715502e-06, 2.50161406257e-06, 1.78102550308e-06, 1.24061955376e-06, 9.81646621767e-07, 8.23329457944e-07, 7.52554797145e-07, 6.71561167565e-07, 4.74266585115e-07, 4.11510598042e-07, 3.95563347411e-07], "dmean2": [0.000253692269325, 0.000525283394381, 0.000823551032227, 0.0011759265326, 0.000296242244076, 0.000169805498444, 0.000116214243462, 0.000127624211018, 0.000185133234481, 0.000147657920024, 6.78995784256e-05, 5.13189806952e-05, 3.01842628687e-05, 4.20199794462e-05, 5.47434283362e-05, 6.81913807057e-05, 5.13668637723e-05, 5.67073366255e-05, 4.24419813498e-05, 3.49157380697e-05, 2.83881145151e-05, 4.0462204197e-05, 1.99376263481e-05, 1.52306556629e-05, 1.33581725095e-05, 1.10545970529e-05, 7.63591742725e-06, 6.57612281429e-06, 6.18198419033e-06, 5.98488304604e-06, 3.8011023662e-06, 2.67751124738e-06, 1.82124188086e-06, 1.47588036725e-06, 1.20073775634e-06, 1.09560835426e-06, 9.74817339738e-07, 6.80825792188e-07, 5.94125140196e-07, 5.73023214656e-07], "dvar": [2.84776490389e-07, 5.74312593926e-07, 1.0883638879e-06, 4.87182569486e-06, 1.23827987863e-07, 6.93279247344e-08, 6.91524633112e-08, 6.76244198416e-08, 1.28616250095e-07, 8.92956251164e-08, 1.87732389634e-08, 1.29396449111e-08, 4.36408864601e-09, 1.03419566244e-08, 1.76634742388e-08, 1.8930373713e-08, 1.06914574971e-08, 1.51389318859e-08, 5.41461986359e-09, 2.88239565549e-09, 1.74724390511e-09, 7.12902625821e-09, 8.38345781684e-10, 4.55434828739e-10, 3.63535507253e-10, 2.1988366683e-10, 7.86912132678e-11, 6.14374939811e-11, 8.43146732987e-11, 8.55459314497e-11, 7.01944405379e-11, 3.23109074218e-11, 1.36629258254e-11, 6.2859609011e-12, 3.73087585132e-12, 2.54511017296e-12, 2.29642173333e-12, 1.16902722311e-12, 8.82336087873e-13, 1.24900610687e-12], "dvar2": [6.54652978938e-07, 1.57813326496e-06, 2.64368122771e-06, 1.12332127173e-05, 2.93923335448e-07, 1.70845751768e-07, 1.44540209135e-07, 1.27997367372e-07, 2.49085928772e-07, 1.95796943103e-07, 3.71519419673e-08, 2.47505660411e-08, 9.18184905885e-09, 2.23248228792e-08, 3.51108795371e-08, 3.74185660235e-08, 2.35047554753e-08, 3.19599884335e-08, 1.17229745911e-08, 6.01821303903e-09, 3.69641317555e-09, 1.33405224645e-08, 1.73610481546e-09, 9.41215660966e-10, 7.59052265487e-10, 5.43836031763e-10, 1.98777619365e-10, 1.44522921408e-10, 1.8854473538e-10, 1.86856641271e-10, 1.7071383196e-10, 7.41450442709e-11, 3.08461936549e-11, 1.41823601474e-11, 8.87786979348e-12, 6.10110009389e-12, 5.30600910431e-12, 2.68719877079e-12, 1.89663475897e-12, 2.91283078387e-12], "max": [0.0148046175018, 0.020234555006, 0.0142139280215, 0.0481597557664, 0.00556333782151, 0.00676735537127, 0.00682371528819, 0.00625269813463, 0.00991464871913, 0.00733513617888, 0.00434735557064, 0.00346211506985, 0.00133920484222, 0.00207454292104, 0.00479048164561, 0.00301483855583, 0.00226604705676, 0.0030459347181, 0.00146861933172, 0.0011700859759, 0.00082261103671, 0.0028550948482, 0.000690390006639, 0.000548999174498, 0.000487659388455, 0.000210339465411, 0.000148762235767, 0.000126239800011, 0.000210741505725, 0.000252347788773, 0.000299521459965, 0.000232296108152, 0.000101408819319, 7.97089669504e-05, 5.17624903296e-05, 4.39846262452e-05, 3.97145813622e-05, 2.34866474784e-05, 1.77132042154e-05, 3.14466196869e-05], "mean": [0.000223511218792, 0.000665719853714, 0.00095437996788, 0.00102521560621, 0.000339160789736, 0.000186820921954, 0.000134048677864, 0.000153392873472, 0.000239440822043, 0.000156184803927, 8.64115354489e-05, 6.92198736942e-05, 3.32235613314e-05, 4.17440132878e-05, 5.54433463549e-05, 6.67935310048e-05, 4.93477491545e-05, 5.82105822104e-05, 4.91436476295e-05, 4.04159218306e-05, 3.06432775687e-05, 4.81498791487e-05, 2.47395291808e-05, 1.92244860955e-05, 1.48802655531e-05, 1.04918499346e-05, 8.52308767207e-06, 7.2176840149e-06, 8.23658956506e-06, 8.04139017418e-06, 4.20580181526e-06, 2.99311750496e-06, 1.9548410819e-06, 1.63279958088e-06, 1.32243576445e-06, 1.24581663385e-06, 1.07527409909e-06, 7.79742833856e-07, 6.56161944335e-07, 5.5495218021e-07], "median": [6.52650487609e-05, 0.00043199735228, 0.000480307469843, 0.000370016670786, 0.00014636918786, 6.74850234645e-05, 3.51883099938e-05, 4.14827445638e-05, 5.04929630551e-05, 3.9767663111e-05, 1.86272191058e-05, 1.59203918884e-05, 9.51108086156e-06, 8.06476964499e-06, 6.88313048158e-06, 1.4509664652e-05, 1.13018413685e-05, 1.18807211038e-05, 1.34240599436e-05, 1.2188137589e-05, 1.10668634079e-05, 1.1141259165e-05, 8.40468510432e-06, 7.42720294511e-06, 6.2731419348e-06, 3.78779441235e-06, 3.38476502293e-06, 3.67709776583e-06, 4.18080526288e-06, 3.69995564142e-06, 1.93104528989e-06, 1.04117702904e-06, 7.61078752021e-07, 6.88420470851e-07, 5.65584230117e-07, 5.4313528608e-07, 4.28442234579e-07, 3.39488821055e-07, 2.83972667603e-07, 1.99918360977e-07], "min": [1.22285785982e-24, 1.17850908581e-24, 8.19613069889e-25, 1.52194638621e-24, 2.45682643107e-24, 1.19583759888e-24, 2.21317924631e-24, 1.44577318835e-24, 3.01902452404e-24, 1.34822836805e-24, 2.59367486546e-24, 2.22200640263e-24, 3.38564348822e-24, 2.74410590692e-24, 3.32538122038e-24, 2.07630931546e-24, 2.72797606799e-24, 3.53695174301e-24, 4.12303200824e-24, 3.05325142378e-24, 3.80563185087e-24, 2.52750777653e-24, 3.4311406465e-24, 4.03563292525e-24, 4.11718023804e-24, 3.1414709221e-24, 4.73130924162e-24, 5.3929162332e-24, 4.12275393477e-24, 3.22381005402e-24, 4.99923993162e-24, 5.67400906741e-24, 5.51185752505e-24, 5.64621907544e-24, 5.10662204462e-24, 5.79076442569e-24, 5.6979253579e-24, 5.83127085545e-24, 5.22563275622e-24, 5.48909967679e-24], "var": [3.2740067013e-07, 7.4056589483e-07, 1.80222957624e-06, 5.18623437529e-06, 2.89750573756e-07, 1.85863868296e-07, 2.03131705234e-07, 2.06148584425e-07, 5.21008814758e-07, 1.93574678065e-07, 9.30363484031e-08, 4.4929976184e-08, 9.19787179754e-09, 2.04730383757e-08, 3.59173135678e-08, 4.06657214569e-08, 1.71372285251e-08, 2.57813894677e-08, 1.18433272078e-08, 7.20723880576e-09, 3.81475473432e-09, 2.67638355922e-08, 2.38255171148e-09, 1.24363541687e-09, 8.09810440927e-10, 3.20718063218e-10, 1.69214711687e-10, 1.11844034034e-10, 1.59277396827e-10, 1.86155202364e-10, 1.07359843238e-10, 5.34731391111e-11, 2.3233231311e-11, 1.0229983527e-11, 5.62711943014e-12, 3.97266247676e-12, 3.41549835289e-12, 1.7568326351e-12, 1.3638920722e-12, 1.46980637297e-12]}, "melbands_crest": {"dmean": 3.15981483459, "dmean2": 5.04765844345, "dvar": 10.0009632111, "dvar2": 23.1230239868, "max": 31.5789527893, "mean": 13.5240564346, "median": 13.2606468201, "min": 1.56982290745, "var": 25.300031662}, "melbands_flatness_db": {"dmean": 0.0252259876579, "dmean2": 0.0358927585185, "dvar": 0.000717213959433, "dvar2": 0.00156100513414, "max": 0.437695145607, "mean": 0.177076563239, "median": 0.169716775417, "min": 0.00235436600633, "var": 0.00426190206781}, "melbands_kurtosis": {"dmean": 6.5474486351, "dmean2": 10.2957906723, "dvar": 196.947250366, "dvar2": 455.363525391, "max": 629.397338867, "mean": 10.6709451675, "median": 5.31697273254, "min": -1.86600852013, "var": 307.00289917}, "melbands_skewness": {"dmean": 0.76841199398, "dmean2": 1.15122747421, "dvar": 0.861536562443, "dvar2": 1.82646918297, "max": 17.8589229584, "mean": 2.40252065659, "median": 2.15513634682, "min": -1.99115085602, "var": 2.68249678612}, "melbands_spread": {"dmean": 8.74165058136, "dmean2": 13.2385425568, "dvar": 141.557998657, "dvar2": 306.468933105, "max": 202.6953125, "mean": 30.6969356537, "median": 25.7652206421, "min": 0.718579530716, "var": 544.732727051}, "mfcc": {"cov": [[13424.0771484, -418.321899414, -332.810089111, 373.267974854, 98.917350769, 272.009460449, -184.281692505, -212.801940918, -44.0468444824, -88.2902374268, -309.673034668, -62.779460907, -248.510314941], [-418.321899414, 1576.44592285, -155.615463257, 78.9492492676, 55.8354644775, -111.915267944, 61.6323852539, 79.1704483032, -32.5496253967, -17.0165176392, 70.8382873535, 2.2666387558, -12.5346002579], [-332.810089111, -155.615463257, 569.826721191, 99.2256698608, 53.7467689514, 90.7749710083, 58.5964660645, 60.4192810059, 25.890001297, 18.8215141296, 15.5813798904, -16.9973220825, 25.989320755], [373.267974854, 78.9492492676, 99.2256698608, 344.628143311, 97.7577133179, 28.6139335632, 21.6808300018, -17.9589309692, 29.9276199341, 26.7318477631, -7.7382235527, -26.3232040405, 25.3926563263], [98.917350769, 55.8354644775, 53.7467689514, 97.7577133179, 257.947692871, 53.8358688354, -29.6866722107, -6.70434427261, 6.33159589767, 12.5013504028, -6.10878896713, -20.2338047028, 12.4555015564], [272.009460449, -111.915267944, 90.7749710083, 28.6139335632, 53.8358688354, 166.591949463, 55.1360740662, -2.36130356789, 17.5049552917, 15.9697561264, -1.98772931099, 11.7814655304, 4.32456302643], [-184.281692505, 61.6323852539, 58.5964660645, 21.6808300018, -29.6866722107, 55.1360740662, 175.401184082, 61.7151184082, 9.12396907806, 13.8481206894, 23.2418193817, 21.5179367065, 12.4625406265], [-212.801940918, 79.1704483032, 60.4192810059, -17.9589309692, -6.70434427261, -2.36130356789, 61.7151184082, 137.699401855, 12.2628002167, -9.25218582153, 18.6706123352, 8.15939807892, 5.33471250534], [-44.0468444824, -32.5496253967, 25.890001297, 29.9276199341, 6.33159589767, 17.5049552917, 9.12396907806, 12.2628002167, 116.760375977, 50.0252227783, 5.03517389297, 11.3862638474, 4.83087396622], [-88.2902374268, -17.0165176392, 18.8215141296, 26.7318477631, 12.5013504028, 15.9697561264, 13.8481206894, -9.25218582153, 50.0252227783, 110.243537903, 33.3170280457, 3.84730839729, 0.163550630212], [-309.673034668, 70.8382873535, 15.5813798904, -7.7382235527, -6.10878896713, -1.98772931099, 23.2418193817, 18.6706123352, 5.03517389297, 33.3170280457, 111.512741089, 32.8418045044, 5.92086744308], [-62.779460907, 2.2666387558, -16.9973220825, -26.3232040405, -20.2338047028, 11.7814655304, 21.5179367065, 8.15939807892, 11.3862638474, 3.84730839729, 32.8418045044, 99.4782180786, 19.0587520599], [-248.510314941, -12.5346002579, 25.989320755, 25.3926563263, 12.4555015564, 4.32456302643, 12.4625406265, 5.33471250534, 4.83087396622, 0.163550630212, 5.92086744308, 19.0587520599, 83.341506958]], "icov": [[9.85556471278e-05, 1.47228047354e-05, 8.58438070281e-05, -0.000172502535861, 5.11238067702e-05, -0.000238497930695, 0.000137262177304, -1.90792670764e-05, 6.70897643431e-05, 2.57902192971e-05, 0.000215081454371, -9.77596355369e-05, 0.000310446455842], [1.47228047354e-05, 0.000800122215878, 0.000281138869468, -0.000281456304947, -0.000355642841896, 0.000612505420577, -0.000436261208961, -0.000357391894795, 0.000157457732712, 0.000202153983992, -0.000472177634947, 1.75596251211e-05, 0.000291811506031], [8.58438070281e-05, 0.000281138869468, 0.00235777324997, -0.00074602663517, -3.1347382901e-05, -0.00118348258547, 6.26608089078e-05, -0.00119520246517, 3.13916170853e-05, 2.35951774812e-05, -0.000336548371706, 0.000615481927525, -0.000195170665393], [-0.000172502535861, -0.000281456304947, -0.00074602663517, 0.0041420282796, -0.00135088246316, 0.000745556433685, -0.00121829449199, 0.00132718391251, -0.0010348984506, -0.000302662403556, -4.15347094531e-05, 0.00109119736589, -0.00151163979899], [5.11238067702e-05, -0.000355642841896, -3.1347382901e-05, -0.00135088246316, 0.00534687796608, -0.00261057564057, 0.00233259238303, -0.000824670947623, 0.000470367376693, -0.000554653466679, 0.000156207548571, 0.000674257520586, -0.000630801077932], [-0.000238497930695, 0.000612505420577, -0.00118348258547, 0.000745556433685, -0.00261057564057, 0.00975663401186, -0.00419449433684, 0.00193103030324, -0.000914960575756, -8.78529244801e-05, 0.000121758894238, -0.00107762997504, 0.000201361515792], [0.000137262177304, -0.000436261208961, 6.26608089078e-05, -0.00121829449199, 0.00233259238303, -0.00419449433684, 0.00945563800633, -0.00402587093413, 0.00108345167246, -0.00130147486925, -3.9958038542e-05, -0.000936115393415, -0.00043522278429], [-1.90792670764e-05, -0.000357391894795, -0.00119520246517, 0.00132718391251, -0.000824670947623, 0.00193103030324, -0.00402587093413, 0.0104284565896, -0.00219070119783, 0.00234551541507, -0.00117822375614, 0.000321104103932, -5.21125657542e-05], [6.70897643431e-05, 0.000157457732712, 3.13916170853e-05, -0.0010348984506, 0.000470367376693, -0.000914960575756, 0.00108345167246, -0.00219070119783, 0.0116977188736, -0.00572936050594, 0.0018799827667, -0.0018384255236, 0.000104693201138], [2.57902192971e-05, 0.000202153983992, 2.35951774812e-05, -0.000302662403556, -0.000554653466679, -8.78529244801e-05, -0.00130147486925, 0.00234551541507, -0.00572936050594, 0.0135272843763, -0.0044656987302, 0.00140960444696, 0.000624558131676], [0.000215081454371, -0.000472177634947, -0.000336548371706, -4.15347094531e-05, 0.000156207548571, 0.000121758894238, -3.9958038542e-05, -0.00117822375614, 0.0018799827667, -0.0044656987302, 0.0125506510958, -0.00411739433184, 0.000689381209668], [-9.77596355369e-05, 1.75596251211e-05, 0.000615481927525, 0.00109119736589, 0.000674257520586, -0.00107762997504, -0.000936115393415, 0.000321104103932, -0.0018384255236, 0.00140960444696, -0.00411739433184, 0.0129744559526, -0.0033094054088], [0.000310446455842, 0.000291811506031, -0.000195170665393, -0.00151163979899, -0.000630801077932, 0.000201361515792, -0.00043522278429, -5.21125657542e-05, 0.000104693201138, 0.000624558131676, 0.000689381209668, -0.0033094054088, 0.0143426181749]], "mean": [-673.976501465, 107.29825592, -7.79448604584, 28.063249588, 6.57610702515, -0.124630883336, -5.14762401581, -2.87368798256, 1.02239918709, 0.237689718604, -4.20655536652, -3.01836585999, -11.7572154999]}, "pitch_salience": {"dmean": 0.0633757337928, "dmean2": 0.101368457079, "dvar": 0.00387982395478, "dvar2": 0.0096662286669, "max": 0.936545491219, "mean": 0.54397135973, "median": 0.546307206154, "min": 0.137762874365, "var": 0.00982480682433}, "silence_rate_20dB": {"dmean": 0, "dmean2": 0, "dvar": 0, "dvar2": 0, "max": 1, "mean": 1, "median": 1, "min": 1, "var": 0}, "silence_rate_30dB": {"dmean": 0.00269360258244, "dmean2": 0.00538811227307, "dvar": 0.00268670357764, "dvar2": 0.0077177779749, "max": 1, "mean": 0.998485088348, "median": 1, "min": 0, "var": 0.0015122423647}, "silence_rate_60dB": {"dmean": 0.0494949482381, "dmean2": 0.0990065634251, "dvar": 0.0470457710326, "dvar2": 0.108739241958, "max": 1, "mean": 0.135330751538, "median": 0, "min": 0, "var": 0.117015220225}, "spectral_centroid": {"dmean": 297.658721924, "dmean2": 443.220611572, "dvar": 135719.5, "dvar2": 275828.09375, "max": 11692.8056641, "mean": 1688.25854492, "median": 1529.60839844, "min": 224.175857544, "var": 1867592.625}, "spectral_complexity": {"dmean": 3.40976428986, "dmean2": 5.02710914612, "dvar": 17.6893367767, "dvar2": 34.0717506409, "max": 56, "mean": 16.8421134949, "median": 16, "min": 0, "var": 97.5667419434}, "spectral_contrast_coeffs": {"dmean": [0.0507687665522, 0.0441128872335, 0.0402746126056, 0.0347684361041, 0.0294651612639, 0.0216490216553], "dmean2": [0.0809863209724, 0.0704564005136, 0.0633940398693, 0.0524529851973, 0.0432711802423, 0.0316295213997], "dvar": [0.00227120309137, 0.00144755875226, 0.00117204489652, 0.000966390885878, 0.000686553015839, 0.000382984726457], "dvar2": [0.00523378001526, 0.00352718634531, 0.00276639522053, 0.00191049836576, 0.0013564999681, 0.000748266931623], "max": [-0.283689051867, -0.383688926697, -0.443464607, -0.504042327404, -0.496399968863, -0.560704708099], "mean": [-0.589411497116, -0.731511950493, -0.745055139065, -0.74058932066, -0.749460756779, -0.751667916775], "median": [-0.587209820747, -0.740794181824, -0.750268697739, -0.740510761738, -0.749589085579, -0.752006471157], "min": [-0.978184044361, -0.98349738121, -0.976954877377, -0.972900986671, -0.967736840248, -0.964048743248], "var": [0.0113220447674, 0.00771416677162, 0.00578512670472, 0.0062783700414, 0.00480307405815, 0.00344940344803]}, "spectral_contrast_valleys": {"dmean": [0.475277632475, 0.353922516108, 0.340948909521, 0.345665097237, 0.359442830086, 0.429153263569], "dmean2": [0.758760213852, 0.573408126831, 0.5420768857, 0.506870210171, 0.46719622612, 0.484534114599], "dvar": [0.256603688002, 0.139180630445, 0.130301862955, 0.140070930123, 0.175863221288, 0.256221115589], "dvar2": [0.527741611004, 0.296661108732, 0.273098886013, 0.258126288652, 0.272084504366, 0.381976127625], "max": [-5.575507164, -5.12424945831, -5.7657327652, -5.78050374985, -5.6111369133, -7.71299791336], "mean": [-8.31500339508, -7.52942800522, -8.35482978821, -8.460521698, -8.30535888672, -10.7837238312], "median": [-7.8066277504, -7.07657766342, -7.93107509613, -8.02195072174, -7.81681632996, -10.2809391022], "min": [-28.4128246307, -28.0814685822, -27.9149551392, -27.7776527405, -27.4911155701, -27.3887386322], "var": [7.18233156204, 7.33256626129, 6.82823133469, 6.94575881958, 7.25375986099, 6.02939653397]}, "spectral_decrease": {"dmean": 1.5755829974e-09, "dmean2": 2.2930488619e-09, "dvar": 7.39827692889e-18, "dvar2": 1.60170737409e-17, "max": 2.07348771523e-28, "mean": -4.4512802333e-09, "median": -3.48848394616e-09, "min": -5.39196953753e-08, "var": 1.68629999205e-17}, "spectral_energy": {"dmean": 0.00628570932895, "dmean2": 0.00906961597502, "dvar": 0.000112602618174, "dvar2": 0.000239391723881, "max": 0.209611341357, "mean": 0.0184228438884, "median": 0.014521622099, "min": 9.85483271633e-21, "var": 0.000279532017885}, "spectral_energyband_high": {"dmean": 0.000342662096955, "dmean2": 0.000474399887025, "dvar": 6.52099856779e-07, "dvar2": 1.30268722387e-06, "max": 0.019924974069, "mean": 0.000787231663708, "median": 0.000454197463114, "min": 7.07097332844e-21, "var": 1.45736373725e-06}, "spectral_energyband_low": {"dmean": 0.00161487120204, "dmean2": 0.00259496644139, "dvar": 1.44281648318e-05, "dvar2": 3.53104478563e-05, "max": 0.0737324506044, "mean": 0.00345861678943, "median": 0.00217298418283, "min": 9.85016770217e-24, "var": 2.42939040618e-05}, "spectral_energyband_middle_high": {"dmean": 0.00164373533335, "dmean2": 0.00221039634198, "dvar": 7.00190366842e-06, "dvar2": 1.18015323096e-05, "max": 0.0473392084241, "mean": 0.00516361789778, "median": 0.00248459842987, "min": 1.13972816148e-21, "var": 4.55777626485e-05}, "spectral_energyband_middle_low": {"dmean": 0.00475081149489, "dmean2": 0.00715359998867, "dvar": 8.86640773388e-05, "dvar2": 0.000199065718334, "max": 0.197921738029, "mean": 0.00992271397263, "median": 0.00620339857414, "min": 1.09205536585e-22, "var": 0.000145169397001}, "spectral_entropy": {"dmean": 0.178075268865, "dmean2": 0.238139584661, "dvar": 0.0343831069767, "dvar2": 0.0629322901368, "max": 9.82211685181, "mean": 7.50405693054, "median": 7.52533102036, "min": 5.69255495071, "var": 0.259638756514}, "spectral_flux": {"dmean": 0.0242805462331, "dmean2": 0.0389541015029, "dvar": 0.000871773750987, "dvar2": 0.00216591358185, "max": 0.39830878377, "mean": 0.0680638328195, "median": 0.0586497522891, "min": 6.40619848835e-11, "var": 0.00222139642574}, "spectral_kurtosis": {"dmean": 1.6572868824, "dmean2": 2.69125080109, "dvar": 5.62509393692, "dvar2": 13.731423378, "max": 61.0775375366, "mean": 4.34397506714, "median": 3.44038105011, "min": -1.25960314274, "var": 12.2277488708}, "spectral_rms": {"dmean": 0.000673339352943, "dmean2": 0.000947125721723, "dvar": 8.3934179429e-07, "dvar2": 1.65067388025e-06, "max": 0.0143003100529, "mean": 0.00377677218057, "median": 0.00376396556385, "min": 3.10072106879e-12, "var": 3.70946918338e-06}, "spectral_rolloff": {"dmean": 538.100646973, "dmean2": 876.434509277, "dvar": 687093.5625, "dvar2": 1508581.5, "max": 19724.4140625, "mean": 2047.58007812, "median": 1722.65625, "min": 86.1328125, "var": 6318705}, "spectral_skewness": {"dmean": 0.219188898802, "dmean2": 0.338938891888, "dvar": 0.0609485469759, "dvar2": 0.138037458062, "max": 5.96342754364, "mean": 1.4342982769, "median": 1.34987461567, "min": -0.0696092769504, "var": 0.247441872954}, "spectral_spread": {"dmean": 582451.6875, "dmean2": 780863.25, "dvar": 741115035648, "dvar2": 1400274026500.0, "max": 42597572, "mean"