{"lowlevel": {"average_loudness": 0.536613583565, "barkbands": {"dmean": [1.53329729073e-05, 0.00142225145828, 0.000428318860941, 0.00102622946724, 0.00227863993496, 0.000351183582097, 0.000427155726356, 0.000287720496999, 0.000432438740972, 0.00041776424041, 0.000229717057664, 0.000204726631637, 0.00017744624347, 0.000312859978294, 0.000184801567229, 0.000105826125946, 0.000153551969561, 0.00012539049203, 4.59056718682e-05, 4.96256288898e-05, 3.16262012348e-05, 4.3020612793e-05, 3.81952377211e-05, 2.985599167e-05, 3.5385688534e-05, 1.73284315679e-05, 4.77621426853e-07], "dmean2": [2.28242406592e-05, 0.00253492733464, 0.000700691947713, 0.00173647236079, 0.00380116421729, 0.000510976882651, 0.000609812967014, 0.000422294484451, 0.000625095737632, 0.000611227296758, 0.000345478678355, 0.000304052140564, 0.000264622620307, 0.000478125817608, 0.000275607861113, 0.000162999975146, 0.000235728482949, 0.000187883299077, 6.95075068506e-05, 7.2593888035e-05, 4.57655842183e-05, 6.2308012275e-05, 5.51753546461e-05, 4.33610985056e-05, 5.14333114552e-05, 2.52211066254e-05, 6.98066060068e-07], "dvar": [2.62297805698e-09, 3.55625161319e-05, 8.05959984973e-07, 6.0504562498e-06, 1.86967045011e-05, 5.15468229878e-07, 8.7991492137e-07, 7.65737354413e-07, 2.17836213778e-06, 2.45307774094e-06, 1.40232998547e-06, 7.78088690367e-07, 6.81942310621e-07, 1.41498117046e-06, 3.43649901424e-07, 1.43669552699e-07, 1.29298257434e-07, 7.87763596577e-08, 7.51090389883e-09, 7.89068366203e-09, 8.21186052491e-09, 1.00364898614e-08, 1.16065006495e-08, 5.61210100614e-09, 8.78450556741e-09, 2.56784216113e-09, 2.06252332921e-12], "dvar2": [5.63468294246e-09, 9.87279781839e-05, 2.0706174837e-06, 1.6708709154e-05, 5.14686871611e-05, 1.00907323031e-06, 1.94567837752e-06, 1.80354606982e-06, 4.69506539957e-06, 5.87645808992e-06, 3.81142172046e-06, 1.72104216745e-06, 1.54560143528e-06, 3.37983215104e-06, 7.42038764656e-07, 3.43044717965e-07, 3.06425874896e-07, 1.82611401556e-07, 1.65235007898e-08, 1.61658686437e-08, 1.9229274173e-08, 2.12427959667e-08, 2.5568549944e-08, 1.26222090557e-08, 1.96145357734e-08, 5.93167470697e-09, 4.54455873974e-12], "max": [0.00154427159578, 0.0778226107359, 0.0115874065086, 0.0634898766875, 0.0777495130897, 0.0212668515742, 0.0267862826586, 0.0200837608427, 0.0431211963296, 0.0577966310084, 0.0423774346709, 0.0384137630463, 0.0358630865812, 0.0342115163803, 0.0159992892295, 0.0167558919638, 0.0110575435683, 0.00911806337535, 0.00169935077429, 0.00261628255248, 0.00368661107495, 0.00299949501641, 0.0053538014181, 0.00110407429747, 0.00147947121877, 0.00131187099032, 2.93104058073e-05], "mean": [1.89390484593e-05, 0.00123431906104, 0.000751290936023, 0.00151349999942, 0.00449397135526, 0.0011292793788, 0.00114991411101, 0.000630276335869, 0.00100619252771, 0.000847587944008, 0.000533348822501, 0.000526725489181, 0.000326268520439, 0.000617621757556, 0.000396143441321, 0.000216757602175, 0.000426410319051, 0.000352216535248, 9.23290353967e-05, 0.000105617509689, 4.44616925961e-05, 6.75441042404e-05, 5.25170580659e-05, 3.82882244594e-05, 3.8829359255e-05, 1.80188726517e-05, 4.81774861782e-07], "median": [3.57945680207e-07, 0.00011209101649, 0.000286582595436, 0.000677307019942, 0.00284541561268, 0.000308933929773, 0.000319369166391, 7.85040538176e-05, 9.40080935834e-05, 5.62133209314e-05, 3.04917957692e-05, 3.35364675266e-05, 3.47671157215e-05, 3.39129073836e-05, 4.02514706366e-05, 2.6179726774e-05, 8.84218898136e-05, 6.89060398145e-05, 3.65871164831e-05, 3.96332252421e-05, 1.07588557512e-05, 1.50532114276e-05, 1.06819225039e-05, 6.75452611176e-06, 3.99655391448e-06, 1.05336300749e-06, 1.17936229671e-08], "min": [2.7816012053e-25, 3.134560895e-24, 1.21686379884e-24, 2.51878553872e-25, 5.83447836389e-24, 5.80867432925e-24, 3.3475221794e-24, 6.34237225822e-24, 1.60206574243e-23, 1.18622457934e-23, 1.38738213801e-23, 2.62531347313e-23, 1.62846986356e-23, 3.33908570645e-23, 4.88772442413e-23, 6.07316306135e-23, 5.38195051442e-23, 1.06168649292e-22, 1.30301065586e-22, 1.53834376732e-22, 2.4987554137e-22, 2.87252881775e-22, 4.14164066901e-22, 5.14583939678e-22, 8.03105486493e-22, 1.30037689542e-21, 1.94094376444e-21], "var": [4.2296544045e-09, 2.39118089667e-05, 1.30737021209e-06, 6.63012360747e-06, 2.65660055447e-05, 3.90071772927e-06, 3.7576151044e-06, 2.22031735575e-06, 6.92808680469e-06, 6.23201276539e-06, 5.08759239892e-06, 3.14757039632e-06, 1.52716438606e-06, 5.17402077094e-06, 1.28429587676e-06, 4.40099000798e-07, 8.18263799829e-07, 6.16930719843e-07, 1.87697093423e-08, 2.66308557428e-08, 1.10525437691e-08, 1.81246662123e-08, 1.66876947816e-08, 7.7289135092e-09, 1.08847526548e-08, 2.92211144171e-09, 2.4617656004e-12]}, "barkbands_crest": {"dmean": 2.50005817413, "dmean2": 4.15473890305, "dvar": 6.50927209854, "dvar2": 17.6549091339, "max": 25.8985347748, "mean": 11.8418502808, "median": 10.9646129608, "min": 2.70126461983, "var": 22.7397861481}, "barkbands_flatness_db": {"dmean": 0.0242941007018, "dmean2": 0.0363881625235, "dvar": 0.000607970985584, "dvar2": 0.00141683546826, "max": 0.501052737236, "mean": 0.176217734814, "median": 0.167700663209, "min": 0.0415928848088, "var": 0.00351419136859}, "barkbands_kurtosis": {"dmean": 4.58860301971, "dmean2": 7.35556745529, "dvar": 75.0524749756, "dvar2": 190.312301636, "max": 256.106536865, "mean": 8.29144191742, "median": 3.54596185684, "min": -1.92767941952, "var": 178.898239136}, "barkbands_skewness": {"dmean": 0.626992046833, "dmean2": 0.976029038429, "dvar": 0.561790645123, "dvar2": 1.38986802101, "max": 12.9125041962, "mean": 2.11541771889, "median": 1.96073329449, "min": -3.4841542244, "var": 2.49795484543}, "barkbands_spread": {"dmean": 5.89138221741, "dmean2": 9.10791683197, "dvar": 85.8003387451, "dvar2": 210.396896362, "max": 153.25680542, "mean": 17.8148155212, "median": 14.0640335083, "min": 0.261872082949, "var": 198.412567139}, "dissonance": {"dmean": 0.0171645563096, "dmean2": 0.0277869943529, "dvar": 0.000348793546436, "dvar2": 0.00089090882102, "max": 0.499999970198, "mean": 0.451175302267, "median": 0.460820615292, "min": 0.186562031507, "var": 0.00125900132116}, "dynamic_complexity": 4.7533659935, "erbbands": {"dmean": [0.0275474488735, 0.358348399401, 0.586124479771, 1.77199947834, 7.42894411087, 7.54854536057, 3.12833023071, 2.89221096039, 5.94889116287, 5.66583108902, 6.46450901031, 9.33808612823, 10.1470966339, 14.0210428238, 8.11733913422, 7.66573286057, 8.07584953308, 14.5182781219, 11.7200984955, 6.61272859573, 5.46145248413, 8.08050346375, 7.37943410873, 3.10227966309, 2.42427158356, 2.20825743675, 1.5184918642, 1.11201357841, 1.40669727325, 1.36658108234, 1.148848176, 0.657159745693, 0.537410497665, 0.372655123472, 0.261042684317, 0.110270373523, 0.025780081749, 0.00235148658976, 9.88670726656e-05, 9.097218026e-06], "dmean2": [0.0490023754537, 0.637261092663, 0.972705900669, 2.9647808075, 12.4687356949, 12.4779701233, 4.63465642929, 4.15584278107, 8.62086391449, 8.0773973465, 9.44979286194, 13.211309433, 14.5316114426, 21.0280342102, 11.7429637909, 11.1776857376, 11.5220069885, 21.6998271942, 17.2802619934, 9.60032749176, 8.29423809052, 12.0437698364, 10.877617836, 4.71583271027, 3.56304502487, 3.21524190903, 2.18551230431, 1.62274062634, 2.04325604439, 1.98866975307, 1.67039859295, 0.942176997662, 0.793929100037, 0.54530185461, 0.384023010731, 0.160074979067, 0.0381071418524, 0.00339105608873, 0.000142900724313, 1.31382803374e-05], "dvar": [0.0135680176318, 2.20471119881, 2.42069792747, 18.0385074615, 286.678070068, 159.442703247, 32.3093757629, 40.1046867371, 196.452636719, 191.934677124, 417.792602539, 1173.99438477, 1777.61010742, 2875.82519531, 1316.68103027, 1438.23120117, 1389.84094238, 2961.73193359, 1972.58410645, 489.519104004, 387.871765137, 329.974182129, 305.914916992, 38.3009223938, 20.5488739014, 16.0204429626, 12.513710022, 12.029753685, 11.4222450256, 11.1175079346, 11.1441555023, 2.54329323769, 2.07312941551, 1.05280423164, 0.493945330381, 0.0877214893699, 0.00781027134508, 4.66359815618e-05, 8.24750046036e-08, 2.67743355264e-10], "dvar2": [0.0379785820842, 6.08959341049, 6.12155771255, 49.1579055786, 763.608520508, 443.899719238, 68.5072174072, 74.3854217529, 447.314331055, 413.048431396, 1033.20324707, 2425.85620117, 4144.71826172, 7341.51220703, 3337.74365234, 3274.20556641, 2947.37426758, 7044.72998047, 4411.18066406, 1054.50866699, 1030.75817871, 719.608947754, 711.940734863, 92.2586898804, 41.3718032837, 32.3901367188, 26.8371734619, 29.0270404816, 24.4837245941, 23.6923751831, 25.1999492645, 5.39489078522, 4.92156648636, 2.43309235573, 1.1113666296, 0.194710299373, 0.0191147476435, 0.000101697303762, 1.80224034807e-07, 5.77491165998e-10], "max": [1.62650036812, 19.6293010712, 24.088968277, 98.7242202759, 311.135498047, 213.582092285, 140.058380127, 198.15447998, 454.669250488, 359.806396484, 496.524169922, 1169.37341309, 1867.75610352, 1328.65356445, 1333.82250977, 1443.79931641, 1975.12744141, 1346.58154297, 1401.52441406, 1046.40075684, 809.239624023, 762.237854004, 717.959899902, 141.732879639, 140.814178467, 94.5565719604, 78.6713409424, 146.432296753, 102.97769165, 127.661354065, 172.146469116, 45.5158691406, 25.6697311401, 19.3057136536, 9.56968021393, 4.74673271179, 2.85946702957, 0.148475021124, 0.00513564702123, 0.00023814245651], "mean": [0.0228589251637, 0.323461711407, 0.914061963558, 3.01457309723, 10.625831604, 16.1833744049, 10.9118652344, 9.26100730896, 15.7438173294, 14.5743627548, 15.0982084274, 22.3500881195, 23.4236660004, 29.8177261353, 22.1204528809, 20.1009693146, 18.0800437927, 28.9628715515, 27.2109241486, 14.9479045868, 13.3571910858, 26.0571956635, 21.8273181915, 7.08482408524, 5.38350963593, 4.85526561737, 2.44204425812, 1.57628440857, 2.20078849792, 2.03986787796, 1.55053830147, 0.885328352451, 0.653971076012, 0.411548882723, 0.280946701765, 0.117309816182, 0.0265976209193, 0.00246462062933, 0.000108829743112, 2.37320600718e-05], "median": [0.00129055802245, 0.038902644068, 0.338414847851, 1.65900337696, 5.8332695961, 9.37697792053, 3.65598583221, 2.61636424065, 4.34614467621, 3.42152953148, 2.68271064758, 2.53887748718, 2.08849000931, 1.99379551411, 1.98339486122, 1.40090560913, 1.73815846443, 1.93981909752, 1.9773209095, 2.14701724052, 2.01390385628, 4.77569103241, 4.37558317184, 2.62921094894, 2.24157905579, 1.71381342411, 0.745720922947, 0.352877020836, 0.478614151478, 0.455933660269, 0.313002854586, 0.172674641013, 0.100845180452, 0.0420631319284, 0.0278789233416, 0.00933153647929, 0.00126770674251, 0.000102391066321, 1.20153727039e-05, 1.47410983118e-05], "min": [1.11749505719e-22, 5.50198295867e-22, 1.52448982997e-21, 4.68635540971e-21, 1.32754345756e-20, 1.87266339761e-20, 1.63831682928e-20, 7.24055100857e-20, 6.88249618691e-20, 8.97513130476e-20, 1.27137944493e-19, 4.14185023288e-19, 3.86322323233e-19, 5.66916349523e-19, 8.73357453261e-19, 1.40387625317e-18, 9.69472118127e-19, 2.56123407223e-18, 1.98706443441e-18, 2.95631331717e-18, 3.45868967488e-18, 4.77701311884e-18, 5.07118129213e-18, 6.29113538366e-18, 6.19782982416e-18, 6.19608654102e-18, 8.65041248216e-18, 1.039422171e-17, 9.02991550257e-18, 1.12506489475e-17, 1.16278656407e-17, 1.10057530281e-17, 8.62941284795e-18, 7.45175746422e-18, 5.50131355629e-18, 3.97190871606e-18, 2.25712711709e-18, 9.62723461702e-19, 2.49678703484e-19, 2.70136266206e-20], "var": [0.00911413878202, 1.49262571335, 2.72253251076, 20.1516075134, 283.027404785, 365.461914062, 275.234313965, 286.625762939, 802.286621094, 679.262268066, 1172.49206543, 3683.3125, 4633.49804688, 8463.55273438, 6118.77783203, 4987.85449219, 3878.8515625, 9576.04003906, 8574.29980469, 1797.43933105, 1377.15307617, 3301.09643555, 2331.34423828, 136.784545898, 63.2923698425, 60.6167602539, 21.0884170532, 15.6049480438, 20.0719394684, 18.6315670013, 15.0737314224, 3.98743510246, 2.52140974998, 1.24119412899, 0.593545734882, 0.108585216105, 0.00773355923593, 5.75018129894e-05, 1.00750924048e-07, 6.57538856697e-10]}, "erbbands_crest": {"dmean": 2.12383389473, "dmean2": 3.38997673988, "dvar": 4.54293441772, "dvar2": 11.5997800827, "max": 28.7543544769, "mean": 9.3020067215, "median": 8.51562023163, "min": 2.41642665863, "var": 16.3921489716}, "erbbands_flatness_db": {"dmean": 0.019071329385, "dmean2": 0.0252227578312, "dvar": 0.000369392801076, "dvar2": 0.000665227591526, "max": 0.356677114964, "mean": 0.177368625998, "median": 0.176390960813, "min": 0.0262076798826, "var": 0.00319858314469}, "erbbands_kurtosis": {"dmean": 0.827143132687, "dmean2": 1.30540239811, "dvar": 2.53989744186, "dvar2": 6.50224018097, "max": 41.818775177, "mean": 0.388979136944, "median": -0.538878440857, "min": -1.85164153576, "var": 9.11435031891}, "erbbands_skewness": {"dmean": 0.354449629784, "dmean2": 0.53731739521, "dvar": 0.146978005767, "dvar2": 0.335395514965, "max": 6.00935792923, "mean": 0.378895431757, "median": 0.28622469306, "min": -3.55357837677, "var": 0.836766421795}, "erbbands_spread": {"dmean": 9.23952674866, "dmean2": 13.7822494507, "dvar": 153.018707275, "dvar2": 356.080963135, "max": 158.97442627, "mean": 45.4558181763, "median": 42.2124252319, "min": 3.25727272034, "var": 653.235290527}, "gfcc": {"cov": [[23883.5761719, 316.556396484, -2431.23046875, 487.337921143, -1131.88342285, 438.227264404, -854.571899414, 636.413330078, -278.596160889, -90.683380127, -567.516784668, 81.9725723267, -275.271331787], [316.556396484, 1820.78393555, -630.307983398, -366.278900146, 111.059509277, -231.393341064, 160.23336792, -147.213882446, 184.502349854, -174.227005005, 226.483398438, -131.043563843, 132.425949097], [-2431.23046875, -630.307983398, 1142.91137695, 368.974182129, 200.839126587, 189.022033691, 67.1937866211, 56.4144973755, -38.0046653748, 162.291519165, -19.0900039673, 91.9769363403, -53.1227493286], [487.337921143, -366.278900146, 368.974182129, 673.500915527, 86.3248748779, 75.861869812, -75.6468811035, 101.104911804, 16.6140422821, 57.6909141541, -57.9459342957, 55.496925354, -25.5130386353], [-1131.88342285, 111.059509277, 200.839126587, 86.3248748779, 292.244384766, 64.6561355591, 106.157470703, 28.3958110809, 77.5416641235, 36.4502182007, 45.1136474609, -0.77912324667, 37.2294197083], [438.227264404, -231.393341064, 189.022033691, 75.861869812, 64.6561355591, 356.132385254, 148.277435303, 77.4593582153, -37.3882865906, 74.5123138428, -17.6824111938, 44.8081932068, -44.2780036926], [-854.571899414, 160.23336792, 67.1937866211, -75.6468811035, 106.157470703, 148.277435303, 281.560638428, 17.0405158997, 12.7620458603, -7.06625652313, 71.6663818359, 14.0384531021, 20.780796051], [636.413330078, -147.213882446, 56.4144973755, 101.104911804, 28.3958110809, 77.4593582153, 17.0405158997, 189.788421631, 53.462348938, 19.8928947449, -29.7231140137, 51.2657852173, -0.820657610893], [-278.596160889, 184.502349854, -38.0046653748, 16.6140422821, 77.5416641235, -37.3882865906, 12.7620458603, 53.462348938, 196.275146484, 15.1409797668, 35.9330596924, -6.14218473434, 51.4896202087], [-90.683380127, -174.227005005, 162.291519165, 57.6909141541, 36.4502182007, 74.5123138428, -7.06625652313, 19.8928947449, 15.1409797668, 132.386474609, -2.69049239159, 14.8430929184, -10.1224193573], [-567.516784668, 226.483398438, -19.0900039673, -57.9459342957, 45.1136474609, -17.6824111938, 71.6663818359, -29.7231140137, 35.9330596924, -2.69049239159, 115.801094055, 11.9103021622, 30.9914531708], [81.9725723267, -131.043563843, 91.9769363403, 55.496925354, -0.77912324667, 44.8081932068, 14.0384531021, 51.2657852173, -6.14218473434, 14.8430929184, 11.9103021622, 97.6841964722, 11.401971817], [-275.271331787, 132.425949097, -53.1227493286, -25.5130386353, 37.2294197083, -44.2780036926, 20.780796051, -0.820657610893, 51.4896202087, -10.1224193573, 30.9914531708, 11.401971817, 80.8648147583]], "icov": [[0.000179608090548, -0.000309136026772, 0.000418357230956, -0.000261376815615, 0.000413517671404, -0.000566412170883, 0.000573364610318, -0.000607580761425, 0.000366503285477, -0.000333123927703, 0.000515387393534, -0.000327234854922, 0.000229537807172], [-0.000309136026772, 0.0018448428018, -0.000283180357656, 0.000539339322131, -0.00111794471741, 0.00114495563321, -0.00129340600688, 0.00139213621151, -0.00127250922378, 0.00154931237921, -0.00265820184723, 0.00172013673, -0.000820812187158], [0.000418357230956, -0.000283180357656, 0.00272215693258, -0.00116534321569, -0.000160972078447, -0.000967687112279, 0.000678561627865, -0.000867770868354, 0.00102342839818, -0.00193016184494, 0.00113807746675, -0.00179865583777, 0.0015937135322], [-0.000261376815615, 0.000539339322131, -0.00116534321569, 0.00258498010226, -0.00121636944823, 0.000459738861537, 0.000265012437012, 0.000260726374108, -0.00077521050116, 0.000941027188674, -0.000480793736642, 6.51111913612e-05, -0.000190205071704], [0.000413517671404, -0.00111794471741, -0.000160972078447, -0.00121636944823, 0.006903486792, -0.0018677667249, 5.77826176595e-06, -0.00182084878907, -0.000387643376598, -0.00124560412951, 0.000576624239329, 0.00116321363021, -0.00176616420504], [-0.000566412170883, 0.00114495563321, -0.000967687112279, 0.000459738861537, -0.0018677667249, 0.00807008054107, -0.00588421942666, 0.00087617977988, -0.000229890225455, -0.00207853270695, 0.000344564177794, -0.000685363076627, 0.00235674949363], [0.000573364610318, -0.00129340600688, 0.000678561627865, 0.000265012437012, 5.77826176595e-06, -0.00588421942666, 0.00983979646116, -0.00279021053575, 0.0017474994529, 0.00165627035312, -0.00230556516908, 2.39213004534e-05, -0.00120742362924], [-0.000607580761425, 0.00139213621151, -0.000867770868354, 0.000260726374108, -0.00182084878907, 0.00087617977988, -0.00279021053575, 0.011130861938, -0.00500581366941, 0.00161130528431, 0.00150798377581, -0.0036282571964, 0.000634930154774], [0.000366503285477, -0.00127250922378, 0.00102342839818, -0.00077521050116, -0.000387643376598, -0.000229890225455, 0.0017474994529, -0.00500581366941, 0.00961543805897, -0.00276698102243, -0.000533554528374, 0.00139820855111, -0.00314957625233], [-0.000333123927703, 0.00154931237921, -0.00193016184494, 0.000941027188674, -0.00124560412951, -0.00207853270695, 0.00165627035312, 0.00161130528431, -0.00276698102243, 0.0126101775095, -0.00370259094052, 0.00199474720284, -0.00113808689639], [0.000515387393534, -0.00265820184723, 0.00113807746675, -0.000480793736642, 0.000576624239329, 0.000344564177794, -0.00230556516908, 0.00150798377581, -0.000533554528374, -0.00370259094052, 0.01849530451, -0.00725851859897, 0.00104587140959], [-0.000327234854922, 0.00172013673, -0.00179865583777, 6.51111913612e-05, 0.00116321363021, -0.000685363076627, 2.39213004534e-05, -0.0036282571964, 0.00139820855111, 0.00199474720284, -0.00725851859897, 0.0181240327656, -0.00645996211097], [0.000229537807172, -0.000820812187158, 0.0015937135322, -0.000190205071704, -0.00176616420504, 0.00235674949363, -0.00120742362924, 0.000634930154774, -0.00314957625233, -0.00113808689639, 0.00104587140959, -0.00645996211097, 0.0202721413225]], "mean": [-79.8065719604, 102.449928284, -116.926933289, 33.4170951843, -62.2331733704, -2.64873981476, -52.6474952698, -0.78404301405, -32.1871910095, -11.6288795471, -19.1674346924, -6.00814628601, -15.4148130417]}, "hfc": {"dmean": 3.50970840454, "dmean2": 4.68985271454, "dvar": 31.7586917877, "dvar2": 57.3091812134, "max": 123.596054077, "mean": 12.6469449997, "median": 5.96309089661, "min": 1.09976547645e-16, "var": 268.483886719}, "melbands": {"dmean": [0.000331966351951, 0.000380097539164, 0.00045745933312, 0.000587809656281, 0.000134007306769, 6.5487853135e-05, 8.93330725376e-05, 6.05589848419e-05, 5.48401949345e-05, 6.07930123806e-05, 5.14495586685e-05, 5.99773266003e-05, 3.22567684634e-05, 2.33385544561e-05, 1.90254995687e-05, 1.94731746888e-05, 2.89257623081e-05, 2.15712225327e-05, 1.03820520962e-05, 7.44336648495e-06, 6.65042307446e-06, 8.26574523671e-06, 1.04731352621e-05, 5.06566493641e-06, 2.49602908298e-06, 1.69814268247e-06, 1.98443581212e-06, 1.48193942096e-06, 1.0641638255e-06, 8.29967973459e-07, 5.80028427066e-07, 6.90364174716e-07, 1.13403098112e-06, 6.2470036255e-07, 6.82678319208e-07, 6.11617053892e-07, 3.36810160206e-07, 4.04852130487e-07, 2.94657525046e-07, 3.40738836258e-07], "dmean2": [0.000589569914155, 0.00065196515061, 0.000761603354476, 0.000982650904916, 0.000206947079278, 9.47627340793e-05, 0.000128448489704, 8.68020215421e-05, 8.01259520813e-05, 8.71174852364e-05, 7.39839306334e-05, 8.93964024726e-05, 4.7224064474e-05, 3.4347147448e-05, 2.70907494269e-05, 2.9227037885e-05, 4.32706001448e-05, 3.23761814798e-05, 1.51331805682e-05, 1.11275412564e-05, 1.02915546449e-05, 1.23932832139e-05, 1.58392413141e-05, 7.68020072428e-06, 3.88368562199e-06, 2.57319538832e-06, 2.94065353046e-06, 2.20671131501e-06, 1.56415239871e-06, 1.235245918e-06, 8.56457063492e-07, 1.0170593896e-06, 1.68968483649e-06, 9.21558353184e-07, 1.01671957964e-06, 8.96063738764e-07, 4.91052901452e-07, 6.03381010933e-07, 4.38579803586e-07, 5.08321136294e-07], "dvar": [1.97337021746e-06, 1.62843605267e-06, 1.15771217679e-06, 1.30250464281e-06, 4.97730283655e-08, 1.93709226437e-08, 4.21989589938e-08, 2.27708305545e-08, 2.77475962207e-08, 4.69081058441e-08, 4.64495677477e-08, 5.25695291742e-08, 2.69284008425e-08, 1.1275922418e-08, 7.84098741491e-09, 7.17426207331e-09, 1.13244187361e-08, 8.12691069996e-09, 9.74861413816e-10, 7.1238326349e-10, 5.32441812862e-10, 3.62769064788e-10, 5.91268922712e-10, 1.27936938821e-10, 2.72280739622e-11, 1.03139155203e-11, 1.41315908628e-11, 7.86715310952e-12, 5.70793976321e-12, 9.03192538121e-12, 2.72473363316e-12, 3.1536654798e-12, 6.88144506655e-12, 2.78969599157e-12, 4.31428504033e-12, 2.61971889494e-12, 6.71681135191e-13, 1.16380245285e-12, 6.87799480998e-13, 9.76563990264e-13], "dvar2": [5.48179832549e-06, 4.32566866948e-06, 3.08725634568e-06, 3.59724663213e-06, 1.16578085851e-07, 3.64960826005e-08, 9.46539060465e-08, 4.98312751063e-08, 6.6531271159e-08, 9.84268453408e-08, 1.08753532402e-07, 1.32503842565e-07, 7.168473104e-08, 2.36322765801e-08, 1.4681147853e-08, 1.69734253319e-08, 2.60910528738e-08, 1.87364701532e-08, 2.0110912935e-09, 1.47367940073e-09, 1.42850631324e-09, 8.03609567779e-10, 1.40917488789e-09, 2.87505241836e-10, 6.73316472022e-11, 2.22572030251e-11, 2.79314626983e-11, 1.66964012061e-11, 1.23093046173e-11, 2.28353481957e-11, 6.4090694557e-12, 7.07359127869e-12, 1.53381734397e-11, 6.12947756787e-12, 1.00729476843e-11, 5.70180621468e-12, 1.4876624238e-12, 2.79132576428e-12, 1.62961733951e-12, 2.32793927364e-12], "max": [0.0188348479569, 0.0186065081507, 0.0260447133332, 0.020371036604, 0.00477582309395, 0.00419519282877, 0.00613362062722, 0.00394766777754, 0.00371144386008, 0.00667002703995, 0.00968054682016, 0.00535636115819, 0.00628906488419, 0.00590408593416, 0.00362207344733, 0.00276375026442, 0.00275128544308, 0.00311997416429, 0.000880137085915, 0.00147057755385, 0.000759228714742, 0.000749459315557, 0.000663610699121, 0.000564665242564, 0.000113940921437, 8.98464495549e-05, 0.000131028486066, 8.64962130436e-05, 5.0875110901e-05, 0.000158481037943, 4.81964816572e-05, 5.86367641517e-05, 5.81197091378e-05, 7.4692783528e-05, 0.000109223328764, 5.97263824602e-05, 1.67352973222e-05, 1.89030051843e-05, 1.38929599416e-05, 1.84784057637e-05], "mean": [0.000283146015136, 0.000467835634481, 0.000716902373824, 0.00105804682244, 0.000451686180895, 0.00020871583547, 0.000240317953285, 0.000150777792442, 0.000128277184558, 0.000140170319355, 0.000114732771181, 0.000122002202261, 8.15166640677e-05, 5.6192442571e-05, 4.84279626107e-05, 3.69297958969e-05, 5.49016112927e-05, 4.66422970931e-05, 2.19346620725e-05, 1.56861624419e-05, 1.45285266626e-05, 2.61175664491e-05, 2.86047088593e-05, 1.26133290905e-05, 4.86912404085e-06, 3.53454674951e-06, 4.13551424572e-06, 3.00768806483e-06, 1.69591805843e-06, 1.08565222945e-06, 8.00689008429e-07, 1.05529943539e-06, 1.66521135725e-06, 8.94182562661e-07, 8.92206060144e-07, 7.95835660483e-07, 4.34451123965e-07, 4.92958804443e-07, 3.27682158741e-07, 3.65860216789e-07], "median": [2.0939796741e-05, 0.000145592421177, 0.000388760206988, 0.0006762574194, 0.000182846008101, 5.58575811738e-05, 6.80265511619e-05, 3.23411913996e-05, 1.92713105207e-05, 1.42607605085e-05, 8.71089832799e-06, 7.57816997066e-06, 6.0436836975e-06, 3.96355017074e-06, 2.96320558846e-06, 3.64053994417e-06, 3.32637637257e-06, 2.8298009056e-06, 2.78491302197e-06, 2.13419093598e-06, 2.14014244193e-06, 4.33749346485e-06, 5.10510881213e-06, 3.05720118376e-06, 1.75157674676e-06, 1.34577067001e-06, 1.60241074809e-06, 8.54548090956e-07, 4.85699274577e-07, 2.25063175208e-07, 1.63121711694e-07, 2.20593463496e-07, 3.49391200416e-07, 1.9485466396e-07, 1.78590084943e-07, 1.44861800777e-07, 8.02722794901e-08, 7.68702221876e-08, 3.76067212926e-08, 3.30120322189e-08], "min": [1.09654091573e-24, 6.29872744395e-25, 1.29340056298e-24, 8.13136669769e-25, 5.40204009982e-25, 1.45317033705e-24, 9.69257715635e-25, 1.05066254042e-24, 1.09534717197e-24, 2.31526790542e-24, 1.64598046546e-24, 2.34737000832e-24, 2.23739786775e-24, 3.06396218272e-24, 2.87966869526e-24, 2.17234543927e-24, 4.28454615098e-24, 2.764669933e-24, 3.58657582711e-24, 3.67610720112e-24, 2.48310338782e-24, 3.29156018957e-24, 4.16542894316e-24, 4.66468954374e-24, 4.03577137034e-24, 4.56489785037e-24, 3.96051325112e-24, 2.63140746307e-24, 3.9047119917e-24, 5.19130192406e-24, 5.06683071727e-24, 4.10864594634e-24, 4.99291918361e-24, 5.6535444378e-24, 5.75779003985e-24, 5.83791543085e-24, 5.73664777873e-24, 5.60662575218e-24, 4.78014643697e-24, 6.12191087876e-24], "var": [1.33009882575e-06, 1.3190408481e-06, 1.24482539832e-06, 1.62288574757e-06, 3.95909012241e-07, 1.45136652918e-07, 1.77687297764e-07, 7.76854776063e-08, 8.15940737198e-08, 1.42932336189e-07, 1.17349841844e-07, 1.46296002868e-07, 1.09350260402e-07, 3.89771699361e-08, 3.49054047888e-08, 1.75903966948e-08, 3.61881404842e-08, 3.22569029265e-08, 3.59060958743e-09, 2.43837838809e-09, 1.71894398715e-09, 3.55201223989e-09, 3.89066734385e-09, 7.37147898278e-10, 6.74255581923e-11, 2.89084780419e-11, 4.52189223565e-11, 2.62799209477e-11, 1.02815108857e-11, 1.00404953449e-11, 3.74071043238e-12, 5.10570058454e-12, 1.14317210212e-11, 4.22604182551e-12, 5.37997727965e-12, 3.96603713412e-12, 9.69448154566e-13, 1.41733825197e-12, 7.77360326717e-13, 1.07192087238e-12]}, "melbands_crest": {"dmean": 2.78846120834, "dmean2": 4.57785224915, "dvar": 7.02846956253, "dvar2": 18.4660663605, "max": 34.2774925232, "mean": 15.6184921265, "median": 15.1376132965, "min": 1.00042319298, "var": 35.8699569702}, "melbands_flatness_db": {"dmean": 0.0278156567365, "dmean2": 0.0421873107553, "dvar": 0.000872443837579, "dvar2": 0.00206165062264, "max": 0.636782765388, "mean": 0.232483074069, "median": 0.224783435464, "min": -5.17719165316e-08, "var": 0.00526554184034}, "melbands_kurtosis": {"dmean": 10.8693342209, "dmean2": 17.5124912262, "dvar": 447.740631104, "dvar2": 1156.93469238, "max": 646.791748047, "mean": 23.3157196045, "median": 14.0763835907, "min": -1.4427959919, "var": 887.492004395}, "melbands_skewness": {"dmean": 0.830841720104, "dmean2": 1.29282164574, "dvar": 1.05478894711, "dvar2": 2.61400651932, "max": 16.2423839569, "mean": 3.47723722458, "median": 3.31536006927, "min": -0.624790668488, "var": 4.70855569839}, "melbands_spread": {"dmean": 5.63224554062, "dmean2": 8.94622612, "dvar": 87.8322601318, "dvar2": 227.514099121, "max": 179.846542358, "mean": 18.2751522064, "median": 13.6957607269, "min": 0.32123669982, "var": 353.816894531}, "mfcc": {"cov": [[10563.3486328, 85.6918869019, -699.546325684, -289.030944824, -82.2719955444, -196.645645142, -274.235809326, 399.1534729, 209.033569336, 128.848968506, 49.2299232483, -48.5681610107, 40.6508750916], [85.6918869019, 1800.47998047, -486.656982422, -200.718185425, -116.561401367, -105.662902832, -13.2773475647, 31.1418857574, -91.4092102051, 48.4799423218, 23.2856502533, -49.4351425171, 1.62800455093], [-699.546325684, -486.656982422, 714.465637207, 263.826599121, 150.947692871, 173.641235352, 112.589447021, 4.96644544601, 37.4084091187, -16.5347805023, 23.5824184418, 81.6318130493, 12.5156059265], [-289.030944824, -200.718185425, 263.826599121, 508.501556396, 222.083496094, 20.9568386078, -36.8651008606, 7.67701244354, 49.0324745178, -2.27974796295, -22.3638763428, 61.6212348938, 30.4323539734], [-82.2719955444, -116.561401367, 150.947692871, 222.083496094, 264.439971924, 51.3602180481, -24.235250473, 4.40466356277, 62.0812950134, 48.4640312195, 10.735584259, 37.268157959, 27.9991264343], [-196.645645142, -105.662902832, 173.641235352, 20.9568386078, 51.3602180481, 267.46685791, 158.942321777, 34.1301116943, 33.3860397339, 29.0213775635, 54.1323776245, 36.2838859558, 12.368434906], [-274.235809326, -13.2773475647, 112.589447021, -36.8651008606, -24.235250473, 158.942321777, 275.002441406, 72.8073120117, 19.6031246185, -15.1503858566, 41.0366172791, 37.4780464172, 9.48610591888], [399.1534729, 31.1418857574, 4.96644544601, 7.67701244354, 4.40466356277, 34.1301116943, 72.8073120117, 212.540725708, 58.2622489929, 16.9241199493, 21.4389953613, 34.7315101624, 47.385559082], [209.033569336, -91.4092102051, 37.4084091187, 49.0324745178, 62.0812950134, 33.3860397339, 19.6031246185, 58.2622489929, 143.919448853, 43.4698600769, 14.3851585388, 29.7049846649, 32.0612640381], [128.848968506, 48.4799423218, -16.5347805023, -2.27974796295, 48.4640312195, 29.0213775635, -15.1503858566, 16.9241199493, 43.4698600769, 126.968406677, 43.3921661377, -8.5621881485, 9.6591386795], [49.2299232483, 23.2856502533, 23.5824184418, -22.3638763428, 10.735584259, 54.1323776245, 41.0366172791, 21.4389953613, 14.3851585388, 43.3921661377, 87.7012634277, 24.1481685638, 3.83504128456], [-48.5681610107, -49.4351425171, 81.6318130493, 61.6212348938, 37.268157959, 36.2838859558, 37.4780464172, 34.7315101624, 29.7049846649, -8.5621881485, 24.1481685638, 93.0671234131, 36.1244659424], [40.6508750916, 1.62800455093, 12.5156059265, 30.4323539734, 27.9991264343, 12.368434906, 9.48610591888, 47.385559082, 32.0612640381, 9.6591386795, 3.83504128456, 36.1244659424, 87.5647735596]], "icov": [[0.000119822077977, 2.66699134954e-05, 0.00010290723003, 4.54799301224e-05, -4.74261787531e-06, -2.13503972191e-05, 0.000187183512026, -0.000273361249128, -0.000128181913169, 2.12767117773e-05, -9.87094826996e-05, 2.97660626529e-05, 8.21760331746e-05], [2.66699134954e-05, 0.000740731193218, 0.000514996412676, -2.02990213438e-05, -2.20873662329e-05, 0.000160134237376, -0.000219768087845, -0.000189525744645, 0.000556940794922, -0.000396399846068, -0.000179092836333, -4.87135912408e-05, -0.000114146751002], [0.00010290723003, 0.000514996412676, 0.00265335594304, -0.000897422549315, -0.000373460090486, -0.00096537877107, -0.000416281836806, -1.68830829352e-05, 0.000280016683973, 0.000237069107243, -0.000236300402321, -0.00087903207168, 0.000429619569331], [4.54799301224e-05, -2.02990213438e-05, -0.000897422549315, 0.00386960944161, -0.00272084982134, 0.000405075348681, 0.000569269119296, -0.000382418802474, -5.46016126464e-05, 0.000489188125357, 0.00121588073671, -0.00122368498705, 0.000138348303153], [-4.74261787531e-06, -2.20873662329e-05, -0.000373460090486, -0.00272084982134, 0.00744991609827, -0.00117755576503, 0.00103269948158, 0.000586139736697, -0.00139633973595, -0.00214901263826, 7.83414943726e-05, -0.000556691433303, -0.000668727967422], [-2.13503972191e-05, 0.000160134237376, -0.00096537877107, 0.000405075348681, -0.00117755576503, 0.00732742575929, -0.00385379954241, 0.000537210609764, -2.17161414184e-05, -0.00127682310995, -0.00175020855386, 9.47550943238e-05, -0.000341189850587], [0.000187183512026, -0.000219768087845, -0.000416281836806, 0.000569269119296, 0.00103269948158, -0.00385379954241, 0.00735541200265, -0.00215440033935, -0.00070386484731, 0.0020567716565, -0.00120679894462, -0.000650001107715, 0.00071384513285], [-0.000273361249128, -0.000189525744645, -1.68830829352e-05, -0.000382418802474, 0.000586139736697, 0.000537210609764, -0.00215440033935, 0.00712005374953, -0.00169360125437, -0.000366488966392, -0.000288701005047, -0.000576915917918, -0.00270599289797], [-0.000128181913169, 0.000556940794922, 0.000280016683973, -5.46016126464e-05, -0.00139633973595, -2.17161414184e-05, -0.00070386484731, -0.00169360125437, 0.010410418734, -0.00344817782752, 0.00137306656688, -0.00203508813865, -0.00118151295464], [2.12767117773e-05, -0.000396399846068, 0.000237069107243, 0.000489188125357, -0.00214901263826, -0.00127682310995, 0.0020567716565, -0.000366488966392, -0.00344817782752, 0.0133847659454, -0.00691391574219, 0.00450059073046, -0.00113120977767], [-9.87094826996e-05, -0.000179092836333, -0.000236300402321, 0.00121588073671, 7.83414943726e-05, -0.00175020855386, -0.00120679894462, -0.000288701005047, 0.00137306656688, -0.00691391574219, 0.0183899104595, -0.00619116285816, 0.00217813672498], [2.97660626529e-05, -4.87135912408e-05, -0.00087903207168, -0.00122368498705, -0.000556691433303, 9.47550943238e-05, -0.000650001107715, -0.000576915917918, -0.00203508813865, 0.00450059073046, -0.00619116285816, 0.017890766263, -0.00577568355948], [8.21760331746e-05, -0.000114146751002, 0.000429619569331, 0.000138348303153, -0.000668727967422, -0.000341189850587, 0.00071384513285, -0.00270599289797, -0.00118151295464, -0.00113120977767, 0.00217813672498, -0.00577568355948, 0.0157683584839]], "mean": [-711.905517578, 127.25377655, -0.00843876134604, 28.8770256042, 5.82952737808, -5.57834911346, -10.4902677536, 0.258840113878, -14.5854101181, -6.20723390579, -7.23267269135, -8.83110713959, -8.56122303009]}, "pitch_salience": {"dmean": 0.0658602267504, "dmean2": 0.107983574271, "dvar": 0.0045067970641, "dvar2": 0.0120644224808, "max": 0.997745096684, "mean": 0.533413469791, "median": 0.546106159687, "min": 0.0908322185278, "var": 0.0134191885591}, "silence_rate_20dB": {"dmean": 0, "dmean2": 0, "dvar": 0, "dvar2": 0, "max": 1, "mean": 1, "median": 1, "min": 1, "var": 0}, "silence_rate_30dB": {"dmean": 0.000177367866854, "dmean2": 0.000354767194949, "dvar": 0.000177329871804, "dvar2": 0.000531998754013, "max": 1, "mean": 0.999911308289, "median": 1, "min": 0, "var": 8.86665657163e-05}, "silence_rate_60dB": {"dmean": 0.045228805393, "dmean2": 0.0904656350613, "dvar": 0.0431823767722, "dvar2": 0.0954038128257, "max": 1, "mean": 0.177706837654, "median": 0, "min": 0, "var": 0.146127253771}, "spectral_centroid": {"dmean": 227.723556519, "dmean2": 351.530975342, "dvar": 97752.1328125, "dvar2": 233298.421875, "max": 11682.2607422, "mean": 1145.20532227, "median": 938.253662109, "min": 101.632881165, "var": 1524475}, "spectral_complexity": {"dmean": 2.12859177589, "dmean2": 3.19184041023, "dvar": 7.71882009506, "dvar2": 15.1089582443, "max": 41, "mean": 11.2681560516, "median": 10, "min": 0, "var": 60.8026618958}, "spectral_contrast_coeffs": {"dmean": [0.0512019135058, 0.0367199853063, 0.0341473408043, 0.0300729405135, 0.0244159549475, 0.019203601405], "dmean2": [0.0824270099401, 0.0583796091378, 0.0520120374858, 0.0453730411828, 0.0358347259462, 0.0284869745374], "dvar": [0.00208371807821, 0.00106090016197, 0.000978317926638, 0.000689454667736, 0.000475109874969, 0.000324990804074], "dvar2": [0.00488643487915, 0.00252206088044, 0.00202477211133, 0.00140484690201, 0.000878654536791, 0.000674115377478], "max": [-0.253818899393, -0.392668962479, -0.448378235102, -0.496121287346, -0.55788987875, -0.593034207821], "mean": [-0.539685606956, -0.694403469563, -0.73373311758, -0.75331735611, -0.761360347271, -0.780737876892], "median": [-0.536236584187, -0.697217524052, -0.741889059544, -0.763280153275, -0.766380727291, -0.782712578773], "min": [-0.979577362537, -0.998275816441, -0.998339354992, -0.986896574497, -0.987679183483, -0.96439319849], "var": [0.0110215144232, 0.00679566478357, 0.00757237756625, 0.00590201281011, 0.00406896974891, 0.00181528448593]}, "spectral_contrast_valleys": {"dmean": [0.459159702063, 0.318554252386, 0.330664694309, 0.317989349365, 0.329710066319, 0.463831216097], "dmean2": [0.706801652908, 0.502882897854, 0.499777048826, 0.457882732153, 0.435610413551, 0.566964268684], "dvar": [0.204778730869, 0.0957637801766, 0.104891896248, 0.101762399077, 0.118420436978, 0.245010212064], "dvar2": [0.387537926435, 0.201026841998, 0.199443623424, 0.177184820175, 0.182227313519, 0.415150910616], "max": [-5.36735630035, -5.1105017662, -5.40577125549, -6.06369829178, -5.96571683884, -8.12580108643], "mean": [-8.46065044403, -7.7960691452, -8.63945865631, -8.96449661255, -8.64843654633, -11.2243318558], "median": [-8.15553760529, -7.51199293137, -8.35361766815, -8.66860771179, -8.28016090393, -10.9070158005], "min": [-28.3563480377, -28.1511859894, -28.0904636383, -27.7392711639, -27.5764064789, -27.4321899414], "var": [5.90246391296, 6.00580263138, 5.63140678406, 5.3985824585, 5.63305234909, 5.0231552124]}, "spectral_decrease": {"dmean": 1.31673749681e-09, "dmean2": 2.04893368938e-09, "dvar": 5.36458680489e-18, "dvar2": 1.32872511608e-17, "max": 2.24970389074e-16, "mean": -4.10195388767e-09, "median": -2.76426903589e-09, "min": -3.22530198105e-08, "var": 1.67566840507e-17}, "spectral_energy": {"dmean": 0.00520500447601, "dmean2": 0.00801079906523, "dvar": 8.09019620647e-05, "dvar2": 0.000197307046619, "max": 0.126185372472, "mean": 0.0166288223118, "median": 0.0109943058342, "min": 1.00909225032e-20, "var": 0.000280004634988}, "spectral_energyband_high": {"dmean": 0.000197256653337, "dmean2": 0.000271685363259, "dvar": 2.01675177891e-07, "dvar2": 3.99151389274e-07, "max": 0.0120696043596, "mean": 0.000306161615299, "median": 7.49332248233e-05, "min": 7.09303659414e-21, "var": 3.57822898422e-07}, "spectral_energyband_low": {"dmean": 0.00203610025346, "dmean2": 0.0034771815408, "dvar": 4.182156772e-05, "dvar2": 0.000111562076199, "max": 0.0907758399844, "mean": 0.0026015189942, "median": 0.00114782620221, "min": 1.31436469931e-23, "var": 3.37174824381e-05}, "spectral_energyband_middle_high": {"dmean": 0.00111919839401, "dmean2": 0.00150990043767, "dvar": 7.41398844184e-06, "dvar2": 1.46835845953e-05, "max": 0.0733759775758, "mean": 0.00429198518395, "median": 0.000906027853489, "min": 1.2153530884e-21, "var": 7.4968294939e-05}, "spectral_energyband_middle_low": {"dmean": 0.00342403817922, "dmean2": 0.00547198811546, "dvar": 3.71604000975e-05, "dvar2": 9.71039626165e-05, "max": 0.118539944291, "mean": 0.010103944689, "median": 0.00743688317016, "min": 1.35699019879e-22, "var": 8.98155776667e-05}, "spectral_entropy": {"dmean": 0.220185011625, "dmean2": 0.309102326632, "dvar": 0.0630117729306, "dvar2": 0.128038570285, "max": 9.82480716705, "mean": 7.17489337921, "median": 7.17207145691, "min": 4.71650075912, "var": 0.429847091436}, "spectral_flux": {"dmean": 0.0198593009263, "dmean2": 0.0306365620345, "dvar": 0.000648098473903, "dvar2": 0.00133796478622, "max": 0.299698501825, "mean": 0.0538363642991, "median": 0.0419860333204, "min": 6.3927092786e-11, "var": 0.0018520137528}, "spectral_kurtosis": {"dmean": 2.4831700325, "dmean2": 4.13332891464, "dvar": 10.7888441086, "dvar2": 28.6146888733, "max": 57.3377456665, "mean": 6.28815984726, "median": 4.93598365784, "min": -1.25830829144, "var": 33.1537971497}, "spectral_rms": {"dmean": 0.000581630854867, "dmean2": 0.000860393804032, "dvar": 6.36483150629e-07, "dvar2": 1.39982967085e-06, "max": 0.0110953897238, "mean": 0.00353418756276, "median": 0.00327508058399, "min": 3.13764292326e-12, "var": 3.7327379232e-06}, "spectral_rolloff": {"dmean": 502.119689941, "dmean2": 880.718933105, "dvar": 1387423.375, "dvar2": 3682513.25, "max": 19789.0136719, "mean": 1429.30981445, "median": 732.12890625, "min": 64.599609375, "var": 5967907.5}, "spectral_skewness": {"dmean": 0.279077619314, "dmean2": 0.445974260569, "dvar": 0.0915470048785, "dvar2": 0.219255000353, "max": 5.85366249084, "mean": 1.74355518818, "median": 1.64860188961, "min": -0.246834754944, "var": 0.485445141792}, "spectral_spread": {"dmean": 707649.6875, "dmean2": 991063.25, "dvar": 983450124288, "dvar2": 