{"lowlevel": {"average_loudness": 0.826470553875, "barkbands": {"dmean": [2.14133688132e-05, 0.00145083281677, 0.0015624553198, 0.00292336079292, 0.0033192539122, 0.00115949334577, 0.0010088289855, 0.000841933360789, 0.000721354037523, 0.000376162701286, 0.000276477454463, 0.000209576406633, 0.000199926245841, 0.00021680444479, 0.000216654705582, 0.000141283337143, 0.000139325115015, 0.000125342077808, 0.00010204922728, 0.000109831715235, 0.000119687909319, 0.000111860957986, 8.82023887243e-05, 8.28926276881e-05, 3.38446661772e-05, 1.0424408174e-05, 1.09063796572e-06], "dmean2": [3.80310011678e-05, 0.00250637019053, 0.00269458862022, 0.0050865537487, 0.00559934787452, 0.00188739027362, 0.00156255124602, 0.00123606168199, 0.00108892889693, 0.000574525038246, 0.000442941469373, 0.000329448434059, 0.000302735483274, 0.00032845523674, 0.000336643483024, 0.000219667112106, 0.000220523827011, 0.000200151625904, 0.000165079094586, 0.000175759196281, 0.000177608293598, 0.000160050069098, 0.000126090002595, 0.0001156021317, 4.77415342175e-05, 1.48260605783e-05, 1.64522828072e-06], "dvar": [4.98229513202e-10, 1.92446950678e-05, 1.47664304677e-05, 8.85129411472e-05, 8.11760110082e-05, 5.11208008902e-06, 3.30452417074e-06, 2.36032087741e-06, 2.75495608548e-06, 1.06076402062e-06, 5.75932972424e-07, 2.9694871273e-07, 3.31316442725e-07, 5.80277571771e-07, 3.06718476395e-07, 1.32769386596e-07, 8.6847975922e-08, 5.50095080598e-08, 4.27888871002e-08, 5.03138224417e-08, 6.69628690275e-08, 6.51192308965e-08, 4.26419788369e-08, 4.30040039134e-08, 5.90750381946e-09, 8.59441739998e-10, 2.21809220297e-11], "dvar2": [1.33663813351e-09, 5.10028330609e-05, 4.14640380768e-05, 0.000240554320044, 0.000217677734327, 1.3008402675e-05, 8.27700750961e-06, 5.17688340551e-06, 6.25345728622e-06, 2.31367380366e-06, 1.40056374676e-06, 7.02500926764e-07, 7.33110312012e-07, 1.37716949666e-06, 7.0318071721e-07, 2.69990607649e-07, 2.12888892293e-07, 1.29227814227e-07, 1.03623143843e-07, 1.27044728515e-07, 1.54321085688e-07, 1.36016026886e-07, 9.36947799346e-08, 8.35592999238e-08, 1.24026113824e-08, 1.720242504e-09, 5.83217432681e-11], "max": [0.000455260829767, 0.0471413135529, 0.0402483604848, 0.145718231797, 0.102511331439, 0.0265615992248, 0.0251964647323, 0.0260212831199, 0.0353327542543, 0.0284138061106, 0.0249871835113, 0.0180758181959, 0.0168224982917, 0.0247229281813, 0.0137246344239, 0.0167999975383, 0.0108117256314, 0.00758942216635, 0.007518786937, 0.00481236400083, 0.00696034776047, 0.0076095960103, 0.0049563376233, 0.00959266908467, 0.00250846054405, 0.00101085787173, 0.000202283103135], "mean": [0.000106070663605, 0.00131330743898, 0.00240475707687, 0.00310248625465, 0.00439476501197, 0.00192302674986, 0.00163535773754, 0.0016161990352, 0.00139467103872, 0.000646237458568, 0.000438309827587, 0.000336374097969, 0.000312637712341, 0.000333602249157, 0.000343154417351, 0.000238799897488, 0.000255295773968, 0.000218693268835, 0.000173813299625, 0.000181599360076, 0.000221927286475, 0.000216228581849, 0.00016564699763, 0.00016421971668, 7.10578169674e-05, 1.80763981916e-05, 1.67247048921e-06], "median": [0.000109341017378, 0.000200466398383, 0.00136439478956, 0.000840973109007, 0.00234731845558, 0.000815883278847, 0.000748396618292, 0.000468291225843, 0.000307383132167, 0.000125480495626, 0.000135847425554, 9.64209466474e-05, 8.20294371806e-05, 6.05167224421e-05, 9.55299765337e-05, 5.50700933672e-05, 8.41510482132e-05, 8.51449731272e-05, 7.38799426472e-05, 7.31425971026e-05, 6.59334036754e-05, 5.79409461352e-05, 4.37042072008e-05, 4.45854093414e-05, 2.09669851756e-05, 5.14150042363e-06, 4.53001064216e-07], "min": [2.2038845913e-25, 1.22400446915e-24, 8.29621742624e-25, 4.93889986237e-25, 4.56488877847e-24, 8.3677458111e-24, 6.1724421529e-24, 4.91232875911e-24, 1.69682544986e-23, 3.02340211042e-24, 1.41042981377e-23, 1.85543082579e-23, 1.8217070221e-23, 2.08034422066e-23, 5.52918856248e-23, 4.21606679241e-23, 5.3851135311e-23, 8.58149209099e-23, 1.19664595254e-22, 1.63713679434e-22, 2.3293212179e-22, 2.9054570079e-22, 3.79953655931e-22, 5.75361317913e-22, 8.42996958158e-22, 1.31310600547e-21, 1.92027071147e-21], "var": [1.80830062035e-09, 1.41328264363e-05, 1.26482918859e-05, 6.64879189571e-05, 6.44282481517e-05, 8.78633727552e-06, 5.80032383368e-06, 7.33059687263e-06, 8.55841608427e-06, 3.03286651615e-06, 1.14910233151e-06, 7.26666030459e-07, 6.34980153791e-07, 1.34015851927e-06, 6.34356354112e-07, 3.94787178948e-07, 2.85184313498e-07, 1.27220232571e-07, 8.95064786732e-08, 8.79493882167e-08, 1.83919937058e-07, 2.04187116992e-07, 1.13951941216e-07, 1.45255640405e-07, 2.5010089999e-08, 1.8104727717e-09, 2.58514858825e-11]}, "barkbands_crest": {"dmean": 2.32362508774, "dmean2": 3.71519637108, "dvar": 4.63904047012, "dvar2": 11.9238328934, "max": 26.2801532745, "mean": 9.50505447388, "median": 8.76314640045, "min": 2.2700304985, "var": 14.2101192474}, "barkbands_flatness_db": {"dmean": 0.0214156061411, "dmean2": 0.0320655182004, "dvar": 0.000491243903525, "dvar2": 0.00117594946641, "max": 0.378363728523, "mean": 0.129035070539, "median": 0.120092242956, "min": 0.0178411193192, "var": 0.00262400321662}, "barkbands_kurtosis": {"dmean": 3.88891291618, "dmean2": 6.05849742889, "dvar": 103.543174744, "dvar2": 264.75894165, "max": 402.552398682, "mean": 6.31322860718, "median": 3.04850625992, "min": -1.90747916698, "var": 176.343933105}, "barkbands_skewness": {"dmean": 0.563941776752, "dmean2": 0.851872384548, "dvar": 0.50566136837, "dvar2": 1.21329009533, "max": 16.66365242, "mean": 1.75297915936, "median": 1.6210026741, "min": -3.95875597, "var": 1.76631450653}, "barkbands_spread": {"dmean": 5.83138370514, "dmean2": 8.78905105591, "dvar": 57.4367904663, "dvar2": 126.637046814, "max": 107.830818176, "mean": 20.9692249298, "median": 17.828754425, "min": 0.793393373489, "var": 204.324417114}, "dissonance": {"dmean": 0.022854777053, "dmean2": 0.0375416129827, "dvar": 0.000483205454657, "dvar2": 0.00125118147116, "max": 0.500000178814, "mean": 0.44855967164, "median": 0.456968635321, "min": 0.233829379082, "var": 0.001354228938}, "dynamic_complexity": 3.87923836708, "erbbands": {"dmean": [0.0148368962109, 0.42185857892, 1.78008449078, 5.24664735794, 13.9992837906, 9.62938499451, 9.15885162354, 9.60562229156, 11.094830513, 17.0977554321, 18.1965427399, 17.1644458771, 12.788394928, 11.0009536743, 8.83110427856, 8.76610946655, 8.64600753784, 10.9101963043, 9.91073036194, 9.32812309265, 7.38055849075, 6.51581764221, 7.20083379745, 5.650431633, 4.77203321457, 5.06647968292, 4.74271774292, 4.84658622742, 4.15431976318, 3.28708291054, 2.39638781548, 2.02573800087, 1.24336028099, 0.529261827469, 0.173149779439, 0.0729077234864, 0.0125700002536, 0.00200796849094, 0.000172383050085, 1.89122001757e-05], "dmean2": [0.0244879610837, 0.731665551662, 3.0897436142, 8.93431282043, 24.6348495483, 15.8085050583, 14.9890880585, 15.511713028, 17.7312698364, 25.5090999603, 26.5165157318, 25.7487792969, 19.0780563354, 16.7994804382, 13.8886833191, 13.5840482712, 12.9750843048, 16.2335987091, 15.1097764969, 14.3225650787, 11.2909965515, 10.2154855728, 11.3534069061, 9.12421226501, 7.62697887421, 8.05656242371, 7.15600347519, 7.15394067764, 6.00264930725, 4.68874549866, 3.41026949883, 2.90277075768, 1.74308049679, 0.744695007801, 0.244798377156, 0.104574047029, 0.0176199544221, 0.00288759823889, 0.00025697806268, 2.89295621769e-05], "dvar": [0.00198343698867, 1.60140633583, 21.8236236572, 220.401519775, 2274.07397461, 419.180084229, 360.394470215, 363.622314453, 456.326660156, 821.336914063, 1280.99523926, 1630.0144043, 1117.93395996, 907.940795898, 606.038696289, 583.951538086, 651.206054688, 1507.20495605, 788.100219727, 592.242431641, 313.560821533, 178.826477051, 190.170928955, 137.222366333, 81.7356414795, 114.439498901, 100.356201172, 124.458938599, 96.8861846924, 59.0692062378, 32.7903327942, 24.6958065033, 12.5580501556, 1.60136187077, 0.179256051779, 0.0492023415864, 0.000894353666808, 2.32020920521e-05, 5.62684419947e-07, 3.60577434577e-09], "dvar2": [0.00489004515111, 4.26732683182, 60.580039978, 588.636413574, 6272.44189453, 1118.49108887, 908.532775879, 931.51940918, 1188.04003906, 1987.66833496, 2777.31665039, 3685.50878906, 2356.30371094, 2138.38598633, 1458.79272461, 1376.50512695, 1429.16003418, 3607.4909668, 1721.16015625, 1358.48022461, 657.836364746, 437.058502197, 441.012420654, 341.45111084, 196.117980957, 290.93270874, 226.622467041, 280.88104248, 206.643508911, 129.267471313, 73.0977020264, 54.1578369141, 25.2013015747, 3.48382258415, 0.367398381233, 0.102381572127, 0.00172111019492, 5.44349204574e-05, 1.4943370843e-06, 9.20894738243e-09], "max": [0.640961825848, 13.4247407913, 49.1181526184, 244.923873901, 493.938415527, 263.18057251, 358.802307129, 320.870727539, 327.485595703, 338.879730225, 775.554260254, 973.817687988, 893.946960449, 789.244812012, 1236.86486816, 869.338439941, 855.58972168, 1434.24658203, 944.865966797, 833.856750488, 604.272888184, 480.621520996, 533.634277344, 421.833465576, 220.730712891, 271.362609863, 282.818084717, 341.260528564, 388.664550781, 212.621368408, 151.031463623, 165.660491943, 210.104537964, 51.9856987, 17.2075786591, 7.45071315765, 0.884134829044, 0.145238444209, 0.032663103193, 0.00242665293626], "mean": [0.0156733188778, 0.401333898306, 2.47118067741, 6.64061832428, 14.1782531738, 14.6478395462, 14.4812526703, 15.7892198563, 17.8213672638, 31.0061607361, 36.4999542236, 34.5017242432, 24.037569046, 19.2884960175, 15.1798639297, 14.8111724854, 14.5944051743, 18.1590480804, 16.8256168365, 16.2513713837, 13.7996759415, 12.8079414368, 12.9754171371, 9.88690376282, 8.34921646118, 8.49264431, 8.5237865448, 8.9824256897, 7.94018125534, 6.27047538757, 4.47440004349, 3.71655273438, 2.49289298058, 1.08868575096, 0.357047557831, 0.128605142236, 0.0223742052913, 0.00323103135452, 0.000282557070022, 4.09323292843e-05], "median": [0.00367537001148, 0.0940707325935, 1.2983943224, 2.59501123428, 4.88795232773, 8.01085853577, 6.46078920364, 6.60929059982, 8.90601444244, 15.9433746338, 11.8059453964, 9.28747177124, 5.52779865265, 5.64554166794, 5.19366073608, 4.6665225029, 4.47360229492, 4.22110795975, 5.03913402557, 4.905834198, 4.1518406868, 4.61083269119, 5.16912460327, 4.30335044861, 3.63668346405, 3.40317940712, 2.8013458252, 2.58315753937, 2.1477856636, 1.69883799553, 1.15045762062, 0.933331370354, 0.690799295902, 0.307700008154, 0.104604363441, 0.0344732888043, 0.00713468808681, 0.00101459980942, 9.12932518986e-05, 2.71874196187e-05], "min": [4.43874960418e-23, 4.74108433264e-22, 1.35725172196e-21, 2.16537971544e-21, 7.43075246626e-21, 1.56411501248e-20, 3.51164827216e-20, 5.77576019282e-20, 5.86339997872e-20, 1.19700983325e-19, 1.78308565031e-19, 4.74848200515e-19, 4.30435296614e-19, 6.21304560473e-19, 9.58441561261e-19, 9.87496176879e-19, 1.2024923088e-18, 1.36875457795e-18, 2.52378471077e-18, 2.58822290767e-18, 3.31255291683e-18, 3.81307059971e-18, 4.2034373967e-18, 6.50920087265e-18, 6.63292351764e-18, 7.32062783043e-18, 7.81651516303e-18, 8.55850113558e-18, 9.95426502168e-18, 9.07810042762e-18, 1.20009580113e-17, 1.05949048256e-17, 8.84074177802e-18, 8.75828014276e-18, 6.28441454118e-18, 3.79435067526e-18, 2.34708693781e-18, 9.29099396982e-19, 2.42689699392e-19, 2.60310749934e-20], "var": [0.00173635676038, 1.16373252869, 17.0723266602, 185.040237427, 1543.93347168, 453.439300537, 558.570129395, 660.889526367, 665.944152832, 1672.6529541, 4033.51098633, 5295.65087891, 3516.21313477, 2142.61474609, 1392.66833496, 1442.12792969, 1293.24328613, 3546.93896484, 1684.74951172, 1437.95446777, 955.626586914, 585.400878906, 479.937896729, 279.947021484, 175.773864746, 208.740966797, 237.279937744, 338.108612061, 293.270782471, 169.741485596, 83.8184814453, 66.1963195801, 39.0090332031, 5.94168663025, 0.694871664047, 0.101470313966, 0.00213757134043, 3.93774535041e-05, 6.50305196359e-07, 4.45102754654e-09]}, "erbbands_crest": {"dmean": 2.65413737297, "dmean2": 4.20524120331, "dvar": 6.02448701859, "dvar2": 14.7386407852, "max": 30.2760887146, "mean": 9.3698720932, "median": 8.45349884033, "min": 2.21474695206, "var": 19.5977516174}, "erbbands_flatness_db": {"dmean": 0.0173755027354, "dmean2": 0.0237194504589, "dvar": 0.000294420897262, "dvar2": 0.00053751131054, "max": 0.337316513062, "mean": 0.15400211513, "median": 0.149535119534, "min": 0.0428145900369, "var": 0.00172651244793}, "erbbands_kurtosis": {"dmean": 1.18289542198, "dmean2": 1.77213835716, "dvar": 3.69098043442, "dvar2": 7.84931755066, "max": 53.2123069763, "mean": 0.889869391918, "median": -0.0517200343311, "min": -1.83092284203, "var": 10.3904857635}, "erbbands_skewness": {"dmean": 0.401213139296, "dmean2": 0.590597212315, "dvar": 0.150765255094, "dvar2": 0.321310997009, "max": 6.58965396881, "mean": 0.680332243443, "median": 0.647722959518, "min": -3.58650779724, "var": 0.73159044981}, "erbbands_spread": {"dmean": 9.84482002258, "dmean2": 13.8811483383, "dvar": 122.159233093, "dvar2": 247.235549927, "max": 143.194747925, "mean": 43.9588851929, "median": 39.7081718445, "min": 3.1241850853, "var": 539.9765625}, "gfcc": {"cov": [[33843.6289063, 1168.04699707, -2672.08129883, 1054.36767578, -1852.0513916, 299.464569092, -1192.70385742, 125.023925781, -624.927246094, -106.202949524, -598.175354004, -246.980407715, -414.364715576], [1168.04699707, 1414.77966309, 58.7674217224, -161.2318573, 203.261871338, -130.089355469, 22.9116382599, -97.7927017212, -1.87202167511, -95.6504516602, -0.567710101604, -90.5216445923, -60.0993614197], [-2672.08129883, 58.7674217224, 1098.95227051, 195.331985474, 182.666168213, 73.359588623, 87.6629867554, -53.8666229248, 9.96336460114, -13.6212444305, 15.2049808502, -10.5328912735, -30.8687343597], [1054.36767578, -161.2318573, 195.331985474, 532.746276855, -63.4366874695, 49.7505874634, -66.3693008423, -6.00449705124, -25.918296814, -31.5488510132, -42.888053894, -14.9390935898, -5.7373251915], [-1852.0513916, 203.261871338, 182.666168213, -63.4366874695, 393.426361084, -24.3922462463, 99.9829406738, -0.947500824928, 39.9736099243, -18.9581871033, 23.7875900269, -0.468909502029, 14.6307697296], [299.464569092, -130.089355469, 73.359588623, 49.7505874634, -24.3922462463, 242.571182251, 68.8029098511, -11.2954034805, -24.8895282745, 20.3899326324, -19.9325199127, -17.3372383118, -31.5501346588], [-1192.70385742, 22.9116382599, 87.6629867554, -66.3693008423, 99.9829406738, 68.8029098511, 212.460784912, -4.67279481888, 15.8464918137, 13.1498937607, 12.5882730484, -8.15131092072, -3.09182548523], [125.023925781, -97.7927017212, -53.8666229248, -6.00449705124, -0.947500824928, -11.2954034805, -4.67279481888, 134.693588257, 26.6239757538, 3.65380692482, -10.1879253387, 2.75383901596, 2.34769463539], [-624.927246094, -1.87202167511, 9.96336460114, -25.918296814, 39.9736099243, -24.8895282745, 15.8464918137, 26.6239757538, 113.339225769, 19.7883262634, -5.75212049484, 4.92901754379, 9.08287715912], [-106.202949524, -95.6504516602, -13.6212444305, -31.5488510132, -18.9581871033, 20.3899326324, 13.1498937607, 3.65380692482, 19.7883262634, 92.4240646362, 24.6511993408, 4.32779836655, -2.88047361374], [-598.175354004, -0.567710101604, 15.2049808502, -42.888053894, 23.7875900269, -19.9325199127, 12.5882730484, -10.1879253387, -5.75212049484, 24.6511993408, 102.44984436, 27.0003242493, 7.36046028137], [-246.980407715, -90.5216445923, -10.5328912735, -14.9390935898, -0.468909502029, -17.3372383118, -8.15131092072, 2.75383901596, 4.92901754379, 4.32779836655, 27.0003242493, 82.8900604248, 32.286403656], [-414.364715576, -60.0993614197, -30.8687343597, -5.7373251915, 14.6307697296, -31.5501346588, -3.09182548523, 2.34769463539, 9.08287715912, -2.88047361374, 7.36046028137, 32.286403656, 88.752281189]], "icov": [[0.000121540811961, -0.000257712672465, 0.000270015123533, -0.000267161871307, 0.00031107646646, -0.000265706592472, 0.000398544449126, -0.000259877793724, 0.000483302574139, -0.00031795972609, 0.00050165259745, -0.000243973045144, 0.000331969262334], [-0.000257712672465, 0.00161939731333, -0.000569530646317, 0.000878545804881, -0.00109004951082, 0.0011121139396, -0.000816532177851, 0.00133838306647, -0.00113663752563, 0.00168451387435, -0.00122375541832, 0.00158199772704, -3.97403127863e-05], [0.000270015123533, -0.000569530646317, 0.00176985689905, -0.00112434918992, 0.00014656240819, -0.000781235052273, 0.000590980867855, -0.000150473104441, 0.000881428772118, -0.000626127468422, 0.000854283745866, -0.000659707526211, 0.00119917013217], [-0.000267161871307, 0.000878545804881, -0.00112434918992, 0.00304868491367, -0.000453459128039, 0.00018116152205, 2.2812615498e-05, 0.000671440910082, -0.000900349987205, 0.00157589837909, -0.000560765562113, 0.00110370817129, -0.000935910618864], [0.00031107646646, -0.00109004951082, 0.00014656240819, -0.000453459128039, 0.00443769106641, -0.00036217662273, -0.000414186011767, -0.00105499080382, 0.000300149637042, -1.39877074616e-05, 0.000623941596132, -0.000614932563622, 2.98356317217e-05], [-0.000265706592472, 0.0011121139396, -0.000781235052273, 0.00018116152205, -0.00036217662273, 0.00643934169784, -0.00309023493901, 0.00111048202962, 0.000350660877302, -0.000469383812742, 0.000306426838506, 0.00084292475367, 0.00108113850001], [0.000398544449126, -0.000816532177851, 0.000590980867855, 2.2812615498e-05, -0.000414186011767, -0.00309023493901, 0.0079320948571, -0.000791907776147, 0.00090188923059, -0.0012327657314, 0.000992604880594, -1.01562500276e-06, 0.000567577779293], [-0.000259877793724, 0.00133838306647, -0.000150473104441, 0.000671440910082, -0.00105499080382, 0.00111048202962, -0.000791907776147, 0.00916273519397, -0.00296053639613, 0.00129667576402, -0.000447598460596, 0.000868186471052, 4.912228178e-05], [0.000483302574139, -0.00113663752563, 0.000881428772118, -0.000900349987205, 0.000300149637042, 0.000350660877302, 0.00090188923059, -0.00296053639613, 0.01274378784, -0.00454626325518, 0.00411639781669, -0.00174778315704, 0.000762702897191], [-0.00031795972609, 0.00168451387435, -0.000626127468422, 0.00157589837909, -1.39877074616e-05, -0.000469383812742, -0.0012327657314, 0.00129667576402, -0.00454626325518, 0.0151696782559, -0.00535091385245, 0.00207711965777, -5.57517378184e-05], [0.00050165259745, -0.00122375541832, 0.000854283745866, -0.000560765562113, 0.000623941596132, 0.000306426838506, 0.000992604880594, -0.000447598460596, 0.00411639781669, -0.00535091385245, 0.0148184802383, -0.00518180383369, 0.00188796839211], [-0.000243973045144, 0.00158199772704, -0.000659707526211, 0.00110370817129, -0.000614932563622, 0.00084292475367, -1.01562500276e-06, 0.000868186471052, -0.00174778315704, 0.00207711965777, -0.00518180383369, 0.0171089321375, -0.00539576308802], [0.000331969262334, -3.97403127863e-05, 0.00119917013217, -0.000935910618864, 2.98356317217e-05, 0.00108113850001, 0.000567577779293, 4.912228178e-05, 0.000762702897191, -5.57517378184e-05, 0.00188796839211, -0.00539576308802, 0.0152711980045]], "mean": [-45.5772171021, 84.1449203491, -105.551811218, 28.3131828308, -73.4088897705, 5.97330904007, -44.3703804016, 3.05860877037, -24.3516635895, -2.53679990768, -19.5391693115, -6.76171159744, -14.2924098969]}, "hfc": {"dmean": 5.53275680542, "dmean2": 7.64785051346, "dvar": 78.9673843384, "dvar2": 170.583328247, "max": 153.464538574, "mean": 17.0696525574, "median": 12.1985664368, "min": 1.07287568762e-16, "var": 325.299346924}, "melbands": {"dmean": [0.000268535688519, 0.000798645778559, 0.00124989659525, 0.000837862491608, 0.000316336052492, 0.000211584818317, 0.000187363883015, 0.000183333060704, 0.000150440493599, 0.000106905739813, 6.39202116872e-05, 4.51495761808e-05, 3.21012521454e-05, 2.51425444731e-05, 1.91617036762e-05, 2.18085588131e-05, 2.18452405534e-05, 1.67597700056e-05, 1.67365906236e-05, 1.13170253826e-05, 9.40353584156e-06, 7.5480193118e-06, 7.32003763915e-06, 6.03345324635e-06, 4.89942385684e-06, 3.75095874006e-06, 3.53099017047e-06, 3.67463326256e-06, 3.13213377012e-06, 3.17770332003e-06, 2.99423277283e-06, 2.55610621025e-06, 2.19020535042e-06, 1.86911711353e-06, 1.51002348048e-06, 1.27950829665e-06, 1.30977036861e-06, 9.78243519967e-07, 6.73477813962e-07, 4.13384242393e-07], "dmean2": [0.000457514863228, 0.00137388077565, 0.00216801627539, 0.00142258661799, 0.000517805747222, 0.000342167710187, 0.000295192439808, 0.000272268167464, 0.000218410044909, 0.000160595664056, 9.54239731072e-05, 6.89240405336e-05, 5.08647026436e-05, 3.90292698285e-05, 2.95728168567e-05, 3.2700754673e-05, 3.29249814968e-05, 2.55044578807e-05, 2.58946602116e-05, 1.74324195541e-05, 1.45688281918e-05, 1.18123489301e-05, 1.17653689813e-05, 9.61056684901e-06, 8.01116129878e-06, 6.00872817813e-06, 5.65050459045e-06, 5.92727383264e-06, 4.83424628328e-06, 4.79263189845e-06, 4.46994090453e-06, 3.7634176806e-06, 3.20547223964e-06, 2.75321212939e-06, 2.19826961256e-06, 1.8720817252e-06, 1.9183976292e-06, 1.39040355407e-06, 9.70957330537e-07, 5.99102804699e-07], "dvar": [6.54494272112e-07, 4.68173448098e-06, 1.52564280143e-05, 5.70239217268e-06, 3.88550603247e-07, 1.69847396592e-07, 1.19778718499e-07, 9.56081649406e-08, 9.18210929512e-08, 6.66841870611e-08, 2.87805850263e-08, 1.55983688188e-08, 7.42168193568e-09, 4.30818491992e-09, 2.56863996739e-09, 4.50061632407e-09, 6.84891254821e-09, 2.6811504128e-09, 1.7347803194e-09, 8.96735574685e-10, 5.34136235242e-10, 2.62188742939e-10, 2.40400088725e-10, 1.4034437501e-10, 1.15547189872e-10, 5.9949475939e-11, 4.52093432135e-11, 6.9090712318e-11, 5.09670604332e-11, 4.94791013717e-11, 5.14218251313e-11, 3.81325040988e-11, 2.95836723174e-11, 2.07328217094e-11, 1.44834803872e-11, 9.3182397562e-12, 1.15782678584e-11, 8.11347343477e-12, 4.10590008174e-12, 8.8791869907e-13], "dvar2": [1.69978306985e-06, 1.27426037579e-05, 4.15448012063e-05, 1.54232566274e-05, 9.96751509774e-07, 4.37161361333e-07, 3.07980030811e-07, 2.27780162732e-07, 2.0041804305e-07, 1.51460497477e-07, 6.03186904868e-08, 3.6363619671e-08, 1.76315584355e-08, 1.02018837822e-08, 5.77244430033e-09, 1.0122607641e-08, 1.62465170206e-08, 5.81016923462e-09, 4.02390432086e-09, 1.86940152247e-09, 1.15693010727e-09, 6.24288010176e-10, 5.84369497236e-10, 3.42731398817e-10, 2.90305279815e-10, 1.38496478175e-10, 1.13265209711e-10, 1.79676107326e-10, 1.14026343923e-10, 1.14566280074e-10, 1.19026399847e-10, 8.45695596885e-11, 6.63296015335e-11, 4.7516334617e-11, 3.32557349714e-11, 2.24107451346e-11, 2.58002959275e-11, 1.61649357094e-11, 9.41495579415e-12, 1.9961543269e-12], "max": [0.00875898171216, 0.0222058389336, 0.0550007112324, 0.0249142367393, 0.0104795722291, 0.00618746550754, 0.00483761215582, 0.00430535431951, 0.00675305444747, 0.00673853047192, 0.00463212141767, 0.00318600679748, 0.00346492696553, 0.00232561118901, 0.00152163987514, 0.00210624840111, 0.00292405649088, 0.00165393657517, 0.00114120007493, 0.00125966162886, 0.000687913037837, 0.000485167955048, 0.000801672635134, 0.000291843723971, 0.000402772653615, 0.000236388426856, 0.000129622800159, 0.000181814510142, 0.000278978957795, 0.000207394201425, 0.000221949070692, 0.000231501049711, 0.00020129935001, 0.000145439640619, 9.08240253921e-05, 8.90163501026e-05, 0.000123408681247, 0.000164118042449, 0.000118517891678, 3.13431883114e-05], "mean": [0.000254529179074, 0.0010359644657, 0.00144292495679, 0.0010501537472, 0.000529437384102, 0.000349409820046, 0.000305086519802, 0.000339965656167, 0.000296486978186, 0.00020928887534, 0.000114237067464, 7.59035392548e-05, 5.2398412663e-05, 4.10010761698e-05, 3.06378206005e-05, 3.37037927238e-05, 3.42387465935e-05, 2.55212817137e-05, 2.61354271061e-05, 1.89580387087e-05, 1.60877116286e-05, 1.37530551001e-05, 1.26889653984e-05, 1.0032422324e-05, 7.86593955127e-06, 6.03822354606e-06, 5.80576579523e-06, 5.62192690268e-06, 5.08619905304e-06, 5.54743610337e-06, 5.09845358465e-06, 4.50756579085e-06, 4.01759280066e-06, 3.31874002768e-06, 2.63689253188e-06, 2.25577673518e-06, 2.26516112889e-06, 1.85482963388e-06, 1.29549073336e-06, 8.01884652901e-07], "median": [4.4495871407e-05, 0.000492504623253, 0.00054586189799, 0.000536741979886, 0.000275224505458, 0.000147280399688, 0.0001480266219, 0.000168419908732, 8.59759602463e-05, 4.90335078212e-05, 2.28341050388e-05, 2.00459853659e-05, 1.63506083481e-05, 1.28955098262e-05, 8.87042187969e-06, 8.47648061608e-06, 6.28174257145e-06, 6.58867065795e-06, 7.17591819921e-06, 4.47710499429e-06, 4.34031153418e-06, 4.4679977691e-06, 4.39160339738e-06, 3.79440280085e-06, 3.04072818835e-06, 2.43562226387e-06, 2.21855202653e-06, 2.0655784283e-06, 1.5946025087e-06, 1.54304132138e-06, 1.37047550197e-06, 1.14585122901e-06, 1.03243371541e-06, 8.6194808091e-07, 6.65231596031e-07, 5.20334538123e-07, 5.667607752e-07, 5.03747060066e-07, 3.52871808218e-07, 2.2413462375e-07], "min": [4.76488404921e-25, 8.19830055942e-25, 7.82312275024e-25, 8.73683272663e-25, 1.37286745235e-24, 1.09198692033e-24, 9.55793043274e-25, 1.33365248649e-24, 1.75541095441e-24, 1.98100722671e-24, 1.74886340889e-24, 1.86284138514e-24, 3.1765935734e-24, 1.78017605923e-24, 3.70454129802e-24, 2.16472583179e-24, 1.3736427054e-24, 3.21456282927e-24, 3.85306921254e-24, 3.10329636517e-24, 2.77841662313e-24, 3.40957713365e-24, 3.73320298129e-24, 3.92264477223e-24, 4.3844277745e-24, 4.20891056182e-24, 4.0572275981e-24, 3.88317096139e-24, 4.26207899797e-24, 3.69932692743e-24, 3.29465883521e-24, 4.49253682282e-24, 4.65375593159e-24, 5.07969703863e-24, 6.4242161827e-24, 5.22621256899e-24, 6.03806916403e-24, 5.55303724759e-24, 5.44443358348e-24, 6.56002095412e-24], "var": [5.04599086071e-07, 3.60946592082e-06, 1.13171709017e-05, 4.33891000284e-06, 5.78315621169e-07, 3.04039957655e-07, 1.91161376506e-07, 2.14329716641e-07, 2.84423634866e-07, 2.18576346356e-07, 8.87244766545e-08, 3.71565818114e-08, 1.67949814056e-08, 1.08921938136e-08, 5.2286766028e-09, 8.33030533443e-09, 1.63551820975e-08, 5.01768449013e-09, 3.55318774403e-09, 2.5804374193e-09, 1.43441025724e-09, 7.84409981414e-10, 6.92554347204e-10, 2.77856876396e-10, 2.14973511214e-10, 1.23089469173e-10, 8.67546590122e-11, 1.05841412024e-10, 9.70100735853e-11, 1.34641714444e-10, 1.19175128099e-10, 9.66720106743e-11, 8.15445211355e-11, 4.9839802424e-11, 3.13698650389e-11, 2.32741517031e-11, 2.7934914798e-11, 2.42253578309e-11, 1.00329440936e-11, 3.33558918333e-12]}, "melbands_crest": {"dmean": 3.11895418167, "dmean2": 5.10485506058, "dvar": 9.20826530457, "dvar2": 24.615026474, "max": 37.5781402588, "mean": 12.9891786575, "median": 12.2618026733, "min": 1.57988286018, "var": 23.6688213348}, "melbands_flatness_db": {"dmean": 0.0271537862718, "dmean2": 0.0398611351848, "dvar": 0.000835518934764, "dvar2": 0.00196374999359, "max": 0.52665656805, "mean": 0.194833636284, "median": 0.186352878809, "min": 0.0030214425642, "var": 0.00567957246676}, "melbands_kurtosis": {"dmean": 9.32184123993, "dmean2": 14.8603334427, "dvar": 432.159057617, "dvar2": 1154.82995605, "max": 700.55078125, "mean": 17.2212238312, "median": 9.97518444061, "min": -1.8079123497, "var": 656.960693359}, "melbands_skewness": {"dmean": 0.800170302391, "dmean2": 1.20573151112, "dvar": 1.01072704792, "dvar2": 2.4684677124, "max": 20.8323364258, "mean": 2.84110689163, "median": 2.57564663887, "min": -1.92947804928, "var": 3.0903570652}, "melbands_spread": {"dmean": 6.61296653748, "dmean2": 10.0722761154, "dvar": 106.091766357, "dvar2": 230.984848022, "max": 215.38331604, "mean": 22.5262432098, "median": 16.668340683, "min": 0.451059311628, "var": 514.467834473}, "mfcc": {"cov": [[14673.4462891, 192.058364868, -306.7394104, 191.630493164, -217.284332275, -111.033676147, -281.512207031, -42.7778587341, -92.3383483887, -45.2534751892, -86.5608825684, -72.9827957153, -195.500061035], [192.058364868, 1837.57446289, -87.4241943359, 14.3313217163, 91.3709259033, -24.2352600098, 21.6561412811, -12.290561676, -53.94921875, -18.4565868378, 17.856590271, -15.5661420822, -16.3044776917], [-306.7394104, -87.4241943359, 814.551879883, 180.230026245, 68.1542816162, 137.453231812, 32.9800796509, 5.29984807968, -21.6595573425, -7.7094039917, -11.9511060715, 14.1171560287, -23.64412117], [191.630493164, 14.3313217163, 180.230026245, 371.687133789, 113.986236572, 7.69174957275, -19.3098602295, 11.8366308212, 12.1759672165, -32.5188865662, -35.4360351563, 12.18820858, -1.18692660332], [-217.284332275, 91.3709259033, 68.1542816162, 113.986236572, 225.829727173, 2.26582598686, 0.781160235405, 19.2126216888, 8.75867366791, -5.15533638, -26.5590572357, 9.75372505188, 8.32570552826], [-111.033676147, -24.2352600098, 137.453231812, 7.69174957275, 2.26582598686, 235.34954834, 71.4585952759, 12.5887155533, 7.33547019958, 12.1005687714, 20.8742103577, -19.5244903564, -17.9178829193], [-281.512207031, 21.6561412811, 32.9800796509, -19.3098602295, 0.781160235405, 71.4585952759, 180.058792114, 24.4934425354, -5.04315948486, 16.3442707062, 5.95832252502, 2.66955018044, -4.74489784241], [-42.7778587341, -12.290561676, 5.29984807968, 11.8366308212, 19.2126216888, 12.5887155533, 24.4934425354, 110.582595825, 33.1652412415, -0.428944289684, 5.78484487534, -3.459202528, 0.541074991226], [-92.3383483887, -53.94921875, -21.6595573425, 12.1759672165, 8.75867366791, 7.33547019958, -5.04315948486, 33.1652412415, 125.952407837, 26.1374320984, -3.5615940094, -2.87651062012, -3.75486469269], [-45.2534751892, -18.4565868378, -7.7094039917, -32.5188865662, -5.15533638, 12.1005687714, 16.3442707062, -0.428944289684, 26.1374320984, 91.4146118164, 32.0907516479, -5.58060121536, -1.2808508873], [-86.5608825684, 17.856590271, -11.9511060715, -35.4360351563, -26.5590572357, 20.8742103577, 5.95832252502, 5.78484487534, -3.5615940094, 32.0907516479, 90.9102325439, 15.2719211578, -5.32530641556], [-72.9827957153, -15.5661420822, 14.1171560287, 12.18820858, 9.75372505188, -19.5244903564, 2.66955018044, -3.459202528, -2.87651062012, -5.58060121536, 15.2719211578, 78.1810455322, 23.5637397766], [-195.500061035, -16.3044776917, -23.64412117, -1.18692660332, 8.32570552826, -17.9178829193, -4.74489784241, 0.541074991226, -3.75486469269, -1.2808508873, -5.32530641556, 23.5637397766, 81.1157073975]], "icov": [[7.82813804108e-05, -1.08550921141e-05, 4.82088507852e-05, -8.51661316119e-05, 0.000116925897601, -2.80966942228e-05, 0.000136245260364, -5.43627502338e-05, 0.000109292239358, -8.40889042593e-05, 0.00013956350449, -4.75586202811e-05, 0.000216127169551], [-1.08550921141e-05, 0.000582676671911, 7.55906585255e-05, 9.25586846279e-06, -0.000336265657097, 9.11873867153e-05, -0.000150485837366, 0.000101645455288, 0.000198644600459, 0.000187859273865, -0.000317925791023, 0.000222350703552, 8.50003198138e-05], [4.82088507852e-05, 7.55906585255e-05, 0.00163634435739, -0.000758360547479, -4.94254636578e-05, -0.000987352686934, 0.000154044988449, -0.000115596238174, 0.00061153905699, -0.000359256198863, 0.000457711634226, -0.000652277551126, 0.000636183307506], [-8.51661316119e-05, 9.25586846279e-06, -0.000758360547479, 0.00378742231987, -0.00165724230465, 0.000121947297885, 0.000239707544097, -5.44688600712e-06, -0.000666784995701, 0.0011243839981, 0.000391267618397, -0.00030607971712, -5.64487527299e-05], [0.000116925897601, -0.000336265657097, -4.94254636578e-05, -0.00165724230465, 0.0058501069434, -0.000189184167539, 0.000309307128191, -0.00108402012847, 0.000253936683293, -0.00110066717025, 0.00188111397438, -0.000948350352701, -4.79962072859e-05], [-2.80966942228e-05, 9.11873867153e-05, -0.000987352686934, 0.000121947297885, -0.000189184167539, 0.00584094505757, -0.0022666354198, 0.00031897763256, -0.000807016098406, 0.000653408060316, -0.0020086504519, 0.00211429852061, 6.64193503326e-05], [0.000136245260364, -0.000150485837366, 0.000154044988449, 0.000239707544097, 0.000309307128191, -0.0022666354198, 0.0071409731172, -0.0019220354734, 0.00135802582372, -0.0018473904347, 0.00154964008834, -0.00153504440095, 0.000825986149721], [-5.43627502338e-05, 0.000101645455288, -0.000115596238174, -5.44688600712e-06, -0.00108402012847, 0.00031897763256, -0.0019220354734, 0.010799754411, -0.00336636533029, 0.00208572903648, -0.00220226217061, 0.00145735603292, -0.000837941304781], [0.000109292239358, 0.000198644600459, 0.00061153905699, -0.000666784995701, 0.000253936683293, -0.000807016098406, 0.00135802582372, -0.00336636533029, 0.0101516637951, -0.00399207975715, 0.00232177320868, -0.00102837570012, 0.00122745207045], [-8.40889042593e-05, 0.000187859273865, -0.000359256198863, 0.0011243839981, -0.00110066717025, 0.000653408060316, -0.0018473904347, 0.00208572903648, -0.00399207975715, 0.0149691784754, -0.00620037689805, 0.00282737263478, -0.00129466527142], [0.00013956350449, -0.000317925791023, 0.000457711634226, 0.000391267618397, 0.00188111397438, -0.0020086504519, 0.00154964008834, -0.00220226217061, 0.00232177320868, -0.00620037689805, 0.0157384388149, -0.00512143969536, 0.00241073197685], [-4.75586202811e-05, 0.000222350703552, -0.000652277551126, -0.00030607971712, -0.000948350352701, 0.00211429852061, -0.00153504440095, 0.00145735603292, -0.00102837570012, 0.00282737263478, -0.00512143969536, 0.0163579024374, -0.00489076087251], [0.000216127169551, 8.50003198138e-05, 0.000636183307506, -5.64487527299e-05, -4.79962072859e-05, 6.64193503326e-05, 0.000825986149721, -0.000837941304781, 0.00122745207045, -0.00129466527142, 0.00241073197685, -0.00489076087251, 0.0147395525128]], "mean": [-676.000183105, 111.440307617, 16.6269702911, 18.3984298706, -3.48737549782, -1.97697114944, -9.0545463562, -2.85233569145, -4.06807804108, -1.68033409119, -3.1326508522, -1.94137561321, -5.5439414978]}, "pitch_salience": {"dmean": 0.0693031847477, "dmean2": 0.113856501877, "dvar": 0.00467820465565, "dvar2": 0.0131979379803, "max": 0.967228651047, "mean": 0.580278158188, "median": 0.583821892738, "min": 0.0810650885105, "var": 0.0108864782378}, "silence_rate_20dB": {"dmean": 0, "dmean2": 0, "dvar": 0, "dvar2": 0, "max": 1, "mean": 1, "median": 1, "min": 1, "var": 0}, "silence_rate_30dB": {"dmean": 0.0182074345648, "dmean2": 0.0364188179374, "dvar": 0.0178755782545, "dvar2": 0.0496094748378, "max": 1, "mean": 0.989055037498, "median": 1, "min": 0, "var": 0.0108259087428}, "silence_rate_60dB": {"dmean": 0.0227592941374, "dmean2": 0.0455235205591, "dvar": 0.0222421269864, "dvar2": 0.0503904223442, "max": 1, "mean": 0.108474209905, "median": 0, "min": 0, "var": 0.0967121124268}, "spectral_centroid": {"dmean": 259.331970215, "dmean2": 390.413574219, "dvar": 114269.5, "dvar2": 245558.40625, "max": 11685.1308594, "mean": 1319.20898438, "median": 1050.93579102, "min": 134.589736938, "var": 1981845}, "spectral_complexity": {"dmean": 3.5279071331, "dmean2": 5.4383263588, "dvar": 22.1746139526, "dvar2": 50.203830719, "max": 55, "mean": 14.8343086243, "median": 14, "min": 0, "var": 79.1728744507}, "spectral_contrast_coeffs": {"dmean": [0.0513638332486, 0.0444534309208, 0.0410433970392, 0.0349497534335, 0.0259097144008, 0.0198134873062], "dmean2": [0.0841003507376, 0.0710022002459, 0.0648821741343, 0.0544902905822, 0.0398640371859, 0.0300503708422], "dvar": [0.00201134500094, 0.00139623053838, 0.00128949573264, 0.000953988404945, 0.00057638232829, 0.000360537116649], "dvar2": [0.00501377461478, 0.00343538331799, 0.00306298863143, 0.00211015180685, 0.00125996721908, 0.000783319177572], "max": [-0.285927832127, -0.400591671467, -0.382274478674, -0.503216445446, -0.523937642574, -0.57583296299], "mean": [-0.591044902802, -0.706618785858, -0.753363013268, -0.766831815243, -0.785370707512, -0.775360286236], "median": [-0.584734141827, -0.703387856483, -0.76124548912, -0.771829128265, -0.788750290871, -0.773940086365], "min": [-0.999410033226, -0.997618317604, -0.993534505367, -0.975364744663, -0.968951880932, -0.96516418457], "var": [0.00909910257906, 0.00681836018339, 0.00688057160005, 0.00535224331543, 0.00359927723184, 0.00255140964873]}, "spectral_contrast_valleys": {"dmean": [0.502669513226, 0.394532829523, 0.401688873768, 0.403423815966, 0.372119814157, 0.352090775967], "dmean2": [0.8055793643, 0.620107233524, 0.61327624321, 0.601919233799, 0.530326545238, 0.436090528965], "dvar": [0.262039452791, 0.171780586243, 0.184326976538, 0.204283729196, 0.204838216305, 0.1796079427], "dvar2": [0.516387403011, 0.368337899446, 0.386709183455, 0.425623446703, 0.416392803192, 0.291329056025], "max": [-5.1854429245, -4.2146654129, -5.55378723145, -5.84619379044, -5.61962747574, -7.58749866486], "mean": [-8.17754173279, -7.25027084351, -8.14545154572, -8.67884063721, -8.4298620224, -10.438574791], "median": [-7.62968826294, -6.71894454956, -7.65277767181, -8.23167037964, -7.9381518364, -9.97175979614], "min": [-28.1481304169, -28.3624305725, -28.0150527954, -27.7787380219, -27.5318870544, -27.4277267456], "var": [7.95670700073, 8.09471130371, 7.52819013596, 7.23556518555, 7.52847719193, 6.46382379532]}, "spectral_decrease": {"dmean": 2.62119015382e-09, "dmean2": 4.24705248747e-09, "dvar": 3.59297413417e-17, "dvar2": 9.32669698757e-17, "max": 1.96962472074e-28, "mean": -5.47921619187e-09, "median": -4.28105373373e-09, "min": -5.88766155829e-08, "var": 3.56551306132e-17}, "spectral_energy": {"dmean": 0.0102793397382, "dmean2": 0.0165536943823, "dvar": 0.00053826806834, "dvar2": 0.00139043072704, "max": 0.230788841844, "mean": 0.0222280360758, "median": 0.0175099540502, "min": 1.00829843158e-20, "var": 0.000557842024136}, "spectral_energyband_high": {"dmean": 0.000407442479627, "dmean2": 0.000545971852262, "dvar": 6.02120110216e-07, "dvar2": 1.16869227895e-06, "max": 0.0173186250031, "mean": 0.000957764743362, "median": 0.00034519773908, "min": 6.82292496564e-21, "var": 2.64033769781e-06}, "spectral_energyband_low": {"dmean": 0.0036439280957, "dmean2": 0.00609560823068, "dvar": 8.00711568445e-05, "dvar2": 0.000210675483686, "max": 0.0864288210869, "mean": 0.00500500062481, "median": 0.00236667622812, "min": 1.33126067995e-23, "var": 6.96793213137e-05}, "spectral_energyband_middle_high": {"dmean": 0.00118435057811, "dmean2": 0.00174911564682, "dvar": 4.11427345171e-06, "dvar2": 8.58759995026e-06, "max": 0.0623047351837, "mean": 0.0032384598162, "median": 0.00177769782022, "min": 1.09965513821e-21, "var": 2.00233262149e-05}, "spectral_energyband_middle_low": {"dmean": 0.0075505184941, "dmean2": 0.0124021787196, "dvar": 0.000353416893631, "dvar2": 0.000929725880269, "max": 0.198673024774, "mean": 0.0143567463383, "median": 0.0109198596328, "min": 1.64730060446e-22, "var": 0.000322902895277}, "spectral_entropy": {"dmean": 0.200704440475, "dmean2": 0.28012445569, "dvar": 0.0446296334267, "dvar2": 0.0893100649118, "max": 9.82611656189, "mean": 7.49212646484, "median": 7.5608959198, "min": 5.00260639191, "var": 0.366577535868}, "spectral_flux": {"dmean": 0.0279638189822, "dmean2": 0.0437436886132, "dvar": 0.00193153892178, "dvar2": 0.00400554807857, "max": 0.441782683134, "mean": 0.0754632875323, "median": 0.0620044022799, "min": 6.30909074983e-11, "var": 0.00356828561053}, "spectral_kurtosis": {"dmean": 1.63426172733, "dmean2": 2.45508861542, "dvar": 8.02631759644, "dvar2": 17.488243103, "max": 72.6845703125, "mean": 4.25728082657, "median": 2.98725581169, "min": -1.28059756756, "var": 26.4684104919}, "spectral_rms": {"dmean": 0.00086311675841, "dmean2": 0.00130661844742, "dvar": 2.1226003355e-06, "dvar2": 4.99905763718e-06, "max": 0.0150053277612, "mean": 0.00414014514536, "median": 0.00413314439356, "min": 3.13640845066e-12, "var": 4.54512883152e-06}, "spectral_rolloff": {"dmean": 505.911834717, "dmean2": 839.080078125, "dvar": 922481.3125, "dvar2": 2014355.125, "max": 19638.28125, "mean": 1669.13793945, "median": 818.26171875, "min": 21.533203125, "var": 6953635.5}, "spectral_skewness": {"dmean": 0.247994542122, "dmean2": 0.34853374958, "dvar": 0.0907615125179, "dvar2": 0.181219533086, "max": 7.20632314682, "mean": 1.54464578629, "median": 1.43894457817, "min": -0.12533070147, "var": 0.535483419895}, "spectral_spread": {"dmean": 647603.5625, "dmean2": 893652.3125, "dvar": 730595721216, "dvar2": 1480162410500.0, "max": 50337348, "mean": 5778303.5, "median": 50791