{"lowlevel": {"average_loudness": 0.452084124088, "barkbands": {"dmean": [0.000220835936489, 0.00268339202739, 0.00131545006298, 0.00130012957379, 0.00121380924247, 0.000739438750315, 0.000468839658424, 0.000852694618516, 0.000915371521842, 0.000684632745106, 0.000365497020539, 0.000447381520644, 0.000446520978585, 0.000351566035533, 0.000267736322712, 0.000102451034763, 8.691498806e-05, 4.74826447316e-05, 4.64250369987e-05, 6.79112708895e-05, 3.3698102925e-05, 3.59380101145e-05, 1.61812986335e-05, 1.00655315691e-05, 9.46495947574e-06, 5.58896954317e-06, 7.39261349736e-06], "dmean2": [0.000325922243064, 0.00438992632553, 0.00220112688839, 0.00206257239915, 0.00195651687682, 0.00112955842633, 0.00070131663233, 0.00126219470985, 0.00140666344669, 0.00103005894925, 0.000573968340177, 0.000694745627698, 0.000721010612324, 0.000572769553401, 0.000428026774898, 0.000163176460774, 0.00013549925643, 7.63172647567e-05, 7.36672009225e-05, 0.000107990592369, 5.43938222108e-05, 5.69616749999e-05, 2.50784214586e-05, 1.52169259309e-05, 1.37040315167e-05, 8.52454013511e-06, 1.19295518743e-05], "dvar": [4.55821947298e-07, 6.47822598694e-05, 1.33671528602e-05, 1.7755161025e-05, 6.54852283333e-06, 2.55259396909e-06, 1.56828014042e-06, 6.54572477288e-06, 8.20117838884e-06, 3.94071003029e-06, 2.32290017266e-06, 2.29697070608e-06, 2.34893536799e-06, 1.99012833946e-06, 1.07969822238e-06, 2.19492775955e-07, 7.76821380555e-08, 1.98503844473e-08, 1.68823106605e-08, 3.38379742004e-08, 8.32785840288e-09, 1.20702123851e-08, 1.86915660727e-09, 1.02622954579e-09, 7.60650931131e-10, 3.14357179176e-10, 7.06069425149e-10], "dvar2": [9.13185374429e-07, 0.000156815018272, 3.70652232959e-05, 4.18541458203e-05, 1.72733507497e-05, 6.06988442087e-06, 3.08351695821e-06, 1.47292657857e-05, 2.01772472792e-05, 9.23501374928e-06, 5.84094686928e-06, 5.66571316085e-06, 6.24524727755e-06, 5.5272012105e-06, 2.86371869151e-06, 5.81752203743e-07, 1.90665943478e-07, 5.19787661801e-08, 4.01320896515e-08, 8.63333085022e-08, 2.19880149643e-08, 3.17279571505e-08, 4.59607107928e-09, 2.56490029216e-09, 1.65387270545e-09, 7.39150518569e-10, 1.74896119809e-09], "max": [0.00850673485547, 0.112811610103, 0.101352959871, 0.0902555584908, 0.0657014250755, 0.0264529772103, 0.0606392472982, 0.0833229422569, 0.0713992193341, 0.0468024723232, 0.0368702188134, 0.0525975599885, 0.039238832891, 0.0450010374188, 0.0264080334455, 0.018732406199, 0.00878695491701, 0.00473141670227, 0.00605097739026, 0.00455232616514, 0.00182014785241, 0.00304421340115, 0.000997837632895, 0.000854831654578, 0.000769283273257, 0.000767014862504, 0.00121354206931], "mean": [0.000256710889516, 0.0041448995471, 0.00232842075638, 0.00188694731332, 0.00223230198026, 0.0013119187206, 0.000803326140158, 0.00136139709502, 0.00141103495844, 0.00117734842934, 0.000540361972526, 0.000706641934812, 0.000657763972413, 0.000508214114234, 0.000415011600126, 0.000172086554812, 0.000160271345521, 8.65688198246e-05, 9.0351633844e-05, 0.000140223433846, 6.32552182651e-05, 6.67225103825e-05, 2.86169433821e-05, 1.56424302986e-05, 1.40322790685e-05, 6.10959386904e-06, 6.18366675553e-06], "median": [4.60695737274e-05, 0.00198483490385, 0.00113786244765, 0.000647117034532, 0.00118201458827, 0.000378897180781, 0.000183128431672, 0.000188616249943, 0.000158541632118, 0.000114994909381, 2.38070788328e-05, 9.06305285753e-05, 4.35939800809e-05, 2.955319178e-05, 2.75297697954e-05, 1.52718948812e-05, 2.65326470981e-05, 1.44082323459e-05, 1.57977356139e-05, 1.71137016878e-05, 1.35074933496e-05, 1.21205093819e-05, 6.78688184053e-06, 2.9517918847e-06, 2.75750085166e-06, 9.18989030652e-07, 1.73680973603e-07], "min": [2.00962019782e-24, 3.91710775754e-24, 8.25413169695e-24, 3.7312473951e-24, 2.91344192109e-23, 1.66918865468e-23, 1.24137313524e-23, 8.95243294797e-24, 2.67794043516e-23, 2.86827174566e-23, 3.64998620217e-23, 2.0416498044e-23, 2.38358834797e-23, 7.03865497196e-23, 9.2213775609e-23, 6.38465267838e-23, 8.25328114712e-23, 9.89562013203e-23, 1.39986333748e-22, 2.63016020298e-22, 3.50319117839e-22, 3.61861225733e-22, 4.60258055252e-22, 8.12627858035e-22, 1.08446266168e-21, 1.34245546817e-21, 2.19540923934e-21], "var": [5.95991195951e-07, 6.9175977842e-05, 1.5487525161e-05, 2.08653309528e-05, 1.00661864053e-05, 5.17009402756e-06, 3.75899844585e-06, 1.25250271594e-05, 1.53688688442e-05, 9.32388593355e-06, 4.37065227743e-06, 4.4853777581e-06, 4.12990630139e-06, 3.55882593794e-06, 2.09633253689e-06, 4.38970573668e-07, 1.90528552935e-07, 4.7814918247e-08, 4.64221621144e-08, 1.14533285966e-07, 1.69650604676e-08, 2.60886814374e-08, 3.7107292794e-09, 1.42249956259e-09, 1.17726794979e-09, 3.41191408459e-10, 6.11967199138e-10]}, "barkbands_crest": {"dmean": 2.37380075455, "dmean2": 3.80049395561, "dvar": 5.39603042603, "dvar2": 13.4575014114, "max": 26.1416282654, "mean": 10.8305273056, "median": 10.2483844757, "min": 2.82632613182, "var": 16.3321762085}, "barkbands_flatness_db": {"dmean": 0.0211362056434, "dmean2": 0.0315355993807, "dvar": 0.000463266711449, "dvar2": 0.000992695102468, "max": 0.444176226854, "mean": 0.176266282797, "median": 0.167354673147, "min": 0.038277503103, "var": 0.00384193332866}, "barkbands_kurtosis": {"dmean": 4.91147184372, "dmean2": 7.67512702942, "dvar": 86.3140563965, "dvar2": 209.581863403, "max": 232.368728638, "mean": 11.842423439, "median": 5.90652751923, "min": -1.92432868481, "var": 403.528045654}, "barkbands_skewness": {"dmean": 0.601260006428, "dmean2": 0.899885773659, "dvar": 0.523597300053, "dvar2": 1.17668998241, "max": 13.0946464539, "mean": 2.19819569588, "median": 2.01948070526, "min": -4.83217048645, "var": 3.08617043495}, "barkbands_spread": {"dmean": 3.487844944, "dmean2": 5.41654491425, "dvar": 29.1633014679, "dvar2": 64.1662368774, "max": 137.810302734, "mean": 13.029501915, "median": 10.8978338242, "min": 0.452301889658, "var": 115.412193298}, "dissonance": {"dmean": 0.0259294249117, "dmean2": 0.0430114679039, "dvar": 0.00067901663715, "dvar2": 0.00175618589856, "max": 0.5, "mean": 0.439785182476, "median": 0.452169001102, "min": 0.116966553032, "var": 0.00222302321345}, "dynamic_complexity": 5.59987211227, "erbbands": {"dmean": [0.0896035805345, 0.603086829185, 1.46493518353, 3.22268795967, 3.57322406769, 4.14474868774, 6.54698991776, 4.99404239655, 5.8096613884, 8.32267379761, 21.5870704651, 21.6446208954, 17.1792469025, 21.0027694702, 14.4052209854, 18.4780502319, 19.1654968262, 19.2306308746, 14.778465271, 8.20211791992, 5.79226446152, 4.32500553131, 2.31473445892, 2.5975689888, 2.28752112389, 3.72316646576, 1.68022322655, 1.2266253233, 1.38665723801, 0.838090956211, 0.418118417263, 0.235809057951, 0.156578734517, 0.096014469862, 0.0832264274359, 0.0235185083002, 0.0104560842738, 0.00419370317832, 0.00138313288335, 8.96369674592e-05], "dmean2": [0.140837147832, 1.03607857227, 2.49358510971, 5.09832429886, 5.80764532089, 6.61219501495, 10.1336231232, 7.59204387665, 8.81641864777, 12.5441923141, 31.7420005798, 32.9161262512, 26.1012954712, 30.8060703278, 22.2979602814, 28.7661094666, 30.8280334473, 30.9783267975, 23.4116611481, 12.982380867, 9.26186847687, 6.74575471878, 3.67964458466, 4.1317987442, 3.65578365326, 5.9429769516, 2.67056035995, 1.98131501675, 2.21038103104, 1.33214950562, 0.634611129761, 0.354939550161, 0.242127522826, 0.143286153674, 0.123477749527, 0.0347162410617, 0.0162930581719, 0.00672142300755, 0.00224599172361, 0.000142641962157], "dvar": [0.0836378335953, 3.32275605202, 16.722322464, 96.7658615112, 93.4115371704, 71.2947921753, 203.198486328, 124.985610962, 209.868240356, 594.446594238, 4434.63671875, 4985.71777344, 3008.20751953, 4044.30688477, 2790.68408203, 4666.67285156, 4921.22363281, 6575.6484375, 3008.17480469, 1200.55310059, 708.366394043, 222.223724365, 45.3506813049, 66.456199646, 34.1974182129, 113.290885925, 19.2749977112, 13.186167717, 18.404548645, 5.8761677742, 1.15718734264, 0.5193400383, 0.283579558134, 0.0876555070281, 0.0693399459124, 0.00485215568915, 0.00135081761982, 0.000193747866433, 2.77828457911e-05, 9.45459177615e-08], "dvar2": [0.179281413555, 9.01039028168, 46.7903137207, 231.679275513, 239.90435791, 180.580749512, 473.137084961, 295.372711182, 439.559295654, 1259.50793457, 10051.7871094, 12255.9287109, 7196.52392578, 9044.18945313, 6972.66992188, 11399.2734375, 13041.6708984, 18354.2402344, 7851.31152344, 3130.08764648, 1944.39953613, 548.139282227, 112.891723633, 167.828536987, 81.2481689453, 292.593566895, 46.8092918396, 35.1281929016, 48.3422546387, 15.4540987015, 2.75930356979, 1.24424576759, 0.741701126099, 0.210610330105, 0.154635757208, 0.0109558748081, 0.00328765343875, 0.000469128543045, 7.02946417732e-05, 2.34414841316e-07], "max": [3.93177700043, 23.7778720856, 111.984115601, 199.461639404, 238.922241211, 184.325592041, 319.741455078, 261.430389404, 386.54019165, 854.627868652, 2263.81640625, 2046.59179688, 1340.31103516, 1762.34191895, 1751.45153809, 2727.30371094, 2025.32751465, 2423.67211914, 1641.19848633, 1232.74682617, 1087.69226074, 546.722961426, 232.814422607, 299.797058105, 281.659606934, 275.380584717, 198.185134888, 67.5697402954, 114.89591217, 61.9816513062, 22.8979225159, 29.0910167694, 12.7172956467, 9.31744003296, 4.97570800781, 2.06888127327, 1.90325415134, 0.516932368279, 0.264210730791, 0.0138274794444], "mean": [0.13218010962, 0.884863495827, 2.63639736176, 5.10378980637, 5.68526124954, 7.63459014893, 11.7460012436, 9.10537338257, 10.6036520004, 14.5526952744, 35.8150482178, 34.5799484253, 28.1334495544, 37.1469497681, 25.0516033173, 30.6252975464, 30.5671424866, 30.1176376343, 24.0034599304, 14.0188121796, 10.4425020218, 8.44346427917, 4.69167613983, 5.12468004227, 4.85889291763, 7.438788414, 3.44637608528, 2.30497717857, 2.51954913139, 1.48768770695, 0.737683475018, 0.384629487991, 0.234893992543, 0.141936689615, 0.114247463644, 0.0304295532405, 0.0106473071501, 0.00364877167158, 0.00115468120202, 9.40692189033e-05], "median": [0.0546395778656, 0.440719038248, 1.34636867046, 2.19662046432, 2.48594880104, 3.73851203918, 3.89185786247, 2.51418972015, 2.91410732269, 3.35841631889, 5.87120628357, 5.03697776794, 3.14855694771, 3.52321100235, 2.67741012573, 3.71547317505, 2.53023743629, 1.84399116039, 1.840321064, 1.05266094208, 1.21775174141, 1.31846189499, 0.884656488895, 0.787333488464, 0.80582344532, 0.903617441654, 0.710190534592, 0.456862688065, 0.446169227362, 0.309105336666, 0.175874441862, 0.0703063830733, 0.0470619238913, 0.0284760147333, 0.0189825538546, 0.0058486587368, 0.00134254316799, 0.000214917730773, 4.36600275862e-05, 2.06901386264e-05], "min": [6.99223397867e-23, 1.15642636523e-21, 7.67412693549e-21, 1.3140947448e-20, 2.90323722147e-20, 1.22020268516e-19, 5.97042616399e-20, 1.75448911181e-19, 2.17127595417e-19, 2.96062442743e-19, 2.59319467674e-19, 4.97994265018e-19, 6.58458876951e-19, 1.37647858372e-18, 2.11907791068e-18, 1.02523070886e-18, 1.51055566882e-18, 3.54099435263e-18, 4.06923106462e-18, 3.61175717249e-18, 4.04878564142e-18, 4.7081308941e-18, 6.38142586983e-18, 8.39259021139e-18, 8.9984611326e-18, 1.10489657705e-17, 1.30586473908e-17, 1.39781628664e-17, 1.31094950102e-17, 1.56487550295e-17, 1.38295755858e-17, 1.56512382257e-17, 1.35147713242e-17, 9.15005935064e-18, 7.30593296685e-18, 3.87671428963e-18, 2.80247757557e-18, 1.22977045066e-18, 2.65570213069e-19, 3.01962250301e-20], "var": [0.0974639132619, 2.93720984459, 18.9527797699, 116.572883606, 109.431175232, 131.75201416, 406.496459961, 279.426025391, 501.123382568, 1452.68151855, 8293.24316406, 9729.82519531, 5494.50537109, 9623.0703125, 5695.390625, 9110.49707031, 8869.33886719, 12456.5976563, 6029.81054688, 2681.04931641, 1388.43554688, 582.861877441, 125.472419739, 171.910598755, 106.135810852, 354.517913818, 54.1743888855, 23.7565631866, 37.9710617065, 11.5731515884, 2.3167579174, 0.867614269257, 0.328351050615, 0.120515584946, 0.0950396209955, 0.00631416635588, 0.00131020776462, 0.00017782683426, 2.29981342272e-05, 8.3788947336e-08]}, "erbbands_crest": {"dmean": 2.67639970779, "dmean2": 4.22758865356, "dvar": 7.09578227997, "dvar2": 17.2832145691, "max": 33.0549964905, "mean": 10.6443510056, "median": 9.20231819153, "min": 2.25119113922, "var": 29.9437561035}, "erbbands_flatness_db": {"dmean": 0.0212013181299, "dmean2": 0.0292549896985, "dvar": 0.000461765099317, "dvar2": 0.000867471448146, "max": 0.397483050823, "mean": 0.167830348015, "median": 0.165092840791, "min": 0.0257314983755, "var": 0.00296506541781}, "erbbands_kurtosis": {"dmean": 1.4600353241, "dmean2": 2.20772600174, "dvar": 6.64522457123, "dvar2": 13.4597539902, "max": 154.428955078, "mean": 2.65352845192, "median": 0.530892133713, "min": -1.79609525204, "var": 91.817855835}, "erbbands_skewness": {"dmean": 0.3794901371, "dmean2": 0.568420767784, "dvar": 0.150097236037, "dvar2": 0.319454550743, "max": 11.1500473022, "mean": 0.847979366779, "median": 0.692235350609, "min": -3.67912364006, "var": 1.31021726131}, "erbbands_spread": {"dmean": 7.82754850388, "dmean2": 11.7826480865, "dvar": 93.5759735107, "dvar2": 209.045257568, "max": 151.859786987, "mean": 35.1324882507, "median": 31.3685855865, "min": 1.51831197739, "var": 473.522277832}, "gfcc": {"cov": [[15669.6943359, 26.0539302826, -2397.0078125, -295.332092285, -536.819335938, 305.815643311, -86.3494644165, 339.962097168, -46.6713676453, 302.14352417, -19.6378479004, -30.1951141357, 40.0290718079], [26.0539302826, 1216.49609375, -349.115386963, -50.2206039429, 80.7967071533, 10.0272026062, 114.98285675, -39.9315223694, 80.9003448486, -63.7106704712, 107.094978333, -16.2584953308, 63.6277885437], [-2397.0078125, -349.115386963, 1277.1619873, 140.221221924, 155.891159058, -38.412651062, -14.959441185, -57.7453384399, 7.88084840775, -34.4281959534, -28.7647705078, 66.0904388428, -60.0816459656], [-295.332092285, -50.2206039429, 140.221221924, 525.528686523, 95.8845596313, -6.15669155121, -54.7636070251, -4.85187149048, 51.0034751892, -47.9461936951, 35.6542053223, -20.6602935791, 6.11384010315], [-536.819335938, 80.7967071533, 155.891159058, 95.8845596313, 322.008148193, 60.1918640137, 67.0385513306, 12.3820066452, 46.0262680054, -17.0947780609, 8.78311061859, -4.00042438507, -5.35748815536], [305.815643311, 10.0272026062, -38.412651062, -6.15669155121, 60.1918640137, 242.581008911, 111.043106079, 42.5608825684, -18.1719360352, -8.23886108398, 22.5805568695, -7.01791524887, -26.121799469], [-86.3494644165, 114.98285675, -14.959441185, -54.7636070251, 67.0385513306, 111.043106079, 230.831542969, 42.3622398376, -0.997347593307, -33.3084945679, 42.2203178406, 4.33618354797, -24.8835048676], [339.962097168, -39.9315223694, -57.7453384399, -4.85187149048, 12.3820066452, 42.5608825684, 42.3622398376, 118.316322327, 29.9894199371, 12.7627296448, -9.07246589661, -8.43839454651, -3.05110812187], [-46.6713676453, 80.9003448486, 7.88084840775, 51.0034751892, 46.0262680054, -18.1719360352, -0.997347593307, 29.9894199371, 118.932594299, 22.3968009949, 6.0268368721, -8.27590847015, 8.97552394867], [302.14352417, -63.7106704712, -34.4281959534, -47.9461936951, -17.0947780609, -8.23886108398, -33.3084945679, 12.7627296448, 22.3968009949, 110.757019043, 5.61499118805, 1.68588137627, 0.914311826229], [-19.6378479004, 107.094978333, -28.7647705078, 35.6542053223, 8.78311061859, 22.5805568695, 42.2203178406, -9.07246589661, 6.0268368721, 5.61499118805, 110.366783142, 28.3569850922, -3.59143638611], [-30.1951141357, -16.2584953308, 66.0904388428, -20.6602935791, -4.00042438507, -7.01791524887, 4.33618354797, -8.43839454651, -8.27590847015, 1.68588137627, 28.3569850922, 78.561088562, 19.4332962036], [40.0290718079, 63.6277885437, -60.0816459656, 6.11384010315, -5.35748815536, -26.121799469, -24.8835048676, -3.05110812187, 8.97552394867, 0.914311826229, -3.59143638611, 19.4332962036, 75.1041641235]], "icov": [[0.000108004547656, -6.30136810287e-06, 0.000201432019821, -5.27262636751e-05, 9.18452278711e-05, -0.000139203781146, 8.43113739393e-05, -0.000198783774977, 5.40200198884e-05, -0.000222185844905, 0.000147805490997, -0.000259779626504, 0.000161736752489], [-6.30136810287e-06, 0.00134802295361, 0.000288089970127, 0.000440321338829, -0.000328243040713, 9.27737055463e-05, -0.000394738541218, 0.00088264781516, -0.00119634275325, 0.0011180920992, -0.00141172984149, 0.00091585033806, -0.00120525667444], [0.000201432019821, 0.000288089970127, 0.00152318726759, -0.000324287568219, -0.00038171603228, -1.36574908538e-05, 2.61843342741e-05, 0.000335538614308, -0.000284133246168, -0.000110906417831, 0.000870068790391, -0.00191770354286, 0.00145693449304], [-5.27262636751e-05, 0.000440321338829, -0.000324287568219, 0.00285531580448, -0.000755615532398, -0.000205817763344, 0.00135486526415, -5.0130616728e-05, -0.00132048281375, 0.00218279659748, -0.00242046685889, 0.00188990856986, -0.000988950370811], [9.18452278711e-05, -0.000328243040713, -0.00038171603228, -0.000755615532398, 0.00426429091021, -0.000989906489849, -0.00102044316009, 8.0515506852e-05, -0.00117845705245, -0.000418303767219, 0.000842923647724, -9.14984702831e-05, -0.000179739115993], [-0.000139203781146, 9.27737055463e-05, -1.36574908538e-05, -0.000205817763344, -0.000989906489849, 0.00613046297804, -0.00243860390037, -0.00117665040307, 0.00162910949439, -0.000270115968306, -0.000598027138039, 0.000617054873146, 0.000827608804684], [8.43113739393e-05, -0.000394738541218, 2.61843342741e-05, 0.00135486526415, -0.00102044316009, -0.00243860390037, 0.00788501743227, -0.00259748403914, -3.08875678456e-05, 0.00260196719319, -0.00270828744397, -0.000195957021788, 0.00167933176272], [-0.000198783774977, 0.00088264781516, 0.000335538614308, -5.0130616728e-05, 8.0515506852e-05, -0.00117665040307, -0.00259748403914, 0.0119737675413, -0.00385566428304, -0.000401487603085, 0.00153994327411, 0.000359193480108, -0.000700623146258], [5.40200198884e-05, -0.00119634275325, -0.000284133246168, -0.00132048281375, -0.00117845705245, 0.00162910949439, -3.08875678456e-05, -0.00385566428304, 0.0122509617358, -0.00362106249668, 0.00030107315979, 0.000697940937243, -0.000405578815844], [-0.000222185844905, 0.0011180920992, -0.000110906417831, 0.00218279659748, -0.000418303767219, -0.000270115968306, 0.00260196719319, -0.000401487603085, -0.00362106249668, 0.0128329759464, -0.00363142462447, 0.00139101792593, -0.000630310445558], [0.000147805490997, -0.00141172984149, 0.000870068790391, -0.00242046685889, 0.000842923647724, -0.000598027138039, -0.00270828744397, 0.00153994327411, 0.00030107315979, -0.00363142462447, 0.0148925380781, -0.007476283703, 0.00368256401271], [-0.000259779626504, 0.00091585033806, -0.00191770354286, 0.00188990856986, -9.14984702831e-05, 0.000617054873146, -0.000195957021788, 0.000359193480108, 0.000697940937243, 0.00139101792593, -0.007476283703, 0.0196801908314, -0.00771778449416], [0.000161736752489, -0.00120525667444, 0.00145693449304, -0.000988950370811, -0.000179739115993, 0.000827608804684, 0.00167933176272, -0.000700623146258, -0.000405578815844, -0.000630310445558, 0.00368256401271, -0.00771778449416, 0.0185279324651]], "mean": [-73.5378112793, 117.346832275, -95.8670883179, 29.997385025, -52.8069534302, 10.764289856, -22.3108005524, -0.525090515614, -19.5720615387, -0.234923943877, -15.6410961151, -3.6525080204, -9.08926582336]}, "hfc": {"dmean": 3.69387745857, "dmean2": 5.29069519043, "dvar": 43.3979263306, "dvar2": 93.8264694214, "max": 126.575798035, "mean": 11.9652557373, "median": 4.61430931091, "min": 1.13966933094e-16, "var": 289.219543457}, "melbands": {"dmean": [0.000749656930566, 0.000756675901357, 0.000531906553078, 0.000285017915303, 0.000205480449949, 0.000117235984362, 9.23476836761e-05, 0.000105404717033, 0.000180773087777, 0.000130167085445, 8.83349421201e-05, 9.0888235718e-05, 5.44156828255e-05, 5.43166970601e-05, 4.31933549407e-05, 4.21080367232e-05, 3.58023680747e-05, 2.43894592131e-05, 1.66585814441e-05, 7.49591799831e-06, 7.19477520761e-06, 4.91180253448e-06, 3.52345523424e-06, 2.31915441873e-06, 2.24165205509e-06, 1.91418575923e-06, 1.96682253772e-06, 2.66450456365e-06, 1.32562240651e-06, 8.06965772426e-07, 7.51326240334e-07, 8.85653093974e-07, 6.95715755228e-07, 4.17147901999e-07, 2.8214105896e-07, 1.6340379716e-07, 1.42593066244e-07, 1.20556336469e-07, 8.79443788904e-08, 8.13707146108e-08], "dmean2": [0.00119784916751, 0.00129985064268, 0.000842765846755, 0.000456587789813, 0.000319016282447, 0.00017864847905, 0.000138823874295, 0.000159020433784, 0.000266652117716, 0.000199552378035, 0.000134126254125, 0.000133344263304, 8.52641096571e-05, 8.45533359097e-05, 6.91050299793e-05, 6.71474845149e-05, 5.79018815188e-05, 3.87897380278e-05, 2.68530948233e-05, 1.18141888379e-05, 1.16957835417e-05, 7.67264555179e-06, 5.66003473068e-06, 3.7362653984e-06, 3.60299372915e-06, 3.0754852105e-06, 3.15719466926e-06, 4.28242992712e-06, 2.1267107968e-06, 1.33243781875e-06, 1.2276640291e-06, 1.43223678606e-06, 1.12994894153e-06, 6.73335421197e-07, 4.39232508143e-07, 2.49995707691e-07, 2.18030322685e-07, 1.89769593817e-07, 1.36694410457e-07, 1.24334093243e-07], "dvar": [5.35677236257e-06, 4.55083272755e-06, 2.54511769526e-06, 4.11232520037e-07, 1.81452392667e-07, 6.51227125559e-08, 5.38453228671e-08, 8.4697099112e-08, 2.97713540931e-07, 1.70301944991e-07, 7.93973882196e-08, 7.62671987786e-08, 4.94197642809e-08, 3.35488188341e-08, 2.11904218617e-08, 2.01791525711e-08, 2.43563498259e-08, 8.25111712288e-09, 4.93538854229e-09, 1.10809716958e-09, 9.30860444281e-10, 2.65113514475e-10, 1.22246518464e-10, 6.72708833083e-11, 5.67197989965e-11, 3.22923181251e-11, 3.02963071297e-11, 6.26053930919e-11, 1.33557097673e-11, 4.90761120978e-12, 4.95541671933e-12, 7.68112917021e-12, 5.02404975261e-12, 1.42609069085e-12, 5.24636703438e-13, 2.16942037793e-13, 1.95245851279e-13, 1.710205057e-13, 8.73937898503e-14, 6.87944642116e-14], "dvar2": [1.21469220176e-05, 1.27233279272e-05, 6.07414631304e-06, 1.04965374703e-06, 4.30890366943e-07, 1.54025585175e-07, 1.08430874945e-07, 1.84304965956e-07, 6.84638507664e-07, 4.16678744841e-07, 1.89510203086e-07, 1.71702609464e-07, 1.23715594214e-07, 8.40443590278e-08, 5.52224719286e-08, 5.32963291278e-08, 6.81632528199e-08, 2.15106688017e-08, 1.32726958313e-08, 2.77629563783e-09, 2.5592579167e-09, 6.5563099394e-10, 3.01577290918e-10, 1.82200227128e-10, 1.43899392402e-10, 7.37559596731e-11, 7.80179601478e-11, 1.62856228503e-10, 3.2001054584e-11, 1.31445661647e-11, 1.32148840482e-11, 1.99883599256e-11, 1.34760171772e-11, 3.7532958512e-12, 1.27854280982e-12, 5.19321022817e-13, 4.73399531381e-13, 4.54526390484e-13, 2.24580553806e-13, 1.67650005749e-13], "max": [0.0334772132337, 0.0495137795806, 0.033868227154, 0.0172473490238, 0.00902720075101, 0.00536346202716, 0.00871512107551, 0.00750719290227, 0.016937084496, 0.0111458422616, 0.00655621383339, 0.00737281143665, 0.00565023394302, 0.00508424965665, 0.00372364022769, 0.00365912960842, 0.00525212986395, 0.00259765726514, 0.00212936010212, 0.00116248079576, 0.0011031886097, 0.000553665973712, 0.000351365888491, 0.000367224303773, 0.000306206871755, 0.000383043719921, 0.000220655012527, 0.000237327156356, 0.00019438705931, 4.41356496594e-05, 3.77265714633e-05, 8.20291752461e-05, 5.68475697946e-05, 2.50171015068e-05, 1.42587068694e-05, 1.48679746417e-05, 1.63190106832e-05, 9.2086947916e-06, 8.23216487333e-06, 1.04430873762e-05], "mean": [0.00115554523654, 0.00131032429636, 0.000868590024766, 0.000499712652527, 0.000385788269341, 0.000210627316847, 0.000165592558915, 0.000180598930456, 0.00030032050563, 0.00020093024068, 0.000140058633406, 0.00015785456344, 8.59608771862e-05, 8.49023417686e-05, 6.64655162836e-05, 6.42021841486e-05, 5.3530347941e-05, 3.74219016521e-05, 2.57649771811e-05, 1.28476240207e-05, 1.19746109704e-05, 8.87100850377e-06, 5.98026190346e-06, 4.09471977036e-06, 4.07234438171e-06, 3.5608543385e-06, 3.91025878343e-06, 5.07042750542e-06, 2.4081000447e-06, 1.38595021326e-06, 1.2929803006e-06, 1.51412154992e-06, 1.16261674066e-06, 6.96890253948e-07, 4.67690938422e-07, 2.69620471727e-07, 2.16203844161e-07, 1.7290530252e-07, 1.27653464688e-07, 1.13911639232e-07], "median": [0.000526270247065, 0.000744086981285, 0.000399394193664, 0.000222180548008, 0.000156929381774, 5.71464879613e-05, 4.27827508247e-05, 3.8608606701e-05, 4.66616111225e-05, 2.30598616326e-05, 1.35156451506e-05, 1.40269985422e-05, 6.14459850112e-06, 1.13728210636e-05, 5.90489071328e-06, 4.52412177765e-06, 2.79624850918e-06, 2.57987881014e-06, 1.71386864167e-06, 9.78530238172e-07, 1.49151912865e-06, 1.40369877499e-06, 7.92331036337e-07, 6.74406578582e-07, 5.6470724985e-07, 5.90351476148e-07, 4.92718982059e-07, 5.86608962294e-07, 4.78730157738e-07, 3.04262073314e-07, 2.31539132756e-07, 2.60681360942e-07, 2.02928404747e-07, 1.54540529707e-07, 1.19319452097e-07, 4.78612705024e-08, 3.66785855022e-08, 3.34486607301e-08, 2.58739891734e-08, 2.11473949463e-08], "min": [1.33495795268e-24, 3.2065495802e-24, 3.52822812469e-24, 4.42478234854e-24, 2.20538510335e-24, 3.84832342534e-24, 3.24352782956e-24, 2.76327857958e-24, 2.1779528598e-24, 3.39234762262e-24, 2.65617020131e-24, 5.00249122184e-24, 6.16724079852e-24, 3.72522483652e-24, 1.9105972494e-24, 2.77622694248e-24, 6.27792271669e-24, 5.69180340285e-24, 5.97634434807e-24, 3.61597075659e-24, 4.17580325292e-24, 4.1214073492e-24, 5.98616329976e-24, 4.63124381351e-24, 6.41311375432e-24, 5.7685579912e-24, 4.81204521096e-24, 6.29054330788e-24, 7.28751834168e-24, 7.68910455156e-24, 7.28597769633e-24, 7.90457559693e-24, 5.8803813911e-24, 7.61911838977e-24, 7.22853994496e-24, 8.3694568504e-24, 9.3723641182e-24, 7.73870023667e-24, 8.62897473328e-24, 7.49875557057e-24], "var": [6.09683138464e-06, 4.5541273721e-06, 3.07444815917e-06, 6.45951615752e-07, 3.67105172927e-07, 1.42855057561e-07, 1.31509153789e-07, 1.98627560621e-07, 5.59262446131e-07, 3.25309599702e-07, 1.46952359614e-07, 1.7963500909e-07, 9.50509573272e-08, 6.23903346764e-08, 4.06168823019e-08, 3.6867476183e-08, 4.5461813869e-08, 1.52814720877e-08, 8.82834694238e-09, 2.64488142498e-09, 1.68829583647e-09, 6.1189592282e-10, 2.95301727515e-10, 1.35205568963e-10, 1.28174901248e-10, 8.40344807629e-11, 8.5031197361e-11, 1.75927244994e-10, 3.25827004266e-11, 8.86541187683e-12, 8.3474191101e-12, 1.48519495313e-11, 9.22268424824e-12, 2.4605911926e-12, 9.19368422538e-13, 4.21411739055e-13, 2.90750605016e-13, 1.85524664208e-13, 1.03421645434e-13, 8.86152655703e-14]}, "melbands_crest": {"dmean": 2.90311050415, "dmean2": 4.59316205978, "dvar": 8.37942409515, "dvar2": 19.5239620209, "max": 34.5828895569, "mean": 14.7091016769, "median": 14.0368347168, "min": 1.93225026131, "var": 29.2444343567}, "melbands_flatness_db": {"dmean": 0.0233007073402, "dmean2": 0.034852873534, "dvar": 0.000638581987005, "dvar2": 0.00139517977368, "max": 0.584671080112, "mean": 0.264108687639, "median": 0.259180277586, "min": 0.00492118531838, "var": 0.00616412051022}, "melbands_kurtosis": {"dmean": 10.3189506531, "dmean2": 15.9541139603, "dvar": 414.516021729, "dvar2": 984.863342285, "max": 581.149841309, "mean": 25.1201438904, "median": 12.8070344925, "min": -1.79829764366, "var": 1459.96923828}, "melbands_skewness": {"dmean": 0.780158042908, "dmean2": 1.159512043, "dvar": 0.89629149437, "dvar2": 1.96982717514, "max": 20.7937965393, "mean": 3.06099104881, "median": 2.68209791183, "min": -2.02649092674, "var": 5.29736280441}, "melbands_spread": {"dmean": 3.58757972717, "dmean2": 5.42482423782, "dvar": 40.4588737488, "dvar2": 88.6774597168, "max": 186.395797729, "mean": 13.8734273911, "median": 10.0859537125, "min": 0.457547515631, "var": 176.755996704}, "mfcc": {"cov": [[11899.8085938, 91.5865936279, -1611.6472168, -470.198608398, -444.051544189, -72.7717437744, -0.588941395283, -13.2958307266, 15.3569688797, 250.266464233, 90.9152450562, 27.2068252563, -27.8026809692], [91.5865936279, 1140.40539551, -193.890960693, -115.450447083, -72.1970596313, 21.1269130707, 32.8135528564, 33.4650344849, 11.3175010681, -17.2127742767, 32.2758216858, 29.1866455078, 26.7236881256], [-1611.6472168, -193.890960693, 820, 179.278396606, 131.43208313, 35.8202476501, -12.7943658829, 19.7855834961, -19.7444095612, -70.4923324585, -14.1447906494, 17.1926460266, 14.3884239197], [-470.198608398, -115.450447083, 179.278396606, 406.288787842, 176.635971069, 9.10374927521, -50.4356842041, 4.68100500107, -2.8449985981, 1.96720981598, -16.6782398224, -8.09258174896, 21.6970596313], [-444.051544189, -72.1970596313, 131.43208313, 176.635971069, 285.170135498, 66.4420166016, -13.520860672, 12.3831090927, 34.1113052368, 16.5047588348, -5.00002193451, 4.46079206467, 9.57085704803], [-72.7717437744, 21.1269130707, 35.8202476501, 9.10374927521, 66.4420166016, 152.576477051, 82.1633834839, 43.6960105896, 0.880269289017, 13.6933040619, 23.1730060577, 6.59110736847, -5.54276561737], [-0.588941395283, 32.8135528564, -12.7943658829, -50.4356842041, -13.520860672, 82.1633834839, 208.830184937, 108.886741638, -8.80205726624, 17.8902511597, 32.1064872742, 9.42995166779, -8.52865695953], [-13.2958307266, 33.4650344849, 19.7855834961, 4.68100500107, 12.3831090927, 43.6960105896, 108.886741638, 168.240905762, 24.9110031128, 11.8264274597, 23.8083438873, 2.794662714, 2.40255594254], [15.3569688797, 11.3175010681, -19.7444095612, -2.8449985981, 34.1113052368, 0.880269289017, -8.80205726624, 24.9110031128, 114.270561218, 39.9682044983, -2.94450688362, -8.87686443329, 1.62988996506], [250.266464233, -17.2127742767, -70.4923324585, 1.96720981598, 16.5047588348, 13.6933040619, 17.8902511597, 11.8264274597, 39.9682044983, 108.359786987, 33.6871414185, -3.16297745705, -3.92398428917], [90.9152450562, 32.2758216858, -14.1447906494, -16.6782398224, -5.00002193451, 23.1730060577, 32.1064872742, 23.8083438873, -2.94450688362, 33.6871414185, 90.1964645386, 26.2792491913, -3.40932130814], [27.2068252563, 29.1866455078, 17.1926460266, -8.09258174896, 4.46079206467, 6.59110736847, 9.42995166779, 2.794662714, -8.87686443329, -3.16297745705, 26.2792491913, 78.948677063, 29.4946269989], [-27.8026809692, 26.7236881256, 14.3884239197, 21.6970596313, 9.57085704803, -5.54276561737, -8.52865695953, 2.40255594254, 1.62988996506, -3.92398428917, -3.40932130814, 29.4946269989, 72.5750961304]], "icov": [[0.000122295998153, 3.63831022696e-05, 0.000221513240831, 1.95931133931e-05, 0.000114267175377, -6.65374027449e-05, 0.000114542963274, -8.69969881023e-05, 6.77096177242e-05, -0.000184311997145, 1.62621599884e-05, -0.000126138518681, 2.04100069823e-05], [3.63831022696e-05, 0.000990784377791, 0.000304922781652, 0.000137015711516, 0.000167076374055, -0.000268486270215, 0.000108659667603, -0.000184080257895, -0.0002236917353, 0.000461263203761, -0.00037936566514, -0.000155365429237, -0.000400697346777], [0.000221513240831, 0.000304922781652, 0.00196331180632, -0.00043359756819, -0.000151257001562, -0.000378880038625, 0.000277827813989, -0.000366658408893, 5.08529774379e-05, 0.000915902375709, -0.000202901675948, -0.000532665522769, 4.09202766605e-06], [1.95931133931e-05, 0.000137015711516, -0.00043359756819, 0.00392828555778, -0.00228889565915, 0.000509941659402, 0.00100553908851, -0.000870360876434, 0.00129470927641, -0.00072260358138, 0.000220706016989, 0.000875220808666, -0.00105707999319], [0.000114267175377, 0.000167076374055, -0.000151257001562, -0.00228889565915, 0.00621435185894, -0.00298010883853, 0.000922377745155, 1.32009361664e-07, -0.00173401425127, -0.000595467106905, 0.000631562492345, -0.00102279440034, 0.000209880410694], [-6.65374027449e-05, -0.000268486270215, -0.000378880038625, 0.000509941659402, -0.00298010883853, 0.010178476572, -0.00402347184718, 0.000371673842892, 0.000417876784923, -8.09695993667e-05, -0.00128534855321, 0.000339297490427, 0.000469240476377], [0.000114542963274, 0.000108659667603, 0.000277827813989, 0.00100553908851, 0.000922377745155, -0.00402347184718, 0.00999716948718, -0.00580876274034, 0.00232846545987, -0.00162090256345, 0.000103619757283, -0.000881887564901, 0.000809698540252], [-8.69969881023e-05, -0.000184080257895, -0.000366658408893, -0.000870360876434, 1.32009361664e-07, 0.000371673842892, -0.00580876274034, 0.0103325909004, -0.00322866579518, 0.00148748094216, -0.00182794616558, 0.00106185651384, -0.000993428518996], [6.77096177242e-05, -0.0002236917353, 5.08529774379e-05, 0.00129470927641, -0.00173401425127, 0.000417876784923, 0.00232846545987, -0.00322866579518, 0.0121151665226, -0.00514965085313, 0.00219920254312, 0.000636178534478, -0.000353487208486], [-0.000184311997145, 0.000461263203761, 0.000915902375709, -0.00072260358138, -0.000595467106905, -8.09695993667e-05, -0.00162090256345, 0.00148748094216, -0.00514965085313, 0.0143158966675, -0.00590788060799, 0.0019721002318, -0.000562701141462], [1.62621599884e-05, -0.00037936566514, -0.000202901675948, 0.000220706016989, 0.000631562492345, -0.00128534855321, 0.000103619757283, -0.00182794616558, 0.00219920254312, -0.00590788060799, 0.0162031222135, -0.00614062137902, 0.00289930775762], [-0.000126138518681, -0.000155365429237, -0.000532665522769, 0.000875220808666, -0.00102279440034, 0.000339297490427, -0.000881887564901, 0.00106185651384, 0.000636178534478, 0.0019721002318, -0.00614062137902, 0.0181388482451, -0.00769293820485], [2.04100069823e-05, -0.000400697346777, 4.09202766605e-06, -0.00105707999319, 0.000209880410694, 0.000469240476377, 0.000809698540252, -0.000993428518996, -0.000353487208486, -0.000562701141462, 0.00289930775762, -0.00769293820485, 0.0176257416606]], "mean": [-720.13885498, 146.913986206, 13.5795087814, 28.3149471283, -4.30635976791, 14.3114519119, 2.16058373451, 4.3273806572, 1.65842175484, 1.45376503468, 0.616562843323, -1.08433187008, 0.363496035337]}, "pitch_salience": {"dmean": 0.0651759877801, "dmean2": 0.10502050072, "dvar": 0.00406824238598, "dvar2": 0.0103887394071, "max": 0.939862728119, "mean": 0.533219814301, "median": 0.536890387535, "min": 0.126909211278, "var": 0.0103247603402}, "silence_rate_20dB": {"dmean": 0, "dmean2": 0, "dvar": 0, "dvar2": 0, "max": 1, "mean": 1, "median": 1, "min": 1, "var": 0}, "silence_rate_30dB": {"dmean": 0.00660938536748, "dmean2": 0.0132198631763, "dvar": 0.00656624231488, "dvar2": 0.0176697764546, "max": 1, "mean": 0.995704233646, "median": 1, "min": 0, "var": 0.00427770009264}, "silence_rate_60dB": {"dmean": 0.0427957698703, "dmean2": 0.0855986103415, "dvar": 0.0409637093544, "dvar2": 0.0903319120407, "max": 1, "mean": 0.151425033808, "median": 0, "min": 0, "var": 0.128504619002}, "spectral_centroid": {"dmean": 156.579330444, "dmean2": 240.184112549, "dvar": 68857.5, "dvar2": 140186.5625, "max": 11524.7753906, "mean": 841.540527344, "median": 708.989990234, "min": 149.125579834, "var": 345236.9375}, "spectral_complexity": {"dmean": 1.99851286411, "dmean2": 3.06238126755, "dvar": 5.35841798782, "dvar2": 11.4316625595, "max": 49, "mean": 11.274184227, "median": 9, "min": 0, "var": 72.9902648926}, "spectral_contrast_coeffs": {"dmean": [0.0435105785728, 0.0435224547982, 0.0377179905772, 0.0313850976527, 0.0203277654946, 0.0172320585698], "dmean2": [0.0710303112864, 0.0697611495852, 0.0577234216034, 0.0486816763878, 0.0318511240184, 0.0264434590936], "dvar": [0.0014738420723, 0.00138691370375, 0.00101397116669, 0.00073935702676, 0.000315142213367, 0.000250260054599], "dvar2": [0.00365236704238, 0.00341168581508, 0.00231824582443, 0.00165635370649, 0.000695016467944, 0.000544752052519], "max": [-0.318812102079, -0.405255436897, -0.441716492176, -0.512669146061, -0.588511288166, -0.605545461178], "mean": [-0.662973165512, -0.726920843124, -0.738226652145, -0.765071988106, -0.800106704235, -0.759065151215], "median": [-0.671755373478, -0.737507820129, -0.746815383434, -0.772170543671, -0.801964342594, -0.759213745594], "min": [-0.98071616888, -0.973222672939, -0.971168935299, -0.96673822403, -0.966268956661, -0.961967587471], "var": [0.00582452304661, 0.00668053282425, 0.00678344303742, 0.00537083763629, 0.00238176458515, 0.00174474262167]}, "spectral_contrast_valleys": {"dmean": [0.364387542009, 0.349333047867, 0.32540422678, 0.309605717659, 0.265532791615, 0.3925794065], "dmean2": [0.569495677948, 0.55850315094, 0.503719508648, 0.467000126839, 0.378829747438, 0.495140254498], "dvar": [0.143816247582, 0.127973854542, 0.122773803771, 0.134896725416, 0.131096571684, 0.239919915795], "dvar2": [0.284690022469, 0.276568233967, 0.246630012989, 0.273763567209, 0.242069214582, 0.435675859451], "max": [-4.9992389679, -4.69672012329, -5.06953859329, -5.8154759407, -5.89707756042, -8.33891010284], "mean": [-7.33460950851, -7.28700304031, -8.15677452087, -8.85226154327, -8.65574645996, -11.2614889145], "median": [-7.03737306595, -7.16872882843, -8.08329868317, -8.84212589264, -8.60692024231, -11.134935379], "min": [-27.6710758209, -27.6154956818, -27.396112442, -27.4972953796, -27.4185943604, -27.3857727051], "var": [1.73414301872, 1.89225959778, 2.05106329918, 2.00589251518, 1.96290338039, 1.76442694664]}, "spectral_decrease": {"dmean": 1.87031878873e-09, "dmean2": 2.83914181054e-09, "dvar": 1.21281122151e-17, "dvar2": 2.77427609336e-17, "max": 2.59551723447e-17, "mean": -5.16851406118e-09, "median": -3.08794390058e-09, "min": -5.47416938446e-08, "var": 3.12760563027e-17}, "spectral_energy": {"dmean": 0.00734113482758, "dmean2": 0.0111149707809, "dvar": 0.000182433039299, "dvar2": 0.000415639166022, "max": 0.209857821465, "mean": 0.0205924231559, "median": 0.0121515337378, "min": 1.06166515202e-20, "var": 0.000500114518218}, "spectral_energyband_high": {"dmean": 0.000128397688968, "dmean2": 0.000192324368982, "dvar": 9.63525224051e-08, "dvar2": 2.32666607758e-07, "max": 0.00658250041306, "mean": 0.000273104960797, "median": 5.8027155319e-05, "min": 7.55772469029e-21, "var": 2.66874224053e-07}, "spectral_energyband_low": {"dmean": 0.00430565048009, "dmean2": 0.00687040388584, "dvar": 0.00011729067046, "dvar2": 0.000283909990685, "max": 0.190684095025, "mean": 0.00791648309678, "median": 0.00445093400776, "min": 3.60523096757e-23, "var": 0.000145993908518}, "spectral_energyband_middle_high": {"dmean": 0.00164030911401, "dmean2": 0.00239421776496, "dvar": 1.47662076415e-05, "dvar2": 3.48983157892e-05, "max": 0.0784468576312, "mean": 0.00448812078685, "median": 0.000739028269891, "min": 1.29401350159e-21, "var": 7.53133062972e-05}, "spectral_energyband_middle_low": {"dmean": 0.00376337533817, "dmean2": 0.00557567086071, "dvar": 5.56787053938e-05, "dvar2": 0.000123790130601, "max": 0.122947022319, "mean": 0.00921278633177, "median": 0.0054973452352, "min": 2.32128291461e-22, "var": 0.000128059327835}, "spectral_entropy": {"dmean": 0.183800026774, "dmean2": 0.26685360074, "dvar": 0.0419778674841, "dvar2": 0.0835564881563, "max": 9.81896591187, "mean": 7.13715934753, "median": 7.23425483704, "min": 4.47847938538, "var": 0.348989754915}, "spectral_flux": {"dmean": 0.0221149399877, "dmean2": 0.0351592972875, "dvar": 0.00100240099709, "dvar2": 0.00227543059736, "max": 0.381164431572, "mean": 0.0619138404727, "median": 0.0441463552415, "min": 6.48018791405e-11, "var": 0.00271500903182}, "spectral_kurtosis": {"dmean": 2.03818202019, "dmean2": 3.40509009361, "dvar": 5.97404575348, "dvar2": 15.5738172531, "max": 58.2479248047, "mean": 6.27044153214, "median": 4.93606996536, "min": -1.28460204601, "var": 26.4810619354}, "spectral_rms": {"dmean": 0.000692640431225, "dmean2": 0.00100997544359, "dvar": 1.04933405964e-06, "dvar2": 2.16723810809e-06, "max": 0.0143087152392, "mean": 0.00388002255931, "median": 0.00344313168898, "min": 3.21833944043e-12, "var": 5.03560067955e-06}, "spectral_rolloff": {"dmean": 220.610961914, "dmean2": 367.307891846, "dvar": 470200.8125, "dvar2": 1170407.25, "max": 19358.3496094, "mean": 794.20690918, "median": 538.330078125, "min": 43.06640625, "var": 1495873.25}, "spectral_skewness": {"dmean": 0.251063168049, "dmean2": 0.400949031115, "dvar": 0.0659092888236, "dvar2": 0.156501308084, "max": 6.47339725494, "mean": 1.87109971046, "median": 1.74575006962, "min": -0.113664880395, "var": 0.483364164829}, "spectral_spread": {"dmean": 605377.25, "dmean2": 870799.6875, "dvar": 873537732608, "dva