{"lowlevel": {"average_loudness": 0.524638235569, "barkbands": {"dmean": [0.00164776935708, 0.00295529328287, 0.00108917453326, 0.000967333558947, 0.0023636368569, 0.00265852315351, 0.00131131976377, 0.00114396307617, 0.000573189696297, 0.000529718177859, 0.000237025145907, 0.000296162208542, 0.000173010004801, 0.000211525039049, 0.000193425134057, 0.000135957190651, 0.000138478877489, 7.36897927709e-05, 5.52452656848e-05, 4.2447791202e-05, 4.17430710513e-05, 3.10280629492e-05, 1.40048841786e-05, 2.50992138717e-06, 1.43829174704e-06, 7.14497036824e-06, 8.98622747627e-05], "dmean2": [0.00277163996361, 0.00488936621696, 0.00186305039097, 0.00161984853912, 0.00374066922814, 0.0041918521747, 0.00211611576378, 0.00179307220969, 0.000940186961088, 0.000858842337038, 0.000392045127228, 0.000482465635287, 0.000282140448689, 0.000347081979271, 0.000312418211251, 0.000230951234698, 0.000248731201282, 0.000121679629956, 8.7753200205e-05, 6.43585153739e-05, 6.14628734183e-05, 4.47037746198e-05, 2.0225694243e-05, 3.97827125198e-06, 2.40192980527e-06, 1.04870850919e-05, 0.000134079629788], "dvar": [1.20422000691e-05, 4.0197330236e-05, 4.40559870185e-06, 4.66413757749e-06, 2.73766290775e-05, 3.43269275618e-05, 2.08104793273e-05, 1.63518707268e-05, 2.68022813543e-06, 4.89494459543e-06, 7.96148526661e-07, 8.42726421979e-07, 1.90147915191e-07, 1.99956957658e-07, 1.56727040235e-07, 8.8615315974e-08, 3.20647046692e-07, 4.59985081136e-08, 2.39115607314e-08, 1.36447111387e-08, 2.14620925476e-08, 1.01312762624e-08, 1.01084407511e-09, 2.11177412363e-11, 9.33282184173e-12, 1.80037137976e-10, 2.92565456306e-08], "dvar2": [3.03129836539e-05, 0.000104486658529, 1.29051941258e-05, 1.15919665404e-05, 6.45485342829e-05, 8.22529109428e-05, 4.92607105116e-05, 3.78155964427e-05, 6.93406582286e-06, 1.22742594613e-05, 2.10277357837e-06, 1.94814720089e-06, 4.57765310102e-07, 5.24802430846e-07, 3.97642196504e-07, 2.5130685799e-07, 9.25728556922e-07, 1.22280283676e-07, 5.73935423631e-08, 3.17974873099e-08, 4.42667911216e-08, 2.13497610702e-08, 2.06643635536e-09, 4.99480977412e-11, 2.29356048043e-11, 3.69703101466e-10, 6.13005894934e-08], "max": [0.057923682034, 0.104290835559, 0.040030810982, 0.0911418497562, 0.138285845518, 0.104515612125, 0.138502642512, 0.120697431266, 0.0394578240812, 0.100568920374, 0.0354021340609, 0.0296092387289, 0.0184341426939, 0.00857366994023, 0.00939292833209, 0.00464649824426, 0.00831646379083, 0.00427669472992, 0.00364814535715, 0.00299247447401, 0.00689557986334, 0.0043812552467, 0.00102112255991, 7.53753483878e-05, 4.8611072998e-05, 0.000355535914423, 0.00638510659337], "mean": [0.00199902942404, 0.00384386419319, 0.00143642153125, 0.00108969246503, 0.00353223737329, 0.00395908020437, 0.00179670006037, 0.00150742719416, 0.000800226232968, 0.000703039055225, 0.000324114196701, 0.000428899104008, 0.000267304305453, 0.000319941755151, 0.000322731415508, 0.000204603900784, 0.00014734803699, 0.000112401627121, 9.35474818107e-05, 7.62544805184e-05, 7.47669546399e-05, 4.86714343424e-05, 1.8560422177e-05, 2.80795848084e-06, 1.39631879392e-06, 9.15252530831e-06, 0.000292527693091], "median": [0.000423530960688, 0.00140013336204, 0.000561097345781, 0.000392237736378, 0.00145956105553, 0.00105169566814, 0.000388634507544, 0.000216753760469, 0.000196733075427, 0.00014259541058, 0.000102938654891, 0.000125833714264, 0.000107682470116, 0.000126079219626, 0.000123010511743, 8.4356230218e-05, 4.09413914895e-05, 3.09052957164e-05, 2.67751529464e-05, 2.50983048318e-05, 2.77654326055e-05, 1.4965678929e-05, 6.13419297224e-06, 1.03900345039e-06, 3.60237208952e-07, 3.24787333739e-06, 0.000143813056638], "min": [4.26583239816e-25, 1.88927986116e-24, 3.45101323599e-24, 1.75427164204e-24, 1.08906996908e-23, 1.07527657838e-23, 1.72029279961e-23, 4.20533859964e-24, 2.62111799529e-23, 2.13573898006e-23, 1.4723719609e-23, 4.08596090994e-23, 5.08596138308e-23, 4.43112447467e-23, 4.02814592529e-23, 8.03048789482e-23, 7.83194485784e-23, 1.05387759037e-22, 9.42619172653e-23, 1.93111925286e-22, 2.48615938764e-22, 3.00864531545e-22, 4.21689194092e-22, 5.9763450896e-22, 9.47079291237e-22, 1.25641232664e-21, 2.11568284156e-21], "var": [1.52540833369e-05, 4.5095126552e-05, 6.91066497893e-06, 5.69211078982e-06, 4.68148537038e-05, 6.6622516897e-05, 3.08149610646e-05, 2.64683785645e-05, 4.37754670202e-06, 6.9501093094e-06, 9.92824539026e-07, 1.43497732097e-06, 3.23883597275e-07, 3.02293074128e-07, 3.21255470226e-07, 1.19238066532e-07, 2.11553626173e-07, 5.88423851866e-08, 3.69410457779e-08, 2.22233289549e-08, 3.90361059033e-08, 2.02636591951e-08, 1.75332515173e-09, 2.57696208122e-11, 9.72308431685e-12, 2.8392760365e-10, 1.53046713081e-07]}, "barkbands_crest": {"dmean": 3.06636452675, "dmean2": 5.0598077774, "dvar": 6.70032024384, "dvar2": 17.7063522339, "max": 26.0288162231, "mean": 10.286113739, "median": 9.5134935379, "min": 2.5918469429, "var": 16.6358089447}, "barkbands_flatness_db": {"dmean": 0.0266060046852, "dmean2": 0.0413034893572, "dvar": 0.000538371212315, "dvar2": 0.00124799320474, "max": 0.398113906384, "mean": 0.141583681107, "median": 0.137552991509, "min": 0.0371856763959, "var": 0.00195674831048}, "barkbands_kurtosis": {"dmean": 5.65419101715, "dmean2": 9.11929225922, "dvar": 93.7486572266, "dvar2": 224.152297974, "max": 256.510070801, "mean": 10.3803901672, "median": 6.96856689453, "min": -1.83085310459, "var": 193.805404663}, "barkbands_skewness": {"dmean": 0.682095885277, "dmean2": 1.08138275146, "dvar": 0.478435575962, "dvar2": 1.13940656185, "max": 11.4611320496, "mean": 2.33224892616, "median": 2.20927190781, "min": -2.81811642647, "var": 1.66362643242}, "barkbands_spread": {"dmean": 6.851521492, "dmean2": 10.5469388962, "dvar": 73.1812362671, "dvar2": 149.651977539, "max": 124.127075195, "mean": 21.2491149902, "median": 17.3416004181, "min": 0.301117092371, "var": 238.132293701}, "dissonance": {"dmean": 0.0234734266996, "dmean2": 0.0395217128098, "dvar": 0.00050016673049, "dvar2": 0.00137032289058, "max": 0.500000119209, "mean": 0.456770956516, "median": 0.465535610914, "min": 0.136042192578, "var": 0.00111348589417}, "dynamic_complexity": 5.62995433807, "erbbands": {"dmean": [0.154020234942, 0.44618460536, 1.10462534428, 2.33636760712, 4.28296518326, 9.55999469757, 12.2427816391, 28.3412952423, 19.7258338928, 25.0321598053, 15.1477384567, 14.5764331818, 12.2712955475, 15.1015987396, 11.1038455963, 10.6930217743, 7.67871236801, 10.2584266663, 10.0873193741, 8.22156047821, 6.45649003983, 8.02605628967, 4.45406770706, 3.24762415886, 2.42137026787, 2.06413435936, 1.8121817112, 1.5152848959, 1.12342393398, 0.74093413353, 0.384721577168, 0.106963038445, 0.0250329207629, 0.0162193290889, 0.0101868649945, 0.00594846671447, 0.0136683639139, 0.0218240376562, 0.00846450496465, 0.00205934490077], "dmean2": [0.259349107742, 0.743928909302, 1.873696208, 3.92535233498, 6.96324682236, 15.3305034637, 19.484544754, 44.7210502625, 31.5750961304, 39.1896629333, 24.1951942444, 24.0535621643, 19.6251964569, 24.7864685059, 17.869846344, 17.5007953644, 12.461763382, 16.9085826874, 16.1665687561, 13.5884580612, 11.004576683, 14.4056425095, 7.56718873978, 5.17154741287, 3.78214979172, 3.13745903969, 2.66855120659, 2.20595955849, 1.63546705246, 1.06169962883, 0.556128501892, 0.159580141306, 0.0413257144392, 0.0270866043866, 0.0169836636633, 0.00978451501578, 0.020024549216, 0.0310718286783, 0.0121624721214, 0.00311262323521], "dvar": [0.125053659081, 0.855707287788, 3.95728111267, 23.5956382751, 95.3722610474, 460.625762939, 971.381286621, 4180.22753906, 4631.25292969, 6002.87890625, 2258.42773438, 1827.48669434, 2969.01660156, 3992.20336914, 1453.95483398, 877.787597656, 378.842132568, 486.199462891, 381.361450195, 283.161621094, 234.829147339, 1205.56530762, 196.152404785, 97.6364212036, 42.0969390869, 31.6899280548, 32.2564659119, 34.7100791931, 15.0668354034, 3.22290587425, 0.75645250082, 0.0446171276271, 0.00264361570589, 0.00119302689563, 0.000464012351586, 0.000145497266203, 0.000645350723062, 0.00279897288419, 0.000617840618361, 1.23219106172e-05], "dvar2": [0.332621246576, 2.26357269287, 11.2865686417, 60.3421821594, 237.496780396, 1129.10131836, 2266.12792969, 9833.84667969, 10855.4091797, 14576.1582031, 5482.78857422, 4689.63769531, 7180.96728516, 10471.9326172, 3775.41577148, 2210.7097168, 924.471496582, 1289.63696289, 934.903625488, 756.442382812, 657.411987305, 3490.51293945, 545.159912109, 243.980834961, 97.5766677856, 73.7638549805, 68.4065170288, 70.1133575439, 31.2419910431, 6.61975002289, 1.58612656593, 0.0966120064259, 0.0064690830186, 0.0029319236055, 0.00113976548892, 0.000355874828529, 0.00134745426476, 0.00596660282463, 0.00124489073642, 2.66716324404e-05], "max": [6.70615720749, 11.9501466751, 42.0406684875, 179.666610718, 265.70880127, 443.985961914, 924.23638916, 1190.4432373, 2146.12109375, 1818.85302734, 1312.74707031, 1204.86291504, 3160.49487305, 2062.8059082, 1689.91052246, 836.028808594, 820.858764648, 487.330871582, 421.073608398, 463.514251709, 227.292785645, 516.518859863, 225.637924194, 233.962387085, 128.148696899, 108.581832886, 238.925140381, 275.496643066, 161.016769409, 59.9771728516, 22.1849651337, 4.78260707855, 0.812880694866, 0.549315214157, 0.342877089977, 0.191326901317, 0.725757718086, 2.72237539291, 1.14050161839, 0.100419715047], "mean": [0.187736928463, 0.58492231369, 1.52764678001, 2.97520327568, 6.02930402756, 13.3654203415, 17.2500782013, 42.1574935913, 28.615404129, 35.0558204651, 21.8485908508, 20.7111968994, 17.4750995636, 20.5983085632, 16.4868392944, 16.5482749939, 12.978055954, 16.6414337158, 17.1471385956, 14.3047981262, 9.76919841766, 8.67227363586, 6.50642299652, 5.27327680588, 4.35020923615, 3.65789031982, 3.26214575768, 2.60169363022, 1.81920349598, 1.04706656933, 0.498172223568, 0.129790306091, 0.0259196665138, 0.0157810002565, 0.0100287003443, 0.00640433095396, 0.0175098776817, 0.0349259525537, 0.0219943728298, 0.00821510981768], "median": [0.0508375838399, 0.235897734761, 0.647771835327, 1.26135611534, 2.52067089081, 5.12821769714, 6.28798627853, 10.1683092117, 6.72224092484, 6.74742889404, 4.32440853119, 4.96568965912, 3.99923396111, 5.30863666534, 5.10419273376, 5.50915527344, 5.49243164062, 7.23244476318, 7.36754369736, 5.98168992996, 4.14493227005, 2.44260859489, 1.87229180336, 1.38390409946, 1.31303548813, 1.22775697708, 1.21851360798, 0.899254620075, 0.558610916138, 0.331520617008, 0.162519142032, 0.0457147881389, 0.00839369092137, 0.0041510858573, 0.00271041784436, 0.00226769852452, 0.00624221051112, 0.0123406723142, 0.00807930063456, 0.00465838192031], "min": [1.00804319406e-22, 8.60642855219e-22, 2.27196444153e-21, 8.65628435945e-21, 1.57830794545e-20, 4.23966446956e-20, 4.1090242165e-20, 1.00994054665e-19, 1.93623478031e-19, 2.32610529478e-19, 2.1541035554e-19, 6.48204267198e-19, 5.2644927809e-19, 6.02284989853e-19, 1.03770800462e-18, 1.90812658856e-18, 2.58325816963e-18, 2.85607598413e-18, 1.91081885466e-18, 2.75147920247e-18, 4.39089141275e-18, 5.39415851179e-18, 6.31906679141e-18, 5.77610171501e-18, 7.60361045389e-18, 8.3130311529e-18, 1.17646837955e-17, 9.16805466487e-18, 1.03541001416e-17, 1.18141748387e-17, 1.3034851059e-17, 9.69617143568e-18, 9.92869935049e-18, 8.69424478282e-18, 7.41316452556e-18, 4.10660143034e-18, 2.24660972239e-18, 9.25841442742e-19, 2.30827722613e-19, 2.92711947672e-20], "var": [0.128476843238, 0.962066352367, 6.61075639725, 33.7766304016, 188.8724823, 713.641601562, 1321.38293457, 8451.95214844, 7282.33886719, 9767.91503906, 3793.40673828, 3050.64355469, 3856.25585938, 5934.65087891, 2095.44042969, 1544.50720215, 705.692504883, 754.541931152, 799.780212402, 519.696044922, 277.621063232, 787.812255859, 214.260940552, 132.660171509, 73.3173751831, 50.944519043, 55.4214820862, 66.428604126, 31.4760246277, 5.98410987854, 1.23829972744, 0.0625782832503, 0.00282799778506, 0.00123931805138, 0.000486693083076, 0.000159574163263, 0.000977867632173, 0.00559542374685, 0.00177751434967, 9.28183653741e-05]}, "erbbands_crest": {"dmean": 3.06220459938, "dmean2": 5.04348611832, "dvar": 8.1108007431, "dvar2": 20.7922840118, "max": 30.8666553497, "mean": 9.21832561493, "median": 8.04481697083, "min": 2.48405861855, "var": 21.0535507202}, "erbbands_flatness_db": {"dmean": 0.0235987324268, "dmean2": 0.0358461663127, "dvar": 0.000412132096244, "dvar2": 0.000919887330383, "max": 0.360053360462, "mean": 0.152079820633, "median": 0.146602660418, "min": 0.0392668694258, "var": 0.0017575523816}, "erbbands_kurtosis": {"dmean": 1.36709690094, "dmean2": 2.20038318634, "dvar": 5.20960283279, "dvar2": 12.9009113312, "max": 70.5617141724, "mean": 0.944808840752, "median": 0.00234746932983, "min": -1.84236013889, "var": 9.80342197418}, "erbbands_skewness": {"dmean": 0.468333899975, "dmean2": 0.728062272072, "dvar": 0.186914280057, "dvar2": 0.420801222324, "max": 6.76431751251, "mean": 0.593998432159, "median": 0.53685516119, "min": -4.78891801834, "var": 0.821424007416}, "erbbands_spread": {"dmean": 8.07548618317, "dmean2": 12.2797851562, "dvar": 80.4787445068, "dvar2": 170.251098633, "max": 130.621917725, "mean": 32.6893386841, "median": 30.5669574738, "min": 2.6022644043, "var": 235.86076355}, "gfcc": {"cov": [[18446.8925781, 986.434692383, -1263.09606934, 46.8479385376, 278.022277832, -362.811828613, 118.180931091, -11.4814424515, 372.736968994, 226.131576538, 104.563766479, 65.5085678101, 146.762390137], [986.434692383, 875.646057129, -55.5456886292, -258.332122803, 95.9895706177, -15.109161377, -83.6343688965, -29.1898555756, 14.5610990524, 18.3022117615, 30.2730693817, -86.2712631226, 118.637207031], [-1263.09606934, -55.5456886292, 427.943786621, 90.6649856567, -91.0425872803, 118.768264771, -53.7452697754, 38.8757820129, -62.5271682739, -7.90872144699, -17.0227298737, -3.40923237801, -35.0413284302], [46.8479385376, -258.332122803, 90.6649856567, 368.042785645, 127.544845581, -15.6528911591, 124.190216064, -6.43241643906, 25.3149604797, -20.5750312805, 10.0474529266, 64.0613708496, -87.1451416016], [278.022277832, 95.9895706177, -91.0425872803, 127.544845581, 293.538146973, 17.2676258087, 80.0093841553, 6.28919887543, 18.8236808777, -10.5613775253, 56.3103599548, 2.61619019508, 11.0416936874], [-362.811828613, -15.109161377, 118.768264771, -15.6528911591, 17.2676258087, 231.831878662, -43.4683914185, 45.9865264893, -54.4144821167, 19.6786823273, 3.09550952911, -0.423192411661, 3.83838272095], [118.180931091, -83.6343688965, -53.7452697754, 124.190216064, 80.0093841553, -43.4683914185, 240.677658081, -7.46692037582, 89.1653289795, -25.9918518066, 8.65802097321, 57.5150146484, -51.2359886169], [-11.4814424515, -29.1898555756, 38.8757820129, -6.43241643906, 6.28919887543, 45.9865264893, -7.46692037582, 229.133636475, 35.3760452271, 33.5425491333, 20.8437538147, -28.7393188477, 45.4335250854], [372.736968994, 14.5610990524, -62.5271682739, 25.3149604797, 18.8236808777, -54.4144821167, 89.1653289795, 35.3760452271, 154.796630859, 42.6048316956, 1.9549561739, 27.3874378204, -17.9829235077], [226.131576538, 18.3022117615, -7.90872144699, -20.5750312805, -10.5613775253, 19.6786823273, -25.9918518066, 33.5425491333, 42.6048316956, 95.790435791, 35.3179512024, -0.249373286963, 30.9187812805], [104.563766479, 30.2730693817, -17.0227298737, 10.0474529266, 56.3103599548, 3.09550952911, 8.65802097321, 20.8437538147, 1.9549561739, 35.3179512024, 88.9064331055, 32.762928009, 18.5597782135], [65.5085678101, -86.2712631226, -3.40923237801, 64.0613708496, 2.61619019508, -0.423192411661, 57.5150146484, -28.7393188477, 27.3874378204, -0.249373286963, 32.762928009, 96.4467315674, -14.3606271744], [146.762390137, 118.637207031, -35.0413284302, -87.1451416016, 11.0416936874, 3.83838272095, -51.2359886169, 45.4335250854, -17.9829235077, 30.9187812805, 18.5597782135, -14.3606271744, 120.051986694]], "icov": [[9.1037414677e-05, -0.000222605856834, 0.000415809277911, -0.000378159777028, 0.00025862257462, -8.7022446678e-05, 6.47547058179e-05, -8.84618857526e-05, 7.45153329262e-06, -0.000143866869621, 2.51258243225e-05, -7.53561325837e-05, 2.09341742448e-05], [-0.000222605856834, 0.00288923177868, -0.0020060709212, 0.00277233007364, -0.00215061358176, 0.000361074955435, 0.000198989670025, 0.00159132003319, -0.00208716955967, 0.00162426801398, -0.00146109890193, 0.00207218714058, -0.00174442841671], [0.000415809277911, -0.0020060709212, 0.00661902641878, -0.00551187014207, 0.00512234028429, -0.00341875781305, 0.000916285614949, -0.000703187426552, -8.9371969807e-05, 0.00138675456401, -0.00207913992926, 0.00162047764752, -0.000154849185492], [-0.000378159777028, 0.00277233007364, -0.00551187014207, 0.0117198741063, -0.00906658452004, 0.00514330156147, -0.00182695896365, -0.00164018012583, 0.00421471521258, -0.00572345918044, 0.00695843854919, -0.00715892622247, 0.00530493585393], [0.00025862257462, -0.00215061358176, 0.00512234028429, -0.00906658452004, 0.012791425921, -0.00617860117927, -0.000433879409684, 0.0023724718485, -0.00532813090831, 0.00838117301464, -0.0114887021482, 0.00932822469622, -0.00540378969163], [-8.7022446678e-05, 0.000361074955435, -0.00341875781305, 0.00514330156147, -0.00617860117927, 0.00968513078988, -0.00066752533894, -0.00368203385733, 0.0076198480092, -0.00873544439673, 0.00844103936106, -0.00795525498688, 0.00498695811257], [6.47547058179e-05, 0.000198989670025, 0.000916285614949, -0.00182695896365, -0.000433879409684, -0.00066752533894, 0.00840680301189, 0.000370067427866, -0.00567431095988, 0.00483012432232, -0.00173592811916, -0.00127150432672, 0.000196857115952], [-8.84618857526e-05, 0.00159132003319, -0.000703187426552, -0.00164018012583, 0.0023724718485, -0.00368203385733, 0.000370067427866, 0.00872503686696, -0.00758836325258, 0.00597324501723, -0.00790805462748, 0.00873372424394, -0.00651255855337], [7.45153329262e-06, -0.00208716955967, -8.9371969807e-05, 0.00421471521258, -0.00532813090831, 0.0076198480092, -0.00567431095988, -0.00758836325258, 0.0228607896715, -0.0189674831927, 0.0156503226608, -0.013737753965, 0.0100299008191], [-0.000143866869621, 0.00162426801398, 0.00138675456401, -0.00572345918044, 0.00838117301464, -0.00873544439673, 0.00483012432232, 0.00597324501723, -0.0189674831927, 0.031486261636, -0.0215579271317, 0.0150862941518, -0.0116827106103], [2.51258243225e-05, -0.00146109890193, -0.00207913992926, 0.00695843854919, -0.0114887021482, 0.00844103936106, -0.00173592811916, -0.00790805462748, 0.0156503226608, -0.0215579271317, 0.0338676944375, -0.0216617658734, 0.00896549131721], [-7.53561325837e-05, 0.00207218714058, 0.00162047764752, -0.00715892622247, 0.00932822469622, -0.00795525498688, -0.00127150432672, 0.00873372424394, -0.013737753965, 0.0150862941518, -0.0216617658734, 0.0299465879798, -0.0101429494098], [2.09341742448e-05, -0.00174442841671, -0.000154849185492, 0.00530493585393, -0.00540378969163, 0.00498695811257, 0.000196857115952, -0.00651255855337, 0.0100299008191, -0.0116827106103, 0.00896549131721, -0.0101429494098, 0.0186317637563]], "mean": [-57.8041267395, 101.743637085, -88.5881958008, -0.677905738354, -23.9117679596, -26.503080368, -2.9655892849, -31.4196586609, 1.22433781624, -5.72931909561, -7.27703762054, 1.64172911644, -8.06789588928]}, "hfc": {"dmean": 15.9185190201, "dmean2": 25.5100650787, "dvar": 504.264801025, "dvar2": 1264.21459961, "max": 463.068481445, "mean": 57.9565315247, "median": 43.2819900513, "min": 1.13114301789e-16, "var": 2982.17993164}, "melbands": {"dmean": [0.00108716427349, 0.000538969994523, 0.000429560255725, 0.000465645105578, 0.000453615095466, 0.000586845970247, 0.000292675569654, 0.000283748086076, 0.000113238420454, 8.99320511962e-05, 6.24637541478e-05, 6.57420387142e-05, 3.48223256879e-05, 3.50556401827e-05, 2.2016793082e-05, 1.62521191669e-05, 2.1503537937e-05, 1.69261729752e-05, 1.3766027223e-05, 1.0751341506e-05, 7.27075894247e-06, 8.73693352332e-06, 5.41596364201e-06, 3.6376764001e-06, 2.67044697466e-06, 2.15442946683e-06, 1.55526277013e-06, 1.39571477575e-06, 1.19456274206e-06, 1.11740405373e-06, 8.55299447267e-07, 6.77846344388e-07, 5.88281864111e-07, 3.49097518892e-07, 2.45134714305e-07, 1.38625821933e-07, 3.65236090261e-08, 1.69990190813e-08, 1.49229482105e-08, 1.32218556104e-08], "dmean2": [0.00180724530946, 0.00090935442131, 0.000714852067176, 0.000740477291401, 0.000721654272638, 0.000925065309275, 0.000469201157102, 0.000443377677584, 0.000181871946552, 0.000148123173858, 0.000100112993096, 0.000108137843199, 5.64344736631e-05, 5.6897464674e-05, 3.58671204594e-05, 2.65329508693e-05, 3.56667478627e-05, 2.73230689345e-05, 2.22376693273e-05, 1.81865580089e-05, 1.25118858705e-05, 1.57549529831e-05, 9.44925068325e-06, 6.08676509728e-06, 4.27600252806e-06, 3.46225374415e-06, 2.40992926592e-06, 2.16979674406e-06, 1.79893891072e-06, 1.69901750269e-06, 1.25086626213e-06, 1.02136561964e-06, 8.50847186484e-07, 5.1230841791e-07, 3.57152714514e-07, 2.0417976998e-07, 5.73979477281e-08, 2.84665002681e-08, 2.49677150066e-08, 2.20941753781e-08], "dvar": [5.86491660215e-06, 9.10662436127e-07, 7.32458374841e-07, 9.27635880998e-07, 1.23669792629e-06, 1.75377488176e-06, 9.86120767266e-07, 8.31129284506e-07, 1.09248745161e-07, 6.87059724669e-08, 8.12086184965e-08, 7.67769066101e-08, 1.57079469432e-08, 1.37782221188e-08, 3.06888314761e-09, 1.36655009531e-09, 2.25175234014e-09, 1.05335629108e-09, 9.86124404356e-10, 5.20669118931e-10, 3.22983140233e-10, 1.33044320005e-09, 3.75747738479e-10, 1.28369759267e-10, 6.55231424673e-11, 3.34938118907e-11, 1.67321313055e-11, 1.40887995714e-11, 1.19041937766e-11, 1.77605048723e-11, 1.24378519636e-11, 7.08310840536e-12, 2.71354705199e-12, 7.19774229368e-13, 3.14870552591e-13, 9.17095446893e-14, 4.67319342538e-15, 1.32688674687e-15, 1.01759033684e-15, 7.93118717826e-16], "dvar2": [1.53266464622e-05, 2.53173720921e-06, 1.86107592981e-06, 2.27845202971e-06, 2.83175472759e-06, 4.15610929849e-06, 2.31449803323e-06, 1.96227506422e-06, 2.68785413482e-07, 1.76551395725e-07, 1.96700852939e-07, 2.00691786745e-07, 4.0728405537e-08, 3.12914281153e-08, 7.69287744617e-09, 3.42350126026e-09, 6.00995742062e-09, 2.57402166248e-09, 2.53428322772e-09, 1.48970114022e-09, 8.98524032955e-10, 3.85600218422e-09, 1.0649741089e-09, 3.50884821199e-10, 1.63778837714e-10, 8.19563514276e-11, 3.90218725388e-11, 3.29598119631e-11, 2.59760095378e-11, 3.95531767061e-11, 2.51797645234e-11, 1.55386484929e-11, 5.40191892953e-12, 1.57950616562e-12, 6.69832949957e-13, 1.98225062666e-13, 1.09496821535e-14, 3.25978342762e-15, 2.5012448828e-15, 1.94948465635e-15], "max": [0.0446211323142, 0.018529901281, 0.0307091996074, 0.0221894606948, 0.0355992950499, 0.0241441819817, 0.0310954879969, 0.0243729297072, 0.00806909520179, 0.00782321766019, 0.016623293981, 0.00919673312455, 0.00529578560963, 0.00395968556404, 0.00189899769612, 0.00102361699101, 0.00107880472206, 0.000853634090163, 0.000974776805378, 0.000483072682982, 0.000265858659986, 0.0005229099188, 0.000308207789203, 0.000251618854236, 0.000212173603359, 0.000113877409603, 9.4489500043e-05, 7.31931431801e-05, 0.000112585134048, 0.000210792335565, 0.000166604295373, 0.000118368552648, 3.71901624021e-05, 2.71154713118e-05, 1.62882206496e-05, 7.17505963621e-06, 1.25974088405e-06, 5.77359060117e-07, 5.06733613292e-07, 4.48001088671e-07], "mean": [0.00143462070264, 0.00078013894381, 0.000583417073358, 0.000686556159053, 0.000658573408145, 0.000880820327438, 0.000419205403887, 0.000391304842196, 0.00015987639199, 0.000124608210172, 8.58013663674e-05, 8.6127583927e-05, 4.95948297612e-05, 5.04458403157e-05, 3.418165943e-05, 2.6009269277e-05, 3.20215622196e-05, 2.70352902589e-05, 2.26080155699e-05, 1.69025443029e-05, 9.95660593617e-06, 9.05517026695e-06, 6.74933744449e-06, 5.30719898961e-06, 4.15292151956e-06, 3.50725940734e-06, 2.73162254416e-06, 2.3138254619e-06, 2.08781807487e-06, 1.80744336831e-06, 1.39154019507e-06, 1.06734660221e-06, 8.3840274101e-07, 4.65697155505e-07, 3.11850584467e-07, 1.66554130487e-07, 4.10528606665e-08, 1.61787436781e-08, 1.42765497202e-08, 1.27516184278e-08], "median": [0.000497498840559, 0.000377552147256, 0.000265942217084, 0.000298036757158, 0.000246622628765, 0.000216882312088, 9.91629131022e-05, 6.73711183481e-05, 3.24321736116e-05, 2.9499809898e-05, 1.88197627722e-05, 2.01404018298e-05, 1.51485301103e-05, 1.45506701301e-05, 1.2162474377e-05, 1.1043761333e-05, 1.24681128e-05, 1.12331499622e-05, 8.50322339829e-06, 6.98517123965e-06, 3.76354796572e-06, 2.43465865424e-06, 1.7374828758e-06, 1.41152486322e-06, 1.03195429801e-06, 1.0361123941e-06, 7.89325611095e-07, 7.77354443926e-07, 7.52762332468e-07, 6.33992215171e-07, 4.4291155632e-07, 3.20144948773e-07, 2.37992708207e-07, 1.48712601344e-07, 9.95225590827e-08, 5.24430525672e-08, 1.50862256021e-08, 3.90745880097e-09, 3.51196471904e-09, 3.23210302966e-09], "min": [1.46997830054e-24, 1.19877689462e-24, 1.45205616963e-24, 2.16338457104e-24, 1.37805026849e-24, 2.40195721081e-24, 3.33020431595e-24, 2.38812591534e-24, 2.0773239878e-24, 3.89323682654e-24, 2.72926053076e-24, 2.19552217267e-24, 2.46066108393e-24, 4.82325492442e-24, 4.32531448257e-24, 5.93208175711e-24, 4.40769641019e-24, 2.11863229467e-24, 3.75798820207e-24, 4.61342068465e-24, 4.19162070293e-24, 4.2099774962e-24, 5.87567544137e-24, 5.16408661726e-24, 4.00170283443e-24, 4.22014236339e-24, 5.11293135414e-24, 4.47125651104e-24, 6.8183835502e-24, 5.56949249164e-24, 4.80634135219e-24, 4.42809516991e-24, 6.62953734924e-24, 5.72196194968e-24, 6.53114903942e-24, 5.20368309597e-24, 5.95022792451e-24, 5.51656426364e-24, 6.15850376957e-24, 6.85124276235e-24], "var": [6.45096633889e-06, 1.39415669764e-06, 1.09991185582e-06, 1.65434073551e-06, 1.84323243957e-06, 3.53466884917e-06, 1.54019801357e-06, 1.39083590511e-06, 1.85685834708e-07, 1.13392012224e-07, 1.0268851014e-07, 1.14183393407e-07, 2.15649418323e-08, 2.30800107914e-08, 5.65111202278e-09, 2.36514252627e-09, 3.20520188168e-09, 2.02730654486e-09, 1.867373145e-09, 7.56878448804e-10, 3.37060268585e-10, 8.64422033953e-10, 3.17273596284e-10, 1.45054870893e-10, 8.69016802962e-11, 5.09722819508e-11, 2.89233741124e-11, 2.14119954406e-11, 1.99371404802e-11, 2.68389633434e-11, 2.3779750738e-11, 1.35496796075e-11, 5.01539304879e-12, 1.16596467724e-12, 5.12992697366e-13, 1.27197785724e-13, 5.68657474963e-15, 1.36517475367e-15, 1.05073388904e-15, 8.23160329488e-16]}, "melbands_crest": {"dmean": 4.23445606232, "dmean2": 7.0519194603, "dvar": 12.9667396545, "dvar2": 34.4660644531, "max": 36.3046455383, "mean": 14.754942894, "median": 13.7960128784, "min": 1.72699677944, "var": 30.9886264801}, "melbands_flatness_db": {"dmean": 0.0330977365375, "dmean2": 0.050959136337, "dvar": 0.000802829803433, "dvar2": 0.00183280522469, "max": 0.535352885723, "mean": 0.24887445569, "median": 0.247738823295, "min": 0.00362764578313, "var": 0.00331295491196}, "melbands_kurtosis": {"dmean": 7.41170406342, "dmean2": 12.0395479202, "dvar": 153.955795288, "dvar2": 384.846588135, "max": 233.376815796, "mean": 13.5797748566, "median": 8.78318309784, "min": -1.83760094643, "var": 311.4453125}, "melbands_skewness": {"dmean": 0.773765563965, "dmean2": 1.22301185131, "dvar": 0.610481321812, "dvar2": 1.48514914513, "max": 12.7382564545, "mean": 2.57170128822, "median": 2.37392568588, "min": -3.0149307251, "var": 2.05467915535}, "melbands_spread": {"dmean": 5.90553283691, "dmean2": 9.33848571777, "dvar": 102.827125549, "dvar2": 205.862915039, "max": 207.717544556, "mean": 16.1234760284, "median": 12.2246112823, "min": 0.291986703873, "var": 306.572296143}, "mfcc": {"cov": [[11764.3046875, 1536.56066895, -1563.15246582, 808.145263672, -300.760101318, 219.558792114, -352.126861572, 63.8474082947, 26.2215309143, 256.650360107, 70.0333328247, 124.944282532, 175.61026001], [1536.56066895, 1194.42785645, -173.103118896, -125.540863037, 48.3308982849, -11.6816825867, -45.2620391846, -133.151763916, 33.0776863098, -2.66983056068, -31.5872516632, -15.0786495209, 16.7833938599], [-1563.15246582, -173.103118896, 600.078552246, -149.285217285, 38.7321357727, -33.782409668, 30.8558712006, -19.0698986053, -11.5382986069, -27.3144741058, -9.98074245453, -25.7467842102, -33.7434082031], [808.145263672, -125.540863037, -149.285217285, 462.755706787, -40.1612434387, 94.0197143555, -15.1655397415, 117.766784668, -27.7698554993, 24.725730896, 43.4167060852, 24.3282737732, 10.537686348], [-300.760101318, 48.3308982849, 38.7321357727, -40.1612434387, 243.265823364, -9.97459316254, 97.5823364258, -21.2675437927, 10.1424341202, -22.7547702789, 19.9038219452, 13.1622133255, -5.20943450928], [219.558792114, -11.6816825867, -33.782409668, 94.0197143555, -9.97459316254, 237.079116821, 7.71261310577, 44.8823928833, -57.4091796875, -0.85989177227, -15.5280456543, 5.18130493164, 13.8477611542], [-352.126861572, -45.2620391846, 30.8558712006, -15.1655397415, 97.5823364258, 7.71261310577, 165.736816406, 32.2501411438, 7.09846544266, -32.2493476868, 19.1954498291, 8.87535762787, -9.29708576202], [63.8474082947, -133.151763916, -19.0698986053, 117.766784668, -21.2675437927, 44.8823928833, 32.2501411438, 176.738311768, 7.55328512192, 31.3303108215, 31.2540969849, 14.3751163483, 5.22255945206], [26.2215309143, 33.0776863098, -11.5382986069, -27.7698554993, 10.1424341202, -57.4091796875, 7.09846544266, 7.55328512192, 121.307731628, 45.3534317017, 15.5058822632, -3.56697034836, 3.1066596508], [256.650360107, -2.66983056068, -27.3144741058, 24.725730896, -22.7547702789, -0.85989177227, -32.2493476868, 31.3303108215, 45.3534317017, 103.434501648, 35.9822120667, 12.0973644257, 13.7543230057], [70.0333328247, -31.5872516632, -9.98074245453, 43.4167060852, 19.9038219452, -15.5280456543, 19.1954498291, 31.2540969849, 15.5058822632, 35.9822120667, 87.3835144043, 30.9220676422, 9.73389720917], [124.944282532, -15.0786495209, -25.7467842102, 24.3282737732, 13.1622133255, 5.18130493164, 8.87535762787, 14.3751163483, -3.56697034836, 12.0973644257, 30.9220676422, 61.1359710693, 26.3448200226], [175.61026001, 16.7833938599, -33.7434082031, 10.537686348, -5.20943450928, 13.8477611542, -9.29708576202, 5.22255945206, 3.1066596508, 13.7543230057, 9.73389720917, 26.3448200226, 55.6982040405]], "icov": [[0.000192229621462, -0.000224603165407, 0.000335450080456, -0.000247329851845, 0.00010717735131, -1.71711853909e-05, 0.000137836395879, 1.11751332952e-05, 6.72529276926e-05, -0.000280322681647, 3.82078542316e-05, -0.000162580472534, -0.00011643441394], [-0.000224603165407, 0.00127987726592, -3.47078530467e-05, 0.000518497254234, -0.000423373043304, -0.000171459600097, 0.00012879568385, 0.000586837122682, -0.000391695997678, 0.000365942833014, -2.57802184933e-05, 0.000469259248348, -0.000113102301839], [0.000335450080456, -3.47078530467e-05, 0.00262628798373, 0.000316381279845, -9.54792631092e-05, -1.86642064364e-05, 0.000283895031316, -8.96257624845e-05, 0.000388211046811, -0.000303511100356, -0.000249781471211, 0.000281973305391, 0.000499116955325], [-0.000247329851845, 0.000518497254234, 0.000316381279845, 0.0035512407776, -0.000133033070597, -0.000887210248038, 0.000696496688761, -0.00169274874497, 0.000266381190158, 0.000877250917256, -0.00153224822134, 0.000107406187453, 0.00061197229661], [0.00010717735131, -0.000423373043304, -9.54792631092e-05, -0.000133033070597, 0.00597846321762, -0.000109766806418, -0.00342914042994, 0.00132905005012, -0.00035631514038, 0.000136094720801, -0.000917195633519, -0.00112768926192, 0.000326372450218], [-1.71711853909e-05, -0.000171459600097, -1.86642064364e-05, -0.000887210248038, -0.000109766806418, 0.00577578740194, -0.0009884564206, -0.00104129733518, 0.00310729350895, -0.00169660197571, 0.00224121543579, 0.000308993767248, -0.00154343317263], [0.000137836395879, 0.00012879568385, 0.000283895031316, 0.000696496688761, -0.00342914042994, -0.0009884564206, 0.0102925151587, -0.00267474423163, -0.00189165805932, 0.0044250106439, -0.00243968213908, -0.000741697149351, 0.00125062651932], [1.11751332952e-05, 0.000586837122682, -8.96257624845e-05, -0.00169274874497, 0.00132905005012, -0.00104129733518, -0.00267474423163, 0.00872226990759, -0.000615327095147, -0.00222527072765, -0.000866831338499, -0.000276640057564, 3.89511515095e-05], [6.72529276926e-05, -0.000391695997678, 0.000388211046811, 0.000266381190158, -0.00035631514038, 0.00310729350895, -0.00189165805932, -0.000615327095147, 0.0124845020473, -0.00642884988338, 0.000776743108872, 0.00220749527216, -0.00126179656945], [-0.000280322681647, 0.000365942833014, -0.000303511100356, 0.000877250917256, 0.000136094720801, -0.00169660197571, 0.0044250106439, -0.00222527072765, -0.00642884988338, 0.0173802617937, -0.0065719652921, 0.000142419172334, -0.00104667921551], [3.82078542316e-05, -2.57802184933e-05, -0.000249781471211, -0.00153224822134, -0.000917195633519, 0.00224121543579, -0.00243968213908, -0.000866831338499, 0.000776743108872, -0.0065719652921, 0.0187223199755, -0.00753920851275, 0.000930549635086], [-0.000162580472534, 0.000469259248348, 0.000281973305391, 0.000107406187453, -0.00112768926192, 0.000308993767248, -0.000741697149351, -0.000276640057564, 0.00220749527216, 0.000142419172334, -0.00753920851275, 0.025849217549, -0.0108256684616], [-0.00011643441394, -0.000113102301839, 0.000499116955325, 0.00061197229661, 0.000326372450218, -0.00154343317263, 0.00125062651932, 3.89511515095e-05, -0.00126179656945, -0.00104667921551, 0.000930549635086, -0.0108256684616, 0.0244477242231]], "mean": [-717.653198242, 161.154602051, -9.72702789307, 34.7205085754, -10.2568044662, 20.34034729, -11.7868356705, -1.05698359013, -5.30033779144, 0.872885465622, -2.52847790718, -1.88466489315, 2.06995129585]}, "pitch_salience": {"dmean": 0.0814489126205, "dmean2": 0.134687796235, "dvar": 0.00466310698539, "dvar2": 0.0123445913196, "max": 0.89296579361, "mean": 0.587589621544, "median": 0.600657045841, "min": 0.110465973616, "var": 0.0116538498551}, "silence_rate_20dB": {"dmean": 0, "dmean2": 0, "dvar": 0, "dvar2": 0, "max": 1, "mean": 1, "median": 1, "min": 1, "var": 0}, "silence_rate_30dB": {"dmean": 0.0104455342516, "dmean2": 0.0208932943642, "dvar": 0.0103365499526, "dvar2": 0.0262132491916, "max": 1, "mean": 0.991473913193, "median": 1, "min": 0, "var": 0.00845346879214}, "silence_rate_60dB": {"dmean": 0.029418034479, "dmean2": 0.0588423423469, "dvar": 0.0285555273294, "dvar2": 0.0634770020843, "max": 1, "mean": 0.200895234942, "median": 0, "min": 0, "var": 0.160543859005}, "spectral_centroid": {"dmean": 226.59815979, "dmean2": 340.288787842, "dvar": 101918.640625, "dvar2": 184945.84375, "max": 11831.9277344, "mean": 954.099975586, "median": 764.709472656, "min": 155.635971069, "var": 702695.0625}, "spectral_complexity": {"dmean": 3.09294390678, "dmean2": 4.66112375259, "dvar": 15.2435979843, "dvar2": 28.6297702789, "max": 62, "mean": 13.924331665, "median": 13, "min": 0, "var": 94.1706924438}, "spectral_contrast_coeffs": {"dmean": [0.0569674633443, 0.0543956719339, 0.0385294631124, 0.0276868008077, 0.0201162155718, 0.0554177761078], "dmean2": [0.0930497348309, 0.0882941111922, 0.0638020634651, 0.0455865040421, 0.0329834222794, 0.0836414396763], "dvar": [0.00201873597689, 0.00184747879393, 0.000979322940111, 0.000509094272275, 0.000288012000965, 0.00209126714617], "dvar2": [0.00525727355853, 0.00491792615503, 0.00256693642586, 0.00134922575671, 0.0007554840995, 0.00473118806258], "max": [-0.26374694705, -0.427224814892, -0.527358710766, -0.591937601566, -0.687268078327, -0.344110637903], "mean": [-0.660705864429, -0.739284932613, -0.806501209736, -0.817550778389, -0.835508882999, -0.710272610188], "median": [-0.666984379292, -0.74729436636, -0.81492125988, -0.820997357368, -0.833613336086, -0.714152872562], "min": [-0.973546266556, -0.977517127991, -0.976381063461, -0.970630884171, -0.967865467072, -0.964359998703], "var": [0.00872144382447, 0.00638803746551, 0.00340376561508, 0.00193120341282, 0.00108426646329, 0.00677732750773]}, "spectral_contrast_valleys": {"dmean": [0.41851246357, 0.379848301411, 0.332448244095, 0.299013137817, 0.326163947582, 0.688938498497], "dmean2": [0.682114541531, 0.60538482666, 0.527193844318, 0.451737344265, 0.46042573452, 1.10636341572], "dvar": [0.132874190807, 0.110488116741, 0.091645270586, 0.0946173891425, 0.129829928279, 0.342987120152], "dvar2": [0.310204476118, 0.244196549058, 0.195851922035, 0.185799345374, 0.232733339071, 0.876014947891], "max": [-5.30060005188, -4.30889034271, -5.14314031601, -5.52169752121, -5.54564285278, -9.10224246979], "mean": [-7.53123188019, -6.91324472427, -7.59683561325, -7.95813179016, -8.2650642395, -11.8355321884], "median": [-7.10606241226, -6.62309646606, -7.25624227524, -7.5400390625, -7.95970726013, -11.6369056702], "min": [-28.2563209534, -27.8230304718, -27.6497325897, -27.5576515198, -27.5099830627, -27.4316730499], "var": [3.07612061501, 2.98551869392, 2.78509831429, 2.94071578979, 2.82210016251, 2.28195762634]}, "spectral_decrease": {"dmean": 2.43633735408e-09, "dmean2": 3.76228337373e-09, "dvar": 1.34303418262e-17, "dvar2": 3.09522878847e-17, "max": 5.53155243832e-10, "mean": -5.32342125936e-09, "median": -3.51501228124e-09, "min": -5.74026799427e-08, "var": 3.47640023218e-17}, "spectral_energy": {"dmean": 0.00957906804979, "dmean2": 0.0146692330018, "dvar": 0.000205003161682, "dvar2": 0.000468106882181, "max": 0.232906147838, "mean": 0.0253486242145, "median": 0.018113642931, "min": 1.03815230077e-20, "var": 0.000650444009807}, "spectral_energyband_high": {"dmean": 0.000161918986123, "dmean2": 0.000229420940741, "dvar": 1.82379878311e-07, "dvar2": 3.5686335309e-07, "max": 0.0200037490577, "mean": 0.000397603667807, "median": 0.000176797140739, "min": 7.22535721937e-21, "var": 4.73804419698e-07}, "spectral_energyband_low": {"dmean": 0.00457632308826, "dmean2": 0.00752680981532, "dvar": 7.37742448109e-05, "dvar2": 0.000189722893992, "max": 0.147059842944, "mean": 0.00720472773537, "median": 0.00380584225059, "min": 2.67936133142e-23, "var": 0.000100320976344}, "spectral_energyband_middle_high": {"dmean": 0.00131646951195, "dmean2": 0.0020840591751, "dvar": 9.66496372712e-06, "dvar2": 2.46626568696e-05, "max": 0.106912955642, "mean": 0.00287863868289, "median": 0.00149286328815, "min": 1.13553540995e-21, "var": 1.97606186703e-05}, "spectral_energyband_middle_low": {"dmean": 0.00600198656321, "dmean2": 0.00927817821503, "dvar": 0.000110488297651, "dvar2": 0.000254640821368, "max": 0.162241891026, "mean": 0.0128779998049, "median": 0.0064477189444, "min": 1.84573686123e-22, "var": 0.000296559679555}, "spectral_entropy": {"dmean": 0.216121733189, "dmean2": 0.32356017828, "dvar": 0.0444402992725, "dvar2": 0.0932068675756, "max": 9.82661247253, "mean": 7.36812257767, "median": 7.4134221077, "min": 4.80599546432, "var": 0.199992924929}, "spectral_flux": {"dmean": 0.0211361143738, "dmean2": 0.0337772406638, "dvar": 0.00066454091575, "dvar2": 0.00152166862972, "max": 0.336163878441, "mean": 0.0828694030643, "median": 0.0782969817519, "min": 6.49652762141e-11, "var": 0.002772775013}, "spectral_kurtosis": {"dmean": 4.01259088516, "dmean2": 5.83105754852, "dvar": 22.1633205414, "dvar2": 47.2066993713, "max": 82.9521408081, "mean": 15.3133125305, "median": 14.3708629608, "min": -1.26061713696, "var": 48.7956695557}, "spectral_rms": {"dmean": 0.000829692638945, "dmean2": 0.00123411230743, "dvar": 9.18222440305e-07, "dvar2": 1.97613144337e-06, "max": 0.0150740006939, "mean": 0.00429504457861, "median": 0.0042037894018, "min": 3.18250135446e-12, "var": 6.28297857475e-06}, "spectral_rolloff": {"dmean": 4017.99194336, "dmean2": 7651.03271484, "dvar": 51922836, "dvar2": 124036360, "max": 21985.4003906, "mean": 7937.51269531, "median": 1722.65625, "min": 64.599609375, "var": 88012664}, "spectral_skewness": {"dmean": 0.365274012089, "dmean2": 0.505624830723, "dvar": 0.157205805182, "dvar2": 0.295902639627, "max": 7.03345155716, "mean": 2.613093853, "median": 2.58769416809, "min": -0.0836568921804, "var": 0.509923636913}, "spectral_spread": {"dmean": 544181.8125, "dmean2": 825015.3125, "dvar": 441958662144, "dvar2": 912589586432, "max": 42494892, "mean": 4