{"lowlevel": {"average_loudness": 0.877300858498, "barkbands": {"dmean": [0.00619728537276, 0.0112815536559, 0.00166906043887, 0.000796289707068, 0.00137218891177, 0.000550140277483, 0.000633759773336, 0.000366329855751, 0.000659576500766, 0.000491864338983, 0.000526734103914, 0.00059648376191, 0.000392109242966, 0.000420554337325, 0.00049058557488, 0.000237399974139, 0.000211498248973, 0.000181046605576, 0.000193608968402, 0.00023457124189, 0.000220679139602, 0.000240623790887, 0.000197470741114, 6.9597219408e-05, 3.68810128748e-06, 9.1558402346e-05, 0.000210769081605], "dmean2": [0.00992962066084, 0.0177542641759, 0.0027894761879, 0.00130707549397, 0.0021661138162, 0.000868766510393, 0.000991509761661, 0.000600640545599, 0.00104397535324, 0.00079494639067, 0.000856160884723, 0.000968051375821, 0.000637312768959, 0.000692650326528, 0.000803368049674, 0.000389138440369, 0.000346106826328, 0.000288183393423, 0.000294177239994, 0.000338352285326, 0.000296829879517, 0.000321230152622, 0.000258878833847, 9.3896247563e-05, 5.93322783971e-06, 0.000117022260383, 0.00028158837813], "dvar": [0.000263360299869, 0.000621189654339, 8.26554514788e-06, 1.3285099385e-06, 6.99348265698e-06, 1.18032244245e-06, 1.35407003654e-06, 5.39176198799e-07, 1.73019179783e-06, 8.83749521563e-07, 1.26329985051e-06, 2.1545843083e-06, 6.87803151322e-07, 8.06359082617e-07, 9.4494134828e-07, 3.67002712665e-07, 3.99872135404e-07, 1.54493946525e-07, 4.15265446918e-07, 4.76892182633e-07, 5.90686966007e-07, 2.99965819295e-07, 9.73930482928e-08, 1.53262238456e-08, 5.01866916081e-11, 2.0964291636e-08, 1.25601772538e-07], "dvar2": [0.000634091673419, 0.00147235253826, 2.17296255869e-05, 3.46311708199e-06, 1.60868639796e-05, 2.7681874144e-06, 3.04969512399e-06, 1.33166315663e-06, 4.04109823648e-06, 2.23710139835e-06, 3.17263402394e-06, 5.37357482244e-06, 1.6681165107e-06, 2.02926321435e-06, 2.39689529735e-06, 9.46018531067e-07, 1.04132629986e-06, 3.74490070953e-07, 9.61459022619e-07, 1.10649807539e-06, 1.19045398606e-06, 5.1798832601e-07, 1.72731432713e-07, 2.86495680513e-08, 1.16871692879e-10, 3.55150824305e-08, 2.19357161768e-07], "max": [0.195885196328, 0.262412250042, 0.0445057041943, 0.0184890851378, 0.0489346161485, 0.0222690459341, 0.0285729467869, 0.0280477888882, 0.0234806835651, 0.0212447587401, 0.0188719946891, 0.0566506050527, 0.0126861799508, 0.0202168114483, 0.0241487883031, 0.00946841575205, 0.00943162478507, 0.00783105380833, 0.0330880247056, 0.0259764567018, 0.0393242947757, 0.0263394080102, 0.00641824584454, 0.00230483501218, 0.000150001287693, 0.00229229591787, 0.0111318053678], "mean": [0.00582413375378, 0.012401714921, 0.00218718429096, 0.00113138591405, 0.00217403424904, 0.000816648011096, 0.00102063303348, 0.000511045276653, 0.00103719206527, 0.000646677857731, 0.000706522085238, 0.00081306276843, 0.000515649677254, 0.000592931406572, 0.000728663057089, 0.000277345825452, 0.000236553489231, 0.000279571133433, 0.00031934605795, 0.000396397750592, 0.000358063261956, 0.000401050638175, 0.000288428971544, 8.5161474999e-05, 3.59609953193e-06, 0.000127267107018, 0.000459119008156], "median": [0.00100219575688, 0.0038601453416, 0.00112855504267, 0.000655610230751, 0.000934580457397, 0.000339559919666, 0.00041327404324, 0.000218760746066, 0.000345445092535, 0.000239853776293, 0.000215657404624, 0.000235680388869, 0.000187036479474, 0.000246887444519, 0.000304435496219, 9.54339047894e-05, 6.67083295411e-05, 0.000117134812172, 0.000109841923404, 0.00010432311683, 9.51721522142e-05, 0.000135722002597, 6.66400592308e-05, 8.9913382908e-06, 7.75771979988e-07, 2.40762819885e-05, 0.000258223561104], "min": [5.08987323338e-26, 2.25726118813e-24, 2.71048218995e-25, 8.54599051036e-25, 5.40391887068e-24, 9.73108835966e-24, 5.10628046785e-24, 6.60489570114e-24, 1.66904145324e-23, 1.20543302683e-23, 2.12677941344e-23, 2.21231339258e-23, 2.25529416346e-23, 4.12529761676e-23, 3.22708165741e-23, 5.21747301568e-23, 6.42437150942e-23, 7.56063098008e-23, 1.30643557436e-22, 1.54720324327e-22, 2.32413164911e-22, 3.29467618226e-22, 3.70518955235e-22, 5.86007279818e-22, 8.19417312478e-22, 1.31030760661e-21, 1.85919263208e-21], "var": [0.000234540304518, 0.000617046025582, 9.71835652308e-06, 2.04249317903e-06, 1.40381034726e-05, 2.10925645661e-06, 3.16029468195e-06, 8.89907880719e-07, 4.23230039814e-06, 1.33756202558e-06, 2.03056947612e-06, 3.64622201232e-06, 9.27651342408e-07, 1.11982194539e-06, 1.49506740854e-06, 3.55464351287e-07, 3.56371060661e-07, 2.37766570876e-07, 6.94253230904e-07, 1.05228741631e-06, 1.21824689359e-06, 8.49904267852e-07, 2.07768977134e-07, 2.58961581068e-08, 5.60652392567e-11, 4.23111217174e-08, 4.30660463735e-07]}, "barkbands_crest": {"dmean": 3.17696094513, "dmean2": 5.09302139282, "dvar": 7.61576080322, "dvar2": 18.58685112, "max": 24.9685974121, "mean": 9.93215084076, "median": 9.21681022644, "min": 1.80182468891, "var": 18.4653663635}, "barkbands_flatness_db": {"dmean": 0.0285734403878, "dmean2": 0.0422558039427, "dvar": 0.000703624507878, "dvar2": 0.001450120355, "max": 0.397228240967, "mean": 0.109941296279, "median": 0.101966701448, "min": 0.0160791166127, "var": 0.00221957662143}, "barkbands_kurtosis": {"dmean": 4.67284917831, "dmean2": 7.18988800049, "dvar": 86.318572998, "dvar2": 181.370193481, "max": 243.846405029, "mean": 6.02127742767, "median": 2.39920544624, "min": -1.86190676689, "var": 150.853515625}, "barkbands_skewness": {"dmean": 0.765004873276, "dmean2": 1.14752984047, "dvar": 0.680800795555, "dvar2": 1.4602560997, "max": 13.3750724792, "mean": 1.82761931419, "median": 1.55754053593, "min": -2.55279779434, "var": 2.13235044479}, "barkbands_spread": {"dmean": 10.4317150116, "dmean2": 15.7192993164, "dvar": 121.569213867, "dvar2": 254.332809448, "max": 137.192169189, "mean": 32.7515106201, "median": 29.4245414734, "min": 0.844160139561, "var": 335.471099854}, "dissonance": {"dmean": 0.0147467907518, "dmean2": 0.0247882772237, "dvar": 0.000249629665632, "dvar2": 0.000679405988194, "max": 0.500000059605, "mean": 0.476154237986, "median": 0.481509625912, "min": 0.166950672865, "var": 0.000420985685196}, "dynamic_complexity": 3.61359214783, "erbbands": {"dmean": [0.634823739529, 1.53686952591, 2.00140380859, 2.13712382317, 4.35724544525, 4.47040319443, 3.6854724884, 5.11239910126, 7.77523326874, 10.915886879, 8.83305168152, 14.4590978622, 14.2327470779, 16.2717132568, 21.8999156952, 23.1778945923, 18.2964935303, 17.2700386047, 25.2410411835, 20.7715702057, 12.3790273666, 11.2481107712, 10.2781076431, 9.9365530014, 9.21284103394, 10.93861866, 10.0053262711, 8.76023960114, 8.40034389496, 7.34481287003, 5.48792362213, 2.67438936234, 0.515104115009, 0.0782230868936, 0.0187046099454, 0.0664350166917, 0.216413810849, 0.142103582621, 0.0326845310628, 0.00282862596214], "dmean2": [1.00726723671, 2.4856300354, 3.31799674034, 3.45923519135, 6.98481035233, 7.14859247208, 5.99013566971, 8.1203994751, 12.0730609894, 17.4447784424, 14.2927894592, 22.8383541107, 22.7650966644, 26.3115196228, 35.2462272644, 37.6920394897, 29.5040111542, 28.4674339294, 41.0227279663, 34.3100700378, 20.0833969116, 18.335269928, 16.4101219177, 15.0976438522, 13.5846414566, 15.8614625931, 13.9212150574, 11.736784935, 11.4023303986, 9.78134441376, 7.1589140892, 3.5116481781, 0.718221127987, 0.118552066386, 0.0294652990997, 0.0934765040874, 0.277120649815, 0.178891181946, 0.0412591770291, 0.00410527409986], "dvar": [2.39742422104, 9.99124526978, 11.9711704254, 9.0546541214, 60.8507652283, 115.374511719, 55.3604011536, 119.910552979, 266.184204102, 480.327758789, 338.360870361, 867.885131836, 894.365539551, 923.889648438, 2199.15112305, 2910.07397461, 1446.03283691, 1394.41821289, 3040.87402344, 2070.84863281, 1249.04040527, 1110.74987793, 529.145935059, 684.273620605, 976.35333252, 1136.55480957, 1647.12878418, 639.871337891, 466.019165039, 170.18157959, 76.2810440063, 20.3174762726, 0.974268555641, 0.0238216426224, 0.00111300928984, 0.0158156491816, 0.124800041318, 0.0547676831484, 0.00468372320756, 2.24459327001e-05], "dvar2": [5.90622711182, 24.3538837433, 31.3929977417, 22.9357528687, 143.128509521, 274.465789795, 134.742630005, 283.152557373, 583.312866211, 1120.61486816, 889.311401367, 1963.69885254, 2263.96435547, 2322.15649414, 5540.87158203, 7191.99072266, 3433.07592773, 3563.49316406, 7643.29052734, 5360.29785156, 3207.75439453, 2891.96777344, 1310.93078613, 1570.9309082, 2132.71606445, 2663.75366211, 3844.39794922, 1107.85205078, 802.846130371, 304.459533691, 136.332061768, 36.4954566956, 1.8357219696, 0.0517986901104, 0.00257567712106, 0.031023118645, 0.214929059148, 0.0912176892161, 0.00817537400872, 4.75110537081e-05], "max": [13.0724153519, 39.3464164734, 54.7469940186, 38.7734603882, 188.024383545, 253.721755981, 166.305145264, 290.881195068, 505.663269043, 551.428527832, 529.390319824, 654.455078125, 705.253723145, 456.177825928, 1175.56567383, 1341.79602051, 540.055541992, 562.022277832, 2277.42602539, 902.220092773, 408.228424072, 422.099029541, 385.483703613, 1060.80908203, 1726.70666504, 1350.16491699, 2257.16552734, 1687.17700195, 1180.55749512, 464.298675537, 206.18838501, 71.1399917603, 17.7014770508, 2.08700203896, 0.937011659145, 1.6773673296, 4.67826747894, 7.60243701935, 2.48827028275, 0.145580619574], "mean": [0.618013620377, 1.78517448902, 2.67856788635, 3.36082363129, 6.70370101929, 6.44821834564, 5.23837280273, 7.52657699585, 12.4468975067, 15.8831949234, 13.6124868393, 22.5196323395, 20.2068462372, 22.8882656097, 31.8311595917, 32.7092819214, 25.7363586426, 25.1372108459, 39.5921020508, 29.3831424713, 14.6887636185, 13.1838874817, 15.0937519073, 16.4575271606, 16.0643310547, 18.5180778503, 16.3585319519, 14.0066804886, 14.1032648087, 11.381690979, 7.85100793839, 3.48229861259, 0.58683359623, 0.0826007425785, 0.0200151372701, 0.0753691643476, 0.292843729258, 0.225908502936, 0.0594657696784, 0.0078595886007], "median": [0.133620008826, 0.619783759117, 1.38425302505, 2.08839893341, 2.95529079437, 2.65230584145, 2.37887597084, 3.02452611923, 4.63524055481, 6.52200984955, 5.70885848999, 7.8939743042, 7.52173995972, 9.48186969757, 10.3862447739, 10.0960426331, 9.5717792511, 11.3090820312, 16.9466915131, 12.6815881729, 5.04947376251, 4.04296970367, 5.98526287079, 6.5704369545, 5.06087350845, 4.79758834839, 4.27371883392, 3.83863067627, 4.84386348724, 3.25059914589, 1.71891832352, 0.475116848946, 0.051538027823, 0.0140281403437, 0.00655632093549, 0.0093350764364, 0.0470610335469, 0.069043494761, 0.020851675421, 0.00522908940911], "min": [6.56568426544e-23, 3.18389915902e-22, 4.2633925776e-22, 5.14491639165e-21, 7.21428640854e-21, 1.68023533773e-20, 6.3024829575e-20, 8.94851289114e-20, 8.50622911113e-20, 2.166483218e-19, 2.82671267505e-19, 4.57000176137e-19, 5.93495937351e-19, 6.44330890582e-19, 8.54547262734e-19, 1.21824255145e-18, 1.27621974398e-18, 1.68744731223e-18, 2.43901999789e-18, 1.81817069694e-18, 4.07409736817e-18, 3.99359242864e-18, 4.94048303303e-18, 6.71344624155e-18, 6.05781709777e-18, 7.50989750793e-18, 8.02616987955e-18, 9.54210408351e-18, 9.86342735554e-18, 1.05449389807e-17, 1.14429130188e-17, 1.0324882468e-17, 9.75434787534e-18, 7.29390658793e-18, 6.30769388516e-18, 4.23029057451e-18, 2.40306948769e-18, 9.32904531197e-19, 2.45228161596e-19, 2.61109447746e-20], "var": [2.12184309959, 10.3342428207, 13.9655790329, 14.9693422318, 134.552764893, 159.802780151, 93.5751037598, 192.562530518, 655.397888184, 888.105834961, 658.938415527, 2078.76757812, 1452.38244629, 1374.25756836, 3741.57299805, 4671.05175781, 2105.51782227, 1746.45544434, 4817.15820312, 2674.74560547, 1156.35229492, 1013.99310303, 729.379821777, 1222.16503906, 1866.80456543, 2444.19140625, 2758.7409668, 1496.89587402, 1304.90490723, 439.966247559, 153.837203979, 37.2287101746, 1.52932953835, 0.0300995130092, 0.00132261414547, 0.023744078353, 0.24163146317, 0.142486453056, 0.0142434258014, 8.43592715682e-05]}, "erbbands_crest": {"dmean": 2.43958902359, "dmean2": 3.97473311424, "dvar": 5.93117856979, "dvar2": 13.9850320816, "max": 31.4557971954, "mean": 7.40138196945, "median": 6.32412433624, "min": 2.04168438911, "var": 14.504817009}, "erbbands_flatness_db": {"dmean": 0.0198590457439, "dmean2": 0.0286359135062, "dvar": 0.000339128804626, "dvar2": 0.000644890998956, "max": 0.317437320948, "mean": 0.11950481683, "median": 0.114423125982, "min": 0.0449772961438, "var": 0.00141711370088}, "erbbands_kurtosis": {"dmean": 0.870912611485, "dmean2": 1.38034594059, "dvar": 1.48841226101, "dvar2": 3.43761277199, "max": 27.2313518524, "mean": 0.241591975093, "median": -0.162210464478, "min": -1.7282487154, "var": 2.83579039574}, "erbbands_skewness": {"dmean": 0.379596710205, "dmean2": 0.571101546288, "dvar": 0.120003156364, "dvar2": 0.257911801338, "max": 3.18197488785, "mean": 0.0285727288574, "median": 0.00262204720639, "min": -3.55014371872, "var": 0.451866924763}, "erbbands_spread": {"dmean": 9.91213607788, "dmean2": 14.8646564484, "dvar": 93.730178833, "dvar2": 197.813491821, "max": 132.954956055, "mean": 41.6745643616, "median": 38.8421211243, "min": 4.04545450211, "var": 338.124328613}, "gfcc": {"cov": [[27029.6113281, 302.581787109, -1646.2298584, 524.900390625, -545.599487305, 59.4303321838, 252.459991455, -477.100769043, 63.3319816589, -116.242576599, -169.317382812, 266.666351318, -418.192657471], [302.581787109, 1199.92370605, -169.24621582, -299.447387695, 184.679214478, -116.282279968, 0.682309925556, -75.9795913696, 76.5586624146, -20.8821868896, 33.0247039795, -90.5366287231, 69.4682617188], [-1646.2298584, -169.24621582, 579.571960449, 176.170288086, -75.9970550537, 127.839164734, -55.1401443481, 154.946914673, -28.6638069153, 62.6748390198, 24.1272659302, 12.6319608688, 21.9203166962], [524.900390625, -299.447387695, 176.170288086, 339.955718994, 9.58683586121, 26.3356609344, 73.1382217407, 27.3871383667, -1.09371638298, 12.3215894699, 3.51567912102, 66.5953140259, -48.5000114441], [-545.599487305, 184.679214478, -75.9970550537, 9.58683586121, 250.776824951, 15.2702569962, 28.4943313599, -15.4887456894, 33.7503051758, -22.4252281189, 15.3615312576, -3.5098528862, 47.1884727478], [59.4303321838, -116.282279968, 127.839164734, 26.3356609344, 15.2702569962, 281.14050293, -11.4727878571, 89.5669631958, -38.7504768372, 27.9232006073, 5.17452955246, 38.8840370178, 33.950630188], [252.459991455, 0.682309925556, -55.1401443481, 73.1382217407, 28.4943313599, -11.4727878571, 183.877334595, -31.1302700043, 35.5136909485, -9.47151660919, 12.5653066635, 37.1079330444, -34.388420105], [-477.100769043, -75.9795913696, 154.946914673, 27.3871383667, -15.4887456894, 89.5669631958, -31.1302700043, 215.33026123, 40.7045555115, 57.8337516785, 22.002407074, 2.64910268784, 55.5787620544], [63.3319816589, 76.5586624146, -28.6638069153, -1.09371638298, 33.7503051758, -38.7504768372, 35.5136909485, 40.7045555115, 139.382415771, 41.8005180359, 10.6208658218, 10.2160711288, -4.93951797485], [-116.242576599, -20.8821868896, 62.6748390198, 12.3215894699, -22.4252281189, 27.9232006073, -9.47151660919, 57.8337516785, 41.8005180359, 100.387245178, 47.1522598267, 1.29829013348, 16.8643035889], [-169.317382812, 33.0247039795, 24.1272659302, 3.51567912102, 15.3615312576, 5.17452955246, 12.5653066635, 22.002407074, 10.6208658218, 47.1522598267, 72.0845336914, 28.5060558319, 17.3976078033], [266.666351318, -90.5366287231, 12.6319608688, 66.5953140259, -3.5098528862, 38.8840370178, 37.1079330444, 2.64910268784, 10.2160711288, 1.29829013348, 28.5060558319, 88.087059021, 7.93836402893], [-418.192657471, 69.4682617188, 21.9203166962, -48.5000114441, 47.1884727478, 33.950630188, -34.388420105, 55.5787620544, -4.93951797485, 16.8643035889, 17.3976078033, 7.93836402893, 97.1767120361]], "icov": [[0.000111140674562, -0.000260309840087, 0.000679067801684, -0.000873477023561, 0.000782090006396, -0.000500474649016, 0.000286381284241, 0.000121005257824, -0.000294869212667, 0.000263501424342, -0.000193257277715, 0.000192196137505, -0.000139361131005], [-0.000260309840087, 0.00214657909237, -0.00194236659445, 0.00309516559355, -0.00240539596416, 0.00120722828433, -0.00104679435026, 0.00058950507082, -0.000635203265119, 0.000661461323034, -0.00136140955146, 0.00128968560603, -0.000641842081677], [0.000679067801684, -0.00194236659445, 0.00754836108536, -0.00827210582793, 0.00673119118437, -0.00457833008841, 0.0029075818602, -0.000150814215885, -0.00228915340267, 0.00284386565909, -0.00367004540749, 0.00381013029255, -0.00233839196153], [-0.000873477023561, 0.00309516559355, -0.00827210582793, 0.0161164700985, -0.0117128221318, 0.00771088479087, -0.00470189750195, -0.00365894241259, 0.00759245827794, -0.00942123867571, 0.010000131093, -0.0117003768682, 0.00854687672108], [0.000782090006396, -0.00240539596416, 0.00673119118437, -0.0117128221318, 0.0157489646226, -0.00815106835216, 0.0025040267501, 0.00472306786105, -0.00986127834767, 0.0123937269673, -0.0122772594914, 0.0119430888444, -0.0103236921132], [-0.000500474649016, 0.00120722828433, -0.00457833008841, 0.00771088479087, -0.00815106835216, 0.0102496882901, -0.00238535623066, -0.0048915212974, 0.00865899585187, -0.00976441148669, 0.0104443700984, -0.0108363851905, 0.0053451503627], [0.000286381284241, -0.00104679435026, 0.0029075818602, -0.00470189750195, 0.0025040267501, -0.00238535623066, 0.00869359169155, 0.00110008637421, -0.00349356885999, 0.00334671512246, -0.00376382516697, 0.000140779462527, 0.00094685604563], [0.000121005257824, 0.00058950507082, -0.000150814215885, -0.00365894241259, 0.00472306786105, -0.0048915212974, 0.00110008637421, 0.0114572970197, -0.00852817855775, 0.005227281712, -0.00750916311517, 0.00873361621052, -0.00915061030537], [-0.000294869212667, -0.000635203265119, -0.00228915340267, 0.00759245827794, -0.00986127834767, 0.00865899585187, -0.00349356885999, -0.00852817855775, 0.021377902478, -0.0189499501139, 0.0177459586412, -0.016633970663, 0.0114525249228], [0.000263501424342, 0.000661461323034, 0.00284386565909, -0.00942123867571, 0.0123937269673, -0.00976441148669, 0.00334671512246, 0.005227281712, -0.0189499501139, 0.0372864082456, -0.0319066122174, 0.0229513254017, -0.0126913711429], [-0.000193257277715, -0.00136140955146, -0.00367004540749, 0.010000131093, -0.0122772594914, 0.0104443700984, -0.00376382516697, -0.00750916311517, 0.0177459586412, -0.0319066122174, 0.0464151725173, -0.0288008432835, 0.011718230322], [0.000192196137505, 0.00128968560603, 0.00381013029255, -0.0117003768682, 0.0119430888444, -0.0108363851905, 0.000140779462527, 0.00873361621052, -0.016633970663, 0.0229513254017, -0.0288008432835, 0.0377316363156, -0.0165072977543], [-0.000139361131005, -0.000641842081677, -0.00233839196153, 0.00854687672108, -0.0103236921132, 0.0053451503627, 0.00094685604563, -0.00915061030537, 0.0114525249228, -0.0126913711429, 0.011718230322, -0.0165072977543, 0.0256922785193]], "mean": [-8.89730072021, 67.805809021, -91.247756958, 15.2925453186, -24.6722412109, -6.44867610931, 7.54160404205, -23.1112003326, 4.43348073959, -6.68453884125, -10.4037036896, 2.67287874222, -20.0071678162]}, "hfc": {"dmean": 21.8318462372, "dmean2": 29.6113510132, "dvar": 734.883422852, "dvar2": 1363.07019043, "max": 621.172424316, "mean": 65.4115829468, "median": 50.298210144, "min": 1.08340946876e-16, "var": 3290.59594727}, "melbands": {"dmean": [0.00446760561317, 0.0012831275817, 0.000408655731007, 0.000330616050633, 0.000136281858431, 0.000114542155643, 0.000115516239021, 0.000108467371319, 8.34983802633e-05, 9.09676600713e-05, 7.24372366676e-05, 6.7147120717e-05, 7.71722916397e-05, 6.9436042395e-05, 5.38069325557e-05, 3.41920276696e-05, 3.46604501829e-05, 4.37431190221e-05, 3.435641338e-05, 2.10894140764e-05, 1.41501004691e-05, 1.26182922031e-05, 9.68873973761e-06, 9.46025102166e-06, 8.43261295813e-06, 7.61669070926e-06, 7.34373134037e-06, 7.60897773944e-06, 6.77153320794e-06, 5.60814987693e-06, 5.37670121048e-06, 5.19653485753e-06, 4.29648980571e-06, 4.10655457017e-06, 3.35340587299e-06, 2.73075079349e-06, 1.23314362099e-06, 4.04426572231e-07, 1.51363067857e-07, 3.28983986719e-08], "dmean2": [0.00691964896396, 0.00208733696491, 0.000658952805679, 0.00052256451454, 0.000220015674131, 0.000180384886335, 0.000179494352778, 0.000173877793713, 0.000135173773742, 0.000143398996443, 0.000116401650303, 0.000108997111965, 0.000125323451357, 0.000113688285637, 8.72456948855e-05, 5.58093852305e-05, 5.76401835133e-05, 7.15563655831e-05, 5.64121583011e-05, 3.48686298821e-05, 2.31988160522e-05, 2.09103327506e-05, 1.58241400641e-05, 1.52106194946e-05, 1.30533298943e-05, 1.18127254609e-05, 1.094428535e-05, 1.12640773295e-05, 9.77967920335e-06, 7.87708268035e-06, 7.54020447857e-06, 7.30566807761e-06, 5.89328010392e-06, 5.58392775929e-06, 4.46403964816e-06, 3.67013421965e-06, 1.67526627592e-06, 5.85337659231e-07, 2.32834111102e-07, 5.32343342741e-08], "dvar": [0.000107263236714, 5.10050722369e-06, 3.21132148429e-07, 4.33902584973e-07, 7.74665167569e-08, 5.37585052029e-08, 5.14636226967e-08, 4.7158689398e-08, 3.27134337397e-08, 3.36620296082e-08, 2.31037073917e-08, 1.59032715885e-08, 2.74855747051e-08, 3.39540662253e-08, 1.3098802043e-08, 5.12860731661e-09, 5.76425751575e-09, 1.03748112323e-08, 5.20354515032e-09, 2.36714270407e-09, 1.84968751427e-09, 1.47180334586e-09, 6.02004390782e-10, 4.24862811599e-10, 5.17775378128e-10, 7.34718008655e-10, 4.89696838635e-10, 5.56371393401e-10, 7.48187678479e-10, 3.74267283831e-10, 2.24928894954e-10, 1.76438724742e-10, 1.0642096232e-10, 4.80050096896e-11, 2.97982472031e-11, 2.05574134104e-11, 4.93885878375e-12, 6.9018120212e-13, 1.11134822319e-13, 4.29887643698e-15], "dvar2": [0.000254693150055, 1.26748755065e-05, 8.11241193333e-07, 9.83999711934e-07, 1.89445955812e-07, 1.25159345998e-07, 1.1453641946e-07, 1.09498586198e-07, 8.44939194167e-08, 7.71015109535e-08, 5.85446855439e-08, 4.00535036249e-08, 6.91695873911e-08, 8.84095925358e-08, 3.17438733077e-08, 1.26261721078e-08, 1.48482923734e-08, 2.62233985637e-08, 1.33017730164e-08, 6.10271611023e-09, 4.77393680143e-09, 3.86515353057e-09, 1.55717938544e-09, 1.04300501569e-09, 1.22237120426e-09, 1.74329350955e-09, 1.08194087023e-09, 1.33332311858e-09, 1.85525739216e-09, 7.24902304849e-10, 4.38132391478e-10, 3.05158703862e-10, 2.09291584063e-10, 8.90583509716e-11, 5.64955061899e-11, 3.82651930975e-11, 9.3849364044e-12, 1.37904032811e-12, 2.48132054183e-13, 1.01689651098e-14], "max": [0.0941750332713, 0.0336082465947, 0.0080685634166, 0.0125157590955, 0.00648579001427, 0.00556430313736, 0.00663365190849, 0.00602019857615, 0.00482775038108, 0.00373643334024, 0.00366299599409, 0.00184091937263, 0.00283635756932, 0.00772776035592, 0.0024329056032, 0.00158913910855, 0.00129970547277, 0.00448515219614, 0.00173220806755, 0.000845950446092, 0.000591042626183, 0.000487624784, 0.000406443432439, 0.000467220554128, 0.000916041084565, 0.00133854453452, 0.00109536480159, 0.000840448425151, 0.00150283286348, 0.000912931282073, 0.000920312129892, 0.00078422651859, 0.000408712687204, 0.000229273617151, 0.000142056305776, 5.62257700949e-05, 4.27483209933e-05, 1.5902942323e-05, 4.71698876936e-06, 1.46591150951e-06], "mean": [0.0046993913129, 0.00173285719939, 0.000681679463014, 0.000523355265614, 0.000193600324565, 0.000174579938175, 0.000188404825167, 0.000155462505063, 0.000124524478451, 0.000140698306495, 9.96960006887e-05, 9.05568231246e-05, 0.000107396444946, 9.31203539949e-05, 7.31583713787e-05, 4.61018025817e-05, 4.71193998237e-05, 6.57543423586e-05, 5.01990398334e-05, 2.60615252046e-05, 1.57152990141e-05, 1.39588573802e-05, 1.23224117488e-05, 1.42365743159e-05, 1.3174239939e-05, 1.21339435282e-05, 1.19177384477e-05, 1.23403779071e-05, 1.04732116597e-05, 8.72073087521e-06, 8.07008837e-06, 8.42023200676e-06, 6.80134098729e-06, 6.05429795542e-06, 4.71958946946e-06, 3.5903033222e-06, 1.48529579747e-06, 4.28190617185e-07, 1.47504408687e-07, 3.1377680898e-08], "median": [0.0013252524659, 0.000865204026923, 0.000443544966402, 0.000219901296077, 8.74806282809e-05, 7.01473327354e-05, 7.5081945397e-05, 6.42508093733e-05, 4.65567936772e-05, 4.82330287923e-05, 3.53251598426e-05, 3.58340475941e-05, 3.28391688527e-05, 2.68819367193e-05, 2.24638879445e-05, 1.80650949915e-05, 1.97405133804e-05, 2.6241865271e-05, 2.06027289096e-05, 1.01117784652e-05, 4.38607821707e-06, 3.79389598493e-06, 4.26568385592e-06, 5.81743461225e-06, 5.02099646837e-06, 3.81744393962e-06, 3.42271005138e-06, 2.91949504572e-06, 2.49283948506e-06, 2.21515824705e-06, 2.17424212678e-06, 2.79226969724e-06, 2.22930793825e-06, 1.56344617608e-06, 1.0665935406e-06, 5.6988005781e-07, 1.44142688896e-07, 2.27293845967e-08, 1.15064686668e-08, 6.76017286594e-09], "min": [6.27633562716e-25, 6.3297513712e-25, 9.66795680749e-25, 1.5688205012e-24, 1.85530993286e-24, 1.94167442476e-24, 1.0618206821e-24, 3.02098227959e-24, 2.23016263274e-24, 2.39894376215e-24, 2.24888940177e-24, 2.38756286587e-24, 2.6729782634e-24, 2.83359073814e-24, 1.98585655191e-24, 2.62667370599e-24, 2.48251982797e-24, 2.8769376588e-24, 2.36445279122e-24, 2.78191186859e-24, 4.39825768946e-24, 3.3145300442e-24, 4.27294555694e-24, 4.1584999834e-24, 4.90091473067e-24, 4.34034977699e-24, 4.2686423207e-24, 4.618556958e-24, 4.64351217831e-24, 4.30472521294e-24, 4.6077042041e-24, 4.28554327117e-24, 5.48735905521e-24, 4.37482102639e-24, 5.82725003141e-24, 4.69992796038e-24, 5.83521121567e-24, 6.72043305818e-24, 5.99070477199e-24, 5.68316182606e-24], "var": [0.000103525955637, 6.03809348831e-06, 5.89918499827e-07, 8.90133549092e-07, 1.15937019984e-07, 9.56144177167e-08, 1.25230556591e-07, 8.56787494286e-08, 6.48913953682e-08, 7.89634881926e-08, 3.71773865027e-08, 2.31076526802e-08, 4.57325484149e-08, 5.02631891663e-08, 2.00279135498e-08, 6.79973899409e-09, 6.94585766681e-09, 1.53309613893e-08, 7.80392284128e-09, 2.52657450517e-09, 1.64736368991e-09, 1.284162221e-09, 6.35032082474e-10, 6.38405495135e-10, 8.55661042021e-10, 1.14902998227e-09, 9.83839232305e-10, 1.13664810897e-09, 1.13893094955e-09, 7.69575569937e-10, 4.59698723532e-10, 4.88462881254e-10, 2.57149523897e-10, 1.12555416376e-10, 5.67845735711e-11, 3.68324988564e-11, 8.16669475101e-12, 9.84916900641e-13, 1.28825268053e-13, 4.61544187201e-15]}, "melbands_crest": {"dmean": 4.935131073, "dmean2": 7.7066411972, "dvar": 20.6527061462, "dvar2": 44.7692642212, "max": 38.2050666809, "mean": 16.86095047, "median": 15.6466960907, "min": 1.58830785751, "var": 55.2053031921}, "melbands_flatness_db": {"dmean": 0.0378273501992, "dmean2": 0.0556578449905, "dvar": 0.00115167268086, "dvar2": 0.00236541824415, "max": 0.543448626995, "mean": 0.203987538815, "median": 0.199591815472, "min": 0.00282299215905, "var": 0.00461192708462}, "melbands_kurtosis": {"dmean": 12.0109272003, "dmean2": 18.8160438538, "dvar": 530.437011719, "dvar2": 1237.78527832, "max": 665.709594727, "mean": 17.0996932983, "median": 7.90836858749, "min": -1.88876867294, "var": 795.878417969}, "melbands_skewness": {"dmean": 1.1248344183, "dmean2": 1.70496094227, "dvar": 1.60404717922, "dvar2": 3.59855914116, "max": 19.0171661377, "mean": 3.03549218178, "median": 2.59857845306, "min": -2.4217069149, "var": 4.3158955574}, "melbands_spread": {"dmean": 10.5400037766, "dmean2": 16.3337860107, "dvar": 168.381118774, "dvar2": 361.170837402, "max": 196.685241699, "mean": 27.5096874237, "median": 22.2688694, "min": 0.582527756691, "var": 558.436401367}, "mfcc": {"cov": [[10835.5644531, 265.787719727, -442.359741211, 536.352478027, -440.371429443, 580.025085449, -172.93081665, 371.315032959, -234.349777222, 293.004730225, -194.358795166, 135.739761353, -36.8611030579], [265.787719727, 1478.72167969, -276.934692383, -77.8972167969, 41.8494644165, 16.3698291779, -50.020362854, -72.2378387451, 29.4665241241, -21.2782497406, 99.4316329956, -107.243850708, 38.2803649902], [-442.359741211, -276.934692383, 626.110595703, -2.13035488129, 65.2984619141, -57.6384124756, 74.8489456177, 3.02203083038, 26.4689788818, 34.6497612, 12.0463285446, 71.7293243408, -27.564119339], [536.352478027, -77.8972167969, -2.13035488129, 390.440826416, -78.9891738892, 79.6348266602, -33.0150604248, 69.159866333, -38.9790649414, 11.6987504959, 22.7054233551, 30.3118648529, -0.357241749763], [-440.371429443, 41.8494644165, 65.2984619141, -78.9891738892, 279.616851807, -41.257484436, 49.1780662537, -23.0607681274, 87.607383728, -29.6434497833, 6.16075849533, 25.3927078247, 9.09814548492], [580.025085449, 16.3698291779, -57.6384124756, 79.6348266602, -41.257484436, 229.450698853, 28.4819946289, 78.527885437, -51.0662155151, 18.4454860687, -24.4537525177, -2.00716233253, 2.91630005836], [-172.93081665, -50.020362854, 74.8489456177, -33.0150604248, 49.1780662537, 28.4819946289, 151.843414307, 17.8971328735, 15.3933725357, -18.7248382568, 0.354975819588, -6.00670480728, 15.5822916031], [371.315032959, -72.2378387451, 3.02203083038, 69.159866333, -23.0607681274, 78.527885437, 17.8971328735, 150.059249878, 13.7488794327, 27.876499176, -29.9405002594, 37.4438591003, -5.04060935974], [-234.349777222, 29.4665241241, 26.4689788818, -38.9790649414, 87.607383728, -51.0662155151, 15.3933725357, 13.7488794327, 124.075881958, 19.2550506592, 19.3531360626, 17.6557388306, 11.999127388], [293.004730225, -21.2782497406, 34.6497612, 11.6987504959, -29.6434497833, 18.4454860687, -18.7248382568, 27.876499176, 19.2550506592, 116.13469696, 8.41129302979, 36.2583045959, -1.95144784451], [-194.358795166, 99.4316329956, 12.0463285446, 22.7054233551, 6.16075849533, -24.4537525177, 0.354975819588, -29.9405002594, 19.3531360626, 8.41129302979, 102.870445251, 2.93070816994, 11.825299263], [135.739761353, -107.243850708, 71.7293243408, 30.3118648529, 25.3927078247, -2.00716233253, -6.00670480728, 37.4438591003, 17.6557388306, 36.2583045959, 2.93070816994, 115.16280365, 18.4346351624], [-36.8611030579, 38.2803649902, -27.564119339, -0.357241749763, 9.09814548492, 2.91630005836, 15.5822916031, -5.04060935974, 11.999127388, -1.95144784451, 11.825299263, 18.4346351624, 73.3125915527]], "icov": [[0.000134331407025, -5.78580002184e-05, 7.08994994056e-05, -0.000110596236482, 7.81158742029e-05, -0.000170695100678, 2.9102589906e-05, -7.61772535043e-05, 0.000115951414045, -0.000271412136499, 0.000253735517617, -0.000173739535967, 8.60996660776e-05], [-5.78580002184e-05, 0.000922189850826, 0.000228259057621, 0.000248302152613, -0.000308322545607, -0.000197163433768, 0.000423109479016, 2.41001853283e-05, -0.000141897588037, 4.28200000897e-05, -0.00105022045318, 0.000913534197025, -0.000501696660649], [7.08994994056e-05, 0.000228259057621, 0.00223227869719, -0.000201566523174, -0.000260904082097, 0.000546919181943, -0.00136251677759, 0.000280060106888, 0.000297949794913, -0.000830681121442, -0.00017907480651, -0.00130056776106, 0.00135928753298], [-0.000110596236482, 0.000248302152613, -0.000201566523174, 0.00350364041515, 0.000416388327722, -0.000728201994207, 0.00106721406337, -0.00144576770253, 0.000541319313925, 0.000911190407351, -0.00195841025561, -0.000290922122076, -0.000268213683739], [7.81158742029e-05, -0.000308322545607, -0.000260904082097, 0.000416388327722, 0.00599758839235, -0.000913554918952, -0.00126078212634, 0.00187787623145, -0.00450171157718, 0.00230235466734, 0.000966329011135, -0.00257359212264, 0.00108267518226], [-0.000170695100678, -0.000197163433768, 0.000546919181943, -0.000728201994207, -0.000913554918952, 0.00751362508163, -0.00183413131163, -0.0035579900723, 0.00385080743581, -0.00164770055562, 0.000248688826105, 0.00132319144905, -0.000868053117301], [2.9102589906e-05, 0.000423109479016, -0.00136251677759, 0.00106721406337, -0.00126078212634, -0.00183413131163, 0.00924736820161, -0.00183112244122, -0.000342605402693, 0.00157889700495, -0.00115568505134, 0.00229509477504, -0.00286793382838], [-7.61772535043e-05, 2.41001853283e-05, 0.000280060106888, -0.00144576770253, 0.00187787623145, -0.0035579900723, -0.00183112244122, 0.0120814507827, -0.00476116221398, -9.6647949249e-05, 0.00342454621568, -0.00388880935498, 0.00237787538208], [0.000115951414045, -0.000141897588037, 0.000297949794913, 0.000541319313925, -0.00450171157718, 0.00385080743581, -0.000342605402693, -0.00476116221398, 0.0147135099396, -0.00386720569804, -0.00224778056145, 0.00134645204525, -0.00208910857327], [-0.000271412136499, 4.28200000897e-05, -0.000830681121442, 0.000911190407351, 0.00230235466734, -0.00164770055562, 0.00157889700495, -9.6647949249e-05, -0.00386720569804, 0.0123539492488, -0.00152563862503, -0.00320055102929, 0.000983543810435], [0.000253735517617, -0.00105022045318, -0.00017907480651, -0.00195841025561, 0.000966329011135, 0.000248688826105, -0.00115568505134, 0.00342454621568, -0.00224778056145, -0.00152563862503, 0.0133177312091, -0.00146617100108, -0.00050183100393], [-0.000173739535967, 0.000913534197025, -0.00130056776106, -0.000290922122076, -0.00257359212264, 0.00132319144905, 0.00229509477504, -0.00388880935498, 0.00134645204525, -0.00320055102929, -0.00146617100108, 0.0142712024972, -0.00520080886781], [8.60996660776e-05, -0.000501696660649, 0.00135928753298, -0.000268213683739, 0.00108267518226, -0.000868053117301, -0.00286793382838, 0.00237787538208, -0.00208910857327, 0.000983543810435, -0.00050183100393, -0.00520080886781, 0.0168852694333]], "mean": [-660.620605469, 123.998947144, -9.26933574677, 36.2155647278, -13.8005952835, 33.5066299438, -6.86886787415, 16.9467964172, -6.20996952057, 14.0537672043, 0.894638836384, 0.80654489994, -1.55593562126]}, "pitch_salience": {"dmean": 0.0945880189538, "dmean2": 0.147894650698, "dvar": 0.00734987761825, "dvar2": 0.01697685197, "max": 0.944001019001, "mean": 0.539383590221, "median": 0.556577563286, "min": 0.0828542932868, "var": 0.01794966124}, "silence_rate_20dB": {"dmean": 0, "dmean2": 0, "dvar": 0, "dvar2": 0, "max": 1, "mean": 1, "median": 1, "min": 1, "var": 0}, "silence_rate_30dB": {"dmean": 0.0746069252491, "dmean2": 0.149229183793, "dvar": 0.0690339058638, "dvar2": 0.140514597297, "max": 1, "mean": 0.927558541298, "median": 1, "min": 0, "var": 0.0671942159534}, "silence_rate_60dB": {"dmean": 0.0174699407071, "dmean2": 0.034943472594, "dvar": 0.0171646941453, "dvar2": 0.0386553443968, "max": 1, "mean": 0.077887378633, "median": 0, "min": 0, "var": 0.0718237683177}, "spectral_centroid": {"dmean": 349.174438477, "dmean2": 484.123931885, "dvar": 138903, "dvar2": 247269.84375, "max": 11838.9316406, "mean": 1733.99377441, "median": 1513.8347168, "min": 226.012695312, "var": 1659485.125}, "spectral_complexity": {"dmean": 5.22823953629, "dmean2": 7.11921882629, "dvar": 34.9822120667, "dvar2": 52.2401733398, "max": 67, "mean": 20.2757911682, "median": 18, "min": 0, "var": 180.028274536}, "spectral_contrast_coeffs": {"dmean": [0.0538137033582, 0.04683945328, 0.038446187973, 0.0320940949023, 0.0231940392405, 0.0496761053801], "dmean2": [0.0867718160152, 0.0780191421509, 0.0640035495162, 0.0530096180737, 0.0370408631861, 0.0756302550435], "dvar": [0.00184898287989, 0.00131433166098, 0.000963573693298, 0.000695267750416, 0.000382019206882, 0.00190733338241], "dvar2": [0.00464470498264, 0.0036413744092, 0.00257486267947, 0.00180078484118, 0.000944753177464, 0.00432851258665], "max": [-0.360852181911, -0.509729921818, -0.563653707504, -0.536785781384, -0.630597770214, -0.322311729193], "mean": [-0.70587515831, -0.788231015205, -0.805603027344, -0.802058160305, -0.809456586838, -0.657326161861], "median": [-0.712054014206, -0.793658614159, -0.811447143555, -0.805972099304, -0.808483958244, -0.653892755508], "min": [-0.982059299946, -0.985502421856, -0.982457280159, -0.995240330696, -0.99193572998, -0.970658659935], "var": [0.00728626362979, 0.00386593304574, 0.00313611142337, 0.00266324030235, 0.00157830992248, 0.0076564620249]}, "spectral_contrast_valleys": {"dmean": [0.452876865864, 0.396356314421, 0.382569760084, 0.386721968651, 0.362502574921, 0.682573199272], "dmean2": [0.695706307888, 0.620508909225, 0.575532197952, 0.566570818424, 0.458350121975, 0.982581853867], "dvar": [0.15582229197, 0.121936060488, 0.136707738042, 0.172282189131, 0.156655520201, 0.323789268732], "dvar2": [0.313643336296, 0.256203979254, 0.251055657864, 0.315010070801, 0.240004241467, 0.697275459766], "max": [-4.94474029541, -4.78690004349, -4.89584445953, -5.20156383514, -5.04835176468, -8.56530761719], "mean": [-7.27309656143, -7.02154159546, -7.3341050148, -7.72328567505, -7.79541969299, -11.3226299286], "median": [-6.8503909111, -6.63543510437, -6.95785140991, -7.32730865479, -7.44960355759, -11.0646705627], "min": [-28.2537479401, -28.1486778259, -27.9080142975, -27.6977214813, -27.5073223114, -27.3835906982], "var": [6.40245962143, 6.32519435883, 6.19700860977, 6.09555959702, 6.10655260086, 4.67669630051]}, "spectral_decrease": {"dmean": 5.09602138266e-09, "dmean2": 7.42985362123e-09, "dvar": 9.86827066346e-17, "dvar2": 2.13176725833e-16, "max": 1.28183708092e-09, "mean": -7.95572763224e-09, "median": -4.62436400284e-09, "min": -1.03130972207e-07, "var": 1.25902117012e-16}, "spectral_energy": {"dmean": 0.0202821306884, "dmean2": 0.0291438158602, "dvar": 0.00149168702774, "dvar2": 0.00317186070606, "max": 0.404540687799, "mean": 0.0359598100185, "median": 0.0230230130255, "min": 9.86514097003e-21, "var": 0.00203146389686}, "spectral_energyband_high": {"dmean": 0.00103200331796, "dmean2": 0.00126741058193, "dvar": 4.16533566749e-06, "dvar2": 6.95934295436e-06, "max": 0.0795094668865, "mean": 0.0018377356464, "median": 0.000617815065198, "min": 6.90605419382e-21, "var": 1.23022127809e-05}, "spectral_energyband_low": {"dmean": 0.0162161514163, "dmean2": 0.0245404839516, "dvar": 0.00121324963402, "dvar2": 0.00277863745578, "max": 0.340978980064, "mean": 0.0196283366531, "median": 0.00806588493288, "min": 1.01174416655e-23, "var": 0.00129619333893}, "spectral_energyband_middle_high": {"dmean": 0.00259941839613, "dmean2": 0.00389324873686, "dvar": 2.50009852607e-05, "dvar2": 5.80223604629e-05, "max": 0.0651594549417, "mean": 0.00521277263761, "median": 0.00275365170091, "min": 1.18968544781e-21, "var": 4.74948246847e-05}, "spectral_energyband_middle_low": {"dmean": 0.00291207572445, "dmean2": 0.00440712692216, "dvar": 1.58178336278e-05, "dvar2": 3.5631335777e-05, "max": 0.0695810094476, "mean": 0.00686474516988, "median": 0.00475416099653, "min": 1.64101508698e-22, "var": 4.67928293801e-05}, "spectral_entropy": {"dmean": 0.164630755782, "dmean2": 0.221163824201, "dvar": 0.0281044188887, "dvar2": 0.0471975877881, "max": 9.82982540131, "mean": 7.8449549675, "median": 7.85119342804, "min": 5.83161640167, "var": 0.156105235219}, "spectral_flux": {"dmean": 0.0354048572481, "dmean2": 0.0542006678879, "dvar": 0.00235107936896, "dvar2": 0.00483073759824, "max": 0.484839439392, "mean": 0.105242267251, "median": 0.0863443315029, "min": 6.32295119041e-11, "var": 0.00556062301621}, "spectral_kurtosis": {"dmean": 2.32231259346, "dmean2": 3.26094245911, "dvar": 11.6306991577, "dvar2": 23.470500946, "max": 59.0310783386, "mean": 8.42149925232, "median": 7.35076332092, "min": -1.26768684387, "var": 31.3347911835}, "spectral_rms": {"dmean": 0.00134416681249, "dmean2": 0.00180579256266, "dvar": 3.28513488057e-06, "dvar2": 5.8372370404e-06, "max": 0.019866399467, "mean": 0.00514098303393, "median": 0.00473935343325, "min": 3.10234216788e-12, "var": 8.65296533448e-06}, "spectral_rolloff": {"dmean": 3096.13037109, "dmean2": 5500.65527344, "dvar": 29346100, "dvar2": 67783512, "max": 22028.4667969, "mean": 5702.3671875, "median": 1916.45507812, "min": 43.06640625, "var": 55509444}, "spectral_skewness": {"dmean": 0.265478461981, "dmean2": 0.35862788558, "dvar": 0.0989863499999, "dvar2": 0.17695389688, "max": 5.95583581924, "mean": 1.77113199234, "median": 1.67133545876, "min": -0.0820490941405, "var": 0.408412605524}, "spectral_spread": {"dmean": 575764.875, "dmean2": 803515.1875, "dvar": 423507558400, "dvar2": 763199553536, "max": 42479724, "mean": 5146703.5, "median": 4579677.5, "min": 1638772.75, "var": 17623408443400.0}, "spectral_strongpeak": {"dmean": 1.14356386662, "dmean2": 2.11305475235, "dvar": 31.6583461761, "dvar2": 84.0286941528, "max": 91