{"lowlevel": {"average_loudness": 0.515949726105, "barkbands": {"dmean": [0.0112307108939, 0.0107344863936, 0.0022279957775, 0.0014478219673, 0.0034553729929, 0.00129360763822, 0.000772916362621, 0.00061021244619, 0.000582091335673, 0.000367405707948, 0.000203343763133, 0.000201173359528, 8.19156048237e-05, 6.62497986923e-05, 8.2362385001e-05, 0.000224397444981, 0.000136104761623, 8.87962523848e-05, 7.24130877643e-05, 8.37531551952e-05, 7.31618783902e-05, 3.47481764038e-05, 1.89488600881e-05, 5.41682084076e-06, 2.75356046586e-06, 0.000203974035685, 0.000549533870071], "dmean2": [0.0187091846019, 0.0167603343725, 0.00358928204514, 0.00233049900271, 0.00521610630676, 0.00200256332755, 0.00122376426589, 0.000955621129833, 0.000919746002182, 0.000569073716179, 0.000318894337397, 0.000326926703565, 0.000132269822643, 0.00010458023462, 0.000128963918542, 0.000347148481524, 0.00021236979228, 0.000134773057653, 0.000107213250885, 0.000124883197714, 0.000107892272354, 5.07656441187e-05, 2.76491755358e-05, 8.62329034135e-06, 4.56755014966e-06, 0.000310357398121, 0.000764119846281], "dvar": [0.000887188769411, 0.000557117688004, 1.99238111236e-05, 9.95062328002e-06, 7.68474419601e-05, 1.45053982123e-05, 3.27030556946e-06, 3.4589193092e-06, 4.15797194364e-06, 1.29389388803e-06, 3.10100404022e-07, 3.70261005855e-07, 4.10384153327e-08, 2.71784124095e-08, 5.68519951116e-08, 3.22721717794e-07, 1.17916769682e-07, 3.80517768406e-08, 2.57093493161e-08, 4.47965966544e-08, 3.60215537398e-08, 1.04366186804e-08, 2.22446883136e-09, 2.87777579544e-10, 4.47956879923e-11, 3.98561297743e-07, 1.48111519138e-06], "dvar2": [0.00230663409457, 0.00133095134515, 4.74449116155e-05, 2.37288841163e-05, 0.000167773134308, 3.4027176298e-05, 7.81812104833e-06, 8.03800685389e-06, 9.97569986794e-06, 2.75668867289e-06, 7.35991363854e-07, 1.01103796624e-06, 1.02915706179e-07, 6.13427104668e-08, 1.41669190157e-07, 7.39560277907e-07, 3.06744340151e-07, 8.61411848518e-08, 5.40930358284e-08, 9.86494512745e-08, 6.99780713376e-08, 2.26439116346e-08, 4.4537866728e-09, 6.67477628724e-10, 1.08072779892e-10, 8.74300042142e-07, 2.79573828266e-06], "max": [0.754564642906, 0.396684855223, 0.11952342093, 0.0945120155811, 0.279511213303, 0.130334243178, 0.0565340556204, 0.0651153475046, 0.0530598796904, 0.0493302494287, 0.0192004293203, 0.0202410332859, 0.0051829777658, 0.00625925557688, 0.00830172840506, 0.0193880740553, 0.0134791871533, 0.0095400493592, 0.00485542509705, 0.0057993195951, 0.0102121653035, 0.00703152175993, 0.000846252019983, 0.00117179634981, 0.000214293482713, 0.00988848786801, 0.0638587251306], "mean": [0.0145546207204, 0.0201054979116, 0.00273962295614, 0.0019606880378, 0.0050975154154, 0.00188281468581, 0.00106027873699, 0.000837591534946, 0.000805902818684, 0.000477002875414, 0.000275035155937, 0.000307938462356, 0.000111199078674, 9.61402911344e-05, 0.000129016727442, 0.000369347282685, 0.000226088683121, 0.000151927553816, 0.000117539108032, 0.000121350014524, 0.000105186547444, 4.69960068585e-05, 2.34573999478e-05, 6.01530609856e-06, 2.72145371127e-06, 0.000200212321943, 0.000991355162114], "median": [0.00246396497823, 0.00321675743908, 0.000899924896657, 0.000557201739866, 0.00131902913563, 0.000295077828923, 0.000183796597412, 8.76157573657e-05, 9.07045905478e-05, 6.16570541752e-05, 4.12558620155e-05, 5.34398350283e-05, 3.00508763758e-05, 2.67407631327e-05, 2.5730656489e-05, 8.1734804553e-05, 5.35865256097e-05, 3.3852251363e-05, 2.56222338066e-05, 1.91712024389e-05, 1.98540910787e-05, 9.07344110601e-06, 3.8701136873e-06, 1.36764833769e-06, 7.00208033777e-07, 8.07019932836e-06, 0.000278688094113], "min": [1.09249591311e-23, 2.49422325003e-23, 2.17382013585e-23, 4.93494437574e-23, 8.49189831809e-23, 6.33438583041e-23, 4.45145878445e-23, 2.94404215115e-23, 8.33748920885e-23, 1.51647922515e-23, 6.67796946452e-23, 1.15210105982e-22, 5.43736957073e-23, 1.9400718775e-22, 7.73277178919e-23, 9.53670419737e-23, 1.48584034091e-22, 1.71203995771e-22, 3.51785010727e-22, 3.93442672539e-22, 4.56896371836e-22, 4.82253264338e-22, 6.94441348303e-22, 7.57182220264e-22, 1.39700536384e-21, 1.66418863969e-21, 2.49304118298e-21], "var": [0.000967442116234, 0.00126494886354, 2.9133832868e-05, 1.82555904757e-05, 0.000152320964844, 3.46783126588e-05, 5.87971817367e-06, 6.61150261294e-06, 7.89700607129e-06, 2.41967745751e-06, 5.19343529959e-07, 7.57179293487e-07, 5.78188590339e-08, 4.82524207257e-08, 1.3085525552e-07, 7.62235288221e-07, 2.47717110824e-07, 1.10030633493e-07, 6.00363847525e-08, 8.19401506646e-08, 7.30723428433e-08, 1.62808131421e-08, 3.39757955103e-09, 5.68247837673e-10, 5.35208266594e-11, 4.37586578528e-07, 3.65842697647e-06]}, "barkbands_crest": {"dmean": 3.18083953857, "dmean2": 5.12722969055, "dvar": 8.05138015747, "dvar2": 19.8226547241, "max": 26.9541549683, "mean": 13.1619815826, "median": 12.5664300919, "min": 2.77006554604, "var": 26.3601341248}, "barkbands_flatness_db": {"dmean": 0.0410527810454, "dmean2": 0.0614943318069, "dvar": 0.00153765198775, "dvar2": 0.00342161650769, "max": 0.681724965572, "mean": 0.201627656817, "median": 0.188244611025, "min": 0.0455571226776, "var": 0.00724556157365}, "barkbands_kurtosis": {"dmean": 27.3213481903, "dmean2": 41.6318397522, "dvar": 8731.84375, "dvar2": 16353.3994141, "max": 7288.74267578, "mean": 47.2844429016, "median": 14.340549469, "min": -1.86389768124, "var": 27502.6367188}, "barkbands_skewness": {"dmean": 1.46482789516, "dmean2": 2.18176364899, "dvar": 3.85868930817, "dvar2": 7.67452096939, "max": 83.346572876, "mean": 4.13637447357, "median": 3.30075550079, "min": -2.98687171936, "var": 16.6526203156}, "barkbands_spread": {"dmean": 10.8125305176, "dmean2": 16.3817958832, "dvar": 261.503753662, "dvar2": 546.906860352, "max": 142.043212891, "mean": 23.9664382935, "median": 14.6076564789, "min": 0.0755489468575, "var": 663.595397949}, "dissonance": {"dmean": 0.0222559478134, "dmean2": 0.0364870727062, "dvar": 0.000604777713306, "dvar2": 0.00158617948182, "max": 0.500000059605, "mean": 0.460670560598, "median": 0.469910740852, "min": 0.119110934436, "var": 0.00120968418196}, "dynamic_complexity": 4.34216547012, "erbbands": {"dmean": [0.665408372879, 1.20814597607, 2.15451478958, 3.96497750282, 5.96469640732, 13.6266803741, 15.206246376, 10.3883533478, 10.8434009552, 12.3009166718, 12.752415657, 13.7699117661, 8.68107414246, 11.602648735, 7.94576740265, 6.55006027222, 3.68201684952, 3.26636552811, 3.46991467476, 5.61498880386, 13.6337375641, 6.54669284821, 4.56449794769, 4.02922821045, 3.54265522957, 3.77083301544, 3.70629024506, 2.51031470299, 1.35150718689, 0.757847726345, 0.525706291199, 0.211254641414, 0.0500321574509, 0.03216515854, 0.0190544687212, 0.0236002877355, 0.374550879002, 0.351665198803, 0.0965847223997, 0.00804785080254], "dmean2": [1.04826080799, 1.91630911827, 3.45468974113, 6.28140211105, 9.34405040741, 21.0432281494, 23.0569190979, 16.0560646057, 17.0551338196, 19.3179225922, 19.8265590668, 21.7466812134, 13.4749298096, 17.8104133606, 12.5316753387, 10.4186296463, 5.8756737709, 5.14672517776, 5.38390874863, 8.55792999268, 20.9472751617, 9.77522659302, 6.84427309036, 5.97641372681, 5.22065401077, 5.60134983063, 5.50601291656, 3.66563296318, 1.97546613216, 1.10491323471, 0.769055962563, 0.323211282492, 0.0818288326263, 0.0534131899476, 0.0312801301479, 0.0365628190339, 0.572359681129, 0.517514944077, 0.137848183513, 0.0108997290954], "dvar": [2.46049904823, 5.86566638947, 15.5749664307, 76.3515930176, 178.112365723, 1492.60839844, 2045.99279785, 1173.18688965, 713.466064453, 1027.71386719, 1535.79333496, 2780.3203125, 729.160644531, 1224.10754395, 401.336395264, 314.270477295, 84.7022323608, 55.94140625, 81.8082199097, 234.803710938, 1226.6673584, 193.709106445, 95.2074813843, 72.213218689, 73.2214355469, 94.1950378418, 85.8890991211, 61.4261932373, 16.2286911011, 3.40583014488, 1.78894162178, 0.432176142931, 0.0171792302281, 0.00833375100046, 0.0016386237694, 0.00328370695934, 1.36721205711, 0.972714185715, 0.0636810213327, 0.000196271008463], "dvar2": [5.89766740799, 14.4857730865, 38.2672996521, 169.510345459, 410.934112549, 3414.67211914, 4406.08740234, 2648.63134766, 1686.33557129, 2493.20849609, 3578.47265625, 6610.03369141, 1712.86486816, 2401.23266602, 1010.8505249, 794.611816406, 209.552566528, 130.192977905, 182.285476685, 564.446716309, 2782.77807617, 428.785949707, 207.360031128, 156.87159729, 155.050247192, 207.935775757, 183.23664856, 112.928085327, 34.5793190002, 6.84871721268, 3.62591266632, 0.97995698452, 0.0393613390625, 0.020603729412, 0.00396414659917, 0.00727758789435, 3.01242232323, 2.00982403755, 0.123259559274, 0.000355417985702], "max": [26.4466571808, 34.4385910034, 76.9634628296, 299.278747559, 372.060546875, 1015.77392578, 1530.74816895, 1290.21484375, 957.103149414, 926.417663574, 1637.82434082, 1627.01782227, 1019.36212158, 1669.734375, 545.497924805, 574.335510254, 260.960266113, 171.484954834, 325.974060059, 587.560791016, 1207.2364502, 416.561767578, 403.628448486, 291.973266602, 289.126403809, 317.529815674, 322.900634766, 637.518188477, 278.461425781, 63.6357383728, 22.2765636444, 43.1178474426, 6.97592496872, 3.7366874218, 1.21227669716, 1.60796415806, 18.8180828094, 34.0468521118, 14.4213619232, 0.595682501793], "mean": [1.26311945915, 1.9608259201, 2.79664897919, 5.52182292938, 8.79993247986, 18.2404155731, 22.4817790985, 15.2951927185, 15.1960744858, 17.5390224457, 18.4868850708, 19.3992023468, 11.9861469269, 16.1516151428, 12.4242639542, 10.0793533325, 5.27725744247, 5.04056739807, 5.45044851303, 10.186920166, 22.9041538239, 12.3474912643, 8.13103580475, 6.97181987762, 5.687063694, 5.54212999344, 5.09720277786, 3.57941913605, 1.84108245373, 0.99849742651, 0.63650482893, 0.248498976231, 0.051751229912, 0.031753487885, 0.0192109569907, 0.0257373359054, 0.368373721838, 0.405837863684, 0.143347367644, 0.0191287565976], "median": [0.13095253706, 0.514827311039, 1.13962292671, 1.85178041458, 3.03090763092, 3.82743453979, 3.36708259583, 2.37759542465, 2.60792899132, 2.38777446747, 2.16936016083, 2.17034459114, 1.96706199646, 2.38861703873, 2.25377464294, 2.16489100456, 1.56979608536, 1.45361125469, 1.44918417931, 2.26534962654, 5.11880016327, 3.23558616638, 1.97335350513, 1.58184564114, 1.12594342232, 0.912551522255, 0.884223461151, 0.666904211044, 0.358544230461, 0.183340251446, 0.101326942444, 0.0452653169632, 0.0142464470118, 0.00793924368918, 0.00571874482557, 0.00589188933372, 0.0156792607158, 0.0365248769522, 0.024219924584, 0.00728191528469], "min": [1.02734216492e-21, 4.54183710161e-21, 1.44333145653e-20, 8.42927287983e-20, 3.09564537731e-19, 3.13276976019e-19, 1.63585538535e-19, 7.34573710472e-19, 7.01188390757e-19, 4.07143312281e-19, 1.05999390468e-18, 2.05770627911e-18, 8.09570764492e-19, 1.62406728613e-18, 4.1316947814e-18, 2.88040439992e-18, 3.19233710405e-18, 9.31330758043e-18, 5.48922513882e-18, 4.02629584134e-18, 5.5235932525e-18, 9.10482001576e-18, 9.8540893136e-18, 1.31886917636e-17, 2.11776864921e-17, 1.62863177215e-17, 1.86177610196e-17, 1.63019100761e-17, 1.72991805293e-17, 2.04315381467e-17, 1.87652936449e-17, 1.6689421032e-17, 1.3144259757e-17, 1.50923486818e-17, 9.3221195355e-18, 5.41027984834e-18, 3.41548954701e-18, 1.50951073291e-18, 3.74351546354e-19, 3.1779513346e-20], "var": [5.39418983459, 11.0912008286, 22.4783000946, 144.381454468, 310.912322998, 2382.79321289, 4931.41992188, 3252.73657227, 1464.73205566, 1946.91394043, 3031.33349609, 5316.88671875, 1218.15344238, 2496.06958008, 781.93548584, 582.585144043, 120.678413391, 107.567939758, 169.688171387, 748.22479248, 2917.5546875, 614.375183105, 290.112823486, 200.963775635, 160.720932007, 176.267822266, 147.17880249, 114.123573303, 25.5092124939, 5.94732618332, 2.61301708221, 0.84499502182, 0.025092670694, 0.010146942921, 0.00177810853347, 0.00432938849553, 1.48636054993, 1.36373949051, 0.12566998601, 0.00090541143436]}, "erbbands_crest": {"dmean": 3.29073905945, "dmean2": 5.23867988586, "dvar": 9.18177032471, "dvar2": 21.4478607178, "max": 31.5980968475, "mean": 10.1943664551, "median": 9.15654850006, "min": 1.91693127155, "var": 23.4645404816}, "erbbands_flatness_db": {"dmean": 0.0295644346625, "dmean2": 0.044766318053, "dvar": 0.000756191555411, "dvar2": 0.00165809621103, "max": 0.376629292965, "mean": 0.138831138611, "median": 0.133448392153, "min": 0.0273105856031, "var": 0.00242603942752}, "erbbands_kurtosis": {"dmean": 2.40462446213, "dmean2": 3.81207871437, "dvar": 22.3911437988, "dvar2": 53.8163566589, "max": 124.316719055, "mean": 2.15194582939, "median": 0.271965026855, "min": -1.91443645954, "var": 36.0938987732}, "erbbands_skewness": {"dmean": 0.605743408203, "dmean2": 0.894175648689, "dvar": 0.408901393414, "dvar2": 0.859251379967, "max": 8.63085269928, "mean": 0.61132901907, "median": 0.537593305111, "min": -5.79844141006, "var": 1.50323522091}, "erbbands_spread": {"dmean": 11.6186008453, "dmean2": 17.8567447662, "dvar": 156.516311646, "dvar2": 359.318084717, "max": 215.214324951, "mean": 38.9983634949, "median": 36.7903366089, "min": 1.28105092049, "var": 420.066131592}, "gfcc": {"cov": [[12014.9609375, -318.549713135, -791.928466797, -269.612487793, -21.015996933, -814.683349609, 295.686798096, 1.11077511311, 197.774505615, 65.4653015137, -176.239624023, 489.572906494, -44.109085083], [-318.549713135, 1363.9017334, 229.465698242, -275.62802124, -57.5959396362, 202.207260132, -176.022689819, 114.63079071, -10.8750476837, -79.7369689941, 62.7795906067, -146.851196289, 162.345565796], [-791.928466797, 229.465698242, 657.773803711, 324.850708008, -55.1359786987, 303.153259277, -83.0801620483, 140.834457397, -67.3643035889, 68.2937088013, 3.63305449486, -55.1414833069, 2.46083807945], [-269.612487793, -275.62802124, 324.850708008, 539.744873047, 179.455917358, 89.9700317383, 103.373054504, 60.4300003052, 10.5138731003, 76.4517440796, -2.90987467766, 42.792552948, -37.0100517273], [-21.015996933, -57.5959396362, -55.1359786987, 179.455917358, 352.774536133, 42.4768218994, 117.994796753, -31.9103851318, 41.1918983459, -5.49419736862, 24.6584339142, 40.0678062439, 12.1634750366], [-814.683349609, 202.207260132, 303.153259277, 89.9700317383, 42.4768218994, 549.327270508, -34.3691444397, 147.71987915, -106.009063721, 36.8471946716, 68.153175354, -66.0428390503, 58.7711410522], [295.686798096, -176.022689819, -83.0801620483, 103.373054504, 117.994796753, -34.3691444397, 321.923522949, -11.3814182281, 62.354259491, 26.6796169281, -8.22515296936, 85.810546875, -50.8695755005], [1.11077511311, 114.63079071, 140.834457397, 60.4300003052, -31.9103851318, 147.71987915, -11.3814182281, 252.392456055, 82.5345611572, 85.6937255859, 49.4045143127, -22.6564540863, 42.6016349792], [197.774505615, -10.8750476837, -67.3643035889, 10.5138731003, 41.1918983459, -106.009063721, 62.354259491, 82.5345611572, 223.927520752, 102.008857727, 27.3177242279, 36.9996643066, -14.4351320267], [65.4653015137, -79.7369689941, 68.2937088013, 76.4517440796, -5.49419736862, 36.8471946716, 26.6796169281, 85.6937255859, 102.008857727, 157.589584351, 71.0667877197, 27.3411407471, -13.5156602859], [-176.239624023, 62.7795906067, 3.63305449486, -2.90987467766, 24.6584339142, 68.153175354, -8.22515296936, 49.4045143127, 27.3177242279, 71.0667877197, 128.145645142, 26.6835346222, 49.3175392151], [489.572906494, -146.851196289, -55.1414833069, 42.792552948, 40.0678062439, -66.0428390503, 85.810546875, -22.6564540863, 36.9996643066, 27.3411407471, 26.6835346222, 151.63432312, 18.3233509064], [-44.109085083, 162.345565796, 2.46083807945, -37.0100517273, 12.1634750366, 58.7711410522, -50.8695755005, 42.6016349792, -14.4351320267, -13.5156602859, 49.3175392151, 18.3233509064, 150.369430542]], "icov": [[0.000134903108119, -0.000134768502903, 0.000245681439992, -1.78720893018e-06, -7.95642190496e-05, 0.00017931695038, 4.82711584482e-05, -0.000330346781993, 0.000431002757978, -0.000535999715794, 0.000582155596931, -0.000576757418457, 9.94323927443e-05], [-0.000134768502903, 0.00198079436086, -0.00236165965907, 0.00209123687819, -0.000786068616435, 0.000162951357197, -0.000426376296673, 0.000174917120603, -0.00159768562298, 0.00246007251553, -0.00197869259864, 0.00190625025425, -0.00133420771454], [0.000245681439992, -0.00236165965907, 0.0073133460246, -0.00565029215068, 0.00297872512601, -0.00208970042877, 0.0016507160617, -0.000566198781598, 0.0019206807483, -0.00336999003775, 0.00337756657973, -0.00217225705273, 0.0014445038978], [-1.78720893018e-06, 0.00209123687819, -0.00565029215068, 0.00796952005476, -0.00470004137605, 0.00211217394099, -0.00132826389745, -0.00153826759197, 0.00107665720861, -0.000762213312555, -2.48326159635e-05, 0.000370455294615, -0.000665361294523], [-7.95642190496e-05, -0.000786068616435, 0.00297872512601, -0.00470004137605, 0.00682812137529, -0.00251914234832, -0.000561311258934, 0.00267125247046, -0.00335374916904, 0.0029894427862, -0.00182319979649, 0.000368390377844, -0.000394826434786], [0.00017931695038, 0.000162951357197, -0.00208970042877, 0.00211217394099, -0.00251914234832, 0.00492250360548, -0.000798241817392, -0.00308429356664, 0.00423182873055, -0.00226821331307, -0.000299070379697, 0.000506386510096, -0.000446895399364], [4.82711584482e-05, -0.000426376296673, 0.0016507160617, -0.00132826389745, -0.000561311258934, -0.000798241817392, 0.00509026041254, -0.000431383989053, -0.000364568579243, -0.000406868377468, 0.00132406770717, -0.00307347695343, 0.00219087954611], [-0.000330346781993, 0.000174917120603, -0.000566198781598, -0.00153826759197, 0.00267125247046, -0.00308429356664, -0.000431383989053, 0.00942460075021, -0.00598297407851, 0.000977549585514, -0.00195170741063, 0.00302016781643, -0.00269614183344], [0.000431002757978, -0.00159768562298, 0.0019206807483, 0.00107665720861, -0.00335374916904, 0.00423182873055, -0.000364568579243, -0.00598297407851, 0.0145649490878, -0.0113283703104, 0.0053577227518, -0.00311084045097, 0.00127578934189], [-0.000535999715794, 0.00246007251553, -0.00336999003775, -0.000762213312555, 0.0029894427862, -0.00226821331307, -0.000406868377468, 0.000977549585514, -0.0113283703104, 0.0229568127543, -0.0133545165882, 0.0023921772372, 0.00234881066717], [0.000582155596931, -0.00197869259864, 0.00337756657973, -2.48326159635e-05, -0.00182319979649, -0.000299070379697, 0.00132406770717, -0.00195170741063, 0.0053577227518, -0.0133545165882, 0.0192721206695, -0.00519479252398, -0.00286288117059], [-0.000576757418457, 0.00190625025425, -0.00217225705273, 0.000370455294615, 0.000368390377844, 0.000506386510096, -0.00307347695343, 0.00302016781643, -0.00311084045097, 0.0023921772372, -0.00519479252398, 0.0134772844613, -0.00424578273669], [9.94323927443e-05, -0.00133420771454, 0.0014445038978, -0.000665361294523, -0.000394826434786, -0.000446895399364, 0.00219087954611, -0.00269614183344, 0.00127578934189, 0.00234881066717, -0.00286288117059, -0.00424578273669, 0.0114340670407]], "mean": [-53.6441726685, 85.4236297607, -64.7221069336, 9.55756282806, -6.86691761017, -25.9651088715, 1.02955019474, -16.3694114685, -0.790148496628, -9.5510263443, -11.3956270218, 4.95102643967, -6.77509784698]}, "hfc": {"dmean": 43.8731880188, "dmean2": 58.8397293091, "dvar": 12393.6035156, "dvar2": 21076.46875, "max": 5686.54248047, "mean": 107.249168396, "median": 44.1430664062, "min": 1.19883180298e-16, "var": 46264.2148438}, "melbands": {"dmean": [0.00470182253048, 0.00114225165453, 0.000693981186487, 0.000672148657031, 0.000582077424042, 0.000231257392443, 0.000161366857355, 0.00013677511015, 0.000109374246676, 8.09744378785e-05, 4.44501638412e-05, 5.00007627124e-05, 2.80199819827e-05, 2.54133301496e-05, 1.12610587166e-05, 7.22155891708e-06, 6.2108115344e-06, 5.70648626308e-06, 6.54623681839e-06, 1.03407055576e-05, 1.83135034604e-05, 7.8664143075e-06, 4.97674773214e-06, 4.06893468607e-06, 3.35347931468e-06, 2.90305251838e-06, 2.41441216531e-06, 2.67725613412e-06, 2.57601209341e-06, 1.97233816834e-06, 1.3404286392e-06, 8.31049419503e-07, 5.61758952244e-07, 3.79843328346e-07, 3.2496473068e-07, 2.33692134088e-07, 9.14603504043e-08, 3.34261436308e-08, 3.09723908742e-08, 2.53522252081e-08], "dmean2": [0.00741564622149, 0.00181370344944, 0.00108892261051, 0.00102942006197, 0.000883397879079, 0.000358194607543, 0.000253312464338, 0.000213648934732, 0.000170216648257, 0.000128120635054, 6.92295652698e-05, 7.70456608734e-05, 4.41435986431e-05, 4.14377755078e-05, 1.80669612746e-05, 1.15145076052e-05, 9.86830855254e-06, 8.93482229003e-06, 1.0269489394e-05, 1.6090391e-05, 2.84866546281e-05, 1.20992999655e-05, 7.60200555305e-06, 6.20601167611e-06, 5.07972390551e-06, 4.3979248403e-06, 3.62434821e-06, 4.04955426347e-06, 3.88606122215e-06, 2.97309634334e-06, 1.98071643354e-06, 1.24123653222e-06, 8.28824397558e-07, 5.60964338092e-07, 4.80571713979e-07, 3.48366796743e-07, 1.48140756551e-07, 5.56661277074e-08, 5.17990947912e-08, 4.20273451596e-08], "dvar": [0.000122907178593, 3.75297122446e-06, 1.98727275347e-06, 3.03629826703e-06, 2.87294051304e-06, 5.2213363233e-07, 1.48158235902e-07, 1.32226986693e-07, 1.09225339884e-07, 9.52688736788e-08, 1.96466967139e-08, 2.3549521444e-08, 5.53228840516e-09, 6.6344769678e-09, 9.41406064214e-10, 2.95114988003e-10, 2.1454055199e-10, 2.38916192385e-10, 4.23286961038e-10, 7.6158729323e-10, 2.32924879384e-09, 3.17827819618e-10, 1.39839390068e-10, 7.61876881028e-11, 5.3469614153e-11, 4.71159326831e-11, 4.01067547229e-11, 5.08683789535e-11, 4.22906050457e-11, 2.7159576671e-11, 2.28257031332e-11, 7.84673194476e-12, 1.9599395891e-12, 8.88442314509e-13, 7.09009836519e-13, 3.72563064384e-13, 1.66453561546e-13, 7.81039000971e-15, 1.16264428437e-14, 4.14659685372e-15], "dvar2": [0.000294023921015, 9.10997732717e-06, 4.52028098152e-06, 6.89701118972e-06, 6.12494886809e-06, 1.19322476166e-06, 3.5014161881e-07, 3.17304625241e-07, 2.57720188301e-07, 2.25588991043e-07, 4.61260434292e-08, 4.6353189731e-08, 1.3550617517e-08, 1.84135355852e-08, 2.344995087e-09, 7.36303962245e-10, 5.04284614067e-10, 5.27174581766e-10, 1.07263520288e-09, 1.79552850366e-09, 5.36992850186e-09, 7.39474370626e-10, 3.14822390379e-10, 1.80025688801e-10, 1.19365670126e-10, 1.0253238536e-10, 9.10214820182e-11, 1.15120843414e-10, 9.33063626363e-11, 5.71689640072e-11, 4.29157438753e-11, 1.78138025164e-11, 4.13044381684e-12, 1.86275235688e-12, 1.48216063988e-12, 7.86237719895e-13, 3.99768488712e-13, 1.79258361898e-14, 3.12600422978e-14, 9.99910789882e-15], "max": [0.180799946189, 0.0300301853567, 0.0455576106906, 0.049098841846, 0.0645570084453, 0.0268017333001, 0.0125759160146, 0.0111227482557, 0.0111082307994, 0.0102156922221, 0.00522743351758, 0.00761978095397, 0.00271056918427, 0.00287172617391, 0.000829202297609, 0.000445674959337, 0.000333272764692, 0.000656488060486, 0.000758312351536, 0.000921520113479, 0.00147974339779, 0.000615411670879, 0.000690944492817, 0.000248485215707, 0.0002416405041, 0.000228080447414, 0.000162185853696, 0.000215962427319, 0.000208149649552, 0.000208648838452, 0.000430489220889, 0.000208338693483, 3.89634478779e-05, 2.55053037108e-05, 1.49952265929e-05, 1.26204913613e-05, 3.36049743055e-05, 4.93133666168e-06, 5.06434935232e-06, 2.27264672503e-06], "mean": [0.00885672215372, 0.00172317482065, 0.00103901501279, 0.000943208520766, 0.000858275452629, 0.000340100232279, 0.000227930548135, 0.000192091873032, 0.000156447829795, 0.000111851913971, 5.86210371694e-05, 6.78316355334e-05, 4.07579063904e-05, 3.90835448343e-05, 1.46796355693e-05, 1.0366294191e-05, 9.09353639145e-06, 8.16665396997e-06, 1.05523631646e-05, 1.73405733221e-05, 2.93979810522e-05, 1.36388907777e-05, 8.10739220469e-06, 6.71709904054e-06, 5.50216600459e-06, 4.43276849182e-06, 3.67972620552e-06, 3.70535190086e-06, 3.3490896385e-06, 2.72385818789e-06, 1.83143288268e-06, 1.09669963422e-06, 7.24491371784e-07, 4.80728942875e-07, 3.83873185683e-07, 2.71969952337e-07, 1.01066696345e-07, 3.17466302135e-08, 2.95361868297e-08, 2.48703262429e-08], "median": [0.00130125996657, 0.000792464357801, 0.000394375558244, 0.000283833185676, 0.000137088747579, 5.29759709025e-05, 3.88756016036e-05, 2.42495116254e-05, 1.68886999745e-05, 1.25124715851e-05, 8.67254584591e-06, 8.93435935723e-06, 6.72628448228e-06, 6.15239696344e-06, 3.88537364415e-06, 2.88662158709e-06, 2.47982393375e-06, 2.16091393668e-06, 1.93486357603e-06, 3.79832476938e-06, 6.0881684476e-06, 3.28945634465e-06, 1.85122394214e-06, 1.45734975376e-06, 1.21494122141e-06, 8.85881547674e-07, 6.25977293112e-07, 5.69648364035e-07, 5.19196760251e-07, 4.97419648582e-07, 3.3649664033e-07, 2.09150584851e-07, 1.27494757862e-07, 8.62449240913e-08, 5.95446891793e-08, 4.20078407615e-08, 1.871401345e-08, 7.81288811424e-09, 6.70446409501e-09, 6.20314377642e-09], "min": [7.85737647125e-24, 7.49314124751e-24, 2.45281531002e-23, 2.24723121615e-23, 7.47793674242e-24, 1.50575765882e-23, 1.01513682064e-23, 3.63875937042e-24, 1.02827080251e-23, 1.24892348074e-23, 3.64769913663e-24, 5.80605452218e-24, 1.26610976219e-23, 1.12825213804e-23, 6.55683237834e-24, 7.27820189439e-24, 1.91210716862e-23, 8.9757603538e-24, 6.97001287138e-24, 5.62096921558e-24, 6.25551354496e-24, 8.78944955179e-24, 1.07592123552e-23, 6.78004175476e-24, 1.11728255384e-23, 1.24517331488e-23, 1.88449167268e-23, 8.95931970367e-24, 1.14729650247e-23, 9.16211612088e-24, 1.04625864553e-23, 8.26805272534e-24, 1.20480525132e-23, 1.14047467002e-23, 9.46304920129e-24, 1.1649303836e-23, 1.01863549764e-23, 7.67336125447e-24, 1.18416297025e-23, 1.3581155562e-23], "var": [0.000243108355789, 6.10609640717e-06, 4.03708918384e-06, 4.86715043735e-06, 6.80908897266e-06, 1.43194552038e-06, 3.09238600948e-07, 2.49321118417e-07, 2.16346364823e-07, 1.77524853484e-07, 3.15218464664e-08, 4.78430770556e-08, 9.38823330188e-09, 1.33306192751e-08, 1.12938214336e-09, 4.72467232004e-10, 3.83159615147e-10, 4.41039538224e-10, 1.0527256844e-09, 1.89846449672e-09, 5.19396525789e-09, 8.38250302504e-10, 3.51661005871e-10, 1.96220026338e-10, 1.33294111859e-10, 9.77739278429e-11, 8.02922173193e-11, 8.40870775787e-11, 6.57150375782e-11, 4.78030670603e-11, 3.79726944333e-11, 1.05875776896e-11, 3.22225167555e-12, 1.41929339375e-12, 9.85876527984e-13, 5.15536181453e-13, 3.56563438714e-13, 8.79021485321e-15, 1.21053578132e-14, 4.94143944242e-15]}, "melbands_crest": {"dmean": 4.63930368423, "dmean2": 7.37795257568, "dvar": 20.9498252869, "dvar2": 47.8732147217, "max": 39.9958686829, "mean": 21.596326828, "median": 20.5689468384, "min": 2.33270931244, "var": 79.1662445068}, "melbands_flatness_db": {"dmean": 0.0477174222469, "dmean2": 0.0703130438924, "dvar": 0.00199105101638, "dvar2": 0.00427490705624, "max": 0.847266733646, "mean": 0.313175112009, "median": 0.306387543678, "min": 0.00597359379753, "var": 0.00994964689016}, "melbands_kurtosis": {"dmean": 43.7005805969, "dmean2": 68.2748794556, "dvar": 36137.4726562, "dvar2": 77380.1953125, "max": 15578.2490234, "mean": 71.2355880737, "median": 21.6843147278, "min": -1.90464890003, "var": 67652.6953125}, "melbands_skewness": {"dmean": 1.73297321796, "dmean2": 2.60473227501, "dvar": 6.06508588791, "dvar2": 12.4888963699, "max": 121.8722229, "mean": 4.88001489639, "median": 3.76697087288, "min": -3.32840394974, "var": 21.466545105}, "melbands_spread": {"dmean": 6.12967777252, "dmean2": 9.38254261017, "dvar": 153.310913086, "dvar2": 325.247650146, "max": 173.859161377, "mean": 12.8505907059, "median": 6.99470043182, "min": 0.054281976074, "var": 340.609436035}, "mfcc": {"cov": [[10536.4140625, 379.334014893, -1312.06640625, 565.558227539, -779.906005859, -168.834777832, -528.873291016, 182.626846313, -56.5926132202, -7.53045320511, -214.773513794, 62.2991638184, 99.4530563354], [379.334014893, 1299.79833984, 143.584609985, -349.713653564, 100.127288818, -155.143325806, -12.6264257431, -54.0140533447, 70.3080978394, -115.413116455, 8.1107635498, -10.8374032974, -15.3460588455], [-1312.06640625, 143.584609985, 888.313903809, -103.61819458, 231.011886597, 31.8438186646, 169.882583618, -18.3080940247, 49.4400253296, 53.491443634, 82.7483062744, -4.45863676071, -40.4901161194], [565.558227539, -349.713653564, -103.61819458, 636.703491211, -50.2280883789, 103.112739563, -53.0042266846, 80.9337997437, 6.06912517548, 70.4473648071, -8.93303394318, 22.5840415955, 25.2275238037], [-779.906005859, 100.127288818, 231.011886597, -50.2280883789, 392.181793213, 64.4643249512, 127.735328674, -10.5409450531, 51.3126602173, -0.098663687706, 44.2729606628, 18.9591197968, 6.0222196579], [-168.834777832, -155.143325806, 31.8438186646, 103.112739563, 64.4643249512, 279.100006104, 139.080627441, 77.5236663818, -11.3295116425, 31.2818088531, -14.6674280167, -2.60738754272, 4.90380477905], [-528.873291016, -12.6264257431, 169.882583618, -53.0042266846, 127.735328674, 139.080627441, 286.978759766, 67.4916915894, 29.4806022644, 3.54122257233, 9.32894706726, -17.948928833, 3.58122611046], [182.626846313, -54.0140533447, -18.3080940247, 80.9337997437, -10.5409450531, 77.5236663818, 67.4916915894, 147.681976318, 48.8556289673, 34.2425231934, -4.95527982712, 15.4031877518, 15.0132761002], [-56.5926132202, 70.3080978394, 49.4400253296, 6.06912517548, 51.3126602173, -11.3295116425, 29.4806022644, 48.8556289673, 127.452537537, 51.7361564636, 38.1425743103, 22.2558708191, 16.1880455017], [-7.53045320511, -115.413116455, 53.491443634, 70.4473648071, -0.098663687706, 31.2818088531, 3.54122257233, 34.2425231934, 51.7361564636, 160.935333252, 93.2754058838, 35.5693054199, 12.4486379623], [-214.773513794, 8.1107635498, 82.7483062744, -8.93303394318, 44.2729606628, -14.6674280167, 9.32894706726, -4.95527982712, 38.1425743103, 93.2754058838, 142.562240601, 67.2915344238, 24.6130771637], [62.2991638184, -10.8374032974, -4.45863676071, 22.5840415955, 18.9591197968, -2.60738754272, -17.948928833, 15.4031877518, 22.2558708191, 35.5693054199, 67.2915344238, 109.602783203, 58.0905914307], [99.4530563354, -15.3460588455, -40.4901161194, 25.2275238037, 6.0222196579, 4.90380477905, 3.58122611046, 15.0132761002, 16.1880455017, 12.4486379623, 24.6130771637, 58.0905914307, 87.0568847656]], "icov": [[0.00015150377294, -0.000134308749693, 0.000149118786794, -0.00011847326823, 0.00015301759413, 6.3544648583e-05, 7.28518280084e-05, -0.000160632553161, 0.000119698699564, -0.000239812303334, 0.00030249755946, -0.00016845940263, -4.36063637608e-05], [-0.000134308749693, 0.00120761978906, -0.000263981783064, 0.000549361866433, -0.000241040645051, 9.87138992059e-05, 0.000259504158748, 1.18976313388e-05, -0.000997041817755, 0.0014126105234, -0.000877281243447, 0.000422096782131, 3.24995380652e-05], [0.000149118786794, -0.000263981783064, 0.00173504988197, -0.000121720797324, -0.000457187212305, 0.000312436517561, -0.00083489791723, 0.000272853387287, 0.000128754909383, -0.000827179756016, -2.88423179882e-05, -0.000356182514224, 0.000966840190813], [-0.00011847326823, 0.000549361866433, -0.000121720797324, 0.00230384874158, -0.000224624207476, -0.000795790285338, 0.00103394663893, -0.000846158305649, -0.000217895751121, -0.00026936994982, 7.99478730187e-05, 0.000273576559266, -0.000454407068901], [0.00015301759413, -0.000241040645051, -0.000457187212305, -0.000224624207476, 0.00402456149459, -0.000947581895161, -0.00104311073665, 0.00144412601367, -0.00175215455238, 0.00106287212111, -0.000563457084354, -0.000887284404598, 0.000129185747937], [6.3544648583e-05, 9.87138992059e-05, 0.000312436517561, -0.000795790285338, -0.000947581895161, 0.0066808918491, -0.00297244545072, -0.00195963215083, 0.00277630449273, -0.00253148912452, 0.00234754150733, -0.00114084850065, 0.00041346315993], [7.28518280084e-05, 0.000259504158748, -0.00083489791723, 0.00103394663893, -0.00104311073665, -0.00297244545072, 0.00729094771668, -0.00298884231597, -0.00068924628431, 0.00204709661193, -0.00236363406293, 0.00350293377414, -0.0021040183492], [-0.000160632553161, 1.18976313388e-05, 0.000272853387287, -0.000846158305649, 0.00144412601367, -0.00195963215083, -0.00298884231597, 0.0122492955998, -0.00478409929201, -0.00152724352665, 0.00313635612838, -0.00317464047112, 0.000918313278817], [0.000119698699564, -0.000997041817755, 0.000128754909383, -0.000217895751121, -0.00175215455238, 0.00277630449273, -0.00068924628431, -0.00478409929201, 0.0132392244413, -0.00466587021947, 0.000615687342361, -4.61758463643e-05, -0.00130913301837], [-0.000239812303334, 0.0014126105234, -0.000827179756016, -0.00026936994982, 0.00106287212111, -0.00253148912452, 0.00204709661193, -0.00152724352665, -0.00466587021947, 0.0157506503165, -0.0114503912628, 0.00346793443896, 3.14833459925e-06], [0.00030249755946, -0.000877281243447, -2.88423179882e-05, 7.99478730187e-05, -0.000563457084354, 0.00234754150733, -0.00236363406293, 0.00313635612838, 0.000615687342361, -0.0114503912628, 0.0203539375216, -0.0108990157023, 0.00196721358225], [-0.00016845940263, 0.000422096782131, -0.000356182514224, 0.000273576559266, -0.000887284404598, -0.00114084850065, 0.00350293377414, -0.00317464047112, -4.61758463643e-05, 0.00346793443896, -0.0108990157023, 0.0220398213714, -0.0115615073591], [-4.36063637608e-05, 3.24995380652e-05, 0.000966840190813, -0.000454407068901, 0.000129185747937, 0.00041346315993, -0.0021040183492, 0.000918313278817, -0.00130913301837, 3.14833459925e-06, 0.00196721358225, -0.0115615073591, 0.0194210689515]], "mean": [-728.207458496, 152.080596924, 1.0663933754, 49.5555686951, 4.58772945404, 15.2739553452, -1.92569160461, 10.7845335007, 5.41065740585, -0.64892667532, -3.79821801186, 3.93354439735, 3.29954075813]}, "pitch_salience": {"dmean": 0.0981018543243, "dmean2": 0.153573483229, "dvar": 0.00817421730608, "dvar2": 0.0193205121905, "max": 0.855100274086, "mean": 0.456203073263, "median": 0.478494256735, "min": 0.00123198470101, "var": 0.0310344938189}, "silence_rate_20dB": {"dmean": 0.00549644138664, "dmean2": 0.0109936576337, "dvar": 0.00546644302085, "dvar2": 0.0136921973899, "max": 1, "mean": 0.995279014111, "median": 1, "min": 0, "var": 0.00469888560474}, "silence_rate_30dB": {"dmean": 0.0800507366657, "dmean2": 0.16011275351, "dvar": 0.0736413151026, "dvar2": 0.156604096293, "max": 1, "mean": 0.829340457916, "median": 1, "min": 0, "var": 0.141548916698}, "silence_rate_60dB": {"dmean": 0.0429849922657, "dmean2": 0.0859760418534, "dvar": 0.0411414243281, "dvar2": 0.0867674648762, "max": 1, "mean": 0.097308345139, "median": 0, "min": 0, "var": 0.0878465026617}, "spectral_centroid": {"dmean": 298.416931152, "dmean2": 433.071594238, "dvar": 175440.78125, "dvar2": 303213.25, "max": 10851.8496094, "mean": 1004.15228271, "median": 750.478149414, "min": 61.9512481689, "var": 620756.9375}, "spectral_complexity": {"dmean": 3.60594749451, "dmean2": 5.05327701569, "dvar": 21.389087677, "dvar2": 36.2210350037, "max": 61, "mean": 11.4284105301, "median": 9, "min": 0, "var": 102.110153198}, "spectral_contrast_coeffs": {"dmean": [0.0615631230175, 0.0505092442036, 0.0421064868569, 0.0346651934087, 0.0269773155451, 0.0516646392643], "dmean2": [0.0962836071849, 0.0814357101917, 0.0666308030486, 0.0548582188785, 0.0419344417751, 0.0784219801426], "dvar": [0.00264148856513, 0.00168993440457, 0.00117261463311, 0.00082594982814, 0.000608936825301, 0.00232019741088], "dvar2": [0.0060099568218, 0.00425286963582, 0.00281192152761, 0.00198703981005, 0.00135238387156, 0.00497097428888], "max": [-0.261440634727, -0.446978539228, -0.516034662724, -0.576932549477, -0.589542031288, -0.400949418545], "mean": [-0.674687087536, -0.783001899719, -0.815689384937, -0.829428911209, -0.82902431488, -0.742693781853], "median": [-0.683518648148, -0.790313303471, -0.82163310051, -0.829075753689, -0.82772397995, -0.755794286728], "min": [-0.96010184288, -0.966995835304, -0.968274712563, -0.988994240761, -0.972622275352, -0.955957829952], "var": [0.0115829715505, 0.00601610867307, 0.00510883890092, 0.00332585745491, 0.00288390880451, 0.00859739538282]}, "spectral_contrast_valleys": {"dmean": [0.503399908543, 0.52905446291, 0.513184547424, 0.476732134819, 0.478258281946, 0.729127824306], "dmean2": [0.754485607147, 0.788668870926, 0.755172967911, 0.687551677227, 0.645116269588, 1.15349602699], "dvar": [0.240464746952, 0.249233484268, 0.244369760156, 0.227636322379, 0.249074935913, 0.399812847376], "dvar2": [0.428674638271, 0.496833741665, 0.480990767479, 0.455379098654, 0.457985579967, 0.954536139965], "max": [-4.79560136795, -4.07049417496, -5.11059808731, -5.89199733734, -5.70274925232, -8.68852710724], "mean": [-7.14134025574, -7.09459161758, -7.80712747574, -8.26853847504, -8.08245658875, -11.4215192795], "median": [-6.93196487427, -6.96323633194, -7.64058589935, -8.13185977936, -7.92896080017, -11.3182983398], "min": [-27.1647071838, -27.3005809784, -27.3643264771, -27.2935829163, -27.3183670044, -27.2946243286], "var": [1.47454595566, 1.4396572113, 1.30561435223, 1.17148017883, 1.4202593565, 1.19483685493]}, "spectral_decrease": {"dmean": 6.42096020798e-09, "dmean2": 9.96461935188e-09, "dvar": 1.68441818924e-16, "dvar2": 4.03174580352e-16, "max": 2.38602986258e-08, "mean": -1.23404806374e-08, "median": -5.58173418597e-09, "min": -2.69315393098e-07, "var": 3.09974804012e-16}, "spectral_energy": {"dmean": 0.0256747454405, "dmean2": 0.0390377379954, "dvar": 0.00250091636553, "dvar2": 0.00586833944544, "max": 1.03795921803, "mean": 0.0563037917018, "median": 0.0297022908926, "min": 1.08201306807e-20, "var": 0.00507856998593}, "spectral_energyband_high": {"dmean": 0.000875070923939, "dmean2": 0.00123332592193, "dvar": 4.3671043386e-06, "dvar2": 8.52984067023e-06, "max": 0.0905156880617, "mean": 0.00136766466312, "median": 0.000312028714688, "min": 7.87971524504e-21, "var": 8.31710076454e-06}, "spectral_energyband_low": {"dmean": 0.018026323989, "dmean2": 0.0283266138285, "dvar": 0.00159274868201, "dvar2": 0.00378866237588, "max": 0.711426317692, "mean": 0.0344043150544, "median": 0.00992814544588, "min": 5.39961468781e-23, "var": 0.0029226411134}, "spectral_energyband_middle_high": {"dmean": 0.00104265403934, "dmean2": 0.00148849585094, "dvar": 3.75202625946e-06, "dvar2": 7.21382048141e-06, "max": 0.0569779202342, "mean": 0.00227571441792, "median": 0.000912753283046, "min": 1.52043995692e-21, "var": 1.38616596814e-05}, "spectral_energyband_middle_low": {"dmean": 0.00611560884863, "dmean2": 0.008983370848, "dvar": 0.000126070182887, "dvar2": 0.000265521812253, "max": 0.29343983531, "mean": 0.0117359636351, "median": 0.00524456147105, "min": 3.60410504218e-22, "var": 0.000347931461874}, "spectral_entropy": {"dmean": 0.292375504971, "dmean2": 0.433851987123, "dvar": 0.0947371274233, "dvar2": 0.209691613913, "max": 9.78750991821, "mean": 7.32464790344, "median": 7.41914892197, "min": 4.49405288696, "var": 0.290363222361}, "spectral_flux": {"dmean": 0.0426775850356, "dmean2": 0.0686718448997, "dvar": 0.00336858676746, "dvar2": 0.00817732606083, "max": 0.770782589912, "mean": 0.108623109758, "median": 0.0892182588577, "min": 1.04019855229e-10, "var": 0.00667648157105}, "spectral_kurtosis": {"dmean": 4.43587303162, "dmean2": 6.93245744705, "dvar": 31.7964076996, "dvar2": 77.6418991089, "max": 99.4001464844, "mean": 16.0987262726, "median": 14.4341259003, "min": -1.13334417343, "var": 62.8068504333}, "spectral_rms": {"dmean": 0.00153330131434, "dmean2": 0.00218760874122, "dvar": 4.21630375058e-06, "dvar2": 8.66590107762e-06, "max": 0.0318220518529, "mean": 0.00622214237228, "median": 0.00538310734555, "min": 3.24903450498e-12, "var": 1.62155847647e-05}, "spectral_rolloff": {"dmean": 3055.11889648, "dmean2": 5744.16748047, "dvar": 41029036, "dvar2": 91868824, "max": 22028.4667969, "mean": 6624.62255859, "median": 602.9296875, "min": 21.533203125, "var": 83566648}, "spectral_skewness": {"dmean": 0.385764271021, "dmean2": 0.588685929775, "dvar": 0.191916048527, "dvar2": 0.450902581215, "max": 8.14950180054, "mean": 2.83638000488, "median": 2.70978689194, "min": -0.0133444461972, "var": 0.486558824778}, "spectral_spread": {"dmean": 635446.8125, "dmean2": 964247.6875, "dvar": 453575475200, "dvar2": 960080445440, "max": 38401748, "mean": 4672102.5, "median": 4602000.5, "mi