{"lowlevel": {"average_loudness": 0.86887305975, "barkbands": {"dmean": [2.68907806458e-05, 0.00187212880701, 0.00225677830167, 0.00190785957966, 0.00167401426006, 0.00063579599373, 0.000720837910194, 0.000417367118644, 0.000482330447994, 0.000351891270839, 0.000269916141406, 0.000385531457141, 0.000406016595662, 0.000382820231607, 0.000491158803925, 0.000426056823926, 0.000391951267375, 0.000243066504481, 0.000242005873588, 0.000237708954955, 0.000196100620087, 0.000180246395757, 0.000126719096443, 9.71589397523e-05, 8.06472889963e-05, 6.54429532005e-05, 8.62431443238e-06], "dmean2": [4.3441534217e-05, 0.00317947124131, 0.00391262630001, 0.00329319387674, 0.00280882930383, 0.0010452127317, 0.00117034930736, 0.000669098517392, 0.000754381006118, 0.000559051288292, 0.0004337640421, 0.000620351172984, 0.000647671462502, 0.000611513736658, 0.000779345165938, 0.000684904807713, 0.00063326372765, 0.000400093529606, 0.000383779377444, 0.00037763256114, 0.000306674395688, 0.000272068456979, 0.000189257087186, 0.00013884351938, 0.000114103240776, 9.30704918574e-05, 1.32786253744e-05], "dvar": [1.78650949589e-09, 1.4794704839e-05, 1.93803516595e-05, 6.74263537803e-06, 4.81971437694e-06, 1.09960694772e-06, 2.35876450461e-06, 1.07454457066e-06, 1.47253888372e-06, 7.43815803617e-07, 6.36979564206e-07, 1.20854429042e-06, 1.07359744561e-06, 8.59373528783e-07, 1.04795537936e-06, 8.18253909074e-07, 5.94929815634e-07, 2.9416909797e-07, 1.76665935214e-07, 1.40455924225e-07, 1.10712356616e-07, 1.04882730056e-07, 1.29348876499e-07, 5.82543933092e-08, 2.71159628085e-08, 2.1373530501e-08, 6.18568862798e-10], "dvar2": [4.38727942864e-09, 3.9231388655e-05, 5.28151394974e-05, 1.8831129637e-05, 1.28985593619e-05, 2.77185972664e-06, 5.85447469348e-06, 2.55331883636e-06, 3.38215204465e-06, 1.77297090431e-06, 1.54150836806e-06, 3.0741844057e-06, 2.5642050332e-06, 2.0239983769e-06, 2.50206176133e-06, 2.06198114938e-06, 1.4765389551e-06, 7.55456369461e-07, 3.98243969357e-07, 3.49322476723e-07, 2.6610138093e-07, 2.32998360161e-07, 2.72477706176e-07, 1.1567732372e-07, 5.4747346212e-08, 4.37023324196e-08, 1.36707789533e-09], "max": [0.000587009708397, 0.0450667701662, 0.051722958684, 0.0472480803728, 0.0278735943139, 0.0209988094866, 0.0337672308087, 0.0244600363076, 0.0305335428566, 0.0223090238869, 0.0298556666821, 0.0304840989411, 0.0277001522481, 0.0227772239596, 0.0254060663283, 0.0194637235254, 0.0163110066205, 0.0262261666358, 0.0149376280606, 0.00748763326555, 0.00538683170453, 0.00905209220946, 0.0172547139227, 0.00853151548654, 0.00521832657978, 0.00300093390979, 0.00059165089624], "mean": [3.90873356082e-05, 0.00221119378693, 0.0023863480892, 0.00236788322218, 0.00265354802832, 0.00107246637344, 0.000966397114098, 0.000557507679332, 0.000733281194698, 0.000523822091054, 0.000402742094593, 0.000569459982216, 0.000602924090344, 0.00058415834792, 0.000774974178057, 0.00064674357418, 0.00067475537071, 0.000392195535824, 0.000409405998653, 0.000465785327833, 0.000373245769879, 0.000359167315764, 0.000238053326029, 0.000181006209459, 0.000141353302752, 9.1113972303e-05, 9.47136413743e-06], "median": [1.60947020049e-05, 0.000833935395349, 0.000937769829761, 0.00140889605973, 0.00179876177572, 0.000552511715796, 0.000309953204123, 0.000133629320771, 0.000193440573639, 0.0001488931739, 9.76959709078e-05, 0.000125249294797, 0.000145852158312, 0.000162120035384, 0.000240117165959, 0.000224104049266, 0.000248157011811, 0.000165664314409, 0.00018610432744, 0.000215380510781, 0.000173348467797, 0.000136961156386, 8.41652290546e-05, 6.48819986964e-05, 5.15520550834e-05, 1.95415159396e-05, 1.0164270634e-06], "min": [5.28506632568e-24, 2.9184139536e-23, 8.0091233327e-24, 5.7108969922e-24, 1.70566116532e-23, 7.2055892991e-23, 1.90287121669e-22, 3.64088369395e-23, 7.98526597012e-23, 1.39365342444e-22, 1.36944839508e-22, 1.5166022559e-22, 1.07370747093e-22, 4.35378139608e-23, 4.45213152503e-23, 1.03724613057e-22, 1.53030281345e-22, 1.93260357354e-22, 3.11295872797e-22, 4.86324897325e-22, 3.80853765157e-22, 4.51186331547e-22, 5.00972618074e-22, 8.74205002388e-22, 9.91282663988e-22, 1.46405556205e-21, 2.60960579469e-21], "var": [3.25101034981e-09, 1.64617176779e-05, 1.81518880709e-05, 8.45948488859e-06, 7.79211768531e-06, 2.16766284211e-06, 3.28406372319e-06, 1.83837948953e-06, 2.81917118627e-06, 1.41437760703e-06, 1.34846550282e-06, 2.32099728237e-06, 2.18051809497e-06, 1.70589601112e-06, 2.33815171669e-06, 1.3560483012e-06, 1.39675239552e-06, 5.45261002571e-07, 3.64122485053e-07, 4.16293687522e-07, 2.77651338365e-07, 3.16520214483e-07, 3.08151811623e-07, 1.44551236758e-07, 6.10201098539e-08, 3.98181718708e-08, 8.85058415445e-10]}, "barkbands_crest": {"dmean": 2.5529460907, "dmean2": 4.29373311996, "dvar": 5.02898263931, "dvar2": 13.5484857559, "max": 25.2879161835, "mean": 8.21313285828, "median": 7.58943367004, "min": 2.16296172142, "var": 11.7206039429}, "barkbands_flatness_db": {"dmean": 0.0226783249527, "dmean2": 0.0347699709237, "dvar": 0.000542315014172, "dvar2": 0.0011867537396, "max": 0.447643458843, "mean": 0.103221677244, "median": 0.092912979424, "min": 0.0175034292042, "var": 0.00252394028939}, "barkbands_kurtosis": {"dmean": 3.07067751884, "dmean2": 4.91239118576, "dvar": 37.8107833862, "dvar2": 92.194480896, "max": 246.441207886, "mean": 3.53851294518, "median": 0.297806292772, "min": -1.94729280472, "var": 99.2658081055}, "barkbands_skewness": {"dmean": 0.633958816528, "dmean2": 0.987791597843, "dvar": 0.455334037542, "dvar2": 1.07074224949, "max": 12.3759450912, "mean": 1.29496490955, "median": 1.0893266201, "min": -7.04024267197, "var": 1.87892103195}, "barkbands_spread": {"dmean": 8.61726665497, "dmean2": 13.3853874207, "dvar": 94.7984848022, "dvar2": 200.329589844, "max": 123.483047485, "mean": 31.8777370453, "median": 30.310005188, "min": 0.457878559828, "var": 319.1690979}, "dissonance": {"dmean": 0.0119047891349, "dmean2": 0.0199841596186, "dvar": 0.000177173671545, "dvar2": 0.000453420594567, "max": 0.500000119209, "mean": 0.478841632605, "median": 0.484166264534, "min": 0.121642939746, "var": 0.000349503243342}, "dynamic_complexity": 3.43501377106, "erbbands": {"dmean": [0.0364576801658, 0.485835105181, 1.99680888653, 4.8390712738, 6.19287729263, 6.03499746323, 4.80036687851, 5.42120933533, 10.1181764603, 9.22461032867, 9.33057785034, 10.9552307129, 11.4438323975, 10.109787941, 10.2108230591, 16.5436058044, 16.4858016968, 19.6084346771, 19.6667003632, 28.1041030884, 21.8324222565, 19.7189617157, 13.913271904, 11.5310640335, 12.4943323135, 11.0864210129, 8.86668395996, 7.37811422348, 6.82208251953, 4.98851680756, 3.49517416954, 2.37207078934, 1.45834851265, 0.888937473297, 0.606919765472, 0.308866083622, 0.119484223425, 0.0233650896698, 0.00130624184385, 3.5679397115e-05], "dmean2": [0.0633366554976, 0.802248597145, 3.37450265884, 8.45309925079, 10.4764986038, 10.2386169434, 7.97828674316, 8.99529457092, 16.4871406555, 14.878247261, 14.8059682846, 17.0111541748, 18.0562992096, 16.1346378326, 16.2125873566, 26.4103927612, 25.9919261932, 30.9609050751, 31.5091762543, 44.1955223083, 35.0504074097, 31.3792438507, 22.7429771423, 18.3672084808, 19.93400383, 17.5535144806, 13.9081792831, 11.5299921036, 10.4476928711, 7.47010278702, 5.24531030655, 3.48192071915, 2.08416962624, 1.27463686466, 0.867215514183, 0.440924853086, 0.17221775651, 0.0338052771986, 0.00205348734744, 5.34892824362e-05], "dvar": [0.00435227435082, 0.976288795471, 15.6326980591, 48.3644866943, 70.3961257935, 74.9666290283, 71.8943939209, 90.7443695068, 438.112213135, 527.070556641, 502.308380127, 818.873840332, 752.051513672, 928.073242188, 873.692321777, 2154.86669922, 1722.77880859, 2358.92919922, 1705.78027344, 4124.23730469, 1996.68811035, 1413.64746094, 913.153015137, 531.748168945, 432.383148193, 315.102905273, 228.029495239, 165.008666992, 149.396682739, 122.908821106, 97.8852081299, 47.5187759399, 11.0583715439, 3.40754532814, 1.66563630104, 0.446629822254, 0.0794830843806, 0.00335780135356, 1.63923177752e-05, 7.50563522445e-09], "dvar2": [0.01204383187, 2.50418043137, 39.7659988403, 134.395278931, 195.647140503, 197.221511841, 187.930892944, 229.688720703, 1094.7088623, 1289.38342285, 1145.73425293, 1814.22509766, 1797.18395996, 2402.16503906, 2089.23974609, 5425.6953125, 4051.73950195, 5410.82080078, 4266.55712891, 9717.34765625, 5123.71875, 3430.72070313, 2375.35058594, 1172.95178223, 1039.77416992, 766.021728516, 546.985107422, 401.913543701, 339.240081787, 260.362243652, 217.316482544, 99.085899353, 22.055398941, 7.09790325165, 3.37825083733, 0.916697442532, 0.162240594625, 0.0068951100111, 3.80930941901e-05, 1.75837051586e-08], "max": [0.722068190575, 12.2724218369, 54.7295036316, 82.6875, 138.319671631, 120.567062378, 285.200714111, 207.108413696, 421.583251953, 470.362854004, 603.56262207, 745.992553711, 734.114562988, 1591.06762695, 1297.66357422, 1506.16027832, 1174.22790527, 1509.5682373, 938.155578613, 1548.72058105, 1079.00195313, 926.368713379, 1272.5723877, 1118.67749023, 520.72064209, 384.611663818, 307.069946289, 239.848266602, 341.465423584, 621.004760742, 421.768280029, 297.110137939, 100.312637329, 51.9521064758, 45.6832923889, 15.4269418716, 5.97520065308, 1.08034241199, 0.121352165937, 0.00202477397397], "mean": [0.0425321348011, 0.5855666399, 2.36706924438, 6.01317977905, 8.54314899445, 8.93081283569, 7.74644708633, 8.75456047058, 14.1983909607, 12.3860502243, 13.6280517578, 16.6859970093, 18.4098129272, 15.736289978, 16.7431793213, 25.6054782867, 27.1436576843, 31.5821628571, 32.2626686096, 43.7446403503, 37.494972229, 35.3214874268, 23.9396629333, 20.4606456757, 21.9184417725, 21.9795360565, 16.4139537811, 14.5736513138, 13.4204616547, 9.47532653809, 6.49765062332, 4.33394145966, 2.68191242218, 1.60897755623, 0.985522329807, 0.453994333744, 0.158861517906, 0.0291731879115, 0.0014014999615, 6.00100465817e-05], "median": [0.0165166370571, 0.211311414838, 0.977922737598, 3.58048820496, 5.68168449402, 5.33225345612, 4.15627813339, 4.27985525131, 4.99463796616, 3.67266631126, 3.9259557724, 4.75349664688, 5.4550948143, 4.6015086174, 4.71468353271, 6.00238323212, 6.75511789322, 8.93726634979, 10.9598312378, 13.9669151306, 14.0311746597, 14.0958662033, 10.5204086304, 8.72164344788, 10.7103614807, 10.2865085602, 7.54170846939, 6.34899616241, 5.07102489471, 3.4802737236, 2.32446408272, 1.48159229755, 0.985794067383, 0.602062940598, 0.328917175531, 0.118331514299, 0.0294522531331, 0.00452620116994, 0.000156843525474, 3.44854488503e-05], "min": [5.48137311555e-22, 7.8649528176e-21, 1.22594806843e-20, 1.37274968583e-20, 4.8316004089e-20, 4.752669607e-20, 4.11700327824e-19, 5.04680934596e-19, 2.24086061034e-18, 1.9389849749e-18, 1.44183681225e-18, 1.53160948336e-18, 4.96742471917e-18, 3.00371035268e-18, 5.49362408532e-18, 7.32499865279e-18, 5.94536023913e-18, 3.10714763392e-18, 1.83538577306e-18, 2.36646074853e-18, 6.69428667061e-18, 1.08790388844e-17, 1.15894778428e-17, 9.53837846203e-18, 1.91208009829e-17, 2.53388450333e-17, 1.51745588541e-17, 1.77617564714e-17, 1.57822586717e-17, 1.84570414809e-17, 1.27654391606e-17, 1.80540605932e-17, 1.35890968109e-17, 1.1149761864e-17, 7.39550918257e-18, 5.27038003211e-18, 2.8220898211e-18, 1.11144846789e-18, 3.95169252529e-19, 3.63386388455e-20], "var": [0.00475149136037, 1.17398297787, 17.0901088715, 56.2375259399, 94.6994781494, 115.575950623, 120.510597229, 167.920806885, 654.817382813, 731.85168457, 1013.05731201, 1460.52783203, 1716.45288086, 1586.0579834, 1999.92468262, 4231.11376953, 4200.67382813, 4873.15380859, 3549.22851563, 7384.14990234, 3948.78930664, 3482.61572266, 1794.97314453, 1183.74133301, 905.133239746, 952.019592285, 534.600097656, 454.769165039, 433.635894775, 317.070922852, 232.022064209, 109.306427002, 26.8146476746, 7.80639648438, 3.38233160973, 0.854740440845, 0.14486271143, 0.00550391152501, 2.28001208598e-05, 1.06911821618e-08]}, "erbbands_crest": {"dmean": 2.35379695892, "dmean2": 3.8631234169, "dvar": 5.40696763992, "dvar2": 13.2739200592, "max": 29.7217216492, "mean": 7.39494180679, "median": 6.42426109314, "min": 2.08624315262, "var": 14.0728321075}, "erbbands_flatness_db": {"dmean": 0.0172985717654, "dmean2": 0.0255569629371, "dvar": 0.000304054672597, "dvar2": 0.000604542903602, "max": 0.396754771471, "mean": 0.130813002586, "median": 0.126172915101, "min": 0.0237859915942, "var": 0.00137212488335}, "erbbands_kurtosis": {"dmean": 0.991579353809, "dmean2": 1.58392775059, "dvar": 2.8627679348, "dvar2": 6.59078550339, "max": 39.4259109497, "mean": 0.378075301647, "median": -0.289854437113, "min": -1.83374845982, "var": 5.65419912338}, "erbbands_skewness": {"dmean": 0.388432353735, "dmean2": 0.599675118923, "dvar": 0.185719311237, "dvar2": 0.423969119787, "max": 5.46701097488, "mean": -0.100631050766, "median": -0.16819088161, "min": -5.36265277863, "var": 0.695074439049}, "erbbands_spread": {"dmean": 10.226266861, "dmean2": 15.9826164246, "dvar": 101.429626465, "dvar2": 233.177398682, "max": 143.924468994, "mean": 46.469909668, "median": 45.3652534485, "min": 1.85931634903, "var": 404.697998047}, "gfcc": {"cov": [[8977.60742188, -976.074035645, -891.579711914, -135.902038574, -426.322906494, 57.4771690369, -209.105758667, 194.344619751, -131.654022217, 183.651504517, -115.681297302, 32.2354812622, -211.36100769], [-976.074035645, 1625.80407715, -69.4417495728, 54.628326416, 199.089385986, 37.6089286804, 211.341445923, -114.500770569, 58.1145057678, -132.02104187, 74.1747436523, -118.290840149, 106.319915771], [-891.579711914, -69.4417495728, 816.358825684, 93.2019424438, 91.3882904053, 61.4581680298, -9.12232685089, 21.2007007599, 3.24497175217, 16.9254322052, -15.2059764862, 48.7207374573, -14.6883497238], [-135.902038574, 54.628326416, 93.2019424438, 436.026580811, 46.0017471313, 24.1521263123, 0.0354507677257, -44.4012374878, 21.9240531921, -39.7433242798, 13.8104915619, -19.9694004059, 36.9157943726], [-426.322906494, 199.089385986, 91.3882904053, 46.0017471313, 323.59387207, 64.5955352783, 96.4580230713, 5.33306980133, 6.68879699707, 1.59719932079, -7.73829841614, -11.4257555008, 12.2369184494], [57.4771690369, 37.6089286804, 61.4581680298, 24.1521263123, 64.5955352783, 169.114685059, 98.6037063599, 15.3347167969, -7.60754108429, 0.109660074115, 4.81323957443, -9.7784948349, -10.3278522491], [-209.105758667, 211.341445923, -9.12232685089, 0.0354507677257, 96.4580230713, 98.6037063599, 230.305984497, 27.3321685791, -10.2859210968, -14.0641994476, 13.7108240128, -23.7980442047, -5.66447782516], [194.344619751, -114.500770569, 21.2007007599, -44.4012374878, 5.33306980133, 15.3347167969, 27.3321685791, 122.430755615, 34.5451316833, 31.79662323, -5.12776708603, 12.6615428925, -18.364982605], [-131.654022217, 58.1145057678, 3.24497175217, 21.9240531921, 6.68879699707, -7.60754108429, -10.2859210968, 34.5451316833, 112.777320862, 24.41522789, 16.3718929291, -6.29022550583, 16.5424976349], [183.651504517, -132.02104187, 16.9254322052, -39.7433242798, 1.59719932079, 0.109660074115, -14.0641994476, 31.79662323, 24.41522789, 90.0137252808, 14.6988611221, 23.0075378418, -11.1313858032], [-115.681297302, 74.1747436523, -15.2059764862, 13.8104915619, -7.73829841614, 4.81323957443, 13.7108240128, -5.12776708603, 16.3718929291, 14.6988611221, 73.0707168579, 18.2088260651, 12.5877809525], [32.2354812622, -118.290840149, 48.7207374573, -19.9694004059, -11.4257555008, -9.7784948349, -23.7980442047, 12.6615428925, -6.29022550583, 23.0075378418, 18.2088260651, 69.0741195679, 16.7704429626], [-211.36100769, 106.319915771, -14.6883497238, 36.9157943726, 12.2369184494, -10.3278522491, -5.66447782516, -18.364982605, 16.5424976349, -11.1313858032, 12.5877809525, 16.7704429626, 80.042175293]], "icov": [[0.000185433455044, -7.31270483811e-05, 0.000273613579338, -0.000156571157277, 0.000198690016987, -0.000319742481224, 0.000275699130725, -0.000346572574927, 0.000323728221701, -0.000460457406007, 0.000450029212516, -0.000348683301127, 0.000448917475296], [-7.31270483811e-05, 0.00135795620736, -0.000276343838777, 0.000522917485796, -0.00062757456908, 0.000544608803466, -0.00103780964855, 0.00105368846562, -0.000901561637875, 0.00161695375573, -0.00191295542754, 0.00243751588278, -0.00175289774779], [0.000273613579338, -0.000276343838777, 0.00190473441035, -0.000669960631058, -3.48763314832e-05, -0.00109445676208, 0.000802451570053, -0.00063519354444, 0.000310453673592, -0.000782294373494, 0.00151991343591, -0.00241014617495, 0.00161625235341], [-0.000156571157277, 0.000522917485796, -0.000669960631058, 0.00306887133047, -0.000612526084296, -2.7694104574e-05, -0.000194935928448, 0.00129149761051, -0.00116907025222, 0.00191776710562, -0.00174943672027, 0.00210399669595, -0.00193114648573], [0.000198690016987, -0.00062757456908, -3.48763314832e-05, -0.000612526084296, 0.00432433607057, -0.00100592814852, -0.000905298627913, -0.000376552285161, 0.000380284443963, -0.00186608650256, 0.00222390471026, -0.000970601919107, 0.000208514771657], [-0.000319742481224, 0.000544608803466, -0.00109445676208, -2.7694104574e-05, -0.00100592814852, 0.00912569090724, -0.00409171776846, 0.000570729782339, -0.000198119727429, 0.000592005031649, -0.00160549627617, 0.00180726358667, -0.000586025591474], [0.000275699130725, -0.00103780964855, 0.000802451570053, -0.000194935928448, -0.000905298627913, -0.00409171776846, 0.00833503529429, -0.00345073780045, 0.00249173515476, -0.000303078821162, -0.000765246746596, 0.000481613562442, 0.0012145814253], [-0.000346572574927, 0.00105368846562, -0.00063519354444, 0.00129149761051, -0.000376552285161, 0.000570729782339, -0.00345073780045, 0.013129491359, -0.00586614944041, -0.000182335672434, 0.00109144905582, -0.00186085677706, 0.00127772009], [0.000323728221701, -0.000901561637875, 0.000310453673592, -0.00116907025222, 0.000380284443963, -0.000198119727429, 0.00249173515476, -0.00586614944041, 0.0137981381267, -0.00483112363145, -0.00169308134355, 0.00366730149835, -0.0026304286439], [-0.000460457406007, 0.00161695375573, -0.000782294373494, 0.00191776710562, -0.00186608650256, 0.000592005031649, -0.000303078821162, -0.000182335672434, -0.00483112363145, 0.0180763714015, -0.00539395632222, -0.00137976894621, 0.000556350045372], [0.000450029212516, -0.00191295542754, 0.00151991343591, -0.00174943672027, 0.00222390471026, -0.00160549627617, -0.000765246746596, 0.00109144905582, -0.00169308134355, -0.00539395632222, 0.0210069958121, -0.00997418165207, 0.00285013462417], [-0.000348683301127, 0.00243751588278, -0.00241014617495, 0.00210399669595, -0.000970601919107, 0.00180726358667, 0.000481613562442, -0.00186085677706, 0.00366730149835, -0.00137976894621, -0.00997418165207, 0.0277651697397, -0.010781028308], [0.000448917475296, -0.00175289774779, 0.00161625235341, -0.00193114648573, 0.000208514771657, -0.000586025591474, 0.0012145814253, 0.00127772009, -0.0026304286439, 0.000556350045372, 0.00285013462417, -0.010781028308, 0.0198977012187]], "mean": [5.23651695251, 64.1352386475, -111.846099854, 43.7270507813, -54.9742279053, 13.1541385651, -44.3667106628, 3.49874901772, -29.1239242554, 2.84777498245, -25.4422740936, -0.939995467663, -13.8677587509]}, "hfc": {"dmean": 8.89080524445, "dmean2": 12.4211244583, "dvar": 137.488632202, "dvar2": 276.816162109, "max": 220.976333618, "mean": 25.1766204834, "median": 17.5068492889, "min": 1.11889862724e-16, "var": 587.395812988}, "melbands": {"dmean": [0.000427816557931, 0.000827770330943, 0.000823148468044, 0.000421587290475, 0.000179468697752, 0.000124599522678, 0.000152715612785, 9.60774341365e-05, 7.85572701716e-05, 6.93678157404e-05, 5.77592327318e-05, 4.18865565734e-05, 3.63822764484e-05, 4.16342081735e-05, 4.29966858064e-05, 3.85463536077e-05, 3.81124045816e-05, 3.29909380525e-05, 3.62825194316e-05, 3.43428037013e-05, 2.75138791039e-05, 2.2050271582e-05, 1.84492546396e-05, 1.19489832286e-05, 9.79572178039e-06, 9.51915626501e-06, 9.33380124479e-06, 7.56334111429e-06, 6.45045474812e-06, 4.94800724482e-06, 4.45061050414e-06, 4.27276791015e-06, 3.44940326613e-06, 2.74382477983e-06, 2.23138704314e-06, 1.70509497366e-06, 1.44101875321e-06, 1.11058614038e-06, 8.66521475018e-07, 7.68589302425e-07], "dmean2": [0.000736077257898, 0.00134389614686, 0.00141584256198, 0.000709270476364, 0.000298399245366, 0.00020590359054, 0.000247886026045, 0.000154976980411, 0.000124363432406, 0.000107783111162, 9.14332267712e-05, 6.70906811138e-05, 5.8213754528e-05, 6.64403341943e-05, 6.91749155521e-05, 6.08059017395e-05, 6.08298869338e-05, 5.30769575562e-05, 5.73774013901e-05, 5.44132199138e-05, 4.46844787803e-05, 3.53271680069e-05, 3.03169563267e-05, 1.94456879399e-05, 1.57521590154e-05, 1.53411347128e-05, 1.49010156747e-05, 1.21000894069e-05, 1.03004304037e-05, 7.82354163675e-06, 7.08384050085e-06, 6.65888546791e-06, 5.31111709279e-06, 4.18542549596e-06, 3.42225462191e-06, 2.5805554742e-06, 2.16010630538e-06, 1.61996638326e-06, 1.27582006826e-06, 1.1291484725e-06], "dvar": [7.18722048987e-07, 2.37047970586e-06, 1.23692677789e-06, 3.07457383997e-07, 7.91912313503e-08, 4.54195863142e-08, 1.01834096711e-07, 5.67546685204e-08, 3.39840013908e-08, 3.43895507626e-08, 1.93954470262e-08, 1.58074282552e-08, 1.10774056594e-08, 1.51208627841e-08, 1.30147572719e-08, 1.01205639425e-08, 9.3489562758e-09, 5.29083532541e-09, 6.37144026427e-09, 6.03921046505e-09, 3.60202423444e-09, 1.83452342206e-09, 2.02765781943e-09, 8.83921547068e-10, 4.27817586912e-10, 2.50855530792e-10, 2.42179554188e-10, 1.62164642825e-10, 1.38840203223e-10, 7.00828076128e-11, 6.84029360931e-11, 6.05922881314e-11, 4.42624166486e-11, 4.92623650206e-11, 3.84015701183e-11, 4.31332955464e-11, 1.5818431634e-11, 6.77258162746e-12, 3.97136880673e-12, 2.66388994197e-12], "dvar2": [1.94646668206e-06, 5.44164458915e-06, 3.38290647051e-06, 8.22215895369e-07, 2.06328593322e-07, 1.14203750456e-07, 2.54286248946e-07, 1.38560864116e-07, 7.77273854169e-08, 7.67696235471e-08, 4.60830840154e-08, 4.08422344833e-08, 2.64836756969e-08, 3.77356670356e-08, 3.24434985544e-08, 2.38376678396e-08, 2.15868567466e-08, 1.32569448752e-08, 1.49591272702e-08, 1.44259661994e-08, 9.37144228885e-09, 4.41850911415e-09, 5.36869260159e-09, 2.11340367429e-09, 9.3071911289e-10, 6.04753913613e-10, 6.0636090593e-10, 4.04985628366e-10, 3.42456590863e-10, 1.6961806959e-10, 1.73046410534e-10, 1.43685147114e-10, 9.86024040195e-11, 1.07005550254e-10, 8.88887713435e-11, 1.02607700114e-10, 3.27222172969e-11, 1.38544089395e-11, 8.55874919548e-12, 5.81506891251e-12], "max": [0.00906977616251, 0.0228010844439, 0.0181005373597, 0.00724579952657, 0.00791162624955, 0.00437297066674, 0.00710293464363, 0.00582220451906, 0.00486619584262, 0.00480294786394, 0.00374373840168, 0.00613616779447, 0.00441509811208, 0.00383776496165, 0.00261068390682, 0.00309279887006, 0.00267745368183, 0.00185701041482, 0.00247109984048, 0.00194105121773, 0.00154835032299, 0.000923144689295, 0.00164005416445, 0.00208088778891, 0.00106873689219, 0.000278884894215, 0.000318875099765, 0.000322018982843, 0.000247039832175, 0.000187684374396, 0.000179769645911, 0.000201440489036, 0.00020481190586, 0.000419803283876, 0.000259320309851, 0.000427885883255, 0.000137773691677, 8.56461629155e-05, 6.93951369612e-05, 4.34891990153e-05], "mean": [0.000507906835992, 0.00111509149428, 0.00113055540714, 0.000646889093332, 0.000291243515676, 0.000204991592909, 0.000214766041609, 0.000127533407067, 0.000112844012619, 0.00010523355013, 9.0358662419e-05, 6.20663777227e-05, 5.63875946682e-05, 6.19397324044e-05, 6.54394607409e-05, 5.75711674173e-05, 5.8654222812e-05, 4.89937810926e-05, 5.70926931687e-05, 5.03716910316e-05, 4.42334712716e-05, 3.72242611775e-05, 2.83455938188e-05, 1.88333433471e-05, 1.60376312124e-05, 1.5143948076e-05, 1.62711276062e-05, 1.4090725017e-05, 1.08297608676e-05, 8.85317786015e-06, 8.21820867714e-06, 7.93282742961e-06, 6.26234941592e-06, 4.87875468025e-06, 3.92936544813e-06, 2.96382813758e-06, 2.50621474152e-06, 1.95684378923e-06, 1.51569702211e-06, 1.31072806653e-06], "median": [0.000195155487745, 0.00047808123054, 0.000725697376765, 0.000437678332673, 0.000171516556293, 0.00010114529141, 7.4504991062e-05, 3.57704739145e-05, 3.06786641886e-05, 2.87406055577e-05, 2.49287440965e-05, 1.68634378497e-05, 1.44954265124e-05, 1.38206250995e-05, 1.43546285472e-05, 1.45167687151e-05, 1.52845896082e-05, 1.55879988597e-05, 1.77908514161e-05, 1.66264399013e-05, 1.53036198753e-05, 1.4370702047e-05, 1.07204850792e-05, 7.33981960366e-06, 6.354688594e-06, 7.07358958607e-06, 7.36570200388e-06, 6.15138105786e-06, 4.58849854112e-06, 3.98472184315e-06, 3.31462206304e-06, 2.8179858873e-06, 2.36900405071e-06, 1.69268548689e-06, 1.38284326567e-06, 9.77788431555e-07, 8.36973129026e-07, 7.00076498106e-07, 5.47867216483e-07, 4.65185962639e-07], "min": [7.93222280508e-24, 7.90268627506e-24, 3.50392568678e-24, 2.93536069744e-24, 1.09259775505e-23, 1.28312115318e-23, 3.66316396582e-23, 1.66516088867e-23, 1.33593846735e-23, 9.50654856932e-24, 2.50674610135e-23, 1.12312241224e-23, 1.93222959036e-23, 1.49844255164e-23, 1.72299575262e-23, 1.02538514932e-23, 5.38328148054e-24, 2.10294047076e-24, 4.00131984246e-24, 4.27894287197e-24, 7.73487110584e-24, 1.08892331984e-23, 9.95684615124e-24, 9.62395552671e-24, 6.81947138939e-24, 1.31422617534e-23, 1.51385342274e-23, 1.6310574851e-23, 9.5012158696e-24, 9.3911098199e-24, 9.60074802774e-24, 9.04076564783e-24, 8.61388224644e-24, 1.09982671862e-23, 6.58848739432e-24, 8.59970957142e-24, 1.21285526132e-23, 8.99437116028e-24, 1.01860559981e-23, 9.39243589508e-24], "var": [7.93943570443e-07, 3.32088393407e-06, 1.64324194429e-06, 4.85158977881e-07, 1.32796202479e-07, 8.90472975357e-08, 1.49102959313e-07, 7.89370062648e-08, 6.57513012925e-08, 6.29586622836e-08, 4.35566391843e-08, 2.63748791696e-08, 2.3769350932e-08, 2.9541679325e-08, 2.5740352072e-08, 1.97516598632e-08, 1.90770581554e-08, 9.16094222703e-09, 1.41578064827e-08, 9.47470546464e-09, 6.63939214718e-09, 4.07761513443e-09, 3.30042437824e-09, 1.72268932452e-09, 8.80209849452e-10, 4.5566417306e-10, 5.45396894314e-10, 4.40838948679e-10, 2.67825067679e-10, 1.67712121968e-10, 1.61326063619e-10, 1.58557403318e-10, 1.13973171179e-10, 1.05606398626e-10, 8.50329043289e-11, 7.24884874348e-11, 3.51354396966e-11, 1.54376164629e-11, 8.14806121879e-12, 5.48240706305e-12]}, "melbands_crest": {"dmean": 3.68907976151, "dmean2": 6.25452470779, "dvar": 9.34938621521, "dvar2": 25.6339607239, "max": 30.8946342468, "mean": 12.8876085281, "median": 12.3629207611, "min": 1.47202217579, "var": 21.1169700623}, "melbands_flatness_db": {"dmean": 0.030877713114, "dmean2": 0.0473554581404, "dvar": 0.000970240798779, "dvar2": 0.00212676334195, "max": 0.585171878338, "mean": 0.160071611404, "median": 0.14669765532, "min": 0.00167240155861, "var": 0.00510470755398}, "melbands_kurtosis": {"dmean": 8.46860694885, "dmean2": 13.5892400742, "dvar": 215.512374878, "dvar2": 527.661376953, "max": 440.084991455, "mean": 14.524020195, "median": 6.72301101685, "min": -1.90942955017, "var": 570.859680176}, "melbands_skewness": {"dmean": 0.875863432884, "dmean2": 1.38637816906, "dvar": 0.813265800476, "dvar2": 1.95742797852, "max": 18.2302303314, "mean": 2.75734853745, "median": 2.45917963982, "min": -5.56040906906, "var": 3.31188488007}, "melbands_spread": {"dmean": 12.0818738937, "dmean2": 19.0237083435, "dvar": 257.516174316, "dvar2": 551.375549316, "max": 254.604446411, "mean": 35.5779800415, "median": 29.569234848, "min": 0.489492714405, "var": 810.478088379}, "mfcc": {"cov": [[7846.83496094, -641.733398438, -766.541259766, -221.537887573, -304.049041748, -201.279312134, -143.036315918, -80.8679885864, -52.6104545593, 20.189535141, 59.689956665, 80.7673110962, 10.7284040451], [-641.733398438, 1356.77661133, -76.7192306519, 9.38675785065, 24.3327388763, 116.464332581, 129.923782349, 55.3281021118, 46.8718299866, 25.9636535645, -5.17789983749, -15.0939655304, -3.02037358284], [-766.541259766, -76.7192306519, 625.234008789, 92.9591751099, 87.344078064, 34.1264801025, -16.3718528748, 26.8749313354, -10.8293294907, -3.61225295067, -12.3295612335, -2.83131861687, 30.4745483398], [-221.537887573, 9.38675785065, 92.9591751099, 311.052947998, 101.46598053, 65.3192749023, 15.7541513443, 9.58442401886, 20.4109668732, -14.3289003372, -20.5459690094, 0.0212600175291, -3.77687692642], [-304.049041748, 24.3327388763, 87.344078064, 101.46598053, 219.964935303, 50.2731323242, -5.01745033264, 2.19699215889, 30.1985931396, 4.20434808731, -7.31632423401, 7.59587240219, 12.0085964203], [-201.279312134, 116.464332581, 34.1264801025, 65.3192749023, 50.2731323242, 188.222915649, 106.537956238, 38.7923164368, 20.6239356995, 14.3636846542, 4.83782911301, -3.14710950851, -10.7676401138], [-143.036315918, 129.923782349, -16.3718528748, 15.7541513443, -5.01745033264, 106.537956238, 196.191238403, 77.4594039917, 22.4489498138, 19.4596920013, 20.6947727203, 8.55289459229, -9.12647438049], [-80.8679885864, 55.3281021118, 26.8749313354, 9.58442401886, 2.19699215889, 38.7923164368, 77.4594039917, 105.668823242, 35.1815032959, 24.6957359314, 18.7566890717, 6.08619880676, -4.66477680206], [-52.6104545593, 46.8718299866, -10.8293294907, 20.4109668732, 30.1985931396, 20.6239356995, 22.4489498138, 35.1815032959, 89.8447265625, 37.4384841919, 8.44218444824, 1.22034323215, 1.06114900112], [20.189535141, 25.9636535645, -3.61225295067, -14.3289003372, 4.20434808731, 14.3636846542, 19.4596920013, 24.6957359314, 37.4384841919, 89.4277877808, 41.8396911621, 3.53963208199, -2.40364909172], [59.689956665, -5.17789983749, -12.3295612335, -20.5459690094, -7.31632423401, 4.83782911301, 20.6947727203, 18.7566890717, 8.44218444824, 41.8396911621, 74.9083328247, 28.0321216583, -1.15813159943], [80.7673110962, -15.0939655304, -2.83131861687, 0.0212600175291, 7.59587240219, -3.14710950851, 8.55289459229, 6.08619880676, 1.22034323215, 3.53963208199, 28.0321216583, 68.4662857056, 26.0729942322], [10.7284040451, -3.02037358284, 30.4745483398, -3.77687692642, 12.0085964203, -10.7676401138, -9.12647438049, -4.66477680206, 1.06114900112, -2.40364909172, -1.15813159943, 26.0729942322, 65.1906890869]], "icov": [[0.00016222371778, 7.4242860137e-05, 0.000196838533157, -5.31714704266e-06, 0.000148831371916, -1.05749340946e-05, 0.000118300966278, -4.38056449639e-05, 6.33818781353e-05, -9.57660886343e-05, 8.62598335516e-06, -0.000168418075191, -6.83670587023e-05], [7.4242860137e-05, 0.000853134784847, 0.000210356025491, 6.19957572781e-05, -4.01244442116e-08, -0.000303231587168, -0.000308933231281, -7.65373406466e-05, -0.000169699022081, -0.000153862769366, 0.000222688104259, 0.000145515994518, -0.000223391951295], [0.000196838533157, 0.000210356025491, 0.0021465155296, -0.000390976871131, -0.000381043675588, -0.000381250370992, 0.000720892741811, -0.00119673484005, 0.00100200122688, -0.00035412874422, 0.000128780025989, 0.000345606851624, -0.00119152234402], [-5.31714704266e-06, 6.19957572781e-05, -0.000390976871131, 0.00416702171788, -0.00144697783981, -0.00105564668775, 0.000100707991805, 8.27187159302e-06, -0.000747925136238, 0.000809498480521, 0.000850109790917, -0.000590809679125, 0.000828226213343], [0.000148831371916, -4.01244442116e-08, -0.000381043675588, -0.00144697783981, 0.00629926659167, -0.00160576298367, 0.0012213246664, 0.00051539769629, -0.00186880095862, -4.63823162136e-05, 0.000255421182374, -0.000951197231188, -0.000734258734155], [-1.05749340946e-05, -0.000303231587168, -0.000381250370992, -0.00105564668775, -0.00160576298367, 0.00914467871189, -0.00502835819498, 0.000848224502988, -2.80970234598e-05, -0.00073283968959, 0.000253138539847, 0.000639150501229, 0.000990034779534], [0.000118300966278, -0.000308933231281, 0.000720892741811, 0.000100707991805, 0.0012213246664, -0.00502835819498, 0.0105839399621, -0.00597685249522, 0.000677777279634, 0.000357535085641, -0.000841053551994, -0.0010347745847, 3.46433007508e-05], [-4.38056449639e-05, -7.65373406466e-05, -0.00119673484005, 8.27187159302e-06, 0.00051539769629, 0.000848224502988, -0.00597685249522, 0.0159180946648, -0.00491663394496, -0.000446032092441, -0.00154284120072, -0.000377011921955, 0.0010979961371], [6.33818781353e-05, -0.000169699022081, 0.00100200122688, -0.000747925136238, -0.00186880095862, -2.80970234598e-05, 0.000677777279634, -0.00491663394496, 0.016632033512, -0.00710476282984, 0.00297826714814, -0.000362810795195, -0.000782023882493], [-9.57660886343e-05, -0.000153862769366, -0.00035412874422, 0.000809498480521, -4.63823162136e-05, -0.00073283968959, 0.000357535085641, -0.000446032092441, -0.00710476282984, 0.0196917168796, -0.0114964516833, 0.00419393973425, -0.000913188210689], [8.62598335516e-06, 0.000222688104259, 0.000128780025989, 0.000850109790917, 0.000255421182374, 0.000253138539847, -0.000841053551994, -0.00154284120072, 0.00297826714814, -0.0114964516833, 0.0243920627981, -0.0107014551759, 0.00400557601824], [-0.000168418075191, 0.000145515994518, 0.000345606851624, -0.000590809679125, -0.000951197231188, 0.000639150501229, -0.0010347745847, -0.000377011921955, -0.000362810795195, 0.00419393973425, -0.0107014551759, 0.0228278320283, -0.00921194441617], [-6.83670587023e-05, -0.000223391951295, -0.00119152234402, 0.000828226213343, -0.000734258734155, 0.000990034779534, 3.46433007508e-05, 0.0010979961371, -0.000782023882493, -0.000913188210689, 0.00400557601824, -0.00921194441617, 0.0200622305274]], "mean": [-636.266235352, 92.8043212891, 1.77671313286, 29.9874706268, 8.38981437683, 10.6501722336, -3.72904062271, -1.3979922533, -0.32607242465, -1.42406737804, -5.33640480042, -4.71182060242, -3.15188527107]}, "pitch_salience": {"dmean": 0.0775484293699, "dmean2": 0.129861503839, "dvar": 0.00448880717158, "dvar2": 0.012076835148, "max": 0.962241351604, "mean": 0.616801381111, "median": 0.625676691532, "min": 0.115166008472, "var": 0.0094856955111}, "silence_rate_20dB": {"dmean": 0, "dmean2": 0, "dvar": 0, "dvar2": 0, "max": 1, "mean": 1, "median": 1, "min": 1, "var": 0}, "silence_rate_30dB": {"dmean": 0, "dmean2": 0, "dvar": 0, "dvar2": 0, "max": 1, "mean": 1, "median": 1, "min": 1, "var": 0}, "silence_rate_60dB": {"dmean": 0.0368958674371, "dmean2": 0.0737973600626, "dvar": 0.03553956002, "dvar2": 0.0793200358748, "max": 1, "mean": 0.0705846473575, "median": 0, "min": 0, "var": 0.0656105428934}, "spectral_centroid": {"dmean": 359.201934814, "dmean2": 556.355285645, "dvar": 151078.328125, "dvar2": 318566.25, "max": 11457.3701172, "mean": 1733.13745117, "median": 1748.97021484, "min": 136.075057983, "var": 661984.0625}, "spectral_complexity": {"dmean": 5.59978675842, "dmean2": 8.05961704254, "dvar": 42.7975349426, "dvar2": 78.9552154541, "max": 62, "mean": 20.9943599701, "median": 19, "min": 0, "var": 195.406738281}, "spectral_contrast_coeffs": {"dmean": [0.060397375375, 0.049547161907, 0.0379491895437, 0.0311587732285, 0.0223593227565, 0.020390631631], "dmean2": [0.10152412951, 0.0819259807467, 0.0617416873574, 0.0503912568092, 0.035880625248, 0.0319005213678], "dvar": [0.00229626591317, 0.00157811725512, 0.00100681127515, 0.00067760492675, 0.000402689242037, 0.0003693625913], "dvar2": [0.00620165932924, 0.00412429822609, 0.00248270225711, 0.00162200722843, 0.000907065987121, 0.000802770373411], "max": [-0.280310422182, -0.431731909513, -0.464867413044, -0.53226429224, -0.562588095665, -0.58753567934], "mean": [-0.622165262699, -0.754896759987, -0.799603641033, -0.795848429203, -0.801496386528, -0.754603087902], "median": [-0.624767899513, -0.762943685055, -0.810878038406, -0.808349907398, -0.810020506382, -0.752199828625], "min": [-0.974670529366, -0.972881913185, -0.991834521294, -0.973252415657, -0.970416665077, -0.956902265549], "var": [0.00666224164888, 0.00536428531632, 0.0042512267828, 0.00357120484114, 0.00219538621604, 0.0017732657725]}, "spectral_contrast_valleys": {"dmean": [0.465354561806, 0.429244011641, 0.377903670073, 0.356311172247, 0.3293825984, 0.356890290976], "dmean2": [0.737521708012, 0.687641203403, 0.58261269331, 0.528233468533, 0.468053549528, 0.456480354071], "dvar": [0.158131361008, 0.170254990458, 0.145975664258, 0.153486266732, 0.174999698997, 0.181907922029], "dvar2": [0.345496475697, 0.358701974154, 0.279868125916, 0.278364002705, 0.330291956663, 0.321736842394], "max": [-5.39876174927, -4.67308855057, -5.17179012299, -5.36152410507, -5.37270355225, -7.3956155777], "mean": [-7.41495227814, -6.9666967392, -7.46195459366, -7.47538757324, -7.2542347908, -9.71902275085], "median": [-7.20145893097, -6.85932540894, -7.37098550797, -7.36432123184, -7.11564588547, -9.54396152496], "min": [-27.1085395813, -26.9527225494, -27.3166999817, -27.4597740173, -27.2773952484, -27.346321106], "var": [1.08212852478, 0.93818795681, 0.987406790257, 0.981801331043, 1.07005763054, 1.25673091412]}, "spectral_decrease": {"dmean": 1.76937109408e-09, "dmean2": 2.69256750229e-09, "dvar": 4.55725232319e-18, "dvar2": 9.3912296485e-18, "max": 9.99943212312e-27, "mean": -4.80747086584e-09, "median": -4.11720169069e-09, "min": -2.67192579173e-08, "var": 1.31264910903e-17}, "spectral_energy": {"dmean": 0.00720941880718, "dmean2": 0.0108809396625, "dvar": 7.41254989407e-05, "dvar2": 0.000150677675265, "max": 0.1123072505, "mean": 0.0204281024635, "median": 0.0176234096289, "min": 1.02263297076e-20, "var": 0.000227521144552}, "spectral_energyband_high": {"dmean": 0.000712082197424, "dmean2": 0.000999867334031, "dvar": 1.23568474919e-06, "dvar2": 2.41593465944e-06, "max": 0.0307265967131, "mean": 0.00162697059568, "median": 0.000821198162157, "min": 7.16879470602e-21, "var": 4.80649077872e-06}, "spectral_energyband_low": {"dmean": 0.00372667144984, "dmean2": 0.00604133540764, "dvar": 3.56205673597e-05, "dvar2": 8.06476964499e-05, "max": 0.0751508325338, "mean": 0.00586530100554, "median": 0.00315523892641, "min": 4.42288592692e-23, "var": 6.05040513619e-05}, "spectral_energyband_middle_high": {"dmean": 0.00214889273047, "dmean2": 0.00322985206731, "dvar": 1.01625919342e-05, "dvar2": 2.29709330597e-05, "max": 0.0478895008564, "mean": 0.00570843042806, "median": 0.00294475303963, "min": 1.66361581308e-21, "var": 4.46303274657e-05}, "spectral_energyband_middle_low": {"dmean": 0.00392509484664, "dmean2": 0.00632756017148, "dvar": 2.04201187444e-05, "dvar2": 4.94495216117e-05, "max": 0.0636337995529, "mean": 0.00857646204531, "median": 0.0070472676307, "min": 4.76897693963e-22, "var": 4.71796738566e-05}, "spectral_entropy": {"dmean": 0.163790032268, "dmean2": 0.240142613649, "dvar": 0.0373394303024, "dvar2": 0.0737914219499, "max": 9.80534553528, "mean": 7.86266183853, "median": 7.93155431747, "min": 4.82875680923, "var": 0.162332102656}, "spectral_flux": {"dmean": 0.0219128336757, "dmean2": 0.0338622480631, "dvar": 0.000531217607204, "dvar2": 0.00107743905392, "max": 0.270108133554, "mean": 0.085825368762, "median": 0.0822393298149, "min": 1.01125316454e-10, "var": 0.00162495172117}, "spectral_kurtosis": {"dmean": 1.11863338947, "dmean2": 1.81300497055, "dvar": 5.64781570435, "dvar2": 13.3142633438, "max": 123.56716156, "mean": 3.3428645134, "median": 2.74911642075, "min": -1.19658339024, "var": 10.4430522919}, "spectral_rms": {"dmean": 0.000784059928264, "dmean2": 0.0011600558646, "dvar": 6.53695963138e-07, "dvar2": 1.22773678868e-06, "max": 0.0104674762115, "mean": 0.00412586750463, "median": 0.00414651306346, "min": 3.15862418686e-12, "var": 2.90702701022e-06}, "spectral_rolloff": {"dmean": 875.057922363, "dmean2": 1402.39550781, "dvar": 1646070.5, "dvar2": 3232210.75, "max": 20714.9414063, "mean": 2407.75195313, "median": 2002.58789063, "min": 43.06640625, "var": 4724492.5}, "spectral_skewness": {"dmean": 0.192859813571, "dmean2": 0.300307661295, "dvar": 0.0639717280865, "dvar2": 0.143260195851, "max": 9.81203556061, "mean": 1.32306444645, "median": 1.26243841648, "min": -0.196741268039, "var": 0.216083019972}, "spectral_spread": {"dmean": 617667.75, "dmean2": 881469.3125, "dvar": 566673604608, "dvar2": 957698211840, "max": 40911752, "mean": 5216197, "median": 4918422, "min": 950766.1875, "var": 2420832731140.0}, "spectral_strongpeak": {"dmean": 0.5787