{"lowlevel": {"average_loudness": 0.825791180134, "barkbands": {"dmean": [6.73851100146e-05, 0.00902364216745, 0.00410484848544, 0.00341224577278, 0.00180176319554, 0.0006397178513, 0.000403130106861, 0.000367460772395, 0.000569478841498, 0.000765906122979, 0.000330473209033, 0.000265509530436, 0.000282879336737, 0.000407847022871, 0.000270003569312, 0.000183758951607, 9.23959742067e-05, 8.16057290649e-05, 7.24635538063e-05, 9.49237364694e-05, 7.58013484301e-05, 9.15998170967e-05, 6.79442528053e-05, 3.78733311663e-05, 4.80656126456e-05, 2.81197753793e-05, 2.6653665941e-09], "dmean2": [9.11347960937e-05, 0.0161370430142, 0.00749703496695, 0.0054499427788, 0.00299438973889, 0.000990657950751, 0.000634896685369, 0.000539318483789, 0.00084807316307, 0.00118291273247, 0.000516134256031, 0.000398809177568, 0.000431663473137, 0.000642013736069, 0.000424795580329, 0.000277964456473, 0.000138532734127, 0.000121346936794, 0.000108998909127, 0.000137300943607, 0.000109550121124, 0.000128126310301, 9.40318932408e-05, 5.29858953087e-05, 6.69181026751e-05, 4.14878122683e-05, 4.99359842365e-09], "dvar": [3.38715651083e-08, 0.00109341798816, 0.000211885300814, 0.000157110669534, 3.64682164218e-05, 1.64660366408e-06, 1.05421099761e-06, 1.54527992891e-06, 3.70789757653e-06, 7.35548974262e-06, 1.79965979896e-06, 1.33782032208e-06, 1.01282068954e-06, 2.02492401513e-06, 7.67821006775e-07, 3.9379861505e-07, 8.37087057448e-08, 3.80891194141e-08, 3.04609457658e-08, 5.2672643136e-08, 3.54503519873e-08, 6.68442368124e-08, 3.41488295419e-08, 1.710578168e-08, 2.24197087562e-08, 7.78844988503e-09, 2.44701915701e-16], "dvar2": [6.25545908406e-08, 0.00303257349879, 0.000610054295976, 0.000361141952453, 9.43151972024e-05, 3.89678598367e-06, 2.57125793723e-06, 2.87609600491e-06, 7.76108754508e-06, 1.64780649357e-05, 4.37137668996e-06, 3.06459105559e-06, 2.25139842769e-06, 5.20518187841e-06, 1.80728852683e-06, 8.40246684675e-07, 1.8772725241e-07, 8.21616268354e-08, 6.5298372931e-08, 1.12044048706e-07, 7.04805387386e-08, 1.25547146013e-07, 6.17362658772e-08, 3.50271456284e-08, 4.09825382519e-08, 1.60813904415e-08, 7.09560294008e-16], "max": [0.00281849410385, 0.337496161461, 0.188675254583, 0.204858645797, 0.109026826918, 0.0333779454231, 0.0229921787977, 0.0381804816425, 0.0568578056991, 0.0503615885973, 0.0357788540423, 0.0426328852773, 0.0227392483503, 0.0313911214471, 0.0238583553582, 0.0202184319496, 0.00850258301944, 0.00472351722419, 0.00378218712285, 0.00548843992874, 0.00281398347579, 0.00488313054666, 0.00306085520424, 0.00445827050135, 0.00468725245446, 0.00187679810915, 4.91328421504e-07], "mean": [8.23341688374e-05, 0.0079032573849, 0.00454606441781, 0.00363396247849, 0.00256859883666, 0.00122394168284, 0.000669496483169, 0.00058773328783, 0.000884976529051, 0.00121667108033, 0.000502899987623, 0.000403834244935, 0.000446130288765, 0.000558237778023, 0.000389560620533, 0.000273812882369, 0.000133153662318, 0.000127827050164, 0.00011041182006, 0.000165146077052, 0.000109033229819, 0.000122876313981, 9.14978227229e-05, 4.97456676385e-05, 6.79820223013e-05, 3.50509108102e-05, 1.79676418188e-09], "median": [3.39519601766e-06, 0.000756074383389, 0.000889545655809, 0.000538653112017, 0.00123500498012, 0.000547455798369, 0.000161338262842, 0.000103016660432, 9.4680035545e-05, 6.80121738696e-05, 2.48289179581e-05, 2.22001472139e-05, 2.38587181229e-05, 2.57513129327e-05, 1.68291517184e-05, 1.69914092112e-05, 1.55733177962e-05, 2.232098268e-05, 2.01111743081e-05, 3.00589890685e-05, 1.20752938528e-05, 5.5556456573e-06, 5.66688549952e-06, 1.50316509462e-06, 6.08072014074e-07, 1.81890754902e-07, 2.27788621299e-10], "min": [5.6772146037e-24, 4.90424569584e-24, 2.05273771774e-23, 2.79445392868e-23, 5.5295343991e-23, 1.76617673639e-23, 9.59282817979e-23, 1.12539827595e-23, 4.41427566791e-23, 3.51650399503e-23, 4.0584157804e-23, 7.74166067387e-23, 8.79256918112e-23, 6.57545730543e-23, 8.38207373395e-23, 1.20626172521e-22, 1.12715904504e-22, 1.21415588785e-22, 2.88341610799e-22, 2.80838925123e-22, 4.06875269816e-22, 6.34661847559e-22, 8.39310592216e-22, 7.62787903722e-22, 1.3611446811e-21, 2.09623521144e-21, 2.63170318966e-21], "var": [5.51326628795e-08, 0.000728958344553, 0.000137723807711, 0.000155209287186, 3.09044626192e-05, 4.01760553359e-06, 2.24792802328e-06, 3.65923960999e-06, 9.08984293346e-06, 1.55230827659e-05, 3.52718961949e-06, 2.7548203434e-06, 2.58989348367e-06, 3.82673943022e-06, 1.42316753227e-06, 1.0846385976e-06, 1.46394924627e-07, 7.9308094314e-08, 5.44864953156e-08, 1.20237430679e-07, 6.56173710922e-08, 1.15672264656e-07, 6.05985093216e-08, 2.73904809944e-08, 5.07520638848e-08, 1.3958826095e-08, 1.38302163199e-16]}, "barkbands_crest": {"dmean": 3.01410317421, "dmean2": 4.91925096512, "dvar": 8.91755199432, "dvar2": 22.3689727783, "max": 26.6726837158, "mean": 11.662648201, "median": 10.7816801071, "min": 2.95629572868, "var": 21.2967891693}, "barkbands_flatness_db": {"dmean": 0.0402416959405, "dmean2": 0.056468565017, "dvar": 0.00187578611076, "dvar2": 0.00368077983148, "max": 0.721037209034, "mean": 0.238960176706, "median": 0.218743085861, "min": 0.0396657735109, "var": 0.0101107880473}, "barkbands_kurtosis": {"dmean": 12.7228965759, "dmean2": 21.0589141846, "dvar": 2086.80615234, "dvar2": 5347.84033203, "max": 1842.53369141, "mean": 14.3630056381, "median": 3.82096338272, "min": -1.93101322651, "var": 2303.203125}, "barkbands_skewness": {"dmean": 1.05160343647, "dmean2": 1.61404561996, "dvar": 2.22722816467, "dvar2": 5.24505233765, "max": 23.9372673035, "mean": 2.08092904091, "median": 1.73157906532, "min": -8.38234615326, "var": 4.57617902756}, "barkbands_spread": {"dmean": 6.3755531311, "dmean2": 9.73792266846, "dvar": 99.6596908569, "dvar2": 215.032531738, "max": 115.104476929, "mean": 15.7839155197, "median": 11.8926639557, "min": 0.0542167909443, "var": 218.774307251}, "dissonance": {"dmean": 0.0317087322474, "dmean2": 0.0503075383604, "dvar": 0.00107370433398, "dvar2": 0.00248293345794, "max": 0.500000178814, "mean": 0.427302837372, "median": 0.443041443825, "min": 0.0741395875812, "var": 0.00359623366967}, "dynamic_complexity": 5.90992879868, "erbbands": {"dmean": [0.160089358687, 2.36540961266, 5.37176036835, 7.09715890884, 10.9486188889, 4.24393749237, 4.16107368469, 5.54181003571, 5.8224978447, 6.95359420776, 7.96750354767, 11.4543085098, 23.6704540253, 16.2570743561, 12.3136787415, 11.3062772751, 12.0671720505, 18.0199966431, 17.7449989319, 10.5436172485, 9.02914333344, 4.72807645798, 3.81244516373, 3.96831941605, 3.61541175842, 4.44768285751, 3.47408819199, 2.83741211891, 2.93680047989, 3.1407995224, 1.77625966072, 1.06595122814, 0.529261469841, 0.449489593506, 0.414153248072, 0.186178892851, 0.0408623144031, 0.000849284755532, 3.8229241909e-05, 2.30587356782e-05], "dmean2": [0.270893365145, 4.28994941711, 9.79305458069, 11.5956945419, 17.7526073456, 6.86560058594, 6.52943706512, 8.62665176392, 8.90112304688, 10.7257766724, 11.4925079346, 17.1021595001, 36.6746063232, 24.8088665009, 18.9192867279, 16.807718277, 18.1124668121, 28.3222942352, 27.3106708527, 16.3015060425, 13.598950386, 6.90083599091, 5.58094358444, 5.87829589844, 5.35703849792, 6.49642515182, 4.9967212677, 4.03875207901, 4.11397123337, 4.4247713089, 2.43444132805, 1.47567594051, 0.750119149685, 0.631005644798, 0.590013206005, 0.269992500544, 0.0620441883802, 0.00128925289027, 5.67563874938e-05, 3.68378496205e-05], "dvar": [0.299796670675, 77.5938949585, 375.721557617, 444.117401123, 1993.65075684, 102.532180786, 75.2737350464, 133.995025635, 185.74067688, 423.200744629, 915.086120605, 1745.57763672, 8936.44433594, 3178.99926758, 1926.98596191, 2561.01635742, 1740.32141113, 4268.94482422, 4762.44433594, 1111.25598145, 1185.45898438, 202.142303467, 95.6023406982, 80.5238723755, 85.0931015015, 114.129737854, 66.8341903687, 60.030418396, 75.3884353638, 67.2530670166, 24.7387771606, 11.7070684433, 3.31248760223, 2.04000639915, 1.65711331367, 0.34467664361, 0.0182667188346, 7.51090328777e-06, 9.90770576692e-09, 3.13633785609e-09], "dvar2": [0.786174833775, 217.917297363, 1072.95422363, 1072.94897461, 4888.65625, 258.997772217, 176.363525391, 322.769165039, 430.5234375, 929.597167969, 1763.40930176, 3770.81713867, 20558.7226563, 6840.63818359, 4414.97558594, 6047.64355469, 3695.38769531, 11102.0751953, 11488.9658203, 2586.22827148, 2420.43994141, 431.525299072, 207.68258667, 172.207321167, 184.519363403, 245.787200928, 135.042358398, 118.611297607, 140.767181396, 124.026908875, 44.5114707947, 23.6555252075, 6.79940223694, 3.87097144127, 3.160820961, 0.682221531868, 0.0405433401465, 1.66499012266e-05, 2.07438457522e-08, 8.04765232232e-09], "max": [5.57120275497, 91.658744812, 241.345718384, 288.95199585, 760.067932129, 150.081085205, 279.83782959, 216.793426514, 303.912567139, 695.43182373, 948.874206543, 1569.99560547, 2701.37280273, 1037.66418457, 1029.97558594, 2052.84204102, 1077.80895996, 1780.44226074, 1925.0111084, 905.934082031, 1286.75878906, 331.091094971, 218.796264648, 158.044967651, 217.820220947, 276.019927979, 135.511062622, 120.590393066, 175.322357178, 122.341178894, 85.9161148071, 128.226333618, 48.5817222595, 45.4775886536, 35.0221748352, 15.0023670197, 3.48409032822, 0.0693122893572, 0.00221302895807, 0.000572874909267], "mean": [0.15035405755, 2.03654813766, 5.68078374863, 8.14729976654, 12.1185789108, 7.30316162109, 8.2196969986, 9.88687896729, 10.2859344482, 11.7639503479, 13.2384567261, 18.7538795471, 38.7152824402, 26.6460170746, 19.9390087128, 18.9735012054, 19.8647251129, 26.6974430084, 27.1309070587, 16.3167362213, 14.3806962967, 7.45203018188, 6.21640634537, 6.65807580948, 5.93748092651, 7.70655488968, 5.40951919556, 4.08485174179, 3.96279454231, 4.12006139755, 2.39102768898, 1.41862750053, 0.690581142902, 0.616001069546, 0.567552864552, 0.244370177388, 0.046813800931, 0.000978637021035, 5.16577820235e-05, 3.47949790012e-05], "median": [0.0109864678234, 0.209390074015, 1.45457839966, 2.2397942543, 2.97299098969, 3.5955927372, 3.88423633575, 4.15509223938, 2.942486763, 2.63853979111, 2.51128721237, 2.37462234497, 3.00590085983, 2.0019402504, 1.63219296932, 1.56695103645, 1.37646579742, 1.68094158173, 1.13364696503, 1.23668396473, 1.06258010864, 0.986009597778, 1.181235075, 1.40752482414, 1.26889705658, 1.50445985794, 0.891403973103, 0.310233920813, 0.189048871398, 0.238258838654, 0.142511039972, 0.0568762198091, 0.0155757488683, 0.00665036821738, 0.00405481876805, 0.00139221327845, 0.000237667831243, 8.37632433104e-06, 1.00540264611e-05, 1.82796356967e-05], "min": [2.99598315128e-22, 8.35554604565e-22, 1.27879416592e-20, 6.24413053516e-20, 2.0739878819e-19, 1.24071922004e-19, 1.08018608136e-19, 1.77585932294e-19, 1.17485268902e-18, 8.45549709018e-19, 3.25193029731e-19, 8.22903003112e-19, 1.01513290153e-18, 2.39173111624e-18, 1.51352907293e-18, 3.19367837741e-18, 4.02362322078e-18, 3.36631221202e-18, 3.49667649695e-18, 7.87493065789e-18, 4.87952437138e-18, 5.9259231491e-18, 7.53904569836e-18, 1.03550919311e-17, 1.4754534737e-17, 1.30521838015e-17, 1.62688675193e-17, 1.76311429983e-17, 2.54578829409e-17, 1.7507416631e-17, 2.75000446352e-17, 1.40805314303e-17, 1.41035717191e-17, 1.26346693504e-17, 1.0764714252e-17, 7.79367257042e-18, 3.83468565629e-18, 1.28971157676e-18, 3.11548607978e-19, 4.59139749877e-20], "var": [0.241087138653, 49.3126220703, 240.338104248, 422.445953369, 1749.72070313, 131.796920776, 184.309570313, 268.549743652, 441.97744751, 886.271606445, 2303.92919922, 4564.30566406, 19889.3007813, 6854.16357422, 3947.44848633, 5206.99267578, 4727.25097656, 9103.86035156, 9401.70410156, 2074.08862305, 3130.98730469, 382.224029541, 196.352020264, 170.160461426, 154.205917358, 249.886627197, 132.512802124, 109.712112427, 127.707931519, 118.506713867, 43.8231391907, 19.3552780151, 5.34882450104, 4.16263914108, 3.63986945152, 0.705727159977, 0.0262936986983, 1.09409120341e-05, 1.71868403953e-08, 3.1242104459e-09]}, "erbbands_crest": {"dmean": 3.38611602783, "dmean2": 5.43348073959, "dvar": 10.339553833, "dvar2": 25.6419563293, "max": 32.5176086426, "mean": 11.4731636047, "median": 10.3596897125, "min": 2.60637021065, "var": 26.9028778076}, "erbbands_flatness_db": {"dmean": 0.0326005555689, "dmean2": 0.0427320078015, "dvar": 0.00110920146108, "dvar2": 0.00180263794027, "max": 0.51495885849, "mean": 0.216091960669, "median": 0.213337182999, "min": 0.0615276806056, "var": 0.00566064380109}, "erbbands_kurtosis": {"dmean": 3.42693400383, "dmean2": 5.52250051498, "dvar": 113.20514679, "dvar2": 271.215332031, "max": 362.181884766, "mean": 3.55236029625, "median": 0.453720569611, "min": -1.92399275303, "var": 208.484527588}, "erbbands_skewness": {"dmean": 0.661065459251, "dmean2": 0.992103099823, "dvar": 0.758191347122, "dvar2": 1.63601863384, "max": 12.4989185333, "mean": 0.730819761753, "median": 0.530353307724, "min": -7.91531085968, "var": 2.03779435158}, "erbbands_spread": {"dmean": 13.0570144653, "dmean2": 19.3284816742, "dvar": 308.252868652, "dvar2": 649.008483887, "max": 188.773666382, "mean": 36.9381637573, "median": 28.9799365997, "min": 0.44607976079, "var": 824.641906738}, "gfcc": {"cov": [[26498.265625, -2174.66918945, -3409.24902344, 818.375793457, -1404.0111084, 667.237060547, -168.593856812, 137.78742981, -360.612792969, 234.610275269, -421.158782959, 185.410491943, -392.909698486], [-2174.66918945, 3861.09277344, 6.03888654709, -526.770751953, 1055.54760742, -788.939697266, 587.428771973, -313.784515381, 337.266418457, -349.70690918, 482.892913818, -341.973724365, 228.25793457], [-3409.24902344, 6.03888654709, 2941.85253906, 478.175231934, 223.421844482, 279.38381958, -149.938446045, 164.431030273, -27.4156570435, 83.6147003174, -144.820343018, 108.043060303, -130.173309326], [818.375793457, -526.770751953, 478.175231934, 988.983398438, 16.5160713196, 71.698348999, 5.67618465424, 56.3360137939, 65.6951599121, -30.2004909515, -112.097160339, 69.6465377808, -31.6112041473], [-1404.0111084, 1055.54760742, 223.421844482, 16.5160713196, 780.23046875, -58.6571006775, 263.54019165, -17.8631954193, 109.028167725, -69.845489502, 99.8530960083, -77.6036758423, 91.8502655029], [667.237060547, -788.939697266, 279.38381958, 71.698348999, -58.6571006775, 666.131652832, 9.10381221771, 67.2468032837, -114.408279419, 105.572006226, -116.098205566, 20.8963565826, -104.131317139], [-168.593856812, 587.428771973, -149.938446045, 5.67618465424, 263.54019165, 9.10381221771, 437.708831787, -16.665605545, 61.2402992249, -27.3920478821, 94.5065841675, -65.4870605469, 23.8144168854], [137.78742981, -313.784515381, 164.431030273, 56.3360137939, -17.8631954193, 67.2468032837, -16.665605545, 299.846710205, 45.7579612732, 34.6135520935, -74.9320755005, 54.2973899841, 8.81750774384], [-360.612792969, 337.266418457, -27.4156570435, 65.6951599121, 109.028167725, -114.408279419, 61.2402992249, 45.7579612732, 259.824035645, -18.6422080994, 52.3304367065, -29.1713085175, 54.2371940613], [234.610275269, -349.70690918, 83.6147003174, -30.2004909515, -69.845489502, 105.572006226, -27.3920478821, 34.6135520935, -18.6422080994, 240.231414795, -8.1838388443, 46.8966636658, -55.2588119507], [-421.158782959, 482.892913818, -144.820343018, -112.097160339, 99.8530960083, -116.098205566, 94.5065841675, -74.9320755005, 52.3304367065, -8.1838388443, 266.228118896, -39.9295425415, 37.7456436157], [185.410491943, -341.973724365, 108.043060303, 69.6465377808, -77.6036758423, 20.8963565826, -65.4870605469, 54.2973899841, -29.1713085175, 46.8966636658, -39.9295425415, 179.099273682, 14.7536067963], [-392.909698486, 228.25793457, -130.173309326, -31.6112041473, 91.8502655029, -104.131317139, 23.8144168854, 8.81750774384, 54.2371940613, -55.2588119507, 37.7456436157, 14.7536067963, 167.325515747]], "icov": [[7.51192055759e-05, -0.000163093282026, 0.000161152100191, -0.000193147396203, 0.000177283975063, -0.000190192251466, 0.0001128110016, -0.000152332620928, 0.000140692121931, -0.000139428899274, 0.000110779015813, -0.000153984859935, 0.000160989075084], [-0.000163093282026, 0.00174835696816, -0.000700535369106, 0.00116124842316, -0.00139562855475, 0.00154501432553, -0.00118804455269, 0.00114837207366, -0.00102157902438, 0.00125822157133, -0.000892674725037, 0.00125034630764, -0.00041964254342], [0.000161152100191, -0.000700535369106, 0.00088404858252, -0.000775751774199, 0.00033208008972, -0.000798746652436, 0.000757753150538, -0.000703119032551, 0.000515291758347, -0.000577327504288, 0.000404181482736, -0.000744665157981, 0.000741884286981], [-0.000193147396203, 0.00116124842316, -0.000775751774199, 0.00213784817606, -0.000945905281696, 0.0010177094955, -0.000993914552964, 0.000952370872255, -0.00129865016788, 0.0012415535748, -0.000151315369294, 0.000315640238114, -0.000156164271175], [0.000177283975063, -0.00139562855475, 0.00033208008972, -0.000945905281696, 0.00313854496926, -0.0012613463914, -0.000115450624435, -0.000820671499241, 0.000524655508343, -0.000845850736368, 0.000556955230422, -0.000488249119371, -0.00058033753885], [-0.000190192251466, 0.00154501432553, -0.000798746652436, 0.0010177094955, -0.0012613463914, 0.00342838140205, -0.00142845348455, 0.000699427037034, -0.00016168304137, 0.000452705862699, -0.000208816418308, 0.00134926300962, 0.000139090843732], [0.0001128110016, -0.00118804455269, 0.000757753150538, -0.000993914552964, -0.000115450624435, -0.00142845348455, 0.00410637957975, -0.000977739109658, 0.000480612681713, -0.000787770957686, -0.000243170768954, -0.000360361853382, 0.000599490420427], [-0.000152332620928, 0.00114837207366, -0.000703119032551, 0.000952370872255, -0.000820671499241, 0.000699427037034, -0.000977739109658, 0.00497715407982, -0.001925229677, 0.000516153522767, 0.000545678776689, -0.000156997601152, -0.000843445945065], [0.000140692121931, -0.00102157902438, 0.000515291758347, -0.00129865016788, 0.000524655508343, -0.00016168304137, 0.000480612681713, -0.001925229677, 0.00584168639034, -0.0012171366252, -0.00018896003894, 0.000394463801058, -0.000763715943322], [-0.000139428899274, 0.00125822157133, -0.000577327504288, 0.0012415535748, -0.000845850736368, 0.000452705862699, -0.000787770957686, 0.000516153522767, -0.0012171366252, 0.00617670547217, -0.00121210212819, -0.000647587294225, 0.00133746047504], [0.000110779015813, -0.000892674725037, 0.000404181482736, -0.000151315369294, 0.000556955230422, -0.000208816418308, -0.000243170768954, 0.000545678776689, -0.00018896003894, -0.00121210212819, 0.00561435660347, -0.000435278052464, -0.000233263912378], [-0.000153984859935, 0.00125034630764, -0.000744665157981, 0.000315640238114, -0.000488249119371, 0.00134926300962, -0.000360361853382, -0.000156997601152, 0.000394463801058, -0.000647587294225, -0.000435278052464, 0.00833800714463, -0.00239840429276], [0.000160989075084, -0.00041964254342, 0.000741884286981, -0.000156164271175, -0.00058033753885, 0.000139090843732, 0.000599490420427, -0.000843445945065, -0.000763715943322, 0.00133746047504, -0.000233263912378, -0.00239840429276, 0.00879211071879]], "mean": [-121.779747009, 125.852157593, -104.944328308, 36.2539558411, -54.8975906372, 5.5463552475, -31.2841281891, 1.01821875572, -24.9704322815, -2.01651954651, -13.9993877411, -6.94296169281, -6.46951389313]}, "hfc": {"dmean": 6.46303749084, "dmean2": 9.13102912903, "dvar": 149.224655151, "dvar2": 280.651824951, "max": 158.669662476, "mean": 13.9135608673, "median": 5.93382310867, "min": 1.27866148189e-16, "var": 402.219421387}, "melbands": {"dmean": [0.00202715373598, 0.00298535614274, 0.00148480024654, 0.000500613881741, 0.000145723402966, 0.000122443307191, 8.70467411005e-05, 7.69428661442e-05, 6.67243366479e-05, 7.93470680946e-05, 0.000120132564916, 6.98151052347e-05, 4.56440502603e-05, 3.33095013048e-05, 3.08159760607e-05, 2.60458182311e-05, 3.55570919055e-05, 3.27961206494e-05, 1.51197418745e-05, 1.36398994073e-05, 1.06027764559e-05, 5.40104019819e-06, 3.94896142097e-06, 3.81307131647e-06, 3.34734181706e-06, 3.08675930683e-06, 2.88039814222e-06, 3.21014135807e-06, 2.42728287958e-06, 1.97366034627e-06, 1.65806159202e-06, 1.59797548349e-06, 2.04676712201e-06, 1.63370293649e-06, 1.07419793949e-06, 8.74611032486e-07, 6.11246662174e-07, 4.0145175717e-07, 3.13954586773e-07, 4.04991567393e-07], "dmean2": [0.00357262953185, 0.00541653670371, 0.00241548940539, 0.00081224454334, 0.000228806849918, 0.00018979057495, 0.000133807960083, 0.000117187373689, 9.59380995482e-05, 0.00011842429376, 0.000186711535207, 0.000106913023046, 7.05663114786e-05, 4.95617641718e-05, 4.64705517516e-05, 3.92459332943e-05, 5.65272457607e-05, 5.07778495376e-05, 2.3665248591e-05, 2.07558114198e-05, 1.620437979e-05, 7.9819928942e-06, 6.04373963142e-06, 5.70471866013e-06, 5.06305605086e-06, 4.71683279102e-06, 4.29377723776e-06, 4.76202694699e-06, 3.5441005366e-06, 2.88073624688e-06, 2.43171734837e-06, 2.29560782827e-06, 2.95223867397e-06, 2.3364846129e-06, 1.49993513787e-06, 1.25367023429e-06, 8.72902489846e-07, 5.81887206863e-07, 4.55960588397e-07, 5.75659953483e-07], "dvar": [5.32408485014e-05, 0.000118277748697, 2.38740649365e-05, 3.11201256409e-06, 7.69721779648e-08, 6.16842470436e-08, 4.22697894464e-08, 5.16123996874e-08, 6.64356107904e-08, 7.86956846355e-08, 2.22092253921e-07, 6.5498106494e-08, 3.24265556628e-08, 1.96922975704e-08, 1.58287853935e-08, 8.53795967259e-09, 1.85302884148e-08, 1.9163678644e-08, 2.24129470539e-09, 2.05274841569e-09, 1.60803925731e-09, 3.2202346345e-10, 1.19732085357e-10, 8.57209442318e-11, 6.0243983413e-11, 7.03943639491e-11, 5.69887748103e-11, 5.92892610007e-11, 3.72283349981e-11, 2.44654331516e-11, 2.2799174007e-11, 2.58593268326e-11, 3.085318806e-11, 1.85885508375e-11, 9.8448428229e-12, 6.61245537492e-12, 4.53151752233e-12, 2.18977700556e-12, 1.11650402465e-12, 1.66135378024e-12], "dvar2": [0.00014562587603, 0.000333154224791, 5.7079763792e-05, 7.61011824579e-06, 1.84066479392e-07, 1.47350718294e-07, 1.00776190948e-07, 1.08229812668e-07, 1.30253795305e-07, 1.72771507323e-07, 5.10785241659e-07, 1.42403862924e-07, 7.76387096835e-08, 4.47078143395e-08, 3.4477817934e-08, 1.87358732973e-08, 4.86092517349e-08, 4.63286369268e-08, 5.2834687736e-09, 4.52486625946e-09, 3.36717520533e-09, 7.09935832344e-10, 2.63034982684e-10, 1.88466200979e-10, 1.3334021387e-10, 1.55588431028e-10, 1.30434968382e-10, 1.28761834528e-10, 8.00360749897e-11, 5.01568994671e-11, 4.71420923132e-11, 5.11417019844e-11, 6.09142319918e-11, 3.49470521965e-11, 1.87127049966e-11, 1.35600497844e-11, 9.73117073033e-12, 4.77594396323e-12, 2.26323625639e-12, 3.17901607816e-12], "max": [0.0736086666584, 0.122628942132, 0.0765648558736, 0.0300474055111, 0.00763189606369, 0.00490184174851, 0.00467911921442, 0.00735867768526, 0.00716996332631, 0.0108812162653, 0.0130207529292, 0.00530269695446, 0.00504007749259, 0.00539224408567, 0.00429713726044, 0.00271938601509, 0.00359097588807, 0.00408916687593, 0.00087944814004, 0.0011120197596, 0.00138804491144, 0.000505386211444, 0.000230249643209, 0.000231011930737, 0.000135419875733, 0.000185706405318, 0.000209955134778, 0.000153329485329, 0.000140903823194, 8.93160613487e-05, 8.11365171103e-05, 0.000122268582345, 7.88904144429e-05, 6.39278732706e-05, 5.160037108e-05, 7.96208914835e-05, 7.50440522097e-05, 4.17419360019e-05, 3.5249726352e-05, 3.90568602597e-05], "mean": [0.00180069450289, 0.00297091924585, 0.0016715003876, 0.000672938127536, 0.000294956756989, 0.000225368392421, 0.000152424181579, 0.000127774197608, 0.000108634900243, 0.000126361759612, 0.000194361709873, 0.000109876709757, 6.96880597388e-05, 5.26066105522e-05, 4.89182239107e-05, 3.91182802559e-05, 4.93595034641e-05, 4.76362583868e-05, 2.19826506509e-05, 2.03924319067e-05, 1.57650447363e-05, 7.68288919062e-06, 5.88893863096e-06, 5.92082596995e-06, 5.25326322531e-06, 4.48613718618e-06, 4.58260365122e-06, 5.28372083863e-06, 3.61171305485e-06, 2.72434203907e-06, 2.24479640565e-06, 2.07143807529e-06, 2.64341042566e-06, 2.08170376936e-06, 1.37778988574e-06, 1.13161775062e-06, 7.7218169281e-07, 4.93079653552e-07, 4.08318669542e-07, 5.44071383501e-07], "median": [0.000161620366271, 0.000682065612637, 0.000510658253916, 0.000277905433904, 0.000153163389768, 9.70964247244e-05, 4.29930150858e-05, 2.7336365747e-05, 1.62736159837e-05, 1.32045333885e-05, 1.29718946482e-05, 5.83095697948e-06, 4.1381445044e-06, 3.35073218594e-06, 2.80973131339e-06, 2.52694235314e-06, 2.67491122941e-06, 1.30161652123e-06, 1.15689260838e-06, 1.20776235235e-06, 9.26037500903e-07, 8.65305594289e-07, 8.66924096954e-07, 1.03368415694e-06, 9.42225710787e-07, 7.02151282894e-07, 8.02912495601e-07, 9.0668345365e-07, 5.50719562398e-07, 2.43076101469e-07, 1.10285199639e-07, 7.41531778203e-08, 1.17137673783e-07, 1.18706871888e-07, 7.8020377714e-08, 5.06815496237e-08, 2.28993055629e-08, 9.42546574123e-09, 5.26283994162e-09, 4.23163371011e-09], "min": [2.65247754341e-24, 5.28477484158e-24, 1.7009721761e-23, 1.10962760539e-23, 4.69896555007e-24, 3.94897142722e-24, 2.00079233153e-23, 8.18480738946e-24, 2.38759225094e-24, 6.09168370102e-24, 4.80215999496e-24, 9.21637949597e-24, 4.27178395926e-24, 1.04074300897e-23, 6.48042725537e-24, 9.21783494434e-24, 5.82487595452e-24, 5.77580722849e-24, 7.69923037014e-24, 9.55472746025e-24, 5.34640617752e-24, 5.94800215347e-24, 6.14792672255e-24, 7.04289730813e-24, 8.10683085556e-24, 1.20075531832e-23, 9.38840481585e-24, 8.02762369865e-24, 9.866785846e-24, 1.06531287072e-23, 1.02979890497e-23, 1.54387336672e-23, 1.00374417033e-23, 1.00578858226e-23, 1.70445373482e-23, 1.0976779404e-23, 8.08386948119e-24, 8.98410886876e-24, 1.19028090211e-23, 1.00044673175e-23], "var": [3.7297289964e-05, 7.60115508456e-05, 2.2372647436e-05, 2.86276531369e-06, 1.86221953413e-07, 1.33627338528e-07, 9.5799840949e-08, 1.095410056e-07, 1.68695848402e-07, 2.01048905524e-07, 4.90035745315e-07, 1.38522921134e-07, 6.29059897506e-08, 4.59869937686e-08, 3.90358465552e-08, 1.82008843552e-08, 3.67465560203e-08, 3.54811966474e-08, 3.84130016684e-09, 4.99691044098e-09, 3.73714170721e-09, 5.36104882709e-10, 2.44384623649e-10, 1.63708616108e-10, 1.19369139573e-10, 1.14092624237e-10, 1.0297013936e-10, 1.26195137673e-10, 7.00835015022e-11, 4.46969024293e-11, 3.80684234136e-11, 4.01348849988e-11, 5.14400015639e-11, 3.12011458337e-11, 1.586205646e-11, 1.0756371488e-11, 6.79093283343e-12, 3.13283231822e-12, 1.87401721745e-12, 3.44458467826e-12]}, "melbands_crest": {"dmean": 3.55741524696, "dmean2": 5.70819950104, "dvar": 12.2391757965, "dvar2": 28.3236999512, "max": 37.6259460449, "mean": 16.4501781464, "median": 15.7693042755, "min": 2.28676342964, "var": 34.7098503113}, "melbands_flatness_db": {"dmean": 0.0487121492624, "dmean2": 0.0650403797626, "dvar": 0.00277785118669, "dvar2": 0.00487327203155, "max": 0.893087923527, "mean": 0.307788968086, "median": 0.281994223595, "min": 0.00711198756471, "var": 0.0179142057896}, "melbands_kurtosis": {"dmean": 20.8615779877, "dmean2": 34.1573066711, "dvar": 2323.57128906, "dvar2": 5798.04296875, "max": 977.772583008, "mean": 28.4970188141, "median": 10.7936058044, "min": -1.94898939133, "var": 3290.14916992}, "melbands_skewness": {"dmean": 1.28432738781, "dmean2": 1.9774081707, "dvar": 2.93480324745, "dvar2": 6.90631103516, "max": 25.6238460541, "mean": 3.147783041, "median": 2.61369228363, "min": -3.89094781876, "var": 6.67292976379}, "melbands_spread": {"dmean": 7.49277734756, "dmean2": 11.3863592148, "dvar": 271.580383301, "dvar2": 505.371643066, "max": 293.547485352, "mean": 17.582201004, "median": 11.1347427368, "min": 0.0678296610713, "var": 608.872924805}, "mfcc": {"cov": [[19540.3691406, -466.228942871, -2285.20703125, -37.1221809387, -1042.20568848, 219.474853516, -279.397888184, 79.4747924805, -171.046722412, 246.810684204, -196.079483032, -197.397369385, 41.5310821533], [-466.228942871, 3477.98144531, -345.035736084, 219.45324707, 171.963562012, -205.714202881, 225.068725586, -23.8324222565, -91.2233200073, 57.4343452454, 37.4311676025, 134.795898438, 62.3532028198], [-2285.20703125, -345.035736084, 2053.37475586, 294.312744141, 389.981140137, 158.551315308, -7.38846492767, 68.1542739868, 127.941833496, -140.242126465, 154.379425049, 68.9155883789, -62.3639183044], [-37.1221809387, 219.45324707, 294.312744141, 832.623718262, 218.658966064, 13.9026632309, -35.3199729919, 100.245262146, 125.19821167, -53.3672409058, -11.1714220047, 122.333763123, 32.1159324646], [-1042.20568848, 171.963562012, 389.981140137, 218.658966064, 484.576171875, 81.4016952515, 59.1878623962, 79.7900772095, 109.320274353, -3.63745737076, 3.65264201164, 43.6346473694, 4.27294301987], [219.474853516, -205.714202881, 158.551315308, 13.9026632309, 81.4016952515, 438.013580322, 179.311737061, 48.7121696472, 24.6096839905, 38.3325881958, 68.5851593018, -51.5277519226, 2.23855662346], [-279.397888184, 225.068725586, -7.38846492767, -35.3199729919, 59.1878623962, 179.311737061, 357.499450684, 70.1004486084, -4.38568735123, 63.2403450012, 59.1903266907, -12.7211093903, 16.9543952942], [79.4747924805, -23.8324222565, 68.1542739868, 100.245262146, 79.7900772095, 48.7121696472, 70.1004486084, 238.562805176, 99.2806396484, 32.0011749268, -3.61002993584, 1.30399358273, 9.68352794647], [-171.046722412, -91.2233200073, 127.941833496, 125.19821167, 109.320274353, 24.6096839905, -4.38568735123, 99.2806396484, 275.168884277, 17.819065094, 20.4588489532, 17.1346130371, 13.7001686096], [246.810684204, 57.4343452454, -140.242126465, -53.3672409058, -3.63745737076, 38.3325881958, 63.2403450012, 32.0011749268, 17.819065094, 239.780212402, 13.1721353531, -9.73259925842, 18.4370479584], [-196.079483032, 37.4311676025, 154.379425049, -11.1714220047, 3.65264201164, 68.5851593018, 59.1903266907, -3.61002993584, 20.4588489532, 13.1721353531, 189.490707397, 44.2663993835, 1.22299003601], [-197.397369385, 134.795898438, 68.9155883789, 122.333763123, 43.6346473694, -51.5277519226, -12.7211093903, 1.30399358273, 17.1346130371, -9.73259925842, 44.2663993835, 183.163528442, 40.2414665222], [41.5310821533, 62.3532028198, -62.3639183044, 32.1159324646, 4.27294301987, 2.23855662346, 16.9543952942, 9.68352794647, 13.7001686096, 18.4370479584, 1.22299003601, 40.2414665222, 113.011146545]], "icov": [[7.00097079971e-05, -2.06333288588e-06, 6.53204551782e-05, -4.66826859338e-05, 0.000132027518703, -0.000117505318485, 0.000110500048322, -7.862723578e-05, 2.18972254515e-05, -4.43907993031e-05, 1.77144593181e-05, 1.62266806001e-05, 1.08359890874e-05], [-2.06333288588e-06, 0.000368038687157, 8.45543545438e-05, -0.000123299265397, -0.000206113632885, 0.000330903218128, -0.000363182130968, 0.000110479930299, 0.000165508972714, -4.16589100496e-05, -0.000148259350681, -7.52092382754e-05, -5.92296055402e-05], [6.53204551782e-05, 8.45543545438e-05, 0.000772526953369, -0.00015435439127, -0.000407966348575, -0.000211910883081, 0.000219905778067, -0.000127821840579, 1.83382035175e-05, 0.000317567086313, -0.000589208677411, -4.86698663735e-05, 0.000366776861483], [-4.66826859338e-05, -0.000123299265397, -0.00015435439127, 0.00171431002673, -0.000454614841146, -0.000220455127419, 0.00030822341796, -0.000427075166954, -0.000405422470067, 0.000348630564986, 0.000440190196969, -0.00099646858871, -0.000132928311359], [0.000132027518703, -0.000206113632885, -0.000407966348575, -0.000454614841146, 0.00333860469982, -0.000664118269924, -0.000112901456305, -0.000348210684024, -0.000766657991335, -0.000215605046833, 0.000884196837433, -0.000428077823017, 0.00017394090537], [-0.000117505318485, 0.000330903218128, -0.000211910883081, -0.000220455127419, -0.000664118269924, 0.00378371821716, -0.00188257300761, 0.00020339647017, 8.8085711468e-05, -0.000139717696584, -0.00108951912262, 0.00128551165108, -0.000412361696362], [0.000110500048322, -0.000363182130968, 0.000219905778067, 0.00030822341796, -0.000112901456305, -0.00188257300761, 0.00464065512642, -0.00138216197956, 0.000597903504968, -0.000536428415217, -0.000820326502435, 0.000120474418509, -0.000361672107829], [-7.862723578e-05, 0.000110479930299, -0.000127821840579, -0.000427075166954, -0.000348210684024, 0.00020339647017, -0.00138216197956, 0.00572560867295, -0.00175269891042, -0.000447689322755, 0.000631461851299, 0.000166141457157, -3.58227080142e-05], [2.18972254515e-05, 0.000165508972714, 1.83382035175e-05, -0.000405422470067, -0.000766657991335, 8.8085711468e-05, 0.000597903504968, -0.00175269891042, 0.00491243926808, -0.000359646684956, -0.000850300013553, 0.000265667506028, -0.000508557888679], [-4.43907993031e-05, -4.16589100496e-05, 0.000317567086313, 0.000348630564986, -0.000215605046833, -0.000139717696584, -0.000536428415217, -0.000447689322755, -0.000359646684956, 0.00480210827664, -0.000378131488105, 0.000104620463389, -0.000527768745087], [1.77144593181e-05, -0.000148259350681, -0.000589208677411, 0.000440190196969, 0.000884196837433, -0.00108951912262, -0.000820326502435, 0.000631461851299, -0.000850300013553, -0.000378131488105, 0.00713215442374, -0.00231767981313, 0.000595035264269], [1.62266806001e-05, -7.52092382754e-05, -4.86698663735e-05, -0.00099646858871, -0.000428077823017, 0.00128551165108, 0.000120474418509, 0.000166141457157, 0.000265667506028, 0.000104620463389, -0.00231767981313, 0.00778749445453, -0.00254692859016], [1.08359890874e-05, -5.92296055402e-05, 0.000366776861483, -0.000132928311359, 0.00017394090537, -0.000412361696362, -0.000361672107829, -3.58227080142e-05, -0.000508557888679, -0.000527768745087, 0.000595035264269, -0.00254692859016, 0.0102247158065]], "mean": [-756.828552246, 139.783294678, 13.0629606247, 32.6985778809, 0.991603255272, 7.22312021255, 1.80019128323, 2.20557689667, -5.25731992722, 3.69833612442, -5.20661592484, -4.71847820282, -2.14692187309]}, "pitch_salience": {"dmean": 0.0853995606303, "dmean2": 0.138192772865, "dvar": 0.00726943230256, "dvar2": 0.0180258397013, "max": 0.882428526878, "mean": 0.493145018816, "median": 0.502357959747, "min": 0.06623416394, "var": 0.0165195930749}, "silence_rate_20dB": {"dmean": 0.000269142794423, "dmean2": 0.000538357999176, "dvar": 0.000269109063083, "dvar2": 0.000538025633432, "max": 1, "mean": 0.999730885029, "median": 1, "min": 0, "var": 0.000269072887022}, "silence_rate_30dB": {"dmean": 0.0624411255121, "dmean2": 0.124899059534, "dvar": 0.0585476793349, "dvar2": 0.12788310647, "max": 1, "mean": 0.94389128685, "median": 1, "min": 0, "var": 0.0529572255909}, "silence_rate_60dB": {"dmean": 0.0527519844472, "dmean2": 0.105518169701, "dvar": 0.0499650649726, "dvar2": 0.105954661965, "max": 1, "mean": 0.198869749904, "median": 0, "min": 0, "var": 0.159321293235}, "spectral_centroid": {"dmean": 283.457885742, "dmean2": 414.710906982, "dvar": 204665.21875, "dvar2": 362354.96875, "max": 10981.2880859, "mean": 1012.16296387, "median": 858.026489258, "min": 70.9409942627, "var": 624571.9375}, "spectral_complexity": {"dmean": 2.62494945526, "dmean2": 3.70040369034, "dvar": 20.729631424, "dvar2": 31.6991043091, "max": 60, "mean": 10.187297821, "median": 8, "min": 0, "var": 76.8156738281}, "spectral_contrast_coeffs": {"dmean": [0.0543830394745, 0.0497729294002, 0.0461358316243, 0.0401682816446, 0.0323323644698, 0.0306021943688], "dmean2": [0.0859470963478, 0.0775884911418, 0.0699842050672, 0.0600484460592, 0.0474068894982, 0.0434960760176], "dvar": [0.00250563910231, 0.00188489514403, 0.00159993872512, 0.00121962092817, 0.000764170952607, 0.000828995776828], "dvar2": [0.005605308339, 0.00434247497469, 0.00340621359646, 0.00251857354306, 0.00154424656648, 0.00142487057019], "max": [-0.263742059469, -0.335568219423, -0.395766437054, -0.44099226594, -0.534964561462, -0.417194724083], "mean": [-0.622436404228, -0.693651258945, -0.726511955261, -0.739175856113, -0.759324908257, -0.751198410988], "median": [-0.630133509636, -0.701403141022, -0.738955497742, -0.749415516853, -0.758811831474, -0.743880093098], "min": [-0.962790369987, -0.9513194561, -0.966416656971, -0.960488736629, -0.962421357632, -0.957849800587], "var": [0.0107786795124, 0.00936903897673, 0.00963352620602, 0.00814690627158, 0.004454664886, 0.00539851840585]}, "spectral_contrast_valleys": {"dmean": [0.522863566875, 0.473184198141, 0.473646074533, 0.496267855167, 0.544937372208, 0.682550370693], "dmean2": [0.809927165508, 0.69781690836, 0.666660904884, 0.653873383999, 0.635796487331, 0.76215749979], "dvar": [0.310917198658, 0.267841666937, 0.270817041397, 0.30176371336, 0.348948568106, 0.520656108856], "dvar2": [0.594456136227, 0.492386728525, 0.439196795225, 0.438106000423, 0.435972124338, 0.597026884556], "max": [-4.83052492142, -4.94995307922, -4.9692234993, -5.46050024033, -5.69445514679, -7.76634263992], "mean": [-8.02576160431, -7.95278167725, -8.80009078979, -9.45964050293, -9.32084465027, -12.1003265381], "median": [-7.72411298752, -7.47038793564, -8.41439247131, -9.11616516113, -8.86133384705, -12.2579269409], "min": [-26.7058563232, -27.4566001892, -27.2296714783, -27.3669013977, -27.219543457, -27.3371086121], "var": [2.69585323334, 2.7676525116, 2.89596700668, 3.03203821182, 3.51885271072, 4.00626134872]}, "spectral_decrease": {"dmean": 4.82553463854e-09, "dmean2": 7.94493093537e-09, "dvar": 1.6869390387e-16, "dvar2": 4.45665008769e-16, "max": 1.5535531952e-28, "mean": -6.79404976722e-09, "median": -3.56379747934e-09, "min": -1.3492125106e-07, "var": 1.44840595807e-16}, "spectral_energy": {"dmean": 0.0187076553702, "dmean2": 0.0306597687304, "dvar": 0.00246916455217, "dvar2": 0.00649960711598, "max": 0.514755785465, "mean": 0.0269043408334, "median": 0.0141565836966, "min": 1.10114913222e-20, "var": 0.00216768169776}, "spectral_energyband_high": {"dmean": 0.000354203773895, "dmean2": 0.000476147222798, "dvar": 6.92158096172e-07, "dvar2": 1.14543274776e-06, "max": 0.0118773141876, "mean": 0.000567029172089, "median": 7.314098184e-05, "min": 8.62697276208e-21, "var": 1.59349065143e-06}, "spectral_energyband_low": {"dmean": 0.0134307788685, "dmean2": 0.0233249142766, "dvar": 0.00202255719341, "dvar2": 0.00553233874962, "max": 0.468876004219, "mean": 0.0140068372712, "median": 0.00470610614866, "min": 3.7835160565e-23, "var": 0.00143380824011}, "spectral_energyband_middle_high": {"dmean": 0.00170972466003, "dmean2": 0.00243063061498, "dvar": 1.55000452651e-05, "dvar2": 3.20127765008e-05, "max": 0.0585421770811, "mean": 0.00385527755134, "median": 0.000676777679473, "min": 1.18699135529e-21, "var": 5.67807910556e-05}, "spectral_energyband_middle_low": {"dmean": 0.00614783493802, "dmean2": 0.00950577668846, "dvar": 0.000324446853483, "dvar2": 0.000745158351492, "max": 0.292563438416, "mean": 0.0101359533146, "median": 0.00541959051043, "min": 2.58255036475e-22, "var": 0.000370960537111}, "spectral_entropy": {"dmean": 0.34255233407, "dmean2": 0.450871020555, "dvar": 0.165422230959, "dvar2": 0.267439335585, "max": 9.78976249695, "mean": 6.81228923798, "median": 6.89283370972, "min": 3.17101883888, "var": 0.812143623829}, "spectral_flux": {"dmean": 0.0385451354086, "dmean2": 0.059628687799, "dvar": 0.00483308825642, "dvar2": 0.00955963227898, "max": 0.64128112793, "mean": 0.078647442162, "median": 0.0508885681629, "min": 1.04935650447e-10, "var": 0.0080097457394}, "spectral_kurtosis": {"dmean": 7.57104825974, "dmean2": 11.3797101974, "dvar": 268.253967285, "dvar2": 481.460021973, "max": 367.320373535, "mean": 13.7684593201, "median": 4.90144348145, "min": -1.52968299389, "var": 813.319519043}, "spectral_rms": {"dmean": 0.00124250585213, "dmean2": 0.00184323918074, "dvar": 5.43235319128e-06, "dvar2": 1.27594812511e-05, "max": 0.0224098358303, "mean": 0.00409098295495, "median": 0.00371635565534, "min": 3.27763922774e-12, "var": 9.51192123466e-06}, "spectral_rolloff": {"dmean": 521.43347168, "dmean2": 880.95526123, "dvar": 1788936.375, "dvar2": 3465590, "max": 19056.8847656, "mean": 1221.12780762, "median": 581.396484375, "min": 43.06640625, "var": 3829425.5}, "spectral_skewness": {"dmean": 0.63658541441, "dmean2": 0.902232527733, "dvar": 0.834551215172, "dvar2": 1.33308303356, "max": 16.3256397247, "mean": 2.21293115616, "median": 1.6136906147, "min": -1.22717690468, "var": 3.58968853951}, "spectral_spread": {