{"lowlevel": {"average_loudness": 0.952626228333, "barkbands": {"dmean": [0.00249855639413, 0.00783999543637, 0.00412681279704, 0.00175764318556, 0.00309360167012, 0.0036548897624, 0.00167740590405, 0.00112505652942, 0.000804868177511, 0.000503241550177, 0.000483124546008, 0.000713854213245, 0.000428955099778, 0.000200717055122, 0.000205128992093, 8.74008983374e-05, 7.59209215175e-05, 4.52781023341e-05, 3.19172359013e-05, 2.76755417872e-05, 1.72017644218e-05, 2.09051922866e-05, 6.9882439675e-06, 2.76041532743e-06, 2.40864915213e-06, 3.81388463211e-06, 5.49786855117e-05], "dmean2": [0.00409344537184, 0.0131050851196, 0.00684664398432, 0.00289583043195, 0.00511069782078, 0.00571525795385, 0.00265116826631, 0.00179835979361, 0.00126337981783, 0.000803661765531, 0.000772310653701, 0.00113831541967, 0.000687075953465, 0.000321887026075, 0.000327583140461, 0.000139000709169, 0.000121621247672, 6.98995572748e-05, 4.79999034724e-05, 3.94921771658e-05, 2.5488441679e-05, 3.24338361679e-05, 1.14039976324e-05, 4.52428685094e-06, 4.0022223402e-06, 6.28967927696e-06, 8.06865573395e-05], "dvar": [1.1969777006e-05, 9.54526112764e-05, 4.10216271121e-05, 7.54859047447e-06, 2.33111986745e-05, 3.21150000673e-05, 7.49820037527e-06, 6.14153441347e-06, 4.16106240664e-06, 1.82902920187e-06, 1.02447108929e-06, 1.39891210438e-06, 4.44232227892e-07, 9.29637380409e-08, 9.09302855234e-08, 1.61909738949e-08, 2.2036683589e-08, 5.82201664656e-09, 3.18610249295e-09, 5.14378655225e-08, 1.13345210995e-09, 6.24341423006e-09, 4.29640739652e-10, 1.72151147504e-11, 1.40858904402e-11, 9.55088230725e-11, 7.65835039829e-09], "dvar2": [2.96645048365e-05, 0.000252275902312, 0.00010010634287, 1.8175722289e-05, 5.86534297327e-05, 7.53704734962e-05, 1.82766070793e-05, 1.4636522792e-05, 9.19672675082e-06, 4.25838197771e-06, 2.46404965765e-06, 3.42783732776e-06, 1.09740051357e-06, 2.3614821032e-07, 2.10425710634e-07, 3.8246380285e-08, 5.46802212398e-08, 1.30957964473e-08, 6.67494814977e-09, 8.66232596763e-08, 2.36554709154e-09, 1.54638541972e-08, 1.11653264412e-09, 4.19192146273e-11, 3.47007943213e-11, 2.55620802303e-10, 1.60628719215e-08], "max": [0.060013525188, 0.141835659742, 0.127190604806, 0.0523025169969, 0.120196700096, 0.131445989013, 0.062689140439, 0.0564622394741, 0.0577153712511, 0.0343687385321, 0.0259417593479, 0.0301361940801, 0.0187426824123, 0.00871730688959, 0.0103386091068, 0.00413017999381, 0.00610410328954, 0.00189448264427, 0.00194004527293, 0.0175221320242, 0.0010198057862, 0.00312545709312, 0.000508856028318, 6.89170919941e-05, 5.28017153556e-05, 0.000297710997984, 0.00312468246557], "mean": [0.00391093920916, 0.0133958570659, 0.00641278596595, 0.00237878691405, 0.00530484365299, 0.0068402485922, 0.00292397639714, 0.00176838203333, 0.00124287011568, 0.000744320859667, 0.000779700058047, 0.00122530839872, 0.000742302043363, 0.00034878461156, 0.000391522276914, 0.00016395979037, 0.000140328134876, 8.42187364469e-05, 5.93974618823e-05, 4.72867468488e-05, 3.13901728077e-05, 2.71342069027e-05, 8.33758895169e-06, 3.07195477944e-06, 2.33123364524e-06, 4.37002790932e-06, 0.000137299197377], "median": [0.00245259748772, 0.00933777075261, 0.00247707637027, 0.00113087124191, 0.00332171889022, 0.00383147737011, 0.00175468111411, 0.000695028924383, 0.000477251014672, 0.00031474372372, 0.000402182806283, 0.000738278962672, 0.000464731128886, 0.000229333003517, 0.000259788357653, 0.000112641442684, 8.68666029419e-05, 4.96065949847e-05, 3.35053991876e-05, 2.25223666348e-05, 1.66178106156e-05, 9.75966395345e-06, 3.84488521377e-06, 1.40515942348e-06, 8.27604253573e-07, 2.04890056921e-06, 0.000102463425719], "min": [3.55466719235e-24, 2.12474352122e-23, 5.1190935411e-24, 1.14582736737e-24, 2.61859332485e-23, 3.83402461145e-23, 2.61022729718e-23, 1.74281651395e-23, 9.71171709127e-23, 5.5398438645e-23, 3.21963733482e-23, 6.69578699247e-23, 1.44596815532e-22, 9.71673424663e-23, 1.46431882702e-22, 1.25758615167e-22, 6.67733522035e-23, 1.80395235058e-22, 1.89035167858e-22, 3.12174575493e-22, 3.72261037793e-22, 3.5156993569e-22, 6.13368813031e-22, 8.32366243356e-22, 1.10214950377e-21, 1.63814123515e-21, 2.37779529427e-21], "var": [2.10850485018e-05, 0.000185338270967, 0.000116140057798, 1.38481836984e-05, 4.06875515182e-05, 8.0316036474e-05, 1.52120592247e-05, 1.34292595249e-05, 8.10108303995e-06, 3.08148014483e-06, 1.91267554328e-06, 2.76192554338e-06, 8.76414162576e-07, 1.63966348055e-07, 2.17391587398e-07, 3.49689699419e-08, 4.35172644586e-08, 1.15437481796e-08, 6.86415502216e-09, 7.84089309036e-08, 2.20875184809e-09, 6.28588603391e-09, 3.65629110322e-10, 2.07657693124e-11, 1.55298118115e-11, 7.81051404108e-11, 1.99251370958e-08]}, "barkbands_crest": {"dmean": 2.79967308044, "dmean2": 4.6239027977, "dvar": 5.96878767014, "dvar2": 15.0099573135, "max": 26.2883796692, "mean": 10.6436929703, "median": 9.90603256226, "min": 2.84181022644, "var": 15.727643013}, "barkbands_flatness_db": {"dmean": 0.0263798963279, "dmean2": 0.0405476056039, "dvar": 0.000494447653182, "dvar2": 0.00114280206617, "max": 0.460171043873, "mean": 0.17338706553, "median": 0.170613482594, "min": 0.0359467715025, "var": 0.00184890022501}, "barkbands_kurtosis": {"dmean": 4.77089929581, "dmean2": 7.48794555664, "dvar": 89.0833129883, "dvar2": 201.580718994, "max": 238.771179199, "mean": 9.75573253632, "median": 6.36874294281, "min": -1.61183619499, "var": 184.386245728}, "barkbands_skewness": {"dmean": 0.579385817051, "dmean2": 0.905237197876, "dvar": 0.404938161373, "dvar2": 0.904436051846, "max": 12.896645546, "mean": 2.16817212105, "median": 1.96499967575, "min": -1.80725371838, "var": 1.51764678955}, "barkbands_spread": {"dmean": 3.25445413589, "dmean2": 5.04007005692, "dvar": 12.0171413422, "dvar2": 27.679309845, "max": 70.704498291, "mean": 12.2582492828, "median": 11.3611774445, "min": 0.432355195284, "var": 40.5914878845}, "dissonance": {"dmean": 0.0244079641998, "dmean2": 0.0409802645445, "dvar": 0.000494550506119, "dvar2": 0.00132377957925, "max": 0.500000059605, "mean": 0.454090029001, "median": 0.461020559072, "min": 0.219253405929, "var": 0.00103466759901}, "dynamic_complexity": 2.07172727585, "erbbands": {"dmean": [0.34649053216, 1.4914046526, 4.34239768982, 5.19636535645, 5.77867031097, 13.8801584244, 15.3977460861, 38.8583526611, 26.221540451, 22.0275211334, 22.4877719879, 17.9567470551, 15.2952594757, 17.7943172455, 19.6697273254, 27.7100086212, 19.684797287, 9.75267791748, 10.5207796097, 8.056391716, 4.12764310837, 4.06457996368, 2.56854462624, 2.03885936737, 1.61094927788, 1.08143019676, 0.721161305904, 0.718153774738, 0.736287117004, 0.516550242901, 0.15984916687, 0.0709153562784, 0.0407364144921, 0.0272099785507, 0.0169920139015, 0.00950557366014, 0.00700352014974, 0.0129255065694, 0.00328760221601, 0.00131636497099], "dmean2": [0.577914297581, 2.49757361412, 7.25630235672, 8.49138736725, 9.60817050934, 22.9133987427, 24.904630661, 60.6197509766, 41.3020553589, 34.8852081299, 35.7508621216, 28.1073722839, 24.1313304901, 27.8670063019, 31.3588180542, 44.1426086426, 31.3185405731, 15.5022087097, 16.787153244, 12.7868032455, 6.52901935577, 6.4525847435, 3.9580681324, 3.12373638153, 2.33344626427, 1.56717634201, 1.06919467449, 1.06827688217, 1.12894904613, 0.842647016048, 0.258758485317, 0.115096256137, 0.0673670843244, 0.0452045239508, 0.0282206349075, 0.0157520826906, 0.0114072654396, 0.0207190737128, 0.00459989067167, 0.00191095587797], "dvar": [0.195769682527, 3.98655223846, 42.1314926147, 56.0210456848, 67.9057998657, 487.10345459, 918.980651855, 3870.83276367, 2110.51611328, 1611.02563477, 2244.83276367, 2141.96459961, 2640.43432617, 2411.86303711, 1211.22106934, 2025.83984375, 938.916748047, 225.364440918, 228.287216187, 133.964599609, 34.0027198792, 56.9891433716, 22.3789730072, 13.51354599, 110.396629333, 21.9307384491, 1.55470621586, 2.70439124107, 6.7350358963, 4.19847345352, 0.211247548461, 0.0129677047953, 0.00391242001206, 0.00179803138599, 0.00069986510789, 0.000215653300984, 0.000262043700786, 0.00336504820734, 6.73338290653e-05, 3.17320382237e-06], "dvar2": [0.528037130833, 10.3884563446, 108.044548035, 135.991195679, 174.882629395, 1226.46740723, 2151.65551758, 8994.67578125, 5187.98242188, 3811.63964844, 5272.04101562, 4776.35839844, 5951.39892578, 5845.21484375, 3014.83349609, 4879.45166016, 2311.10449219, 570.865905762, 517.548583984, 321.864990234, 77.6187973022, 138.163269043, 51.5108680725, 30.3036975861, 190.550888062, 36.3151702881, 3.06009697914, 5.9059138298, 16.1480979919, 11.0549297333, 0.542468011379, 0.0315654650331, 0.00960991159081, 0.00442886399105, 0.0017240740126, 0.000530520861503, 0.000683354737703, 0.0089447144419, 0.000145875557791, 6.1472460402e-06], "max": [6.88028907776, 33.1285095215, 113.048271179, 149.458526611, 127.763786316, 453.252807617, 854.16027832, 1411.5189209, 1075.9675293, 784.145080566, 1142.85180664, 1675.67285156, 1507.35229492, 1803.39355469, 1124.71459961, 1198.85498047, 965.641662598, 633.632507324, 477.121307373, 382.998168945, 196.831344604, 302.491424561, 169.558441162, 138.820953369, 759.997741699, 365.940002441, 32.1010932922, 50.5817985535, 87.0713348389, 71.8338317871, 14.4270458221, 3.18450808525, 0.891103386879, 0.598249435425, 0.371702849865, 0.206361591816, 0.614396870136, 2.27858924866, 0.275664269924, 0.0790780261159], "mean": [0.584186255932, 2.29506206512, 6.73649787903, 8.3678817749, 9.01149654388, 23.0394153595, 26.4767608643, 72.0444335938, 48.6215705872, 38.7721977234, 38.2201461792, 28.4375934601, 23.2927455902, 29.0919055939, 34.1271362305, 49.9889030457, 37.1184501648, 19.0153598785, 20.899263382, 15.9079866409, 8.59624862671, 7.80664587021, 4.97224569321, 3.84804344177, 2.80676865578, 1.97414541245, 1.36375463009, 1.24524986744, 0.999516904354, 0.585747122765, 0.194953531027, 0.0858734622598, 0.0412360131741, 0.0263881757855, 0.0165402907878, 0.00956491939723, 0.00846808869392, 0.0151829663664, 0.00661639589816, 0.00434616440907], "median": [0.363532185555, 1.4909440279, 3.05193591118, 4.3040304184, 5.88086366653, 12.2295646667, 16.1561603546, 35.5580863953, 31.1619911194, 20.3141288757, 16.8385429382, 11.8389701843, 8.3749256134, 13.8358726501, 19.912115097, 31.2824668884, 24.131526947, 13.7952232361, 14.1581754684, 11.0209560394, 6.14889764786, 4.87424087524, 2.91554188728, 2.20305418968, 1.42705845833, 1.05191779137, 0.77078306675, 0.588951706886, 0.368718266487, 0.220103055239, 0.0931407362223, 0.0422376319766, 0.0164206810296, 0.00939146522433, 0.00593074504286, 0.00370965409093, 0.00407228711993, 0.00493527762592, 0.00341173238121, 0.0037339029368], "min": [6.39445550575e-22, 4.86756087434e-21, 6.40600776155e-21, 7.16357070502e-21, 1.0747295166e-20, 8.75860256225e-20, 8.55439170229e-20, 3.50732644733e-19, 4.2916146432e-19, 3.77384068028e-19, 6.49680784591e-19, 1.86432572076e-18, 1.72368537109e-18, 1.77266625067e-18, 3.06716958132e-18, 2.65725733364e-18, 5.72833492977e-18, 6.16249018685e-18, 6.93231161418e-18, 6.42684594368e-18, 5.38551447439e-18, 4.03487990814e-18, 9.62440772727e-18, 8.8240178404e-18, 1.07366976446e-17, 1.62941395414e-17, 1.16673635149e-17, 1.77452823423e-17, 1.42984521627e-17, 1.90946157535e-17, 1.7258812461e-17, 1.89255234927e-17, 1.43684746559e-17, 1.05339110087e-17, 9.40245614377e-18, 5.80389581078e-18, 3.11735793781e-18, 1.30844969918e-18, 3.37243190099e-19, 3.46133759635e-20], "var": [0.399606496096, 6.75848150253, 103.598602295, 127.960365295, 104.573272705, 954.773986816, 1576.69763184, 10201.7148438, 4011.98413086, 3764.46655273, 5292.6328125, 4032.31665039, 4275.54150391, 4352.78076172, 2321.62231445, 4218.72802734, 1969.94177246, 402.019958496, 584.076599121, 299.019317627, 78.4299468994, 116.946022034, 47.2874794006, 26.8392925262, 168.270309448, 36.8555870056, 3.47935271263, 4.61380577087, 7.53669786453, 3.29051089287, 0.190481334925, 0.015757670626, 0.00441579660401, 0.00198275549337, 0.000772822182626, 0.000241030924371, 0.00024109975493, 0.00267805811018, 0.000119578071462, 1.11977797133e-05]}, "erbbands_crest": {"dmean": 2.64388656616, "dmean2": 4.25306892395, "dvar": 6.0434422493, "dvar2": 14.5400075912, "max": 30.3748416901, "mean": 9.2399148941, "median": 8.16818237305, "min": 2.29214715958, "var": 18.1905879974}, "erbbands_flatness_db": {"dmean": 0.0241275709122, "dmean2": 0.0366673916578, "dvar": 0.000393780559534, "dvar2": 0.000914485368412, "max": 0.427386432886, "mean": 0.174703642726, "median": 0.172394305468, "min": 0.0567063577473, "var": 0.00171076017432}, "erbbands_kurtosis": {"dmean": 0.900485813618, "dmean2": 1.42930519581, "dvar": 2.56502914429, "dvar2": 5.34634304047, "max": 96.433013916, "mean": 0.484405845404, "median": -0.0636720657349, "min": -1.61619615555, "var": 6.09352684021}, "erbbands_skewness": {"dmean": 0.370469152927, "dmean2": 0.567718088627, "dvar": 0.110521689057, "dvar2": 0.257741093636, "max": 7.98443889618, "mean": 0.517737209797, "median": 0.471354722977, "min": -5.44142246246, "var": 0.460200965405}, "erbbands_spread": {"dmean": 5.1197552681, "dmean2": 7.79540729523, "dvar": 27.5468349457, "dvar2": 62.1452598572, "max": 93.0845718384, "mean": 26.0910682678, "median": 24.3048381805, "min": 1.0148422718, "var": 115.407188416}, "gfcc": {"cov": [[3435.06542969, -23.7263755798, -48.7907447815, -5.54719257355, -3.54285812378, 22.1583881378, -17.0339813232, 47.2945671082, -10.9173383713, 56.7784957886, -37.5012512207, 23.6019668579, 35.0132522583], [-23.7263755798, 609.221679688, -4.27583026886, -135.380081177, 116.032615662, -43.1857337952, 53.3879165649, -73.5293807983, 43.3331794739, -27.855381012, 48.9039459229, -29.9192409515, 28.0507316589], [-48.7907447815, -4.27583026886, 354.555145264, 173.738983154, -20.2245483398, 145.239471436, -116.129692078, 85.9542312622, -63.945728302, 33.8808288574, -8.20512676239, -13.0945196152, -5.62011623383], [-5.54719257355, -135.380081177, 173.738983154, 313.988250732, 77.267250061, -3.62600421906, 36.307308197, -10.8710508347, -3.2531375885, -5.39629983902, -41.4688796997, 18.1550102234, -42.0964508057], [-3.54285812378, 116.032615662, -20.2245483398, 77.267250061, 171.531082153, 5.4782743454, 76.8792419434, -46.0207824707, 34.923084259, -16.5007305145, -3.92989945412, -7.53884410858, 9.86859035492], [22.1583881378, -43.1857337952, 145.239471436, -3.62600421906, 5.4782743454, 215.993453979, -60.3109779358, 99.752494812, -44.8290290833, 31.1196899414, 1.26170897484, -18.1342754364, 23.7906761169], [-17.0339813232, 53.3879165649, -116.129692078, 36.307308197, 76.8792419434, -60.3109779358, 201.76802063, -44.3584098816, 74.1084671021, -30.4500617981, -10.8999185562, 27.682926178, -27.4704341888], [47.2945671082, -73.5293807983, 85.9542312622, -10.8710508347, -46.0207824707, 99.752494812, -44.3584098816, 172.758041382, -9.60137844086, 40.4399147034, 10.5805721283, -25.7710876465, 24.0116424561], [-10.9173383713, 43.3331794739, -63.945728302, -3.2531375885, 34.923084259, -44.8290290833, 74.1084671021, -9.60137844086, 108.819160461, 28.835357666, 10.1245670319, 19.6579017639, -14.6999988556], [56.7784957886, -27.855381012, 33.8808288574, -5.39629983902, -16.5007305145, 31.1196899414, -30.4500617981, 40.4399147034, 28.835357666, 80.6967086792, 38.1687889099, 9.34858036041, 22.6463546753], [-37.5012512207, 48.9039459229, -8.20512676239, -41.4688796997, -3.92989945412, 1.26170897484, -10.8999185562, 10.5805721283, 10.1245670319, 38.1687889099, 68.4885940552, 28.2835617065, 27.9090690613], [23.6019668579, -29.9192409515, -13.0945196152, 18.1550102234, -7.53884410858, -18.1342754364, 27.682926178, -25.7710876465, 19.6579017639, 9.34858036041, 28.2835617065, 72.6106872559, 19.6025428772], [35.0132522583, 28.0507316589, -5.62011623383, -42.0964508057, 9.86859035492, 23.7906761169, -27.4704341888, 24.0116424561, -14.6999988556, 22.6463546753, 27.9090690613, 19.6025428772, 81.8448181152]], "icov": [[0.000353349430952, -0.0004768432118, 0.000782985938713, -0.000339612248354, -0.00010110058065, -8.29713972053e-05, 0.000333694159053, -0.000584805151448, 0.000921217375435, -0.00137477065437, 0.00148307834752, -0.00124999973923, 0.000550745753571], [-0.0004768432118, 0.00942996144295, -0.014551772736, 0.0135636255145, -0.00901279505342, 0.0078781703487, -0.00594033952802, 0.00385722448118, -0.00407903501764, 0.00652478355914, -0.00725418003276, 0.00659687165171, -0.00302391103469], [0.000782985938713, -0.014551772736, 0.0334706492722, -0.0302150249481, 0.0191199164838, -0.0196475572884, 0.0136326709762, -0.00484188972041, 0.00318425218575, -0.00622548814863, 0.00498110614717, -0.0052155922167, 0.00265685422346], [-0.000339612248354, 0.0135636255145, -0.0302150249481, 0.0364289730787, -0.0275410730392, 0.0221959203482, -0.0112364962697, -0.00111260579433, 0.00653067976236, -0.00458719860762, 0.00680854544044, -0.00818352587521, 0.00766330258921], [-0.00010110058065, -0.00901279505342, 0.0191199164838, -0.0275410730392, 0.0333438254893, -0.0201654750854, 0.00288905389607, 0.00833496078849, -0.013359519653, 0.0112385144457, -0.0120965261012, 0.0178724341094, -0.0150197343901], [-8.29713972053e-05, 0.0078781703487, -0.0196475572884, 0.0221959203482, -0.0201654750854, 0.0228484906256, -0.00638047233224, -0.00584300933406, 0.00915264710784, -0.00736872898415, 0.00732916174456, -0.00780296698213, 0.00581760564819], [0.000333694159053, -0.00594033952802, 0.0136326709762, -0.0112364962697, 0.00288905389607, -0.00638047233224, 0.0158709399402, -0.00420060893521, -0.00322701805271, 0.0012911852682, 0.003908442799, -0.00823952071369, 0.00481929723173], [-0.000584805151448, 0.00385722448118, -0.00484188972041, -0.00111260579433, 0.00833496078849, -0.00584300933406, -0.00420060893521, 0.0169314835221, -0.0113943656906, 0.00913985911757, -0.0131081528962, 0.0185087248683, -0.0121989957988], [0.000921217375435, -0.00407903501764, 0.00318425218575, 0.00653067976236, -0.013359519653, 0.00915264710784, -0.00322701805271, -0.0113943656906, 0.0350517071784, -0.0301207266748, 0.0220419280231, -0.0242000278085, 0.0187014695257], [-0.00137477065437, 0.00652478355914, -0.00622548814863, -0.00458719860762, 0.0112385144457, -0.00736872898415, 0.0012911852682, 0.00913985911757, -0.0301207266748, 0.0485880933702, -0.0349128656089, 0.0258771125227, -0.0190429501235], [0.00148307834752, -0.00725418003276, 0.00498110614717, 0.00680854544044, -0.0120965261012, 0.00732916174456, 0.003908442799, -0.0131081528962, 0.0220419280231, -0.0349128656089, 0.0520692877471, -0.0355269089341, 0.0145540116355], [-0.00124999973923, 0.00659687165171, -0.0052155922167, -0.00818352587521, 0.0178724341094, -0.00780296698213, -0.00823952071369, 0.0185087248683, -0.0242000278085, 0.0258771125227, -0.0355269089341, 0.051740527153, -0.0261602606624], [0.000550745753571, -0.00302391103469, 0.00265685422346, 0.00766330258921, -0.0150197343901, 0.00581760564819, 0.00481929723173, -0.0121989957988, 0.0187014695257, -0.0190429501235, 0.0145540116355, -0.0261602606624, 0.0323902964592]], "mean": [-4.45080804825, 134.375747681, -92.1968231201, -4.31897497177, -17.7292022705, -14.8575344086, -7.49914312363, -21.2311897278, -1.28203225136, -1.18866753578, 0.593015015125, 2.66715884209, -6.07584142685]}, "hfc": {"dmean": 9.99097442627, "dmean2": 14.9297580719, "dvar": 121.742507935, "dvar2": 258.957397461, "max": 170.288223267, "mean": 40.5982246399, "median": 38.6760559082, "min": 1.18370379454e-16, "var": 432.39263916}, "melbands": {"dmean": [0.00254640076309, 0.00201086350717, 0.000864252273459, 0.000651873415336, 0.000568707706407, 0.000807556614745, 0.000385341263609, 0.00024212084827, 0.000178771748324, 0.000111873130663, 7.72669300204e-05, 7.26168727851e-05, 6.25618777121e-05, 7.35315406928e-05, 7.42456395528e-05, 3.57257158612e-05, 1.87067307706e-05, 1.84413620445e-05, 1.61698844749e-05, 7.36511947252e-06, 5.12730366609e-06, 4.74555145047e-06, 3.23774611388e-06, 2.09215659197e-06, 1.75298896465e-06, 1.17194997529e-06, 1.26002385059e-06, 6.42719101052e-07, 5.02935847635e-07, 4.43116164206e-07, 4.40561507276e-07, 4.20657045197e-07, 4.3755952106e-07, 2.29205568303e-07, 9.89800454931e-08, 5.30640313912e-08, 3.92882064659e-08, 2.8963013321e-08, 2.50877132402e-08, 2.22019966856e-08], "dmean2": [0.00424294034019, 0.00335636502132, 0.00140429649036, 0.00107614963781, 0.000922236184124, 0.00125910073984, 0.000606499845162, 0.00038419754128, 0.000283688190393, 0.000175838460564, 0.000122042649309, 0.000114283364383, 9.98038522084e-05, 0.000118538970128, 0.000118785232189, 5.76668280701e-05, 3.01616491925e-05, 2.96832349704e-05, 2.59776898019e-05, 1.17886092994e-05, 8.2247888713e-06, 7.64675132814e-06, 5.17467287864e-06, 3.27959992319e-06, 2.74022272606e-06, 1.76601895419e-06, 1.83301744983e-06, 9.63500042417e-07, 7.61512865211e-07, 6.73586669109e-07, 6.69225528327e-07, 6.43598866645e-07, 7.03884836639e-07, 3.80071014661e-07, 1.61503450613e-07, 8.62788027689e-08, 6.39911021949e-08, 4.789706054e-08, 4.16871550613e-08, 3.68900821002e-08], "dvar": [1.01022642411e-05, 7.7186314229e-06, 1.42875228448e-06, 8.38811274662e-07, 1.06708023395e-06, 1.59002183864e-06, 4.17646248252e-07, 2.27789229257e-07, 1.40769813584e-07, 9.45984908185e-08, 6.58645831209e-08, 3.97423427501e-08, 1.33983375505e-08, 1.86508444244e-08, 1.342699818e-08, 3.29800875498e-09, 8.46686110112e-10, 7.58925977618e-10, 6.87420065315e-10, 1.15392410904e-10, 5.36949998353e-11, 6.58266705034e-11, 6.98377050634e-11, 1.24363687751e-11, 1.04940474713e-11, 8.26651073982e-12, 1.94764065986e-10, 1.41500624152e-12, 7.68516001705e-13, 8.52120186478e-13, 1.1611926698e-12, 1.95107645318e-12, 3.62756656311e-12, 7.0428439556e-13, 9.76163391114e-14, 9.93136050964e-15, 3.64531555576e-15, 1.9784290427e-15, 1.52998100131e-15, 1.19738239726e-15], "dvar2": [2.69898337137e-05, 1.99225250981e-05, 3.442216439e-06, 2.12467602978e-06, 2.56184375758e-06, 3.72299814444e-06, 1.02855528894e-06, 5.34606840574e-07, 3.18794747045e-07, 2.11789526361e-07, 1.48869631289e-07, 9.58005372809e-08, 3.31022746991e-08, 4.56805189231e-08, 3.19404556137e-08, 8.11098566089e-09, 2.13589124165e-09, 1.71720049291e-09, 1.58890156587e-09, 2.80228618088e-10, 1.27330951338e-10, 1.61653565534e-10, 1.7878364067e-10, 2.83684308683e-11, 2.45324715403e-11, 1.61234393892e-11, 3.23251175827e-10, 2.95971493841e-12, 1.63858401674e-12, 1.8620376508e-12, 2.6760748565e-12, 4.54239467221e-12, 9.47413154873e-12, 1.87640506431e-12, 2.54779948224e-13, 2.47622950112e-14, 8.78424072983e-15, 4.85998706014e-15, 3.76813152146e-15, 2.94985851914e-15], "max": [0.0483498089015, 0.0522380732, 0.0233350936323, 0.0149063933641, 0.0273978356272, 0.030675124377, 0.0146844424307, 0.0110106626526, 0.0109927020967, 0.0103536695242, 0.00728147290647, 0.00696589285508, 0.00268453313038, 0.00394303444773, 0.00361975515261, 0.00158452952746, 0.00105015467852, 0.000861202133819, 0.00115857133642, 0.000370330584701, 0.000211932725506, 0.000245374045335, 0.00038958733785, 8.14377781353e-05, 0.000127662860905, 0.000168047670741, 0.00109073205385, 3.51961061824e-05, 2.46987292485e-05, 3.33393472829e-05, 3.20602266584e-05, 4.42878772446e-05, 7.93046710896e-05, 2.14036699617e-05, 1.05746439658e-05, 3.38905488206e-06, 1.30776061269e-06, 6.32302942449e-07, 5.5280770539e-07, 4.87630074986e-07], "mean": [0.00454737432301, 0.00336278881878, 0.00147253880277, 0.00110823707655, 0.00101962848566, 0.00152188038919, 0.000715884845704, 0.00041452300502, 0.000302320811898, 0.000169302089489, 0.00011224453192, 0.000113981986942, 0.000105560204247, 0.00012560968753, 0.000126693892526, 6.08640293649e-05, 3.20244798786e-05, 3.33994321409e-05, 2.95388599625e-05, 1.33478588396e-05, 9.52890241024e-06, 8.49964817462e-06, 5.68256382394e-06, 3.7793354295e-06, 3.08782841785e-06, 2.02245723813e-06, 1.97153258341e-06, 1.15417924462e-06, 8.90577155133e-07, 7.36115509881e-07, 7.25096526821e-07, 5.83268104037e-07, 4.8122814178e-07, 2.56789206787e-07, 1.17264164601e-07, 6.64892212399e-08, 4.53093527142e-08, 2.88984995933e-08, 2.41770763409e-08, 2.14475424087e-08], "median": [0.0031553725712, 0.00198645563796, 0.000851350720041, 0.00070650910493, 0.000657713389955, 0.000814575119875, 0.00045952637447, 0.000204751733691, 0.000133390421979, 6.45478867227e-05, 3.81403951906e-05, 5.23529670318e-05, 5.92500073253e-05, 7.81612834544e-05, 7.55868823035e-05, 3.75292947865e-05, 2.15474465222e-05, 2.18354543904e-05, 1.87934856513e-05, 9.16572662391e-06, 6.43826524538e-06, 5.34709852218e-06, 2.96242205877e-06, 2.23892720896e-06, 1.70919861375e-06, 1.08228437057e-06, 8.46772593377e-07, 6.30295062365e-07, 4.891220442e-07, 3.79193608069e-07, 3.14877524943e-07, 2.11538321082e-07, 1.56538064289e-07, 1.02727085505e-07, 5.43993330382e-08, 3.39481118772e-08, 2.10386215116e-08, 1.12014326703e-08, 8.4858093885e-09, 7.58117835176e-09], "min": [6.34123905953e-24, 5.70292318617e-24, 1.28909703092e-24, 2.50389263369e-24, 3.19682331967e-24, 8.09980920464e-24, 6.5065693169e-24, 4.19070010225e-24, 6.82335889593e-24, 9.77163817677e-24, 8.90842397579e-24, 7.49728040068e-24, 7.32826537401e-24, 6.63137933945e-24, 7.20137551969e-24, 1.66426411159e-23, 1.13638844942e-23, 8.57793227727e-24, 1.13011274537e-23, 8.4641793236e-24, 5.50729593686e-24, 2.25920375811e-24, 8.8380725714e-24, 8.46521983113e-24, 6.84558268535e-24, 7.40865030026e-24, 8.24853157338e-24, 1.08387279567e-23, 7.08704275325e-24, 7.56721607537e-24, 1.00670886739e-23, 7.84913366365e-24, 6.85151886367e-24, 9.85217298659e-24, 8.6114777984e-24, 1.09282557808e-23, 1.22669835026e-23, 8.98825196623e-24, 8.13127449957e-24, 9.15619887523e-24], "var": [2.0341225536e-05, 1.76091652975e-05, 3.34948208547e-06, 1.59461092153e-06, 1.81769166829e-06, 4.13591396864e-06, 8.2234095089e-07, 5.18887475209e-07, 3.52162487616e-07, 1.67204547097e-07, 1.05549361251e-07, 7.05863243411e-08, 2.60530956808e-08, 3.36228751507e-08, 2.83007519641e-08, 6.30123331291e-09, 1.41750133853e-09, 1.80533321625e-09, 1.50488743689e-09, 2.30071364737e-10, 1.11614974208e-10, 1.2277902306e-10, 1.32241259609e-10, 2.25066770776e-11, 1.8905469204e-11, 1.4635704107e-11, 2.97951968653e-10, 2.79446322853e-12, 1.5734783268e-12, 1.38919236357e-12, 1.84721205346e-12, 2.43736476314e-12, 2.93053819059e-12, 5.32710865437e-13, 8.18400590894e-14, 1.0990775957e-14, 4.61198978923e-15, 2.23145874811e-15, 1.68569032685e-15, 1.31956361765e-15]}, "melbands_crest": {"dmean": 3.99220871925, "dmean2": 6.60785484314, "dvar": 11.5912666321, "dvar2": 30.4391040802, "max": 37.3830871582, "mean": 15.8241043091, "median": 15.0213632584, "min": 2.24576616287, "var": 32.6146011353}, "melbands_flatness_db": {"dmean": 0.0319051630795, "dmean2": 0.0494652055204, "dvar": 0.000701383454725, "dvar2": 0.00163931620773, "max": 0.550049960613, "mean": 0.292623311281, "median": 0.290807545185, "min": 0.00506067788228, "var": 0.00280476058833}, "melbands_kurtosis": {"dmean": 6.53689956665, "dmean2": 10.2740974426, "dvar": 190.665740967, "dvar2": 431.700897217, "max": 366.836364746, "mean": 12.3354120255, "median": 7.05931711197, "min": -1.86284017563, "var": 393.200958252}, "melbands_skewness": {"dmean": 0.690406560898, "dmean2": 1.07734429836, "dvar": 0.585082828999, "dvar2": 1.30914413929, "max": 16.3283843994, "mean": 2.44372558594, "median": 2.14655566216, "min": -1.56077706814, "var": 2.23487401009}, "melbands_spread": {"dmean": 3.27178478241, "dmean2": 5.12939786911, "dvar": 16.6398792267, "dvar2": 37.1339874268, "max": 148.139190674, "mean": 11.5874814987, "median": 10.4228820801, "min": 0.326677858829, "var": 53.3048439026}, "mfcc": {"cov": [[2903.18212891, 87.7967376709, -214.253601074, 74.7435150146, -104.472976685, 48.2446975708, -59.9589653015, 16.7628383636, 43.009727478, -28.7632579803, 34.5771980286, 10.2475252151, 23.7659225464], [87.7967376709, 690.063232422, -130.710357666, -83.5116577148, -1.28878462315, 21.0225658417, -2.49165201187, -26.1354675293, -10.1248779297, -16.5995235443, 2.02672386169, 22.8375205994, 24.9372558594], [-214.253601074, -130.710357666, 421.789123535, -18.8257846832, 143.002334595, -21.5149841309, 49.3244628906, -8.21620082855, -7.70967197418, 14.3394317627, -5.09503030777, 6.19333648682, -1.33210587502], [74.7435150146, -83.5116577148, -18.8257846832, 356.053710938, -13.4464092255, 90.1287231445, -26.9588165283, 43.6318893433, -1.9527130127, 4.49159479141, -2.10070109367, -23.0255298615, -5.78294038773], [-104.472976685, -1.28878462315, 143.002334595, -13.4464092255, 185.635147095, 19.8554592133, 51.4380264282, -22.0044288635, 17.6607398987, 9.66170692444, -7.21538829803, 0.8129799366, 1.52434372902], [48.2446975708, 21.0225658417, -21.5149841309, 90.1287231445, 19.8554592133, 152.024475098, 9.98012256622, 30.3573894501, 3.08660078049, 2.61786150932, -6.93192338943, -16.4388523102, 11.6146316528], [-59.9589653015, -2.49165201187, 49.3244628906, -26.9588165283, 51.4380264282, 9.98012256622, 102.043365479, 24.5121955872, 24.6261005402, 3.24285316467, -5.98892736435, -1.31506979465, -1.03635418415], [16.7628383636, -26.1354675293, -8.21620082855, 43.6318893433, -22.0044288635, 30.3573894501, 24.5121955872, 95.335975647, 26.0662288666, 17.4091110229, 3.34882211685, -1.31109726429, -2.74532461166], [43.009727478, -10.1248779297, -7.70967197418, -1.9527130127, 17.6607398987, 3.08660078049, 24.6261005402, 26.0662288666, 78.9196624756, 31.7081508636, 16.0969009399, 5.32596254349, 4.98947620392], [-28.7632579803, -16.5995235443, 14.3394317627, 4.49159479141, 9.66170692444, 2.61786150932, 3.24285316467, 17.4091110229, 31.7081508636, 65.4559173584, 29.0077476501, 11.4390621185, 5.7809009552], [34.5771980286, 2.02672386169, -5.09503030777, -2.10070109367, -7.21538829803, -6.93192338943, -5.98892736435, 3.34882211685, 16.0969009399, 29.0077476501, 57.1705169678, 28.2171497345, 8.66754341125], [10.2475252151, 22.8375205994, 6.19333648682, -23.0255298615, 0.8129799366, -16.4388523102, -1.31506979465, -1.31109726429, 5.32596254349, 11.4390621185, 28.2171497345, 54.6867408752, 24.5128383636], [23.7659225464, 24.9372558594, -1.33210587502, -5.78294038773, 1.52434372902, 11.6146316528, -1.03635418415, -2.74532461166, 4.98947620392, 5.7809009552, 8.66754341125, 24.5128383636, 53.6997909546]], "icov": [[0.00037733829231, -2.23871211347e-05, 9.60424222285e-05, -4.40097719547e-05, 9.39821111388e-05, -0.000100999124697, 0.000185985365533, -7.80831669545e-06, -0.000386205385439, 0.000461397779873, -0.000331533548888, 4.69527258247e-05, -0.000118299620226], [-2.23871211347e-05, 0.00170171423815, 0.000682586280163, 0.000450714287581, -0.00043518160237, -0.000434851535829, -6.93577821949e-05, 0.000225532683544, 0.000333637843141, 0.000215898180613, 8.73040480656e-05, -0.000676894793287, -0.000357615470421], [9.60424222285e-05, 0.000682586280163, 0.00383417285047, 2.68063013209e-05, -0.00305041484535, 0.00096584088169, -0.000571510463487, -0.000746342993807, 0.00184171122964, -0.000831533689052, 8.48594136187e-05, -0.000294649158604, -0.000393783004256], [-4.40097719547e-05, 0.000450714287581, 2.68063013209e-05, 0.00378388655372, -0.000214958403376, -0.00202090782113, 0.0015442497097, -0.00146904634312, 0.000266723392997, 0.000178401111043, -0.000521101930644, 0.000904188433196, 0.000243604750722], [9.39821111388e-05, -0.00043518160237, -0.00305041484535, -0.000214958403376, 0.00996758416295, -0.00233474653214, -0.00360989570618, 0.00460664834827, -0.00285893538967, -0.00112309551332, 0.00189099495765, -0.00139253586531, 0.00116653589066], [-0.000100999124697, -0.000434851535829, 0.00096584088169, -0.00202090782113, -0.00233474653214, 0.00963609013706, -0.000511666585226, -0.00297792558558, 0.00155350996647, -0.000287784787361, -0.000636069104075, 0.00412779254839, -0.00402199849486], [0.000185985365533, -6.93577821949e-05, -0.000571510463487, 0.0015442497097, -0.00360989570618, -0.000511666585226, 0.0143828345463, -0.0047120815143, -0.00338915619068, 0.00243252096698, 0.000761390430853, 0.000180775808985, 0.000199456408154], [-7.80831669545e-06, 0.000225532683544, -0.000746342993807, -0.00146904634312, 0.00460664834827, -0.00297792558558, -0.0047120815143, 0.0160002671182, -0.00400424748659, -0.00309322169051, 0.00224622176029, -0.00254842988215, 0.00246817432344], [-0.000386205385439, 0.000333637843141, 0.00184171122964, 0.000266723392997, -0.00285893538967, 0.00155350996647, -0.00338915619068, -0.00400424748659, 0.0195541027933, -0.00757414428517, -0.00217208010145, 0.00183053291403, -0.00192106468603], [0.000461397779873, 0.000215898180613, -0.000831533689052, 0.000178401111043, -0.00112309551332, -0.000287784787361, 0.00243252096698, -0.00309322169051, -0.00757414428517, 0.0251075793058, -0.0114326924086, 0.00189304002561, -0.00134089426138], [-0.000331533548888, 8.73040480656e-05, 8.48594136187e-05, -0.000521101930644, 0.00189099495765, -0.000636069104075, 0.000761390430853, 0.00224622176029, -0.00217208010145, -0.0114326924086, 0.0313278473914, -0.015598253347, 0.00376190058887], [4.69527258247e-05, -0.000676894793287, -0.000294649158604, 0.000904188433196, -0.00139253586531, 0.00412779254839, 0.000180775808985, -0.00254842988215, 0.00183053291403, 0.00189304002561, -0.015598253347, 0.0338944271207, -0.0139247383922], [-0.000118299620226, -0.000357615470421, -0.000393783004256, 0.000243604750722, 0.00116653589066, -0.00402199849486, 0.000199456408154, 0.00246817432344, -0.00192106468603, -0.00134089426138, 0.00376190058887, -0.0139247383922, 0.0258957650512]], "mean": [-667.927429199, 192.521408081, -13.298500061, 27.1196327209, 0.292206436396, 18.7304553986, -3.3518884182, 0.17946998775, -5.01031303406, -2.21930861473, 3.08434224129, 5.12069749832, 6.48975276947]}, "pitch_salience": {"dmean": 0.0830608606339, "dmean2": 0.136268749833, "dvar": 0.0050307395868, "dvar2": 0.0131302364171, "max": 0.863193035126, "mean": 0.561854243279, "median": 0.570079565048, "min": 0.0862796753645, "var": 0.0137144196779}, "silence_rate_20dB": {"dmean": 0, "dmean2": 0, "dvar": 0, "dvar2": 0, "max": 1, "mean": 1, "median": 1, "min": 1, "var": 0}, "silence_rate_30dB": {"dmean": 0.0229027960449, "dmean2": 0.0458096601069, "dvar": 0.0223763491958, "dvar2": 0.0566715858877, "max": 1, "mean": 0.979673326015, "median": 1, "min": 0, "var": 0.0199125893414}, "silence_rate_60dB": {"dmean": 0.00461606727913, "dmean2": 0.00923295412213, "dvar": 0.00459447316825, "dvar2": 0.010566867888, "max": 1, "mean": 0.0266287941486, "median": 0, "min": 0, "var": 0.025919996202}, "spectral_centroid": {"dmean": 121.289390564, "dmean2": 183.414138794, "dvar": 25816.8164062, "dvar2": 46229.671875, "max": 10952.4130859, "mean": 660.034912109, "median": 606.706481934, "min": 159.423904419, "var": 82821.296875}, "spectral_complexity": {"dmean": 3.28007102013, "dmean2": 4.90571737289, "dvar": 8.61231803894, "dvar2": 16.7074012756, "max": 47, "mean": 18.1500968933, "median": 18, "min": 0, "var": 39.5979957581}, "spectral_contrast_coeffs": {"dmean": [0.0558245703578, 0.0545008741319, 0.0374045334756, 0.0292605739087, 0.0202975478023, 0.0499427095056], "dmean2": [0.0923475921154, 0.0888535529375, 0.0619069971144, 0.048582457006, 0.0333036780357, 0.0797106996179], "dvar": [0.00190157676116, 0.00185844581574, 0.000917583354749, 0.000532078905962, 0.000279891624814, 0.0019442376215], "dvar2": [0.00515865627676, 0.00484971795231, 0.00241859164089, 0.00143769721035, 0.000731318606995, 0.00476536573842], "max": [-0.329861283302, -0.322102218866, -0.508574426174, -0.563874661922, -0.562632739544, -0.441980779171], "mean": [-0.669850945473, -0.716457009315, -0.806768059731, -0.803000330925, -0.823780834675, -0.750945448875], "median": [-0.673767566681, -0.722656726837, -0.815221428871, -0.807059645653, -0.824327170849, -0.761464774609], "min": [-0.963167369366, -0.979169368744, -0.982903659344, -0.970420658588, -0.963944196701, -0.96092748642], "var": [0.0067351241596, 0.00584028242156, 0.00285042496398, 0.00162999529857, 0.000831658777315, 0.00491225719452]}, "spectral_contrast_valleys": {"dmean": [0.39909568429, 0.367635548115, 0.331302046776, 0.269642829895, 0.272436052561, 0.752184867859], "dmean2": [0.659067571163, 0.585289180279, 0.519903540611, 0.414305895567, 0.396893531084, 1.22245037556], "dvar": [0.11643601954, 0.102744169533, 0.0915084704757, 0.0719032585621, 0.0805088058114, 0.39825874567], "dvar2": [0.273915618658, 0.216792106628, 0.179076865315, 0.121607497334, 0.137709856033, 1.02103197575], "max": [-5.0115480423, -4.45068359375, -5.21486902237, -5.89713382721, -6.08106517792, -9.04870700836], "mean": [-6.52077817917, -6.08409643173, -6.76871156693, -7.21710586548, -7.87827396393, -11.2904119492], "median": [-6.37984371185, -5.97875785828, -6.67575979233, -7.11993312836, -7.83530426025, -11.2194414139], "min": [-27.3631134033, -26.8721828461, -27.0059909821, -27.1762256622, -27.1885032654, -27.2328147888], "var": [0.650170564651, 0.520775020123, 0.464637458324, 0.446381211281, 0.432202160358, 0.920165359974]}, "spectral_decrease": {"dmean": 3.89488086228e-09, "dmean2": 6.28911145384e-09, "dvar": 1.59500075912e-17, "dvar2": 4.03118265896e-17, "max": 5.30371676067e-29, "mean": -1.23118990558e-08, "median": -1.15965717029e-08, "min": -5.0959897635e-08, "var": 4.09313253114e-17}, "spectral_energy": {"dmean": 0.0152105120942, "dmean2": 0.024451892823, "dvar": 0.000242148220423, "dvar2": 0.000604839471634, "max": 0.197583094239, "mean": 0.0501502156258, "median": 0.0475907474756, "min": 1.07486280254e-20, "var": 0.000637908815406}, "spectral_energyband_high": {"dmean": 8.67896451382e-05, "dmean2": 0.000125420323457, "dvar": 3.84570242318e-08, "dvar2": 8.74308412335e-08, "max": 0.00660156039521, "mean": 0.000172366868355, "median": 0.000102527883428, "min": 7.81541891608e-21, "var": 6.39015098614e-08}, "spectral_energyband_low": {"dmean": 0.0114726452157, "dmean2": 0.0189201831818, "dvar": 0.000169556224137, "dvar2": 0.000446720339824, "max": 0.192058458924, "mean": 0.0242394004017, "median": 0.0197150968015, "min": 3.51553117176e-23, "var": 0.000409621861763}, "spectral_energyband_middle_high": {"dmean": 0.00164117745589, "dmean2": 0.00244602211751, "dvar": 5.43974738321e-06, "dvar2": 1.25338992802e-05, "max": 0.0475636683404, "mean": 0.00457274913788, "median": 0.00343481870368, "min": 1.43714856418e-21, "var": 1.82669864444e-05}, "spectral_energyband_middle_low": {"dmean": 0.00731734465808, "dmean2": 0.0114369774237, "dvar": 7.30112369638e-05, "dvar2": 0.000170132974745, "max": 0.159090265632, "mean": 0.0206873025745, "median": 0.0180781837553, "min": 3.15007507533e-22, "var": 0.000203050411073}, "spectral_entropy": {"dmean": 0.197390452027, "dmean2": 0.294821083546, "dvar": 0.0288398396224, "dvar2": 0.0633141994476, "max": 9.80073451996, "mean": 7.16285228729, "median": 7.17820596695, "min": 4.4923157692, "var": 0.123011142015}, "spectral_flux": {"dmean": 0.0283540077507, "dmean2": 0.0447454191744, "dvar": 0.000675928313285, "dvar2": 0.00160509021953, "max": 0.369982928038, "mean": 0.111693255603, "median": 0.108586654067, "min": 1.03675588947e-10, "var": 0.00182380492333}, "spectral_kurtosis": {"dmean": 5.18147850037, "dmean2": 7.99012899399, "dvar": 30.8507652283, "dvar2": 75.9080734253, "max": 74.2169723511, "mean": 19.0587005615, "median": 16.861328125, "min": -1.23671150208, "var": 83.4554824829}, "spectral_rms": {"dmean": 0.00105402164627, "dmean2": 0.00167166325264, "dvar": 9.41310020153e-07, "dvar2": 2.29333591051e-06, "max": 0.0138839473948, "mean": 0.00672052567825, "median": 0.00681395642459, "min": 3.23828138783e-12, "var": 3.76165962734e-06}, "spectral_rolloff": {"dmean": 263.066436768, "dmean2": 455.599517822, "dvar": 1106334, "dvar2": 2796951.25, "max": 22050, "mean": 712.983154297, "median": 538.330078125, "min": 43.06640625, "var": 1198441.875}, "spectral_skewness": {"dmean": 0.366338551044, "dmean2": 0.54161542654, "dvar": 0.119776636362, "dvar2": 0.274495869875, "max": 6.15955734253, "mean": 2.96279978752, "median": 2.88464975357, "min": 0.0118069760501, "var": 0.515938818455}, "spectral_spread": {"dmean": 509360.0625, "dmean2": 794005.25, "dvar": 429150404608, "dvar2": 670849892352, "max": 49366176, "mean": 3077259.75, "median": 3002745.75, "min": 1286940.25, "var": 863771951104}, "spectral_strongpeak":