{"lowlevel": {"average_loudness": 0.955951988697, "barkbands": {"dmean": [0.0002193707478, 0.00464778998867, 0.00327217741869, 0.00146135082468, 0.00252747000195, 0.00123513559811, 0.00129513954744, 0.00099525519181, 0.000831184035633, 0.000325411441736, 0.000196207198314, 0.000298385944916, 0.000338068697602, 0.000445024052169, 0.000487572920974, 0.000304197194055, 0.000267420517048, 0.000159237009939, 9.55334617174e-05, 0.000105120860098, 4.0608789277e-05, 3.60931262549e-05, 4.31184453191e-05, 4.26012120442e-05, 2.93855300697e-05, 1.35675281854e-05, 4.59780039819e-06], "dmean2": [0.000293487682939, 0.0082143722102, 0.00593375088647, 0.00257793650962, 0.00435636425391, 0.00199638353661, 0.00201672129333, 0.00160534994211, 0.00125874625519, 0.000507926393766, 0.0003034643305, 0.000456750276498, 0.00052671704907, 0.000692909467034, 0.000721300486475, 0.00046590459533, 0.000421005708631, 0.000250473094638, 0.000145189347677, 0.000156063833856, 5.95121164224e-05, 5.1731683925e-05, 6.13605516264e-05, 6.09232520219e-05, 4.05100508942e-05, 1.84520467883e-05, 7.8540888353e-06], "dvar": [1.68811524759e-07, 5.75400008529e-05, 3.34553042194e-05, 4.72021474707e-06, 2.5849280064e-05, 5.39152460988e-06, 6.20722130407e-06, 4.38896358901e-06, 2.92355184683e-06, 6.16375359641e-07, 2.28518786116e-07, 4.81650829443e-07, 7.00007603882e-07, 1.41512020946e-06, 1.25519568428e-06, 5.49499532099e-07, 2.42022423436e-07, 1.00305427964e-07, 2.69064326375e-08, 4.65166394292e-08, 8.43067660128e-09, 9.98892613069e-09, 2.64691220053e-08, 3.05311083082e-08, 2.17431814775e-08, 8.84545936497e-10, 2.88243540147e-10], "dvar2": [2.80866345292e-07, 0.000163890668773, 9.69940811046e-05, 1.3261344975e-05, 7.12998444214e-05, 1.32015757117e-05, 1.386893382e-05, 1.06913184936e-05, 6.25974325885e-06, 1.19074013583e-06, 4.76291063478e-07, 1.0255558891e-06, 1.55963743964e-06, 3.25346309182e-06, 2.59882222053e-06, 1.17314539239e-06, 5.25569760157e-07, 2.34822280731e-07, 5.892511723e-08, 9.46536289348e-08, 1.62429127926e-08, 1.99042222704e-08, 5.04753039365e-08, 5.36949897878e-08, 4.11118001864e-08, 1.70770542152e-09, 7.89310006244e-10], "max": [0.00389399542473, 0.0820588767529, 0.0615422353148, 0.0280810091645, 0.0637010410428, 0.0369094349444, 0.0524738878012, 0.0401870049536, 0.0481741204858, 0.0243581831455, 0.0135424463078, 0.0221936330199, 0.026064671576, 0.0339558795094, 0.0270345378667, 0.0267763100564, 0.0218919143081, 0.00903257168829, 0.00474026286975, 0.00707692001015, 0.0046680145897, 0.00448586698622, 0.00823075789958, 0.00807539280504, 0.00616765907034, 0.000624871288892, 0.000476130080642], "mean": [0.000276150734862, 0.00562854157761, 0.0039244662039, 0.00183242617641, 0.00346990162507, 0.00200410489924, 0.0025187053252, 0.00166502047796, 0.00181723700371, 0.000573862344027, 0.000350547372364, 0.000643426785246, 0.000567003444303, 0.000750994018745, 0.000877205340657, 0.000577281578444, 0.000587328802794, 0.000341596867656, 0.000212967119296, 0.000239266970311, 7.82013667049e-05, 6.52915186947e-05, 7.24808705854e-05, 6.35318356217e-05, 4.20085489168e-05, 1.89863694686e-05, 3.53889754479e-06], "median": [3.49423789885e-05, 0.00346121471375, 0.0024710833095, 0.00123216025531, 0.00216768425889, 0.00103129772469, 0.00116482959129, 0.000669109635055, 0.000907446141355, 0.000280902255327, 0.000128220402985, 0.000189390077139, 0.000205377582461, 0.000307031499688, 0.000381015706807, 0.000281658372842, 0.000376408861484, 0.000172746134922, 0.000135655121994, 0.000130704225739, 4.09025305999e-05, 1.99928617803e-05, 1.76857392944e-05, 1.22581241158e-05, 7.57805810281e-06, 4.76131845062e-06, 2.05271817322e-07], "min": [9.03824070129e-25, 9.36472084489e-24, 1.0735699567e-23, 6.26193881703e-24, 6.20799958489e-23, 5.50165731689e-23, 5.14847640101e-23, 2.97055513508e-23, 3.04435086396e-23, 7.20673788058e-23, 4.00908673027e-23, 6.29847435765e-23, 9.08074322524e-23, 1.65671215682e-22, 1.54182573625e-22, 1.8034631306e-22, 1.91452300781e-22, 2.79315830353e-22, 2.56998488338e-22, 1.76275929629e-22, 5.90506488038e-22, 4.21397681588e-22, 8.1397116825e-22, 7.75261347112e-22, 1.04579742065e-21, 1.63662944949e-21, 2.2490517809e-21], "var": [3.08829925189e-07, 5.1334638556e-05, 2.63121546595e-05, 4.37254266217e-06, 2.24351770157e-05, 8.57701161294e-06, 1.84653836186e-05, 8.59142710397e-06, 1.01308114608e-05, 1.73988712504e-06, 6.26050848496e-07, 2.07999050872e-06, 1.51091592215e-06, 2.95729205391e-06, 2.69276642939e-06, 1.36152732466e-06, 7.13377346528e-07, 2.97931876503e-07, 7.1667905388e-08, 1.61988083391e-07, 1.9910114446e-08, 2.3744515687e-08, 5.48609015993e-08, 7.09590608494e-08, 4.4677246791e-08, 1.58947432993e-09, 1.97570515503e-10]}, "barkbands_crest": {"dmean": 2.37045001984, "dmean2": 4.02776288986, "dvar": 4.71278762817, "dvar2": 13.3447656631, "max": 24.5477199554, "mean": 8.54669189453, "median": 7.87807941437, "min": 2.95189356804, "var": 10.8646860123}, "barkbands_flatness_db": {"dmean": 0.0199912264943, "dmean2": 0.0318034030497, "dvar": 0.000370156572899, "dvar2": 0.000938337587286, "max": 0.421820610762, "mean": 0.134082719684, "median": 0.128584176302, "min": 0.0330710113049, "var": 0.00191708619241}, "barkbands_kurtosis": {"dmean": 2.3716108799, "dmean2": 4.0891828537, "dvar": 37.3343315125, "dvar2": 107.547874451, "max": 280.997711182, "mean": 2.98052024841, "median": 1.35062742233, "min": -1.86519813538, "var": 62.5498809814}, "barkbands_skewness": {"dmean": 0.496545165777, "dmean2": 0.827850699425, "dvar": 0.312786728144, "dvar2": 0.859102964401, "max": 15.407245636, "mean": 1.40267539024, "median": 1.34243094921, "min": -2.91189098358, "var": 0.948533952236}, "barkbands_spread": {"dmean": 4.55676078796, "dmean2": 7.29967355728, "dvar": 27.4208946228, "dvar2": 60.7578773499, "max": 103.055419922, "mean": 20.5146446228, "median": 19.3577709198, "min": 0.43478307128, "var": 97.1349182129}, "dissonance": {"dmean": 0.0146498102695, "dmean2": 0.0246850717813, "dvar": 0.000188033358427, "dvar2": 0.00049184053205, "max": 0.499999970198, "mean": 0.468281179667, "median": 0.47219824791, "min": 0.147439360619, "var": 0.000411435845308}, "dynamic_complexity": 2.46903514862, "erbbands": {"dmean": [0.105668090284, 1.19371533394, 3.58071684837, 4.36302852631, 7.71846485138, 8.39455986023, 5.28586483002, 12.0544900894, 16.3018016815, 22.9240722656, 20.1708145142, 19.1528625488, 12.0641231537, 7.85056114197, 7.87010288239, 11.2536535263, 15.0063657761, 18.5277500153, 24.4369525909, 23.4406356812, 13.6907968521, 14.2292709351, 9.1682882309, 4.49665546417, 5.33529376984, 4.80129957199, 1.98637986183, 1.46449136734, 1.27125692368, 1.36856651306, 1.18226397038, 0.929214596748, 0.70249569416, 0.416909903288, 0.160095736384, 0.0573853291571, 0.0247040111572, 0.00758231244981, 0.000832245394122, 3.40049919032e-05], "dmean2": [0.178771078587, 2.12065386772, 6.48731327057, 7.74218845367, 13.4782676697, 14.4279336929, 8.58391475677, 19.572467804, 26.0234661102, 36.0151596069, 32.3807678223, 28.9580974579, 18.4296722412, 11.662899971, 12.1300430298, 17.0539455414, 23.1479587555, 27.9292316437, 36.9692687988, 34.2787513733, 21.000705719, 22.1692485809, 14.2936096191, 6.87737798691, 8.04809188843, 7.12011432648, 2.92405819893, 2.16391611099, 1.84078621864, 1.97334241867, 1.67463850975, 1.352617383, 0.988641798496, 0.582824110985, 0.223606139421, 0.0790412798524, 0.034350708127, 0.0110660381615, 0.00147587887477, 5.86337773711e-05], "dvar": [0.0249363426119, 4.24467277527, 41.2406768799, 49.0060081482, 273.281921387, 237.408920288, 81.476776123, 546.924194336, 1065.1348877, 2338.92700195, 1771.14697266, 1830.08154297, 914.687316895, 409.930145264, 241.541931152, 726.517456055, 1154.46496582, 3219.56665039, 3498.57641602, 2979.22705078, 999.425537109, 611.606689453, 329.567169189, 69.7208023071, 85.4672164917, 105.710708618, 16.0265636444, 13.8233509064, 12.5278778076, 21.2861938477, 19.6268138885, 10.695898056, 11.3302536011, 5.52911090851, 0.42057839036, 0.020983312279, 0.0028849421069, 0.000437633483671, 1.12986062959e-05, 8.92084184301e-09], "dvar2": [0.0689183324575, 12.0014200211, 118.926269531, 139.59336853, 758.14251709, 657.299316406, 203.933364868, 1322.85021973, 2490.77001953, 5414.16943359, 4196.35302734, 4033.55371094, 1907.37780762, 614.479797363, 518.652404785, 1521.1907959, 2515.0390625, 7067.06005859, 7893.33056641, 6156.58349609, 2043.38037109, 1364.48474121, 758.440734863, 156.435195923, 177.124328613, 205.97038269, 33.3324775696, 26.9142074585, 26.2536239624, 41.2013092041, 35.9496269226, 20.4630851746, 19.8328590393, 10.7345323563, 0.791596114635, 0.038653165102, 0.00578346615657, 0.00103750941344, 3.16540063068e-05, 2.48078020348e-08], "max": [1.44660913944, 21.5578937531, 62.6665344238, 66.5859909058, 234.92364502, 189.45993042, 282.822509766, 337.124084473, 733.364562988, 956.627380371, 1128.52392578, 1279.54638672, 1049.47033691, 806.232666016, 371.949371338, 820.524414062, 1359.69421387, 2019.15905762, 1667.17907715, 1341.24267578, 1258.57958984, 1005.81121826, 559.302490234, 217.343231201, 320.580200195, 424.82623291, 136.184799194, 180.823806763, 148.389526367, 213.083862305, 202.568084717, 116.165603638, 146.720474243, 87.2549133301, 23.4687480927, 4.52370882034, 0.959288775921, 0.765406429768, 0.0870893076062, 0.00204560160637], "mean": [0.135820940137, 1.35497355461, 4.31853580475, 5.94424724579, 9.29299068451, 11.9871053696, 9.41952514648, 19.2885971069, 29.1725578308, 44.2746772766, 38.4406509399, 41.3261680603, 24.8803138733, 16.0667724609, 17.0346069336, 24.5063285828, 28.8143119812, 33.6657333374, 46.0188980103, 43.3989257812, 31.2330341339, 33.2193908691, 21.6216506958, 10.8627185822, 12.7405290604, 11.1723670959, 4.34522771835, 2.67504787445, 2.27888774872, 2.43770384789, 1.97275114059, 1.42460179329, 1.00820612907, 0.584419190884, 0.231395855546, 0.0837885886431, 0.0338906534016, 0.0084311356768, 0.00060527928872, 5.03325027239e-05], "median": [0.0698648020625, 0.816233038902, 2.60668992996, 4.05203151703, 5.25297880173, 7.08375930786, 5.79606866837, 9.61061954498, 12.0794620514, 18.5031738281, 18.3684005737, 20.1140117645, 11.8282222748, 7.57384395599, 7.14333724976, 7.99148511887, 11.1254692078, 11.952837944, 22.9131755829, 17.4377307892, 18.5092716217, 21.2186584473, 11.5779094696, 6.92781352997, 7.67355728149, 6.08477973938, 2.44593286514, 1.28970718384, 0.735987782478, 0.616734027863, 0.470329552889, 0.330621510744, 0.158236563206, 0.0862849727273, 0.0529586970806, 0.0229319427162, 0.00851603969932, 0.00123531732243, 5.2031071391e-05, 3.24680149788e-05], "min": [3.34691265814e-22, 2.09647169301e-21, 1.27430388382e-20, 1.322188594e-20, 8.45453032284e-20, 1.38347133597e-19, 4.42079026958e-19, 5.3549909928e-19, 7.72940518632e-19, 7.46007672983e-19, 7.1924357218e-19, 6.71265080399e-19, 2.04890755893e-18, 1.47588242889e-18, 2.00980321586e-18, 3.08845934914e-18, 4.18551156564e-18, 6.250639516e-18, 8.46753856516e-18, 8.43865920843e-18, 1.05201252167e-17, 1.114867164e-17, 1.46441061253e-17, 1.7989158348e-17, 8.64696562055e-18, 8.66856247916e-18, 1.91970753072e-17, 1.9937198469e-17, 1.61404543467e-17, 1.687228585e-17, 2.11455323273e-17, 1.85531168547e-17, 1.35820260711e-17, 8.99953729458e-18, 9.7271030275e-18, 6.72196372031e-18, 2.63600416857e-18, 1.24892960801e-18, 2.77869303103e-19, 3.52163066195e-20], "var": [0.0311026293784, 3.37873005867, 32.068977356, 43.0408248901, 214.980499268, 238.463623047, 134.576004028, 837.396362305, 2636.09643555, 7095.72509766, 3899.6418457, 5070.34912109, 3208.91259766, 1653.70703125, 796.599365234, 2862.08349609, 3130.7878418, 7034.64355469, 7291.82373047, 7088.83349609, 2868.78393555, 2004.35083008, 1073.95458984, 178.082778931, 315.182128906, 368.797485352, 41.347454071, 32.1754837036, 27.6579437256, 45.7422714233, 43.3399429321, 24.231967926, 24.6552181244, 11.1976299286, 0.844289541245, 0.0413231998682, 0.00483252992854, 0.0004915050813, 7.09748746885e-06, 6.22056672839e-09]}, "erbbands_crest": {"dmean": 2.24043703079, "dmean2": 3.53969216347, "dvar": 4.88171100616, "dvar2": 11.8146057129, "max": 26.4715957642, "mean": 8.46831798553, "median": 7.4369225502, "min": 2.34593153, "var": 14.8733005524}, "erbbands_flatness_db": {"dmean": 0.0168789867312, "dmean2": 0.0243140608072, "dvar": 0.00030109443469, "dvar2": 0.000596399302594, "max": 0.305972993374, "mean": 0.160520941019, "median": 0.158418998122, "min": 0.0131434667856, "var": 0.00169604225084}, "erbbands_kurtosis": {"dmean": 0.511773109436, "dmean2": 0.81930911541, "dvar": 0.492561846972, "dvar2": 1.13408350945, "max": 18.9174098969, "mean": -0.185370713472, "median": -0.594159126282, "min": -1.62371659279, "var": 1.99635505676}, "erbbands_skewness": {"dmean": 0.291550338268, "dmean2": 0.452660650015, "dvar": 0.0706844702363, "dvar2": 0.169541299343, "max": 3.63927555084, "mean": 0.119069971144, "median": 0.101513296366, "min": -2.22827363014, "var": 0.35744920373}, "erbbands_spread": {"dmean": 5.67197847366, "dmean2": 8.88400840759, "dvar": 35.5918121338, "dvar2": 81.0270309448, "max": 136.928756714, "mean": 35.287322998, "median": 35.0886497498, "min": 6.14311885834, "var": 152.131027222}, "gfcc": {"cov": [[6443.16992188, -1078.24987793, -161.589477539, -5.03285121918, -481.14440918, 333.497802734, -437.253814697, 114.041770935, -152.557830811, 115.154327393, -47.0094032288, 112.088546753, -233.850952148], [-1078.24987793, 1010.24530029, -368.219329834, -10.1674060822, 208.469772339, -243.007293701, 204.283248901, -89.9241256714, 106.118598938, -63.2685203552, 84.2878723145, -89.4101638794, 97.9876708984], [-161.589477539, -368.219329834, 814.961669922, -5.85407972336, 31.3277416229, 175.938095093, -89.2933654785, 95.8246231079, -97.8476867676, 44.5071983337, -49.9851493835, 92.60912323, -60.4320068359], [-5.03285121918, -10.1674060822, -5.85407972336, 187.548049927, 7.44781208038, -17.303850174, -16.805316925, 14.3309688568, 37.9953536987, -13.4717607498, -9.95113372803, -13.708782196, 35.2255783081], [-481.14440918, 208.469772339, 31.3277416229, 7.44781208038, 207.911468506, -35.8311920166, 74.3135223389, 6.40381765366, 11.0779600143, 15.120552063, -12.2857513428, -6.20695161819, 30.319770813], [333.497802734, -243.007293701, 175.938095093, -17.303850174, -35.8311920166, 236.253952026, -15.3660526276, 44.4484863281, -45.665271759, 2.99289870262, 4.62299346924, 26.6679134369, -48.1063194275], [-437.253814697, 204.283248901, -89.2933654785, -16.805316925, 74.3135223389, -15.3660526276, 164.081878662, 5.14808177948, 30.576631546, -16.3226699829, 12.4497728348, -21.5871868134, 24.9829978943], [114.041770935, -89.9241256714, 95.8246231079, 14.3309688568, 6.40381765366, 44.4484863281, 5.14808177948, 107.450881958, -0.586100816727, 18.6935253143, -23.3461875916, 15.4303627014, -5.12955713272], [-152.557830811, 106.118598938, -97.8476867676, 37.9953536987, 11.0779600143, -45.665271759, 30.576631546, -0.586100816727, 110.715362549, 2.57076668739, 22.6270427704, -28.1251583099, 16.0244846344], [115.154327393, -63.2685203552, 44.5071983337, -13.4717607498, 15.120552063, 2.99289870262, -16.3226699829, 18.6935253143, 2.57076668739, 77.9840927124, -4.85689640045, 16.3463459015, -13.0700435638], [-47.0094032288, 84.2878723145, -49.9851493835, -9.95113372803, -12.2857513428, 4.62299346924, 12.4497728348, -23.3461875916, 22.6270427704, -4.85689640045, 83.4681015015, 7.10999059677, -4.17325496674], [112.088546753, -89.4101638794, 92.60912323, -13.708782196, -6.20695161819, 26.6679134369, -21.5871868134, 15.4303627014, -28.1251583099, 16.3463459015, 7.10999059677, 69.6082763672, -1.03089880943], [-233.850952148, 97.9876708984, -60.4320068359, 35.2255783081, 30.319770813, -48.1063194275, 24.9829978943, -5.12955713272, 16.0244846344, -13.0700435638, -4.17325496674, -1.03089880943, 77.7662124634]], "icov": [[0.000290450436296, -8.82250515133e-06, 0.000371741014533, -0.000148637729581, 0.000300053681713, -0.000348478206433, 0.000570559932385, -0.000320753344567, 0.000203652787604, -0.000313696305966, 0.000262295507127, -0.000456278212368, 0.000617069075815], [-8.82250515133e-06, 0.00304857664742, 0.00018374848878, 0.000645183317829, -0.00228934036568, 0.00208179466426, -0.00154945929535, 0.000342445855495, -0.00017733257846, 0.00162991613615, -0.00311525491998, 0.00210131681524, -0.00114538206253], [0.000371741014533, 0.00018374848878, 0.002578206826, -0.000394864298869, -0.000725813501049, -0.00127572566271, 0.00154111208394, -0.00130967330188, 0.000826051633339, -0.000292203243589, 0.000936208409257, -0.00234506442212, 0.00178087863605], [-0.000148637729581, 0.000645183317829, -0.000394864298869, 0.00715132523328, -0.00099851982668, 0.000238060994889, 0.0013730895007, -0.000847394345328, -0.00279837520793, 0.00193294836208, -0.000197084547835, 0.00181372452062, -0.00385155831464], [0.000300053681713, -0.00228934036568, -0.000725813501049, -0.00099851982668, 0.00888150185347, -0.000893829157576, -0.0018105515046, -9.34901891014e-06, 0.000718587951269, -0.00374903297052, 0.00322531629354, -0.00124414276797, -0.000381018791813], [-0.000348478206433, 0.00208179466426, -0.00127572566271, 0.000238060994889, -0.000893829157576, 0.00820011645555, -0.00270612700842, -0.0014214356197, 0.00156574731227, 0.00214269105345, -0.00400246912614, 0.00179102981929, 0.00127290631644], [0.000570559932385, -0.00154945929535, 0.00154111208394, 0.0013730895007, -0.0018105515046, -0.00270612700842, 0.0113865686581, -0.00270201521926, -0.00122645415831, 0.000916814606171, 0.000822779431473, -0.000480012357002, -0.000116035378596], [-0.000320753344567, 0.000342445855495, -0.00130967330188, -0.000847394345328, -9.34901891014e-06, -0.0014214356197, -0.00270201521926, 0.0131502589211, -0.00231801299378, -0.00184251414612, 0.00335668213665, -0.00153662939556, -0.000842395471409], [0.000203652787604, -0.00017733257846, 0.000826051633339, -0.00279837520793, 0.000718587951269, 0.00156574731227, -0.00122645415831, -0.00231801299378, 0.0140772471204, -0.00289616035298, -0.00432874821126, 0.00420367252082, 0.000110783446871], [-0.000313696305966, 0.00162991613615, -0.000292203243589, 0.00193294836208, -0.00374903297052, 0.00214269105345, 0.000916814606171, -0.00184251414612, -0.00289616035298, 0.0171506348997, -0.00103925715666, -0.00216117268428, 0.00166624039412], [0.000262295507127, -0.00311525491998, 0.000936208409257, -0.000197084547835, 0.00322531629354, -0.00400246912614, 0.000822779431473, 0.00335668213665, -0.00432874821126, -0.00103925715666, 0.0192713886499, -0.00779915554449, 0.00340262171812], [-0.000456278212368, 0.00210131681524, -0.00234506442212, 0.00181372452062, -0.00124414276797, 0.00179102981929, -0.000480012357002, -0.00153662939556, 0.00420367252082, -0.00216117268428, -0.00779915554449, 0.0235802829266, -0.00635322276503], [0.000617069075815, -0.00114538206253, 0.00178087863605, -0.00385155831464, -0.000381018791813, 0.00127290631644, -0.000116035378596, -0.000842395471409, 0.000110783446871, 0.00166624039412, 0.00340262171812, -0.00635322276503, 0.0205596871674]], "mean": [3.44989562035, 116.743278503, -122.196327209, 31.3483123779, -42.4773979187, 3.35428643227, -36.6261520386, 12.1086902618, -15.0599021912, 4.46109867096, -16.8967819214, -5.18167448044, -13.8251132965]}, "hfc": {"dmean": 5.61593818665, "dmean2": 8.12799549103, "dvar": 71.0091400146, "dvar2": 150.772796631, "max": 156.479324341, "mean": 19.0336093903, "median": 13.5658369064, "min": 1.11437811828e-16, "var": 248.676605225}, "melbands": {"dmean": [0.00110936700366, 0.00176553998608, 0.000799624249339, 0.000624767038971, 0.000208349869354, 0.000266480346909, 0.000250137905823, 0.000244426162681, 0.000165739897056, 0.000113492445962, 6.03928820055e-05, 3.38080826623e-05, 2.77847884718e-05, 2.95884328807e-05, 3.62960890925e-05, 3.42910643667e-05, 3.66909625882e-05, 4.29245592386e-05, 3.29571921611e-05, 2.63593483396e-05, 1.73258049472e-05, 1.70187213371e-05, 1.23718455143e-05, 6.78086325934e-06, 3.78508480026e-06, 3.94122434955e-06, 4.70715076517e-06, 3.10595896735e-06, 1.46793763633e-06, 1.01630814697e-06, 8.610088571e-07, 7.49739569983e-07, 7.50252354464e-07, 8.2579060745e-07, 7.23684991044e-07, 6.30699219073e-07, 5.80353912483e-07, 5.31445778051e-07, 4.37596327174e-07, 3.38725044458e-07], "dmean2": [0.00193393032532, 0.00317603186704, 0.00140977348201, 0.00108493294101, 0.000340954837156, 0.000430994754424, 0.00039856650983, 0.000387112639146, 0.000264171540039, 0.000171538747963, 9.21930404729e-05, 5.05708267156e-05, 4.28538478445e-05, 4.5225420763e-05, 5.47607742192e-05, 5.28831988049e-05, 5.56055747438e-05, 6.60395307932e-05, 4.86117278342e-05, 3.9279279008e-05, 2.72283832601e-05, 2.68655876425e-05, 1.93104879145e-05, 1.05615799839e-05, 5.94270750298e-06, 6.06721596341e-06, 7.03050818629e-06, 4.67087966172e-06, 2.22757557822e-06, 1.51881283728e-06, 1.30761316086e-06, 1.11359577204e-06, 1.08029462353e-06, 1.20602294373e-06, 1.04170135273e-06, 9.1065800234e-07, 8.51124752899e-07, 7.65627021337e-07, 6.20925902695e-07, 4.84578379201e-07], "dvar": [2.93357857117e-06, 9.91205979517e-06, 1.47171476783e-06, 1.71019473783e-06, 1.12711433076e-07, 2.62896861614e-07, 2.38441089095e-07, 2.53531510452e-07, 1.11286148297e-07, 6.4651040077e-08, 2.28549588144e-08, 7.48031059317e-09, 3.49551676493e-09, 5.18041209929e-09, 8.04403210708e-09, 7.78862041528e-09, 1.35017677039e-08, 1.14057172595e-08, 6.29722718415e-09, 4.27157997862e-09, 1.82533888005e-09, 9.87447124068e-10, 5.43309452983e-10, 2.07478020875e-10, 5.41139424937e-11, 4.31617276642e-11, 9.1784212175e-11, 4.59036281208e-11, 8.69615057048e-12, 5.90537514722e-12, 5.13644725711e-12, 4.5064871973e-12, 4.45463067475e-12, 9.54156371968e-12, 7.43355290517e-12, 4.96156110988e-12, 4.58638725956e-12, 6.28604460151e-12, 6.14628096682e-12, 3.82609525659e-12], "dvar2": [8.39884614834e-06, 2.83749341179e-05, 4.12966210206e-06, 4.76858394904e-06, 2.86527580329e-07, 6.39638415123e-07, 5.56023223908e-07, 6.05868649473e-07, 2.62976215026e-07, 1.38901825153e-07, 4.70302197186e-08, 1.13787290701e-08, 7.3858705818e-09, 1.13442295557e-08, 1.62116364777e-08, 1.63734945602e-08, 2.99774534085e-08, 2.68510760293e-08, 1.3038393476e-08, 8.47663628178e-09, 3.6829155281e-09, 2.23070117933e-09, 1.21141630061e-09, 4.55347981543e-10, 1.26981286597e-10, 9.49304940212e-11, 1.87183421541e-10, 9.16527409522e-11, 1.89682002744e-11, 1.19714030355e-11, 1.07329197613e-11, 1.00961253247e-11, 8.8917154889e-12, 1.94890978356e-11, 1.37560284344e-11, 9.70563560077e-12, 9.14142112701e-12, 1.15350428861e-11, 1.16550892201e-11, 7.95175297136e-12], "max": [0.0186011437327, 0.0274341907352, 0.0107052959502, 0.0162733588368, 0.00806572195143, 0.00824201572686, 0.00995772425085, 0.00968623068184, 0.00913117080927, 0.00739157991484, 0.00532419560477, 0.00335772824474, 0.00186208717059, 0.00216486444697, 0.00330161093734, 0.00317296292633, 0.00438512396067, 0.00336447381414, 0.00258940691128, 0.0026795361191, 0.00166429998353, 0.0013404856436, 0.000577238737606, 0.000583605084103, 0.000168402912095, 0.000172035506694, 0.000379353150493, 0.00027460034471, 7.31651598471e-05, 0.000121418554045, 0.000116413866635, 8.24732996989e-05, 9.72701236606e-05, 0.000168317914358, 0.000124087528093, 7.68224417698e-05, 8.01123169367e-05, 0.00011522936984, 0.000107317195216, 8.03823568276e-05], "mean": [0.00139845674857, 0.00217821053229, 0.00111459125765, 0.000814214989077, 0.000374159804778, 0.000437027163571, 0.000459945149487, 0.000459917850094, 0.000317647849442, 0.000246703682933, 0.000119222437206, 6.52359740343e-05, 5.47069867025e-05, 6.22328880127e-05, 7.3716044426e-05, 5.77168866585e-05, 6.18737394689e-05, 7.51737097744e-05, 5.99909981247e-05, 4.65780722152e-05, 3.55972806574e-05, 3.59404803021e-05, 2.61442637566e-05, 1.44152309076e-05, 7.81202743383e-06, 8.57063878357e-06, 1.01742634797e-05, 6.63702667225e-06, 2.90392449642e-06, 1.80576182629e-06, 1.42345720633e-06, 1.22777385059e-06, 1.35430525461e-06, 1.36634128012e-06, 1.16989053822e-06, 9.76446131062e-07, 8.27975952689e-07, 7.44403052977e-07, 5.86060366459e-07, 4.61111426375e-07], "median": [0.000839736138005, 0.00139097089414, 0.000825375143904, 0.000502815004438, 0.000237848376855, 0.000218003595364, 0.000204297510209, 0.000196113425773, 0.000157566741109, 0.000118082316476, 5.28959753865e-05, 3.01297404803e-05, 2.3018093998e-05, 1.74613851414e-05, 2.56580278801e-05, 2.07631128433e-05, 2.13635757973e-05, 3.63217259292e-05, 2.6134055588e-05, 1.78156424226e-05, 2.0724361093e-05, 2.27956807066e-05, 1.27469320432e-05, 7.75362241257e-06, 4.83042276755e-06, 5.22080244991e-06, 5.47682202523e-06, 3.440198725e-06, 1.52988945956e-06, 9.21968535295e-07, 6.29353053228e-07, 3.80405424494e-07, 3.75191632429e-07, 2.92892337939e-07, 2.50703010352e-07, 2.55106044733e-07, 1.66585536476e-07, 1.11056422725e-07, 7.7606578941e-08, 6.36213215444e-08], "min": [2.69152477772e-24, 4.99438252059e-24, 4.60325581745e-24, 6.53382998321e-24, 1.45503548033e-23, 1.14379664218e-23, 1.16416787065e-23, 7.48994162768e-24, 5.31313715214e-24, 4.15580681226e-24, 1.05869535325e-23, 6.23300339903e-24, 6.35604992302e-24, 7.8171926856e-24, 7.83905359901e-24, 9.33100571867e-24, 1.27449590582e-23, 1.43128966268e-23, 1.33320995525e-23, 1.16594801417e-23, 1.1844983939e-23, 1.15876306905e-23, 1.02782604273e-23, 1.56219639674e-23, 1.49338942423e-23, 7.5569608836e-24, 6.08585796324e-24, 5.12914717891e-24, 7.49796986511e-24, 1.80079179514e-23, 9.77463505935e-24, 1.024382586e-23, 7.02652528891e-24, 1.04202632789e-23, 1.0535102494e-23, 1.59117378214e-23, 9.9596497629e-24, 1.08136484908e-23, 6.02510896822e-24, 7.99616865892e-24], "var": [2.98216582451e-06, 7.55934343033e-06, 1.31375793444e-06, 1.38550944939e-06, 1.81018506851e-07, 4.24682269795e-07, 6.00823739205e-07, 6.86300666075e-07, 2.4685479616e-07, 2.05869625347e-07, 8.25081372113e-08, 2.96424822466e-08, 1.08126103626e-08, 1.75452292694e-08, 3.29449747483e-08, 1.70766121244e-08, 2.69838960065e-08, 2.27746035364e-08, 1.34170701216e-08, 1.05976072362e-08, 4.69381244983e-09, 2.72716405014e-09, 1.63882263315e-09, 6.21625528829e-10, 1.04673540668e-10, 1.28737520644e-10, 3.21064647091e-10, 1.50201281968e-10, 2.03494911893e-11, 1.23110393407e-11, 1.0805576052e-11, 8.51543922181e-12, 1.08177564129e-11, 1.75076446396e-11, 1.60344203193e-11, 1.05319824042e-11, 9.51538760979e-12, 1.31340034334e-11, 1.16834467448e-11, 7.21854217026e-12]}, "melbands_crest": {"dmean": 3.32683634758, "dmean2": 5.69565916061, "dvar": 8.2576789856, "dvar2": 24.2427845001, "max": 36.2572975159, "mean": 12.5025873184, "median": 11.7985496521, "min": 1.8912115097, "var": 18.5396137238}, "melbands_flatness_db": {"dmean": 0.0259153340012, "dmean2": 0.0420451015234, "dvar": 0.000623528147116, "dvar2": 0.00161608820781, "max": 0.577071726322, "mean": 0.210239380598, "median": 0.204853594303, "min": 0.00574580673128, "var": 0.00326597806998}, "melbands_kurtosis": {"dmean": 5.30910634995, "dmean2": 9.14877510071, "dvar": 177.159393311, "dvar2": 513.579284668, "max": 732.655029297, "mean": 9.48922348022, "median": 6.34936857224, "min": -1.51618909836, "var": 311.770629883}, "melbands_skewness": {"dmean": 0.638328433037, "dmean2": 1.06793689728, "dvar": 0.501886069775, "dvar2": 1.35976135731, "max": 19.9511375427, "mean": 2.34791231155, "median": 2.24221992493, "min": -0.762497365475, "var": 1.50125968456}, "melbands_spread": {"dmean": 6.0208325386, "dmean2": 9.73907470703, "dvar": 48.787361145, "dvar2": 117.96559906, "max": 148.072219849, "mean": 21.722158432, "median": 19.3993759155, "min": 0.491354227066, "var": 157.551925659}, "mfcc": {"cov": [[5027.33935547, -744.339355469, -19.4232349396, -357.179260254, -58.2719764709, -43.0948371887, -186.437255859, -6.6457490921, -226.868942261, 34.3248748779, 0.552367806435, -10.8069562912, 50.2799263], [-744.339355469, 876.249145508, -352.462005615, 149.727340698, -41.5742797852, -26.1592636108, 54.3907775879, -27.8481464386, 34.3093338013, 7.5915222168, 8.35935211182, 21.2665920258, 0.828366041183], [-19.4232349396, -352.462005615, 645.56652832, -101.980567932, 125.002761841, 38.1810035706, 35.4947738647, 60.6979675293, -28.403427124, -34.5980949402, 12.5415973663, -5.2929444313, 15.4103918076], [-357.179260254, 149.727340698, -101.980567932, 251.72366333, 20.7296066284, -32.6830978394, -27.2378902435, -29.3921432495, 69.708656311, 5.07212400436, -19.1988143921, 0.361082881689, -9.4971113205], [-58.2719764709, -41.5742797852, 125.002761841, 20.7296066284, 141.158203125, 20.8773860931, 11.1408634186, 7.47539663315, 10.2206792831, 1.1119363308, -0.744327008724, -4.52553081512, 5.25279331207], [-43.0948371887, -26.1592636108, 38.1810035706, -32.6830978394, 20.8773860931, 101.437454224, 36.6268196106, 17.1783409119, -5.80697107315, 2.36218857765, 16.3956832886, -1.63166856766, -0.551041066647], [-186.437255859, 54.3907775879, 35.4947738647, -27.2378902435, 11.1408634186, 36.6268196106, 123.037986755, 35.9539833069, 21.6500663757, -14.0117273331, 4.20505332947, 7.27513408661, -6.27262210846], [-6.6457490921, -27.8481464386, 60.6979675293, -29.3921432495, 7.47539663315, 17.1783409119, 35.9539833069, 100.090560913, 6.2697095871, 11.0398216248, 5.73745775223, -1.54015040398, 14.1893892288], [-226.868942261, 34.3093338013, -28.403427124, 69.708656311, 10.2206792831, -5.80697107315, 21.6500663757, 6.2697095871, 115.464828491, 19.366651535, -9.0824842453, -0.809015631676, -20.1436462402], [34.3248748779, 7.5915222168, -34.5980949402, 5.07212400436, 1.1119363308, 2.36218857765, -14.0117273331, 11.0398216248, 19.366651535, 78.0496444702, 20.6988067627, 1.13685643673, -1.33997309208], [0.552367806435, 8.35935211182, 12.5415973663, -19.1988143921, -0.744327008724, 16.3956832886, 4.20505332947, 5.73745775223, -9.0824842453, 20.6988067627, 62.1125679016, 15.7850856781, 2.2252612114], [-10.8069562912, 21.2665920258, -5.2929444313, 0.361082881689, -4.52553081512, -1.63166856766, 7.27513408661, -1.54015040398, -0.809015631676, 1.13685643673, 15.7850856781, 57.911819458, 19.9930305481], [50.2799263, 0.828366041183, 15.4103918076, -9.4971113205, 5.25279331207, -0.551041066647, -6.27262210846, 14.1893892288, -20.1436462402, -1.33997309208, 2.2252612114, 19.9930305481, 62.6070327759]], "icov": [[0.000281775253825, 0.00024056294933, 0.000193000480067, 0.000290834344923, -8.7169384642e-05, 0.000158824768732, 0.00022210671159, -4.69067490485e-05, 0.000347685272573, -0.000144228994031, 7.37192458473e-05, -3.87082363886e-05, -7.27495280444e-05], [0.00024056294933, 0.00197774637491, 0.00109603255987, -0.00068723509321, -0.000224740011618, 0.000618542660959, -0.00131950119976, 0.00014412307064, 0.000742124568205, -6.47185297566e-05, -0.000628321024124, -6.83821635903e-05, -0.00045240126201], [0.000193000480067, 0.00109603255987, 0.00290883868001, 0.000656015297864, -0.00227752677165, 0.000417770817876, -0.000386191881262, -0.00110217975453, 0.00040084295324, 0.00130319374148, -0.000924841559026, 5.18309461768e-05, -0.000206929049455], [0.000290834344923, -0.00068723509321, 0.000656015297864, 0.00665118778124, -0.00174770096783, 0.000859289895743, 0.0024403501302, 0.000583752524108, -0.00345765170641, 0.000781834998634, 0.000869797950145, -0.000333903502906, -0.000130655826069], [-8.7169384642e-05, -0.000224740011618, -0.00227752677165, -0.00174770096783, 0.0096422508359, -0.00183312199079, -0.000557233521249, 0.000906057772227, -0.000442181888502, -0.00124652124941, 0.000664835155476, 0.000917483761441, -0.00120341533329], [0.000158824768732, 0.000618542660959, 0.000417770817876, 0.000859289895743, -0.00183312199079, 0.012532081455, -0.00365330441855, -0.0003197939659, 0.00102836592123, -0.000445389334345, -0.00300578051247, 0.00139106612187, -0.000153712535393], [0.00022210671159, -0.00131950119976, -0.000386191881262, 0.0024403501302, -0.000557233521249, -0.00365330441855, 0.0132818762213, -0.00408161478117, -0.00333091337234, 0.00360555783845, 0.00029531592736, -0.00245885527693, 0.00235488405451], [-4.69067490485e-05, 0.00014412307064, -0.00110217975453, 0.000583752524108, 0.000906057772227, -0.0003197939659, -0.00408161478117, 0.0133565058932, -0.00104712042958, -0.00297272740863, -7.13798654033e-05, 0.00229409174062, -0.0042499024421], [0.000347685272573, 0.000742124568205, 0.00040084295324, -0.00345765170641, -0.000442181888502, 0.00102836592123, -0.00333091337234, -0.00104712042958, 0.0136181591079, -0.00423566484824, 0.00242640147917, -0.00142931123264, 0.0036986770574], [-0.000144228994031, -6.47185297566e-05, 0.00130319374148, 0.000781834998634, -0.00124652124941, -0.000445389334345, 0.00360555783845, -0.00297272740863, -0.00423566484824, 0.0172605458647, -0.00645994581282, 0.000823864829727, 2.32898819377e-05], [7.37192458473e-05, -0.000628321024124, -0.000924841559026, 0.000869797950145, 0.000664835155476, -0.00300578051247, 0.00029531592736, -7.13798654033e-05, 0.00242640147917, -0.00645994581282, 0.0214738119394, -0.00636343983933, 0.00218351418152], [-3.87082363886e-05, -6.83821635903e-05, 5.18309461768e-05, -0.000333903502906, 0.000917483761441, 0.00139106612187, -0.00245885527693, 0.00229409174062, -0.00142931123264, 0.000823864829727, -0.00636343983933, 0.022302614525, -0.00820066221058], [-7.27495280444e-05, -0.00045240126201, -0.000206929049455, -0.000130655826069, -0.00120341533329, -0.000153712535393, 0.00235488405451, -0.0042499024421, 0.0036986770574, 2.32898819377e-05, 0.00218351418152, -0.00820066221058, 0.021098671481]], "mean": [-637.915710449, 146.954421997, -14.8466711044, 31.206319809, 11.0353078842, 0.634197175503, -4.95463418961, 1.90183746815, 1.70242679119, 10.4489355087, 0.113551281393, 2.66572117805, 0.313938945532]}, "pitch_salience": {"dmean": 0.0725079029799, "dmean2": 0.120771408081, "dvar": 0.00396858388558, "dvar2": 0.010941860266, "max": 0.942836880684, "mean": 0.568707883358, "median": 0.57402741909, "min": 0.147837594151, "var": 0.010169589892}, "silence_rate_20dB": {"dmean": 0, "dmean2": 0, "dvar": 0, "dvar2": 0, "max": 1, "mean": 1, "median": 1, "min": 1, "var": 0}, "silence_rate_30dB": {"dmean": 0, "dmean2": 0, "dvar": 0, "dvar2": 0, "max": 1, "mean": 1, "median": 1, "min": 1, "var": 0}, "silence_rate_60dB": {"dmean": 0.00329872895963, "dmean2": 0.00659809820354, "dvar": 0.00328752514906, "dvar2": 0.00830137450248, "max": 1, "mean": 0.0177532006055, "median": 0, "min": 0, "var": 0.017437575385}, "spectral_centroid": {"dmean": 203.34588623, "dmean2": 323.653900146, "dvar": 49688.34375, "dvar2": 111475.28125, "max": 11583.0537109, "mean": 1207.86962891, "median": 1162.88452148, "min": 131.759140015, "var": 200255.359375}, "spectral_complexity": {"dmean": 3.34529924393, "dmean2": 5.0974187851, "dvar": 11.563949585, "dvar2": 23.8122444153, "max": 53, "mean": 21.5252227783, "median": 21, "min": 0, "var": 50.9755058289}, "spectral_contrast_coeffs": {"dmean": [0.0533861555159, 0.0444778129458, 0.0351101756096, 0.028984753415, 0.0205808039755, 0.0196507330984], "dmean2": [0.0907897129655, 0.072452917695, 0.0567848049104, 0.0466562248766, 0.0324017778039, 0.0308700762689], "dvar": [0.00198235409334, 0.00136828701943, 0.00082182593178, 0.00059647904709, 0.000311740732286, 0.000368714070646], "dvar2": [0.005596017465, 0.0035552540794, 0.00200434913859, 0.00141831685323, 0.000675179297104, 0.000854711688589], "max": [-0.346625477076, -0.463490009308, -0.449839025736, -0.547633528709, -0.567372024059, -0.603051126003], "mean": [-0.659367501736, -0.731556177139, -0.75969350338, -0.763444721699, -0.775727272034, -0.76129424572], "median": [-0.6635440588, -0.73598241806, -0.766983509064, -0.770251393318, -0.781239390373, -0.763736128807], "min": [-0.954470276833, -0.968064546585, -0.987237274647, -0.978672742844, -0.959670960903, -0.959093213081], "var": [0.00385404797271, 0.00449262885377, 0.00368114095181, 0.00288173370063, 0.00179577595554, 0.00177152373362]}, "spectral_contrast_valleys": {"dmean": [0.421870648861, 0.370190680027, 0.298309087753, 0.255595505238, 0.223372474313, 0.374744385481], "dmean2": [0.711209893227, 0.590694189072, 0.470831573009, 0.395118236542, 0.320190340281, 0.496323168278], "dvar": [0.136623948812, 0.130193859339, 0.0800522267818, 0.0666550397873, 0.0650902539492, 0.219150692225], "dvar2": [0.349042981863, 0.287268817425, 0.168607920408, 0.128791823983, 0.106920294464, 0.379170507193], "max": [-5.12052536011, -4.2311091423, -5.36582946777, -5.81999969482, -5.76974916458, -7.4448184967], "mean": [-6.83300447464, -6.36550569534, -7.2927904129, -7.44279193878, -7.45508813858, -10.6545648575], "median": [-6.70819997787, -6.32050895691, -7.21363449097, -7.3582444191, -7.35554790497, -10.550994873], "min": [-27.5634288788, -27.1626873016, -27.1289672852, -27.3318805695, -27.2779998779, -27.2912845612], "var": [0.617000162601, 0.684207975864, 0.624737799168, 0.653308808804, 0.679614663124, 1.37603580952]}, "spectral_decrease": {"dmean": 3.10550207772e-09, "dmean2": 5.29203791899e-09, "dvar": 1.94141589328e-17, "dvar2": 5.2980977791e-17, "max": 5.68580527314e-17, "mean": -7.27978610726e-09, "median": -6.14493878004e-09, "min": -4.15521910213e-08, "var": 2.40721469654e-17}, "spectral_energy": {"dmean": 0.0121092163026, "dmean2": 0.0205388665199, "dvar": 0.000292018172331, "dvar2": 0.000792453298345, "max": 0.162965670228, "mean": 0.0292019806802, "median": 0.0245594643056, "min": 1.01714110542e-20, "var": 0.00037863527541}, "spectral_energyband_high": {"dmean": 0.000214640123886, "dmean2": 0.000293850112939, "dvar": 3.06506365177e-07, "dvar2": 5.2051655075e-07, "max": 0.0197406746447, "mean": 0.000435509195086, "median": 0.000184821430594, "min": 7.3688544764e-21, "var": 8.53033384374e-07}, "spectral_energyband_low": {"dmean": 0.00767779583111, "dmean2": 0.0137182520702, "dvar": 0.000163914461154, "dvar2": 0.000474966218462, "max": 0.111967600882, "mean": 0.0108841266483, "median": 0.00784888956696, "min": 2.20437177208e-23, "var": 0.000138633724418}, "spectral_energyband_middle_high": {"dmean": 0.00163521268405, "dmean2": 0.00237701181322, "dvar": 6.02796080784e-06, "dvar2": 1.21438924907e-05, "max": 0.0444023124874, "mean": 0.00553053664044, "median": 0.00360026536509, "min": 1.60632981962e-21, "var": 3.15505058097e-05}, "spectral_energyband_middle_low": {"dmean": 0.00596786662936, "dmean2": 0.00979655515403, "dvar": 0.000105615159555, "dvar2": 0.000277509214357, "max": 0.108861915767, "mean": 0.0134885739535, "median": 0.0100280102342, "min": 2.56552106662e-22, "var": 0.000136852555443}, "spectral_entropy": {"dmean": 0.125384494662, "dmean2": 0.183084234595, "dvar": 0.0158874671906, "dvar2": 0.0321375317872, "max": 9.79870128632, "mean": 7.48180198669, "median": 7.49252557755, "min": 5.61774492264, "var": 0.0981364697218}, "spectral_flux": {"dmean": 0.0287774428725, "dmean2": 0.0446186028421, "dvar": 0.00114547624253, "dvar2": 0.00216840044595, "max": 0.353474080563, "mean": 0.0908032953739, "median": 0.0792576223612, "min": 1.00853415896e-10, "var": 0.0024656963069}, "spectral_kurtosis": {"dmean": 1.92884600163, "dmean2": 3.3211414814, "dvar": 4.14338493347, "dvar2": 12.5678358078, "max": 34.5146179199, "mean": 5.96870660782, "median": 5.55306148529, "min": -1.21883308887, "var": 9.09742164612}, "spectral_rms": {"dmean": 0.00101084448397, "dmean2": 0.00166930223349, "dvar": 1.47800437844e-06, "dvar2": 3.90711829823e-06, "max": 0.0126091586426, "mean": 0.00505508715287, "median": 0.00489494111389, "min": 3.1501314144e-12, "var": 2.93595576295e-06}, "spectral_rolloff": {"dmean": 383.254425049, "dmean2": 658.384887695, "dvar": 443013.28125, "dvar2": 928583, "max": 19164.5507812, "mean": 1218.21447754, "median": 990.52734375, "min": 21.533203125, "var": 1166274.5}, "spectral_skewness": {"dmean": 0.221357285976, "dmean2": 0.366313159466, "dvar": 0.0422306805849, "dvar2": 0.116191029549, "max": 4.75430393219, "mean": 1.67044103146, "median": 1.65786421299, "min": -0.0450643375516, "var": 0.171164244413}, "spectral_spread": {"dmean": 455207.53125, "dmean2": 636038.8125, "dvar": 422980354048, "dvar2": 658932498432, "max": 40783520, "mean": 3686490.25, "median": 3424820, "min": 1518599.5, "var": 1709918781440.0}, "spectral_strongpeak": {"dmean": 0.53886848688