{"lowlevel": {"average_loudness": 0.874193370342, "barkbands": {"dmean": [1.48329754666e-05, 0.00107117777225, 0.000739896146115, 0.000376534764655, 0.0015240048524, 0.00115526793525, 0.000774905958679, 0.00106322870124, 0.00195946334861, 0.000596791272983, 0.000527933239937, 0.00054066296434, 0.000457583577372, 0.000408045103541, 0.000290525495075, 0.000158222566824, 0.000147937316797, 7.08507359377e-05, 9.20450838748e-05, 2.97262067761e-05, 2.50046086876e-05, 2.52544868999e-05, 1.47198215927e-05, 1.14985778055e-05, 1.00204515547e-05, 3.6383630686e-06, 1.69688675555e-07], "dmean2": [2.5002134862e-05, 0.00178052997217, 0.00115810707211, 0.00058159272885, 0.00239366688766, 0.00172097829636, 0.00116115435958, 0.00163185328711, 0.00294517353177, 0.000879953673575, 0.000770495506003, 0.000825392082334, 0.000686062616296, 0.000610773277003, 0.000436816684669, 0.000240280322032, 0.00022120999347, 0.000107950167148, 0.00013153423788, 4.51296982646e-05, 3.73517323169e-05, 3.68479086319e-05, 2.1358651793e-05, 1.61280240718e-05, 1.42006238093e-05, 4.63931155537e-06, 2.64892292989e-07], "dvar": [1.17020282353e-09, 6.09487005931e-06, 3.14383260047e-06, 7.87714043327e-07, 9.37440017879e-06, 7.38759126762e-06, 5.26278836332e-06, 9.33938099479e-06, 2.4682842195e-05, 3.83557289751e-06, 3.0560408959e-06, 2.90657021651e-06, 2.64331561084e-06, 2.02960291062e-06, 1.10714370294e-06, 2.72585424455e-07, 1.32541046582e-07, 2.76348561812e-08, 5.86255239909e-08, 1.01961639132e-08, 8.50636894256e-09, 6.34356656093e-09, 3.50329587562e-09, 4.61418547815e-09, 1.19442598034e-08, 1.94666194275e-09, 6.01019407853e-12], "dvar2": [3.33525962404e-09, 1.66509926203e-05, 7.31120735509e-06, 1.78682660135e-06, 2.22706985369e-05, 1.59584742505e-05, 1.06019206214e-05, 2.09362260648e-05, 5.72056706005e-05, 8.1124544522e-06, 6.30866907159e-06, 6.94757591191e-06, 6.28239104117e-06, 4.59408374809e-06, 2.56128669207e-06, 6.17357500232e-07, 2.82386423578e-07, 6.14545854205e-08, 1.10369441586e-07, 2.40096582615e-08, 1.76876753244e-08, 1.37628992647e-08, 6.92606372255e-09, 8.98682372963e-09, 2.55482710543e-08, 3.3862503912e-09, 1.28255574564e-11], "max": [0.000999735319056, 0.0570847094059, 0.0353672802448, 0.0232001207769, 0.0547732710838, 0.068069010973, 0.0647358074784, 0.090125143528, 0.0855956748128, 0.0492791235447, 0.0475191138685, 0.0465739816427, 0.0509832017124, 0.0509194247425, 0.0310278236866, 0.0168556459248, 0.0101921707392, 0.0042768754065, 0.00516068376601, 0.00297255231999, 0.00375201553106, 0.0033631385304, 0.00260994490236, 0.00270671094768, 0.00552943395451, 0.00279280263931, 0.000186638179002], "mean": [2.08308974834e-05, 0.00219208025374, 0.00123759917915, 0.000684293918312, 0.00305723911151, 0.00244898628443, 0.00136850413401, 0.00175654771738, 0.00375236431137, 0.00112010340672, 0.000919664744288, 0.00092560617486, 0.000769939098973, 0.000636670622043, 0.000460228329757, 0.00026166337193, 0.000277183076832, 0.000136588831083, 0.000183930198546, 5.4012711189e-05, 5.04948657181e-05, 4.96089851367e-05, 2.97250535368e-05, 2.16677653953e-05, 1.55873203767e-05, 6.30272597846e-06, 2.07034602795e-07], "median": [5.26495887243e-06, 0.000378467782866, 0.000274920021184, 0.000193970568944, 0.00131777103525, 0.000857277715113, 0.000244503957219, 0.000220898844418, 0.000282517168671, 7.98204855528e-05, 5.31036130269e-05, 4.84281517856e-05, 3.34469295922e-05, 2.91695469059e-05, 2.02193732548e-05, 2.83325753117e-05, 3.20549006574e-05, 1.52810971485e-05, 8.75594560057e-06, 6.27595545666e-06, 7.63484604249e-06, 6.83145572111e-06, 3.53262976205e-06, 1.53458393015e-06, 9.55954305937e-07, 3.06915239889e-07, 1.68863412142e-08], "min": [5.73178346517e-25, 1.80344110561e-23, 8.47040974703e-25, 8.56098281186e-24, 1.39004769901e-23, 7.36699402684e-23, 9.12075109491e-23, 3.60457305757e-23, 2.48649288647e-23, 1.37690164757e-23, 2.80053825507e-23, 1.16694540257e-22, 1.1023979003e-22, 1.44432757707e-22, 9.85010411998e-23, 1.36283811934e-22, 1.79522969467e-22, 1.01151512867e-22, 2.09607625281e-22, 2.46320189446e-22, 5.73969186674e-22, 3.91676028009e-22, 5.61559357028e-22, 8.17365062434e-22, 9.96079443163e-22, 1.63441468148e-21, 2.57802773052e-21], "var": [2.61309018867e-09, 1.98416382773e-05, 6.84781025484e-06, 2.37995641328e-06, 2.3101856641e-05, 2.2720598281e-05, 1.28687433971e-05, 2.23808419832e-05, 6.95045382599e-05, 1.09100692498e-05, 7.78182493377e-06, 6.99715656083e-06, 6.75212049828e-06, 4.56747920907e-06, 2.28686985793e-06, 5.92517267251e-07, 3.57124690709e-07, 8.46705532354e-08, 1.88821402958e-07, 2.42122002447e-08, 2.10438138026e-08, 1.67195128853e-08, 1.05047126553e-08, 1.10376348061e-08, 1.98339815682e-08, 4.55823556678e-09, 1.07197436691e-11]}, "barkbands_crest": {"dmean": 2.74652576447, "dmean2": 4.40067338943, "dvar": 6.40838909149, "dvar2": 16.4875297546, "max": 26.901134491, "mean": 12.8193054199, "median": 12.0088996887, "min": 3.05413913727, "var": 23.6099624634}, "barkbands_flatness_db": {"dmean": 0.022547505796, "dmean2": 0.0338244847953, "dvar": 0.000563039735425, "dvar2": 0.00117077352479, "max": 0.500434815884, "mean": 0.226897612214, "median": 0.219042688608, "min": 0.0465779863298, "var": 0.00489052431658}, "barkbands_kurtosis": {"dmean": 6.6487159729, "dmean2": 10.5337505341, "dvar": 317.896240234, "dvar2": 796.270751953, "max": 1145.38525391, "mean": 14.1937646866, "median": 4.45559310913, "min": -1.92972302437, "var": 1738.49902344}, "barkbands_skewness": {"dmean": 0.665864109993, "dmean2": 1.01769208908, "dvar": 0.711502015591, "dvar2": 1.5841575861, "max": 32.9242553711, "mean": 1.92531120777, "median": 1.46131443977, "min": -5.39387702942, "var": 5.42766189575}, "barkbands_spread": {"dmean": 2.9088602066, "dmean2": 4.41416311264, "dvar": 29.772108078, "dvar2": 63.4069862366, "max": 114.313018799, "mean": 9.62438964844, "median": 7.09499120712, "min": 0.255308568478, "var": 94.8255157471}, "dissonance": {"dmean": 0.0354200601578, "dmean2": 0.0588473752141, "dvar": 0.00107414450031, "dvar2": 0.00290008913726, "max": 0.500000178814, "mean": 0.412396490574, "median": 0.424882531166, "min": 0.133701980114, "var": 0.00348785566166}, "dynamic_complexity": 4.52324533463, "erbbands": {"dmean": [0.0212408676744, 0.279259473085, 0.845009684563, 0.955987155437, 3.38028264046, 6.02838182449, 7.21368837357, 9.51634407043, 9.75469684601, 14.5579929352, 30.1168022156, 41.3229217529, 25.9692230225, 18.0981864929, 19.0032291412, 19.798997879, 18.8819007874, 21.7194232941, 14.466088295, 10.9191474915, 7.64250087738, 7.81950569153, 3.65527772903, 4.60601758957, 3.69285225868, 1.16918683052, 0.991452276707, 1.16021740437, 0.985990166664, 0.540215015411, 0.409549623728, 0.28806963563, 0.179016426206, 0.13135188818, 0.0571969524026, 0.020948536694, 0.00581069104373, 0.000935210438911, 2.06027089007e-05, 7.19848640074e-06], "dmean2": [0.0348710045218, 0.46594581008, 1.31351006031, 1.44402003288, 5.34324741364, 9.3867483139, 10.9342164993, 14.2680597305, 14.7311124802, 21.5803184509, 45.7136230469, 60.4786758423, 39.0670318604, 25.1728248596, 28.0567035675, 29.5544681549, 27.8954467773, 31.8239498138, 21.6249523163, 16.356470108, 11.1098470688, 11.6307182312, 5.31398773193, 6.66319274902, 5.28974628448, 1.73879468441, 1.47257614136, 1.71375465393, 1.44366037846, 0.807434797287, 0.594233930111, 0.413317352533, 0.258813560009, 0.191176041961, 0.0804008692503, 0.0286224801093, 0.0075002964586, 0.00130382715724, 2.81097582047e-05, 1.04593000287e-05], "dvar": [0.0027872226201, 0.414402276278, 4.31996011734, 4.71977376938, 52.4651641846, 193.746124268, 385.563934326, 573.348693848, 759.124267578, 1696.0637207, 7666.21972656, 11953.7890625, 5523.85546875, 3147.97119141, 4248.39794922, 4320.26757813, 4438.79101563, 5687.18115234, 2381.89404297, 1501.91455078, 437.19744873, 377.237060547, 70.1695556641, 134.901596069, 108.978294373, 15.6250152588, 12.1570367813, 17.5550441742, 10.1126918793, 4.43490600586, 2.68224096298, 2.19850993156, 1.91577994823, 2.54707169533, 0.321380764246, 0.0626185238361, 0.00544659700245, 0.000193696352653, 7.24807804886e-08, 1.45341155777e-10], "dvar2": [0.0072910967283, 1.12461304665, 9.90239620209, 9.79469203949, 128.313583374, 423.35635376, 840.830993652, 1351.62390137, 1678.07397461, 3424.10131836, 17528.7617188, 26033.7011719, 13174.8203125, 5803.46191406, 9169.74609375, 10204.5751953, 11042.7705078, 12340.4833984, 5466.15771484, 3504.4921875, 914.906494141, 827.194824219, 148.851333618, 267.157623291, 214.442565918, 38.1477012634, 26.1997947693, 37.7173843384, 22.199848175, 9.2282781601, 5.48623037338, 4.68542861938, 3.95797419548, 5.6487288475, 0.669922828674, 0.136796176434, 0.0079701775685, 0.000308649730869, 1.19983027957e-07, 2.71377503802e-10], "max": [2.02391839027, 11.9324789047, 39.8399505615, 63.3622055054, 133.440246582, 314.287414551, 510.531433105, 628.287902832, 806.87677002, 1210.66723633, 2049.15332031, 2625.93237305, 1711.40332031, 2186.13305664, 2151.01489258, 1967.18066406, 2448.08984375, 3000.53564453, 1266.97998047, 1196.59375, 558.299499512, 686.727539063, 268.868621826, 344.779876709, 322.774169922, 152.107086182, 124.664199829, 169.517990112, 132.844192505, 87.5572662354, 68.8558731079, 71.3761672974, 70.4697875977, 90.6998443604, 39.3337402344, 15.6130390167, 5.51913881302, 1.07788991928, 0.0197652392089, 0.000596724508796], "mean": [0.0478394664824, 0.546475887299, 1.49580430984, 1.97423195839, 5.9973988533, 11.3903512955, 16.0129756927, 18.8081455231, 18.2834587097, 26.4774780273, 53.4044342041, 80.4538879395, 49.8205375671, 36.4153404236, 35.7518539429, 36.3478965759, 35.0072021484, 39.3358573914, 25.2105426788, 18.178483963, 14.9770946503, 15.6831521988, 8.06653881073, 9.35230922699, 7.28427600861, 2.37701511383, 1.94102406502, 2.29196977615, 1.95189642906, 1.06701958179, 0.828208208084, 0.561325967312, 0.310726463795, 0.200164943933, 0.0923092067242, 0.0346520729363, 0.0102457692847, 0.00154024513904, 4.29676292697e-05, 2.74371450359e-05], "median": [0.00581125216559, 0.105627454817, 0.393178969622, 0.761966049671, 2.4891307354, 4.00172233582, 5.92186069489, 6.11225509644, 4.93877124786, 6.05436325073, 8.25304031372, 7.39789962769, 5.27588319778, 3.63272333145, 2.59132456779, 2.33565092087, 2.02469062805, 2.03563141823, 1.35404491425, 1.44714033604, 2.04636836052, 1.95305776596, 1.02620303631, 0.590281069279, 0.457264453173, 0.334848582745, 0.321079075336, 0.32673573494, 0.259010374546, 0.147563785315, 0.0941753983498, 0.0426672510803, 0.0206370763481, 0.0117994407192, 0.00574049167335, 0.00164668436628, 0.000522001180798, 9.79111209745e-05, 1.30651560539e-05, 2.30787336477e-05], "min": [5.80715222213e-22, 3.21527850597e-21, 1.99560755901e-21, 1.38662628684e-20, 3.42501015029e-20, 5.92700176677e-20, 4.52096132478e-19, 4.86123861336e-19, 8.59940583725e-19, 1.61733744807e-18, 7.85189150648e-19, 5.93338824733e-19, 2.48329390959e-19, 9.77384927867e-19, 1.95072680369e-18, 5.29322097037e-18, 5.46194679017e-18, 5.63075946394e-18, 6.29251388015e-18, 7.17411098289e-18, 5.77009638377e-18, 1.02761449863e-17, 5.53565271865e-18, 7.7776608353e-18, 1.11041147291e-17, 1.06358577105e-17, 2.4612019627e-17, 2.01879202214e-17, 1.44800232702e-17, 1.39450442091e-17, 1.79254009207e-17, 1.60293888058e-17, 1.19707195969e-17, 8.92607703874e-18, 6.71181380061e-18, 4.94161544329e-18, 3.0186936955e-18, 1.43081556117e-18, 3.69063561644e-19, 3.87201435278e-20], "var": [0.0182104725391, 1.06325376034, 9.43302154541, 17.9529666901, 104.549003601, 509.077087402, 1198.4708252, 1530.37158203, 1899.88269043, 4304.15722656, 18912.6015625, 37001.046875, 14074.5078125, 10273.1269531, 11514.6699219, 11186.1132813, 10638.4257813, 15747.8681641, 5680.52832031, 2711.1340332, 1289.95117188, 1080.78112793, 258.335235596, 429.087036133, 333.270721436, 36.5486717224, 31.3270549774, 40.7735557556, 26.2156429291, 12.1268424988, 7.98418092728, 5.35777616501, 3.57822227478, 3.56205940247, 0.619289636612, 0.104652062058, 0.0146841267124, 0.000500883092172, 1.83486065453e-07, 6.65218768958e-10]}, "erbbands_crest": {"dmean": 3.02855467796, "dmean2": 4.82369709015, "dvar": 8.0542383194, "dvar2": 20.416015625, "max": 31.9410018921, "mean": 12.7283601761, "median": 11.8221683502, "min": 2.54911279678, "var": 25.1716041565}, "erbbands_flatness_db": {"dmean": 0.0181804075837, "dmean2": 0.0264449734241, "dvar": 0.000352364295395, "dvar2": 0.000695109192748, "max": 0.411519825459, "mean": 0.226873531938, "median": 0.229828447104, "min": 0.0353186652064, "var": 0.00291385431774}, "erbbands_kurtosis": {"dmean": 2.36045575142, "dmean2": 3.66821575165, "dvar": 20.2790641785, "dvar2": 43.7659835815, "max": 156.851654053, "mean": 4.19925928116, "median": 1.90906596184, "min": -1.89676439762, "var": 58.556186676}, "erbbands_skewness": {"dmean": 0.49516671896, "dmean2": 0.740934789181, "dvar": 0.300502479076, "dvar2": 0.614769399166, "max": 9.56802177429, "mean": 1.12967801094, "median": 1.0374815464, "min": -5.60709810257, "var": 1.53218603134}, "erbbands_spread": {"dmean": 6.01901578903, "dmean2": 9.12482738495, "dvar": 101.86265564, "dvar2": 222.732421875, "max": 168.930908203, "mean": 23.5030822754, "median": 17.368019104, "min": 1.16531801224, "var": 379.108276367}, "gfcc": {"cov": [[15193.6386719, 236.744995117, -3963.30908203, -514.2265625, -900.577575684, -112.999488831, -257.056396484, -109.508598328, 97.6249237061, -270.12713623, -62.7408332825, -256.662200928, -122.397262573], [236.744995117, 1521.57897949, 496.026062012, -133.654571533, 191.049240112, -170.506759644, 71.3198623657, -173.613952637, 86.9865341187, -74.0936813354, 49.436882019, -37.2357139587, 57.6986923218], [-3963.30908203, 496.026062012, 2528.50585938, 743.699401855, 326.643005371, 33.6053924561, -12.8154315948, -50.2089729309, -56.2876052856, 105.979133606, -16.1915893555, 121.887046814, 89.296913147], [-514.2265625, -133.654571533, 743.699401855, 853.440429688, 222.380401611, -50.5050849915, -83.1420135498, 29.0906620026, 12.1739444733, -9.38038253784, -37.9890594482, 36.0505256653, 20.0493850708], [-900.577575684, 191.049240112, 326.643005371, 222.380401611, 391.312957764, 13.5239067078, 20.7381362915, 39.1010551453, 45.8818626404, 11.2888708115, 13.8345422745, 6.02540540695, 6.27356100082], [-112.999488831, -170.506759644, 33.6053924561, -50.5050849915, 13.5239067078, 364.360198975, 183.592025757, 45.3429069519, -15.1911277771, 75.450881958, 21.083398819, -38.8741493225, -24.9155979156], [-257.056396484, 71.3198623657, -12.8154315948, -83.1420135498, 20.7381362915, 183.592025757, 333.849975586, 90.9861602783, -6.31559610367, -11.2060480118, 25.3657245636, -10.6334514618, -10.63098526], [-109.508598328, -173.613952637, -50.2089729309, 29.0906620026, 39.1010551453, 45.3429069519, 90.9861602783, 184.402908325, 40.082244873, -6.93999814987, -7.99948835373, 17.8183059692, -9.9053850174], [97.6249237061, 86.9865341187, -56.2876052856, 12.1739444733, 45.8818626404, -15.1911277771, -6.31559610367, 40.082244873, 164.736465454, 47.2113609314, -3.36967277527, -25.5675926208, 13.9300909042], [-270.12713623, -74.0936813354, 105.979133606, -9.38038253784, 11.2888708115, 75.450881958, -11.2060480118, -6.93999814987, 47.2113609314, 165.531936646, 40.2077598572, -17.2381153107, -3.01332712173], [-62.7408332825, 49.436882019, -16.1915893555, -37.9890594482, 13.8345422745, 21.083398819, 25.3657245636, -7.99948835373, -3.36967277527, 40.2077598572, 108.799491882, 28.8385868073, -9.17485141754], [-256.662200928, -37.2357139587, 121.887046814, 36.0505256653, 6.02540540695, -38.8741493225, -10.6334514618, 17.8183059692, -25.5675926208, -17.2381153107, 28.8385868073, 137.415664673, 39.2811660767], [-122.397262573, 57.6986923218, 89.296913147, 20.0493850708, 6.27356100082, -24.9155979156, -10.63098526, -9.9053850174, 13.9300909042, -3.01332712173, -9.17485141754, 39.2811660767, 101.512138367]], "icov": [[0.000248578726314, -0.000559977605008, 0.000620469683781, -0.000603680964559, 0.000662870763335, -0.00052788091125, 0.000517696433235, -0.000421860808274, 0.000330723181833, -0.000257892766967, 0.000320272723911, -0.000229277022299, 9.85816805041e-05], [-0.000559977605008, 0.00293311988935, -0.00199562916532, 0.00218671490438, -0.00227384245954, 0.00221720244735, -0.0022606132552, 0.0029288912192, -0.00240227743052, 0.00222276872955, -0.00194966373965, 0.00154860969633, -0.000664803141262], [0.000620469683781, -0.00199562916532, 0.00243527628481, -0.00230524362996, 0.00160022871569, -0.00163641979452, 0.00138774921652, -0.00135447527282, 0.00183751934674, -0.00198902445845, 0.00171045737807, -0.00149050320033, 0.000128276151372], [-0.000603680964559, 0.00218671490438, -0.00230524362996, 0.00374608323909, -0.00263169663958, 0.00175075710285, -0.00114547472913, 0.0014580572024, -0.00174347264692, 0.00191441481002, -0.00108076271135, 0.0010853363201, -0.000289741437882], [0.000662870763335, -0.00227384245954, 0.00160022871569, -0.00263169663958, 0.00551847089082, -0.00202539865859, 0.00180793146137, -0.00252090580761, 0.000621561717708, -0.000876794802025, 0.000380906363716, -0.000669922912493, 0.000491314916871], [-0.00052788091125, 0.00221720244735, -0.00163641979452, 0.00175075710285, -0.00202539865859, 0.00660780537874, -0.00443730829284, 0.00181994331069, -0.000298386410577, -0.0013190935133, -0.00086766842287, 0.00200253212824, -0.000194635984371], [0.000517696433235, -0.0022606132552, 0.00138774921652, -0.00114547472913, 0.00180793146137, -0.00443730829284, 0.0072650113143, -0.00447416165844, 0.00166714482475, 0.000675483956002, -0.000398726377171, -0.000259240623564, -0.000106430918095], [-0.000421860808274, 0.0029288912192, -0.00135447527282, 0.0014580572024, -0.00252090580761, 0.00181994331069, -0.00447416165844, 0.0109302727506, -0.00478427996859, 0.00233889743686, -4.55490771856e-05, -0.00122245028615, 0.00112546177115], [0.000330723181833, -0.00240227743052, 0.00183751934674, -0.00174347264692, 0.000621561717708, -0.000298386410577, 0.00166714482475, -0.00478427996859, 0.010764984414, -0.00534425862134, 0.00214480818249, 0.000788624281995, -0.00165894429665], [-0.000257892766967, 0.00222276872955, -0.00198902445845, 0.00191441481002, -0.000876794802025, -0.0013190935133, 0.000675483956002, 0.00233889743686, -0.00534425862134, 0.011999566108, -0.00577740883455, 0.00270713190548, -0.0006535522989], [0.000320272723911, -0.00194966373965, 0.00171045737807, -0.00108076271135, 0.000380906363716, -0.00086766842287, -0.000398726377171, -4.55490771856e-05, 0.00214480818249, -0.00577740883455, 0.0142818875611, -0.00560710718855, 0.00291518610902], [-0.000229277022299, 0.00154860969633, -0.00149050320033, 0.0010853363201, -0.000669922912493, 0.00200253212824, -0.000259240623564, -0.00122245028615, 0.000788624281995, 0.00270713190548, -0.00560710718855, 0.0121013699099, -0.00489079207182], [9.85816805041e-05, -0.000664803141262, 0.000128276151372, -0.000289741437882, 0.000491314916871, -0.000194635984371, -0.000106430918095, 0.00112546177115, -0.00165894429665, -0.0006535522989, 0.00291518610902, -0.00489079207182, 0.0126769673079]], "mean": [-91.7755355835, 126.538261414, -109.295806885, 17.9310626984, -62.0238075256, 0.729159712791, -35.592338562, 0.867675423622, -17.6836395264, -2.95799660683, -16.3694267273, -0.461369603872, -8.68299007416]}, "hfc": {"dmean": 4.03314256668, "dmean2": 5.41084337234, "dvar": 40.9842643738, "dvar2": 73.1591873169, "max": 140.824188232, "mean": 15.5965242386, "median": 8.29343891144, "min": 1.1693993933e-16, "var": 331.622131348}, "melbands": {"dmean": [0.000249531207373, 0.000408239720855, 0.000210326499655, 0.000351811439032, 0.000240253808443, 0.000214371422771, 0.000154590903549, 0.000166363592143, 0.000287613424007, 0.000264657894149, 0.000131506327307, 7.51883198973e-05, 6.6171407525e-05, 5.33841121069e-05, 5.6360328017e-05, 4.60805640614e-05, 4.29774190707e-05, 2.46188465098e-05, 2.3475045964e-05, 1.21213779494e-05, 9.20417733141e-06, 9.34608760872e-06, 5.03412002217e-06, 3.08010021399e-06, 4.16155808125e-06, 3.5095279145e-06, 1.77297590653e-06, 7.34479328912e-07, 7.40947939448e-07, 5.87415627251e-07, 7.60826083024e-07, 6.78093158513e-07, 3.72815179617e-07, 2.99518887914e-07, 2.56342076455e-07, 2.26399578196e-07, 1.72838880985e-07, 1.27889364876e-07, 1.50232708052e-07, 1.01482974912e-07], "dmean2": [0.0004148814769, 0.000646234257147, 0.000318350474117, 0.000553617603146, 0.000364249746781, 0.000318597798469, 0.000230983088841, 0.00024821027182, 0.000437584676547, 0.000388192449464, 0.000199138317839, 0.000105048071418, 9.65054277913e-05, 8.03650400485e-05, 8.60088257468e-05, 6.79167860653e-05, 6.3686624344e-05, 3.7183486711e-05, 3.52789902536e-05, 1.83603951882e-05, 1.35692007461e-05, 1.40451120387e-05, 7.53286212785e-06, 4.68121061203e-06, 6.08613618169e-06, 4.99983434565e-06, 2.68278608928e-06, 1.12790110052e-06, 1.13112980671e-06, 8.80721188423e-07, 1.14310944355e-06, 1.00220711374e-06, 5.65393520446e-07, 4.53338998341e-07, 3.79284983865e-07, 3.39621465173e-07, 2.53317864463e-07, 1.91176027897e-07, 2.27229733696e-07, 1.47642197135e-07], "dvar": [3.47308457549e-07, 8.70372048212e-07, 1.62158997341e-07, 5.34789705853e-07, 3.50252037151e-07, 2.61100240095e-07, 1.76238842187e-07, 2.1001629591e-07, 7.17104626347e-07, 4.96919540183e-07, 1.44927412293e-07, 5.59997559435e-08, 5.12537496888e-08, 2.55939021088e-08, 3.98000779001e-08, 3.3092597107e-08, 2.43488536e-08, 7.31612104232e-09, 7.52766737833e-09, 2.34021824141e-09, 6.43085251717e-10, 5.77867864671e-10, 1.61201899052e-10, 5.65181686174e-11, 1.20756793454e-10, 1.06106096132e-10, 3.25013904678e-11, 8.54822723023e-12, 6.77475480229e-12, 5.69535651279e-12, 6.56883488576e-12, 4.37020905575e-12, 2.12028485047e-12, 1.49775157554e-12, 1.0018265514e-12, 1.21122068538e-12, 8.50389040869e-13, 6.66935528072e-13, 3.51223152124e-12, 1.31753863462e-12], "dvar2": [9.63504476204e-07, 2.04630191547e-06, 3.59404765504e-07, 1.3034401718e-06, 7.62746310556e-07, 5.94024811562e-07, 3.75593458557e-07, 4.38789896862e-07, 1.6611228375e-06, 1.08818039735e-06, 3.42390848118e-07, 1.0462034794e-07, 1.06786217202e-07, 5.72763028117e-08, 9.65224629113e-08, 8.01049111487e-08, 5.33732098518e-08, 1.69043321563e-08, 1.72139227317e-08, 5.422945204e-09, 1.369077407e-09, 1.28471977501e-09, 3.35247579697e-10, 1.32511362994e-10, 2.43248032827e-10, 2.08201372809e-10, 7.57749696323e-11, 2.13341861538e-11, 1.56802106022e-11, 1.16515859461e-11, 1.46202130263e-11, 9.7696928672e-12, 4.94755148309e-12, 3.20306303182e-12, 2.09064211255e-12, 2.93042716829e-12, 1.81037303204e-12, 1.44791177745e-12, 8.29444152251e-12, 2.82930753479e-12], "max": [0.0175594799221, 0.0156312901527, 0.00958752073348, 0.0142085412517, 0.0143881551921, 0.0136629631743, 0.0108438320458, 0.0133158536628, 0.0186190810055, 0.0169608686119, 0.00843209587038, 0.00904905144125, 0.00751739414409, 0.00348957045935, 0.00574611872435, 0.00663043698296, 0.00653638644144, 0.00215441430919, 0.0023484621197, 0.0017215621192, 0.000553448626306, 0.000931975373533, 0.000351372029399, 0.000219247260247, 0.000330383511027, 0.000280093197944, 0.00019427431107, 0.000133090798045, 9.64811624726e-05, 9.76879746304e-05, 0.000106754618173, 7.77946552262e-05, 6.80951270624e-05, 5.8139419707e-05, 3.77254327759e-05, 5.90937379457e-05, 3.54733565473e-05, 4.23150377173e-05, 0.000102477548353, 6.77661373629e-05], "mean": [0.000526350806467, 0.000782689021435, 0.000429956737207, 0.000655427982565, 0.000541497953236, 0.000435694557382, 0.000288409588393, 0.000295006029774, 0.000498075678479, 0.000512954662554, 0.000238392662141, 0.00014303480566, 0.000117906667583, 9.18019504752e-05, 9.80730474112e-05, 7.87517055869e-05, 7.18251758371e-05, 3.79112789233e-05, 3.58571960533e-05, 1.85874559975e-05, 1.68430124177e-05, 1.75358491106e-05, 9.66512834566e-06, 5.89084083913e-06, 7.8490429587e-06, 6.60484056425e-06, 3.06346737489e-06, 1.27511020764e-06, 1.30318335323e-06, 1.06865456928e-06, 1.42012015658e-06, 1.25593328448e-06, 6.81066694597e-07, 5.49499930003e-07, 4.84922225041e-07, 4.20661905309e-07, 3.13464880719e-07, 2.12477033301e-07, 2.05616487392e-07, 1.54642421535e-07], "median": [8.2350539742e-05, 0.000228416814934, 0.000188302306924, 0.000266959774308, 0.000214176034206, 0.000144168152474, 6.98810181348e-05, 5.48103344045e-05, 4.90583879582e-05, 3.95907845814e-05, 1.8994722268e-05, 1.13312134999e-05, 8.00392899691e-06, 5.96214613324e-06, 3.88373427995e-06, 3.2606089917e-06, 3.05908179143e-06, 1.74953299847e-06, 1.60582180797e-06, 1.71135707205e-06, 2.0812983621e-06, 1.96204564418e-06, 9.88337092167e-07, 6.70888198329e-07, 3.85526817581e-07, 3.07045894488e-07, 2.28066653563e-07, 1.62829223882e-07, 1.85867520486e-07, 1.43242118611e-07, 1.85007820619e-07, 1.47590810684e-07, 8.86010766976e-08, 6.32063148487e-08, 5.21781444718e-08, 3.54982105932e-08, 1.88195201645e-08, 1.31268595993e-08, 1.07064721533e-08, 8.87983198083e-09], "min": [6.31547249578e-24, 1.82006914964e-24, 4.88641546723e-24, 3.22343495066e-24, 1.29906726641e-23, 1.18620690885e-23, 1.48083912054e-23, 1.60280569396e-23, 6.09596248257e-24, 3.27238002274e-24, 1.02689061147e-24, 3.71383723492e-24, 5.05156901977e-24, 1.09829561848e-23, 1.10101639975e-23, 1.14334312605e-23, 9.72921875932e-24, 1.16343115345e-23, 8.69863194007e-24, 1.09741564414e-23, 5.47042497258e-24, 7.45098688732e-24, 7.39132139275e-24, 4.02144447301e-24, 6.26750778059e-24, 8.57809557148e-24, 5.12926077488e-24, 7.95555573293e-24, 1.47392854124e-23, 1.5180970211e-23, 1.0394100707e-23, 8.18184758334e-24, 7.28213278828e-24, 7.18954970586e-24, 1.04719249907e-23, 8.44258741176e-24, 1.09192761771e-23, 7.76339079414e-24, 8.91396256821e-24, 6.6162336045e-24], "var": [1.48381252529e-06, 1.98971270038e-06, 5.27918416537e-07, 1.21686196053e-06, 1.07527966975e-06, 7.400034292e-07, 4.52165579645e-07, 5.71078942357e-07, 1.78113373295e-06, 1.58192153776e-06, 3.6213674548e-07, 1.78439137244e-07, 1.30154148792e-07, 6.23798683819e-08, 1.01346628867e-07, 8.49984900242e-08, 6.12575661307e-08, 1.50763739271e-08, 1.40518832126e-08, 4.22446477799e-09, 1.67636671211e-09, 1.50264822807e-09, 4.82854256578e-10, 1.47425210928e-10, 3.47225553865e-10, 3.09210101967e-10, 7.96115603996e-11, 1.45314810532e-11, 1.58912639991e-11, 1.19846381083e-11, 1.48376692877e-11, 1.06198556893e-11, 4.73272853199e-12, 3.67771264831e-12, 2.77651512892e-12, 2.51162588991e-12, 1.97864294393e-12, 1.31597337194e-12, 4.09500298254e-12, 2.0352584635e-12]}, "melbands_crest": {"dmean": 3.32328081131, "dmean2": 5.30900001526, "dvar": 9.78373908997, "dvar2": 24.4210128784, "max": 39.8654975891, "mean": 15.863322258, "median": 14.9310588837, "min": 2.27892446518, "var": 36.6849975586}, "melbands_flatness_db": {"dmean": 0.0258422400802, "dmean2": 0.0372945964336, "dvar": 0.000814038794488, "dvar2": 0.00152827228885, "max": 0.649805665016, "mean": 0.297677725554, "median": 0.290741950274, "min": 0.00799312908202, "var": 0.00893001165241}, "melbands_kurtosis": {"dmean": 9.88399028778, "dmean2": 15.5429573059, "dvar": 636.489562988, "dvar2": 1664.72192383, "max": 1003.27575684, "mean": 20.6115684509, "median": 7.08629894257, "min": -1.92346608639, "var": 2750.54321289}, "melbands_skewness": {"dmean": 0.743954181671, "dmean2": 1.13117039204, "dvar": 0.982752144337, "dvar2": 2.22050023079, "max": 29.6284255981, "mean": 2.33282899857, "median": 1.80757522583, "min": -2.17318201065, "var": 6.38246440887}, "melbands_spread": {"dmean": 3.86319065094, "dmean2": 5.77319002151, "dvar": 75.4556121826, "dvar2": 143.439727783, "max": 301.490234375, "mean": 12.3935947418, "median": 9.10589790344, "min": 0.313890993595, "var": 208.767608643}, "mfcc": {"cov": [[12202.484375, -781.223327637, -3090.3293457, -983.299682617, -913.878601074, -360.242462158, -355.384002686, 306.995422363, -124.556739807, 123.716094971, 200.943740845, -199.73789978, -358.58001709], [-781.223327637, 1794.05236816, 351.779846191, 58.7820587158, 60.1263999939, 32.1717834473, 6.43923521042, -23.4722385406, 32.846698761, -73.0308837891, -36.072593689, 61.8103485107, 49.2421684265], [-3090.3293457, 351.779846191, 1777.05541992, 641.011535645, 359.400634766, 237.180084229, 129.945205688, -74.6915817261, 90.2601699829, -66.0742950439, -98.6175231934, 99.2618942261, 115.578926086], [-983.299682617, 58.7820587158, 641.011535645, 818.248779297, 400.193267822, 29.4078197479, -41.5717658997, 31.6493492126, 49.9708747864, -58.0194320679, -40.4510040283, -36.8519897461, 48.723033905], [-913.878601074, 60.1263999939, 359.400634766, 400.193267822, 456.623535156, 64.6017456055, -45.4044189453, -33.6280097961, 16.9111709595, 19.116601944, -7.94680166245, -28.8249759674, 51.2078056335], [-360.242462158, 32.1717834473, 237.180084229, 29.4078197479, 64.6017456055, 254.550888062, 126.901809692, -19.0396938324, 39.8293991089, 55.3480911255, 22.2897472382, 47.8611793518, 13.8822956085], [-355.384002686, 6.43923521042, 129.945205688, -41.5717658997, -45.4044189453, 126.901809692, 293.842712402, 91.9083938599, 20.4581489563, 38.3085403442, 23.2051849365, 47.590423584, 12.4628686905], [306.995422363, -23.4722385406, -74.6915817261, 31.6493492126, -33.6280097961, -19.0396938324, 91.9083938599, 230.10635376, 56.7875671387, -19.7404136658, 24.4434337616, 2.49046826363, -13.3373394012], [-124.556739807, 32.846698761, 90.2601699829, 49.9708747864, 16.9111709595, 39.8293991089, 20.4581489563, 56.7875671387, 165.884414673, 39.8414268494, 1.17635440826, 17.0209655762, 2.85835909843], [123.716094971, -73.0308837891, -66.0742950439, -58.0194320679, 19.116601944, 55.3480911255, 38.3085403442, -19.7404136658, 39.8414268494, 218.328567505, 55.6628875732, -2.1646873951, -5.00734043121], [200.943740845, -36.072593689, -98.6175231934, -40.4510040283, -7.94680166245, 22.2897472382, 23.2051849365, 24.4434337616, 1.17635440826, 55.6628875732, 129.436950684, 36.6307907104, -12.7305774689], [-199.73789978, 61.8103485107, 99.2618942261, -36.8519897461, -28.8249759674, 47.8611793518, 47.590423584, 2.49046826363, 17.0209655762, -2.1646873951, 36.6307907104, 135.497634888, 40.3406906128], [-358.58001709, 49.2421684265, 115.578926086, 48.723033905, 51.2078056335, 13.8822956085, 12.4628686905, -13.3373394012, 2.85835909843, -5.00734043121, -12.7305774689, 40.3406906128, 127.436424255]], "icov": [[0.000178054091521, 7.04022022546e-06, 0.000278813764453, -0.000131494321977, 0.000278730731225, -0.000236435298575, 0.000298841769109, -0.0002597142593, 0.000125255435705, -0.000112238936708, 1.27785833683e-05, -3.21066613651e-06, 0.000148110557348], [7.04022022546e-06, 0.000598684593569, -0.000103584949102, 0.000107096799184, -8.45871909405e-05, 3.57649441867e-05, 3.1019684684e-05, 2.35058578255e-05, -0.000129317952087, 0.00019609570154, 5.03535266034e-05, -0.00017681591271, -5.73971847189e-05], [0.000278813764453, -0.000103584949102, 0.00161806540564, -0.00104456779081, 0.000299702835036, -0.00088705890812, -0.000118319410831, 0.000289165065624, -0.000183140320587, 9.17729630601e-05, 0.000789471843746, -0.000823009293526, 0.000121557422972], [-0.000131494321977, 0.000107096799184, -0.00104456779081, 0.00309611367993, -0.00224527018145, 0.000627295812592, 0.000195184271433, -0.000759178888984, -0.000415061222157, 0.00070017244434, -0.000268392672297, 0.000792267615907, -0.000153197106556], [0.000278730731225, -8.45871909405e-05, 0.000299702835036, -0.00224527018145, 0.00504528637975, -0.0016064287629, 0.00140814238694, -0.000187187979463, 0.000639346952084, -0.000972891109996, -0.000580023566727, 0.00115167989861, -0.00108113768511], [-0.000236435298575, 3.57649441867e-05, -0.00088705890812, 0.000627295812592, -0.0016064287629, 0.00720680225641, -0.00349350878969, 0.00218363897875, -0.00158698845189, -0.000358255056199, -0.000707988278009, -0.00103709415998, 0.000595304882154], [0.000298841769109, 3.1019684684e-05, -0.000118319410831, 0.000195184271433, 0.00140814238694, -0.00349350878969, 0.00692132720724, -0.0039278822951, 0.00180177344009, -0.00139519572258, 0.000408565276302, -0.000529265147634, -0.000298538856441], [-0.0002597142593, 2.35058578255e-05, 0.000289165065624, -0.000759178888984, -0.000187187979463, 0.00218363897875, -0.0039278822951, 0.00778304645792, -0.00331804645248, 0.00193885422777, -0.00168095121626, 0.000468517333502, 0.0001585460559], [0.000125255435705, -0.000129317952087, -0.000183140320587, -0.000415061222157, 0.000639346952084, -0.00158698845189, 0.00180177344009, -0.00331804645248, 0.00829421170056, -0.00244015967473, 0.00146416795906, -0.00119494623505, 0.000362318911357], [-0.000112238936708, 0.00019609570154, 9.17729630601e-05, 0.00070017244434, -0.000972891109996, -0.000358255056199, -0.00139519572258, 0.00193885422777, -0.00244015967473, 0.00672509614378, -0.0029614942614, 0.00159202376381, -0.000454024149803], [1.27785833683e-05, 5.03535266034e-05, 0.000789471843746, -0.000268392672297, -0.000580023566727, -0.000707988278009, 0.000408565276302, -0.00168095121626, 0.00146416795906, -0.0029614942614, 0.0112849380821, -0.0044879806228, 0.00189623842016], [-3.21066613651e-06, -0.00017681591271, -0.000823009293526, 0.000792267615907, 0.00115167989861, -0.00103709415998, -0.000529265147634, 0.000468517333502, -0.00119494623505, 0.00159202376381, -0.0044879806228, 0.0115740848705, -0.00376901822165], [0.000148110557348, -5.73971847189e-05, 0.000121557422972, -0.000153197106556, -0.00108113768511, 0.000595304882154, -0.000298538856441, 0.0001585460559, 0.000362318911357, -0.000454024149803, 0.00189623842016, -0.00376901822165, 0.010006246157]], "mean": [-736.749816895, 158.070846558, 5.90983819962, 20.4507541656, -4.48509550095, 1.65130388737, -10.7517461777, 2.07649755478, -1.84334635735, -4.16225194931, -1.43869912624, -1.16792464256, -4.53852653503]}, "pitch_salience": {"dmean": 0.0728342980146, "dmean2": 0.11585919559, "dvar": 0.00480119185522, "dvar2": 0.0119265662506, "max": 0.890460312366, "mean": 0.522327005863, "median": 0.533046364784, "min": 0.0140134906396, "var": 0.0197810027748}, "silence_rate_20dB": {"dmean": 0, "dmean2": 0, "dvar": 0, "dvar2": 0, "max": 1, "mean": 1, "median": 1, "min": 1, "var": 0}, "silence_rate_30dB": {"dmean": 0.000365330168279, "dmean2": 0.000730727100745, "dvar": 0.000365257030353, "dvar2": 0.00109579775017, "max": 1, "mean": 0.999817371368, "median": 1, "min": 0, "var": 0.000182596835657}, "silence_rate_60dB": {"dmean": 0.0314183942974, "dmean2": 0.0628425255418, "dvar": 0.0304293036461, "dvar2": 0.0652915388346, "max": 1, "mean": 0.117625571787, "median": 0, "min": 0, "var": 0.103797569871}, "spectral_centroid": {"dmean": 147.67300415, "dmean2": 215.220932007, "dvar": 73210.921875, "dvar2": 137879.859375, "max": 10817.9648438, "mean": 812.959106445, "median": 666.237304688, "min": 115.223060608, "var": 335775.28125}, "spectral_complexity": {"dmean": 1.94830572605, "dmean2": 2.90281319618, "dvar": 5.8559422493, "dvar2": 10.3246154785, "max": 50, "mean": 10.9642925262, "median": 9, "min": 0, "var": 60.339969635}, "spectral_contrast_coeffs": {"dmean": [0.0474482104182, 0.0492234006524, 0.0424404740334, 0.0371531024575, 0.0336213409901, 0.0226663723588], "dmean2": [0.0774466693401, 0.077284000814, 0.0644425451756, 0.0565493404865, 0.0538784563541, 0.0339010506868], "dvar": [0.00160385726485, 0.0019373872783, 0.00160724984016, 0.00119974429253, 0.000998318661004, 0.000415441434598], "dvar2": [0.00403326516971, 0.00437292549759, 0.00315397162922, 0.00240979273804, 0.00237371097319, 0.000823424081318], "max": [-0.270773291588, -0.295712798834, -0.314715325832, -0.428743541241, -0.463976800442, -0.458404660225], "mean": [-0.610457420349, -0.662846148014, -0.716423273087, -0.746102452278, -0.772899568081, -0.752147614956], "median": [-0.613819181919, -0.671968221664, -0.730145335197, -0.754535615444, -0.785858392715, -0.753536224365], "min": [-0.954476058483, -0.975413501263, -0.971518874168, -0.954175889492, -0.96670538187, -0.962865293026], "var": [0.00954268500209, 0.011762322858, 0.0122750299051, 0.00887036044151, 0.00680199544877, 0.00358296465129]}, "spectral_contrast_valleys": {"dmean": [0.383634537458, 0.363064795732, 0.365241289139, 0.369291841984, 0.342987388372, 0.288981497288], "dmean2": [0.623475372791, 0.574673116207, 0.560998976231, 0.555352151394, 0.524081587791, 0.385549455881], "dvar": [0.119925066829, 0.128077417612, 0.137347191572, 0.149463966489, 0.128349751234, 0.111913144588], "dvar2": [0.262473404408, 0.271603316069, 0.25898116827, 0.276061028242, 0.241742789745, 0.15178796649], "max": [-5.46567058563, -4.70486164093, -5.19757175446, -5.68503856659, -6.02208995819, -7.90903711319], "mean": [-8.03238201141, -7.3898229599, -8.35828971863, -8.95125198364, -9.02320194244, -11.7297134399], "median": [-7.89190912247, -7.2153263092, -8.34093666077, -8.91561508179, -8.95937156677, -11.7159852982], "min": [-27.354927063, -26.7699737549, -27.0436000824, -27.362071991, -27.249206543, -27.2491168976], "var": [1.65532314777, 1.87361443043, 2.03579163551, 2.05087065697, 1.73807358742, 1.42370581627]}, "spectral_decrease": {"dmean": 1.48088163954e-09, "dmean2": 2.19214335573e-09, "dvar": 3.59171169111e-18, "dvar2": 7.48668102968e-18, "max": 3.85690793171e-29, "mean": -5.57012880265e-09, "median": -4.91177409856e-09, "min": -2.80396665886e-08, "var": 1.88202746859e-17}, "spectral_energy": {"dmean": 0.00588156934828, "dmean2": 0.00866335723549, "dvar": 5.71203563595e-05, "dvar2": 0.000117498886539, "max": 0.118601255119, "mean": 0.0224376339465, "median": 0.0196022354066, "min": 1.05990755478e-20, "var": 0.000314264907502}, "spectral_energyband_high": {"dmean": 8.34467427921e-05, "dmean2": 0.000112258770969, "dvar": 1.05717624876e-07, "dvar2": 1.94376440277e-07, "max": 0.0103681879118, "mean": 0.000199036090635, "median": 3.23574131471e-05, "min": 7.89032238237e-21, "var": 3.43989285057e-07}, "spectral_energyband_low": {"dmean": 0.00173594732769, "dmean2": 0.00275610247627, "dvar": 1.23648678709e-05, "dvar2": 3.04657041852e-05, "max": 0.0684146434069, "mean": 0.00381057034247, "median": 0.00124314706773, "min": 2.97288606129e-23, "var": 3.88121734431e-05}, "spectral_energyband_middle_high": {"dmean": 0.00182524207048, "dmean2": 0.00248423684388, "dvar": 1.27169114421e-05, "dvar2": 2.49416971201e-05, "max": 0.0731303989887, "mean": 0.00550109799951, "median": 0.0012058961438, "min": 1.38586770809e-21, "var": 7.8438752098e-05}, "spectral_energyband_middle_low": {"dmean": 0.00461632898077, "dmean2": 0.00692788185552, "dvar": 4.49410326837e-05, "dvar2": 9.97836323222e-05, "max": 0.09658677876, "mean": 0.0134719265625, "median": 0.0104130767286, "min": 3.43229063215e-22, "var": 0.00016135784972}, "spectral_entropy": {"dmean": 0.203450575471, "dmean2": 0.300062149763, "dvar": 0.0498813465238, "dvar2": 0.0954283475876, "max": 9.80763721466, "mean": 6.68085336685, "median": 6.67703723907, "min": 4.11255979538, "var": 0.437810897827}, "spectral_flux": {"dmean": 0.0227517765015, "dmean2": 0.0356902964413, "dvar": 0.000601845909841, "dvar2": 0.00140707590617, "max": 0.294402480125, "mean": 0.0690238401294, "median": 0.0600912868977, "min": 1.02951813741e-10, "var": 0.0021646139212}, "spectral_kurtosis": {"dmean": 3.70492124557, "dmean2": 6.18451976776, "dvar": 15.9141235352, "dvar2": 42.5131721497, "max": 61.5943565369, "mean": 10.7905902863, "median": 8.22138595581, "min": -1.32825958729, "var": 74.7720031738}, "spectral_rms": {"dmean": 0.000611826952081, "dmean2": 0.000880880339537, "dvar": 4.91704668093e-07, "dvar2": 8.96927019767e-07, "max": 0.010756790638, "mean": 0.00423729140311, "median": 0.00437311455607, "min": 3.21567425465e-12, "var": 3.93570508095e-06}, "spectral_rolloff": {"dmean": 221.153091431, "dmean2": 368.21786499, "dvar": 449727.59375, "dvar2": 860880.5625, "max": 18776.953125, "mean": 898.177185059, "median": 624.462890625, "min": 21.533203125, "var": 1068085.875}, "spectral_skewness": {"dmean": 0.367762565613, "dmean2": 0.584083259106, "dvar": 0.127792209387, "dvar2": 0.29015904665, "max": 6.37540388107, "mean": 2.38301229477, "median": 2.18227338791, "min": -0.527720749378, "var": 0.975588321686}, "spectral_spread": {"dmean": 414299.5, "dmean2": 613054.625, "dvar": 585265446912, "dvar2": 808960589824, "max