{"lowlevel": {"average_loudness": 0.93016409874, "barkbands": {"dmean": [0.00267218146473, 0.0108308568597, 0.00397146772593, 0.0015236150939, 0.0011864915723, 0.00107251561712, 0.000862377521116, 0.000914447940886, 0.00147532345727, 0.000917448021937, 0.000690861488692, 0.00068626285065, 0.000789518177044, 0.000343338761013, 0.000426888669608, 0.000281536486, 0.000291699223453, 0.0003087061923, 0.000337017932907, 0.000234498904319, 0.000181723662536, 5.45505463379e-05, 1.80524566531e-05, 6.13896963841e-06, 2.54015549217e-06, 3.7826746393e-06, 3.07760637952e-05], "dmean2": [0.00442746514454, 0.0181767679751, 0.00667773280293, 0.00253612198867, 0.00197518826462, 0.00172884343192, 0.00139971531462, 0.00149439857341, 0.00238039181568, 0.0014917566441, 0.00110630749259, 0.00109808379784, 0.00127236556727, 0.00056372419931, 0.000697242794558, 0.000466695637442, 0.000479835376609, 0.000493855972309, 0.000552738492843, 0.000385519349948, 0.000296695885481, 8.77032362041e-05, 2.88939045276e-05, 1.01997793536e-05, 4.20310198024e-06, 6.03735315963e-06, 4.47415040981e-05], "dvar": [1.97487024707e-05, 0.000197895991732, 2.73762325378e-05, 4.85060763822e-06, 4.4979356062e-06, 5.07199683852e-06, 4.3803306653e-06, 3.28706573782e-06, 6.8950930654e-06, 3.04692139252e-06, 2.50536049862e-06, 1.5366141497e-06, 1.8076663082e-06, 2.81620430087e-07, 4.86550732148e-07, 1.956542377e-07, 2.08267664448e-07, 2.43073685624e-07, 3.60817665523e-07, 1.86849320016e-07, 1.66917928368e-07, 9.52137035881e-09, 9.35485355846e-10, 8.89726764486e-11, 1.85120876961e-11, 2.95302150788e-11, 3.08228464974e-09], "dvar2": [5.14848070452e-05, 0.000522708462086, 7.33127890271e-05, 1.26906325022e-05, 1.17879590107e-05, 1.24364905787e-05, 9.93779940472e-06, 8.29734381114e-06, 1.67240450537e-05, 7.61444789532e-06, 5.72864882997e-06, 3.56457394446e-06, 4.25450980401e-06, 6.70414408432e-07, 1.18065509014e-06, 5.0248536354e-07, 5.22234415712e-07, 5.65450648082e-07, 8.53005303725e-07, 4.3595107968e-07, 3.69979147763e-07, 2.16506439443e-08, 2.26514340618e-09, 2.18420267983e-10, 4.52699544518e-11, 6.88118936831e-11, 6.25449425584e-09], "max": [0.0680663734674, 0.187595412135, 0.0722088217735, 0.0346737764776, 0.0439492426813, 0.0413097217679, 0.0879754573107, 0.0292388834059, 0.0430235154927, 0.0381666943431, 0.0421236418188, 0.040084708482, 0.0350897088647, 0.0144665231928, 0.012416257523, 0.0066387988627, 0.0072478428483, 0.0102242212743, 0.0104100508615, 0.00799980480224, 0.0114308167249, 0.00271953479387, 0.000367556727724, 0.000121280092571, 8.73440876603e-05, 9.26469801925e-05, 0.00179581926204], "mean": [0.00346788973548, 0.0153222288936, 0.00525696622208, 0.00210370519198, 0.00170464790426, 0.00154059624765, 0.00131309137214, 0.00134370499291, 0.00229899538681, 0.00141746492591, 0.000997708528303, 0.00116200582124, 0.0013885628432, 0.000574759265874, 0.000705343147274, 0.000482557807118, 0.000495304120705, 0.000538920401596, 0.000490439182613, 0.000322390929796, 0.000225581316045, 8.2496291725e-05, 2.25509829761e-05, 6.51021900921e-06, 2.49321169576e-06, 4.85306327391e-06, 6.84238038957e-05], "median": [0.00126562453806, 0.0093655847013, 0.00304081616923, 0.00121511227917, 0.00100581336301, 0.00052838033298, 0.000472443614854, 0.000518105691299, 0.00110125471838, 0.000683895952534, 0.000393158901716, 0.000599187274929, 0.000669422734063, 0.000375894451281, 0.000419196061557, 0.000299501174595, 0.000300084560877, 0.000314582604915, 0.000240640001721, 0.000152859574882, 9.81739940471e-05, 4.53495886177e-05, 1.05080962385e-05, 2.94064966511e-06, 8.54222321323e-07, 2.64952723228e-06, 4.34967842011e-05], "min": [1.99917567944e-24, 8.05126396671e-23, 4.93556442041e-23, 1.32749765566e-23, 6.9411334625e-23, 2.26236914137e-23, 5.9039959423e-23, 9.32720419796e-23, 1.6227001349e-23, 7.8213078574e-23, 4.8112061785e-23, 7.95235658642e-23, 7.98792727127e-23, 1.39852770131e-22, 1.85400223025e-22, 2.33080553858e-22, 1.54425858328e-22, 2.16841227346e-22, 3.05854095703e-22, 2.96524029518e-22, 4.53672720146e-22, 6.00770716996e-22, 6.7667685705e-22, 1.07714344612e-21, 9.9118885896e-22, 1.81391317733e-21, 2.44030700529e-21], "var": [3.15194265568e-05, 0.000316571065923, 3.94000671804e-05, 7.15693931852e-06, 5.68306222704e-06, 8.60680665937e-06, 1.01805808299e-05, 5.86002943237e-06, 1.2805249753e-05, 5.74899559069e-06, 4.48378887086e-06, 3.40466340276e-06, 4.43004728368e-06, 5.39941936495e-07, 8.68528445608e-07, 3.05767997588e-07, 3.33157174737e-07, 4.34889273038e-07, 5.18984734299e-07, 2.43693335733e-07, 2.09480418789e-07, 1.27041666076e-08, 1.04960762304e-09, 9.27433477238e-11, 2.03259336445e-11, 3.93744689631e-11, 7.04771796478e-09]}, "barkbands_crest": {"dmean": 3.34869766235, "dmean2": 5.68491172791, "dvar": 7.53891372681, "dvar2": 21.0615348816, "max": 24.2053337097, "mean": 10.1063241959, "median": 9.41491413116, "min": 2.63337206841, "var": 16.1144504547}, "barkbands_flatness_db": {"dmean": 0.0278513934463, "dmean2": 0.04498847574, "dvar": 0.000541127054021, "dvar2": 0.00133984908462, "max": 0.377127438784, "mean": 0.132630631328, "median": 0.126679629087, "min": 0.0400634147227, "var": 0.00167685584165}, "barkbands_kurtosis": {"dmean": 2.99735212326, "dmean2": 4.91410160065, "dvar": 26.1220207214, "dvar2": 65.7872314453, "max": 97.3757095337, "mean": 3.32284212112, "median": 1.10142886639, "min": -1.84743154049, "var": 48.9194412231}, "barkbands_skewness": {"dmean": 0.659784972668, "dmean2": 1.05709969997, "dvar": 0.378317832947, "dvar2": 0.961510837078, "max": 8.39371490479, "mean": 1.41253042221, "median": 1.23538935184, "min": -2.73377585411, "var": 1.42306113243}, "barkbands_spread": {"dmean": 6.64318609238, "dmean2": 10.7689943314, "dvar": 44.3609008789, "dvar2": 106.450698853, "max": 121.676437378, "mean": 23.0633792877, "median": 21.680847168, "min": 1.06210768223, "var": 122.066238403}, "dissonance": {"dmean": 0.0161049347371, "dmean2": 0.0274718310684, "dvar": 0.000301726919133, "dvar2": 0.000828207703307, "max": 0.5, "mean": 0.475651532412, "median": 0.482959419489, "min": 0.268830925226, "var": 0.000542725785635}, "dynamic_complexity": 2.11162590981, "erbbands": {"dmean": [0.448737233877, 2.10526442528, 4.29917812347, 4.93887042999, 3.96988654137, 3.98672175407, 6.55986976624, 9.78829288483, 12.1189651489, 12.0743246078, 22.7505607605, 33.0709342957, 28.778137207, 26.8097457886, 26.8360176086, 28.8398590088, 33.7197570801, 17.2655677795, 21.8645534515, 18.1996650696, 14.4235315323, 16.2975234985, 16.5540122986, 15.5310850143, 16.8906745911, 10.955906868, 9.24429893494, 5.61534643173, 2.22489142418, 0.987273991108, 0.443827778101, 0.189889460802, 0.0718208700418, 0.0298502054065, 0.0177784841508, 0.0112364552915, 0.00767101859674, 0.00567531539127, 0.0043196589686, 0.000676693685818], "dmean2": [0.760338246822, 3.53549551964, 7.22559976578, 8.11252784729, 6.66725921631, 6.62176513672, 10.7629051208, 15.8273162842, 19.6279125214, 19.5919456482, 37.0713768005, 53.3967018127, 46.4841003418, 43.5278587341, 42.8957023621, 45.7449684143, 54.3073425293, 28.2752132416, 35.5334014893, 29.816400528, 23.6562919617, 26.6109809875, 26.55742836, 24.7507839203, 28.108537674, 17.9208469391, 15.2758111954, 9.19239234924, 3.5777118206, 1.56883788109, 0.712568461895, 0.313675701618, 0.118655070662, 0.049322925508, 0.0294116344303, 0.0184277091175, 0.0122353155166, 0.00869454536587, 0.00652774004266, 0.000976197829004], "dvar": [0.414250582457, 7.34177398682, 28.7999382019, 46.861618042, 40.3823165894, 71.5424880981, 178.892089844, 493.146606445, 943.11340332, 979.975952148, 2011.47302246, 4285.64355469, 2474.62011719, 2489.79858398, 3896.31054688, 2431.12817383, 3346.04931641, 559.121765137, 1560.99719238, 764.720214844, 556.504638672, 651.658081055, 688.442321777, 726.017150879, 1003.13354492, 418.503631592, 392.995361328, 174.515731812, 15.9566555023, 2.88640713692, 0.550669014454, 0.0948509350419, 0.0112569062039, 0.0024084597826, 0.000917888886761, 0.000299018080113, 0.000119471493235, 0.000107414554805, 0.000103490412585, 9.51401830207e-07], "dvar2": [1.10470581055, 19.3095436096, 75.7076873779, 118.937675476, 108.764175415, 184.764953613, 451.105773926, 1215.45153809, 2240.55444336, 1791.5793457, 5087.01074219, 10264.9716797, 6241.85595703, 6207.87109375, 8906.984375, 5605.265625, 7826.99169922, 1383.28393555, 3726.02880859, 1955.88830566, 1400.39135742, 1609.83093262, 1606.92858887, 1630.54272461, 2468.11816406, 970.256713867, 914.644165039, 388.770721436, 35.6432037354, 6.80917358398, 1.31325495243, 0.233006089926, 0.0273589026183, 0.00587280327454, 0.00224397680722, 0.000715456553735, 0.000277917046333, 0.000236431238591, 0.000224308256293, 1.92416655409e-06], "max": [8.08079147339, 35.0064659119, 70.2666244507, 109.913017273, 149.978393555, 212.12286377, 253.512741089, 457.323822021, 894.987792969, 2222.87597656, 808.080322266, 1254.5625, 1171.0859375, 984.55480957, 2042.83300781, 1217.79589844, 1483.44628906, 609.03894043, 969.026611328, 509.605560303, 348.044921875, 343.000366211, 582.869140625, 589.227966309, 515.728393555, 461.335876465, 379.709747314, 488.004486084, 107.967323303, 34.7013473511, 7.41033124924, 4.77462482452, 1.5539419651, 1.00886583328, 0.607771217823, 0.324185818434, 0.170989587903, 0.231518164277, 0.343770205975, 0.0272768791765], "mean": [0.568749189377, 2.93528747559, 5.92536640167, 7.54114675522, 5.65188741684, 5.38089513779, 8.75096702576, 14.1468105316, 18.4268703461, 20.0109481812, 35.47706604, 52.1671295166, 47.2847442627, 43.413356781, 43.3248519897, 53.7851219177, 61.4647750854, 32.6467628479, 37.3366355896, 32.2974243164, 25.8463420868, 28.8574295044, 29.5868930817, 26.4894313812, 22.7203388214, 15.2244644165, 11.2183237076, 7.20850276947, 3.39888954163, 1.38581132889, 0.54572468996, 0.206807076931, 0.0762701034546, 0.0303943790495, 0.0175003279001, 0.0123323816806, 0.00997428409755, 0.00894049741328, 0.00713017582893, 0.00189842435066], "median": [0.288897871971, 1.796397686, 3.80523300171, 4.27991008759, 3.73899126053, 2.87809705734, 3.65718173981, 4.56700372696, 6.71101284027, 8.56589317322, 15.4722385406, 24.1513500214, 24.7436161041, 22.0733776093, 19.826877594, 29.0476665497, 31.1422939301, 22.7238044739, 21.8597278595, 21.8678703308, 16.2269821167, 17.5044536591, 17.5930461884, 14.3563709259, 10.621632576, 7.18322563171, 4.65733623505, 3.44590425491, 1.89552128315, 0.718337535858, 0.253474712372, 0.0951948910952, 0.0342123098671, 0.0117620872334, 0.00598799297586, 0.00559772877023, 0.00549658481032, 0.00495550082996, 0.00358654325828, 0.00144925259519], "min": [1.15374943832e-21, 2.2183014628e-20, 6.75581282986e-20, 3.30247109736e-20, 1.60484709837e-19, 2.26461656545e-19, 1.5911585517e-19, 2.82738501779e-19, 7.01562741683e-19, 1.27337817178e-18, 1.77561990585e-18, 3.95252099837e-19, 1.4154414789e-18, 1.9427308623e-18, 2.87575233616e-18, 3.80808228702e-18, 3.53049701706e-18, 6.94773067439e-18, 1.03189184957e-17, 8.1335916898e-18, 1.13867888142e-17, 9.74951465902e-18, 1.11773317939e-17, 9.47330829914e-18, 1.87174197398e-17, 1.80281946554e-17, 1.58558032999e-17, 1.82979779579e-17, 1.72099657915e-17, 2.57960724256e-17, 2.01003830059e-17, 2.28648255762e-17, 1.56281483061e-17, 1.11568855435e-17, 7.18535071306e-18, 6.28967416911e-18, 3.2278754715e-18, 1.33465312662e-18, 3.56305515617e-19, 3.50794599269e-20], "var": [0.602078437805, 11.6760635376, 41.3106269836, 84.3062744141, 47.0033874512, 83.3270111084, 253.677658081, 830.398620605, 1695.51904297, 3236.66943359, 3575.34008789, 7854.04296875, 4916.61523438, 4591.66455078, 7086.953125, 5855.05908203, 8234.14648438, 1154.34399414, 2979.11743164, 1305.77600098, 881.94152832, 1108.23498535, 1245.23168945, 1285.63110352, 1211.48620605, 554.538085938, 470.423858643, 211.065719604, 21.8440589905, 3.60749340057, 0.618990361691, 0.0955568626523, 0.0126565843821, 0.00269940728322, 0.00100551370997, 0.000358225952368, 0.000159188421094, 0.000162418800755, 0.000161327581736, 2.84580823973e-06]}, "erbbands_crest": {"dmean": 2.56004977226, "dmean2": 4.18838882446, "dvar": 6.21963787079, "dvar2": 15.1229839325, "max": 28.3192615509, "mean": 8.04770851135, "median": 6.94912719727, "min": 2.15734028816, "var": 15.8582859039}, "erbbands_flatness_db": {"dmean": 0.0213715061545, "dmean2": 0.0332790575922, "dvar": 0.000333310395945, "dvar2": 0.000767689314671, "max": 0.385148406029, "mean": 0.161025092006, "median": 0.155381307006, "min": 0.0284798704088, "var": 0.00145169626921}, "erbbands_kurtosis": {"dmean": 0.971195042133, "dmean2": 1.57012832165, "dvar": 1.57889032364, "dvar2": 3.7672533989, "max": 31.534860611, "mean": 0.644528269768, "median": 0.2114328444, "min": -1.65397703648, "var": 3.01204156876}, "erbbands_skewness": {"dmean": 0.372243791819, "dmean2": 0.588933706284, "dvar": 0.106155723333, "dvar2": 0.254478543997, "max": 3.7399930954, "mean": -0.121599972248, "median": -0.130211681128, "min": -4.04919719696, "var": 0.447017520666}, "erbbands_spread": {"dmean": 7.08297538757, "dmean2": 11.3251991272, "dvar": 44.1890487671, "dvar2": 109.050697327, "max": 95.6156616211, "mean": 29.276845932, "median": 28.0977535248, "min": 2.38232016563, "var": 158.364593506}, "gfcc": {"cov": [[12569.7919922, 1623.01184082, -693.021789551, 334.420349121, 69.0489044189, -265.356384277, 320.698638916, -181.251205444, 32.2741546631, -82.1089630127, 7.78340387344, -18.5688037872, -46.0056915283], [1623.01184082, 996.14050293, -85.2081451416, -250.059890747, 24.0650100708, -104.798683167, 68.8306427002, -95.0554046631, 66.8695068359, -43.4349098206, 22.4592475891, -39.7621383667, -15.4677114487], [-693.021789551, -85.2081451416, 385.161529541, 37.5479278564, -51.8133277893, 103.672355652, -73.1397857666, 96.2907791138, -49.1945533752, 19.5057888031, -25.1146831512, -20.5337238312, 20.4277629852], [334.420349121, -250.059890747, 37.5479278564, 452.110168457, 113.707115173, -23.3399219513, 117.812385559, -2.26146745682, -0.0500697232783, -29.3211612701, -37.6852073669, 33.3025131226, 6.22256278992], [69.0489044189, 24.0650100708, -51.8133277893, 113.707115173, 214.038894653, 9.64960479736, 62.4030799866, -32.5600128174, 27.0151882172, -34.2125778198, 1.90758144855, -8.58485031128, -7.72341966629], [-265.356384277, -104.798683167, 103.672355652, -23.3399219513, 9.64960479736, 183.100692749, -17.5057563782, 42.2857894897, -49.3855323792, 20.2600212097, -2.38551568985, -2.64355707169, 2.33781695366], [320.698638916, 68.8306427002, -73.1397857666, 117.812385559, 62.4030799866, -17.5057563782, 193.710144043, -38.2110328674, 43.8156013489, -36.8671112061, -7.06396818161, 14.1982040405, -13.3163852692], [-181.251205444, -95.0554046631, 96.2907791138, -2.26146745682, -32.5600128174, 42.2857894897, -38.2110328674, 130.918731689, 3.20708298683, 27.3535957336, -17.1111717224, -17.9402256012, 17.5745773315], [32.2741546631, 66.8695068359, -49.1945533752, -0.0500697232783, 27.0151882172, -49.3855323792, 43.8156013489, 3.20708298683, 128.82510376, 31.7041778564, 12.5117006302, -5.94482517242, -18.3814544678], [-82.1089630127, -43.4349098206, 19.5057888031, -29.3211612701, -34.2125778198, 20.2600212097, -36.8671112061, 27.3535957336, 31.7041778564, 87.8206176758, 39.5215759277, 7.59950780869, 7.11224079132], [7.78340387344, 22.4592475891, -25.1146831512, -37.6852073669, 1.90758144855, -2.38551568985, -7.06396818161, -17.1111717224, 12.5117006302, 39.5215759277, 72.2547225952, 35.0615234375, 5.47189569473], [-18.5688037872, -39.7621383667, -20.5337238312, 33.3025131226, -8.58485031128, -2.64355707169, 14.1982040405, -17.9402256012, -5.94482517242, 7.59950780869, 35.0615234375, 71.1668701172, 31.7470550537], [-46.0056915283, -15.4677114487, 20.4277629852, 6.22256278992, -7.72341966629, 2.33781695366, -13.3163852692, 17.5745773315, -18.3814544678, 7.11224079132, 5.47189569473, 31.7470550537, 60.649356842]], "icov": [[0.000164171739016, -0.000441942480393, 0.000489384809043, -0.000596280326135, 0.000344272993971, -0.00026135443477, 0.000175505832885, -0.000235375671764, 0.00018913076201, -1.51266895045e-05, -0.000243687114562, 0.000292524055112, -3.21880020238e-06], [-0.000441942480393, 0.00288442592137, -0.0018772155745, 0.00295818573795, -0.00133525766432, 0.00167389842682, -0.00165838398971, 0.00163054512814, -0.000940706231631, 0.000699452706613, -3.95682436647e-05, 0.000514456361998, -0.000974859693088], [0.000489384809043, -0.0018772155745, 0.00594971096143, -0.00381263461895, 0.00294178235345, -0.00371008715592, 0.00251049199142, -0.00240969122387, 2.88925875793e-05, 0.00163196527865, -0.00235474738292, 0.00344747654162, -0.00172797718551], [-0.000596280326135, 0.00295818573795, -0.00381263461895, 0.00830190163106, -0.00558452634141, 0.00488984724507, -0.00460134167224, 0.000460016948637, 0.0022879736498, -0.004752994515, 0.00769261829555, -0.00743853626773, 0.00314177526161], [0.000344272993971, -0.00133525766432, 0.00294178235345, -0.00558452634141, 0.0105081256479, -0.0055064461194, 0.00211291643791, 0.00138698227238, -0.00488930288702, 0.00866578985006, -0.00960852205753, 0.00968987401575, -0.00558819016442], [-0.00026135443477, 0.00167389842682, -0.00371008715592, 0.00488984724507, -0.0055064461194, 0.011729227379, -0.00405491469428, -0.00189337832853, 0.006680957973, -0.00813118834049, 0.00651665404439, -0.00653334660456, 0.00529190897942], [0.000175505832885, -0.00165838398971, 0.00251049199142, -0.00460134167224, 0.00211291643791, -0.00405491469428, 0.0104411086068, 0.000572105287574, -0.00511158211157, 0.0063912095502, -0.00301219592802, 0.000780637841672, -0.00054677418666], [-0.000235375671764, 0.00163054512814, -0.00240969122387, 0.000460016948637, 0.00138698227238, -0.00189337832853, 0.000572105287574, 0.0133785549551, -0.00386786344461, -0.000609282113146, 0.000852721103001, 0.00555368606001, -0.00658463593572], [0.00018913076201, -0.000940706231631, 2.88925875793e-05, 0.0022879736498, -0.00488930288702, 0.006680957973, -0.00511158211157, -0.00386786344461, 0.0171241238713, -0.0134422285482, 0.00714306952432, -0.00609822431579, 0.00809135939926], [-1.51266895045e-05, 0.000699452706613, 0.00163196527865, -0.004752994515, 0.00866578985006, -0.00813118834049, 0.0063912095502, -0.000609282113146, -0.0134422285482, 0.0331440530717, -0.0239958614111, 0.0140355955809, -0.0100411009043], [-0.000243687114562, -3.95682436647e-05, -0.00235474738292, 0.00769261829555, -0.00960852205753, 0.00651665404439, -0.00301219592802, 0.000852721103001, 0.00714306952432, -0.0239958614111, 0.0418242774904, -0.0277910865843, 0.0131783699617], [0.000292524055112, 0.000514456361998, 0.00344747654162, -0.00743853626773, 0.00968987401575, -0.00653334660456, 0.000780637841672, 0.00555368606001, -0.00609822431579, 0.0140355955809, -0.0277910865843, 0.0432929582894, -0.0236456040293], [-3.21880020238e-06, -0.000974859693088, -0.00172797718551, 0.00314177526161, -0.00558819016442, 0.00529190897942, -0.00054677418666, -0.00658463593572, 0.00809135939926, -0.0100411009043, 0.0131783699617, -0.0236456040293, 0.0321873947978]], "mean": [8.542552948, 109.54209137, -120.304878235, 18.7728996277, -15.3531398773, -8.76708126068, 8.73569011688, -7.87779331207, -2.64540171623, -4.98384332657, -9.24191665649, -2.94846057892, -10.8920507431]}, "hfc": {"dmean": 15.1844472885, "dmean2": 23.511592865, "dvar": 298.311920166, "dvar2": 710.350341797, "max": 208.590148926, "mean": 41.5065383911, "median": 34.9582672119, "min": 1.20177563952e-16, "var": 781.104858398}, "melbands": {"dmean": [0.00340813305229, 0.00228131935, 0.000780346919782, 0.000267693103524, 0.000216946660657, 0.000213735504076, 0.000179452210432, 0.000141392563819, 0.000191077546333, 0.000218374290853, 0.000148189574247, 0.000115301954793, 9.59684257396e-05, 7.56302615628e-05, 9.95166701614e-05, 5.73739671381e-05, 3.21038642142e-05, 3.7505687942e-05, 3.02633688989e-05, 2.19684498006e-05, 1.73862972588e-05, 1.88975445781e-05, 1.4702873159e-05, 1.58971779456e-05, 1.30319549498e-05, 1.35503041747e-05, 1.00781235233e-05, 7.11510256224e-06, 6.66571895636e-06, 4.22862922278e-06, 3.00282135868e-06, 1.388742362e-06, 8.00453960892e-07, 4.74234013836e-07, 2.87067052795e-07, 1.59502135944e-07, 9.99946294655e-08, 5.51194752063e-08, 3.11959063026e-08, 2.34130546062e-08], "dmean2": [0.00571770872921, 0.00380436447449, 0.00128178170417, 0.000446144142188, 0.000355868425686, 0.000344430591213, 0.000289800256724, 0.000229661280173, 0.000311038806103, 0.000352043192834, 0.000240354827838, 0.000188113481272, 0.00015285309928, 0.000121261313325, 0.000158773706062, 9.37403310672e-05, 5.31998302904e-05, 6.12380172242e-05, 4.97017354064e-05, 3.66233762179e-05, 2.886259972e-05, 3.13911405101e-05, 2.3808417609e-05, 2.57802148553e-05, 2.09328754863e-05, 2.24775849347e-05, 1.68443493749e-05, 1.1732551684e-05, 1.12008401629e-05, 6.88078262101e-06, 4.99034649692e-06, 2.26169868256e-06, 1.29685520278e-06, 7.61758485623e-07, 4.65701191388e-07, 2.6234198458e-07, 1.67355153735e-07, 9.13274291747e-08, 5.16665110695e-08, 3.8720074258e-08], "dvar": [2.15401396417e-05, 7.19203717381e-06, 1.05738820366e-06, 2.54187540349e-07, 1.7217440984e-07, 2.1619884194e-07, 1.9244234295e-07, 1.03549126607e-07, 1.27658864812e-07, 1.79399478384e-07, 6.61779253619e-08, 4.83430540044e-08, 5.3095202901e-08, 2.07899830684e-08, 2.93601907231e-08, 7.68577557153e-09, 2.0697583647e-09, 4.94482277347e-09, 2.21321250216e-09, 1.12820464082e-09, 8.43151770624e-10, 8.93485563314e-10, 5.97804805658e-10, 6.44202580169e-10, 5.4375970393e-10, 6.32699115322e-10, 3.56237150889e-10, 1.90473636863e-10, 2.09726500056e-10, 1.06750296103e-10, 4.84191610417e-11, 6.3222630256e-12, 2.07301276839e-12, 6.98486841283e-13, 2.52841313424e-13, 7.39837810698e-14, 2.77506086144e-14, 6.98722052168e-15, 2.35715081419e-15, 1.58318282309e-15], "dvar2": [5.69130606891e-05, 1.87898003787e-05, 2.71027647614e-06, 6.67917561259e-07, 4.37178016455e-07, 5.33056208951e-07, 4.5627038503e-07, 2.03463045523e-07, 3.20832043599e-07, 4.30742090884e-07, 1.67869103507e-07, 1.20649431778e-07, 1.20344537891e-07, 4.95413239321e-08, 7.01317617313e-08, 1.85579498435e-08, 5.13229458932e-09, 1.17667484645e-08, 5.47256329142e-09, 2.95120661242e-09, 2.14216067107e-09, 2.27433760713e-09, 1.43537559616e-09, 1.5588458302e-09, 1.25591359534e-09, 1.55957102788e-09, 8.78525752146e-10, 4.52135412443e-10, 5.13041775729e-10, 2.29298177667e-10, 1.11673698067e-10, 1.45419041392e-11, 4.93726977704e-12, 1.70290929795e-12, 6.18914533339e-13, 1.81663251065e-13, 6.9723896524e-14, 1.71707571393e-14, 5.76567280383e-15, 3.87548278313e-15], "max": [0.0616706162691, 0.0377421528101, 0.0162285398692, 0.0117838941514, 0.00677527068183, 0.00906162708998, 0.0125434109941, 0.0200893580914, 0.00637107994407, 0.00814947299659, 0.00591067364439, 0.00469226343557, 0.00646414747462, 0.00534637039527, 0.0036476526875, 0.00202189199626, 0.00112588657066, 0.00189325353131, 0.00105783692561, 0.00055249617435, 0.0004210920888, 0.000484012154629, 0.000660040823277, 0.000581021304242, 0.000562646600883, 0.000437064270955, 0.000340761762345, 0.000335335324053, 0.000290260242764, 0.000383929145755, 0.000275790895103, 6.72649402986e-05, 3.60310878023e-05, 1.26281784105e-05, 5.68100813325e-06, 4.23497931479e-06, 3.10850623464e-06, 1.09483073629e-06, 9.43497752814e-07, 8.1835111132e-07], "mean": [0.00483565405011, 0.00347177684307, 0.00126589392312, 0.000380736251827, 0.000296340993373, 0.000312384509016, 0.00027715327451, 0.000228130404139, 0.000298741972074, 0.000334777781973, 0.000236096559092, 0.00017787606339, 0.000143877536175, 0.000126418235595, 0.000175566950929, 9.99924959615e-05, 5.56024751859e-05, 6.02218933636e-05, 4.92433391628e-05, 3.72323484044e-05, 2.8461083275e-05, 3.09267707053e-05, 2.54209535342e-05, 2.66269435087e-05, 2.0858085918e-05, 1.80019615073e-05, 1.30891630761e-05, 9.46526324697e-06, 7.58612895879e-06, 5.22269465364e-06, 3.79288871954e-06, 2.07734979085e-06, 1.12537986752e-06, 6.2110655108e-07, 3.42803076592e-07, 1.75551264192e-07, 1.03597265877e-07, 5.73051863739e-08, 3.20627577821e-08, 2.28923031642e-08], "median": [0.00283239595592, 0.00243129162118, 0.000804000999779, 0.00023305369541, 0.000132745539304, 0.000102909616544, 0.000102631776826, 9.6837291494e-05, 0.000132147295517, 0.000153089815285, 0.00011951730994, 8.69801733643e-05, 5.87647409702e-05, 6.65874322294e-05, 7.89740079199e-05, 5.70448755752e-05, 3.72436879843e-05, 3.31339469994e-05, 3.10476825689e-05, 2.38192860706e-05, 1.64714292623e-05, 1.83032789209e-05, 1.50079922605e-05, 1.50325777213e-05, 1.06722745841e-05, 8.27835356176e-06, 6.01765032116e-06, 4.37342441728e-06, 2.9645111681e-06, 2.24030122808e-06, 1.85417172816e-06, 1.16696480745e-06, 5.89640137605e-07, 3.00399676689e-07, 1.54476040848e-07, 7.80321585125e-08, 4.53330279981e-08, 2.50467735441e-08, 1.30567112677e-08, 7.76486963616e-09], "min": [1.68875603389e-23, 3.43485846906e-23, 1.02747925948e-23, 1.43886667168e-23, 7.31603724112e-24, 5.42036622612e-24, 1.17495128368e-23, 1.62707421085e-23, 1.29317849864e-23, 1.91767490944e-24, 8.036503117e-24, 8.71518539731e-24, 8.29693844511e-24, 9.63729910892e-24, 8.34638819095e-24, 1.04314761478e-23, 1.15421962466e-23, 1.49652688182e-23, 1.29090113609e-23, 1.61268791229e-23, 1.0578522976e-23, 8.85975125794e-24, 1.05875033685e-23, 1.12698562186e-23, 6.23568000408e-24, 1.44656910956e-23, 9.66207249679e-24, 1.24418857982e-23, 1.0184911361e-23, 9.25127554698e-24, 1.1253951205e-23, 8.32868615224e-24, 1.44958965796e-23, 1.34781524159e-23, 1.00618916582e-23, 1.53152927128e-23, 1.3274072522e-23, 1.08784250152e-23, 1.17824217472e-23, 8.35537647211e-24], "var": [3.4659045923e-05, 1.1720866496e-05, 1.93721007236e-06, 3.03723908246e-07, 2.4220787509e-07, 3.73608344262e-07, 3.61807849458e-07, 3.11895291816e-07, 2.28397396995e-07, 3.22723138879e-07, 1.30024176315e-07, 8.60781810275e-08, 9.63232480444e-08, 3.95048651569e-08, 7.22523694208e-08, 1.69777951697e-08, 3.91762089436e-09, 9.42684241778e-09, 3.51217188665e-09, 1.78974857157e-09, 1.23252963391e-09, 1.37264910549e-09, 9.71198121924e-10, 1.08690012546e-09, 8.94163409981e-10, 7.96362586986e-10, 4.12394035587e-10, 2.37130259872e-10, 2.25026691725e-10, 1.36808758766e-10, 5.54458770563e-11, 8.24620580153e-12, 2.54695396718e-12, 7.96838994527e-13, 2.67352383721e-13, 7.32386495742e-14, 2.63991878759e-14, 7.53115458722e-15, 2.68250654538e-15, 1.73273400734e-15]}, "melbands_crest": {"dmean": 4.43980073929, "dmean2": 7.40503120422, "dvar": 13.5785474777, "dvar2": 36.819026947, "max": 35.9515266418, "mean": 15.911570549, "median": 15.4369335175, "min": 1.00033283234, "var": 34.6634483337}, "melbands_flatness_db": {"dmean": 0.0372084900737, "dmean2": 0.06023241207, "dvar": 0.000942146289162, "dvar2": 0.00234911171719, "max": 0.529425084591, "mean": 0.229590952396, "median": 0.225945547223, "min": -2.41601952666e-07, "var": 0.00339257437736}, "melbands_kurtosis": {"dmean": 7.32455587387, "dmean2": 11.9462404251, "dvar": 144.005691528, "dvar2": 372.340148926, "max": 193.365509033, "mean": 10.3662319183, "median": 4.8817782402, "min": -1.78764247894, "var": 288.870117188}, "melbands_skewness": {"dmean": 0.927412867546, "dmean2": 1.48641252518, "dvar": 0.761158287525, "dvar2": 1.99453091621, "max": 11.8077993393, "mean": 2.46746706963, "median": 2.15561389923, "min": -1.49373340607, "var": 2.77928996086}, "melbands_spread": {"dmean": 8.54137897491, "dmean2": 14.0740194321, "dvar": 80.9356460571, "dvar2": 200.98928833, "max": 182.703567505, "mean": 24.2362689972, "median": 21.2613735199, "min": 0.732354998589, "var": 306.67300415}, "mfcc": {"cov": [[5835.87304688, 504.013397217, -413.8878479, 488.601379395, -213.586853027, 169.301345825, 19.6368141174, 132.651321411, -36.8075714111, 114.610069275, -19.9544868469, 75.8552932739, 8.98358821869], [504.013397217, 1050.40209961, -68.0584640503, -191.863464355, -63.9166259766, -36.6384239197, -50.0282592773, -34.2533149719, -5.77984333038, -16.3105792999, 71.3886947632, 13.4790887833, 10.7706480026], [-413.8878479, -68.0584640503, 407.68447876, -81.4767990112, 39.7824516296, -56.2773590088, 33.2092094421, -21.3057384491, 31.480550766, -4.50756692886, 1.00591754913, -11.6857385635, -10.8960123062], [488.601379395, -191.863464355, -81.4767990112, 457.092437744, -8.0883769989, 90.9455566406, 18.5001411438, 89.6801452637, 33.0124282837, 37.6365470886, -30.44049263, -18.8688564301, -14.9159736633], [-213.586853027, -63.9166259766, 39.7824516296, -8.0883769989, 184.643966675, 3.12730908394, 29.1318073273, -9.91505622864, 20.6637840271, -6.52344036102, 14.6216497421, -4.88266181946, 4.81024169922], [169.301345825, -36.6384239197, -56.2773590088, 90.9455566406, 3.12730908394, 164.818588257, 51.2633171082, 49.2055549622, -4.95674324036, 5.40328216553, -7.95359706879, 14.2509336472, 3.74843168259], [19.6368141174, -50.0282592773, 33.2092094421, 18.5001411438, 29.1318073273, 51.2633171082, 120.868980408, 39.2381324768, 13.457775116, -21.8182487488, -19.5647773743, -6.49419784546, -1.33686435223], [132.651321411, -34.2533149719, -21.3057384491, 89.6801452637, -9.91505622864, 49.2055549622, 39.2381324768, 99.0416259766, 32.169303894, 13.7438163757, -15.7232379913, -10.5263214111, -10.7486000061], [-36.8075714111, -5.77984333038, 31.480550766, 33.0124282837, 20.6637840271, -4.95674324036, 13.457775116, 32.169303894, 83.3239059448, 31.4586658478, 16.3300037384, -18.2960281372, -12.0421829224], [114.610069275, -16.3105792999, -4.50756692886, 37.6365470886, -6.52344036102, 5.40328216553, -21.8182487488, 13.7438163757, 31.4586658478, 87.1753616333, 29.2363643646, 14.950966835, -10.7528057098], [-19.9544868469, 71.3886947632, 1.00591754913, -30.44049263, 14.6216497421, -7.95359706879, -19.5647773743, -15.7232379913, 16.3300037384, 29.2363643646, 74.9250488281, 26.2444667816, 9.82674789429], [75.8552932739, 13.4790887833, -11.6857385635, -18.8688564301, -4.88266181946, 14.2509336472, -6.49419784546, -10.5263214111, -18.2960281372, 14.950966835, 26.2444667816, 64.3038330078, 24.6637229919], [8.98358821869, 10.7706480026, -10.8960123062, -14.9159736633, 4.81024169922, 3.74843168259, -1.33686435223, -10.7486000061, -12.0421829224, -10.7528057098, 9.82674789429, 24.6637229919, 52.1373023987]], "icov": [[0.000236808264162, -0.00017143052537, 0.00013663538266, -0.000272889446933, 0.000146600708831, 3.96323666791e-05, -0.000212911807466, -2.83383942588e-05, 0.000190788603504, -0.000361130572855, 0.000223462557187, -0.000263769557932, -3.03353644995e-05], [-0.00017143052537, 0.00130651390646, 0.000141100928886, 0.000673077767715, 0.000377660093363, -9.96797461994e-05, 0.000418322597397, -0.000166746016475, -0.000336543598678, 0.000900449289475, -0.00148875371087, 0.000485476193717, 8.92769967322e-05], [0.00013663538266, 0.000141100928886, 0.00306399865076, 0.000287772680167, -0.000125501203001, 0.000976459530648, -0.00135085871443, 0.000787195574958, -0.00120865623467, -0.000181151815923, 0.000331312185153, -0.000437453942141, 0.000566967588384], [-0.000272889446933, 0.000673077767715, 0.000287772680167, 0.00355618051253, -0.000165796576766, -0.00126391870435, 0.00100093218498, -0.00184670870658, -0.000749643601011, -0.000538895023055, 0.000504667463247, 0.00111408845987, -0.000169810547959], [0.000146600708831, 0.000377660093363, -0.000125501203001, -0.000165796576766, 0.00650606863201, -0.000319292332279, -0.00173944956623, 0.00169192173053, -0.00166174431797, 0.000780249596573, -0.00189531268552, 0.000712123815902, -0.000652578484733], [3.96323666791e-05, -9.96797461994e-05, 0.000976459530648, -0.00126391870435, -0.000319292332279, 0.00931223295629, -0.00367662101053, -0.00288343708962, 0.00245725829154, -0.000959583267104, -0.000368918932509, -0.0020541488193, -6.16289835307e-05], [-0.000212911807466, 0.000418322597397, -0.00135085871443, 0.00100093218498, -0.00173944956623, -0.00367662101053, 0.0132774477825, -0.00397728895769, -0.0025268511381, 0.00448494125158, 0.00165129173547, -0.0010071900906, 0.000406191596994], [-2.83383942588e-05, -0.000166746016475, 0.000787195574958, -0.00184670870658, 0.00169192173053, -0.00288343708962, -0.00397728895769, 0.018048947677, -0.00665577081963, -0.00122933147941, 0.00344567839056, -0.00045391896856, 0.00112017220818], [0.000190788603504, -0.000336543598678, -0.00120865623467, -0.000749643601011, -0.00166174431797, 0.00245725829154, -0.0025268511381, -0.00665577081963, 0.0219664704055, -0.00735905813053, -0.00604673707858, 0.00823822431266, -0.00109226780478], [-0.000361130572855, 0.000900449289475, -0.000181151815923, -0.000538895023055, 0.000780249596573, -0.000959583267104, 0.00448494125158, -0.00122933147941, -0.00735905813053, 0.0200164243579, -0.00529180001467, -0.00629981933162, 0.00594874517992], [0.000223462557187, -0.00148875371087, 0.000331312185153, 0.000504667463247, -0.00189531268552, -0.000368918932509, 0.00165129173547, 0.00344567839056, -0.00604673707858, -0.00529180001467, 0.0230281427503, -0.00842364132404, -0.00140671909321], [-0.000263769557932, 0.000485476193717, -0.000437453942141, 0.00111408845987, 0.000712123815902, -0.0020541488193, -0.0010071900906, -0.00045391896856, 0.00823822431266, -0.00629981933162, -0.00842364132404, 0.0277263745666, -0.0107898246497], [-3.03353644995e-05, 8.92769967322e-05, 0.000566967588384, -0.000169810547959, -0.000652578484733, -6.16289835307e-05, 0.000406191596994, 0.00112017220818, -0.00109226780478, 0.00594874517992, -0.00140671909321, -0.0107898246497, 0.0258866921067]], "mean": [-637.271911621, 156.818527222, -36.4905204773, 41.9649810791, -7.75808811188, 20.5116062164, 6.60791063309, 13.982872963, 6.11824846268, 7.67394685745, 5.84552907944, 3.76136469841, -1.38724792004]}, "pitch_salience": {"dmean": 0.0923843756318, "dmean2": 0.154016658664, "dvar": 0.00576684670523, "dvar2": 0.0160332191736, "max": 0.996089935303, "mean": 0.542108952999, "median": 0.551308274269, "min": 0.0476239547133, "var": 0.0132422531024}, "silence_rate_20dB": {"dmean": 0, "dmean2": 0, "dvar": 0, "dvar2": 0, "max": 1, "mean": 1, "median": 1, "min": 1, "var": 0}, "silence_rate_30dB": {"dmean": 0.0304130725563, "dmean2": 0.0608330480754, "dvar": 0.0294881183654, "dvar2": 0.0705247372389, "max": 1, "mean": 0.965845882893, "median": 1, "min": 0, "var": 0.0329875871539}, "silence_rate_60dB": {"dmean": 0.00113481620792, "dmean2": 0.00226988992654, "dvar": 0.00113352830522, "dvar2": 0.00294570438564, "max": 1, "mean": 0.0169068425894, "median": 0, "min": 0, "var": 0.0166210010648}, "spectral_centroid": {"dmean": 324.832763672, "dmean2": 517.587585449, "dvar": 127718.085938, "dvar2": 282781.125, "max": 11316.1523438, "mean": 1496.41064453, "median": 1398.73571777, "min": 159.481124878, "var": 425953.625}, "spectral_complexity": {"dmean": 5.7544260025, "dmean2": 8.56111717224, "dvar": 35.1371498108, "dvar2": 65.5739212036, "max": 65, "mean": 27.5076599121, "median": 27, "min": 0, "var": 159.949249268}, "spectral_contrast_coeffs": {"dmean": [0.0551195777953, 0.048686299473, 0.0419247597456, 0.0286929663271, 0.0209834072739, 0.050927195698], "dmean2": [0.0920485109091, 0.082026489079, 0.0693141222, 0.0478794649243, 0.0352662689984, 0.0813790485263], "dvar": [0.0018120824825, 0.00150177569594, 0.00110394856893, 0.000527458440047, 0.00032188143814, 0.00172349833883], "dvar2": [0.00495275575668, 0.00408073980361, 0.00295790960081, 0.00140554783866, 0.000896996934898, 0.00432947510853], "max": [-0.394658237696, -0.4643445611, -0.532492995262, -0.584260344505, -0.671292066574, -0.432911634445], "mean": [-0.699549376965, -0.776017069817, -0.786357283592, -0.802978873253, -0.808959245682, -0.685511529446], "median": [-0.703199028969, -0.78298330307, -0.791338503361, -0.808144390583, -0.808652639389, -0.678113400936], "min": [-0.985678374767, -0.985163927078, -0.996804475784, -0.981451272964, -0.991908729076, -0.957416057587], "var": [0.00452221184969, 0.00448947772384, 0.00336186331697, 0.00188406498637, 0.000830784032587, 0.00522820325568]}, "spectral_contrast_valleys": {"dmean": [0.398694604635, 0.369112074375, 0.324250489473, 0.283057332039, 0.337963342667, 0.652030587196], "dmean2": [0.657273173332, 0.601788401604, 0.522851526737, 0.447174072266, 0.521332621574, 1.03355813026], "dvar": [0.106364734471, 0.0999663248658, 0.0858062654734, 0.0805924907327, 0.140817970037, 0.292035669088], "dvar2": [0.263802230358, 0.229985505342, 0.185196086764, 0.153567254543, 0.267306685448, 0.718472659588], "max": [-5.15346908569, -4.69715547562, -5.13533782959, -5.54939222336, -5.33188056946, -8.82658004761], "mean": [-6.71478414536, -6.47799968719, -6.66710042953, -7.00712203979, -7.09340429306, -11.1802778244], "median": [-6.51999664307, -6.32847929001, -6.49318313599, -6.84222221375, -6.94968748093, -11.0735616684], "min": [-27.422624588, -26.8878040314, -27.489616394, -27.2392520905, -27.2736282349, -27.2987709045], "var": [1.94217908382, 1.53960156441, 1.43928861618, 1.32468485832, 1.41166615486, 1.0229421854]}, "spectral_decrease": {"dmean": 4.12475387179e-09, "dmean2": 6.62147359165e-09, "dvar": 1.9623308242e-17, "dvar2": 4.97758051186e-17, "max": 5.57718151176e-12, "mean": -1.07048832021e-08, "median": -9.31556876083e-09, "min": -6.26611864618e-08, "var": 5.03171385812e-17}, "spectral_energy": {"dmean": 0.0167501103133, "dmean2": 0.0267684645951, "dvar": 0.000323154672515, "dvar2": 0.000815803359728, "max": 0.255348712206, "mean": 0.0441674813628, "median": 0.0384895019233, "min": 1.10667702516e-20, "var": 0.000841399363708}, "spectral_energyband_high": {"dmean": 0.000386958068702, "dmean2": 0.000616285600699, "dvar": 5.16594070632e-07, "dvar2": 1.13403496016e-06, "max": 0.0148489512503, "mean": 0.000559207983315, "median": 0.000283472443698, "min": 8.03303607963e-21, "var": 7.23914354239e-07}, "spectral_energyband_low": {"dmean": 0.0141221778467, "dmean2": 0.0233114771545, "dvar": 0.000276019301964, "dvar2": 0.000718973518815, "max": 0.207209765911, "mean": 0.0246882252395, "median": 0.0181295536458, "min": 1.3304967155e-22, "var": 0.000528094940819}, "spectral_energyband_middle_high": {"dmean": 0.00295404042117, "dmean2": 0.004509200342, "dvar": 1.27338889797e-05, "dvar2": 2.91457363346e-05, "max": 0.0548084527254, "mean": 0.00820506270975, "median": 0.00658177910373, "min": 1.64654743793e-21, "var": 4.37654052803e-05}, "spectral_energyband_middle_low": {"dmean": 0.00412811664864, "dmean2": 0.00650476058945, "dvar": 2.60786418949e-05, "dvar2": 6.20254431851e-05, "max": 0.112765617669, "mean": 0.0106903435662, "median": 0.00804896932095, "min": 2.7733315153e-22, "var": 8.6826759798e-05}, "spectral_entropy": {"dmean": 0.139601916075, "dmean2": 0.218576028943, "dvar": 0.0202758591622, "dvar2": 0.0438218079507, "max": 9.79165077209, "mean": 7.63886499405, "median": 7.69808101654, "min": 5.43377113342, "var": 0.0951544046402}, "spectral_flux": {"dmean": 0.0294523388147, "dmean2": 0.0477982237935, "dvar": 0.000747192883864, "dvar2": 0.00187796284445, "max": 0.377990454435, "mean": 0.117706418037, "median": 0.115387789905, "min": 1.05198717792e-10, "var": 0.00203322037123}, "spectral_kurtosis": {"dmean": 2.50654816628, "dmean2": 4.09440326691, "dvar": 20.7859630585, "dvar2": 54.4124259949, "max": 110.68788147, "mean": 9.16276741028, "median": 7.57880878448, "min": -1.19117558002, "var": 72.8731307983}, "spectral_rms": {"dmean": 0.00120559765492, "dmean2": 0.00189422257245, "dvar": 1.13495946152e-06, "dvar2": 2.74356398222e-06, "max": 0.0157835576683, "mean": 0.006196399685, "median": 0.00612786551937, "min": 3.28585596232e-12, "var": 4.69485758003e-06}, "spectral_rolloff": {"dmean": 472.735900879, "dmean2": 799.636779785, "dvar": 422438.375, "dvar2": 1053242.25, "max": 22050, "mean": 1409.64172363, "median": 1162.79296875, "min": 64.599609375, "var": 3670505.75}, "spectral_skewness": {"dmean": 0.327224612236, "dmean2": 0.529617726803, "dvar": 0.116104841232, "dvar2": 0.284868627787, "max": 8.18458271027, "mean": 1.68608915806, "median": 1.56264650822, "min": -0.0422709807754, "var": 0.5570140481}, "spectral_spread": {"dmean": 362235.3125, "dmean2": 578628.9375, "dvar": 213771534336, "dvar2": 374200958976, "max": 40565644, "mean": 3159465, "median": 3039366.75, "min": 1117156.125, "var