{"lowlevel": {"average_loudness": 0.869306206703, "barkbands": {"dmean": [1.60485778906e-05, 0.000836191407871, 0.00122808280867, 0.000536814739462, 0.000853652309161, 0.000408590596635, 0.000377791118808, 0.000494775711559, 0.000586813723203, 0.000476929912111, 0.000206078824704, 0.000258923741058, 0.000222301838221, 0.000287433824269, 0.000191482264199, 0.0001862081117, 0.000213605439058, 0.000224488423555, 0.00018714836915, 0.000294794212095, 0.000156256894115, 4.39335417468e-05, 3.9838902012e-05, 3.57438402716e-05, 7.89137902757e-06, 2.7515588954e-06, 1.93776003243e-07], "dmean2": [2.27587570407e-05, 0.00140627997462, 0.00210892315954, 0.000908257788979, 0.00137026701123, 0.000603811407927, 0.00059192685876, 0.00078883219976, 0.000909721828066, 0.000732049520593, 0.000311924552079, 0.000399347016355, 0.00034488007077, 0.000451864179922, 0.00030647899257, 0.000304453802528, 0.000334754702635, 0.00035183163709, 0.000297373888316, 0.000443348573754, 0.000239952205447, 6.32227602182e-05, 5.79903316975e-05, 5.25986215507e-05, 1.12009274744e-05, 4.09474841945e-06, 3.1846147408e-07], "dvar": [2.2624488949e-09, 4.07090510635e-06, 1.38548948598e-05, 1.6621904706e-06, 2.82403743768e-06, 3.63406655879e-07, 3.21904508382e-07, 8.86104828624e-07, 1.60799947935e-06, 1.17160016089e-06, 3.66590370504e-07, 3.87855550343e-07, 2.63725524974e-07, 4.80116511881e-07, 2.35113944314e-07, 1.76677275476e-07, 2.94355089636e-07, 2.55151064721e-07, 1.19902011875e-07, 4.40165507598e-07, 1.67739614199e-07, 3.33655343354e-08, 3.38042553949e-08, 3.81105529357e-08, 1.57757240604e-09, 6.66620161849e-11, 4.32923906142e-13], "dvar2": [4.70374850181e-09, 1.03284182842e-05, 3.72863942175e-05, 4.40966186943e-06, 6.99186011843e-06, 7.3900184816e-07, 8.24661128718e-07, 2.3161212539e-06, 3.76236721422e-06, 2.73806972473e-06, 7.09653022568e-07, 7.93728645476e-07, 5.82493669299e-07, 1.15845125492e-06, 5.52338235593e-07, 4.10965981246e-07, 6.54452946947e-07, 5.90989714055e-07, 2.75150512152e-07, 9.56196572588e-07, 3.73481924498e-07, 6.09240231597e-08, 6.3929370242e-08, 8.53722426086e-08, 2.96343038997e-09, 1.50107121177e-10, 1.07070754173e-12], "max": [0.000662579375785, 0.0257265642285, 0.0437498725951, 0.0158352237195, 0.0230391323566, 0.0180125832558, 0.0164311006665, 0.0195963773876, 0.0250205080956, 0.0266913361847, 0.0204188171774, 0.0228577926755, 0.0166857745498, 0.0197469051927, 0.0120521085337, 0.0103224841878, 0.0170734077692, 0.0146731780842, 0.008131114766, 0.0207162238657, 0.0144739439711, 0.00668293889612, 0.00585076864809, 0.0121014425531, 0.00221784156747, 0.000201308648684, 1.12732404887e-05], "mean": [1.77533656824e-05, 0.00137734634336, 0.00133140187245, 0.000599666673224, 0.00151708710473, 0.000904554559384, 0.000716314883903, 0.000883844622876, 0.00123382289894, 0.00104505603667, 0.000425447273301, 0.000512456346769, 0.000389837514376, 0.000545774761122, 0.000363131781342, 0.000357541488484, 0.000492389430292, 0.000565288879443, 0.000433364155469, 0.000808073091321, 0.000330247654347, 7.82797214924e-05, 8.58411658555e-05, 7.98284308985e-05, 1.67323032656e-05, 3.92561651097e-06, 1.67073622492e-07], "median": [8.20806519641e-07, 0.00037942326162, 0.000225024108659, 0.000189276426681, 0.000987562234513, 0.000525149342138, 0.00039451639168, 0.000386852800148, 0.000325465138303, 0.000249468139373, 0.000107914136606, 0.000172994055902, 0.000135323469294, 0.000140266361996, 0.000115307688247, 0.000153350076289, 0.000141725220601, 0.000178881920874, 0.000219821959035, 0.00031969405245, 9.47876105784e-05, 2.47449770541e-05, 2.61791446974e-05, 2.58799100266e-05, 5.00222586197e-06, 1.09269103632e-06, 1.37938827027e-09], "min": [2.78231734527e-12, 4.29547109687e-12, 2.98344942501e-12, 3.01602644769e-12, 6.7161120415e-12, 3.75632294367e-12, 8.78427484832e-13, 6.68903083964e-13, 4.3423181717e-12, 6.70867571564e-12, 4.86468894681e-12, 2.42580131329e-12, 1.04913950791e-12, 1.52127605218e-13, 5.42444561491e-13, 2.45301912463e-12, 2.35789924911e-12, 1.94333459914e-12, 3.1950874238e-12, 5.7844614515e-13, 5.41756201532e-13, 1.02843113799e-12, 6.56177532015e-13, 5.99743507895e-13, 4.7547995272e-13, 1.00928900654e-12, 2.88297191025e-13], "var": [3.05594305416e-09, 5.25925906913e-06, 1.26590321088e-05, 1.43625152305e-06, 3.44785621564e-06, 1.46598608808e-06, 8.4825870772e-07, 2.11710789699e-06, 5.57893190489e-06, 4.38239976575e-06, 1.50847597524e-06, 1.1984992625e-06, 6.08615778219e-07, 1.55328700657e-06, 6.99456222719e-07, 4.63572632725e-07, 1.29878151256e-06, 1.1982211845e-06, 3.83097699341e-07, 2.30309387916e-06, 6.03721730386e-07, 7.3351479557e-08, 9.33063120101e-08, 1.08165416179e-07, 4.44751169226e-09, 1.00169213202e-10, 4.1171257484e-13]}, "barkbands_crest": {"dmean": 2.08148145676, "dmean2": 3.39602303505, "dvar": 3.57590985298, "dvar2": 9.38025188446, "max": 24.8172416687, "mean": 8.28204441071, "median": 7.61997318268, "min": 2.53630685806, "var": 10.1945934296}, "barkbands_flatness_db": {"dmean": 0.0156800858676, "dmean2": 0.0251640062779, "dvar": 0.000223165916395, "dvar2": 0.00059961900115, "max": 0.260912716389, "mean": 0.132479444146, "median": 0.13039419055, "min": 0.0305424015969, "var": 0.00079680950148}, "barkbands_kurtosis": {"dmean": 1.23726439476, "dmean2": 2.02285289764, "dvar": 8.03772354126, "dvar2": 21.6885452271, "max": 49.9708824158, "mean": 0.709552645683, "median": -0.127240911126, "min": -1.85621964931, "var": 10.7318239212}, "barkbands_skewness": {"dmean": 0.388277709484, "dmean2": 0.601096272469, "dvar": 0.221440985799, "dvar2": 0.538213670254, "max": 6.50321483612, "mean": 0.759243249893, "median": 0.699576556683, "min": -3.04490065575, "var": 0.827230095863}, "barkbands_spread": {"dmean": 4.59864997864, "dmean2": 7.12354850769, "dvar": 25.4289608002, "dvar2": 56.5284843445, "max": 101.330383301, "mean": 26.8252429962, "median": 24.9165649414, "min": 3.19989228249, "var": 135.338745117}, "dissonance": {"dmean": 0.0153115140274, "dmean2": 0.025959322229, "dvar": 0.000222596063395, "dvar2": 0.000590618117712, "max": 0.499841749668, "mean": 0.468422532082, "median": 0.472494602203, "min": 0.0672673583031, "var": 0.0004356316349}, "dynamic_complexity": 2.82440638542, "erbbands": {"dmean": [0.0107861198485, 0.250540077686, 1.37756311893, 1.38637161255, 3.01643514633, 2.44236373901, 2.88624000549, 3.76393389702, 5.4369893074, 5.62767696381, 12.0860815048, 12.4774303436, 14.4673929214, 11.4419136047, 7.83702230453, 9.72123336792, 9.48589897156, 10.8328304291, 12.9655170441, 9.04765319824, 8.75584983826, 11.3635721207, 9.05836009979, 12.7700300217, 6.59052324295, 11.9029273987, 10.0150260925, 1.6491240263, 1.55015218258, 1.39669585228, 1.1515005827, 1.00882971287, 0.405576139688, 0.129832148552, 0.0393615849316, 0.0140342377126, 0.00484489230439, 0.000809441087767, 2.03268809855e-05, 5.48203888684e-06], "dmean2": [0.0178620461375, 0.419776588678, 2.35127496719, 2.33590173721, 4.9008603096, 3.91026043892, 4.5445728302, 5.46899843216, 8.5755405426, 8.78574180603, 19.3387374878, 19.102689743, 21.9605884552, 17.4405193329, 12.046628952, 14.8231935501, 14.5085344315, 17.18633461, 20.5355987549, 14.3598070145, 14.37961483, 17.3095340729, 14.5263233185, 19.6654624939, 10.3255796432, 17.8659057617, 14.8057155609, 2.47736954689, 2.22068214417, 2.08573913574, 1.65091741085, 1.48884105682, 0.597265303135, 0.185112148523, 0.0559091046453, 0.020442917943, 0.0073049091734, 0.00125294330064, 3.09784300043e-05, 8.34256934468e-06], "dvar": [0.000740079383831, 0.394347727299, 16.853187561, 10.963719368, 68.5915756226, 12.3661231995, 14.8671131134, 41.4034919739, 66.6740341187, 99.6252670288, 621.891662598, 806.722106934, 1366.62744141, 629.796325684, 324.483764648, 499.761322021, 417.392303467, 775.322937012, 1162.51245117, 460.869537354, 343.239318848, 880.117919922, 267.916625977, 806.945556641, 116.337608337, 613.655090332, 521.453674316, 16.9334259033, 38.031993866, 49.0038566589, 30.1866130829, 23.1259860992, 6.81212997437, 0.54732054472, 0.0238547734916, 0.00182570877951, 0.00021914303943, 6.62859156364e-06, 3.65036489924e-09, 6.52948528579e-11], "dvar2": [0.0019513691077, 0.995945036411, 44.6311683655, 28.3798084259, 169.961639404, 33.1118164063, 38.9299888611, 79.5267410278, 170.142959595, 241.861907959, 1674.89672852, 1853.42907715, 3043.39428711, 1393.85290527, 685.545349121, 1013.52185059, 883.270324707, 1904.65332031, 2765.41723633, 1060.59228516, 858.604248047, 1744.19750977, 640.700073242, 1882.16174316, 292.777038574, 1367.54125977, 1044.65734863, 32.2332344055, 71.0441207886, 97.4750823975, 58.626499176, 53.8252716064, 13.855670929, 1.08396077156, 0.0459004640579, 0.00383554864675, 0.000514243030921, 1.55001271196e-05, 8.3517779359e-09, 1.47050607802e-10], "max": [0.347682893276, 7.97996091843, 47.6991271973, 40.2203140259, 111.873420715, 46.6386070251, 79.8037261963, 230.404785156, 218.206298828, 261.280792236, 506.927337646, 712.983886719, 858.28326416, 584.435974121, 502.316986084, 776.45880127, 707.595275879, 896.587097168, 939.751403809, 621.032287598, 342.336364746, 1106.80163574, 401.829528809, 729.411132813, 252.661560059, 754.679870605, 825.688171387, 182.188552856, 215.837417603, 203.455856323, 192.476776123, 269.796600342, 163.104690552, 46.9466934204, 5.86517047882, 1.32511937618, 0.347669363022, 0.0373414978385, 0.00097282679053, 0.000168624625076], "mean": [0.017745738849, 0.392282932997, 1.58956515789, 1.64040315151, 3.70698475838, 4.98303365707, 6.07267475128, 8.36573886871, 10.28703022, 11.863612175, 22.5641708374, 26.9417915344, 33.8536186218, 26.3113651276, 17.1376628876, 20.5182857513, 18.7766094208, 21.9905948639, 27.0176734924, 19.1054973602, 18.4507694244, 27.7352848053, 26.6844844818, 33.7752418518, 19.4097232819, 36.838886261, 30.4277095795, 4.16547966003, 2.7421746254, 2.55988311768, 2.53587555885, 2.34225296974, 0.849762439728, 0.271361529827, 0.0816783457994, 0.0232532806695, 0.00631384272128, 0.000877870537806, 3.1551142456e-05, 2.05883698072e-05], "median": [0.00442189956084, 0.113778010011, 0.360480636358, 0.533177912235, 1.48800528049, 3.44306349754, 4.24408340454, 4.30649805069, 6.24524784088, 6.43866205215, 9.66597366333, 8.06853580475, 7.66442203522, 8.26053714752, 6.81026363373, 7.71987915039, 7.48677682877, 6.84207201004, 8.87158966064, 8.03251171112, 9.02344226837, 8.73062896729, 10.2733411789, 13.0227737427, 11.7572479248, 14.9255008698, 8.12927246094, 2.17248082161, 0.955481052399, 0.728799760342, 0.774528861046, 0.777162075043, 0.249561488628, 0.078073553741, 0.0263336002827, 0.00764405820519, 0.00149681395851, 0.000112606518087, 1.334915396e-05, 1.75065506482e-05], "min": [1.54527043938e-10, 8.81455686219e-10, 3.05422154234e-09, 7.5213959505e-09, 1.48326657623e-08, 2.1112079196e-08, 3.07661380816e-08, 2.94771620446e-08, 1.79155517088e-08, 7.83977860408e-09, 2.6491038696e-08, 9.31288539618e-08, 1.81894250773e-07, 2.22624251478e-07, 1.7170337685e-07, 9.05482906433e-08, 5.17332168215e-08, 1.69078440138e-08, 7.26662774397e-09, 9.18255906868e-08, 1.046832665e-07, 1.46796722333e-07, 1.36171806275e-07, 1.03641589533e-07, 1.45183719269e-07, 3.28125793203e-08, 2.28095817789e-08, 2.06908463696e-08, 2.87995352011e-08, 3.04297991249e-08, 1.64411559922e-08, 1.03088044767e-08, 1.18847944819e-08, 4.60692595183e-09, 4.92041918321e-09, 5.12959807963e-09, 1.14475118274e-09, 6.6466387949e-10, 2.190928515e-11, 5.2184287707e-13], "var": [0.000969552609604, 0.462960362434, 15.8941526413, 10.2538137436, 63.2514572144, 24.8578872681, 36.155456543, 183.171783447, 155.388031006, 294.626251221, 1351.39001465, 2616.57617188, 5259.93457031, 2702.32983398, 1132.0045166, 1579.78149414, 1118.63427734, 2268.8425293, 3768.69897461, 1245.38513184, 831.277954102, 4063.72558594, 1860.58532715, 3871.15283203, 521.498352051, 4155.15771484, 3958.19726563, 43.261264801, 77.8352279663, 116.475387573, 81.382774353, 60.7529335022, 20.1191558838, 1.63028204441, 0.0659942701459, 0.00349852023646, 0.000284433481283, 7.72258226789e-06, 4.739407089e-09, 2.18108267558e-10]}, "erbbands_crest": {"dmean": 2.28348374367, "dmean2": 3.65244960785, "dvar": 4.37163734436, "dvar2": 10.5888175964, "max": 29.1703357697, "mean": 8.98062133789, "median": 8.14623069763, "min": 2.66746997833, "var": 14.7884674072}, "erbbands_flatness_db": {"dmean": 0.0133917843923, "dmean2": 0.0193615071476, "dvar": 0.000173766005901, "dvar2": 0.000317966390867, "max": 0.300355136395, "mean": 0.179295495152, "median": 0.179899200797, "min": 0.0665931776166, "var": 0.00114224443678}, "erbbands_kurtosis": {"dmean": 0.617910563946, "dmean2": 0.972241938114, "dvar": 0.874533355236, "dvar2": 1.99228167534, "max": 31.238368988, "mean": 0.0343388989568, "median": -0.494584739208, "min": -1.71757090092, "var": 3.24597835541}, "erbbands_skewness": {"dmean": 0.284244775772, "dmean2": 0.440483391285, "dvar": 0.0644953325391, "dvar2": 0.145802304149, "max": 2.54653501511, "mean": -0.103116944432, "median": 0.000852413475513, "min": -4.61647701263, "var": 0.622888684273}, "erbbands_spread": {"dmean": 6.20446968079, "dmean2": 9.40639019012, "dvar": 44.8112602234, "dvar2": 101.309242249, "max": 123.938179016, "mean": 36.1421966553, "median": 34.3349952698, "min": 2.76303505898, "var": 204.728729248}, "gfcc": {"cov": [[2968.96313477, -281.964904785, -123.82724762, 232.829666138, -26.2584209442, 9.16148757935, 94.9867935181, 103.647857666, -60.2664527893, -12.3658914566, -20.4569530487, -146.89604187, -22.4476394653], [-281.964904785, 794.665649414, 29.9806137085, -67.4230575562, 210.718795776, 51.7053527832, 162.719070435, -23.9504547119, 68.0853424072, 11.3100986481, 81.6156997681, -80.3877487183, 36.6412200928], [-123.82724762, 29.9806137085, 558.869934082, 173.552459717, 92.5960540771, 148.256515503, -24.3730945587, -8.58410263062, 39.975528717, 27.378736496, -49.3028526306, 90.6934509277, -70.7666015625], [232.829666138, -67.4230575562, 173.552459717, 346.904785156, 58.9940643311, -18.0111045837, -17.5581474304, 55.9379081726, 38.1542434692, -10.9469127655, 26.0484142303, 21.3302383423, 26.3228302002], [-26.2584209442, 210.718795776, 92.5960540771, 58.9940643311, 240.517730713, 50.9839286804, 68.5412902832, 37.2527160645, 15.2615594864, 27.6836338043, 3.80254507065, 14.3265333176, 10.9904441833], [9.16148757935, 51.7053527832, 148.256515503, -18.0111045837, 50.9839286804, 223.963577271, 73.9847488403, -24.7992725372, 24.2763977051, 33.4079093933, 11.8109874725, 12.6137189865, -19.2964344025], [94.9867935181, 162.719070435, -24.3730945587, -17.5581474304, 68.5412902832, 73.9847488403, 192.487304688, 45.6404304504, 4.19841003418, 19.8097991943, 38.6906394958, -41.9217681885, 18.1043128967], [103.647857666, -23.9504547119, -8.58410263062, 55.9379081726, 37.2527160645, -24.7992725372, 45.6404304504, 139.084396362, 46.6436233521, 8.86551952362, 8.16727542877, 1.48221683502, 24.5136146545], [-60.2664527893, 68.0853424072, 39.975528717, 38.1542434692, 15.2615594864, 24.2763977051, 4.19841003418, 46.6436233521, 126.138946533, 33.869644165, 12.7678413391, 7.77391719818, 15.7621135712], [-12.3658914566, 11.3100986481, 27.378736496, -10.9469127655, 27.6836338043, 33.4079093933, 19.8097991943, 8.86551952362, 33.869644165, 90.0958175659, 28.920173645, 8.20397853851, 3.23024821281], [-20.4569530487, 81.6156997681, -49.3028526306, 26.0484142303, 3.80254507065, 11.8109874725, 38.6906394958, 8.16727542877, 12.7678413391, 28.920173645, 123.225616455, 1.8413977623, 31.6905727386], [-146.89604187, -80.3877487183, 90.6934509277, 21.3302383423, 14.3265333176, 12.6137189865, -41.9217681885, 1.48221683502, 7.77391719818, 8.20397853851, 1.8413977623, 134.900436401, 3.21535539627], [-22.4476394653, 36.6412200928, -70.7666015625, 26.3228302002, 10.9904441833, -19.2964344025, 18.1043128967, 24.5136146545, 15.7621135712, 3.23024821281, 31.6905727386, 3.21535539627, 103.98261261]], "icov": [[0.000445821671747, 6.65909537929e-05, 0.000308454706101, -0.000551280099899, 0.000123084668303, -0.000321566389175, -0.000120363787573, -0.000319753424264, 0.000394736882299, -0.000255503982771, 0.000294060446322, 0.000369839923223, 0.000292954122415], [6.65909537929e-05, 0.00421831849962, -0.00194550957531, 0.00263969507068, -0.00409311288968, 0.00263030617498, -0.00278549012728, 0.00359895383008, -0.00425308616832, 0.00350152351893, -0.00368959014304, 0.00287473364733, -0.00133556395303], [0.000308454706101, -0.00194550957531, 0.00536149041727, -0.00405598804355, 0.0014576286776, -0.00402812846005, 0.00166595506016, -0.0015154654393, 0.00197683880106, -0.00284546939656, 0.00392621988431, -0.00310312351212, 0.00328146619722], [-0.000551280099899, 0.00263969507068, -0.00405598804355, 0.00734785897657, -0.00354232219979, 0.00349964923225, -0.000744640536141, 0.00124386546668, -0.00378176826052, 0.00447184871882, -0.00503478571773, 0.00242579961196, -0.0029155893717], [0.000123084668303, -0.00409311288968, 0.0014576286776, -0.00354232219979, 0.00949182640761, -0.00295953452587, 0.000722701021004, -0.0042651258409, 0.00480599841103, -0.00492031034082, 0.00460819061846, -0.00324460910633, 0.000805079587735], [-0.000321566389175, 0.00263030617498, -0.00402812846005, 0.00349964923225, -0.00295953452587, 0.0101015092805, -0.00537359202281, 0.00526475673541, -0.00482662301511, 0.00192629289813, -0.00337875005789, 0.00124685443006, -0.00107879738789], [-0.000120363787573, -0.00278549012728, 0.00166595506016, -0.000744640536141, 0.000722701021004, -0.00537359202281, 0.0114217428491, -0.00629381975159, 0.00455334596336, -0.00219665258192, -1.24107054944e-05, 0.00112130655907, 4.65239936602e-05], [-0.000319753424264, 0.00359895383008, -0.0015154654393, 0.00124386546668, -0.0042651258409, 0.00526475673541, -0.00629381975159, 0.014561297372, -0.00811412837356, 0.00314274081029, -0.00210261228494, 0.000812568236142, -0.00184461590834], [0.000394736882299, -0.00425308616832, 0.00197683880106, -0.00378176826052, 0.00480599841103, -0.00482662301511, 0.00455334596336, -0.00811412837356, 0.0157950688154, -0.00740386079997, 0.0039492007345, -0.00191147078294, 0.00029429141432], [-0.000255503982771, 0.00350152351893, -0.00284546939656, 0.00447184871882, -0.00492031034082, 0.00192629289813, -0.00219665258192, 0.00314274081029, -0.00740386079997, 0.0179406069219, -0.00717534031719, 0.00210053171031, -0.00115164427552], [0.000294060446322, -0.00368959014304, 0.00392621988431, -0.00503478571773, 0.00460819061846, -0.00337875005789, -1.24107054944e-05, -0.00210261228494, 0.0039492007345, -0.00717534031719, 0.0149292657152, -0.00386848277412, -0.000112110392365], [0.000369839923223, 0.00287473364733, -0.00310312351212, 0.00242579961196, -0.00324460910633, 0.00124685443006, 0.00112130655907, 0.000812568236142, -0.00191147078294, 0.00210053171031, -0.00386848277412, 0.0118921268731, -0.00243581552058], [0.000292954122415, -0.00133556395303, 0.00328146619722, -0.0029155893717, 0.000805079587735, -0.00107879738789, 4.65239936602e-05, -0.00184461590834, 0.00029429141432, -0.00115164427552, -0.000112110392365, -0.00243581552058, 0.0133642982692]], "mean": [-20.4854869843, 94.7639694214, -149.068649292, 40.7976722717, -69.4976348877, 3.75555372238, -37.9989242554, 8.71806812286, -26.8686542511, -2.43197107315, -9.41297531128, -9.47202777863, -6.91207790375]}, "hfc": {"dmean": 3.74436354637, "dmean2": 5.43374586105, "dvar": 32.6333961487, "dvar2": 61.3707809448, "max": 186.353240967, "mean": 18.5522403717, "median": 14.2138633728, "min": 9.54344727688e-08, "var": 295.595001221}, "melbands": {"dmean": [0.000154194844072, 0.000581770320423, 0.000295022851788, 0.000199117843295, 9.82938654488e-05, 8.25173701742e-05, 8.00104098744e-05, 7.09300220478e-05, 0.000103742815554, 7.83436116762e-05, 7.41971671232e-05, 5.04074814671e-05, 2.73396417469e-05, 3.03849283227e-05, 2.56553121289e-05, 1.95999127754e-05, 2.18733493966e-05, 2.43331232923e-05, 1.34790907396e-05, 1.36561066029e-05, 1.02897074612e-05, 1.21348430184e-05, 1.16717146739e-05, 1.02685153252e-05, 1.16083210742e-05, 6.14479449723e-06, 5.21970832779e-06, 9.9583176052e-06, 9.79243031907e-06, 1.79672133527e-06, 8.22841343506e-07, 9.53082121669e-07, 8.46408909183e-07, 7.93801746113e-07, 7.0126901619e-07, 6.66404673666e-07, 6.72953603953e-07, 3.38230165653e-07, 1.69180196963e-07, 9.53431253947e-08], "dmean2": [0.000259936292423, 0.00098180223722, 0.00048871798208, 0.000321089493809, 0.000155426037963, 0.000120826873172, 0.000125572332763, 0.000110730077722, 0.000166053257999, 0.000119355216157, 0.000112862675451, 7.70813639974e-05, 4.13465422753e-05, 4.68131293019e-05, 3.96750183427e-05, 3.00766987493e-05, 3.45634689438e-05, 3.80622477678e-05, 2.1434172595e-05, 2.17703927774e-05, 1.69989652932e-05, 1.8229462512e-05, 1.87239693332e-05, 1.64425619005e-05, 1.78287118615e-05, 9.80147251539e-06, 8.07919514045e-06, 1.50842997755e-05, 1.45942112795e-05, 2.75695651908e-06, 1.28266583488e-06, 1.39073983974e-06, 1.26293070934e-06, 1.19949311284e-06, 1.03186835076e-06, 9.68846507021e-07, 1.01918897144e-06, 5.02553405113e-07, 2.54907604358e-07, 1.39458947501e-07], "dvar": [1.25445538401e-07, 2.76870196103e-06, 4.60571158101e-07, 1.79196334216e-07, 1.57271209389e-08, 1.73009677695e-08, 1.43367113736e-08, 1.47909124948e-08, 4.60679423497e-08, 3.12678594128e-08, 3.50003972471e-08, 1.1964981006e-08, 5.04634600773e-09, 6.29275431763e-09, 2.98336999549e-09, 2.21095830533e-09, 3.30003802063e-09, 4.613582405e-09, 1.0101799397e-09, 1.25107169069e-09, 5.4447235609e-10, 1.0337678491e-09, 8.20659706857e-10, 4.03969468987e-10, 6.81200928998e-10, 1.15816016499e-10, 7.14973288907e-11, 5.1406451318e-10, 5.66305224936e-10, 1.43032989966e-11, 6.32038692217e-12, 1.30840607446e-11, 1.79166195768e-11, 1.54640692612e-11, 1.32456077356e-11, 5.23126160445e-12, 1.44041844424e-11, 4.97812598435e-12, 1.12823292375e-12, 2.63797691373e-13], "dvar2": [3.27811221723e-07, 7.19748550182e-06, 1.16737362532e-06, 4.48348828286e-07, 4.10892688762e-08, 3.39421042383e-08, 3.66661971896e-08, 3.65433443505e-08, 1.2497814339e-07, 7.04394835793e-08, 7.84663143349e-08, 2.68602526887e-08, 9.78156311504e-09, 1.30562840539e-08, 6.31344132529e-09, 4.87160445317e-09, 8.035524246e-09, 1.09713411689e-08, 2.3013153605e-09, 2.84112422477e-09, 1.33709199268e-09, 1.92238625019e-09, 2.02111105629e-09, 9.65491464555e-10, 1.56328261447e-09, 2.87726564796e-10, 1.59384491716e-10, 1.17020171331e-09, 1.13452780504e-09, 3.04930872219e-11, 1.2556484498e-11, 2.62064311224e-11, 3.4266318949e-11, 3.28889068757e-11, 2.61138419916e-11, 1.06508161665e-11, 3.63855473529e-11, 9.83083840028e-12, 2.48719165923e-12, 5.6129352468e-13], "max": [0.00407913094386, 0.0193691812456, 0.00704902177677, 0.00584104796872, 0.00219078478403, 0.00448797643185, 0.00353470956907, 0.0027306121774, 0.00376352039166, 0.0039342250675, 0.00419775722548, 0.00268712663092, 0.00234545348212, 0.00309320935048, 0.00135289260652, 0.00230927299708, 0.0017222110182, 0.0019829410594, 0.00130199629348, 0.000905663124286, 0.000618525315076, 0.00102517649066, 0.000951533962507, 0.000418477749918, 0.000640255922917, 0.000179317488801, 0.000219415102038, 0.000740118150134, 0.000822322908789, 9.86130689853e-05, 0.000103713122371, 0.000120930671983, 0.000146969774505, 0.000115693910629, 0.000136900387588, 0.000101256264315, 0.000216501866817, 0.000143566066981, 5.65027512494e-05, 2.86479807983e-05], "mean": [0.0002718513133, 0.000744371325709, 0.000353945535608, 0.000325244676787, 0.000219735768042, 0.000183911644854, 0.000152848078869, 0.000142450939165, 0.000191494385945, 0.000170241837623, 0.000170251863892, 0.000111582434329, 5.74804435018e-05, 5.85240086366e-05, 4.89661324536e-05, 3.70738671336e-05, 4.11725923186e-05, 4.74014377687e-05, 2.62249268417e-05, 2.6355848604e-05, 1.89761503862e-05, 2.63407237071e-05, 2.89132094622e-05, 2.58257405221e-05, 2.81621305476e-05, 1.45390677062e-05, 1.42110293382e-05, 2.78945262835e-05, 2.73333353107e-05, 4.12979397879e-06, 1.49161360241e-06, 1.54304757416e-06, 1.46446711824e-06, 1.36761229896e-06, 1.39541100452e-06, 1.56818998676e-06, 1.3922076505e-06, 6.4998016569e-07, 3.35484287461e-07, 1.82455721642e-07], "median": [7.52572159399e-05, 0.000218927583774, 0.000115427152195, 0.000192762672668, 0.00016377447173, 0.000101451376395, 9.22625113162e-05, 7.54363063606e-05, 7.74632790126e-05, 4.34508328908e-05, 3.40041297022e-05, 3.0979510484e-05, 1.80658116733e-05, 1.89986003534e-05, 1.68992264662e-05, 1.21909524751e-05, 1.05382869151e-05, 1.23520449051e-05, 8.74429952091e-06, 1.02180993053e-05, 8.66607751959e-06, 7.88961824583e-06, 8.24916605779e-06, 8.52106131788e-06, 9.76252886176e-06, 6.98389567333e-06, 8.26439281809e-06, 9.78632579063e-06, 6.01961482971e-06, 1.80838219421e-06, 6.99139320659e-07, 4.96346785894e-07, 4.04768542239e-07, 3.55464635504e-07, 3.78767168741e-07, 5.3437332781e-07, 4.22036066539e-07, 1.77430749204e-07, 8.43822718366e-08, 5.27297316921e-08], "min": [1.41882523525e-12, 1.4729453551e-12, 1.50144089869e-12, 1.40588018657e-12, 1.10382991809e-12, 6.67387152486e-13, 2.48857249911e-13, 8.20763270716e-14, 2.59011941669e-13, 6.3812410217e-13, 9.23301149078e-13, 9.11418076427e-13, 6.32935598464e-13, 3.18864373924e-13, 1.59438163626e-13, 8.81890656963e-14, 2.30840855735e-14, 2.82577306281e-15, 5.75683977485e-14, 1.87727952758e-13, 9.29937076237e-14, 1.16623575489e-13, 2.15741283887e-13, 5.57820255915e-14, 8.13427287766e-14, 1.40865048575e-13, 4.55863882612e-14, 1.73946584404e-14, 1.1668766539e-14, 1.3641091227e-14, 1.323998301e-14, 1.0012121713e-14, 3.12961021844e-14, 1.21582855139e-14, 1.01573870164e-14, 8.68651430354e-15, 5.31707187299e-15, 9.00970904193e-15, 6.29819437096e-15, 3.0890897716e-15], "var": [1.82957776929e-07, 2.73052933153e-06, 4.36412221916e-07, 2.05352392868e-07, 3.97753900927e-08, 7.41065875332e-08, 3.47560096259e-08, 4.30761524228e-08, 9.66246034295e-08, 1.13472651719e-07, 1.34198799628e-07, 5.02058199459e-08, 1.97629894672e-08, 1.87017441533e-08, 8.33475866102e-09, 6.45584474768e-09, 9.41499411766e-09, 1.49414827177e-08, 3.59007223949e-09, 3.57253981953e-09, 1.10318387758e-09, 4.23894919166e-09, 4.13897716101e-09, 2.06468842023e-09, 3.00465985426e-09, 3.97033239619e-10, 3.13199022273e-10, 3.07532466159e-09, 3.71228114915e-09, 4.82873914465e-11, 1.14938492751e-11, 2.44387132059e-11, 3.7082430876e-11, 3.50452375453e-11, 3.17831039265e-11, 1.62327963571e-11, 3.13615453051e-11, 1.32922197554e-11, 3.48466199472e-12, 6.04354294474e-13]}, "melbands_crest": {"dmean": 2.8678996563, "dmean2": 4.63066291809, "dvar": 8.89885997772, "dvar2": 22.6440448761, "max": 28.9361743927, "mean": 11.2216739655, "median": 10.133564949, "min": 3.56388449669, "var": 21.6939353943}, "melbands_flatness_db": {"dmean": 0.0183003600687, "dmean2": 0.0283412635326, "dvar": 0.000423460645834, "dvar2": 0.00103624735493, "max": 0.353770703077, "mean": 0.157639786601, "median": 0.152901381254, "min": 0.0383586771786, "var": 0.00191430794075}, "melbands_kurtosis": {"dmean": 3.60623788834, "dmean2": 5.95279216766, "dvar": 82.1458587646, "dvar2": 219.75138855, "max": 161.920303345, "mean": 5.29574012756, "median": 2.58043646812, "min": -1.89917635918, "var": 100.894767761}, "melbands_skewness": {"dmean": 0.527861773968, "dmean2": 0.825152337551, "dvar": 0.53683078289, "dvar2": 1.30689620972, "max": 10.6471796036, "mean": 1.75263762474, "median": 1.52165830135, "min": -2.02577924728, "var": 1.4452984333}, "melbands_spread": {"dmean": 7.92479372025, "dmean2": 12.2330932617, "dvar": 112.264450073, "dvar2": 247.574768066, "max": 239.737472534, "mean": 37.7170677185, "median": 31.0144176483, "min": 2.10519456863, "var": 629.476623535}, "mfcc": {"cov": [[2923.88623047, -358.850067139, -181.844985962, 155.825546265, -69.6444396973, -115.930549622, 131.481140137, 18.7436332703, -5.85519647598, 190.885620117, -64.474571228, 45.6759300232, -112.531990051], [-358.850067139, 795.821350098, -103.432662964, -43.1085319519, 26.3738765717, 111.816009521, 112.069259644, 5.84012508392, 46.7904701233, 64.9493179321, 83.3941574097, -28.0535850525, 37.5238494873], [-181.844985962, -103.432662964, 471.28024292, 47.6380310059, 110.832290649, 146.582366943, -39.4902305603, 51.0840187073, 22.0460586548, -45.7368354797, 51.1435966492, 22.684803009, 21.6306552887], [155.825546265, -43.1085319519, 47.6380310059, 300.838623047, 115.330757141, -49.5953521729, 18.8675346375, 30.3868541718, 36.6968002319, 4.53335618973, -35.5392532349, 75.4453811646, -2.39275479317], [-69.6444396973, 26.3738765717, 110.832290649, 115.330757141, 202.737625122, 48.824848175, -10.6259489059, 30.2339706421, 42.6477622986, -23.2516937256, 12.8406801224, 33.2332382202, 20.0967693329], [-115.930549622, 111.816009521, 146.582366943, -49.5953521729, 48.824848175, 237.066757202, 44.9083709717, 23.2025032043, 7.89057922363, -0.144638419151, 59.4684562683, -35.4505615234, 35.5073547363], [131.481140137, 112.069259644, -39.4902305603, 18.8675346375, -10.6259489059, 44.9083709717, 206.243988037, 22.2873268127, 3.44400596619, 67.8018112183, -1.47344374657, 11.8992986679, 1.98276674747], [18.7436332703, 5.84012508392, 51.0840187073, 30.3868541718, 30.2339706421, 23.2025032043, 22.2873268127, 114.418037415, 38.6968040466, -9.05430316925, 23.0089149475, 10.3942813873, 17.3009605408], [-5.85519647598, 46.7904701233, 22.0460586548, 36.6968002319, 42.6477622986, 7.89057922363, 3.44400596619, 38.6968040466, 126.176002502, 30.7691268921, 19.1998538971, -6.7936205864, 7.39710044861], [190.885620117, 64.9493179321, -45.7368354797, 4.53335618973, -23.2516937256, -0.144638419151, 67.8018112183, -9.05430316925, 30.7691268921, 159.657745361, 13.9662313461, 18.5531806946, -20.8791217804], [-64.474571228, 83.3941574097, 51.1435966492, -35.5392532349, 12.8406801224, 59.4684562683, -1.47344374657, 23.0089149475, 19.1998538971, 13.9662313461, 120.506729126, -4.36061382294, 15.0365495682], [45.6759300232, -28.0535850525, 22.684803009, 75.4453811646, 33.2332382202, -35.4505615234, 11.8992986679, 10.3942813873, -6.7936205864, 18.5531806946, -4.36061382294, 136.663391113, 15.6053953171], [-112.531990051, 37.5238494873, 21.6306552887, -2.39275479317, 20.0967693329, 35.5073547363, 1.98276674747, 17.3009605408, 7.39710044861, -20.8791217804, 15.0365495682, 15.6053953171, 93.875541687]], "icov": [[0.000454377674032, 0.000280724925688, 0.000218471031985, -0.000262973917415, 8.03981747595e-05, -0.000100077326351, -0.000173409978743, -0.000203183037229, 0.000111444438517, -0.000493529660162, -4.31676635344e-05, 3.4357966797e-05, 0.00031982944347], [0.000280724925688, 0.00190621614456, 0.000865718408022, -7.93988365331e-05, -0.000372966984287, -0.000782856717706, -0.000774785818066, 0.000225772149861, -0.000406072445912, -0.000451391941169, -0.00103751337156, 0.000167054517078, -0.000206215205253], [0.000218471031985, 0.000865718408022, 0.00374008761719, -0.000533365237061, -0.000782524643, -0.0026528572198, 0.000715304166079, -0.000773794134147, -0.000203809395316, 0.000312260905048, -0.000800621288363, -0.00088086706819, 0.000699080817867], [-0.000262973917415, -7.93988365331e-05, -0.000533365237061, 0.00582481408492, -0.00308822980151, 0.00163519801572, -0.000822244910523, -0.000489717407618, -0.000857428472955, 0.000192071835045, 0.00147265428677, -0.00182934675831, 0.000316614605254], [8.03981747595e-05, -0.000372966984287, -0.000782524643, -0.00308822980151, 0.0084587438032, -0.00191089394502, 0.00078881776426, 9.33050177991e-05, -0.00197676825337, 0.00133140163962, -0.000111757057311, -0.00116699910723, -0.000111088593258], [-0.000100077326351, -0.000782856717706, -0.0026528572198, 0.00163519801572, -0.00191089394502, 0.00839915685356, -0.00213801767677, 8.0566656834e-05, 0.00103305547964, -0.000366014166502, -0.00164073111955, 0.00253523467109, -0.00221303920262], [-0.000173409978743, -0.000774785818066, 0.000715304166079, -0.000822244910523, 0.00078881776426, -0.00213801767677, 0.0071858773008, -0.00200986815616, 0.00106027757283, -0.00257473089732, 0.00145335262641, -0.000533565063961, -2.57976280409e-05], [-0.000203183037229, 0.000225772149861, -0.000773794134147, -0.000489717407618, 9.33050177991e-05, 8.0566656834e-05, -0.00200986815616, 0.0115892412141, -0.00357248657383, 0.0022513687145, -0.00194262678269, -0.000612912117504, -0.00111656857189], [0.000111444438517, -0.000406072445912, -0.000203809395316, -0.000857428472955, -0.00197676825337, 0.00103305547964, 0.00106027757283, -0.00357248657383, 0.0111556332558, -0.00344760459848, -0.000599488150328, 0.00242818775587, -0.000963986618444], [-0.000493529660162, -0.000451391941169, 0.000312260905048, 0.000192071835045, 0.00133140163962, -0.000366014166502, -0.00257473089732, 0.0022513687145, -0.00344760459848, 0.00985238328576, -0.00138227327261, -0.00224091135897, 0.00207152101211], [-4.31676635344e-05, -0.00103751337156, -0.000800621288363, 0.00147265428677, -0.000111757057311, -0.00164073111955, 0.00145335262641, -0.00194262678269, -0.000599488150328, -0.00138227327261, 0.0112569443882, -0.000694164307788, -0.000391071313061], [3.4357966797e-05, 0.000167054517078, -0.00088086706819, -0.00182934675831, -0.00116699910723, 0.00253523467109, -0.000533565063961, -0.000612912117504, 0.00242818775587, -0.00224091135897, -0.000694164307788, 0.010245856829, -0.00273588718846], [0.00031982944347, -0.000206215205253, 0.000699080817867, 0.000316614605254, -0.000111088593258, -0.00221303920262, -2.57976280409e-05, -0.00111656857189, -0.000963986618444, 0.00207152101211, -0.000391071313061, -0.00273588718846, 0.0130865052342]], "mean": [-649.216247559, 112.636810303, -18.7584037781, 28.381942749, -7.06543064117, -6.78853416443, 0.743232667446, -0.487374693155, -8.52028751373, 8.32832431793, -11.2157421112, 3.47845506668, -4.68178844452]}, "pitch_salience": {"dmean": 0.0594609081745, "dmean2": 0.0957851111889, "dvar": 0.00321577279828, "dvar2": 0.00853306241333, "max": 0.920312702656, "mean": 0.54428178072, "median": 0.547937989235, "min": 0.158572778106, "var": 0.00828259531409}, "silence_rate_20dB": {"dmean": 0, "dmean2": 0, "dvar": 0, "dvar2": 0, "max": 1, "mean": 1, "median": 1, "min": 1, "var": 0}, "silence_rate_30dB": {"dmean": 0, "dmean2": 0, "dvar": 0, "dvar2": 0, "max": 1, "mean": 1, "median": 1, "min": 1, "var": 0}, "silence_rate_60dB": {"dmean": 0.028809029609, "dmean2": 0.0576266162097, "dvar": 0.0279750823975, "dvar2": 0.0644100829959, "max": 1, "mean": 0.0648849308491, "median": 0, "min": 0, "var": 0.060676291585}, "spectral_centroid": {"dmean": 232.954452515, "dmean2": 357.481262207, "dvar": 62180.5664063, "dvar2": 136008.21875, "max": 5386.14013672, "mean": 1926.68579102, "median": 1836.98620605, "min": 349.432861328, "var": 510876.84375}, "spectral_complexity": {"dmean": 2.34659934044, "dmean2": 3.7822663784, "dvar": 4.52531337738, "dvar2": 10.5494565964, "max": 47, "mean": 17.8487014771, "median": 18, "min": 0, "var": 44.335899353}, "spectral_contrast_coeffs": {"dmean": [0.0480782948434, 0.0413128249347, 0.0349833928049, 0.0300293080509, 0.0215968396515, 0.0155244050547], "dmean2": [0.0796211734414, 0.0674604773521, 0.0562347918749, 0.048327613622, 0.0335690788925, 0.024913745001], "dvar": [0.00159820134286, 0.00107532727998, 0.000742957112379, 0.00055243895622, 0.00034218467772, 0.000168023223523], "dvar2": [0.00413028663024, 0.0029148212634, 0.00185755011626, 0.00144705770072, 0.000730526982807, 0.000402924633818], "max": [-0.334711432457, -0.517156839371, -0.437681615353, -0.565504670143, -0.551336824894, -0.588402211666], "mean": [-0.631932318211, -0.73057025671, -0.726624190807, -0.737867593765, -0.736034631729, -0.751455068588], "median": [-0.634587049484, -0.732871651649, -0.733429312706, -0.739387273788, -0.740543544292, -0.75172162056], "min": [-0.975115716457, -0.984655857086, -0.986535668373, -0.916046798229, -0.911300241947, -0.931446909904], "var": [0.00561374239624, 0.00337689719163, 0.00480975722894, 0.00259420229122, 0.0033873426728, 0.000680554716382]}, "spectral_contrast_valleys": {"dmean": [0.451222121716, 0.292770773172, 0.256127476692, 0.22907358408, 0.188400372863, 0.21660682559], "dmean2": [0.743929505348, 0.477494031191, 0.418905884027, 0.363139659166, 0.283326238394, 0.288330256939], "dvar": [0.16323377192, 0.0556388422847, 0.0452082939446, 0.0423349477351, 0.0339847356081, 0.0615019276738], "dvar2": [0.376966714859, 0.141736701131, 0.109598658979, 0.0936268791556, 0.0600086264312, 0.0924980938435], "max": [-5.73543739319, -5.1472196579, -5.36720228195, -6.37776041031, -5.8809928894, -7.35332393646], "mean": [-7.85746145248, -6.83067512512, -7.64499616623, -8.01638698578, -7.62306165695, -10.5381832123], "median": [-7.76998949051, -6.79592895508, -7.63166475296, -7.99687862396, -7.54553031921, -10.5478954315], "min": [-15.7772579193, -15.1396951675, -15.2567338943, -16.8706645966, -16.4191913605, -17.7745437622], "var": [0.740306138992, 0.389857769012, 0.400516659021, 0.352913916111, 0.399432331324, 0.528998017311]}, "spectral_decrease": {"dmean": 1.04793718148e-09, "dmean2": 1.65479274727e-09, "dvar": 2.75021299575e-18, "dvar2": 6.72604213432e-18, "max": -1.36858728067e-17, "mean": -3.55898333027e-09, "median": -2.99060531894e-09, "min": -2.07690131759e-08, "var": 6.34901197035e-18}, "spectral_energy": {"dmean": 0.004212312866, "dmean2": 0.00660066539422, "dvar": 4.12472691096e-05, "dvar2": 9.99085896183e-05, "max": 0.0816470235586, "mean": 0.0151151781902, "median": 0.0128572024405, "min": 6.03098126994e-11, "var": 0.000109418389911}, "spectral_energyband_high": {"dmean": 0.000367981585441, "dmean2": 0.000533568963874, "dvar": 6.45875161354e-07, "dvar2": 1.27669648009e-06, "max": 0.023088099435, "mean": 0.00118085509166, "median": 0.000480438175146, "min": 4.89052852035e-12, "var": 4.2125152504e-06}, "spectral_energyband_low": {"dmean": 0.00207120040432, "dmean2": 0.00345235317945, "dvar": 3.06420843117e-05, "dvar2": 7.85547163105e-05, "max": 0.0638316497207, "mean": 0.00297795329243, "median": 0.00108753691893, "min": 1.01836022254e-11, "var": 3.32407107635e-05}, "spectral_energyband_middle_high": {"dmean": 0.00121561228298, "dmean2": 0.00182599737309, "dvar": 2.75112552117e-06, "dvar2": 5.9302074078e-06, "max": 0.0307293776423, "mean": 0.00518828677014, "median": 0.00360434525646, "min": 2.5078923313e-11, "var": 2.26540378208e-05}, "spectral_energyband_middle_low": {"dmean": 0.00212808139622, "dmean2": 0.00334546947852, "dvar": 9.79553533398e-06, "dvar2": 2.41836023633e-05, "max": 0.0393460839987, "mean": 0.00619187997654, "median": 0.00468905549496, "min": 2.12568244257e-11, "var": 2.50751472777e-05}, "spectral_entropy": {"dmean": 0.102822557092, "dmean2": 0.14866001904, "dvar": 0.0101307099685, "dvar2": 0.0187250301242, "max": 9.02781200409, "mean": 7.45896482468, "median": 7.43915700912, "min": 6.57701063156, "var": 0.0798431038857}, "spectral_flux": {"dmean": 0.0173323396593, "dmean2": 0.0281495060772, "dvar": 0.000476963206893, "dvar2": 0.00116625765804, "max": 0.227220207453, "mean": 0.062449067831, "median": 0.0555104315281, "min": 6.72494934406e-05, "var": 0.0011321536731}, "spectral_kurtosis": {"dmean": 1.41980588436, "dmean2": 2.47014808655, "dvar": 1.64171099663, "dvar2": 5.14155435562, "max": 17.0006694794, "mean": 3.7337539196, "median": 3.49414086342, "min": -0.987862348557, "var": 3.77492856979}, "spectral_rms": {"dmean": 0.000498672248796, "dmean2": 0.000760577153414, "dvar": 4.21328223865e-07, "dvar2": 9.59805674938e-07, "max": 0.00892500020564, "mean": 0.00360727170482, "median": 0.00354169611819, "min": 2.4256718234e-07, "var": 1.7340970544e-06}, "spectral_rolloff": {"dmean": 469.70135498, "dmean2": 778.760681152, "dvar": 494009.0625, "dvar2": 1024101.3125, "max": 9216.2109375, "mean": 2279.54467773, "median": 1894.921875, "min": 107.666015625, "var": 2000942.875}, "spectral_skewness": {"dmean": 0.185625717044, "dmean2": 0.309912443161, "dvar": 0.0239069852978, "dvar2": 0.0673534572124, "max": 2.7843503952, "mean": 1.20572519302, "median": 1.19631874561, "min": -0.371464252472, "var": 0.124969594181}, "spectral_spread": {"dmean": 287932.15625, "dmean2": 415627.90625, "dvar": 161088536576, "dvar2": 215964942336, "max": 26881966, "mean": 3773238.5, "median": 3512825.25, "min": 1931850, "var":