{"lowlevel": {"average_loudness": 0.827771306038, "barkbands": {"dmean": [2.05545438803e-06, 0.000515657593496, 0.000672955007758, 0.000335452496074, 0.0016105696559, 0.00122256623581, 0.000708992301952, 0.000562969886232, 0.000790699617937, 0.00119591318071, 0.000856299418956, 0.000603871652856, 0.00063371140277, 0.000533946498763, 0.000558867119253, 0.000331343297148, 0.00016598754155, 0.000153656161274, 0.000102225676528, 8.47500778036e-05, 3.69928493456e-05, 1.32048908199e-05, 8.9908908194e-06, 3.372264473e-06, 4.06120591379e-07, 1.08306714708e-08, 3.37657080074e-09], "dmean2": [3.49569859281e-06, 0.000795756757725, 0.00102708919439, 0.000535922998097, 0.0027644073125, 0.00193117931485, 0.00112022226676, 0.000893856165931, 0.00125115003902, 0.00192122743465, 0.00134256132878, 0.000930402020458, 0.000975174014457, 0.00085286074318, 0.000857410661411, 0.000511223217472, 0.00025991970324, 0.000240031251451, 0.000159594157594, 0.000129436113639, 5.5453278037e-05, 1.92605493794e-05, 1.35052168844e-05, 5.03192404722e-06, 5.97958887738e-07, 1.68557594549e-08, 5.5412754385e-09], "dvar": [8.5704776609e-12, 2.02619412448e-06, 5.09675737703e-06, 9.73476517174e-07, 2.09669433389e-05, 5.55733140573e-06, 2.96700409308e-06, 2.74731678473e-06, 5.59625595997e-06, 8.02035356173e-06, 7.17635293768e-06, 3.2162554362e-06, 2.77734261545e-06, 1.52383427121e-06, 2.55285431194e-06, 1.07613539058e-06, 3.13895554882e-07, 1.53662455205e-07, 6.16523294639e-08, 3.63788394964e-08, 1.21488055171e-08, 9.74643254992e-10, 4.10044304067e-10, 5.60457860677e-11, 1.25299109196e-12, 3.01640873314e-16, 1.26704970243e-17], "dvar2": [2.44676813532e-11, 4.88179148306e-06, 1.064765911e-05, 2.14292026612e-06, 5.75166559429e-05, 1.24971611513e-05, 7.53617950977e-06, 6.58668022879e-06, 1.31066881295e-05, 2.17020806303e-05, 1.80535243999e-05, 6.73876229484e-06, 6.00335033596e-06, 3.52581059815e-06, 5.91761909163e-06, 2.29664942708e-06, 6.2362346398e-07, 3.47479186757e-07, 1.38309971476e-07, 7.87584397699e-08, 2.5446329488e-08, 1.98359573211e-09, 8.80064465747e-10, 1.19776064067e-10, 2.54539900442e-12, 6.52281755593e-16, 3.1389661288e-17], "max": [5.15714018547e-05, 0.0276209078729, 0.0376937948167, 0.0289502032101, 0.059582863003, 0.0532805994153, 0.044607937336, 0.0441832616925, 0.0470341555774, 0.0773279070854, 0.0771042481065, 0.0528620406985, 0.0386836715043, 0.0229246541858, 0.0458936132491, 0.024859815836, 0.0218656156212, 0.00987038388848, 0.00995743274689, 0.00444128317758, 0.00268241134472, 0.000566032598726, 0.000481885654153, 0.000173428794369, 5.35649887752e-05, 5.09281619543e-07, 1.02949563541e-07], "mean": [4.04989941671e-06, 0.00104413880035, 0.000976350915153, 0.000437251379481, 0.00184744724538, 0.00239065871574, 0.00119846640155, 0.000820078304969, 0.00124507769942, 0.00218457938172, 0.00149594491813, 0.00118285196368, 0.00114617857616, 0.000873680692166, 0.00108555506449, 0.000561247521546, 0.000341916718753, 0.000306178611936, 0.000226376461796, 0.00018981708854, 7.14649722795e-05, 2.47556818067e-05, 1.66154004546e-05, 6.89924399921e-06, 9.21623097838e-07, 4.54324542432e-08, 2.36239845464e-08], "median": [3.40500628226e-06, 0.000202925279154, 0.000111363362521, 0.000109540254925, 0.000631670933217, 0.000964242266491, 0.000427870778367, 0.00029859947972, 0.000282733875792, 0.000333509757183, 0.000176551591721, 0.000289161194814, 0.000222732225666, 0.000209544959944, 0.000177471665666, 7.14479974704e-05, 7.66267403378e-05, 7.15470087016e-05, 6.55218682368e-05, 5.5146345403e-05, 2.49383501796e-05, 1.07402374852e-05, 7.42692282074e-06, 3.21065203934e-06, 4.25001189797e-07, 3.71271511312e-08, 2.27736780545e-08], "min": [1.08788494223e-24, 1.68399084071e-24, 1.60029289588e-24, 5.51279567788e-25, 8.70119258257e-24, 5.87000432032e-24, 8.23801684638e-24, 6.22355560639e-24, 1.87376710868e-23, 1.18221069728e-23, 2.41454561647e-23, 1.99688052808e-23, 2.09447319279e-23, 3.72704024212e-23, 4.93866180387e-23, 4.41700796654e-23, 5.39021272799e-23, 1.06404992019e-22, 1.28391315376e-22, 1.63606684652e-22, 2.61830911404e-22, 3.48404874277e-22, 3.44037664575e-22, 5.60646398836e-22, 8.61624223428e-22, 1.21536944622e-21, 1.88089723743e-21], "var": [1.21084080262e-11, 4.02166369895e-06, 1.01487303255e-05, 1.28055000914e-06, 1.72670006577e-05, 1.4988334442e-05, 5.61247588848e-06, 3.77645346816e-06, 1.25781316456e-05, 1.76040739461e-05, 2.16820044443e-05, 9.14429256227e-06, 8.03133843874e-06, 4.06149820265e-06, 8.1480748122e-06, 2.9694119803e-06, 1.20709376006e-06, 4.47380926971e-07, 1.85922033324e-07, 1.27604465661e-07, 3.24580220479e-08, 1.92286075951e-09, 7.72974573238e-10, 1.28993760118e-10, 3.44538481946e-12, 1.03876129009e-15, 6.93082128287e-17]}, "barkbands_crest": {"dmean": 2.82400465012, "dmean2": 4.60994052887, "dvar": 6.81637430191, "dvar2": 17.8231201172, "max": 24.8954734802, "mean": 10.6831531525, "median": 9.86888599396, "min": 2.53669548035, "var": 17.8986625671}, "barkbands_flatness_db": {"dmean": 0.0195541977882, "dmean2": 0.0302064530551, "dvar": 0.000361615006113, "dvar2": 0.000823812384624, "max": 0.368734270334, "mean": 0.176752254367, "median": 0.176672279835, "min": 0.0389980450273, "var": 0.00186759640928}, "barkbands_kurtosis": {"dmean": 2.53716683388, "dmean2": 4.08330535889, "dvar": 17.0118045807, "dvar2": 40.6134567261, "max": 75.5775299072, "mean": 4.23852205276, "median": 1.9374730587, "min": -1.81577110291, "var": 47.8624992371}, "barkbands_skewness": {"dmean": 0.468239367008, "dmean2": 0.730328857899, "dvar": 0.244286417961, "dvar2": 0.576061367989, "max": 7.61764526367, "mean": 0.973096847534, "median": 0.834441542625, "min": -2.59253740311, "var": 1.95825326443}, "barkbands_spread": {"dmean": 3.23797702789, "dmean2": 4.97326469421, "dvar": 11.6688079834, "dvar2": 26.4945659637, "max": 114.97744751, "mean": 13.0307979584, "median": 11.5658569336, "min": 1.19912493229, "var": 61.2714996338}, "dissonance": {"dmean": 0.0249597523361, "dmean2": 0.0421178378165, "dvar": 0.000608918431681, "dvar2": 0.00170213903766, "max": 0.500000059605, "mean": 0.451786756516, "median": 0.459645867348, "min": 0.100621856749, "var": 0.0012132357806}, "dynamic_complexity": 3.72244572639, "erbbands": {"dmean": [0.00680952006951, 0.148281574249, 0.701456487179, 1.00289106369, 3.42918348312, 5.65458250046, 7.78556871414, 10.5409841537, 9.60185146332, 11.6673526764, 12.7258224487, 18.2809867859, 15.9221038818, 48.4309921265, 30.3278942108, 22.4956493378, 25.694437027, 28.9265594482, 22.2014331818, 23.6414451599, 12.7696371078, 8.68534469604, 7.23018407822, 6.5258898735, 4.09688091278, 4.42860221863, 2.32539820671, 0.670306384563, 0.541266083717, 0.307899415493, 0.25469815731, 0.105195865035, 0.0444213524461, 0.00835608970374, 0.00117282511201, 0.000117636067444, 1.31562528622e-05, 3.85327484764e-06, 2.99946032101e-06, 6.40131793261e-06], "dmean2": [0.00990115012974, 0.228730916977, 1.05007183552, 1.58893716335, 6.04349374771, 9.70628452301, 12.6116876602, 16.6516304016, 15.2374820709, 18.2326259613, 20.4773273468, 29.0209732056, 24.2105293274, 76.3497314453, 46.3791885376, 33.9128494263, 38.9860153198, 46.1347770691, 32.84923172, 36.1835212708, 19.4037017822, 13.0161867142, 11.0792350769, 9.97305583954, 6.27532720566, 6.64224147797, 3.45462155342, 0.972985208035, 0.798508822918, 0.445141196251, 0.389779180288, 0.15443071723, 0.0682696998119, 0.0123897902668, 0.00171136541758, 0.000172955682501, 2.01687180379e-05, 6.12381427345e-06, 4.49201570518e-06, 9.76146839093e-06], "dvar": [0.00025931984419, 0.178538009524, 5.93622207642, 7.96508169174, 115.943473816, 277.276397705, 222.171951294, 547.190124512, 522.059387207, 773.423034668, 1650.47998047, 3784.13745117, 2054.89428711, 10733.9208984, 6084.70703125, 4604.64648438, 5503.80859375, 4089.84521484, 4188.55224609, 6073.375, 2167.3034668, 753.887390137, 328.664520264, 372.25970459, 72.2601928711, 106.171836853, 40.1636924744, 2.52791786194, 1.47481155396, 0.613571405411, 0.335038304329, 0.0545522980392, 0.010925908573, 0.000506727606989, 9.80194272415e-06, 5.65621718351e-08, 3.31034977208e-10, 1.85254676183e-11, 1.3903880651e-11, 6.65790408916e-11], "dvar2": [0.000586777692661, 0.419623881578, 12.0240135193, 17.2060108185, 323.329864502, 757.940124512, 577.01940918, 1296.08105469, 1358.52929688, 1753.93469238, 4036.99145508, 9107.54785156, 4464.14550781, 27346.2578125, 13752.2119141, 9684.11132813, 11853.6298828, 9534.20507813, 8831.49414063, 13698.3730469, 4686.26025391, 1355.42468262, 695.988525391, 806.519592285, 156.901351929, 227.41003418, 81.7729644775, 5.20874834061, 3.08393979073, 1.19423508644, 0.751627981663, 0.112129017711, 0.0256742890924, 0.00105648813769, 1.88623816939e-05, 1.08218010553e-07, 6.69566402323e-10, 4.26379972995e-11, 2.99952458704e-11, 1.50106080343e-10], "max": [0.233181282878, 8.48072910309, 41.1898956299, 73.7437896729, 137.823028564, 216.092437744, 396.960998535, 623.889526367, 565.065429688, 683.302001953, 1228.50622559, 1305.41943359, 1244.89624023, 2930.41723633, 2240.84765625, 2097.30395508, 1994.10351563, 1455.39367676, 1661.75378418, 2922.04370117, 1404.75317383, 1189.27624512, 460.158905029, 696.903381348, 238.817932129, 272.121063232, 160.991531372, 30.9990348816, 22.723487854, 22.9479122162, 14.4324131012, 4.6178355217, 2.78296637535, 1.02921319008, 0.136397868395, 0.00582581013441, 0.000466715806397, 9.95622031041e-05, 5.06319265696e-05, 0.000105224091385], "mean": [0.0156152592972, 0.29353672266, 1.08378815651, 1.46506381035, 3.33338952065, 6.28824186325, 14.2135810852, 18.9318618774, 16.97133255, 20.1588859558, 19.2233867645, 27.7602005005, 30.4976005554, 96.5930328369, 63.1526489258, 46.2388420105, 50.9164352417, 55.5487174988, 46.7220802307, 53.0759773254, 26.7547130585, 19.5869064331, 15.1436767578, 13.7942399979, 10.7561988831, 10.4300451279, 5.15402936935, 1.42924261093, 1.02193582058, 0.561749815941, 0.463714271784, 0.21286816895, 0.0841907709837, 0.0184220355004, 0.00300849298947, 0.000408801453887, 7.06714563421e-05, 2.24364775931e-05, 1.47474393088e-05, 2.3929429517e-05], "median": [0.00349369738251, 0.056728605181, 0.150123596191, 0.340525150299, 0.756878376007, 1.95876562595, 5.78679561615, 7.20213699341, 6.8407740593, 6.60768890381, 7.5574297905, 5.99995517731, 9.6233215332, 20.1173820496, 17.6168556213, 14.5238285065, 11.9100799561, 16.3053894043, 9.32819843292, 7.86612224579, 4.06539726257, 4.13908672333, 3.89426422119, 4.12864971161, 3.02341532707, 2.70870900154, 1.74063527584, 0.630778610706, 0.453550875187, 0.225249439478, 0.21058306098, 0.0995358377695, 0.0370802991092, 0.00824769772589, 0.00160711572971, 0.000289279036224, 6.33782474324e-05, 2.10231974052e-05, 1.30545176944e-05, 2.0377265173e-05], "min": [4.34701202288e-23, 2.85770984477e-22, 1.88732141772e-21, 7.03617842834e-21, 1.01132935382e-20, 2.34340639121e-20, 3.81778329323e-20, 6.44883834972e-20, 1.01082498367e-19, 2.28230685683e-19, 3.30819072817e-19, 3.80478395603e-19, 3.93202837418e-19, 6.04354802541e-19, 8.13307087621e-19, 7.03614821686e-19, 1.14720572801e-18, 1.66390647578e-18, 2.70764359309e-18, 2.89063889885e-18, 2.88218821492e-18, 4.03653509655e-18, 5.8643180458e-18, 5.8754452794e-18, 6.72176147465e-18, 8.26772150767e-18, 8.85296916184e-18, 1.10373786245e-17, 1.02505454007e-17, 1.06578309363e-17, 1.09320859771e-17, 9.4588591082e-18, 8.48660094237e-18, 8.18984245299e-18, 6.23149814304e-18, 4.00335398705e-18, 1.96531847649e-18, 9.57707541865e-19, 2.4870953215e-19, 2.55864977259e-20], "var": [0.00070597184822, 0.344825178385, 11.9002494812, 11.9942550659, 86.1803970337, 225.458007813, 654.456542969, 1133.62231445, 935.277954102, 1841.77587891, 2101.25756836, 7214.01367188, 5597.05664063, 35443.3632813, 22528.8359375, 13144.8222656, 16819.4316406, 13536.5869141, 15390.6181641, 24363.0820313, 8179.52490234, 3430.65600586, 1087.79504395, 797.27154541, 423.435089111, 429.130249023, 150.82635498, 5.55528974533, 2.9564166069, 1.17606699467, 0.589067518711, 0.124573886395, 0.0214296448976, 0.00133713008836, 2.88740920951e-05, 1.9115961436e-07, 1.51643697599e-09, 1.0319189947e-10, 8.56818782591e-11, 3.28636090563e-10]}, "erbbands_crest": {"dmean": 3.23490977287, "dmean2": 5.28686618805, "dvar": 8.69035720825, "dvar2": 21.5063838959, "max": 31.3943538666, "mean": 11.7666435242, "median": 10.8132553101, "min": 2.47862482071, "var": 31.970117569}, "erbbands_flatness_db": {"dmean": 0.0174380075186, "dmean2": 0.0259840171784, "dvar": 0.000278731691651, "dvar2": 0.000559533829801, "max": 0.383262068033, "mean": 0.23334762454, "median": 0.232728943229, "min": 0.0397662706673, "var": 0.00338034634478}, "erbbands_kurtosis": {"dmean": 1.52693283558, "dmean2": 2.43990707397, "dvar": 5.6861281395, "dvar2": 13.3415679932, "max": 53.5411224365, "mean": 1.99622833729, "median": 0.858607053757, "min": -1.69244945049, "var": 14.5147714615}, "erbbands_skewness": {"dmean": 0.408309698105, "dmean2": 0.633055865765, "dvar": 0.146722227335, "dvar2": 0.347712308168, "max": 5.60755681992, "mean": 0.544406354427, "median": 0.478047251701, "min": -3.13776350021, "var": 0.87078166008}, "erbbands_spread": {"dmean": 5.04252624512, "dmean2": 7.76961326599, "dvar": 28.6641120911, "dvar2": 63.6911201477, "max": 99.1890563965, "mean": 23.5550384521, "median": 21.0880527496, "min": 1.79680335522, "var": 204.657211304}, "gfcc": {"cov": [[32181.2519531, 3432.85986328, -5627.47460938, 892.098388672, -1589.4732666, -17.960899353, -574.58190918, -401.00479126, -276.732421875, -514.79486084, 255.554519653, -430.537872314, 145.998764038], [3432.85986328, 979.166931152, -117.486053467, 120.29044342, 0.467499166727, 55.4138679504, 49.3675460815, -37.5925636292, -4.01827049255, -23.3646621704, 17.4339332581, -37.0801811218, -15.0256080627], [-5627.47460938, -117.486053467, 2084.66894531, 356.092285156, 197.884307861, 124.807037354, 36.0646705627, 104.6042099, 151.81237793, 151.013183594, -59.7855758667, 124.246551514, -94.8959579468], [892.098388672, 120.29044342, 356.092285156, 600.914672852, -33.1616401672, -2.33979535103, -107.478149414, 33.8227462769, 107.600227356, 22.0614471436, -15.945895195, 7.78632879257, -29.5920333862], [-1589.4732666, 0.467499166727, 197.884307861, -33.1616401672, 461.459594727, 77.245803833, 158.802505493, 43.1845397949, 26.9842319489, 34.1601829529, 1.53655409813, -2.58169841766, 5.90061950684], [-17.960899353, 55.4138679504, 124.807037354, -2.33979535103, 77.245803833, 272.05078125, 106.974945068, 5.63762807846, -29.586938858, -5.28963136673, 30.1625118256, -3.10994839668, -10.1587877274], [-574.58190918, 49.3675460815, 36.0646705627, -107.478149414, 158.802505493, 106.974945068, 215.934936523, 44.1497001648, -24.6613998413, -10.7857732773, 14.3443155289, -7.23319959641, 4.37757635117], [-401.00479126, -37.5925636292, 104.6042099, 33.8227462769, 43.1845397949, 5.63762807846, 44.1497001648, 105.053390503, 42.0053405762, 7.3567276001, -9.82328987122, 12.6416559219, 11.7197132111], [-276.732421875, -4.01827049255, 151.81237793, 107.600227356, 26.9842319489, -29.586938858, -24.6613998413, 42.0053405762, 109.711677551, 39.6295852661, -1.37830126286, 16.3251399994, 9.02921295166], [-514.79486084, -23.3646621704, 151.013183594, 22.0614471436, 34.1601829529, -5.28963136673, -10.7857732773, 7.3567276001, 39.6295852661, 107.984550476, 43.0963935852, 20.9133930206, -5.82722616196], [255.554519653, 17.4339332581, -59.7855758667, -15.945895195, 1.53655409813, 30.1625118256, 14.3443155289, -9.82328987122, -1.37830126286, 43.0963935852, 94.4122619629, 23.0609474182, 11.1091604233], [-430.537872314, -37.0801811218, 124.246551514, 7.78632879257, -2.58169841766, -3.10994839668, -7.23319959641, 12.6416559219, 16.3251399994, 20.9133930206, 23.0609474182, 71.9338684082, 25.4222183228], [145.998764038, -15.0256080627, -94.8959579468, -29.5920333862, 5.90061950684, -10.1587877274, 4.37757635117, 11.7197132111, 9.02921295166, -5.82722616196, 11.1091604233, 25.4222183228, 67.2929153442]], "icov": [[0.00153433391824, -0.00440858351067, 0.0041471705772, -0.00346004054882, 0.00296127074398, -0.00237070093863, 0.00216262973845, -0.00119771109894, 0.000594674376771, 0.000671604590025, -0.00148958584759, 0.000936463999096, -0.000665660772938], [-0.00440858351067, 0.0138366632164, -0.0118320230395, 0.00953439343721, -0.0083917118609, 0.00675800070167, -0.00690710265189, 0.00418480299413, -0.00199319515377, -0.00174829107709, 0.00406397832558, -0.00232340674847, 0.00196115951985], [0.0041471705772, -0.0118320230395, 0.0122216539457, -0.00973240099847, 0.00782580301166, -0.00694261770695, 0.00553447380662, -0.00333548267372, 0.00113550189417, 0.00056123547256, -0.0023102008272, 9.38365774346e-05, 4.41827214672e-05], [-0.00346004054882, 0.00953439343721, -0.00973240099847, 0.0104805165902, -0.00675660697743, 0.00485661951825, -0.00305611663498, 0.00189644657075, -0.00340056256391, -0.000420547876274, 0.00268856761977, -0.00156600680202, 0.00228183763102], [0.00296127074398, -0.0083917118609, 0.00782580301166, -0.00675660697743, 0.0089977895841, -0.00462417164817, 0.00146122963633, -0.00174857547972, 0.000238181310124, 8.16677493276e-05, -0.00212931982242, 0.00255422759801, -0.00214975560084], [-0.00237070093863, 0.00675800070167, -0.00694261770695, 0.00485661951825, -0.00462417164817, 0.00899380072951, -0.00577390380204, 0.00231915013865, 0.000462513271486, 3.55825359293e-05, -0.000100663222838, -0.000383104197681, 0.00083500216715], [0.00216262973845, -0.00690710265189, 0.00553447380662, -0.00305611663498, 0.00146122963633, -0.00577390380204, 0.0135332895443, -0.00667390367016, 0.00278894533403, 0.00289700366557, -0.00436180783436, 0.00274349818937, -0.000931112619583], [-0.00119771109894, 0.00418480299413, -0.00333548267372, 0.00189644657075, -0.00174857547972, 0.00231915013865, -0.00667390367016, 0.0156519766897, -0.00596552388743, -0.000402888661483, 0.00333552644588, -0.00203463691287, -0.00114154582843], [0.000594674376771, -0.00199319515377, 0.00113550189417, -0.00340056256391, 0.000238181310124, 0.000462513271486, 0.00278894533403, -0.00596552388743, 0.017138177529, -0.00467308238149, 0.000291796372039, 0.00103844306432, -0.00386762339622], [0.000671604590025, -0.00174829107709, 0.00056123547256, -0.000420547876274, 8.16677493276e-05, 3.55825359293e-05, 0.00289700366557, -0.000402888661483, -0.00467308238149, 0.0173586625606, -0.0102125750855, 0.00113259092905, 0.00202723103575], [-0.00148958584759, 0.00406397832558, -0.0023102008272, 0.00268856761977, -0.00212931982242, -0.000100663222838, -0.00436180783436, 0.00333552644588, 0.000291796372039, -0.0102125750855, 0.0205148048699, -0.00815060734749, 0.000706997059751], [0.000936463999096, -0.00232340674847, 9.38365774346e-05, -0.00156600680202, 0.00255422759801, -0.000383104197681, 0.00274349818937, -0.00203463691287, 0.00103844306432, 0.00113259092905, -0.00815060734749, 0.0250983424485, -0.0113902529702], [-0.000665660772938, 0.00196115951985, 4.41827214672e-05, 0.00228183763102, -0.00214975560084, 0.00083500216715, -0.000931112619583, -0.00114154582843, -0.00386762339622, 0.00202723103575, 0.000706997059751, -0.0113902529702, 0.0232630502433]], "mean": [-88.7132034302, 131.480041504, -160.589385986, 23.2198524475, -64.4817657471, -0.438216149807, -27.8020782471, -11.694937706, -14.4643878937, -10.0317640305, 3.53984665871, -9.77531528473, 0.965777039528]}, "hfc": {"dmean": 4.13766717911, "dmean2": 6.02129220963, "dvar": 30.0507202148, "dvar2": 60.0598258972, "max": 113.102401733, "mean": 18.1822986603, "median": 12.3142871857, "min": 1.05000083496e-16, "var": 324.827087402}, "melbands": {"dmean": [0.000102332604001, 0.000305645080516, 0.000195922213607, 0.000380041456083, 0.000237516927882, 0.000230464662309, 0.000148640276166, 0.000125148362713, 0.00010785163613, 0.000115958187962, 8.35086684674e-05, 0.000204505078727, 0.000119049524073, 7.81258349889e-05, 5.23650887772e-05, 6.54035538901e-05, 5.15582396474e-05, 3.54305702785e-05, 3.8444501115e-05, 2.71569115284e-05, 1.49194256664e-05, 1.11427361844e-05, 7.54849634177e-06, 7.46027762943e-06, 5.74760906602e-06, 4.08081677961e-06, 2.50947664426e-06, 3.34665264745e-06, 2.05809965337e-06, 5.89890021274e-07, 3.63466824638e-07, 3.37337922929e-07, 2.15172050844e-07, 1.70894892904e-07, 1.66766071175e-07, 1.01521337115e-07, 5.79068739626e-08, 4.12599909794e-08, 1.17783782727e-08, 5.35104360821e-09], "dmean2": [0.000154509471031, 0.000459695700556, 0.000317415629979, 0.00066855334444, 0.000382791971788, 0.000362585589755, 0.000235330036958, 0.000195470827748, 0.00017372801085, 0.000184993768926, 0.000127557796077, 0.000323014042806, 0.000184953343705, 0.000118657575513, 7.94014704297e-05, 0.000101194083982, 8.27195835882e-05, 5.17806329299e-05, 5.76972342969e-05, 4.12988047174e-05, 2.32539696299e-05, 1.66345962498e-05, 1.18017824207e-05, 1.16000510388e-05, 8.88525573828e-06, 6.32776072962e-06, 3.93429399992e-06, 5.09143637828e-06, 3.13140162689e-06, 8.78958360317e-07, 5.44282954706e-07, 5.03989724621e-07, 3.25025013126e-07, 2.55377926806e-07, 2.62661842498e-07, 1.52385908336e-07, 8.66402487532e-08, 6.47992024483e-08, 1.83694179867e-08, 8.04828115264e-09], "dvar": [6.78582949831e-08, 9.8934901871e-07, 2.3481810274e-07, 1.55304758209e-06, 1.84473208265e-07, 2.34037543123e-07, 1.21966465372e-07, 8.5482348311e-08, 1.08158673129e-07, 1.49416877093e-07, 5.66690516735e-08, 1.96022540422e-07, 1.18931815507e-07, 5.62004522919e-08, 2.61601549312e-08, 2.40987443334e-08, 1.39130502674e-08, 1.18774998725e-08, 1.29459438725e-08, 6.86058365673e-09, 3.49728401794e-09, 1.6284994464e-09, 4.32224284141e-10, 3.95969979028e-10, 3.31023319866e-10, 8.46955006129e-11, 2.62668428674e-11, 7.00082422589e-11, 4.15077451577e-11, 1.80515509225e-12, 7.95699769095e-13, 5.98509468982e-13, 2.83315390462e-13, 1.75970620454e-13, 1.38759636377e-13, 5.77867154085e-14, 1.55844897398e-14, 9.86918405614e-15, 1.01340874694e-15, 2.66686099982e-16], "dvar2": [1.6224892363e-07, 2.06212553167e-06, 5.28041596226e-07, 4.32433807873e-06, 4.7824386229e-07, 5.42735676845e-07, 3.15861086619e-07, 1.90928872712e-07, 2.51830272191e-07, 3.60678455991e-07, 1.25865156519e-07, 5.07699439822e-07, 2.85071337203e-07, 1.10754648119e-07, 5.29056443099e-08, 5.14268094776e-08, 3.22381765727e-08, 2.41630520037e-08, 2.94862747552e-08, 1.40580809216e-08, 7.87532528079e-09, 2.88256463143e-09, 1.01135944064e-09, 8.83024486864e-10, 7.26743887292e-10, 1.89904786341e-10, 6.45743736261e-11, 1.52002646581e-10, 8.66592908544e-11, 3.93115444711e-12, 1.7087222479e-12, 1.30505675711e-12, 5.66950024254e-13, 3.61830221817e-13, 3.25385226575e-13, 1.25664737405e-13, 3.31825157087e-14, 2.43079262095e-14, 2.29927241763e-15, 5.39385392735e-16], "max": [0.00439580716193, 0.0180974174291, 0.0107150524855, 0.0160540156066, 0.0108156744391, 0.0126569550484, 0.00857204571366, 0.00654238741845, 0.00963206961751, 0.00900309439749, 0.0060733850114, 0.0129152303562, 0.0109842121601, 0.0079022301361, 0.00388292688876, 0.00327454460785, 0.00271728029475, 0.00280027301051, 0.00360648543574, 0.00193440995645, 0.00168957898859, 0.00176053517498, 0.000668330700137, 0.000633435091004, 0.000698988151271, 0.000237598316744, 0.00010783290054, 0.000228500837693, 0.000160911833518, 2.36601918004e-05, 1.7702799596e-05, 1.54658646352e-05, 1.43212128023e-05, 1.08784843178e-05, 7.60154989621e-06, 6.08325808571e-06, 2.2156691557e-06, 2.93157131637e-06, 7.10013409844e-07, 9.765554978e-07], "mean": [0.000224155228352, 0.000519940105733, 0.000280527427094, 0.000367553817341, 0.000432732776972, 0.00042654495337, 0.000267111667199, 0.000207807926927, 0.000157697606483, 0.000178872156539, 0.000150864798343, 0.000398078816943, 0.000225844458328, 0.000152139371494, 9.48757515289e-05, 0.00012347009033, 9.24751293496e-05, 6.79980657878e-05, 7.50854378566e-05, 5.2513765695e-05, 2.81322445517e-05, 2.13991734199e-05, 1.41754917422e-05, 1.46840347952e-05, 1.04471373561e-05, 9.4688803074e-06, 5.62413424632e-06, 7.06625041857e-06, 3.99344662583e-06, 1.12100167371e-06, 6.8416625254e-07, 6.10818915447e-07, 3.81385177661e-07, 2.9309254046e-07, 2.9166599802e-07, 1.82455039521e-07, 1.13270026247e-07, 7.1767431109e-08, 2.28350121034e-08, 1.17009344436e-08], "median": [4.71103558084e-05, 9.011439397e-05, 7.4718540418e-05, 8.26378745842e-05, 0.000187079655007, 0.000165176839801, 0.000109892425826, 6.98823714629e-05, 5.42904235772e-05, 3.41247723554e-05, 3.8493421016e-05, 6.78685610183e-05, 4.45781661256e-05, 3.82133221137e-05, 1.68275691976e-05, 2.93430402962e-05, 2.35649349634e-05, 8.62516571942e-06, 1.27220300783e-05, 6.30483418718e-06, 3.61888487532e-06, 4.23796063842e-06, 3.29076988237e-06, 3.44494674209e-06, 3.02904618366e-06, 2.24885661737e-06, 1.77769106813e-06, 1.68545170709e-06, 1.20700519801e-06, 4.65376331249e-07, 2.89952225785e-07, 2.68698499895e-07, 1.52402321874e-07, 1.1547000156e-07, 1.32545750375e-07, 7.88566438814e-08, 5.26114263266e-08, 3.00899039019e-08, 9.72083391559e-09, 5.26778709542e-09], "min": [8.20074997253e-25, 9.48606027389e-25, 1.51525694435e-24, 1.3273888323e-24, 1.70754109974e-24, 1.32362724768e-24, 1.79928660909e-24, 2.93155404914e-24, 2.41009016952e-24, 2.33589129328e-24, 1.70386717729e-24, 2.13142466032e-24, 2.69066018616e-24, 2.38106738517e-24, 1.55898291268e-24, 2.04712856171e-24, 3.52821392519e-24, 3.8580630965e-24, 3.53221305555e-24, 3.39623236815e-24, 2.98463511895e-24, 3.86953076748e-24, 2.8759156895e-24, 4.79005452994e-24, 3.17342590243e-24, 3.98335353534e-24, 3.93536791534e-24, 4.20833705994e-24, 5.24405541937e-24, 5.09941106708e-24, 5.80816038637e-24, 4.34214088567e-24, 5.50666682029e-24, 4.84265380294e-24, 5.49570678131e-24, 5.18288438377e-24, 5.52753061351e-24, 4.25745232876e-24, 6.52552130572e-24, 6.34910360832e-24], "var": [1.54661478291e-07, 1.9481021809e-06, 3.48911669334e-07, 1.13385351597e-06, 5.3732668448e-07, 5.25795314843e-07, 2.26195155051e-07, 1.93203291587e-07, 1.47653580029e-07, 3.05724171312e-07, 1.44553723658e-07, 6.14458826931e-07, 4.07801138635e-07, 1.55247093403e-07, 6.75076989864e-08, 7.15883672342e-08, 4.41226859493e-08, 4.31913242949e-08, 4.4137419053e-08, 2.23510223663e-08, 1.25876589152e-08, 5.53166179529e-09, 1.41712463986e-09, 1.20474297205e-09, 5.8274612913e-10, 4.27412799597e-10, 9.09508440783e-11, 2.26485649679e-10, 1.24114024613e-10, 3.80036193487e-12, 1.50272177514e-12, 1.10026495293e-12, 5.28912146285e-13, 3.1906958629e-13, 2.28608419087e-13, 1.07158490523e-13, 3.52670705681e-14, 1.68701315938e-14, 2.01636150742e-15, 6.83526736374e-16]}, "melbands_crest": {"dmean": 3.55810618401, "dmean2": 5.88030481339, "dvar": 11.7366485596, "dvar2": 30.2745189667, "max": 31.3491611481, "mean": 13.0964975357, "median": 12.1063671112, "min": 1.61938369274, "var": 29.9711818695}, "melbands_flatness_db": {"dmean": 0.0225920043886, "dmean2": 0.034177403897, "dvar": 0.000532322272193, "dvar2": 0.00116101442836, "max": 0.506738126278, "mean": 0.215203747153, "median": 0.212417066097, "min": 0.00370617141016, "var": 0.00397981377319}, "melbands_kurtosis": {"dmean": 4.04723596573, "dmean2": 6.53822517395, "dvar": 50.0167922974, "dvar2": 120.370986938, "max": 126.426040649, "mean": 7.92353248596, "median": 3.09660196304, "min": -1.81752979755, "var": 152.359344482}, "melbands_skewness": {"dmean": 0.555831968784, "dmean2": 0.864236235619, "dvar": 0.340188205242, "dvar2": 0.805708348751, "max": 9.12054920197, "mean": 1.45775008202, "median": 1.21762490273, "min": -1.94913387299, "var": 2.57125043869}, "melbands_spread": {"dmean": 4.82790708542, "dmean2": 7.53817462921, "dvar": 31.3314971924, "dvar2": 73.3956756592, "max": 160.438522339, "mean": 21.3157253265, "median": 16.8114395142, "min": 1.11517238617, "var": 427.392883301}, "mfcc": {"cov": [[10226.0273438, 1430.57141113, -1691.00671387, 188.655059814, -376.511810303, -31.1356811523, -74.7154693604, 82.9760131836, -243.55039978, 98.832611084, -282.854278564, -44.8689231873, -47.3799514771], [1430.57141113, 1324.37353516, -61.3027038574, 47.6964378357, -2.30333089828, 119.759597778, 143.450942993, 48.9411354065, -7.59085130692, 51.6180686951, 11.5489139557, 2.87195253372, -9.24249267578], [-1691.00671387, -61.3027038574, 1323.37109375, 320.848205566, 205.272567749, 134.023605347, -100.870529175, 22.0893764496, 61.772190094, -56.67445755, 161.049072266, 103.188842773, -16.690328598], [188.655059814, 47.6964378357, 320.848205566, 478.265350342, 172.726303101, 14.0220813751, -112.73664093, 1.14277052879, 57.4375038147, 5.35921287537, 34.5375671387, 62.1405296326, 31.2364044189], [-376.511810303, -2.30333089828, 205.272567749, 172.726303101, 245.266372681, 88.7846832275, 1.15069580078, 22.4203834534, 55.0310821533, 21.3269939423, 38.4531364441, 34.4908828735, 33.2488822937], [-31.1356811523, 119.759597778, 134.023605347, 14.0220813751, 88.7846832275, 191.088989258, 104.542449951, 39.9002456665, 10.358168602, 20.9206218719, 46.0979156494, 6.92769670486, -2.27594542503], [-74.7154693604, 143.450942993, -100.870529175, -112.73664093, 1.15069580078, 104.542449951, 239.697189331, 79.2823944092, 6.79978704453, 42.9702453613, 15.993273735, -15.7193832397, -0.86114782095], [82.9760131836, 48.9411354065, 22.0893764496, 1.14277052879, 22.4203834534, 39.9002456665, 79.2823944092, 119.212684631, 55.5441932678, 6.41190290451, 0.57698392868, -1.59712421894, -7.63061380386], [-243.55039978, -7.59085130692, 61.772190094, 57.4375038147, 55.0310821533, 10.358168602, 6.79978704453, 55.5441932678, 108.087646484, 22.3334579468, 2.04024839401, 3.24176287651, 7.48315048218], [98.832611084, 51.6180686951, -56.67445755, 5.35921287537, 21.3269939423, 20.9206218719, 42.9702453613, 6.41190290451, 22.3334579468, 83.8120574951, 13.5085296631, -8.09591388702, 11.2357501984], [-282.854278564, 11.5489139557, 161.049072266, 34.5375671387, 38.4531364441, 46.0979156494, 15.993273735, 0.57698392868, 2.04024839401, 13.5085296631, 91.4471588135, 39.0596160889, -4.65001869202], [-44.8689231873, 2.87195253372, 103.188842773, 62.1405296326, 34.4908828735, 6.92769670486, -15.7193832397, -1.59712421894, 3.24176287651, -8.09591388702, 39.0596160889, 79.0464630127, 28.3204898834], [-47.3799514771, -9.24249267578, -16.690328598, 31.2364044189, 33.2488822937, -2.27594542503, -0.86114782095, -7.63061380386, 7.48315048218, 11.2357501984, -4.65001869202, 28.3204898834, 69.9962692261]], "icov": [[0.00029514808557, -0.000242200956563, 0.000442658318207, -0.000450004037702, 0.000477898720419, -0.000672669906635, 0.0008617650019, -0.00106748228427, 0.00107290875167, -0.000711787026376, 0.00072197499685, -0.000679533462971, 0.000441978219897], [-0.000242200956563, 0.00107972626574, -0.000303015724057, 1.84249201993e-05, -4.08399137086e-05, 1.88435915334e-05, -0.00109756179154, 0.000815083039925, -0.000670109060593, 0.000175280481926, -0.000275773345493, 0.00022659287788, -7.29800449335e-05], [0.000442658318207, -0.000303015724057, 0.0020411151927, -0.0011695229914, 0.000496870779898, -0.00181242101826, 0.00192120531574, -0.00177060905844, 0.0010789714288, 0.000187650715816, -0.000857223058119, -0.00118294276763, 0.00108008959796], [-0.000450004037702, 1.84249201993e-05, -0.0011695229914, 0.00455873413011, -0.00285399705172, 0.0014070214238, 0.000622287276201, 0.000972456880845, -0.00192686263472, 7.09732048563e-05, -0.000496923166793, -0.000443926750449, -0.000759113812819], [0.000477898720419, -4.08399137086e-05, 0.000496870779898, -0.00285399705172, 0.0088199339807, -0.00470667565241, 0.00167948869057, -0.00132509332616, -0.000670561916195, -0.00160809932277, 0.000648920773529, -0.00101165717933, -0.00197394704446], [-0.000672669906635, 1.88435915334e-05, -0.00181242101826, 0.0014070214238, -0.00470667565241, 0.0120837176219, -0.00610544299707, 0.00211176648736, -0.00107196706813, 0.00192913273349, -0.00410526432097, 0.00313779478893, -0.000466512341518], [0.0008617650019, -0.00109756179154, 0.00192120531574, 0.000622287276201, 0.00167948869057, -0.00610544299707, 0.0126802735031, -0.00949745625257, 0.00541160674766, -0.00535342749208, 0.000573485856876, -0.00123233406339, -0.000439365830971], [-0.00106748228427, 0.000815083039925, -0.00177060905844, 0.000972456880845, -0.00132509332616, 0.00211176648736, -0.00949745625257, 0.0207089018077, -0.0127632478252, 0.00592025928199, -0.000414110429119, 0.000631625647657, 0.00149882654659], [0.00107290875167, -0.000670109060593, 0.0010789714288, -0.00192686263472, -0.000670561916195, -0.00107196706813, 0.00541160674766, -0.0127632478252, 0.0201926976442, -0.00758116645738, 0.00361750973389, -0.00169825938065, 0.000699382042512], [-0.000711787026376, 0.000175280481926, 0.000187650715816, 7.09732048563e-05, -0.00160809932277, 0.00192913273349, -0.00535342749208, 0.00592025928199, -0.00758116645738, 0.0195375476032, -0.00777895655483, 0.0066739525646, -0.00458218809217], [0.00072197499685, -0.000275773345493, -0.000857223058119, -0.000496923166793, 0.000648920773529, -0.00410526432097, 0.000573485856876, -0.000414110429119, 0.00361750973389, -0.00777895655483, 0.0237928554416, -0.0134047167376, 0.0078559210524], [-0.000679533462971, 0.00022659287788, -0.00118294276763, -0.000443926750449, -0.00101165717933, 0.00313779478893, -0.00123233406339, 0.000631625647657, -0.00169825938065, 0.0066739525646, -0.0134047167376, 0.0257942192256, -0.0120943337679], [0.000441978219897, -7.29800449335e-05, 0.00108008959796, -0.000759113812819, -0.00197394704446, -0.000466512341518, -0.000439365830971, 0.00149882654659, 0.000699382042512, -0.00458218809217, 0.0078559210524, -0.0120943337679, 0.0223287921399]], "mean": [-695.955688477, 145.858001709, -32.0800437927, 16.9374828339, -14.9275512695, 3.09347009659, -5.01015663147, -1.71349453926, -14.1804704666, 2.73621678352, -8.73260974884, 0.452111423016, -1.81610119343]}, "pitch_salience": {"dmean": 0.0728781297803, "dmean2": 0.119344905019, "dvar": 0.004651483614, "dvar2": 0.0121120531112, "max": 0.892512977123, "mean": 0.574929177761, "median": 0.577012300491, "min": 0.117684789002, "var": 0.0127203883603}, "silence_rate_20dB": {"dmean": 0, "dmean2": 0, "dvar": 0, "dvar2": 0, "max": 1, "mean": 1, "median": 1, "min": 1, "var": 0}, "silence_rate_30dB": {"dmean": 0, "dmean2": 0, "dvar": 0, "dvar2": 0, "max": 1, "mean": 1, "median": 1, "min": 1, "var": 0}, "silence_rate_60dB": {"dmean": 0.0263112336397, "dmean2": 0.0526315793395, "dvar": 0.0256182067096, "dvar2": 0.0609472766519, "max": 1, "mean": 0.10522672534, "median": 0, "min": 0, "var": 0.0941579118371}, "spectral_centroid": {"dmean": 175.980926514, "dmean2": 271.350769043, "dvar": 80563.7109375, "dvar2": 185501.5, "max": 11727.4462891, "mean": 1370.05175781, "median": 1090.2635498, "min": 206.542602539, "var": 2334404.25}, "spectral_complexity": {"dmean": 2.78241300583, "dmean2": 4.32617712021, "dvar": 12.6878728867, "dvar2": 26.6601829529, "max": 50, "mean": 14.871928215, "median": 14, "min": 0, "var": 64.6903152466}, "spectral_contrast_coeffs": {"dmean": [0.0507115982473, 0.045113850385, 0.0387337766588, 0.0304475892335, 0.0194286946207, 0.0144268386066], "dmean2": [0.0826197788119, 0.0744535475969, 0.0625370442867, 0.049576561898, 0.0315795764327, 0.0229306146502], "dvar": [0.00215902924538, 0.00141135731246, 0.0011460443493, 0.000671762623824, 0.000313082302455, 0.000188291451195], "dvar2": [0.00553582981229, 0.00364407617599, 0.00284301838838, 0.00164346082602, 0.00073957053246, 0.00044236073154], "max": [-0.279509872198, -0.42264008522, -0.483976215124, -0.526427507401, -0.616969883442, -0.616333663464], "mean": [-0.641248941422, -0.730749845505, -0.731463909149, -0.75247335434, -0.802059233189, -0.742880523205], "median": [-0.642005503178, -0.736754059792, -0.737209916115, -0.755114555359, -0.813095211983, -0.738665699959], "min": [-0.980116009712, -0.976610779762, -0.978803575039, -0.971035242081, -0.971355557442, -0.965136647224], "var": [0.00902385078371, 0.00718462793157, 0.00948195438832, 0.00613946467638, 0.00319631258026, 0.00261497497559]}, "spectral_contrast_valleys": {"dmean": [0.405545294285, 0.349823743105, 0.324922293425, 0.286071360111, 0.228332147002, 0.223333865404], "dmean2": [0.648713350296, 0.574265360832, 0.526682198048, 0.453926354647, 0.336690753698, 0.312314867973], "dvar": [0.156304359436, 0.131010785699, 0.125503331423, 0.110852964222, 0.0960665121675, 0.0952994674444], "dvar2": [0.30575594306, 0.263398200274, 0.245116680861, 0.207927122712, 0.166811645031, 0.170108184218], "max": [-5.82668972015, -4.60553979874, -5.36981058121, -5.82489061356, -5.87518548965, -9.49592971802], "mean": [-8.56007862091, -7.17470979691, -7.85442638397, -8.3218536377, -8.2756690979, -11.801949501], "median": [-8.04747581482, -6.68844604492, -7.30175733566, -7.7735710144, -7.72098827362, -11.4266548157], "min": [-28.29504776, -27.9054756165, -27.9496631622, -27.7952919006, -27.6421337128, -27.3963356018], "var": [9.02227497101, 9.71251964569, 9.30679416656, 8.99895954132, 9.02929019928, 5.92650985718]}, "spectral_decrease": {"dmean": 1.38737532573e-09, "dmean2": 2.13462469922e-09, "dvar": 3.30383091766e-18, "dvar2": 7.62806273998e-18, "max": 1.82934889102e-28, "mean": -4.7769628253e-09, "median": -4.14997280984e-09, "min": -2.16274713694e-08, "var": 1.29642098346e-17}, "spectral_energy": {"dmean": 0.00554930698127, "dmean2": 0.00851361826062, "dvar": 5.14403036505e-05, "dvar2": 0.000117824078188, "max": 0.0888465344906, "mean": 0.0196784883738, "median": 0.0169456452131, "min": 1.00546194525e-20, "var": 0.000222123955609}, "spectral_energyband_high": {"dmean": 9.82947021839e-05, "dmean2": 0.000141154843732, "dvar": 4.04983282465e-08, "dvar2": 8.11858384964e-08, "max": 0.00464136572555, "mean": 0.000228113145567, "median": 9.05789202079e-05, "min": 7.08360398866e-21, "var": 1.4482061772e-07}, "spectral_energyband_low": {"dmean": 0.00120624806732, "dmean2": 0.00180747860577, "dvar": 1.1743189134e-05, "dvar2": 2.5035444196e-05, "max": 0.0582241043448, "mean": 0.00230069714598, "median": 0.000500708818436, "min": 1.6854574909e-23, "var": 2.39531309489e-05}, "spectral_energyband_middle_high": {"dmean": 0.00256982515566, "dmean2": 0.00387003971264, "dvar": 1.50066789502e-05, "dvar2": 3.3468935726e-05, "max": 0.0863800495863, "mean": 0.00939832627773, "median": 0.0046813916415, "min": 1.11526473915e-21, "var": 0.000132286921144}, "spectral_energyband_middle_low": {"dmean": 0.00372825353406, "dmean2": 0.0059379520826, "dvar": 3.8840866182e-05, "dvar2": 9.60876786849e-05, "max": 0.0729043111205, "mean": 0.00809266697615, "median": 0.00513565214351, "min": 1.91337758177e-22, "var": 7.80249902164e-05}, "spectral_entropy": {"dmean": 0.151421368122, "dmean2": 0.231669336557, "dvar": 0.0245918612927, "dvar2": 0.0531064383686, "max": 9.82474803925, "mean": 7.27118635178, "median": 7.22105026245, "min": 5.38388252258, "var": 0.262421101332}, "spectral_flux": {"dmean": 0.0226137954742, "dmean2": 0.0363422110677, "dvar": 0.000619673577603, "dvar2": 0.00146037095692, "max": 0.286511838436, "mean": 0.0718064382672, "median": 0.064819663763, "min": 6.20535428597e-11, "var": 0.00192722678185}, "spectral_kurtosis": {"dmean": 3.14372563362, "dmean2": 5.50426101685, "dvar": 12.5280237198, "dvar2": 37.7220115662, "max": 90.8435440063, "mean": 6.24772691727, "median": 4.98871231079, "min": -1.26227402687, "var": 24.9288311005}, "spectral_rms": {"dmean": 0.00060378969647, "dmean2": 0.000905597407836, "dvar": 4.94384778449e-07, "dvar2": 1.06803236122e-06, "max": 0.00931018497795, "mean": 0.00399783067405, "median": 0.00406599789858, "min": 3.13199379626e-12, "var": 3.21585844176e-06}, "spectral_rolloff": {"dmean": 238.711761475, "dmean2": 396.497344971, "dvar": 183538.015625, "dvar2": 388151.71875, "max": 19681.3476563, "mean": 1627.11804199, "median": 1184.32617188, "min": 107.666015625, "var": 7442645.5}, "spectral_skewness": {"dmean": 0.317249000072, "dmean2": 0.531795203686, "dvar": 0.0952083915472, "dvar2": 0.270596772432, "max": 7.86071205139, "mean": 1.59139633179, "median": 1.52689886093, "min": -0.0813899859786, "var": 0.383530855179}, "spectral_spread": {"dmean": 303715.46875, "dmean2": 480837.6875, "dvar": 546599206912, "dvar2": 1148246687740.0, "max": 50854624, "mean": 3806812.25, "median": 2888789.5, "min": 1317716.5