{"lowlevel": {"average_loudness": 0.844253599644, "barkbands": {"dmean": [5.88508992223e-05, 0.00332111562602, 0.00253386981785, 0.00323877553456, 0.00181469717063, 0.0010745920008, 0.000628925685305, 0.000482054398162, 0.000999839394353, 0.000621759798378, 0.000406132137869, 0.000708628445864, 0.00103183591273, 0.000657630793285, 0.000262915593339, 6.25194661552e-05, 8.24318995001e-05, 9.4525894383e-05, 3.77643264073e-05, 6.90103552188e-05, 3.44570580637e-05, 2.49109125434e-05, 6.67364838591e-06, 3.51609355675e-06, 1.36378889692e-06, 7.2733092793e-07, 4.97643313224e-08], "dmean2": [8.66004265845e-05, 0.00587824638933, 0.00449081603438, 0.00548115791753, 0.00299721001647, 0.00159335928038, 0.000971571716946, 0.000754029431846, 0.00157014129218, 0.000981855206192, 0.00064856064273, 0.00115125579759, 0.00171887769829, 0.00106129492633, 0.000412103981944, 9.92485875031e-05, 0.00013458711328, 0.000148762599565, 5.98414699198e-05, 0.000104513448605, 5.21790170751e-05, 3.48686698999e-05, 9.62102785707e-06, 5.16180762133e-06, 1.96211203729e-06, 1.00578756701e-06, 7.77712187983e-08], "dvar": [1.56541979379e-08, 7.6361829997e-05, 2.22383932851e-05, 5.48116877326e-05, 1.17073832371e-05, 4.10951724916e-06, 3.77180026589e-06, 1.87274383734e-06, 5.67915913052e-06, 2.57838109974e-06, 1.11317797291e-06, 4.92068375024e-06, 7.05043203197e-06, 4.03667218052e-06, 5.16552915997e-07, 3.07273992917e-08, 4.90729021863e-08, 3.09527372622e-08, 4.95953722535e-09, 2.95703603825e-08, 7.70097319247e-09, 8.65933902361e-09, 8.86682560708e-10, 8.37344221738e-11, 1.04254027286e-11, 4.69568351216e-12, 2.15813813624e-14], "dvar2": [3.03526590528e-08, 0.000214353145566, 6.26679757261e-05, 0.000145637532114, 3.07620757667e-05, 8.88265185495e-06, 9.19050853554e-06, 4.42098917119e-06, 1.3785437659e-05, 6.38365281702e-06, 2.77633853329e-06, 1.27300199892e-05, 1.90719729289e-05, 1.07221512735e-05, 1.1228872836e-06, 7.38993435334e-08, 1.35209162977e-07, 7.16061592243e-08, 1.27148540585e-08, 6.19923028466e-08, 1.69148517415e-08, 1.75282384163e-08, 1.21037746492e-09, 1.6971404837e-10, 2.20046012661e-11, 1.00506547529e-11, 5.14876769692e-14], "max": [0.00231208233163, 0.125797703862, 0.0768236070871, 0.110915638506, 0.0515616610646, 0.0551750808954, 0.0665709674358, 0.0378238297999, 0.069372586906, 0.04228714481, 0.0227019283921, 0.0739143714309, 0.0505144707859, 0.0521054677665, 0.0428715310991, 0.00581993022934, 0.00867988914251, 0.00485702883452, 0.00146976287942, 0.00596049102023, 0.00313529116102, 0.00462571019307, 0.0023376531899, 0.000345831707818, 5.72082753934e-05, 7.51287661842e-05, 2.70813166026e-06], "mean": [8.3685888967e-05, 0.00466864928603, 0.00389038049616, 0.00431410782039, 0.00323026394472, 0.00237085227855, 0.00123061949853, 0.00084954185877, 0.00185353052802, 0.00104755058419, 0.000651740352623, 0.00126936240122, 0.00176313088741, 0.00110466824844, 0.00049567152746, 0.00011697748414, 0.000161784832017, 0.000199272137252, 8.00152993179e-05, 0.000186769670108, 7.72440253058e-05, 6.14214659436e-05, 1.39045396281e-05, 7.05023512637e-06, 2.21131563194e-06, 9.3072293339e-07, 4.62675764368e-08], "median": [1.87384412129e-05, 0.00272681890056, 0.00204756390303, 0.002028263174, 0.00194314459804, 0.00101444660686, 0.000414484355133, 0.000172257787199, 0.000402025296353, 0.000206392563996, 0.000170903629623, 0.000214540414163, 0.000258969375864, 0.000166629208252, 0.00014073420607, 4.69254628115e-05, 5.24159368069e-05, 9.66495863395e-05, 3.99281925638e-05, 3.92769652535e-05, 1.97478111659e-05, 1.48844210344e-05, 5.25275208929e-06, 2.19117964662e-06, 6.94014318015e-07, 1.77456797701e-07, 2.10336681405e-09], "min": [4.44951471564e-25, 3.43461163448e-24, 3.09535115535e-24, 1.5429275225e-24, 6.57027575146e-24, 1.11993809631e-23, 8.52651037916e-24, 6.26958327363e-24, 1.63418279424e-23, 2.24333329664e-23, 2.53720654526e-23, 2.01880896798e-23, 3.26479425739e-23, 2.55937259006e-23, 4.84063226799e-23, 5.63393351347e-23, 7.32263353824e-23, 1.19259398428e-22, 1.60722281016e-22, 1.53478278608e-22, 2.78046887633e-22, 3.73074485915e-22, 3.74340096486e-22, 6.33673613104e-22, 9.02218172574e-22, 1.44449867785e-21, 1.97590406027e-21], "var": [3.05064915551e-08, 5.96266690991e-05, 2.89850195259e-05, 5.32930353074e-05, 1.69695395016e-05, 1.69917184394e-05, 9.91570595943e-06, 4.81867846247e-06, 1.78392037924e-05, 5.34778200745e-06, 2.2603051093e-06, 1.20277027236e-05, 1.53998953465e-05, 8.34495403979e-06, 1.33404398639e-06, 7.9495308114e-08, 1.32893006821e-07, 8.84725963601e-08, 1.18579919217e-08, 2.05889548965e-07, 3.1212763929e-08, 2.8701846233e-08, 2.67028865686e-09, 2.28198279717e-10, 1.87732919488e-11, 6.72484507316e-12, 2.26200910894e-14]}, "barkbands_crest": {"dmean": 2.41807508469, "dmean2": 4.06784057617, "dvar": 5.0207233429, "dvar2": 13.7787370682, "max": 24.0638523102, "mean": 9.43132400513, "median": 8.8234872818, "min": 2.87168216705, "var": 11.9795351028}, "barkbands_flatness_db": {"dmean": 0.0209102891386, "dmean2": 0.0334969945252, "dvar": 0.000402286386816, "dvar2": 0.00105266075116, "max": 0.396587103605, "mean": 0.192465767264, "median": 0.185596778989, "min": 0.0152694629505, "var": 0.00233975495212}, "barkbands_kurtosis": {"dmean": 3.00068545341, "dmean2": 5.01057529449, "dvar": 35.8768234253, "dvar2": 95.6436462402, "max": 161.380401611, "mean": 4.56135797501, "median": 1.8433727026, "min": -1.76171326637, "var": 58.1101303101}, "barkbands_skewness": {"dmean": 0.525222182274, "dmean2": 0.84944832325, "dvar": 0.336828768253, "dvar2": 0.852182626724, "max": 10.3587465286, "mean": 1.44880115986, "median": 1.36682736874, "min": -2.15457606316, "var": 1.59960079193}, "barkbands_spread": {"dmean": 3.13977885246, "dmean2": 4.99185562134, "dvar": 11.6573886871, "dvar2": 27.3645496368, "max": 98.6125030518, "mean": 14.2085933685, "median": 13.3513698578, "min": 0.862200438976, "var": 61.0891342163}, "dissonance": {"dmean": 0.0227191485465, "dmean2": 0.0384647734463, "dvar": 0.000477657915326, "dvar2": 0.00135298713576, "max": 0.5, "mean": 0.452847152948, "median": 0.459363281727, "min": 0.192102223635, "var": 0.000981237739325}, "dynamic_complexity": 4.20972728729, "erbbands": {"dmean": [0.0606466718018, 0.881704032421, 2.78881335258, 6.32437467575, 10.2019271851, 4.83265542984, 5.67189121246, 9.69684791565, 8.78740596771, 8.43865585327, 12.0662202835, 21.9105319977, 19.3973140717, 16.1909618378, 18.2088088989, 28.60521698, 43.6758956909, 28.7224941254, 22.4180259705, 7.58433675766, 3.50483846664, 4.36057329178, 4.6784529686, 2.95949435234, 1.90209674835, 3.38544511795, 2.0679628849, 0.719795942307, 0.993479251862, 0.456402599812, 0.187199220061, 0.0862638428807, 0.0594667755067, 0.020897872746, 0.00736568076536, 0.00266424473375, 0.00113894639071, 0.000403374870075, 1.15538905447e-05, 1.18266516438e-05], "dmean2": [0.103698775172, 1.57771158218, 4.96405744553, 10.7494668961, 17.037229538, 7.84932899475, 8.84602642059, 14.257891655, 13.3539638519, 13.2282009125, 18.656999588, 34.1283149719, 30.0028209686, 26.1623783112, 29.6333179474, 46.1742172241, 72.5621948242, 46.0835380554, 35.4702072144, 11.9575529099, 5.59238386154, 7.08901643753, 7.37583637238, 4.59212303162, 2.88867664337, 5.14844226837, 3.09927392006, 1.01120769978, 1.40630400181, 0.652417361736, 0.269051045179, 0.121137261391, 0.0902462974191, 0.0310037098825, 0.0102393440902, 0.00363015453331, 0.00159865058959, 0.000607009686064, 1.72852360265e-05, 1.94445074158e-05], "dvar": [0.0253441073, 5.31808519363, 32.0292892456, 162.007675171, 588.037841797, 71.4081802368, 106.959922791, 394.294555664, 683.358154297, 605.18927002, 984.18170166, 3083.29492188, 2636.8671875, 1513.56164551, 1998.72363281, 8022.93896484, 13195.1650391, 6000.33154297, 4066.54858398, 225.857772827, 108.649505615, 146.229858398, 75.0501327515, 27.973115921, 15.018453598, 75.146156311, 23.9742012024, 4.36998558044, 15.1367092133, 2.63371443748, 1.13669335842, 0.0905812457204, 0.0198124852031, 0.0024204889778, 0.00030335271731, 4.1773859266e-05, 1.04876726255e-05, 2.86168119601e-06, 9.05151287256e-10, 3.34988980999e-10], "dvar2": [0.0676281750202, 15.1373100281, 90.4193115234, 439.376525879, 1516.44958496, 187.024887085, 261.375, 846.969238281, 1554.59301758, 1571.30322266, 2220.49414063, 7367.74414063, 6399.45361328, 3945.04663086, 5235.58984375, 20554.6269531, 35444.7890625, 15723.4970703, 9658.453125, 512.129821777, 270.533935547, 405.43838501, 181.773727417, 62.1056137085, 34.4951705933, 157.753005981, 49.9687576294, 8.88236713409, 32.0222549438, 5.00478315353, 1.54488861561, 0.130405262113, 0.0437662191689, 0.00535939866677, 0.000601745501626, 8.16235988168e-05, 2.22941234824e-05, 6.93444690114e-06, 2.12069584116e-09, 8.63359383985e-10], "max": [2.04921531677, 32.9808120728, 94.6387405396, 169.212997437, 411.238586426, 296.912109375, 234.388671875, 553.062133789, 950.154174805, 607.105041504, 970.099365234, 1676.06860352, 1371.40783691, 722.729064941, 964.45300293, 3398.74658203, 2361.54101563, 1872.35534668, 3218.25927734, 323.390838623, 374.396728516, 466.210540771, 217.276519775, 185.230026245, 99.4017333984, 294.795562744, 182.630996704, 104.428535461, 181.498214722, 80.7604370117, 86.3820114136, 23.2882499695, 3.47689270973, 0.865107834339, 0.332109183073, 0.141031339765, 0.100240454078, 0.0721917301416, 0.00117460079491, 0.000248164520599], "mean": [0.0854472741485, 1.23159956932, 4.30418920517, 9.73731517792, 14.2825307846, 9.7035112381, 11.6259260178, 21.7110919952, 18.3972148895, 16.6574420929, 22.5234470367, 40.6192703247, 37.220375061, 30.8428668976, 33.6043701172, 54.3318977356, 79.2125854492, 54.861366272, 43.7029266357, 14.8419723511, 7.38846158981, 9.10503196716, 10.4914045334, 6.94009685516, 4.88162994385, 9.31768798828, 5.41909456253, 1.89093899727, 2.38913917542, 1.06083452702, 0.390476822853, 0.178535416722, 0.112095087767, 0.0348330549896, 0.0118595501408, 0.00401567807421, 0.00140591489617, 0.000424921221565, 2.34169638134e-05, 3.4397446143e-05], "median": [0.0492337197065, 0.711812496185, 2.37573838234, 5.73286962509, 6.9469165802, 5.72422122955, 6.17014741898, 8.77998542786, 6.77013301849, 5.69925928116, 6.43081235886, 8.9497718811, 7.7757191658, 9.16694736481, 10.3238840103, 10.2356996536, 12.0848150253, 10.6413793564, 8.09130001068, 6.1954126358, 2.96190404892, 3.15396928787, 5.26701116562, 3.76595473289, 2.05300140381, 1.96542036533, 1.23857581615, 0.523905992508, 0.545007407665, 0.335732638836, 0.142581745982, 0.0609755776823, 0.0324903167784, 0.0112814661115, 0.00357135850936, 0.00107923301402, 0.000215045991354, 3.10896066367e-05, 1.58628245117e-05, 2.91000742436e-05], "min": [5.07370185352e-23, 7.921425161e-22, 4.29809750969e-21, 6.51941793938e-21, 1.3620423821e-20, 2.39321575034e-20, 4.8456586019e-20, 1.192060579e-19, 9.88419181196e-20, 1.58924220686e-19, 5.30338784727e-19, 3.10832657309e-19, 7.81898781268e-19, 8.10609031258e-19, 1.17045798182e-18, 1.17108767306e-18, 1.83970406944e-18, 1.67504983941e-18, 1.57251366805e-18, 4.16850762738e-18, 4.08834472704e-18, 4.64850854273e-18, 6.85821856517e-18, 6.94088161892e-18, 8.98155852396e-18, 8.03951643873e-18, 1.06843346303e-17, 1.15839332511e-17, 1.06538025667e-17, 1.18611586975e-17, 1.16738709448e-17, 1.21966168319e-17, 1.16082813125e-17, 9.22953982698e-18, 6.78356055181e-18, 4.51818458286e-18, 2.45902246587e-18, 1.00468426623e-18, 2.60011766148e-19, 2.86968923152e-20], "var": [0.0222719777375, 4.06174325943, 36.3066940308, 173.699035645, 589.509521484, 174.179016113, 297.453948975, 1673.75402832, 2126.77319336, 1395.14294434, 2579.13696289, 9487.37988281, 6599.09863281, 3643.52563477, 4469.50439453, 20061.6835938, 30647.5078125, 14922.9433594, 10582.7070313, 596.932312012, 319.19418335, 385.209533691, 221.363555908, 92.6070556641, 66.3129425049, 512.311035156, 157.744476318, 20.9830379486, 46.5972633362, 7.87344121933, 3.26487421989, 0.286174833775, 0.0492366924882, 0.0043464214541, 0.000577209168114, 7.68040699768e-05, 1.5312438336e-05, 3.00234728456e-06, 1.19437526536e-09, 7.54187434726e-10]}, "erbbands_crest": {"dmean": 2.75870752335, "dmean2": 4.51724004745, "dvar": 6.81826353073, "dvar2": 17.5640506744, "max": 29.7369041443, "mean": 10.3025074005, "median": 9.25109863281, "min": 2.64207243919, "var": 20.8704032898}, "erbbands_flatness_db": {"dmean": 0.017882021144, "dmean2": 0.0257738810033, "dvar": 0.000259241642198, "dvar2": 0.000534941675141, "max": 0.383604705334, "mean": 0.2059045434, "median": 0.205032587051, "min": 0.0471469201148, "var": 0.00168109242804}, "erbbands_kurtosis": {"dmean": 0.980871617794, "dmean2": 1.59143686295, "dvar": 1.9573982954, "dvar2": 4.55912590027, "max": 53.6962280273, "mean": 0.802381813526, "median": 0.168658941984, "min": -1.75766956806, "var": 5.84408330917}, "erbbands_skewness": {"dmean": 0.35195940733, "dmean2": 0.558420479298, "dvar": 0.104622893035, "dvar2": 0.264623433352, "max": 6.18902254105, "mean": 0.250805050135, "median": 0.230787977576, "min": -2.95845484734, "var": 0.547416448593}, "erbbands_spread": {"dmean": 5.57851600647, "dmean2": 8.64227390289, "dvar": 32.0463676453, "dvar2": 72.5850906372, "max": 117.378868103, "mean": 28.6970500946, "median": 26.7612667084, "min": 2.76333427429, "var": 195.619628906}, "gfcc": {"cov": [[12356.8935547, -200.043121338, -790.691955566, 272.75769043, -511.316894531, 197.803619385, 132.401016235, 20.0311012268, -255.86529541, 97.5675048828, -294.385284424, -54.1780548096, -231.474746704], [-200.043121338, 884.467895508, -11.4171190262, -102.811302185, 138.649154663, -113.34274292, 60.5868110657, -56.8243103027, 120.114982605, -136.853118896, 178.949859619, -77.6982574463, 98.1714782715], [-790.691955566, -11.4171190262, 804.023864746, 72.1405181885, 164.352813721, -49.1530990601, -136.597763062, 121.131843567, -27.7200622559, -6.77192354202, -44.3264083862, 123.564048767, -27.8956165314], [272.75769043, -102.811302185, 72.1405181885, 277.961212158, 6.18752479553, -25.8436775208, -38.8558959961, -24.3640632629, 27.2674427032, 1.96655786037, -36.7276000977, 13.4533119202, 27.8104324341], [-511.316894531, 138.649154663, 164.352813721, 6.18752479553, 289.051422119, -25.9650287628, -18.6890048981, 44.6852798462, 0.518038392067, -9.16466522217, -2.76484560966, 8.67650699615, -5.32765769958], [197.803619385, -113.34274292, -49.1530990601, -25.8436775208, -25.9650287628, 194.766769409, 45.2495231628, -1.72097373009, -46.7390823364, 11.8809585571, -23.1326942444, -37.6872787476, -23.6019268036], [132.401016235, 60.5868110657, -136.597763062, -38.8558959961, -18.6890048981, 45.2495231628, 207.318069458, -24.4798927307, 23.7558803558, 1.52239322662, 4.79960298538, -33.2378540039, -14.5162000656], [20.0311012268, -56.8243103027, 121.131843567, -24.3640632629, 44.6852798462, -1.72097373009, -24.4798927307, 136.68447876, -6.67749643326, 10.8897504807, -37.1972999573, 22.5295944214, -18.8581485748], [-255.86529541, 120.114982605, -27.7200622559, 27.2674427032, 0.518038392067, -46.7390823364, 23.7558803558, -6.67749643326, 122.324928284, 1.45043861866, 34.0421447754, -14.7576599121, 36.2853622437], [97.5675048828, -136.853118896, -6.77192354202, 1.96655786037, -9.16466522217, 11.8809585571, 1.52239322662, 10.8897504807, 1.45043861866, 119.79447937, -0.722044944763, 17.7995166779, -27.5865859985], [-294.385284424, 178.949859619, -44.3264083862, -36.7276000977, -2.76484560966, -23.1326942444, 4.79960298538, -37.1972999573, 34.0421447754, -0.722044944763, 144.366043091, 3.89134263992, 33.2340774536], [-54.1780548096, -77.6982574463, 123.564048767, 13.4533119202, 8.67650699615, -37.6872787476, -33.2378540039, 22.5295944214, -14.7576599121, 17.7995166779, 3.89134263992, 122.369125366, 9.53661823273], [-231.474746704, 98.1714782715, -27.8956165314, 27.8104324341, -5.32765769958, -23.6019268036, -14.5162000656, -18.8581485748, 36.2853622437, -27.5865859985, 33.2340774536, 9.53661823273, 110.473312378]], "icov": [[0.000147140206536, -0.000401959870942, 0.000254282465903, -0.000405862490879, 0.000363660830772, -0.000170919578522, 6.1387581809e-05, -0.000301468127873, 0.000459824776044, -0.000340172409778, 0.000475437671412, -0.000351452355972, 0.00042084424058], [-0.000401959870942, 0.00450335489586, -0.0012602165807, 0.0023479105439, -0.00241013453342, 0.00192392582539, -0.0011616689153, 0.00156491994858, -0.00271650706418, 0.00380391301587, -0.00434611225501, 0.00330615602434, -0.00247990339994], [0.000254282465903, -0.0012602165807, 0.00261314422823, -0.00139326474164, -4.27712939199e-06, -0.000740457966458, 0.00117832922842, -0.00176474812906, 0.00081289105583, -0.000429497216828, 0.0013806053903, -0.00278021954, 0.00180887267925], [-0.000405862490879, 0.0023479105439, -0.00139326474164, 0.00608733016998, -0.0015685078688, 0.00109075859655, 0.000189742306247, 0.00288487109356, -0.00317793129943, 0.0014995665988, -0.000389061460737, 0.00164180551656, -0.00275273458101], [0.000363660830772, -0.00241013453342, -4.27712939199e-06, -0.0015685078688, 0.00558095006272, -0.000475572887808, 0.000237436659518, -0.00194459920749, 0.00200842693448, -0.00189800735097, 0.00204867846332, -0.000975853414275, 0.00149859534577], [-0.000170919578522, 0.00192392582539, -0.000740457966458, 0.00109075859655, -0.000475572887808, 0.00765059981495, -0.00209904345684, 0.000340319238603, 0.00204230565578, 0.000511370773893, -0.00153527758084, 0.00387246836908, -0.00155106128659], [6.1387581809e-05, -0.0011616689153, 0.00117832922842, 0.000189742306247, 0.000237436659518, -0.00209904345684, 0.00657508801669, 0.00041352637345, -0.00171087495983, -0.000542428577319, 0.0015075331321, -0.00120471627451, 0.0019852432888], [-0.000301468127873, 0.00156491994858, -0.00176474812906, 0.00288487109356, -0.00194459920749, 0.000340319238603, 0.00041352637345, 0.010812567547, -0.00266276672482, 0.000550299067982, 0.00120904657524, 0.000303676642943, -0.000693094159942], [0.000459824776044, -0.00271650706418, 0.00081289105583, -0.00317793129943, 0.00200842693448, 0.00204230565578, -0.00171087495983, -0.00266276672482, 0.0141483964399, -0.00383073557168, 0.000467927777208, 0.000891545496415, -0.00158482359257], [-0.000340172409778, 0.00380391301587, -0.000429497216828, 0.0014995665988, -0.00189800735097, 0.000511370773893, -0.000542428577319, 0.000550299067982, -0.00383073557168, 0.0129415690899, -0.00427235057577, 0.000273836165434, 0.00121286080685], [0.000475437671412, -0.00434611225501, 0.0013806053903, -0.000389061460737, 0.00204867846332, -0.00153527758084, 0.0015075331321, 0.00120904657524, 0.000467927777208, -0.00427235057577, 0.0135161029175, -0.00412637647241, 0.000549725955352], [-0.000351452355972, 0.00330615602434, -0.00278021954, 0.00164180551656, -0.000975853414275, 0.00387246836908, -0.00120471627451, 0.000303676642943, 0.000891545496415, 0.000273836165434, -0.00412637647241, 0.014156870544, -0.00432112021372], [0.00042084424058, -0.00247990339994, 0.00180887267925, -0.00275273458101, 0.00149859534577, -0.00155106128659, 0.0019852432888, -0.000693094159942, -0.00158482359257, 0.00121286080685, 0.000549725955352, -0.00432112021372, 0.0142017323524]], "mean": [-55.1954040527, 153.161331177, -133.703292847, 35.0443229675, -46.7609786987, 10.1975650787, -23.9353542328, -8.00329017639, -18.9963474274, -6.73476600647, -5.28555250168, -11.2291107178, -7.99046516418]}, "hfc": {"dmean": 4.40474319458, "dmean2": 6.8098731041, "dvar": 43.5760307312, "dvar2": 110.139076233, "max": 138.499908447, "mean": 16.5758666992, "median": 10.2991476059, "min": 1.07650694433e-16, "var": 294.947601318}, "melbands": {"dmean": [0.000731300795451, 0.00135015230626, 0.00127233902458, 0.000505897914991, 0.000187529236428, 0.000211047343328, 0.000134662433993, 9.68524764176e-05, 0.00010755477706, 0.000141238517244, 0.000101949633972, 7.18186565791e-05, 6.31818984402e-05, 7.0429945481e-05, 0.000116039118438, 8.06500029285e-05, 5.78414001211e-05, 4.6777739044e-05, 1.53529981617e-05, 6.06726916885e-06, 4.22758512286e-06, 4.67556947115e-06, 4.49522804047e-06, 5.79840252612e-06, 2.3048521598e-06, 1.38795951443e-06, 2.17447313844e-06, 2.43519161813e-06, 1.75683931047e-06, 6.68216955546e-07, 4.05543403303e-07, 5.96326117375e-07, 5.18915783232e-07, 1.76420556386e-07, 1.10287082578e-07, 9.39858040283e-08, 4.30253805916e-08, 4.96885270707e-08, 2.40923228034e-08, 1.78829129283e-08], "dmean2": [0.00128090369981, 0.00240034190938, 0.00214548059739, 0.000837589730509, 0.000292394746793, 0.000311201700242, 0.000204513577046, 0.000152460575919, 0.000165384743013, 0.000221399081056, 0.000157859583851, 0.000115891678433, 0.000101346231531, 0.00011436681234, 0.000191287879716, 0.000132662666147, 9.28977606236e-05, 7.4395466072e-05, 2.40913814196e-05, 9.66669267655e-06, 6.80913763063e-06, 7.55057499191e-06, 7.29244220565e-06, 9.1864976639e-06, 3.62175433111e-06, 2.20113633986e-06, 3.28882924805e-06, 3.72637123291e-06, 2.72547276836e-06, 9.95027335193e-07, 5.91431955854e-07, 8.55224982388e-07, 7.50563515339e-07, 2.61561410753e-07, 1.62898700751e-07, 1.3649976438e-07, 6.34154275758e-08, 7.6999199905e-08, 3.68443444643e-08, 2.72466511575e-08], "dvar": [3.84792156183e-06, 8.81805408426e-06, 7.6580527093e-06, 1.05891876956e-06, 1.01343523795e-07, 1.76258112106e-07, 1.5802798714e-07, 6.56574172808e-08, 6.39579909034e-08, 1.25946158391e-07, 7.13098202709e-08, 3.08190770681e-08, 2.29254020212e-08, 4.21842614173e-08, 1.34821064535e-07, 3.87602732133e-08, 2.86916925774e-08, 1.97483132069e-08, 1.2924122883e-09, 1.70756242479e-10, 1.47627091107e-10, 2.4657431652e-10, 8.20241374822e-11, 1.32212393811e-10, 1.84497694899e-11, 8.12709882031e-12, 3.43979671136e-11, 4.21975614173e-11, 1.84271486958e-11, 2.61539379563e-12, 1.64800529993e-12, 5.27607471601e-12, 3.96818298706e-12, 3.09037057012e-13, 3.89341851944e-13, 1.82059757352e-13, 2.26894749462e-14, 1.45331575279e-14, 3.18888317004e-15, 1.85777068168e-15], "dvar2": [1.06297147795e-05, 2.49279291893e-05, 2.01772290893e-05, 2.74825902125e-06, 2.51143234209e-07, 3.76979954808e-07, 3.67980788951e-07, 1.70312887349e-07, 1.42483969512e-07, 3.06318298726e-07, 1.71886625822e-07, 8.02209001449e-08, 5.7847582724e-08, 1.14019535147e-07, 3.59568218755e-07, 1.01340596359e-07, 7.5840937086e-08, 4.84239421894e-08, 2.90088864041e-09, 4.07751388209e-10, 3.65672159219e-10, 6.76064648708e-10, 2.15070919407e-10, 3.15032888665e-10, 4.19660452222e-11, 2.07469666447e-11, 7.22360088412e-11, 8.80553269189e-11, 4.25419977024e-11, 5.23563961283e-12, 3.52320755036e-12, 1.15383510038e-11, 7.91358471808e-12, 5.94057192761e-13, 5.67752171231e-13, 2.06844198887e-13, 4.7449752325e-14, 3.34938240337e-14, 7.28113333108e-15, 4.27790390121e-15], "max": [0.028078103438, 0.0456908419728, 0.0421232506633, 0.0162781160325, 0.00755049707368, 0.0115893799812, 0.0149348210543, 0.00626809056848, 0.00662393309176, 0.0106286164373, 0.00716175604612, 0.00326452543959, 0.00347754149698, 0.00585362361744, 0.00897250324488, 0.00382394506596, 0.00443069450557, 0.00609878031537, 0.000885411107447, 0.000332821626216, 0.000412489898736, 0.000693285430316, 0.000212173225009, 0.000311416690238, 0.000160832074471, 9.66443694779e-05, 0.000207288801903, 0.000242493100814, 0.000139618277899, 5.0363905757e-05, 5.83567052672e-05, 9.34764248086e-05, 0.000102305813925, 2.28739409067e-05, 4.82873510919e-05, 3.81052741432e-05, 6.94171103532e-06, 2.9398740935e-06, 1.3297615169e-06, 6.63577566229e-07], "mean": [0.00104904070031, 0.00209795683622, 0.00193171657156, 0.000855103775393, 0.000405819679145, 0.000471657229355, 0.000279599713394, 0.000183406591532, 0.000195059168618, 0.000261435197899, 0.000188464706298, 0.0001306807535, 0.000107020190626, 0.000126178390929, 0.000193457439309, 0.000144533885759, 0.000100779361674, 8.30583885545e-05, 2.86826743832e-05, 1.07226878754e-05, 7.90817102825e-06, 8.91585386853e-06, 8.96703841136e-06, 1.12111574708e-05, 4.89214517074e-06, 2.93333846457e-06, 4.92017034048e-06, 6.35683591099e-06, 4.20389233113e-06, 1.43252873386e-06, 9.39760241181e-07, 1.38269399486e-06, 1.12838449695e-06, 3.72922130509e-07, 2.13055855625e-07, 1.75548308334e-07, 8.36526865555e-08, 9.13121169788e-08, 4.05867019992e-08, 2.66900492818e-08], "median": [0.000647041772027, 0.0012701706728, 0.00112771149725, 0.000504764495417, 0.00023007337586, 0.000192747320398, 0.000100132121588, 5.62959830859e-05, 5.20799367223e-05, 5.44148242625e-05, 3.61836428056e-05, 3.39521393471e-05, 3.14219432767e-05, 2.21514856094e-05, 2.51355959335e-05, 2.60768356384e-05, 1.6559200958e-05, 1.18692878459e-05, 8.8470569608e-06, 4.93871038998e-06, 2.73448449661e-06, 2.68842677542e-06, 3.54639382749e-06, 5.30624583917e-06, 2.41047996496e-06, 1.40723454933e-06, 1.15962245673e-06, 1.16595026611e-06, 8.08744744063e-07, 3.8276547798e-07, 2.32770005937e-07, 2.91727474178e-07, 2.74670242106e-07, 1.32810455966e-07, 7.21764763512e-08, 5.99987970418e-08, 2.46741684862e-08, 2.47542182308e-08, 1.22535865898e-08, 8.31090574138e-09], "min": [7.96278810832e-25, 1.8796218371e-24, 2.16578724414e-24, 7.87774446539e-25, 1.52912758425e-24, 2.79412619642e-24, 1.65249438577e-24, 1.57909955601e-24, 4.08850356641e-24, 2.0030894156e-24, 3.97120468297e-24, 2.86813337945e-24, 3.51611713764e-24, 1.77731269136e-24, 3.45214919569e-24, 3.94527916375e-24, 2.69053968766e-24, 2.12752946239e-24, 2.88671756187e-24, 3.8027607916e-24, 5.14547423306e-24, 4.39991903052e-24, 2.5170652303e-24, 6.01890891593e-24, 4.90586996045e-24, 6.34360209237e-24, 6.86387952519e-24, 4.83835253886e-24, 6.52747491975e-24, 5.978516871e-24, 5.91329779566e-24, 5.21481037347e-24, 7.33169613009e-24, 5.67479674502e-24, 6.10698168613e-24, 6.87762700418e-24, 7.11970396131e-24, 7.9305535754e-24, 6.97571712458e-24, 7.62045787559e-24], "var": [3.06742253997e-06, 8.60197360453e-06, 7.85145221016e-06, 1.33148580517e-06, 3.11717400336e-07, 7.51615118588e-07, 4.82711243421e-07, 1.57793763833e-07, 1.73167094886e-07, 3.96340510633e-07, 1.76077193714e-07, 7.22561068756e-08, 4.77132360288e-08, 1.07034537677e-07, 2.70378876621e-07, 9.37594535344e-08, 6.27511980156e-08, 4.58593838459e-08, 3.57325014022e-09, 3.48093831537e-10, 4.49536796676e-10, 5.79791659128e-10, 2.09794404071e-10, 3.27364774177e-10, 5.52464116121e-11, 1.98330189077e-11, 1.38559566598e-10, 2.64903571301e-10, 1.01796203411e-10, 1.1256499205e-11, 6.36504000548e-12, 1.60844167846e-11, 1.1388536815e-11, 8.50584793571e-13, 1.06029627352e-12, 5.70982172134e-13, 5.24013781856e-14, 3.49494332129e-14, 6.04327133515e-15, 2.85827371699e-15]}, "melbands_crest": {"dmean": 3.16896319389, "dmean2": 5.33057165146, "dvar": 8.52558803558, "dvar2": 22.7084083557, "max": 31.6745414734, "mean": 13.2651538849, "median": 12.650513649, "min": 1.74131417274, "var": 23.1764602661}, "melbands_flatness_db": {"dmean": 0.0234448611736, "dmean2": 0.0376266278327, "dvar": 0.000605773413554, "dvar2": 0.00155145197641, "max": 0.497826069593, "mean": 0.256936371326, "median": 0.251530557871, "min": 0.00354156619869, "var": 0.0042995819822}, "melbands_kurtosis": {"dmean": 6.25363302231, "dmean2": 10.4140481949, "dvar": 137.969848633, "dvar2": 357.802368164, "max": 206.657287598, "mean": 11.4126253128, "median": 5.92711639404, "min": -1.60461747646, "var": 257.203277588}, "melbands_skewness": {"dmean": 0.68071013689, "dmean2": 1.0966821909, "dvar": 0.591922521591, "dvar2": 1.46361291409, "max": 10.4165811539, "mean": 2.31223750114, "median": 2.11845350266, "min": -1.38774526119, "var": 2.616492033}, "melbands_spread": {"dmean": 4.24130535126, "dmean2": 6.78265476227, "dvar": 24.5882358551, "dvar2": 58.4604568481, "max": 147.832977295, "mean": 17.8582572937, "median": 14.7132062912, "min": 0.621076285839, "var": 181.436401367}, "mfcc": {"cov": [[8378.46484375, -4.20259571075, -675.746887207, 120.536193848, -696.260070801, 309.156402588, 66.4934158325, 54.1252555847, -23.4019622803, 146.784713745, 53.0591850281, -86.639289856, -151.759658813], [-4.20259571075, 1082.2010498, -42.366645813, 35.8722038269, 129.345108032, -104.959281921, 48.0930595398, 56.1518707275, -31.045665741, -6.59259462357, 21.2524528503, 13.6615915298, 25.9758682251], [-675.746887207, -42.366645813, 497.789642334, 82.7369155884, 147.58946228, -38.5889587402, -40.3127975464, 38.8269348145, -0.96147698164, -47.3796463013, -33.5066604614, 1.03249883652, 20.8189334869], [120.536193848, 35.8722038269, 82.7369155884, 316.844512939, 91.2398452759, -6.23302984238, -67.9321594238, -1.01248860359, 34.6469535828, -13.9347248077, -39.7202186584, -11.1869783401, 27.4621582031], [-696.260070801, 129.345108032, 147.58946228, 91.2398452759, 357.787139893, -73.8101043701, -12.2978887558, 1.62702202797, 20.9808387756, -40.1440925598, -35.1590881348, 25.7844753265, -4.71740722656], [309.156402588, -104.959281921, -38.5889587402, -6.23302984238, -73.8101043701, 173.110992432, 38.0113449097, -6.8044219017, 3.57343506813, 25.5331115723, 21.11967659, -23.2226009369, -15.0652942657], [66.4934158325, 48.0930595398, -40.3127975464, -67.9321594238, -12.2978887558, 38.0113449097, 140.802536011, 26.0403556824, -7.40656375885, 13.7717418671, 29.5770721436, 1.02728652954, -21.5434188843], [54.1252555847, 56.1518707275, 38.8269348145, -1.01248860359, 1.62702202797, -6.8044219017, 26.0403556824, 106.362335205, 23.2289466858, -6.24797391891, 1.10295653343, -17.2568721771, -13.6681175232], [-23.4019622803, -31.045665741, -0.96147698164, 34.6469535828, 20.9808387756, 3.57343506813, -7.40656375885, 23.2289466858, 104.586349487, 27.2944564819, -14.8210964203, -15.6010961533, -12.0817022324], [146.784713745, -6.59259462357, -47.3796463013, -13.9347248077, -40.1440925598, 25.5331115723, 13.7717418671, -6.24797391891, 27.2944564819, 111.584411621, 33.5079689026, -21.8936710358, -18.7915267944], [53.0591850281, 21.2524528503, -33.5066604614, -39.7202186584, -35.1590881348, 21.11967659, 29.5770721436, 1.10295653343, -14.8210964203, 33.5079689026, 94.2090301514, 18.6827793121, -15.416176796], [-86.639289856, 13.6615915298, 1.03249883652, -11.1869783401, 25.7844753265, -23.2226009369, 1.02728652954, -17.2568721771, -15.6010961533, -21.8936710358, 18.6827793121, 95.5347290039, 31.7602062225], [-151.759658813, 25.9758682251, 20.8189334869, 27.4621582031, -4.71740722656, -15.0652942657, -21.5434188843, -13.6681175232, -12.0817022324, -18.7915267944, -15.416176796, 31.7602062225, 98.0655670166]], "icov": [[0.000177844165592, -3.97613221139e-05, 0.000167632533703, -0.000241961635766, 0.000331454648403, -0.000184512857231, 1.03495485746e-05, -0.000180830611498, 0.000164133918588, -0.000120179618534, 0.000198587906198, -0.000194126623683, 0.000373873393983], [-3.97613221139e-05, 0.00117277691606, 0.000299155508401, -0.000176144574652, -0.000572524266317, 0.000730215397198, -0.000456914072856, -0.000700038624927, 0.000569981173612, -0.000173159685801, -0.00045742263319, 0.000340023485478, -0.000644660380203], [0.000167632533703, 0.000299155508401, 0.0027992236428, -0.000501606264152, -0.000835735467263, -0.000126994113089, 0.000574927486014, -0.00158611661755, 0.000833592086565, 0.000230618315982, 0.000135194102768, 0.0001918769849, -0.000322097272146], [-0.000241961635766, -0.000176144574652, -0.000501606264152, 0.00453651091084, -0.00139115576167, -0.00066921452526, 0.00184823165182, 0.000210846978007, -0.00131514167879, 0.000263594440185, 0.000216288230149, 0.000907847308554, -0.00159754662309], [0.000331454648403, -0.000572524266317, -0.000835735467263, -0.00139115576167, 0.00489493552595, 0.000865228706971, -0.000845433794893, 0.000829176686238, -0.000851126213092, 0.000564315938391, 0.00134164642077, -0.00176523113623, 0.00231570657343], [-0.000184512857231, 0.000730215397198, -0.000126994113089, -0.00066921452526, 0.000865228706971, 0.00791392754763, -0.00257449131459, 0.00125094107352, -0.000457501824712, -7.43528362364e-05, -0.00152358983178, 0.0019100602949, -0.000327149755321], [1.03495485746e-05, -0.000456914072856, 0.000574927486014, 0.00184823165182, -0.000845433794893, -0.00257449131459, 0.00991291645914, -0.0027347614523, 0.000791683385614, -0.000512625381816, -0.00111956219189, -0.000794498482719, 0.00093840144109], [-0.000180830611498, -0.000700038624927, -0.00158611661755, 0.000210846978007, 0.000829176686238, 0.00125094107352, -0.0027347614523, 0.0126845743507, -0.00399854453281, 0.00257680239156, -0.00140069867484, 0.00239497376606, 0.000587793590967], [0.000164133918588, 0.000569981173612, 0.000833592086565, -0.00131514167879, -0.000851126213092, -0.000457501824712, 0.000791683385614, -0.00399854453281, 0.0130130006, -0.00454710656777, 0.00309549085796, -0.000637443212327, 0.00122467905749], [-0.000120179618534, -0.000173159685801, 0.000230618315982, 0.000263594440185, 0.000564315938391, -7.43528362364e-05, -0.000512625381816, 0.00257680239156, -0.00454710656777, 0.0131086371839, -0.00544373085722, 0.00359365879558, -6.85723498464e-05], [0.000198587906198, -0.00045742263319, 0.000135194102768, 0.000216288230149, 0.00134164642077, -0.00152358983178, -0.00111956219189, -0.00140069867484, 0.00309549085796, -0.00544373085722, 0.0160819590092, -0.00573923066258, 0.00345361931249], [-0.000194126623683, 0.000340023485478, 0.0001918769849, 0.000907847308554, -0.00176523113623, 0.0019100602949, -0.000794498482719, 0.00239497376606, -0.000637443212327, 0.00359365879558, -0.00573923066258, 0.0154352886602, -0.00560878077522], [0.000373873393983, -0.000644660380203, -0.000322097272146, -0.00159754662309, 0.00231570657343, -0.000327149755321, 0.00093840144109, 0.000587793590967, 0.00122467905749, -6.85723498464e-05, 0.00345361931249, -0.00560878077522, 0.0143087282777]], "mean": [-686.812866211, 169.269729614, -14.6244888306, 28.4014873505, 0.155640304089, 15.9308710098, 5.64858913422, 2.45257544518, -7.01348257065, 1.41923046112, 2.13344144821, -1.78421974182, -6.03484869003]}, "pitch_salience": {"dmean": 0.0662296339869, "dmean2": 0.110652379692, "dvar": 0.00367720425129, "dvar2": 0.0103571955115, "max": 0.90663766861, "mean": 0.53633928299, "median": 0.539408922195, "min": 0.125606939197, "var": 0.00846895482391}, "silence_rate_20dB": {"dmean": 0, "dmean2": 0, "dvar": 0, "dvar2": 0, "max": 1, "mean": 1, "median": 1, "min": 1, "var": 0}, "silence_rate_30dB": {"dmean": 0.00982035882771, "dmean2": 0.0196430701762, "dvar": 0.00972481258214, "dvar2": 0.0266813170165, "max": 1, "mean": 0.993533730507, "median": 1, "min": 0, "var": 0.00642459094524}, "silence_rate_60dB": {"dmean": 0.0112574854866, "dmean2": 0.0225176662207, "dvar": 0.0111320260912, "dvar2": 0.0253612156957, "max": 1, "mean": 0.07603880018, "median": 0, "min": 0, "var": 0.070252969861}, "spectral_centroid": {"dmean": 151.088607788, "dmean2": 235.349258423, "dvar": 44218.7773438, "dvar2": 90938.640625, "max": 11502.9140625, "mean": 938.970092773, "median": 842.228942871, "min": 162.667526245, "var": 493215.21875}, "spectral_complexity": {"dmean": 2.14682626724, "dmean2": 3.42579960823, "dvar": 4.25007820129, "dvar2": 9.37049198151, "max": 49, "mean": 15.1639328003, "median": 14, "min": 0, "var": 53.2627105713}, "spectral_contrast_coeffs": {"dmean": [0.0482819378376, 0.0418455079198, 0.0373897328973, 0.0324141383171, 0.0213357079774, 0.0193540882319], "dmean2": [0.0809793919325, 0.0674914866686, 0.0611477978528, 0.0524191334844, 0.0339671894908, 0.0286671239883], "dvar": [0.00178350228816, 0.00119065796025, 0.000892563839443, 0.000690951535944, 0.000332637224346, 0.000335872988217], "dvar2": [0.00481201708317, 0.00302046374418, 0.00235614995472, 0.00175713305362, 0.000778821762651, 0.000677211442962], "max": [-0.336858093739, -0.360703855753, -0.436894148588, -0.509214103222, -0.561236917973, -0.442827761173], "mean": [-0.638974130154, -0.70147562027, -0.74085265398, -0.734978795052, -0.770161032677, -0.741568565369], "median": [-0.64196574688, -0.706509709358, -0.746999323368, -0.740727365017, -0.771705508232, -0.743907511234], "min": [-0.969640374184, -0.981156229973, -0.970523118973, -0.965616106987, -0.965645313263, -0.962429583073], "var": [0.0052797193639, 0.00649086665362, 0.00460737431422, 0.00434267986566, 0.00209167855792, 0.00318048545159]}, "spectral_contrast_valleys": {"dmean": [0.366504132748, 0.301536530256, 0.286812543869, 0.261799573898, 0.237642884254, 0.310047000647], "dmean2": [0.598660767078, 0.488264888525, 0.465393960476, 0.410402446985, 0.336603283882, 0.393448770046], "dvar": [0.132056519389, 0.0908954590559, 0.082743242383, 0.0805329084396, 0.0839741230011, 0.13504011929], "dvar2": [0.287058949471, 0.19189247489, 0.165020361543, 0.152852281928, 0.137482494116, 0.227416872978], "max": [-5.01772594452, -4.91453790665, -4.86400604248, -5.48087835312, -6.26999187469, -9.08096313477], "mean": [-7.11532306671, -7.04285907745, -7.54930639267, -8.07003116608, -8.34511470795, -11.6672134399], "median": [-6.85047912598, -6.8376083374, -7.39895200729, -7.91122817993, -8.13160610199, -11.5112075806], "min": [-28.2483482361, -27.7360610962, -27.6705780029, -27.4701957703, -27.3885669708, -27.3218746185], "var": [2.0984044075, 1.99219965935, 2.08672904968, 1.93194925785, 2.02843022346, 1.85428130627]}, "spectral_decrease": {"dmean": 2.70571121064e-09, "dmean2": 4.48417303289e-09, "dvar": 1.86429321256e-17, "dvar2": 4.85079556153e-17, "max": 1.1120171443e-28, "mean": -7.47910799959e-09, "median": -6.3488521107e-09, "min": -5.54956152143e-08, "var": 3.62678398365e-17}, "spectral_energy": {"dmean": 0.0105384578928, "dmean2": 0.0174343753606, "dvar": 0.000275460217381, "dvar2": 0.000715188682079, "max": 0.213141053915, "mean": 0.0297313556075, "median": 0.0252332743257, "min": 9.96622583362e-21, "var": 0.000568265386391}, "spectral_energyband_high": {"dmean": 8.73479439178e-05, "dmean2": 0.000120327946206, "dvar": 5.09794269021e-08, "dvar2": 8.62017017766e-08, "max": 0.00968273170292, "mean": 0.000262648274656, "median": 7.5229567301e-05, "min": 7.07281994454e-21, "var": 3.4501368873e-07}, "spectral_energyband_low": {"dmean": 0.0060920403339, "dmean2": 0.0105824777856, "dvar": 0.000157120171934, "dvar2": 0.000431414693594, "max": 0.178598359227, "mean": 0.0105799846351, "median": 0.00716529320925, "min": 1.18486126992e-23, "var": 0.000165142206242}, "spectral_energyband_middle_high": {"dmean": 0.00227028061636, "dmean2": 0.00360528798774, "dvar": 2.05032501981e-05, "dvar2": 5.49828655494e-05, "max": 0.099847830832, "mean": 0.0068983854726, "median": 0.00242159562185, "min": 1.25233286815e-21, "var": 0.000103101046989}, "spectral_energyband_middle_low": {"dmean": 0.00591385830194, "dmean2": 0.00959216430783, "dvar": 0.000109274486022, "dvar2": 0.000280096865026, "max": 0.172986939549, "mean": 0.0140577377751, "median": 0.0105554712936, "min": 1.78645554192e-22, "var": 0.000182496136404}, "spectral_entropy": {"dmean": 0.145505994558, "dmean2": 0.221860781312, "dvar": 0.0213265232742, "dvar2": 0.0487737953663, "max": 9.81191921234, "mean": 7.0710606575, "median": 7.1179523468, "min": 5.31648731232, "var": 0.158065482974}, "spectral_flux": {"dmean": 0.0245075710118, "dmean2": 0.0399031825364, "dvar": 0.00108113244642, "dvar2": 0.00237745419145, "max": 0.407233864069, "mean": 0.0795640870929, "median": 0.0711361095309, "min": 6.48381209833e-11, "var": 0.00261434982531}, "spectral_kurtosis": {"dmean": 3.49367046356, "dmean2": 6.11364030838, "dvar": 14.2418174744, "dvar2": 41.1457176208, "max": 63.316947937, "mean": 7.90071821213, "median": 6.40658140182, "min": -1.26466083527, "var": 34.8432235718}, "spectral_rms": {"dmean": 0.000858191866428, "dmean2": 0.00138164043892, "dvar": 1.2228815649e-06, "dvar2": 3.02451053358e-06, "max": 0.0144202113152, "mean": 0.0049165408127, "median": 0.00496163545176, "min": 3.11819602257e-12, "var": 4.83388657813e-06}, "spectral_rolloff": {"dmean": 201.614654541, "dmean2": 344.028198242, "dvar": 138099.796875, "dvar2": 279349.25, "max": 19229.1503906, "mean": 953.392333984, "median": 753.662109375, "min": 107.666015625, "var": 1296513.875}, "spectral_skewness": {"dmean": 0.328691244125, "dmean2": 0.554065942764, "dvar": 0.09047947824, "dvar2": 0.248460590839, "max": 6.17367839813, "mean": 1.88856518269, "median": 1.80477774143, "min": -0.0885851159692, "var": 0.435790687799}, "spectral_spread": {"dmean": 319804.28125, "dmean2": 478423.25, "d