{"lowlevel": {"average_loudness": 0.937664031982, "barkbands": {"dmean": [2.82627606794e-05, 0.0027759897057, 0.00282243848778, 0.00314507144503, 0.00311468215659, 0.0007535587647, 0.000868534960318, 0.000654081115499, 0.00093924900284, 0.000998267554678, 0.000591449148487, 0.000352877570549, 0.000386786035961, 0.000480907998281, 0.000231265395996, 0.000216748638195, 0.000175926383235, 0.000141995653394, 0.00016736210091, 0.000105145416455, 0.000109185719339, 0.000106800689537, 7.16876311344e-05, 5.71371638216e-05, 2.70714426733e-05, 4.85870586999e-05, 3.9980681322e-05], "dmean2": [4.93318511872e-05, 0.00452605774626, 0.00465973420069, 0.0052496320568, 0.00515490304679, 0.00123562105, 0.00136409478728, 0.00100163195748, 0.00142824277282, 0.00152042892296, 0.000904689717572, 0.000550252094399, 0.000590347277466, 0.000757578003686, 0.000360178702977, 0.000347119523212, 0.0002792479645, 0.000226840013056, 0.000263629102847, 0.000162055031979, 0.000158034381457, 0.000153155444423, 9.7471580375e-05, 7.68544632592e-05, 3.69675653928e-05, 7.42862030165e-05, 6.29023197689e-05], "dvar": [1.15540133017e-09, 2.47919524554e-05, 1.98187026399e-05, 2.71372118732e-05, 2.00718259293e-05, 1.58643103987e-06, 3.54200028596e-06, 2.88891624223e-06, 5.12212727699e-06, 5.41179952052e-06, 2.31163539866e-06, 1.01276964415e-06, 1.45808212437e-06, 1.48243486819e-06, 3.90156031926e-07, 2.75866682387e-07, 1.65629629123e-07, 1.14023904985e-07, 1.0073799217e-07, 4.41176908339e-08, 5.60542261496e-08, 5.76958960607e-08, 5.57650032817e-08, 4.68173055879e-08, 1.41160638734e-08, 2.07096988447e-08, 1.73375411805e-08], "dvar2": [3.20330406645e-09, 6.18265912635e-05, 5.18460037711e-05, 7.22463591956e-05, 5.53273275727e-05, 3.91234425479e-06, 8.34016009321e-06, 6.31987995803e-06, 1.08760741568e-05, 1.28281790239e-05, 5.06543801748e-06, 2.26934685088e-06, 2.94807455248e-06, 3.35371964866e-06, 9.0152195753e-07, 6.65928951094e-07, 3.63728247521e-07, 2.68978283202e-07, 2.30431211889e-07, 1.01448215162e-07, 1.17070854344e-07, 1.16338242151e-07, 1.02875240771e-07, 9.05319552658e-08, 2.37348452004e-08, 4.83557194286e-08, 4.08902920412e-08], "max": [0.000415820948547, 0.0599303767085, 0.0597001165152, 0.063381165266, 0.0550777427852, 0.0325411632657, 0.0534420982003, 0.0538578256965, 0.0592302195728, 0.0493592582643, 0.0450458526611, 0.0299695581198, 0.0380564406514, 0.03015951626, 0.0155055625364, 0.0258137099445, 0.0145248314366, 0.0090559720993, 0.00981951132417, 0.00479934271425, 0.00648557487875, 0.00897724647075, 0.00987023301423, 0.0125211905688, 0.00711855525151, 0.00301397382282, 0.00421401765198], "mean": [3.01297786791e-05, 0.00352378026582, 0.00449139531702, 0.00444035930559, 0.00509244157001, 0.0011331839487, 0.00166401208844, 0.00118118105456, 0.00192320509814, 0.00192841445096, 0.0011243558256, 0.000614150136244, 0.000664760067593, 0.000852071272675, 0.000398390577175, 0.000374571973225, 0.000328308262397, 0.000282533408608, 0.000339633610565, 0.000212656785152, 0.000215439373278, 0.0001947155979, 0.000119780219393, 9.38063894864e-05, 4.44887700723e-05, 5.75142694288e-05, 4.48570681328e-05], "median": [1.88771136891e-05, 0.00150620855857, 0.00224741687998, 0.00258901389316, 0.00343197421171, 0.000561097229365, 0.000535011233296, 0.000299099599943, 0.000383648322895, 0.000422096636612, 0.000274212186923, 0.00017144974845, 0.000140474949148, 0.000222671893425, 0.000118887866847, 0.000165463672602, 0.000134877322125, 0.000114688074973, 0.000143777200719, 9.59471944952e-05, 8.75670521054e-05, 7.77422756073e-05, 2.88200553769e-05, 2.30822006415e-05, 1.14172153189e-05, 1.47283972183e-05, 8.96286201169e-06], "min": [6.554237519e-25, 9.7216583164e-24, 1.19847840937e-24, 1.17542306195e-24, 2.00892185871e-23, 3.6882043831e-24, 7.39835172114e-24, 6.6767025539e-24, 1.9015386413e-23, 3.25145872156e-23, 1.9039648619e-23, 3.38581908866e-23, 3.6443537353e-23, 2.9342615381e-23, 7.59543615431e-23, 7.74086360882e-23, 7.56737226983e-23, 9.44070676718e-23, 1.62167486816e-22, 1.93916487679e-22, 3.01377202781e-22, 3.59139542014e-22, 4.26038203195e-22, 6.35873285474e-22, 9.5639547347e-22, 1.34871526246e-21, 1.90822125873e-21], "var": [1.21241661155e-09, 2.98936447507e-05, 3.23047024722e-05, 3.18026468449e-05, 3.08107191813e-05, 2.86346107714e-06, 1.25854976432e-05, 8.46065813676e-06, 2.14058654819e-05, 1.73167627509e-05, 7.24606297808e-06, 2.50026755566e-06, 3.66881931768e-06, 3.63935851055e-06, 7.81861444921e-07, 4.95140739076e-07, 4.29014619385e-07, 2.68826596539e-07, 2.90506790179e-07, 1.07956225293e-07, 1.33782322109e-07, 1.42274316772e-07, 1.26124476196e-07, 9.90720820937e-08, 3.04428233733e-08, 2.48080969101e-08, 1.99976639692e-08]}, "barkbands_crest": {"dmean": 2.47641658783, "dmean2": 4.02788829803, "dvar": 4.59860086441, "dvar2": 11.8191347122, "max": 25.5142097473, "mean": 9.47428703308, "median": 8.94840717316, "min": 2.38622140884, "var": 11.9303598404}, "barkbands_flatness_db": {"dmean": 0.0217728875577, "dmean2": 0.0327124558389, "dvar": 0.000463016098365, "dvar2": 0.000930627109483, "max": 0.369531065226, "mean": 0.127308785915, "median": 0.118371196091, "min": 0.0150530077517, "var": 0.00288637168705}, "barkbands_kurtosis": {"dmean": 3.79446649551, "dmean2": 5.88926172256, "dvar": 50.2296485901, "dvar2": 115.665786743, "max": 203.403778076, "mean": 6.46509981155, "median": 2.23222899437, "min": -1.94744586945, "var": 152.875930786}, "barkbands_skewness": {"dmean": 0.601328670979, "dmean2": 0.906870126724, "dvar": 0.40256229043, "dvar2": 0.861827790737, "max": 13.3741998672, "mean": 1.73319423199, "median": 1.45718562603, "min": -3.85712242126, "var": 1.9551101923}, "barkbands_spread": {"dmean": 5.59672641754, "dmean2": 8.57588863373, "dvar": 51.2017974854, "dvar2": 110.202926636, "max": 108.375396729, "mean": 20.119354248, "median": 17.8271083832, "min": 0.766218721867, "var": 167.416671753}, "dissonance": {"dmean": 0.0202760212123, "dmean2": 0.0343131199479, "dvar": 0.000418147217715, "dvar2": 0.00112630461808, "max": 0.500000119209, "mean": 0.460067689419, "median": 0.468068659306, "min": 0.194186612964, "var": 0.000934433715884}, "dynamic_complexity": 3.36319494247, "erbbands": {"dmean": [0.0335755012929, 0.774748265743, 2.86454510689, 7.07420110703, 11.7028331757, 9.89496707916, 7.19787740707, 5.79977989197, 10.1450481415, 15.9229288101, 12.6355237961, 21.8267459869, 30.7595901489, 22.9341602325, 19.6999950409, 14.6938419342, 17.9555358887, 21.6185474396, 15.8232536316, 12.5835456848, 7.45513439178, 9.46062278748, 7.36000108719, 9.16727828979, 6.20389270782, 5.29533338547, 4.38129758835, 4.33514547348, 3.9304895401, 2.9910299778, 1.82809579372, 1.47642946243, 0.795000195503, 0.364071071148, 0.196141511202, 0.273139625788, 0.0677851960063, 0.0190093945712, 0.00705993687734, 0.00054078665562], "dmean2": [0.0538336448371, 1.2605574131, 4.68030929565, 11.7224674225, 19.3092594147, 16.6699447632, 11.8502988815, 9.4052438736, 16.2663192749, 24.5766563416, 19.5361690521, 33.0327796936, 47.8846702576, 33.8697395325, 30.1903209686, 22.7363586426, 27.3862247467, 33.7135848999, 24.3541374207, 19.9636688232, 11.5653619766, 14.9012060165, 11.5489797592, 14.7056369781, 9.45772266388, 8.23308849335, 6.41851329803, 6.22457265854, 5.65454816818, 4.20894241333, 2.48230671883, 2.01348018646, 1.08791315556, 0.50206798315, 0.272150486708, 0.42657122016, 0.103774122894, 0.0294689945877, 0.0110669480637, 0.000860918720718], "dvar": [0.00362552306615, 1.8722795248, 19.7362289429, 120.316627502, 354.279022217, 227.561035156, 151.986190796, 112.399131775, 469.743560791, 1758.53942871, 1290.53930664, 3227.53930664, 5369.35400391, 3006.15258789, 2965.91186523, 1838.80664063, 3362.46728516, 3040.109375, 1642.01086426, 968.377563477, 261.60357666, 489.789550781, 368.913604736, 320.356384277, 176.536407471, 103.389533997, 89.7978668213, 93.6700363159, 76.8367156982, 66.4961547852, 41.6022872925, 22.6787586212, 13.7446022034, 2.10849523544, 0.818384647369, 0.672595500946, 0.0447308756411, 0.00502852164209, 0.000509630132001, 3.21914035339e-06], "dvar2": [0.00868779886514, 4.65389156342, 50.4761886597, 317.923156738, 945.716369629, 641.835388184, 420.120819092, 271.33013916, 1136.4654541, 3990.39086914, 2937.45605469, 6999.25341797, 13370.9697266, 6197.52246094, 6583.00292969, 4226.73828125, 6919.12353516, 6976.81396484, 3731.80859375, 2321.38110352, 562.719604492, 1097.88842773, 861.030944824, 767.964477539, 380.70916748, 245.335403442, 191.038650513, 199.725631714, 155.719619751, 130.05418396, 77.7451858521, 44.683631897, 27.9509010315, 3.43277025223, 1.45551252365, 1.65908014774, 0.0973322540522, 0.0111438529566, 0.00121414009482, 7.82826555223e-06], "max": [0.736719489098, 16.1724624634, 55.0088768005, 120.314842224, 240.38520813, 177.092315674, 234.360275269, 338.878967285, 707.09967041, 1116.99291992, 1459.8861084, 1761.21337891, 1565.56945801, 1967.49169922, 2073.60620117, 1474.80163574, 2096.33227539, 1598.49023438, 1117.48876953, 1197.69750977, 639.756164551, 840.117370605, 611.983581543, 736.094604492, 380.363739014, 229.709487915, 164.92098999, 295.873687744, 258.511627197, 334.597045898, 257.417297363, 191.077529907, 242.482528687, 76.8806228638, 57.898979187, 16.2924785614, 7.45353555679, 2.60814595222, 0.665575623512, 0.0567785874009], "mean": [0.0440376400948, 1.01743578911, 4.5897064209, 11.5339727402, 17.2344112396, 15.6550264359, 11.0658826828, 8.98023605347, 18.0323791504, 33.0005607605, 24.2215747833, 46.8889427185, 61.2837219238, 50.2641334534, 39.7128715515, 28.0784034729, 34.1509742737, 40.6599769592, 31.3614063263, 23.7248210907, 15.6782045364, 18.8551273346, 15.5372028351, 18.1599178314, 13.3697690964, 10.9902887344, 8.81531143188, 8.28244781494, 7.27234506607, 5.11092472076, 3.04445123672, 2.38685655594, 1.28856480122, 0.590105295181, 0.303401112556, 0.307837277651, 0.082840166986, 0.0236044228077, 0.00792139582336, 0.000597528880462], "median": [0.0224681124091, 0.467833787203, 2.64664673805, 7.05728960037, 10.787612915, 9.47609233856, 5.80595684052, 4.42006826401, 7.00870704651, 7.74080991745, 7.75817489624, 9.97543525696, 14.7315416336, 13.7936639786, 11.7187385559, 9.27276515961, 8.81948852539, 12.0957584381, 9.99806499481, 9.99938678741, 8.01031494141, 8.50124454498, 6.33206415176, 8.20093822479, 5.35448074341, 4.98782300949, 3.45081114769, 3.51537513733, 3.00014734268, 1.65147566795, 0.666253685951, 0.573595583439, 0.30821621418, 0.155413493514, 0.0739627853036, 0.0767525434494, 0.0215114019811, 0.0051786173135, 0.00160366436467, 0.00014148754417], "min": [3.08710529486e-22, 1.61005647426e-21, 4.9923682116e-21, 8.8060315153e-21, 1.71188048916e-20, 7.67182617785e-20, 9.06999535008e-20, 5.39989287677e-20, 1.4698875408e-19, 2.18488410922e-19, 1.41318935044e-19, 4.79671438968e-19, 6.78938731544e-19, 1.2522789657e-18, 1.42200112456e-18, 1.75415498254e-18, 1.81064293978e-18, 1.73911394387e-18, 2.83297531117e-18, 4.47502395285e-18, 4.83418163892e-18, 5.33400924637e-18, 7.2379643631e-18, 6.81995732594e-18, 7.84710512927e-18, 9.48356203001e-18, 1.11329891228e-17, 9.80012074171e-18, 1.02877006994e-17, 1.3049758508e-17, 1.48998190855e-17, 1.09609785687e-17, 1.24961480307e-17, 8.4558248605e-18, 6.32073025162e-18, 4.86896706522e-18, 2.511888406e-18, 1.03607380592e-18, 2.50374879367e-19, 2.83489723947e-20], "var": [0.00449987314641, 2.30599522591, 29.9947738647, 168.463821411, 436.856323242, 338.70904541, 226.486999512, 219.079452515, 1299.22094727, 7300.10986328, 3375.47680664, 14417.5039063, 16668.5800781, 13789.0498047, 8919.99804688, 4664.5703125, 8200.75585938, 7154.82763672, 4540.46142578, 1954.17712402, 615.089050293, 1231.59655762, 905.788391113, 813.553649902, 528.874145508, 259.523620605, 216.921386719, 210.101028442, 185.819290161, 161.099411011, 92.193031311, 50.7988815308, 24.7769203186, 4.72956800461, 1.59681427479, 0.70798510313, 0.0613628476858, 0.00680845417082, 0.000576255843043, 3.362694315e-06]}, "erbbands_crest": {"dmean": 2.68145370483, "dmean2": 4.28849506378, "dvar": 6.49727964401, "dvar2": 15.5246286392, "max": 32.2314605713, "mean": 9.76577568054, "median": 8.42695426941, "min": 2.11327838898, "var": 26.290178299}, "erbbands_flatness_db": {"dmean": 0.0187410824001, "dmean2": 0.0259038135409, "dvar": 0.00029555655783, "dvar2": 0.000541564484593, "max": 0.336768686771, "mean": 0.141743630171, "median": 0.137935221195, "min": 0.0176722034812, "var": 0.00194992031902}, "erbbands_kurtosis": {"dmean": 1.03480374813, "dmean2": 1.61941409111, "dvar": 2.94420933723, "dvar2": 6.57383108139, "max": 36.1975479126, "mean": 0.932461500168, "median": 0.0471249483526, "min": -1.75621783733, "var": 8.49583435059}, "erbbands_skewness": {"dmean": 0.371202409267, "dmean2": 0.565770864487, "dvar": 0.12052782625, "dvar2": 0.260887861252, "max": 5.40943861008, "mean": 0.419686496258, "median": 0.338260382414, "min": -4.64852666855, "var": 0.672548770905}, "erbbands_spread": {"dmean": 8.44765949249, "dmean2": 12.4267673492, "dvar": 82.0432281494, "dvar2": 166.618881226, "max": 139.593215942, "mean": 38.8997688293, "median": 35.7340698242, "min": 2.45235085487, "var": 433.505218506}, "gfcc": {"cov": [[10384.4765625, -261.650726318, -985.308105469, 148.00491333, -486.27633667, 46.2458686829, -144.609054565, -128.346008301, -205.145339966, -85.6564331055, -208.13230896, -44.4862327576, -126.571395874], [-261.650726318, 1031.39733887, -28.9558506012, -32.4622840881, 92.1282806396, -14.728720665, 53.4721832275, 53.5392913818, -4.24865007401, -43.6226730347, -4.27154779434, -55.0374641418, -6.08435583115], [-985.308105469, -28.9558506012, 843.402282715, 158.538909912, 88.3747940063, 10.2502126694, -4.76051998138, -33.3707199097, 41.9867095947, 6.00322961807, 13.4194583893, 21.2834758759, -29.0978870392], [148.00491333, -32.4622840881, 158.538909912, 379.317932129, 87.2185440063, -22.4211826324, -49.9580230713, -34.6000213623, 8.23077297211, -14.4073467255, 11.7548656464, -11.5353908539, 0.360304296017], [-486.27633667, 92.1282806396, 88.3747940063, 87.2185440063, 246.397232056, 47.0537147522, 17.7595710754, -3.0960547924, 7.87304782867, -2.67429184914, -3.64002847672, -3.09574365616, 4.04905986786], [46.2458686829, -14.728720665, 10.2502126694, -22.4211826324, 47.0537147522, 168.682250977, 72.9480133057, 12.2439098358, -6.82946872711, -7.95641183853, 0.114050216973, -11.5313911438, -1.09195399284], [-144.609054565, 53.4721832275, -4.76051998138, -49.9580230713, 17.7595710754, 72.9480133057, 145.430053711, 50.9326057434, 1.91144990921, -5.72966098785, -6.73746728897, -10.977637291, -5.32118177414], [-128.346008301, 53.5392913818, -33.3707199097, -34.6000213623, -3.0960547924, 12.2439098358, 50.9326057434, 106.782661438, 35.0538101196, 0.119284063578, -0.0370797477663, -9.80585956573, 3.62930130959], [-205.145339966, -4.24865007401, 41.9867095947, 8.23077297211, 7.87304782867, -6.82946872711, 1.91144990921, 35.0538101196, 90.1452636719, 36.9049339294, 6.31029939651, -1.31182384491, -5.96590900421], [-85.6564331055, -43.6226730347, 6.00322961807, -14.4073467255, -2.67429184914, -7.95641183853, -5.72966098785, 0.119284063578, 36.9049339294, 88.7240905762, 29.8242511749, 2.04793262482, -15.4307079315], [-208.13230896, -4.27154779434, 13.4194583893, 11.7548656464, -3.64002847672, 0.114050216973, -6.73746728897, -0.0370797477663, 6.31029939651, 29.8242511749, 79.551864624, 23.7241020203, -1.30008268356], [-44.4862327576, -55.0374641418, 21.2834758759, -11.5353908539, -3.09574365616, -11.5313911438, -10.977637291, -9.80585956573, -1.31182384491, 2.04793262482, 23.7241020203, 73.3013076782, 21.7814979553], [-126.571395874, -6.08435583115, -29.0978870392, 0.360304296017, 4.04905986786, -1.09195399284, -5.32118177414, 3.62930130959, -5.96590900421, -15.4307079315, -1.30008268356, 21.7814979553, 67.1622009277]], "icov": [[0.000163047632668, -3.01232012134e-05, 0.000209772770177, -0.000277607527096, 0.000385847844882, -0.000311505427817, 0.000206871220144, -1.01358500615e-05, 0.000285592657747, -0.00014929844474, 0.000619419675786, -0.000374054099666, 0.000509896373842], [-3.01232012134e-05, 0.00117447855882, -3.07992195303e-05, 0.000339318008628, -0.000691110617481, 0.000668656663038, -0.000416757975472, -0.000279906817013, -9.592405695e-05, 0.000877357379068, -0.000802825496066, 0.00117566867266, -0.000134660906042], [0.000209772770177, -3.07992195303e-05, 0.00169450894464, -0.000858614163008, 0.000210481652175, -0.000462823634734, -1.47218879647e-05, 0.000609174487181, -0.000562777917366, 0.00015574003919, 0.000767762190662, -0.00120703096036, 0.00146909675095], [-0.000277607527096, 0.000339318008628, -0.000858614163008, 0.00402843905613, -0.00196766806766, 0.00119141570758, 0.00041688955389, 0.000805764284451, -0.00124149303883, 0.00176559877582, -0.00250344909728, 0.00236250879243, -0.00127782684285], [0.000385847844882, -0.000691110617481, 0.000210481652175, -0.00196766806766, 0.00612356234342, -0.00246069184504, 0.000343512801919, 0.000212310726056, 0.00044218057883, -0.00115602754522, 0.00245084660128, -0.00167634582613, 0.000737630703952], [-0.000311505427817, 0.000668656663038, -0.000462823634734, 0.00119141570758, -0.00246069184504, 0.00914953555912, -0.00476269284263, 0.00113759597298, -0.00048265082296, 0.00149365770631, -0.00275634345599, 0.002697579097, -0.00150300771929], [0.000206871220144, -0.000416757975472, -1.47218879647e-05, 0.00041688955389, 0.000343512801919, -0.00476269284263, 0.011574935168, -0.00520637677982, 0.00209787487984, -0.000773037609179, 0.00187884457409, -0.000892627460416, 0.00177836068906], [-1.01358500615e-05, -0.000279906817013, 0.000609174487181, 0.000805764284451, 0.000212310726056, 0.00113759597298, -0.00520637677982, 0.014894827269, -0.00717325182632, 0.00297227595001, -0.00186162313912, 0.00201269215904, -0.00163961725775], [0.000285592657747, -9.592405695e-05, -0.000562777917366, -0.00124149303883, 0.00044218057883, -0.00048265082296, 0.00209787487984, -0.00717325182632, 0.0179501995444, -0.00818094983697, 0.0033160590101, -0.00147442147136, 0.00106895214412], [-0.00014929844474, 0.000877357379068, 0.00015574003919, 0.00176559877582, -0.00115602754522, 0.00149365770631, -0.000773037609179, 0.00297227595001, -0.00818094983697, 0.0181705392897, -0.00759311858565, 0.00240372447297, 0.00224973191507], [0.000619419675786, -0.000802825496066, 0.000767762190662, -0.00250344909728, 0.00245084660128, -0.00275634345599, 0.00187884457409, -0.00186162313912, 0.0033160590101, -0.00759311858565, 0.0197337307036, -0.00817208457738, 0.00307987048291], [-0.000374054099666, 0.00117566867266, -0.00120703096036, 0.00236250879243, -0.00167634582613, 0.002697579097, -0.000892627460416, 0.00201269215904, -0.00147442147136, 0.00240372447297, -0.00817208457738, 0.0202847011387, -0.00748406909406], [0.000509896373842, -0.000134660906042, 0.00146909675095, -0.00127782684285, 0.000737630703952, -0.00150300771929, 0.00177836068906, -0.00163961725775, 0.00106895214412, 0.00224973191507, 0.00307987048291, -0.00748406909406, 0.0197406169027]], "mean": [7.86435651779, 83.0617294312, -98.7493972778, 21.1793937683, -44.4766616821, 5.02009773254, -26.0082244873, -2.27831196785, -24.2950439453, -5.62523889542, -22.5145702362, -5.13431835175, -14.8103790283]}, "hfc": {"dmean": 6.17846679688, "dmean2": 8.7558965683, "dvar": 95.5324325562, "dvar2": 181.769042969, "max": 265.99105835, "mean": 22.4370822906, "median": 18.2455253601, "min": 1.05615525724e-16, "var": 388.853057861}, "melbands": {"dmean": [0.000541248708032, 0.00130660750438, 0.00132200284861, 0.000768784841057, 0.000282305700239, 0.0001367815712, 0.000158716080477, 0.000164932309417, 0.000110246211989, 0.00014289302635, 0.000157121219672, 9.77965610218e-05, 7.50554754632e-05, 3.68369546777e-05, 4.06162398576e-05, 4.19058342231e-05, 4.50826810265e-05, 3.12819720421e-05, 1.70447601704e-05, 1.85788412637e-05, 8.66694063006e-06, 1.22936535263e-05, 7.95621872385e-06, 5.88388365941e-06, 8.64169214765e-06, 5.24072993358e-06, 3.91684579881e-06, 3.82142843591e-06, 2.94856272376e-06, 2.8420788567e-06, 2.63774677478e-06, 2.31576564147e-06, 2.1740640932e-06, 1.60347497058e-06, 1.10520943508e-06, 9.835249557e-07, 9.29671500671e-07, 6.38020082988e-07, 3.75363811145e-07, 2.95234457326e-07], "dmean2": [0.000872363278177, 0.00210816087201, 0.00218027760275, 0.0012766176369, 0.000463596312329, 0.000222043439862, 0.000253208709182, 0.000254848506302, 0.000169647624716, 0.000214986095671, 0.000243857124588, 0.0001439191401, 0.000114801587188, 5.62945315323e-05, 6.37584380456e-05, 6.35868709651e-05, 7.09883970558e-05, 4.8493486247e-05, 2.66764291155e-05, 2.97159895126e-05, 1.35870550366e-05, 1.94604072021e-05, 1.25984151964e-05, 9.31400518311e-06, 1.40351821756e-05, 8.13938459032e-06, 6.05231480222e-06, 6.08311893302e-06, 4.44408942712e-06, 4.2756350922e-06, 3.88648595617e-06, 3.40986480296e-06, 3.20332628689e-06, 2.31696458286e-06, 1.54875851877e-06, 1.36207097512e-06, 1.3093515463e-06, 9.05736214918e-07, 5.27776705894e-07, 4.1158838826e-07], "dvar": [9.53005212523e-07, 4.07193010687e-06, 4.15959721067e-06, 1.26178633764e-06, 2.26791087243e-07, 5.74507126316e-08, 1.11310342277e-07, 1.85658564078e-07, 9.96440476797e-08, 1.35192451012e-07, 1.42210708987e-07, 5.32378727769e-08, 4.20217283192e-08, 9.42155420347e-09, 1.60339208577e-08, 1.98024405762e-08, 1.47253871319e-08, 7.14630710164e-09, 1.91231275259e-09, 2.52232879028e-09, 4.04819427979e-10, 8.90434281864e-10, 4.38618280585e-10, 2.02811920036e-10, 3.07671971234e-10, 1.37387420884e-10, 7.72353084266e-11, 5.2812979684e-11, 4.32749114321e-11, 3.86459336754e-11, 3.75764246108e-11, 2.84115474203e-11, 2.50670127017e-11, 2.44300257107e-11, 1.74887777871e-11, 1.11455965984e-11, 9.32983985208e-12, 9.07461519123e-12, 3.13287438526e-12, 1.35507805064e-12], "dvar2": [2.3167854124e-06, 1.00101160569e-05, 1.09852426249e-05, 3.44025579579e-06, 6.30217300568e-07, 1.38208463341e-07, 2.67172566737e-07, 4.21362926772e-07, 2.19205432472e-07, 2.88135652227e-07, 3.53030515043e-07, 1.09272889404e-07, 9.54179029122e-08, 2.06561239224e-08, 3.82897944462e-08, 3.81043250286e-08, 3.41805943549e-08, 1.61737894189e-08, 4.40210534691e-09, 6.03955108147e-09, 8.89640527912e-10, 2.01500749419e-09, 9.69154978492e-10, 4.98962648976e-10, 7.44208472625e-10, 2.92519175549e-10, 1.72247438535e-10, 1.29800864501e-10, 9.73895200596e-11, 8.4575020598e-11, 8.47195091858e-11, 6.09960207343e-11, 5.25980925481e-11, 4.9358381965e-11, 3.46725842482e-11, 2.15835422451e-11, 1.96299712596e-11, 1.961434834e-11, 6.1443272345e-12, 2.21526334603e-12], "max": [0.0123236831278, 0.0263868216425, 0.02291136235, 0.0147291226313, 0.00825020391494, 0.00738757615909, 0.0115772383288, 0.0126881897449, 0.010897628963, 0.0116646168754, 0.00822984240949, 0.00795233715326, 0.00705999135971, 0.00259815901518, 0.00515861762688, 0.00468143587932, 0.00366382114589, 0.00225927843712, 0.00130210292991, 0.00255468674004, 0.000794493826106, 0.00123825017363, 0.000682561367285, 0.000404711026931, 0.000759844202548, 0.000304926012177, 0.000283309957013, 0.000136615111842, 0.000135439317091, 0.000112643741886, 0.000208601544728, 0.000138352450449, 0.000219039575313, 0.000203491639695, 0.000169524428202, 9.87565435935e-05, 0.000138736271765, 0.000193740561372, 0.000100883524283, 6.59868892399e-05], "mean": [0.000698178657331, 0.00211177091114, 0.00216416455805, 0.0012339745881, 0.000446866964921, 0.000210839469219, 0.000292210956104, 0.000338006997481, 0.000201744041988, 0.000299314851873, 0.000300300860545, 0.000202683528187, 0.000146639868035, 6.58734716126e-05, 7.24092024029e-05, 7.54727516323e-05, 7.77446693974e-05, 5.67296738154e-05, 2.98116083286e-05, 3.16035839205e-05, 1.60902509379e-05, 2.21202135435e-05, 1.48699928104e-05, 1.14097583719e-05, 1.57090034918e-05, 1.06335328383e-05, 7.67703477322e-06, 7.26902680981e-06, 5.36188326805e-06, 5.21864058101e-06, 4.67044492325e-06, 4.18424133386e-06, 3.55834822585e-06, 2.57676174442e-06, 1.74319620783e-06, 1.5358523342e-06, 1.44325349538e-06, 9.96101221062e-07, 5.98397377871e-07, 4.5358871148e-07], "median": [0.000320163962897, 0.00124724744819, 0.00147090654355, 0.000826465780847, 0.000246371608227, 0.000103344122181, 0.00010814036068, 7.63662465033e-05, 5.3864045185e-05, 5.50091644982e-05, 6.3329229306e-05, 4.65800367238e-05, 3.84858103644e-05, 2.0685909476e-05, 2.08100682357e-05, 1.60991075973e-05, 2.04197131097e-05, 1.55657689902e-05, 1.10403889266e-05, 1.2054929357e-05, 7.33969181965e-06, 8.58757175592e-06, 5.1356350923e-06, 4.51749792774e-06, 6.41881342744e-06, 4.08986943512e-06, 2.89896115646e-06, 3.06632432512e-06, 1.82287908501e-06, 2.09160862141e-06, 1.84554482985e-06, 1.76610444669e-06, 1.2101985476e-06, 7.41514554647e-07, 3.30338110643e-07, 2.97665536664e-07, 3.61129337989e-07, 2.31775175052e-07, 1.46844129745e-07, 1.17665194921e-07], "min": [3.0045706201e-24, 4.6596104628e-24, 2.13089020706e-24, 3.03990172789e-24, 4.02226133848e-24, 8.11145683452e-25, 2.14590814654e-24, 3.64992214666e-24, 1.07593360091e-24, 3.02378174973e-24, 3.08967766772e-24, 4.7454775779e-24, 4.1520640617e-24, 3.7757099623e-24, 4.95967737393e-24, 3.43127080855e-24, 2.9231629357e-24, 4.03181326075e-24, 6.03915542549e-24, 5.17169675841e-24, 4.36712134953e-24, 5.19936881568e-24, 5.64858565815e-24, 3.84974692484e-24, 4.09911926762e-24, 5.47069515744e-24, 4.11288252383e-24, 6.43232370066e-24, 5.76637797409e-24, 6.49140109942e-24, 5.26175351378e-24, 5.6006252817e-24, 6.79561229131e-24, 6.02228326845e-24, 8.04542197839e-24, 6.51911930505e-24, 6.02040893494e-24, 8.09817310713e-24, 7.3147663862e-24, 6.41690423097e-24], "var": [1.17672607303e-06, 6.24441690888e-06, 5.46129695067e-06, 1.82221162959e-06, 3.53138517539e-07, 1.152738065e-07, 3.40454676007e-07, 7.71261511545e-07, 2.92349625397e-07, 6.08068887686e-07, 4.3760374524e-07, 2.37112757873e-07, 1.2751566203e-07, 2.06677910342e-08, 3.30210312427e-08, 5.23451042511e-08, 3.23071347452e-08, 1.89282793883e-08, 3.65465169239e-09, 4.42854553029e-09, 8.79459671754e-10, 2.14961981548e-09, 1.07641551228e-09, 4.30441765564e-10, 7.05742020379e-10, 4.01834732155e-10, 1.91029664309e-10, 1.19251705732e-10, 9.11142897242e-11, 8.17029430222e-11, 7.41811334581e-11, 6.17514789303e-11, 5.71216754452e-11, 5.25306881327e-11, 3.52535466097e-11, 2.36429972822e-11, 1.87612616415e-11, 1.51400437326e-11, 5.47918264579e-12, 3.02359201045e-12]}, "melbands_crest": {"dmean": 3.28930997849, "dmean2": 5.4036989212, "dvar": 8.31960105896, "dvar2": 21.5919113159, "max": 37.6327095032, "mean": 13.9365777969, "median": 13.3497772217, "min": 1.67813050747, "var": 22.2110671997}, "melbands_flatness_db": {"dmean": 0.0272079203278, "dmean2": 0.0404406152666, "dvar": 0.000742806179915, "dvar2": 0.00143979710992, "max": 0.522759199142, "mean": 0.209394454956, "median": 0.199190288782, "min": 0.00363495363854, "var": 0.00516502326354}, "melbands_kurtosis": {"dmean": 9.10257053375, "dmean2": 14.2164697647, "dvar": 420.294616699, "dvar2": 1107.3338623, "max": 778.079467773, "mean": 17.3131961823, "median": 7.55229997635, "min": -1.64384675026, "var": 935.288452148}, "melbands_skewness": {"dmean": 0.827669322491, "dmean2": 1.24765968323, "dvar": 0.834890723228, "dvar2": 1.85843801498, "max": 24.2223949432, "mean": 2.76693677902, "median": 2.39077305794, "min": -1.36967539787, "var": 3.92779755592}, "melbands_spread": {"dmean": 6.3195400238, "dmean2": 9.73578548431, "dvar": 73.8681869507, "dvar2": 158.564407349, "max": 234.444503784, "mean": 20.7703304291, "median": 18.0018405914, "min": 0.52643185854, "var": 264.896392822}, "mfcc": {"cov": [[7194.01708984, -477.136566162, -450.510925293, -65.5604629517, -332.040161133, 40.1796264648, -112.419410706, -29.4059104919, -93.7682952881, -42.171672821, -110.186279297, -96.0471343994, -106.712341309], [-477.136566162, 992.917053223, -17.4317588806, -12.1134252548, 22.3795089722, -40.4967460632, 64.1545562744, 37.4056930542, 57.3836746216, -5.59743022919, 34.1509552002, 21.8268032074, -21.53083992], [-450.510925293, -17.4317588806, 595.042114258, 136.056503296, 83.5066375732, 44.9417572021, -10.7827386856, 11.3761587143, -10.3746929169, -12.0569210052, 10.9564161301, 27.9069576263, 38.5815391541], [-65.5604629517, -12.1134252548, 136.056503296, 325.967346191, 131.326553345, 28.0848236084, -22.1757011414, -11.7754411697, -17.4763736725, 8.34081172943, -20.9506568909, -11.5735177994, 22.4098567963], [-332.040161133, 22.3795089722, 83.5066375732, 131.326553345, 218.010818481, 64.7119750977, 5.64330387115, 6.98632335663, -4.66297626495, 6.84216356277, -4.63186264038, -8.7483625412, 6.09102678299], [40.1796264648, -40.4967460632, 44.9417572021, 28.0848236084, 64.7119750977, 150.195220947, 49.8665962219, 12.0079250336, 1.82940757275, 2.83843016624, 7.3345913887, -3.18067646027, -2.56470704079], [-112.419410706, 64.1545562744, -10.7827386856, -22.1757011414, 5.64330387115, 49.8665962219, 136.391860962, 51.3527030945, 16.4211864471, 10.2628612518, 6.11742973328, 3.45147776604, -13.4301805496], [-29.4059104919, 37.4056930542, 11.3761587143, -11.7754411697, 6.98632335663, 12.0079250336, 51.3527030945, 105.098602295, 40.5017089844, 3.92513036728, -1.48185372353, -2.40066480637, -9.74485492706], [-93.7682952881, 57.3836746216, -10.3746929169, -17.4763736725, -4.66297626495, 1.82940757275, 16.4211864471, 40.5017089844, 93.6007843018, 31.5239582062, 8.0864276886, -7.0865149498, -7.8509926796], [-42.171672821, -5.59743022919, -12.0569210052, 8.34081172943, 6.84216356277, 2.83843016624, 10.2628612518, 3.92513036728, 31.5239582062, 98.4699935913, 21.6791648865, -4.70080280304, -7.74636411667], [-110.186279297, 34.1509552002, 10.9564161301, -20.9506568909, -4.63186264038, 7.3345913887, 6.11742973328, -1.48185372353, 8.0864276886, 21.6791648865, 90.5111999512, 30.8604316711, 4.02369356155], [-96.0471343994, 21.8268032074, 27.9069576263, -11.5735177994, -8.7483625412, -3.18067646027, 3.45147776604, -2.40066480637, -7.0865149498, -4.70080280304, 30.8604316711, 93.8583221436, 38.0651817322], [-106.712341309, -21.53083992, 38.5815391541, 22.4098567963, 6.09102678299, -2.56470704079, -13.4301805496, -9.74485492706, -7.8509926796, -7.74636411667, 4.02369356155, 38.0651817322, 84.9814147949]], "icov": [[0.000179837603355, 4.22418961534e-05, 0.000129454099806, -0.000126323502627, 0.000386619532946, -0.000298437691526, 0.000264762726147, -0.000172666987055, 0.000208874436794, -1.69791237568e-05, 0.000152529129991, 1.55944926519e-05, 0.000199933565455], [4.22418961534e-05, 0.00117874250282, 4.72363026347e-05, -7.56874724175e-05, -0.000281340879155, 0.000667570042424, -0.000704205071088, 0.000181334879017, -0.000801179790869, 0.000528896169271, -0.000405772967497, -0.000301733030938, 0.000428578379797], [0.000129454099806, 4.72363026347e-05, 0.00207944540307, -0.000795142666902, 6.13041629549e-05, -0.000660053163301, 0.000532607722562, -0.000630431110039, 0.000240762732574, 0.000291175936582, -0.000223531562369, -0.000406830949942, -0.000330697919708], [-0.000126323502627, -7.56874724175e-05, -0.000795142666902, 0.00466636847705, -0.00271138502285, 0.000378521363018, 0.00031038664747, 0.000341151026078, 0.000519040680956, -0.000831185199786, 0.000856792146806, 0.000619184982497, -0.00109913828783], [0.000386619532946, -0.000281340879155, 6.13041629549e-05, -0.00271138502285, 0.00789413880557, -0.00344064761885, 0.00132093660068, -0.00120292766951, 0.00101043377072, -0.00051322451327, 0.000384526443668, 0.000436491449364, 0.000335384480422], [-0.000298437691526, 0.000667570042424, -0.000660053163301, 0.000378521363018, -0.00344064761885, 0.00997719354928, -0.00449622282758, 0.00142221467104, -0.0010341394227, 0.000800380366854, -0.00136150070466, 0.000484323420096, -0.000180593851837], [0.000264762726147, -0.000704205071088, 0.000532607722562, 0.00031038664747, 0.00132093660068, -0.00449622282758, 0.0116455880925, -0.0054942490533, 0.00178692431655, -0.0014984542504, 0.000608643633313, -0.000919186102692, 0.00122182792984], [-0.000172666987055, 0.000181334879017, -0.000630431110039, 0.000341151026078, -0.00120292766951, 0.00142221467104, -0.0054942490533, 0.0145426141098, -0.0063312840648, 0.00181642151438, 0.000511962745804, -0.000295222882414, 0.00064248777926], [0.000208874436794, -0.000801179790869, 0.000240762732574, 0.000519040680956, 0.00101043377072, -0.0010341394227, 0.00178692431655, -0.0063312840648, 0.015745876357, -0.00492333201692, -0.000108674641524, 0.00133154192008, -0.000319505867083], [-1.69791237568e-05, 0.000528896169271, 0.000291175936582, -0.000831185199786, -0.00051322451327, 0.000800380366854, -0.0014984542504, 0.00181642151438, -0.00492333201692, 0.0127900307998, -0.00334467622451, 0.000822732690722, 0.000732950342353], [0.000152529129991, -0.000405772967497, -0.000223531562369, 0.000856792146806, 0.000384526443668, -0.00136150070466, 0.000608643633313, 0.000511962745804, -0.000108674641524, -0.00334467622451, 0.014149482362, -0.00494431285188, 0.00128032232169], [1.55944926519e-05, -0.000301733030938, -0.000406830949942, 0.000619184982497, 0.000436491449364, 0.000484323420096, -0.000919186102692, -0.000295222882414, 0.00133154192008, 0.000822732690722, -0.00494431285188, 0.0155278909951, -0.00675442814827], [0.000199933565455, 0.000428578379797, -0.000330697919708, -0.00109913828783, 0.000335384480422, -0.000180593851837, 0.00122182792984, 0.00064248777926, -0.000319505867083, 0.000732950342353, 0.00128032232169, -0.00675442814827, 0.01580632478]], "mean": [-644.902832031, 126.139656067, 2.27329659462, 24.9204750061, 1.26103138924, 11.1979789734, 2.05228948593, 4.09908819199, 0.949255943298, -0.181929633021, -2.59067296982, -6.09917354584, -7.86347770691]}, "pitch_salience": {"dmean": 0.0700652450323, "dmean2": 0.113956265152, "dvar": 0.00385636487044, "dvar2": 0.0100151263177, "max": 0.902468800545, "mean": 0.55287951231, "median": 0.555225014687, "min": 0.0985635221004, "var": 0.011056385003}, "silence_rate_20dB": {"dmean": 0, "dmean2": 0, "dvar": 0, "dvar2": 0, "max": 1, "mean": 1, "median": 1, "min": 1, "var": 0}, "silence_rate_30dB": {"dmean": 0, "dmean2": 0, "dvar": 0, "dvar2": 0, "max": 1, "mean": 1, "median": 1, "min": 1, "var": 0}, "silence_rate_60dB": {"dmean": 0.020105605945, "dmean2": 0.0402152948081, "dvar": 0.0196954850107, "dvar2": 0.0448943711817, "max": 1, "mean": 0.0769621282816, "median": 0, "min": 0, "var": 0.0710360631347}, "spectral_centroid": {"dmean": 240.921737671, "dmean2": 367.890045166, "dvar": 81812.609375, "dvar2": 172116.40625, "max": 11742.9296875, "mean": 1178.54589844, "median": 1082.140625, "min": 142.687210083, "var": 617746.5625}, "spectral_complexity": {"dmean": 3.25182771683, "dmean2": 4.85792636871, "dvar": 13.7663679123, "dvar2": 25.099105835, "max": 60, "mean": 18.1050872803, "median": 17, "min": 0, "var": 114.11239624}, "spectral_contrast_coeffs": {"dmean": [0.0563189871609, 0.0478569120169, 0.0402034297585, 0.0308641679585, 0.0210074018687, 0.0173174999654], "dmean2": [0.0922716036439, 0.0792577788234, 0.0646743476391, 0.0496940165758, 0.0335013382137, 0.0270394552499], "dvar": [0.00214394181967, 0.00149310845882, 0.00106721476186, 0.000653912895359, 0.00030607150984, 0.000223094597459], "dvar2": [0.00585745088756, 0.00388075923547, 0.00261331745423, 0.00155997753609, 0.000730923493393, 0.000510650104843], "max": [-0.319933563471, -0.408626914024, -0.447075933218, -0.536642313004, -0.616962611675, -0.592216253281], "mean": [-0.603896379471, -0.733234584332, -0.743409097195, -0.77390563488, -0.794146597385, -0.749806284904], "median": [-0.599251925945, -0.741334378719, -0.75579315424, -0.779897093773, -0.796921789646, -0.745566368103], "min": [-0.978357255459, -0.983665406704, -0.976608514786, -0.981270194054, -0.967281997204, -0.964584589005], "var": [0.00645985314623, 0.00602966686711, 0.00714663881809, 0.00380648882128, 0.0019891760312, 0.00164790987037]}, "spectral_contrast_valleys": {"dmean": [0.464924126863, 0.377312064171, 0.316494047642, 0.26269286871, 0.222632572055, 0.284948676825], "dmean2": [0.739129364491, 0.615658462048, 0.5070348382, 0.414035588503, 0.322041630745, 0.351938486099], "dvar": [0.172394692898, 0.10961253196, 0.0779072418809, 0.0572473444045, 0.0511679798365, 0.0863571986556], "dvar2": [0.367321878672, 0.259368777275, 0.174958303571, 0.117945730686, 0.0901118814945, 0.137927129865], "max": [-5.20456600189, -4.69732999802, -5.36334848404, -5.78979921341, -5.53372812271, -7.22108697891], "mean": [-7.17624187469, -6.89447689056, -7.38858938217, -7.7256360054, -7.67130613327, -10.2701425552], "median": [-6.97844791412, -6.7268447876, -7.22328233719, -7.56661319733, -7.5209646225, -10.2168302536], "min": [-27.715681076, -27.8794689178, -27.5390338898, -27.6148376465, -27.4419937134, -27.3805522919], "var": [1.92413032055, 1.87634515762, 1.83400762081, 1.78238809109, 1.86914157867, 1.68651378155]}, "spectral_decrease": {"dmean": 2.47808995546e-09, "dmean2": 3.84363163519e-09, "dvar": 8.69991427874e-18, "dvar2": 2.05067685691e-17, "max": 2.87394701447e-19, "mean": -7.77248576611e-09, "median": -7.58309504079e-09, "min": -3.03726679363e-08, "var": 2.39465908746e-17}, "spectral_energy": {"dmean": 0.00968464463949, "dmean2": 0.0149545194581, "dvar": 0.000130161803099, "dvar2": 0.000304773799144, "max": 0.117268830538, "mean": 0.0313702076674, "median": 0.0306390654296, "min": 9.96414818857e-21, "var": 0.00038049928844}, "spectral_energyband_high": {"dmean": 0.000434730085544, "dmean2": 0.000576220510993, "dvar": 9.56932126428e-07, "dvar2": 1.67751670688e-06, "max": 0.0260836165398, "mean": 0.000896975281648, "median": 0.000387123436667, "min": 7.06086459975e-21, "var": 2.71805561169e-06}, "spectral_energyband_low": {"dmean": 0.00573767721653, "dmean2": 0.00904928054661, "dvar": 6.7219392804e-05, "dvar2": 0.000156065521878, "max": 0.0942273437977, "mean": 0.0105278361589, "median": 0.00742091797292, "min": 3.24946258792e-23, "var": 0.000119390999316}, "spectral_energyband_middle_high": {"dmean": 0.00202291761525, "dmean2": 0.00303654139861, "dvar": 1.01342384369e-05, "dvar2": 2.26385272981e-05, "max": 0.05940791592, "mean": 0.00672167073935, "median": 0.00380654307082, "min": 1.29518793247e-21, "var": 5.92406395299e-05}, "spectral_energyband_middle_low": {"dmean": 0.00642086705193, "dmean2": 0.0103540364653, "dvar": 6.70103981975e-05, "dvar2": 0.00017420083168, "max": 0.0921741724014, "mean": 0.0161323100328, "median": 0.0138303320855, "min": 1.81587462632e-22, "var": 0.000156262365635}, "spectral_entropy": {"dmean": 0.168061807752, "dmean2": 0.241028562188, "dvar": 0.0276137106121, "dvar2": 0.0536484345794, "max": 9.82462787628, "mean": 7.50502824783, "median": 7.54267501831, "min": 5.32548427582, "var": 0.216552242637}, "spectral_flux": {"dmean": 0.0261505488306, "dmean2": 0.0415488146245, "dvar": 0.000760191120207, "dvar2": 0.00177273969166, "max": 0.303826600313, "mean": 0.0907486975193, "median": 0.0868477970362, "min": 6.488262011e-11, "var": 0.00211988808587}, "spectral_kurtosis": {"dmean": 1.26484310627, "dmean2": 2.0026049614, "dvar": 1.90494406223, "dvar2": 4.75950527191, "max": 26.7210540771, "mean": 5.2471113205, "median": 4.6600484848, "min": -1.24395191669, "var": 8.60254573822}, "spectral_rms": {"dmean": 0.000842218869366, "dmean2": 0.00126210355666, "dvar": 8.16548606508e-07, "dvar2": 1.71289070749e-06, "max": 0.0106961959973, "mean": 0.00515817664564, "median": 0.00546733662486, "min": 3.1178711956e-12, "var": 3.99839018428e-06}, "spectral_rolloff": {"dmean": 460.651092529, "dmean2": 759.635498047, "dvar": 948485.9375, "dvar2": 2188674, "max": 21554.7363281, "mean": 1303.20251465, "median": 968.994140625, "min": 21.533203125, "var": 2482257.5}, "spectral_skewness": {"dmean": 0.193254977465, "dmean2": 0.29239410162, "dvar": 0.0336361005902, "dvar2": 0.0745224431157, "max": 4.21804666519, "mean": 1.67884469032, "median": 1.61084580421, "min": -0.0648280233145, "var": 0.247579991817}, "spectral_spread": {"dmean": 546528.3125, "dmean2": 752349.375, "dvar": 439469670400, "dvar2": 799084118016, "max": 41631868, "mean": 4763082.5, "median": 4400458.5, "min": 1733940, "var": 5582463959040.0}, "spectral_strongpeak": {"dmean": 0.6159815