{"lowlevel": {"average_loudness": 0.815607845783, "barkbands": {"dmean": [2.93533394142e-05, 0.00229083443992, 0.0010102695087, 0.00124202272855, 0.00143688276876, 0.000691594381351, 0.000719066243619, 0.000295945064863, 0.000467778474558, 0.000353674520738, 0.000269940414, 0.000205161661142, 0.000274530495517, 0.000332905066898, 0.000372050737496, 0.000270703778369, 0.000234142426052, 0.000214752610191, 0.000182692383532, 0.000186980047147, 0.000207229400985, 0.00021420851408, 0.000163687844179, 0.000106869534648, 9.77320742095e-05, 4.47122729383e-05, 5.69514986637e-06], "dmean2": [4.34993162344e-05, 0.00360336434096, 0.0018923478201, 0.00201842584647, 0.0023578973487, 0.00119296298362, 0.00130879168864, 0.000489169440698, 0.000751443323679, 0.000544239883311, 0.000428012397606, 0.000323208631016, 0.00043895127601, 0.000523061782587, 0.000572572520468, 0.000410750100855, 0.000359031982953, 0.000325056054862, 0.000277244806057, 0.000278475810774, 0.000304771441733, 0.000306504109176, 0.000225311683607, 0.00014977347746, 0.000136868344271, 6.27870322205e-05, 7.50106528358e-06], "dvar": [8.73171046578e-09, 7.18910741853e-05, 2.01024940907e-05, 1.10587225208e-05, 1.75633813342e-05, 4.38561119154e-06, 7.170160643e-06, 8.89757473033e-07, 2.31822718888e-06, 2.30725368056e-06, 7.47019896608e-07, 5.43237149486e-07, 5.62669299597e-07, 9.74171030066e-07, 1.05408787476e-06, 5.37648588761e-07, 3.87468361396e-07, 3.05364920905e-07, 1.98135111873e-07, 1.93116449054e-07, 3.39229245583e-07, 3.77519597805e-07, 2.05444393941e-07, 1.32793033458e-07, 1.87007415775e-07, 6.91642014772e-08, 3.60673463318e-10], "dvar2": [1.80773014336e-08, 0.00014974201622, 5.844583211e-05, 2.71934131888e-05, 4.49786857644e-05, 1.1837340935e-05, 2.06694967346e-05, 2.1650562303e-06, 5.4654969972e-06, 4.78122910863e-06, 1.60754416356e-06, 1.20873482956e-06, 1.37555093715e-06, 2.26196584663e-06, 2.327046559e-06, 1.12797067686e-06, 9.40344420997e-07, 6.91037428169e-07, 4.52061868828e-07, 4.36223530187e-07, 7.65690458593e-07, 8.06086063676e-07, 3.92436305674e-07, 2.93322017342e-07, 3.87879509844e-07, 1.62743148735e-07, 7.25544235802e-10], "max": [0.00185749249067, 0.15064035356, 0.0621464401484, 0.03779790923, 0.0562112405896, 0.0239164810628, 0.0318658947945, 0.0254376120865, 0.0389013923705, 0.0562830716372, 0.0539612323046, 0.0237690713257, 0.020920002833, 0.02120009996, 0.0231335107237, 0.0284686200321, 0.0137011734769, 0.0160654596984, 0.00826205965132, 0.005583234597, 0.00868279580027, 0.00997589714825, 0.0127298580483, 0.0140727711841, 0.0165388900787, 0.00972029194236, 0.000361777201761], "mean": [3.69651643268e-05, 0.00230508414097, 0.000726671016309, 0.00118231598753, 0.00133261561859, 0.0006672872114, 0.000570427218918, 0.000295926001854, 0.000664856634103, 0.000536257226486, 0.000352105300408, 0.000238556574914, 0.000330628303345, 0.00042347604176, 0.000467236503027, 0.000384679238778, 0.000320497259963, 0.000306392379571, 0.000252847414231, 0.00024503149325, 0.000255124206888, 0.000268705014605, 0.000215905805817, 0.00014418803039, 0.000135318405228, 5.92101714574e-05, 6.81005212755e-06], "median": [1.40854899655e-05, 0.000227131822612, 7.02308971086e-05, 0.000202435810934, 0.00028856494464, 0.000175169014256, 8.9899294835e-05, 3.12353295158e-05, 8.45398608362e-05, 6.71081361361e-05, 8.04241062724e-05, 3.65700834664e-05, 8.3305152657e-05, 7.70021870267e-05, 8.44325259095e-05, 7.15647329343e-05, 6.33921299595e-05, 7.29466773919e-05, 6.3197556301e-05, 5.83180917602e-05, 4.53618158645e-05, 3.51692724507e-05, 2.10333619179e-05, 1.43755951285e-05, 8.60791351442e-06, 2.70911868938e-06, 2.77832498341e-07], "min": [2.70247621812e-23, 7.57333763599e-24, 1.66184435965e-23, 1.07637751266e-23, 8.56261417621e-24, 7.77026035268e-23, 1.01368676808e-22, 1.11914655327e-23, 1.49921784414e-23, 1.12706135251e-22, 2.42921322283e-23, 4.61765379115e-23, 5.42255981164e-23, 7.70602751124e-23, 5.87590744536e-23, 1.12545245491e-22, 9.89503195734e-23, 1.24341076296e-22, 2.66085812557e-22, 2.85714969042e-22, 2.90986326937e-22, 3.82049501584e-22, 6.02491822165e-22, 8.46241763943e-22, 1.28846638317e-21, 1.51504248225e-21, 2.30385491986e-21], "var": [9.82237491343e-09, 7.61425035307e-05, 1.13933147077e-05, 1.00661518445e-05, 1.48462204379e-05, 3.27820089296e-06, 4.31353191743e-06, 1.05981860088e-06, 6.49969069855e-06, 6.19428465143e-06, 1.581612878e-06, 8.17676493625e-07, 6.94325080985e-07, 1.58317459409e-06, 1.6639386331e-06, 1.02976287053e-06, 5.68916277643e-07, 4.95966446579e-07, 3.14185967909e-07, 2.75646669934e-07, 4.26272066534e-07, 5.08833181811e-07, 3.26010081153e-07, 1.83433343182e-07, 3.11811277243e-07, 8.90948328447e-08, 5.1773352272e-10]}, "barkbands_crest": {"dmean": 2.7418692112, "dmean2": 4.43402051926, "dvar": 8.814204216, "dvar2": 20.0177192688, "max": 26.3039474487, "mean": 8.79129600525, "median": 7.33137321472, "min": 2.07428336143, "var": 23.2149162292}, "barkbands_flatness_db": {"dmean": 0.023592710495, "dmean2": 0.0340290144086, "dvar": 0.000639473902993, "dvar2": 0.00121582334395, "max": 0.488906472921, "mean": 0.111424989998, "median": 0.0970632582903, "min": 0.0188345927745, "var": 0.00386608554982}, "barkbands_kurtosis": {"dmean": 3.67773580551, "dmean2": 5.77064752579, "dvar": 368.412841797, "dvar2": 902.639160156, "max": 830.502807617, "mean": 3.30329060555, "median": -0.0199556350708, "min": -1.92228031158, "var": 379.670532227}, "barkbands_skewness": {"dmean": 0.668361246586, "dmean2": 0.960258305073, "dvar": 0.873467922211, "dvar2": 1.70579349995, "max": 26.5565032959, "mean": 0.814028263092, "median": 0.566517114639, "min": -8.25824832916, "var": 2.61820268631}, "barkbands_spread": {"dmean": 8.13871669769, "dmean2": 11.9901161194, "dvar": 94.8173217773, "dvar2": 203.828567505, "max": 112.404472351, "mean": 29.4953346252, "median": 26.8320140839, "min": 0.422617822886, "var": 303.801483154}, "dissonance": {"dmean": 0.0188981927931, "dmean2": 0.0310565568507, "dvar": 0.000448862701887, "dvar2": 0.00111452816054, "max": 0.500000119209, "mean": 0.4655623734, "median": 0.476448953152, "min": 0.184298142791, "var": 0.00120460614562}, "dynamic_complexity": 5.89118099213, "erbbands": {"dmean": [0.0662356838584, 0.524811625481, 1.04649984837, 2.67169499397, 6.27437400818, 3.30001688004, 3.31641483307, 7.03643369675, 10.4457883835, 7.72944831848, 7.22722291946, 10.8025598526, 10.9037475586, 9.99825668335, 10.7886333466, 8.92297840118, 12.2469615936, 14.7327404022, 19.3785095215, 17.363576889, 12.9331102371, 12.397772789, 11.3196659088, 9.33036994934, 9.15849113464, 8.34278297424, 9.13160133362, 7.86277246475, 7.76129007339, 6.42720079422, 4.42861604691, 2.55128073692, 1.61093211174, 0.917094647884, 0.811026453972, 0.310871750116, 0.0591111704707, 0.00723017891869, 0.00107475055847, 5.77133905608e-05], "dmean2": [0.104216486216, 0.83108574152, 1.83783221245, 4.51416301727, 10.1716890335, 5.35815000534, 5.70183372498, 12.2712087631, 18.9034557343, 13.6330766678, 12.0008802414, 17.1536140442, 16.7507534027, 14.9343795776, 16.8749446869, 13.7416028976, 19.4147453308, 22.8335266113, 30.2884159088, 25.8581809998, 19.3734493256, 18.8979225159, 17.0607471466, 13.8830280304, 13.72311306, 12.2927875519, 13.5175027847, 11.4742841721, 11.2183046341, 9.0938577652, 6.11707210541, 3.53757762909, 2.26771593094, 1.28121876717, 1.1546369791, 0.437732845545, 0.0819130912423, 0.00929822959006, 0.00139693613164, 7.53534914111e-05], "dvar": [0.0635715052485, 3.73662734032, 19.2350692749, 59.3233451843, 363.452545166, 80.5397186279, 91.3199996948, 488.854492188, 1413.51489258, 770.680236816, 493.359832764, 1432.77709961, 1774.21166992, 1822.71875, 768.241821289, 940.58392334, 1036.38696289, 1738.72314453, 2759.01367188, 2734.09936523, 1100.89599609, 1075.01416016, 903.51953125, 564.539367676, 458.397888184, 413.693206787, 608.427978516, 514.171081543, 489.315856934, 356.202789307, 155.563049316, 57.9592628479, 40.8972434998, 15.9178466797, 17.3028011322, 3.35299611092, 0.10625872016, 0.000568686169572, 1.21555094665e-05, 5.13830045179e-08], "dvar2": [0.140193507075, 7.79614639282, 53.6830635071, 161.830993652, 914.380737305, 198.548736572, 242.162612915, 1337.92004395, 4070.21899414, 2155.77832031, 1201.00549316, 3283.33569336, 4033.08886719, 3240.96826172, 1748.43823242, 2006.85168457, 2528.34912109, 3906.06713867, 6405.81201172, 5928.55859375, 2321.06542969, 2577.22460938, 2085.1237793, 1292.72546387, 1044.71435547, 943.976501465, 1405.16345215, 1148.02758789, 1053.66271973, 722.56439209, 303.156921387, 118.943565369, 93.7099456787, 31.74360466, 37.4927825928, 7.50822353363, 0.249061390758, 0.00111952598672, 2.36252635659e-05, 1.12499286331e-07], "max": [4.17973661423, 33.9524002075, 66.8208236694, 86.7677230835, 295.145568848, 104.398544312, 174.080505371, 261.956298828, 468.248565674, 292.621429443, 541.657897949, 1226.85839844, 1214.26330566, 2783.08618164, 1172.80651855, 1209.82006836, 842.68762207, 1058.12402344, 1126.5291748, 1514.41748047, 569.513244629, 728.719909668, 967.546691895, 470.205657959, 429.819824219, 289.452209473, 446.05947876, 400.819488525, 265.785095215, 544.729919434, 361.217041016, 210.048248291, 264.054138184, 219.011520386, 117.775856018, 64.598739624, 11.6147022247, 0.557470798492, 0.0742333829403, 0.00557318329811], "mean": [0.0602633431554, 0.53700119257, 0.860870838165, 2.43831133842, 5.55938196182, 3.39113116264, 3.2950668335, 6.47339868546, 8.6281042099, 6.5499625206, 7.87067461014, 16.3981132507, 16.5172252655, 14.5035858154, 14.0407447815, 11.5194540024, 15.4868116379, 20.2403411865, 25.2606487274, 23.5084724426, 19.2265529633, 18.0196075439, 16.6154098511, 13.772069931, 12.5140075684, 10.9577665329, 11.6992616653, 9.50818443298, 9.73696231842, 8.23068904877, 5.87900352478, 3.46400904655, 2.12499427795, 1.29379093647, 1.08506631851, 0.415366113186, 0.0788473039865, 0.00956369563937, 0.00131096888799, 7.55540677346e-05], "median": [0.00294988136739, 0.0596919767559, 0.1353764534, 0.373168677092, 0.833064436913, 0.903284370899, 1.00267004967, 1.51005983353, 1.58064687252, 0.954286813736, 1.02451694012, 2.01756072044, 2.56564903259, 3.15583467484, 3.94656729698, 2.60306668282, 4.29538536072, 4.60311508179, 4.92303752899, 4.66500425339, 3.83498716354, 3.83882808685, 4.01551437378, 3.66703104973, 3.28821849823, 2.73535728455, 2.35295414925, 1.49414205551, 1.25443887711, 0.900824546814, 0.563671052456, 0.352549523115, 0.185162365437, 0.102988913655, 0.054727576673, 0.0179114025086, 0.00383433164097, 0.000567700655665, 5.89864248468e-05, 1.08107069536e-05], "min": [3.53003415862e-22, 1.9541713841e-21, 1.34227381559e-20, 3.49871711275e-20, 3.45941149336e-20, 2.95597063175e-20, 1.97011377175e-19, 5.60850840886e-19, 1.03436009448e-18, 1.95189292156e-18, 3.30587048656e-19, 4.30414358605e-19, 2.42547470856e-18, 2.34335800761e-18, 1.20220806887e-18, 2.36238378208e-18, 3.34847137378e-18, 2.41816470669e-18, 3.39524657626e-18, 3.45138132738e-18, 6.84888176401e-18, 6.21028178751e-18, 7.32524018953e-18, 6.78534353962e-18, 1.67080557568e-17, 1.36283622474e-17, 1.30231166748e-17, 1.10131827644e-17, 1.48017584782e-17, 1.53990788334e-17, 1.49857466075e-17, 1.74457387358e-17, 1.40401120769e-17, 1.30975240524e-17, 7.72892748951e-18, 5.03911977159e-18, 2.94014565851e-18, 1.21500765487e-18, 3.20896524382e-19, 3.42689327865e-20], "var": [0.0619315691292, 3.95522451401, 12.456319809, 43.5708389282, 308.303497314, 76.8093261719, 71.2364730835, 349.575286865, 869.504516602, 520.520141602, 632.975402832, 4863.62841797, 4091.06518555, 4956.55712891, 1282.36108398, 1565.96801758, 1347.33972168, 3216.78344727, 4057.02368164, 4395.109375, 2187.51220703, 1662.86791992, 1377.83874512, 966.979370117, 690.860534668, 567.145141602, 783.010864258, 635.873168945, 662.870849609, 504.834777832, 245.034103394, 86.8584518433, 54.7780036926, 28.3647670746, 25.9109039307, 4.69612646103, 0.140027210116, 0.000936456955969, 1.84876171261e-05, 6.6408020416e-08]}, "erbbands_crest": {"dmean": 2.96413350105, "dmean2": 4.70583629608, "dvar": 9.29544639587, "dvar2": 21.4277381897, "max": 33.159160614, "mean": 9.05967903137, "median": 7.55068302155, "min": 2.06376361847, "var": 27.9572544098}, "erbbands_flatness_db": {"dmean": 0.0220590978861, "dmean2": 0.0297338962555, "dvar": 0.000513147038873, "dvar2": 0.000854301091749, "max": 0.429602503777, "mean": 0.156548812985, "median": 0.149870529771, "min": 0.0296929180622, "var": 0.00306016928516}, "erbbands_kurtosis": {"dmean": 1.27808237076, "dmean2": 1.97693681717, "dvar": 4.94016027451, "dvar2": 10.8619565964, "max": 55.135887146, "mean": 1.0283510685, "median": 0.0986669063568, "min": -1.80132865906, "var": 11.6263170242}, "erbbands_skewness": {"dmean": 0.417983084917, "dmean2": 0.618173718452, "dvar": 0.190384685993, "dvar2": 0.381641387939, "max": 6.84713745117, "mean": 0.00721064582467, "median": -0.0724265351892, "min": -4.71430015564, "var": 0.854866147041}, "erbbands_spread": {"dmean": 10.1407709122, "dmean2": 15.0169239044, "dvar": 133.805679321, "dvar2": 291.557403564, "max": 148.319061279, "mean": 36.5615844727, "median": 31.6813240051, "min": 1.47674095631, "var": 442.956115723}, "gfcc": {"cov": [[27117.7050781, -581.392150879, -1433.89318848, 1099.1932373, -485.250732422, -40.2104187012, -468.518890381, -148.639907837, -332.587249756, -229.509689331, -403.305145264, -67.3402099609, -240.622268677], [-581.392150879, 2575.82177734, 72.797088623, 6.21067857742, 292.602142334, -95.0221328735, 287.065216064, -131.284973145, 7.3242149353, -80.8107223511, 76.0319595337, -78.305267334, 67.9389953613], [-1433.89318848, 72.797088623, 1621.86560059, 142.777053833, 44.3174438477, 121.662940979, 24.7321166992, -41.1812133789, -13.0724563599, 27.8806781769, -31.1639347076, -5.93785429001, -70.5556411743], [1099.1932373, 6.21067857742, 142.777053833, 474.617034912, 82.0853805542, -0.89912134409, -31.8207607269, -28.5341396332, -29.8789234161, -29.4560203552, -33.8534812927, -11.6095609665, -12.9312438965], [-485.250732422, 292.602142334, 44.3174438477, 82.0853805542, 313.790588379, 55.0461425781, 70.7212600708, -10.0625019073, 22.6869716644, -9.59097003937, 6.36658716202, 0.742008984089, 23.9275341034], [-40.2104187012, -95.0221328735, 121.662940979, -0.89912134409, 55.0461425781, 217.74798584, 70.502456665, 45.1246452332, 5.85934495926, 25.8850193024, 14.0951824188, 3.39994978905, 8.2003660202], [-468.518890381, 287.065216064, 24.7321166992, -31.8207607269, 70.7212600708, 70.502456665, 260.260070801, 36.2220611572, 22.3388519287, 10.7132883072, 34.0761222839, -3.91557502747, 18.6998996735], [-148.639907837, -131.284973145, -41.1812133789, -28.5341396332, -10.0625019073, 45.1246452332, 36.2220611572, 157.167205811, 53.1670951843, 23.3455562592, 15.0595703125, 5.44676971436, 7.29780006409], [-332.587249756, 7.3242149353, -13.0724563599, -29.8789234161, 22.6869716644, 5.85934495926, 22.3388519287, 53.1670951843, 127.363952637, 40.2411270142, 15.6366910934, -1.20906662941, 6.8742814064], [-229.509689331, -80.8107223511, 27.8806781769, -29.4560203552, -9.59097003937, 25.8850193024, 10.7132883072, 23.3455562592, 40.2411270142, 110.689842224, 37.7812232971, 15.6190004349, -2.14015626907], [-403.305145264, 76.0319595337, -31.1639347076, -33.8534812927, 6.36658716202, 14.0951824188, 34.0761222839, 15.0595703125, 15.6366910934, 37.7812232971, 95.6618347168, 33.7273406982, 14.3865995407], [-67.3402099609, -78.305267334, -5.93785429001, -11.6095609665, 0.742008984089, 3.39994978905, -3.91557502747, 5.44676971436, -1.20906662941, 15.6190004349, 33.7273406982, 84.0674209595, 26.4942893982], [-240.622268677, 67.9389953613, -70.5556411743, -12.9312438965, 23.9275341034, 8.2003660202, 18.6998996735, 7.29780006409, 6.8742814064, -2.14015626907, 14.3865995407, 26.4942893982, 75.4129943848]], "icov": [[5.53743884666e-05, -3.23178865074e-05, 8.30021890579e-05, -0.000149151819642, 0.000127658830024, -0.000123617050122, 5.30589495611e-05, 8.02887007012e-06, 5.0411625125e-05, -1.02691574284e-05, 0.000241392393946, -0.00015874519886, 0.000221717331442], [-3.23178865074e-05, 0.000665531493723, -0.000137150738738, 0.000144461126183, -0.000535211816896, 0.000629919522908, -0.000669059285428, 0.000515166495461, -0.000109795269964, 0.000466524914373, -0.00098702928517, 0.001063386444, -0.000750913401134], [8.30021890579e-05, -0.000137150738738, 0.000851865566801, -0.000417381234001, 0.000250048353337, -0.000711356056854, 7.47474550735e-05, 0.000247454387136, 9.92934656097e-06, -0.000279657222563, 0.00078336923616, -0.000667995016556, 0.00114575331099], [-0.000149151819642, 0.000144461126183, -0.000417381234001, 0.00281002838165, -0.00114594388288, 0.000498141569551, 0.000161369127454, -8.24247308628e-06, 0.000339605670888, 0.000292731972877, -0.000241029018071, 0.000549410760868, -0.000414182053646], [0.000127658830024, -0.000535211816896, 0.000250048353337, -0.00114594388288, 0.00459312368184, -0.00160385412164, -0.000305036373902, 0.000605866662227, -0.00106952048372, 0.000379254255677, 0.000978986499831, -0.00102670839988, -5.67892784602e-05], [-0.000123617050122, 0.000629919522908, -0.000711356056854, 0.000498141569551, -0.00160385412164, 0.00670143496245, -0.00173618947156, -0.00140555656981, 0.00110068335198, -0.000954925490078, -0.00118550390471, 0.00143269600812, -0.00159994442947], [5.30589495611e-05, -0.000669059285428, 7.47474550735e-05, 0.000161369127454, -0.000305036373902, -0.00173618947156, 0.00550185423344, -0.0011749266414, -1.94172007468e-05, -3.61834318028e-05, -0.000691933557391, 0.000139904965181, -1.17581130326e-05], [8.02887007012e-06, 0.000515166495461, 0.000247454387136, -8.24247308628e-06, 0.000605866662227, -0.00140555656981, -0.0011749266414, 0.00878006126732, -0.00352025544271, 0.000456605077488, -0.000712088716682, 0.00021003454458, -0.000410193693824], [5.0411625125e-05, -0.000109795269964, 9.92934656097e-06, 0.000339605670888, -0.00106952048372, 0.00110068335198, -1.94172007468e-05, -0.00352025544271, 0.0108658820391, -0.00371180055663, 0.000288543524221, 0.00111258134712, -0.000649322289973], [-1.02691574284e-05, 0.000466524914373, -0.000279657222563, 0.000292731972877, 0.000379254255677, -0.000954925490078, -3.61834318028e-05, 0.000456605077488, -0.00371180055663, 0.012720298022, -0.00478651886806, -0.00036866197479, 0.0010257762624], [0.000241392393946, -0.00098702928517, 0.00078336923616, -0.000241029018071, 0.000978986499831, -0.00118550390471, -0.000691933557391, -0.000712088716682, 0.000288543524221, -0.00478651886806, 0.0169975366443, -0.00704283593222, 0.00147931848187], [-0.00015874519886, 0.001063386444, -0.000667995016556, 0.000549410760868, -0.00102670839988, 0.00143269600812, 0.000139904965181, 0.00021003454458, 0.00111258134712, -0.00036866197479, -0.00704283593222, 0.0178186297417, -0.00690871663392], [0.000221717331442, -0.000750913401134, 0.00114575331099, -0.000414182053646, -5.67892784602e-05, -0.00159994442947, -1.17581130326e-05, -0.000410193693824, -0.000649322289973, 0.0010257762624, 0.00147931848187, -0.00690871663392, 0.0181130636483]], "mean": [-83.1090698242, 62.1234588623, -123.274993896, 31.6194820404, -57.4459457397, 15.3149089813, -37.5078392029, 3.79024243355, -25.1213798523, 3.50815105438, -17.8128223419, 1.47526323795, -10.0232667923]}, "hfc": {"dmean": 10.1189165115, "dmean2": 13.3496637344, "dvar": 499.142028809, "dvar2": 985.116760254, "max": 313.30267334, "mean": 17.1250705719, "median": 5.43850517273, "min": 1.14180054525e-16, "var": 932.239685059}, "melbands": {"dmean": [0.00064109149389, 0.00056283082813, 0.000601323903538, 0.000361342652468, 0.000116032220831, 0.000152733642608, 0.000156106092618, 7.68753307057e-05, 6.27919871476e-05, 6.83506368659e-05, 5.49176875211e-05, 4.18628769694e-05, 3.74398041458e-05, 2.56144194282e-05, 2.51967449003e-05, 2.64178652287e-05, 2.94914825645e-05, 3.3891388739e-05, 2.49569766311e-05, 2.22491198656e-05, 1.51682643263e-05, 1.31141941893e-05, 1.34154361149e-05, 9.39736219152e-06, 7.63709249441e-06, 8.08649838291e-06, 5.87526983509e-06, 5.70679412704e-06, 6.08664640822e-06, 5.13110080647e-06, 4.56805810245e-06, 4.53565507996e-06, 4.12123472415e-06, 3.50918662662e-06, 2.81913912659e-06, 1.98293537323e-06, 1.42168323691e-06, 1.23413201436e-06, 8.94288575637e-07, 7.70833310071e-07], "dmean2": [0.00100712350104, 0.000878283171915, 0.000999339623377, 0.000580659485422, 0.000198107911274, 0.000265930284513, 0.000283192901406, 0.000133355264552, 0.00010455755546, 0.00010830249812, 8.43421876198e-05, 6.22604275122e-05, 5.81297790632e-05, 4.07958723372e-05, 3.96110481233e-05, 4.21591212216e-05, 4.5968714403e-05, 5.33968559466e-05, 3.79195480491e-05, 3.38094541803e-05, 2.3169324777e-05, 2.02399805858e-05, 2.05685937544e-05, 1.44216692206e-05, 1.15780749184e-05, 1.23774407257e-05, 8.99023780221e-06, 8.56895258039e-06, 9.1616757345e-06, 7.7427503129e-06, 6.73305976306e-06, 6.67831864121e-06, 6.0285856307e-06, 4.99089037476e-06, 3.97278563469e-06, 2.78397533293e-06, 2.00924932869e-06, 1.76823846232e-06, 1.29062357246e-06, 1.08533504317e-06], "dvar": [5.77027685722e-06, 4.44326724391e-06, 2.7156509077e-06, 1.10491623673e-06, 1.05522069305e-07, 2.26433712669e-07, 3.24555259112e-07, 7.0121714657e-08, 3.73350559357e-08, 5.69904514691e-08, 4.74791903571e-08, 3.41337411669e-08, 1.03392432393e-08, 8.35318036962e-09, 7.21509918478e-09, 4.64440175207e-09, 8.4046645199e-09, 9.65200186442e-09, 6.46586473252e-09, 4.11600220573e-09, 1.62359381495e-09, 1.40810296756e-09, 1.30899591166e-09, 6.11448780496e-10, 4.11208622708e-10, 3.74218878108e-10, 2.22086585233e-10, 2.04462419218e-10, 2.53702336916e-10, 2.27867918978e-10, 1.75618228293e-10, 1.73042566387e-10, 1.43999631663e-10, 1.0747921303e-10, 6.42577310805e-11, 3.33964141064e-11, 2.05841541728e-11, 2.4427640466e-11, 1.52681946947e-11, 1.28566896712e-11], "dvar2": [1.23929667097e-05, 1.06090992631e-05, 7.03571458871e-06, 2.76508785646e-06, 2.76042754876e-07, 6.20102753146e-07, 9.3585799732e-07, 1.91608279465e-07, 9.23401586306e-08, 1.30421284439e-07, 1.07681366046e-07, 6.04189125397e-08, 2.09281179053e-08, 1.84769142209e-08, 1.75698442462e-08, 1.13968603443e-08, 1.90562463587e-08, 2.28624124077e-08, 1.40057032638e-08, 8.68561667033e-09, 3.56224028053e-09, 3.41368333601e-09, 2.96746383022e-09, 1.43765066518e-09, 9.53734757836e-10, 8.53200288198e-10, 5.24177090622e-10, 4.74684513918e-10, 5.91685811457e-10, 5.34402855301e-10, 3.95053989521e-10, 3.85451004448e-10, 3.06016323393e-10, 2.21127532951e-10, 1.29272675897e-10, 6.68276406435e-11, 4.50571281674e-11, 5.65715842227e-11, 3.51275918076e-11, 2.60032047977e-11], "max": [0.0419871434569, 0.0314786173403, 0.0182345341891, 0.0150020020083, 0.00457259826362, 0.0053455689922, 0.00700077507645, 0.00283252517693, 0.00363899720833, 0.00774460658431, 0.00618857285008, 0.0114444447681, 0.00657001556829, 0.0030490111094, 0.00292789796367, 0.00153386360034, 0.00242067244835, 0.00237694848329, 0.0022648118902, 0.00263633346185, 0.000841390050482, 0.00105617661029, 0.00102349894587, 0.000624596665148, 0.000417758448748, 0.000452902866527, 0.000233865634073, 0.000212246086448, 0.000290929165203, 0.000235032915953, 0.000262663845206, 0.000162503012689, 0.000247884745477, 0.000291015661787, 0.000207389661227, 0.000181658571819, 0.000152310443809, 0.000223422743147, 0.000172033003764, 0.000233167724218], "mean": [0.000615083205048, 0.00055508170044, 0.000546459690668, 0.000337119447067, 0.000117648232845, 0.000142210439662, 0.000128290295834, 6.7498498538e-05, 6.7479275458e-05, 0.000103906371805, 8.16683023004e-05, 5.97777616349e-05, 4.91599021188e-05, 3.01242271235e-05, 3.24701322825e-05, 3.15009529004e-05, 3.78654258384e-05, 4.13511006627e-05, 3.17281774187e-05, 2.9892733437e-05, 2.09587433346e-05, 1.77340698428e-05, 1.8773787815e-05, 1.3132089407e-05, 1.06081470221e-05, 1.08796248242e-05, 7.18444880476e-06, 7.28664190319e-06, 7.74488398747e-06, 6.03710577707e-06, 5.38400081496e-06, 5.51562516193e-06, 5.13812801728e-06, 4.37488688476e-06, 3.62605874216e-06, 2.64007280748e-06, 1.85650094409e-06, 1.55000623181e-06, 1.20441734452e-06, 1.04732635009e-06], "median": [4.64010154246e-05, 7.89758123574e-05, 9.47411172092e-05, 6.75590126775e-05, 3.95592287532e-05, 3.44296349795e-05, 2.31711310335e-05, 8.91351282917e-06, 7.8874600149e-06, 1.26891372929e-05, 1.17740619316e-05, 9.32909097173e-06, 1.18915368148e-05, 6.56616066408e-06, 6.83645203026e-06, 8.47004139359e-06, 6.24620633971e-06, 6.87680994815e-06, 5.5237073866e-06, 5.51302946405e-06, 3.81731706511e-06, 3.69279518964e-06, 3.73520333596e-06, 3.20438880408e-06, 2.54240740105e-06, 2.52534437095e-06, 1.70438022451e-06, 1.6709979036e-06, 1.47179946453e-06, 1.02501201127e-06, 7.49162097691e-07, 6.57792895709e-07, 6.10801293988e-07, 4.19221436232e-07, 3.27461066263e-07, 2.4121345632e-07, 1.83116924291e-07, 1.29878330313e-07, 9.17851039617e-08, 7.71427721702e-08], "min": [5.37789632157e-24, 5.7583761635e-24, 6.01210459619e-24, 2.38101650365e-24, 5.43704550667e-24, 1.42502910477e-23, 2.08535664285e-23, 1.86875736861e-23, 2.0615909459e-24, 2.39532663768e-24, 1.3480397514e-23, 1.11047965405e-23, 3.54370794223e-24, 5.06870860065e-24, 9.60789431868e-24, 5.92128659005e-24, 4.40236252718e-24, 4.55133062609e-24, 4.4488252512e-24, 5.5289746234e-24, 8.85010270021e-24, 5.01310928962e-24, 7.6001139417e-24, 5.06246910532e-24, 5.0342988824e-24, 1.13419928152e-23, 1.15374804361e-23, 7.75032331325e-24, 7.44411511997e-24, 6.90653244547e-24, 6.35527920592e-24, 8.93012553929e-24, 6.47287233448e-24, 9.23452802996e-24, 9.84397751064e-24, 7.79466597359e-24, 1.11352110727e-23, 9.20079239335e-24, 1.0748449137e-23, 1.09221223873e-23], "var": [5.85898260397e-06, 4.05977334594e-06, 2.20160995923e-06, 9.84619077826e-07, 8.52241441862e-08, 1.62786378155e-07, 1.97516413891e-07, 5.23776435557e-08, 4.80930886226e-08, 1.88426795944e-07, 1.10243995266e-07, 9.76299290301e-08, 2.25704930301e-08, 1.1810024958e-08, 1.08053219705e-08, 5.78215830771e-09, 1.44975356164e-08, 1.33269892899e-08, 1.07225206492e-08, 6.97344848533e-09, 3.03814662317e-09, 1.93705362861e-09, 2.12447393011e-09, 9.48426892577e-10, 6.66306287922e-10, 6.07936756492e-10, 2.78920164742e-10, 2.72242811628e-10, 3.3069175176e-10, 2.64086724711e-10, 2.13512554859e-10, 2.21966084402e-10, 1.9305813892e-10, 1.49642603864e-10, 9.7369085017e-11, 5.1261279943e-11, 2.75830001201e-11, 3.04446017008e-11, 2.27750891063e-11, 2.15918966734e-11]}, "melbands_crest": {"dmean": 3.47425794601, "dmean2": 5.46795511246, "dvar": 11.3602228165, "dvar2": 25.5976657867, "max": 35.7205123901, "mean": 11.9657030106, "median": 10.5007543564, "min": 2.03367137909, "var": 33.2009506226}, "melbands_flatness_db": {"dmean": 0.0302467513829, "dmean2": 0.0434984378517, "dvar": 0.00112210027874, "dvar2": 0.00213848799467, "max": 0.633978843689, "mean": 0.157890826464, "median": 0.136963531375, "min": 0.00757255218923, "var": 0.00719089899212}, "melbands_kurtosis": {"dmean": 8.34954071045, "dmean2": 12.701877594, "dvar": 704.590148926, "dvar2": 1470.62561035, "max": 858.557067871, "mean": 10.5652942657, "median": 2.43022918701, "min": -1.90377557278, "var": 1176.9161377}, "melbands_skewness": {"dmean": 0.859713315964, "dmean2": 1.24316692352, "dvar": 1.22892963886, "dvar2": 2.32766032219, "max": 18.5327110291, "mean": 1.94191014767, "median": 1.47029650211, "min": -5.08914613724, "var": 3.98063755035}, "melbands_spread": {"dmean": 13.6538963318, "dmean2": 20.576259613, "dvar": 436.866485596, "dvar2": 916.93927002, "max": 300.670318604, "mean": 41.4441337585, "median": 35.7392425537, "min": 0.338692307472, "var": 1153.4185791}, "mfcc": {"cov": [[17280.4746094, -492.032836914, -999.636962891, 447.269134521, -124.573165894, 110.112266541, -272.665039062, 29.9665489197, -147.74307251, -125.663078308, -225.840957642, -190.57989502, -109.787506104], [-492.032836914, 2199.4519043, 70.4052505493, 178.459442139, -7.25560617447, 136.370101929, 168.007354736, 27.2821788788, 29.9045562744, -6.42463922501, 25.514591217, -1.37596476078, 24.0956039429], [-999.636962891, 70.4052505493, 1230.98046875, 100.334480286, 129.084259033, 107.245132446, 52.7421302795, -0.648030281067, 4.97389125824, 10.9734888077, 21.8999938965, 26.8884506226, -0.855734288692], [447.269134521, 178.459442139, 100.334480286, 393.468170166, 89.7965774536, 73.6472091675, 21.4364929199, 7.98446941376, 7.5983953476, -29.5480918884, -33.757106781, -3.97609496117, 17.7704639435], [-124.573165894, -7.25560617447, 129.084259033, 89.7965774536, 261.042022705, 49.6172599792, 0.569994270802, 13.5019845963, 22.040391922, -0.376709342003, -13.3506584167, 3.97975111008, -8.793176651], [110.112266541, 136.370101929, 107.245132446, 73.6472091675, 49.6172599792, 191.261703491, 81.8489227295, 22.5605983734, 16.5060844421, 6.68485927582, 2.23819041252, -2.33649206161, 3.66351819038], [-272.665039062, 168.007354736, 52.7421302795, 21.4364929199, 0.569994270802, 81.8489227295, 190.500732422, 58.9339561462, 23.0312156677, 24.9425849915, 12.4522638321, 1.43151187897, 8.01836395264], [29.9665489197, 27.2821788788, -0.648030281067, 7.98446941376, 13.5019845963, 22.5605983734, 58.9339561462, 119.823509216, 41.3295898438, 24.2801456451, 17.8872718811, -7.09959793091, -5.44509744644], [-147.74307251, 29.9045562744, 4.97389125824, 7.5983953476, 22.040391922, 16.5060844421, 23.0312156677, 41.3295898438, 105.964103699, 45.9124832153, 11.9803647995, 5.25891828537, 5.30880880356], [-125.663078308, -6.42463922501, 10.9734888077, -29.5480918884, -0.376709342003, 6.68485927582, 24.9425849915, 24.2801456451, 45.9124832153, 111.4818573, 49.4268379211, 3.70918011665, -6.68452501297], [-225.840957642, 25.514591217, 21.8999938965, -33.757106781, -13.3506584167, 2.23819041252, 12.4522638321, 17.8872718811, 11.9803647995, 49.4268379211, 106.58442688, 31.5038204193, -5.36666822433], [-190.57989502, -1.37596476078, 26.8884506226, -3.97609496117, 3.97975111008, -2.33649206161, 1.43151187897, -7.09959793091, 5.25891828537, 3.70918011665, 31.5038204193, 90.9913787842, 37.4562301636], [-109.787506104, 24.0956039429, -0.855734288692, 17.7704639435, -8.793176651, 3.66351819038, 8.01836395264, -5.44509744644, 5.30880880356, -6.68452501297, -5.36666822433, 37.4562301636, 90.7765884399]], "icov": [[7.14154593879e-05, 1.59512528626e-05, 5.98242950218e-05, -0.000100049182947, 6.76017953083e-05, -0.000128710584249, 0.000155338508193, -0.000118367206596, 0.000121392593428, -5.24042079633e-05, 0.00012166036322, 3.13284435833e-05, 7.65163058531e-05], [1.59512528626e-05, 0.000521581503563, 2.21477075684e-05, -0.000234653794905, 0.00011319656187, -0.000176233486854, -0.000380430952646, 0.000154287597979, -0.000151012340211, 0.000216961576371, -0.000265298614977, 0.000151778265717, -6.5578664362e-05], [5.98242950218e-05, 2.21477075684e-05, 0.000954129733145, -0.00019574270118, -0.000307108741254, -0.000450634513982, -2.00504873646e-05, 8.50499200169e-05, 0.000203462070203, -9.25943822949e-05, -8.90462106327e-05, -0.000202672716114, 0.000168743121321], [-0.000100049182947, -0.000234653794905, -0.00019574270118, 0.00328201847151, -0.000933466828428, -0.000668763823342, -2.91102992378e-06, -3.68346154573e-05, -0.000302433472825, 0.000675891817082, 0.00047116461792, 0.000135964524816, -0.00072922342224], [6.76017953083e-05, 0.00011319656187, -0.000307108741254, -0.000933466828428, 0.00472361641005, -0.00107174867298, 0.000819706649054, -0.000594633980654, -0.000666219741106, -0.000163016185979, 0.000944371277001, -0.000810740049928, 0.00104160758201], [-0.000128710584249, -0.000176233486854, -0.000450634513982, -0.000668763823342, -0.00107174867298, 0.00757229654118, -0.00319881015457, 0.000657633063383, -0.000672447495162, 0.000352565053618, -0.000636078242678, 0.000525978044607, -0.000258977728663], [0.000155338508193, -0.000380430952646, -2.00504873646e-05, -2.91102992378e-06, 0.000819706649054, -0.00319881015457, 0.00839493051171, -0.00374612095766, 0.000871441618074, -0.00149277423043, 0.000915765936952, -0.000345401262166, -0.00043273405754], [-0.000118367206596, 0.000154287597979, 8.50499200169e-05, -3.68346154573e-05, -0.000594633980654, 0.000657633063383, -0.00374612095766, 0.0118686761707, -0.00417469395325, 0.000782579358201, -0.00233232788742, 0.00166578078642, 0.000259135849774], [0.000121392593428, -0.000151012340211, 0.000203462070203, -0.000302433472825, -0.000666219741106, -0.000672447495162, 0.000871441618074, -0.00417469395325, 0.0137202935293, -0.00582807371393, 0.00214385986328, -0.00113684334792, -0.000752487685531], [-5.24042079633e-05, 0.000216961576371, -9.25943822949e-05, 0.000675891817082, -0.000163016185979, 0.000352565053618, -0.00149277423043, 0.000782579358201, -0.00582807371393, 0.01451241225, -0.00659215589985, 0.00205070711672, 6.82281242916e-05], [0.00012166036322, -0.000265298614977, -8.90462106327e-05, 0.00047116461792, 0.000944371277001, -0.000636078242678, 0.000915765936952, -0.00233232788742, 0.00214385986328, -0.00659215589985, 0.0150840673596, -0.00621368782595, 0.00286569097079], [3.13284435833e-05, 0.000151778265717, -0.000202672716114, 0.000135964524816, -0.000810740049928, 0.000525978044607, -0.000345401262166, 0.00166578078642, -0.00113684334792, 0.00205070711672, -0.00621368782595, 0.0162663161755, -0.00686192046851], [7.65163058531e-05, -6.5578664362e-05, 0.000168743121321, -0.00072922342224, 0.00104160758201, -0.000258977728663, -0.00043273405754, 0.000259135849774, -0.000752487685531, 6.82281242916e-05, 0.00286569097079, -0.00686192046851, 0.0144852781668]], "mean": [-715.504577637, 91.7788314819, -6.2543554306, 19.9048500061, 1.01302111149, 9.70413303375, -2.26218032837, 1.8060644865, -2.28636527061, -0.102731645107, -2.76931738853, -2.98719668388, -2.70922541618]}, "pitch_salience": {"dmean": 0.0874464213848, "dmean2": 0.138482034206, "dvar": 0.00747343245894, "dvar2": 0.0175063423812, "max": 0.920660912991, "mean": 0.592109322548, "median": 0.606102406979, "min": 0.0932217389345, "var": 0.0187568198889}, "silence_rate_20dB": {"dmean": 0, "dmean2": 0, "dvar": 0, "dvar2": 0, "max": 1, "mean": 1, "median": 1, "min": 1, "var": 0}, "silence_rate_30dB": {"dmean": 0.00297265150584, "dmean2": 0.00594589253888, "dvar": 0.00296421698295, "dvar2": 0.00848716124892, "max": 1, "mean": 0.998315691948, "median": 1, "min": 0, "var": 0.00168140686583}, "silence_rate_60dB": {"dmean": 0.113555289805, "dmean2": 0.227133095264, "dvar": 0.100654900074, "dvar2": 0.206865713, "max": 1, "mean": 0.36847320199, "median": 0, "min": 0, "var": 0.232687622309}, "spectral_centroid": {"dmean": 362.02746582, "dmean2": 538.478637695, "dvar": 189437.40625, "dvar2": 367914.875, "max": 10955.4638672, "mean": 1885.55871582, "median": 1897.20385742, "min": 186.038879395, "var": 766386.25}, "spectral_complexity": {"dmean": 4.4399523735, "dmean2": 6.12129640579, "dvar": 43.5300178528, "dvar2": 71.860244751, "max": 64, "mean": 12.8418703079, "median": 10, "min": 0, "var": 147.011428833}, "spectral_contrast_coeffs": {"dmean": [0.0517330355942, 0.0478225313127, 0.0457836873829, 0.0403431504965, 0.0287920255214, 0.0224635694176], "dmean2": [0.0791603848338, 0.0765242502093, 0.0700612068176, 0.0605194680393, 0.0436947792768, 0.0339477397501], "dvar": [0.00217541260645, 0.00172502791975, 0.00168676150497, 0.00131078308914, 0.000751042214688, 0.000483152427478], "dvar2": [0.0044848783873, 0.00414737034589, 0.00353175913915, 0.00266556860879, 0.00147144752555, 0.00103912991472], "max": [-0.317232966423, -0.421492218971, -0.327686548233, -0.454921662807, -0.503904640675, -0.588096141815], "mean": [-0.675954639912, -0.758604884148, -0.764291882515, -0.776730775833, -0.792780816555, -0.761317670345], "median": [-0.683471798897, -0.761872529984, -0.775315523148, -0.789714396, -0.802425444126, -0.754307985306], "min": [-0.973036527634, -0.968882143497, -0.963585138321, -0.966297745705, -0.96240824461, -0.960692107677], "var": [0.00924630928785, 0.00546828052029, 0.00821803696454, 0.00600233627483, 0.00401259586215, 0.00292678037658]}, "spectral_contrast_valleys": {"dmean": [0.533110737801, 0.530313372612, 0.481855541468, 0.463335454464, 0.41532433033, 0.458292782307], "dmean2": [0.807033538818, 0.817239761353, 0.719080984592, 0.672838389874, 0.565184593201, 0.539137423038], "dvar": [0.299195855856, 0.365152269602, 0.275222927332, 0.273102939129, 0.267069607973, 0.289778411388], "dvar2": [0.596652805805, 0.781747758389, 0.563117384911, 0.501592695713, 0.469575315714, 0.444240272045], "max": [-5.09047746658, -4.22752761841, -5.04639673233, -5.37145423889, -5.15549230576, -7.23751592636], "mean": [-8.54698753357, -7.87030220032, -8.32037734985, -8.46280574799, -8.29558944702, -10.7393493652], "median": [-8.1552696228, -7.69277620316, -8.05665969849, -8.14920806885, -7.95734405518, -10.5745172501], "min": [-27.0398159027, -27.2288608551, -27.1382389069, -27.122133255, -27.1525878906, -27.2979621887], "var": [3.05177497864, 2.52948021889, 2.43286967278, 2.69102883339, 2.92352485657, 2.96499061584]}, "spectral_decrease": {"dmean": 2.0997370509e-09, "dmean2": 3.08634562352e-09, "dvar": 2.07199396304e-17, "dvar2": 4.56758480165e-17, "max": 6.5901867143e-21, "mean": -2.96003133116e-09, "median": -1.03050312728e-09, "min": -4.59926816632e-08, "var": 2.60736692761e-17}, "spectral_energy": {"dmean": 0.00874250940979, "dmean2": 0.0126489894465, "dvar": 0.000343814404914, "dvar2": 0.000755652028602, "max": 0.177291110158, "mean": 0.0127251055092, "median": 0.00456722499803, "min": 1.02608911554e-20, "var": 0.000449913495686}, "spectral_energyband_high": {"dmean": 0.000851662247442, "dmean2": 0.00114096072502, "dvar": 4.79926893604e-06, "dvar2": 9.16599310585e-06, "max": 0.0316835679114, "mean": 0.00122757302597, "median": 0.00020304514328, "min": 7.39376117545e-21, "var": 8.2827245933e-06}, "spectral_energyband_low": {"dmean": 0.00308267842047, "dmean2": 0.00474248686805, "dvar": 0.000110514913104, "dvar2": 0.000216605956666, "max": 0.156944647431, "mean": 0.00351394503377, "median": 0.000452153093647, "min": 4.92359077405e-23, "var": 0.000131731547299}, "spectral_energyband_middle_high": {"dmean": 0.00197241338901, "dmean2": 0.00280931778252, "dvar": 1.48181079567e-05, "dvar2": 3.10070208798e-05, "max": 0.076182231307, "mean": 0.00362136703916, "median": 0.00130635767709, "min": 1.36170629958e-21, "var": 3.50102927769e-05}, "spectral_energyband_middle_low": {"dmean": 0.00428241025656, "dmean2": 0.0068784262985, "dvar": 0.000122217665194, "dvar2": 0.000305353838485, "max": 0.111830718815, "mean": 0.00489148171619, "median": 0.00143012206536, "min": 3.73240386519e-22, "var": 0.00011753916624}, "spectral_entropy": {"dmean": 0.198039144278, "dmean2": 0.268624156713, "dvar": 0.0536238476634, "dvar2": 0.0920383185148, "max": 9.81066703796, "mean": 7.69790029526, "median": 7.75617361069, "min": 4.92469835281, "var": 0.33808195591}, "spectral_flux": {"dmean": 0.0273846220225, "dmean2": 0.039636425674, "dvar": 0.0016920955386, "dvar2": 0.00341121177189, "max": 0.368119597435, "mean": 0.063453309238, "median": 0.0425246693194, "min": 1.05603199796e-10, "var": 0.00384162156843}, "spectral_kurtosis": {"dmean": 1.71778964996, "dmean2": 2.66533708572, "dvar": 11.2297735214, "dvar2": 22.7529335022, "max": 81.095954895, "mean": 4.44771909714, "median": 3.25621747971, "min": -1.38052845001, "var": 39.268863678}, "spectral_rms": {"dmean": 0.000914353469852, "dmean2": 0.00121813162696, "dvar": 2.05880473914e-06, "dvar2": 3.95860161007e-06, "max": 0.0131516894326, "mean": 0.00275229522958, "median": 0.00211088359356, "min": 3.1639571605e-12, "var": 4.83961957798e-06}, "spectral_rolloff": {"dmean": 812.46697998, "dmean2": 1248.39929199, "dvar": 1677045, "dvar2": 3134142.5, "max": 19099.9511719, "mean": 2697.03808594, "median": 2067.1875, "min": 21.533203125, "var": 5997752.5}, "spectral_skewness": {"dmean": 0.250412911177, "dmean2": 0.372828006744, "dvar": 0.117122724652, "dvar2": 0.224360927939, "max": 7.63359451294, "mean": 1.43459093571, "median": 1.31241905689, "min": -0.532914817333, "var": 0.553103089333}, "spectral_spread": {"dmean": 677023.875, "dmean2": 910116.6875, "dvar": 965753831424, "dvar2": 1488348381180.0, "max": 513945