{"lowlevel": {"average_loudness": 0.153050810099, "barkbands": {"dmean": [0.000395798881073, 0.00188757060096, 0.00109908543527, 0.000809418444987, 0.00155473011546, 0.00163257715758, 0.00110816687811, 0.00134093069937, 0.00141282775439, 0.000218756293179, 8.89420043677e-05, 5.83858927712e-05, 4.6314100473e-05, 2.47861498792e-05, 2.05517007998e-05, 1.93869909708e-05, 2.09696754609e-05, 2.51111887337e-05, 3.29013382725e-05, 2.11632614082e-05, 7.14960651749e-06, 3.11698477162e-06, 1.97597091756e-06, 1.28489489271e-06, 1.25318740629e-06, 1.57932231559e-06, 4.35219699284e-05], "dmean2": [0.000677046831697, 0.00305760628544, 0.00175836123526, 0.00126007432118, 0.00244369427674, 0.00241347705014, 0.0016849009553, 0.00211923499592, 0.00208419025876, 0.000341520615621, 0.000140766744153, 9.43555205595e-05, 7.4268777098e-05, 3.93083173549e-05, 3.27192392433e-05, 3.04343502648e-05, 3.22431151289e-05, 3.61844940926e-05, 4.78343645227e-05, 2.88246083073e-05, 1.0064871276e-05, 4.32860178989e-06, 2.95445715892e-06, 2.10731900552e-06, 2.05651281249e-06, 2.53835810327e-06, 5.35374892934e-05], "dvar": [2.1620737698e-06, 2.85673340841e-05, 8.57263148646e-06, 4.6996792662e-06, 1.85822937055e-05, 2.22692378884e-05, 1.23093450384e-05, 1.58669390657e-05, 3.06032197841e-05, 1.33891035148e-06, 2.07502594662e-07, 1.99714861537e-07, 3.16207220408e-08, 9.45545952646e-09, 5.57951063129e-09, 8.02304356284e-09, 3.91015362311e-08, 4.08208080671e-08, 1.04542131396e-07, 5.255757074e-08, 5.1792019562e-09, 7.21338266896e-10, 1.48009285383e-10, 9.30521285025e-12, 8.11907138742e-12, 1.2090424148e-11, 1.02508394662e-07], "dvar2": [5.61583601666e-06, 7.22550539649e-05, 2.11163132917e-05, 1.00594143078e-05, 4.67200261483e-05, 4.635958976e-05, 2.66613733402e-05, 3.92014117097e-05, 6.51755108265e-05, 3.04029731524e-06, 4.70208249226e-07, 4.44518491349e-07, 7.14883583441e-08, 2.07094039695e-08, 1.40769218504e-08, 1.92939815236e-08, 9.75212728349e-08, 8.97540388678e-08, 2.31653203286e-07, 9.38368742709e-08, 8.06743472026e-09, 1.07492026391e-09, 2.39073927322e-10, 2.33677122791e-11, 2.060104691e-11, 2.96468717631e-11, 1.25531684603e-07], "max": [0.0336172804236, 0.214504912496, 0.106929913163, 0.0616201423109, 0.135010510683, 0.121572047472, 0.0991205275059, 0.0951552987099, 0.160722106695, 0.0548597872257, 0.0258705336601, 0.0326210744679, 0.00836372468621, 0.00421872595325, 0.00303399539553, 0.00487152626738, 0.0138081880286, 0.00734667805955, 0.0167640149593, 0.0122107174248, 0.00465168617666, 0.00225487118587, 0.000963888363913, 5.37654777872e-05, 4.90830607305e-05, 7.34624045435e-05, 0.0168867129833], "mean": [0.000398486474296, 0.0036862231791, 0.00178215093911, 0.00136305915657, 0.00249545602128, 0.00277119060047, 0.00194155483041, 0.00226799142547, 0.00227224966511, 0.000358349236194, 0.000124245227198, 9.37794902711e-05, 7.95979649411e-05, 3.89923079638e-05, 3.36783814419e-05, 3.07037225866e-05, 3.14481949317e-05, 3.91784924432e-05, 5.04729323438e-05, 3.26327390212e-05, 1.11557546916e-05, 4.41308930021e-06, 2.55523104897e-06, 1.35533787216e-06, 1.30067155624e-06, 1.88852322935e-06, 0.000102411147964], "median": [5.44629001524e-05, 0.000443253462436, 0.000322065781802, 0.000259392312728, 0.000550008728169, 0.00044879555935, 0.000190095335711, 7.64334981795e-05, 7.63382995501e-05, 4.04610691476e-05, 3.12033153023e-05, 1.47163373185e-05, 1.22979818116e-05, 1.15883449325e-05, 7.79133551987e-06, 6.42354007141e-06, 4.71594375995e-06, 4.07002244174e-06, 4.23872370447e-06, 1.87965770237e-06, 9.29829070628e-07, 5.67545953345e-07, 3.76223226795e-07, 2.51285086961e-07, 2.55427266893e-07, 4.65122866444e-07, 1.2934937331e-05], "min": [4.34763569631e-24, 2.40301105009e-23, 7.81161465014e-24, 8.59532113821e-24, 1.37561832865e-23, 8.61756196702e-23, 1.05787825112e-23, 4.8566243718e-23, 5.08156995219e-23, 4.78378852888e-23, 8.51587842743e-23, 5.00965802316e-23, 1.48964605835e-22, 5.1709062409e-23, 1.70073097399e-22, 1.76918466303e-22, 9.34009986495e-23, 2.23237816437e-22, 1.79349243363e-22, 3.94363683423e-22, 5.35544870075e-22, 4.95680257546e-22, 5.30525745721e-22, 8.81130721509e-22, 1.18303993208e-21, 2.28290075473e-21, 2.21443116226e-21], "var": [2.16384410123e-06, 0.000132148488774, 1.7714139176e-05, 1.37744073072e-05, 3.16981677315e-05, 5.49364958715e-05, 3.67427528545e-05, 3.85803250538e-05, 8.29010969028e-05, 3.41507961821e-06, 2.64358504865e-07, 4.66838685043e-07, 8.32354416502e-08, 1.50829269074e-08, 1.01086250481e-08, 1.13972644655e-08, 5.69836373643e-08, 8.21352728053e-08, 1.83274920573e-07, 1.30442828095e-07, 1.49138994487e-08, 1.78645132021e-09, 3.59847235343e-10, 1.14932369177e-11, 8.88986367159e-12, 1.7396252841e-11, 5.55753217668e-07]}, "barkbands_crest": {"dmean": 3.13139224052, "dmean2": 5.12160348892, "dvar": 7.06505966187, "dvar2": 18.4294548035, "max": 26.8384838104, "mean": 13.1833171844, "median": 12.269990921, "min": 3.2954852581, "var": 24.9539661407}, "barkbands_flatness_db": {"dmean": 0.0325159467757, "dmean2": 0.0512062758207, "dvar": 0.00073799060192, "dvar2": 0.0018767620204, "max": 0.499156564474, "mean": 0.213110655546, "median": 0.207355976105, "min": 0.034859828651, "var": 0.00333893019706}, "barkbands_kurtosis": {"dmean": 13.1183023453, "dmean2": 21.1263694763, "dvar": 666.563110352, "dvar2": 1631.16442871, "max": 1038.8269043, "mean": 28.5620212555, "median": 17.9822425842, "min": -1.69274830818, "var": 2224.22265625}, "barkbands_skewness": {"dmean": 0.963939070702, "dmean2": 1.52749240398, "dvar": 0.954724609852, "dvar2": 2.34246587753, "max": 27.1832561493, "mean": 3.26356554031, "median": 2.89683628082, "min": -2.02091956139, "var": 5.13213968277}, "barkbands_spread": {"dmean": 2.89740633965, "dmean2": 4.55239152908, "dvar": 23.3093891144, "dvar2": 48.8177566528, "max": 115.170021057, "mean": 8.47417926788, "median": 6.15717029572, "min": 0.154501989484, "var": 83.670791626}, "dissonance": {"dmean": 0.0376313962042, "dmean2": 0.0632580518723, "dvar": 0.00125820736866, "dvar2": 0.00353453680873, "max": 0.500000059605, "mean": 0.420479565859, "median": 0.431635260582, "min": 0.143824175, "var": 0.00286524835974}, "dynamic_complexity": 9.15872573853, "erbbands": {"dmean": [0.0701970160007, 0.395183712244, 1.05102837086, 2.26898360252, 4.0688252449, 5.21679019928, 9.13901519775, 14.0224428177, 10.3367509842, 30.8631019592, 22.0812625885, 41.0116615295, 11.1924591064, 4.06528806686, 3.53843951225, 2.23382377625, 2.24222755432, 1.40149343014, 1.02682995796, 1.03452289104, 0.886968791485, 1.12299764156, 1.35540771484, 1.51993453503, 1.5238314867, 0.971755743027, 0.498773038387, 0.17986831069, 0.121206447482, 0.075246527791, 0.0563024580479, 0.0307472441345, 0.019984960556, 0.0138599062338, 0.00902223773301, 0.00538820168003, 0.00302334316075, 0.00210667448118, 0.00359496171586, 0.00291572697461], "dmean2": [0.12088727206, 0.619670927525, 1.6922814846, 3.48600077629, 6.46030378342, 8.18013572693, 13.9548082352, 20.8389816284, 15.3742113113, 48.9889335632, 33.7125015259, 60.0440711975, 17.2080554962, 6.25410175323, 5.59005260468, 3.60532355309, 3.55277299881, 2.1817677021, 1.63611674309, 1.61775135994, 1.3481951952, 1.68386864662, 1.91178107262, 2.11094236374, 2.12937664986, 1.29839265347, 0.678245007992, 0.25801551342, 0.167649805546, 0.111265711486, 0.0857239440084, 0.0494078025222, 0.0328627638519, 0.0227701440454, 0.0147811938077, 0.0088021075353, 0.00484603922814, 0.00296288589016, 0.00428302912042, 0.00411556195468], "dvar": [0.0543990880251, 1.16422760487, 8.27172470093, 31.530582428, 101.956443787, 288.22454834, 1140.61437988, 1706.9765625, 1329.01098633, 6899.50390625, 5101.20361328, 29416.453125, 2711.86791992, 327.644165039, 385.197296143, 169.257369995, 65.2738723755, 37.6953201294, 12.0300178528, 12.8943033218, 23.0465087891, 104.459434509, 114.561538696, 138.579956055, 303.671966553, 116.410011292, 27.3860759735, 2.81004333496, 1.23148596287, 0.288584053516, 0.158471956849, 0.00784127227962, 0.00214506313205, 0.00101168558467, 0.000413854810176, 0.000141952710692, 4.44454744866e-05, 5.72861099499e-05, 0.00103921804111, 9.28582448978e-05], "dvar2": [0.15960393846, 2.56742954254, 21.1384658813, 63.9749336243, 241.97505188, 721.655456543, 2633.01953125, 3553.62329102, 2614.15063477, 18289.7011719, 11338.4970703, 62039.8320312, 6284.04785156, 677.63494873, 875.920654297, 407.16506958, 157.793930054, 74.1897735596, 29.7219238281, 30.0047607422, 41.0003967285, 238.547775269, 241.890426636, 279.636291504, 687.461730957, 215.603591919, 43.6825408936, 4.57850313187, 1.98685371876, 0.402700215578, 0.300078719854, 0.0168290957808, 0.00547181349248, 0.00257015274838, 0.00104952405673, 0.000360135454684, 0.000108733504021, 8.39598069433e-05, 0.00149801548105, 0.000145282421727], "max": [6.67682027817, 53.1588516235, 104.207046509, 167.159545898, 264.163726807, 576.198547363, 1052.36218262, 1305.23754883, 1089.41247559, 1930.22143555, 1835.23657227, 5080.40625, 2100.24462891, 785.007751465, 1134.16381836, 970.826171875, 297.137359619, 266.402130127, 127.776687622, 134.099761963, 329.233886719, 712.68572998, 466.524597168, 579.116516113, 986.986572266, 556.583068848, 295.02053833, 125.231384277, 91.7652130127, 42.9038772583, 31.7917747498, 4.35230636597, 0.819397568703, 0.554863154888, 0.345908522606, 0.191744059324, 0.124366275966, 0.346829682589, 2.04797029495, 0.411583870649], "mean": [0.0971577018499, 0.856220781803, 1.88949453831, 4.15551948547, 6.21336507797, 7.92572832108, 15.6373128891, 23.2614059448, 19.1200675964, 52.7401275635, 40.4824523926, 65.184425354, 18.8093986511, 7.37215566635, 5.31171321869, 3.86087656021, 3.97140979767, 2.43435311317, 1.74168467522, 1.85104835033, 1.52401053905, 1.81802761555, 2.18022489548, 2.44745278358, 2.28007078171, 1.53921532631, 0.767871975899, 0.298350006342, 0.170327797532, 0.104824125767, 0.0711609497666, 0.0346647240222, 0.0204030610621, 0.0142614841461, 0.00946139823645, 0.00580962281674, 0.00371388858184, 0.00360347912647, 0.00780175346881, 0.00745775131509], "median": [0.0127508156002, 0.10056193918, 0.360448271036, 0.853781461716, 1.53114438057, 1.70341539383, 2.58045339584, 3.68393778801, 2.93928599358, 3.06701612473, 1.57606649399, 1.9445540905, 1.8141310215, 1.11778640747, 1.26146686077, 0.730747580528, 0.676247954369, 0.608341276646, 0.532243609428, 0.449132144451, 0.31373745203, 0.26997718215, 0.229238569736, 0.244145214558, 0.168173521757, 0.0888789892197, 0.0521455034614, 0.0302096903324, 0.0211102422327, 0.0149685544893, 0.0103531125933, 0.00628743506968, 0.00379427475855, 0.00273800967261, 0.00190018699504, 0.00124419736676, 0.000955967814662, 0.000833921600133, 0.000987039413303, 0.00132385862526], "min": [7.92183663084e-22, 4.88579035176e-21, 8.01906286651e-21, 2.24296356195e-20, 3.46551744338e-20, 3.52619308001e-20, 1.16534354995e-19, 1.00755995962e-18, 4.1064236382e-19, 3.41553912614e-19, 1.17245913852e-18, 1.22553911163e-18, 1.75514532453e-18, 1.86803024913e-18, 2.86786020593e-18, 2.82310870082e-18, 6.55865800147e-18, 2.87374270086e-18, 6.07734228254e-18, 1.0522150982e-17, 8.52911223559e-18, 6.88345956798e-18, 1.06510033875e-17, 1.25735779263e-17, 9.46838988322e-18, 1.86238457602e-17, 1.87090503264e-17, 2.0193152966e-17, 1.47478643526e-17, 2.07215791023e-17, 1.5325798903e-17, 1.63056026103e-17, 1.64941667028e-17, 1.1787530524e-17, 9.95213420443e-18, 6.79745925405e-18, 4.58560559304e-18, 1.5042762306e-18, 2.94065861389e-19, 3.18819060274e-20], "var": [0.0844228714705, 7.87279415131, 16.8572311401, 109.148010254, 188.949172974, 446.647399902, 2394.96020508, 4101.27685547, 4265.20361328, 15628.5400391, 14108.4951172, 77579.546875, 6299.22753906, 924.984924316, 593.583496094, 438.983856201, 180.43637085, 76.1863174438, 19.0383796692, 29.9906177521, 43.4704856873, 173.649368286, 255.673782349, 318.459869385, 494.080841064, 293.777252197, 73.132598877, 8.93734550476, 2.78462123871, 0.802172005177, 0.308103173971, 0.0149509990588, 0.00229442073032, 0.00109280552715, 0.000459496804979, 0.000163574542967, 6.62715319777e-05, 0.000235364059336, 0.00444443291053, 0.000468964979518]}, "erbbands_crest": {"dmean": 3.67428660393, "dmean2": 5.95949554443, "dvar": 10.4699029922, "dvar2": 25.5262718201, "max": 32.7474479675, "mean": 13.340221405, "median": 12.070435524, "min": 2.09176540375, "var": 37.5051116943}, "erbbands_flatness_db": {"dmean": 0.0303692836314, "dmean2": 0.0470247343183, "dvar": 0.000658785633277, "dvar2": 0.00163457670715, "max": 0.442407011986, "mean": 0.194118842483, "median": 0.18938036263, "min": 0.0199076831341, "var": 0.00340482708998}, "erbbands_kurtosis": {"dmean": 3.86176490784, "dmean2": 6.10672664642, "dvar": 49.9362640381, "dvar2": 130.455352783, "max": 173.035186768, "mean": 6.70256900787, "median": 3.32559013367, "min": -1.72100090981, "var": 122.495643616}, "erbbands_skewness": {"dmean": 0.548829615116, "dmean2": 0.852750718594, "dvar": 0.28485545516, "dvar2": 0.67034304142, "max": 8.0382604599, "mean": 1.4547907114, "median": 1.39536416531, "min": -4.4381980896, "var": 1.4026901722}, "erbbands_spread": {"dmean": 5.25120258331, "dmean2": 8.10426044464, "dvar": 30.1751289368, "dvar2": 68.4138183594, "max": 132.555511475, "mean": 19.8339824677, "median": 17.2881355286, "min": 0.498368412256, "var": 211.785736084}, "gfcc": {"cov": [[20684.4804688, 3182.01660156, -600.753967285, -438.782196045, -41.0634841919, -710.568481445, 407.026367188, 193.173995972, 211.752105713, -109.266975403, 92.5988464355, -534.626159668, -113.807617188], [3182.01660156, 1441.81445312, 23.5138053894, -152.411315918, 163.966690063, -209.001342773, 101.046005249, -172.530578613, 11.2768125534, -123.184326172, 56.4205932617, -99.5105209351, -29.6970825195], [-600.753967285, 23.5138053894, 499.694854736, 184.404022217, 25.2729263306, 230.8099823, -26.924785614, 79.7392120361, -0.701884627342, 83.7977752686, 22.0759506226, 33.9620399475, 28.6496639252], [-438.782196045, -152.411315918, 184.404022217, 500.52130127, 190.386001587, 194.925964355, 32.0322265625, 10.5360736847, -84.7345657349, 33.4349060059, 24.6783046722, 68.6225891113, -6.17132425308], [-41.0634841919, 163.966690063, 25.2729263306, 190.386001587, 295.224121094, 41.5329399109, 88.080657959, -41.8391265869, -21.2254905701, -25.1193218231, 37.8640518188, 10.8957901001, 0.655782938004], [-710.568481445, -209.001342773, 230.8099823, 194.925964355, 41.5329399109, 386.850006104, 4.0681385994, 121.232093811, -45.9912948608, 85.137878418, 11.4003210068, 50.3224105835, 21.530002594], [407.026367188, 101.046005249, -26.924785614, 32.0322265625, 88.080657959, 4.0681385994, 192.929489136, 78.2190856934, 76.8470306396, 1.11633002758, 14.1521644592, -22.6657962799, -16.3471946716], [193.173995972, -172.530578613, 79.7392120361, 10.5360736847, -41.8391265869, 121.232093811, 78.2190856934, 237.538131714, 100.352630615, 93.8591537476, 5.82796192169, -21.9152984619, 3.4294230938], [211.752105713, 11.2768125534, -0.701884627342, -84.7345657349, -21.2254905701, -45.9912948608, 76.8470306396, 100.352630615, 165.445953369, 61.0462150574, 12.2262353897, -33.1836395264, -12.3359088898], [-109.266975403, -123.184326172, 83.7977752686, 33.4349060059, -25.1193218231, 85.137878418, 1.11633002758, 93.8591537476, 61.0462150574, 124.030052185, 53.694683075, 12.8525753021, 4.64040899277], [92.5988464355, 56.4205932617, 22.0759506226, 24.6783046722, 37.8640518188, 11.4003210068, 14.1521644592, 5.82796192169, 12.2262353897, 53.694683075, 95.079460144, 43.4471282959, 16.4249458313], [-534.626159668, -99.5105209351, 33.9620399475, 68.6225891113, 10.8957901001, 50.3224105835, -22.6657962799, -21.9152984619, -33.1836395264, 12.8525753021, 43.4471282959, 106.25377655, 55.7508392334], [-113.807617188, -29.6970825195, 28.6496639252, -6.17132425308, 0.655782938004, 21.530002594, -16.3471946716, 3.4294230938, -12.3359088898, 4.64040899277, 16.4249458313, 55.7508392334, 94.0022659302]], "icov": [[0.00012088798394, -0.000344556669006, 0.000273801968433, -0.00027318650973, 0.000283114524791, 0.000110527667857, 2.11566584767e-05, -0.000412742607296, 0.000167805599631, -0.000114997084893, -0.000141669734148, 0.000504084862769, -0.000318941049045], [-0.000344556669006, 0.00238627963699, -0.00154745287728, 0.00114620884415, -0.000966372375842, -0.000357834273018, -0.000704682257492, 0.00226526055485, -0.000925390224438, 0.00256179831922, -0.00251279654913, 0.00111320067663, 0.000298047496472], [0.000273801968433, -0.00154745287728, 0.00429125921801, -0.00203464739025, 0.00121268839575, -0.00162341003306, 0.0015388680622, -0.0011515179649, -0.00109563348815, -0.00104066333733, 0.000205185715458, 0.00124707003124, -0.00179371854756], [-0.00027318650973, 0.00114620884415, -0.00203464739025, 0.00585227366537, -0.00416270503774, 0.000326759531163, -0.0014811672736, 0.000309291441226, 0.0035407715477, -0.00352350389585, 0.00371076213196, -0.0054716267623, 0.00395634630695], [0.000283114524791, -0.000966372375842, 0.00121268839575, -0.00416270503774, 0.00846661161631, -0.00168303633109, -0.00215531210415, 0.00186980317812, -0.0021653608419, 0.00428475998342, -0.00606137467548, 0.00586840184405, -0.00363903795369], [0.000110527667857, -0.000357834273018, -0.00162341003306, 0.000326759531163, -0.00168303633109, 0.00724923238158, -0.00118469831068, -0.00401385268196, 0.00611758138984, -0.00631488580257, 0.00493452372029, -0.00388147565536, 0.00138317083474], [2.11566584767e-05, -0.000704682257492, 0.0015388680622, -0.0014811672736, -0.00215531210415, -0.00118469831068, 0.0115909148008, -0.00460727792233, -0.00603218376637, 0.00682109734043, -0.00345171429217, 0.0004326235794, 0.000925095984712], [-0.000412742607296, 0.00226526055485, -0.0011515179649, 0.000309291441226, 0.00186980317812, -0.00401385268196, -0.00460727792233, 0.0140166562051, -0.00514545058832, -0.00237464928068, -0.000642313505523, 0.00422812951729, -0.00277250353247], [0.000167805599631, -0.000925390224438, -0.00109563348815, 0.0035407715477, -0.0021653608419, 0.00611758138984, -0.00603218376637, -0.00514545058832, 0.019133137539, -0.0142335733399, 0.00795171130449, -0.00372359994799, 0.00226232525893], [-0.000114997084893, 0.00256179831922, -0.00104066333733, -0.00352350389585, 0.00428475998342, -0.00631488580257, 0.00682109734043, -0.00237464928068, -0.0142335733399, 0.0358840301633, -0.0249108504504, 0.0104001108557, -0.00200949120335], [-0.000141669734148, -0.00251279654913, 0.000205185715458, 0.00371076213196, -0.00606137467548, 0.00493452372029, -0.00345171429217, -0.000642313505523, 0.00795171130449, -0.0249108504504, 0.0345739610493, -0.019586186856, 0.00539930164814], [0.000504084862769, 0.00111320067663, 0.00124707003124, -0.0054716267623, 0.00586840184405, -0.00388147565536, 0.0004326235794, 0.00422812951729, -0.00372359994799, 0.0104001108557, -0.019586186856, 0.0321190059185, -0.015637177974], [-0.000318941049045, 0.000298047496472, -0.00179371854756, 0.00395634630695, -0.00363903795369, 0.00138317083474, 0.000925095984712, -0.00277250353247, 0.00226232525893, -0.00200949120335, 0.00539930164814, -0.015637177974, 0.0198498554528]], "mean": [-146.726669312, 118.674377441, -64.7109146118, -14.0984687805, -28.6461277008, -26.6677494049, -14.9983644485, -11.5960845947, -6.85421276093, -10.7993402481, -3.85778570175, -8.72345733643, -6.77437543869]}, "hfc": {"dmean": 46.0994529724, "dmean2": 69.94921875, "dvar": 9324.69335938, "dvar2": 19852.5644531, "max": 2468.90722656, "mean": 114.603904724, "median": 32.5299377441, "min": 1.16822929669e-16, "var": 38383.6445312}, "melbands": {"dmean": [0.000564503308851, 0.000521305948496, 0.000397572352085, 0.000355328404112, 0.000290989497444, 0.00030911678914, 0.000169961349457, 0.000340988073731, 0.000175554974703, 0.000244628725341, 4.8572277592e-05, 1.72344862222e-05, 1.3210016732e-05, 6.98259509591e-06, 5.18318165632e-06, 4.7811049626e-06, 2.46769468504e-06, 1.66877885022e-06, 1.57824126745e-06, 1.55898487719e-06, 1.03339095858e-06, 1.21853554447e-06, 1.38045777476e-06, 1.21877201309e-06, 1.31685419547e-06, 1.2357546666e-06, 9.09696211693e-07, 6.49526043617e-07, 3.95242921059e-07, 1.56354658998e-07, 8.93617553288e-08, 7.32417859695e-08, 5.56320358669e-08, 3.7637686745e-08, 3.56389229239e-08, 2.35961081785e-08, 1.68514464605e-08, 1.4170118412e-08, 1.26103802955e-08, 1.13686882131e-08], "dmean2": [0.00093410880072, 0.000819990760647, 0.000612959789578, 0.000556032988243, 0.00044677517144, 0.000458706868812, 0.000253465143032, 0.000541658548173, 0.000265900511295, 0.000359805184416, 7.62171039241e-05, 2.66178685706e-05, 2.08405926969e-05, 1.14156246127e-05, 8.4912398961e-06, 7.60047396398e-06, 3.87422642234e-06, 2.69800034403e-06, 2.50052949013e-06, 2.47102343565e-06, 1.60397644322e-06, 1.88364504083e-06, 2.0872296318e-06, 1.7385979163e-06, 1.93931714421e-06, 1.78662810413e-06, 1.30798548525e-06, 8.81671553543e-07, 5.28007603862e-07, 2.23629783136e-07, 1.33749651354e-07, 1.04310949212e-07, 7.89291902947e-08, 5.7623442018e-08, 5.47578551391e-08, 3.70174255693e-08, 2.75763962776e-08, 2.33263008909e-08, 2.07348698211e-08, 1.86713577932e-08], "dvar": [2.97045653497e-06, 1.76005153207e-06, 8.07674211956e-07, 8.67134303917e-07, 1.0205333183e-06, 7.66543337249e-07, 3.56955411007e-07, 8.35452055981e-07, 3.54920274503e-07, 1.06486515961e-06, 6.35386214753e-08, 6.33423402618e-09, 5.18520160142e-09, 3.9146845765e-09, 3.59858948196e-10, 3.64340890791e-10, 1.21065130143e-10, 2.98748768779e-11, 3.49340036065e-11, 4.30914887106e-11, 4.38671494962e-11, 1.98674535157e-10, 1.45937525953e-10, 9.16986764299e-11, 1.11688144844e-10, 1.70155112222e-10, 1.04990287297e-10, 5.72411874844e-11, 1.94944928256e-11, 2.83697110942e-12, 6.38703825072e-13, 4.71473554642e-13, 2.70255877139e-13, 5.5643210444e-14, 8.18531101731e-14, 1.03655834797e-14, 1.70213208339e-15, 1.08601111722e-15, 8.48802875537e-16, 6.77609575963e-16], "dvar2": [8.04332557891e-06, 4.3102500058e-06, 1.72281693267e-06, 2.03652371056e-06, 2.48551600635e-06, 1.58491616276e-06, 6.97658720128e-07, 2.21145182877e-06, 7.76767535626e-07, 2.24186373998e-06, 1.48655061594e-07, 1.30301280876e-08, 1.18853051845e-08, 8.93273277569e-09, 9.92379844966e-10, 8.25229329315e-10, 2.40795050566e-10, 7.23707760386e-11, 8.51204523533e-11, 1.11255379909e-10, 7.85517831337e-11, 4.9770049193e-10, 3.1618294094e-10, 1.97349303566e-10, 2.40372610705e-10, 3.54762302868e-10, 2.45912290531e-10, 1.07915058833e-10, 3.21007977144e-11, 4.74568388059e-12, 1.14168234328e-12, 8.60458405916e-13, 4.31410820696e-13, 8.10275647576e-14, 1.63086558147e-13, 1.98892992191e-14, 4.18236027882e-15, 2.76909978237e-15, 2.15925681266e-15, 1.72039485488e-15], "max": [0.0546923056245, 0.0433630868793, 0.0241594798863, 0.0269980020821, 0.02803343907, 0.0264152605087, 0.0189755726606, 0.018635628745, 0.0171810034662, 0.0300732236356, 0.0104306600988, 0.00334413140081, 0.00440270826221, 0.00442812591791, 0.000759077607654, 0.000810870842542, 0.000461833056761, 0.00019080072525, 0.000284305162495, 0.000260753004113, 0.000455606757896, 0.0010043826187, 0.000619322352577, 0.000489069265313, 0.000553244259208, 0.000758660782594, 0.000536743260454, 0.000425346224802, 0.000246980518568, 0.000107343446871, 5.88545008213e-05, 5.12657752552e-05, 4.49562721769e-05, 1.65685269167e-05, 2.24565555982e-05, 7.01285580362e-06, 1.10220207716e-06, 5.83310111324e-07, 5.12394308316e-07, 4.52522556316e-07], "mean": [0.000997401424684, 0.00108821340837, 0.00073643331416, 0.000544602633454, 0.000500159338117, 0.000519898312632, 0.000314309087116, 0.000588094757404, 0.000320574268699, 0.000383773556678, 7.51034895075e-05, 2.94488909276e-05, 1.85704939213e-05, 1.11019653559e-05, 8.90471073944e-06, 8.11800782685e-06, 3.91305047742e-06, 2.63822516899e-06, 2.62456660494e-06, 2.36305459111e-06, 1.63585082191e-06, 1.77252854883e-06, 2.10422604141e-06, 1.82238431989e-06, 2.00069507628e-06, 1.86138163372e-06, 1.30344892568e-06, 9.73873852672e-07, 5.72087458295e-07, 2.45217734118e-07, 1.42830344885e-07, 9.83097763196e-08, 7.5372504682e-08, 5.11491542454e-08, 4.45881020994e-08, 2.86929005e-08, 1.78224244252e-08, 1.42667540004e-08, 1.28330652771e-08, 1.17070708683e-08], "median": [0.000128066487378, 0.00019480791525, 0.000181912997505, 0.000123590740259, 9.29219677346e-05, 8.5243700596e-05, 3.92189467675e-05, 2.85740661639e-05, 1.18467032735e-05, 1.09562543003e-05, 7.98267683422e-06, 3.92535093852e-06, 4.6280110837e-06, 1.77117613021e-06, 1.69997144894e-06, 1.32066656988e-06, 1.00438046502e-06, 8.40885718389e-07, 5.51956190975e-07, 5.04338686369e-07, 3.14243379762e-07, 2.78581183011e-07, 2.14195040371e-07, 1.82271747917e-07, 1.93078733446e-07, 1.4252250935e-07, 8.15605716298e-08, 4.9682380876e-08, 3.38785319798e-08, 2.10389963229e-08, 1.51889079092e-08, 1.19723200243e-08, 9.76074865378e-09, 7.41393391124e-09, 6.01408967071e-09, 4.93748242292e-09, 3.2664591032e-09, 2.57149168625e-09, 2.40273467789e-09, 2.25938290299e-09], "min": [7.23367385173e-24, 5.35491956441e-24, 4.39651194027e-24, 2.21076907903e-24, 3.72434486218e-24, 2.05212035519e-23, 5.78821877154e-24, 4.60151716802e-24, 9.2930015557e-24, 8.04634494565e-24, 8.66742775811e-24, 7.00679351108e-24, 1.17499758982e-23, 3.72340020125e-24, 1.50784530032e-23, 1.20740202365e-23, 4.39579368242e-24, 8.09374759745e-24, 1.45087913e-23, 1.27905552185e-23, 8.7373815766e-24, 5.7944133018e-24, 9.38249388109e-24, 1.06124510946e-23, 1.0751959568e-23, 4.3588095166e-24, 1.10344025376e-23, 1.23421998121e-23, 1.27844660012e-23, 8.44614990761e-24, 1.32020242778e-23, 6.05432009311e-24, 1.32894332216e-23, 1.06730884658e-23, 8.47101795879e-24, 9.38357225395e-24, 9.90856155295e-24, 1.1650886291e-23, 1.01347342854e-23, 9.80193595756e-24], "var": [9.18696332519e-06, 6.27371082373e-06, 2.57645137935e-06, 1.74698891442e-06, 2.012565119e-06, 1.91169556274e-06, 1.17472495731e-06, 1.92335619431e-06, 1.00182194274e-06, 2.73514251603e-06, 1.32643464212e-07, 1.71802039262e-08, 6.71131150654e-09, 8.24188450821e-09, 8.52045600741e-10, 9.23886689375e-10, 2.14337006477e-10, 4.38943985326e-11, 7.21300311146e-11, 6.06436359463e-11, 7.61195689813e-11, 2.30819169333e-10, 2.6022631272e-10, 1.89910573378e-10, 2.2380003406e-10, 3.0358429659e-10, 1.8046181216e-10, 1.36524000438e-10, 4.51113313371e-11, 7.54197485714e-12, 1.87403586573e-12, 9.72278789597e-13, 5.96580835947e-13, 1.59752311206e-13, 1.47032749474e-13, 2.28550681934e-14, 2.24952871374e-15, 1.14649583416e-15, 9.06390580978e-16, 7.34071309919e-16]}, "melbands_crest": {"dmean": 3.82087922096, "dmean2": 6.30355119705, "dvar": 10.5881109238, "dvar2": 28.3519248962, "max": 39.8153038025, "mean": 16.5942687988, "median": 15.7727937698, "min": 2.24230241776, "var": 35.8227310181}, "melbands_flatness_db": {"dmean": 0.0378635637462, "dmean2": 0.0595220401883, "dvar": 0.000980612472631, "dvar2": 0.00249810121022, "max": 0.663508296013, "mean": 0.331281006336, "median": 0.329685688019, "min": 0.00684448378161, "var": 0.00410419423133}, "melbands_kurtosis": {"dmean": 9.59568023682, "dmean2": 15.5805921555, "dvar": 341.038482666, "dvar2": 800.055969238, "max": 948.814208984, "mean": 21.0306091309, "median": 10.5146312714, "min": -1.83469438553, "var": 1507.96057129}, "melbands_skewness": {"dmean": 0.841679155827, "dmean2": 1.32258021832, "dvar": 0.676833748817, "dvar2": 1.58441829681, "max": 29.6963310242, "mean": 2.47045636177, "median": 2.09713411331, "min": -3.82402896881, "var": 6.22777938843}, "melbands_spread": {"dmean": 2.34719347954, "dmean2": 3.61924648285, "dvar": 17.7021179199, "dvar2": 30.1701622009, "max": 122.800888062, "mean": 7.11328887939, "median": 5.55876731873, "min": 0.313854187727, "var": 66.235244751}, "mfcc": {"cov": [[13435.7753906, 2728.27734375, -964.865661621, 637.720214844, -561.183105469, -247.48866272, -7.90246152878, 190.874237061, 117.465309143, 365.725952148, 319.873260498, 186.751251221, 82.588973999], [2728.27734375, 1664.58361816, -92.7473678589, 102.454154968, -25.8540363312, -68.9311599731, 16.2717590332, -2.25750184059, -25.6978111267, 55.3678321838, 51.0071334839, -9.51821994781, 10.5410852432], [-964.865661621, -92.7473678589, 519.938842773, -56.5116729736, 103.04284668, 99.7079391479, 23.405626297, -9.10044002533, 19.7925071716, -16.3654155731, -7.34986543655, 17.1137905121, -0.033235181123], [637.720214844, 102.454154968, -56.5116729736, 389.161804199, 91.0578079224, 102.227966309, 95.1293258667, 57.1297454834, -12.5404815674, 9.5077419281, 3.48983097076, 14.7595739365, 27.3315429688], [-561.183105469, -25.8540363312, 103.04284668, 91.0578079224, 218.758865356, 141.219085693, 89.294708252, 10.5658378601, -28.061756134, -37.8729515076, -31.7034721375, -14.5066747665, 6.19329690933], [-247.48866272, -68.9311599731, 99.7079391479, 102.227966309, 141.219085693, 211.971282959, 128.118942261, 45.3928794861, -16.3459339142, -20.8745422363, -20.9920787811, 2.68339204788, 9.15183162689], [-7.90246152878, 16.2717590332, 23.405626297, 95.1293258667, 89.294708252, 128.118942261, 161.496017456, 72.4427719116, -3.09767460823, 2.29724407196, -0.160165414214, 3.05985569954, 4.33567094803], [190.874237061, -2.25750184059, -9.10044002533, 57.1297454834, 10.5658378601, 45.3928794861, 72.4427719116, 111.701324463, 59.143913269, 33.5119438171, 24.852098465, 13.9123392105, -2.21754336357], [117.465309143, -25.6978111267, 19.7925071716, -12.5404815674, -28.061756134, -16.3459339142, -3.09767460823, 59.143913269, 122.846183777, 79.1029968262, 46.2268104553, 26.5904579163, -4.04624557495], [365.725952148, 55.3678321838, -16.3654155731, 9.5077419281, -37.8729515076, -20.8745422363, 2.29724407196, 33.5119438171, 79.1029968262, 122.629951477, 85.2671737671, 37.0320396423, 14.1548204422], [319.873260498, 51.0071334839, -7.34986543655, 3.48983097076, -31.7034721375, -20.9920787811, -0.160165414214, 24.852098465, 46.2268104553, 85.2671737671, 110.094841003, 68.2711868286, 22.6301460266], [186.751251221, -9.51821994781, 17.1137905121, 14.7595739365, -14.5066747665, 2.68339204788, 3.05985569954, 13.9123392105, 26.5904579163, 37.0320396423, 68.2711868286, 90.6404953003, 49.2726707458], [82.588973999, 10.5410852432, -0.033235181123, 27.3315429688, 6.19329690933, 9.15183162689, 4.33567094803, -2.21754336357, -4.04624557495, 14.1548204422, 22.6301460266, 49.2726707458, 68.6318893433]], "icov": [[0.000185466662515, -0.000279508298263, 0.000210191312362, -0.000255846040091, 0.00050621596165, -0.000261429784587, 0.000171249383129, -0.000171421954292, 0.000116091301607, -0.000315260258503, 0.000195040076505, -0.000490645528771, 0.000254358252278], [-0.000279508298263, 0.00109265709762, -0.000343848136254, 0.000171980704181, -0.000794444524217, 0.000896689482033, -0.000598036625888, 0.000315768673318, 0.000184876043932, 0.000226796822972, -0.000822552479804, 0.00137100578286, -0.000648958666716], [0.000210191312362, -0.000343848136254, 0.00278729805723, 0.000383805192541, -0.000369832618162, -0.00171688816044, 0.000657580094412, 0.000683396996465, -0.00117817719001, 0.00021096735145, 0.000292637298116, -0.00160953542218, 0.000837300962303], [-0.000255846040091, 0.000171980704181, 0.000383805192541, 0.00399406487122, -0.0018963284092, -0.000463873991976, -0.000222409755224, -0.00161128363106, 0.00135436747223, -0.00124702905305, 0.00122878269758, -0.000628754962236, -0.000730687868781], [0.00050621596165, -0.000794444524217, -0.000369832618162, -0.0018963284092, 0.0111114177853, -0.00557849090546, -0.00183186132926, 0.00285577191971, -0.00238030869514, 0.00354958325624, -0.00312220351771, 0.00363370333798, -0.00223460840061], [-0.000261429784587, 0.000896689482033, -0.00171688816044, -0.000463873991976, -0.00557849090546, 0.0145865865052, -0.00753941806033, -0.00093413668219, 0.00204700767063, -0.00197698036209, 0.0041549555026, -0.00330313108861, 0.000895006931387], [0.000171249383129, -0.000598036625888, 0.000657580094412, -0.000222409755224, -0.00183186132926, -0.00753941806033, 0.0185639560223, -0.0113223874941, 0.00684705190361, -0.00478530814871, 0.00229687150568, -0.00225747050717, 0.00186071021017], [-0.000171421954292, 0.000315768673318, 0.000683396996465, -0.00161128363106, 0.00285577191971, -0.00093413668219, -0.0113223874941, 0.0241062622517, -0.015445205383, 0.00883679185063, -0.00773138413206, 0.0055038984865, -0.00197441573255], [0.000116091301607, 0.000184876043932, -0.00117817719001, 0.00135436747223, -0.00238030869514, 0.00204700767063, 0.00684705190361, -0.015445205383, 0.0277198925614, -0.0220527220517, 0.0148489335552, -0.0141089363024, 0.00971769262105], [-0.000315260258503, 0.000226796822972, 0.00021096735145, -0.00124702905305, 0.00354958325624, -0.00197698036209, -0.00478530814871, 0.00883679185063, -0.0220527220517, 0.039686024189, -0.0335965715349, 0.0233169477433, -0.013774686493], [0.000195040076505, -0.000822552479804, 0.000292637298116, 0.00122878269758, -0.00312220351771, 0.0041549555026, 0.00229687150568, -0.00773138413206, 0.0148489335552, -0.0335965715349, 0.0505815967917, -0.0384990684688, 0.0175008233637], [-0.000490645528771, 0.00137100578286, -0.00160953542218, -0.000628754962236, 0.00363370333798, -0.00330313108861, -0.00225747050717, 0.0055038984865, -0.0141089363024, 0.0233169477433, -0.0384990684688, 0.0519951246679, -0.0292125921696], [0.000254358252278, -0.000648958666716, 0.000837300962303, -0.000730687868781, -0.00223460840061, 0.000895006931387, 0.00186071021017, -0.00197441573255, 0.00971769262105, -0.013774686493, 0.0175008233637, -0.0292125921696, 0.0331721827388]], "mean": [-811.287414551, 179.727340698, 15.6142711639, 21.7130508423, 2.71584701538, -5.7344212532, -2.94249844551, -1.58259451389, -4.78001356125, 1.57560455799, 0.133318394423, -3.35016608238, -0.556717514992]}, "pitch_salience": {"dmean": 0.0792052596807, "dmean2": 0.128923639655, "dvar": 0.00443945266306, "dvar2": 0.0116245951504, "max": 0.941228926182, "mean": 0.513956069946, "median": 0.529736995697, "min": 0.0111524695531, "var": 0.0175095032901}, "silence_rate_20dB": {"dmean": 0, "dmean2": 0, "dvar": 0, "dvar2": 0, "max": 1, "mean": 1, "median": 1, "min": 1, "var": 0}, "silence_rate_30dB": {"dmean": 0.0189026631415, "dmean2": 0.0378099679947, "dvar": 0.0185451041907, "dvar2": 0.0437480583787, "max": 1, "mean": 0.968090355396, "median": 1, "min": 0, "var": 0.0308908894658}, "silence_rate_60dB": {"dmean": 0.0267583150417, "dmean2": 0.0535232014954, "dvar": 0.0260432809591, "dvar2": 0.0617088712752, "max": 1, "mean": 0.312346577644, "median": 0, "min": 0, "var": 0.214768543839}, "spectral_centroid": {"dmean": 91.2679748535, "dmean2": 138.185287476, "dvar": 31487.9746094, "dvar2": 51466.6328125, "max": 10842.9433594, "mean": 576.29675293, "median": 443.085510254, "min": 101.46156311, "var": 384999.90625}, "spectral_complexity": {"dmean": 1.38529515266, "dmean2": 2.22735095024, "dvar": 2.77252197266, "dvar2": 5.70301437378, "max": 41, "mean": 6.49815893173, "median": 6, "min": 0, "var": 27.0615024567}, "spectral_contrast_coeffs": {"dmean": [0.0524606443942, 0.0514283031225, 0.0392120331526, 0.027588956058, 0.0227703731507, 0.0248039774597], "dmean2": [0.0860054045916, 0.0822374746203, 0.0641904547811, 0.0449747778475, 0.036498375237, 0.0401607938111], "dvar": [0.00171145051718, 0.00171758385841, 0.00108471733984, 0.000496175838634, 0.000386763946153, 0.000696429458912], "dvar2": [0.0045230044052, 0.00424914574251, 0.00283714663237, 0.00128864683211, 0.000970284745563, 0.00166667439044], "max": [-0.293602824211, -0.361023664474, -0.402684271336, -0.57386726141, -0.606491208076, -0.494109213352], "mean": [-0.648823022842, -0.725187897682, -0.791023433208, -0.840074777603, -0.851081669331, -0.834213495255], "median": [-0.651762723923, -0.734595000744, -0.804160714149, -0.843165278435, -0.852484345436, -0.845517396927], "min": [-0.956171631813, -0.967483997345, -0.963980972767, -0.982828676701, -0.969318509102, -0.958917081356], "var": [0.00876243971288, 0.00874230545014, 0.00580730522051, 0.00186315109022, 0.0016577282222, 0.00207907776348]}, "spectral_contrast_valleys": {"dmean": [0.412325292826, 0.366815239191, 0.346320569515, 0.323645323515, 0.360566169024, 0.645942687988], "dmean2": [0.672003805637, 0.584811210632, 0.544489681721, 0.501838624477, 0.547787070274, 1.03087568283], "dvar": [0.132208526134, 0.105752252042, 0.0985366106033, 0.0967963635921, 0.134467482567, 0.333641678095], "dvar2": [0.291111171246, 0.232057318091, 0.213349834085, 0.210367903113, 0.292481541634, 0.807204544544], "max": [-5.15629529953, -4.59177064896, -5.5762014389, -6.09502029419, -5.39920806885, -9.07950687408], "mean": [-8.15965557098, -7.42743492126, -8.42365074158, -9.09120559692, -9.3316822052, -12.0744037628], "median": [-7.61228656769, -7.12675237656, -8.07661342621, -8.77241325378, -9.07039260864, -11.8840866089], "min": [-27.3462543488, -27.3999023438, -27.2585277557, -27.2439155579, -27.1317749023, -27.2612857819], "var": [3.3823697567, 2.66709923744, 2.34229135513, 2.01711893082, 1.8816587925, 1.81150126457]}, "spectral_decrease": {"dmean": 1.70600222837e-09, "dmean2": 2.61286037251e-09, "dvar": 8.38779339102e-18, "dvar2": 1.91700016858e-17, "max": 1.56585659994e-08, "mean": -3.83906018087e-09, "median": -1.42651956914e-09, "min": -6.12608772599e-08, "var": 3.81855786774e-17}, "spectral_energy": {"dmean": 0.0080406004563, "dmean2": 0.0120375333354, "dvar": 0.000185758821317, "dvar2": 0.00041217263788, "max": 0.254257619381, "mean": 0.0248844251037, "median": 0.0128584783524, "min": 1.05299203405e-20, "var": 0.00101933674887}, "spectral_energyband_high": {"dmean": 6.06080211583e-05, "dmean2": 7.51635234337e-05, "dvar": 1.75705622496e-07, "dvar2": 2.2417536627e-07, "max": 0.0231530871242, "mean": 0.000125618971651, "median": 1.49361258082e-05, "min": 8.07672640249e-21, "var": 8.30738144941e-07}, "spectral_energyband_low": {"dmean": 0.00309218862094, "dmean2": 0.00485747167841, "dvar": 5.35460021638e-05, "dvar2": 0.000131241991767, "max": 0.220351561904, "mean": 0.00665518268943, "median": 0.00145267823245, "min": 4.00223847098e-23, "var": 0.000205798831303}, "spectral_energyband_middle_high": {"dmean": 0.000355513679096, "dmean2": 0.000524836359546, "dvar": 1.64967786986e-06, "dvar2": 3.44675027009e-06, "max": 0.0442738682032, "mean": 0.000817164895125, "median": 0.00018788970192, "min": 1.39803318018e-21, "var": 5.6092030718e-06}, "spectral_energyband_middle_low": {"dmean": 0.00518138986081, "dmean2": 0.00775342807174, "dvar": 9.68750828179e-05, "dvar2": 0.000217018576222, "max": 0.194153115153, "mean": 0.0132700661197, "median": 0.00452171359211, "min": 2.36954252178e-22, "var": 0.00043501277105}, "spectral_entropy": {"dmean": 0.307084292173, "dmean2": 0.480388343334, "dvar": 0.0716315880418, "dvar2": 0.177092432976, "max": 9.79893398285, "mean": 6.74019765854, "median": 6.72075080872, "min": 4.80062437057, "var": 0.327788233757}, "spectral_flux": {"dmean": 0.0169663392007, "dmean2": 0.0281639639288, "dvar": 0.000500912312418, "dvar2": 0.00130847294349, "max": 0.395171910524, "mean": 0.0637211054564, "median": 0.0564575269818, "min": 1.02615402287e-10, "var": 0.00256274058484}, "spectral_kurtosis": {"dmean": 8.3309803009, "dmean2": 13.3040122986, "dvar": 83.7745056152, "dvar2": 218.781829834, "max": 119.545021057, "mean": 24.7001514435, "median": 22.3619823456, "min": -1.23391413689, "var": 183.65435791}, "spectral_rms": {"dmean": 0.000669988163281, "dmean2": 0.000993399182335, "dvar": 7.18872115613e-07, "dvar2": 1.57024066993e-06, "max": 0.0157498009503, "mean": 0.00390846561641, "median": 0.00354187143967, "min": 3.20516660088e-12, "var": 9.00138184079e-06}, "spectral_rolloff": {"dmean": 3497.69140625, "dmean2": 6889.79101562, "dvar": 57206164, "dvar2": 142201952, "max": 22050, "mean": 13857.2597656, "median": 21533.203125, "min": 21.533203125, "var": 102724704}, "spectral_skewness": {"dmean": 0.591910481453, "dmean2": 0.933566689491, "dvar": 0.347074478865, "dvar2": 0.89262264967, "max": 8.58763790131, "mean": 3.64264035225, "median": 3.55522012711, "min": 0.00125411245972, "var": 1.17014658451}, "spectral_spread": {"dmean": 656120, "dmean2": 1045226.625, "dvar": 410270007296, "dvar2": 890727956480, "max": 40711852, "mean": 3716983.5, "median": 3425012, "min": 11983