{"lowlevel": {"average_loudness": 0.487160414457, "barkbands": {"dmean": [5.01298245581e-06, 0.000734293076675, 0.00069238425931, 0.000373999384465, 0.00113876536489, 0.000657830969431, 0.00044738908764, 0.00041576998774, 0.000487260724185, 0.000395228562411, 0.000523484370206, 0.000770170241594, 0.00069839565549, 0.000409867876442, 0.000344565720297, 0.000212534505408, 0.000132132408908, 0.000129154519527, 6.81182500557e-05, 5.11830330652e-05, 3.5127002775e-05, 3.33397692884e-05, 2.35834468185e-05, 2.22704111366e-05, 4.99556654177e-06, 6.37285950233e-07, 2.46047733299e-07], "dmean2": [7.85190513852e-06, 0.00119323586114, 0.00118141574785, 0.000652978138532, 0.00183493434452, 0.000989574939013, 0.000703337253071, 0.000621329352725, 0.00070082541788, 0.000574286212213, 0.000761241710279, 0.00113339128438, 0.000990804866888, 0.000549541728105, 0.000492464285344, 0.000304166896967, 0.000188312580576, 0.000189397207578, 0.000100799152278, 7.5984702562e-05, 5.3874009609e-05, 5.01343201904e-05, 3.6288794945e-05, 3.63594917872e-05, 7.8580715126e-06, 9.60222791946e-07, 4.0701561943e-07], "dvar": [3.66897318083e-10, 6.53408642393e-06, 8.51469030749e-06, 2.05698574973e-06, 1.03753682197e-05, 3.94176686314e-06, 2.61698323811e-06, 2.84287898467e-06, 4.37613789472e-06, 3.1636411677e-06, 6.37289576844e-06, 1.24894422697e-05, 1.07594323708e-05, 4.3331415327e-06, 2.81984262074e-06, 1.27680425521e-06, 4.40443386651e-07, 2.24509292934e-07, 7.10024181672e-08, 2.15777724577e-08, 1.43640548345e-08, 2.05131343023e-08, 1.01411243847e-08, 1.72903416029e-08, 8.06405442422e-10, 7.58774033188e-12, 2.22662014694e-12], "dvar2": [8.35813029898e-10, 1.72125874087e-05, 2.36244650296e-05, 5.65993241253e-06, 2.53079197137e-05, 7.72954535933e-06, 5.59656200494e-06, 6.08787422607e-06, 8.48843137646e-06, 5.86516262047e-06, 1.30663265736e-05, 2.39963956119e-05, 2.01230177481e-05, 7.14793713996e-06, 5.7591219047e-06, 2.58141221821e-06, 7.82450456427e-07, 4.64245687226e-07, 1.36194728384e-07, 4.56674023042e-08, 3.19326574072e-08, 4.68998244685e-08, 2.51519765015e-08, 4.67130192305e-08, 2.00761474112e-09, 1.76110862005e-11, 5.80081946019e-12], "max": [0.000518216460478, 0.0552360191941, 0.0511782243848, 0.0232577510178, 0.05026602, 0.0633055493236, 0.0764477849007, 0.0633482262492, 0.0589428208768, 0.0477541387081, 0.0735038518906, 0.0842862129211, 0.0729448199272, 0.0818579941988, 0.0669563785195, 0.0421197973192, 0.0377759262919, 0.0164227224886, 0.00969914998859, 0.00453583383933, 0.00376181467436, 0.00978168845177, 0.00309912348166, 0.00316276703961, 0.00103105406743, 9.03747932171e-05, 3.36922785209e-05], "mean": [8.26577252155e-06, 0.00263261934742, 0.00128181860782, 0.000577824132051, 0.00165025319438, 0.00136539468076, 0.000764022872318, 0.000774666958023, 0.000755691027734, 0.0005917250528, 0.000790125981439, 0.00118718587328, 0.00117760966532, 0.000698311429005, 0.000566085102037, 0.000333385891281, 0.000235324085224, 0.000215059626498, 0.000103850594314, 7.80244372436e-05, 4.25939142588e-05, 4.37965936726e-05, 2.87361453957e-05, 2.08053370443e-05, 5.4122920119e-06, 7.9202533243e-07, 2.12309615222e-07], "median": [1.78481371904e-07, 0.00100701744668, 0.000397093303036, 9.07827197807e-05, 0.00031842928729, 0.000496039865538, 0.000278807507129, 0.000183247495443, 6.01882056799e-05, 4.66430865345e-05, 4.05858590966e-05, 2.01308666874e-05, 1.13889273052e-05, 1.26952436403e-05, 1.83838019439e-05, 7.3712262747e-06, 1.42870667332e-05, 9.89600812318e-06, 5.13710892847e-06, 5.04217678099e-06, 2.19542744162e-06, 1.47915579873e-06, 1.55182760864e-06, 9.18184014154e-07, 4.42185182692e-07, 6.26152427685e-08, 1.16909975034e-08], "min": [1.08108661784e-23, 5.13102395789e-23, 1.72827275876e-23, 3.40428474473e-23, 6.83764185371e-23, 7.11459766467e-23, 1.69658879159e-23, 2.2746725316e-23, 6.20488011332e-23, 5.68999312484e-23, 1.82844932159e-22, 1.11414094684e-22, 6.80978749069e-23, 1.25851776484e-22, 1.48790286508e-22, 9.58773150726e-23, 1.63845539112e-22, 2.43508815398e-22, 1.62314871277e-22, 2.80745170582e-22, 4.81591075561e-22, 6.15148735669e-22, 6.110574632e-22, 8.83275009532e-22, 1.37828818105e-21, 1.62780652621e-21, 2.48206468205e-21], "var": [6.9310723827e-10, 1.4327279132e-05, 7.80479604146e-06, 1.86694728654e-06, 1.59527098731e-05, 1.16378632811e-05, 5.10010613652e-06, 7.41880376154e-06, 9.34211038839e-06, 7.45118904888e-06, 1.30516427816e-05, 2.72433808277e-05, 3.06881665892e-05, 1.47321743498e-05, 6.00249495619e-06, 3.48399589711e-06, 1.316622388e-06, 6.34501986951e-07, 1.56575524102e-07, 4.60505518163e-08, 1.85220692117e-08, 2.73017946029e-08, 1.12589608747e-08, 1.21821379651e-08, 7.60759122365e-10, 9.69682494023e-12, 1.71223799028e-12]}, "barkbands_crest": {"dmean": 2.34719371796, "dmean2": 3.68359255791, "dvar": 5.66264009476, "dvar2": 13.5942230225, "max": 26.0315895081, "mean": 12.8247308731, "median": 12.3376312256, "min": 3.25301718712, "var": 19.9806594849}, "barkbands_flatness_db": {"dmean": 0.023754240945, "dmean2": 0.0331379435956, "dvar": 0.000701162673067, "dvar2": 0.00126779871061, "max": 0.525930941105, "mean": 0.235158503056, "median": 0.228771537542, "min": 0.0446564666927, "var": 0.00623669940978}, "barkbands_kurtosis": {"dmean": 4.55194091797, "dmean2": 6.94182777405, "dvar": 67.482925415, "dvar2": 145.700286865, "max": 163.179412842, "mean": 9.06503772736, "median": 3.59082794189, "min": -1.91119933128, "var": 227.883773804}, "barkbands_skewness": {"dmean": 0.611712634563, "dmean2": 0.8934071064, "dvar": 0.50031298399, "dvar2": 1.05724167824, "max": 11.0991868973, "mean": 1.46109557152, "median": 1.44982647896, "min": -7.06677484512, "var": 3.74193453789}, "barkbands_spread": {"dmean": 3.79151201248, "dmean2": 5.65767478943, "dvar": 49.4880027771, "dvar2": 103.116767883, "max": 124.077033997, "mean": 11.6358671188, "median": 8.0161819458, "min": 0.376268625259, "var": 132.10496521}, "dissonance": {"dmean": 0.0344600789249, "dmean2": 0.0562564358115, "dvar": 0.00109677459113, "dvar2": 0.00289811729454, "max": 0.499999940395, "mean": 0.409152776003, "median": 0.421022593975, "min": 0.132697820663, "var": 0.00369943212718}, "dynamic_complexity": 5.89366769791, "erbbands": {"dmean": [0.012861341238, 0.201073274016, 0.742485165596, 0.985023021698, 2.96586823463, 3.83686423302, 4.78610897064, 5.32715845108, 6.14851379395, 7.81231021881, 8.00288772583, 10.9159498215, 11.8047914505, 14.4050445557, 20.8361911774, 30.794670105, 27.8321266174, 25.3518409729, 14.6980838776, 16.4134311676, 8.54554462433, 6.65799999237, 7.52613067627, 4.65968418121, 2.19278454781, 2.25489068031, 1.62577807903, 1.21982812881, 1.17614483833, 1.00801968575, 0.652792334557, 0.245787516236, 0.43904620409, 0.143741548061, 0.0230574607849, 0.0041200760752, 0.000959187978879, 0.000378713797545, 4.31284570368e-05, 6.66994128551e-06], "dmean2": [0.0199584905058, 0.332741469145, 1.27274000645, 1.68754553795, 5.09158468246, 5.94517946243, 6.97703742981, 8.04573059082, 9.71793460846, 12.0399026871, 11.8229637146, 15.5490045547, 16.489824295, 20.3923511505, 29.1109447479, 41.4970779419, 36.011138916, 33.4446258545, 19.9362545013, 22.7277641296, 11.3341665268, 8.9341211319, 10.7212772369, 6.65721797943, 3.12867712975, 3.35272264481, 2.49209785461, 1.86914503574, 1.77426123619, 1.51077985764, 1.02441489697, 0.385921746492, 0.72685444355, 0.232831001282, 0.0357260070741, 0.0062405243516, 0.0014604824828, 0.000600676808972, 7.24660567357e-05, 9.93746562017e-06], "dvar": [0.00191644974984, 0.518326044083, 9.64308357239, 11.3860530853, 149.317825317, 109.906532288, 180.545516968, 352.645965576, 555.095031738, 829.918273926, 1121.328125, 2432.29663086, 2633.45581055, 4240.75488281, 9293.25097656, 19096.6679688, 14654.5058594, 12533.4101562, 3346.87963867, 6370.38330078, 1534.67041016, 1193.36645508, 875.567260742, 333.002044678, 40.0345001221, 43.5401535034, 28.2716159821, 20.2308197021, 27.7150650024, 14.8687124252, 9.82188892365, 1.22417235374, 7.54683685303, 0.687540411949, 0.0137212313712, 0.000358647492249, 1.63225158758e-05, 3.84472878068e-06, 7.46527746287e-08, 1.56412646724e-10], "dvar2": [0.00461413012818, 1.39034724236, 26.9937076569, 31.3409729004, 398.527252197, 233.928512573, 343.404571533, 728.148132324, 1233.9432373, 1828.2076416, 2469.3815918, 4825.20800781, 4786.69189453, 8656.5703125, 18205.6855469, 34866.4648438, 24805.5195312, 21964.1367188, 6246.05126953, 11943.7011719, 2640.88867188, 1971.13928223, 1808.87280273, 656.640014648, 82.304901123, 94.8885269165, 64.8448410034, 45.7078590393, 65.1011657715, 32.4622306824, 25.5137386322, 3.061388731, 20.5569839478, 1.82085955143, 0.0331194251776, 0.000825510360301, 3.8394897274e-05, 9.66476000031e-06, 1.99910530796e-07, 3.5819774924e-10], "max": [0.828601300716, 15.1063652039, 52.737651825, 63.2953300476, 196.902160645, 295.64730835, 421.272827148, 604.554992676, 1303.18054199, 1035.34313965, 1609.21643066, 1387.10314941, 1964.45556641, 2139.82226562, 3359.28369141, 4178.97265625, 3471.09765625, 3333.11499023, 1769.83044434, 3411.72045898, 1522.15527344, 2398.94018555, 1176.50610352, 701.77935791, 176.692749023, 191.239364624, 157.587463379, 153.15486145, 358.641113281, 228.614120483, 74.7758483887, 21.8789138794, 70.8718109131, 20.0715351105, 4.24048709869, 0.727056205273, 0.103917174041, 0.0440068840981, 0.00690661882982, 0.000153954038979], "mean": [0.0472970828414, 0.688638567924, 1.56568300724, 1.83999502659, 3.19339370728, 6.18418598175, 9.02004909515, 10.3479242325, 10.8939085007, 16.3575077057, 14.0113945007, 16.4974021912, 21.7821445465, 23.4000740051, 33.0577392578, 50.6501846313, 53.0087547302, 47.0524673462, 24.2242774963, 28.8234672546, 15.9910507202, 13.0521059036, 13.2750244141, 7.64995718002, 3.88712596893, 3.53855872154, 2.19082832336, 1.46953976154, 1.54837942123, 1.36731147766, 0.737558662891, 0.277541130781, 0.39085701108, 0.137703359127, 0.0254247989506, 0.00497086951509, 0.00119362818077, 0.00040095706936, 4.19638199673e-05, 1.95071952476e-05], "median": [0.00776809174567, 0.310098350048, 0.734269022942, 0.627288937569, 0.733047366142, 1.18850719929, 2.3978202343, 3.7895488739, 4.69689178467, 5.13619661331, 3.93121480942, 1.93102908134, 2.08492851257, 2.04922986031, 1.39558148384, 1.09519779682, 0.737221479416, 0.910270690918, 0.929269134998, 1.00799584389, 0.74418002367, 0.715445041656, 0.61039930582, 0.376512497663, 0.259232580662, 0.234092354774, 0.142283856869, 0.0650201067328, 0.0499082580209, 0.0615236274898, 0.0385899581015, 0.0159103833139, 0.0161708611995, 0.00895751453936, 0.00178466038778, 0.000374604278477, 0.000115847898996, 3.07681330014e-05, 7.02190936863e-06, 1.12949637696e-05], "min": [1.77086444451e-21, 1.00539926047e-20, 2.17393760166e-20, 6.2325687474e-20, 1.93750372707e-19, 2.83012970646e-19, 1.48706678965e-19, 8.11462991842e-19, 2.23113539618e-19, 5.57600021079e-19, 5.6984120847e-19, 1.53266000274e-18, 1.11789385922e-18, 3.53736178897e-18, 7.90294974678e-18, 4.80115314424e-18, 3.305326667e-18, 6.50293994259e-18, 4.70626436105e-18, 8.56673737294e-18, 7.27998265667e-18, 8.36063539715e-18, 1.18615375463e-17, 9.08615468524e-18, 8.96441603295e-18, 1.50251005523e-17, 2.20772768411e-17, 1.72950380088e-17, 2.10405151311e-17, 1.75491478929e-17, 1.72224049335e-17, 1.70311971719e-17, 1.52491655823e-17, 1.673529316e-17, 9.27300403227e-18, 4.86572451722e-18, 3.74556025401e-18, 1.33320245862e-18, 3.47045228659e-19, 3.51376759937e-20], "var": [0.00573399104178, 0.984003782272, 8.46007347107, 12.2609548569, 110.616249084, 273.199737549, 536.614501953, 901.407897949, 1010.36608887, 2548.28564453, 1966.47644043, 4419.78320312, 8931.24316406, 9412.828125, 21257.3027344, 48629.6835938, 51893.8398438, 43959.3828125, 8178.58203125, 15762.8515625, 5392.02050781, 3817.48095703, 2414.0402832, 782.966064453, 105.568458557, 91.1013717651, 39.4810447693, 25.3369293213, 35.1520843506, 22.7176303864, 8.93496704102, 1.19892179966, 5.14689302444, 0.518800318241, 0.0141929276288, 0.000474806176499, 1.98749457923e-05, 3.42306020684e-06, 5.33310782203e-08, 4.96931717997e-10]}, "erbbands_crest": {"dmean": 2.76494026184, "dmean2": 4.33874607086, "dvar": 7.65012264252, "dvar2": 17.4563121796, "max": 32.6768722534, "mean": 12.1373329163, "median": 11.1008758545, "min": 2.02495217323, "var": 29.7600307465}, "erbbands_flatness_db": {"dmean": 0.0206337701529, "dmean2": 0.0281821731478, "dvar": 0.000497834291309, "dvar2": 0.000813480466604, "max": 0.417052447796, "mean": 0.224890395999, "median": 0.22676576674, "min": 0.0326527990401, "var": 0.00379070034251}, "erbbands_kurtosis": {"dmean": 2.02505159378, "dmean2": 3.09826874733, "dvar": 10.7601776123, "dvar2": 23.6010913849, "max": 85.98387146, "mean": 3.29500389099, "median": 1.59591174126, "min": -1.85401892662, "var": 36.9965133667}, "erbbands_skewness": {"dmean": 0.467255204916, "dmean2": 0.687117815018, "dvar": 0.255439549685, "dvar2": 0.522823631763, "max": 6.74551820755, "mean": 0.736460328102, "median": 0.678936183453, "min": -3.89896965027, "var": 1.23846924305}, "erbbands_spread": {"dmean": 7.46276807785, "dmean2": 10.9437847137, "dvar": 143.903015137, "dvar2": 290.937072754, "max": 154.876205444, "mean": 24.7708530426, "median": 18.6972007751, "min": 1.38525128365, "var": 416.418518066}, "gfcc": {"cov": [[25208.4550781, 2600.33081055, -4621.72998047, 1305.35656738, -888.633117676, 342.959655762, -290.023864746, -509.658966064, -23.515083313, -482.295379639, 350.897155762, -407.357513428, 250.42149353], [2600.33081055, 2765.5078125, 565.429870605, -308.619293213, 200.584121704, -248.10736084, 144.243408203, 5.38076639175, 171.069030762, -114.545059204, 130.974197388, -101.469543457, 50.1709022522], [-4621.72998047, 565.429870605, 2876.96923828, 92.0255737305, 16.5576324463, 31.2798500061, 204.474807739, 165.752456665, 118.547523499, 156.663619995, -153.174804688, 1.52768361568, -78.6388702393], [1305.35656738, -308.619293213, 92.0255737305, 724.076599121, -27.9884185791, 107.118026733, -8.0242099762, 16.1377429962, 44.0903587341, 5.15972852707, -64.7299346924, -47.1431388855, 28.8383426666], [-888.633117676, 200.584121704, 16.5576324463, -27.9884185791, 502.466430664, 51.5136146545, 91.2512969971, 62.2349510193, 79.0074768066, 23.7831192017, 44.1641769409, 18.3408813477, -9.24776935577], [342.959655762, -248.10736084, 31.2798500061, 107.118026733, 51.5136146545, 396.489624023, 145.706832886, -11.2376079559, 4.42534017563, 68.3957901001, 49.8430137634, -10.5002403259, -38.4868927002], [-290.023864746, 144.243408203, 204.474807739, -8.0242099762, 91.2512969971, 145.706832886, 275.956115723, 57.1697044373, 31.5956802368, 61.1399688721, 71.6455841064, 5.15386962891, -16.5307750702], [-509.658966064, 5.38076639175, 165.752456665, 16.1377429962, 62.2349510193, -11.2376079559, 57.1697044373, 196.939620972, 84.2142105103, 22.5598106384, 13.5004587173, 40.9746627808, 42.1161766052], [-23.515083313, 171.069030762, 118.547523499, 44.0903587341, 79.0074768066, 4.42534017563, 31.5956802368, 84.2142105103, 167.056564331, 64.8715896606, 31.9468154907, 29.1038246155, 24.6977176666], [-482.295379639, -114.545059204, 156.663619995, 5.15972852707, 23.7831192017, 68.3957901001, 61.1399688721, 22.5598106384, 64.8715896606, 171.144851685, 44.8964424133, 24.6344356537, -18.723154068], [350.897155762, 130.974197388, -153.174804688, -64.7299346924, 44.1641769409, 49.8430137634, 71.6455841064, 13.5004587173, 31.9468154907, 44.8964424133, 167.899627686, 29.9504108429, 8.09344291687], [-407.357513428, -101.469543457, 1.52768361568, -47.1431388855, 18.3408813477, -10.5002403259, 5.15386962891, 40.9746627808, 29.1038246155, 24.6344356537, 29.9504108429, 124.597602844, 36.9095458984], [250.42149353, 50.1709022522, -78.6388702393, 28.8383426666, -9.24776935577, -38.4868927002, -16.5307750702, 42.1161766052, 24.6977176666, -18.723154068, 8.09344291687, 36.9095458984, 119.430786133]], "icov": [[0.000259318971075, -0.000561677559745, 0.000541348184925, -0.00066786055686, 0.000634148309473, -0.000605970388278, 0.000278217077721, -9.27923319978e-05, 0.00013774020772, -9.77658492047e-05, 3.77242067771e-05, -4.67903992103e-05, 0.00010307989578], [-0.000561677559745, 0.00195402698591, -0.00140517007094, 0.00176544045098, -0.00152335001621, 0.00184496946167, -0.00112853362225, 0.000958720629569, -0.00155502534471, 0.00129285547882, -0.000903951877262, 0.00110369059257, -0.000767933321185], [0.000541348184925, -0.00140517007094, 0.0016702368157, -0.00150887912605, 0.00144850381184, -0.00131515960675, 0.000310145464027, -0.000705342798028, 0.000503389223013, -0.000906531407963, 0.0010366702918, -0.000474401080282, 0.000729450490326], [-0.00066786055686, 0.00176544045098, -0.00150887912605, 0.00353484880179, -0.00156861054711, 0.00110499863513, -0.000736107991543, 0.000533757789526, -0.00157005118672, 0.000741187424865, 0.000287751056021, 0.0013030936243, -0.00122515077237], [0.000634148309473, -0.00152335001621, 0.00144850381184, -0.00156861054711, 0.0039156395942, -0.00172552152071, 0.000177769048605, -0.000664987484924, -0.000548638287, -1.86054148799e-05, 0.000189279875485, -0.000466637808131, 0.000890958704986], [-0.000605970388278, 0.00184496946167, -0.00131515960675, 0.00110499863513, -0.00172552152071, 0.00547272711992, -0.00284687848762, 0.00127920100931, -0.000747424433939, 6.10063361819e-05, -0.00101700297091, 0.000728800485376, 0.000155432062456], [0.000278217077721, -0.00112853362225, 0.000310145464027, -0.000736107991543, 0.000177769048605, -0.00284687848762, 0.00671756546944, -0.00223377812654, 0.0017824578099, -0.00141477421857, -0.00157351559028, -4.19269272243e-05, 0.000615736062173], [-9.27923319978e-05, 0.000958720629569, -0.000705342798028, 0.000533757789526, -0.000664987484924, 0.00127920100931, -0.00223377812654, 0.00862686429173, -0.00450078863651, 0.0018444408197, -0.000394309987314, -0.00034723005956, -0.00243820017204], [0.00013774020772, -0.00155502534471, 0.000503389223013, -0.00157005118672, -0.000548638287, -0.000747424433939, 0.0017824578099, -0.00450078863651, 0.0121730202809, -0.00513998325914, 0.00013444427168, -0.00180775974877, -0.000148017163156], [-9.77658492047e-05, 0.00129285547882, -0.000906531407963, 0.000741187424865, -1.86054148799e-05, 6.10063361819e-05, -0.00141477421857, 0.0018444408197, -0.00513998325914, 0.0102313132957, -0.0027131238021, 4.99469242641e-05, 0.000893293996342], [3.77242067771e-05, -0.000903951877262, 0.0010366702918, 0.000287751056021, 0.000189279875485, -0.00101700297091, -0.00157351559028, -0.000394309987314, 0.00013444427168, -0.0027131238021, 0.0096981273964, -0.00229770713486, 0.000121671851957], [-4.67903992103e-05, 0.00110369059257, -0.000474401080282, 0.0013030936243, -0.000466637808131, 0.000728800485376, -4.19269272243e-05, -0.00034723005956, -0.00180775974877, 4.99469242641e-05, -0.00229770713486, 0.011583105661, -0.00371951446868], [0.00010307989578, -0.000767933321185, 0.000729450490326, -0.00122515077237, 0.000890958704986, 0.000155432062456, 0.000615736062173, -0.00243820017204, -0.000148017163156, 0.000893293996342, 0.000121671851957, -0.00371951446868, 0.011631662026]], "mean": [-137.29598999, 131.638168335, -105.680747986, 19.5462474823, -57.6599731445, 3.16672539711, -34.3531990051, 2.91064786911, -12.1222829819, -2.15731954575, -6.33199167252, -3.42155528069, -6.6720366478]}, "hfc": {"dmean": 4.34585475922, "dmean2": 5.90992307663, "dvar": 79.4379653931, "dvar2": 141.119491577, "max": 199.253250122, "mean": 12.4844942093, "median": 2.95093679428, "min": 1.19919920352e-16, "var": 472.332092285}, "melbands": {"dmean": [0.000162297525094, 0.000347082532244, 0.000226830568863, 0.000255927297985, 0.000159477858688, 0.000122889498016, 9.32222610572e-05, 8.6774736701e-05, 6.52277667541e-05, 7.14067718945e-05, 5.88225339015e-05, 5.75998783461e-05, 6.79796576151e-05, 8.03195944172e-05, 7.38743910915e-05, 6.80515076965e-05, 4.97041000926e-05, 2.43774175033e-05, 3.08517592202e-05, 1.90569917322e-05, 9.56288931775e-06, 7.71376380726e-06, 8.3244212874e-06, 5.81196627536e-06, 4.15598424297e-06, 1.78082302682e-06, 1.9082694962e-06, 1.50804851273e-06, 1.2053227465e-06, 7.22934316855e-07, 7.63741923038e-07, 7.01579210727e-07, 6.48914181056e-07, 5.31907858203e-07, 4.15586100644e-07, 2.30970343296e-07, 1.13797995027e-07, 2.28460947937e-07, 3.89390152122e-07, 5.32538599884e-08], "dmean2": [0.000258053856669, 0.000586019305047, 0.000388757587643, 0.000418357347371, 0.000232901176787, 0.000185806158697, 0.000145887708641, 0.000133524968987, 9.69651300693e-05, 0.000100584882603, 8.27217954793e-05, 8.14752856968e-05, 9.66518855421e-05, 0.00011453620391, 0.00010376345017, 8.97455101949e-05, 6.66015112074e-05, 3.37647579727e-05, 4.36440059275e-05, 2.65018934442e-05, 1.29461477627e-05, 1.04746513898e-05, 1.20299746413e-05, 8.37672178022e-06, 6.00538805884e-06, 2.6490563414e-06, 2.82826476905e-06, 2.28394878832e-06, 1.87745649782e-06, 1.08864480808e-06, 1.19995934256e-06, 1.07824780571e-06, 9.89337081592e-07, 8.0421648363e-07, 6.60912405692e-07, 3.65584185147e-07, 1.79348859319e-07, 3.74445505713e-07, 6.51770903914e-07, 8.38383087398e-08], "dvar": [3.04866119905e-07, 1.89404659068e-06, 6.47529077469e-07, 6.27589656688e-07, 1.75424631266e-07, 1.62622484368e-07, 1.14873472512e-07, 1.01171387712e-07, 6.82316496636e-08, 1.05575104214e-07, 6.76131151067e-08, 7.00188991232e-08, 1.07122630766e-07, 1.3292240908e-07, 1.3790817377e-07, 1.00283003235e-07, 5.59619941498e-08, 1.1873290795e-08, 2.78704135326e-08, 9.28173360393e-09, 2.21676721424e-09, 2.01470151673e-09, 1.62760260825e-09, 5.40813172023e-10, 3.1787084076e-10, 4.72915213934e-11, 3.98634597554e-11, 1.94927424896e-11, 1.57843217663e-11, 7.02117747622e-12, 7.94037058327e-12, 1.29893075462e-11, 6.33571016831e-12, 4.23816710893e-12, 4.09138261465e-12, 1.05918203895e-12, 2.51046118572e-13, 1.94973529509e-12, 6.09366680379e-12, 1.04944278636e-13], "dvar2": [7.80273126111e-07, 5.24429151483e-06, 1.7537814756e-06, 1.60067781962e-06, 3.26225205072e-07, 3.28404098582e-07, 2.52387195587e-07, 2.19969081172e-07, 1.48344028617e-07, 2.04786744007e-07, 1.23193231616e-07, 1.42070064157e-07, 2.09633824966e-07, 2.62133227125e-07, 2.7042125339e-07, 1.67507764104e-07, 9.64947375337e-08, 2.11484643131e-08, 5.933495828e-08, 1.692214191e-08, 3.71253738862e-09, 3.21680992954e-09, 3.56170692939e-09, 1.13535203461e-09, 6.34434060842e-10, 9.46518557976e-11, 8.25479268274e-11, 4.33691589585e-11, 3.76925539392e-11, 1.47384118798e-11, 1.86799881119e-11, 3.20994585079e-11, 1.44616922604e-11, 9.36954333564e-12, 1.06982304959e-11, 2.69668619032e-12, 6.15590586318e-13, 5.26926809477e-12, 1.66770642435e-11, 2.62519227277e-13], "max": [0.0113995186985, 0.0211285203695, 0.011020748876, 0.0119693465531, 0.0134436059743, 0.0127672161907, 0.0179350599647, 0.010259593837, 0.0121648190543, 0.00984027329832, 0.00961000844836, 0.00833383295685, 0.0113650122657, 0.010455628857, 0.0134289106354, 0.00945497956127, 0.0079302508384, 0.00386055326089, 0.00707090320066, 0.00406004907563, 0.00241014291532, 0.0034943271894, 0.0022916556336, 0.000709506275598, 0.000724530545995, 0.000225409268751, 0.000226525327889, 0.000105413826532, 0.0001152773184, 0.000127856852487, 0.000103608304926, 0.000261149718426, 0.00010789627413, 0.000127355611767, 5.0089245633e-05, 2.16938769881e-05, 9.98603354674e-06, 3.59696605301e-05, 5.94695957261e-05, 1.65496585396e-05], "mean": [0.000606091052759, 0.000894263968803, 0.000349641748471, 0.000340819417033, 0.000310208357405, 0.000245565635851, 0.000168191807461, 0.000183641313924, 0.000110850625788, 0.000108316475234, 0.000105973034806, 8.72514938237e-05, 0.000104431732325, 0.000123291814816, 0.000127660969156, 0.000117456380394, 8.48732306622e-05, 3.3654832805e-05, 4.86807293782e-05, 3.02331154671e-05, 1.61228854267e-05, 1.30618964249e-05, 1.47677455971e-05, 8.56305905472e-06, 6.22024299446e-06, 2.7042410693e-06, 2.99621729027e-06, 2.15839963857e-06, 1.53916914769e-06, 8.62707054239e-07, 8.69575330853e-07, 8.89484454092e-07, 8.33736010009e-07, 7.18411058642e-07, 4.55580988046e-07, 2.4858593406e-07, 1.28886483708e-07, 2.11592563915e-07, 3.29699986423e-07, 5.91734981015e-08], "median": [0.000174707805854, 0.000536267645657, 0.000126503611682, 6.45601321594e-05, 7.95258674771e-05, 9.0545770945e-05, 6.96630158927e-05, 5.26699077454e-05, 2.62094981736e-05, 9.21586615732e-06, 7.71010491007e-06, 6.30789645584e-06, 4.57236183138e-06, 2.72216561825e-06, 1.71306055563e-06, 1.19943570098e-06, 1.41030932355e-06, 1.03901265902e-06, 1.49206812239e-06, 7.48216791635e-07, 7.722530313e-07, 7.58847249926e-07, 5.30305783286e-07, 4.22237292241e-07, 2.42778753545e-07, 1.42875478559e-07, 1.81702517921e-07, 1.25479004964e-07, 8.19863359425e-08, 4.9742535424e-08, 2.54565648561e-08, 2.59635122291e-08, 2.92148314429e-08, 3.37100587444e-08, 2.29058727541e-08, 1.22389236523e-08, 7.61803775617e-09, 9.52224166184e-09, 1.20933769665e-08, 4.9811217373e-09], "min": [1.53623309108e-23, 1.24662608113e-23, 1.48466620034e-23, 1.92351141518e-23, 6.01087870635e-24, 1.62622997191e-23, 3.63212228919e-24, 6.01987724269e-24, 4.90736682401e-24, 9.67889574445e-24, 5.53699418336e-24, 1.28829608072e-23, 2.76596563704e-23, 1.48236903738e-23, 7.73760293115e-24, 8.49333246721e-24, 1.28518039569e-23, 6.57209447027e-24, 1.22172608108e-23, 9.02779677455e-24, 8.9192716021e-24, 9.06666395135e-24, 1.02814363813e-23, 1.04901374224e-23, 6.64085434779e-24, 7.52257995877e-24, 5.1931817796e-24, 1.07823149356e-23, 1.42207387404e-23, 1.11032953382e-23, 1.05103464611e-23, 1.17795218945e-23, 1.13836004948e-23, 9.63538533236e-24, 9.52727036758e-24, 1.14385746336e-23, 9.35942048847e-24, 9.09871615879e-24, 1.33345040005e-23, 1.49920396019e-23], "var": [7.81140101935e-07, 1.86429053883e-06, 5.43394946817e-07, 7.61219610013e-07, 5.74610510284e-07, 4.54514434978e-07, 2.24561702566e-07, 3.46088484093e-07, 1.19686220046e-07, 2.16188993818e-07, 2.29721152323e-07, 1.49911670633e-07, 2.3580089703e-07, 2.84156868702e-07, 4.10471784562e-07, 3.40013372124e-07, 1.89566321751e-07, 2.63400732337e-08, 5.25217132008e-08, 2.89448696122e-08, 6.86269352457e-09, 5.49722445342e-09, 4.25195212372e-09, 1.00422892224e-09, 6.86898871116e-10, 8.96571913933e-11, 8.58494109135e-11, 3.77914088912e-11, 2.22086966872e-11, 9.80926017496e-12, 9.11976223705e-12, 1.43738571393e-11, 8.7257987294e-12, 6.52252514152e-12, 3.65934496246e-12, 1.01564080496e-12, 2.57052815448e-13, 1.3823501805e-12, 4.06439682257e-12, 9.72424858735e-14]}, "melbands_crest": {"dmean": 2.60784721375, "dmean2": 4.11112928391, "dvar": 7.47766399384, "dvar2": 17.2812309265, "max": 33.5760116577, "mean": 15.4826526642, "median": 15.1732196808, "min": 2.56401777267, "var": 28.6756820679}, "melbands_flatness_db": {"dmean": 0.0274822507054, "dmean2": 0.0373410508037, "dvar": 0.00108444155194, "dvar2": 0.00189563748427, "max": 0.665357708931, "mean": 0.299542218447, "median": 0.286451220512, "min": 0.00555225275457, "var": 0.0129098286852}, "melbands_kurtosis": {"dmean": 7.82767438889, "dmean2": 12.0264387131, "dvar": 286.375579834, "dvar2": 636.994812012, "max": 508.848236084, "mean": 14.4057502747, "median": 6.43280124664, "min": -1.82735240459, "var": 624.960083008}, "melbands_skewness": {"dmean": 0.715671658516, "dmean2": 1.05139005184, "dvar": 0.810322880745, "dvar2": 1.73052608967, "max": 16.5616817474, "mean": 2.15985035896, "median": 1.96237111092, "min": -2.69123601913, "var": 3.66450452805}, "melbands_spread": {"dmean": 4.79660654068, "dmean2": 7.17586946487, "dvar": 105.038475037, "dvar2": 238.334121704, "max": 212.124816895, "mean": 17.2750492096, "median": 9.64087486267, "min": 0.410484373569, "var": 530.376647949}, "mfcc": {"cov": [[14974.765625, -959.772705078, -2902.2253418, 145.661514282, -279.392089844, 459.049743652, 37.9423332214, 224.26222229, -274.12701416, 58.7888870239, 9.84829616547, -302.244354248, 66.0076675415], [-959.772705078, 2655.03173828, 577.784973145, -23.5016212463, 229.928390503, -137.226989746, 117.175094604, 88.9762039185, 82.7378692627, 55.731174469, 48.5066413879, 111.949295044, 91.6086883545], [-2902.2253418, 577.784973145, 2176.46655273, 275.413116455, 56.7380485535, 110.588165283, 89.120300293, -24.384809494, 241.616867065, 34.0707740784, 48.0416641235, 196.268249512, -53.7605857849], [145.661514282, -23.5016212463, 275.413116455, 479.976928711, 137.074264526, 21.8901405334, -6.03254652023, 32.120929718, 111.895324707, 31.4381275177, -23.9573669434, 43.2178153992, 2.55966854095], [-279.392089844, 229.928390503, 56.7380485535, 137.074264526, 312.746673584, 26.97224617, -7.06887340546, 48.6564407349, 67.8928070068, 30.5430011749, 4.5361456871, 22.2526512146, 20.4929218292], [459.049743652, -137.226989746, 110.588165283, 21.8901405334, 26.97224617, 341.949523926, 122.184310913, 18.445318222, 11.1207799911, 50.0605239868, 83.2992553711, 22.9024105072, 6.45143604279], [37.9423332214, 117.175094604, 89.120300293, -6.03254652023, -7.06887340546, 122.184310913, 229.945739746, 60.6292076111, -0.526049792767, 60.163482666, 56.6823616028, 17.6284008026, 20.0746994019], [224.26222229, 88.9762039185, -24.384809494, 32.120929718, 48.6564407349, 18.445318222, 60.6292076111, 160.396514893, 51.4243621826, 10.0485954285, 29.2657299042, 18.4110202789, 37.2940216064], [-274.12701416, 82.7378692627, 241.616867065, 111.895324707, 67.8928070068, 11.1207799911, -0.526049792767, 51.4243621826, 193.137191772, 39.4136276245, -11.9185009003, 56.4503288269, -1.79058122635], [58.7888870239, 55.731174469, 34.0707740784, 31.4381275177, 30.5430011749, 50.0605239868, 60.163482666, 10.0485954285, 39.4136276245, 140.214431763, 63.0033607483, 20.6056213379, 29.7471256256], [9.84829616547, 48.5066413879, 48.0416641235, -23.9573669434, 4.5361456871, 83.2992553711, 56.6823616028, 29.2657299042, -11.9185009003, 63.0033607483, 155.100540161, 53.6874504089, 35.5762329102], [-302.244354248, 111.949295044, 196.268249512, 43.2178153992, 22.2526512146, 22.9024105072, 17.6284008026, 18.4110202789, 56.4503288269, 20.6056213379, 53.6874504089, 143.723266602, 54.1994552612], [66.0076675415, 91.6086883545, -53.7605857849, 2.55966854095, 20.4929218292, 6.45143604279, 20.0746994019, 37.2940216064, -1.79058122635, 29.7471256256, 35.5762329102, 54.1994552612, 135.036071777]], "icov": [[0.000120794618852, -3.79578705179e-05, 0.000184193573659, -0.000193254541955, 0.000236410589423, -0.000293132005027, 0.000144384306623, -0.000220513888053, 7.25287391106e-05, -0.000101100209577, 7.51835104893e-05, 5.22534428455e-05, 4.37152302766e-05], [-3.79578705179e-05, 0.000518931425177, -0.00021529069636, 0.000289768591756, -0.00053784478223, 0.000532986188773, -0.000425743113738, 2.10974376387e-05, -2.665298382e-07, 8.08229106042e-06, -7.60886614444e-05, -0.000107838051917, -0.000249524688115], [0.000184193573659, -0.00021529069636, 0.000996623304673, -0.000604849716183, 0.000546503462829, -0.000598164333496, -7.56785302656e-05, 0.0002087354369, -0.000627565139439, 0.000205262214877, -0.000112862966489, -0.000588822120335, 0.000576032674871], [-0.000193254541955, 0.000289768591756, -0.000604849716183, 0.00318177230656, -0.00148884230293, 0.000468053563964, -0.000126145387185, 2.78081606666e-05, -0.00072027411079, -0.000430141575634, 0.000746257777791, -0.000490338832606, -0.000103166545159], [0.000236410589423, -0.00053784478223, 0.000546503462829, -0.00148884230293, 0.00486396253109, -0.00136614684016, 0.00133136101067, -0.00137768185232, -0.000407345534768, -0.000794998952188, 0.000326022825902, 0.000252231111517, -1.26102231661e-05], [-0.000293132005027, 0.000532986188773, -0.000598164333496, 0.000468053563964, -0.00136614684016, 0.00518294842914, -0.00278262421489, 0.00142120313831, -0.000754231761675, 0.000730536296032, -0.00230721733533, 0.000307130801957, -0.000170785293449], [0.000144384306623, -0.000425743113738, -7.56785302656e-05, -0.000126145387185, 0.00133136101067, -0.00278262421489, 0.00765365036204, -0.00367934862152, 0.00210184417665, -0.00326291495003, 0.000961150624789, -0.000419945921749, 0.000661746715195], [-0.000220513888053, 2.10974376387e-05, 0.0002087354369, 2.78081606666e-05, -0.00137768185232, 0.00142120313831, -0.00367934862152, 0.0104389414191, -0.00449639931321, 0.00369017920457, -0.00324012408964, 0.00181830849033, -0.00276751397178], [7.25287391106e-05, -2.665298382e-07, -0.000627565139439, -0.00072027411079, -0.000407345534768, -0.000754231761675, 0.00210184417665, -0.00449639931321, 0.0102865053341, -0.00458603352308, 0.00408542808145, -0.00411551306024, 0.00247789663263], [-0.000101100209577, 8.08229106042e-06, 0.000205262214877, -0.000430141575634, -0.000794998952188, 0.000730536296032, -0.00326291495003, 0.00369017920457, -0.00458603352308, 0.0122680077329, -0.00566620705649, 0.00273501500487, -0.00268280436285], [7.51835104893e-05, -7.60886614444e-05, -0.000112862966489, 0.000746257777791, 0.000326022825902, -0.00230721733533, 0.000961150624789, -0.00324012408964, 0.00408542808145, -0.00566620705649, 0.0122336223722, -0.0049092406407, 0.000818275555503], [5.22534428455e-05, -0.000107838051917, -0.000588822120335, -0.000490338832606, 0.000252231111517, 0.000307130801957, -0.000419945921749, 0.00181830849033, -0.00411551306024, 0.00273501500487, -0.0049092406407, 0.0128497257829, -0.00519140157849], [4.37152302766e-05, -0.000249524688115, 0.000576032674871, -0.000103166545159, -1.26102231661e-05, -0.000170785293449, 0.000661746715195, -0.00276751397178, 0.00247789663263, -0.00268280436285, 0.000818275555503, -0.00519140157849, 0.0109525937587]], "mean": [-773.496276855, 158.481109619, 12.1056108475, 19.5550785065, 2.04240703583, -1.60989427567, -7.83042955399, 0.736289858818, -2.74735188484, 0.116643436253, 0.343383222818, 0.641394019127, 4.25347852707]}, "pitch_salience": {"dmean": 0.0607581324875, "dmean2": 0.0957605466247, "dvar": 0.0040607471019, "dvar2": 0.00971380807459, "max": 0.874468386173, "mean": 0.497846633196, "median": 0.494799256325, "min": 0.103698417544, "var": 0.0162925459445}, "silence_rate_20dB": {"dmean": 0, "dmean2": 0, "dvar": 0, "dvar2": 0, "max": 1, "mean": 1, "median": 1, "min": 1, "var": 0}, "silence_rate_30dB": {"dmean": 0.000390205823351, "dmean2": 0.000780487782322, "dvar": 0.000390054367017, "dvar2": 0.00117012590636, "max": 1, "mean": 0.999804913998, "median": 1, "min": 0, "var": 0.000195045839064}, "silence_rate_60dB": {"dmean": 0.0489708334208, "dmean2": 0.0979512184858, "dvar": 0.046578142792, "dvar2": 0.0967401564121, "max": 1, "mean": 0.218884125352, "median": 0, "min": 0, "var": 0.170950636268}, "spectral_centroid": {"dmean": 182.986312866, "dmean2": 263.493743896, "dvar": 96859.4921875, "dvar2": 191710.203125, "max": 10881.8291016, "mean": 939.798156738, "median": 671.89831543, "min": 116.44934082, "var": 710677.5625}, "spectral_complexity": {"dmean": 1.79299581051, "dmean2": 2.78321957588, "dvar": 7.26100111008, "dvar2": 15.3265132904, "max": 50, "mean": 8.64572811127, "median": 8, "min": 0, "var": 31.2672748566}, "spectral_contrast_coeffs": {"dmean": [0.0438541844487, 0.040461435914, 0.0399828962982, 0.0346954837441, 0.026682369411, 0.0175860654563], "dmean2": [0.0696437656879, 0.0653783902526, 0.0611766502261, 0.0526439249516, 0.0402224883437, 0.0260677020997], "dvar": [0.0016260817647, 0.00134857348166, 0.00146259262692, 0.00110367801972, 0.000700644857716, 0.000332319177687], "dvar2": [0.00377183081582, 0.00325016444549, 0.00289867725223, 0.0021533195395, 0.00139065575786, 0.000645901367534], "max": [-0.245870620012, -0.347063481808, -0.347597122192, -0.427496910095, -0.486590415239, -0.601427435875], "mean": [-0.634528934956, -0.704716324806, -0.733687520027, -0.759080708027, -0.782530367374, -0.791394948959], "median": [-0.644001483917, -0.706133127213, -0.74671459198, -0.778356730938, -0.792990088463, -0.794636368752], "min": [-0.967911124229, -0.963654100895, -0.963771879673, -0.954548120499, -0.960009455681, -0.962175607681], "var": [0.0102140130475, 0.00661922013387, 0.00918812956661, 0.00958079379052, 0.00606486061588, 0.00328411138617]}, "spectral_contrast_valleys": {"dmean": [0.431879371405, 0.340382814407, 0.36027109623, 0.381143420935, 0.352738291025, 0.312009751797], "dmean2": [0.682981073856, 0.542798519135, 0.563010811806, 0.581217110157, 0.479217737913, 0.394772469997], "dvar": [0.215938091278, 0.107522405684, 0.128987714648, 0.153293147683, 0.164346277714, 0.189636781812], "dvar2": [0.442208707333, 0.237888142467, 0.268635749817, 0.302442610264, 0.256193399429, 0.274178236723], "max": [-5.4759054184, -4.9910326004, -5.78531360626, -5.24257087708, -6.14501905441, -8.11336135864], "mean": [-8.47675037384, -7.56153917313, -8.78378295898, -9.36744213104, -9.48449230194, -11.9060993195], "median": [-8.09624290466, -7.31098651886, -8.45581054688, -9.04172325134, -9.23276329041, -11.8596992493], "min": [-27.0980319977, -27.6017360687, -27.6653881073, -27.3138790131, -27.2339134216, -27.2216529846], "var": [4.16419219971, 2.74865460396, 2.60261297226, 2.80011940002, 2.71699357033, 1.95091283321]}, "spectral_decrease": {"dmean": 1.27989630005e-09, "dmean2": 1.92021909484e-09, "dvar": 5.66645023942e-18, "dvar2": 1.3206756561e-17, "max": 8.52196870382e-17, "mean": -3.92060117704e-09, "median": -2.50985321415e-09, "min": -2.71297775356e-08, "var": 1.76598196958e-17}, "spectral_energy": {"dmean": 0.00518289627507, "dmean2": 0.00771855702624, "dvar": 9.03995096451e-05, "dvar2": 0.000206032520509, "max": 0.114256128669, "mean": 0.0159296244383, "median": 0.00981859490275, "min": 1.08520207552e-20, "var": 0.000307620182866}, "spectral_energyband_high": {"dmean": 0.000129111271235, "dmean2": 0.000194272884983, "dvar": 2.1979164444e-07, "dvar2": 5.2095714409e-07, "max": 0.0156872477382, "mean": 0.000175668566953, "median": 1.1394287867e-05, "min": 7.95945820259e-21, "var": 2.61719748096e-07}, "spectral_energyband_low": {"dmean": 0.00141104822978, "dmean2": 0.00231479830109, "dvar": 2.5388020731e-05, "dvar2": 6.77950083627e-05, "max": 0.0731032043695, "mean": 0.004246880766, "median": 0.00282684294507, "min": 8.85758583475e-23, "var": 3.247467248e-05}, "spectral_energyband_middle_high": {"dmean": 0.0021197674796, "dmean2": 0.00282188737765, "dvar": 3.17283120239e-05, "dvar2": 5.3863543144e-05, "max": 0.104187317193, "mean": 0.00579249253497, "median": 0.000352390285116, "min": 1.45227995133e-21, "var": 0.00017712135741}, "spectral_energyband_middle_low": {"dmean": 0.00268392451108, "dmean2": 0.00418725190684, "dvar": 3.38251920766e-05, "dvar2": 8.05203599157e-05, "max": 0.0881514698267, "mean": 0.00617326935753, "median": 0.00319567439146, "min": 2.77862155342e-22, "var": 7.33550914447e-05}, "spectral_entropy": {"dmean": 0.232838273048, "dmean2": 0.324632555246, "dvar": 0.0719840303063, "dvar2": 0.124812334776, "max": 9.79797363281, "mean": 6.717648983, "median": 6.69798278809, "min": 4.70848941803, "var": 0.622220695019}, "spectral_flux": {"dmean": 0.0243873074651, "dmean2": 0.0378928296268, "dvar": 0.00108429137617, "dvar2": 0.002405827865, "max": 0.35195890069, "mean": 0.0574211217463, "median": 0.0357918962836, "min": 1.04173031312e-10, "var": 0.00332051236182}, "spectral_kurtosis": {"dmean": 5.08915662766, "dmean2": 8.24353122711, "dvar": 51.1478767395, "dvar2": 124.198356628, "max": 141.73815918, "mean": 14.1054992676, "median": 8.71797370911, "min": -1.33586502075, "var": 309.152404785}, "spectral_rms": {"dmean": 0.000568384712096, "dmean2": 0.000812992744613, "dvar": 7.74511704549e-07, "dvar2": 1.62838762208e-06, "max": 0.0105579067022, "mean": 0.00337517424487, "median": 0.00309501495212, "min": 3.25381887233e-12, "var": 4.14909300162e-06}, "spectral_rolloff": {"dmean": 282.620910645, "dmean2": 481.015838623, "dvar": 659194.25, "dvar2": 1538685.125, "max": 18841.5527344, "mean": 1254.41540527, "median": 538.330078125, "min": 86.1328125, "var": 6244367}, "spectral_skewness": {"dmean": 0.473068803549, "dmean2": 0.721218645573, "dvar": 0.280031472445, "dvar2": 0.59383559227, "max": 10.2618875504, "mean": 2.56259918213, "median": 2.19519543648, "min": -0.133075237274, "var": 2.35438013077}, "spectral_spread": {"dmean": 520352.71875, "dmean2": 751001.625, "dvar": 596349091840, "dvar2": 985514573824, "m