{"lowlevel": {"average_loudness": 0.880976378918, "barkbands": {"dmean": [5.16485524713e-05, 0.00144110550173, 0.000254267739365, 0.000191905142856, 0.000153502987814, 0.000182732343092, 3.5812616261e-05, 4.07391744375e-05, 0.000142927106936, 3.80705860152e-05, 3.59679070243e-05, 6.0680504248e-05, 6.63468817947e-05, 0.00011569527851, 0.00015153021377, 0.000176212241058, 0.000221433787374, 0.000267441238975, 0.000385271880077, 0.000452524400316, 0.000406238890719, 0.000298487779219, 0.000264890346443, 0.000181369003258, 0.00012387931929, 6.20521386736e-05, 1.25872156786e-06], "dmean2": [5.84101180721e-05, 0.001553421258, 0.000465562916361, 0.0003449251235, 0.000277710700175, 0.000319845974445, 6.19543061475e-05, 6.77655407344e-05, 0.000227292854106, 5.95462006459e-05, 5.68125797145e-05, 9.60733596003e-05, 0.000105451435957, 0.000186159348232, 0.000247076939559, 0.00027963987668, 0.000346639513737, 0.000417889939854, 0.000594955577981, 0.000698891293723, 0.000615341356024, 0.00044957434875, 0.000409434607718, 0.000274976424407, 0.000189315527678, 9.93113208096e-05, 2.00502381631e-06], "dvar": [1.52613548465e-08, 9.69615211943e-06, 9.9084707017e-07, 3.21288638361e-07, 2.03079679295e-07, 2.22252054982e-07, 1.25188792666e-08, 1.49770613689e-08, 2.03009236088e-07, 1.65412092912e-08, 9.30904597851e-09, 3.03455500728e-08, 3.95530292963e-08, 7.09437557589e-08, 1.56839789156e-07, 2.22977774911e-07, 3.55948628794e-07, 5.57277928692e-07, 1.4535870605e-06, 2.14096985474e-06, 1.85054307167e-06, 9.27882069846e-07, 4.09882602526e-07, 1.98615595082e-07, 6.6513713648e-08, 9.19881770756e-09, 1.25590891853e-11], "dvar2": [2.46890863309e-08, 1.74760534719e-05, 2.82581345346e-06, 8.95284017588e-07, 5.6825598449e-07, 6.14035059243e-07, 3.35171890242e-08, 3.65790597812e-08, 5.22204004483e-07, 3.6914428847e-08, 2.4199472648e-08, 7.30404536853e-08, 9.07426240815e-08, 1.80671790417e-07, 4.06135370667e-07, 5.73744671328e-07, 8.99535962162e-07, 1.35130176204e-06, 3.59013210982e-06, 5.10593099534e-06, 4.37028757005e-06, 2.12466602534e-06, 9.17816805668e-07, 4.38254630808e-07, 1.41394679076e-07, 2.1010492901e-08, 3.06156142105e-11], "max": [0.00211813324131, 0.0623909309506, 0.0153881162405, 0.00662673078477, 0.00658151460811, 0.00561858667061, 0.00222693406977, 0.00297643151134, 0.0109821045771, 0.00284777209163, 0.00175992166623, 0.00444310251623, 0.00698381615803, 0.00528528355062, 0.00869572069496, 0.0108395172283, 0.0103326234967, 0.00907734129578, 0.0169482268393, 0.0205753482878, 0.0180220548064, 0.0115987444296, 0.00767507683486, 0.0056223878637, 0.00301161454991, 0.00139369559474, 4.44796642114e-05], "mean": [0.00030661324854, 0.00726754544303, 0.000192676452571, 0.00013129368017, 0.000116327668366, 0.000167721955222, 3.38892641594e-05, 5.49399810552e-05, 0.000174638655153, 4.54996516055e-05, 4.49083381682e-05, 7.64637588873e-05, 8.06222451502e-05, 0.000147519880557, 0.000171904539457, 0.000201463000849, 0.000254351180047, 0.000313798343996, 0.000426093640272, 0.000467530102469, 0.000402081554057, 0.000296055834042, 0.000241934292717, 0.000169991675648, 0.000112173496746, 5.06007636432e-05, 1.00550983007e-06], "median": [0.000201030677999, 0.00356246926822, 1.43676552398e-05, 4.18949230152e-06, 3.12949396175e-06, 3.05388311972e-05, 1.07831044716e-06, 1.3041069451e-06, 2.67018294835e-05, 2.60988713308e-06, 5.03582168676e-06, 8.88712020242e-06, 6.05919240115e-06, 2.09585905395e-05, 3.08324270009e-05, 2.83001991193e-05, 5.14532694069e-05, 7.64789438108e-05, 6.52583839837e-05, 7.21903707017e-05, 4.91727769258e-05, 3.85069361073e-05, 3.27467314492e-05, 1.88106605492e-05, 8.86613361217e-06, 4.22179891757e-06, 4.21214352286e-08], "min": [1.35212474897e-11, 3.31384975016e-10, 3.80424580726e-11, 4.47193844455e-11, 1.04741333662e-10, 2.61618296471e-11, 9.16144590746e-12, 3.0163781195e-11, 5.23030056765e-11, 1.70022208118e-11, 1.9983903421e-11, 3.59758021984e-11, 3.28691032725e-11, 3.76591674511e-11, 5.18844585351e-11, 3.46035942955e-11, 5.69224667402e-11, 5.99470473261e-11, 6.68357660882e-11, 8.29079513376e-11, 9.20589368625e-11, 8.02711924708e-11, 8.97033419767e-11, 1.18406687233e-10, 1.43717496237e-10, 1.81359260942e-10, 1.97825075765e-10], "var": [1.07692024187e-07, 8.0967656686e-05, 6.06624723787e-07, 2.04888991107e-07, 1.32865949354e-07, 1.7009692499e-07, 1.16774465653e-08, 2.41528219647e-08, 2.31173970633e-07, 2.48133318337e-08, 1.37296893854e-08, 4.41672867169e-08, 6.73464839451e-08, 1.01520228668e-07, 1.5987285451e-07, 2.32997024341e-07, 3.52086061639e-07, 5.61606555038e-07, 1.36927178573e-06, 2.07658695217e-06, 1.81822372269e-06, 9.56110284278e-07, 4.50223268444e-07, 2.26183829e-07, 8.13158891333e-08, 1.0179700638e-08, 1.12680472591e-11]}, "barkbands_crest": {"dmean": 2.98127913475, "dmean2": 4.50681972504, "dvar": 13.6310558319, "dvar2": 27.0529727936, "max": 26.5614395142, "mean": 15.8165597916, "median": 16.7579116821, "min": 2.15891718864, "var": 56.530254364}, "barkbands_flatness_db": {"dmean": 0.0467054396868, "dmean2": 0.0629767179489, "dvar": 0.00299562630244, "dvar2": 0.00583455339074, "max": 0.8225517869, "mean": 0.2129329741, "median": 0.182581976056, "min": 0.0109733175486, "var": 0.0153305111453}, "barkbands_kurtosis": {"dmean": 65.8905410767, "dmean2": 108.721031189, "dvar": 64954.7890625, "dvar2": 166892.0625, "max": 3173.07104492, "mean": 61.1287345886, "median": 1.78803014755, "min": -1.96890568733, "var": 63557.1054688}, "barkbands_skewness": {"dmean": 2.24589848518, "dmean2": 3.28398561478, "dvar": 20.0723876953, "dvar2": 48.4031982422, "max": 46.2675857544, "mean": 2.93795347214, "median": 1.37490129471, "min": -5.97258996964, "var": 32.2114906311}, "barkbands_spread": {"dmean": 13.862821579, "dmean2": 21.203250885, "dvar": 237.567657471, "dvar2": 527.915771484, "max": 123.306930542, "mean": 33.6991271973, "median": 30.4749774933, "min": 0.0245580337942, "var": 588.561218262}, "dissonance": {"dmean": 0.0116991503164, "dmean2": 0.0195004735142, "dvar": 0.000241261412157, "dvar2": 0.000628194655292, "max": 0.5, "mean": 0.481836915016, "median": 0.488272249699, "min": 0.270241469145, "var": 0.000418506620917}, "dynamic_complexity": 5.11811208725, "erbbands": {"dmean": [0.0597989633679, 0.272331446409, 0.294305235147, 0.494476318359, 0.61620092392, 0.472973525524, 1.01367592812, 1.49975180626, 0.692396879196, 0.416063219309, 1.37393200397, 3.19016265869, 2.0678858757, 0.963200330734, 1.63916516304, 2.52365779877, 2.85241150856, 4.72267770767, 7.2564458847, 8.43476486206, 10.1000547409, 12.4046115875, 13.8347463608, 16.4566841125, 21.7480373383, 21.0712223053, 18.2503948212, 14.4467191696, 11.2685117722, 9.36469078064, 6.75973463058, 4.4879693985, 2.58642601967, 1.49751651287, 0.832962751389, 0.402559190989, 0.0883187055588, 0.00661781430244, 0.000275225902442, 1.92695024452e-05], "dmean2": [0.0510825291276, 0.350309580564, 0.497869461775, 0.899774253368, 1.09871435165, 0.863042593002, 1.80370390415, 2.6170797348, 1.19098877907, 0.705430805683, 2.23087239265, 5.09413766861, 3.15588068962, 1.52441477776, 2.55618190765, 4.00986719131, 4.46590328217, 7.60154819489, 11.5976190567, 13.4532470703, 15.9517908096, 19.3004341125, 21.4240684509, 25.6745891571, 33.690322876, 32.4811325073, 27.7430267334, 21.671081543, 17.0367832184, 14.4550628662, 10.3853874207, 6.88691568375, 3.89742136002, 2.25544667244, 1.30577337742, 0.645378410816, 0.141123279929, 0.0104860207066, 0.000438904156908, 2.96914095088e-05], "dvar": [0.0132658807561, 0.507198870182, 1.03946387768, 2.6966791153, 2.99793505669, 2.23599219322, 7.18384599686, 15.2962093353, 3.72983074188, 1.79651510715, 14.9764137268, 129.344024658, 46.2481002808, 7.23396968842, 17.0552482605, 57.7638893127, 60.2523994446, 113.672088623, 268.501251221, 577.025817871, 847.878845215, 1155.92224121, 1454.49841309, 2615.12109375, 4840.32568359, 4749.01367188, 3879.03515625, 2229.15405273, 1338.29077148, 644.365478516, 294.330108643, 123.224990845, 42.9257621765, 12.0281686783, 2.5564353466, 0.404168009758, 0.0182411335409, 0.000135437760036, 4.55281508493e-07, 2.03979344526e-09], "dvar2": [0.0152854304761, 1.10744810104, 2.83203792572, 7.6555762291, 8.23748397827, 6.33297586441, 19.8776683807, 42.0380630493, 9.80568313599, 4.90934181213, 36.4032745361, 330.650054932, 109.105903625, 17.3543128967, 42.9899291992, 138.508804321, 142.654418945, 282.220581055, 681.460754395, 1503.93408203, 2207.60083008, 2916.10449219, 3535.33496094, 6403.32421875, 12055.6884766, 11358.2744141, 9240.33105469, 5144.08789062, 3110.3527832, 1447.86230469, 662.26373291, 275.49307251, 94.2565155029, 25.7472801208, 5.49970006943, 0.912994146347, 0.0418109148741, 0.000311646173941, 1.09577501917e-06, 4.72170524901e-09], "max": [2.6272983551, 14.4465684891, 16.0736999512, 19.9074382782, 23.0699310303, 21.0061473846, 50.2324638367, 50.4131317139, 36.9622077942, 42.164440155, 84.1101455688, 296.377044678, 146.289733887, 66.2812042236, 78.7555236816, 219.453399658, 285.424621582, 216.01524353, 247.55241394, 569.110290527, 746.610534668, 600.053527832, 615.540771484, 621.290039062, 998.294799805, 916.37677002, 841.924072266, 614.920227051, 437.373748779, 321.22869873, 212.674163818, 122.399055481, 88.6034698486, 41.8206253052, 19.5106525421, 9.43713760376, 1.56191575527, 0.143488943577, 0.00879603158683, 0.000558646628633], "mean": [0.337756693363, 1.11955749989, 0.369928896427, 0.348330587149, 0.447375863791, 0.349506616592, 0.886783242226, 1.36688876152, 0.677822291851, 0.499324262142, 1.88928306103, 3.74325990677, 2.68435072899, 1.28233635426, 2.23295331001, 3.23045897484, 3.6884739399, 6.26578855515, 9.12563514709, 9.68956851959, 11.7347002029, 14.8198299408, 16.562538147, 18.8913669586, 23.669424057, 21.8489608765, 18.0839176178, 14.4849739075, 11.1138954163, 8.83186531067, 6.28349637985, 4.14713096619, 2.4662232399, 1.4026645422, 0.721238315105, 0.330504506826, 0.0717322528362, 0.00541738420725, 0.000225134543143, 2.64082846115e-05], "median": [0.177825078368, 0.47846186161, 0.0845087319613, 0.0217092875391, 0.0122745065019, 0.0117566706613, 0.0871959477663, 0.236418232322, 0.0683542788029, 0.0382377021015, 0.181021288037, 0.59185218811, 0.226646319032, 0.193302467465, 0.34476852417, 0.465695917606, 0.534853816032, 1.21374082565, 1.74560749531, 1.87429022789, 1.98746681213, 3.60884356499, 4.13683652878, 3.70494580269, 3.99219274521, 3.41943955421, 2.39757156372, 1.7914788723, 1.47376537323, 1.29915237427, 0.827420651913, 0.476906567812, 0.258199155331, 0.1212445274, 0.0522314012051, 0.0271710176021, 0.00597755145282, 0.000383743463317, 1.97343870241e-05, 1.46310385389e-05], "min": [1.60309223673e-08, 3.05633989228e-08, 8.70257039765e-08, 1.75376698053e-07, 1.60296352192e-07, 1.85307484912e-07, 9.95125617465e-08, 3.23706416339e-07, 2.86367935587e-07, 6.60926843921e-07, 1.13747159958e-06, 1.06528864308e-06, 7.2219569347e-07, 6.96181018611e-07, 1.31617514398e-06, 1.51271490267e-06, 1.85305350442e-06, 2.98354257211e-06, 5.76426236876e-06, 2.74340141004e-06, 2.813403853e-06, 3.10059431285e-06, 3.12147676595e-06, 2.9593054478e-06, 3.43069928022e-06, 3.86105693906e-06, 4.02811292588e-06, 3.3050851016e-06, 3.07049185722e-06, 2.89278614218e-06, 2.51177107202e-06, 2.64528466687e-06, 2.01621674023e-06, 1.65957544596e-06, 1.16297405839e-06, 6.44209876555e-07, 3.28376614789e-07, 1.87162413567e-07, 2.26304681661e-08, 2.22124452165e-09], "var": [0.163969099522, 2.24751210213, 0.854490578175, 1.63113927841, 2.01653671265, 1.40945208073, 5.51530981064, 11.795173645, 3.60825109482, 1.84937083721, 22.9553623199, 134.209594727, 72.0404434204, 10.730635643, 27.4750289917, 82.412689209, 106.659004211, 173.283554077, 358.21987915, 556.98260498, 844.590942383, 1147.2701416, 1481.09240723, 2515.99609375, 4418.62695312, 4574.28271484, 3740.18115234, 2281.24438477, 1349.39379883, 689.19128418, 322.568878174, 136.73223877, 49.3013038635, 14.5909538269, 3.021225214, 0.452053308487, 0.0200448278338, 0.000146234480781, 4.24924309073e-07, 2.17609374964e-09]}, "erbbands_crest": {"dmean": 2.76333546638, "dmean2": 4.52016592026, "dvar": 9.02492904663, "dvar2": 18.7728900909, "max": 29.7631759644, "mean": 8.78839492798, "median": 7.53088474274, "min": 2.24482679367, "var": 20.8198757172}, "erbbands_flatness_db": {"dmean": 0.0327002592385, "dmean2": 0.0477926246822, "dvar": 0.00099611422047, "dvar2": 0.00218107155524, "max": 0.480338305235, "mean": 0.176985383034, "median": 0.171398311853, "min": 0.0326173678041, "var": 0.00334017467685}, "erbbands_kurtosis": {"dmean": 6.02015781403, "dmean2": 9.96258544922, "dvar": 854.250610352, "dvar2": 1858.33361816, "max": 479.581573486, "mean": 6.01089906693, "median": 1.15474414825, "min": -1.9523242712, "var": 985.464111328}, "erbbands_skewness": {"dmean": 0.768239080906, "dmean2": 1.12885642052, "dvar": 2.1008682251, "dvar2": 3.82867717743, "max": 16.6778697968, "mean": -0.568849742413, "median": -0.773576617241, "min": -5.88306570053, "var": 3.96493053436}, "erbbands_spread": {"dmean": 18.8602046967, "dmean2": 29.3956317902, "dvar": 771.324829102, "dvar2": 1758.16638184, "max": 224.457901001, "mean": 43.4119491577, "median": 32.2276344299, "min": 0.609075963497, "var": 1295.8972168}, "gfcc": {"cov": [[18741.4257812, -576.28515625, -2643.87841797, -338.373687744, -1022.73156738, -97.7097625732, -871.983703613, 386.680297852, -575.361022949, 260.029663086, -161.423950195, 266.442138672, 16.3990287781], [-576.28515625, 2839.25097656, -342.84463501, -45.9449310303, 405.836761475, -263.612548828, 416.280609131, -92.2853393555, 279.003051758, -126.856994629, 281.744720459, -220.253433228, 134.363174438], [-2643.87841797, -342.84463501, 3021.41650391, 796.387878418, 635.524597168, 605.672241211, 159.336669922, 87.0032424927, 97.1008300781, 13.0108661652, -111.712150574, 40.0198287964, -190.611816406], [-338.373687744, -45.9449310303, 796.387878418, 1023.40460205, 463.990447998, 134.52784729, 125.172874451, 14.8097906113, 167.482009888, -3.90772271156, 46.6025619507, -26.4674434662, 56.8064002991], [-1022.73156738, 405.836761475, 635.524597168, 463.990447998, 717.539978027, 231.280776978, 286.965026855, 103.296684265, 174.847702026, 6.39775848389, 51.7693061829, -60.1396636963, -0.548963069916], [-97.7097625732, -263.612548828, 605.672241211, 134.52784729, 231.280776978, 499.788879395, 229.136489868, 129.209976196, 37.1767234802, 52.0789489746, -9.89518070221, 19.9314575195, -70.5560455322], [-871.983703613, 416.280609131, 159.336669922, 125.172874451, 286.965026855, 229.136489868, 496.875854492, 141.564086914, 125.549812317, -7.84771203995, 113.534622192, -55.8104782104, 5.45208930969], [386.680297852, -92.2853393555, 87.0032424927, 14.8097906113, 103.296684265, 129.209976196, 141.564086914, 290.037445068, 114.523262024, 79.8347625732, 25.1407833099, 51.4113731384, -1.0097284317], [-575.361022949, 279.003051758, 97.1008300781, 167.482009888, 174.847702026, 37.1767234802, 125.549812317, 114.523262024, 288.900878906, 68.7185134888, 81.1442260742, 11.4407691956, 74.6761245728], [260.029663086, -126.856994629, 13.0108661652, -3.90772271156, 6.39775848389, 52.0789489746, -7.84771203995, 79.8347625732, 68.7185134888, 140.772399902, 39.7161941528, 55.6188430786, 13.3247299194], [-161.423950195, 281.744720459, -111.712150574, 46.6025619507, 51.7693061829, -9.89518070221, 113.534622192, 25.1407833099, 81.1442260742, 39.7161941528, 165.084732056, 38.0278434753, 55.4941711426], [266.442138672, -220.253433228, 40.0198287964, -26.4674434662, -60.1396636963, 19.9314575195, -55.8104782104, 51.4113731384, 11.4407691956, 55.6188430786, 38.0278434753, 180.245559692, 61.0473175049], [16.3990287781, 134.363174438, -190.611816406, 56.8064002991, -0.548963069916, -70.5560455322, 5.45208930969, -1.0097284317, 74.6761245728, 13.3247299194, 55.4941711426, 61.0473175049, 170.963378906]], "icov": [[0.000129515858134, -0.000187062614714, 0.000198658759473, -0.000299550010823, 0.00019308172341, -0.00036432032357, 0.000395448849304, -0.000483528274344, 0.000475002045278, -0.000245352595812, 0.000218618966755, -0.000175364461029, 9.3713584647e-05], [-0.000187062614714, 0.00110045284964, -0.000399718497647, 0.000946648186073, -0.000795688771177, 0.00110684148967, -0.000878955645021, 0.00101953418925, -0.00124044087715, 0.00103077583481, -0.0015504010953, 0.00118093052879, -0.00057578535052], [0.000198658759473, -0.000399718497647, 0.000997815281153, -0.000917448021937, 9.0255496616e-05, -0.00116764451377, 0.000728870625608, -0.000523495255038, 0.000512602040544, -0.000267285475275, 0.00100048794411, -0.00113126903307, 0.00108062161598], [-0.000299550010823, 0.000946648186073, -0.000917448021937, 0.0027391302865, -0.00155809009448, 0.00120930478442, -0.000740650109947, 0.00144952686969, -0.00174478930421, 0.00121801299974, -0.00175574468449, 0.00149496039376, -0.00141874875408], [0.00019308172341, -0.000795688771177, 9.0255496616e-05, -0.00155809009448, 0.00348888104782, -0.00125052384101, -7.68662357586e-05, -0.00115150155034, 0.000364858045941, -0.000644972489681, 0.00099046563264, -3.33179777954e-05, 0.000297225080431], [-0.00036432032357, 0.00110684148967, -0.00116764451377, 0.00120930478442, -0.00125052384101, 0.00571323791519, -0.0036464035511, 0.00145249918569, -0.00105646799784, -0.000808323093224, 0.000245051138336, -0.000147980783368, 0.000437844340922], [0.000395448849304, -0.000878955645021, 0.000728870625608, -0.000740650109947, -7.68662357586e-05, -0.0036464035511, 0.00676167523488, -0.00369243067689, 0.00132308446337, 0.00177676288877, -0.00304313469678, 0.00173318758607, -0.000378444965463], [-0.000483528274344, 0.00101953418925, -0.000523495255038, 0.00144952686969, -0.00115150155034, 0.00145249918569, -0.00369243067689, 0.00816254131496, -0.00392484478652, -0.00123761291616, 0.00103820441291, -0.00165556743741, 0.00100650428794], [0.000475002045278, -0.00124044087715, 0.000512602040544, -0.00174478930421, 0.000364858045941, -0.00105646799784, 0.00132308446337, -0.00392484478652, 0.00871427264065, -0.00369357131422, 0.000153342785779, 0.000463338656118, -0.00215333118103], [-0.000245352595812, 0.00103077583481, -0.000267285475275, 0.00121801299974, -0.000644972489681, -0.000808323093224, 0.00177676288877, -0.00123761291616, -0.00369357131422, 0.0128677356988, -0.00474880542606, -0.000211093472899, 0.00033834061469], [0.000218618966755, -0.0015504010953, 0.00100048794411, -0.00175574468449, 0.00099046563264, 0.000245051138336, -0.00304313469678, 0.00103820441291, 0.000153342785779, -0.00474880542606, 0.013742399402, -0.00536879943684, 0.000863346271217], [-0.000175364461029, 0.00118093052879, -0.00113126903307, 0.00149496039376, -3.33179777954e-05, -0.000147980783368, 0.00173318758607, -0.00165556743741, 0.000463338656118, -0.000211093472899, -0.00536879943684, 0.0117432903498, -0.00543205020949], [9.3713584647e-05, -0.00057578535052, 0.00108062161598, -0.00141874875408, 0.000297225080431, 0.000437844340922, -0.000378444965463, 0.00100650428794, -0.00215333118103, 0.00033834061469, 0.000863346271217, -0.00543205020949, 0.0107422517613]], "mean": [-124.284950256, 18.6208953857, -111.137481689, 73.285697937, -37.8394317627, 32.3298950195, -22.0276889801, 27.471282959, -7.72515392303, 18.1200942993, -5.91706514359, 10.1897106171, -2.8968539238]}, "hfc": {"dmean": 13.4743413925, "dmean2": 20.0317745209, "dvar": 1347.38671875, "dvar2": 3046.23193359, "max": 447.475158691, "mean": 15.4891719818, "median": 5.65514039993, "min": 2.23139140871e-05, "var": 1473.42456055}, "melbands": {"dmean": [0.000456417590613, 0.000195538654225, 9.19153972063e-05, 3.74262854166e-05, 3.14629796776e-05, 3.3515625546e-05, 9.79885044217e-06, 4.63413607577e-06, 1.34342571982e-05, 2.09779846045e-05, 1.00386369013e-05, 3.7294514641e-06, 5.12227779836e-06, 6.74558214087e-06, 6.12299527347e-06, 7.22016011423e-06, 9.45056854107e-06, 1.2249239262e-05, 1.14406520879e-05, 1.16835462904e-05, 1.24090211102e-05, 1.31202486955e-05, 1.34344018079e-05, 1.24382804643e-05, 1.35349200718e-05, 1.60519866768e-05, 1.59105657076e-05, 1.39652838698e-05, 1.17643667181e-05, 1.0100482541e-05, 7.94191328168e-06, 6.68392658554e-06, 5.22277741766e-06, 5.54410917175e-06, 4.07472089137e-06, 3.19311448038e-06, 2.62153184849e-06, 1.88075728147e-06, 1.48116907894e-06, 1.19420758438e-06], "dmean2": [0.000439999363152, 0.000288328737952, 0.000165469027706, 6.76359049976e-05, 5.60099651921e-05, 5.84747504035e-05, 1.6835227143e-05, 7.82862935012e-06, 2.18159620999e-05, 3.34201322403e-05, 1.5416637325e-05, 5.94452330915e-06, 8.03270904726e-06, 1.05279996205e-05, 9.85013411992e-06, 1.13038440759e-05, 1.53045893967e-05, 1.97267127078e-05, 1.86285324162e-05, 1.84841173905e-05, 1.9890265321e-05, 2.07182329177e-05, 2.11177502933e-05, 1.93582127395e-05, 2.14054907701e-05, 2.50237208093e-05, 2.47792468144e-05, 2.17742090172e-05, 1.80611586984e-05, 1.56123605848e-05, 1.19812084449e-05, 1.0228035535e-05, 7.92929949966e-06, 8.78291120898e-06, 6.3287170633e-06, 4.94339656143e-06, 4.07444349548e-06, 2.85774240183e-06, 2.23549795919e-06, 1.82217740985e-06], "dvar": [8.43217435431e-07, 3.15852474841e-07, 8.09516080835e-08, 1.30476172089e-08, 6.3573017961e-09, 7.49670903133e-09, 7.65890295629e-10, 2.05434835809e-10, 1.49793277782e-09, 5.39111111308e-09, 1.11803399871e-09, 1.31571614714e-10, 1.8462961715e-10, 3.823260597e-10, 3.39919481451e-10, 5.37609512463e-10, 4.62586940975e-10, 8.3371465287e-10, 1.07949515993e-09, 9.36758337566e-10, 1.38536671024e-09, 1.34539401841e-09, 1.22328469576e-09, 1.33053157381e-09, 1.80537929051e-09, 2.61163046744e-09, 2.69904210093e-09, 2.21158269476e-09, 1.62552526994e-09, 1.1921572618e-09, 6.95447255339e-10, 4.96595098376e-10, 2.80678452702e-10, 1.86871434993e-10, 1.07819239648e-10, 6.94384758027e-11, 4.12892428581e-11, 2.37288019095e-11, 1.39054106771e-11, 7.51724897607e-12], "dvar2": [1.25503390791e-06, 7.7215975125e-07, 2.27642502182e-07, 3.65623691323e-08, 1.75426659865e-08, 2.06010586368e-08, 2.01098981911e-09, 5.47309975119e-10, 3.72753961031e-09, 1.37999558447e-08, 2.63766142261e-09, 3.12644410361e-10, 4.74975503373e-10, 8.85864492872e-10, 8.53577986071e-10, 1.21262266894e-09, 1.15387144284e-09, 2.12502859753e-09, 2.82993606326e-09, 2.39455100193e-09, 3.62900376416e-09, 3.43139694436e-09, 3.05788061539e-09, 3.21751736365e-09, 4.48803705311e-09, 6.53139720086e-09, 6.76364786401e-09, 5.35930766432e-09, 3.88235932292e-09, 2.86514256764e-09, 1.61205493399e-09, 1.17298648572e-09, 6.48997078301e-10, 4.24548868283e-10, 2.45094528006e-10, 1.58194901623e-10, 9.34837832145e-11, 5.2809936979e-11, 3.06131196781e-11, 1.61931700687e-11], "max": [0.0187555700541, 0.00946478359401, 0.00312110129744, 0.00177488545887, 0.00145828467794, 0.00101786712185, 0.000514284009114, 0.000392604793888, 0.000987702631392, 0.00199510739185, 0.000695085385814, 0.000313720782287, 0.000256740138866, 0.000529089418706, 0.000477468391182, 0.000949002744164, 0.000435787689639, 0.000547537521925, 0.00075385166565, 0.000538544380106, 0.000938684563152, 0.000621968880296, 0.000636137323454, 0.000449880055385, 0.000517607317306, 0.000846935203299, 0.000920154328924, 0.000735272536986, 0.00054253108101, 0.000436504778918, 0.000402429024689, 0.00028312849463, 0.000196107881493, 0.000195124186575, 0.00012770514877, 0.00011858977814, 7.39513634471e-05, 7.35263165552e-05, 4.43794597231e-05, 3.36794983014e-05], "mean": [0.00243206205778, 0.000585936882999, 6.52471644571e-05, 2.75026231975e-05, 2.7293119274e-05, 3.07475929731e-05, 9.5764253274e-06, 5.89989531363e-06, 1.78339014383e-05, 2.47064763244e-05, 1.28010606204e-05, 4.65427820018e-06, 6.65159768687e-06, 8.59570627654e-06, 7.50313984099e-06, 8.91389208846e-06, 1.19215310406e-05, 1.49682236952e-05, 1.28685278469e-05, 1.32465738716e-05, 1.37331544465e-05, 1.50302603288e-05, 1.56303212862e-05, 1.42401222547e-05, 1.50921432578e-05, 1.71779320226e-05, 1.66843274201e-05, 1.40049987749e-05, 1.15714719868e-05, 9.77660602075e-06, 7.92426999396e-06, 6.5221265686e-06, 5.10919380758e-06, 4.98702092955e-06, 3.76793514079e-06, 2.92712661576e-06, 2.39334440266e-06, 1.77705248916e-06, 1.41485679706e-06, 1.10086284622e-06], "median": [0.00123188749421, 0.000231672180234, 2.95794461636e-06, 5.41576241631e-07, 2.62767184722e-06, 5.55286305826e-06, 7.37157222375e-07, 1.67837612253e-07, 1.10132577902e-06, 3.42778025697e-06, 6.85854729454e-07, 3.4121455883e-07, 9.339752296e-07, 1.01139448816e-06, 7.53833262479e-07, 7.95438381829e-07, 1.76252649453e-06, 1.97130134438e-06, 2.54043470704e-06, 1.79519622634e-06, 2.02057526622e-06, 3.05199523609e-06, 3.55759175363e-06, 3.21439551954e-06, 2.61980540017e-06, 2.70669033853e-06, 2.69338602266e-06, 1.90590651528e-06, 1.40041197483e-06, 1.11760220989e-06, 8.76709918884e-07, 7.97995653556e-07, 6.44109888981e-07, 6.94717243732e-07, 4.95184679039e-07, 3.36642870025e-07, 2.69448463541e-07, 1.86341495123e-07, 1.38095671787e-07, 8.63840909915e-08], "min": [1.2471672306e-10, 3.58008171719e-11, 3.10600746511e-11, 3.23289381376e-11, 4.59328625482e-12, 6.41757480491e-12, 2.56875597182e-12, 7.43831125166e-12, 1.03972551055e-11, 6.35326730461e-12, 3.04367750621e-12, 2.41755226948e-12, 3.65358611421e-12, 3.49547777875e-12, 4.72197281276e-12, 4.2963727194e-12, 4.8624606945e-12, 7.00570287546e-12, 3.68763786868e-12, 2.61828536283e-12, 2.913934068e-12, 3.69056001037e-12, 1.79848833309e-12, 2.72371253156e-12, 2.27544068657e-12, 2.08182299524e-12, 2.63778387154e-12, 2.36037166375e-12, 2.25654152482e-12, 1.43241549264e-12, 1.43882507905e-12, 1.30548230646e-12, 1.23112750463e-12, 1.66578925133e-12, 1.31670650945e-12, 1.4206558022e-12, 1.52051515909e-12, 1.43680022307e-12, 1.31002327042e-12, 1.30354006669e-12], "var": [8.81658161234e-06, 7.26557118469e-07, 5.04941404245e-08, 8.34494251478e-09, 4.86373652464e-09, 5.78876813151e-09, 7.48992257105e-10, 2.74186201521e-10, 2.08429384863e-09, 5.81952974699e-09, 1.73987380059e-09, 1.8981313743e-10, 2.83619683294e-10, 5.6872745402e-10, 4.49751846876e-10, 9.33601973507e-10, 6.7750166588e-10, 1.13921061473e-09, 1.02870023611e-09, 9.78332082013e-10, 1.32211164239e-09, 1.29575883356e-09, 1.21930521235e-09, 1.32266231301e-09, 1.68906566511e-09, 2.3685287065e-09, 2.40767472626e-09, 2.07123673768e-09, 1.56198010082e-09, 1.1276251044e-09, 7.02012670217e-10, 4.84209172757e-10, 2.86573348385e-10, 1.96128724372e-10, 1.16246859361e-10, 7.38435840253e-11, 4.49318568463e-11, 2.64970927144e-11, 1.6118660226e-11, 9.00003682691e-12]}, "melbands_crest": {"dmean": 3.40502047539, "dmean2": 4.85033035278, "dvar": 18.7898292542, "dvar2": 37.6792144775, "max": 35.9104194641, "mean": 24.4794826508, "median": 28.213098526, "min": 2.66473340988, "var": 89.5849075317}, "melbands_flatness_db": {"dmean": 0.0525202788413, "dmean2": 0.0684847682714, "dvar": 0.00385612016544, "dvar2": 0.00700845569372, "max": 0.980437576771, "mean": 0.258515655994, "median": 0.22950707376, "min": 0.0280460100621, "var": 0.0251297168434}, "melbands_kurtosis": {"dmean": 99.7084655762, "dmean2": 157.361114502, "dvar": 71275.8828125, "dvar2": 177560.984375, "max": 2672.77294922, "mean": 116.124725342, "median": 13.4167041779, "min": -1.87298738956, "var": 86476.1640625}, "melbands_skewness": {"dmean": 2.73539710045, "dmean2": 4.01582384109, "dvar": 19.9706439972, "dvar2": 44.5859680176, "max": 40.7861328125, "mean": 5.79047679901, "median": 3.48517203331, "min": -4.72196435928, "var": 46.8520278931}, "melbands_spread": {"dmean": 17.8347225189, "dmean2": 26.1155395508, "dvar": 693.946350098, "dvar2": 1337.53735352, "max": 274.186920166, "mean": 41.0876426697, "median": 25.9845046997, "min": 0.110183537006, "var": 1926.01208496}, "mfcc": {"cov": [[16109.7353516, 52.1332702637, -2316.2487793, -270.764770508, -673.570922852, -705.643981934, -498.493591309, -484.546142578, -431.793334961, -244.534194946, -225.839065552, -260.406188965, -191.960403442], [52.1332702637, 2159.35327148, -237.439788818, 91.3219909668, -13.903263092, -8.82431983948, 126.344017029, 61.6287765503, 27.3467655182, 96.8828430176, 122.478042603, 62.6637153625, 42.4211502075], [-2316.2487793, -237.439788818, 1909.55554199, 332.75958252, 549.925231934, 438.734405518, 197.379623413, 234.082061768, 112.75629425, 107.485191345, 76.4041519165, 54.2241096497, 89.9437408447], [-270.764770508, 91.3219909668, 332.75958252, 842.010681152, 407.165435791, 179.507339478, 106.384315491, 103.920433044, 145.84072876, 92.3521347046, 22.6588668823, 78.147857666, 84.4221115112], [-673.570922852, -13.903263092, 549.925231934, 407.165435791, 581.196289062, 268.722717285, 116.960601807, 153.138061523, 161.021743774, 125.232620239, 46.3865966797, 57.0039291382, 82.6553039551], [-705.643981934, -8.82431983948, 438.734405518, 179.507339478, 268.722717285, 408.436828613, 236.672241211, 161.905502319, 113.10218811, 92.3146591187, 74.541633606, 44.2864227295, 18.4082317352], [-498.493591309, 126.344017029, 197.379623413, 106.384315491, 116.960601807, 236.672241211, 402.921386719, 208.079849243, 86.9887695312, 95.4387435913, 99.8786773682, 54.5037918091, 4.54138898849], [-484.546142578, 61.6287765503, 234.082061768, 103.920433044, 153.138061523, 161.905502319, 208.079849243, 279.550292969, 132.022216797, 107.077598572, 95.4226455688, 63.097492218, 51.3926391602], [-431.793334961, 27.3467655182, 112.75629425, 145.84072876, 161.021743774, 113.10218811, 86.9887695312, 132.022216797, 210.339416504, 120.618377686, 59.9141693115, 62.0401420593, 37.7960853577], [-244.534194946, 96.8828430176, 107.485191345, 92.3521347046, 125.232620239, 92.3146591187, 95.4387435913, 107.077598572, 120.618377686, 189.656646729, 116.34954834, 61.909450531, 44.2676048279], [-225.839065552, 122.478042603, 76.4041519165, 22.6588668823, 46.3865966797, 74.541633606, 99.8786773682, 95.4226455688, 59.9141693115, 116.34954834, 167.405670166, 77.2915039062, 34.6161270142], [-260.406188965, 62.6637153625, 54.2241096497, 78.147857666, 57.0039291382, 44.2864227295, 54.5037918091, 63.097492218, 62.0401420593, 61.909450531, 77.2915039062, 128.768096924, 76.0602264404], [-191.960403442, 42.4211502075, 89.9437408447, 84.4221115112, 82.6553039551, 18.4082317352, 4.54138898849, 51.3926391602, 37.7960853577, 44.2676048279, 34.6161270142, 76.0602264404, 137.732177734]], "icov": [[8.05468516774e-05, 6.75320507071e-06, 9.85341830528e-05, -3.86148567486e-05, -1.84930649993e-05, 1.02148560472e-05, 4.46495723736e-05, -3.15334982588e-05, 0.000158544353326, -7.011872367e-05, 4.14455280406e-06, 8.56747792568e-05, 2.02043866011e-05], [6.75320507071e-06, 0.000508968252689, 9.40019381233e-05, -8.65941037773e-05, 3.3502626593e-06, 9.73006535787e-05, -0.000176357207238, 3.33731077262e-05, 0.00010964935791, -0.000105544699181, -0.000324915075907, 7.34093118808e-05, -0.000132356202812], [9.85341830528e-05, 9.40019381233e-05, 0.00096795335412, -3.15828110615e-05, -0.00060131441569, -0.000597864447627, 0.000240322566242, -0.000430169893662, 0.000657377240714, -1.33396206365e-05, -0.000128123865579, 0.000215195483179, -0.000173763939529], [-3.86148567486e-05, -8.65941037773e-05, -3.15828110615e-05, 0.00194294506218, -0.00127999496181, 0.000125636099256, -0.000364199688192, 0.000383615173632, -0.000548443291336, 0.000106959545519, 0.000551629113033, -0.000706788268872, -0.000209420686588], [-1.84930649993e-05, 3.3502626593e-06, -0.00060131441569, -0.00127999496181, 0.00441266642883, -0.00161170575302, 0.000663555110805, -0.000354242278263, -0.000949796463829, -0.00116656150203, 0.00078323163325, 0.000691655150149, -0.00111519172788], [1.02148560472e-05, 9.73006535787e-05, -0.000597864447627, 0.000125636099256, -0.00161170575302, 0.00572468154132, -0.00253895600326, 0.000262725108769, -0.000952126807533, 0.000513585284352, -0.000733716529794, 5.8004145103e-05, 0.000734048138838], [4.46495723736e-05, -0.000176357207238, 0.000240322566242, -0.000364199688192, 0.000663555110805, -0.00253895600326, 0.00571596669033, -0.0034850302618, 0.00140935811214, -0.000756005349103, -0.000198653156986, -0.00104953977279, 0.00172163255047], [-3.15334982588e-05, 3.33731077262e-05, -0.000430169893662, 0.000383615173632, -0.000354242278263, 0.000262725108769, -0.0034850302618, 0.00873985234648, -0.00381362112239, 0.000789404381067, -0.00211422564462, 0.00123268866446, -0.0023337630555], [0.000158544353326, 0.00010964935791, 0.000657377240714, -0.000548443291336, -0.000949796463829, -0.000952126807533, 0.00140935811214, -0.00381362112239, 0.0112281944603, -0.00584523798898, 0.00307463062927, -0.0032877321355, 0.00200815522112], [-7.011872367e-05, -0.000105544699181, -1.33396206365e-05, 0.000106959545519, -0.00116656150203, 0.000513585284352, -0.000756005349103, 0.000789404381067, -0.00584523798898, 0.0141881341115, -0.00833930354565, 0.00221144245006, -0.00184166559484], [4.14455280406e-06, -0.000324915075907, -0.000128123865579, 0.000551629113033, 0.00078323163325, -0.000733716529794, -0.000198653156986, -0.00211422564462, 0.00307463062927, -0.00833930354565, 0.0150515697896, -0.00683845952153, 0.00210494617932], [8.56747792568e-05, 7.34093118808e-05, 0.000215195483179, -0.000706788268872, 0.000691655150149, 5.8004145103e-05, -0.00104953977279, 0.00123268866446, -0.0032877321355, 0.00221144245006, -0.00683845952153, 0.0171027481556, -0.00799323804677], [2.02043866011e-05, -0.000132356202812, -0.000173763939529, -0.000209420686588, -0.00111519172788, 0.000734048138838, 0.00172163255047, -0.0023337630555, 0.00200815522112, -0.00184166559484, 0.00210494617932, -0.00799323804677, 0.0128823462874]], "mean": [-762.923950195, 36.612903595, 0.963120996952, 46.844745636, 21.605342865, 20.9177742004, 11.5312242508, 16.6979942322, 10.7870569229, 16.8301086426, 9.7396402359, 8.24716949463, 6.66002225876]}, "pitch_salience": {"dmean": 0.0981696695089, "dmean2": 0.146404594183, "dvar": 0.014390418306, "dvar2": 0.0303730145097, "max": 0.978610992432, "mean": 0.374053090811, "median": 0.350020438433, "min": 0.00508618820459, "var": 0.0580048821867}, "silence_rate_20dB": {"dmean": 0, "dmean2": 0, "dvar": 0, "dvar2": 0, "max": 1, "mean": 1, "median": 1, "min": 1, "var": 0}, "silence_rate_30dB": {"dmean": 0, "dmean2": 0, "dvar": 0, "dvar2": 0, "max": 1, "mean": 1, "median": 1, "min": 1, "var": 0}, "silence_rate_60dB": {"dmean": 0.0687112957239, "dmean2": 0.137295380235, "dvar": 0.0639918372035, "dvar2": 0.129953160882, "max": 1, "mean": 0.271856099367, "median": 0, "min": 0, "var": 0.197943985462}, "spectral_centroid": {"dmean": 475.819122314, "dmean2": 709.638244629, "dvar": 392785.3125, "dvar2": 778762.5625, "max": 6767.87158203, "mean": 2676.17456055, "median": 2768.38183594, "min": 54.6355056763, "var": 1130602.375}, "spectral_complexity": {"dmean": 3.86847543716, "dmean2": 5.24789857864, "dvar": 41.2786712646, "dvar2": 59.7924499512, "max": 59, "mean": 8.73404121399, "median": 5, "min": 0, "var": 118.230072021}, "spectral_contrast_coeffs": {"dmean": [0.0471227616072, 0.0600988157094, 0.0498479232192, 0.0421188026667, 0.0322546213865, 0.0339006967843], "dmean2": [0.0743981227279, 0.0966374352574, 0.0769922658801, 0.0663174986839, 0.0486167892814, 0.0487478673458], "dvar": [0.0019667071756, 0.00290173199028, 0.00202930555679, 0.00147808424663, 0.000869441428222, 0.000918360659853], "dvar2": [0.00473993411288, 0.00687620183453, 0.00458662584424, 0.00337577331811, 0.00186105305329, 0.00175042683259], "max": [-0.444193780422, -0.388575822115, -0.457100301981, -0.49093490839, -0.533308029175, -0.55753237009], "mean": [-0.703220009804, -0.725120902061, -0.776637256145, -0.772588431835, -0.784156382084, -0.768344759941], "median": [-0.704131305218, -0.730413198471, -0.781390666962, -0.776072502136, -0.789224028587, -0.768145620823], "min": [-0.922003746033, -0.979378402233, -0.980751395226, -0.969144403934, -0.949806034565, -0.926485776901], "var": [0.0069822166115, 0.0108216442168, 0.00962580367923, 0.0063080037944, 0.0043648169376, 0.00321861729026]}, "spectral_contrast_valleys": {"dmean": [0.590667247772, 0.761248886585, 0.634260296822, 0.587970197201, 0.534327924252, 0.880725979805], "dmean2": [0.897394061089, 1.18968176842, 0.970099687576, 0.856335163116, 0.722177088261, 1.0968272686], "dvar": [0.378516107798, 0.681709229946, 0.479468852282, 0.406653940678, 0.352309584618, 0.660342097282], "dvar2": [0.766180038452, 1.49430096149, 1.00333464146, 0.818964362144, 0.641655623913, 1.35227334499], "max": [-5.57170248032, -5.69376659393, -6.20404529572, -5.87184238434, -4.82781457901, -7.29798221588], "mean": [-9.25724601746, -9.54672813416, -9.69880008698, -9.22833538055, -8.25826740265, -10.4213600159], "median": [-9.31509685516, -9.58533096313, -9.56848430634, -9.07371520996, -8.11981296539, -10.2829637527], "min": [-14.6371679306, -14.5596656799, -15.0459537506, -14.7526798248, -14.2567605972, -15.9292469025], "var": [2.14699029922, 2.34366083145, 2.35373973846, 2.32583379745, 2.23561668396, 2.54699158669]}, "spectral_decrease": {"dmean": 8.22555634716e-10, "dmean2": 1.10154996236e-09, "dvar": 2.23751114925e-18, "dvar2": 5.20858839958e-18, "max": -1.17427300912e-15, "mean": -2.79388467916e-09, "median": -1.82532500226e-09, "min": -2.05762535899e-08, "var": 8.02219775825e-18}, "spectral_energy": {"dmean": 0.00418543769047, "dmean2": 0.00581887550652, "dvar": 7.4405943451e-05, "dvar2": 0.000173935113708, "max": 0.110076569021, "mean": 0.0119496397674, "median": 0.00783400796354, "min": 7.47327266737e-09, "var": 0.000159793358762}, "spectral_energyband_high": {"dmean": 0.00151615659706, "dmean2": 0.00226564682089, "dvar": 1.853037611e-05, "dvar2": 4.13684792875e-05, "max": 0.0574110746384, "mean": 0.00151450454723, "median": 0.000301126798149, "min": 1.33663302648e-09, "var": 2.01976090466e-05}, "spectral_energyband_low": {"dmean": 0.00152896309737, "dmean2": 0.00166019180324, "dvar": 9.7637748695e-06, "dvar2": 1.83709744306e-05, "max": 0.0647241771221, "mean": 0.00783011876047, "median": 0.00407071597874, "min": 1.25580068566e-09, "var": 8.92087045941e-05}, "spectral_energyband_middle_high": {"dmean": 0.00144335220102, "dmean2": 0.0021595058497, "dvar": 1.43487368405e-05, "dvar2": 3.43961655744e-05, "max": 0.0443404205143, "mean": 0.00199001538567, "median": 0.000709074840415, "min": 7.21757376088e-10, "var": 1.60956969921e-05}, "spectral_energyband_middle_low": {"dmean": 0.000643638253678, "dmean2": 0.00107880600262, "dvar": 1.65524841123e-06, "dvar2": 4.31508442489e-06, "max": 0.0142826447263, "mean": 0.000702599878423, "median": 0.000234116669162, "min": 7.88414777908e-10, "var": 1.58273280704e-06}, "spectral_entropy": {"dmean": 0.319074690342, "dmean2": 0.456019878387, "dvar": 0.181717127562, "dvar2": 0.327651798725, "max": 8.95394229889, "mean": 7.79895353317, "median": 7.87924480438, "min": 3.57012867928, "var": 0.405281603336}, "spectral_flux": {"dmean": 0.0193240791559, "dmean2": 0.0265067182481, "dvar": 0.000700320582837, "dvar2": 0.00138002017047, "max": 0.267225563526, "mean": 0.0459681116045, "median": 0.0362146236002, "min": 4.52659078292e-05, "var": 0.00153824873269}, "spectral_kurtosis": {"dmean": 1.95621347427, "dmean2": 3.19950890541, "dvar": 17.2578620911, "dvar2": 43.0792579651, "max": 68.5607147217, "mean": 3.28834056854, "median": 2.82811737061, "min": -1.06377053261, "var": 17.8907146454}, "spectral_rms": {"dmean": 0.000531685713213, "dmean2": 0.000685889797751, "dvar": 6.67688198064e-07, "dvar2": 1.36040659982e-06, "max": 0.0103630004451, "mean": 0.00294754840434, "median": 0.00276458566077, "min": 2.70018472293e-06, "var": 2.97013389172e-06}, "spectral_rolloff": {"dmean": 1158.07714844, "dmean2": 1866.21740723, "dvar": 3205748.5, "dvar2": 6871711.5, "max": 13049.1210938, "mean": 2627.07128906, "median": 2002.58789062, "min": 64.599609375, "var": 7887988}, "spectral_skewness": {"dmean": 0.310581028461, "dmean2": 0.484408378601, "dvar": 0.214903816581, "dvar2": 0.454082876444, "max": 7.28625440598, "mean": 1.10562634468, "median": 1.10927939415, "min": -0.204561784863, "var": 0.329621881247}, "spectral_spread": {"dmean": 1554511.75, "dmean2": 2276414, "dvar": 3046626820100.0, "dvar2": 5630037327870.0, "max": 17126644, "mean": 5382195.5, "median": 4532640.5, "min": 1379290.5, "var": 6744729190400.0}, "spectral_strongpeak": {"dmean": 0.1