{"lowlevel": {"average_loudness": 0.877128124237, "barkbands": {"dmean": [0.0110676223412, 0.0270657241344, 0.00289655686356, 0.00163328740746, 0.00325195607729, 0.00172693794593, 0.000845459580887, 0.000338807672961, 0.000519673048984, 0.000453855667729, 0.000284484238364, 0.000257927604252, 0.000215300606214, 0.000109748762043, 0.000172672880581, 7.31250547688e-05, 6.74716502544e-05, 9.16236094781e-05, 7.27431543055e-05, 5.69508556509e-05, 9.12046307349e-05, 0.000107820538688, 3.23877247865e-05, 5.13798113388e-06, 3.09097458739e-06, 1.4302472664e-05, 0.000198848501896], "dmean2": [0.0184508264065, 0.0449149981141, 0.00489158369601, 0.00268284184858, 0.00503699341789, 0.00273242872208, 0.00128460698761, 0.000552723009605, 0.000828422722407, 0.000746443402022, 0.000470404949738, 0.000417913572164, 0.000351549679181, 0.000177323556272, 0.00027501990553, 0.000118504722195, 0.000103812257294, 0.000138508563396, 0.000109254840936, 8.46001858008e-05, 0.000133624911541, 0.000162031938089, 4.86883545818e-05, 8.44419082568e-06, 5.30260695086e-06, 2.16079261008e-05, 0.000294063007459], "dvar": [0.000814224244095, 0.00346025149338, 3.45073458448e-05, 7.32989701646e-06, 4.21364748036e-05, 1.72379332071e-05, 2.46728859565e-06, 1.16738806355e-06, 1.60516412961e-06, 1.12157476906e-06, 4.16634520661e-07, 2.68581658247e-07, 1.87605976976e-07, 4.75840309377e-08, 1.06114910636e-07, 4.29006554725e-08, 4.26514965568e-08, 6.27661904673e-08, 3.16058752503e-08, 1.47085001956e-08, 5.90941944267e-08, 6.40107913341e-08, 6.69114230689e-09, 1.02871350327e-10, 3.64340918546e-11, 1.16851439635e-09, 2.17910255174e-07], "dvar2": [0.00202441751026, 0.00869787391275, 9.32543480303e-05, 1.85504359251e-05, 9.79901451501e-05, 4.15529466409e-05, 5.31563091499e-06, 2.9927759897e-06, 3.95645292883e-06, 2.89759918815e-06, 1.12221198378e-06, 6.99470945165e-07, 5.07496281443e-07, 1.20322965813e-07, 2.60483062675e-07, 1.08911550001e-07, 9.80610650458e-08, 1.40696741369e-07, 6.89782737595e-08, 3.08916838776e-08, 1.24397018908e-07, 1.36386987037e-07, 1.45208050029e-08, 2.48333076325e-10, 9.39184494064e-11, 2.5308617424e-09, 4.50114868045e-07], "max": [0.260708510876, 0.502733051777, 0.114865288138, 0.0551165640354, 0.241830140352, 0.102834232152, 0.0334645211697, 0.0511452294886, 0.0424093306065, 0.0233611129224, 0.023120386526, 0.0122876241803, 0.0119659490883, 0.00507629290223, 0.00759499706328, 0.003796457313, 0.00456313183531, 0.00431662518531, 0.00326329655945, 0.00216014892794, 0.00771187571809, 0.0053081237711, 0.00151011883281, 0.000183659052709, 9.30542955757e-05, 0.000658662174828, 0.0125475106761], "mean": [0.00919195823371, 0.0233676768839, 0.00346802384593, 0.00212705251761, 0.00534357409924, 0.0028922422789, 0.00159608118702, 0.000517412088811, 0.000832328863908, 0.000695306400303, 0.000436044589151, 0.000424609548645, 0.000375892035663, 0.000175773660885, 0.0003133622522, 9.18599325814e-05, 9.13460899028e-05, 0.00013799102453, 0.000113596921437, 8.05274612503e-05, 0.000117144620162, 0.000121443314129, 3.50530281139e-05, 5.12150563736e-06, 2.7915893952e-06, 1.55514171638e-05, 0.000302676431602], "median": [0.000948600820266, 0.00350859132595, 0.0014635536354, 0.000990365282632, 0.00173248094507, 0.000810949713923, 0.000608846603427, 0.000200734066311, 0.000317274068948, 0.000187245372217, 0.000145330632222, 0.000163616598002, 0.000114152324386, 6.75721239531e-05, 8.80363659235e-05, 2.18139884964e-05, 1.10478276838e-05, 3.08072267217e-05, 3.27377529175e-05, 2.06888544199e-05, 1.65858673427e-05, 1.37661490953e-05, 4.31544913226e-06, 1.30846478896e-06, 7.75291823629e-07, 2.61164768744e-06, 7.66558951e-05], "min": [1.549554669e-25, 6.54853395605e-24, 9.21086121672e-25, 1.35917085488e-24, 7.35690260259e-24, 1.33386360539e-23, 1.55735168638e-23, 7.83753346404e-24, 1.87760949237e-23, 1.99379655525e-23, 1.9225307033e-23, 1.05390049889e-23, 1.99267305955e-23, 5.60140720063e-23, 3.79808789514e-23, 4.73012863239e-23, 9.04796384582e-23, 1.05623060468e-22, 1.20117199465e-22, 1.51166348176e-22, 2.80310426182e-22, 3.01021495932e-22, 3.82661379968e-22, 6.18818693305e-22, 9.16411610416e-22, 1.37416247638e-21, 1.92107688945e-21], "var": [0.000671452842653, 0.00288196536712, 3.46601882484e-05, 1.14883632705e-05, 0.000102248704934, 3.37666788255e-05, 7.47647618482e-06, 2.09950826502e-06, 2.96470125249e-06, 1.92088350559e-06, 6.58073361137e-07, 4.99742782267e-07, 3.95458357616e-07, 8.36251032865e-08, 2.85741123207e-07, 5.46475753538e-08, 7.37980769827e-08, 1.12226160809e-07, 5.76879592984e-08, 2.71774744931e-08, 1.15391962652e-07, 9.91863871036e-08, 9.04254005007e-09, 1.18444268282e-10, 3.36348102148e-11, 1.570349073e-09, 5.13036354732e-07]}, "barkbands_crest": {"dmean": 3.50193738937, "dmean2": 5.67579555511, "dvar": 9.34751701355, "dvar2": 22.819606781, "max": 25.3503684998, "mean": 11.4580230713, "median": 10.7072401047, "min": 2.83534431458, "var": 19.8717517853}, "barkbands_flatness_db": {"dmean": 0.0410947203636, "dmean2": 0.0643896237016, "dvar": 0.00149314338341, "dvar2": 0.00348173826933, "max": 0.514999747276, "mean": 0.179190307856, "median": 0.169211477041, "min": 0.0378782339394, "var": 0.00452705239877}, "barkbands_kurtosis": {"dmean": 15.8361778259, "dmean2": 25.7869968414, "dvar": 972.545471191, "dvar2": 2412.37719727, "max": 475.577697754, "mean": 21.0180072784, "median": 9.23285102844, "min": -1.94086301327, "var": 1246.95935059}, "barkbands_skewness": {"dmean": 1.22338998318, "dmean2": 1.88391447067, "dvar": 2.15742611885, "dvar2": 4.82561445236, "max": 17.7549648285, "mean": 3.02132081985, "median": 2.46346354485, "min": -6.46956443787, "var": 4.88225603104}, "barkbands_spread": {"dmean": 6.87190914154, "dmean2": 10.6420440674, "dvar": 102.178596497, "dvar2": 230.401977539, "max": 130.43560791, "mean": 15.9536781311, "median": 11.2392253876, "min": 0.304648399353, "var": 267.233703613}, "dissonance": {"dmean": 0.0245571043342, "dmean2": 0.040273681283, "dvar": 0.000521397800185, "dvar2": 0.00129976333119, "max": 0.500000119209, "mean": 0.454261213541, "median": 0.461163580418, "min": 0.0986299514771, "var": 0.00113496393897}, "dynamic_complexity": 4.7015209198, "erbbands": {"dmean": [1.41910719872, 3.7501885891, 3.7881064415, 4.04522895813, 8.66796207428, 11.3290290833, 15.1517248154, 13.9918699265, 10.0288801193, 16.0556659698, 6.64230012894, 11.4251499176, 14.0807209015, 11.30327034, 9.28952980042, 10.6655244827, 10.1884155273, 5.38741636276, 8.07735061646, 6.32828521729, 4.21860122681, 3.55117678642, 4.74465274811, 4.55130243301, 3.05427074432, 2.75129055977, 4.16786623001, 3.32678985596, 4.27727127075, 1.92960560322, 0.774634718895, 0.206091031432, 0.0545603893697, 0.0349949672818, 0.021845985204, 0.0126478122547, 0.0253440607339, 0.0718009248376, 0.0312498714775, 0.00322279823013], "dmean2": [2.38552498817, 6.21218967438, 6.26453256607, 6.6329035759, 14.2184076309, 17.0681705475, 24.0227718353, 22.3332061768, 16.1790771484, 24.1482391357, 10.8010311127, 18.5140552521, 22.8193569183, 18.3872680664, 15.1619291306, 17.194065094, 16.4905853271, 8.66455078125, 12.676115036, 10.0520982742, 6.73050928116, 5.42536449432, 7.05114936829, 6.75246763229, 4.60607481003, 4.06630706787, 6.19701814651, 4.87479257584, 6.50270986557, 2.88300776482, 1.17141485214, 0.324663579464, 0.0924056842923, 0.0599806495011, 0.0374020338058, 0.0213655997068, 0.0382757261395, 0.106915228069, 0.0465470775962, 0.00473438762128], "dvar": [11.8878850937, 67.3939743042, 61.4385795593, 45.0637016296, 265.767242432, 687.15826416, 1647.61853027, 1177.77978516, 546.098510742, 1311.85351562, 256.358093262, 853.979858398, 1370.31433105, 620.06072998, 333.301300049, 448.560180664, 438.245910645, 96.9133987427, 265.037658691, 143.779296875, 163.863540649, 112.864990234, 171.354995728, 146.535491943, 48.0724334717, 35.8995895386, 169.989425659, 53.4119377136, 103.071311951, 23.5073757172, 3.83343553543, 0.229528144002, 0.0105397123843, 0.00466753542423, 0.00180805590935, 0.000563316454645, 0.00343653419986, 0.0288949925452, 0.00734844105318, 5.23865201103e-05], "dvar2": [30.4153385162, 168.470840454, 157.823455811, 116.785682678, 666.811340332, 1420.7277832, 4106.73193359, 2939.92626953, 1358.48388672, 2800.2512207, 622.397521973, 2147.10644531, 3506.48193359, 1579.14404297, 881.259460449, 1161.12561035, 1179.02099609, 249.864318848, 639.701660156, 368.00201416, 411.121185303, 258.550231934, 368.864685059, 319.913665771, 101.987510681, 75.1874084473, 384.339355469, 108.785514832, 224.416244507, 50.540977478, 8.29211425781, 0.514896810055, 0.0268698334694, 0.0120283383876, 0.00465797865763, 0.001439364627, 0.00735376635566, 0.0606449730694, 0.0159938205034, 0.000115246868518], "max": [27.8789405823, 95.4339065552, 142.802993774, 106.873306274, 378.408782959, 1239.43188477, 1679.72888184, 1016.44873047, 618.585144043, 963.568054199, 636.582092285, 1026.37646484, 790.813415527, 670.902038574, 562.571289062, 453.697967529, 703.330566406, 159.767883301, 353.297973633, 255.427764893, 261.328674316, 199.941467285, 317.693450928, 256.467651367, 107.735328674, 120.928863525, 448.960418701, 170.493377686, 191.41494751, 109.102409363, 43.7190132141, 13.0713796616, 1.56062448025, 1.0541536808, 0.655039787292, 0.361952185631, 1.10405194759, 3.16970252991, 2.83990240097, 0.253559350967], "mean": [1.13429141045, 3.43746328354, 4.5287733078, 5.67716264725, 12.0082702637, 18.6795272827, 23.368024826, 22.5458679199, 16.7037391663, 29.1241264343, 11.534078598, 18.5943260193, 22.0891284943, 19.1171875, 16.1562461853, 18.821516037, 18.5012969971, 9.69580936432, 14.4790477753, 10.9785003662, 5.58950424194, 5.02209615707, 7.25876140594, 7.29961967468, 4.76464033127, 3.95255947113, 5.31017875671, 4.13024330139, 4.7497625351, 2.1687772274, 0.840452134609, 0.218339592218, 0.0515442825854, 0.031667497009, 0.0199332367629, 0.012269154191, 0.0278095398098, 0.078660517931, 0.0378120429814, 0.00739498669282], "median": [0.097345739603, 0.694362342358, 1.87402689457, 3.04043245316, 5.08636426926, 4.79195404053, 7.09771490097, 6.62326335907, 6.80325746536, 8.63622093201, 5.35901355743, 7.3526134491, 6.10731744766, 7.07166385651, 6.66954231262, 7.61369752884, 5.80284976959, 3.99770927429, 4.45173120499, 3.53549838066, 1.31099510193, 0.72431999445, 1.44679677486, 1.99563336372, 1.45891749859, 1.01636791229, 0.674982011318, 0.689657986164, 0.533725202084, 0.2451787889, 0.105236418545, 0.0394940339029, 0.0154309943318, 0.00885916315019, 0.00570717453957, 0.0041069816798, 0.00496373558417, 0.00777476420626, 0.00483246939257, 0.00364018348046], "min": [1.04510589887e-22, 9.26121592013e-22, 2.93086388263e-21, 3.72338550635e-21, 1.43343146169e-20, 2.36321381259e-20, 6.56801827388e-20, 9.58582324137e-20, 1.47069908253e-19, 2.01495652523e-19, 1.95598061551e-19, 5.18055462824e-19, 6.68860673153e-19, 8.25179610952e-19, 9.04323993468e-19, 7.31255320349e-19, 1.47941676485e-18, 3.0608050469e-18, 2.51669432536e-18, 3.07209482149e-18, 3.53933337396e-18, 5.29901867928e-18, 6.39129785686e-18, 6.55839164931e-18, 7.68111727729e-18, 7.55925620226e-18, 1.00153076422e-17, 1.09000037771e-17, 1.17950421512e-17, 1.08375739747e-17, 1.17263274305e-17, 1.09731703838e-17, 1.08890378437e-17, 8.97054792283e-18, 6.90283213792e-18, 4.26961143211e-18, 2.6665430564e-18, 9.45104411257e-19, 2.49457510219e-19, 2.80278421401e-20], "var": [9.32130622864, 57.2874679565, 61.7209091187, 62.7628211975, 434.343933105, 1889.02587891, 2291.85131836, 2154.01391602, 960.838317871, 3559.69506836, 528.233581543, 1423.53259277, 2375.59375, 1084.96044922, 648.170166016, 890.840515137, 933.70489502, 197.243026733, 635.251647949, 327.046966553, 228.432983398, 194.646606445, 337.912139893, 267.185241699, 90.7743377686, 68.0654449463, 301.564880371, 95.5048294067, 151.703292847, 35.4823799133, 5.16484212875, 0.306492894888, 0.0101795680821, 0.0043091988191, 0.00167755247094, 0.000545746646821, 0.00475346110761, 0.0414706170559, 0.0124632120132, 0.000162112934049]}, "erbbands_crest": {"dmean": 2.5840985775, "dmean2": 4.16237545013, "dvar": 5.66195440292, "dvar2": 13.4919929504, "max": 30.3902225494, "mean": 8.25220966339, "median": 7.41187143326, "min": 1.98338651657, "var": 14.3273658752}, "erbbands_flatness_db": {"dmean": 0.0304390769452, "dmean2": 0.0444863662124, "dvar": 0.000705581740476, "dvar2": 0.00147392880172, "max": 0.42945343256, "mean": 0.1481308043, "median": 0.145978480577, "min": 0.0448550842702, "var": 0.0021473551169}, "erbbands_kurtosis": {"dmean": 1.33731174469, "dmean2": 2.18274283409, "dvar": 6.55281066895, "dvar2": 16.6240005493, "max": 60.16355896, "mean": 0.889547049999, "median": 0.167353391647, "min": -1.81078362465, "var": 10.3684463501}, "erbbands_skewness": {"dmean": 0.460942924023, "dmean2": 0.700642645359, "dvar": 0.22653773427, "dvar2": 0.524516820908, "max": 6.83037424088, "mean": 0.50333660841, "median": 0.523099482059, "min": -5.88099861145, "var": 0.680771172047}, "erbbands_spread": {"dmean": 12.0229492188, "dmean2": 17.6192398071, "dvar": 189.866668701, "dvar2": 381.41394043, "max": 150.658828735, "mean": 36.0509681702, "median": 29.5597057343, "min": 1.23108124733, "var": 457.253112793}, "gfcc": {"cov": [[19487.5546875, 669.581359863, -1506.17175293, 510.761077881, 157.229217529, -539.126098633, 658.196289062, -677.192687988, 278.471893311, -197.410705566, -82.5233306885, 242.722015381, -291.675567627], [669.581359863, 1338.43591309, 6.62390756607, -511.144714355, -21.6307468414, 51.3515701294, -62.7422676086, -43.1647186279, -101.911399841, 37.5248680115, 96.4034881592, -210.038421631, 83.1261444092], [-1506.17175293, 6.62390756607, 619.994873047, 159.860534668, -7.26819944382, 261.421661377, -78.1856231689, 206.806793213, 6.12086200714, 73.0596694946, 0.637100934982, 2.82691693306, 43.319683075], [510.761077881, -511.144714355, 159.860534668, 662.001586914, 209.830123901, -4.42031526566, 201.433303833, 30.1988754272, 138.544616699, -19.1758823395, -56.0032463074, 156.186065674, -90.7582015991], [157.229217529, -21.6307468414, -7.26819944382, 209.830123901, 233.080566406, 13.9654769897, 128.642318726, -21.0910739899, 63.9676322937, -26.6286754608, -2.53842353821, 29.630525589, -17.5193977356], [-539.126098633, 51.3515701294, 261.421661377, -4.42031526566, 13.9654769897, 297.90435791, -84.7411117554, 165.53755188, -63.5440139771, 56.8754196167, 19.9648914337, -32.4824867249, 54.7345428467], [658.196289062, -62.7422676086, -78.1856231689, 201.433303833, 128.642318726, -84.7411117554, 308.278656006, -93.8927078247, 151.220275879, -24.570268631, -23.5485401154, 92.1574630737, -65.8638763428], [-677.192687988, -43.1647186279, 206.806793213, 30.1988754272, -21.0910739899, 165.53755188, -93.8927078247, 258.386383057, -5.42030239105, 67.8215637207, 38.0449447632, -23.6981563568, 41.1488189697], [278.471893311, -101.911399841, 6.12086200714, 138.544616699, 63.9676322937, -63.5440139771, 151.220275879, -5.42030239105, 179.25668335, 24.2724666595, -0.0758054628968, 75.5120925903, -43.5378265381], [-197.410705566, 37.5248680115, 73.0596694946, -19.1758823395, -26.6286754608, 56.8754196167, -24.570268631, 67.8215637207, 24.2724666595, 93.8499069214, 50.0154075623, 3.06142663956, 23.109046936], [-82.5233306885, 96.4034881592, 0.637100934982, -56.0032463074, -2.53842353821, 19.9648914337, -23.5485401154, 38.0449447632, -0.0758054628968, 50.0154075623, 78.070930481, 6.92011785507, 29.1588077545], [242.722015381, -210.038421631, 2.82691693306, 156.186065674, 29.630525589, -32.4824867249, 92.1574630737, -23.6981563568, 75.5120925903, 3.06142663956, 6.92011785507, 125.27519989, -7.1557226181], [-291.675567627, 83.1261444092, 43.319683075, -90.7582015991, -17.5193977356, 54.7345428467, -65.8638763428, 41.1488189697, -43.5378265381, 23.109046936, 29.1588077545, -7.1557226181, 91.6039886475]], "icov": [[0.00011091374472, -0.000280913809547, 0.00055276718922, -0.000546366092749, 0.00051303365035, -0.00045844775741, 0.00015667534899, 0.000180908798939, -0.000404279708164, 0.000239901957684, 4.03519225074e-05, -0.000106545550807, -6.50533911539e-05], [-0.000280913809547, 0.00254109431989, -0.00225547351874, 0.00245638890192, -0.00179314555135, 0.00134660862386, -0.00169014313724, 0.000473635242088, 0.0011014478514, -0.000270160671789, -0.00271283229813, 0.00336000672542, -0.000557933584787], [0.00055276718922, -0.00225547351874, 0.00681893341243, -0.00524777686223, 0.0048475288786, -0.00563260866329, 0.00217938958667, 0.000645660620648, -0.00455640768632, 0.0016061111819, 0.00120780558791, -2.5952615033e-05, -0.00200484809466], [-0.000546366092749, 0.00245638890192, -0.00524777686223, 0.0102859251201, -0.00945219770074, 0.00558805651963, -0.00192883366253, -0.00388855300844, 0.00646613864228, -0.00543673103675, 0.0051770536229, -0.0068583660759, 0.00617823190987], [0.00051303365035, -0.00179314555135, 0.0048475288786, -0.00945219770074, 0.0156245315447, -0.00757409539074, -0.000999808427878, 0.00439344719052, -0.00854533072561, 0.00986713171005, -0.0086486004293, 0.00858646444976, -0.00670211575925], [-0.00045844775741, 0.00134660862386, -0.00563260866329, 0.00558805651963, -0.00757409539074, 0.0126190055162, -0.00223499722779, -0.0058436524123, 0.0093018906191, -0.00761712482199, 0.00508068781346, -0.00367961940356, 0.00198577158153], [0.00015667534899, -0.00169014313724, 0.00217938958667, -0.00192883366253, -0.000999808427878, -0.00223499722779, 0.00992383994162, 0.00208083260804, -0.00643297145143, 0.00120454665739, 0.00219809799455, -0.0041877781041, 0.00204757205211], [0.000180908798939, 0.000473635242088, 0.000645660620648, -0.00388855300844, 0.00439344719052, -0.0058436524123, 0.00208083260804, 0.0107155526057, -0.00644289050251, 0.00260918214917, -0.00699393730611, 0.00720074865967, -0.00392883364111], [-0.000404279708164, 0.0011014478514, -0.00455640768632, 0.00646613864228, -0.00854533072561, 0.0093018906191, -0.00643297145143, -0.00644289050251, 0.0212340448052, -0.0125607922673, 0.00760167324916, -0.00987049285322, 0.00742105906829], [0.000239901957684, -0.000270160671789, 0.0016061111819, -0.00543673103675, 0.00986713171005, -0.00761712482199, 0.00120454665739, 0.00260918214917, -0.0125607922673, 0.0295210294425, -0.0196120142937, 0.00874207168818, -0.00549615221098], [4.03519225074e-05, -0.00271283229813, 0.00120780558791, 0.0051770536229, -0.0086486004293, 0.00508068781346, 0.00219809799455, -0.00699393730611, 0.00760167324916, -0.0196120142937, 0.0352261215448, -0.0165492016822, 0.00323542114347], [-0.000106545550807, 0.00336000672542, -2.5952615033e-05, -0.0068583660759, 0.00858646444976, -0.00367961940356, -0.0041877781041, 0.00720074865967, -0.00987049285322, 0.00874207168818, -0.0165492016822, 0.0298031531274, -0.0118766240776], [-6.50533911539e-05, -0.000557933584787, -0.00200484809466, 0.00617823190987, -0.00670211575925, 0.00198577158153, 0.00204757205211, -0.00392883364111, 0.00742105906829, -0.00549615221098, 0.00323542114347, -0.0118766240776, 0.0220097433776]], "mean": [-49.746131897, 109.681724548, -73.4238815308, 3.71104884148, -24.0599842072, -14.0711679459, 2.22166991234, -22.845500946, -5.41540336609, -4.05429458618, -6.61722230911, -1.12092518806, -8.81147861481]}, "hfc": {"dmean": 22.0629272461, "dmean2": 31.8631458282, "dvar": 982.92199707, "dvar2": 2053.6862793, "max": 567.475219727, "mean": 65.9966049194, "median": 48.1631584167, "min": 1.10337919693e-16, "var": 4092.78027344}, "melbands": {"dmean": [0.0102415280417, 0.00281835068017, 0.000810461933725, 0.000698902120348, 0.000526690855622, 0.000311059993692, 0.00015410411288, 0.000152058055392, 5.83087276027e-05, 7.37019363442e-05, 7.27616643417e-05, 4.95335989399e-05, 3.81456629839e-05, 2.55260147242e-05, 3.11830481223e-05, 1.77621332114e-05, 9.66567949945e-06, 1.29993259179e-05, 1.28924211822e-05, 5.20992534803e-06, 5.55567612537e-06, 3.69232634512e-06, 4.11572546e-06, 4.71177827421e-06, 3.86484089177e-06, 2.66185429609e-06, 1.96571568267e-06, 1.8356433884e-06, 2.42915984927e-06, 2.32249044529e-06, 1.99878354579e-06, 2.83719373328e-06, 1.62436720075e-06, 8.9594362862e-07, 5.01071383496e-07, 2.45671174071e-07, 7.47353112729e-08, 3.71270942878e-08, 3.22088133942e-08, 2.84768173486e-08], "dmean2": [0.0169546660036, 0.00457592541352, 0.00133242830634, 0.00108369463123, 0.000821348105092, 0.000493924948387, 0.000243454822339, 0.000230239049415, 9.60786637734e-05, 0.000118525138532, 0.000118197196571, 8.06109965197e-05, 6.30118665867e-05, 4.16227157984e-05, 5.06595097249e-05, 2.89574800263e-05, 1.57412250701e-05, 2.06432341656e-05, 2.05897067644e-05, 8.50769629324e-06, 8.89664443093e-06, 5.76538604946e-06, 6.17651039647e-06, 7.23564517102e-06, 5.86234273214e-06, 4.08420328313e-06, 2.973284154e-06, 2.77114986602e-06, 3.63515232493e-06, 3.48322078025e-06, 3.01271984426e-06, 4.38603728981e-06, 2.46451691055e-06, 1.35153368319e-06, 7.63875334542e-07, 3.83630236911e-07, 1.22065486607e-07, 6.37268655623e-08, 5.53220864674e-08, 4.88784728248e-08], "dvar": [0.000547147239558, 3.47587410943e-05, 1.70801035893e-06, 1.966946229e-06, 1.7237123302e-06, 5.67685844999e-07, 1.11123348745e-07, 1.29627849788e-07, 1.83361574813e-08, 3.52558551242e-08, 3.56133504908e-08, 1.18674288174e-08, 6.79883660482e-09, 2.26907048706e-09, 4.39543157427e-09, 1.26804844403e-09, 3.37635613912e-10, 7.59457219335e-10, 6.60049293e-10, 1.39696892942e-10, 3.24300614141e-10, 1.27897664681e-10, 1.4291179351e-10, 1.64080665721e-10, 1.09317326025e-10, 3.92088722601e-11, 1.92057082044e-11, 1.64100070338e-11, 5.07060192445e-11, 4.00239077991e-11, 2.05058678371e-11, 4.61380725292e-11, 1.94275585202e-11, 5.28853566842e-12, 1.65216516683e-12, 4.15682977406e-13, 2.4348685435e-14, 5.24159996684e-15, 3.98140933538e-15, 3.10166164637e-15], "dvar2": [0.00137865403667, 8.50499345688e-05, 4.39913173977e-06, 4.16695638705e-06, 4.34834964835e-06, 1.40112160807e-06, 2.6831784794e-07, 2.88541514237e-07, 4.55284521195e-08, 8.71631087307e-08, 9.13225477461e-08, 2.9981876537e-08, 1.81173778202e-08, 5.99878324792e-09, 1.15003251366e-08, 3.38955818968e-09, 8.75277295087e-10, 1.84153858829e-09, 1.68729297201e-09, 3.56142587643e-10, 8.33808133649e-10, 3.06563885388e-10, 3.05448694116e-10, 3.75353248483e-10, 2.48558090776e-10, 8.72417138531e-11, 4.1850103244e-11, 3.61768323631e-11, 1.13674583635e-10, 8.68409510968e-11, 4.52335530143e-11, 1.03590892808e-10, 4.50906603722e-11, 1.16634462505e-11, 3.64462800218e-12, 9.29987098615e-13, 5.86034991151e-14, 1.35132587086e-14, 1.02678477361e-14, 7.9963823513e-15], "max": [0.196435928345, 0.0836832821369, 0.0196284595877, 0.0665121003985, 0.057148039341, 0.0222010407597, 0.00900296121836, 0.0103998733684, 0.00461624609306, 0.00553624983877, 0.00397610943764, 0.00253440579399, 0.00256153312512, 0.00093266175827, 0.00164507038426, 0.00102786964271, 0.000340225844411, 0.000711451168172, 0.000612088071648, 0.000249184668064, 0.000405256345402, 0.000202681112569, 0.000296882441035, 0.000225702373427, 0.000232336300542, 0.000118833100714, 7.15852438589e-05, 9.4897353847e-05, 0.00023896190396, 0.000212769577047, 0.000111946697871, 0.00013260434207, 0.000147813625517, 4.90552010888e-05, 2.50672546827e-05, 1.83133852261e-05, 3.95997403757e-06, 1.11187659968e-06, 9.74414774646e-07, 8.59392400798e-07], "mean": [0.0085881492123, 0.00312497862615, 0.00118801253848, 0.00110990321264, 0.000857944251038, 0.000517887994647, 0.000271941302344, 0.000272791221505, 9.22689287108e-05, 0.000117467337986, 0.000111776746053, 8.06574244052e-05, 6.02252730459e-05, 4.2943891458e-05, 5.35684703209e-05, 3.09663701046e-05, 1.58358998306e-05, 2.17819269892e-05, 2.25404492085e-05, 7.45691386328e-06, 6.72471651342e-06, 4.86322369397e-06, 5.8543673731e-06, 7.07194067218e-06, 5.88101238463e-06, 3.93581785829e-06, 2.8418646707e-06, 2.47506659434e-06, 3.08431390295e-06, 2.88349110633e-06, 2.32422530644e-06, 3.0391756809e-06, 1.80847303e-06, 9.70380483523e-07, 5.32071680936e-07, 2.56846902857e-07, 7.50150803697e-08, 3.31434080181e-08, 2.87968227042e-08, 2.55995704634e-08], "median": [0.00109628983773, 0.00106760754716, 0.000656572461594, 0.000383523118217, 0.000258432235569, 0.00015364412684, 0.00011081417324, 8.25955648907e-05, 4.24070167355e-05, 4.40579351562e-05, 2.86398517346e-05, 2.78704956145e-05, 2.11790102185e-05, 1.87793575606e-05, 1.7175296307e-05, 9.58998134593e-06, 6.2776307459e-06, 6.57386181047e-06, 5.99588202022e-06, 2.32105526266e-06, 9.0568636324e-07, 6.75729609156e-07, 6.91984723744e-07, 1.64370351285e-06, 1.51467213527e-06, 1.14329213829e-06, 8.04265141596e-07, 5.89684873376e-07, 4.03677915983e-07, 3.80241374387e-07, 3.96953680593e-07, 3.29531758325e-07, 1.92319362213e-07, 1.09419580951e-07, 6.37773283074e-08, 3.4207506161e-08, 1.78315069377e-08, 8.85009843188e-09, 7.73649500019e-09, 7.00018576438e-09], "min": [1.76790394735e-24, 1.38952385593e-24, 8.25916808079e-25, 1.47466048583e-24, 2.11924307022e-24, 2.33785575415e-24, 3.1176621139e-24, 1.45149282434e-24, 1.45376395488e-24, 2.71673282794e-24, 3.3115718158e-24, 3.04993702468e-24, 2.88796987856e-24, 1.73556518618e-24, 3.98824526182e-24, 2.1914607223e-24, 5.38507219479e-24, 4.13699997385e-24, 3.61944687217e-24, 2.28121849939e-24, 4.55592416314e-24, 4.84389625887e-24, 5.44533367377e-24, 4.70151159864e-24, 5.00216345013e-24, 5.14733633923e-24, 5.08076555073e-24, 4.88930033156e-24, 3.7284548275e-24, 6.06414772226e-24, 5.45490334541e-24, 5.31461942178e-24, 5.66612913583e-24, 5.16003108335e-24, 6.08890414962e-24, 5.99370165457e-24, 5.89973806556e-24, 7.02092753192e-24, 6.9322327449e-24, 6.22086282969e-24], "var": [0.000448758393759, 3.37595665769e-05, 2.58067939285e-06, 5.0056364671e-06, 2.73463865597e-06, 1.09157520001e-06, 2.26980560569e-07, 3.272009792e-07, 3.37114443028e-08, 6.19511340005e-08, 6.1529412676e-08, 2.04777403923e-08, 1.15095657449e-08, 4.2474712636e-09, 8.3939761808e-09, 2.58174992496e-09, 5.96092508687e-10, 1.58715107723e-09, 1.60540658545e-09, 1.89557231023e-10, 4.45800701909e-10, 1.9244912608e-10, 2.80348411152e-10, 2.90962393068e-10, 1.82275070038e-10, 6.65285118662e-11, 3.3692874879e-11, 2.77855499026e-11, 9.27895260627e-11, 7.26400398166e-11, 2.9984351807e-11, 6.23802953736e-11, 2.79348766341e-11, 7.18437982716e-12, 2.11729939137e-12, 5.41575356609e-13, 2.87162498912e-14, 4.81474067768e-15, 3.65628166781e-15, 2.85713530471e-15]}, "melbands_crest": {"dmean": 5.26863574982, "dmean2": 8.37361621857, "dvar": 25.1077079773, "dvar2": 51.3165435791, "max": 38.5160255432, "mean": 16.8180618286, "median": 15.1797800064, "min": 1.77624046803, "var": 56.262424469}, "melbands_flatness_db": {"dmean": 0.0497120022774, "dmean2": 0.0774371102452, "dvar": 0.0020237735007, "dvar2": 0.00470279157162, "max": 0.662652254105, "mean": 0.294809609652, "median": 0.287523925304, "min": 0.00300309690647, "var": 0.00706737907603}, "melbands_kurtosis": {"dmean": 32.1364555359, "dmean2": 52.8856163025, "dvar": 6636.11132812, "dvar2": 17182.8457031, "max": 1310.78930664, "mean": 36.5822525024, "median": 11.5820150375, "min": -1.93000710011, "var": 6683.56787109}, "melbands_skewness": {"dmean": 1.68424236774, "dmean2": 2.55796003342, "dvar": 5.57329511642, "dvar2": 12.5832595825, "max": 29.6074981689, "mean": 3.72884893417, "median": 2.79076528549, "min": -3.03630805016, "var": 10.0064249039}, "melbands_spread": {"dmean": 5.6275639534, "dmean2": 8.81544494629, "dvar": 131.645874023, "dvar2": 297.707763672, "max": 332.620727539, "mean": 13.1147527695, "median": 8.95866012573, "min": 0.125098824501, "var": 468.129241943}, "mfcc": {"cov": [[11610.9101562, 787.467651367, -1127.9666748, 775.077880859, -575.731689453, 468.698791504, -194.610687256, 230.660491943, -232.69833374, 71.8027038574, 3.82676243782, -166.735961914, -68.8987731934], [787.467651367, 1745.06884766, 65.5303268433, -481.979858398, -38.5711708069, -88.64793396, 153.269256592, -250.242233276, -70.2663269043, 26.1609745026, 65.4129180908, -141.716064453, -37.3422279358], [-1127.9666748, 65.5303268433, 616.136047363, -108.309715271, 207.055908203, -30.00349617, 86.238822937, -0.109837882221, 107.044883728, 21.8069019318, 22.9229698181, 90.5033798218, 39.7085189819], [775.077880859, -481.979858398, -108.309715271, 663.963378906, -30.8982219696, 212.348907471, -84.8202896118, 226.699264526, 49.0784339905, 14.0936002731, 16.2501754761, 87.69871521, 34.7181282043], [-575.731689453, -38.5711708069, 207.055908203, -30.8982219696, 284.599761963, -24.4343833923, 99.3128814697, 14.4467515945, 60.7981910706, 18.1437683105, 5.7406039238, 45.2670669556, 8.31164169312], [468.698791504, -88.64793396, -30.00349617, 212.348907471, -24.4343833923, 230.999923706, 7.71098136902, 104.559310913, 21.2019004822, 13.0113458633, 4.70986747742, 9.2772359848, 10.5753326416], [-194.610687256, 153.269256592, 86.238822937, -84.8202896118, 99.3128814697, 7.71098136902, 156.333129883, -11.3413200378, 19.9178791046, 19.8595161438, 15.6923542023, -19.5670413971, -7.36884260178], [230.660491943, -250.242233276, -0.109837882221, 226.699264526, 14.4467515945, 104.559310913, -11.3413200378, 182.679382324, 67.5061950684, 17.8968257904, 7.30080604553, 70.3758010864, 24.4437999725], [-232.69833374, -70.2663269043, 107.044883728, 49.0784339905, 60.7981910706, 21.2019004822, 19.9178791046, 67.5061950684, 111.241142273, 23.7964286804, 24.6222381592, 54.2091140747, 23.2326221466], [71.8027038574, 26.1609745026, 21.8069019318, 14.0936002731, 18.1437683105, 13.0113458633, 19.8595161438, 17.8968257904, 23.7964286804, 81.5280838013, 34.6885681152, 10.7149019241, 11.683257103], [3.82676243782, 65.4129180908, 22.9229698181, 16.2501754761, 5.7406039238, 4.70986747742, 15.6923542023, 7.30080604553, 24.6222381592, 34.6885681152, 77.5489578247, 34.6525878906, 20.9837036133], [-166.735961914, -141.716064453, 90.5033798218, 87.69871521, 45.2670669556, 9.2772359848, -19.5670413971, 70.3758010864, 54.2091140747, 10.7149019241, 34.6525878906, 124.503005981, 49.4686393738], [-68.8987731934, -37.3422279358, 39.7085189819, 34.7181282043, 8.31164169312, 10.5753326416, -7.36884260178, 24.4437999725, 23.2326221466, 11.683257103, 20.9837036133, 49.4686393738, 62.9383049011]], "icov": [[0.000139667696203, -0.000139762123581, 0.000176257060957, -0.0001330160012, 6.16810575593e-05, -0.00010985363042, 8.14910672489e-05, -0.000200590773602, 0.000200136273634, -0.000182837000466, 9.96796297841e-05, -2.35676179727e-05, 7.52558844397e-05], [-0.000139762123581, 0.00105184211861, -0.000293138902634, 0.000523978262208, 0.000262373563601, -0.000170672763488, -0.00067944440525, 0.00087740359595, -0.000143867160659, 0.000172369036591, -0.00111336656846, 0.000572998716962, -0.000117364274047], [0.000176257060957, -0.000293138902634, 0.00298547535203, 0.00023310429242, -0.001140811597, -0.000563852081541, -0.000295114790788, 0.000883217260707, -0.00170572753996, -0.000324398250086, 0.00102236855309, -0.00193253788166, -0.000257358711679], [-0.0001330160012, 0.000523978262208, 0.00023310429242, 0.00378850800917, -0.000614821154159, -0.00190331612248, 0.00154818792362, -0.00270710955374, 0.000531878555194, 0.000388789601857, -0.00146121287253, -7.57283050916e-05, -0.000159789982717], [6.16810575593e-05, 0.000262373563601, -0.001140811597, -0.000614821154159, 0.00658793235198, 0.000956508971285, -0.00422522006556, 0.000970671884716, -0.00127120909747, -0.000874135526828, 0.00201334245503, -0.00247931433842, 0.00128866056912], [-0.00010985363042, -0.000170672763488, -0.000563852081541, -0.00190331612248, 0.000956508971285, 0.00770110310987, -0.00173543882556, -0.00323057733476, 0.000431125401519, 8.57882987475e-05, -6.82677709847e-05, 0.00232858187519, -0.00116722204257], [8.14910672489e-05, -0.00067944440525, -0.000295114790788, 0.00154818792362, -0.00422522006556, -0.00173543882556, 0.0116320736706, -0.00237549701706, 8.51458025863e-05, -0.000391046196455, -0.00308114872314, 0.00417417800054, -6.01060564804e-05], [-0.000200590773602, 0.00087740359595, 0.000883217260707, -0.00270710955374, 0.000970671884716, -0.00323057733476, -0.00237549701706, 0.0167861841619, -0.00682478304952, -0.00178457726724, 0.0041031925939, -0.00660233106464, 0.00152605772018], [0.000200136273634, -0.000143867160659, -0.00170572753996, 0.000531878555194, -0.00127120909747, 0.000431125401519, 8.51458025863e-05, -0.00682478304952, 0.0170441586524, -0.00160098657943, -0.00290495273657, -0.000968922278844, -0.000591806485318], [-0.000182837000466, 0.000172369036591, -0.000324398250086, 0.000388789601857, -0.000874135526828, 8.57882987475e-05, -0.000391046196455, -0.00178457726724, -0.00160098657943, 0.0166507232934, -0.00773381628096, 0.00334862200543, -0.00191276124679], [9.96796297841e-05, -0.00111336656846, 0.00102236855309, -0.00146121287253, 0.00201334245503, -6.82677709847e-05, -0.00308114872314, 0.0041031925939, -0.00290495273657, -0.00773381628096, 0.0222680419683, -0.00822957791388, -0.00104709621519], [-2.35676179727e-05, 0.000572998716962, -0.00193253788166, -7.57283050916e-05, -0.00247931433842, 0.00232858187519, 0.00417417800054, -0.00660233106464, -0.000968922278844, 0.00334862200543, -0.00822957791388, 0.0215965434909, -0.00993051193655], [7.52558844397e-05, -0.000117364274047, -0.000257358711679, -0.000159789982717, 0.00128866056912, -0.00116722204257, -6.01060564804e-05, 0.00152605772018, -0.000591806485318, -0.00191276124679, -0.00104709621519, -0.00993051193655, 0.0243059303612]], "mean": [-712.327270508, 167.235565186, 5.6605682373, 34.201084137, -9.74348735809, 23.1629085541, 2.00313520432, 3.43846225739, -2.81371974945, 1.25604391098, 4.79942560196, -4.3453783989, 0.784061610699]}, "pitch_salience": {"dmean": 0.110921360552, "dmean2": 0.176090434194, "dvar": 0.0104525573552, "dvar2": 0.023017456755, "max": 0.885512173176, "mean": 0.535491704941, "median": 0.56933170557, "min": 0.0601033382118, "var": 0.0222066063434}, "silence_rate_20dB": {"dmean": 0.0113721108064, "dmean2": 0.022746341303, "dvar": 0.0112430928275, "dvar2": 0.0319251380861, "max": 1, "mean": 0.993475615978, "median": 1, "min": 0, "var": 0.00648188497871}, "silence_rate_30dB": {"dmean": 0.132736757398, "dmean2": 0.265498280525, "dvar": 0.115115240216, "dvar2": 0.211231648922, "max": 1, "mean": 0.846117973328, "median": 1, "min": 0, "var": 0.130206242204}, "silence_rate_60dB": {"dmean": 0.0247949287295, "dmean2": 0.0495944805443, "dvar": 0.0241766832769, "dvar2": 0.0529226362705, "max": 1, "mean": 0.0919936597347, "median": 0, "min": 0, "var": 0.0835229232907}, "spectral_centroid": {"dmean": 267.027557373, "dmean2": 388.368682861, "dvar": 148126.765625, "dvar2": 291999.84375, "max": 11538.8564453, "mean": 889.510192871, "median": 615.547607422, "min": 115.31288147, "var": 949983.5625}, "spectral_complexity": {"dmean": 3.20395231247, "dmean2": 4.59886264801, "dvar": 19.8966064453, "dvar2": 31.4286117554, "max": 61, "mean": 13.9402551651, "median": 13, "min": 0, "var": 95.3324661255}, "spectral_contrast_coeffs": {"dmean": [0.0611397661269, 0.0493327118456, 0.0368213839829, 0.0337978824973, 0.0275688450783, 0.062520109117], "dmean2": [0.0983831062913, 0.0813000500202, 0.0607789978385, 0.0546154305339, 0.0436094850302, 0.0921842232347], "dvar": [0.00233111670241, 0.00151780631859, 0.000848278985359, 0.000736753805541, 0.000521265552379, 0.00320344069041], "dvar2": [0.00580453919247, 0.00412021903321, 0.00229944428429, 0.00179610576015, 0.0012614140287, 0.00643768906593], "max": [-0.325448781252, -0.453663498163, -0.581685423851, -0.563672065735, -0.649105966091, -0.394384980202], "mean": [-0.674154996872, -0.7562469244, -0.809784829617, -0.810323059559, -0.840375602245, -0.736848950386], "median": [-0.681678175926, -0.761425614357, -0.810616612434, -0.813710570335, -0.838631033897, -0.755661427975], "min": [-0.981592059135, -0.976469814777, -0.975738942623, -0.983320772648, -0.975871741772, -0.964306056499], "var": [0.00917580071837, 0.00561273749918, 0.00297438190319, 0.00349529809318, 0.00222729542293, 0.00969610735774]}, "spectral_contrast_valleys": {"dmean": [0.519478142262, 0.40939360857, 0.368784666061, 0.403533905745, 0.544954299927, 0.767405927181], "dmean2": [0.782066047192, 0.657001435757, 0.573899269104, 0.610510528088, 0.768508374691, 1.25351059437], "dvar": [0.222049057484, 0.145449861884, 0.134450823069, 0.164056107402, 0.278318881989, 0.428307414055], "dvar2": [0.418778032064, 0.328432112932, 0.291568696499, 0.341164290905, 0.523860991001, 1.06353914738], "max": [-4.41776657104, -4.5766377449, -5.09507131577, -5.74118280411, -5.62790155411, -8.75491428375], "mean": [-7.02166652679, -6.85356473923, -7.44099807739, -8.14937496185, -8.34640598297, -11.4661035538], "median": [-6.75065851212, -6.54687261581, -7.13622570038, -7.86503887177, -8.10542488098, -11.2513504028], "min": [-27.8941078186, -27.8722896576, -27.6171550751, -27.5494747162, -27.5540523529, -27.4155540466], "var": [3.42817258835, 3.23428845406, 3.21188950539, 3.07619524002, 3.27444791794, 2.50299787521]}, "spectral_decrease": {"dmean": 1.09114450808e-08, "dmean2": 1.73292420413e-08, "dvar": 4.67839748993e-16, "dvar2": 1.14061075512e-15, "max": 1.9052917577e-10, "mean": -1.30115678232e-08, "median": -5.8464788566e-09, "min": -1.95198481379e-07, "var": 4.600228525e-16}, "spectral_energy": {"dmean": 0.0420558266342, "dmean2": 0.0664252713323, "dvar": 0.00678351894021, "dvar2": 0.01648619771, "max": 0.749307870865, "mean": 0.055094756186, "median": 0.0278160572052, "min": 1.00377818034e-20, "var": 0.00687704607844}, "spectral_energyband_high": {"dmean": 0.000438702816609, "dmean2": 0.000633903138805, "dvar": 1.03407001006e-06, "dvar2": 2.01153079615e-06, "max": 0.0249394904822, "mean": 0.00058375892695, "median": 9.43819904933e-05, "min": 7.10931686569e-21, "var": 2.21259210775e-06}, "spectral_energyband_low": {"dmean": 0.0370507948101, "dmean2": 0.0598981976509, "dvar": 0.00608521373942, "dvar2": 0.0150160780177, "max": 0.658381164074, "mean": 0.0349910892546, "median": 0.00839404482394, "min": 1.92272113433e-23, "var": 0.00541422469541}, "spectral_energyband_middle_high": {"dmean": 0.00109506526496, "dmean2": 0.00160106958356, "dvar": 3.56966347681e-06, "dvar2": 8.06261596153e-06, "max": 0.0386827029288, "mean": 0.00279374676757, "median": 0.0013992828317, "min": 1.23873669268e-21, "var": 1.27771309053e-05}, "spectral_energyband_middle_low": {"dmean": 0.00569866597652, "dmean2": 0.00868781842291, "dvar": 8.49470015964e-05, "dvar2": 0.000196029170183, "max": 0.274660378695, "mean": 0.0135020837188, "median": 0.0080082770437, "min": 1.9436639083e-22, "var": 0.000266952614766}, "spectral_entropy": {"dmean": 0.309188365936, "dmean2": 0.454275548458, "dvar": 0.0905516222119, "dvar2": 0.188609674573, "max": 9.82291126251, "mean": 7.27655315399, "median": 7.27131986618, "min": 4.74778079987, "var": 0.281600475311}, "spectral_flux": {"dmean": 0.0630653202534, "dmean2": 0.104270741343, "dvar": 0.00801008101553, "dvar2": 0.0185213554651, "max": 0.764257192612, "mean": 0.13032977283, "median": 0.0944310203195, "min": 6.37106201129e-11, "var": 0.0127825643867}, "spectral_kurtosis": {"dmean": 6.38360118866, "dmean2": 9.62029933929, "dvar": 72.0221633911, "dvar2": 163.588104248, "max": 128.283477783, "mean": 15.4092168808, "median": 12.2053346634, "min": -1.3561732769, "var": 120.406204224}, "spectral_rms": {"dmean": 0.00214711716399, "dmean2": 0.00313123641536, "dvar": 9.53427388595e-06, "dvar2": 2.00383728952e-05, "max": 0.0270376037806, "mean": 0.00601723929867, "median": 0.00520937796682, "min": 3.12937024384e-12, "var": 1.75441382453e-05}, "spectral_rolloff": {"dmean": 3400.82397461, "dmean2": 6409.21875, "dvar": 46994576, "dvar2": 104359776, "max": 22028.4667969, "mean": 5645.01269531, "median": 861.328125, "min": 21.533203125, "var": 74061856}, "spectral_skewness": {"dmean": 0.595048248768, "dmean2": 0.837455749512, "dvar": 0.418322622776, "dvar2": 0.842011988163, "max": 8.67656707764, "mean": 2.65374135971, "median": 2.56182742119, "min": -0.308182775974, "var": 1.10818147659}, "spectral_spread": {"dmean": 751168, "dmean2": 1122560.375, "dvar": 573475520512, "dvar2": 1194532798460.0, "max": 42638876, "mean": 4278325.5, "median": 3995005.75, "min": 922211.4375, "var": 8108338839550.0}, "spectral_s