{"lowlevel": {"average_loudness": 0.896436691284, "barkbands": {"dmean": [8.56065380503e-05, 0.00123587530106, 0.000974353053607, 0.000497386441566, 0.000630806141999, 0.00125039531849, 0.00102756312117, 0.000810470723081, 0.000808183860499, 0.00110719748773, 0.000707132101525, 0.00154630572069, 0.000604216242209, 0.000698068295605, 0.000490577949677, 0.00038612325443, 0.000224518022151, 0.000320867140545, 0.000195117041585, 0.000107287029095, 9.0850306151e-05, 9.84538492048e-05, 0.000107516629214, 2.16598127736e-05, 7.86069449532e-06, 4.31271956813e-07, 3.99808470775e-08], "dmean2": [0.000130446860567, 0.0020149582997, 0.00164558982942, 0.000873050419614, 0.00105417170562, 0.00204527378082, 0.00163760583382, 0.00133279338479, 0.00127878133208, 0.00166811933741, 0.00109587691259, 0.00235800608061, 0.00093884911621, 0.00103852979373, 0.000759830989409, 0.000583818997256, 0.000338104553521, 0.000493571802508, 0.000292467680993, 0.000157106987899, 0.000130269807414, 0.000142062635859, 0.00016355275875, 3.13163764076e-05, 1.16838355098e-05, 5.96034624323e-07, 5.66031133076e-08], "dvar": [2.01565253377e-08, 3.31700471179e-06, 2.59121293311e-06, 8.3463635292e-07, 1.0207880905e-06, 9.3088574431e-06, 8.08070308267e-06, 4.90018555865e-06, 6.5848680606e-06, 9.82716574072e-06, 4.38183451479e-06, 1.31321912704e-05, 2.9229104257e-06, 2.67509471996e-06, 1.23842414723e-06, 9.71593635768e-07, 1.73283197569e-07, 2.22485823542e-07, 9.77839462735e-08, 3.65376386924e-08, 3.6062598241e-08, 1.46557951552e-07, 1.48040626868e-07, 1.63959228416e-08, 5.56530821427e-10, 1.63438099859e-12, 1.59819074343e-14], "dvar2": [4.71489833842e-08, 8.9763861979e-06, 6.97678615325e-06, 2.30461637329e-06, 2.61908280663e-06, 2.27266973525e-05, 1.91900835489e-05, 1.24680145746e-05, 1.49729030454e-05, 2.04608531931e-05, 1.00319448393e-05, 2.88905575871e-05, 6.2230765252e-06, 5.86028454563e-06, 2.676890972e-06, 1.98088741854e-06, 3.7400502606e-07, 5.10420136379e-07, 2.13065675325e-07, 8.11889364627e-08, 7.84553222388e-08, 3.08065068566e-07, 3.39897638924e-07, 3.46195214718e-08, 1.18277543315e-09, 3.43618709875e-12, 3.51930568292e-14], "max": [0.00236717774533, 0.0217099748552, 0.0165583491325, 0.0118102626875, 0.013648705557, 0.0624037124217, 0.0579766482115, 0.0545640215278, 0.0553665570915, 0.0529398135841, 0.04103910923, 0.0521691851318, 0.0277276877314, 0.0377578772604, 0.032754059881, 0.0214827973396, 0.011676242575, 0.00691136764362, 0.0084042865783, 0.00326745957136, 0.00582212721929, 0.0114150336012, 0.0119560351595, 0.00427592359483, 0.000968915293925, 3.10919713229e-05, 3.42963767253e-06], "mean": [0.00013169842714, 0.00210301438347, 0.00137218635064, 0.000559387321118, 0.00102736148983, 0.00144703721162, 0.001483180793, 0.00104095449205, 0.00119869969785, 0.00181100587361, 0.0012265376281, 0.00275234412402, 0.000849934003782, 0.00134578766301, 0.000823445036076, 0.000638598925434, 0.000410905660829, 0.000570195144974, 0.000365526560927, 0.000180514063686, 0.00013573106844, 0.000127843042719, 0.000136644142913, 2.72748184216e-05, 9.60422858043e-06, 5.2357563618e-07, 4.38656613255e-08], "median": [8.15261155367e-05, 0.001692782389, 0.000921092403587, 0.000231201687711, 0.000526287476532, 0.000339085119776, 0.000321136263665, 0.000268204370514, 0.000203540970688, 0.000210664438782, 0.000160270035849, 0.000329876784235, 0.00017688832304, 0.000226376956562, 0.000291310629109, 0.000202767958399, 0.00021886646573, 0.000340552825946, 0.000200333917746, 8.28058327897e-05, 4.66822893941e-05, 3.69317676814e-05, 3.74568626285e-05, 3.21635343425e-06, 1.98479983737e-06, 5.16301774667e-08, 2.01290539792e-09], "min": [1.80891253638e-25, 4.73653938942e-24, 3.91006204636e-25, 1.67527353327e-24, 1.45698201434e-24, 1.34427246727e-23, 4.17694197364e-24, 1.18723566236e-23, 1.68317168754e-23, 1.77349121248e-23, 1.55159521058e-23, 3.39160017691e-23, 2.87373160975e-23, 3.28649424317e-23, 7.67086766515e-23, 5.50156012922e-23, 6.93379263846e-23, 1.0609921691e-22, 8.24991807531e-23, 1.33531356329e-22, 2.24695429441e-22, 3.27201075695e-22, 3.99875309418e-22, 5.39782959024e-22, 8.51575473404e-22, 1.31582200939e-21, 2.01133731924e-21], "var": [2.67450399605e-08, 4.06588696933e-06, 2.51299638876e-06, 7.65264815072e-07, 2.16209332393e-06, 1.2001284631e-05, 1.70336534211e-05, 6.86674366079e-06, 1.76819812623e-05, 2.68864951067e-05, 1.13368378152e-05, 3.57214303222e-05, 5.26804797119e-06, 8.96173696674e-06, 2.72089891951e-06, 2.34906269725e-06, 4.3335336386e-07, 4.6168295853e-07, 2.41305031068e-07, 6.90570018946e-08, 5.53850547647e-08, 1.71467675614e-07, 1.63167825917e-07, 2.35002826088e-08, 1.09514597391e-09, 2.32627133702e-12, 2.01716186885e-14]}, "barkbands_crest": {"dmean": 2.81721997261, "dmean2": 4.55400037766, "dvar": 6.50082492828, "dvar2": 15.6699237823, "max": 25.5768623352, "mean": 9.50779724121, "median": 8.62818908691, "min": 2.1884021759, "var": 16.5779018402}, "barkbands_flatness_db": {"dmean": 0.0229052100331, "dmean2": 0.0323777645826, "dvar": 0.000442044460215, "dvar2": 0.000941243313719, "max": 0.416917055845, "mean": 0.146123588085, "median": 0.145130470395, "min": 0.0308214612305, "var": 0.00190561870113}, "barkbands_kurtosis": {"dmean": 1.9068595171, "dmean2": 3.00515437126, "dvar": 11.6109323502, "dvar2": 28.4845790863, "max": 82.7367477417, "mean": 1.62631082535, "median": 0.436077594757, "min": -1.88294446468, "var": 18.5076675415}, "barkbands_skewness": {"dmean": 0.523311138153, "dmean2": 0.783402264118, "dvar": 0.290514737368, "dvar2": 0.634172558784, "max": 8.32790184021, "mean": 0.569334506989, "median": 0.560125291348, "min": -6.25526475906, "var": 1.25851118565}, "barkbands_spread": {"dmean": 6.66475200653, "dmean2": 10.066327095, "dvar": 50.0093040466, "dvar2": 110.646247864, "max": 103.543403625, "mean": 23.2796325684, "median": 21.5099372864, "min": 0.726766884327, "var": 153.031311035}, "dissonance": {"dmean": 0.0196047760546, "dmean2": 0.0327832996845, "dvar": 0.000445412209956, "dvar2": 0.00115997297689, "max": 0.500000119209, "mean": 0.466831713915, "median": 0.475895881653, "min": 0.237433463335, "var": 0.000899571692571}, "dynamic_complexity": 4.30607748032, "erbbands": {"dmean": [0.0352801606059, 0.303319334984, 1.06842565536, 1.41556465626, 1.74536645412, 2.12807798386, 5.9367723465, 11.2291374207, 13.8294057846, 16.4498176575, 15.9879751205, 16.3640670776, 33.8931427002, 26.9469146729, 32.1779212952, 63.7913475037, 25.2211284637, 30.4226093292, 27.5492153168, 24.159450531, 15.578371048, 12.132604599, 12.686170578, 16.6797885895, 7.5339307785, 4.9301276207, 3.80487680435, 3.5465593338, 3.32158064842, 4.55241012573, 2.27924013138, 0.778871119022, 0.211928531528, 0.1017928496, 0.0510842502117, 0.0042157927528, 0.000622190418653, 9.13931726245e-05, 1.09257734948e-05, 8.75198111316e-06], "dmean2": [0.0552291236818, 0.506753206253, 1.7850946188, 2.47549057007, 2.93840575218, 3.59744620323, 9.90689849854, 18.3943557739, 21.9637088776, 26.5005512238, 26.080537796, 26.206445694, 51.5237693787, 39.273563385, 48.3405075073, 96.2234344482, 37.7927589417, 45.3594665527, 40.7642021179, 36.6113548279, 22.5914211273, 18.1091098785, 18.7940864563, 25.4085960388, 11.0870914459, 7.07856464386, 5.50296115875, 5.01358890533, 4.75650310516, 6.921251297, 3.45045804977, 1.14410316944, 0.299165189266, 0.148589149117, 0.0787261873484, 0.0058815558441, 0.000862067157868, 0.000127811028506, 1.48276858454e-05, 1.26737522805e-05], "dvar": [0.00262302812189, 0.237821832299, 3.06128168106, 6.79438877106, 6.79047775269, 15.7622356415, 243.27230835, 812.710144043, 1570.61157227, 2223.2734375, 2332.90380859, 3255.84545898, 8556.78613281, 5800.45947266, 7339.03125, 23702.71875, 4187.26611328, 5321.64013672, 4128.35205078, 3209.85961914, 1571.82702637, 443.304168701, 360.596923828, 632.267333984, 139.662414551, 80.8028945923, 71.6049346924, 62.6118049622, 135.016143799, 253.754821777, 115.24131012, 21.7924861908, 1.24982452393, 0.126641973853, 0.020418824628, 0.000140683798236, 2.92377399091e-06, 6.73232989357e-08, 5.50549161815e-10, 1.03541876462e-10], "dvar2": [0.00635311705992, 0.662292897701, 8.10800743103, 18.8917617798, 17.8196144104, 41.0319633484, 641.825500488, 1853.8157959, 3711.77587891, 5268.03857422, 6019.23046875, 7638.58789062, 19062.5058594, 11777.1767578, 16211.8144531, 53234.1679688, 9024.390625, 11921.7421875, 8743.23632812, 7007.70507812, 2820.02685547, 896.835144043, 782.135314941, 1408.96618652, 303.899719238, 172.872070312, 157.379516602, 133.852142334, 280.578613281, 572.306091309, 269.580596924, 49.3298187256, 2.44403290749, 0.247263640165, 0.04877595976, 0.000283415865852, 6.20419586994e-06, 1.46481241359e-07, 1.15080267538e-09, 2.09301964649e-10], "max": [0.68290489912, 5.35706853867, 17.5825786591, 30.3011837006, 48.7257919312, 63.8083648682, 382.236053467, 629.706481934, 924.905395508, 1451.42248535, 1407.11340332, 1574.55444336, 1709.42126465, 1720.36779785, 1497.60681152, 2379.05126953, 1156.2454834, 2122.95336914, 1491.84191895, 1231.90039062, 1102.79711914, 558.488769531, 332.332580566, 469.64743042, 245.49105835, 179.522720337, 242.297683716, 225.544921875, 310.306610107, 477.093566895, 353.161346436, 126.674812317, 47.0951957703, 16.1213951111, 3.38389849663, 0.267477631569, 0.0419609285891, 0.006549149286, 0.000584854977205, 0.000114368573122], "mean": [0.0641338825226, 0.460444629192, 1.62178528309, 1.70989882946, 2.7090818882, 3.16233706474, 6.80102539062, 13.1700239182, 19.1199817657, 25.0724449158, 21.1572475433, 24.4123191833, 55.8281555176, 45.2399368286, 57.9513931274, 116.481933594, 47.3226966858, 64.4476928711, 51.6596984863, 43.5476379395, 29.4887809753, 23.8870735168, 24.6797904968, 30.0509738922, 14.8441858292, 8.67320919037, 6.09443187714, 5.08671617508, 4.42342090607, 5.66108608246, 2.96548986435, 0.957162201405, 0.287160307169, 0.132638931274, 0.0564424917102, 0.00535039650276, 0.000747358484659, 0.00010729386122, 2.18579370994e-05, 2.7362115361e-05], "median": [0.0469324812293, 0.368622690439, 1.1385229826, 0.937854707241, 1.54867899418, 1.43710458279, 2.09396696091, 2.65814375877, 4.80821323395, 5.64510917664, 6.17402505875, 5.22560691833, 8.89250946045, 7.93330526352, 10.1931018829, 12.9875583649, 8.82547473907, 12.7317972183, 15.2763442993, 16.7626209259, 10.8244562149, 13.4211215973, 14.972492218, 17.8648891449, 8.41237354279, 3.91026759148, 2.25832796097, 1.73941707611, 1.2632702589, 1.55456674099, 0.765993893147, 0.136575609446, 0.0399421229959, 0.0262974873185, 0.0110159479082, 0.000919669866562, 8.33424273878e-05, 1.28488654809e-05, 1.43057932291e-05, 2.29549696087e-05], "min": [1.26806638967e-22, 5.28424422218e-22, 1.73254574692e-21, 1.11239378023e-20, 8.47334415813e-21, 6.14467038678e-21, 6.38054942028e-20, 9.30964960682e-20, 1.04859689388e-19, 2.12903261577e-19, 3.03683231877e-19, 4.20607124316e-19, 6.63101583235e-19, 7.90723299139e-19, 4.32425079577e-19, 1.63374012942e-18, 1.67312271537e-18, 2.66878347509e-18, 3.06363131625e-18, 4.03094004689e-18, 3.71245979462e-18, 4.304209502e-18, 5.95775305907e-18, 5.72904795946e-18, 5.29338682008e-18, 7.40609130414e-18, 8.24190437357e-18, 1.00350077756e-17, 1.10208052337e-17, 1.0400935935e-17, 1.25687008694e-17, 1.09696821632e-17, 9.4371762228e-18, 8.63493096982e-18, 6.31322069243e-18, 4.23193955906e-18, 2.43990735589e-18, 1.01587777767e-18, 2.34775235292e-19, 2.81074647364e-20], "var": [0.00455063581467, 0.235306233168, 3.17375946045, 5.56152105331, 13.4637069702, 28.4469451904, 243.415390015, 1235.3001709, 2745.01782227, 6547.69287109, 2703.83007812, 7981.28173828, 21471.1425781, 13138.3291016, 16902.6542969, 64922.6171875, 10424.3710938, 20986.7558594, 10608.7021484, 6691.46337891, 5221.8515625, 1270.68933105, 886.385314941, 1327.15515137, 360.167633057, 164.142868042, 112.139533997, 92.9272994995, 168.594299316, 280.009552002, 116.189216614, 26.5828056335, 2.14640927315, 0.289764046669, 0.0272883363068, 0.000238073596847, 4.07762854593e-06, 8.84295161541e-08, 8.84106565735e-10, 4.27233609601e-10]}, "erbbands_crest": {"dmean": 3.21121144295, "dmean2": 5.04294538498, "dvar": 9.31704998016, "dvar2": 21.3242149353, "max": 32.5461959839, "mean": 10.6039056778, "median": 9.26215744019, "min": 2.64485859871, "var": 31.9196395874}, "erbbands_flatness_db": {"dmean": 0.0232361145318, "dmean2": 0.0318641811609, "dvar": 0.000438186951214, "dvar2": 0.000822147529107, "max": 0.380313903093, "mean": 0.20874632895, "median": 0.206263676286, "min": 0.070474550128, "var": 0.00268845888786}, "erbbands_kurtosis": {"dmean": 1.51515424252, "dmean2": 2.28570389748, "dvar": 6.93712282181, "dvar2": 14.2018327713, "max": 69.0235977173, "mean": 1.63723015785, "median": 0.217432260513, "min": -1.76614296436, "var": 19.0317306519}, "erbbands_skewness": {"dmean": 0.486882358789, "dmean2": 0.728080034256, "dvar": 0.232128754258, "dvar2": 0.495148092508, "max": 6.81794595718, "mean": 0.240911647677, "median": 0.182124167681, "min": -5.0121383667, "var": 0.917907476425}, "erbbands_spread": {"dmean": 7.48946619034, "dmean2": 10.9086112976, "dvar": 71.3927383423, "dvar2": 158.1537323, "max": 133.884506226, "mean": 28.3089752197, "median": 27.3203582764, "min": 1.83610212803, "var": 278.773925781}, "gfcc": {"cov": [[19095.8085938, 745.239196777, -2025.39465332, 505.593536377, -857.641906738, 356.870239258, -462.341552734, 21.6511936188, -104.283248901, -82.9900054932, -1.90230834484, 87.8833084106, -26.8762664795], [745.239196777, 1200.32580566, -363.454528809, -94.5578918457, 212.75189209, -277.179473877, 189.85218811, -17.1936225891, 88.3564071655, -148.530975342, 51.1086044312, -181.361358643, 25.5707798004], [-2025.39465332, -363.454528809, 963.914306641, 94.3315734863, -143.390045166, -0.563825905323, -97.6896591187, 120.162452698, 21.1659488678, 119.218185425, -84.0441741943, 64.8881378174, -17.4066486359], [505.593536377, -94.5578918457, 94.3315734863, 306.337799072, -41.3196907043, -9.13519001007, -102.364830017, 17.9143180847, 17.7421245575, 33.5687904358, -21.3949642181, 5.01783275604, -17.0056972504], [-857.641906738, 212.75189209, -143.390045166, -41.3196907043, 376.112060547, 4.97729921341, 117.337089539, -53.549282074, -12.7508850098, -37.539516449, 39.6996841431, -52.2208213806, -11.3909416199], [356.870239258, -277.179473877, -0.563825905323, -9.13519001007, 4.97729921341, 353.959503174, 35.8195915222, -46.0806465149, -68.1498260498, 7.0431265831, 1.09045612812, 44.7028160095, -7.409096241], [-462.341552734, 189.85218811, -97.6896591187, -102.364830017, 117.337089539, 35.8195915222, 237.271514893, -4.98433256149, -1.36989700794, -64.1422576904, -0.46452203393, -45.5058784485, 21.2371788025], [21.6511936188, -17.1936225891, 120.162452698, 17.9143180847, -53.549282074, -46.0806465149, -4.98433256149, 162.379180908, 49.1397857666, 2.76480603218, -48.9697608948, 3.0031645298, 7.69779920578], [-104.283248901, 88.3564071655, 21.1659488678, 17.7421245575, -12.7508850098, -68.1498260498, -1.36989700794, 49.1397857666, 117.591308594, 16.9332180023, 10.8794536591, -23.3753738403, 3.68715810776], [-82.9900054932, -148.530975342, 119.218185425, 33.5687904358, -37.539516449, 7.0431265831, -64.1422576904, 2.76480603218, 16.9332180023, 149.390975952, 30.928440094, 34.1037063599, -26.1049365997], [-1.90230834484, 51.1086044312, -84.0441741943, -21.3949642181, 39.6996841431, 1.09045612812, -0.46452203393, -48.9697608948, 10.8794536591, 30.928440094, 102.220680237, 22.140953064, -4.98876190186], [87.8833084106, -181.361358643, 64.8881378174, 5.01783275604, -52.2208213806, 44.7028160095, -45.5058784485, 3.0031645298, -23.3753738403, 34.1037063599, 22.140953064, 115.352996826, 20.2728118896], [-26.8762664795, 25.5707798004, -17.4066486359, -17.0056972504, -11.3909416199, -7.409096241, 21.2371788025, 7.69779920578, 3.68715810776, -26.1049365997, -4.98876190186, 20.2728118896, 74.811164856]], "icov": [[0.000159875620739, -0.00033364398405, 0.000454380176961, -0.000280414242297, 0.000467601435957, -0.000408482446801, 0.000317983212881, -0.000283756293356, 0.000212617931538, -0.0002298028121, 0.000311174575472, -0.000373331131414, 0.000214380619582], [-0.00033364398405, 0.00254348455928, -0.000736877555028, 0.000594048993662, -0.00124640087597, 0.00203120219521, -0.00141420168802, 0.000516089086886, -0.00082240474876, 0.00151439267211, -0.00205110525712, 0.0026664417237, -0.00095628813142], [0.000454380176961, -0.000736877555028, 0.00277453870513, -0.000942531798501, 0.00139704439789, -0.00099769840017, 0.000805829884484, -0.00135671906173, 0.000446018471848, -0.00168971798848, 0.00213841162622, -0.00162050547078, 0.00084130623145], [-0.000280414242297, 0.000594048993662, -0.000942531798501, 0.00450332742184, -0.0010925346287, 0.000478611356812, 0.00125484529417, 0.000574423931539, -0.0011532533681, 0.000217769294977, 0.000415740505559, 0.000925836677197, -0.000124034617329], [0.000467601435957, -0.00124640087597, 0.00139704439789, -0.0010925346287, 0.00503222737461, -0.00121028919239, -0.000613226613495, -0.000371985661332, 0.00128023722209, -0.000550408964045, -0.000417726987507, -0.000268827163382, 0.00131926592439], [-0.000408482446801, 0.00203120219521, -0.00099769840017, 0.000478611356812, -0.00121028919239, 0.0053376276046, -0.00246947887354, 0.00146029551979, 0.000611264084, 0.000882149615791, -0.00107878807466, 0.000485794676933, 4.85734290123e-06], [0.000317983212881, -0.00141420168802, 0.000805829884484, 0.00125484529417, -0.000613226613495, -0.00246947887354, 0.00793105922639, -0.00135801942088, 0.000205350545002, 0.000626172870398, 0.000838690204546, 0.000799432571512, -0.00133162352722], [-0.000283756293356, 0.000516089086886, -0.00135671906173, 0.000574423931539, -0.000371985661332, 0.00146029551979, -0.00135801942088, 0.0103090927005, -0.0048361113295, 0.000394705391955, 0.00458671338856, -0.0017691613175, 0.000110651577415], [0.000212617931538, -0.00082240474876, 0.000446018471848, -0.0011532533681, 0.00128023722209, 0.000611264084, 0.000205350545002, -0.0048361113295, 0.0132571207359, -0.00204280600883, -0.00384358549491, 0.00320259435102, -0.00159648177214], [-0.0002298028121, 0.00151439267211, -0.00168971798848, 0.000217769294977, -0.000550408964045, 0.000882149615791, 0.000626172870398, 0.000394705391955, -0.00204280600883, 0.0111270463094, -0.00471199629828, -0.000102518075437, 0.00253831874579], [0.000311174575472, -0.00205110525712, 0.00213841162622, 0.000415740505559, -0.000417726987507, -0.00107878807466, 0.000838690204546, 0.00458671338856, -0.00384358549491, -0.00471199629828, 0.0186361260712, -0.00762323802337, 0.00237818993628], [-0.000373331131414, 0.0026664417237, -0.00162050547078, 0.000925836677197, -0.000268827163382, 0.000485794676933, 0.000799432571512, -0.0017691613175, 0.00320259435102, -0.000102518075437, -0.00762323802337, 0.0173818133771, -0.00666204327717], [0.000214380619582, -0.00095628813142, 0.00084130623145, -0.000124034617329, 0.00131926592439, 4.85734290123e-06, -0.00133162352722, 0.000110651577415, -0.00159648177214, 0.00253831874579, 0.00237818993628, -0.00666204327717, 0.0174347423017]], "mean": [-49.9923171997, 124.205787659, -160.459655762, 47.9936294556, -53.7477989197, 14.4601163864, -22.9688835144, 0.668141543865, -8.70382881165, -6.8867650032, -1.5344247818, -5.54474878311, -6.08851623535]}, "hfc": {"dmean": 7.17677783966, "dmean2": 9.83244991302, "dvar": 95.8203353882, "dvar2": 178.090667725, "max": 183.562347412, "mean": 22.6791419983, "median": 15.8342342377, "min": 1.10183150892e-16, "var": 432.074981689}, "melbands": {"dmean": [0.000313879136229, 0.000492065562867, 0.0002481204574, 0.000132082175696, 0.000178830916411, 0.000251198071055, 0.000209168865695, 0.000180723305675, 0.000126444982016, 0.000112053196062, 0.000177447669557, 0.00012137577869, 0.000103145423054, 0.00015794216597, 0.000138900053571, 4.26062179031e-05, 6.5537285991e-05, 5.27643060195e-05, 3.73728580598e-05, 3.25598448399e-05, 1.72634099727e-05, 1.40290585477e-05, 1.0265538549e-05, 1.69503346115e-05, 1.42822846101e-05, 6.64747494739e-06, 4.513505246e-06, 3.39700977747e-06, 2.59367652689e-06, 2.24689370043e-06, 2.04626303457e-06, 1.88293586234e-06, 2.07378593586e-06, 2.92074287245e-06, 1.53922167101e-06, 7.03869659446e-07, 3.87997346252e-07, 1.60019567375e-07, 8.95802045875e-08, 8.95241853982e-08], "dmean2": [0.000500916561577, 0.000821990892291, 0.000430264219176, 0.000219784051296, 0.000299763050862, 0.000410068954807, 0.000330424081767, 0.000292247190373, 0.000206771248486, 0.000177337118657, 0.000270325544989, 0.000177244030056, 0.00015678438649, 0.00023580781999, 0.000213449879084, 6.46551779937e-05, 9.80385229923e-05, 7.84174553701e-05, 5.75205667701e-05, 5.00624191773e-05, 2.50206394412e-05, 2.12143804674e-05, 1.55739726324e-05, 2.61758268607e-05, 2.20008114411e-05, 9.9029221019e-06, 6.77851585351e-06, 4.97319160786e-06, 3.82456528314e-06, 3.29912654706e-06, 2.92169647764e-06, 2.71466774393e-06, 3.17018339047e-06, 4.51104142485e-06, 2.36119490182e-06, 1.06481127204e-06, 5.80129096761e-07, 2.27540098763e-07, 1.32346045234e-07, 1.35260535217e-07], "dvar": [1.92101737184e-07, 6.56509371311e-07, 1.88991137406e-07, 3.79595519462e-08, 2.06921228596e-07, 3.77698313514e-07, 3.27955802959e-07, 2.41150956981e-07, 1.53544533532e-07, 1.48115589127e-07, 2.30883443919e-07, 1.21608252357e-07, 8.67200284915e-08, 1.62461887498e-07, 1.12673816943e-07, 1.2585487319e-08, 2.55010377259e-08, 1.68395910549e-08, 8.02141286727e-09, 7.15373937865e-09, 2.13464934617e-09, 7.08925362858e-10, 2.66104527302e-10, 6.78554878952e-10, 4.89447427032e-10, 1.34221592174e-10, 5.62808896709e-11, 4.78366027346e-11, 3.61164813334e-11, 2.22391133287e-11, 2.33309881831e-11, 3.8317314599e-11, 9.31130172965e-11, 8.50189224577e-11, 5.26875279516e-11, 1.73765273004e-11, 5.8629529183e-12, 7.15222586017e-13, 1.95510748975e-13, 8.49206908135e-14], "dvar2": [4.95961671731e-07, 1.75478260189e-06, 5.2315931498e-07, 9.4992877564e-08, 5.47995512079e-07, 8.80495406363e-07, 7.81951143836e-07, 5.77690855152e-07, 3.97948838327e-07, 3.3892743545e-07, 5.10790187036e-07, 2.41926073841e-07, 1.9152972186e-07, 3.41396912518e-07, 2.62746510771e-07, 2.76004339383e-08, 5.77104692923e-08, 3.52148425975e-08, 1.63148250465e-08, 1.51750736421e-08, 3.66695251941e-09, 1.48091350294e-09, 5.8166266248e-10, 1.57806434586e-09, 1.09274711502e-09, 3.01681901682e-10, 1.28699995106e-10, 1.03704531074e-10, 8.47662495751e-11, 4.91179596995e-11, 5.02168862049e-11, 7.8315333385e-11, 2.12529924215e-10, 1.99470565065e-10, 1.26247581833e-10, 4.09762918041e-11, 1.30637410611e-11, 1.40254561437e-12, 4.07021015199e-13, 1.78975961113e-13], "max": [0.00550246844068, 0.00743245473132, 0.00472634239122, 0.00296784495004, 0.0106083797291, 0.0132152987644, 0.0119344992563, 0.0134255355224, 0.0105826500803, 0.0106889391318, 0.00877142511308, 0.00784793403, 0.0061859851703, 0.00788957346231, 0.00613690586761, 0.00259052193724, 0.00383223220706, 0.00316512794234, 0.00346288690343, 0.00216454430483, 0.00122446788009, 0.000805155665148, 0.000276392383967, 0.000481493130792, 0.000437528768089, 0.00033863686258, 0.000144138088217, 0.000162497468409, 0.000161449963343, 0.000149902902194, 0.000115402704978, 0.000195824730326, 0.000333896517986, 0.000259529595496, 0.000235797400819, 0.000114066104288, 6.87668652972e-05, 3.27873349306e-05, 1.86874713108e-05, 1.31900742417e-05], "mean": [0.000561655848287, 0.000768321449868, 0.00032683723839, 0.000216885222471, 0.000211314676562, 0.000300815736409, 0.000291242060484, 0.000267504743533, 0.000159089599038, 0.000166950092535, 0.000292919488857, 0.000192597231944, 0.000180994509719, 0.000260878208792, 0.000255443970673, 6.88093132339e-05, 0.000127857085317, 8.73971148394e-05, 6.33907402516e-05, 5.25690338691e-05, 2.95799509331e-05, 2.5598659704e-05, 1.77976744453e-05, 2.91164542432e-05, 2.42729547608e-05, 1.20752956718e-05, 7.79086258262e-06, 5.32916510565e-06, 3.95973665945e-06, 3.17972603625e-06, 2.81986126538e-06, 2.47382263296e-06, 2.50527546086e-06, 3.56095347342e-06, 1.95720735974e-06, 8.42218412345e-07, 4.65585742404e-07, 2.09720582234e-07, 1.20475192489e-07, 1.0857567645e-07], "median": [0.000438991672127, 0.000613888492808, 0.000201891059987, 0.000118214025861, 6.50166257401e-05, 6.47760025458e-05, 7.12236796971e-05, 5.95302371948e-05, 4.2779774958e-05, 2.67403520411e-05, 4.228643229e-05, 2.78158313449e-05, 2.67171089945e-05, 3.2548832678e-05, 2.51825349551e-05, 1.75633849722e-05, 2.27042710321e-05, 2.07528901228e-05, 2.25091662287e-05, 1.80353381438e-05, 9.63975799095e-06, 1.32380064315e-05, 1.03733791548e-05, 1.66421341419e-05, 1.39493231472e-05, 6.29318810752e-06, 3.97974554289e-06, 1.97112694877e-06, 1.35337461415e-06, 1.05606068246e-06, 9.06924071842e-07, 6.82831171162e-07, 5.95364497258e-07, 9.57402903623e-07, 5.10693439537e-07, 1.3001877619e-07, 4.86811693179e-08, 2.49032900967e-08, 1.78266930106e-08, 2.13267163929e-08], "min": [1.78663821055e-24, 1.15932734125e-24, 2.49193567173e-24, 3.83954404441e-25, 1.84177071314e-24, 2.36166160412e-24, 1.71686898551e-24, 1.75861077145e-24, 2.64361824102e-24, 2.37809673222e-24, 2.94427186744e-24, 2.79393115056e-24, 1.54173723e-24, 3.09424615844e-24, 3.86781696717e-24, 2.91558967379e-24, 4.34612226666e-24, 3.774957389e-24, 6.07959756309e-24, 3.2482300322e-24, 3.93327901166e-24, 3.39203957244e-24, 4.39014307176e-24, 4.39267728741e-24, 4.11389384351e-24, 3.05808083024e-24, 3.96667622695e-24, 4.53030314423e-24, 3.78429710769e-24, 3.57714420613e-24, 5.35005426478e-24, 5.62013105087e-24, 4.95634640876e-24, 4.92641110956e-24, 6.24077210122e-24, 5.56096490526e-24, 6.22574114553e-24, 5.86861079753e-24, 6.0690816528e-24, 5.26672373192e-24], "var": [2.92242305022e-07, 6.4465672267e-07, 1.65620576809e-07, 8.65445244358e-08, 2.15882678845e-07, 5.62123318559e-07, 5.69063672629e-07, 6.39831739591e-07, 1.67782687299e-07, 4.20436208515e-07, 6.01116141752e-07, 2.71501932048e-07, 2.18410633579e-07, 3.76128070911e-07, 3.60464184723e-07, 3.17996509125e-08, 8.92207125958e-08, 3.95038526335e-08, 1.80807671057e-08, 1.45040877086e-08, 6.81691458837e-09, 1.88629667441e-09, 5.37969280234e-10, 1.41599709735e-09, 9.74995084668e-10, 3.14829190495e-10, 1.16863629884e-10, 8.5729756627e-11, 5.42370974521e-11, 3.22326748625e-11, 3.34709412964e-11, 5.02048888573e-11, 9.30351906625e-11, 9.30394233878e-11, 5.03545018182e-11, 1.81050539144e-11, 7.77814965214e-12, 1.22021945499e-12, 3.72330746963e-13, 1.69918170246e-13]}, "melbands_crest": {"dmean": 3.49679231644, "dmean2": 5.58786773682, "dvar": 9.99064445496, "dvar2": 24.8486766815, "max": 35.1176567078, "mean": 12.5733976364, "median": 11.7073488235, "min": 1.71154272556, "var": 24.0606651306}, "melbands_flatness_db": {"dmean": 0.02797890082, "dmean2": 0.0398077890277, "dvar": 0.000723698583897, "dvar2": 0.0015564141795, "max": 0.53933930397, "mean": 0.186033412814, "median": 0.181507572532, "min": 0.00408962694928, "var": 0.00319960480556}, "melbands_kurtosis": {"dmean": 4.04941558838, "dmean2": 6.42012548447, "dvar": 84.78540802, "dvar2": 215.679550171, "max": 323.466949463, "mean": 5.25474834442, "median": 2.24718475342, "min": -1.91445636749, "var": 111.433280945}, "melbands_skewness": {"dmean": 0.68836915493, "dmean2": 1.02639055252, "dvar": 0.554882645607, "dvar2": 1.24111533165, "max": 15.295791626, "mean": 1.39715898037, "median": 1.30125796795, "min": -3.09337043762, "var": 2.16895747185}, "melbands_spread": {"dmean": 10.2175769806, "dmean2": 15.8616609573, "dvar": 182.649429321, "dvar2": 405.786590576, "max": 237.95552063, "mean": 32.9527282715, "median": 29.6160945892, "min": 0.510057687759, "var": 473.193206787}, "mfcc": {"cov": [[9163.13671875, 456.900024414, -793.179626465, 60.0978317261, -162.139282227, 227.010574341, -210.735443115, 173.198303223, -233.705917358, -25.8991985321, -84.4743270874, -53.6478729248, 124.473953247], [456.900024414, 1373.375, -454.472351074, 175.07611084, -41.6573524475, -100.403106689, 84.1815719604, 49.8648452759, 50.7637786865, 46.6915817261, 71.1463851929, -53.5062255859, -37.0771179199], [-793.179626465, -454.472351074, 881.736450195, 20.3707790375, -1.57302367687, -68.6551742554, -125.300178528, -44.177532196, 57.282283783, -2.86114597321, 9.56418609619, 37.6102981567, -6.84577322006], [60.0978317261, 175.07611084, 20.3707790375, 323.361663818, 56.3519134521, -101.285018921, -64.1120910645, -33.7328872681, 35.4164657593, 8.67732334137, 30.1142158508, 18.6174736023, -10.4043827057], [-162.139282227, -41.6573524475, -1.57302367687, 56.3519134521, 186.304489136, 28.4186878204, 0.835220932961, -12.1692819595, -15.8988351822, -0.834479629993, 16.4280204773, 8.10881519318, 18.636472702], [227.010574341, -100.403106689, -68.6551742554, -101.285018921, 28.4186878204, 275.83493042, 109.824035645, 19.6342086792, -54.195526123, -12.4212503433, -7.06576728821, -5.96031665802, 21.6119270325], [-210.735443115, 84.1815719604, -125.300178528, -64.1120910645, 0.835220932961, 109.824035645, 186.890838623, 41.9061393738, 13.1523828506, -2.30330705643, -7.82427740097, -20.9508838654, -18.4098148346], [173.198303223, 49.8648452759, -44.177532196, -33.7328872681, -12.1692819595, 19.6342086792, 41.9061393738, 152.856750488, 37.7738494873, 5.02893829346, -23.7333011627, -43.4109535217, 1.20280349255], [-233.705917358, 50.7637786865, 57.282283783, 35.4164657593, -15.8988351822, -54.195526123, 13.1523828506, 37.7738494873, 130.515335083, 38.4756736755, -10.2372217178, -10.21571064, -29.6637916565], [-25.8991985321, 46.6915817261, -2.86114597321, 8.67732334137, -0.834479629993, -12.4212503433, -2.30330705643, 5.02893829346, 38.4756736755, 91.1776199341, 20.0860843658, 6.3641500473, -19.790348053], [-84.4743270874, 71.1463851929, 9.56418609619, 30.1142158508, 16.4280204773, -7.06576728821, -7.82427740097, -23.7333011627, -10.2372217178, 20.0860843658, 107.702682495, 21.6369915009, 8.04696559906], [-53.6478729248, -53.5062255859, 37.6102981567, 18.6174736023, 8.10881519318, -5.96031665802, -20.9508838654, -43.4109535217, -10.21571064, 6.3641500473, 21.6369915009, 93.9950256348, 22.9376296997], [124.473953247, -37.0771179199, -6.84577322006, -10.4043827057, 18.636472702, 21.6119270325, -18.4098148346, 1.20280349255, -29.6637916565, -19.790348053, 8.04696559906, 22.9376296997, 92.9874725342]], "icov": [[0.000157198155648, -4.10407519666e-05, 0.000137111797812, -0.000113126377983, 0.000201209506486, -0.000288855750114, 0.000457284011645, -0.000252736354014, 0.000214499581489, -6.55825933791e-05, 0.000136082802783, -4.28240400652e-06, -6.49934809189e-05], [-4.10407519666e-05, 0.00117208517622, 0.000512275670189, -0.000632091716398, 0.000371497910237, 0.000564853544347, -0.000727444479708, -9.47682274273e-05, -0.000153453336679, -0.000263562251348, -0.000845204514917, 0.000565039284993, -3.05417197524e-05], [0.000137111797812, 0.000512275670189, 0.00177046947647, -0.000132127854158, 0.000265189271886, -0.000303518900182, 0.00131344539113, -2.38369684666e-05, -0.00104055111296, 0.000456485460745, -0.000491306476761, -0.000167876991327, 0.000263157155132], [-0.000113126377983, -0.000632091716398, -0.000132127854158, 0.00462169526145, -0.00184163916856, 0.000895532604773, 0.00103448412847, 0.000825786904898, -0.00156662042718, 0.000922443927266, -0.000581389002036, -0.000726047204807, 0.000687847437803], [0.000201209506486, 0.000371497910237, 0.000265189271886, -0.00184163916856, 0.00656387349591, -0.00110733066685, 0.000103933438368, -0.000178285030415, 0.000861325068399, -0.00058406451717, -0.000506596057676, 0.000446289370302, -0.00125881424174], [-0.000288855750114, 0.000564853544347, -0.000303518900182, 0.000895532604773, -0.00110733066685, 0.00683701131493, -0.00477712601423, 0.000107268264401, 0.00232471781783, -0.000887798378244, -0.000104049038782, 0.000224152594456, -0.00111816811841], [0.000457284011645, -0.000727444479708, 0.00131344539113, 0.00103448412847, 0.000103933438368, -0.00477712601423, 0.0109785245731, -0.00169495400041, -0.00236422964372, 0.00172268389724, -0.000101484300103, -0.000449344224762, 0.00232724379748], [-0.000252736354014, -9.47682274273e-05, -2.38369684666e-05, 0.000825786904898, -0.000178285030415, 0.000107268264401, -0.00169495400041, 0.00945379026234, -0.00325440173037, -0.00016052594583, 0.000774084124714, 0.00364861707203, -0.00209523853846], [0.000214499581489, -0.000153453336679, -0.00104055111296, -0.00156662042718, 0.000861325068399, 0.00232471781783, -0.00236422964372, -0.00325440173037, 0.0131484316662, -0.00501473760232, 0.00206519500352, -0.000209741599974, 0.00126108084805], [-6.55825933791e-05, -0.000263562251348, 0.000456485460745, 0.000922443927266, -0.00058406451717, -0.000887798378244, 0.00172268389724, -0.00016052594583, -0.00501473760232, 0.0145085239783, -0.00310082337819, -0.00179069337901, 0.00298418733291], [0.000136082802783, -0.000845204514917, -0.000491306476761, -0.000581389002036, -0.000506596057676, -0.000104049038782, -0.000101484300103, 0.000774084124714, 0.00206519500352, -0.00310082337819, 0.0115850996226, -0.00168028858025, -0.00111398135778], [-4.28240400652e-06, 0.000565039284993, -0.000167876991327, -0.000726047204807, 0.000446289370302, 0.000224152594456, -0.000449344224762, 0.00364861707203, -0.000209741599974, -0.00179069337901, -0.00168028858025, 0.0141763612628, -0.0039398195222], [-6.49934809189e-05, -3.05417197524e-05, 0.000263157155132, 0.000687847437803, -0.00125881424174, -0.00111816811841, 0.00232724379748, -0.00209523853846, 0.00126108084805, 0.00298418733291, -0.00111398135778, -0.0039398195222, 0.0140309920534]], "mean": [-664.921142578, 131.62979126, -32.8970413208, 31.3472671509, -4.13403320312, 14.7072544098, -2.84905552864, 12.7513027191, -5.43814325333, 4.23876285553, 5.80672168732, -2.10751438141, 4.02975225449]}, "pitch_salience": {"dmean": 0.0738801136613, "dmean2": 0.115879744291, "dvar": 0.00423231488094, "dvar2": 0.0103853521869, "max": 0.860105395317, "mean": 0.564132869244, "median": 0.563476026058, "min": 0.126677855849, "var": 0.0120451450348}, "silence_rate_20dB": {"dmean": 0, "dmean2": 0, "dvar": 0, "dvar2": 0, "max": 1, "mean": 1, "median": 1, "min": 1, "var": 0}, "silence_rate_30dB": {"dmean": 0, "dmean2": 0, "dvar": 0, "dvar2": 0, "max": 1, "mean": 1, "median": 1, "min": 1, "var": 0}, "silence_rate_60dB": {"dmean": 0.0268456377089, "dmean2": 0.0536984838545, "dvar": 0.0261222403497, "dvar2": 0.0607404410839, "max": 1, "mean": 0.0887129232287, "median": 0, "min": 0, "var": 0.0808460488915}, "spectral_centroid": {"dmean": 298.067474365, "dmean2": 454.012664795, "dvar": 133529.234375, "dvar2": 278302.21875, "max": 11862.0996094, "mean": 1703.09631348, "median": 1623.57885742, "min": 160.1068573, "var": 1058743.375}, "spectral_complexity": {"dmean": 4.74040269852, "dmean2": 6.44972467422, "dvar": 25.7534332275, "dvar2": 39.3452796936, "max": 60, "mean": 20.3482761383, "median": 20, "min": 0, "var": 127.395645142}, "spectral_contrast_coeffs": {"dmean": [0.0497942008078, 0.0521107427776, 0.0453820824623, 0.0320966877043, 0.0240700114518, 0.0202496070415], "dmean2": [0.0816011279821, 0.0839697495103, 0.069232724607, 0.0502910763025, 0.0381455048919, 0.0309257470071], "dvar": [0.00177357112989, 0.00196952559054, 0.00148390862159, 0.000760782277212, 0.000405183964176, 0.000331506889779], "dvar2": [0.00466171326116, 0.00481651024893, 0.00319218961522, 0.00171664101072, 0.000933548435569, 0.000744815159123], "max": [-0.442729562521, -0.424737125635, -0.454796940088, -0.51754784584, -0.561617314816, -0.550461947918], "mean": [-0.702879369259, -0.7548148036, -0.752863883972, -0.769950985909, -0.775848865509, -0.703135073185], "median": [-0.707896947861, -0.767153859138, -0.769072055817, -0.783529102802, -0.772108078003, -0.698260366917], "min": [-0.987232387066, -0.978469491005, -0.984623670578, -0.984003424644, -0.981488764286, -0.979978501797], "var": [0.00515701342374, 0.0067382203415, 0.00853602215648, 0.00478995777667, 0.00210901768878, 0.00209689908661]}, "spectral_contrast_valleys": {"dmean": [0.409200370312, 0.443672090769, 0.39101973176, 0.331653505564, 0.322890967131, 0.422759324312], "dmean2": [0.660161018372, 0.683744311333, 0.586407899857, 0.472121208906, 0.41119492054, 0.514103472233], "dvar": [0.147659882903, 0.169529497623, 0.134292513132, 0.113615438342, 0.120270915329, 0.187290787697], "dvar2": [0.324917048216, 0.357433766127, 0.254990965128, 0.190715223551, 0.180875644088, 0.292753815651], "max": [-5.86358785629, -4.60703992844, -5.17399168015, -5.39795827866, -5.76565790176, -7.87206363678], "mean": [-7.61300754547, -7.0290222168, -7.5074429512, -7.63383340836, -7.69583320618, -11.2808685303], "median": [-7.26881980896, -6.76155471802, -7.22874164581, -7.31297969818, -7.36366844177, -11.0759067535], "min": [-28.1722126007, -27.8136692047, -27.5861473083, -27.6943759918, -27.455198288, -27.3738327026], "var": [4.06441450119, 4.36164999008, 4.16547966003, 4.22057580948, 4.18924379349, 3.45586872101]}, "spectral_decrease": {"dmean": 1.7193101387e-09, "dmean2": 2.5707900253e-09, "dvar": 4.03506064711e-18, "dvar2": 8.6293210309e-18, "max": 1.87924419883e-28, "mean": -5.2246100779e-09, "median": -4.41744019142e-09, "min": -2.30330119422e-08, "var": 1.53210426144e-17}, "spectral_energy": {"dmean": 0.00702830497175, "dmean2": 0.0104081882164, "dvar": 6.69292712701e-05, "dvar2": 0.000140250995173, "max": 0.0924366638064, "mean": 0.0217760056257, "median": 0.0183567572385, "min": 9.94176018986e-21, "var": 0.000269000884145}, "spectral_energyband_high": {"dmean": 0.000341073202435, "dmean2": 0.000473821681226, "dvar": 9.32521288632e-07, "dvar2": 1.93447203856e-06, "max": 0.0286228340119, "mean": 0.000526795105543, "median": 0.000191997882212, "min": 7.05763261769e-21, "var": 1.2840562249e-06}, "spectral_energyband_low": {"dmean": 0.00215323409066, "dmean2": 0.00351006817073, "dvar": 1.0346650015e-05, "dvar2": 2.73788064078e-05, "max": 0.0305293407291, "mean": 0.00390475615859, "median": 0.00345365446992, "min": 1.03153187461e-23, "var": 1.20134836834e-05}, "spectral_energyband_middle_high": {"dmean": 0.00349002843723, "dmean2": 0.00499404128641, "dvar": 2.91392261715e-05, "dvar2": 5.74286023038e-05, "max": 0.0665495023131, "mean": 0.0107274875045, "median": 0.00437063351274, "min": 1.09604006005e-21, "var": 0.000165684206877}, "spectral_energyband_middle_low": {"dmean": 0.00382063305005, "dmean2": 0.00602517463267, "dvar": 3.51926501025e-05, "dvar2": 8.31501747598e-05, "max": 0.0767003521323, "mean": 0.00720546673983, "median": 0.00398251693696, "min": 1.75261315665e-22, "var": 7.89541736594e-05}, "spectral_entropy": {"dmean": 0.155819103122, "dmean2": 0.213202789426, "dvar": 0.0242770593613, "dvar2": 0.0450213290751, "max": 9.81966781616, "mean": 7.56619358063, "median": 7.56197977066, "min": 5.5732922554, "var": 0.158679112792}, "spectral_flux": {"dmean": 0.0266000591218, "dmean2": 0.0407805144787, "dvar": 0.000649333465844, "dvar2": 0.00144364032894, "max": 0.258654505014, "mean": 0.0868618562818, "median": 0.0830674916506, "min": 6.42950068186e-11, "var": 0.0023117470555}, "spectral_kurtosis": {"dmean": 2.3683142662, "dmean2": 4.08380699158, "dvar": 6.07395839691, "dvar2": 17.3803348541, "max": 44.9861183167, "mean": 4.40096855164, "median": 3.70462036133, "min": -1.2827154398, "var": 9.90873432159}, "spectral_rms": {"dmean": 0.000748202903196, "dmean2": 0.00107262469828, "dvar": 5.81584970405e-07, "dvar2": 1.15343004836e-06, "max": 0.00949642620981, "mean": 0.00420328695327, "median": 0.00423190649599, "min": 3.11436640366e-12, "var": 3.57721182809e-06}, "spectral_rolloff": {"dmean": 508.088928223, "dmean2": 826.873352051, "dvar": 663594, "dvar2": 1372395.75, "max": 19638.28125, "mean": 1850.10656738, "median": 1614.99023438, "min": 21.533203125, "var": 3616494}, "spectral_skewness": {"dmean": 0.279431700706, "dmean2": 0.459270685911, "dvar": 0.0688289105892, "dvar2": 0.179007291794, "max": 4.58556413651, "mean": 1.2536431551, "median": 1.22072267532, "min": -0.378679603338, "var": 0.193819954991}, "spectral_spread": {"dmean": 426516.40625, "dmean2": 598992.4375, "dvar": 453543723008, "dvar2": 781211074560, "max": 43049660, "mean": 3518292.75, "median": 2957542