{"lowlevel": {"average_loudness": 0.948125839233, "barkbands": {"dmean": [2.43999675149e-05, 0.00155692221597, 0.00359975500032, 0.00265414337628, 0.0011578744743, 0.000379785720725, 0.000445642130217, 0.00054268760141, 0.000623821106274, 0.000830795208458, 0.000712836103048, 0.000477927998872, 0.000347287132172, 0.0006880654837, 0.00074297079118, 0.000672755413689, 0.000566298083868, 0.000461468356661, 0.000256012775935, 0.000167128673638, 9.16202552617e-05, 6.94671980455e-05, 5.80464366067e-05, 3.90779787267e-05, 3.65628038708e-05, 1.25377355289e-05, 7.20104071661e-06], "dmean2": [3.13969176204e-05, 0.00251180469058, 0.00620732270181, 0.0045435493812, 0.00201777368784, 0.000586933689192, 0.000692648929544, 0.000847728922963, 0.00098732393235, 0.00129342277069, 0.0011542889988, 0.000766862125602, 0.000563749636058, 0.00112928624731, 0.00121656793635, 0.00109360576607, 0.000934409792535, 0.000744413118809, 0.000417664065026, 0.000269400450634, 0.000155333749717, 0.000112718080345, 9.00739833014e-05, 5.74237092223e-05, 5.73222896492e-05, 1.7630700313e-05, 1.14476124509e-05], "dvar": [1.43052103496e-09, 8.94526874617e-06, 4.95045132993e-05, 3.03111537505e-05, 4.26552969657e-06, 3.27642595721e-07, 5.94755022121e-07, 1.04400271539e-06, 1.55666555202e-06, 2.79871619568e-06, 1.38066354793e-06, 9.98838345367e-07, 5.26370683929e-07, 1.83547820143e-06, 1.43921749896e-06, 1.49293146023e-06, 5.94454206748e-07, 3.35840610433e-07, 9.18471698697e-08, 4.59301254807e-08, 1.53360630861e-08, 1.46834215897e-08, 1.5802672948e-08, 9.89556436792e-09, 5.47184564326e-09, 6.6631633544e-10, 4.47431924844e-10], "dvar2": [2.22370721836e-09, 1.99427122425e-05, 0.000132640008815, 7.83704454079e-05, 1.18318184832e-05, 8.14462453036e-07, 1.39568567192e-06, 2.47065099757e-06, 3.93843947677e-06, 6.44277315587e-06, 3.60427065971e-06, 2.54080714512e-06, 1.33994558382e-06, 5.08111043018e-06, 3.7532990973e-06, 3.93669051846e-06, 1.58592456501e-06, 8.53173730775e-07, 2.34922865161e-07, 1.08103215268e-07, 4.02134112676e-08, 3.56278739844e-08, 3.58135068268e-08, 1.96129903429e-08, 1.35580808802e-08, 1.35111621891e-09, 1.13394438284e-09], "max": [0.000392706249841, 0.0288759991527, 0.0663849562407, 0.0523024871945, 0.026196744293, 0.013579630293, 0.0223480276763, 0.0202986374497, 0.0239678602666, 0.0340217389166, 0.0224583204836, 0.0263682156801, 0.0226696915925, 0.0264482311904, 0.0199232809246, 0.0243301838636, 0.0278452243656, 0.0109248738736, 0.00830615777522, 0.00846393406391, 0.00233152299188, 0.00257986667566, 0.00412509171292, 0.00337743898854, 0.00128879561089, 0.000534028920811, 0.000379635253921], "mean": [4.11021719628e-05, 0.00197534705512, 0.00437927199528, 0.00286443950608, 0.00185287650675, 0.0008908759919, 0.000919875979889, 0.000899940729141, 0.00105704658199, 0.00138374289963, 0.00117680244148, 0.000829298864119, 0.000583268352784, 0.0011588948546, 0.0013561884407, 0.00130327476654, 0.00122053106315, 0.00107837840915, 0.000661599915475, 0.00043781218119, 0.000192313396838, 0.000141875018016, 0.000127711973619, 9.69659813563e-05, 6.63853061269e-05, 2.47249899985e-05, 7.28684517526e-06], "median": [1.81730956683e-05, 0.000774599262513, 0.002449197229, 0.00140086957254, 0.00128858420067, 0.000623980071396, 0.000520771369338, 0.00048296074965, 0.000508183497004, 0.000563315930776, 0.00068365415791, 0.000485725526232, 0.000325296015944, 0.000470131228212, 0.000799761619419, 0.000656040152535, 0.000958977441769, 0.000852540426422, 0.000558501516934, 0.000356355361873, 0.000147614569869, 9.30431197048e-05, 8.19479755592e-05, 6.20549035375e-05, 4.14394235122e-05, 1.15052416731e-05, 1.7478475911e-06], "min": [5.49529381262e-25, 4.56329251843e-24, 9.07472453208e-25, 1.99932694352e-24, 9.69264874547e-24, 1.2231767174e-23, 5.43479488651e-24, 1.6545393499e-23, 1.66304469041e-23, 2.37182769405e-23, 1.48731961288e-23, 2.80731930341e-23, 3.26342132387e-23, 4.76955747815e-23, 5.04916449284e-23, 5.1633003596e-23, 6.01499119602e-23, 9.93229269779e-23, 1.46989487455e-22, 2.05411806655e-22, 2.72205202236e-22, 3.05812342873e-22, 4.39466054684e-22, 5.99941668361e-22, 9.75188386908e-22, 1.33151572184e-21, 1.97874971506e-21], "var": [3.05556557834e-09, 1.00543256849e-05, 4.35250512965e-05, 2.45767914748e-05, 4.12148256146e-06, 8.61244075168e-07, 1.80931726845e-06, 2.0030684027e-06, 3.0198289096e-06, 6.16355509919e-06, 2.6532263746e-06, 1.86164731986e-06, 9.85919086816e-07, 3.68039354726e-06, 2.80959056909e-06, 3.64841275768e-06, 1.49696847984e-06, 9.21574553558e-07, 2.72001670965e-07, 1.37748770612e-07, 2.43572344516e-08, 2.56367478357e-08, 3.11645571571e-08, 2.55762273582e-08, 7.16595538464e-09, 1.39933098442e-09, 3.99148297747e-10]}, "barkbands_crest": {"dmean": 2.21758246422, "dmean2": 3.67448711395, "dvar": 4.47988176346, "dvar2": 11.7393922806, "max": 22.8915920258, "mean": 6.83148431778, "median": 6.13017320633, "min": 1.93012332916, "var": 8.92550086975}, "barkbands_flatness_db": {"dmean": 0.0151885328814, "dmean2": 0.0241744015366, "dvar": 0.000244605675107, "dvar2": 0.000624535954557, "max": 0.217203468084, "mean": 0.0831430703402, "median": 0.080557949841, "min": 0.0163866672665, "var": 0.000636980694253}, "barkbands_kurtosis": {"dmean": 1.08140385151, "dmean2": 1.84591591358, "dvar": 4.99487781525, "dvar2": 13.60409832, "max": 36.0366439819, "mean": 0.112570971251, "median": -0.712680578232, "min": -1.83196175098, "var": 8.06622886658}, "barkbands_skewness": {"dmean": 0.450662881136, "dmean2": 0.706165254116, "dvar": 0.244728013873, "dvar2": 0.59255951643, "max": 5.62755966187, "mean": 0.556601345539, "median": 0.404888153076, "min": -2.09627938271, "var": 0.754303276539}, "barkbands_spread": {"dmean": 5.26614189148, "dmean2": 8.41799545288, "dvar": 26.3748321533, "dvar2": 64.7991256714, "max": 81.3795166016, "mean": 30.6545391083, "median": 30.546333313, "min": 5.15651416779, "var": 85.6294021606}, "dissonance": {"dmean": 0.0108051477, "dmean2": 0.0182974617928, "dvar": 0.000155935660587, "dvar2": 0.000435319670942, "max": 0.500000119209, "mean": 0.481257975101, "median": 0.485094070435, "min": 0, "var": 0.000251507910434}, "dynamic_complexity": 2.12783265114, "erbbands": {"dmean": [0.031250897795, 0.462489247322, 3.33215141296, 7.13677787781, 6.21715927124, 3.35486078262, 2.77792596817, 3.42703008652, 4.73464632034, 11.5308704376, 9.26884555817, 11.7489128113, 32.3242607117, 15.9547376633, 28.6087665558, 18.0056056976, 15.9488964081, 32.2453193665, 31.4276676178, 38.7045326233, 31.7544593811, 30.4827194214, 26.7103977203, 15.263428688, 10.3926439285, 7.88396930695, 4.23953390121, 3.39248394966, 2.47383093834, 2.0446844101, 1.7011693716, 1.10197889805, 0.493805557489, 0.244020432234, 0.42265945673, 0.0633059218526, 0.0256536323577, 0.0087454719469, 0.00120520486962, 6.28065608907e-05], "dmean2": [0.0472027733922, 0.756139576435, 5.7105884552, 12.0895662308, 10.8288059235, 5.73906993866, 4.61542844772, 5.27232217789, 7.34136629105, 17.7709541321, 14.6691999435, 18.5436248779, 50.5245132446, 24.8865299225, 46.748840332, 28.7179336548, 25.5291252136, 52.9134292603, 51.0942268372, 63.3140182495, 51.2479667664, 49.7933273315, 43.0836753845, 24.6691665649, 16.8475017548, 12.7526865005, 7.04769134521, 5.79074621201, 4.00925636292, 3.2490427494, 2.65181660652, 1.62805747986, 0.730643033981, 0.36893671751, 0.682612240314, 0.0944283679128, 0.0368967428803, 0.012616946362, 0.00194120255765, 0.000101631434518], "dvar": [0.00316548813134, 0.855609357357, 45.8609428406, 178.992431641, 170.057540894, 28.9960975647, 18.7508106232, 29.3620910645, 47.6620368958, 459.655212402, 334.856781006, 568.932067871, 4074.93969727, 865.808532715, 2170.44897461, 1576.2857666, 942.206237793, 4163.48339844, 2475.41918945, 4934.67871094, 3458.97119141, 1702.6965332, 1132.05737305, 317.185394287, 181.897644043, 97.4309921265, 26.6955070496, 27.6390762329, 19.3975028992, 14.2369880676, 13.9429368973, 7.76494026184, 1.73787069321, 0.219341352582, 1.01086103916, 0.0120541369542, 0.00277686305344, 0.000614139134996, 1.368732228e-05, 2.18771472049e-08], "dvar2": [0.00687880488113, 2.04128265381, 122.176353455, 456.766967773, 467.241577148, 79.6807861328, 50.0191268921, 70.6173248291, 116.737815857, 1040.96472168, 843.28527832, 1459.02441406, 9570.75097656, 2213.71411133, 5650.36181641, 4008.84985352, 2416.73364258, 11465.1142578, 6601.13574219, 13565.1328125, 8913.11230469, 4456.73876953, 2881.12011719, 799.50970459, 440.576293945, 236.250991821, 69.3935394287, 73.1914596558, 47.013217926, 33.0992240906, 32.7930641174, 16.1064605713, 3.52201557159, 0.455920696259, 2.57139849663, 0.0262786857784, 0.00584011804312, 0.0014305774821, 3.55027259502e-05, 5.73143310589e-08], "max": [0.602451920509, 8.85600280762, 62.4439620972, 148.829315186, 153.262084961, 87.3604125977, 96.9016647339, 133.783874512, 119.3489151, 527.891662598, 371.371948242, 566.414672852, 1251.5065918, 1064.93737793, 1034.71386719, 1126.5279541, 951.503173828, 1140.59362793, 785.775024414, 1645.85009766, 1314.5201416, 1262.29162598, 602.885131836, 600.783752441, 422.168457031, 263.093688965, 116.88584137, 106.696533203, 99.1360702515, 93.1007080078, 130.342987061, 70.92137146, 63.6175270081, 19.8244915009, 15.7169542313, 1.77738940716, 1.25641918182, 0.508043169975, 0.0685291439295, 0.00282747950405], "mean": [0.0366506204009, 0.568831443787, 4.02153539658, 8.50368595123, 8.10098552704, 5.37834644318, 5.14413881302, 8.04173660278, 10.5007553101, 21.1700668335, 16.6470813751, 21.3482818604, 53.0598945618, 31.5166683197, 48.647983551, 33.920791626, 30.1543483734, 55.4817047119, 62.2426948547, 76.001411438, 67.6926498413, 70.184715271, 63.7311210632, 41.1845169067, 28.8633708954, 20.9205856323, 10.4406785965, 6.35228204727, 4.9644408226, 4.34824991226, 3.72170233727, 2.63882994652, 1.20041501522, 0.593008577824, 0.605526804924, 0.132448658347, 0.0449741445482, 0.0112236067653, 0.00121616700199, 8.59910142026e-05], "median": [0.0129867894575, 0.233922824264, 2.25290751457, 4.71224021912, 4.79810762405, 3.51064181328, 3.73166418076, 5.54378318787, 6.58643388748, 10.8938741684, 10.1321840286, 11.9462413788, 22.0802593231, 20.5612888336, 29.6038284302, 20.7324733734, 18.4521617889, 24.0747718811, 37.2602272034, 42.0171661377, 41.6737213135, 55.4416732788, 50.8964614868, 35.4803466797, 23.6148471832, 17.2572994232, 8.66351127625, 4.48750829697, 3.124740839, 2.94849228859, 2.40426182747, 1.66025912762, 0.768457114697, 0.418765485287, 0.308547109365, 0.078184351325, 0.0190323609859, 0.00309916236438, 0.000310021889163, 4.90791790071e-05], "min": [9.50645611482e-23, 6.07762826651e-22, 1.35568934822e-21, 1.25608571551e-20, 1.3797440472e-20, 2.21822892293e-20, 4.72671293787e-20, 1.14370941651e-19, 6.37627910036e-20, 1.93280792613e-19, 3.28767483953e-19, 4.87591279743e-19, 4.33241196649e-19, 8.07527111391e-19, 1.050380515e-18, 1.17141678755e-18, 2.06022690523e-18, 1.94978195664e-18, 2.38220592469e-18, 2.03115212709e-18, 3.69561012554e-18, 4.30805423749e-18, 5.68564413836e-18, 6.78721048626e-18, 8.98162387123e-18, 9.5655066774e-18, 8.09642481051e-18, 1.17255507079e-17, 1.16064821946e-17, 1.11773946596e-17, 1.26645338792e-17, 1.17398294996e-17, 1.18833817319e-17, 9.34661069908e-18, 7.17191481837e-18, 4.43915119764e-18, 2.24382129655e-18, 1.06258577173e-18, 2.54443884198e-19, 2.88781644228e-20], "var": [0.00393253937364, 0.845438182354, 38.4563446045, 155.916702271, 132.738983154, 42.5738639832, 28.6524753571, 79.9008026123, 135.605911255, 1186.95446777, 533.866088867, 1112.72180176, 8553.38867188, 1773.72705078, 4054.50854492, 2981.41748047, 1889.7208252, 7997.66845703, 5381.28515625, 10431.46875, 8707.88671875, 4673.52099609, 3186.37890625, 1024.44580078, 567.598815918, 276.9480896, 56.6315307617, 35.05651474, 33.1669425964, 27.8955020905, 25.9879665375, 18.279794693, 4.36573028564, 0.545155823231, 1.02320253849, 0.0248738452792, 0.00524725113064, 0.000733837194275, 1.14907943498e-05, 1.85092066118e-08]}, "erbbands_crest": {"dmean": 2.34481620789, "dmean2": 3.86698698997, "dvar": 4.96745538712, "dvar2": 13.0843744278, "max": 27.730096817, "mean": 7.79569625854, "median": 6.91382884979, "min": 2.35330486298, "var": 12.0566520691}, "erbbands_flatness_db": {"dmean": 0.0158279649913, "dmean2": 0.0230224356055, "dvar": 0.000215297492105, "dvar2": 0.000430961081292, "max": 0.267405539751, "mean": 0.147517099977, "median": 0.147343069315, "min": 0.0585590191185, "var": 0.00100768893026}, "erbbands_kurtosis": {"dmean": 0.753257334232, "dmean2": 1.21267712116, "dvar": 0.786479949951, "dvar2": 1.98948085308, "max": 17.8183193207, "mean": 0.4887560606, "median": 0.16012172401, "min": -1.76719903946, "var": 2.09147000313}, "erbbands_skewness": {"dmean": 0.288373172283, "dmean2": 0.448924899101, "dvar": 0.0600533299148, "dvar2": 0.143484786153, "max": 2.25850081444, "mean": -0.360956370831, "median": -0.35353371501, "min": -3.29618597031, "var": 0.36633053422}, "erbbands_spread": {"dmean": 6.88616418839, "dmean2": 10.598575592, "dvar": 53.8193855286, "dvar2": 120.846916199, "max": 131.102142334, "mean": 31.9771099091, "median": 28.2996711731, "min": 5.67613649368, "var": 219.056228638}, "gfcc": {"cov": [[10752.2197266, 194.081039429, -546.83001709, 153.1824646, -130.138809204, 99.3510971069, -186.140258789, 107.610824585, -136.44203186, -13.9980649948, -172.031646729, 23.1078777313, -110.639083862], [194.081039429, 447.218139648, -124.81212616, 30.7080173492, 62.8579177856, 11.4838314056, 15.8201055527, 14.6829462051, -7.16471481323, -24.9073810577, 19.9249000549, -35.4097976685, 21.4823970795], [-546.83001709, -124.81212616, 532.196594238, 81.368888855, -0.973152339458, -4.71427631378, 52.3786697388, -50.3488044739, -3.13512396812, 21.4274330139, -6.82389545441, 41.9653282166, -35.3285446167], [153.1824646, 30.7080173492, 81.368888855, 183.576553345, 18.7483654022, -13.5859985352, -19.019411087, -5.88584566116, 1.05782115459, -19.2368221283, -5.2837805748, -1.59477889538, 5.39714717865], [-130.138809204, 62.8579177856, -0.973152339458, 18.7483654022, 214.807052612, 16.2460746765, 34.3985443115, 30.5037384033, 17.0351009369, -7.74286794662, -4.58453989029, -6.14135837555, 14.5542936325], [99.3510971069, 11.4838314056, -4.71427631378, -13.5859985352, 16.2460746765, 120.63432312, 50.8563308716, -17.4995326996, -14.7171630859, -7.49110269547, -0.819471120834, -12.9415283203, -8.86958789825], [-186.140258789, 15.8201055527, 52.3786697388, -19.019411087, 34.3985443115, 50.8563308716, 102.754333496, 17.1461029053, -10.1400051117, -5.43835544586, 8.21953392029, 1.75524055958, -5.89585876465], [107.610824585, 14.6829462051, -50.3488044739, -5.88584566116, 30.5037384033, -17.4995326996, 17.1461029053, 88.1435089111, 33.1163024902, 4.43578004837, 3.34505939484, 6.93383550644, 17.5705623627], [-136.44203186, -7.16471481323, -3.13512396812, 1.05782115459, 17.0351009369, -14.7171630859, -10.1400051117, 33.1163024902, 81.6788635254, 25.4424419403, 0.562846958637, -5.56147003174, 14.0179328918], [-13.9980649948, -24.9073810577, 21.4274330139, -19.2368221283, -7.74286794662, -7.49110269547, -5.43835544586, 4.43578004837, 25.4424419403, 65.9742279053, 27.3370399475, 13.0939340591, -7.43045473099], [-172.031646729, 19.9249000549, -6.82389545441, -5.2837805748, -4.58453989029, -0.819471120834, 8.21953392029, 3.34505939484, 0.562846958637, 27.3370399475, 66.1669998169, 25.327299118, 4.47107553482], [23.1078777313, -35.4097976685, 41.9653282166, -1.59477889538, -6.14135837555, -12.9415283203, 1.75524055958, 6.93383550644, -5.56147003174, 13.0939340591, 25.327299118, 64.348274231, 18.0365333557], [-110.639083862, 21.4823970795, -35.3285446167, 5.39714717865, 14.5542936325, -8.86958789825, -5.89585876465, 17.5705623627, 14.0179328918, -7.43045473099, 4.47107553482, 18.0365333557, 54.9211959839]], "icov": [[0.000147805723827, -0.000123476900626, 0.000196514345589, -0.000246296433033, 9.68696549535e-05, -0.000360959820682, 0.000362792052329, -0.000453070621006, 0.000355210941052, -0.000376596639398, 0.000759027549066, -0.000640280719381, 0.000603463617153], [-0.000123476900626, 0.00299950526096, 0.00039257114986, -0.000443554483354, -0.000711166823748, 0.000600458704866, -0.000987044768408, 0.000495857035276, 0.000228298114962, 0.000916670833249, -0.00247974507511, 0.0027515203692, -0.00174104725011], [0.000196514345589, 0.00039257114986, 0.00366261578165, -0.0022326214239, 4.95362291986e-05, 0.000909053836949, -0.00303828716278, 0.00245883059688, -0.000970787659753, -0.0016525312094, 0.00288333836943, -0.00400007609278, 0.002941748593], [-0.000246296433033, -0.000443554483354, -0.0022326214239, 0.0074360948056, -0.000760211143643, 0.000229504701565, 0.00251617725007, -0.000233187558479, -0.000673023518175, 0.00357520068064, -0.00267902226187, 0.00217307801358, -0.00174641259946], [9.68696549535e-05, -0.000711166823748, 4.95362291986e-05, -0.000760211143643, 0.0055674421601, -0.000615733966697, -0.00139317696448, -0.00148527580313, -0.000577023893129, -0.000242885726038, 0.00125926255714, -0.000202132854611, -0.000591042102315], [-0.000360959820682, 0.000600458704866, 0.000909053836949, 0.000229504701565, -0.000615733966697, 0.0132347960025, -0.00860975310206, 0.00592153705657, -0.00122955162078, 0.000564496149309, -0.0012947358191, 0.00273087923415, -0.00131921819411], [0.000362792052329, -0.000987044768408, -0.00303828716278, 0.00251617725007, -0.00139317696448, -0.00860975310206, 0.019580565393, -0.00891899410635, 0.00418773200363, 0.00197621597908, -0.00209672492929, 0.000105743813037, 0.00218386645429], [-0.000453070621006, 0.000495857035276, 0.00245883059688, -0.000233187558479, -0.00148527580313, 0.00592153705657, -0.00891899410635, 0.0205721799284, -0.00885430444032, 0.00140973622911, -0.000533208716661, -0.00225143367425, -0.00245768716559], [0.000355210941052, 0.000228298114962, -0.000970787659753, -0.000673023518175, -0.000577023893129, -0.00122955162078, 0.00418773200363, -0.00885430444032, 0.0212726667523, -0.0100698079914, 0.00283096078783, 0.00547107681632, -0.00551461242139], [-0.000376596639398, 0.000916670833249, -0.0016525312094, 0.00357520068064, -0.000242885726038, 0.000564496149309, 0.00197621597908, 0.00140973622911, -0.0100698079914, 0.0269199628383, -0.0123883401975, -0.00118134997319, 0.00499387597665], [0.000759027549066, -0.00247974507511, 0.00288333836943, -0.00267902226187, 0.00125926255714, -0.0012947358191, -0.00209672492929, -0.000533208716661, 0.00283096078783, -0.0123883401975, 0.0280624311417, -0.012889825739, 0.00356967514381], [-0.000640280719381, 0.0027515203692, -0.00400007609278, 0.00217307801358, -0.000202132854611, 0.00273087923415, 0.000105743813037, -0.00225143367425, 0.00547107681632, -0.00118134997319, -0.012889825739, 0.0305589679629, -0.0144692063332], [0.000603463617153, -0.00174104725011, 0.002941748593, -0.00174641259946, -0.000591042102315, -0.00131921819411, 0.00218386645429, -0.00245768716559, -0.00551461242139, 0.00499387597665, 0.00356967514381, -0.0144692063332, 0.0296771787107]], "mean": [33.0596733093, 72.5430831909, -134.051849365, 32.6916122437, -46.8529052734, 11.6584415436, -38.4365921021, 12.959441185, -26.6438579559, -5.20375013351, -20.6816387177, -3.60231113434, -15.9771375656]}, "hfc": {"dmean": 6.68980741501, "dmean2": 10.1118888855, "dvar": 47.8787689209, "dvar2": 108.970779419, "max": 112.531776428, "mean": 29.45835495, "median": 28.6344280243, "min": 1.10085318587e-16, "var": 229.8203125}, "melbands": {"dmean": [0.000339971797075, 0.00134024431463, 0.00119492330123, 0.000311572948704, 0.000105130333395, 7.59814865887e-05, 7.56829758757e-05, 0.000129029911477, 7.18968876754e-05, 8.5486775788e-05, 0.000163553471793, 6.38265119051e-05, 0.000101363686554, 5.80535306653e-05, 4.39096256741e-05, 3.66209096683e-05, 6.78371725371e-05, 5.17816697538e-05, 5.84577319387e-05, 4.9952937843e-05, 3.95602146455e-05, 3.50826921931e-05, 3.17561571137e-05, 2.16499247472e-05, 1.34529973366e-05, 9.85791029962e-06, 7.44879480408e-06, 5.3546059462e-06, 3.20649019159e-06, 2.07811922337e-06, 2.16868534153e-06, 1.55918485234e-06, 1.32787386065e-06, 1.1481816955e-06, 1.15221882879e-06, 8.07811659342e-07, 7.02092279425e-07, 3.93897153117e-07, 2.76165565083e-07, 1.87840427657e-07], "dmean2": [0.000540501496289, 0.00227724877186, 0.00201384071261, 0.000544178183191, 0.000175103923539, 0.00011642544996, 0.000117521078209, 0.000199378016987, 0.000114208516607, 0.000135174879688, 0.000255400635069, 9.95650843834e-05, 0.000165128541994, 9.31401154958e-05, 7.00308883097e-05, 5.91135758441e-05, 0.00011173463281, 8.41815999593e-05, 9.62683989201e-05, 8.1401602074e-05, 6.44990141154e-05, 5.80668856855e-05, 5.20491412317e-05, 3.51363851223e-05, 2.20332876779e-05, 1.61439420481e-05, 1.21162065625e-05, 8.8030947154e-06, 5.35175013283e-06, 3.53106611328e-06, 3.72954787053e-06, 2.55377995018e-06, 2.15205386667e-06, 1.84268901648e-06, 1.83411850685e-06, 1.23398911001e-06, 1.06107302145e-06, 5.92640276409e-07, 4.27595807651e-07, 2.91562827215e-07], "dvar": [3.9230971538e-07, 7.47130070522e-06, 4.99245197716e-06, 3.52193183062e-07, 2.39269102309e-08, 1.37267166522e-08, 1.23236345573e-08, 5.48498917397e-08, 2.13078941158e-08, 3.04554603758e-08, 1.0397265271e-07, 1.43228131577e-08, 2.84281806984e-08, 1.48834882197e-08, 7.79488296132e-09, 7.14785741707e-09, 1.98976728427e-08, 6.91571955258e-09, 1.06874518124e-08, 8.80824746474e-09, 5.99769789389e-09, 2.52728060701e-09, 1.78504488968e-09, 7.93095811247e-10, 2.64878036171e-10, 1.54351184611e-10, 1.02285416248e-10, 4.45027209528e-11, 1.55871981988e-11, 8.80595249497e-12, 1.15436167569e-11, 8.15963095702e-12, 5.18053265217e-12, 4.81019347617e-12, 5.320046053e-12, 4.8506411561e-12, 2.86908626197e-12, 1.2097621082e-12, 3.42963206662e-13, 1.20523830174e-13], "dvar2": [8.09116613709e-07, 1.96261644305e-05, 1.28342580865e-05, 9.72247562459e-07, 6.46727897902e-08, 3.30131157966e-08, 3.00895841576e-08, 1.24499166532e-07, 5.45625873372e-08, 7.75418129706e-08, 2.43567228608e-07, 3.62041170376e-08, 7.41512380387e-08, 3.76532405255e-08, 1.99335197237e-08, 1.83656894137e-08, 5.52495613704e-08, 1.84731483444e-08, 2.79071805664e-08, 2.37568471562e-08, 1.56988306799e-08, 6.71000899288e-09, 4.61026239407e-09, 2.02959160589e-09, 6.77707889807e-10, 4.0671760404e-10, 2.41998227013e-10, 1.1143529155e-10, 4.13665247889e-11, 2.31595454619e-11, 3.07797433374e-11, 2.0461923822e-11, 1.27172404552e-11, 1.114552374e-11, 1.2870473784e-11, 1.10474945164e-11, 5.96091882452e-12, 2.5626562504e-12, 7.08123609663e-13, 2.60485318211e-13], "max": [0.00592140061781, 0.0247218236327, 0.0212352722883, 0.007134526968, 0.00323427957483, 0.00280104437843, 0.00207960815169, 0.00488732382655, 0.0031748439651, 0.00406968221068, 0.00634737731889, 0.00403631990775, 0.00340143428184, 0.00386321381666, 0.00284428312443, 0.00311947334558, 0.00268291844986, 0.00122200418264, 0.0018899650313, 0.00229544006288, 0.001907880418, 0.001704743132, 0.000820782384835, 0.000469657330541, 0.00062117271591, 0.000291492935503, 0.000432746630395, 0.000143874727655, 7.54007342039e-05, 5.62088061997e-05, 7.04907943145e-05, 6.29844143987e-05, 5.28481323272e-05, 6.30453359918e-05, 6.96086790413e-05, 7.90858466644e-05, 4.95099156979e-05, 5.19810782862e-05, 2.52939425991e-05, 1.31144533952e-05], "mean": [0.000432783330325, 0.00167664512992, 0.00150513998233, 0.000459666916868, 0.00019514199812, 0.000181554787559, 0.000168462109286, 0.000231309619267, 0.000127276041894, 0.000147026104969, 0.000265633047093, 0.000118409829156, 0.000168002909049, 0.000100738521724, 7.79365000199e-05, 6.13432202954e-05, 0.000110385473818, 9.49955283431e-05, 0.000106014063931, 9.46387590375e-05, 7.58222959121e-05, 7.26826838218e-05, 6.65226616547e-05, 4.86339959025e-05, 3.19122045767e-05, 2.34666640608e-05, 1.78921764018e-05, 1.27053635879e-05, 7.31113550501e-06, 3.89242541132e-06, 3.65596270058e-06, 2.8400706924e-06, 2.5510805699e-06, 2.33241917158e-06, 2.28739281738e-06, 1.72670797838e-06, 1.58766044933e-06, 8.61691489717e-07, 6.24142103334e-07, 4.30302463883e-07], "median": [0.000173377557076, 0.000970060820691, 0.0009128532256, 0.000301347638015, 0.000144878969877, 0.000125860358821, 0.000104917002318, 0.000121320495964, 7.54923967179e-05, 7.59222384659e-05, 0.000107338091766, 7.08486986696e-05, 9.86056911643e-05, 6.07390029472e-05, 4.4844000513e-05, 3.26750741806e-05, 4.22164921474e-05, 5.20077082911e-05, 5.89988267166e-05, 4.60207011201e-05, 4.54841538158e-05, 5.58546707907e-05, 5.06391261297e-05, 3.69634581148e-05, 2.67600553343e-05, 1.87038021977e-05, 1.3883619431e-05, 1.02420362964e-05, 5.9337867242e-06, 2.80172776002e-06, 2.50286643677e-06, 1.74093906935e-06, 1.64447135376e-06, 1.55573854954e-06, 1.4701715827e-06, 1.03560148546e-06, 9.89113118521e-07, 5.22306720541e-07, 4.2055052063e-07, 3.03572704752e-07], "min": [1.35520101098e-24, 9.37542647624e-25, 3.22102576945e-24, 1.56319799371e-24, 1.98861598736e-24, 2.16892986877e-24, 8.95720792303e-25, 2.61854311385e-24, 2.34277903506e-24, 2.93784186221e-24, 2.17218214507e-24, 2.73259327087e-24, 2.75263901533e-24, 2.43974640918e-24, 2.42274369566e-24, 3.94954335138e-24, 2.69517247054e-24, 3.22511759097e-24, 3.18158627407e-24, 2.37243547193e-24, 3.42143726293e-24, 4.47937507305e-24, 3.81675084533e-24, 3.50932583411e-24, 4.29811731957e-24, 5.76316928236e-24, 5.2116971339e-24, 4.95664104831e-24, 3.88257300483e-24, 5.798977651e-24, 6.16717808408e-24, 6.76624536639e-24, 5.8405013169e-24, 5.50799605092e-24, 7.49207628529e-24, 6.3246481314e-24, 5.02362559435e-24, 7.59931403674e-24, 7.24148357469e-24, 7.31831547142e-24], "var": [4.82383882172e-07, 6.38537312625e-06, 4.33438026448e-06, 3.11203905312e-07, 3.6638372336e-08, 3.86385536899e-08, 3.79369105019e-08, 1.33625846388e-07, 3.34495453558e-08, 5.9065143887e-08, 2.19525261969e-07, 2.89879320547e-08, 5.45818643616e-08, 2.71359450466e-08, 1.52141623744e-08, 1.34402720064e-08, 3.74846962359e-08, 1.48953915868e-08, 2.01687520018e-08, 2.11276187656e-08, 1.34063204982e-08, 5.98388050221e-09, 4.21032098075e-09, 2.04067340803e-09, 7.19594328569e-10, 4.08129446905e-10, 2.99966246287e-10, 1.08794702414e-10, 3.11112142992e-11, 1.25412328092e-11, 1.37304594777e-11, 1.2271227437e-11, 9.29311749082e-12, 8.96435703446e-12, 9.1773585259e-12, 8.99093386547e-12, 6.82194144924e-12, 2.76651835121e-12, 8.49292749842e-13, 2.7437099359e-13]}, "melbands_crest": {"dmean": 3.5702278614, "dmean2": 5.77224588394, "dvar": 12.8392524719, "dvar2": 31.3815860748, "max": 31.3467922211, "mean": 11.5004091263, "median": 10.4942712784, "min": 1.55425322056, "var": 23.650642395}, "melbands_flatness_db": {"dmean": 0.0213771965355, "dmean2": 0.0337770991027, "dvar": 0.000547657255083, "dvar2": 0.00130209163763, "max": 0.308652490377, "mean": 0.136215224862, "median": 0.132426738739, "min": 0.00274791894481, "var": 0.0015013392549}, "melbands_kurtosis": {"dmean": 3.74226355553, "dmean2": 6.2102432251, "dvar": 61.4963684082, "dvar2": 161.379394531, "max": 153.235427856, "mean": 4.27319192886, "median": 1.15857303143, "min": -1.81377124786, "var": 105.153808594}, "melbands_skewness": {"dmean": 0.651821374893, "dmean2": 1.01553142071, "dvar": 0.598971247673, "dvar2": 1.42593681812, "max": 11.5032482147, "mean": 1.61485910416, "median": 1.31729328632, "min": -0.831152737141, "var": 1.62614166737}, "melbands_spread": {"dmean": 9.18535041809, "dmean2": 14.5080652237, "dvar": 90.2011566162, "dvar2": 204.065292358, "max": 182.76272583, "mean": 41.292049408, "median": 40.7885360718, "min": 3.02002716064, "var": 300.622070313}, "mfcc": {"cov": [[4933.66796875, 482.115234375, -325.299743652, 106.88168335, 86.7510223389, 25.2500686646, -23.248374939, 95.6413726807, 23.816942215, 43.7843322754, -29.3372364044, -25.0242271423, -11.6220579147], [482.115234375, 436.040527344, -122.678871155, 26.933889389, 44.6174507141, 1.71218979359, 50.9248847961, 24.6276607513, 17.8337497711, 11.3363733292, 2.04308700562, 2.90900063515, 11.8195667267], [-325.299743652, -122.678871155, 440.359313965, 69.345199585, -53.5028266907, 57.0055809021, -5.16077184677, -21.7723407745, -22.6051387787, -50.9646492004, 5.88499307632, 35.1182441711, -6.43089199066], [106.88168335, 26.933889389, 69.345199585, 190.686828613, 64.8481063843, -18.2181186676, -5.5697760582, 9.08343696594, 13.743979454, -14.1309404373, -21.5990619659, 13.9545974731, 26.4057369232], [86.7510223389, 44.6174507141, -53.5028266907, 64.8481063843, 132.084243774, 11.127820015, -0.611416876316, 12.901684761, 27.2939109802, 16.7897911072, -11.0589942932, -5.0848531723, 16.0099697113], [25.2500686646, 1.71218979359, 57.0055809021, -18.2181186676, 11.127820015, 125.657981873, 43.1389656067, 6.46991682053, -5.99855041504, -6.25270271301, 16.6008586884, -7.38622570038, -23.1474323273], [-23.248374939, 50.9248847961, -5.16077184677, -5.5697760582, -0.611416876316, 43.1389656067, 113.941833496, 38.4899787903, -8.16387462616, -4.10786533356, 7.26985311508, 5.12949895859, -10.2039928436], [95.6413726807, 24.6276607513, -21.7723407745, 9.08343696594, 12.901684761, 6.46991682053, 38.4899787903, 73.1764373779, 31.1736850739, 3.83798623085, -7.52439069748, -5.79510164261, 4.03320932388], [23.816942215, 17.8337497711, -22.6051387787, 13.743979454, 27.2939109802, -5.99855041504, -8.16387462616, 31.1736850739, 71.9250717163, 28.898355484, -5.90961647034, -10.3336400986, 3.66245055199], [43.7843322754, 11.3363733292, -50.9646492004, -14.1309404373, 16.7897911072, -6.25270271301, -4.10786533356, 3.83798623085, 28.898355484, 69.1632461548, 20.3715515137, -11.9221067429, -4.09493970871], [-29.3372364044, 2.04308700562, 5.88499307632, -21.5990619659, -11.0589942932, 16.6008586884, 7.26985311508, -7.52439069748, -5.90961647034, 20.3715515137, 57.17527771, 20.2431030273, -5.42169189453], [-25.0242271423, 2.90900063515, 35.1182441711, 13.9545974731, -5.0848531723, -7.38622570038, 5.12949895859, -5.79510164261, -10.3336400986, -11.9221067429, 20.2431030273, 60.6409797668, 26.3159103394], [-11.6220579147, 11.8195667267, -6.43089199066, 26.4057369232, 16.0099697113, -23.1474323273, -10.2039928436, 4.03320932388, 3.66245055199, -4.09493970871, -5.42169189453, 26.3159103394, 63.0573348999]], "icov": [[0.000265537906671, -0.00028048970853, 0.000209579928196, -0.000270113348961, 0.000159871327924, -0.000357075885404, 0.000567012699321, -0.000634393945802, 0.000449483370176, -0.000333660922479, 0.000298594590276, -0.000292211130727, 0.000296513666399], [-0.00028048970853, 0.00306583335623, 0.000657810247503, -0.000328770489432, -0.000385123857995, 0.000294517551083, -0.00198374805041, 0.00112019886728, -0.00124648504425, 0.00075337785529, -0.000713786284905, 0.000149339757627, -0.00061074050609], [0.000209579928196, 0.000657810247503, 0.00399786001071, -0.00258414912969, 0.00252147298306, -0.00276764109731, 0.000945705687627, 0.000265196547844, -0.000471924140584, 0.00113036797848, 0.000326545850839, -0.00222157826647, 0.000941131613217], [-0.000270113348961, -0.000328770489432, -0.00258414912969, 0.0088814496994, -0.00514638982713, 0.00290412362665, -0.000980536919087, 0.000196433364181, -0.000782910326961, 0.00143793039024, 0.00116043479647, -0.00023547722958, -0.00143250811379], [0.000159871327924, -0.000385123857995, 0.00252147298306, -0.00514638982713, 0.0126239927486, -0.00434290710837, 0.00125738384668, 5.71661839786e-05, -0.00196345336735, -0.00267506716773, 0.00226362817921, -0.000650191504974, -0.00167938694358], [-0.000357075885404, 0.000294517551083, -0.00276764109731, 0.00290412362665, -0.00434290710837, 0.013208325021, -0.0055102291517, 0.00177546811756, -0.00132040004246, 0.0034960557241, -0.00532403914258, 0.00429390789941, 0.00138057128061], [0.000567012699321, -0.00198374805041, 0.000945705687627, -0.000980536919087, 0.00125738384668, -0.0055102291517, 0.0164890028536, -0.0113044390455, 0.00706744613126, -0.00277952780016, 0.00178646843415, -0.00447491975501, 0.00346288061701], [-0.000634393945802, 0.00112019886728, 0.000265196547844, 0.000196433364181, 5.71661839786e-05, 0.00177546811756, -0.0113044390455, 0.0259599611163, -0.0137330517173, 0.00484835868701, -0.000743256357964, 0.00360675784759, -0.00369123229757], [0.000449483370176, -0.00124648504425, -0.000471924140584, -0.000782910326961, -0.00196345336735, -0.00132040004246, 0.00706744613126, -0.0137330517173, 0.0262279249728, -0.0116431629285, 0.00489610573277, -0.00162010360509, 0.00144969369285], [-0.000333660922479, 0.00075337785529, 0.00113036797848, 0.00143793039024, -0.00267506716773, 0.0034960557241, -0.00277952780016, 0.00484835868701, -0.0116431629285, 0.0266121607274, -0.0141974622384, 0.00853782705963, -0.00186630606186], [0.000298594590276, -0.000713786284905, 0.000326545850839, 0.00116043479647, 0.00226362817921, -0.00532403914258, 0.00178646843415, -0.000743256357964, 0.00489610573277, -0.0141974622384, 0.0314672216773, -0.0159061402082, 0.00568108074367], [-0.000292211130727, 0.000149339757627, -0.00222157826647, -0.00023547722958, -0.000650191504974, 0.00429390789941, -0.00447491975501, 0.00360675784759, -0.00162010360509, 0.00853782705963, -0.0159061402082, 0.0313462391496, -0.013224218972], [0.000296513666399, -0.00061074050609, 0.000941131613217, -0.00143250811379, -0.00167938694358, 0.00138057128061, 0.00346288061701, -0.00369123229757, 0.00144969369285, -0.00186630606186, 0.00568108074367, -0.013224218972, 0.0242551714182]], "mean": [-601.33380127, 104.263221741, -23.3001232147, 23.4494724274, 8.72043037415, 0.844821751118, 0.634941458702, 10.0623149872, -1.38172733784, 3.10516548157, -5.59613895416, -2.70885658264, -2.99034047127]}, "pitch_salience": {"dmean": 0.0686006546021, "dmean2": 0.113414287567, "dvar": 0.00450146757066, "dvar2": 0.011979396455, "max": 0.985777497292, "mean": 0.593879640102, "median": 0.600037753582, "min": 0.130966052413, "var": 0.00879075843841}, "silence_rate_20dB": {"dmean": 0, "dmean2": 0, "dvar": 0, "dvar2": 0, "max": 1, "mean": 1, "median": 1, "min": 1, "var": 0}, "silence_rate_30dB": {"dmean": 0, "dmean2": 0, "dvar": 0, "dvar2": 0, "max": 1, "mean": 1, "median": 1, "min": 1, "var": 0}, "silence_rate_60dB": {"dmean": 0.0046322029084, "dmean2": 0.00926526449621, "dvar": 0.0046103275381, "dvar2": 0.011402418837, "max": 1, "mean": 0.0299212597311, "median": 0, "min": 0, "var": 0.0290263723582}, "spectral_centroid": {"dmean": 227.573196411, "dmean2": 361.812438965, "dvar": 62213.9414063, "dvar2": 148225.59375, "max": 11795.2958984, "mean": 1937.74584961, "median": 1945.71679688, "min": 461.17565918, "var": 480141.375}, "spectral_complexity": {"dmean": 4.07763576508, "dmean2": 6.24182319641, "dvar": 13.9318399429, "dvar2": 29.0427417755, "max": 57, "mean": 31.5643348694, "median": 34, "min": 0, "var": 112.689788818}, "spectral_contrast_coeffs": {"dmean": [0.0548437461257, 0.0422394052148, 0.0389445796609, 0.0318148955703, 0.0207032486796, 0.0170622989535], "dmean2": [0.0907749161124, 0.0687036588788, 0.0624937415123, 0.0515527948737, 0.033916849643, 0.02856211178], "dvar": [0.00215908978134, 0.00116050650831, 0.000956275500357, 0.000665589293931, 0.000276754144579, 0.000265003938694], "dvar2": [0.0056854612194, 0.00308013428003, 0.00241599464789, 0.00164201669395, 0.000700908363797, 0.000707598403096], "max": [-0.345126241446, -0.46479806304, -0.481106221676, -0.511873841286, -0.592290937901, -0.666926980019], "mean": [-0.625579535961, -0.756090402603, -0.760533869267, -0.761850297451, -0.778163015842, -0.763004720211], "median": [-0.628934264183, -0.759684085846, -0.766092717648, -0.766860306263, -0.780156314373, -0.7623052001], "min": [-0.978648006916, -0.995975553989, -0.995254635811, -0.988878846169, -0.981575667858, -0.963344991207], "var": [0.00561276264489, 0.0035649612546, 0.00387419760227, 0.00315758120269, 0.0014818792697, 0.000745042634662]}, "spectral_contrast_valleys": {"dmean": [0.44215631485, 0.322879523039, 0.280287653208, 0.25697556138, 0.186957553029, 0.190732613206], "dmean2": [0.697694480419, 0.523396611214, 0.443651854992, 0.398599356413, 0.286003708839, 0.27614608407], "dvar": [0.153243765235, 0.0877183675766, 0.0689729303122, 0.0703056901693, 0.0500004477799, 0.0590089336038], "dvar2": [0.324019044638, 0.202331930399, 0.14192840457, 0.134701803327, 0.0911319926381, 0.105783171952], "max": [-5.41346597672, -5.06134700775, -5.54939937592, -5.62864732742, -5.65051221848, -7.78101062775], "mean": [-7.40672397614, -6.72281885147, -6.96138858795, -7.15391874313, -6.80883646011, -9.80448532104], "median": [-7.24153900146, -6.55544233322, -6.75915670395, -6.93491172791, -6.6008939743, -9.69351482391], "min": [-28.1093826294, -27.8254566193, -27.6761627197, -27.706609726, -27.4241828918, -27.4217739105], "var": [2.2196457386, 2.11537718773, 2.09355688095, 2.07858586311, 2.04747533798, 1.70436382294]}, "spectral_decrease": {"dmean": 2.35726327347e-09, "dmean2": 3.7007388265e-09, "dvar": 1.06389861076e-17, "dvar2": 2.59023585169e-17, "max": 1.86042249779e-21, "mean": -6.37373087642e-09, "median": -5.68085489761e-09, "min": -3.31882716864e-08, "var": 1.47980725614e-17}, "spectral_energy": {"dmean": 0.00936133321375, "dmean2": 0.0146174719557, "dvar": 0.000158565846505, "dvar2": 0.000384293234674, "max": 0.127661705017, "mean": 0.0267278943211, "median": 0.024186745286, "min": 1.01933256859e-20, "var": 0.000236810767092}, "spectral_energyband_high": {"dmean": 0.000290724477964, "dmean2": 0.00044633509242, "dvar": 1.97475841901e-07, "dvar2": 4.30746581515e-07, "max": 0.0109630469233, "mean": 0.000845567730721, "median": 0.00066817732295, "min": 7.18601767266e-21, "var": 5.02400155256e-07}, "spectral_energyband_low": {"dmean": 0.00595456920564, "dmean2": 0.00977523904294, "dvar": 0.000111733075755, "dvar2": 0.00027898827102, "max": 0.113768182695, "mean": 0.00803406629711, "median": 0.00479016453028, "min": 1.70458910335e-23, "var": 0.000108785396151}, "spectral_energyband_middle_high": {"dmean": 0.00284679140896, "dmean2": 0.00437032943591, "dvar": 9.20106685953e-06, "dvar2": 2.24556806643e-05, "max": 0.041905913502, "mean": 0.0106889447197, "median": 0.00985726434737, "min": 1.17675317767e-21, "var": 4.64401200588e-05}, "spectral_energyband_middle_low": {"dmean": 0.00447495467961, "dmean2": 0.007331230212, "dvar": 4.93385923619e-05, "dvar2": 0.000127124949358, "max": 0.0763593167067, "mean": 0.00926406867802, "median": 0.00744218984619, "min": 1.49614324299e-22, "var": 5.43463720533e-05}, "spectral_entropy": {"dmean": 0.0922095626593, "dmean2": 0.141785204411, "dvar": 0.00846399087459, "dvar2": 0.0182164814323, "max": 9.81914997101, "mean": 7.81853055954, "median": 7.8163394928, "min": 6.86777687073, "var": 0.0536249354482}, "spectral_flux": {"dmean": 0.0246811211109, "dmean2": 0.037498164922, "dvar": 0.000841782020871, "dvar2": 0.00171932252124, "max": 0.288373827934, "mean": 0.0905704051256, "median": 0.0830363035202, "min": 6.51545276065e-11, "var": 0.00176434428431}, "spectral_kurtosis": {"dmean": 1.10079503059, "dmean2": 1.84484052658, "dvar": 1.0793582201, "dvar2": 2.9714050293, "max": 16.4587421417, "mean": 4.80096673965, "median": 4.77021598816, "min": -1.24272477627, "var": 3.30293178558}, "spectral_rms": {"dmean": 0.000824432703666, "dmean2": 0.00124321761541, "dvar": 9.55216364673e-07, "dvar2": 2.17100000555e-06, "max": 0.0111601082608, "mean": 0.00486929900944, "median": 0.00485765654594, "min": 3.15352301564e-12, "var": 2.365864475e-06}, "spectral_rolloff": {"dmean": 443.98638916, "dmean2": 724.422790527, "dvar": 396091.5, "dvar2": 868166.875, "max": 19509.0820313, "mean": 2301.19067383, "median": 2347.11914063, "min": 129.19921875, "var": 1846226.625}, "spectral_skewness": {"dmean": 0.150556445122, "dmean2": 0.24472501874, "dvar": 0.0166954826564, "dvar2": 0.0420373007655, "max": 2.43292808533, "mean": 1.47346556187, "median": 1.48510527611, "min": -0.0704312995076, "var": 0.0665841922164}, "spectral_spread": {"dmean": 378892.21875, "dmean2": 556780.25, "dvar": 367205875712, "dvar2": 711238090752, "max": 42241368, "mean": 4067673.75, "median": 3738463.5, "min": 2102991.75, "var": 5611719753730.0}, "spectral_strongpeak": {"dmean": 0.85467004776, "dmean2": 1.48528456688, "dvar": 1.71255600452, "dvar2": 4.314555