{"lowlevel": {"average_loudness": 0.586562037468, "barkbands": {"dmean": [0.000120952652651, 0.00409345980734, 0.00129345664755, 0.000402713951189, 0.000756191206165, 0.000264833157416, 0.000815331819467, 0.00124427385163, 0.00049243029207, 0.000270632706815, 0.000127582010464, 0.000472413201351, 0.00025366130285, 0.000137168302899, 6.42412996967e-05, 3.80532692361e-05, 2.44451912295e-05, 1.72032996488e-05, 2.47116204264e-05, 3.19968748954e-05, 2.48398373515e-05, 9.42562255659e-05, 0.000138210001751, 3.73509028577e-05, 2.74347421509e-05, 7.61296396377e-05, 2.2528864065e-05], "dmean2": [0.000167629332282, 0.00622479664162, 0.00236392999068, 0.000678585493006, 0.00115159235429, 0.000361144600902, 0.00111307937186, 0.00174192641862, 0.000725194113329, 0.000385284627555, 0.000190261664102, 0.000696480507031, 0.000374121154891, 0.000205239615752, 9.72929992713e-05, 5.79257466597e-05, 3.67054853996e-05, 2.66196711891e-05, 3.75175841327e-05, 4.88659206894e-05, 3.7218513171e-05, 0.000135689973831, 0.000199045040063, 5.43584101251e-05, 4.13980669691e-05, 0.000114287075121, 3.60509475286e-05], "dvar": [1.32757293159e-07, 0.000168838741956, 2.12127924897e-05, 9.17985687465e-07, 2.75862635135e-06, 6.43736427719e-07, 1.02012663774e-05, 2.14416741073e-05, 3.32073545906e-06, 8.62493436671e-07, 2.67054161895e-07, 4.83973781229e-06, 1.18566185847e-06, 3.35633387749e-07, 7.03551776837e-08, 1.65879647795e-08, 6.20385298689e-09, 2.26333507491e-09, 6.11576522758e-09, 1.06590007931e-08, 6.6213976524e-09, 7.81520697046e-08, 1.43013565435e-07, 1.70233445118e-08, 1.18103455904e-08, 1.196678312e-07, 9.71927960336e-09], "dvar2": [2.48160205274e-07, 0.000380606128601, 6.19414422545e-05, 2.46215108746e-06, 6.86375778969e-06, 1.44366003951e-06, 1.64441444213e-05, 4.49759136245e-05, 6.61008107272e-06, 1.62159835781e-06, 5.43796772945e-07, 1.12548559628e-05, 2.35407719629e-06, 7.55004748498e-07, 1.38063768418e-07, 3.65095687016e-08, 1.2696731666e-08, 5.11544584469e-09, 1.250801418e-08, 2.32565025016e-08, 1.48119143617e-08, 1.51700604079e-07, 2.96045698178e-07, 3.47878739149e-08, 2.86372845437e-08, 2.76302216662e-07, 2.23545377764e-08], "max": [0.00425392156467, 0.135817974806, 0.0628228411078, 0.023259466514, 0.0524346493185, 0.0392517410219, 0.128180623055, 0.16646464169, 0.065095603466, 0.041865259409, 0.024454427883, 0.0814991742373, 0.0353354811668, 0.0201985761523, 0.0141815897077, 0.00498933112249, 0.00257199513726, 0.00162101711612, 0.00282825552858, 0.00324557465501, 0.00228308653459, 0.0119095724076, 0.0117336455733, 0.00512263504788, 0.0030119465664, 0.00871936045587, 0.0016288786428], "mean": [0.000128679341287, 0.00412201974541, 0.00139429175761, 0.000543117988855, 0.00193594989832, 0.000832443649415, 0.00181282742415, 0.00293401069939, 0.00101687584538, 0.000610117334872, 0.000204546871828, 0.000940048252232, 0.000493051251397, 0.000254061102169, 0.00012126009824, 7.85992306191e-05, 4.6305332944e-05, 3.52699644282e-05, 4.66693309136e-05, 6.21778162895e-05, 4.68140860903e-05, 0.000208391109481, 0.000289596413495, 7.51535044401e-05, 3.37980200129e-05, 7.55892324378e-05, 1.86225279322e-05], "median": [8.87454234544e-07, 0.000102040925412, 0.000115342845675, 0.000225437339395, 0.00046809396008, 0.000428938074037, 0.000223807946895, 0.000201073125936, 0.00010594655032, 7.45770303183e-05, 2.02757219085e-05, 5.75382291572e-05, 2.12445775105e-05, 1.46271340782e-05, 1.09715547296e-05, 6.79099048284e-06, 7.28546820028e-06, 6.03677653999e-06, 6.62499860482e-06, 5.82956954531e-06, 4.83457188238e-06, 1.15289913083e-05, 1.83871270565e-05, 5.86358783039e-06, 3.68900941794e-06, 3.17280841955e-06, 3.55457842716e-07], "min": [7.03571315187e-24, 3.56469329892e-23, 1.07378507907e-23, 1.6051823741e-23, 9.48793776285e-24, 6.38141834867e-23, 4.2893939379e-23, 4.76728082558e-23, 2.90831306303e-23, 7.67157890214e-23, 1.22459144477e-22, 1.27927540894e-22, 4.9270522957e-23, 1.24262316424e-22, 2.31801690424e-22, 1.96317149185e-22, 2.34811403037e-22, 2.62548964155e-22, 2.55586061287e-22, 3.76413854034e-22, 4.16003362366e-22, 5.44985402031e-22, 5.37579601096e-22, 1.11248219324e-21, 1.21592248189e-21, 2.06970020251e-21, 2.22850656126e-21], "var": [1.72713072288e-07, 0.000175320819835, 1.57868125825e-05, 1.13509634048e-06, 1.17786685223e-05, 2.28584963224e-06, 4.16850889451e-05, 0.000109568602056, 1.21553266581e-05, 4.25636108048e-06, 6.00248995397e-07, 1.82446474355e-05, 4.09476842833e-06, 8.44516875986e-07, 1.72448039848e-07, 5.9193158819e-08, 2.10163637604e-08, 8.05411026761e-09, 1.98392111628e-08, 3.35847936128e-08, 1.49853764952e-08, 3.28700394903e-07, 4.51648105582e-07, 4.15684198174e-08, 1.35815776403e-08, 1.24870766172e-07, 8.83619577507e-09]}, "barkbands_crest": {"dmean": 2.52316212654, "dmean2": 3.85166883469, "dvar": 6.92228507996, "dvar2": 15.9255552292, "max": 26.2593784332, "mean": 11.247426033, "median": 10.2628564835, "min": 2.81130123138, "var": 20.6763019562}, "barkbands_flatness_db": {"dmean": 0.0234288778156, "dmean2": 0.0332023985684, "dvar": 0.000674549199175, "dvar2": 0.00138612801675, "max": 0.440384685993, "mean": 0.175137996674, "median": 0.165587157011, "min": 0.0211788341403, "var": 0.00504256458953}, "barkbands_kurtosis": {"dmean": 9.22479629517, "dmean2": 14.1561250687, "dvar": 1140.24157715, "dvar2": 2763.43212891, "max": 894.079589844, "mean": 12.4829311371, "median": 5.29866218567, "min": -1.92634260654, "var": 1126.91333008}, "barkbands_skewness": {"dmean": 0.811686754227, "dmean2": 1.13939940929, "dvar": 1.7246888876, "dvar2": 3.55757164955, "max": 26.0495758057, "mean": 2.21216201782, "median": 1.84842681885, "min": -4.50430965424, "var": 3.6279168129}, "barkbands_spread": {"dmean": 5.98210573196, "dmean2": 8.49296092987, "dvar": 115.818946838, "dvar2": 209.832305908, "max": 128.071792603, "mean": 18.7936897278, "median": 11.4575481415, "min": 0.280849397182, "var": 442.015197754}, "dissonance": {"dmean": 0.0307981744409, "dmean2": 0.0499938502908, "dvar": 0.000837032450363, "dvar2": 0.00214496301487, "max": 0.499997228384, "mean": 0.416504442692, "median": 0.426651537418, "min": 0.1223012954, "var": 0.00274145510048}, "dynamic_complexity": 8.2761297226, "erbbands": {"dmean": [0.132754325867, 0.903273582458, 1.495849967, 1.41277801991, 1.21913480759, 3.24268269539, 3.2692668438, 1.91294419765, 6.89621639252, 20.4149665833, 23.5371341705, 10.426068306, 10.6830606461, 5.56214904785, 9.87367725372, 15.5406923294, 10.2110395432, 8.29869937897, 4.51771402359, 2.4792547226, 1.69683682919, 1.34935927391, 0.918037474155, 0.868362247944, 1.69403910637, 1.25425672531, 0.825441002846, 1.3342871666, 3.10429573059, 3.79314613342, 4.20104169846, 1.0155736208, 0.700786173344, 0.26324814558, 0.300116270781, 0.449895143509, 0.0719108432531, 0.0301974955946, 0.00378792197444, 0.000154463908984], "dmean2": [0.195013388991, 1.45619511604, 2.65847659111, 2.47863483429, 1.92967450619, 4.93285799026, 4.64911413193, 2.59194421768, 9.7674331665, 28.2573432922, 32.5876197815, 15.0200281143, 15.185544014, 7.99917936325, 14.2404279709, 22.9276714325, 14.8034105301, 12.0084619522, 6.5248708725, 3.61965107918, 2.628937006, 1.97731411457, 1.39217293262, 1.32621145248, 2.56534314156, 1.90666377544, 1.26041221619, 1.94138586521, 4.53252029419, 5.32930850983, 6.15774822235, 1.45764183998, 1.0289876461, 0.386787742376, 0.447735667229, 0.687198460102, 0.109490923584, 0.0481025539339, 0.00604669610038, 0.000243200760451], "dvar": [0.174405649304, 8.87854671478, 28.6466560364, 15.3568744659, 6.50932979584, 63.7962608337, 84.740272522, 40.7881774902, 759.624267578, 5268.45751953, 7873.04248047, 1557.22961426, 1616.96166992, 267.034301758, 1669.82800293, 7733.80224609, 1935.96789551, 1349.00927734, 319.507293701, 66.842376709, 30.5423297882, 21.1818675995, 7.04786586761, 7.1165471077, 25.5839748383, 16.4752388, 8.53176403046, 18.8801231384, 87.0784759521, 140.561157227, 143.268341064, 12.2908563614, 4.75064849854, 1.52151238918, 1.60064637661, 5.74552059174, 0.0740061327815, 0.0166416428983, 0.000279140513157, 4.42654425115e-07], "dvar2": [0.371881514788, 21.5291500092, 80.6144790649, 43.1852416992, 15.653137207, 149.869537354, 196.653213501, 92.0602340698, 1343.09643555, 9408.54980469, 15758.9082031, 3050.05004883, 2939.7746582, 548.488098145, 3603.04589844, 18328.3144531, 3720.11083984, 2957.42333984, 583.276123047, 143.215438843, 71.3146438599, 41.8391265869, 15.6445121765, 14.7072734833, 53.8960800171, 36.7304458618, 20.5813503265, 40.4335975647, 171.56590271, 262.662994385, 316.680236816, 25.2471504211, 10.1187009811, 3.6923058033, 3.80325579643, 13.8809747696, 0.163131356239, 0.0384945981205, 0.000646459811833, 1.01687874121e-06], "max": [4.35544204712, 28.3495578766, 80.424079895, 62.8007888794, 98.8055114746, 284.533782959, 410.721435547, 283.084960938, 1026.28601074, 2721.35253906, 3246.46826172, 1506.62097168, 1291.70532227, 506.299316406, 1647.67956543, 4120.46533203, 1975.80859375, 1238.19665527, 962.592529297, 276.218536377, 253.236816406, 176.729095459, 89.5680084229, 142.410507202, 200.80682373, 155.449203491, 75.2384490967, 134.061828613, 539.329956055, 432.522491455, 290.272247314, 138.519683838, 75.837387085, 54.5328445435, 26.7526245117, 69.3979644775, 4.31544303894, 2.03204846382, 0.31943193078, 0.0111544216052], "mean": [0.134451344609, 0.86159068346, 1.66024565697, 1.77265131474, 2.42950367928, 7.80736970901, 9.75123596191, 6.58136367798, 15.7959346771, 47.8271484375, 55.9365463257, 22.2399730682, 24.4821720123, 13.4037971497, 20.5695705414, 31.6812725067, 22.0275726318, 16.9443264008, 9.68935585022, 5.63356351852, 3.80805158615, 2.87447786331, 1.998726964, 1.82609188557, 3.40006422997, 2.57459115982, 1.47886240482, 2.55113649368, 6.70533180237, 9.13121414185, 8.28395652771, 1.88855350018, 1.42270624638, 0.390374183655, 0.34058073163, 0.445518225431, 0.0680772513151, 0.0251447875053, 0.00313702784479, 0.000146540041897], "median": [0.00188887387048, 0.0261339601129, 0.137987077236, 0.612545013428, 1.11473417282, 1.39137423038, 3.25785970688, 3.68988418579, 3.59762215614, 5.2599272728, 5.61870622635, 3.45659303665, 2.25018787384, 2.4761390686, 2.2137928009, 1.94716405869, 1.14678001404, 0.870271921158, 0.779676437378, 0.456268876791, 0.453273236752, 0.424185872078, 0.340384602547, 0.316917836666, 0.397466242313, 0.258158922195, 0.176966995001, 0.246745526791, 0.434644639492, 0.278248846531, 0.574746131897, 0.192348957062, 0.0957048535347, 0.0399020500481, 0.032105602324, 0.0186055265367, 0.0037537063472, 0.000585863366723, 7.35254725441e-05, 1.86130891962e-05], "min": [1.50858397074e-21, 5.95042026773e-21, 1.57678460835e-20, 2.96197964654e-20, 6.01836580413e-20, 1.63167789707e-20, 1.77544095049e-19, 5.96570929579e-19, 7.97006614771e-19, 2.88234134673e-19, 1.33251517493e-18, 5.58320805585e-19, 1.38665735135e-18, 4.27172446499e-18, 4.20465996964e-18, 5.35439924847e-18, 3.34789710364e-18, 6.44001796775e-18, 8.66997861237e-18, 1.20775342565e-17, 1.00709314025e-17, 1.33557185545e-17, 1.22519932652e-17, 1.78084127667e-17, 1.14935017307e-17, 1.83050156105e-17, 2.14119192262e-17, 1.48587214439e-17, 1.84376854546e-17, 1.51917443585e-17, 1.63444387401e-17, 1.96756042547e-17, 1.93038064217e-17, 1.44526270483e-17, 8.72917744727e-18, 8.10979535794e-18, 3.62088676491e-18, 1.35163524799e-18, 2.50776113663e-19, 3.71530304703e-20], "var": [0.192640483379, 8.07078838348, 22.4994125366, 13.4371013641, 18.0044288635, 252.016220093, 499.308441162, 111.571975708, 2664.70141602, 23444.9941406, 38359.4296875, 4940.68896484, 7286.88134766, 1178.81665039, 6600.32324219, 26101.4316406, 7021.31640625, 4019.22924805, 1086.28881836, 253.953552246, 119.499923706, 79.2066116333, 25.9407711029, 23.0887947083, 88.8207931519, 50.9099159241, 15.6921186447, 44.7486419678, 327.829467773, 662.760009766, 357.092773438, 25.4906311035, 12.8307905197, 1.95996105671, 1.68539226055, 5.5343503952, 0.0770502910018, 0.0150835048407, 0.000251801742706, 4.08364712712e-07]}, "erbbands_crest": {"dmean": 2.29897499084, "dmean2": 3.54732871056, "dvar": 4.75839853287, "dvar2": 11.1337976456, "max": 30.2079162598, "mean": 10.7332553864, "median": 9.74736499786, "min": 2.44501805305, "var": 21.1065731049}, "erbbands_flatness_db": {"dmean": 0.0210097525269, "dmean2": 0.0267494339496, "dvar": 0.000505307223648, "dvar2": 0.000854461221024, "max": 0.413086295128, "mean": 0.170540094376, "median": 0.166428387165, "min": 0.0299891401082, "var": 0.00332112750039}, "erbbands_kurtosis": {"dmean": 1.71566319466, "dmean2": 2.58488035202, "dvar": 6.47172832489, "dvar2": 14.9137983322, "max": 61.3793563843, "mean": 3.09825658798, "median": 1.88690280914, "min": -1.88247680664, "var": 20.3340988159}, "erbbands_skewness": {"dmean": 0.406760334969, "dmean2": 0.593059718609, "dvar": 0.216332823038, "dvar2": 0.46591091156, "max": 5.93791770935, "mean": 1.16572248936, "median": 1.14710354805, "min": -4.49551010132, "var": 0.88145917654}, "erbbands_spread": {"dmean": 9.17410469055, "dmean2": 13.0003805161, "dvar": 165.150756836, "dvar2": 311.411651611, "max": 159.53767395, "mean": 36.2643623352, "median": 29.6028022766, "min": 2.19232296944, "var": 657.28894043}, "gfcc": {"cov": [[27956.7871094, -503.939605713, -2195.51660156, 685.76751709, -1053.93066406, 1265.14111328, -380.460357666, -259.320495605, 433.5859375, 19.8077449799, -11.4973840714, -47.073841095, -285.594451904], [-503.939605713, 2282.24707031, 45.2865562439, -73.3781661987, 347.067443848, -9.9903717041, 197.344390869, 93.7399978638, 144.866012573, -63.7516021729, 206.248840332, -104.734413147, 120.325263977], [-2195.51660156, 45.2865562439, 1448.54492188, 82.1894226074, 241.21647644, -110.123519897, 141.037826538, 100.872314453, -89.3141098022, 36.9182434082, -113.34161377, 107.227310181, 1.51020014286], [685.76751709, -73.3781661987, 82.1894226074, 450.552124023, 86.9013748169, 121.868469238, 9.91857528687, 53.8967170715, 88.9453353882, 40.8079872131, 10.4954948425, 5.37497997284, 18.4968128204], [-1053.93066406, 347.067443848, 241.21647644, 86.9013748169, 741.172668457, 19.3481807709, 238.141082764, 231.691650391, 89.949256897, 109.871665955, 140.759872437, 39.4685440063, 57.5002059937], [1265.14111328, -9.9903717041, -110.123519897, 121.868469238, 19.3481807709, 342.599517822, 91.419052124, 36.0757980347, 97.3398666382, 48.7628440857, 48.6642951965, 4.36576700211, -7.44467163086], [-380.460357666, 197.344390869, 141.037826538, 9.91857528687, 238.141082764, 91.419052124, 270.199157715, 129.873779297, 64.4509277344, 56.6873588562, 85.5698623657, 28.4164218903, 25.3002891541], [-259.320495605, 93.7399978638, 100.872314453, 53.8967170715, 231.691650391, 36.0757980347, 129.873779297, 180.14704895, 60.8835144043, 62.622718811, 55.328250885, 35.1919975281, 20.5017375946], [433.5859375, 144.866012573, -89.3141098022, 88.9453353882, 89.949256897, 97.3398666382, 64.4509277344, 60.8835144043, 158.495285034, 58.1490592957, 62.5793266296, -10.5933208466, 4.85786628723], [19.8077449799, -63.7516021729, 36.9182434082, 40.8079872131, 109.871665955, 48.7628440857, 56.6873588562, 62.622718811, 58.1490592957, 127.449897766, 39.3973922729, 21.8496074677, -4.08240699768], [-11.4973840714, 206.248840332, -113.34161377, 10.4954948425, 140.759872437, 48.6642951965, 85.5698623657, 55.328250885, 62.5793266296, 39.3973922729, 147.508148193, 3.23448681831, 17.1445465088], [-47.073841095, -104.734413147, 107.227310181, 5.37497997284, 39.4685440063, 4.36576700211, 28.4164218903, 35.1919975281, -10.5933208466, 21.8496074677, 3.23448681831, 101.544342041, 4.12918519974], [-285.594451904, 120.325263977, 1.51020014286, 18.4968128204, 57.5002059937, -7.44467163086, 25.3002891541, 20.5017375946, 4.85786628723, -4.08240699768, 17.1445465088, 4.12918519974, 95.355682373]], "icov": [[5.45860166312e-05, -2.01516886591e-05, 7.23802440916e-05, -6.04240012763e-05, 4.04651000281e-05, -0.000171228253748, 6.19818165433e-05, -1.04795731204e-06, -4.13799207308e-05, 7.85044676377e-07, 7.82818315201e-05, -0.0001066592813, 0.000138187184348], [-2.01516886591e-05, 0.000703981728293, -0.000215406267671, 0.00027833506465, -0.000167838181369, 0.000144692414324, -0.000117630792374, 3.94832932216e-05, -0.000739695155062, 0.0009008863708, -0.000872197386343, 0.000791554106399, -0.000665239756927], [7.23802440916e-05, -0.000215406267671, 0.0012248334242, -0.000513652048539, -0.000223330091103, 0.000174775821506, -0.000792341539636, 6.8358000135e-05, 0.000738142698538, -0.000509329023771, 0.00165019463748, -0.00106795970351, 0.000602816289756], [-6.04240012763e-05, 0.00027833506465, -0.000513652048539, 0.00313677522354, -0.000358350895112, -0.000868419359904, 0.00116282200906, -0.000592116324697, -0.00168284180108, 0.000395070150262, -0.000114276037493, 0.000478150701383, -0.00106296339072], [4.04651000281e-05, -0.000167838181369, -0.000223330091103, -0.000358350895112, 0.00292276474647, 0.000398550007958, -0.00072347803507, -0.00229640840553, 0.000295379402814, -0.000893015007023, -0.00138692720793, 0.000231190191698, -0.0004535386106], [-0.000171228253748, 0.000144692414324, 0.000174775821506, -0.000868419359904, 0.000398550007958, 0.00493742059916, -0.00223420816474, 0.000681393546984, -0.00140854541678, -0.000500090129208, -0.000274509366136, -8.41441069497e-05, 0.000165054865647], [6.19818165433e-05, -0.000117630792374, -0.000792341539636, 0.00116282200906, -0.00072347803507, -0.00223420816474, 0.00811769813299, -0.00333546358161, -0.000568906136323, 0.000263083842583, -0.00231094262563, -7.40691757528e-05, -0.00059485505335], [-1.04795731204e-06, 3.94832932216e-05, 6.8358000135e-05, -0.000592116324697, -0.00229640840553, 0.000681393546984, -0.00333546358161, 0.0124219367281, -0.00201537832618, -0.00159030011855, 0.00064442132134, -0.00238677603193, -0.000264925678493], [-4.13799207308e-05, -0.000739695155062, 0.000738142698538, -0.00168284180108, 0.000295379402814, -0.00140854541678, -0.000568906136323, -0.00201537832618, 0.012157718651, -0.00389171834104, -0.00125605612993, 0.00144421099685, 0.000797679414973], [7.85044676377e-07, 0.0009008863708, -0.000509329023771, 0.000395070150262, -0.000893015007023, -0.000500090129208, 0.000263083842583, -0.00159030011855, -0.00389171834104, 0.012478695251, -0.00196297303773, -0.0007638852112, 0.000687079038471], [7.82818315201e-05, -0.000872197386343, 0.00165019463748, -0.000114276037493, -0.00138692720793, -0.000274509366136, -0.00231094262563, 0.00064442132134, -0.00125605612993, -0.00196297303773, 0.0128469998017, -0.00175835343543, 0.000366829393897], [-0.0001066592813, 0.000791554106399, -0.00106795970351, 0.000478150701383, 0.000231190191698, -8.41441069497e-05, -7.40691757528e-05, -0.00238677603193, 0.00144421099685, -0.0007638852112, -0.00175835343543, 0.0129051646218, -0.00135624303948], [0.000138187184348, -0.000665239756927, 0.000602816289756, -0.00106296339072, -0.0004535386106, 0.000165054865647, -0.00059485505335, -0.000264925678493, 0.000797679414973, 0.000687079038471, 0.000366829393897, -0.00135624303948, 0.0124197257683]], "mean": [-112.540245056, 90.5441665649, -81.1424865723, 7.65239286423, -77.3428192139, 9.63375663757, -35.7066192627, -0.922711789608, -18.7407112122, -0.916076481342, -14.8768005371, 1.65114104748, -17.909072876]}, "hfc": {"dmean": 5.02403116226, "dmean2": 6.83768224716, "dvar": 122.051429749, "dvar2": 240.211044312, "max": 225.144897461, "mean": 14.1158456802, "median": 3.4653506279, "min": 1.17051985907e-16, "var": 534.978271484}, "melbands": {"dmean": [0.00117069180124, 0.000860594387632, 0.000233570142882, 0.000150764288264, 0.000127721912577, 4.49943254353e-05, 0.000121134384244, 0.000250244920608, 0.000165356206708, 6.69381261105e-05, 5.4878564697e-05, 2.54413353105e-05, 2.52074532909e-05, 5.44648028153e-05, 2.7350612072e-05, 2.62996127276e-05, 1.42179369504e-05, 8.69633095135e-06, 3.33590401169e-06, 2.93823723041e-06, 2.04736670639e-06, 1.52882739712e-06, 1.21475807191e-06, 6.94261757417e-07, 7.47552689973e-07, 9.92671402855e-07, 1.70600515048e-06, 6.68823759042e-07, 4.93559070947e-07, 5.88443811012e-07, 8.9115155788e-07, 1.64115897405e-06, 2.33108085013e-06, 2.20805395656e-06, 2.77347930933e-06, 1.40854785968e-06, 4.30550585406e-07, 5.23775611327e-07, 3.65854447182e-07, 1.85732275781e-07], "dmean2": [0.00175400543958, 0.00138247641735, 0.000404807797167, 0.000232049205806, 0.000184526346857, 6.10941060586e-05, 0.000167894220795, 0.000348434550688, 0.000230146790273, 9.71479821601e-05, 7.839720638e-05, 3.66533495253e-05, 3.66116655641e-05, 8.08729382697e-05, 4.09282183682e-05, 3.77037140424e-05, 2.09787485801e-05, 1.26630584418e-05, 4.91132141178e-06, 4.35376023233e-06, 3.23330368701e-06, 2.2874453407e-06, 1.853661729e-06, 1.06277127543e-06, 1.15947057111e-06, 1.51945380367e-06, 2.58909244621e-06, 1.03009358554e-06, 7.77233992721e-07, 8.95763150766e-07, 1.319284479e-06, 2.43484964813e-06, 3.3708133742e-06, 3.16609703077e-06, 4.07991365137e-06, 2.09163158615e-06, 6.30398176327e-07, 7.80668585776e-07, 5.42773136658e-07, 2.77383037428e-07], "dvar": [1.37561664815e-05, 8.23413847684e-06, 3.69872878991e-07, 1.20197995557e-07, 1.07983233022e-07, 2.24160530138e-08, 2.11641165038e-07, 6.9424834237e-07, 3.79551636343e-07, 6.58490222349e-08, 4.1362486769e-08, 6.04329741805e-09, 9.2757259651e-09, 7.01078661791e-08, 2.30422045888e-08, 1.4922209246e-08, 4.41963399211e-09, 1.25563615061e-09, 1.3748499561e-10, 1.05153948049e-10, 4.90576503032e-11, 2.75597947241e-11, 1.56931065365e-11, 3.47215290374e-12, 6.16331551767e-12, 1.0670435889e-11, 3.18457621384e-11, 5.30478352218e-12, 3.45218797125e-12, 3.59330252185e-12, 9.44788518253e-12, 2.79281944793e-11, 5.48795939248e-11, 4.92218939219e-11, 5.6950666405e-11, 2.42143579493e-11, 3.18036439198e-12, 2.50979944293e-12, 2.17425708514e-12, 8.8986007148e-13], "dvar2": [3.055414345e-05, 2.07101675187e-05, 1.03669049167e-06, 2.88456845965e-07, 2.6145795573e-07, 4.82878377284e-08, 3.55769913085e-07, 1.35591403705e-06, 7.44490648685e-07, 1.27509593995e-07, 7.52354836209e-08, 1.22789058921e-08, 1.97592324724e-08, 1.61882184102e-07, 5.04970536497e-08, 2.81486212117e-08, 9.91299398123e-09, 2.36327069025e-09, 2.92636775923e-10, 2.2587982873e-10, 1.17280560263e-10, 5.75334051234e-11, 3.34672151103e-11, 7.92346049883e-12, 1.27920217821e-11, 2.29582602929e-11, 6.76183484205e-11, 1.21797788868e-11, 8.58611098886e-12, 8.17230311201e-12, 2.09264341966e-11, 5.91204377121e-11, 1.04974237636e-10, 9.39366778807e-11, 1.22717905282e-10, 5.57812927793e-11, 6.59457644742e-12, 5.45450446962e-12, 4.99523816408e-12, 2.23882436028e-12], "max": [0.039733722806, 0.0405964404345, 0.00894130766392, 0.0142972040921, 0.0117366425693, 0.00617193290964, 0.0149391265586, 0.0268839336932, 0.023563830182, 0.00892732385546, 0.00673670228571, 0.00231994991191, 0.00350030045956, 0.0102121206, 0.00679636513814, 0.00408641155809, 0.0021982351318, 0.00185507023707, 0.000439407624071, 0.000517592241522, 0.000276124337688, 0.000187831697986, 0.000135221271194, 5.53908466827e-05, 0.000146690057591, 0.000112594301754, 0.000195844579139, 0.000126181737869, 5.79539810133e-05, 4.92562539876e-05, 9.82475612545e-05, 0.000342921965057, 0.000282035616692, 0.000245363888098, 0.00018978024309, 0.00013812367979, 7.21301039448e-05, 5.00836940773e-05, 5.60679036425e-05, 4.55304361822e-05], "mean": [0.00117396214046, 0.000973295012955, 0.000318670965498, 0.000350936548784, 0.000372721900931, 0.000147294602357, 0.000273573299637, 0.000600594154093, 0.000387371983379, 0.000136101341923, 0.000123688558233, 5.79464576731e-05, 4.86965000164e-05, 0.000111578810902, 4.93236984767e-05, 5.36506486242e-05, 2.69004613074e-05, 1.72059135366e-05, 7.0317000791e-06, 6.38897654426e-06, 3.99817827201e-06, 2.96728126159e-06, 2.3623101697e-06, 1.39034636959e-06, 1.43272745845e-06, 1.87438831745e-06, 3.28811961481e-06, 1.26011457269e-06, 8.03836542218e-07, 1.06216225504e-06, 1.54467375069e-06, 3.1639719964e-06, 5.28944519829e-06, 5.15105921295e-06, 5.60974103792e-06, 2.2513102067e-06, 7.52321398068e-07, 1.07647394998e-06, 6.13065537891e-07, 2.37574568018e-07], "median": [2.36083706113e-05, 6.09832495684e-05, 0.000127263410832, 9.59137105383e-05, 0.000113750415039, 8.10104102129e-05, 5.08595330757e-05, 6.09067174082e-05, 4.05661485274e-05, 1.45130043165e-05, 1.05654880826e-05, 1.00792494777e-05, 5.94050834479e-06, 5.98222368353e-06, 2.50021821557e-06, 2.0566906187e-06, 1.38283735396e-06, 1.23749862269e-06, 6.34805587651e-07, 5.10136374032e-07, 4.82845052829e-07, 4.1985953203e-07, 3.03343313135e-07, 2.69883798865e-07, 2.20826734676e-07, 2.58371471773e-07, 2.42268470174e-07, 1.32931830876e-07, 9.73138725158e-08, 9.48464702333e-08, 1.39867893267e-07, 2.45610237926e-07, 1.6992601104e-07, 1.13885590736e-07, 3.42287791e-07, 2.0163940917e-07, 6.49160014632e-08, 6.62194423739e-08, 3.92616357203e-08, 1.9721163369e-08], "min": [1.12947944784e-23, 7.94345460665e-24, 6.64474106547e-24, 2.5127767852e-24, 5.14203519395e-24, 1.3323952197e-23, 1.15149016593e-23, 2.93289807091e-24, 1.11259419571e-23, 3.44192121963e-24, 6.7727889676e-24, 1.6816253624e-23, 1.51782502186e-23, 1.25865755099e-23, 1.26131151574e-23, 6.69027963894e-24, 1.20295773908e-23, 1.0813760509e-23, 2.00485622737e-23, 1.37661813096e-23, 1.01370677359e-23, 1.1858691975e-23, 1.41040109923e-23, 1.23288869955e-23, 1.49064608155e-23, 9.3328997737e-24, 7.48817536811e-24, 1.3452318799e-23, 1.48863937718e-23, 8.77762216024e-24, 8.90546180309e-24, 1.14831910286e-23, 9.0393054663e-24, 7.98562474406e-24, 9.20150315702e-24, 8.8714855639e-24, 1.43535939609e-23, 1.33778392855e-23, 1.44875693639e-23, 1.07179525632e-23], "var": [1.45326339407e-05, 7.74824457039e-06, 3.56846783234e-07, 4.39011898834e-07, 5.89558737829e-07, 6.29494962823e-08, 8.16030819806e-07, 3.37855180987e-06, 1.7992198309e-06, 2.26825676464e-07, 1.89863072819e-07, 2.636644858e-08, 3.15680352969e-08, 2.84262966943e-07, 5.22630330124e-08, 5.45315224088e-08, 1.14114584449e-08, 4.03613809041e-09, 4.33007324441e-10, 3.78101189247e-10, 1.48626985719e-10, 9.27635954162e-11, 5.32731983527e-11, 1.06892316179e-11, 1.77618787733e-11, 3.24862775569e-11, 1.04906486276e-10, 1.2573513411e-11, 5.50559381071e-12, 8.19220125764e-12, 1.85027479449e-11, 7.97382992967e-11, 2.63502580866e-10, 2.0992910188e-10, 1.6975720829e-10, 3.56255545897e-11, 6.44882324624e-12, 7.10517191957e-12, 3.78172753529e-12, 1.02301717445e-12]}, "melbands_crest": {"dmean": 2.88321852684, "dmean2": 4.34966087341, "dvar": 8.96233081818, "dvar2": 19.4402370453, "max": 32.780670166, "mean": 14.5949335098, "median": 13.5499095917, "min": 1.8698143959, "var": 30.7122955322}, "melbands_flatness_db": {"dmean": 0.0279776416719, "dmean2": 0.0390463769436, "dvar": 0.0011189134093, "dvar2": 0.00209487834945, "max": 0.583351016045, "mean": 0.252504825592, "median": 0.241592034698, "min": 0.00596666894853, "var": 0.00868562143296}, "melbands_kurtosis": {"dmean": 11.4693098068, "dmean2": 16.8047790527, "dvar": 679.879760742, "dvar2": 1433.83630371, "max": 818.031677246, "mean": 20.189414978, "median": 10.3206329346, "min": -1.94177234173, "var": 1053.52001953}, "melbands_skewness": {"dmean": 0.803792953491, "dmean2": 1.1413974762, "dvar": 1.10167312622, "dvar2": 2.06511855125, "max": 19.2642879486, "mean": 2.80238437653, "median": 2.39276909828, "min": -1.47893559933, "var": 3.44429159164}, "melbands_spread": {"dmean": 5.68660259247, "dmean2": 8.27807426453, "dvar": 174.139633179, "dvar2": 355.485229492, "max": 232.161880493, "mean": 16.9196968079, "median": 11.1297645569, "min": 0.316945135593, "var": 469.735443115}, "mfcc": {"cov": [[19946.34375, -187.870483398, -1241.41662598, -653.331604004, -360.944244385, 947.887512207, -586.686645508, 471.268859863, -430.487487793, 563.666992188, 139.98828125, -76.2221450806, 250.024429321], [-187.870483398, 2283.57128906, 146.852127075, 141.388259888, 170.578704834, -106.426506042, 238.393859863, 80.6675949097, 90.1597976685, 28.4522209167, 85.1869430542, 58.9387397766, -0.976757526398], [-1241.41662598, 146.852127075, 961.429870605, 173.158660889, -40.3961257935, 9.27972412109, -1.82371759415, 3.28068876266, 54.7448348999, -98.8062362671, -20.2294063568, -32.9330329895, -77.2689743042], [-653.331604004, 141.388259888, 173.158660889, 395.958068848, 198.352859497, -20.8472862244, 89.9693069458, 29.7209453583, 98.0135498047, 11.5979337692, 24.4880905151, 36.6361465454, 31.3870372772], [-360.944244385, 170.578704834, -40.3961257935, 198.352859497, 360.889251709, 41.7636947632, 152.595077515, 51.3302078247, 96.0782241821, 74.8092269897, 76.5464401245, 53.1194114685, 46.7687606812], [947.887512207, -106.426506042, 9.27972412109, -20.8472862244, 41.7636947632, 245.309204102, 18.7860393524, 76.9088897705, 17.3451080322, 89.8801727295, 61.5161552429, 22.0707492828, 32.8981285095], [-586.686645508, 238.393859863, -1.82371759415, 89.9693069458, 152.595077515, 18.7860393524, 291.848602295, 73.1354446411, 112.692176819, 37.928768158, 74.0566482544, 75.0558853149, 40.6038208008], [471.268859863, 80.6675949097, 3.28068876266, 29.7209453583, 51.3302078247, 76.9088897705, 73.1354446411, 166.0184021, 48.1984786987, 35.7733345032, 50.8262939453, 42.8152427673, 31.7896633148], [-430.487487793, 90.1597976685, 54.7448348999, 98.0135498047, 96.0782241821, 17.3451080322, 112.692176819, 48.1984786987, 155.369857788, 45.9831161499, 39.6845474243, 33.2349472046, 20.6639404297], [563.666992188, 28.4522209167, -98.8062362671, 11.5979337692, 74.8092269897, 89.8801727295, 37.928768158, 35.7733345032, 45.9831161499, 150.408157349, 71.3805007935, 23.5280914307, 42.4216651917], [139.98828125, 85.1869430542, -20.2294063568, 24.4880905151, 76.5464401245, 61.5161552429, 74.0566482544, 50.8262939453, 39.6845474243, 71.3805007935, 126.965774536, 64.4623794556, 34.7082176208], [-76.2221450806, 58.9387397766, -32.9330329895, 36.6361465454, 53.1194114685, 22.0707492828, 75.0558853149, 42.8152427673, 33.2349472046, 23.5280914307, 64.4623794556, 124.68270874, 62.8113861084], [250.024429321, -0.976757526398, -77.2689743042, 31.3870372772, 46.7687606812, 32.8981285095, 40.6038208008, 31.7896633148, 20.6639404297, 42.4216651917, 34.7082176208, 62.8113861084, 125.441513062]], "icov": [[9.45583087741e-05, -3.72897884517e-05, 9.74044960458e-05, -1.13869036795e-05, 9.99746553134e-05, -0.000271056400379, 0.000173552893102, -0.000271651515504, 0.000229664918152, -0.000228706310736, 4.72002757306e-05, 0.000110907349153, -0.00010851566185], [-3.72897884517e-05, 0.000537935004104, -0.000159649396664, 9.21065839066e-06, -0.000147334561916, 0.000573149533011, -0.000423764664447, -0.000142838645843, 0.000100522462162, -0.00017888227012, -0.000190168502741, -3.7440287997e-05, 0.000171151434188], [9.74044960458e-05, -0.000159649396664, 0.00160472025163, -0.000928598165046, 0.000732352782506, -0.00109460693784, 0.000326806853991, -9.24511041376e-05, -0.00055239663925, 0.00120860571042, -0.000521100242622, 0.00045785450493, 0.000554297119379], [-1.13869036795e-05, 9.21065839066e-06, -0.000928598165046, 0.00453642709181, -0.00250344071537, 0.000965124403592, 0.000446238613222, -0.000177827474545, -0.00138806179166, 9.06295244931e-05, 0.00069502426777, -0.000474540574942, -0.000860106316395], [9.99746553134e-05, -0.000147334561916, 0.000732352782506, -0.00250344071537, 0.00550250662491, -0.000904039712623, -0.00138453033287, 3.0257000617e-05, -0.000142398261232, -0.000996469869278, -0.00115381611977, 0.00057377864141, -0.000104460021248], [-0.000271056400379, 0.000573149533011, -0.00109460693784, 0.000965124403592, -0.000904039712623, 0.00763521017507, -0.000342327810358, -0.001880050404, 0.000427261431469, -0.0030749682337, -0.000970822875388, -6.61855447106e-05, -0.000177845620783], [0.000173552893102, -0.000423764664447, 0.000326806853991, 0.000446238613222, -0.00138453033287, -0.000342327810358, 0.00675123464316, -0.00134979165159, -0.00288476794958, 0.000851873657666, -0.00115688797086, -0.00131546333432, -0.000330910173943], [-0.000271651515504, -0.000142838645843, -9.24511041376e-05, -0.000177827474545, 3.0257000617e-05, -0.001880050404, -0.00134979165159, 0.00934006553143, -0.00216716178693, 0.00176300969906, -0.00134044350125, -0.00108355784323, -0.000246181938564], [0.000229664918152, 0.000100522462162, -0.00055239663925, -0.00138806179166, -0.000142398261232, 0.000427261431469, -0.00288476794958, -0.00216716178693, 0.0118962414563, -0.00421714456752, 0.000962423568126, -0.000187205921975, 0.000268011208391], [-0.000228706310736, -0.00017888227012, 0.00120860571042, 9.06295244931e-05, -0.000996469869278, -0.0030749682337, 0.000851873657666, 0.00176300969906, -0.00421714456752, 0.0144449463114, -0.0061820638366, 0.00282142334618, -0.00226085283794], [4.72002757306e-05, -0.000190168502741, -0.000521100242622, 0.00069502426777, -0.00115381611977, -0.000970822875388, -0.00115688797086, -0.00134044350125, 0.000962423568126, -0.0061820638366, 0.0162517316639, -0.00670092226937, 0.0015992479166], [0.000110907349153, -3.7440287997e-05, 0.00045785450493, -0.000474540574942, 0.00057377864141, -6.61855447106e-05, -0.00131546333432, -0.00108355784323, -0.000187205921975, 0.00282142334618, -0.00670092226937, 0.0153343938291, -0.00606426876038], [-0.00010851566185, 0.000171151434188, 0.000554297119379, -0.000860106316395, -0.000104460021248, -0.000177845620783, -0.000330910173943, -0.000246181938564, 0.000268011208391, -0.00226085283794, 0.0015992479166, -0.00606426876038, 0.0123156392947]], "mean": [-760.525268555, 128.608947754, 35.0955314636, 4.54327869415, -12.9636383057, 3.68485689163, -12.4742088318, 3.70241045952, -10.5584363937, 0.796443045139, -0.984366416931, -2.11789917946, 0.219261959195]}, "pitch_salience": {"dmean": 0.066307887435, "dmean2": 0.100114099681, "dvar": 0.00479216314852, "dvar2": 0.00962995178998, "max": 0.830949664116, "mean": 0.532890021801, "median": 0.547476768494, "min": 0.0676233023405, "var": 0.0154516249895}, "silence_rate_20dB": {"dmean": 0, "dmean2": 0, "dvar": 0, "dvar2": 0, "max": 1, "mean": 1, "median": 1, "min": 1, "var": 0}, "silence_rate_30dB": {"dmean": 0.0177986733615, "dmean2": 0.0356003344059, "dvar": 0.0174842718989, "dvar2": 0.0420643910766, "max": 1, "mean": 0.980691730976, "median": 1, "min": 0, "var": 0.0189322419465}, "silence_rate_60dB": {"dmean": 0.0502056926489, "dmean2": 0.100419811904, "dvar": 0.0476876422763, "dvar2": 0.0983949378133, "max": 1, "mean": 0.343938887119, "median": 0, "min": 0, "var": 0.225641608238}, "spectral_centroid": {"dmean": 175.470275879, "dmean2": 257.425323486, "dvar": 119402.5, "dvar2": 238854.578125, "max": 11463.1064453, "mean": 844.846435547, "median": 681.425537109, "min": 122.29498291, "var": 390037.5}, "spectral_complexity": {"dmean": 1.36378133297, "dmean2": 2.19815278053, "dvar": 3.26226520538, "dvar2": 7.74081373215, "max": 35, "mean": 8.59570217133, "median": 8, "min": 0, "var": 34.6028366089}, "spectral_contrast_coeffs": {"dmean": [0.0439421460032, 0.0345739535987, 0.0343752875924, 0.0275687072426, 0.0194745194167, 0.0172308217734], "dmean2": [0.0694806352258, 0.0547612607479, 0.0539392158389, 0.0429002530873, 0.0303958915174, 0.0262472201139], "dvar": [0.00143382477108, 0.000953519775067, 0.000875493045896, 0.000565972353797, 0.000319210143061, 0.000291508709779], "dvar2": [0.00339703913778, 0.00230126827955, 0.00203970703296, 0.00129338679835, 0.000711556815077, 0.000597054953687], "max": [-0.267304986715, -0.338040530682, -0.362655580044, -0.490172386169, -0.578195035458, -0.574170708656], "mean": [-0.627476215363, -0.694179594517, -0.742356479168, -0.781595468521, -0.813304424286, -0.780249118805], "median": [-0.635517239571, -0.700715780258, -0.750653028488, -0.794430136681, -0.819676578045, -0.787325739861], "min": [-0.967353999615, -0.965328514576, -0.962055325508, -0.964603841305, -0.962853550911, -0.963427186012], "var": [0.0124052446336, 0.00752450339496, 0.00603693909943, 0.00541075924411, 0.0030973078683, 0.00370755628683]}, "spectral_contrast_valleys": {"dmean": [0.438824385405, 0.272112458944, 0.308709800243, 0.306046277285, 0.297539889812, 0.375872522593], "dmean2": [0.681296646595, 0.440036714077, 0.486388295889, 0.465610086918, 0.415572494268, 0.459316343069], "dvar": [0.24192532897, 0.0658222958446, 0.0961171984673, 0.123569071293, 0.143388643861, 0.191875055432], "dvar2": [0.452498346567, 0.142277374864, 0.189965754747, 0.241142690182, 0.261764317751, 0.310931831598], "max": [-5.22043418884, -5.30973052979, -5.40047979355, -6.1953163147, -6.3560423851, -7.41877555847], "mean": [-8.51469516754, -7.58082914352, -8.62469387054, -9.43106174469, -9.38865566254, -11.2277793884], "median": [-8.30317497253, -7.22355508804, -8.2493057251, -9.08146286011, -9.05880737305, -10.9456806183], "min": [-27.5285377502, -27.2287311554, -27.5765857697, -27.2288475037, -27.1803588867, -27.1525440216], "var": [3.11668157578, 2.24090695381, 2.67674684525, 2.75292015076, 2.39199519157, 2.78028678894]}, "spectral_decrease": {"dmean": 1.82809611893e-09, "dmean2": 2.54302268132e-09, "dvar": 1.60955533287e-17, "dvar2": 3.11377252345e-17, "max": -9.74098050978e-29, "mean": -4.52541515372e-09, "median": -1.67408975571e-09, "min": -5.67111477778e-08, "var": 4.71641047572e-17}, "spectral_energy": {"dmean": 0.00724653853104, "dmean2": 0.0100442981347, "dvar": 0.000238001535763, "dvar2": 0.000457727641333, "max": 0.226539865136, "mean": 0.018360324204, "median": 0.00697942171246, "min": 1.09846014899e-20, "var": 0.000750822073314}, "spectral_energyband_high": {"dmean": 0.000379034550861, "dmean2": 0.000526285555679, "dvar": 1.10862526981e-06, "dvar2": 2.25534245146e-06, "max": 0.0307636260986, "mean": 0.000762748531997, "median": 7.33887136448e-05, "min": 8.1714296969e-21, "var": 2.89998502012e-06}, "spectral_energyband_low": {"dmean": 0.00476216850802, "dmean2": 0.00688742939383, "dvar": 0.000203760748263, "dvar2": 0.000415318150772, "max": 0.15579546988, "mean": 0.00594496913254, "median": 0.000479630136397, "min": 5.92274748156e-23, "var": 0.000262235611444}, "spectral_energyband_middle_high": {"dmean": 0.000910248374566, "dmean2": 0.00127235811669, "dvar": 7.50245362724e-06, "dvar2": 1.55625821208e-05, "max": 0.0830826982856, "mean": 0.00278656650335, "median": 0.000400386808906, "min": 1.78300214869e-21, "var": 4.40627845819e-05}, "spectral_energyband_middle_low": {"dmean": 0.00275700190105, "dmean2": 0.00389785855077, "dvar": 3.58894067176e-05, "dvar2": 7.11812754162e-05, "max": 0.168734014034, "mean": 0.00922800228, "median": 0.00317792780697, "min": 2.16406104293e-22, "var": 0.000220381552936}, "spectral_entropy": {"dmean": 0.213446423411, "dmean2": 0.289046764374, "dvar": 0.068898819387, "dvar2": 0.126719802618, "max": 9.81148338318, "mean": 7.1428399086, "median": 7.18410873413, "min": 4.64630079269, "var": 0.495484143496}, "spectral_flux": {"dmean": 0.0213336609304, "dmean2": 0.031601794064, "dvar": 0.00126270984765, "dvar2": 0.00260465103202, "max": 0.393086642027, "mean": 0.053769543767, "median": 0.0325022116303, "min": 1.04807447443e-10, "var": 0.00344705441967}, "spectral_kurtosis": {"dmean": 2.47867512703, "dmean2": 3.69552469254, "dvar": 29.7402057648, "dvar2": 58.4799499512, "max": 127.27355957, "mean": 7.26118612289, "median": 4.39897823334, "min": -1.20553648472, "var": 119.054710388}, "spectral_rms": {"dmean": 0.000649561116006, "dmean2": 0.000858885236084, "dvar": 1.20771767342e-06, "dvar2": 2.06613140108e-06, "max": 0.0148665569723, "mean": 0.00329977553338, "median": 0.00260944291949, "min": 3.27363461859e-12, "var": 7.02391980667e-06}, "spectral_rolloff": {"dmean": 708.74407959, "dmean2": 1167.29150391, "dvar": 3975813, "dvar2": 8089817.5, "max": 18432.421875, "mean": 1636.61083984, "median": 667.529296875, "min": 64.599609375, "var": 8189776}, "spectral_skewness": {"dmean": 0.292391061783, "dmean2": 0.419179826975, "dvar": 0.193973451853, "dvar2": 0.360346853733, "max": 9.54233074188, "mean": 2.05426979065, "median": 1.88029026985, "min": -0.09679158777, "var": 1.24917709827}, "spectral_spread": {"dmean": 847726.625, "dmean2": 1147726.75, "dvar": 1299524747260.0, "dvar2": 2267109392380.0, "max": 39283612, "mean": 5675410.5, "median": 5442073.5, "min": 737962.625,