{"lowlevel": {"average_loudness": 0.926732480526, "barkbands": {"dmean": [0.000162314492627, 0.00157583411783, 0.000965220213402, 0.000353924609954, 0.000541848654393, 0.000695630151313, 0.000514109269716, 0.000496113090776, 0.000537816318683, 0.00045128306374, 0.000359882047633, 0.000452534441138, 0.00046743414714, 0.000395389855839, 0.000498167064507, 0.000342049199389, 0.000312043732265, 0.000286079332, 0.000250329758273, 0.000223142269533, 0.000177692520083, 0.000128632847918, 0.000119234951853, 7.40133764339e-05, 3.71546921087e-05, 4.88151317768e-06, 6.70473298214e-07], "dmean2": [0.000270113378065, 0.00264407438226, 0.00146545143798, 0.00057608098723, 0.000858505140059, 0.00104354554787, 0.000813734659459, 0.000766235869378, 0.000810492783785, 0.000662081234623, 0.000506758515257, 0.000655236770399, 0.000709075888153, 0.000602971587796, 0.000771195220295, 0.000519852968864, 0.000479411362903, 0.000441439915448, 0.000373453483917, 0.000331558927428, 0.000252338184509, 0.000172589585418, 0.000163784075994, 9.9252720247e-05, 4.64500299131e-05, 6.11825407759e-06, 1.02649426026e-06], "dvar": [7.38835836955e-08, 4.80957942273e-06, 2.50542188951e-06, 3.345275843e-07, 8.12435814623e-07, 2.15776958612e-06, 2.52432073466e-06, 1.18278239825e-06, 1.47111529714e-06, 1.95867460207e-06, 1.26275460843e-06, 1.53212158693e-06, 1.78978166332e-06, 1.4459801605e-06, 1.3513332533e-06, 9.45957935983e-07, 5.29552494299e-07, 3.47732509454e-07, 2.37929185687e-07, 2.3801203497e-07, 1.79777046583e-07, 1.71697919882e-07, 1.60403544669e-07, 1.5303007217e-07, 2.29166161603e-08, 1.59698754221e-10, 6.3486295214e-12], "dvar2": [2.0051048466e-07, 1.28493966258e-05, 5.73250508751e-06, 8.39298365918e-07, 1.87593423107e-06, 4.52606536783e-06, 5.84724102737e-06, 2.70390705737e-06, 3.242811772e-06, 3.59018986273e-06, 2.09124050343e-06, 3.10738391818e-06, 3.89191563954e-06, 3.06001697936e-06, 3.15195870826e-06, 1.84384362001e-06, 1.34061281187e-06, 7.9475472603e-07, 4.99126031173e-07, 5.60477758427e-07, 3.94543235416e-07, 2.8829398957e-07, 3.56684154212e-07, 2.56501834883e-07, 3.42938371034e-08, 2.52991960714e-10, 1.67824504294e-11], "max": [0.00449409335852, 0.0264943242073, 0.0185797996819, 0.00803238339722, 0.0197772197425, 0.0290236677974, 0.0399546138942, 0.0357386879623, 0.0205619763583, 0.055800832808, 0.0445608571172, 0.03431680426, 0.0320605784655, 0.0296416319907, 0.0265580974519, 0.0386635363102, 0.0240938030183, 0.0159534234554, 0.0212566684932, 0.0124573381618, 0.00929283536971, 0.0321421660483, 0.0134785119444, 0.0191129986197, 0.00706173619255, 0.000541224027984, 4.97639957757e-05], "mean": [0.000189380138181, 0.00269441399723, 0.00156542321201, 0.000508092052769, 0.000957014271989, 0.00139318325091, 0.000965286395513, 0.000833665195387, 0.000978763680905, 0.000764210242778, 0.000757709378377, 0.000895254022907, 0.000812650949229, 0.000609987357166, 0.000802055583335, 0.000564133399166, 0.000570648524445, 0.000489034457132, 0.000476847781101, 0.000411308486946, 0.000287014525384, 0.000236748266616, 0.000195126296603, 0.000121833109006, 5.92788710492e-05, 7.81197195465e-06, 9.33656622237e-07], "median": [8.22700239951e-05, 0.00201663468033, 0.000701871758793, 0.000252099969657, 0.000556546496227, 0.000501099566463, 0.000245168135734, 0.000282924913336, 0.000214820975089, 0.000226924967137, 8.8557266281e-05, 0.00023846628028, 0.000217476976104, 0.000166511483258, 0.000281509855995, 0.000190681603272, 0.00023859119392, 0.000205129486858, 0.000227139447816, 0.00017163445591, 9.84241414699e-05, 7.355811249e-05, 5.14777748322e-05, 1.82327385119e-05, 9.88366991805e-06, 1.27923090076e-06, 3.46254893202e-07], "min": [8.51914655983e-25, 2.52890938514e-24, 6.54141754322e-25, 9.41904456784e-25, 1.14438868229e-23, 1.16265412546e-23, 5.18442266254e-24, 8.42801162882e-24, 8.03509736687e-24, 1.61377717143e-23, 1.30129571958e-23, 1.89529764713e-23, 3.58633648671e-23, 3.14459678344e-23, 4.4494774814e-23, 4.69392117901e-23, 6.14678713409e-23, 9.89148271436e-23, 1.17992008187e-22, 1.45209274517e-22, 2.47343689139e-22, 3.27045449216e-22, 3.77926169809e-22, 5.81192426263e-22, 8.78323739838e-22, 1.31996972644e-21, 1.85076471985e-21], "var": [8.79802115605e-08, 6.82741483615e-06, 4.5277015488e-06, 5.2299753861e-07, 1.77938522938e-06, 7.1914801083e-06, 6.83925827616e-06, 2.90383491119e-06, 4.00125691158e-06, 4.5716024033e-06, 6.88648560754e-06, 5.79389643462e-06, 4.33308832726e-06, 2.66677216132e-06, 2.30594105233e-06, 2.2571948648e-06, 1.18215757539e-06, 6.59104330225e-07, 5.41470228654e-07, 4.97725181958e-07, 3.31865550152e-07, 5.87864633417e-07, 3.46416896946e-07, 4.66839509272e-07, 7.29520337472e-08, 3.83688025796e-10, 5.44279248407e-12]}, "barkbands_crest": {"dmean": 2.22931575775, "dmean2": 3.58938479424, "dvar": 4.16129970551, "dvar2": 10.2799310684, "max": 24.759059906, "mean": 8.30501747131, "median": 7.51933193207, "min": 2.08225536346, "var": 12.5866155624}, "barkbands_flatness_db": {"dmean": 0.0171487778425, "dmean2": 0.0248415954411, "dvar": 0.000290625059279, "dvar2": 0.000601494917646, "max": 0.280364602804, "mean": 0.103125840425, "median": 0.100209102035, "min": 0.0190460365266, "var": 0.00133837119211}, "barkbands_kurtosis": {"dmean": 1.61288094521, "dmean2": 2.492664814, "dvar": 13.1500387192, "dvar2": 29.8891143799, "max": 86.0203781128, "mean": 1.37789702415, "median": -0.145945072174, "min": -1.91478490829, "var": 27.1787719727}, "barkbands_skewness": {"dmean": 0.452003240585, "dmean2": 0.66440808773, "dvar": 0.252820670605, "dvar2": 0.529576599598, "max": 7.97864484787, "mean": 0.768011510372, "median": 0.623127579689, "min": -7.28393888474, "var": 1.30518460274}, "barkbands_spread": {"dmean": 6.34523248672, "dmean2": 9.39113998413, "dvar": 44.2398376465, "dvar2": 95.1767501831, "max": 130.749435425, "mean": 29.9847602844, "median": 28.2553787231, "min": 1.76439213753, "var": 199.389633179}, "dissonance": {"dmean": 0.0141943115741, "dmean2": 0.0237496308982, "dvar": 0.000227995566092, "dvar2": 0.000622488325462, "max": 0.499995321035, "mean": 0.47262108326, "median": 0.477529674768, "min": 0.123841941357, "var": 0.00043242648826}, "dynamic_complexity": 3.79829692841, "erbbands": {"dmean": [0.045826677233, 0.381717503071, 1.18671751022, 0.972459435463, 1.05611336231, 2.00240182877, 4.93229627609, 5.46487379074, 6.88305711746, 6.82970666885, 13.2669830322, 11.7943639755, 11.0716619492, 15.4714241028, 15.0181217194, 16.1844749451, 16.0142154694, 21.8934898376, 23.3671722412, 21.3175182343, 19.236989975, 14.3269062042, 14.9522800446, 12.4441843033, 12.8453330994, 10.4888677597, 6.27843427658, 7.95095062256, 4.94741201401, 4.07860851288, 3.09586453438, 2.01884436607, 0.999352574348, 0.553147792816, 0.184734478593, 0.0370517075062, 0.00653680134565, 0.000779315771069, 0.000160369541845, 1.17634554044e-05], "dmean2": [0.0768014863133, 0.641507744789, 1.80492985249, 1.54144024849, 1.73660063744, 3.17240262032, 7.65548658371, 8.27293872833, 10.7160243988, 10.3607273102, 20.1399230957, 17.5948028564, 16.7055053711, 21.7488460541, 21.7252655029, 23.0574493408, 23.738243103, 33.0720481873, 34.8916244507, 33.3959274292, 28.4796791077, 21.448299408, 22.6216144562, 18.3288154602, 19.1139163971, 15.5390262604, 8.95183372498, 11.4041061401, 6.72206830978, 5.53830385208, 4.23220777512, 2.74658846855, 1.31356954575, 0.708699703217, 0.230165377259, 0.0459428317845, 0.00810000207275, 0.00099926115945, 0.000250790064456, 1.58153616212e-05], "dvar": [0.0042815040797, 0.321912050247, 3.79129910469, 2.1223795414, 3.00412654877, 13.2136325836, 114.671340942, 182.003738403, 423.817199707, 549.193054199, 731.054626465, 750.177307129, 1261.55847168, 1935.37194824, 1867.58630371, 1595.19238281, 2292.12670898, 3611.17041016, 3796.91333008, 2570.86694336, 2697.6875, 915.185302734, 1047.13195801, 608.585449219, 546.966003418, 610.48223877, 158.442687988, 457.688781738, 230.11328125, 169.275497437, 126.395988464, 106.201408386, 27.9092025757, 5.55338478088, 0.513743579388, 0.013914023526, 0.000214875908569, 3.39380562764e-06, 4.38923166257e-07, 6.01803329392e-10], "dvar2": [0.0116041544825, 0.854625582695, 8.59035491943, 5.17395067215, 7.75511693954, 30.7482872009, 254.12260437, 407.656097412, 973.008117676, 1125.203125, 1668.8380127, 1656.27380371, 2546.36474609, 3204.83398438, 3439.93383789, 3208.82983398, 4800.56689453, 7966.83789062, 7915.79101562, 6167.36230469, 5087.83154297, 2134.12524414, 2353.10327148, 1277.80932617, 1206.17919922, 1441.79724121, 319.296936035, 1028.2746582, 386.404998779, 327.085205078, 281.624176025, 188.054672241, 43.9517593384, 8.5973815918, 0.756128847599, 0.0207052603364, 0.000325178145431, 6.24862241239e-06, 1.19297783385e-06, 1.40850309194e-09], "max": [0.840261697769, 7.13998317719, 21.7196960449, 17.3738937378, 24.1630706787, 105.578285217, 332.499450684, 296.627166748, 555.389770508, 680.247436523, 665.572814941, 528.513793945, 1038.53637695, 2123.11621094, 1816.18994141, 975.019836426, 1493.9005127, 2146.07104492, 2028.84741211, 1256.19677734, 2455.13232422, 1056.90368652, 1133.55480957, 1159.94628906, 677.944030762, 690.004577637, 397.194335938, 511.426452637, 1035.97766113, 861.201477051, 379.163970947, 474.785919189, 270.852478027, 109.57371521, 33.1636047363, 6.1049041748, 0.35962715745, 0.0364376604557, 0.0151147535071, 0.00055920239538], "mean": [0.0761689990759, 0.612810373306, 1.90887641907, 1.65450656414, 1.64027345181, 3.31429648399, 9.67535686493, 10.7504444122, 13.1434993744, 12.2446489334, 24.0645179749, 22.3693599701, 19.4588375092, 30.149930954, 36.6502037048, 32.4192428589, 29.4937114716, 38.7048301697, 40.4916191101, 36.1601486206, 34.8663787842, 28.7184848785, 27.4777069092, 23.9316864014, 24.989780426, 19.6780357361, 11.6337966919, 12.1293296814, 9.00087356567, 7.19923448563, 4.9257774353, 3.27405810356, 1.63327932358, 0.886858105659, 0.288293242455, 0.0587666854262, 0.0106800608337, 0.0013136730995, 0.000205877135159, 3.28935457219e-05], "median": [0.0481440536678, 0.448425918818, 0.899286210537, 0.950169742107, 0.979084730148, 1.78333187103, 3.52332568169, 3.67680072784, 3.79253792763, 4.38024568558, 8.91994380951, 6.12745952606, 6.36250782013, 8.70535087585, 6.65893697739, 11.0721206665, 9.3796672821, 13.1586799622, 14.4890775681, 13.1394548416, 11.9917621613, 12.4680595398, 12.3705511093, 12.7324447632, 11.2998046875, 8.43067264557, 4.34712028503, 4.09812450409, 2.87762331963, 2.1645693779, 1.19891262054, 0.573000013828, 0.228172183037, 0.142157256603, 0.0496568642557, 0.00928798690438, 0.00179805769585, 0.000334054784616, 7.10737804184e-05, 2.4886774554e-05], "min": [4.18120923782e-23, 5.46974391741e-22, 2.50072128032e-21, 3.46744823156e-21, 9.73906620466e-21, 3.0303949149e-20, 4.81517764256e-20, 8.25150401137e-20, 6.36982709159e-20, 2.04694967412e-19, 1.8245851724e-19, 3.47333061663e-19, 3.92652167774e-19, 8.25765048031e-19, 1.01661148687e-18, 1.13761022611e-18, 1.62092513718e-18, 2.05462006825e-18, 2.79089621982e-18, 2.67275725076e-18, 3.73795226033e-18, 4.33139313847e-18, 5.74223611355e-18, 5.79651281022e-18, 7.69137431688e-18, 7.6196180531e-18, 7.41775620514e-18, 1.04117298148e-17, 1.00926804623e-17, 1.17395399864e-17, 1.08723883523e-17, 1.055403135e-17, 9.21344620098e-18, 8.21528156555e-18, 6.18144544417e-18, 4.17053794219e-18, 2.19027851588e-18, 9.47921891821e-19, 2.45215779736e-19, 2.62294416285e-20], "var": [0.00659530656412, 0.405143022537, 6.44096088409, 4.05950069427, 4.20269155502, 25.7823810577, 367.620025635, 539.53125, 1119.32543945, 1190.29003906, 1908.74560547, 2081.5949707, 2441.234375, 6497.3125, 12527.9013672, 4870.91015625, 4936.91210938, 8105.66357422, 7967.10644531, 4590.63085938, 7604.84521484, 2733.09863281, 2071.39794922, 1318.72412109, 1331.09399414, 1205.02050781, 429.893920898, 741.182067871, 748.598144531, 478.321746826, 264.3934021, 289.159820557, 89.010307312, 17.6905117035, 1.51075291634, 0.0363546833396, 0.00053635291988, 6.6733841777e-06, 3.37821802532e-07, 1.09752873456e-09]}, "erbbands_crest": {"dmean": 2.38056993484, "dmean2": 3.82484054565, "dvar": 5.46404933929, "dvar2": 12.8062849045, "max": 30.1796684265, "mean": 8.23243904114, "median": 7.24989175797, "min": 2.41560196877, "var": 15.5945930481}, "erbbands_flatness_db": {"dmean": 0.0163166318089, "dmean2": 0.0225966516882, "dvar": 0.000227662341786, "dvar2": 0.000426460901508, "max": 0.32264187932, "mean": 0.15572181344, "median": 0.154506891966, "min": 0.0362718328834, "var": 0.00138580985367}, "erbbands_kurtosis": {"dmean": 0.763518512249, "dmean2": 1.17240285873, "dvar": 1.16990125179, "dvar2": 2.4758939743, "max": 32.8984985352, "mean": 0.256210774183, "median": -0.132395744324, "min": -1.75816333294, "var": 2.9463198185}, "erbbands_skewness": {"dmean": 0.313374817371, "dmean2": 0.463373661041, "dvar": 0.0887717530131, "dvar2": 0.18223553896, "max": 3.7283642292, "mean": -0.0904460325837, "median": -0.128152579069, "min": -4.68945837021, "var": 0.524977743626}, "erbbands_spread": {"dmean": 7.23083543777, "dmean2": 10.8015012741, "dvar": 58.4956703186, "dvar2": 130.062820435, "max": 117.092887878, "mean": 35.0266723633, "median": 32.9959793091, "min": 4.26151990891, "var": 211.031387329}, "gfcc": {"cov": [[31227.4101562, 1882.15087891, -3612.33691406, 1183.80725098, -1596.65148926, 588.593200684, -782.565490723, 353.787780762, -391.780334473, 83.394317627, -182.095458984, -69.5671920776, -184.547897339], [1882.15087891, 1053.66687012, -285.485168457, -36.8546867371, 82.8743515015, -128.874572754, 37.8187866211, -71.3748626709, 11.9738416672, -55.4552726746, 38.4417266846, -11.9070587158, 8.69239902496], [-3612.33691406, -285.485168457, 939.561279297, 46.1865348816, 154.017074585, 17.3343486786, 30.4082527161, -25.172170639, 22.5913257599, -24.9880561829, -37.9221763611, 9.03726959229, -12.8541049957], [1183.80725098, -36.8546867371, 46.1865348816, 328.771820068, -10.0582590103, 28.3849010468, -75.5683364868, 25.509180069, 13.9148788452, 1.6619399786, -38.5259284973, -7.55816364288, -5.83368778229], [-1596.65148926, 82.8743515015, 154.017074585, -10.0582590103, 303.159973145, -16.1705646515, 64.373260498, -29.6167163849, 36.6974105835, 1.68382668495, -15.9588260651, -8.39890480042, 14.0260820389], [588.593200684, -128.874572754, 17.3343486786, 28.3849010468, -16.1705646515, 226.237472534, 50.2947349548, 29.2487392426, -35.6427268982, 10.8320598602, -32.6831512451, -30.3583164215, -31.6998062134], [-782.565490723, 37.8187866211, 30.4082527161, -75.5683364868, 64.373260498, 50.2947349548, 183.901672363, 6.92287731171, -12.2644968033, 1.88055741787, 8.57142353058, -19.7976875305, -11.4241666794], [353.787780762, -71.3748626709, -25.172170639, 25.509180069, -29.6167163849, 29.2487392426, 6.92287731171, 100.280845642, 26.342792511, 4.1176366806, -7.8018488884, -5.56873035431, -7.76257705688], [-391.780334473, 11.9738416672, 22.5913257599, 13.9148788452, 36.6974105835, -35.6427268982, -12.2644968033, 26.342792511, 101.796508789, 23.572845459, 9.63622665405, 3.90512394905, 10.2335100174], [83.394317627, -55.4552726746, -24.9880561829, 1.6619399786, 1.68382668495, 10.8320598602, 1.88055741787, 4.1176366806, 23.572845459, 80.8890914917, 17.7564239502, -0.949166953564, -4.82745742798], [-182.095458984, 38.4417266846, -37.9221763611, -38.5259284973, -15.9588260651, -32.6831512451, 8.57142353058, -7.8018488884, 9.63622665405, 17.7564239502, 87.2641525269, 27.3327312469, 3.66623950005], [-69.5671920776, -11.9070587158, 9.03726959229, -7.55816364288, -8.39890480042, -30.3583164215, -19.7976875305, -5.56873035431, 3.90512394905, -0.949166953564, 27.3327312469, 74.9910583496, 31.5760345459], [-184.547897339, 8.69239902496, -12.8541049957, -5.83368778229, 14.0260820389, -31.6998062134, -11.4241666794, -7.76257705688, 10.2335100174, -4.82745742798, 3.66623950005, 31.5760345459, 65.1639785767]], "icov": [[0.000564564194065, -0.00134977151174, 0.00149403733667, -0.00158507574815, 0.00172924424987, -0.00163470825646, 0.00166615180206, -0.00157683517318, 0.00180152314715, -0.00162459420972, 0.00161929172464, -0.00130388571415, 0.0010060077766], [-0.00134977151174, 0.00460278429091, -0.00301700551063, 0.00358498515561, -0.00454545160756, 0.00450410973281, -0.00446354504675, 0.00476942863315, -0.00482535455376, 0.00517844222486, -0.00437271548435, 0.00346663594246, -0.00204808008857], [0.00149403733667, -0.00301700551063, 0.00542001845315, -0.00444935495034, 0.00385678536259, -0.00422606291249, 0.0040624900721, -0.00337838009, 0.00413921661675, -0.00333420350216, 0.00461106048897, -0.00408575218171, 0.00355160376057], [-0.00158507574815, 0.00358498515561, -0.00444935495034, 0.00820974912494, -0.00498599512503, 0.00390812475234, -0.00283357617445, 0.00346407969482, -0.00524781784043, 0.0041697146371, -0.00336350733414, 0.00367495208047, -0.00267817336135], [0.00172924424987, -0.00454545160756, 0.00385678536259, -0.00498599512503, 0.00998733844608, -0.00484990561381, 0.00328751606867, -0.00323863257654, 0.00355495349504, -0.00541031826288, 0.00625628745183, -0.00366287468933, 0.00196343194693], [-0.00163470825646, 0.00450410973281, -0.00422606291249, 0.00390812475234, -0.00484990561381, 0.0111507326365, -0.00676191132516, 0.00325773446821, -0.00299067352898, 0.00348035618663, -0.00294244172983, 0.00432677334175, -0.00124677515123], [0.00166615180206, -0.00446354504675, 0.0040624900721, -0.00283357617445, 0.00328751606867, -0.00676191132516, 0.0128681045026, -0.00650863116607, 0.00680708605796, -0.00509784370661, 0.0029938321095, -0.00205071177334, 0.00272392528132], [-0.00157683517318, 0.00476942863315, -0.00337838009, 0.00346407969482, -0.00323863257654, 0.00325773446821, -0.00650863116607, 0.0180757995695, -0.0106621459126, 0.00647700019181, -0.00350272795185, 0.0030980235897, -0.00131400744431], [0.00180152314715, -0.00482535455376, 0.00413921661675, -0.00524781784043, 0.00355495349504, -0.00299067352898, 0.00680708605796, -0.0106621459126, 0.0202755983919, -0.00980742275715, 0.00392897799611, -0.00301568792202, 0.00112516374793], [-0.00162459420972, 0.00517844222486, -0.00333420350216, 0.0041697146371, -0.00541031826288, 0.00348035618663, -0.00509784370661, 0.00647700019181, -0.00980742275715, 0.0205593444407, -0.0083371931687, 0.00451498758048, -0.00149615900591], [0.00161929172464, -0.00437271548435, 0.00461106048897, -0.00336350733414, 0.00625628745183, -0.00294244172983, 0.0029938321095, -0.00350272795185, 0.00392897799611, -0.0083371931687, 0.0210076551884, -0.0104336310178, 0.00574643211439], [-0.00130388571415, 0.00346663594246, -0.00408575218171, 0.00367495208047, -0.00366287468933, 0.00432677334175, -0.00205071177334, 0.0030980235897, -0.00301568792202, 0.00451498758048, -0.0104336310178, 0.0235264766961, -0.0117342732847], [0.0010060077766, -0.00204808008857, 0.00355160376057, -0.00267817336135, 0.00196343194693, -0.00124677515123, 0.00272392528132, -0.00131400744431, 0.00112516374793, -0.00149615900591, 0.00574643211439, -0.0117342732847, 0.0232960321009]], "mean": [-30.2699050903, 83.2343063354, -133.36706543, 43.2751274109, -52.0191917419, 15.3242959976, -28.0541572571, 8.1695690155, -14.3309087753, 4.32687664032, -9.58231735229, 0.361792623997, -7.2422709465]}, "hfc": {"dmean": 7.25300931931, "dmean2": 8.9343662262, "dvar": 128.005599976, "dvar2": 203.087554932, "max": 364.309661865, "mean": 21.9322814941, "median": 13.8818883896, "min": 1.06439285118e-16, "var": 615.758056641}, "melbands": {"dmean": [0.00040638455539, 0.000565382360946, 0.000166591169545, 9.74220820353e-05, 0.000151428263052, 0.000123133781017, 0.000106516556116, 7.66358207329e-05, 0.000109411230369, 7.38493035897e-05, 5.75304475205e-05, 6.58374774503e-05, 5.24821698491e-05, 5.27171359863e-05, 3.67368702427e-05, 4.39621871919e-05, 4.09770691476e-05, 3.97824733227e-05, 3.02541848214e-05, 2.68297389994e-05, 2.47100069828e-05, 1.57982904057e-05, 1.61086336448e-05, 1.51392505359e-05, 1.03394586404e-05, 1.06041225081e-05, 9.25817857933e-06, 6.83693042447e-06, 4.22937864641e-06, 4.4060370783e-06, 4.69559836347e-06, 3.02716898659e-06, 2.35784659708e-06, 2.46163403972e-06, 1.85305248124e-06, 1.5893674572e-06, 1.19779292618e-06, 7.8609019738e-07, 4.88293096623e-07, 5.00056387409e-07], "dmean2": [0.000682404788677, 0.000880683190189, 0.000261360633885, 0.000157537026098, 0.000234574617934, 0.0001854946604, 0.000166530371644, 0.000115362738143, 0.000164748547832, 0.000111036890303, 8.75872647157e-05, 9.32461334742e-05, 7.45404977351e-05, 7.54171778681e-05, 5.30170000275e-05, 6.78166761645e-05, 6.2082806835e-05, 5.9773112298e-05, 4.76509267173e-05, 4.16932161897e-05, 3.73752154701e-05, 2.40696444962e-05, 2.52793270192e-05, 2.34664512391e-05, 1.55301113409e-05, 1.62179712788e-05, 1.40252977872e-05, 1.0317041415e-05, 6.2995168264e-06, 6.37880975773e-06, 6.88800537318e-06, 4.29696683568e-06, 3.27330940308e-06, 3.46557817466e-06, 2.60382671513e-06, 2.26379574997e-06, 1.67917062299e-06, 1.04757691588e-06, 6.42978193355e-07, 6.62386867134e-07], "dvar": [2.97189558296e-07, 7.96809445092e-07, 6.31263645801e-08, 2.53532466132e-08, 9.42081967992e-08, 8.04783795161e-08, 1.01116171436e-07, 5.27512540316e-08, 4.9774325106e-08, 3.01835179073e-08, 3.33140484088e-08, 3.65879593289e-08, 2.43924844767e-08, 1.92706792745e-08, 1.50933381349e-08, 1.4868954068e-08, 1.34702489163e-08, 1.20389707092e-08, 5.70725156024e-09, 5.53891554844e-09, 4.50016690579e-09, 1.46226875053e-09, 1.3330937465e-09, 9.79793024491e-10, 4.97010765876e-10, 3.9559977516e-10, 3.91729343407e-10, 2.69197969471e-10, 7.25062510032e-11, 1.15296903969e-10, 1.69330063859e-10, 9.72553912404e-11, 5.97619245757e-11, 5.60396590243e-11, 4.38018787907e-11, 5.63831550893e-11, 4.44144686307e-11, 2.04130826825e-11, 5.16071300277e-12, 4.18858220677e-12], "dvar2": [8.03656575954e-07, 1.86362933619e-06, 1.50417477585e-07, 6.22707290177e-08, 2.09350943692e-07, 1.75218247023e-07, 2.34057338844e-07, 1.08128659804e-07, 1.12995351742e-07, 6.80194318647e-08, 6.77651428305e-08, 6.09854424738e-08, 4.21664658745e-08, 3.6763161404e-08, 2.66404693861e-08, 3.57139455787e-08, 2.92603843377e-08, 2.42871696088e-08, 1.39707054814e-08, 1.22330403585e-08, 8.90171758527e-09, 3.57878771062e-09, 3.11036507661e-09, 2.28468399754e-09, 1.04917352584e-09, 8.64665616884e-10, 9.5850427595e-10, 6.38762431837e-10, 1.56745130764e-10, 2.51840825971e-10, 3.96636057332e-10, 1.67686239894e-10, 1.15187248628e-10, 1.15075997342e-10, 9.9005768861e-11, 1.2469081323e-10, 8.34953217677e-11, 3.34335441277e-11, 8.05412160576e-12, 7.56340129415e-12], "max": [0.00735299987718, 0.00985628552735, 0.00341122201644, 0.00346431927755, 0.009257982485, 0.00606921967119, 0.00882659014314, 0.00728937285021, 0.00571490824223, 0.00357723026536, 0.0050813970156, 0.0093657374382, 0.00710387574509, 0.00411014072597, 0.00626094872132, 0.00416035298258, 0.00354347284883, 0.00418407702819, 0.00159464811441, 0.00239934702404, 0.00292237312533, 0.0015338085359, 0.00107486767229, 0.0007089599967, 0.00111021799967, 0.000555707199965, 0.000459034461528, 0.000507510325406, 0.000197185800062, 0.000257510459051, 0.000362543680239, 0.000657971424516, 0.000518741551787, 0.000441607320681, 0.00025207476574, 0.00032403235673, 0.00029141351115, 0.000244040114922, 0.000109095526568, 8.83017564774e-05], "mean": [0.000713327142876, 0.000941251404583, 0.000291636388283, 0.000161176663823, 0.00030378982774, 0.00024509121431, 0.000204430747544, 0.000134093104862, 0.000200736554689, 0.000135121401399, 9.76169394562e-05, 0.000122141616885, 0.000120638993394, 0.000107566185761, 6.42990489723e-05, 7.67511519371e-05, 6.8365050538e-05, 6.50577276247e-05, 4.88746954943e-05, 4.29245119449e-05, 4.13993657276e-05, 2.94318961096e-05, 2.73152909358e-05, 2.47905918513e-05, 1.80766637641e-05, 1.95259726752e-05, 1.61705374921e-05, 1.21342836792e-05, 7.40042696634e-06, 6.86671319272e-06, 6.86610064804e-06, 5.28142118128e-06, 4.09632139053e-06, 4.05291984862e-06, 2.85847158921e-06, 2.37901690525e-06, 1.8663128003e-06, 1.23649954276e-06, 7.99223585091e-07, 7.50908156988e-07], "median": [0.000532860518433, 0.000541582820006, 0.000170053142938, 9.90259140963e-05, 0.000121571058116, 8.61094013089e-05, 5.72077042307e-05, 5.22141781403e-05, 6.67177737341e-05, 3.11193216476e-05, 2.92095792247e-05, 3.35738986905e-05, 1.7018053768e-05, 2.61679597315e-05, 2.03840118047e-05, 2.15082527575e-05, 2.05724063562e-05, 1.97812332772e-05, 1.6803989638e-05, 1.52591819642e-05, 1.29164181999e-05, 1.19011010611e-05, 1.17278850666e-05, 1.00901897895e-05, 8.95213725016e-06, 8.12606049294e-06, 6.51900654702e-06, 4.83362964587e-06, 2.65176709036e-06, 2.16593844016e-06, 2.28805492952e-06, 1.63954064192e-06, 1.19240019103e-06, 1.14989779831e-06, 6.77570824337e-07, 4.70186989787e-07, 2.69315478363e-07, 1.55846535677e-07, 1.04777377885e-07, 1.28597477556e-07], "min": [8.87873204018e-25, 1.65778014827e-24, 5.39367768119e-25, 1.51941996056e-24, 1.99229069867e-24, 2.15848574482e-24, 8.60926208534e-25, 2.44390587552e-24, 1.23226256093e-24, 1.60294346852e-24, 1.73459252069e-24, 2.71658097222e-24, 3.0230210906e-24, 2.01935198038e-24, 3.01881981463e-24, 3.78950398409e-24, 3.49366576185e-24, 3.96122598695e-24, 3.46812796776e-24, 3.81180942062e-24, 3.75697727682e-24, 3.55574162091e-24, 4.84551105714e-24, 4.55227252601e-24, 4.07640914545e-24, 4.66818538084e-24, 3.7500826325e-24, 4.57715950985e-24, 4.20298029997e-24, 5.17532749073e-24, 5.61712194095e-24, 3.32374472843e-24, 5.65793563203e-24, 5.15972658304e-24, 5.41591547289e-24, 5.20857442801e-24, 6.19096657911e-24, 5.95070124105e-24, 6.53526531562e-24, 5.94793746687e-24], "var": [4.59498608052e-07, 1.27046268972e-06, 1.25330345213e-07, 4.42430660996e-08, 3.10553133431e-07, 2.52481328289e-07, 2.72466706974e-07, 1.13815552538e-07, 1.32999247171e-07, 7.88528566886e-08, 6.45203144245e-08, 1.14879561863e-07, 1.46549567148e-07, 8.7816033556e-08, 4.30192983458e-08, 3.58421772262e-08, 2.91240045414e-08, 2.60592170065e-08, 9.07170427666e-09, 9.6294199281e-09, 1.18539356109e-08, 3.79016062979e-09, 2.4916801955e-09, 1.75530068258e-09, 9.76200453806e-10, 9.0465629432e-10, 7.47156669867e-10, 5.09557840367e-10, 1.74643965956e-10, 2.14071302351e-10, 2.5915727897e-10, 3.01965702443e-10, 1.66212654751e-10, 1.43406772568e-10, 9.03287514231e-11, 1.08135986276e-10, 1.15776874199e-10, 5.9846010092e-11, 1.77907549803e-11, 1.09216316546e-11]}, "melbands_crest": {"dmean": 3.04802417755, "dmean2": 4.91106176376, "dvar": 7.99228954315, "dvar2": 19.9202384949, "max": 33.529750824, "mean": 12.2854118347, "median": 11.5387353897, "min": 1.4599173069, "var": 24.7550163269}, "melbands_flatness_db": {"dmean": 0.0230434834957, "dmean2": 0.0329837650061, "dvar": 0.000529295939486, "dvar2": 0.0010632238118, "max": 0.387973666191, "mean": 0.153382629156, "median": 0.151542529464, "min": 0.00273151020519, "var": 0.00332393846475}, "melbands_kurtosis": {"dmean": 4.52045249939, "dmean2": 7.01359128952, "dvar": 107.587585449, "dvar2": 260.6847229, "max": 244.298370361, "mean": 7.05152654648, "median": 2.61879777908, "min": -1.80100297928, "var": 204.903778076}, "melbands_skewness": {"dmean": 0.619855761528, "dmean2": 0.914200305939, "dvar": 0.544365942478, "dvar2": 1.19990551472, "max": 12.5137500763, "mean": 1.88775110245, "median": 1.62418580055, "min": -3.88295483589, "var": 2.28418326378}, "melbands_spread": {"dmean": 9.89644050598, "dmean2": 14.4610395432, "dvar": 166.08454895, "dvar2": 333.636657715, "max": 253.290771484, "mean": 39.953502655, "median": 34.1652336121, "min": 1.13318109512, "var": 811.121276855}, "mfcc": {"cov": [[11209.4443359, 673.668579102, -441.714111328, 119.753097534, -177.233978271, 4.96729564667, -16.3807678223, 117.372291565, -82.6218185425, 185.895202637, -12.1995658875, 27.8347682953, 30.7475967407], [673.668579102, 1213.45959473, -240.917602539, 116.511535645, -8.32830619812, 23.6305465698, 15.6864595413, 11.6496305466, -25.7588596344, -33.0549316406, 26.1406059265, -22.6136875153, 14.7659931183], [-441.714111328, -240.917602539, 550.837768555, 48.42628479, 64.6261062622, 33.4783821106, -6.23062086105, 24.3968677521, -0.287592917681, -19.7275466919, -2.08499073982, -2.15736961365, -29.0715751648], [119.753097534, 116.511535645, 48.42628479, 281.218170166, 97.4670639038, 4.83839797974, -43.7831001282, -6.31794834137, 23.8496131897, -23.5266361237, -1.85803198814, 9.66276550293, 16.4546966553], [-177.233978271, -8.32830619812, 64.6261062622, 97.4670639038, 207.027404785, 33.6387901306, -38.0889968872, -1.5759421587, 37.8902015686, -11.7362565994, -6.66527175903, 11.1628293991, -8.60671424866], [4.96729564667, 23.6305465698, 33.4783821106, 4.83839797974, 33.6387901306, 154.625732422, 69.1283721924, 4.97943973541, 31.7840194702, 7.79020929337, 16.2063579559, -7.59631967545, -7.78474283218], [-16.3807678223, 15.6864595413, -6.23062086105, -43.7831001282, -38.0889968872, 69.1283721924, 149.171890259, 32.4909515381, 12.7252092361, 13.3713541031, 9.93039131165, -3.32099318504, -4.68891000748], [117.372291565, 11.6496305466, 24.3968677521, -6.31794834137, -1.5759421587, 4.97943973541, 32.4909515381, 93.6489105225, 18.204246521, 7.01691055298, -0.269692957401, -5.36939907074, -0.465724349022], [-82.6218185425, -25.7588596344, -0.287592917681, 23.8496131897, 37.8902015686, 31.7840194702, 12.7252092361, 18.204246521, 110.742797852, 16.1150512695, 5.21506977081, 6.41063833237, 1.50863742828], [185.895202637, -33.0549316406, -19.7275466919, -23.5266361237, -11.7362565994, 7.79020929337, 13.3713541031, 7.01691055298, 16.1150512695, 98.8999938965, 18.5140018463, 2.73467636108, -0.820702552795], [-12.1995658875, 26.1406059265, -2.08499073982, -1.85803198814, -6.66527175903, 16.2063579559, 9.93039131165, -0.269692957401, 5.21506977081, 18.5140018463, 72.846282959, 16.2776908875, 3.44743943214], [27.8347682953, -22.6136875153, -2.15736961365, 9.66276550293, 11.1628293991, -7.59631967545, -3.32099318504, -5.36939907074, 6.41063833237, 2.73467636108, 16.2776908875, 68.2051086426, 27.6011924744], [30.7475967407, 14.7659931183, -29.0715751648, 16.4546966553, -8.60671424866, -7.78474283218, -4.68891000748, -0.465724349022, 1.50863742828, -0.820702552795, 3.44743943214, 27.6011924744, 68.7639389038]], "icov": [[0.000105326522316, -4.12268345826e-05, 7.27891092538e-05, -9.85234946711e-05, 0.000129646447022, -0.000119981916214, 0.000122884244774, -0.000202818526304, 0.000136058326461, -0.000240655324887, 0.000134496425744, -0.000149861676618, 7.3308001447e-05], [-4.12268345826e-05, 0.00105346611235, 0.000510474783368, -0.000543836562429, 2.62975700025e-05, -0.00021794969507, -0.000112805500976, -0.000279401807347, 0.000372224982129, 0.000490878417622, -0.000582486391068, 0.000517348700669, -7.35606954549e-05], [7.27891092538e-05, 0.000510474783368, 0.00233744434081, -0.000598043145146, -0.000253220583545, -0.000731380423531, 0.00032548586023, -0.00105393619742, 0.000698277726769, 0.000346830725903, -0.00015696506307, -0.000250388548011, 0.000986908562481], [-9.85234946711e-05, -0.000543836562429, -0.000598043145146, 0.00497711542994, -0.00204755482264, 0.000287771370495, 0.000688015774358, 0.000521010893863, -0.000929530535359, 0.000839556625579, -0.000195837623323, 0.000299698556773, -0.00153630936984], [0.000129646447022, 2.62975700025e-05, -0.000253220583545, -0.00204755482264, 0.00737708993256, -0.00251019885764, 0.00265085184947, -0.000739156501368, -0.00141529436223, 5.84246154176e-05, 0.00129650603049, -0.00215201661922, 0.00196475186385], [-0.000119981916214, -0.00021794969507, -0.000731380423531, 0.000287771370495, -0.00251019885764, 0.0103176087141, -0.0055089588277, 0.00222164322622, -0.00209662457928, 0.000221234091441, -0.00211425521411, 0.00229515391402, -0.000550968223251], [0.000122884244774, -0.000112805500976, 0.00032548586023, 0.000688015774358, 0.00265085184947, -0.0055089588277, 0.0109915891662, -0.00370246940292, 6.94755071891e-05, -0.000565135036595, 0.000462141179014, -0.00144649203867, 0.000923961109947], [-0.000202818526304, -0.000279401807347, -0.00105393619742, 0.000521010893863, -0.000739156501368, 0.00222164322622, -0.00370246940292, 0.0130229098722, -0.00249885441735, -0.000117170755402, -0.000101744954009, 0.00180095830001, -0.00108919327613], [0.000136058326461, 0.000372224982129, 0.000698277726769, -0.000929530535359, -0.00141529436223, -0.00209662457928, 6.94755071891e-05, -0.00249885441735, 0.0112334555015, -0.00186785601545, 9.6194766229e-05, -0.00101077463478, 8.23324080557e-05], [-0.000240655324887, 0.000490878417622, 0.000346830725903, 0.000839556625579, 5.84246154176e-05, 0.000221234091441, -0.000565135036595, -0.000117170755402, -0.00186785601545, 0.0119564514607, -0.00318629574031, 0.000564551679417, 5.77782120672e-05], [0.000134496425744, -0.000582486391068, -0.00015696506307, -0.000195837623323, 0.00129650603049, -0.00211425521411, 0.000462141179014, -0.000101744954009, 9.6194766229e-05, -0.00318629574031, 0.0163162276149, -0.00487853446975, 0.00109924015123], [-0.000149861676618, 0.000517348700669, -0.000250388548011, 0.000299698556773, -0.00215201661922, 0.00229515391402, -0.00144649203867, 0.00180095830001, -0.00101077463478, 0.000564551679417, -0.00487853446975, 0.0200314689428, -0.0080845579505], [7.3308001447e-05, -7.35606954549e-05, 0.000986908562481, -0.00153630936984, 0.00196475186385, -0.000550968223251, 0.000923961109947, -0.00108919327613, 8.23324080557e-05, 5.77782120672e-05, 0.00109924015123, -0.0080845579505, 0.0187383927405]], "mean": [-650.641479492, 104.162612915, -16.3427696228, 28.9329795837, 1.09666180611, 10.785326004, -0.58973389864, 6.21010494232, 1.08341395855, 4.99120569229, 4.56396245956, 0.480283260345, 2.86943459511]}, "pitch_salience": {"dmean": 0.0639813765883, "dmean2": 0.104382291436, "dvar": 0.0035191506613, "dvar2": 0.00896642543375, "max": 0.949366390705, "mean": 0.559961736202, "median": 0.559586286545, "min": 0.168011233211, "var": 0.0103850290179}, "silence_rate_20dB": {"dmean": 0, "dmean2": 0, "dvar": 0, "dvar2": 0, "max": 1, "mean": 1, "median": 1, "min": 1, "var": 0}, "silence_rate_30dB": {"dmean": 0, "dmean2": 0, "dvar": 0, "dvar2": 0, "max": 1, "mean": 1, "median": 1, "min": 1, "var": 0}, "silence_rate_60dB": {"dmean": 0.0249451752752, "dmean2": 0.0498971901834, "dvar": 0.0243253856897, "dvar2": 0.0553631782532, "max": 1, "mean": 0.093874193728, "median": 0, "min": 0, "var": 0.0850678831339}, "spectral_centroid": {"dmean": 283.721038818, "dmean2": 409.79486084, "dvar": 97751.6015625, "dvar2": 191919.5625, "max": 11667.7158203, "mean": 2057.25317383, "median": 1865.90795898, "min": 275.833679199, "var": 1964276.125}, "spectral_complexity": {"dmean": 4.29468202591, "dmean2": 5.80150794983, "dvar": 25.7879238129, "dvar2": 39.5671463013, "max": 59, "mean": 19.9501171112, "median": 18, "min": 0, "var": 145.047683716}, "spectral_contrast_coeffs": {"dmean": [0.0442936830223, 0.0443303585052, 0.0380119457841, 0.0334764122963, 0.0241717211902, 0.0191374383867], "dmean2": [0.0734935924411, 0.0715606063604, 0.0590579248965, 0.052431717515, 0.0373853333294, 0.0296556372195], "dvar": [0.00139733962715, 0.00145867362153, 0.00108079437632, 0.000748816237319, 0.000431483291322, 0.000285746267764], "dvar2": [0.00371034396812, 0.0035652089864, 0.00241630896926, 0.00173869857099, 0.000956635747571, 0.000640814076178], "max": [-0.412836670876, -0.378816753626, -0.468575239182, -0.507017254829, -0.568613171577, -0.50811880827], "mean": [-0.715208172798, -0.724258244038, -0.753713905811, -0.761680483818, -0.781440556049, -0.735784351826], "median": [-0.717823028564, -0.728274405003, -0.755981981754, -0.763921976089, -0.780328154564, -0.732094943523], "min": [-0.979360878468, -0.979640960693, -0.97304058075, -0.978184521198, -0.969570338726, -0.965172886848], "var": [0.00504980515689, 0.00701481522992, 0.00579891214147, 0.0043017026037, 0.00277237896807, 0.00235168240033]}, "spectral_contrast_valleys": {"dmean": [0.400627315044, 0.357732176781, 0.329198896885, 0.299682796001, 0.285491615534, 0.357811450958], "dmean2": [0.641842544079, 0.56504380703, 0.512629449368, 0.45421102643, 0.390820324421, 0.416432887316], "dvar": [0.145536541939, 0.122691087425, 0.108921639621, 0.10215138644, 0.105186671019, 0.151140168309], "dvar2": [0.310490965843, 0.257419019938, 0.218078240752, 0.188967600465, 0.178777068853, 0.230248451233], "max": [-5.71394872665, -5.1601023674, -5.52907562256, -6.00564193726, -5.54536104202, -6.93809938431], "mean": [-7.7299747467, -7.45625686646, -7.92988681793, -8.04335594177, -7.72286987305, -10.5303506851], "median": [-7.18824768066, -7.00083255768, -7.51142883301, -7.61845445633, -7.28707313538, -10.231007576], "min": [-28.4610538483, -28.3556556702, -27.7860851288, -27.8438739777, -27.5988254547, -27.4232444763], "var": [8.09710407257, 8.22624588013, 7.85812997818, 7.7266497612, 8.00551605225, 6.30714654922]}, "spectral_decrease": {"dmean": 1.17043441605e-09, "dmean2": 1.63169056044e-09, "dvar": 1.75268198067e-18, "dvar2": 3.27701289502e-18, "max": 1.79977045893e-28, "mean": -4.28126645247e-09, "median": -3.7449203738e-09, "min": -1.98216802971e-08, "var": 9.62194686495e-18}, "spectral_energy": {"dmean": 0.00491432659328, "dmean2": 0.00671114120632, "dvar": 3.07037153107e-05, "dvar2": 5.53426434635e-05, "max": 0.0831112191081, "mean": 0.018147809431, "median": 0.0158440209925, "min": 9.8992250118e-21, "var": 0.000177140696906}, "spectral_energyband_high": {"dmean": 0.000556779268663, "dmean2": 0.000704971200321, "dvar": 1.80552513029e-06, "dvar2": 2.96773782793e-06, "max": 0.0599805042148, "mean": 0.00109094812069, "median": 0.000384990504244, "min": 7.03513152788e-21, "var": 6.18435478827e-06}, "spectral_energyband_low": {"dmean": 0.00235571013764, "dmean2": 0.00365878781304, "dvar": 1.08587773866e-05, "dvar2": 2.51218007179e-05, "max": 0.0392965897918, "mean": 0.00471978029236, "median": 0.00328419543803, "min": 1.26452809608e-23, "var": 2.19759840547e-05}, "spectral_energyband_middle_high": {"dmean": 0.0022403721232, "dmean2": 0.0029802096542, "dvar": 1.15766270028e-05, "dvar2": 1.96027613129e-05, "max": 0.0759437680244, "mean": 0.00688330084085, "median": 0.00385776185431, "min": 1.05912207651e-21, "var": 7.06299833837e-05}, "spectral_energyband_middle_low": {"dmean": 0.00197545462288, "dmean2": 0.00294840079732, "dvar": 7.13389590601e-06, "dvar2": 1.56665137183e-05, "max": 0.0416499003768, "mean": 0.00581049686298, "median": 0.00437496136874, "min": 1.60658465324e-22, "var": 2.90381631203e-05}, "spectral_entropy": {"dmean": 0.130945459008, "dmean2": 0.180934891105, "dvar": 0.0176309756935, "dvar2": 0.0332710780203, "max": 9.82774829865, "mean": 7.78569030762, "median": 7.75401115417, "min": 6.59067201614, "var": 0.16749279201}, "spectral_flux": {"dmean": 0.0180927459151, "dmean2": 0.0278149899095, "dvar": 0.000348313275026, "dvar2": 0.000768675934523, "max": 0.24929985404, "mean": 0.0695488080382, "median": 0.0671932175756, "min": 6.05082928207e-11, "var": 0.00134025386069}, "spectral_kurtosis": {"dmean": 1.16310799122, "dmean2": 1.96390140057, "dvar": 1.52341032028, "dvar2": 4.30621194839, "max": 17.4841899872, "mean": 3.31288385391, "median": 3.03506040573, "min": -1.26752650738, "var": 3.26173448563}, "spectral_rms": {"dmean": 0.000568895309698, "dmean2": 0.000766554323491, "dvar": 3.37465820621e-07, "dvar2": 5.81364872687e-07, "max": 0.00900467205793, "mean": 0.00386474630795, "median": 0.00393161317334, "min": 3.10769704241e-12, "var": 2.76887340078e-06}, "spectral_rolloff": {"dmean": 537.416687012, "dmean2": 830.033203125, "dvar": 533751.25, "dvar2": 1000250, "max": 19595.2148438, "mean": 2465.96411133, "median": 1937.98828125, "min": 64.599609375, "var": 7785867.5}, "spectral_skewness": {"dmean": 0.174567475915, "dmean2": 0.28217741847, "dvar": 0.0283779613674, "dvar2": 0.0737521722913, "max": 2.74189543724, "mean": 1.18618953228, "median": 1.19681274891, "min": -0.128647565842, "var": 0.109814189374}, "spectral_spread": {"dmean": 437634.75, "dmean2": 617751.25, "dvar": 462132346880, "dvar2": 903837974528, "max": 42478168, "mean": 4754727.5, "median": 3945675, "min": 2191391, "var": 24843093278700.0}, "spectral_strongpeak": {"dmean": 0.631575226784, "dmean2": 1.