{"lowlevel": {"average_loudness": 0.735526263714, "barkbands": {"dmean": [4.11587789131e-05, 0.00152786402032, 0.00144470285159, 0.00071874842979, 0.00139530701563, 0.000723394390661, 0.000669504341204, 0.000545790360775, 0.000590236857533, 0.00113459059503, 0.000347640598193, 0.000599158753175, 0.000392866932089, 0.000995624694042, 0.000325497472659, 0.000201686794753, 0.000232184873312, 0.000159191375133, 0.000155495028594, 0.000122222525533, 8.47344417707e-05, 9.46428408497e-05, 5.69049698242e-05, 4.97751243529e-05, 2.82600994979e-05, 2.39556011365e-05, 7.94382140157e-06], "dmean2": [6.16356701357e-05, 0.00248960684985, 0.00249361572787, 0.00120854924899, 0.00224370951764, 0.00111343420576, 0.00105247169267, 0.000909756927285, 0.00091635028366, 0.00168060371652, 0.000555408769287, 0.000923819257878, 0.000624822510872, 0.00155051681213, 0.000534417049494, 0.00032976057264, 0.00037024874473, 0.000255998573266, 0.000253144913586, 0.000190155071323, 0.000124722922919, 0.000127820894704, 7.63244679547e-05, 6.78275537211e-05, 3.84000632039e-05, 3.39651123795e-05, 1.18376283353e-05], "dvar": [9.95116788971e-09, 1.32876884891e-05, 1.85613353096e-05, 2.61961940851e-06, 6.43475777906e-06, 1.79170660886e-06, 1.61898628903e-06, 1.59172884651e-06, 2.29707620747e-06, 6.61729109197e-06, 6.03018463607e-07, 2.0936402052e-06, 1.43678391851e-06, 4.99691850564e-06, 6.39084987597e-07, 1.89336901713e-07, 2.81708622651e-07, 1.14063965384e-07, 9.3739146223e-08, 5.96056963786e-08, 3.43346115983e-08, 5.59047315107e-08, 1.71680891725e-08, 3.24843334454e-08, 5.50271339606e-09, 1.94150651112e-09, 2.44166853403e-10], "dvar2": [2.15518376478e-08, 3.47871464328e-05, 5.09600431542e-05, 7.06841410647e-06, 1.59906394401e-05, 4.3413460844e-06, 3.83089400202e-06, 4.03669037041e-06, 5.35378285349e-06, 1.51156928041e-05, 1.40229496992e-06, 4.80976495965e-06, 3.53741666004e-06, 1.20010899991e-05, 1.70813007117e-06, 4.6668318987e-07, 6.62047909827e-07, 2.77981257568e-07, 2.25894822847e-07, 1.3642825536e-07, 6.70132251912e-08, 1.02717663708e-07, 3.13283017306e-08, 7.33723908297e-08, 1.05214539303e-08, 4.14329504039e-09, 5.50762546681e-10], "max": [0.00179679109715, 0.0410366691649, 0.0551379658282, 0.0245238933712, 0.0572752356529, 0.0486893206835, 0.0299252625555, 0.040663190186, 0.0435744859278, 0.0486664623022, 0.0216038431972, 0.0330664105713, 0.0377635918558, 0.0409611985087, 0.0129016246647, 0.0106579726562, 0.021343132481, 0.0106092849746, 0.012457292527, 0.0090203396976, 0.00404564989731, 0.00281132524833, 0.0036137572024, 0.00888052023947, 0.00245065707713, 0.000508594850544, 0.00021209861734], "mean": [6.58672361169e-05, 0.00205430737697, 0.00141758460086, 0.00093661743449, 0.00211936677806, 0.00138892116956, 0.00108543515671, 0.000741463387385, 0.00105186470319, 0.00264288508333, 0.000565994123463, 0.00119799165986, 0.00068694568472, 0.00213689613156, 0.00051217811415, 0.000336552038789, 0.000413417146774, 0.000306775968056, 0.000334140175255, 0.00026459118817, 0.000172634288901, 0.000170202576555, 0.000107026426122, 8.65018228069e-05, 4.41086340288e-05, 2.82066303043e-05, 8.16223291622e-06], "median": [3.76431330551e-06, 0.00100271776319, 0.000396519550122, 0.00037082831841, 0.000872271135449, 0.000755416927859, 0.000533525831997, 0.000302252126858, 0.000413250701968, 0.000403689802624, 0.000214019688428, 0.000284844951238, 0.000207289907848, 0.000294486322673, 0.000187022509635, 0.000170820043422, 0.00016388160293, 0.000155858695507, 0.000151501270011, 0.000115436021588, 5.83296568948e-05, 3.58402685379e-05, 2.87787588604e-05, 2.32779329963e-05, 9.14110478334e-06, 3.47860532202e-06, 6.19646016276e-07], "min": [9.67977394385e-25, 1.18424203383e-24, 1.28869283832e-24, 3.66600105476e-25, 8.4639371433e-24, 6.4860542002e-24, 7.18767852779e-24, 1.35300263313e-23, 1.94314490093e-23, 1.52747042415e-23, 2.29403591138e-23, 2.37633918957e-23, 3.1047776093e-23, 4.58117938725e-23, 2.15036035916e-23, 5.31619485589e-23, 5.48241542169e-23, 8.82525957704e-23, 1.49035805265e-22, 1.8763656165e-22, 3.10949909959e-22, 2.95993107196e-22, 4.41922857844e-22, 6.18359917046e-22, 8.77659935474e-22, 1.32019065798e-21, 2.00096524984e-21], "var": [2.21193054983e-08, 1.25499309434e-05, 1.35202080855e-05, 2.7159558158e-06, 1.16891897051e-05, 4.09799031331e-06, 3.02926014228e-06, 2.28074759434e-06, 4.89885951538e-06, 2.93645844067e-05, 1.68118754118e-06, 8.30836233945e-06, 5.25714676769e-06, 1.8548907974e-05, 1.20268077808e-06, 3.43469338304e-07, 7.64479466397e-07, 2.65724651172e-07, 2.73989655852e-07, 1.57877465767e-07, 9.09035975383e-08, 1.29666659632e-07, 4.70999594882e-08, 5.8488598853e-08, 1.2273449812e-08, 3.01194957864e-09, 2.998311599e-10]}, "barkbands_crest": {"dmean": 2.38566350937, "dmean2": 3.78565692902, "dvar": 4.51550292969, "dvar2": 10.5382080078, "max": 25.5658912659, "mean": 8.86196613312, "median": 8.10911083221, "min": 1.9607874155, "var": 13.9651660919}, "barkbands_flatness_db": {"dmean": 0.0216941405088, "dmean2": 0.0301489699632, "dvar": 0.000521964393556, "dvar2": 0.000996759277768, "max": 0.409501641989, "mean": 0.11750267446, "median": 0.110510632396, "min": 0.013607560657, "var": 0.00244815042242}, "barkbands_kurtosis": {"dmean": 2.10439062119, "dmean2": 3.21452116966, "dvar": 32.1381797791, "dvar2": 69.5233001709, "max": 170.013412476, "mean": 2.58544802666, "median": 0.712332844734, "min": -1.8920519352, "var": 53.964630127}, "barkbands_skewness": {"dmean": 0.447743952274, "dmean2": 0.671584904194, "dvar": 0.269682377577, "dvar2": 0.567451536655, "max": 10.542131424, "mean": 0.959733963013, "median": 0.84405195713, "min": -2.82724428177, "var": 1.31623935699}, "barkbands_spread": {"dmean": 5.59786605835, "dmean2": 8.19846057892, "dvar": 53.3984985352, "dvar2": 110.70211792, "max": 101.434463501, "mean": 22.2062187195, "median": 20.4145011902, "min": 0.63504588604, "var": 149.009231567}, "dissonance": {"dmean": 0.0192740764469, "dmean2": 0.0322605520487, "dvar": 0.000391637120629, "dvar2": 0.00100654247217, "max": 0.500000119209, "mean": 0.465952783823, "median": 0.474134713411, "min": 0.11970192194, "var": 0.00091129518114}, "dynamic_complexity": 5.17555761337, "erbbands": {"dmean": [0.0273422673345, 0.416304588318, 1.59046769142, 1.89013409615, 4.58050632477, 4.06239318848, 5.30168151855, 5.92762899399, 9.71860408783, 10.1420793533, 11.333486557, 12.7149009705, 35.8956718445, 18.0116138458, 13.1680431366, 24.7786998749, 18.3582344055, 41.8170890808, 27.0422878265, 14.2680587769, 10.2490234375, 13.1012735367, 8.00785541534, 9.6454410553, 6.59148454666, 5.42559480667, 3.6864387989, 3.63282871246, 3.74323868752, 2.21925735474, 1.73174536228, 1.02244567871, 0.863241434097, 0.399375885725, 0.177715063095, 0.101609453559, 0.0437562763691, 0.0110898744315, 0.00133003247902, 6.36604963802e-05], "dmean2": [0.0426085554063, 0.690320312977, 2.72101640701, 3.15614652634, 7.76678943634, 6.36862945557, 7.99699449539, 9.43094444275, 15.4030199051, 16.8506889343, 18.3081226349, 19.8010997772, 52.8720703125, 27.8873538971, 20.5781822205, 38.2656288147, 29.0387439728, 64.959487915, 42.7539901733, 23.4514064789, 16.5432815552, 20.6775131226, 12.976776123, 15.5070400238, 10.774971962, 8.38837146759, 5.58301973343, 5.2506403923, 5.21912384033, 2.95585513115, 2.35241031647, 1.3961045742, 1.19732403755, 0.54451161623, 0.244289964437, 0.142784878612, 0.0625470653176, 0.0162637364119, 0.00198412081227, 9.24138876144e-05], "dvar": [0.00273019331507, 1.10803282261, 22.661485672, 19.312128067, 97.0498733521, 62.8107032776, 109.279846191, 152.201965332, 362.401184082, 602.177124023, 681.940490723, 1199.54431152, 6480.00732422, 1576.08850098, 1169.14990234, 3585.38891602, 2775.11376953, 9753.09277344, 3417.25390625, 1002.1885376, 465.891448975, 904.782470703, 300.240692139, 434.490509033, 150.823562622, 128.857711792, 57.3042564392, 75.4140396118, 100.259590149, 26.0323257446, 16.7310466766, 14.2552509308, 10.5910129547, 1.73088395596, 0.129304528236, 0.0334286056459, 0.00678171543404, 0.000460564799141, 6.82886411596e-06, 1.35318547478e-08], "dvar2": [0.00669335387647, 2.9365298748, 60.8570365906, 52.5316925049, 262.212921143, 144.662734985, 256.867675781, 385.679229736, 878.839416504, 1565.68237305, 1614.97033691, 2898.53857422, 14322.1162109, 3717.19750977, 2624.953125, 8270.14160156, 6779.03759766, 23015.5, 8087.05712891, 2619.54003906, 1076.44470215, 2106.35864258, 769.465026855, 998.663146973, 396.601379395, 287.924377441, 117.088432312, 149.618545532, 203.320877075, 46.9324455261, 31.7532482147, 35.3194274902, 22.9166946411, 3.35843324661, 0.260941952467, 0.0703205689788, 0.0147785330191, 0.00103288772516, 1.54044682859e-05, 2.95291755492e-08], "max": [0.843410849571, 11.3394680023, 58.7895126343, 62.0937957764, 117.497558594, 245.181549072, 450.450958252, 479.729248047, 535.446166992, 537.731933594, 1010.19793701, 1187.07775879, 1708.92260742, 1208.16320801, 1069.71142578, 1307.84997559, 1686.8001709, 1979.85168457, 1132.15405273, 988.661010742, 571.316955566, 1300.6496582, 586.256469727, 853.575927734, 311.41696167, 397.460998535, 155.142120361, 138.37322998, 126.773628235, 90.4425582886, 115.18662262, 245.781265259, 132.254150391, 50.2252578735, 8.78984069824, 2.78437542915, 1.03821957111, 0.303011536598, 0.0318593941629, 0.0014653938124], "mean": [0.0454057306051, 0.512367129326, 1.5824110508, 2.60362195969, 5.40527582169, 6.46571493149, 10.5273761749, 10.4345703125, 15.9051170349, 14.3010654449, 18.3964977264, 24.0145626068, 83.4544296265, 37.5589294434, 25.6498088837, 49.9794540405, 37.6610412598, 91.5528717041, 57.2403182983, 25.8129959106, 19.6012935638, 24.2306518555, 16.1659183502, 20.4627380371, 14.1132526398, 11.9588060379, 8.081990242, 6.86332798004, 6.26751327515, 4.23997020721, 3.11091780663, 1.87267184258, 1.40805971622, 0.642626225948, 0.25761526823, 0.126953810453, 0.0501396432519, 0.0117843495682, 0.00138232880272, 8.66112313815e-05], "median": [0.0254496224225, 0.203768074512, 0.469927310944, 1.13419389725, 1.80079913139, 2.79473161697, 5.06741523743, 6.10274600983, 7.54621982574, 6.60299873352, 8.05349063873, 10.452249527, 13.2474918365, 13.1766338348, 10.2697048187, 12.0752544403, 12.7923784256, 16.4400787354, 15.0585784912, 12.1306285858, 10.209777832, 10.1389884949, 9.12476825714, 9.44645500183, 6.94425582886, 5.42817401886, 3.33187031746, 1.96933567524, 1.27759814262, 0.954076528549, 0.819969236851, 0.551633417606, 0.343619763851, 0.139812141657, 0.0469748340547, 0.0177520252764, 0.00597867881879, 0.00110035645775, 0.000117472271086, 3.46222841472e-05], "min": [3.96834427333e-23, 6.42534603662e-22, 2.41614690945e-21, 8.09384354818e-21, 1.22061121868e-20, 2.66478431532e-20, 3.00855670049e-20, 5.8297692707e-20, 1.02348356123e-19, 7.60150031615e-20, 4.25849148804e-19, 4.58930247e-19, 3.33590825803e-19, 6.78246277974e-19, 1.15543038484e-18, 1.31088853781e-18, 1.62583683226e-18, 2.97368286926e-18, 2.43569845414e-18, 3.54106300862e-18, 3.4237117223e-18, 4.3017519484e-18, 6.04825778502e-18, 6.18422642539e-18, 7.4697974462e-18, 8.43261417251e-18, 1.17267426752e-17, 1.17762138661e-17, 1.18590965363e-17, 1.28093930568e-17, 1.24221658239e-17, 1.09704564042e-17, 1.03772463095e-17, 8.45022319339e-18, 6.78688085479e-18, 4.41133187287e-18, 2.31452373223e-18, 9.71706953347e-19, 2.53809540066e-19, 3.0363447992e-20], "var": [0.00374209554866, 0.984246492386, 17.3115959167, 19.2240257263, 102.942459106, 131.853561401, 300.685852051, 254.525543213, 678.599304199, 741.351196289, 1486.69165039, 2385.66845703, 28948.4121094, 5276.29736328, 4312.35888672, 13605.7636719, 9983.47070312, 37473.3554688, 12444.0439453, 1952.0333252, 1099.15539551, 2453.35546875, 659.461425781, 1200.60522461, 370.717132568, 339.657745361, 159.560165405, 173.964874268, 193.029327393, 72.8823776245, 41.7216491699, 21.5418872833, 19.1454410553, 3.52637195587, 0.301212012768, 0.0593151301146, 0.0098528182134, 0.000589683593716, 8.49108437251e-06, 1.92314555392e-08]}, "erbbands_crest": {"dmean": 2.57807230949, "dmean2": 4.14009809494, "dvar": 5.7199010849, "dvar2": 13.9346446991, "max": 28.0898780823, "mean": 9.41745090485, "median": 8.2993888855, "min": 2.12033987045, "var": 23.460899353}, "erbbands_flatness_db": {"dmean": 0.0227908175439, "dmean2": 0.0305618792772, "dvar": 0.000564645451959, "dvar2": 0.00100888917223, "max": 0.38295546174, "mean": 0.161480233073, "median": 0.156931579113, "min": 0.0380194410682, "var": 0.00269459770061}, "erbbands_kurtosis": {"dmean": 0.992294371128, "dmean2": 1.54001414776, "dvar": 4.22028255463, "dvar2": 8.61478614807, "max": 88.1081924438, "mean": 0.762063145638, "median": 0.0396777912974, "min": -1.6852517128, "var": 9.63199329376}, "erbbands_skewness": {"dmean": 0.346636146307, "dmean2": 0.525539457798, "dvar": 0.123507358134, "dvar2": 0.292320907116, "max": 7.70042276382, "mean": 0.355060011148, "median": 0.316962242126, "min": -4.30156469345, "var": 0.493556767702}, "erbbands_spread": {"dmean": 7.07896518707, "dmean2": 10.6273050308, "dvar": 84.6293945312, "dvar2": 180.534622192, "max": 144.046157837, "mean": 32.6037864685, "median": 30.5700569153, "min": 1.5117110014, "var": 302.431152344}, "gfcc": {"cov": [[18426.0996094, -690.861816406, -1025.31396484, 515.191589355, -142.333374023, 387.60333252, -87.2995910645, 179.076751709, -207.117385864, 14.2434635162, -114.479232788, 258.54901123, 103.6824646], [-690.861816406, 1163.81970215, -330.401580811, 64.1401138306, 114.712463379, -78.3417510986, 68.8833694458, -29.1457061768, 67.5129241943, -64.7672729492, 94.3339157104, -83.8352432251, 41.6624908447], [-1025.31396484, -330.401580811, 1231.30651855, -81.3354187012, -1.95928692818, 9.6110830307, -146.822433472, 24.89412117, -6.79258537292, 95.771774292, -113.879798889, 49.9309387207, -118.995666504], [515.191589355, 64.1401138306, -81.3354187012, 303.652740479, -29.4416332245, -8.63084888458, 5.29649877548, 6.35704803467, 40.2235794067, -26.982749939, 19.1613521576, 20.5215358734, 42.1539154053], [-142.333374023, 114.712463379, -1.95928692818, -29.4416332245, 295.992156982, 61.2439804077, 88.5154037476, 56.5394134521, -8.12838077545, -5.30559539795, -0.269418567419, 6.06135940552, 12.1114187241], [387.60333252, -78.3417510986, 9.6110830307, -8.63084888458, 61.2439804077, 175.216461182, 75.5098419189, 20.1070079803, -2.43174743652, 20.580537796, -0.0832175388932, 16.7229671478, 8.42969322205], [-87.2995910645, 68.8833694458, -146.822433472, 5.29649877548, 88.5154037476, 75.5098419189, 194.541595459, 22.5112075806, 19.6596050262, 10.5755710602, 6.49786186218, 15.51932621, 14.6008281708], [179.076751709, -29.1457061768, 24.89412117, 6.35704803467, 56.5394134521, 20.1070079803, 22.5112075806, 109.742301941, 15.5115232468, 7.78216695786, 8.26286888123, -1.05840611458, 14.6636943817], [-207.117385864, 67.5129241943, -6.79258537292, 40.2235794067, -8.12838077545, -2.43174743652, 19.6596050262, 15.5115232468, 89.0974349976, 21.255153656, 8.66064834595, 9.63831329346, 5.33657360077], [14.2434635162, -64.7672729492, 95.771774292, -26.982749939, -5.30559539795, 20.580537796, 10.5755710602, 7.78216695786, 21.255153656, 81.4645843506, 7.20596837997, 18.7452106476, -18.3468418121], [-114.479232788, 94.3339157104, -113.879798889, 19.1613521576, -0.269418567419, -0.0832175388932, 6.49786186218, 8.26286888123, 8.66064834595, 7.20596837997, 100.875442505, -2.86567306519, 33.0233078003], [258.54901123, -83.8352432251, 49.9309387207, 20.5215358734, 6.06135940552, 16.7229671478, 15.51932621, -1.05840611458, 9.63831329346, 18.7452106476, -2.86567306519, 115.271011353, 15.3507986069], [103.6824646, 41.6624908447, -118.995666504, 42.1539154053, 12.1114187241, 8.42969322205, 14.6008281708, 14.6636943817, 5.33657360077, -18.3468418121, 33.0233078003, 15.3507986069, 90.0777664185]], "icov": [[8.65822366904e-05, -1.89962884178e-05, 0.000160312396474, -0.000183665120858, 7.05862694304e-05, -0.000266822957201, 0.000256293511484, -0.000279931875411, 0.000356112082954, -0.00025820825249, 0.000290972471703, -0.000238939988776, 8.67189883138e-05], [-1.89962884178e-05, 0.00133837433532, 1.83371885214e-05, -1.90686787391e-05, -0.000770789454691, 0.000777344801463, -0.000477179943118, 0.000965972605627, -0.0013812329853, 0.00100409716833, -0.00121100421529, 0.000940131722018, -4.29277606599e-05], [0.000160312396474, 1.83371885214e-05, 0.00162005308084, -0.000351160153514, -0.000166808895301, -0.00077531626448, 0.00174958340358, -0.00100577971898, 0.000694969377946, -0.00180028402247, 0.00166404794436, -0.000997951021418, 0.00123875471763], [-0.000183665120858, -1.90686787391e-05, -0.000351160153514, 0.00439343322068, 0.000373592803953, 0.000472727610031, -0.000567018403672, 0.000417578674387, -0.00268923700787, 0.00235750409774, -0.000919464800972, -0.000241269808612, -0.0013525217073], [7.05862694304e-05, -0.000770789454691, -0.000166808895301, 0.000373592803953, 0.00503390748054, -0.00122963776812, -0.00147919170558, -0.00268221204169, 0.001710586017, 0.000422326498665, 0.00071760546416, -0.000799177680165, -0.000147508268128], [-0.000266822957201, 0.000777344801463, -0.00077531626448, 0.000472727610031, -0.00122963776812, 0.00865930039436, -0.00377816264518, 0.000983682926744, -0.000506059033796, -0.000387696112739, -0.00133048801217, 0.000976123847067, -0.0012181707425], [0.000256293511484, -0.000477179943118, 0.00174958340358, -0.000567018403672, -0.00147919170558, -0.00377816264518, 0.00922744069248, -0.00144721975084, -0.000162861440913, -0.00240956386551, 0.00220081582665, -0.00185799633618, 0.000823334907182], [-0.000279931875411, 0.000965972605627, -0.00100577971898, 0.000417578674387, -0.00268221204169, 0.000983682926744, -0.00144721975084, 0.0125235030428, -0.00382093666121, 0.000800787529442, -0.00225301948376, 0.00245096208528, -0.00238641817123], [0.000356112082954, -0.0013812329853, 0.000694969377946, -0.00268923700787, 0.001710586017, -0.000506059033796, -0.000162861440913, -0.00382093666121, 0.0167058613151, -0.00631878105924, 0.00224351976067, -0.00198344746605, 0.00011008058209], [-0.00025820825249, 0.00100409716833, -0.00180028402247, 0.00235750409774, 0.000422326498665, -0.000387696112739, -0.00240956386551, 0.000800787529442, -0.00631878105924, 0.0194984786212, -0.00554218236357, -0.00116673612501, 0.00316742341965], [0.000290972471703, -0.00121100421529, 0.00166404794436, -0.000919464800972, 0.00071760546416, -0.00133048801217, 0.00220081582665, -0.00225301948376, 0.00224351976067, -0.00554218236357, 0.0148701816797, -0.000675268936902, -0.00370640214533], [-0.000238939988776, 0.000940131722018, -0.000997951021418, -0.000241269808612, -0.000799177680165, 0.000976123847067, -0.00185799633618, 0.00245096208528, -0.00198344746605, -0.00116673612501, -0.000675268936902, 0.0113144703209, -0.00324768805876], [8.67189883138e-05, -4.29277606599e-05, 0.00123875471763, -0.0013525217073, -0.000147508268128, -0.0012181707425, 0.000823334907182, -0.00238641817123, 0.00011008058209, 0.00316742341965, -0.00370640214533, -0.00324768805876, 0.0162306688726]], "mean": [-25.4169464111, 89.669128418, -124.769676208, 20.5855293274, -54.5656242371, 9.75721931458, -34.2746238708, 3.76141119003, -21.4673919678, 1.69636023045, -12.7858924866, -3.38864302635, -11.3003320694]}, "hfc": {"dmean": 6.11793279648, "dmean2": 8.74791240692, "dvar": 75.2910079956, "dvar2": 146.128189087, "max": 133.281677246, "mean": 21.6015491486, "median": 14.3577194214, "min": 1.10255228102e-16, "var": 462.111541748}, "melbands": {"dmean": [0.000329760718159, 0.000733201566618, 0.000402790377848, 0.000327845977154, 0.000176868634298, 0.000139717129059, 0.00014045201533, 0.000115270653623, 9.73066271399e-05, 8.46854673e-05, 0.000185421275091, 8.30454519019e-05, 4.11294204241e-05, 5.78861654503e-05, 5.9525922552e-05, 4.3285141146e-05, 9.28673543967e-05, 5.4845942941e-05, 2.83828685497e-05, 1.64019838849e-05, 1.2242977391e-05, 1.62423475558e-05, 8.25557435746e-06, 6.86107068759e-06, 8.74622128322e-06, 5.67281540498e-06, 4.40827125203e-06, 3.97180838263e-06, 2.71191174761e-06, 2.0854088234e-06, 2.162597184e-06, 2.36919299823e-06, 1.68222970842e-06, 1.10012820187e-06, 1.08448546143e-06, 7.9423881516e-07, 6.19773004473e-07, 6.31672719464e-07, 5.50614458916e-07, 2.89688983912e-07], "dmean2": [0.000523649097886, 0.00123286864255, 0.000680404540617, 0.000531115802005, 0.00026902888203, 0.000221067064558, 0.000222070520977, 0.000193078361917, 0.000155324174557, 0.000130682776216, 0.000273078912869, 0.000127283492475, 6.51024092804e-05, 8.89693983481e-05, 9.13374242373e-05, 6.95817288943e-05, 0.000143661614857, 8.5660154582e-05, 4.68760335934e-05, 2.69002521236e-05, 1.98752841243e-05, 2.57499978034e-05, 1.36186718009e-05, 1.09435186459e-05, 1.41224873005e-05, 9.29388261284e-06, 7.25359222997e-06, 6.15362705503e-06, 4.15619342675e-06, 3.17548801831e-06, 3.18023558066e-06, 3.50014602191e-06, 2.25598341785e-06, 1.54404062869e-06, 1.51716994878e-06, 1.10456426228e-06, 8.91884667453e-07, 9.00720635855e-07, 7.85111126334e-07, 4.07083007303e-07], "dvar": [4.96801646932e-07, 4.34607727584e-06, 9.2477233693e-07, 3.73677579546e-07, 1.16752460144e-07, 7.46283035369e-08, 7.02049902657e-08, 7.91178322856e-08, 5.80765728841e-08, 5.06082713514e-08, 1.7159879917e-07, 3.7759374294e-08, 9.51146716943e-09, 2.10353832131e-08, 2.35814408001e-08, 2.29911698568e-08, 5.0907324578e-08, 1.7702328492e-08, 5.67911495608e-09, 1.38304301345e-09, 8.19709355948e-10, 1.58052548827e-09, 3.69138497547e-10, 2.09644163141e-10, 3.85169673933e-10, 1.2276359096e-10, 7.40642824848e-11, 7.94118382164e-11, 3.3514982456e-11, 2.10208274398e-11, 2.75663242233e-11, 4.33546046286e-11, 1.69039331144e-11, 6.38233346381e-12, 6.45181130743e-12, 4.18410011499e-12, 7.99843177801e-12, 6.20319290726e-12, 4.14568769938e-12, 9.32915853943e-13], "dvar2": [1.27151781726e-06, 1.15705979624e-05, 2.53207372225e-06, 9.2868037882e-07, 2.81293694115e-07, 1.9014008501e-07, 1.70224694784e-07, 2.0819820179e-07, 1.35209987207e-07, 1.20707554174e-07, 3.83101536272e-07, 8.77232366747e-08, 2.20703721965e-08, 4.72461216816e-08, 5.24752579167e-08, 5.90612607709e-08, 1.20437817941e-07, 4.11505283182e-08, 1.54054227153e-08, 3.56704332738e-09, 1.88516624533e-09, 3.62245411445e-09, 1.04520792021e-09, 4.99538466148e-10, 8.89789741887e-10, 3.24408971908e-10, 1.93064619847e-10, 1.81107767672e-10, 7.13772166372e-11, 4.50168617661e-11, 5.63876376147e-11, 9.58601809042e-11, 3.0921855354e-11, 1.24984510588e-11, 1.26395907629e-11, 8.74127333017e-12, 2.10122023947e-11, 1.35438474672e-11, 9.11938319997e-12, 1.8781554003e-12], "max": [0.00814134534448, 0.022724205628, 0.0116762099788, 0.0103342104703, 0.0158804636449, 0.0100010829046, 0.00683302152902, 0.00643388042226, 0.0100119588897, 0.00826287642121, 0.00837931223214, 0.0050686695613, 0.00283713708632, 0.00469965534285, 0.00601342925802, 0.00519425747916, 0.00453745527193, 0.00263925059699, 0.00135012064129, 0.00114769360516, 0.000902459956706, 0.00190596899483, 0.000892425596248, 0.000467124191346, 0.000869010924362, 0.000357627519406, 0.000163075063028, 0.000347539054928, 0.00016444393259, 0.000117204181151, 9.69867687672e-05, 9.26588545553e-05, 6.2030092522e-05, 4.85176351503e-05, 5.81170024816e-05, 7.09178711986e-05, 0.000192090708879, 0.000116014518426, 6.08437694609e-05, 4.27880440839e-05], "mean": [0.000498367531691, 0.000801240967121, 0.000526271527633, 0.00044903086382, 0.000348552013747, 0.000255762366578, 0.00023284710187, 0.000154227454914, 0.000157767863129, 0.000155369678396, 0.000429260340752, 0.000169450882822, 7.22163968021e-05, 0.000112179412099, 0.000115786177048, 7.73347055656e-05, 0.000197926841793, 0.000110476416012, 4.3035382987e-05, 2.66945844487e-05, 2.12215236388e-05, 2.81041757262e-05, 1.50925798152e-05, 1.33203666337e-05, 1.73877269845e-05, 1.11305680548e-05, 8.80966308614e-06, 7.91553793533e-06, 5.46329602003e-06, 3.97807707486e-06, 3.88538728657e-06, 3.71409032596e-06, 2.92548816105e-06, 2.06684057957e-06, 1.85878445791e-06, 1.39734481763e-06, 1.06511095055e-06, 1.01422062926e-06, 8.29149087167e-07, 4.45972460739e-07], "median": [0.000273751764325, 0.000292427459499, 0.000225680123549, 0.000169741731952, 0.000175937864697, 0.00015041345614, 0.000116529641673, 6.59751676721e-05, 6.32907613181e-05, 5.68955001654e-05, 6.24474778306e-05, 4.98318731843e-05, 2.82185174001e-05, 3.02846947307e-05, 2.73811110674e-05, 2.11052101804e-05, 2.79100149783e-05, 2.14089286601e-05, 1.43001852848e-05, 1.2789205357e-05, 9.48689648794e-06, 9.90992066363e-06, 8.61375156092e-06, 6.90152410243e-06, 7.28774011804e-06, 5.17759235663e-06, 3.57436783816e-06, 3.2417001421e-06, 2.1512148578e-06, 1.31157059968e-06, 9.68907215793e-07, 7.01848648532e-07, 5.95201186115e-07, 4.66376661734e-07, 4.44018297685e-07, 3.82999473914e-07, 3.04699540266e-07, 2.40457893597e-07, 1.80356664714e-07, 9.22023133398e-08], "min": [6.19232588506e-25, 1.63606487831e-24, 1.46881640703e-24, 1.58768216545e-24, 1.0879842401e-24, 1.36475007363e-24, 1.28945862504e-24, 1.10607962458e-24, 3.29540391433e-24, 3.24854952087e-24, 1.27821104625e-24, 1.98904078896e-24, 3.14848172618e-24, 4.09390292488e-24, 4.56935136461e-24, 3.21113660915e-24, 5.13650882887e-24, 2.43660753164e-24, 2.3764385466e-24, 5.17408661252e-24, 3.6019215383e-24, 3.86448679085e-24, 4.71610315881e-24, 4.75527917465e-24, 4.48677932151e-24, 5.55754637653e-24, 4.54008462503e-24, 4.48461468718e-24, 5.60520501368e-24, 6.3970292749e-24, 5.77096993342e-24, 5.8205833679e-24, 6.27275843878e-24, 6.09959794805e-24, 6.87710872257e-24, 6.47654053769e-24, 6.6860410893e-24, 6.15980499563e-24, 5.63310071302e-24, 6.04468376272e-24], "var": [5.42860220776e-07, 3.49366268892e-06, 8.498209354e-07, 5.96845154632e-07, 3.13405593033e-07, 1.34876984248e-07, 1.32293479282e-07, 9.27333942968e-08, 1.36419302521e-07, 1.09179325136e-07, 7.69150574342e-07, 1.35069356588e-07, 3.13878736335e-08, 7.20145862942e-08, 1.07758481249e-07, 8.65069296196e-08, 1.92571874891e-07, 6.30650376365e-08, 9.91169191167e-09, 2.20982432353e-09, 1.87425408527e-09, 4.36336522469e-09, 6.40152930664e-10, 4.51031628712e-10, 1.03438091426e-09, 2.646101116e-10, 1.72779901497e-10, 1.87702797749e-10, 8.43168451725e-11, 4.9265411195e-11, 6.14176279279e-11, 7.20731183068e-11, 3.94302472617e-11, 1.7353838852e-11, 1.50803675103e-11, 9.08484485557e-12, 9.81396561239e-12, 1.10499378744e-11, 6.91907512188e-12, 1.72633316062e-12]}, "melbands_crest": {"dmean": 3.01018571854, "dmean2": 4.79038095474, "dvar": 7.45852661133, "dvar2": 18.032289505, "max": 31.618144989, "mean": 11.696890831, "median": 10.7373542786, "min": 1.47087657452, "var": 21.4416790009}, "melbands_flatness_db": {"dmean": 0.0228799059987, "dmean2": 0.0330178365111, "dvar": 0.000692553760018, "dvar2": 0.00137207610533, "max": 0.545394957066, "mean": 0.173362016678, "median": 0.16491985321, "min": 0.00276892562397, "var": 0.00387317128479}, "melbands_kurtosis": {"dmean": 4.38874912262, "dmean2": 6.78254890442, "dvar": 180.023361206, "dvar2": 383.865753174, "max": 590.612487793, "mean": 7.15261363983, "median": 3.42687630653, "min": -1.6160492897, "var": 264.0831604}, "melbands_skewness": {"dmean": 0.5665538311, "dmean2": 0.85644364357, "dvar": 0.470334380865, "dvar2": 0.961562991142, "max": 17.4103870392, "mean": 1.70755887032, "median": 1.62417721748, "min": -2.23672914505, "var": 2.05219125748}, "melbands_spread": {"dmean": 6.82258176804, "dmean2": 10.2458848953, "dvar": 80.5374984741, "dvar2": 169.26663208, "max": 259.387359619, "mean": 28.2828540802, "median": 26.6785144806, "min": 0.475512087345, "var": 311.001647949}, "mfcc": {"cov": [[12784.4169922, -396.270965576, -1025.94287109, 265.940368652, -207.341842651, 322.550628662, 166.074584961, 295.015655518, 29.2953739166, 8.86797142029, -87.8076629639, -155.47026062, -61.0816268921], [-396.270965576, 1093.47827148, -135.187637329, 70.5653991699, 81.2537078857, -5.20762109756, 43.5637435913, -0.817261219025, -11.0115013123, 44.3291740417, 11.8539733887, 1.71735882759, 7.56152677536], [-1025.94287109, -135.187637329, 828.229919434, -22.712430954, 95.1793212891, -7.81581401825, -101.962036133, -86.0426712036, 19.2143993378, -53.884513855, 7.40631818771, 97.0241622925, 53.3201293945], [265.940368652, 70.5653991699, -22.712430954, 236.661376953, 21.6140174866, 4.68551969528, -27.1077041626, 32.7316169739, 14.8256101608, -5.28101682663, -14.6462993622, 17.6295318604, 8.91220092773], [-207.341842651, 81.2537078857, 95.1793212891, 21.6140174866, 207.106414795, -28.5328083038, 39.5360603333, 1.95458519459, 18.4677886963, 13.8775110245, -28.0242061615, 27.2593688965, -0.688918530941], [322.550628662, -5.20762109756, -7.81581401825, 4.68551969528, -28.5328083038, 179.163406372, 29.125043869, 54.0235328674, 28.1179733276, -0.0706211552024, 35.3754425049, -26.6417045593, 14.4550180435], [166.074584961, 43.5637435913, -101.962036133, -27.1077041626, 39.5360603333, 29.125043869, 168.186325073, 46.2053146362, 15.7349843979, 45.8047294617, 6.31282901764, -24.9051895142, -16.0838069916], [295.015655518, -0.817261219025, -86.0426712036, 32.7316169739, 1.95458519459, 54.0235328674, 46.2053146362, 115.506027222, 41.7629737854, 3.52907800674, 14.771733284, -13.0669517517, 3.01639556885], [29.2953739166, -11.0115013123, 19.2143993378, 14.8256101608, 18.4677886963, 28.1179733276, 15.7349843979, 41.7629737854, 84.780090332, 22.4601097107, 13.6872186661, -9.0102596283, 6.27575826645], [8.86797142029, 44.3291740417, -53.884513855, -5.28101682663, 13.8775110245, -0.0706211552024, 45.8047294617, 3.52907800674, 22.4601097107, 104.954330444, 21.9832077026, -17.8510456085, -17.8575191498], [-87.8076629639, 11.8539733887, 7.40631818771, -14.6462993622, -28.0242061615, 35.3754425049, 6.31282901764, 14.771733284, 13.6872186661, 21.9832077026, 82.7051391602, 8.60274887085, 6.12288665771], [-155.47026062, 1.71735882759, 97.0241622925, 17.6295318604, 27.2593688965, -26.6417045593, -24.9051895142, -13.0669517517, -9.0102596283, -17.8510456085, 8.60274887085, 100.888725281, 36.6946640015], [-61.0816268921, 7.56152677536, 53.3201293945, 8.91220092773, -0.688918530941, 14.4550180435, -16.0838069916, 3.01639556885, 6.27575826645, -17.8575191498, 6.12288665771, 36.6946640015, 74.0134506226]], "icov": [[9.91260822047e-05, 5.04222734889e-05, 0.000107306637801, -9.60276738624e-05, 5.0545520935e-05, -0.000182402698556, -2.35778588831e-05, -9.2718473752e-05, 3.06128677039e-05, -1.85077333299e-05, 0.000186247154488, -4.76182140119e-05, 4.68020298285e-05], [5.04222734889e-05, 0.00105546950363, 0.00028680820833, -0.000382388883736, -0.000527004769538, -0.000126224578707, -0.000102775891719, 0.000262521149125, 0.000327610207023, -0.000260889763013, -0.000324512540828, 0.00010948903946, -0.000358242279617], [0.000107306637801, 0.00028680820833, 0.00198005000129, 0.000121992939967, -0.001016353257, -0.000761027331464, 0.000700618198607, 0.00156748923473, -0.00114631128963, 0.000730433210265, -0.000298103492241, -0.00116107903887, -0.000280607317109], [-9.60276738624e-05, -0.000382388883736, 0.000121992939967, 0.00513163395226, -0.000473499618238, -0.000117832852993, 0.00170259200968, -0.00187282520346, -0.000396022835048, -0.000481878814753, 0.00125045899767, -0.00114469882101, 0.00010032782302], [5.0545520935e-05, -0.000527004769538, -0.001016353257, -0.000473499618238, 0.00700384192169, 0.000700780481566, -0.0022429456003, -0.000384418031899, -0.00151851261035, -0.000743487325963, 0.00303564034402, -0.00207911268808, 0.00107038032729], [-0.000182402698556, -0.000126224578707, -0.000761027331464, -0.000117832852993, 0.000700780481566, 0.00830603577197, -0.00103448377922, -0.0025883987546, -0.000444414676167, 0.00104454602115, -0.00326296850108, 0.00315159629099, -0.00231304764748], [-2.35778588831e-05, -0.000102775891719, 0.000700618198607, 0.00170259200968, -0.0022429456003, -0.00103448377922, 0.00922371540219, -0.00339620118029, 0.00115887448192, -0.00330288149416, 0.00041658905684, 0.000490289879963, 0.00043255998753], [-9.2718473752e-05, 0.000262521149125, 0.00156748923473, -0.00187282520346, -0.000384418031899, -0.0025883987546, -0.00339620118029, 0.0156921762973, -0.00675179157406, 0.00334609672427, -0.00188515963964, -0.000533335842192, -8.24786256999e-05], [3.06128677039e-05, 0.000327610207023, -0.00114631128963, -0.000396022835048, -0.00151851261035, -0.000444414676167, 0.00115887448192, -0.00675179157406, 0.017500590533, -0.00429110229015, -0.001050582272, 0.00263867690228, -0.00227558705956], [-1.85077333299e-05, -0.000260889763013, 0.000730433210265, -0.000481878814753, -0.000743487325963, 0.00104454602115, -0.00330288149416, 0.00334609672427, -0.00429110229015, 0.0137898288667, -0.00439906492829, 0.00117477879394, 0.00195061520208], [0.000186247154488, -0.000324512540828, -0.000298103492241, 0.00125045899767, 0.00303564034402, -0.00326296850108, 0.00041658905684, -0.00188515963964, -0.001050582272, -0.00439906492829, 0.0170240718871, -0.00404387060553, 0.000708165811375], [-4.76182140119e-05, 0.00010948903946, -0.00116107903887, -0.00114469882101, -0.00207911268808, 0.00315159629099, 0.000490289879963, -0.000533335842192, 0.00263867690228, 0.00117477879394, -0.00404387060553, 0.0159727130085, -0.00710754981264], [4.68020298285e-05, -0.000358242279617, -0.000280607317109, 0.00010032782302, 0.00107038032729, -0.00231304764748, 0.00043255998753, -8.24786256999e-05, -0.00227558705956, 0.00195061520208, 0.000708165811375, -0.00710754981264, 0.018464230001]], "mean": [-663.391418457, 122.53276825, -9.9405412674, 14.5419683456, 0.0876439586282, 3.67592597008, -0.626238942146, -0.105445042253, -4.34857797623, 4.48198890686, -1.34419941902, -1.46878242493, -4.53943014145]}, "pitch_salience": {"dmean": 0.065548889339, "dmean2": 0.102945335209, "dvar": 0.00340880453587, "dvar2": 0.00802266597748, "max": 0.987360060215, "mean": 0.579045712948, "median": 0.585067987442, "min": 0.0924440473318, "var": 0.012264534831}, "silence_rate_20dB": {"dmean": 0, "dmean2": 0, "dvar": 0, "dvar2": 0, "max": 1, "mean": 1, "median": 1, "min": 1, "var": 0}, "silence_rate_30dB": {"dmean": 0, "dmean2": 0, "dvar": 0, "dvar2": 0, "max": 1, "mean": 1, "median": 1, "min": 1, "var": 0}, "silence_rate_60dB": {"dmean": 0.0298810284585, "dmean2": 0.0597675703466, "dvar": 0.0289881527424, "dvar2": 0.0624673143029, "max": 1, "mean": 0.161840647459, "median": 0, "min": 0, "var": 0.13564825058}, "spectral_centroid": {"dmean": 208.826507568, "dmean2": 314.081939697, "dvar": 64809.9023438, "dvar2": 129258.953125, "max": 11646.5019531, "mean": 1435.09020996, "median": 1440.06066895, "min": 134.823516846, "var": 606528.8125}, "spectral_complexity": {"dmean": 3.64991235733, "dmean2": 5.56945228577, "dvar": 19.2831382751, "dvar2": 36.2025642395, "max": 60, "mean": 19.7313728333, "median": 19, "min": 0, "var": 144.804916382}, "spectral_contrast_coeffs": {"dmean": [0.0484834127128, 0.0464320443571, 0.0375871062279, 0.0306186806411, 0.0212612487376, 0.0176536086947], "dmean2": [0.0783967450261, 0.0760707110167, 0.060349188745, 0.0496140159667, 0.0342207290232, 0.0273440983146], "dvar": [0.00163657567464, 0.00138903781772, 0.000975812552497, 0.000676376395859, 0.000371792295482, 0.000289425806841], "dvar2": [0.0042904173024, 0.00358405755833, 0.00231622136198, 0.00165162514895, 0.000849999953061, 0.000609732698649], "max": [-0.291887223721, -0.442743211985, -0.454700708389, -0.481238335371, -0.533958554268, -0.588177084923], "mean": [-0.663338661194, -0.754122674465, -0.765655875206, -0.774510443211, -0.793379426003, -0.767726242542], "median": [-0.670036554337, -0.760150194168, -0.785674333572, -0.788298904896, -0.801079034805, -0.767185688019], "min": [-0.976834356785, -0.981378436089, -0.978127598763, -0.976694941521, -0.983280360699, -0.963737845421], "var": [0.00626931479201, 0.00462123611942, 0.00718513922766, 0.00512935547158, 0.003020681208, 0.00305161369033]}, "spectral_contrast_valleys": {"dmean": [0.458141297102, 0.378830224276, 0.349343597889, 0.322901844978, 0.263935983181, 0.407895237207], "dmean2": [0.724628806114, 0.610623776913, 0.542081832886, 0.488245755434, 0.391156882048, 0.485978066921], "dvar": [0.202262103558, 0.126374274492, 0.120013162494, 0.116027615964, 0.118934489787, 0.238457888365], "dvar2": [0.434388041496, 0.270246475935, 0.232160523534, 0.231175929308, 0.218398317695, 0.438582569361], "max": [-5.24226331711, -4.49714612961, -5.40743494034, -5.68053722382, -5.75310564041, -7.44170045853], "mean": [-7.71697759628, -6.84938764572, -7.4326915741, -7.71779489517, -7.82328653336, -10.5033102036], "median": [-7.34930515289, -6.56209087372, -7.07838630676, -7.37222385406, -7.43364334106, -10.2388114929], "min": [-27.9737014771, -28.0116901398, -27.6261882782, -27.5208415985, -27.5038585663, -27.4030952454], "var": [2.84500980377, 2.62477183342, 2.69505667686, 2.61932635307, 2.8622174263, 2.65822482109]}, "spectral_decrease": {"dmean": 1.75958403403e-09, "dmean2": 2.74146705337e-09, "dvar": 8.75965491694e-18, "dvar2": 2.2341451859e-17, "max": 2.2128679618e-23, "mean": -5.01223151872e-09, "median": -3.86343934622e-09, "min": -3.49752156126e-08, "var": 1.98998049423e-17}, "spectral_energy": {"dmean": 0.00710451882333, "dmean2": 0.0110003473237, "dvar": 0.000136179180117, "dvar2": 0.000343140476616, "max": 0.140388950706, "mean": 0.0208766497672, "median": 0.0159568339586, "min": 1.03224514875e-20, "var": 0.000341171311447}, "spectral_energyband_high": {"dmean": 0.000349447218468, "dmean2": 0.000444817414973, "dvar": 4.70415329801e-07, "dvar2": 7.81006121997e-07, "max": 0.0153488889337, "mean": 0.000757150468417, "median": 0.000310402305331, "min": 7.35061611324e-21, "var": 1.53783128098e-06}, "spectral_energyband_low": {"dmean": 0.00288894493133, "dmean2": 0.0046772994101, "dvar": 5.50945696887e-05, "dvar2": 0.00014366376854, "max": 0.0799018591642, "mean": 0.0040229796432, "median": 0.00208858656697, "min": 2.52300436684e-23, "var": 5.04571871716e-05}, "spectral_energyband_middle_high": {"dmean": 0.00244391337037, "dmean2": 0.00374185643159, "dvar": 1.46965639942e-05, "dvar2": 3.53805589839e-05, "max": 0.076868340373, "mean": 0.0086829578504, "median": 0.00377417262644, "min": 1.02678276787e-21, "var": 0.00011590187205}, "spectral_energyband_middle_low": {"dmean": 0.00336464704014, "dmean2": 0.00521321082488, "dvar": 2.58402360487e-05, "dvar2": 6.26483888482e-05, "max": 0.0893757715821, "mean": 0.00846952665597, "median": 0.00590749783441, "min": 1.14439218483e-22, "var": 6.98436124367e-05}, "spectral_entropy": {"dmean": 0.173522174358, "dmean2": 0.237368941307, "dvar": 0.0486213937402, "dvar2": 0.0910165831447, "max": 9.82661056519, "mean": 7.59467029572, "median": 7.638256073, "min": 5.05187082291, "var": 0.215802460909}, "spectral_flux": {"dmean": 0.0203463379294, "dmean2": 0.0322423167527, "dvar": 0.000794232822955, "dvar2": 0.0017278281739, "max": 0.305998146534, "mean": 0.0702439174056, "median": 0.0651973634958, "min": 6.48181439078e-11, "var": 0.00198280345649}, "spectral_kurtosis": {"dmean": 1.6997385025, "dmean2": 2.76857876778, "dvar": 4.87467050552, "dvar2": 12.2835321426, "max": 40.5343132019, "mean": 5.06380224228, "median": 4.33021211624, "min": -1.24445056915, "var": 12.1158018112}, "spectral_rms": {"dmean": 0.000690086453687, "dmean2": 0.0010227994062, "dvar": 8.39139886466e-07, "dvar2": 1.92175639313e-06, "max": 0.011703196913, "mean": 0.00400405703112, "median": 0.00394558534026, "min": 3.17343417169e-12, "var": 4.33498917118e-06}, "spectral_rolloff": {"dmean": 480.333618164, "dmean2": 784.321411133, "dvar": 1338540.875, "dvar2": 2963424.25, "max": 19573.6816406, "mean": 1743.07946777, "median": 1571.92382812, "min": 86.1328125, "var": 2904226.5}, "spectral_skewness": {"dmean": 0.222759753466, "dmean2": 0.345094799995, "dvar": 0.0642437413335, "dvar2": 0.147029191256, "max": 5.26421308517, "mean": 1.61081087589, "median": 1.54213964939, "min": -0.356653541327, "var": 0.282677710056}, "spectral_spread": {"dmean": 686927.3125, "dmean2": 893442.5, "dvar": 1034382540800.0, "dvar2": 1929320333310.0, "max": 42652764, "mean": 4488727, "median": 4083910.25, "min": 1540655.25, "var": 6875417935870.0}, "spectral_strongpeak": {"dmean": 0.70