{"lowlevel": {"average_loudness": 0.808364987373, "barkbands": {"dmean": [4.28555395047e-05, 0.00214078417048, 0.000756247434765, 0.000719100353308, 0.00114198925439, 0.000991319189779, 0.000444671895821, 0.000435294350609, 0.000851409393363, 0.000278596329736, 0.000462956406409, 0.000290029303869, 0.000392566871597, 0.000305334775476, 0.000276593345916, 0.00014081633708, 0.000128266983666, 0.000162289448781, 0.000306805712171, 0.0002125352039, 0.000125469858176, 0.000135697191581, 7.33280539862e-05, 5.48863754375e-05, 3.31794981321e-05, 2.37046187976e-05, 6.54978157399e-06], "dmean2": [6.50711808703e-05, 0.00339526776224, 0.00126442185137, 0.0012108447263, 0.00186983984895, 0.00152187352069, 0.000657584459987, 0.000644140760414, 0.00119790644385, 0.000395955808926, 0.000676216790453, 0.000430499261711, 0.000579016224947, 0.00047725168406, 0.000426493294071, 0.000221587528358, 0.000205160482437, 0.000267224677373, 0.000459725182736, 0.000329033005983, 0.000195363827515, 0.000219513254706, 0.000115654773253, 8.75922341947e-05, 5.13269878866e-05, 3.68175788026e-05, 1.0548683349e-05], "dvar": [1.7760417137e-08, 5.1631956012e-05, 4.79116351926e-06, 3.01596151076e-06, 7.30637066226e-06, 4.4088087634e-06, 2.35205629906e-06, 1.83987708624e-06, 5.90528543398e-06, 1.28783119635e-06, 1.80128859029e-06, 9.62152626016e-07, 1.27060241084e-06, 1.20036918361e-06, 8.70928772656e-07, 1.39744486205e-07, 9.17585651905e-08, 1.86895462662e-07, 8.49641992318e-07, 2.0659857114e-07, 1.0617208801e-07, 1.76109224981e-07, 3.32964589234e-08, 2.88444628183e-08, 9.17339004758e-09, 7.91827847735e-09, 5.00546382121e-10], "dvar2": [3.99940489615e-08, 0.000127226900076, 1.34477095344e-05, 7.761100278e-06, 1.8876955437e-05, 9.47562330111e-06, 5.23515382156e-06, 4.10982374888e-06, 1.13450605568e-05, 2.42529154093e-06, 3.55421639142e-06, 2.09513063965e-06, 2.7679179766e-06, 2.74651847576e-06, 1.84927500868e-06, 2.73156615549e-07, 2.11451109067e-07, 4.75201915151e-07, 1.89302159015e-06, 4.62063667328e-07, 2.47513980867e-07, 4.60000705971e-07, 8.46469561111e-08, 7.82788447395e-08, 2.2228352492e-08, 1.78157257835e-08, 1.19347809413e-09], "max": [0.0020768432878, 0.10156673193, 0.0312631167471, 0.0256607495248, 0.043480977416, 0.0545940995216, 0.0458920709789, 0.0407758429646, 0.0755641311407, 0.0461874492466, 0.0358521044254, 0.0275753289461, 0.0331108160317, 0.0341286435723, 0.0308313872665, 0.0176248531789, 0.0153928743675, 0.0122785503045, 0.0260310731828, 0.0165779162198, 0.00927267037332, 0.00838923174888, 0.00428528245538, 0.00546408351511, 0.00166452268604, 0.00155067071319, 0.000490535690915], "mean": [8.55106118252e-05, 0.00333073711954, 0.00140634609852, 0.00100413698237, 0.00189511291683, 0.00206772610545, 0.000983274658211, 0.000797298853286, 0.00188504054677, 0.000541952555068, 0.00112604326569, 0.00059430708643, 0.000801029033028, 0.00059940724168, 0.000507940305397, 0.000256253697444, 0.000240263616433, 0.000286506285192, 0.000665766827296, 0.000409330998082, 0.000223439899855, 0.000221325855819, 0.000137368551805, 9.37212971621e-05, 4.68356993224e-05, 2.5606381314e-05, 5.57823432246e-06], "median": [3.08011453853e-06, 0.00120339309797, 0.000450389226899, 0.000398548727389, 0.000901837018318, 0.000686657382175, 0.000271681026788, 0.000224953517318, 0.000258187152212, 0.000102692567452, 0.000157397837029, 0.000113299422082, 0.000177218244062, 0.000179403810762, 0.000160558978678, 0.00012377971143, 0.000120290525956, 0.00011464049021, 0.000229410943575, 0.000191633691429, 8.33927333588e-05, 7.44159406167e-05, 5.6496297475e-05, 3.39925827575e-05, 1.08487110992e-05, 4.11729115513e-06, 2.16098698047e-07], "min": [1.59702523679e-25, 1.4800080753e-24, 1.50520942021e-24, 6.92755854683e-25, 6.84439466083e-24, 2.84135372109e-24, 2.21054839519e-24, 2.9806399329e-24, 1.58597171779e-23, 1.47421442443e-23, 1.21307062035e-23, 3.04524858767e-23, 3.19262673742e-23, 2.66895941152e-23, 5.12022098111e-23, 5.4614544408e-23, 5.71139334348e-23, 8.52341236462e-23, 1.4698987873e-22, 1.3779307324e-22, 2.10395059926e-22, 2.63019630125e-22, 3.62951721805e-22, 6.40184176818e-22, 8.36795072561e-22, 1.29038913381e-21, 2.00733227874e-21], "var": [2.77852940656e-08, 4.80938870169e-05, 5.23613698533e-06, 3.15579268317e-06, 9.19456215343e-06, 1.49817542479e-05, 8.58471685206e-06, 4.66533401777e-06, 2.53962589341e-05, 3.8662260522e-06, 9.41967300605e-06, 3.12027032123e-06, 3.77787773687e-06, 3.77629498871e-06, 2.21294294533e-06, 3.3731532767e-07, 1.84797656289e-07, 3.67077433339e-07, 1.9935448563e-06, 4.39132264773e-07, 2.02368795499e-07, 2.47510996587e-07, 5.89220121583e-08, 3.80624705087e-08, 1.26377903698e-08, 8.45178060871e-09, 4.61446075795e-10]}, "barkbands_crest": {"dmean": 2.39891052246, "dmean2": 3.79731178284, "dvar": 6.28620767593, "dvar2": 15.4456739426, "max": 25.8122501373, "mean": 9.96805000305, "median": 9.02595043182, "min": 1.78288114071, "var": 19.16563797}, "barkbands_flatness_db": {"dmean": 0.0189872421324, "dmean2": 0.0279234573245, "dvar": 0.000407519633882, "dvar2": 0.000898944039363, "max": 0.349517911673, "mean": 0.123936749995, "median": 0.118109337986, "min": 0.0179145932198, "var": 0.00208069453947}, "barkbands_kurtosis": {"dmean": 1.95416688919, "dmean2": 3.06292128563, "dvar": 15.912735939, "dvar2": 37.6481704712, "max": 148.081390381, "mean": 2.84742307663, "median": 1.04862987995, "min": -1.92705917358, "var": 39.3918075562}, "barkbands_skewness": {"dmean": 0.432420700788, "dmean2": 0.655415058136, "dvar": 0.280765622854, "dvar2": 0.665797114372, "max": 11.2431507111, "mean": 1.27025771141, "median": 1.15996015072, "min": -2.95740413666, "var": 1.31036007404}, "barkbands_spread": {"dmean": 5.57793283463, "dmean2": 8.56287765503, "dvar": 51.4863891602, "dvar2": 118.505645752, "max": 94.7805252075, "mean": 24.6890659332, "median": 22.6404628754, "min": 1.20200192928, "var": 174.930007935}, "dissonance": {"dmean": 0.0155664477497, "dmean2": 0.025820709765, "dvar": 0.000256729690591, "dvar2": 0.000676156254485, "max": 0.500000059605, "mean": 0.464923262596, "median": 0.471674621105, "min": 0.244589984417, "var": 0.000729954394046}, "dynamic_complexity": 4.50546836853, "erbbands": {"dmean": [0.0600964836776, 0.492272108793, 0.867705523968, 1.53358733654, 3.83006119728, 3.2086224556, 6.44739770889, 9.29806041718, 5.41015195847, 7.43790483475, 10.1586523056, 20.9074459076, 10.7196111679, 14.6974697113, 13.8340177536, 9.32862186432, 16.0796852112, 13.5961065292, 14.5168857574, 11.677028656, 6.44552564621, 7.10947322845, 8.2221364975, 13.1113643646, 13.7573375702, 8.67755222321, 5.89183950424, 4.66758108139, 4.81250190735, 3.73189878464, 1.90587377548, 1.29162168503, 0.849215269089, 0.432323098183, 0.204897984862, 0.111094228923, 0.0432134903967, 0.00927362311631, 0.0010923917871, 6.75384071656e-05], "dmean2": [0.0943068936467, 0.796590924263, 1.44703042507, 2.57643556595, 6.54608154297, 5.15403842926, 9.68492126465, 14.1798744202, 8.08245372772, 10.9340782166, 14.755191803, 29.6897106171, 14.6628246307, 20.8759994507, 19.7653865814, 13.4436740875, 23.2578220367, 20.2549476624, 22.6655673981, 17.4877262115, 10.0251331329, 11.2582397461, 13.4568624496, 19.3176555634, 20.7571105957, 13.4712429047, 9.28194999695, 7.38301706314, 7.85897779465, 5.9292049408, 2.99876928329, 2.03965210915, 1.37047934532, 0.686203241348, 0.311792820692, 0.172168567777, 0.0672689676285, 0.0144766708836, 0.00177040079143, 0.000108652129711], "dvar": [0.0428638532758, 2.76831555367, 6.95157575607, 12.1283779144, 157.41885376, 37.0557098389, 173.580108643, 465.379547119, 374.668945313, 538.505126953, 923.333618164, 3873.71630859, 1636.83349609, 2051.92553711, 1524.31945801, 1141.98034668, 2062.26611328, 1939.62084961, 2272.73388672, 1709.2869873, 158.920166016, 273.601806641, 340.098876953, 1850.43151855, 1679.6998291, 324.618499756, 249.256988525, 200.878662109, 245.353683472, 110.635360718, 22.1643123627, 11.5597400665, 8.87582015991, 1.73470020294, 0.347963541746, 0.141881346703, 0.0300665386021, 0.00148747826461, 1.38044651976e-05, 4.23638866209e-08], "dvar2": [0.102401293814, 7.04254007339, 19.1662940979, 32.3060379028, 412.763153076, 94.4071960449, 401.456085205, 931.555114746, 823.542480469, 1137.71911621, 1933.3470459, 7631.58203125, 3367.3684082, 3984.9309082, 3251.31884766, 2449.53833008, 4387.44042969, 4271.48144531, 5227.81591797, 3350.48217773, 329.692657471, 625.615661621, 904.75579834, 3871.95239258, 4197.31640625, 739.909606934, 595.93170166, 491.171600342, 652.21105957, 282.694030762, 56.8125648499, 30.2930908203, 24.3643074036, 4.48033475876, 0.79551756382, 0.320731759071, 0.0678613856435, 0.0034306854941, 3.31240771629e-05, 1.03229190529e-07], "max": [2.64161491394, 24.7599658966, 37.9297790527, 51.6829872131, 193.641387939, 138.294174194, 318.264556885, 676.357421875, 694.530334473, 878.093322754, 1081.88146973, 2279.95874023, 1453.45654297, 1489.39416504, 1126.7088623, 1176.70080566, 1626.38671875, 1537.24438477, 2027.64916992, 1746.33459473, 583.52734375, 838.541320801, 625.989990234, 1881.17810059, 1801.16699219, 393.397827148, 425.557312012, 462.411437988, 335.602783203, 255.068649292, 115.743133545, 103.624214172, 97.256187439, 28.8114242554, 13.6925792694, 6.37816429138, 3.3392162323, 0.905589342117, 0.0806987583637, 0.00326041062362], "mean": [0.094853900373, 0.742925703526, 1.67873394489, 2.48422169685, 4.42710924149, 5.83780145645, 13.864356041, 18.4182891846, 11.8020830154, 16.5493736267, 20.9645004272, 46.6602058411, 21.9803581238, 39.419380188, 33.6042060852, 21.1236724854, 34.2763824463, 28.6090545654, 29.614824295, 24.4665088654, 13.629981041, 14.2063150406, 15.9419994354, 29.2709636688, 30.3960437775, 17.5187129974, 10.7585935593, 8.07415008545, 7.73618745804, 6.48140382767, 3.58363056183, 2.34022712708, 1.32850170135, 0.629427313805, 0.277218520641, 0.129019871354, 0.0444876179099, 0.00879562366754, 0.000937260745559, 7.69334292272e-05], "median": [0.0192767437547, 0.300343632698, 0.684684455395, 1.17493605614, 1.93766713142, 2.85279273987, 5.10505437851, 5.76620197296, 4.41049480438, 5.6870059967, 6.57804918289, 6.8178153038, 5.02228355408, 6.60954332352, 6.82279729843, 5.73063516617, 8.52376079559, 9.95215129852, 11.1267671585, 8.98504734039, 7.22593927383, 7.53945016861, 7.29315376282, 9.39797782898, 12.7265081406, 8.74885082245, 4.35495042801, 3.02134609222, 2.68207764626, 2.29185414314, 1.54045844078, 0.957536935806, 0.396904945374, 0.149002432823, 0.060351703316, 0.0245788339525, 0.00598025647923, 0.000733567401767, 5.4739004554e-05, 2.88359660772e-05], "min": [5.1672317268e-23, 5.22065824669e-22, 2.13764634475e-21, 6.84165769845e-21, 8.87995512799e-21, 2.14860648787e-20, 3.76296222125e-20, 2.8948497393e-20, 2.72084098834e-20, 1.48495657436e-19, 2.68750515729e-19, 3.43355563687e-19, 4.4878130957e-19, 4.72644694761e-19, 7.4595064922e-19, 1.58927389822e-18, 1.88650905043e-18, 1.82555142275e-18, 2.47825875781e-18, 3.02897947962e-18, 3.40817044615e-18, 2.70136591263e-18, 5.41312700401e-18, 6.85990890876e-18, 7.99248377628e-18, 6.70399859818e-18, 7.66591948789e-18, 8.87089664726e-18, 1.034880784e-17, 1.1660498743e-17, 1.17426030362e-17, 1.18683270447e-17, 9.80626586649e-18, 8.11628541702e-18, 6.04577210728e-18, 4.41246924621e-18, 2.4256477961e-18, 8.61117661737e-19, 2.64810602773e-19, 2.82806879889e-20], "var": [0.0423753857613, 2.43801903725, 6.96395921707, 13.6388978958, 123.142196655, 76.6333999634, 545.744689941, 1549.16125488, 1083.46972656, 1803.15576172, 2689.69848633, 16045.9619141, 4087.01489258, 13408.6767578, 6852.83251953, 3386.87402344, 6495.17578125, 5023.453125, 5743.10595703, 5323.43408203, 447.490692139, 571.161315918, 884.418151855, 4936.65087891, 3130.82568359, 695.308837891, 466.823791504, 328.345245361, 313.923706055, 181.755401611, 36.8506317139, 18.5458450317, 10.1130018234, 2.23793172836, 0.495460569859, 0.161268532276, 0.0311350524426, 0.00145990226883, 1.25534334074e-05, 3.85372409539e-08]}, "erbbands_crest": {"dmean": 2.43586492538, "dmean2": 3.79161596298, "dvar": 6.51373195648, "dvar2": 14.6027565002, "max": 31.0397319794, "mean": 9.43179702759, "median": 7.92542076111, "min": 2.5258500576, "var": 27.5003986359}, "erbbands_flatness_db": {"dmean": 0.0175955016166, "dmean2": 0.0238400679082, "dvar": 0.000361428275937, "dvar2": 0.000619841681328, "max": 0.370296448469, "mean": 0.157391577959, "median": 0.153808400035, "min": 0.0436170324683, "var": 0.00216366373934}, "erbbands_kurtosis": {"dmean": 0.741664648056, "dmean2": 1.14537763596, "dvar": 1.65172708035, "dvar2": 3.38231730461, "max": 48.260635376, "mean": 0.309208899736, "median": -0.380700498819, "min": -1.84709274769, "var": 6.80865192413}, "erbbands_skewness": {"dmean": 0.320275455713, "dmean2": 0.484845846891, "dvar": 0.112650834024, "dvar2": 0.238642916083, "max": 6.40996170044, "mean": 0.248354300857, "median": 0.167834594846, "min": -4.36405754089, "var": 0.715243577957}, "erbbands_spread": {"dmean": 6.74487066269, "dmean2": 10.2737112045, "dvar": 57.5552711487, "dvar2": 127.644813538, "max": 109.408554077, "mean": 39.6958961487, "median": 38.6450386047, "min": 3.51941776276, "var": 272.744506836}, "gfcc": {"cov": [[21022.8085938, 574.979980469, -1103.22729492, 566.66192627, -789.549133301, 378.480895996, -276.641723633, 315.886138916, -275.100097656, 108.43901062, -102.260093689, -43.9030761719, -309.491516113], [574.979980469, 1360.22290039, 177.279586792, 369.945129395, 275.386199951, 93.7632598877, 123.749404907, 68.3282241821, 193.31829834, -19.7695236206, 57.8266334534, 8.37902832031, 75.9500198364], [-1103.22729492, 177.279586792, 1085.36254883, 310.346710205, 415.618041992, 143.965087891, 153.501358032, 113.202354431, 165.270477295, 108.217514038, -81.1281814575, 90.599647522, 40.3166847229], [566.66192627, 369.945129395, 310.346710205, 543.688781738, 248.633850098, 144.738418579, 62.0093002319, 68.9808273315, 117.972991943, 74.3012008667, -34.6829452515, 17.552236557, 21.7515869141], [-789.549133301, 275.386199951, 415.618041992, 248.633850098, 551.924316406, 106.585594177, 166.573989868, 71.0479660034, 135.123809814, 79.743598938, -0.427261441946, 46.5973930359, 10.2643146515], [378.480895996, 93.7632598877, 143.965087891, 144.738418579, 106.585594177, 248.176315308, 134.883621216, 91.8619613647, 24.3623733521, 20.9983215332, 10.996717453, -2.63141322136, -18.3701820374], [-276.641723633, 123.749404907, 153.501358032, 62.0093002319, 166.573989868, 134.883621216, 245.548751831, 88.7680664063, 51.8598556519, 7.31800842285, 33.6170082092, 13.3969345093, -11.1217489243], [315.886138916, 68.3282241821, 113.202354431, 68.9808273315, 71.0479660034, 91.8619613647, 88.7680664063, 147.334075928, 63.60131073, 31.7121963501, -5.93185806274, -0.0118809631094, -7.39972496033], [-275.100097656, 193.31829834, 165.270477295, 117.972991943, 135.123809814, 24.3623733521, 51.8598556519, 63.60131073, 167.027313232, 55.5082855225, 3.94147777557, 11.6169118881, 17.5293636322], [108.43901062, -19.7695236206, 108.217514038, 74.3012008667, 79.743598938, 20.9983215332, 7.31800842285, 31.7121963501, 55.5082855225, 107.155754089, 7.92206287384, 23.3382415771, -5.51996946335], [-102.260093689, 57.8266334534, -81.1281814575, -34.6829452515, -0.427261441946, 10.996717453, 33.6170082092, -5.93185806274, 3.94147777557, 7.92206287384, 115.006515503, 18.4745349884, -1.38072156906], [-43.9030761719, 8.37902832031, 90.599647522, 17.552236557, 46.5973930359, -2.63141322136, 13.3969345093, -0.0118809631094, 11.6169118881, 23.3382415771, 18.4745349884, 89.8355941772, 34.4506874084], [-309.491516113, 75.9500198364, 40.3166847229, 21.7515869141, 10.2643146515, -18.3701820374, -11.1217489243, -7.39972496033, 17.5293636322, -5.51996946335, -1.38072156906, 34.4506874084, 92.5634231567]], "icov": [[8.11984500615e-05, -9.6946641861e-05, 0.000111154011393, -0.000113588532258, 0.000140134172398, -0.000103993690573, 0.000122467812616, -0.000269367214059, 0.000228571268963, -0.000199545742362, 0.000180772403837, -0.000279698550003, 0.000337929988746], [-9.6946641861e-05, 0.00136702728923, -4.82767136418e-05, -0.000636199838482, -0.000445522891823, 0.000201963310246, -0.000189855316421, 0.000262309215032, -0.00142183923163, 0.00168971251696, -0.00113740051165, 0.000655931362417, -0.0010787115898], [0.000111154011393, -4.82767136418e-05, 0.00187443115283, -0.00036936198012, -0.000525839801412, -0.000540253648069, -0.000164267228683, -0.000403203448514, -0.000371292087948, -0.000678797601722, 0.00174995686393, -0.00171965092886, 0.000276722974377], [-0.000113588532258, -0.000636199838482, -0.00036936198012, 0.00373526662588, -0.000865707814228, -0.00180679839104, 0.000782849092502, 0.000800547481049, -0.000861875654664, -0.00127664289903, 0.00110763637349, 0.000422329670982, -0.00073274911847], [0.000140134172398, -0.000445522891823, -0.000525839801412, -0.000865707814228, 0.00386138586327, 0.000111575471237, -0.00174158904701, 0.000422861194238, -0.000422361219535, -0.00154655426741, 0.000543447851669, -0.000987839186564, 0.00104860053398], [-0.000103993690573, 0.000201963310246, -0.000540253648069, -0.00180679839104, 0.000111575471237, 0.0081026526168, -0.00331268063746, -0.00266816560179, 0.0020921479445, -2.38461939261e-06, -0.00136511249002, 0.0014444461558, 0.000176516303327], [0.000122467812616, -0.000189855316421, -0.000164267228683, 0.000782849092502, -0.00174158904701, -0.00331268063746, 0.00877127144486, -0.00314272125252, -0.000431836931966, 0.00242731603794, -0.00204995740205, -0.00110068952199, 0.00139680085704], [-0.000269367214059, 0.000262309215032, -0.000403203448514, 0.000800547481049, 0.000422861194238, -0.00266816560179, -0.00314272125252, 0.0127058345824, -0.00432869233191, -0.00131800421514, 0.00146207062062, 0.00114890083205, -0.000731308129616], [0.000228571268963, -0.00142183923163, -0.000371292087948, -0.000861875654664, -0.000422361219535, 0.0020921479445, -0.000431836931966, -0.00432869233191, 0.012483054772, -0.00504710152745, -0.000175443812623, 0.00114623177797, -0.000734956411179], [-0.000199545742362, 0.00168971251696, -0.000678797601722, -0.00127664289903, -0.00154655426741, -2.38461939261e-06, 0.00242731603794, -0.00131800421514, -0.00504710152745, 0.0162621214986, -0.00320901651867, -0.00243943394162, 0.00168496801052], [0.000180772403837, -0.00113740051165, 0.00174995686393, 0.00110763637349, 0.000543447851669, -0.00136511249002, -0.00204995740205, 0.00146207062062, -0.000175443812623, -0.00320901651867, 0.0127241751179, -0.00419495347887, 0.00164753466379], [-0.000279698550003, 0.000655931362417, -0.00171965092886, 0.000422329670982, -0.000987839186564, 0.0014444461558, -0.00110068952199, 0.00114890083205, 0.00114623177797, -0.00243943394162, -0.00419495347887, 0.0174914784729, -0.00740300724283], [0.000337929988746, -0.0010787115898, 0.000276722974377, -0.00073274911847, 0.00104860053398, 0.000176516303327, 0.00139680085704, -0.000731308129616, -0.000734956411179, 0.00168496801052, 0.00164753466379, -0.00740300724283, 0.0159177035093]], "mean": [-29.1814861298, 76.4238739014, -129.516311646, 34.8583946228, -63.8197174072, 6.84386539459, -36.671081543, 1.64466905594, -23.6881523132, 1.7000579834, -12.0565395355, -1.78783798218, -11.2424516678]}, "hfc": {"dmean": 5.77075815201, "dmean2": 8.27464771271, "dvar": 118.296829224, "dvar2": 275.465393066, "max": 166.957885742, "mean": 20.0453643799, "median": 13.9198694229, "min": 1.06507544062e-16, "var": 399.495758057}, "melbands": {"dmean": [0.000576488440856, 0.000503056857269, 0.000345480017131, 0.000242952082772, 0.000203674091608, 0.00019455315487, 8.7325432105e-05, 8.58425846673e-05, 8.54264799273e-05, 0.000138869479997, 5.36513834959e-05, 5.8210309362e-05, 4.97353175888e-05, 3.43130086549e-05, 2.557892185e-05, 4.42769160145e-05, 2.62308458332e-05, 2.70230066235e-05, 2.21825121116e-05, 1.25921505969e-05, 7.22939512343e-06, 8.30382759887e-06, 7.71293980506e-06, 7.24685014575e-06, 1.22924548123e-05, 1.28749770738e-05, 9.24167579797e-06, 5.61109391128e-06, 4.42694226876e-06, 2.86949943984e-06, 2.89955892185e-06, 2.87012016997e-06, 2.80104723061e-06, 1.86935278634e-06, 1.21429752653e-06, 9.15634075227e-07, 7.93960055034e-07, 6.49786613849e-07, 4.94361870551e-07, 3.40192826798e-07], "dmean2": [0.000907347886823, 0.000814397470094, 0.000581582658924, 0.000410695036408, 0.000306969479425, 0.000297100457828, 0.000130308864755, 0.000126828046632, 0.000123819641885, 0.000196826600586, 7.26679063519e-05, 8.25964598334e-05, 7.06274586264e-05, 4.96454922541e-05, 3.69813096768e-05, 6.5011830884e-05, 3.96681425627e-05, 4.26528931712e-05, 3.37628371199e-05, 1.9349889044e-05, 1.14167105494e-05, 1.32772129291e-05, 1.23926502056e-05, 1.17978906928e-05, 1.80733659363e-05, 1.96213495656e-05, 1.38754412546e-05, 9.00515078683e-06, 7.09222922524e-06, 4.53142001788e-06, 4.66869596494e-06, 4.75763317809e-06, 4.55741383121e-06, 2.98713484881e-06, 1.94126278075e-06, 1.44560249282e-06, 1.27121143123e-06, 1.06417144252e-06, 8.00654675004e-07, 5.42722148111e-07], "dvar": [3.86431793231e-06, 2.38747134063e-06, 7.44178919376e-07, 4.45718541187e-07, 1.49192771914e-07, 1.89822969787e-07, 8.64270646161e-08, 6.36448547198e-08, 7.00656102026e-08, 1.64925339163e-07, 4.19201668933e-08, 3.23425091153e-08, 1.84729813668e-08, 1.20696403982e-08, 1.04055830619e-08, 1.56622093073e-08, 9.01225138961e-09, 8.97194851746e-09, 5.67903857274e-09, 1.31553146154e-09, 2.11743622636e-10, 4.5333953258e-10, 3.89868942685e-10, 3.74482972409e-10, 1.84656478996e-09, 1.6655623547e-09, 5.30904376017e-10, 1.51613985255e-10, 1.77030251569e-10, 5.58422301455e-11, 8.87877757427e-11, 8.69663022152e-11, 7.46565032017e-11, 2.64065141281e-11, 9.03881743758e-12, 4.8538829206e-12, 5.05261717881e-12, 6.23939008099e-12, 2.43468114593e-12, 1.06816140134e-12], "dvar2": [9.3964899861e-06, 6.19967386228e-06, 1.92664515453e-06, 1.17111630971e-06, 3.45789203493e-07, 3.89067793094e-07, 1.93258259173e-07, 1.37427221603e-07, 1.36535604156e-07, 3.26044357735e-07, 8.28661441687e-08, 6.19140578806e-08, 3.79886486712e-08, 2.6422670274e-08, 2.13355377809e-08, 3.31573737355e-08, 1.97192804308e-08, 2.06565573535e-08, 1.09788000913e-08, 2.39849118344e-09, 4.82069273389e-10, 1.07609410271e-09, 9.44654021673e-10, 9.47360523362e-10, 3.89583698635e-09, 3.66641250693e-09, 1.18426579654e-09, 3.65280555803e-10, 4.28663021745e-10, 1.33787828038e-10, 2.27263610708e-10, 2.32672700551e-10, 1.99309221904e-10, 6.71497718541e-11, 2.36898972661e-11, 1.22151403575e-11, 1.35939185256e-11, 1.74914856904e-11, 6.38750554185e-12, 2.75642724791e-12], "max": [0.025484059006, 0.0236198361963, 0.010792166926, 0.0117277596146, 0.00840070191771, 0.0130262346938, 0.0099083147943, 0.009406757541, 0.00776425423101, 0.0128244329244, 0.00746919680387, 0.00656577013433, 0.00385969318449, 0.00316608604044, 0.00356415868737, 0.00372393778525, 0.00350326416083, 0.00351649289951, 0.00280644604936, 0.00152618077118, 0.000488363963086, 0.00121929659508, 0.000856887665577, 0.000584652414545, 0.00195523770526, 0.00109688926022, 0.00107159826439, 0.000287913193461, 0.000421934993938, 0.000190625229152, 0.000335799413733, 0.000210438884096, 0.000169935912709, 0.000131071617943, 5.71172859054e-05, 7.60266993893e-05, 6.49105131743e-05, 9.09307273105e-05, 2.88600112981e-05, 2.5583722163e-05], "mean": [0.000887475791387, 0.000936505384743, 0.000512718805112, 0.000340840953868, 0.000456718524219, 0.000394115835661, 0.000193994725123, 0.000186934092198, 0.000171732710442, 0.000304984627292, 0.000100431083411, 0.000150734616909, 0.00012015561515, 7.64250580687e-05, 4.85746459162e-05, 9.01884050108e-05, 4.95752283314e-05, 5.11469661433e-05, 4.26858205174e-05, 2.26137544814e-05, 1.38812592922e-05, 1.49580700963e-05, 1.39888843478e-05, 1.28347628561e-05, 2.49879121839e-05, 2.55876384472e-05, 1.86931229109e-05, 9.73250280367e-06, 7.41407211535e-06, 4.83631902171e-06, 4.59261173091e-06, 4.3727773118e-06, 4.30788122685e-06, 3.25003247781e-06, 2.11712722376e-06, 1.67620373759e-06, 1.30958449063e-06, 9.63215029515e-07, 7.23937716884e-07, 4.64074958018e-07], "median": [0.000266275717877, 0.000430170533946, 0.000253088335739, 0.000169791892404, 0.000185070137377, 0.000123774210806, 6.66867344989e-05, 6.21432336629e-05, 4.17204428231e-05, 4.03934500355e-05, 2.00655158551e-05, 2.2074300432e-05, 2.08984056371e-05, 1.55615707627e-05, 9.74186423264e-06, 1.91287490452e-05, 1.5611114577e-05, 1.66014870047e-05, 1.24235521071e-05, 9.93616686173e-06, 6.73969498166e-06, 7.4139688877e-06, 5.94742778048e-06, 5.31101431989e-06, 6.92445155437e-06, 8.78143964655e-06, 7.45826082493e-06, 4.39890663984e-06, 2.61466107077e-06, 1.76605385604e-06, 1.55037901095e-06, 1.41284374422e-06, 1.37314646054e-06, 1.11264228053e-06, 8.57643556174e-07, 7.08885295353e-07, 4.80764072108e-07, 2.75334144817e-07, 1.64395473234e-07, 9.98419693587e-08], "min": [4.49905271529e-25, 1.09858376965e-24, 1.15420763398e-24, 6.12700277868e-25, 1.64795666063e-24, 5.27771019774e-25, 3.57725025862e-25, 1.65381365703e-24, 2.0391251734e-24, 2.51150948016e-24, 2.06279790309e-24, 1.75646309764e-24, 2.45470873397e-24, 2.39302592485e-24, 3.83505360162e-24, 1.46799648473e-24, 2.30647388127e-24, 2.65318258785e-24, 3.78720011582e-24, 4.14147478734e-24, 3.95828590236e-24, 2.3970727813e-24, 4.06946125302e-24, 3.24698185703e-24, 4.1228955353e-24, 4.97094427981e-24, 4.11892204292e-24, 3.54688231851e-24, 3.86591975669e-24, 4.52977224084e-24, 4.65566181954e-24, 4.99801167519e-24, 4.37789679506e-24, 5.21641886085e-24, 5.41138780573e-24, 4.49868520472e-24, 5.93206834647e-24, 5.51968184194e-24, 5.55543775133e-24, 6.25201060811e-24], "var": [3.6437277231e-06, 2.37308313444e-06, 7.26843097709e-07, 4.10822025287e-07, 5.05354421421e-07, 6.43312375814e-07, 2.8369944971e-07, 1.99510949983e-07, 2.29551531561e-07, 7.0663003271e-07, 1.05520534532e-07, 1.99883729124e-07, 8.22386354571e-08, 4.77459387582e-08, 2.83845551508e-08, 5.25008374552e-08, 2.40170336951e-08, 2.47601708026e-08, 1.91099722713e-08, 3.61769747492e-09, 5.17721809867e-10, 7.98639265831e-10, 9.51232648205e-10, 6.52245590871e-10, 4.45124870296e-09, 3.29437233049e-09, 1.31346211685e-09, 2.53663590133e-10, 2.95692192953e-10, 9.89523601946e-11, 1.26121391109e-10, 1.08453829251e-10, 9.54150924937e-11, 4.50746523439e-11, 1.35404396029e-11, 8.40221295317e-12, 7.0689552302e-12, 6.22498450356e-12, 3.07680183415e-12, 1.33603566578e-12]}, "melbands_crest": {"dmean": 2.84155440331, "dmean2": 4.48690032959, "dvar": 8.10795974731, "dvar2": 19.2414073944, "max": 33.2230834961, "mean": 13.1711101532, "median": 12.4269790649, "min": 1.61357736588, "var": 26.5240154266}, "melbands_flatness_db": {"dmean": 0.0212460998446, "dmean2": 0.0319117419422, "dvar": 0.000588233931921, "dvar2": 0.00139412737917, "max": 0.420759528875, "mean": 0.170634493232, "median": 0.16508987546, "min": 0.00394026469439, "var": 0.00353537034243}, "melbands_kurtosis": {"dmean": 4.96534442902, "dmean2": 7.82603883743, "dvar": 99.0004730225, "dvar2": 248.193389893, "max": 302.463653564, "mean": 10.4602270126, "median": 5.9824090004, "min": -1.75830876827, "var": 211.70640564}, "melbands_skewness": {"dmean": 0.586026549339, "dmean2": 0.891217947006, "dvar": 0.549908876419, "dvar2": 1.29346418381, "max": 13.33116436, "mean": 2.34596610069, "median": 2.13485264778, "min": -1.62924993038, "var": 2.36248397827}, "melbands_spread": {"dmean": 7.37806177139, "dmean2": 11.3892002106, "dvar": 104.719711304, "dvar2": 241.242111206, "max": 176.499633789, "mean": 29.1853675842, "median": 24.3748207092, "min": 0.937335908413, "var": 461.353240967}, "mfcc": {"cov": [[10875.3466797, 353.686340332, -45.9178543091, 182.927963257, -206.289047241, 67.3986282349, 100.976623535, 169.32749939, -101.548736572, 224.148544312, 113.729728699, -33.2467727661, -7.03494215012], [353.686340332, 1137.50219727, 95.4955291748, 310.370605469, 205.606552124, 147.177352905, 20.5660457611, 149.001617432, 91.5516433716, 100.33997345, 22.602355957, 71.1815185547, 71.3139572144], [-45.9178543091, 95.4955291748, 546.415222168, 185.044906616, 152.135650635, 146.184432983, 37.6445350647, 85.2053070068, 144.494827271, 32.7475090027, 26.1989269257, 54.4475517273, 29.1478233337], [182.927963257, 310.370605469, 185.044906616, 437.828186035, 249.962524414, 192.764205933, 16.511592865, 69.4993057251, 150.123123169, 36.4303855896, 61.9279708862, 72.0703430176, 78.2897644043], [-206.289047241, 205.606552124, 152.135650635, 249.962524414, 324.387695313, 163.397216797, 49.1461181641, 56.4422531128, 145.890319824, 33.882724762, 55.7442855835, 70.9578170776, 66.1629943848], [67.3986282349, 147.177352905, 146.184432983, 192.764205933, 163.397216797, 225.349075317, 92.8927688599, 87.0132904053, 104.652923584, 36.3393440247, 61.7880783081, 53.8899269104, 44.1655883789], [100.976623535, 20.5660457611, 37.6445350647, 16.511592865, 49.1461181641, 92.8927688599, 209.26625061, 99.2537536621, 41.2531051636, 36.3765563965, 47.4877243042, 17.1255588531, 17.8234653473], [169.32749939, 149.001617432, 85.2053070068, 69.4993057251, 56.4422531128, 87.0132904053, 99.2537536621, 172.058486938, 67.6928405762, 70.061088562, 42.1750831604, 26.0628299713, 21.6821537018], [-101.548736572, 91.5516433716, 144.494827271, 150.123123169, 145.890319824, 104.652923584, 41.2531051636, 67.6928405762, 208.424224854, 38.7506980896, 45.2790603638, 54.942855835, 22.6831264496], [224.148544312, 100.33997345, 32.7475090027, 36.4303855896, 33.882724762, 36.3393440247, 36.3765563965, 70.061088562, 38.7506980896, 133.102508545, 46.1788406372, 20.2757434845, 20.2249832153], [113.729728699, 22.602355957, 26.1989269257, 61.9279708862, 55.7442855835, 61.7880783081, 47.4877243042, 42.1750831604, 45.2790603638, 46.1788406372, 122.495132446, 51.8349189758, 21.6198444366], [-33.2467727661, 71.1815185547, 54.4475517273, 72.0703430176, 70.9578170776, 53.8899269104, 17.1255588531, 26.0628299713, 54.942855835, 20.2757434845, 51.8349189758, 95.5687561035, 36.9797897339], [-7.03494215012, 71.3139572144, 29.1478233337, 78.2897644043, 66.1629943848, 44.1655883789, 17.8234653473, 21.6821537018, 22.6831264496, 20.2249832153, 21.6198444366, 36.9797897339, 106.352638245]], "icov": [[0.000103980586573, -1.70414659806e-05, 5.14153998665e-06, -0.000141746146255, 0.000172508094693, -1.70536386577e-05, -4.16551083617e-05, -2.3188204068e-05, 8.58043204062e-05, -0.000154660214321, -7.25548597984e-05, 5.58352912776e-05, 3.91572611989e-05], [-1.70414659806e-05, 0.00131011847407, 0.000210914833588, -0.000777162378654, -0.000375867326511, 1.09649397473e-06, 0.00035907846177, -0.00104907318018, 0.000448151986348, -0.000580651219934, 0.000817629043013, -0.000627852336038, 8.86838388396e-05], [5.14153998665e-06, 0.000210914833588, 0.00254787923768, -0.000383364327718, -0.000148659848492, -0.000940003083088, 0.000392177549656, -0.000765316945035, -0.000875149504282, -7.5674164691e-05, 0.000799097004347, -0.00054799800273, 0.000245116854785], [-0.000141746146255, -0.000777162378654, -0.000383364327718, 0.00613632844761, -0.00220909900963, -0.00275659142062, 0.00183727103285, 7.48183956603e-05, -0.00129448494408, 0.000857686623931, -0.000923607498407, 0.000660627556499, -0.00163342594169], [0.000172508094693, -0.000375867326511, -0.000148659848492, -0.00220909900963, 0.00755220185965, -0.0019886509981, -0.000688605301548, 0.00133383146022, -0.00223437394015, -0.000264493981376, -0.000101273639302, -0.000739425711799, -0.00129406235646], [-1.70536386577e-05, 1.09649397473e-06, -0.000940003083088, -0.00275659142062, -0.0019886509981, 0.0111657064408, -0.00318559072912, -0.00133726675995, -0.000199667483685, 0.000651548092719, -0.00135552778374, -0.000601601670496, 9.52201371547e-05], [-4.16551083617e-05, 0.00035907846177, 0.000392177549656, 0.00183727103285, -0.000688605301548, -0.00318559072912, 0.00826088618487, -0.00409428309649, 2.74062895187e-05, 0.00058576563606, -0.00142591807526, 0.000940223806538, -0.000656231655739], [-2.3188204068e-05, -0.00104907318018, -0.000765316945035, 7.48183956603e-05, 0.00133383146022, -0.00133726675995, -0.00409428309649, 0.0118392091244, -0.00174133270048, -0.00353135750629, -0.000228393764701, 0.000366803375073, -0.000183540905709], [8.58043204062e-05, 0.000448151986348, -0.000875149504282, -0.00129448494408, -0.00223437394015, -0.000199667483685, 2.74062895187e-05, -0.00174133270048, 0.00897113326937, -0.000939326942898, 7.19187446521e-05, -0.00226580561139, 0.00175975973252], [-0.000154660214321, -0.000580651219934, -7.5674164691e-05, 0.000857686623931, -0.000264493981376, 0.000651548092719, 0.00058576563606, -0.00353135750629, -0.000939326942898, 0.0110830413178, -0.00341331306845, 0.000995529349893, -0.00127535802312], [-7.25548597984e-05, 0.000817629043013, 0.000799097004347, -0.000923607498407, -0.000101273639302, -0.00135552778374, -0.00142591807526, -0.000228393764701, 7.19187446521e-05, -0.00341331306845, 0.0134643279016, -0.00619185576215, 0.000868931238074], [5.58352912776e-05, -0.000627852336038, -0.00054799800273, 0.000660627556499, -0.000739425711799, -0.000601601670496, 0.000940223806538, 0.000366803375073, -0.00226580561139, 0.000995529349893, -0.00619185576215, 0.0173485707492, -0.00391355575994], [3.91572611989e-05, 8.86838388396e-05, 0.000245116854785, -0.00163342594169, -0.00129406235646, 9.52201371547e-05, -0.000656231655739, -0.000183540905709, 0.00175975973252, -0.00127535802312, 0.000868931238074, -0.00391355575994, 0.0124452952296]], "mean": [-660.571899414, 101.742477417, -8.43771076202, 24.580953598, -5.15455532074, 4.67474365234, -4.67048883438, -0.908433735371, -9.6296415329, 4.49284505844, -3.1874434948, -5.50136137009, -1.44158506393]}, "pitch_salience": {"dmean": 0.0639102682471, "dmean2": 0.102624386549, "dvar": 0.00409200089052, "dvar2": 0.0103185027838, "max": 0.973342716694, "mean": 0.545566856861, "median": 0.549281537533, "min": 0.0961892828345, "var": 0.0115332426503}, "silence_rate_20dB": {"dmean": 0, "dmean2": 0, "dvar": 0, "dvar2": 0, "max": 1, "mean": 1, "median": 1, "min": 1, "var": 0}, "silence_rate_30dB": {"dmean": 0, "dmean2": 0, "dvar": 0, "dvar2": 0, "max": 1, "mean": 1, "median": 1, "min": 1, "var": 0}, "silence_rate_60dB": {"dmean": 0.0251937992871, "dmean2": 0.0503920353949, "dvar": 0.0245624370873, "dvar2": 0.0545473955572, "max": 1, "mean": 0.115299917758, "median": 0, "min": 0, "var": 0.102011859417}, "spectral_centroid": {"dmean": 260.619171143, "dmean2": 400.426208496, "dvar": 98176.6171875, "dvar2": 221458.375, "max": 11740.328125, "mean": 1764.25610352, "median": 1648.89916992, "min": 314.090881348, "var": 1228398.125}, "spectral_complexity": {"dmean": 3.3498942852, "dmean2": 5.06809949875, "dvar": 19.9950199127, "dvar2": 38.9295730591, "max": 60, "mean": 17.4266719818, "median": 17, "min": 0, "var": 103.351005554}, "spectral_contrast_coeffs": {"dmean": [0.0466687232256, 0.042442586273, 0.0352687127888, 0.0284632276744, 0.0223405007273, 0.0170173533261], "dmean2": [0.0738206654787, 0.0682289972901, 0.0547861866653, 0.0456953719258, 0.034791175276, 0.0265997890383], "dvar": [0.00165651447605, 0.0012800116092, 0.000948381202761, 0.00059775164118, 0.00039688590914, 0.000230577919865], "dvar2": [0.0039477837272, 0.00323086418211, 0.00218102568761, 0.00144190550782, 0.000870247371495, 0.00054402416572], "max": [-0.279671907425, -0.374392598867, -0.38363468647, -0.522199571133, -0.515863358974, -0.599620342255], "mean": [-0.645063877106, -0.71599906683, -0.739178776741, -0.756987929344, -0.766581952572, -0.743552803993], "median": [-0.663773417473, -0.721808791161, -0.756083726883, -0.761885225773, -0.770814180374, -0.739487588406], "min": [-0.977048695087, -0.97485178709, -0.978549182415, -0.971825480461, -0.970888018608, -0.964238286018], "var": [0.0113221006468, 0.00755035877228, 0.00764712924138, 0.00365580851212, 0.00307543156669, 0.00168039964046]}, "spectral_contrast_valleys": {"dmean": [0.4629085958, 0.333654135466, 0.290916621685, 0.258308202028, 0.248207241297, 0.306004345417], "dmean2": [0.698534727097, 0.530824422836, 0.461083501577, 0.403660446405, 0.367521733046, 0.401710927486], "dvar": [0.268130511045, 0.104738250375, 0.0845998302102, 0.0821466594934, 0.109709501266, 0.165153384209], "dvar2": [0.477928757668, 0.223294273019, 0.170410871506, 0.152279004455, 0.19948849082, 0.288468897343], "max": [-5.3890709877, -5.08573293686, -5.57597541809, -5.66296005249, -5.6498336792, -7.65301179886], "mean": [-8.06431293488, -7.29869794846, -7.91933488846, -8.10936832428, -7.86218595505, -10.4842615128], "median": [-7.3394780159, -6.95882606506, -7.58271312714, -7.76759386063, -7.55185937881, -10.1946668625], "min": [-28.51861763, -28.0918254852, -27.6239204407, -27.5988864899, -27.5693359375, -27.40990448], "var": [5.64844703674, 4.52139949799, 4.26887083054, 4.17740821838, 4.30472898483, 3.77505087852]}, "spectral_decrease": {"dmean": 1.45631495752e-09, "dmean2": 2.13368700486e-09, "dvar": 6.18887766198e-18, "dvar2": 1.38737735003e-17, "max": 1.88741724366e-28, "mean": -4.88039519908e-09, "median": -4.05477385002e-09, "min": -3.19566062501e-08, "var": 1.59157639682e-17}, "spectral_energy": {"dmean": 0.00588556285948, "dmean2": 0.00857858266681, "dvar": 9.7128606285e-05, "dvar2": 0.000215762804146, "max": 0.122230753303, "mean": 0.0202378313988, "median": 0.0166587103158, "min": 1.01502193977e-20, "var": 0.000267623428954}, "spectral_energyband_high": {"dmean": 0.00045008919551, "dmean2": 0.00068695488153, "dvar": 1.37708912007e-06, "dvar2": 3.39536632055e-06, "max": 0.0264007989317, "mean": 0.000907151261345, "median": 0.000417809584178, "min": 6.94308991327e-21, "var": 2.46528747994e-06}, "spectral_energyband_low": {"dmean": 0.00271715666167, "dmean2": 0.0041670659557, "dvar": 6.3739142206e-05, "dvar2": 0.00014874052431, "max": 0.118310190737, "mean": 0.00525581743568, "median": 0.00271962257102, "min": 1.29313613681e-23, "var": 7.3634844739e-05}, "spectral_energyband_middle_high": {"dmean": 0.00153221504297, "dmean2": 0.00219000596553, "dvar": 8.47654337122e-06, "dvar2": 1.65726123669e-05, "max": 0.0572287216783, "mean": 0.00583131704479, "median": 0.00276996265166, "min": 1.12957237881e-21, "var": 5.93540680711e-05}, "spectral_energyband_middle_low": {"dmean": 0.00313999410719, "dmean2": 0.00474673463032, "dvar": 2.69473221124e-05, "dvar2": 6.42526501906e-05, "max": 0.0816550329328, "mean": 0.00874118506908, "median": 0.00584259955212, "min": 1.60947327255e-22, "var": 8.23683294584e-05}, "spectral_entropy": {"dmean": 0.137465193868, "dmean2": 0.198258429766, "dvar": 0.0257523600012, "dvar2": 0.0492073222995, "max": 9.82175827026, "mean": 7.62810373306, "median": 7.64720201492, "min": 5.66673946381, "var": 0.184804692864}, "spectral_flux": {"dmean": 0.0214904155582, "dmean2": 0.0331333316863, "dvar": 0.000783319293987, "dvar2": 0.00171698641498, "max": 0.28769788146, "mean": 0.0669223964214, "median": 0.0557186454535, "min": 6.34433686142e-11, "var": 0.00211932486854}, "spectral_kurtosis": {"dmean": 1.07282102108, "dmean2": 1.81490826607, "dvar": 1.21908295155, "dvar2": 3.52008152008, "max": 18.1964683533, "mean": 3.38122010231, "median": 3.17874479294, "min": -1.25983142853, "var": 3.21740531921}, "spectral_rms": {"dmean": 0.000592855096329, "dmean2": 0.000831179786474, "dvar": 7.05365835074e-07, "dvar2": 1.4115482827e-06, "max": 0.0109201427549, "mean": 0.00401320075616, "median": 0.00403142673895, "min": 3.14684801654e-12, "var": 3.63851404472e-06}, "spectral_rolloff": {"dmean": 554.132019043, "dmean2": 909.814758301, "dvar": 815969.6875, "dvar2": 1878132.25, "max": 19616.7480469, "mean": 1979.9979248, "median": 1464.2578125, "min": 86.1328125, "var": 4632644}, "spectral_skewness": {"dmean": 0.16794025898, "dmean2": 0.269582360983, "dvar": 0.0249223876745, "dvar2": 0.0631256923079, "max": 3.34121656418, "mean": 1.27960515022, "median": 1.28700208664, "min": -0.089479342103, "var": 0.120821945369}, "spectral_spread": {"dmean": 419989.5625, "dmean2": 607539.3125, "dvar": 417489715200, "dvar2": 802365833216, "max": 42713792, "mean": 4762424, "median": 4321933.5, "min": 2195948.5, "var": 12190082924500.0}, "spectral_strongpeak": {"dmean": 0.565928697586, "dmea