{"lowlevel": {"average_loudness": 0.913351178169, "barkbands": {"dmean": [0.000500406837091, 0.0048372913152, 0.0012613433646, 0.00142098357901, 0.00146754190791, 0.000936306954827, 0.000645894906484, 0.000619443366304, 0.000722937867977, 0.000808322045486, 0.000370851921616, 0.000534191145562, 0.000403166079195, 0.00043549016118, 0.000417152972659, 0.000430330255767, 0.00036996556446, 0.000249084579991, 0.000212509548874, 0.000123676014482, 0.000165624835063, 0.000182116084034, 0.000132015717099, 0.00010384235793, 4.19548487116e-05, 1.79272083187e-05, 5.82049915465e-06], "dmean2": [0.000703316356521, 0.00754930404946, 0.00227640289813, 0.00237282621674, 0.002434279304, 0.00151427229866, 0.00100200390443, 0.000973565212917, 0.00113464484457, 0.00121167651378, 0.000575298909098, 0.000839154527057, 0.000643146922812, 0.000705449376255, 0.000668284425046, 0.000713172834367, 0.000616543809883, 0.000400465243729, 0.000340801547281, 0.000197903718799, 0.000259643798927, 0.000274414167507, 0.000191678787814, 0.000146603604662, 6.06788598816e-05, 2.66466086032e-05, 9.36312881095e-06], "dvar": [2.66430879492e-06, 0.00027674328885, 1.90265382116e-05, 1.09478605737e-05, 1.18172119983e-05, 5.41895724382e-06, 5.06078549734e-06, 3.60279864253e-06, 4.81290771859e-06, 5.78581148147e-06, 1.66514519151e-06, 1.91355161405e-06, 1.3064027371e-06, 1.23114773487e-06, 8.93068545338e-07, 8.30688804854e-07, 3.40378164765e-07, 2.41070182483e-07, 1.27136885908e-07, 3.67310803995e-08, 9.31146715288e-08, 1.6712844797e-07, 2.04970433515e-07, 2.29148255926e-07, 1.86533650748e-08, 1.83417148136e-09, 2.32722022209e-10], "dvar2": [5.02808325109e-06, 0.000613816606347, 5.5147560488e-05, 2.90118878183e-05, 3.23539134115e-05, 1.36678809213e-05, 1.22279852803e-05, 8.45325666887e-06, 1.11497320177e-05, 1.28797455545e-05, 3.77842752641e-06, 4.66089295514e-06, 3.1710278563e-06, 2.91436208499e-06, 2.04407956517e-06, 2.12901295527e-06, 9.16163685361e-07, 5.97939106228e-07, 3.1943162071e-07, 8.98984851005e-08, 2.32769878039e-07, 3.33861578383e-07, 4.11705229908e-07, 4.84880217755e-07, 3.81870535193e-08, 3.91945276235e-09, 5.93605609112e-10], "max": [0.0160829853266, 0.162628248334, 0.0563186779618, 0.0461942479014, 0.0523739680648, 0.0439716763794, 0.0501831881702, 0.0406849086285, 0.056824862957, 0.0550202094018, 0.0443754345179, 0.0376287065446, 0.0571978054941, 0.0312730073929, 0.0265137311071, 0.0347887724638, 0.0151407904923, 0.0131280487403, 0.0112870847806, 0.00427249958739, 0.0134940370917, 0.0200904682279, 0.017219947651, 0.0187149625272, 0.00532147521153, 0.000960423611104, 0.000282550492557], "mean": [0.000564433925319, 0.00572691811249, 0.00152133614756, 0.00233203149401, 0.00235283258371, 0.00130603974685, 0.000899541308172, 0.000910347618628, 0.00108844856732, 0.00125501456205, 0.000556272803806, 0.00085338356439, 0.000642185623292, 0.000678607495502, 0.000694315822329, 0.000825387251098, 0.000733445689548, 0.000530478660949, 0.000495183106977, 0.000315429002512, 0.000431892432971, 0.000487330456963, 0.000327193061821, 0.000233323007706, 0.000106226470962, 3.6193177948e-05, 8.24047765491e-06], "median": [1.99789847102e-05, 0.000813349266537, 0.000406058650697, 0.000729045190383, 0.00093658757396, 0.000431415683124, 0.000246524112299, 0.00018854199152, 0.000284862995613, 0.000330960174324, 0.000153286542627, 0.000308689806843, 0.000241718211328, 0.000262802437646, 0.000287257804302, 0.000479731766973, 0.00048393412726, 0.000326926063281, 0.000330872397171, 0.000230021469179, 0.000297230348224, 0.000294638419291, 0.000171059553395, 0.000109686676296, 5.40969122085e-05, 1.37929582706e-05, 3.12021143145e-06], "min": [2.56276699937e-25, 8.20637553686e-25, 1.4912829684e-24, 6.13104716994e-25, 7.28083905639e-24, 9.11033607993e-24, 1.22380733281e-23, 1.19927943846e-23, 9.72135223837e-24, 1.04100830289e-23, 1.61053021995e-23, 1.75080672829e-23, 3.30997673905e-23, 4.40758675852e-23, 4.14785462102e-23, 6.43268042356e-23, 6.61356938457e-23, 7.78999639035e-23, 1.28930517582e-22, 1.47859885024e-22, 2.2537619747e-22, 3.55447748708e-22, 3.8650266557e-22, 6.38936236731e-22, 8.48322387736e-22, 1.22812218424e-21, 1.81504247273e-21], "var": [3.73055968339e-06, 0.000325907691149, 1.26329532577e-05, 1.47489427036e-05, 1.53492910613e-05, 7.63629577705e-06, 6.74650573274e-06, 7.09034475221e-06, 1.07490004666e-05, 1.13621817945e-05, 3.30997522724e-06, 4.4526768761e-06, 3.00650594909e-06, 2.2036970222e-06, 2.06097661248e-06, 1.71683075223e-06, 7.9293613453e-07, 6.0075365127e-07, 3.87544275782e-07, 1.04622358776e-07, 2.81297900528e-07, 5.39703194136e-07, 4.5585107955e-07, 4.42592948957e-07, 3.98451334149e-08, 3.8650944667e-09, 2.46135056781e-10]}, "barkbands_crest": {"dmean": 2.61927843094, "dmean2": 4.22670125961, "dvar": 7.55409479141, "dvar2": 16.890581131, "max": 25.019525528, "mean": 8.52764129639, "median": 7.22755670547, "min": 2.06827831268, "var": 19.3768844604}, "barkbands_flatness_db": {"dmean": 0.0181439053267, "dmean2": 0.0282764602453, "dvar": 0.000469905033242, "dvar2": 0.000931670656428, "max": 0.352556109428, "mean": 0.0876897722483, "median": 0.0776826962829, "min": 0.0172245502472, "var": 0.00162085902411}, "barkbands_kurtosis": {"dmean": 2.53866624832, "dmean2": 4.05604076385, "dvar": 117.876716614, "dvar2": 253.809310913, "max": 324.288665771, "mean": 1.90314853191, "median": -0.252768486738, "min": -1.90708601475, "var": 149.929367065}, "barkbands_skewness": {"dmean": 0.543945491314, "dmean2": 0.825751066208, "dvar": 0.662208974361, "dvar2": 1.23692631721, "max": 15.047832489, "mean": 0.860498011112, "median": 0.711286365986, "min": -5.202003479, "var": 1.84479618073}, "barkbands_spread": {"dmean": 6.74612665176, "dmean2": 10.3708028793, "dvar": 53.1693954468, "dvar2": 111.723953247, "max": 98.0899810791, "mean": 34.1788101196, "median": 32.8484153748, "min": 0.644178450108, "var": 234.234832764}, "dissonance": {"dmean": 0.0115724420175, "dmean2": 0.0196445900947, "dvar": 0.000170701910974, "dvar2": 0.000465093093226, "max": 0.500000059605, "mean": 0.480957180262, "median": 0.48643630743, "min": 0.335932642221, "var": 0.000316787540214}, "dynamic_complexity": 3.41638970375, "erbbands": {"dmean": [0.177425593138, 1.09057724476, 1.68762457371, 2.88393759727, 5.68979883194, 4.04192638397, 6.74363231659, 8.0962228775, 10.0202598572, 8.90807628632, 13.5887451172, 17.1642742157, 20.6749801636, 20.7486953735, 15.8583173752, 23.3363513947, 18.3770713806, 19.5306739807, 23.9228935242, 17.8434238434, 21.5768318176, 17.9442939758, 13.47996521, 11.3072452545, 9.79760742188, 5.59928894043, 6.40031290054, 6.75584316254, 6.93804740906, 5.31898450851, 3.64759635925, 2.64055681229, 1.44142174721, 0.641935706139, 0.236959710717, 0.0871293991804, 0.0324030630291, 0.00799083523452, 0.000980565440841, 5.26550138602e-05], "dmean2": [0.260622322559, 1.85444653034, 3.07908129692, 4.85940122604, 9.72449493408, 6.48577260971, 10.8925495148, 13.1300315857, 15.6845636368, 13.9556283951, 21.7233695984, 26.7928104401, 31.5614795685, 30.439535141, 24.0813369751, 36.6034431458, 29.4331359863, 31.3172607422, 37.8217086792, 28.7441482544, 35.6235694885, 29.4340839386, 21.2899188995, 18.1208324432, 15.9162282944, 8.95016384125, 10.2512292862, 10.3470945358, 10.4459877014, 8.0708732605, 5.29661273956, 3.81718659401, 2.09073185921, 0.93264234066, 0.355655610561, 0.127042427659, 0.0492812283337, 0.0126027325168, 0.0015850183554, 8.28058909974e-05], "dvar": [0.361511826515, 16.0439071655, 38.6229400635, 34.6150894165, 264.312896729, 67.118270874, 331.274780273, 506.891265869, 1196.1184082, 879.999389648, 1751.34301758, 3009.05908203, 4716.37353516, 3991.36743164, 2620.6628418, 3547.25683594, 2907.26928711, 2340.4753418, 3182.0168457, 2040.42736816, 1403.06677246, 868.666992188, 619.636657715, 497.166015625, 291.68258667, 81.8993453979, 152.814163208, 164.599380493, 211.367752075, 200.628677368, 170.861984253, 113.371101379, 54.1467819214, 6.87944173813, 0.335191488266, 0.0417911894619, 0.0061438344419, 0.000429207982961, 6.96616734785e-06, 1.46244429899e-08], "dvar2": [0.604254186153, 43.0823440552, 111.560157776, 94.2641983032, 718.316162109, 174.014663696, 844.551757813, 1248.22790527, 2958.82446289, 2032.33886719, 4281.59960938, 6755.85253906, 10476.3486328, 8308.15039063, 5983.98046875, 8817.3671875, 7187.97460938, 5450.453125, 7284.64257813, 4721.4375, 3633.84692383, 2289.0246582, 1454.33837891, 1244.14648438, 758.440063477, 201.439361572, 415.078430176, 357.703033447, 410.398986816, 413.582763672, 354.430419922, 230.738922119, 117.478805542, 14.9149751663, 0.704998075962, 0.0829321146011, 0.0139939067885, 0.0010411508847, 1.78584323294e-05, 3.64635681649e-08], "max": [5.62978315353, 38.3008804321, 66.7580566406, 123.508415222, 216.867446899, 133.817504883, 434.095001221, 552.026062012, 955.501220703, 691.826477051, 878.645385742, 1762.86523438, 1837.84521484, 2125.5559082, 1881.49829102, 1780.5892334, 2950.58642578, 1174.84460449, 1604.82348633, 2008.27270508, 1198.71643066, 932.700317383, 610.576599121, 837.914489746, 380.164001465, 221.189025879, 617.547973633, 452.457092285, 729.593933105, 427.366424561, 544.562011719, 400.157928467, 322.874420166, 116.132545471, 22.0589141846, 5.08033466339, 1.5994297266, 0.39380043745, 0.0483861193061, 0.00211073108949], "mean": [0.220666408539, 1.03863823414, 1.81637620926, 5.4085316658, 7.72754430771, 7.3219628334, 9.5343208313, 11.2377023697, 14.4020252228, 13.4885225296, 20.1859893799, 27.3751068115, 33.0871353149, 32.3097801208, 27.8222122192, 39.0719299316, 32.2967185974, 33.1448707581, 41.6454544067, 35.2478599548, 45.2189559937, 39.5559425354, 30.5322570801, 26.9673881531, 22.653055191, 15.0323648453, 16.3889923096, 17.8221416473, 17.8865127563, 13.3969631195, 8.88077735901, 6.10293388367, 3.10239124298, 1.48158299923, 0.596940636635, 0.198841899633, 0.0584159679711, 0.0120152076706, 0.00141673756298, 0.000100238830782], "median": [0.0166574511677, 0.191372379661, 0.634689331055, 1.80585801601, 2.88961720467, 2.81352043152, 2.91686654091, 3.45928287506, 4.35145616531, 3.79019188881, 5.11411190033, 7.41593408585, 9.97133922577, 10.0938472748, 9.90511798859, 14.9525499344, 13.1226263046, 14.5636920929, 16.523639679, 19.6799354553, 28.6534671783, 27.8514614105, 20.6522769928, 17.7625350952, 15.140291214, 11.0555887222, 11.7249650955, 11.5243730545, 10.8338050842, 7.2099366188, 4.61507797241, 2.97897434235, 1.41632449627, 0.749379396439, 0.289579421282, 0.0808400958776, 0.0211765617132, 0.00415171589702, 0.000551399949472, 6.58123171888e-05], "min": [5.12888204276e-23, 6.94731497655e-22, 1.74328556434e-21, 7.36275240379e-21, 1.42073472397e-20, 2.20109158241e-20, 5.14273567214e-20, 8.85428215597e-20, 1.30982744603e-19, 1.90278385483e-19, 2.6293815021e-19, 2.10920264079e-19, 6.07804766081e-19, 8.64287934832e-19, 8.40112185563e-19, 8.13228557161e-19, 1.92129426993e-18, 2.19397849476e-18, 2.48945506099e-18, 3.32475527843e-18, 4.27930433453e-18, 4.22724654986e-18, 5.08101440166e-18, 6.09258267174e-18, 7.36308618409e-18, 6.7433269004e-18, 9.47961555131e-18, 8.78092669357e-18, 1.09866608724e-17, 1.22812572609e-17, 1.19420346276e-17, 1.08435809603e-17, 1.00517772082e-17, 7.70390279444e-18, 5.64467843211e-18, 4.11067984435e-18, 2.08882357298e-18, 8.62856860674e-19, 2.32428110303e-19, 2.82374904201e-20], "var": [0.545630574226, 12.4742937088, 24.0140686035, 54.8386192322, 268.315185547, 127.871528625, 423.006286621, 735.341064453, 1622.20898438, 1588.24316406, 3094.43457031, 7603.13134766, 8610.28125, 7515.52294922, 6962.61230469, 8534.03515625, 6840.43359375, 4523.07617188, 8062.24707031, 4516.74414063, 3671.97119141, 2277.14648438, 1648.32104492, 1557.77514648, 762.308166504, 247.278381348, 386.655883789, 533.467773438, 684.769836426, 564.951660156, 359.4453125, 249.204223633, 91.8908462524, 11.6640834808, 0.922808647156, 0.110135227442, 0.0108593273908, 0.000552269688342, 7.29356679585e-06, 1.68494374009e-08]}, "erbbands_crest": {"dmean": 2.35641169548, "dmean2": 3.90938425064, "dvar": 5.79980516434, "dvar2": 14.595870018, "max": 29.1666126251, "mean": 7.6579709053, "median": 6.43921613693, "min": 2.31460833549, "var": 16.8331699371}, "erbbands_flatness_db": {"dmean": 0.0141739118844, "dmean2": 0.0209991410375, "dvar": 0.000190333244973, "dvar2": 0.000372024864191, "max": 0.297236889601, "mean": 0.136497229338, "median": 0.127740830183, "min": 0.0531140230596, "var": 0.00149516714737}, "erbbands_kurtosis": {"dmean": 0.730785906315, "dmean2": 1.16716718674, "dvar": 1.23413276672, "dvar2": 2.8486187458, "max": 27.4237041473, "mean": 0.259888350964, "median": -0.16121993959, "min": -1.79124140739, "var": 2.85683917999}, "erbbands_skewness": {"dmean": 0.314959764481, "dmean2": 0.481704562902, "dvar": 0.0969733223319, "dvar2": 0.216167718172, "max": 3.57567596436, "mean": -0.148035541177, "median": -0.214812457561, "min": -3.68070626259, "var": 0.492236733437}, "erbbands_spread": {"dmean": 7.88810920715, "dmean2": 12.1866788864, "dvar": 77.1200027466, "dvar2": 165.035614014, "max": 141.943435669, "mean": 40.1466827393, "median": 38.5570373535, "min": 4.973487854, "var": 285.23248291}, "gfcc": {"cov": [[17582.4511719, 852.26159668, -1171.33532715, 498.197570801, -836.510253906, -20.7098197937, -745.353820801, 47.6361312866, -383.931182861, -85.6239089966, -385.642272949, 45.1674842834, -178.811553955], [852.26159668, 866.62310791, -74.3350143433, 47.5287017822, 112.482765198, -77.7101593018, 27.6621761322, 3.04134893417, 31.4838981628, -70.1367416382, 15.0284690857, -41.7686271667, 0.972156524658], [-1171.33532715, -74.3350143433, 798.14050293, 171.233016968, 119.056838989, -23.7744369507, 48.6185073853, 2.10085272789, -16.7805938721, 34.792049408, -26.5507011414, 14.6130886078, -21.7748813629], [498.197570801, 47.5287017822, 171.233016968, 339.679229736, 37.6382293701, 82.6605148315, -3.97800636292, 0.166851580143, -0.511774718761, -16.6817073822, 1.19018721581, -2.84230303764, 4.13607549667], [-836.510253906, 112.482765198, 119.056838989, 37.6382293701, 316.3878479, 68.0756835938, 127.703033447, 41.9827537537, 29.8252773285, 20.4304828644, 29.2686500549, 21.9711742401, 5.98848295212], [-20.7098197937, -77.7101593018, -23.7744369507, 82.6605148315, 68.0756835938, 226.761444092, 108.281066895, 32.8097572327, 8.29700183868, 18.0836257935, 47.5649032593, 11.3358802795, 8.0091342926], [-745.353820801, 27.6621761322, 48.6185073853, -3.97800636292, 127.703033447, 108.281066895, 214.558685303, 82.492225647, 45.7282981873, 30.2086811066, 47.3154563904, 12.6483716965, 9.09094238281], [47.6361312866, 3.04134893417, 2.10085272789, 0.166851580143, 41.9827537537, 32.8097572327, 82.492225647, 135.949920654, 68.9961013794, 38.950920105, 8.37008094788, 17.0074996948, 13.2707986832], [-383.931182861, 31.4838981628, -16.7805938721, -0.511774718761, 29.8252773285, 8.29700183868, 45.7282981873, 68.9961013794, 147.067825317, 61.1500320435, 40.0207939148, 9.41102600098, 32.144985199], [-85.6239089966, -70.1367416382, 34.792049408, -16.6817073822, 20.4304828644, 18.0836257935, 30.2086811066, 38.950920105, 61.1500320435, 102.18346405, 39.065032959, 23.2437877655, 7.54176902771], [-385.642272949, 15.0284690857, -26.5507011414, 1.19018721581, 29.2686500549, 47.5649032593, 47.3154563904, 8.37008094788, 40.0207939148, 39.065032959, 106.240104675, 38.1266593933, 26.9969100952], [45.1674842834, -41.7686271667, 14.6130886078, -2.84230303764, 21.9711742401, 11.3358802795, 12.6483716965, 17.0074996948, 9.41102600098, 23.2437877655, 38.1266593933, 75.4192962646, 34.2392501831], [-178.811553955, 0.972156524658, -21.7748813629, 4.13607549667, 5.98848295212, 8.0091342926, 9.09094238281, 13.2707986832, 32.144985199, 7.54176902771, 26.9969100952, 34.2392501831, 75.4771575928]], "icov": [[0.00021350652969, -0.000462190801045, 0.000367290602298, -0.000439174473286, 0.000522574060597, -0.000459300674265, 0.000633678631857, -0.000585708825383, 0.000745280762203, -0.000972674111836, 0.00110237032641, -0.00114254211076, 0.000579513376579], [-0.000462190801045, 0.00264918594621, -0.000477897934616, 0.000409865548136, -0.00191706453916, 0.00229888618924, -0.00172017223667, 0.00108367798384, -0.00202460051514, 0.00356257683598, -0.00352468225174, 0.00360540114343, -0.00123315502424], [0.000367290602298, -0.000477897934616, 0.00249923742376, -0.00208589201793, 0.000321480532875, 0.000558753381483, -5.43046044186e-05, -0.000436289905338, 0.00175657309592, -0.00280708540231, 0.00266362144612, -0.00245545408688, 0.00140360882506], [-0.000439174473286, 0.000409865548136, -0.00208589201793, 0.0054223719053, -0.00110359827522, -0.00203803484328, 0.000888438487891, 0.000618028047029, -0.00226583122276, 0.00338672916405, -0.00238886894658, 0.00258801528253, -0.00154945487157], [0.000522574060597, -0.00191706453916, 0.000321480532875, -0.00110359827522, 0.00612041167915, -0.00186614994891, -0.000946294981986, -0.000736996997148, 0.00137674657162, -0.00277593638748, 0.00357631011866, -0.00463719107211, 0.00188736373093], [-0.000459300674265, 0.00229888618924, 0.000558753381483, -0.00203803484328, -0.00186614994891, 0.00982161704451, -0.00571081228554, 0.00123152695596, 0.000136911068694, 0.00156070990488, -0.00486402725801, 0.00372060900554, -0.00142996245995], [0.000633678631857, -0.00172017223667, -5.43046044186e-05, 0.000888438487891, -0.000946294981986, -0.00571081228554, 0.0130895869806, -0.00714344391599, 0.00222832127474, -0.00154483900405, -0.000189850878087, -0.00118445861153, 0.00163008377422], [-0.000585708825383, 0.00108367798384, -0.000436289905338, 0.000618028047029, -0.000736996997148, 0.00123152695596, -0.00714344391599, 0.0155344968662, -0.0074547547847, 0.000493122555781, 0.0025114689488, -0.00142097566277, -0.000632518553175], [0.000745280762203, -0.00202460051514, 0.00175657309592, -0.00226583122276, 0.00137674657162, 0.000136911068694, 0.00222832127474, -0.0074547547847, 0.0165861193091, -0.00997892487794, 0.000467657460831, 0.00122794683557, -0.00344985653646], [-0.000972674111836, 0.00356257683598, -0.00280708540231, 0.00338672916405, -0.00277593638748, 0.00156070990488, -0.00154483900405, 0.000493122555781, -0.00997892487794, 0.0225003343076, -0.00983140151948, 0.00273737381212, 0.00108476600144], [0.00110237032641, -0.00352468225174, 0.00266362144612, -0.00238886894658, 0.00357631011866, -0.00486402725801, -0.000189850878087, 0.0025114689488, 0.000467657460831, -0.00983140151948, 0.0236132144928, -0.0139540629461, 0.00203725881875], [-0.00114254211076, 0.00360540114343, -0.00245545408688, 0.00258801528253, -0.00463719107211, 0.00372060900554, -0.00118445861153, -0.00142097566277, 0.00122794683557, 0.00273737381212, -0.0139540629461, 0.0295283980668, -0.0124383410439], [0.000579513376579, -0.00123315502424, 0.00140360882506, -0.00154945487157, 0.00188736373093, -0.00142996245995, 0.00163008377422, -0.000632518553175, -0.00344985653646, 0.00108476600144, 0.00203725881875, -0.0124383410439, 0.0213192217052]], "mean": [12.8581047058, 51.2452201843, -125.316230774, 39.8770751953, -55.2053451538, 18.7353286743, -33.018699646, 3.5161049366, -20.315776825, -1.94817650318, -17.5848007202, 1.47434914112, -10.6911773682]}, "hfc": {"dmean": 6.78317022324, "dmean2": 9.69587230682, "dvar": 126.758506775, "dvar2": 250.511520386, "max": 400.331542969, "mean": 28.3820362091, "median": 24.9081325531, "min": 1.07397927891e-16, "var": 576.576782227}, "melbands": {"dmean": [0.00135764433071, 0.00108639569953, 0.000605062115937, 0.000335975288181, 0.000215332416701, 0.000178530448466, 0.000146294594742, 0.000101802877907, 0.000113590045657, 0.000109551649075, 0.0001058717462, 9.03535255929e-05, 5.06120413775e-05, 5.60254957236e-05, 5.35097715328e-05, 3.61727143172e-05, 4.05816062994e-05, 4.1739349399e-05, 2.53079651884e-05, 3.08441885863e-05, 2.70041982731e-05, 2.17326432903e-05, 1.74067645275e-05, 1.14598806249e-05, 1.00759834822e-05, 9.04889748199e-06, 5.16263980899e-06, 4.04262755183e-06, 3.95973620471e-06, 4.94516962135e-06, 4.2966885303e-06, 4.57426267531e-06, 3.37961500918e-06, 3.01743875752e-06, 2.30102500609e-06, 1.9934991542e-06, 1.64341270192e-06, 1.18633317925e-06, 7.5943671618e-07, 5.1810820878e-07], "dmean2": [0.00210524979047, 0.00192467076704, 0.00102278182749, 0.000557993946131, 0.000345286360243, 0.000289073825115, 0.000227826603805, 0.000160134382895, 0.00018280299264, 0.000170689483639, 0.00016151543241, 0.000132917804876, 7.75985536166e-05, 8.74823672348e-05, 8.58116036397e-05, 5.76551319682e-05, 6.566997763e-05, 6.65021725581e-05, 4.00658464059e-05, 5.11178877787e-05, 4.49645958724e-05, 3.63311592082e-05, 2.79503601632e-05, 1.84686505236e-05, 1.632231033e-05, 1.48265271491e-05, 8.31024408399e-06, 6.58699900669e-06, 6.43949033474e-06, 7.99229565018e-06, 6.66550567985e-06, 7.02561146682e-06, 5.20057074027e-06, 4.67207428301e-06, 3.43652118318e-06, 2.94917595056e-06, 2.40063536694e-06, 1.78204379608e-06, 1.12606471703e-06, 7.76533397584e-07], "dvar": [2.18399600271e-05, 1.61660318554e-05, 1.86100578503e-06, 6.31274019725e-07, 3.03695742332e-07, 2.23594696536e-07, 2.39771793531e-07, 1.15692408542e-07, 1.25409826524e-07, 1.24068392893e-07, 1.24524490275e-07, 7.68746559743e-08, 2.73618567803e-08, 2.00911696169e-08, 2.27922782869e-08, 1.03575494848e-08, 1.12140527975e-08, 1.08117195197e-08, 3.25880056273e-09, 5.6305777818e-09, 2.04241468182e-09, 1.35497080223e-09, 9.46445366523e-10, 6.470745606e-10, 4.24589113868e-10, 2.54838816716e-10, 7.14278983183e-11, 4.25743433563e-11, 5.90235707532e-11, 7.22251147778e-11, 7.50804279859e-11, 8.65723187582e-11, 6.23736340355e-11, 7.20988269087e-11, 6.62898347326e-11, 5.47533927919e-11, 4.71843224215e-11, 2.96627201968e-11, 1.7689906831e-11, 3.09168099108e-12], "dvar2": [4.09672829846e-05, 4.57269052276e-05, 4.95402719025e-06, 1.70907458141e-06, 7.70704559727e-07, 5.53718280116e-07, 5.85089537708e-07, 2.61644771626e-07, 3.07058172666e-07, 2.74060141692e-07, 2.76590441217e-07, 1.60225084755e-07, 5.91986655252e-08, 4.69883332244e-08, 5.73930662995e-08, 2.45187177228e-08, 2.61714880878e-08, 2.525858811e-08, 7.44947215026e-09, 1.40494869072e-08, 5.46300382709e-09, 3.7448257828e-09, 2.22417129159e-09, 1.64807467673e-09, 1.05903441572e-09, 6.75124511851e-10, 1.75517447798e-10, 1.08200615134e-10, 1.59092669594e-10, 1.92556373624e-10, 1.65048461009e-10, 1.77790060452e-10, 1.30191149528e-10, 1.50647633257e-10, 1.3832907042e-10, 1.24533924839e-10, 9.77370198663e-11, 6.43570821635e-11, 4.00014431301e-11, 6.95322445454e-12], "max": [0.045446626842, 0.0390212982893, 0.0184442661703, 0.0109938941896, 0.012803866528, 0.0107549345121, 0.012283151038, 0.0079735731706, 0.00650034286082, 0.0113516710699, 0.0090858777985, 0.00932721700519, 0.00528734968975, 0.00442010816187, 0.00604364881292, 0.00400818185881, 0.00229934905656, 0.00235615810379, 0.00138162542135, 0.00318010919727, 0.00114612141624, 0.00086806807667, 0.000821533321869, 0.000799895613454, 0.000747975020204, 0.000301809544908, 0.000188506135601, 0.000177284091478, 0.000390912842704, 0.000337208068231, 0.00032738246955, 0.000450622057542, 0.000312047486659, 0.000237057116465, 0.000349442649167, 0.000296606420306, 0.000252918194747, 0.000220391753828, 0.000198413486942, 7.26894140826e-05], "mean": [0.00174701306969, 0.00111154769547, 0.00100865156855, 0.000540883163922, 0.000329766684445, 0.000249801523751, 0.000210637488635, 0.000154536450282, 0.000165048724739, 0.000171386724105, 0.000165967780049, 0.000136072078021, 8.16344472696e-05, 9.34041963774e-05, 9.36401775107e-05, 5.81262211199e-05, 6.2740087742e-05, 6.92122266628e-05, 4.35180591012e-05, 5.57223283977e-05, 5.16289328516e-05, 4.19571406383e-05, 3.38274294336e-05, 2.37269923673e-05, 2.14821975533e-05, 1.85608223546e-05, 1.18328252938e-05, 9.57705378823e-06, 9.29430461838e-06, 1.13354426503e-05, 1.00108209153e-05, 1.07939622467e-05, 8.22670517664e-06, 6.96765846442e-06, 5.17271882927e-06, 4.38351389676e-06, 3.50225309376e-06, 2.39987866735e-06, 1.51660594838e-06, 1.13648013667e-06], "median": [0.000199394853553, 0.000344930682331, 0.000400196120609, 0.000213049730519, 0.000113301248348, 7.90415797383e-05, 6.35240357951e-05, 3.98371957999e-05, 4.02896221203e-05, 4.31372172898e-05, 4.74108965136e-05, 3.58238066838e-05, 2.47154475801e-05, 3.51634189428e-05, 3.54003568646e-05, 2.31735903071e-05, 2.37399835896e-05, 2.47120824497e-05, 2.03246854653e-05, 3.07964437525e-05, 2.98600371025e-05, 2.71487351711e-05, 2.15635536733e-05, 1.40162874231e-05, 1.30344142235e-05, 1.16764440463e-05, 8.22014226287e-06, 6.75734145261e-06, 6.42669283479e-06, 7.7368113125e-06, 6.05736750003e-06, 6.45896170681e-06, 4.60444198325e-06, 3.57970384357e-06, 2.63692754743e-06, 2.09623340197e-06, 1.62721210017e-06, 1.04828836811e-06, 6.90320632657e-07, 5.66198195884e-07], "min": [4.80713593233e-25, 1.1145519907e-24, 1.69163825554e-24, 2.38801212215e-24, 1.5421038531e-24, 1.67228098943e-24, 2.07834161837e-24, 1.30943731632e-24, 2.11229931932e-24, 9.02205919197e-25, 2.12760894012e-24, 2.58723874655e-24, 2.40464722649e-24, 1.87300132195e-24, 2.15384803155e-24, 3.18852588345e-24, 3.78632881895e-24, 3.43265920374e-24, 3.42258071681e-24, 3.80528711865e-24, 3.98856396162e-24, 4.34833896581e-24, 3.36507906771e-24, 3.77735828716e-24, 4.40590214606e-24, 5.06471065359e-24, 4.76446703761e-24, 3.15808295226e-24, 5.5453139049e-24, 5.42775430293e-24, 4.84551934018e-24, 5.34162804702e-24, 5.25661132397e-24, 6.36475105881e-24, 6.07578933707e-24, 5.81128427555e-24, 5.55298084404e-24, 6.17325152419e-24, 5.59140468101e-24, 5.67403076108e-24], "var": [3.08845628751e-05, 1.08189915409e-05, 2.36528944697e-06, 8.04916680863e-07, 4.25704257623e-07, 3.28729498733e-07, 3.34096569077e-07, 2.3000092142e-07, 2.13661991211e-07, 3.21666902892e-07, 2.30175331239e-07, 1.4764511036e-07, 6.64961277153e-08, 4.91620539833e-08, 5.87899648963e-08, 2.38763036009e-08, 2.05469845582e-08, 2.55213681299e-08, 6.81679335202e-09, 1.11614317788e-08, 4.85125895011e-09, 3.00240166062e-09, 2.06594452656e-09, 1.47252210425e-09, 1.21830323607e-09, 5.80720360688e-10, 2.02586045162e-10, 1.11191687802e-10, 1.43318593104e-10, 1.75225001176e-10, 2.08192310613e-10, 2.52882548235e-10, 1.88155740988e-10, 1.74503106409e-10, 1.28661192811e-10, 1.04645833665e-10, 9.74811481536e-11, 5.34457408885e-11, 2.44011651163e-11, 5.3421165061e-12]}, "melbands_crest": {"dmean": 3.73320960999, "dmean2": 5.84266376495, "dvar": 12.4121160507, "dvar2": 26.5032806396, "max": 38.3399772644, "mean": 13.6818857193, "median": 12.5585165024, "min": 1.62939965725, "var": 39.7103233337}, "melbands_flatness_db": {"dmean": 0.0242664255202, "dmean2": 0.0373439453542, "dvar": 0.000873858458363, "dvar2": 0.00167577911634, "max": 0.471747785807, "mean": 0.131593838334, "median": 0.123805768788, "min": 0.00315973791294, "var": 0.00319093209691}, "melbands_kurtosis": {"dmean": 7.85485029221, "dmean2": 12.0886011124, "dvar": 875.140991211, "dvar2": 1812.59960938, "max": 719.465454102, "mean": 10.336971283, "median": 3.6520819664, "min": -1.8818321228, "var": 1275.14489746}, "melbands_skewness": {"dmean": 0.77600312233, "dmean2": 1.17170023918, "dvar": 1.40750229359, "dvar2": 2.65108919144, "max": 23.4706764221, "mean": 2.18455243111, "median": 1.90462958813, "min": -1.74299585819, "var": 3.93489789963}, "melbands_spread": {"dmean": 11.8072834015, "dmean2": 18.1201572418, "dvar": 238.401077271, "dvar2": 471.07144165, "max": 253.151168823, "mean": 44.1868209839, "median": 38.1948852539, "min": 0.511606931686, "var": 943.737731934}, "mfcc": {"cov": [[6678.50732422, 603.011169434, 102.319625854, 196.527740479, 56.6002426147, -177.446304321, -247.596588135, -58.4875030518, -40.0888824463, -180.24458313, -112.935829163, -84.5897216797, -91.6613235474], [603.011169434, 832.398254395, -119.710792542, 114.281349182, 50.6837882996, -40.1857681274, 17.2733001709, 37.2316703796, 21.3053741455, 13.3571166992, 2.01763868332, 8.20732021332, 9.35043811798], [102.319625854, -119.710792542, 520.702697754, 164.95489502, 34.3353424072, 37.5279464722, 2.73006439209, -13.9492826462, -3.52678012848, -10.0261659622, -11.1328983307, 0.699038922787, 3.22473287582], [196.527740479, 114.281349182, 164.95489502, 248.73085022, 93.724899292, 24.1236019135, 9.91561126709, 22.3624248505, 26.0552711487, 5.86439704895, -16.7688941956, 3.30463910103, 27.979177475], [56.6002426147, 50.6837882996, 34.3353424072, 93.724899292, 154.083267212, 58.2763175964, 25.4600849152, 24.3107624054, 21.1337337494, 4.56903171539, -8.46293258667, 10.9302864075, 28.8255977631], [-177.446304321, -40.1857681274, 37.5279464722, 24.1236019135, 58.2763175964, 166.402542114, 99.2522964478, 42.714138031, 2.65899634361, 25.156879425, 10.590842247, 22.7022304535, 23.3730430603], [-247.596588135, 17.2733001709, 2.73006439209, 9.91561126709, 25.4600849152, 99.2522964478, 185.097808838, 84.1612319946, 17.7445106506, 24.2085933685, 29.83552742, 17.0084877014, 24.0938816071], [-58.4875030518, 37.2316703796, -13.9492826462, 22.3624248505, 24.3107624054, 42.714138031, 84.1612319946, 117.081993103, 49.2059288025, 27.38879776, 21.0129814148, 17.0244102478, 19.7484760284], [-40.0888824463, 21.3053741455, -3.52678012848, 26.0552711487, 21.1337337494, 2.65899634361, 17.7445106506, 49.2059288025, 111.313285828, 52.7997932434, 29.5933208466, 16.1479415894, 24.5890216827], [-180.24458313, 13.3571166992, -10.0261659622, 5.86439704895, 4.56903171539, 25.156879425, 24.2085933685, 27.38879776, 52.7997932434, 100.655319214, 49.271648407, 16.789100647, 13.0934247971], [-112.935829163, 2.01763868332, -11.1328983307, -16.7688941956, -8.46293258667, 10.590842247, 29.83552742, 21.0129814148, 29.5933208466, 49.271648407, 88.8798828125, 37.8463287354, 17.0159091949], [-84.5897216797, 8.20732021332, 0.699038922787, 3.30463910103, 10.9302864075, 22.7022304535, 17.0084877014, 17.0244102478, 16.1479415894, 16.789100647, 37.8463287354, 82.9041137695, 48.9029350281], [-91.6613235474, 9.35043811798, 3.22473287582, 27.979177475, 28.8255977631, 23.3730430603, 24.0938816071, 19.7484760284, 24.5890216827, 13.0934247971, 17.0159091949, 48.9029350281, 86.2640304565]], "icov": [[0.000184734948562, -0.000137767900014, -4.53686880064e-05, -6.25874017715e-05, -2.960967322e-05, -2.41042434936e-05, 0.000283851986751, -0.000121082004625, -7.32252810849e-05, 0.000370692578144, -8.82276144694e-05, 8.31974393805e-05, 0.000132932080305], [-0.000137767900014, 0.0016246176092, 0.000702560530044, -0.00111541536171, -0.00018678829656, 0.000800024601631, -0.000617604586296, -0.00010467316315, 0.000300652085571, -0.000517570413649, 0.000126232436742, -0.000501971459016, 0.000307669455651], [-4.53686880064e-05, 0.000702560530044, 0.00292317173444, -0.00259634363465, 0.000726490223315, -0.000554798811208, -0.000210568541661, 0.000737702008337, -5.35209219379e-05, 0.000389842578443, -0.000320443126839, -0.000393973634345, 0.000648599409033], [-6.25874017715e-05, -0.00111541536171, -0.00259634363465, 0.00802912283689, -0.00360254361294, 0.000585287401918, 0.000288674666081, -0.000877028040122, -0.000452579348348, -0.000889638147783, 0.00146176945418, 0.000839387008455, -0.00178750848863], [-2.960967322e-05, -0.00018678829656, 0.000726490223315, -0.00360254361294, 0.0104127768427, -0.00394542934373, 0.000984228565358, -0.000145154248457, -0.00151817500591, 0.00127770635299, 0.000461668736534, 0.000447823811555, -0.00162818620447], [-2.41042434936e-05, 0.000800024601631, -0.000554798811208, 0.000585287401918, -0.00394542934373, 0.0117724826559, -0.00584983127192, -1.26973500301e-05, 0.00250047515146, -0.00372143927962, 0.00249717663974, -0.00272608688101, 0.000388966233004], [0.000283851986751, -0.000617604586296, -0.000210568541661, 0.000288674666081, 0.000984228565358, -0.00584983127192, 0.0122213950381, -0.00705167744309, 0.00138329947367, 0.0017013734905, -0.00349231832661, 0.00280387909152, -0.00181340996642], [-0.000121082004625, -0.00010467316315, 0.000737702008337, -0.000877028040122, -0.000145154248457, -1.26973500301e-05, -0.00705167744309, 0.0163569618016, -0.00612292345613, 0.000182946620043, 0.000753170461394, -0.00173331599217, 0.00096804718487], [-7.32252810849e-05, 0.000300652085571, -5.35209219379e-05, -0.000452579348348, -0.00151817500591, 0.00250047515146, 0.00138329947367, -0.00612292345613, 0.0157721824944, -0.00701283384115, -0.000810370373074, 0.000795687083155, -0.00283898832276], [0.000370692578144, -0.000517570413649, 0.000389842578443, -0.000889638147783, 0.00127770635299, -0.00372143927962, 0.0017013734905, 0.000182946620043, -0.00701283384115, 0.0187112633139, -0.00876672565937, 0.00227691838518, 0.000385641673347], [-8.82276144694e-05, 0.000126232436742, -0.000320443126839, 0.00146176945418, 0.000461668736534, 0.00249717663974, -0.00349231832661, 0.000753170461394, -0.000810370373074, -0.00876672565937, 0.0207098424435, -0.0090459426865, 0.00200722063892], [8.31974393805e-05, -0.000501971459016, -0.000393973634345, 0.000839387008455, 0.000447823811555, -0.00272608688101, 0.00280387909152, -0.00173331599217, 0.000795687083155, 0.00227691838518, -0.0090459426865, 0.0231090337038, -0.0118005787954], [0.000132932080305, 0.000307669455651, 0.000648599409033, -0.00178750848863, -0.00162818620447, 0.000388966233004, -0.00181340996642, 0.00096804718487, -0.00283898832276, 0.000385641673347, 0.00200722063892, -0.0118005787954, 0.0200237911195]], "mean": [-618.626098633, 78.7155227661, -8.4951839447, 22.0810012817, 2.62130641937, 13.9974861145, -2.28582882881, 7.94967126846, 0.546546220779, -0.710677325726, -2.2718527317, -0.487385928631, -2.91367173195]}, "pitch_salience": {"dmean": 0.0716120898724, "dmean2": 0.113882593811, "dvar": 0.0051500601694, "dvar2": 0.011390009895, "max": 0.88704097271, "mean": 0.591607689857, "median": 0.614274978638, "min": 0.04780453071, "var": 0.015586973168}, "silence_rate_20dB": {"dmean": 0, "dmean2": 0, "dvar": 0, "dvar2": 0, "max": 1, "mean": 1, "median": 1, "min": 1, "var": 0}, "silence_rate_30dB": {"dmean": 0.0332366712391, "dmean2": 0.066480755806, "dvar": 0.0321288518608, "dvar2": 0.0874868258834, "max": 1, "mean": 0.979480326176, "median": 1, "min": 0, "var": 0.0200999733061}, "silence_rate_60dB": {"dmean": 0.0316752158105, "dmean2": 0.0633575022221, "dvar": 0.0306752473116, "dvar2": 0.0669379755855, "max": 1, "mean": 0.114531055093, "median": 0, "min": 0, "var": 0.101418316364}, "spectral_centroid": {"dmean": 288.371368408, "dmean2": 443.450775146, "dvar": 119491.007813, "dvar2": 251165.46875, "max": 11840.4423828, "mean": 2156.58935547, "median": 2024.5411377, "min": 227.087509155, "var": 1216275.75}, "spectral_complexity": {"dmean": 3.79478025436, "dmean2": 5.74701595306, "dvar": 14.1592073441, "dvar2": 27.8784255981, "max": 57, "mean": 24.0369129181, "median": 26, "min": 0, "var": 181.378997803}, "spectral_contrast_coeffs": {"dmean": [0.0531883724034, 0.0486544631422, 0.0383741110563, 0.0305600054562, 0.0196062363684, 0.0153936706483], "dmean2": [0.0878455787897, 0.0785719528794, 0.0612514428794, 0.0501587130129, 0.0323115773499, 0.0248509943485], "dvar": [0.0022790862713, 0.00183605903294, 0.00103448005393, 0.00061623530928, 0.000264787464403, 0.000172514570295], "dvar2": [0.0055845095776, 0.00436180224642, 0.00239545991644, 0.00157256389502, 0.000674089125823, 0.000444401433924], "max": [-0.313194721937, -0.359053224325, -0.421989053488, -0.513490915298, -0.599138855934, -0.624544024467], "mean": [-0.658624112606, -0.748185276985, -0.77332764864, -0.783589482307, -0.798272132874, -0.734052717686], "median": [-0.659191608429, -0.761956036091, -0.785041570663, -0.791158676147, -0.800554513931, -0.731517732143], "min": [-0.987056910992, -0.977035880089, -0.976154327393, -0.971946895123, -0.967097640038, -0.964078128338], "var": [0.0105407368392, 0.00860769487917, 0.00618139049038, 0.00355994026177, 0.00163435761351, 0.00125928688794]}, "spectral_contrast_valleys": {"dmean": [0.422513186932, 0.37018224597, 0.296809256077, 0.236442655325, 0.175700515509, 0.178423345089], "dmean2": [0.689607560635, 0.602231383324, 0.482344001532, 0.382664203644, 0.274271994829, 0.245774611831], "dvar": [0.184246242046, 0.162684008479, 0.115089789033, 0.0866350159049, 0.0765475034714, 0.077868707478], "dvar2": [0.401710271835, 0.366340994835, 0.250494062901, 0.17322665453, 0.141128972173, 0.132734656334], "max": [-5.25480270386, -4.85534715652, -5.55312585831, -5.66600561142, -5.6971244812, -6.88436508179], "mean": [-7.71811676025, -7.24690818787, -7.38787794113, -7.44815015793, -7.15992116928, -9.65289115906], "median": [-7.44330120087, -6.92704629898, -7.11157751083, -7.16539907455, -6.8348493576, -9.37673950195], "min": [-28.9729042053, -28.6761837006, -27.8517780304, -27.5621414185, -27.4593029022, -27.3747787476], "var": [4.66066026688, 4.71379137039, 4.29886436462, 4.24763345718, 4.38162612915, 3.64350175858]}, "spectral_decrease": {"dmean": 2.64770427805e-09, "dmean2": 4.12462775046e-09, "dvar": 2.91968253364e-17, "dvar2": 6.52476361413e-17, "max": 2.02729910034e-28, "mean": -6.18348217074e-09, "median": -4.68678695853e-09, "min": -5.10324369429e-08, "var": 4.56758447078e-17}, "spectral_energy": {"dmean": 0.0104165803641, "dmean2": 0.0161609891802, "dvar": 0.000425350037403, "dvar2": 0.000952082569711, "max": 0.194934770465, "mean": 0.0259123016149, "median": 0.0204623546451, "min": 1.01178357614e-20, "var": 0.000697352341376}, "spectral_energyband_high": {"dmean": 0.000521338137332, "dmean2": 0.000704128236976, "dvar": 1.87479156466e-06, "dvar2": 3.35106733473e-06, "max": 0.0562757626176, "mean": 0.00180082977749, "median": 0.00116734905168, "min": 7.17818045947e-21, "var": 6.56476368022e-06}, "spectral_energyband_low": {"dmean": 0.00619330257177, "dmean2": 0.00968907959759, "dvar": 0.000373780843802, "dvar2": 0.000833863625303, "max": 0.186310589314, "mean": 0.00905554648489, "median": 0.00293481675908, "min": 1.10713322721e-23, "var": 0.000470405240776}, "spectral_energyband_middle_high": {"dmean": 0.00220701727085, "dmean2": 0.00330346822739, "dvar": 1.26688300952e-05, "dvar2": 2.72137403954e-05, "max": 0.0689937248826, "mean": 0.00725053856149, "median": 0.00547100650147, "min": 1.14497397291e-21, "var": 5.97279831709e-05}, "spectral_energyband_middle_low": {"dmean": 0.00426768604666, "dmean2": 0.00682180374861, "dvar": 5.84302288189e-05, "dvar2": 0.000147764600115, "max": 0.0870337933302, "mean": 0.00927426572889, "median": 0.00630463985726, "min": 1.74899992127e-22, "var": 0.000111363209726}, "spectral_entropy": {"dmean": 0.0915646851063, "dmean2": 0.139486089349, "dvar": 0.00996638182551, "dvar2": 0.0208758246154, "max": 9.82591819763, "mean": 8.01412391663, "median": 8.01202106476, "min": 6.73637056351, "var": 0.0874862968922}, "spectral_flux": {"dmean": 0.0263064224273, "dmean2": 0.0426943413913, "dvar": 0.00178919790778, "dvar2": 0.00390552496538, "max": 0.394641548395, "mean": 0.0870554670691, "median": 0.0745239406824, "min": 6.41635841681e-11, "var": 0.00333114527166}, "spectral_kurtosis": {"dmean": 0.658745884895, "dmean2": 1.08168148994, "dvar": 0.472780138254, "dvar2": 1.29374921322, "max": 13.5102519989, "mean": 2.64803934097, "median": 2.52338337898, "min": -1.27227342129, "var": 1.94252407551}, "spectral_rms": {"dmean": 0.000852874713019, "dmean2": 0.0012795421062, "dvar": 1.7483529291e-06, "dvar2": 3.54876897291e-06, "max": 0.013790586032, "mean": 0.00447493139654, "median": 0.00446802796796, "min": 3.14182425735e-12, "var": 5.25522864336e-06}, "spectral_rolloff": {"dmean": 652.344360352, "dmean2": 1032.55334473, "dvar": 812787.1875, "dvar2": 1564374.375, "max": 19638.28125, "mean": 2891.52880859, "median": 2411.71875, "min": 43.06640625, "var": 5607099}, "spectral_skewness": {"dmean": 0.122428610921, "dmean2": 0.19068364799, "dvar": 0.0123035637662, "dvar2": 0.0288181453943, "max": 2.3116402626, "mean": 1.14331686497, "median": 1.16548633575, "min": -0.0939274802804, "var": 0.0876546055079}, "spectral_spread": {"dmean": 359427.875, "dmean2": 540875.9375, "dvar": 406586228736, "dvar2": 825712508928, "max": 42894864, "mean": 5186877, "median": 4827909, "min": 2115737.75, "var": 13352244871200.0}, "spectral_strongpeak": {"dmean": 0.585872173309, "dmea