{"lowlevel": {"average_loudness": 0.91202378273, "barkbands": {"dmean": [0.000295868812827, 0.0114435963333, 0.00643473258242, 0.00171921332367, 0.000911724870093, 0.000658597098663, 0.000374589988496, 0.000366679014405, 0.0003589662374, 0.000337161007337, 0.000238753345911, 0.000406893261243, 0.000387682724977, 0.000449003564427, 0.00025004913914, 0.000123058969621, 0.000123485689983, 0.000148946332047, 0.000157996211783, 0.000230041230679, 0.000237008658587, 0.000225587864406, 0.000228101358516, 0.00020981230773, 0.000206989803701, 0.000103926518932, 3.40154610967e-06], "dmean2": [0.000487864657771, 0.01968706958, 0.0120312385261, 0.00290509522893, 0.00154990144074, 0.00116200593766, 0.000588277645875, 0.000560804153793, 0.000568413699511, 0.000539604341611, 0.000388563377783, 0.000646369066089, 0.0006224605022, 0.000700882286765, 0.000399739248678, 0.000201636968995, 0.000200643495191, 0.000235436324147, 0.000241967922193, 0.000347242224962, 0.00034859511652, 0.000331293093041, 0.000348727975506, 0.000328865309712, 0.000340244150721, 0.000172397238202, 5.63504045203e-06], "dvar": [1.89668838857e-07, 0.00118350819685, 0.000476096669445, 3.01833078993e-05, 5.99486656938e-06, 4.25054031439e-06, 9.13817700621e-07, 7.74818829541e-07, 9.58546024776e-07, 8.4836545966e-07, 2.03397206633e-07, 1.1313198911e-06, 1.43682132148e-06, 2.54957376455e-06, 8.91041736395e-07, 1.20045712038e-07, 1.33322416218e-07, 1.61610543614e-07, 2.23809664135e-07, 5.73070508381e-07, 7.09274786459e-07, 6.03744183536e-07, 3.29471333771e-07, 3.04866944134e-07, 3.39654889103e-07, 4.07966922467e-08, 6.38454428215e-11], "dvar2": [5.07868207933e-07, 0.0032033030875, 0.00136167020537, 8.17128166091e-05, 1.68218502949e-05, 1.16561923278e-05, 2.11094902625e-06, 1.76874573299e-06, 2.05918490792e-06, 1.98693419406e-06, 4.90919376261e-07, 2.46016975325e-06, 3.47138507095e-06, 5.9005528783e-06, 2.06017284654e-06, 2.73107019666e-07, 3.33507614414e-07, 3.98220521447e-07, 5.29286410256e-07, 1.3483412431e-06, 1.63645518114e-06, 1.37432550673e-06, 7.38762196306e-07, 7.20019215805e-07, 8.49769946853e-07, 9.90128725675e-08, 1.56070434354e-10], "max": [0.0101289339364, 0.256194859743, 0.227228999138, 0.0916861221194, 0.0351522341371, 0.0291826035827, 0.0226769614965, 0.0273784548044, 0.0322775729001, 0.0203576218337, 0.0157343782485, 0.034794639796, 0.0412860922515, 0.0415483154356, 0.0276884417981, 0.0106842275709, 0.011812354438, 0.00625265436247, 0.00673869764432, 0.0117067685351, 0.0116496523842, 0.0130854342133, 0.00788988545537, 0.00866966694593, 0.00816776882857, 0.00200892495923, 0.000136474438477], "mean": [0.000311953597702, 0.0101070301607, 0.00434349197894, 0.00148086331319, 0.000999177224003, 0.000568051764276, 0.000456303649116, 0.000463049043901, 0.000476169836475, 0.000405743310694, 0.000317318714224, 0.000571735028643, 0.000546028197277, 0.000623694853857, 0.000323080283124, 0.000166937199538, 0.000162297685165, 0.000193926214706, 0.000189578538993, 0.000282495922875, 0.000256864557741, 0.00024490134092, 0.000256379425991, 0.000212035287404, 0.000175162640517, 8.47059272928e-05, 2.91656942863e-06], "median": [0.000134522575536, 0.0019156531198, 0.00032279334846, 0.000122551122331, 0.000276806385955, 8.42468070914e-05, 0.000105322731542, 0.000121450713777, 0.000117179195513, 0.000120804601465, 0.000121270859381, 0.000202544397325, 0.000135475900606, 9.1206660727e-05, 5.14526545885e-05, 4.26982260251e-05, 2.87178645522e-05, 2.8365820981e-05, 2.13980983972e-05, 1.78661757673e-05, 1.38694640555e-05, 1.50475725604e-05, 1.57721551659e-05, 1.17373410831e-05, 8.29783584777e-06, 3.41104896506e-06, 9.69973541487e-08], "min": [2.25710213405e-25, 8.37169405993e-24, 3.71026763933e-24, 3.73652487456e-24, 6.82313249285e-24, 2.29548725767e-23, 2.01960193096e-23, 2.68958118222e-23, 3.03723439196e-23, 2.41427472164e-23, 1.39818937464e-23, 3.92598212718e-23, 4.90939127775e-23, 4.51022418872e-23, 6.36769532436e-23, 9.34618734679e-23, 1.08626903955e-22, 9.7858233158e-23, 1.63105713801e-22, 1.93405987388e-22, 2.83454686911e-22, 3.33027110092e-22, 4.6869909413e-22, 6.14760641347e-22, 9.37472202345e-22, 1.42681910589e-21, 2.07111707242e-21], "var": [2.35034292473e-07, 0.000804546347354, 0.000274960941169, 2.44223228947e-05, 5.21582069268e-06, 3.20052708958e-06, 1.31547312776e-06, 1.06306401904e-06, 2.00603039957e-06, 1.10254222818e-06, 3.85041175832e-07, 2.02145452022e-06, 2.15593354369e-06, 4.63943524665e-06, 1.4093095615e-06, 1.95461780095e-07, 1.79587317461e-07, 2.08572870974e-07, 2.61730036755e-07, 7.88767067661e-07, 8.04327441983e-07, 6.94939160439e-07, 4.60677483716e-07, 3.39368540381e-07, 2.83404773427e-07, 3.62695438128e-08, 5.95509960788e-11]}, "barkbands_crest": {"dmean": 3.57450914383, "dmean2": 5.80848360062, "dvar": 12.5897169113, "dvar2": 31.4992179871, "max": 26.8382892609, "mean": 12.6119995117, "median": 11.3790340424, "min": 1.85986340046, "var": 38.4451751709}, "barkbands_flatness_db": {"dmean": 0.039519239217, "dmean2": 0.0599183365703, "dvar": 0.0019033162389, "dvar2": 0.00495996978134, "max": 0.627030491829, "mean": 0.158887311816, "median": 0.139844924212, "min": 0.0156755819917, "var": 0.00805860292166}, "barkbands_kurtosis": {"dmean": 19.2431907654, "dmean2": 30.4498081207, "dvar": 15250.5869141, "dvar2": 37454.8710938, "max": 8007.75048828, "mean": 23.5416564941, "median": 1.45295143127, "min": -1.97076690197, "var": 22565.9863281}, "barkbands_skewness": {"dmean": 1.24864685535, "dmean2": 1.92746305466, "dvar": 4.64679574966, "dvar2": 11.2873344421, "max": 68.8002700806, "mean": 2.18115830421, "median": 1.22867882252, "min": -5.52471399307, "var": 12.8353633881}, "barkbands_spread": {"dmean": 11.0765161514, "dmean2": 17.5396289825, "dvar": 206.065322876, "dvar2": 463.846954346, "max": 134.939147949, "mean": 25.6758098602, "median": 21.1025333405, "min": 0.0326358377934, "var": 435.632019043}, "dissonance": {"dmean": 0.0233407448977, "dmean2": 0.0394130572677, "dvar": 0.000842882029247, "dvar2": 0.0022462925408, "max": 0.500000119209, "mean": 0.464400976896, "median": 0.477253317833, "min": 0.115616515279, "var": 0.00152968184557}, "dynamic_complexity": 5.25387620926, "erbbands": {"dmean": [0.187942624092, 3.07537126541, 8.02101039886, 6.16306257248, 4.14473485947, 2.89519643784, 4.31645011902, 5.63057088852, 3.56754803658, 8.75543785095, 7.35663461685, 8.42708683014, 9.33794498444, 8.89206886292, 11.0852975845, 15.388833046, 16.3610782623, 18.9143600464, 16.290933609, 10.8940105438, 5.93900489807, 7.03810977936, 7.93247413635, 7.53949594498, 8.8952589035, 10.7281255722, 9.92968940735, 9.26364135742, 8.33362197876, 7.59668016434, 6.00534343719, 4.7202796936, 3.41754722595, 2.4205596447, 1.42348027229, 0.613685369492, 0.16192163527, 0.0146797355264, 0.000642411643639, 5.0901369832e-05], "dmean2": [0.304024010897, 5.3756737709, 14.8283805847, 10.9976997375, 6.65140390396, 5.02631425858, 7.49175786972, 9.89038276672, 5.9797949791, 13.2722835541, 11.2812385559, 13.2572250366, 14.8141717911, 14.3943786621, 17.5597381592, 24.5729942322, 26.1202201843, 29.5758228302, 25.6593036652, 17.3880500793, 9.73200035095, 11.2442483902, 12.5658760071, 11.6440620422, 13.4407615662, 16.2282752991, 14.7044715881, 13.5992240906, 12.3249483109, 11.4164113998, 9.17257213593, 7.36087703705, 5.43987989426, 3.97317481041, 2.34952521324, 1.01795375347, 0.269225120544, 0.0241469480097, 0.00106374837924, 8.21446883492e-05], "dvar": [0.258153170347, 89.3563232422, 710.895141602, 383.685638428, 147.765975952, 61.4612693787, 142.494384766, 324.811004639, 83.0610580444, 663.141174316, 334.365203857, 618.785217285, 535.775085449, 320.122955322, 398.319488525, 1924.99035645, 2748.96533203, 4382.09033203, 2971.57495117, 2088.31982422, 216.631515503, 429.709350586, 437.881744385, 499.664733887, 721.318481445, 1292.60449219, 1184.32897949, 1123.60803223, 832.896362305, 487.549682617, 238.217697144, 137.043167114, 89.9528579712, 52.0972061157, 14.4996814728, 1.68915748596, 0.0918897688389, 0.000769165635575, 2.19512889998e-06, 1.04542428048e-08], "dvar2": [0.658651709557, 244.844726562, 2017.07971191, 1079.86791992, 374.796569824, 175.55519104, 395.079101562, 879.960693359, 220.412719727, 1489.48364258, 771.062255859, 1292.93505859, 1252.71496582, 772.59161377, 915.406005859, 4325.66601562, 6804.71337891, 10171.0917969, 6693.11425781, 5068.6015625, 521.650024414, 1070.46069336, 1084.58288574, 1204.49267578, 1681.50976562, 3075.80493164, 2769.58740234, 2582.90820312, 1936.26147461, 1102.35534668, 532.001525879, 310.642425537, 220.391967773, 131.265533447, 36.16954422, 4.11093950272, 0.224168896675, 0.00184215698391, 5.36916195415e-06, 2.51974583421e-08], "max": [4.27524232864, 69.755607605, 248.185043335, 222.522827148, 218.858688354, 135.317337036, 171.540725708, 269.418151855, 345.944122314, 754.870666504, 803.185913086, 1018.08514404, 533.604675293, 373.866638184, 498.107818604, 1515.00561523, 2018.02355957, 2425.60424805, 1354.4552002, 1901.40576172, 397.623321533, 640.171875, 337.930603027, 383.820922852, 364.973510742, 617.086914062, 481.397155762, 538.469421387, 419.565124512, 328.583862305, 217.056091309, 172.299209595, 146.242431641, 96.881187439, 61.0256614685, 15.0219621658, 3.02307963371, 0.415436267853, 0.0218463689089, 0.00113908667117], "mean": [0.197686612606, 2.59078264236, 5.58250665665, 4.80323982239, 4.16419363022, 3.01124882698, 4.28241586685, 4.91219711304, 3.999751091, 11.1658821106, 9.81602859497, 11.0912818909, 12.1943454742, 11.8361701965, 16.5656223297, 22.5357761383, 25.0253353119, 27.7826099396, 23.8534011841, 15.0659217834, 8.55806732178, 9.64452648163, 10.5858383179, 9.49604988098, 10.8369894028, 13.324432373, 11.2803010941, 9.92710971832, 8.92542076111, 8.53616046906, 6.67345762253, 5.08701515198, 3.22976326942, 2.08329510689, 1.18498706818, 0.501576960087, 0.131874352694, 0.0122806383297, 0.000541612738743, 5.13154227519e-05], "median": [0.035796970129, 0.460552245378, 0.53921353817, 0.589389681816, 0.4922105968, 0.815257966518, 1.03213632107, 0.708700895309, 1.23518121243, 2.47612261772, 3.1560549736, 2.78065776825, 4.01123809814, 4.89143180847, 7.22790908813, 7.9754486084, 6.94340610504, 5.05451583862, 3.72802352905, 2.80726981163, 2.43736290932, 1.85725235939, 1.78871810436, 1.24524772167, 1.08957481384, 0.898350894451, 0.668987214565, 0.495161443949, 0.537074923515, 0.550618112087, 0.401720762253, 0.287612348795, 0.170126363635, 0.0969545021653, 0.0553562343121, 0.0224494282156, 0.00485347537324, 0.000488206744194, 2.7334315746e-05, 1.63341828738e-05], "min": [9.92293175875e-23, 1.94351759669e-21, 5.28598501732e-21, 7.48065714503e-21, 3.32346952957e-20, 1.9361824676e-20, 8.04739396405e-20, 1.46945262474e-19, 2.25808028765e-19, 3.5686598218e-19, 7.26526328787e-19, 6.46944884715e-19, 8.48316731565e-19, 8.79107392494e-19, 1.08273123856e-18, 1.53241805241e-18, 2.12096408928e-18, 4.15565820374e-18, 2.90941962107e-18, 3.53377265229e-18, 5.59172357007e-18, 6.04561742451e-18, 5.36189267764e-18, 7.80927898703e-18, 7.39892709286e-18, 8.95712360867e-18, 1.1665124337e-17, 1.13442584958e-17, 1.24243975572e-17, 1.42876558013e-17, 1.24705641615e-17, 1.33242881727e-17, 9.26469169429e-18, 7.50114345551e-18, 7.76508520845e-18, 5.05796211876e-18, 2.8090170587e-18, 1.1495397215e-18, 2.79672453441e-19, 3.162356072e-20], "var": [0.209970086813, 58.4734115601, 418.019378662, 254.143264771, 150.923995972, 50.8121948242, 118.893188477, 256.718688965, 91.5998535156, 927.962585449, 461.56048584, 1301.03186035, 835.698974609, 440.140930176, 837.393615723, 3104.21264648, 4144.02734375, 7416.76123047, 6243.79785156, 3030.15307617, 349.468170166, 601.361694336, 572.694213867, 585.133911133, 870.279052734, 1785.29321289, 1396.20593262, 1265.68774414, 929.962524414, 616.276123047, 323.212371826, 181.104110718, 86.7582168579, 43.3873825073, 12.0574016571, 1.47894048691, 0.0819687917829, 0.000712032255251, 1.94903236661e-06, 9.84039161267e-09]}, "erbbands_crest": {"dmean": 3.1363992691, "dmean2": 5.03502750397, "dvar": 9.74235916138, "dvar2": 23.5576457977, "max": 30.8432579041, "mean": 9.32921028137, "median": 8.10502719879, "min": 2.26763653755, "var": 23.1624355316}, "erbbands_flatness_db": {"dmean": 0.0265003591776, "dmean2": 0.0387050360441, "dvar": 0.000726265774574, "dvar2": 0.00153495115228, "max": 0.423121660948, "mean": 0.154491841793, "median": 0.149645388126, "min": 0.0290452502668, "var": 0.00257609901018}, "erbbands_kurtosis": {"dmean": 1.86608839035, "dmean2": 3.01442670822, "dvar": 14.2162189484, "dvar2": 36.7699890137, "max": 130.941009521, "mean": 1.60242021084, "median": 0.631439447403, "min": -1.91192269325, "var": 16.1213874817}, "erbbands_skewness": {"dmean": 0.576700329781, "dmean2": 0.875209033489, "dvar": 0.413687676191, "dvar2": 1.00909209251, "max": 7.51390171051, "mean": 0.337955743074, "median": 0.344219535589, "min": -8.93486213684, "var": 1.00492560863}, "erbbands_spread": {"dmean": 13.930305481, "dmean2": 21.4630012512, "dvar": 327.672973633, "dvar2": 751.563903809, "max": 205.492523193, "mean": 37.9644203186, "median": 30.6099300385, "min": 0.852779269218, "var": 674.568115234}, "gfcc": {"cov": [[15352.5957031, -1935.50134277, -1383.18041992, 611.345458984, -562.490478516, 250.286178589, -761.899536133, -84.902633667, -544.967956543, -43.0775794983, -388.573669434, -77.7163467407, -457.909118652], [-1935.50134277, 2537.05273438, 93.3667068481, -210.687805176, 378.465759277, -317.092010498, 339.587554932, -124.002388, 241.155227661, -82.1346435547, 216.750595093, -112.477348328, 182.673812866], [-1383.18041992, 93.3667068481, 1765.34313965, 82.6489562988, 147.923248291, 195.567062378, 38.1973114014, 116.084129333, 41.2550239563, 37.119430542, 0.439127415419, 73.9493408203, -8.19115638733], [611.345458984, -210.687805176, 82.6489562988, 631.772460938, 119.743408203, -0.614161074162, 32.6683731079, -23.7353305817, -25.8946781158, -23.1410579681, -10.3442649841, -35.6737937927, 18.4090690613], [-562.490478516, 378.465759277, 147.923248291, 119.743408203, 387.10824585, 55.1730270386, 110.303092957, -6.0393280983, 43.6971969604, 8.03460121155, 33.3349571228, -21.4398460388, 38.8762817383], [250.286178589, -317.092010498, 195.567062378, -0.614161074162, 55.1730270386, 288.228057861, 46.6028213501, 43.5648460388, -24.2816524506, 12.1337499619, -37.7331809998, 14.5997457504, -32.2475624084], [-761.899536133, 339.587554932, 38.1973114014, 32.6683731079, 110.303092957, 46.6028213501, 276.349090576, 43.5309448242, 75.7772445679, -5.15624284744, 48.0042419434, -19.0101928711, 48.1078224182], [-84.902633667, -124.002388, 116.084129333, -23.7353305817, -6.0393280983, 43.5648460388, 43.5309448242, 175.483062744, 67.8354263306, 39.8781471252, 9.02594089508, 25.5843200684, -11.3508625031], [-544.967956543, 241.155227661, 41.2550239563, -25.8946781158, 43.6971969604, -24.2816524506, 75.7772445679, 67.8354263306, 166.437255859, 46.4797706604, 56.125213623, 6.84003543854, 30.7429409027], [-43.0775794983, -82.1346435547, 37.119430542, -23.1410579681, 8.03460121155, 12.1337499619, -5.15624284744, 39.8781471252, 46.4797706604, 108.337081909, 36.0935020447, 24.8617076874, -5.15632104874], [-388.573669434, 216.750595093, 0.439127415419, -10.3442649841, 33.3349571228, -37.7331809998, 48.0042419434, 9.02594089508, 56.125213623, 36.0935020447, 117.158287048, 26.9782333374, 28.3781681061], [-77.7163467407, -112.477348328, 73.9493408203, -35.6737937927, -21.4398460388, 14.5997457504, -19.0101928711, 25.5843200684, 6.84003543854, 24.8617076874, 26.9782333374, 93.2375488281, 16.5419712067], [-457.909118652, 182.673812866, -8.19115638733, 18.4090690613, 38.8762817383, -32.2475624084, 48.1078224182, -11.3508625031, 30.7429409027, -5.15632104874, 28.3781681061, 16.5419712067, 107.766616821]], "icov": [[0.000124830738059, -0.000147122904309, 0.000149378553033, -0.000265017297352, 0.000198988738703, -0.000317746889777, 0.000338940153597, -0.000202546551009, 0.000283355853753, -0.000208440047572, 0.000261280802079, -0.000178628048161, 0.000364731648006], [-0.000147122904309, 0.00157408113591, -0.000483875890495, 0.00119818327948, -0.00129340251442, 0.00180137890857, -0.00133366312366, 0.00132663594559, -0.00151537323836, 0.00170596549287, -0.00185232667718, 0.00178447016515, -0.00106630334631], [0.000149378553033, -0.000483875890495, 0.000916226767004, -0.000603086780757, 0.000233246290009, -0.0010459284531, 0.000706793332938, -0.000772426719777, 0.000468841928523, -0.000496323336847, 0.000717196438927, -0.00106828194112, 0.000651222711895], [-0.000265017297352, 0.00119818327948, -0.000603086780757, 0.00288251787424, -0.00161026290152, 0.00174764753319, -0.00137501838617, 0.00105660874397, -0.000845757022034, 0.00142599525861, -0.00146445329301, 0.00195819372311, -0.00147182843648], [0.000198988738703, -0.00129340251442, 0.000233246290009, -0.00161026290152, 0.00455531664193, -0.00231881812215, 0.000446025514975, -0.000444870907813, 0.000812355719972, -0.00174952263478, 0.000913802126888, -0.000476386281662, 0.000264641857939], [-0.000317746889777, 0.00180137890857, -0.0010459284531, 0.00174764753319, -0.00231881812215, 0.00712678162381, -0.00330951833166, 0.000922441424336, -0.000576503225602, 0.000986980856396, -0.00014803261729, 0.000667289132252, -8.97873323993e-05], [0.000338940153597, -0.00133366312366, 0.000706793332938, -0.00137501838617, 0.000446025514975, -0.00330951833166, 0.00729617057368, -0.00255397125147, -1.18498192023e-05, 0.000241524190642, -0.00057831639424, 0.000608935602941, -0.00061407481553], [-0.000202546551009, 0.00132663594559, -0.000772426719777, 0.00105660874397, -0.000444870907813, 0.000922441424336, -0.00255397125147, 0.00960962381214, -0.00482860812917, -4.83494550281e-05, 1.95846223505e-05, -0.000722346652765, 0.00072106445441], [0.000283355853753, -0.00151537323836, 0.000468841928523, -0.000845757022034, 0.000812355719972, -0.000576503225602, -1.18498192023e-05, -0.00482860812917, 0.0121620548889, -0.00461135804653, -0.000633942312561, -7.3210678238e-05, -0.000528035510797], [-0.000208440047572, 0.00170596549287, -0.000496323336847, 0.00142599525861, -0.00174952263478, 0.000986980856396, 0.000241524190642, -4.83494550281e-05, -0.00461135804653, 0.0146888308227, -0.00542026292533, 0.00029142643325, 0.000155702524353], [0.000261280802079, -0.00185232667718, 0.000717196438927, -0.00146445329301, 0.000913802126888, -0.00014803261729, -0.00057831639424, 1.95846223505e-05, -0.000633942312561, -0.00542026292533, 0.0157667342573, -0.00631554843858, 0.00118009152357], [-0.000178628048161, 0.00178447016515, -0.00106828194112, 0.00195819372311, -0.000476386281662, 0.000667289132252, 0.000608935602941, -0.000722346652765, -7.3210678238e-05, 0.00029142643325, -0.00631554843858, 0.0170941855758, -0.00510195130482], [0.000364731648006, -0.00106630334631, 0.000651222711895, -0.00147182843648, 0.000264641857939, -8.97873323993e-05, -0.00061407481553, 0.00072106445441, -0.000528035510797, 0.000155702524353, 0.00118009152357, -0.00510195130482, 0.0137956952676]], "mean": [-67.1140213013, 80.1236114502, -102.637313843, 25.3837127686, -49.8089981079, 33.9565429688, -27.5437965393, 14.2226715088, -21.4793872833, 6.93633699417, -12.8267087936, 2.99286794662, -14.1532754898]}, "hfc": {"dmean": 14.1802597046, "dmean2": 21.0679168701, "dvar": 848.209228516, "dvar2": 1895.13757324, "max": 399.43838501, "mean": 18.7185897827, "median": 5.58338451385, "min": 1.15519240084e-16, "var": 1165.86804199}, "melbands": {"dmean": [0.00250393431634, 0.00427240459248, 0.00106665713247, 0.000225588897592, 0.000147973420098, 0.000123786405311, 5.82554384891e-05, 9.47951557464e-05, 5.69042385905e-05, 5.33528618689e-05, 4.90685815748e-05, 3.94471098843e-05, 3.56843338523e-05, 4.93623047078e-05, 4.02397090511e-05, 3.75544186682e-05, 3.73137118004e-05, 3.18718339258e-05, 1.74448505277e-05, 1.12746774903e-05, 6.68265283821e-06, 7.36768561183e-06, 7.75783428253e-06, 7.2241568887e-06, 6.10321922068e-06, 6.38917117612e-06, 7.21789774616e-06, 7.38296421332e-06, 6.42575014353e-06, 5.83864493819e-06, 5.30776605956e-06, 4.86534918309e-06, 4.22112043452e-06, 4.41519568994e-06, 3.56979899152e-06, 3.12031284011e-06, 2.80417816612e-06, 2.42300393438e-06, 2.18779632633e-06, 2.01463558369e-06], "dmean2": [0.00421013776213, 0.00766365975142, 0.00186004058924, 0.000377296149964, 0.000255414051935, 0.000217784298002, 9.59406243055e-05, 0.000143141704029, 8.86162379174e-05, 8.40387365315e-05, 7.7991237049e-05, 6.3665342168e-05, 5.71679156565e-05, 7.78954927227e-05, 6.48942004773e-05, 5.99540799158e-05, 5.79648076382e-05, 5.00448586536e-05, 2.7726897315e-05, 1.84467280633e-05, 1.10314977064e-05, 1.19873029689e-05, 1.25890828713e-05, 1.14984704851e-05, 9.53123435465e-06, 9.88105512079e-06, 1.10855698949e-05, 1.1388618077e-05, 9.70448490989e-06, 8.82727545104e-06, 7.85241536505e-06, 7.29781186237e-06, 6.34963180346e-06, 6.79288359606e-06, 5.49492051505e-06, 4.85931468575e-06, 4.42185364591e-06, 3.8551538637e-06, 3.57629687642e-06, 3.33074444825e-06], "dvar": [5.2208564739e-05, 0.000184583448572, 1.04980745164e-05, 3.93173564817e-07, 1.51616191602e-07, 1.53354037025e-07, 1.92471620863e-08, 6.54796039612e-08, 2.04404297932e-08, 2.4995678416e-08, 1.59508743991e-08, 7.68409069707e-09, 4.4067975935e-09, 2.21107150367e-08, 1.39817721845e-08, 1.23279217945e-08, 1.65548055264e-08, 1.34369901872e-08, 4.3732795163e-09, 1.82785075964e-09, 2.88582963082e-10, 5.07725084198e-10, 5.29137345051e-10, 4.21987722543e-10, 3.41721984043e-10, 3.72657654735e-10, 5.20683274274e-10, 6.58356369421e-10, 4.92049290202e-10, 4.6155287925e-10, 3.78682057933e-10, 3.03118918854e-10, 2.07669506591e-10, 1.4444850871e-10, 8.77335912253e-11, 6.11004372097e-11, 5.15861173223e-11, 4.4618468642e-11, 4.35467772952e-11, 3.74346109666e-11], "dvar2": [0.000138419796713, 0.000514163868502, 2.91440283036e-05, 1.06784000309e-06, 4.22476659878e-07, 4.17715284584e-07, 4.96372081216e-08, 1.4755083555e-07, 4.7385100288e-08, 5.30256158982e-08, 3.72187045627e-08, 1.84096879963e-08, 1.02805577384e-08, 4.66606628891e-08, 3.39237438141e-08, 2.89137798148e-08, 3.76036659588e-08, 3.00848341794e-08, 9.75834435479e-09, 4.46661907461e-09, 7.00617730498e-10, 1.25453314404e-09, 1.34411737296e-09, 1.04641062482e-09, 8.33303204217e-10, 8.82260431379e-10, 1.22433152505e-09, 1.6071342035e-09, 1.17015697132e-09, 1.09687414707e-09, 8.70995164881e-10, 7.18268278188e-10, 4.81660322738e-10, 3.30925981062e-10, 1.98262239959e-10, 1.37852229631e-10, 1.20251586466e-10, 1.08844197544e-10, 1.10102600648e-10, 9.48644565679e-11], "max": [0.055627245456, 0.112072430551, 0.036130219698, 0.008843309246, 0.00545699940994, 0.00579940481111, 0.00454509304836, 0.00767338415608, 0.00658643757924, 0.0064811152406, 0.002881139284, 0.00180330802687, 0.00236772443168, 0.00526827061549, 0.00419428059831, 0.00362379732542, 0.00410211784765, 0.00334840849973, 0.00201324862428, 0.00159088615328, 0.000648349698167, 0.000793276994955, 0.000626366585493, 0.000432440952864, 0.000335354619892, 0.000283228291664, 0.000402190315071, 0.000471155595733, 0.000355273572495, 0.000312781136017, 0.000309718365315, 0.00026645604521, 0.00022574691684, 0.000179953160114, 0.000134052112116, 0.000118480456877, 0.000130010637804, 0.000104902159364, 9.21306927921e-05, 8.03880539024e-05], "mean": [0.00238968315534, 0.00323837366886, 0.000871503201779, 0.000234844570514, 0.000152772860019, 0.000107912914245, 6.74366892781e-05, 0.000122826648294, 7.55688743084e-05, 6.88627333147e-05, 6.23721934971e-05, 4.98466288263e-05, 4.99895941175e-05, 6.79578879499e-05, 5.65003610973e-05, 5.28363343619e-05, 5.21178517374e-05, 4.37672206317e-05, 2.29207416851e-05, 1.48493991219e-05, 8.94184631761e-06, 9.56827807386e-06, 1.01759696918e-05, 9.08241690922e-06, 7.39617053114e-06, 7.52955884309e-06, 8.45089016366e-06, 9.0473340606e-06, 7.27557699065e-06, 6.12306985204e-06, 5.62181458008e-06, 5.12616497872e-06, 4.52512540505e-06, 4.95517906529e-06, 3.94686412619e-06, 3.36765583597e-06, 2.95008044304e-06, 2.29151237363e-06, 1.92661627807e-06, 1.69850977727e-06], "median": [0.000479931681184, 0.000467418518383, 0.00011082959827, 4.65490375063e-05, 4.15957365476e-05, 1.59891951625e-05, 2.00858794415e-05, 2.90663210762e-05, 2.36826399487e-05, 1.60731651704e-05, 1.90853206732e-05, 1.85214194062e-05, 2.10015186894e-05, 2.22292528633e-05, 1.56052101374e-05, 1.27863258967e-05, 8.04066803539e-06, 5.96677864451e-06, 3.86315468859e-06, 2.96074199468e-06, 2.47750176641e-06, 1.69519228166e-06, 1.7548153437e-06, 1.15121486033e-06, 9.26483721742e-07, 8.12552343632e-07, 6.94076732088e-07, 4.71153640547e-07, 4.22530291644e-07, 2.76848624026e-07, 2.50653755529e-07, 2.98308833635e-07, 2.61567976167e-07, 3.10947626758e-07, 2.29311680755e-07, 1.90800349742e-07, 1.54211704739e-07, 1.20947646565e-07, 9.11579363105e-08, 7.38469410067e-08], "min": [1.65518735969e-24, 3.0932729013e-24, 2.47892617211e-24, 1.88663224675e-24, 3.2404483138e-24, 3.62196057744e-24, 3.69979314423e-24, 4.24347292466e-24, 5.14387087327e-24, 3.49364288488e-24, 3.71565200944e-24, 3.45324334577e-24, 2.46904194219e-24, 4.08430445982e-24, 3.37692105319e-24, 5.34323811213e-24, 6.10476380369e-24, 3.54435086387e-24, 5.62848982102e-24, 5.71444883842e-24, 5.80696486767e-24, 5.97970095122e-24, 4.54561769541e-24, 3.80935685206e-24, 6.511950926e-24, 5.33253090306e-24, 5.21159260983e-24, 5.4652973767e-24, 6.8370282777e-24, 6.2296846612e-24, 6.03581696614e-24, 5.9373675196e-24, 5.84982131406e-24, 6.92631234381e-24, 6.87322358261e-24, 8.15277490354e-24, 6.86028389718e-24, 6.83214128439e-24, 6.59278510853e-24, 5.83179860339e-24], "var": [3.78188524337e-05, 0.000114617389045, 7.42844213164e-06, 3.63572098649e-07, 1.29043058905e-07, 1.19026161371e-07, 2.316473946e-08, 9.22243472701e-08, 2.95916002813e-08, 5.10502609075e-08, 2.40498696513e-08, 9.82301884278e-09, 8.70551986054e-09, 3.83069114207e-08, 2.08912016575e-08, 1.98989607014e-08, 2.89740391679e-08, 2.72462195028e-08, 7.31657623376e-09, 2.72005906687e-09, 4.18647894129e-10, 6.88604284704e-10, 6.55153098439e-10, 5.27919152837e-10, 3.83088671896e-10, 4.30712826516e-10, 6.22145890361e-10, 9.22349585597e-10, 5.88519288858e-10, 4.92327678625e-10, 4.2338568762e-10, 3.25291710235e-10, 2.31261870764e-10, 1.89233018144e-10, 1.1656542398e-10, 8.07970010341e-11, 6.40140995767e-11, 4.36106081803e-11, 3.69652572441e-11, 3.04229627601e-11]}, "melbands_crest": {"dmean": 3.6403605938, "dmean2": 5.84870624542, "dvar": 13.9981632233, "dvar2": 33.8086013794, "max": 39.6450157166, "mean": 16.88539505, "median": 16.6913967133, "min": 1.65516710281, "var": 45.4934082031}, "melbands_flatness_db": {"dmean": 0.046240773052, "dmean2": 0.0682392790914, "dvar": 0.00270164385438, "dvar2": 0.00675551686436, "max": 0.718082726002, "mean": 0.231288596988, "median": 0.209211796522, "min": 0.00217602192424, "var": 0.0133358556777}, "melbands_kurtosis": {"dmean": 25.929649353, "dmean2": 42.0286598206, "dvar": 6696.21142578, "dvar2": 16287.7382812, "max": 4134.1640625, "mean": 34.6144752502, "median": 6.54806804657, "min": -1.95570528507, "var": 11378.8632812}, "melbands_skewness": {"dmean": 1.41955053806, "dmean2": 2.17387318611, "dvar": 4.34478855133, "dvar2": 10.4808530807, "max": 42.2628974915, "mean": 3.22747921944, "median": 2.29122614861, "min": -2.34010601044, "var": 11.2590246201}, "melbands_spread": {"dmean": 11.2678976059, "dmean2": 17.6966571808, "dvar": 354.433990479, "dvar2": 816.782470703, "max": 301.651702881, "mean": 26.6073932648, "median": 20.3316726685, "min": 0.0666442215443, "var": 699.284423828}, "mfcc": {"cov": [[14349.6865234, -2114.51489258, -1159.21337891, 29.3159885406, -117.395675659, 21.0173835754, -292.145050049, -177.717468262, -464.451782227, -93.9089813232, -157.756607056, -388.901062012, -374.323120117], [-2114.51489258, 2472.32763672, 26.1028652191, 39.6941680908, 14.8885393143, -27.9507484436, 54.0408325195, 11.0731172562, 53.8655471802, 36.733341217, 69.1675949097, 44.0056533813, 51.9700508118], [-1159.21337891, 26.1028652191, 1266.32043457, 46.0572662354, 196.634994507, 39.5371551514, 77.0717697144, 73.7716293335, 69.7982406616, -3.48297953606, 18.8629150391, 45.6907043457, 61.5624656677], [29.3159885406, 39.6941680908, 46.0572662354, 556.671020508, 102.178314209, 58.9120903015, 39.0129776001, -5.63971853256, 23.6842956543, -0.343983650208, -8.20902633667, 2.40273094177, -3.98335027695], [-117.395675659, 14.8885393143, 196.634994507, 102.178314209, 290.589294434, 83.5677642822, 39.5029907227, 17.2764778137, 12.1267223358, 21.9041690826, 14.5504779816, -20.6485843658, -4.94261407852], [21.0173835754, -27.9507484436, 39.5371551514, 58.9120903015, 83.5677642822, 226.628631592, 99.1167907715, 28.6881942749, 23.6745643616, 11.2875881195, -9.82778358459, -12.4301996231, -24.6042881012], [-292.145050049, 54.0408325195, 77.0717697144, 39.0129776001, 39.5029907227, 99.1167907715, 175.346878052, 65.5465621948, 43.8964996338, 17.3342189789, 12.2168312073, 5.21163034439, -5.82386875153], [-177.717468262, 11.0731172562, 73.7716293335, -5.63971853256, 17.2764778137, 28.6881942749, 65.5465621948, 131.964248657, 55.9578666687, 24.4209136963, 22.89153862, 18.058921814, 12.4793291092], [-464.451782227, 53.8655471802, 69.7982406616, 23.6842956543, 12.1267223358, 23.6745643616, 43.8964996338, 55.9578666687, 148.563644409, 39.7471160889, 6.39466524124, 37.9082832336, 24.5155086517], [-93.9089813232, 36.733341217, -3.48297953606, -0.343983650208, 21.9041690826, 11.2875881195, 17.3342189789, 24.4209136963, 39.7471160889, 102.345687866, 46.2998657227, 6.73896837234, 10.7610187531], [-157.756607056, 69.1675949097, 18.8629150391, -8.20902633667, 14.5504779816, -9.82778358459, 12.2168312073, 22.89153862, 6.39466524124, 46.2998657227, 111.862625122, 45.822227478, 20.9564762115], [-388.901062012, 44.0056533813, 45.6907043457, 2.40273094177, -20.6485843658, -12.4301996231, 5.21163034439, 18.058921814, 37.9082832336, 6.73896837234, 45.822227478, 122.832519531, 66.0492782593], [-374.323120117, 51.9700508118, 61.5624656677, -3.98335027695, -4.94261407852, -24.6042881012, -5.82386875153, 12.4793291092, 24.5155086517, 10.7610187531, 20.9564762115, 66.0492782593, 109.206474304]], "icov": [[0.000102238467662, 7.41536350688e-05, 6.50347283226e-05, -3.14323006023e-05, 1.13535743367e-05, -5.20704670635e-05, 0.000133826542879, -8.07663818705e-05, 0.000219100955292, -4.38977112935e-05, 6.41177484795e-06, 0.000121034972835, 0.000163197109941], [7.41536350688e-05, 0.000476395478472, 6.06685352977e-05, -4.66538294859e-05, -1.01447503766e-05, 8.42969093355e-05, -0.000106657542347, 8.64526518853e-05, 1.85025203336e-06, 1.03525849227e-06, -0.000259665714111, 0.000168585669599, -5.81239328312e-05], [6.50347283226e-05, 6.06685352977e-05, 0.00100664922502, 3.59743862646e-05, -0.000704100879375, 0.000154038629262, -0.000190364560694, -0.000304726447212, -0.000136002723593, 0.000403035053751, -4.59133480035e-06, -4.37713970314e-05, -0.000326436915202], [-3.14323006023e-05, -4.66538294859e-05, 3.59743862646e-05, 0.00199372251518, -0.000704172649421, -0.000141445518238, -0.000354464282282, 0.000458125345176, -0.000388897780795, 0.00018112869293, 0.000217145832721, -0.000319607672282, 5.2999235777e-05], [1.13535743367e-05, -1.01447503766e-05, -0.000704100879375, -0.000704172649421, 0.00477571133524, -0.00160518439952, 0.000364426028682, -1.42954586408e-05, 0.000107809471956, -0.000540248176549, -0.00105129752774, 0.00155680929311, -0.000420257390942], [-5.20704670635e-05, 8.42969093355e-05, 0.000154038629262, -0.000141445518238, -0.00160518439952, 0.00678748404607, -0.0036819553934, 0.00031785730971, -0.000132985500386, -0.000550002849195, 0.0013143022079, -0.000804451352451, 0.00123168609571], [0.000133826542879, -0.000106657542347, -0.000190364560694, -0.000354464282282, 0.000364426028682, -0.0036819553934, 0.00963558349758, -0.00351977534592, -0.00059994275216, 0.000174696207978, -0.000786509306636, 0.000417223229306, 0.000722924363799], [-8.07663818705e-05, 8.64526518853e-05, -0.000304726447212, 0.000458125345176, -1.42954586408e-05, 0.00031785730971, -0.00351977534592, 0.0110503202304, -0.00328158726916, -7.64449359849e-05, -0.00174955197144, 0.00040382402949, -0.000673273403663], [0.000219100955292, 1.85025203336e-06, -0.000136002723593, -0.000388897780795, 0.000107809471956, -0.000132985500386, -0.00059994275216, -0.00328158726916, 0.0108395377174, -0.00460736546665, 0.00362201477401, -0.00348215736449, 0.000562176282983], [-4.38977112935e-05, 1.03525849227e-06, 0.000403035053751, 0.00018112869293, -0.000540248176549, -0.000550002849195, 0.000174696207978, -7.64449359849e-05, -0.00460736546665, 0.0149226412177, -0.0072512193583, 0.00389599520713, -0.00190287188161], [6.41177484795e-06, -0.000259665714111, -4.59133480035e-06, 0.000217145832721, -0.00105129752774, 0.0013143022079, -0.000786509306636, -0.00174955197144, 0.00362201477401, -0.0072512193583, 0.0151357818395, -0.00695983646438, 0.00176886084955], [0.000121034972835, 0.000168585669599, -4.37713970314e-05, -0.000319607672282, 0.00155680929311, -0.000804451352451, 0.000417223229306, 0.00040382402949, -0.00348215736449, 0.00389599520713, -0.00695983646438, 0.0163021516055, -0.00791336968541], [0.000163197109941, -5.81239328312e-05, -0.000326436915202, 5.2999235777e-05, -0.000420257390942, 0.00123168609571, 0.000722924363799, -0.000673273403663, 0.000562176282983, -0.00190287188161, 0.00176886084955, -0.00791336968541, 0.0148118911311]], "mean": [-714.216430664, 116.222129822, 9.37173748016, 8.16651439667, 7.34612226486, 17.1142635345, 10.8695888519, 12.5057487488, 1.60986161232, 7.19430971146, 4.14932632446, 5.23703575134, 3.81371378899]}, "pitch_salience": {"dmean": 0.103250153363, "dmean2": 0.170930176973, "dvar": 0.0125565258786, "dvar2": 0.0335654020309, "max": 0.958962917328, "mean": 0.481530934572, "median": 0.493759840727, "min": 0.0227875560522, "var": 0.0284677762538}, "silence_rate_20dB": {"dmean": 0, "dmean2": 0, "dvar": 0, "dvar2": 0, "max": 1, "mean": 1, "median": 1, "min": 1, "var": 0}, "silence_rate_30dB": {"dmean": 0.0763935744762, "dmean2": 0.152797460556, "dvar": 0.0705668032169, "dvar2": 0.140378296375, "max": 1, "mean": 0.927930355072, "median": 1, "min": 0, "var": 0.0668719112873}, "silence_rate_60dB": {"dmean": 0.0931299775839, "dmean2": 0.186272531748, "dvar": 0.084450468421, "dvar2": 0.179087042809, "max": 1, "mean": 0.19913624227, "median": 0, "min": 0, "var": 0.159467831254}, "spectral_centroid": {"dmean": 350.764984131, "dmean2": 535.418518066, "dvar": 232390.96875, "dvar2": 512879.25, "max": 11535.0283203, "mean": 1395.82080078, "median": 1245.34570312, "min": 95.9684906006, "var": 813338.0625}, "spectral_complexity": {"dmean": 4.61425304413, "dmean2": 6.4621720314, "dvar": 39.485912323, "dvar2": 66.5517196655, "max": 63, "mean": 13.4284362793, "median": 11, "min": 0, "var": 149.233535767}, "spectral_contrast_coeffs": {"dmean": [0.0507621578872, 0.0552383735776, 0.0436436459422, 0.0372909680009, 0.0288317222148, 0.0242164228112], "dmean2": [0.0812641754746, 0.0884738788009, 0.0704925879836, 0.0591202192008, 0.0444990582764, 0.0364074036479], "dvar": [0.00219036312774, 0.00229650223628, 0.00143674470019, 0.00121631426737, 0.000838246371131, 0.000639400386717], "dvar2": [0.00533861201257, 0.00558415707201, 0.00352150783874, 0.00288931792602, 0.00188114342745, 0.00125599955209], "max": [-0.28464820981, -0.375804245472, -0.424141317606, -0.48426502943, -0.513271152973, -0.538288772106], "mean": [-0.679036319256, -0.758429527283, -0.795209407806, -0.795792400837, -0.806938171387, -0.794783711433], "median": [-0.692963838577, -0.769874989986, -0.805290818214, -0.810397446156, -0.818481206894, -0.795415341854], "min": [-0.970402657986, -0.980282902718, -0.98746752739, -0.987165093422, -0.989235758781, -0.963476836681], "var": [0.00801759958267, 0.00757983885705, 0.00488220434636, 0.00482513615862, 0.00359993427992, 0.00280936411582]}, "spectral_contrast_valleys": {"dmean": [0.55835878849, 0.584488451481, 0.515509903431, 0.510381817818, 0.478897482157, 0.653821468353], "dmean2": [0.837045013905, 0.923557043076, 0.798942327499, 0.776151657104, 0.68623059988, 0.855987370014], "dvar": [0.342916160822, 0.385546505451, 0.328358888626, 0.382436424494, 0.384404242039, 0.506252408028], "dvar2": [0.661808609962, 0.8566005826, 0.725484848022, 0.816783845425, 0.755131006241, 0.914090275764], "max": [-4.96866226196, -4.59792757034, -5.05248689651, -5.04286575317, -5.20332288742, -6.92989587784], "mean": [-7.94876861572, -7.63843345642, -7.728328228, -8.26053714752, -8.48059368134, -10.5878887177], "median": [-7.77122020721, -7.41263484955, -7.45505332947, -7.96635723114, -8.33304309845, -10.6670341492], "min": [-28.6012573242, -28.0760326385, -27.7810516357, -27.6862945557, -27.3918552399, -27.3520126343], "var": [1.90192902088, 1.69759845734, 1.85890686512, 2.15048956871, 2.28086090088, 2.52610254288]}, "spectral_decrease": {"dmean": 5.50342527106e-09, "dmean2": 8.9853351426e-09, "dvar": 2.03698546267e-16, "dvar2": 5.27016805881e-16, "max": 9.87076772503e-29, "mean": -5.96785820761e-09, "median": -2.36734964965e-09, "min": -1.09510757795e-07, "var": 1.61783094402e-16}, "spectral_energy": {"dmean": 0.0218638125807, "dmean2": 0.0354486405849, "dvar": 0.00305505539291, "dvar2": 0.00784055143595, "max": 0.418784618378, "mean": 0.0242219138891, "median": 0.00993771199137, "min": 1.03839059987e-20, "var": 0.0024968800135}, "spectral_energyband_high": {"dmean": 0.00129437737633, "dmean2": 0.00193941162433, "dvar": 1.05949720819e-05, "dvar2": 2.366233457e-05, "max": 0.0387541390955, "mean": 0.00139339419547, "median": 0.000107421154098, "min": 7.39659087631e-21, "var": 1.3277915059e-05}, "spectral_energyband_low": {"dmean": 0.0177364423871, "dmean2": 0.0303986463696, "dvar": 0.00274560134858, "dvar2": 0.00737653952092, "max": 0.40849211812, "mean": 0.0153278522193, "median": 0.00308552593924, "min": 2.34271367794e-23, "var": 0.00189628393855}, "spectral_energyband_middle_high": {"dmean": 0.00182880030479, "dmean2": 0.00276177586056, "dvar": 1.06770585262e-05, "dvar2": 2.45288065344e-05, "max": 0.0572679899633, "mean": 0.00359760085121, "median": 0.00136219058186, "min": 1.26300584066e-21, "var": 3.02202479361e-05}, "spectral_energyband_middle_low": {"dmean": 0.00377894518897, "dmean2": 0.00616512261331, "dvar": 8.00472262199e-05, "dvar2": 0.000215884952922, "max": 0.128109246492, "mean": 0.00451967632398, "median": 0.00177395669743, "min": 2.47387663402e-22, "var": 7.27124061086e-05}, "spectral_entropy": {"dmean": 0.288998842239, "dmean2": 0.423598527908, "dvar": 0.101572535932, "dvar2": 0.219755634665, "max": 9.81068134308, "mean": 7.59223175049, "median": 7.61016988754, "min": 4.67543268204, "var": 0.393551707268}, "spectral_flux": {"dmean": 0.0444550849497, "dmean2": 0.0672523528337, "dvar": 0.00577816739678, "dvar2": 0.010062742047, "max": 0.575336575508, "mean": 0.0864577442408, "median": 0.0514613054693, "min": 6.55248424963e-11, "var": 0.0102903051302}, "spectral_kurtosis": {"dmean": 2.68467330933, "dmean2": 4.11280870438, "dvar": 16.40193367, "dvar2": 36.6755065918, "max": 104.472206116, "mean": 5.5580124855, "median": 4.03147315979, "min": -1.27436625957, "var": 43.4116783142}, "spectral_rms": {"dmean": 0.00148392678238, "dmean2": 0.00212299218401, "dvar": 6.7269425017e-06, "dvar2": 1.51185922732e-05, "max": 0.0202131234109, "mean": 0.00376414204948, "median": 0.0031137324404, "min": 3.18286673059e-12, "var": 9.4624083431e-06}, "spectral_rolloff": {"dmean": 1037.29089355, "dmean2": 1812.88598633, "dvar": 4018847.25, "dvar2": 9118695, "max": 19509.0820312, "mean": 1819.02124023, "median": 1098.19335938, "min": 21.533203125, "var": 5899239.5}, "spectral_skewness": {"dmean": 0.379498004913, "dmean2": 0.559175252914, "dvar": 0.191171273589, "dvar2": 0.39162299037, "max": 8.56450843811, "mean": 1.74573707581, "median": 1.65536653996, "min": -0.496633559465, "var": 0.695631325245}, "spectral_spread": {"dmean": 1362280, "dmean2": 1968812.125, "dvar": 3056530096130.0, "dvar2": 5476343873540.0, "max": 41815084, "mean": 5564325, "median": 4740511.5, "min": 756456.125, "va