{"lowlevel": {"average_loudness": 0.609781622887, "barkbands": {"dmean": [8.43565260311e-07, 8.28661213745e-05, 0.000275641243206, 6.02725995122e-05, 0.000440007948782, 0.00061506149359, 0.000755177054089, 0.000579565006774, 0.000666987209115, 0.000987841049209, 0.000684342405293, 0.000599425751716, 0.000419655465521, 0.000525338109583, 0.000209381745663, 0.000172888467205, 0.000162070733495, 5.33022612217e-05, 0.00012467088527, 9.43137056311e-05, 6.69738874421e-05, 4.84497359139e-05, 3.69839581253e-05, 3.1987339753e-05, 1.63723434525e-05, 4.1684338612e-06, 8.57217870021e-08], "dmean2": [1.12297766464e-06, 0.000127952182083, 0.000449485931313, 9.47434527916e-05, 0.000613470154349, 0.000868915696628, 0.0011030677706, 0.000835574814118, 0.000955541152507, 0.0013596881181, 0.00102240056731, 0.000887729693204, 0.00061638886109, 0.000770670245402, 0.000312755379127, 0.000241235800786, 0.000237060550717, 8.02810754976e-05, 0.00018446292961, 0.000134219400934, 0.000100704084616, 8.35539831314e-05, 5.35750332347e-05, 4.33666209574e-05, 2.1278996428e-05, 5.43505620954e-06, 1.16003889161e-07], "dvar": [2.52549890722e-12, 3.9202191715e-08, 3.66971448784e-07, 3.07612957329e-08, 1.49008553763e-06, 3.98974907512e-06, 5.58251349503e-06, 5.94146149524e-06, 6.19419961367e-06, 1.20044160212e-05, 1.01004798125e-05, 6.31412012808e-06, 8.18752505438e-06, 6.78962533129e-06, 1.38723260079e-06, 6.53898212022e-07, 5.69480164359e-07, 5.80532670824e-08, 2.31790153293e-07, 2.41913795662e-07, 1.04349631158e-07, 9.61828845902e-07, 1.60152751505e-07, 1.28601257643e-07, 2.49498732785e-08, 2.71173905553e-09, 1.01805662425e-12], "dvar2": [3.34042841131e-12, 8.31790174516e-08, 9.65597337199e-07, 6.09062240642e-08, 2.63232982434e-06, 7.80079881224e-06, 1.25967380882e-05, 1.23725330923e-05, 1.38939285534e-05, 2.04375719477e-05, 2.17050146603e-05, 1.32475179271e-05, 1.77580241143e-05, 1.35657401188e-05, 2.87106149699e-06, 1.1534513078e-06, 1.10233281703e-06, 1.06934464839e-07, 4.92774915983e-07, 5.54823259336e-07, 2.3451765685e-07, 2.70355735665e-06, 3.23597902252e-07, 2.24193030363e-07, 3.7179454182e-08, 4.25944124416e-09, 1.93855261704e-12], "max": [6.60280202283e-05, 0.00318423099816, 0.011472822167, 0.00655486248434, 0.0505521036685, 0.0514286495745, 0.0568854175508, 0.0490789748728, 0.074201926589, 0.0945645049214, 0.0727430731058, 0.088007286191, 0.117245547473, 0.114295788109, 0.0462606884539, 0.0384048074484, 0.0380203612149, 0.0120093617588, 0.0148014202714, 0.0206386484206, 0.00970986764878, 0.0610780976713, 0.0211273636669, 0.0208056662232, 0.0092714400962, 0.00393948704004, 6.44033134449e-05], "mean": [1.9025869733e-06, 0.000120659424283, 0.000619158148766, 0.000256558356341, 0.00129934726283, 0.00144445290789, 0.00183783366811, 0.00120995962061, 0.00151010137051, 0.00224879290909, 0.00114847708028, 0.00144494790584, 0.000812360027339, 0.000988337444142, 0.000286647846224, 0.000228450866416, 0.000259493652266, 9.36386495596e-05, 0.000212383136386, 0.000163172182511, 0.000102382880868, 5.3978550568e-05, 5.61027882213e-05, 5.10570826009e-05, 2.98515024042e-05, 7.9493784142e-06, 1.58136998607e-07], "median": [4.85476391532e-07, 2.64703921857e-05, 0.000272251461865, 7.77799723437e-05, 0.000563609763049, 0.000326587847667, 0.000126821323647, 0.00011822108354, 0.000237941188971, 0.000107102001493, 1.81710620382e-05, 2.70619912044e-05, 3.1547024264e-05, 2.75644306384e-05, 1.17340305223e-05, 1.44471250678e-05, 1.34134970722e-05, 5.78917570238e-06, 1.66557292687e-05, 1.19469568745e-05, 9.30613532546e-06, 2.33901459978e-06, 1.53994938046e-06, 1.80908762104e-06, 9.77407694336e-07, 1.15742935236e-07, 1.88854354377e-08], "min": [6.08784218507e-23, 9.59711768985e-23, 2.96305338342e-23, 1.7969176598e-24, 2.51870286609e-23, 2.46288527725e-23, 2.48548961317e-23, 2.19611255617e-23, 5.1576641062e-23, 7.99951532242e-23, 1.88325079448e-22, 1.52458615935e-22, 1.13385249827e-22, 4.66445217549e-23, 1.09033741612e-22, 2.36476896667e-22, 1.48915141101e-22, 2.29498872913e-22, 3.07292548854e-22, 2.82604181259e-22, 5.54933985653e-22, 5.88754989636e-22, 5.75933690142e-22, 7.88435198011e-22, 1.26278682763e-21, 1.49221676041e-21, 2.53777194396e-21], "var": [1.93981393448e-11, 6.59067396214e-08, 8.1582288658e-07, 2.8821318665e-07, 5.95157052885e-06, 1.29864210976e-05, 1.90490809473e-05, 1.68223177752e-05, 1.80147944775e-05, 5.36649058631e-05, 2.57774809143e-05, 3.67945285689e-05, 2.7357140425e-05, 2.48041469604e-05, 2.71560134024e-06, 1.47456046307e-06, 1.82897724699e-06, 1.97492084908e-07, 5.70380052523e-07, 4.27788762636e-07, 1.79491379981e-07, 6.99562519912e-07, 4.00210893758e-07, 3.09861320602e-07, 9.36190929224e-08, 1.14877511947e-08, 3.53447739826e-12]}, "barkbands_crest": {"dmean": 2.43924593925, "dmean2": 3.76385569572, "dvar": 6.04067230225, "dvar2": 13.4730005264, "max": 26.729850769, "mean": 13.6163234711, "median": 12.6808795929, "min": 3.59633970261, "var": 26.558095932}, "barkbands_flatness_db": {"dmean": 0.0202502645552, "dmean2": 0.0294763166457, "dvar": 0.000424922531238, "dvar2": 0.000843122659717, "max": 0.475477814674, "mean": 0.231397911906, "median": 0.229813277721, "min": 0.0401978306472, "var": 0.00389844994061}, "barkbands_kurtosis": {"dmean": 4.36077260971, "dmean2": 6.67337179184, "dvar": 124.712791443, "dvar2": 302.436706543, "max": 478.626617432, "mean": 7.94279718399, "median": 2.98792171478, "min": -1.95116460323, "var": 585.09375}, "barkbands_skewness": {"dmean": 0.597408294678, "dmean2": 0.865208983421, "dvar": 0.50879585743, "dvar2": 1.05147457123, "max": 11.1046943665, "mean": 0.994322776794, "median": 1.02586579323, "min": -20.150352478, "var": 4.17862319946}, "barkbands_spread": {"dmean": 3.3449614048, "dmean2": 4.93342351913, "dvar": 29.3510608673, "dvar2": 61.9182853699, "max": 156.630020142, "mean": 12.0471324921, "median": 8.40730476379, "min": 0.29291382432, "var": 140.316619873}, "dissonance": {"dmean": 0.0392509251833, "dmean2": 0.0662643611431, "dvar": 0.00159556081053, "dvar2": 0.00440168892965, "max": 0.499999970198, "mean": 0.398584395647, "median": 0.410493761301, "min": 0.127383813262, "var": 0.00409108959138}, "dynamic_complexity": 5.57735204697, "erbbands": {"dmean": [0.000481451454107, 0.0300165135413, 0.294845730066, 0.212330266833, 0.564814507961, 1.76268720627, 2.62868142128, 6.13157320023, 9.8640537262, 13.4040031433, 9.22217178345, 13.2739648819, 22.3030261993, 33.1916236877, 31.0256938934, 20.2241954803, 18.4150352478, 22.2052612305, 18.0812892914, 6.75929117203, 9.59120750427, 8.37025356293, 3.10804843903, 4.70809459686, 5.48079538345, 3.87187051773, 3.64009904861, 1.65208935738, 1.87075030804, 1.34990203381, 0.997758030891, 0.72567820549, 0.507867753506, 0.228134915233, 0.0999923944473, 0.0320314802229, 0.00477931881323, 0.000363019324141, 1.84284672287e-05, 6.28421958027e-06], "dmean2": [0.000780541158747, 0.0469212681055, 0.47699919343, 0.338833600283, 0.821848094463, 2.42994475365, 3.61020684242, 8.65049266815, 14.3107805252, 19.2227783203, 12.9908294678, 19.0810928345, 31.0530605316, 45.7986793518, 44.7096481323, 29.0913410187, 27.0221824646, 32.4124450684, 25.7142620087, 9.58775043488, 13.2712011337, 12.1316423416, 4.40278911591, 6.95169878006, 7.82614326477, 5.35931921005, 5.35574388504, 2.51011276245, 3.2335934639, 2.0757997036, 1.46821713448, 1.00198328495, 0.673661887646, 0.305284589529, 0.130220741034, 0.0407329052687, 0.00628887023777, 0.000453313579783, 2.42152618739e-05, 8.95540051715e-06], "dvar": [1.0384799225e-06, 0.00494484324008, 0.442710608244, 0.20926220715, 2.74414587021, 22.4938869476, 97.5073013306, 496.11428833, 849.48626709, 2677.59130859, 1353.71618652, 2993.04174805, 6366.81835938, 14662.5966797, 15185.8232422, 7674.73486328, 16011.6289062, 14340.0839844, 6445.99707031, 1018.39355469, 1864.4432373, 1851.48754883, 116.65712738, 409.618682861, 453.791717529, 349.34866333, 370.478240967, 117.794448853, 1751.66088867, 423.194610596, 120.4818573, 66.9055709839, 34.4216957092, 5.18257284164, 1.03016579151, 0.135232642293, 0.00427470495924, 2.37675212702e-05, 4.07218436749e-08, 2.40085173964e-10], "dvar2": [2.40531585405e-06, 0.0108837550506, 1.13480174541, 0.441740721464, 5.69916582108, 39.2207832336, 166.067550659, 981.494567871, 1750.98339844, 5799.83251953, 2670.52368164, 7194.27880859, 11461.0654297, 24921.9140625, 32687.921875, 15645.0146484, 35418.8710938, 31347.6054688, 12165.0839844, 2030.61987305, 3077.08642578, 3703.60913086, 216.669998169, 817.571289062, 1000.37347412, 748.778930664, 852.988647461, 259.536895752, 5003.51318359, 1035.84619141, 260.216949463, 117.098312378, 62.6618652344, 9.05234909058, 1.40626621246, 0.189115285873, 0.00717616919428, 3.51709095412e-05, 7.14208781005e-08, 4.92105356464e-10], "max": [0.014230103232, 1.09107136726, 9.89151382446, 14.4828014374, 58.7865486145, 199.676986694, 533.336608887, 664.733276367, 699.160827637, 1057.04943848, 1084.02685547, 2094.15307617, 2322.52783203, 3548.65209961, 2933.41601562, 4539.01318359, 5989.21630859, 6215.62060547, 3577.40209961, 1057.0546875, 2015.29504395, 1481.21679688, 417.713989258, 569.092712402, 768.94909668, 857.089416504, 806.632263184, 504.169464111, 2594.86279297, 1188.33544922, 545.241333008, 465.090667725, 295.174163818, 121.64957428, 75.7113265991, 28.6897888184, 5.67765760422, 0.415043830872, 0.0133262453601, 0.000712462759111], "mean": [0.000781911367085, 0.0462204255164, 0.562268614769, 0.968942403793, 1.60054183006, 5.32569265366, 7.08957910538, 14.0870962143, 22.3593044281, 34.6682929993, 21.0431289673, 30.6514434814, 49.2395439148, 73.8828277588, 62.5839195251, 50.6291160583, 40.8797073364, 46.8895759583, 31.3471469879, 9.92921161652, 14.2640333176, 13.8534145355, 6.13233184814, 8.59393119812, 10.3802309036, 7.54112148285, 6.16615200043, 2.46575427055, 2.00340056419, 1.88505148888, 1.49892234802, 1.17805182934, 0.789849102497, 0.388227492571, 0.184984922409, 0.060500010848, 0.00908973347396, 0.000739612441976, 4.23979399784e-05, 2.17953911488e-05], "median": [0.000328208901919, 0.0141121624038, 0.239742189646, 0.482596158981, 0.443476349115, 1.961591959, 2.87877464294, 2.91401147842, 3.12652850151, 2.69376850128, 5.20976114273, 6.88913059235, 5.77377223969, 5.1038479805, 3.41026735306, 2.11552023888, 2.38720917702, 1.77309334278, 1.45903384686, 1.0125977993, 1.0086761713, 0.905549168587, 0.641594469547, 0.739658176899, 0.889581263065, 0.635955691338, 0.389539182186, 0.271304786205, 0.117999598384, 0.0516445189714, 0.0410316437483, 0.0361453555524, 0.0264381635934, 0.0130136311054, 0.00503761321306, 0.00112013774924, 0.000155569810886, 2.36331197812e-05, 1.04050304799e-05, 1.29530362756e-05], "min": [4.35932624258e-21, 1.54404166546e-20, 3.925278645e-20, 1.71116591497e-20, 3.88301423934e-20, 1.03650228547e-19, 6.60348881253e-20, 2.56858321008e-19, 2.8036154659e-19, 5.33005615022e-19, 4.59167751233e-19, 1.09313613669e-18, 2.46517276052e-18, 3.75946764165e-18, 8.30374191462e-18, 6.59922293871e-18, 5.90573291112e-18, 2.23558650676e-18, 4.20719569181e-18, 1.24131148136e-17, 8.02751901113e-18, 8.71846959424e-18, 1.03508178889e-17, 1.87903952678e-17, 1.28580685e-17, 1.32117634853e-17, 2.06877656133e-17, 2.16252491061e-17, 1.86449057786e-17, 2.05316617424e-17, 1.6336977571e-17, 1.71442314026e-17, 1.32657270941e-17, 9.57766044214e-18, 1.16367867836e-17, 6.20502960421e-18, 2.59486723594e-18, 1.2442877806e-18, 3.47250033409e-19, 3.70326627665e-20], "var": [1.69467818978e-06, 0.00809563323855, 0.773340761662, 1.84764480591, 10.7494039536, 95.7070007324, 449.666168213, 1493.25744629, 3038.26757812, 11711.8808594, 3650.44067383, 6483.76513672, 23043.5703125, 58281.5117188, 47469.1601562, 52578.7460938, 61111.875, 68561.6484375, 19203.7871094, 1848.05212402, 4876.42333984, 4631.58642578, 519.995239258, 1099.67651367, 1128.74597168, 743.974304199, 616.589172363, 177.308197021, 1138.3963623, 614.589782715, 288.12701416, 163.939682007, 80.292755127, 14.9813928604, 4.43765115738, 0.607818543911, 0.0164965838194, 0.000106934145151, 1.52094230543e-07, 8.85569673148e-10]}, "erbbands_crest": {"dmean": 3.20697426796, "dmean2": 4.94294214249, "dvar": 9.86328220367, "dvar2": 22.5862064362, "max": 34.9179992676, "mean": 16.2312297821, "median": 15.0609340668, "min": 3.08235406876, "var": 46.7424278259}, "erbbands_flatness_db": {"dmean": 0.0195153988898, "dmean2": 0.0280453097075, "dvar": 0.00041751426761, "dvar2": 0.000792464998085, "max": 0.498247683048, "mean": 0.264044374228, "median": 0.263032734394, "min": 0.0286462623626, "var": 0.00459133647382}, "erbbands_kurtosis": {"dmean": 3.02331829071, "dmean2": 4.54087209702, "dvar": 37.2612800598, "dvar2": 84.3701400757, "max": 204.322052002, "mean": 5.52178859711, "median": 1.95398569107, "min": -1.95393788815, "var": 162.523605347}, "erbbands_skewness": {"dmean": 0.54699409008, "dmean2": 0.795229613781, "dvar": 0.359704852104, "dvar2": 0.753150165081, "max": 6.99103355408, "mean": 0.679831922054, "median": 0.738550961018, "min": -9.22819519043, "var": 2.01436758041}, "erbbands_spread": {"dmean": 5.56838607788, "dmean2": 8.321185112, "dvar": 61.9584655762, "dvar2": 133.810211182, "max": 137.743804932, "mean": 21.1863136292, "median": 16.3322067261, "min": 0.369227945805, "var": 289.237854004}, "gfcc": {"cov": [[12218.4492188, -84.234413147, -2282.72192383, 432.211853027, -1021.644104, 362.722076416, -429.053283691, 154.97946167, -510.597564697, 317.276580811, 3.4126522541, -270.383544922, 162.682998657], [-84.234413147, 1823.94506836, 196.964782715, -305.870178223, 314.104095459, -233.361602783, 131.605361938, -176.074661255, -25.954624176, -210.063232422, -30.2182407379, -152.15411377, 12.6743516922], [-2282.72192383, 196.964782715, 1275.6418457, 61.2690048218, 21.0428886414, -12.50527668, -70.7796936035, 13.2184524536, 103.088104248, -123.651184082, -136.955032349, 92.6089782715, -113.243804932], [432.211853027, -305.870178223, 61.2690048218, 720.695251465, -19.7383556366, -53.670085907, -146.773513794, 55.8508796692, 66.4247817993, -73.4296035767, -30.6708164215, 42.5775642395, -32.748664856], [-1021.644104, 314.104095459, 21.0428886414, -19.7383556366, 594.091064453, -38.1990280151, 69.3264007568, -68.9013900757, 10.3373632431, -47.0758666992, 6.74449920654, -16.2343273163, -27.3621864319], [362.722076416, -233.361602783, -12.50527668, -53.670085907, -38.1990280151, 457.721954346, 124.760696411, -87.7064666748, -54.8786468506, 36.9986724854, -0.178297445178, -29.1915550232, -50.9430541992], [-429.053283691, 131.605361938, -70.7796936035, -146.773513794, 69.3264007568, 124.760696411, 361.501403809, -26.9717884064, -61.3256950378, -30.0675411224, 25.9468288422, -43.1468238831, 16.4011459351], [154.97946167, -176.074661255, 13.2184524536, 55.8508796692, -68.9013900757, -87.7064666748, -26.9717884064, 312.753814697, 84.6811523438, -1.19767260551, -47.3987464905, 21.7016277313, 32.0300254822], [-510.597564697, -25.954624176, 103.088104248, 66.4247817993, 10.3373632431, -54.8786468506, -61.3256950378, 84.6811523438, 267.981750488, 3.8063147068, -45.5484237671, 7.98207855225, -39.9554748535], [317.276580811, -210.063232422, -123.651184082, -73.4296035767, -47.0758666992, 36.9986724854, -30.0675411224, -1.19767260551, 3.8063147068, 274.38192749, 61.203994751, -63.7119903564, -26.993106842], [3.4126522541, -30.2182407379, -136.955032349, -30.6708164215, 6.74449920654, -0.178297445178, 25.9468288422, -47.3987464905, -45.5484237671, 61.203994751, 190.616409302, 27.5880184174, -21.0213241577], [-270.383544922, -152.15411377, 92.6089782715, 42.5775642395, -16.2343273163, -29.1915550232, -43.1468238831, 21.7016277313, 7.98207855225, -63.7119903564, 27.5880184174, 209.362747192, 23.41223526], [162.682998657, 12.6743516922, -113.243804932, -32.748664856, -27.3621864319, -50.9430541992, 16.4011459351, 32.0300254822, -39.9554748535, -26.993106842, -21.0213241577, 23.41223526, 200.073776245]], "icov": [[0.000394744682126, -0.000515807478223, 0.000824712042231, -0.000442277203547, 0.000653615221381, -0.000711841334123, 0.000729992054403, -0.000576459395234, 0.000822249625344, -0.000492022139952, 0.000584650959354, -0.000262884947006, 0.000236703301198], [-0.000515807478223, 0.00171910633799, -0.00127183273435, 0.00103683071211, -0.00115240202285, 0.00160314666573, -0.00110667850822, 0.00130661623552, -0.00117024406791, 0.00161574559752, -0.000994272879325, 0.00141692475881, -0.000393499823986], [0.000824712042231, -0.00127183273435, 0.0027685277164, -0.000950739893597, 0.00142602913547, -0.00156447303016, 0.00160061381757, -0.00121308746748, 0.00158096652012, -0.000973218702711, 0.00206431979313, -0.00130906910636, 0.00123554817401], [-0.000442277203547, 0.00103683071211, -0.000950739893597, 0.00232089008205, -0.000861377106048, 0.00101820833515, -0.000206400931347, 0.0006514263805, -0.00113993091509, 0.0015513949329, -0.000789331912529, 0.00071504432708, 4.84253496325e-06], [0.000653615221381, -0.00115240202285, 0.00142602913547, -0.000861377106048, 0.00302774133161, -0.00100598717108, 0.000793947896454, -0.000615840079263, 0.00116242072545, -0.000809704884887, 0.0010291992221, -0.000632112845778, 0.000704130739905], [-0.000711841334123, 0.00160314666573, -0.00156447303016, 0.00101820833515, -0.00100598717108, 0.00454078335315, -0.00254270294681, 0.00213206699118, -0.00119704939425, 0.000922072329558, -0.00044532638276, 0.000883326982148, 0.000379315461032], [0.000729992054403, -0.00110667850822, 0.00160061381757, -0.000206400931347, 0.000793947896454, -0.00254270294681, 0.00522073032334, -0.00161185173783, 0.00189233431593, 3.04826626234e-05, 0.000180366259883, 0.000335654680384, 1.63548509136e-06], [-0.000576459395234, 0.00130661623552, -0.00121308746748, 0.0006514263805, -0.000615840079263, 0.00213206699118, -0.00161185173783, 0.00517793046311, -0.0023587748874, 0.000790569174569, 1.10852652142e-05, 0.00041324988706, -0.000843786518089], [0.000822249625344, -0.00117024406791, 0.00158096652012, -0.00113993091509, 0.00116242072545, -0.00119704939425, 0.00189233431593, -0.0023587748874, 0.00640322547406, -0.00149987637997, 0.00217878143303, -0.000864594709128, 0.00159696221817], [-0.000492022139952, 0.00161574559752, -0.000973218702711, 0.0015513949329, -0.000809704884887, 0.000922072329558, 3.04826626234e-05, 0.000790569174569, -0.00149987637997, 0.00653975782916, -0.00287590781227, 0.00307959108613, -8.39649146656e-05], [0.000584650959354, -0.000994272879325, 0.00206431979313, -0.000789331912529, 0.0010291992221, -0.00044532638276, 0.000180366259883, 1.10852652142e-05, 0.00217878143303, -0.00287590781227, 0.00845879688859, -0.00295388232917, 0.00191913754679], [-0.000262884947006, 0.00141692475881, -0.00130906910636, 0.00071504432708, -0.000632112845778, 0.000883326982148, 0.000335654680384, 0.00041324988706, -0.000864594709128, 0.00307959108613, -0.00295388232917, 0.0075169345364, -0.0014022695832], [0.000236703301198, -0.000393499823986, 0.00123554817401, 4.84253496325e-06, 0.000704130739905, 0.000379315461032, 1.63548509136e-06, -0.000843786518089, 0.00159696221817, -8.39649146656e-05, 0.00191913754679, -0.0014022695832, 0.00653189141303]], "mean": [-115.066764832, 121.737449646, -133.297393799, 7.39750862122, -69.5847549438, -6.48027896881, -32.6669464111, -1.50421178341, -28.846206665, -7.76737737656, -12.1108407974, -14.8314981461, -3.87733125687]}, "hfc": {"dmean": 5.20409822464, "dmean2": 7.35966396332, "dvar": 164.576538086, "dvar2": 342.783172607, "max": 507.042694092, "mean": 16.2390041351, "median": 6.8106379509, "min": 1.21177301058e-16, "var": 614.130004883}, "melbands": {"dmean": [1.20655486171e-05, 0.000112628396892, 4.0785598685e-05, 8.56614060467e-05, 8.97436693776e-05, 0.000137516108225, 0.000150120496983, 0.000145833793795, 7.28950326447e-05, 9.04107873794e-05, 0.000116271308798, 0.0001414748549, 0.000107585845399, 7.57641028031e-05, 3.85381208616e-05, 4.33286004409e-05, 4.25670550612e-05, 3.45368571288e-05, 1.13408523248e-05, 1.035754849e-05, 1.1933566384e-05, 9.82207984634e-06, 5.27919564774e-06, 2.5988113066e-06, 4.20986452809e-06, 5.53304289497e-06, 3.40354495165e-06, 2.58288378063e-06, 2.85302621705e-06, 1.41821590205e-06, 8.7471119059e-07, 1.0807026456e-06, 9.50380922404e-07, 7.24043445643e-07, 5.89049932387e-07, 5.67703011711e-07, 4.36329230524e-07, 3.97374719796e-07, 2.69610893611e-07, 1.79030891445e-07], "dmean2": [1.88065914699e-05, 0.000181055584108, 6.46686385153e-05, 0.000118944466521, 0.000123813428218, 0.000192896462977, 0.000217909924686, 0.000209315650864, 0.000102646052255, 0.000130257598357, 0.000161937874509, 0.000193794607185, 0.000154591471073, 0.000109872875328, 5.64343317819e-05, 6.38197379885e-05, 6.2300976424e-05, 4.92135623062e-05, 1.67755079019e-05, 1.41733198689e-05, 1.66595382325e-05, 1.42766757563e-05, 7.70217957324e-06, 3.891880624e-06, 6.28716270512e-06, 8.13022870716e-06, 4.77989624414e-06, 3.7125844301e-06, 4.14951728089e-06, 2.11436758946e-06, 1.35573429816e-06, 1.90416881196e-06, 1.60236743341e-06, 1.06214258722e-06, 8.72229747984e-07, 8.634100368e-07, 6.20289824838e-07, 5.31997557118e-07, 3.886419222e-07, 2.38877930769e-07], "dvar": [8.05212008181e-10, 6.42278692453e-08, 7.53539453058e-09, 5.32499129235e-08, 9.91626265545e-08, 2.12554851942e-07, 1.91011068296e-07, 3.22216351378e-07, 7.39324050869e-08, 1.37638011211e-07, 1.68177678006e-07, 2.74116416676e-07, 2.16248352558e-07, 9.85779777807e-08, 4.17253929186e-08, 9.16578031251e-08, 5.14190077183e-08, 2.45740157112e-08, 4.04438615931e-09, 3.10249759217e-09, 2.90713675355e-09, 3.00629099392e-09, 5.370153211e-10, 1.26284468993e-10, 3.69632546793e-10, 5.34386312978e-10, 3.19978932239e-10, 1.68084907104e-10, 2.35677893867e-10, 8.38275976411e-11, 3.84483729576e-11, 6.28103624667e-10, 3.71899705476e-10, 8.33797475508e-11, 4.90447404911e-11, 4.99833820167e-11, 2.58849625762e-11, 2.29056790896e-11, 8.9145002144e-12, 3.12934118722e-12], "dvar2": [1.72741154714e-09, 1.60293183171e-07, 1.66066911333e-08, 9.2225043602e-08, 1.72216374494e-07, 4.17235781924e-07, 4.08554768683e-07, 6.94177003879e-07, 1.45597311985e-07, 3.24845160549e-07, 3.01897784993e-07, 4.57985720459e-07, 4.63473156742e-07, 2.04726745778e-07, 8.36377580526e-08, 2.06506001632e-07, 1.10428402422e-07, 4.43558398899e-08, 8.16475420606e-09, 5.65121638374e-09, 4.91710183681e-09, 5.89805537743e-09, 1.043559128e-09, 2.68322836172e-10, 7.48142159335e-10, 1.16127896188e-09, 7.04598657197e-10, 3.81022435825e-10, 5.43111278173e-10, 1.90185742155e-10, 7.99145055685e-11, 1.80184211995e-09, 1.03186725831e-09, 1.75631550969e-10, 1.1053136878e-10, 1.12523747264e-10, 4.65294990037e-11, 4.27569507577e-11, 1.85563422267e-11, 5.57579503402e-12], "max": [0.000446388439741, 0.00369614828378, 0.00241885194555, 0.00974963977933, 0.0167771372944, 0.0127473408356, 0.00894667766988, 0.0118146138266, 0.00776119763032, 0.0137595571578, 0.012864808552, 0.0154369873926, 0.0117142433301, 0.0116283027455, 0.00859424099326, 0.0137160904706, 0.0109154041857, 0.007777556777, 0.00254616537131, 0.00234540109523, 0.00236771185882, 0.00201483280398, 0.000961012789048, 0.00047815576545, 0.000537047977559, 0.000771517923567, 0.00100230157841, 0.000521211768501, 0.000673009257298, 0.000304999470245, 0.000383223814424, 0.00151703157462, 0.00119351327885, 0.000452327221865, 0.000456309469882, 0.000393021357013, 0.000347062159562, 0.000271797151072, 0.000146208811202, 9.42700498854e-05], "mean": [1.79683120223e-05, 0.000217216220335, 0.000162642390933, 0.000260866218014, 0.000249964912655, 0.000317424943205, 0.000342214305419, 0.000366938649677, 0.000159709728905, 0.000203129922738, 0.000254831422353, 0.000315737939673, 0.000199314890779, 0.000183139840374, 8.7176777015e-05, 8.97411082406e-05, 8.50322685437e-05, 5.88598413742e-05, 1.53199598572e-05, 1.35543095894e-05, 1.66596037161e-05, 1.51089971041e-05, 8.60002728587e-06, 4.58819522464e-06, 6.92992125551e-06, 9.29933594307e-06, 6.12832491242e-06, 4.5211518227e-06, 4.65271932626e-06, 1.93817504623e-06, 1.23050517686e-06, 1.09628126665e-06, 1.06396930732e-06, 1.06170750769e-06, 8.43949692353e-07, 8.35185346659e-07, 6.70643771628e-07, 5.95951803462e-07, 4.08437983879e-07, 3.00066318459e-07], "median": [4.43625640401e-06, 9.25256172195e-05, 8.45879258122e-05, 7.87609897088e-05, 0.000112121088023, 6.35174365016e-05, 4.03562517022e-05, 2.60763536062e-05, 4.14803289459e-05, 3.34950855176e-05, 2.10376874747e-05, 1.51227386596e-05, 6.3674519879e-06, 3.65032019545e-06, 2.7029964258e-06, 3.1288889204e-06, 2.09638392334e-06, 1.42850012708e-06, 8.3245629412e-07, 9.45842032252e-07, 8.38004609705e-07, 6.60916157358e-07, 6.06022865668e-07, 2.61568203541e-07, 4.88493583362e-07, 6.62877084778e-07, 4.81887809656e-07, 3.01812661974e-07, 1.85064493508e-07, 1.17249818743e-07, 1.17481583572e-07, 5.73044971475e-08, 1.57283679414e-08, 2.28237801991e-08, 2.16194777636e-08, 1.86602449048e-08, 2.09267909668e-08, 1.72486878114e-08, 1.37219746676e-08, 8.7477980415e-09], "min": [3.60123933139e-23, 2.11632321991e-23, 2.99407502297e-24, 6.35669521124e-24, 2.63396317518e-24, 5.36154639045e-24, 4.71230637127e-24, 5.90870110317e-24, 3.05407045861e-24, 8.2080417097e-24, 1.17909217235e-23, 1.27371233028e-23, 2.88514232498e-23, 2.07469944757e-23, 1.56169436566e-23, 7.35923841974e-24, 4.05349155286e-24, 5.52400322198e-24, 1.13381991831e-23, 1.97631492428e-23, 7.37952713336e-24, 9.27378253746e-24, 8.76442609501e-24, 1.06490850062e-23, 1.64847222068e-23, 9.67756651383e-24, 9.25231605451e-24, 8.56235306325e-24, 1.13617056604e-23, 1.29357387572e-23, 1.24548325833e-23, 9.38207815139e-24, 1.26585377683e-23, 1.06577987638e-23, 8.51593964303e-24, 1.03646951278e-23, 1.08930078978e-23, 9.26881902465e-24, 8.55287332176e-24, 7.54631520569e-24], "var": [1.36461864031e-09, 1.14607608737e-07, 5.24714991457e-08, 2.56144403465e-07, 4.27303149308e-07, 6.73419890518e-07, 6.19127433765e-07, 1.3113165096e-06, 1.87738422142e-07, 3.30901286816e-07, 6.23923142484e-07, 1.14488432246e-06, 6.17908426648e-07, 5.93077061239e-07, 1.87898081094e-07, 3.35491762371e-07, 2.28427055049e-07, 7.73380222086e-08, 7.74926434133e-09, 6.16936723929e-09, 7.47638928544e-09, 7.63029106565e-09, 1.76461456558e-09, 3.87766457832e-10, 8.68702443313e-10, 1.2823392348e-09, 5.79433334646e-10, 3.13298248455e-10, 3.9172970423e-10, 1.12526515883e-10, 5.91200560729e-11, 3.8724415341e-10, 3.07593533977e-10, 1.72691999589e-10, 1.08735652427e-10, 9.63132976151e-11, 5.66017371861e-11, 5.11656897406e-11, 1.81234402485e-11, 9.41631755208e-12]}, "melbands_crest": {"dmean": 3.05965948105, "dmean2": 4.68465900421, "dvar": 9.42477226257, "dvar2": 22.0652141571, "max": 35.4824714661, "mean": 16.5285816193, "median": 15.4907665253, "min": 1.80306208134, "var": 39.1911811829}, "melbands_flatness_db": {"dmean": 0.0215604193509, "dmean2": 0.0306221004575, "dvar": 0.000531288096681, "dvar2": 0.00103472580668, "max": 0.581756711006, "mean": 0.283020883799, "median": 0.282413631678, "min": 0.00540065811947, "var": 0.0062652551569}, "melbands_kurtosis": {"dmean": 5.16322946548, "dmean2": 7.80926561356, "dvar": 101.995376587, "dvar2": 222.250305176, "max": 218.850814819, "mean": 9.52833747864, "median": 4.32067203522, "min": -1.92972159386, "var": 275.350769043}, "melbands_skewness": {"dmean": 0.618914246559, "dmean2": 0.898122787476, "dvar": 0.505100190639, "dvar2": 1.04147613049, "max": 11.3112630844, "mean": 1.46566188335, "median": 1.31269156933, "min": -6.79000759125, "var": 3.39079165459}, "melbands_spread": {"dmean": 5.32211303711, "dmean2": 7.85687589645, "dvar": 114.228179932, "dvar2": 210.85256958, "max": 264.270965576, "mean": 18.2099685669, "median": 12.5351858139, "min": 0.547505497932, "var": 468.179016113}, "mfcc": {"cov": [[8234.86035156, -702.689758301, -1339.74072266, 20.1584033966, -589.39440918, -148.163146973, 268.170684814, -386.191619873, -60.1538467407, 150.237289429, -226.7162323, 80.9284439087, -5.49531650543], [-702.689758301, 1940.47814941, 21.7985801697, -62.3980827332, 35.3226165771, -9.93146896362, 101.781806946, -28.167848587, 2.31798124313, -30.8652648926, -37.9692649841, -138.272201538, -73.3023910522], [-1339.74072266, 21.7985801697, 1075.5177002, -7.07297039032, 104.711875916, 72.8500595093, -187.741226196, 141.950698853, 5.00708770752, -38.5246200562, 80.8357391357, -53.8858985901, -64.3940658569], [20.1584033966, -62.3980827332, -7.07297039032, 538.604675293, 200.852798462, -114.655105591, -68.641746521, 25.0151233673, 18.9689502716, -79.5893249512, 4.06537675858, 49.2171363831, -62.0005760193], [-589.39440918, 35.3226165771, 104.711875916, 200.852798462, 446.167266846, 15.6623220444, -104.461296082, 75.5544662476, 12.6617746353, -50.7630310059, 24.7158584595, 32.4403305054, -14.5767021179], [-148.163146973, -9.93146896362, 72.8500595093, -114.655105591, 15.6623220444, 438.264862061, 107.657554626, 18.8372211456, -61.1600646973, 33.8084526062, 10.0464038849, -24.6386184692, 3.30747699738], [268.170684814, 101.781806946, -187.741226196, -68.641746521, -104.461296082, 107.657554626, 381.860443115, -30.4923095703, -44.640335083, 42.0018310547, -37.0239105225, -42.9218292236, -16.8083057404], [-386.191619873, -28.167848587, 141.950698853, 25.0151233673, 75.5544662476, 18.8372211456, -30.4923095703, 305.99798584, 59.1292228699, -59.7597122192, -6.29233264923, -7.34557008743, -2.27544689178], [-60.1538467407, 2.31798124313, 5.00708770752, 18.9689502716, 12.6617746353, -61.1600646973, -44.640335083, 59.1292228699, 238.835739136, 76.0541687012, -37.7170829773, -40.4874839783, -2.58843946457], [150.237289429, -30.8652648926, -38.5246200562, -79.5893249512, -50.7630310059, 33.8084526062, 42.0018310547, -59.7597122192, 76.0541687012, 251.618637085, 45.1653327942, -54.2614593506, -14.8399820328], [-226.7162323, -37.9692649841, 80.8357391357, 4.06537675858, 24.7158584595, 10.0464038849, -37.0239105225, -6.29233264923, -37.7170829773, 45.1653327942, 232.674972534, 80.9844512939, -14.6564712524], [80.9284439087, -138.272201538, -53.8858985901, 49.2171363831, 32.4403305054, -24.6386184692, -42.9218292236, -7.34557008743, -40.4874839783, -54.2614593506, 80.9844512939, 240.097442627, 70.9044799805], [-5.49531650543, -73.3023910522, -64.3940658569, -62.0005760193, -14.5767021179, 3.30747699738, -16.8083057404, -2.27544689178, -2.58843946457, -14.8399820328, -14.6564712524, 70.9044799805, 215.373703003]], "icov": [[0.000182488220162, 5.63155736018e-05, 0.000183834970812, -7.17055954738e-05, 0.00020551061607, 4.53290931546e-06, 2.78422357951e-05, 7.34185086912e-05, 7.40629984648e-05, -0.000114208953164, 0.000186059522093, -0.000103110323835, 0.000114561407827], [5.63155736018e-05, 0.000583001237828, 4.34068242612e-05, 0.00011128395272, -9.45623105508e-05, 8.68552961037e-05, -0.000187152778381, 0.000159443443408, -7.13749905117e-05, 0.000221217007493, -3.95903807657e-05, 0.000308441114612, 0.000134366768179], [0.000183834970812, 4.34068242612e-05, 0.00139612727799, 2.99719558825e-05, 0.000136853908771, -0.000278549850918, 0.000671281304676, -0.000365459069144, 0.000137926646858, 0.000100759556517, -0.000308062299155, 0.000371816509869, 0.000372812763089], [-7.17055954738e-05, 0.00011128395272, 2.99719558825e-05, 0.00270702294074, -0.00125057401601, 0.000612387491856, -0.000108129170258, 0.000149921193952, -0.000357127311872, 0.000713538494892, -1.59555020218e-05, -0.000402088538976, 0.000899551901966], [0.00020551061607, -9.45623105508e-05, 0.000136853908771, -0.00125057401601, 0.00332977809012, -0.00056616863003, 0.000752504100092, -0.000457733840449, 7.30842730263e-05, -8.13138321973e-05, 5.5733595218e-05, -0.000256499246461, 2.54292554018e-05], [4.53290931546e-06, 8.68552961037e-05, -0.000278549850918, 0.000612387491856, -0.00056616863003, 0.00290025514551, -0.000879191735294, -0.000293492455967, 0.000833363214042, -0.000523858936504, 9.51896872721e-05, 8.1580823462e-05, -7.83483119449e-05], [2.78422357951e-05, -0.000187152778381, 0.000671281304676, -0.000108129170258, 0.000752504100092, -0.000879191735294, 0.00364731764421, -0.000324168155203, 0.000831136538181, -0.000660893681925, 0.000507860910147, 0.000212787694181, 0.000381201592973], [7.34185086912e-05, 0.000159443443408, -0.000365459069144, 0.000149921193952, -0.000457733840449, -0.000293492455967, -0.000324168155203, 0.00426616193727, -0.00167245673947, 0.0015994340647, -0.000326587585732, 0.000258198968368, -3.37903002219e-05], [7.40629984648e-05, -7.13749905117e-05, 0.000137926646858, -0.000357127311872, 7.30842730263e-05, 0.000833363214042, 0.000831136538181, -0.00167245673947, 0.00621003424749, -0.00293056643568, 0.00160357379355, 8.16439496703e-05, -8.96740530152e-05], [-0.000114208953164, 0.000221217007493, 0.000100759556517, 0.000713538494892, -8.13138321973e-05, -0.000523858936504, -0.000660893681925, 0.0015994340647, -0.00293056643568, 0.00657988572493, -0.00253648217767, 0.00179968308657, -7.11653847247e-05], [0.000186059522093, -3.95903807657e-05, -0.000308062299155, -1.59555020218e-05, 5.5733595218e-05, 9.51896872721e-05, 0.000507860910147, -0.000326587585732, 0.00160357379355, -0.00253648217767, 0.00647868448868, -0.00290319370106, 0.00117422861513], [-0.000103110323835, 0.000308441114612, 0.000371816509869, -0.000402088538976, -0.000256499246461, 8.1580823462e-05, 0.000212787694181, 0.000258198968368, 8.16439496703e-05, 0.00179968308657, -0.00290319370106, 0.00667305616662, -0.00217097182758], [0.000114561407827, 0.000134366768179, 0.000372812763089, 0.000899551901966, 2.54292554018e-05, -7.83483119449e-05, 0.000381201592973, -3.37903002219e-05, -8.96740530152e-05, -7.11653847247e-05, 0.00117422861513, -0.00217097182758, 0.0058831339702]], "mean": [-757.368591309, 151.187362671, -6.14772033691, 12.9942874908, -14.900179863, -12.4590759277, 0.108382545412, -8.90379142761, -5.57907485962, -0.163941383362, -9.79037284851, -4.70232629776, -7.62511062622]}, "pitch_salience": {"dmean": 0.0586041472852, "dmean2": 0.0903651639819, "dvar": 0.00337428296916, "dvar2": 0.00763620110229, "max": 0.859616339207, "mean": 0.455660998821, "median": 0.456248283386, "min": 0.0520792007446, "var": 0.0154673531651}, "silence_rate_20dB": {"dmean": 0, "dmean2": 0, "dvar": 0, "dvar2": 0, "max": 1, "mean": 1, "median": 1, "min": 1, "var": 0}, "silence_rate_30dB": {"dmean": 0.000684618891682, "dmean2": 0.00136939401273, "dvar": 0.000684155966155, "dvar2": 0.00182400620542, "max": 1, "mean": 0.999087274075, "median": 1, "min": 0, "var": 0.000911973649636}, "silence_rate_60dB": {"dmean": 0.0413053408265, "dmean2": 0.0826201066375, "dvar": 0.0396017022431, "dvar2": 0.0883538126945, "max": 1, "mean": 0.189731881022, "median": 0, "min": 0, "var": 0.153741285205}, "spectral_centroid": {"dmean": 180.447174072, "dmean2": 250.686813354, "dvar": 80707.0390625, "dvar2": 131766.25, "max": 11148.8203125, "mean": 1072.07177734, "median": 883.676452637, "min": 186.026062012, "var": 488542.53125}, "spectral_complexity": {"dmean": 1.42355084419, "dmean2": 2.24489331245, "dvar": 3.19769406319, "dvar2": 6.69810962677, "max": 46, "mean": 8.74637794495, "median": 8, "min": 0, "var": 19.9168338776}, "spectral_contrast_coeffs": {"dmean": [0.0409204922616, 0.0384798459709, 0.0387479066849, 0.0348287671804, 0.0301478747278, 0.0184714030474], "dmean2": [0.0667265504599, 0.0598347000778, 0.0588253811002, 0.0537224039435, 0.0455394238234, 0.0280138012022], "dvar": [0.00114857428707, 0.00130011979491, 0.00124181620777, 0.000958888384048, 0.000902918400243, 0.00034313290962], "dvar2": [0.0029392875731, 0.00296591944061, 0.00261614844203, 0.00203659106046, 0.00181439006701, 0.000692755507771], "max": [-0.278677791357, -0.332525461912, -0.306904256344, -0.378494620323, -0.477697521448, -0.536230385303], "mean": [-0.565361499786, -0.646389782429, -0.641588628292, -0.717348456383, -0.73980820179, -0.764502346516], "median": [-0.560657799244, -0.654872119427, -0.643939912319, -0.72934281826, -0.747166991234, -0.767627835274], "min": [-0.958366513252, -0.956210851669, -0.971111536026, -0.957307159901, -0.959633886814, -0.963352680206], "var": [0.00755535392091, 0.00910872686654, 0.0112496688962, 0.00825129915029, 0.00593088939786, 0.00306159257889]}, "spectral_contrast_valleys": {"dmean": [0.440782755613, 0.293740421534, 0.332508355379, 0.284798145294, 0.255052089691, 0.247733980417], "dmean2": [0.720864295959, 0.473848104477, 0.533249139786, 0.44396686554, 0.376128822565, 0.33327844739], "dvar": [0.14782191813, 0.0854269713163, 0.105568528175, 0.0812591165304, 0.0808394104242, 0.107336163521], "dvar2": [0.340008854866, 0.182474404573, 0.232334345579, 0.160874381661, 0.146001756191, 0.165544271469], "max": [-6.42234373093, -5.35061407089, -5.44868278503, -5.22245740891, -5.71294116974, -7.13405752182], "mean": [-9.12261390686, -7.8375248909, -8.73784732819, -9.34436893463, -9.31112098694, -12.0670480728], "median": [-9.03096389771, -7.68340444565, -8.61382198334, -9.20954036713, -9.19193172455, -12.0587863922], "min": [-27.5116081238, -27.5006160736, -27.1866607666, -27.3772220612, -27.2388114929, -27.1194648743], "var": [1.22874510288, 1.30812621117, 1.39382040501, 1.25098931789, 1.41444337368, 1.44365525246]}, "spectral_decrease": {"dmean": 1.07389641624e-09, "dmean2": 1.55899748666e-09, "dvar": 2.7983205794e-18, "dvar2": 5.93463791044e-18, "max": 1.13193502016e-15, "mean": -3.97835364652e-09, "median": -2.59255727997e-09, "min": -2.83593113437e-08, "var": 1.58190086519e-17}, "spectral_energy": {"dmean": 0.00447569135576, "dmean2": 0.00648461980745, "dvar": 4.95963467984e-05, "dvar2": 0.000105429659015, "max": 0.12356004864, "mean": 0.0164880957454, "median": 0.010586601682, "min": 1.096425317e-20, "var": 0.000278910796624}, "spectral_energyband_high": {"dmean": 0.000212473270949, "dmean2": 0.000305729801767, "dvar": 2.47688740274e-06, "dvar2": 5.59308227821e-06, "max": 0.0804572626948, "mean": 0.000376241572667, "median": 3.14994831569e-05, "min": 7.73347391327e-21, "var": 4.59061948277e-06}, "spectral_energyband_low": {"dmean": 0.000368741544662, "dmean2": 0.000591959629674, "dvar": 6.24830306606e-07, "dvar2": 1.5342328652e-06, "max": 0.0132274692878, "mean": 0.000921235594433, "median": 0.00048733051517, "min": 1.75356395493e-22, "var": 1.436914431e-06}, "spectral_energyband_middle_high": {"dmean": 0.0026948035229, "dmean2": 0.00383121450432, "dvar": 3.57119934051e-05, "dvar2": 7.29499952286e-05, "max": 0.119237631559, "mean": 0.00768251996487, "median": 0.00144079548772, "min": 1.70993540303e-21, "var": 0.000204205076443}, "spectral_energyband_middle_low": {"dmean": 0.00239509204403, "dmean2": 0.00342116341926, "dvar": 1.99639925995e-05, "dvar2": 4.25134130637e-05, "max": 0.0759130045772, "mean": 0.0077975327149, "median": 0.00470125488937, "min": 1.8124595528e-22, "var": 8.17887193989e-05}, "spectral_entropy": {"dmean": 0.189043581486, "dmean2": 0.270162642002, "dvar": 0.0397776328027, "dvar2": 0.0736954882741, "max": 9.80364322662, "mean": 6.49563884735, "median": 6.46020793915, "min": 4.26266479492, "var": 0.402687966824}, "spectral_flux": {"dmean": 0.020455321297, "dmean2": 0.0322642177343, "dvar": 0.000642538478132, "dvar2": 0.00155298353638, "max": 0.321409583092, "mean": 0.0513699799776, "median": 0.0380858741701, "min": 1.04710330684e-10, "var": 0.00191447453108}, "spectral_kurtosis": {"dmean": 4.62874698639, "dmean2": 7.81780004501, "dvar": 36.5636749268, "dvar2": 98.0137710571, "max": 149.134963989, "mean": 11.9124298096, "median": 8.58116531372, "min": -1.34960353374, "var": 147.154449463}, "spectral_rms": {"dmean": 0.000495639862493, "dmean2": 0.000702681893017, "dvar": 3.91018204482e-07, "dvar2": 7.58591966132e-07, "max": 0.0109793618321, "mean": 0.00351265259087, "median": 0.00321378163062, "min": 3.27060123775e-12, "var": 3.74723185814e-06}, "spectral_rolloff": {"dmean": 284.742492676, "dmean2": 481.980957031, "dvar": 550036.1875, "dvar2": 1090608.25, "max": 19767.4804688, "mean": 1380.59509277, "median": 882.861328125, "min": 129.19921875, "var": 3996330}, "spectral_skewness": {"dmean": 0.428656041622, "dmean2": 0.697887718678, "dvar": 0.197458162904, "dvar2": 0.503769397736, "max": 9.73655033112, "mean": 2.31283736229, "median": 2.13754844666, "min": -0.611021161079, "var": 1.22535562515},