{"lowlevel": {"average_loudness": 0.582305848598, "barkbands": {"dmean": [4.29243955296e-05, 0.000320241961163, 0.000298112543533, 0.000162942422321, 0.000726561062038, 0.00198046932928, 0.000960307137575, 0.00032691512024, 0.000572589924559, 0.000622113584541, 0.000282246415736, 0.000153080633027, 6.42472368781e-05, 6.71596208122e-05, 3.53575087502e-05, 2.6462099413e-05, 1.43354645843e-05, 1.56822607096e-05, 2.67358482233e-05, 3.19222526741e-05, 3.18370512105e-05, 4.17202354583e-05, 5.37318119314e-05, 6.15736353211e-05, 1.70941220858e-05, 5.0164555887e-07, 1.99714005333e-08], "dmean2": [5.15763676958e-05, 0.000475933513371, 0.000392385089071, 0.000234193954384, 0.00101640040521, 0.00263420934789, 0.00136814033613, 0.000458203721792, 0.000743442273233, 0.000770775892306, 0.000364883220755, 0.00020142334688, 8.71551819728e-05, 9.72881825874e-05, 5.20997091371e-05, 3.69962253899e-05, 1.96617147594e-05, 2.34446833929e-05, 3.78235163225e-05, 4.68761681987e-05, 4.88205514557e-05, 6.11692375969e-05, 8.07587566669e-05, 8.49732386996e-05, 2.68180028797e-05, 7.58081796448e-07, 3.22857864887e-08], "dvar": [1.28861312731e-08, 1.89227614555e-06, 1.34833237553e-06, 5.47977606402e-07, 5.80974801778e-06, 3.27650741383e-05, 1.2365452676e-05, 2.02307023756e-06, 4.49158414995e-06, 6.84949463903e-06, 1.52525637986e-06, 9.69456891653e-07, 1.19434375279e-07, 1.68216701013e-07, 4.12067713285e-08, 7.31605709348e-08, 1.17424248103e-08, 4.804673992e-09, 2.13485940037e-08, 1.17915362807e-07, 1.71408743199e-07, 1.42701850336e-07, 2.85033621594e-07, 3.65838218386e-07, 2.78302518808e-08, 9.5526008978e-12, 1.90776193095e-15], "dvar2": [1.46529899325e-08, 4.19411662733e-06, 2.74036210612e-06, 1.22601045405e-06, 1.11142026071e-05, 5.58244464628e-05, 2.50795837928e-05, 3.87041609429e-06, 7.78969479143e-06, 9.27028850128e-06, 2.42320356847e-06, 1.46492516251e-06, 1.8825265613e-07, 2.90217542442e-07, 7.37258076811e-08, 9.12043347512e-08, 1.4206881005e-08, 1.03001678298e-08, 3.69004027334e-08, 2.97993437925e-07, 4.13566908719e-07, 3.07281965206e-07, 6.27395195352e-07, 5.19855689163e-07, 6.39240838041e-08, 2.20068355899e-11, 4.58179984092e-15], "max": [0.00526627339423, 0.0442899167538, 0.0688781216741, 0.0670874789357, 0.0687242969871, 0.147767469287, 0.0895884782076, 0.0671424046159, 0.0949723720551, 0.0713768303394, 0.0373644940555, 0.0600272119045, 0.0297856647521, 0.0197218265384, 0.00960301235318, 0.0220307707787, 0.00965438224375, 0.00251039140858, 0.00801618024707, 0.0217855907977, 0.0242949370295, 0.0162016618997, 0.0235092844814, 0.0427705235779, 0.00712253758684, 0.000152788255946, 1.56061707912e-06], "mean": [9.59210374276e-05, 0.000895424687769, 0.00090855313465, 0.000523402530234, 0.00183922902215, 0.00611861981452, 0.00247099529952, 0.00071123248199, 0.00173759378958, 0.00134449824691, 0.00101269653533, 0.00030822167173, 0.000116603441711, 0.000129254243802, 6.2757935666e-05, 3.93576265196e-05, 2.72756315098e-05, 2.81827524304e-05, 5.52652527404e-05, 5.22437330801e-05, 3.72533722839e-05, 5.90901327087e-05, 8.60872751218e-05, 0.000116073220852, 2.95160552923e-05, 1.01910836747e-06, 7.31481151206e-08], "median": [1.98123525479e-05, 0.000213880630326, 0.0002194072149, 0.000117875199066, 0.00032152471249, 0.000686146202497, 0.000162066949997, 7.68915415392e-05, 4.43007884314e-05, 4.6425491746e-05, 1.90529481188e-05, 1.11263798317e-05, 6.10711731497e-06, 4.4865196287e-06, 4.77236017105e-06, 1.3958845102e-06, 2.00390377358e-06, 1.56679220709e-06, 2.30195837503e-06, 2.41570683102e-06, 8.98476855582e-07, 1.18450691389e-06, 1.10387054519e-06, 1.42004125792e-06, 5.2345592394e-07, 1.45662255591e-07, 4.22385113552e-08], "min": [3.79487912453e-23, 5.62072861301e-23, 5.90112291088e-24, 3.16878168107e-23, 2.8853957071e-23, 1.45709185139e-22, 7.79614950541e-23, 4.49203274071e-23, 9.44670274115e-23, 7.53662310283e-23, 1.15054353285e-22, 6.80825394509e-23, 6.28142234033e-23, 2.02110064046e-22, 1.50911855337e-22, 1.20357114155e-22, 1.30159638603e-22, 2.02085438964e-22, 2.77105454718e-22, 2.39992187078e-22, 4.16470418509e-22, 5.60123604937e-22, 5.5225317124e-22, 7.20984485658e-22, 1.22726248993e-21, 1.81561095746e-21, 2.53110885872e-21], "var": [6.94312589644e-08, 6.80732136971e-06, 6.46506168778e-06, 8.02686645329e-06, 2.79450632661e-05, 0.000173714390257, 6.06282628723e-05, 5.86656278756e-06, 2.98583399854e-05, 2.81228694803e-05, 1.48965791595e-05, 4.42608052253e-06, 6.17026501004e-07, 6.88441446073e-07, 1.17536750111e-07, 1.79282238832e-07, 4.56188438136e-08, 1.45183731703e-08, 7.46191091139e-08, 1.18734796217e-07, 1.58313440579e-07, 2.77522019587e-07, 6.38586982404e-07, 1.48105186781e-06, 6.30080450037e-08, 2.61640795834e-11, 7.7575427771e-15]}, "barkbands_crest": {"dmean": 2.20105552673, "dmean2": 3.25829029083, "dvar": 5.42146587372, "dvar2": 12.5936822891, "max": 26.7361888885, "mean": 14.6862850189, "median": 13.9404773712, "min": 3.20629644394, "var": 32.453754425}, "barkbands_flatness_db": {"dmean": 0.0181651040912, "dmean2": 0.0251525789499, "dvar": 0.000449582585134, "dvar2": 0.000789081968833, "max": 0.569368302822, "mean": 0.259080410004, "median": 0.247945457697, "min": 0.033247385174, "var": 0.00856063701212}, "barkbands_kurtosis": {"dmean": 6.90309906006, "dmean2": 10.352268219, "dvar": 771.624694824, "dvar2": 2103.29003906, "max": 1427.51281738, "mean": 15.9271430969, "median": 6.21294498444, "min": -1.93988466263, "var": 1173.4251709}, "barkbands_skewness": {"dmean": 0.629534542561, "dmean2": 0.893379926682, "dvar": 0.831050217152, "dvar2": 1.84832370281, "max": 22.9934425354, "mean": 1.41909956932, "median": 1.23548233509, "min": -10.5568609238, "var": 4.4259557724}, "barkbands_spread": {"dmean": 2.76844930649, "dmean2": 4.01101207733, "dvar": 48.8894958496, "dvar2": 99.0226821899, "max": 138.130020142, "mean": 10.6873216629, "median": 5.4595746994, "min": 0.0803453400731, "var": 273.519989014}, "dissonance": {"dmean": 0.0429640561342, "dmean2": 0.0710606127977, "dvar": 0.00169028737582, "dvar2": 0.00454909307882, "max": 0.5, "mean": 0.355277091265, "median": 0.367863327265, "min": 0.070366114378, "var": 0.00804573949426}, "dynamic_complexity": 7.53433036804, "erbbands": {"dmean": [0.00426280591637, 0.089814864099, 0.316133469343, 0.477268785238, 0.613413989544, 2.73834061623, 10.1543655396, 17.296710968, 13.8838577271, 11.9594602585, 7.10766935349, 11.5374279022, 18.4052696228, 14.2798442841, 8.60540866852, 6.04905462265, 2.95524263382, 3.51775479317, 2.0681078434, 1.58853209019, 1.13820278645, 0.687381029129, 0.709863424301, 1.15508306026, 1.29193258286, 1.41442811489, 1.55062401295, 1.04366338253, 1.5062456131, 1.62388789654, 1.47673130035, 1.37052166462, 0.978076756001, 0.312658429146, 0.0569308809936, 0.00593356741592, 0.000473992055049, 5.26700605405e-05, 5.54302550881e-06, 5.24770075572e-06], "dmean2": [0.00665029836819, 0.132036536932, 0.423630326986, 0.676363646984, 0.90818631649, 3.88399171829, 13.5557537079, 22.4358253479, 18.939874649, 16.3586273193, 9.68060684204, 15.5886774063, 23.8558521271, 18.153591156, 10.5049438477, 7.5972237587, 3.84870934486, 4.76955032349, 2.95268130302, 2.20346260071, 1.54475915432, 0.914526879787, 1.0321457386, 1.63971292973, 1.78055155277, 2.07359004021, 2.4099779129, 1.57883942127, 2.21175312996, 2.55205011368, 2.18669319153, 1.91593360901, 1.38670563698, 0.481540679932, 0.08306119591, 0.00843053497374, 0.000670034496579, 7.90923440945e-05, 8.02468093752e-06, 7.2817997534e-06], "dvar": [0.000346542336047, 0.139918282628, 1.36220681667, 4.6307888031, 4.06046724319, 102.791748047, 932.250488281, 3295.96069336, 3022.92480469, 2817.79541016, 613.996582031, 2463.61499023, 5186.84375, 3533.04956055, 2296.60986328, 1688.1114502, 235.134307861, 402.062133789, 223.854370117, 179.724060059, 70.5255279541, 15.5449304581, 12.2913246155, 31.5630645752, 58.3185882568, 219.730773926, 634.22479248, 106.214019775, 196.992340088, 318.903442383, 196.0599823, 176.216522217, 92.7201309204, 9.62040328979, 0.180390939116, 0.00157118798234, 5.30911756869e-06, 3.01949398818e-08, 4.89141671611e-10, 1.2147881312e-10], "dvar2": [0.000746680714656, 0.310088425875, 2.79556560516, 12.4802904129, 8.42600727081, 197.005249023, 1617.77832031, 5538.74951172, 6053.71484375, 5672.03417969, 1171.06286621, 4725.63525391, 8793.85546875, 5536.0234375, 3653.75732422, 2136.78417969, 352.33895874, 612.522583008, 456.558532715, 253.809326172, 103.477272034, 23.292678833, 23.6145572662, 55.6865997314, 103.030326843, 554.35345459, 1582.80285645, 235.291427612, 431.42791748, 765.73638916, 406.501617432, 250.206497192, 154.59085083, 20.7129688263, 0.336228966713, 0.00300609995611, 1.03757138277e-05, 6.11926225247e-08, 8.66475780015e-10, 2.30731975193e-10], "max": [0.644628465176, 11.7747154236, 58.9668159485, 157.052566528, 94.3594055176, 332.773773193, 832.431152344, 1671.76574707, 1751.05639648, 1820.0559082, 671.320617676, 2846.02954102, 2612.32958984, 2036.6619873, 2101.42797852, 3106.83276367, 1265.20654297, 1162.80163574, 1020.97283936, 788.334594727, 538.150634766, 289.702606201, 181.555587769, 322.565124512, 351.173034668, 929.712646484, 1610.75415039, 442.369934082, 657.231079102, 743.732177734, 620.48614502, 790.284973145, 634.423034668, 134.043029785, 17.6298999786, 1.81351339817, 0.113378621638, 0.00703847641125, 0.00114460801706, 0.000394214468542], "mean": [0.0116465752944, 0.257210046053, 1.01007628441, 1.52168703079, 1.71700191498, 6.83903932571, 32.9620513916, 49.0640869141, 35.8316841125, 30.4548664093, 25.4660644531, 35.5913848877, 47.3084411621, 40.9285850525, 24.6510410309, 13.7707099915, 6.32324981689, 7.93993186951, 3.67563486099, 2.80871677399, 2.00426864624, 1.4705491066, 1.46642506123, 2.38374209404, 2.89871740341, 2.33964204788, 1.73766589165, 1.43663764, 2.09921312332, 2.38281536102, 2.44085621834, 2.63007187843, 1.69487416744, 0.561443865299, 0.100153699517, 0.0116656813771, 0.00113754614722, 0.00018579706375, 2.15636900975e-05, 2.28647022595e-05], "median": [0.00289185461588, 0.0667724907398, 0.269631266594, 0.481175392866, 0.598915636539, 1.34164333344, 4.07601451874, 5.43682956696, 4.05681848526, 2.94644021988, 2.56523275375, 1.56186151505, 2.58612322807, 1.91720533371, 0.814951002598, 0.659110665321, 0.446480691433, 0.426612824202, 0.313188642263, 0.249655857682, 0.13449087739, 0.11473339051, 0.103572480381, 0.122444421053, 0.116415165365, 0.0999238267541, 0.0634772107005, 0.0441445372999, 0.042526897043, 0.033379547298, 0.0313204824924, 0.0318908244371, 0.0207741577178, 0.0081388419494, 0.002964746207, 0.000918761536013, 0.000226959964493, 8.05339368526e-05, 1.35456075441e-05, 1.48959707076e-05], "min": [3.12110694168e-21, 7.18983126609e-21, 6.34386097127e-21, 5.61129213012e-20, 1.54397772052e-19, 5.80118953431e-20, 4.26617108455e-19, 1.53857424072e-18, 1.27012973012e-18, 8.34106182232e-19, 1.03813896571e-18, 2.40802781508e-18, 1.87126018263e-18, 4.16546194836e-18, 2.99519225353e-18, 3.28663135118e-18, 3.31118372612e-18, 8.92276087166e-18, 6.54297796578e-18, 8.08417674718e-18, 7.78558191685e-18, 7.03321896352e-18, 1.11785469222e-17, 1.10131256889e-17, 1.36080524819e-17, 1.10815178091e-17, 1.428593692e-17, 1.85642986822e-17, 1.88643435602e-17, 1.68215052322e-17, 1.69369217431e-17, 1.36222791612e-17, 1.39344496798e-17, 1.29889905114e-17, 8.65136704859e-18, 5.45032200743e-18, 3.76059508883e-18, 1.43146479455e-18, 3.55693376114e-19, 3.5600754965e-20], "var": [0.00117734179366, 0.509557306767, 6.06968355179, 41.143497467, 23.7541370392, 469.307800293, 6018.34716797, 16900.6328125, 11968.9511719, 12488.9003906, 5915.79052734, 12615.2978516, 30304.6308594, 21974.3007812, 10930.8466797, 9543.7734375, 1222.77893066, 2205.34399414, 468.015350342, 445.65612793, 197.786270142, 70.6244659424, 46.5705795288, 117.267608643, 216.792205811, 221.266601562, 513.927124023, 142.813354492, 360.033203125, 551.184936523, 499.065582275, 771.413452148, 307.864501953, 25.3322162628, 0.518069863319, 0.00509567046538, 1.92158749996e-05, 1.33546919301e-07, 2.2405923783e-09, 7.14950210146e-10]}, "erbbands_crest": {"dmean": 2.64717268944, "dmean2": 3.97864174843, "dvar": 7.01398420334, "dvar2": 15.1908473969, "max": 34.3062400818, "mean": 16.769952774, "median": 15.7993440628, "min": 2.78990483284, "var": 59.1456184387}, "erbbands_flatness_db": {"dmean": 0.0163098722696, "dmean2": 0.0224885083735, "dvar": 0.00039272592403, "dvar2": 0.000672816473525, "max": 0.544325709343, "mean": 0.262635171413, "median": 0.253846526146, "min": 0.0396415516734, "var": 0.00897786114365}, "erbbands_kurtosis": {"dmean": 4.83060741425, "dmean2": 7.14973115921, "dvar": 113.759361267, "dvar2": 243.776733398, "max": 377.266174316, "mean": 14.826212883, "median": 4.95446205139, "min": -1.88143706322, "var": 1093.11035156}, "erbbands_skewness": {"dmean": 0.511568427086, "dmean2": 0.734045267105, "dvar": 0.439549833536, "dvar2": 0.865963459015, "max": 15.0136833191, "mean": 1.59189271927, "median": 1.26051008701, "min": -6.3184056282, "var": 4.69903326035}, "erbbands_spread": {"dmean": 5.24154615402, "dmean2": 7.70236873627, "dvar": 106.862762451, "dvar2": 230.120300293, "max": 171.421981812, "mean": 20.1636295319, "median": 12.5463676453, "min": 0.227141231298, "var": 515.680847168}, "gfcc": {"cov": [[12745.78125, 628.32220459, -2070.15454102, 525.87298584, -981.447143555, 361.276428223, -97.9453430176, 3.34562110901, -225.326416016, -291.637023926, 407.93572998, -640.915344238, 77.783531189], [628.32220459, 2542.50878906, 425.342712402, -704.333740234, 462.200714111, -533.741516113, 95.6148757935, -301.710327148, 69.6463928223, -237.475234985, 117.984680176, -118.903297424, -103.721878052], [-2070.15454102, 425.342712402, 1424.79431152, 165.262084961, 201.219711304, -54.9115905762, -109.558586121, -131.285491943, 41.6226768494, -16.382730484, -212.58757019, 54.1437835693, -68.4720458984], [525.87298584, -704.333740234, 165.262084961, 806.477294922, 27.806224823, 206.593154907, -123.872375488, 45.5718803406, -41.7704429626, 68.7424087524, -146.043182373, -47.3974990845, -24.6267433167], [-981.447143555, 462.200714111, 201.219711304, 27.806224823, 525.701599121, -47.132434845, 29.4400634766, -63.3826332092, 17.0938110352, 10.7429189682, -56.9010391235, -8.11744976044, -99.4775390625], [361.276428223, -533.741516113, -54.9115905762, 206.593154907, -47.132434845, 609.103210449, 146.089279175, 99.2661437988, -94.6701507568, 47.3939476013, -127.246032715, -94.8561248779, -67.6215057373], [-97.9453430176, 95.6148757935, -109.558586121, -123.872375488, 29.4400634766, 146.089279175, 287.380645752, 80.083404541, -41.8249435425, -8.83420753479, 36.364982605, -20.7700538635, -44.3497276306], [3.34562110901, -301.710327148, -131.285491943, 45.5718803406, -63.3826332092, 99.2661437988, 80.083404541, 217.969421387, 50.6816673279, 26.7812232971, 2.06595993042, 13.5954847336, 12.0105895996], [-225.326416016, 69.6463928223, 41.6226768494, -41.7704429626, 17.0938110352, -94.6701507568, -41.8249435425, 50.6816673279, 189.393417358, 61.6542510986, 8.10484313965, 27.5003318787, 10.9238605499], [-291.637023926, -237.475234985, -16.382730484, 68.7424087524, 10.7429189682, 47.3939476013, -8.83420753479, 26.7812232971, 61.6542510986, 185.069351196, 2.83991193771, 16.5290985107, -8.55094623566], [407.93572998, 117.984680176, -212.58757019, -146.043182373, -56.9010391235, -127.246032715, 36.364982605, 2.06595993042, 8.10484313965, 2.83991193771, 246.359802246, 53.9728622437, 22.7149085999], [-640.915344238, -118.903297424, 54.1437835693, -47.3974990845, -8.11744976044, -94.8561248779, -20.7700538635, 13.5954847336, 27.5003318787, 16.5290985107, 53.9728622437, 173.826416016, 87.8117828369], [77.783531189, -103.721878052, -68.4720458984, -24.6267433167, -99.4775390625, -67.6215057373, -44.3497276306, 12.0105895996, 10.9238605499, -8.55094623566, 22.7149085999, 87.8117828369, 186.490539551]], "icov": [[0.000491312996019, -0.00097354024183, 0.000834347039927, -0.00114438729361, 0.00126653141342, -0.000779115769546, 0.000768585363403, -0.000242103822529, 0.000153048473294, 0.000119226438983, -0.000642833882011, 0.000583272776566, -0.000199551388505], [-0.00097354024183, 0.00347011303529, -0.00217452109791, 0.00314425327815, -0.00360940094106, 0.00231987517327, -0.00243377941661, 0.00174832728226, -0.00131058052648, 0.00112614419777, 0.000465308141429, 0.00107409397606, -0.000256673985859], [0.000834347039927, -0.00217452109791, 0.00262251496315, -0.00243365205824, 0.00246582366526, -0.00150146975648, 0.00153465487529, -0.000118579395348, 0.000135517286253, 3.86266656278e-05, 0.000158707756782, -0.000760498107411, 0.00056016742019], [-0.00114438729361, 0.00314425327815, -0.00243365205824, 0.00505449669436, -0.00383920408785, 0.00173230608925, -0.000886359426659, 0.000249932170846, 5.30675351911e-05, -0.000222057817155, 0.0013582657557, 0.000276723090792, 4.43186218035e-05], [0.00126653141342, -0.00360940094106, 0.00246582366526, -0.00383920408785, 0.00656537618488, -0.00207309192047, 0.00173033447936, -0.00059335900005, 0.000653314462397, -0.000744542572647, -0.000279320403934, -0.000851366145071, 0.00142523879185], [-0.000779115769546, 0.00231987517327, -0.00150146975648, 0.00173230608925, -0.00207309192047, 0.0047751031816, -0.0031780868303, 0.000158862952958, 0.000731131178327, -0.000636154669337, 0.00212551490404, 0.000840922468342, 0.000425461330451], [0.000768585363403, -0.00243377941661, 0.00153465487529, -0.000886359426659, 0.00173033447936, -0.0031780868303, 0.00793414562941, -0.00377102266066, 0.00253344606608, -0.00057611707598, -0.00180750491563, -0.000142472679727, 0.000784982868936], [-0.000242103822529, 0.00174832728226, -0.000118579395348, 0.000249932170846, -0.00059335900005, 0.000158862952958, -0.00377102266066, 0.00887223705649, -0.00448390142992, 0.00176663778257, 0.000201154587558, -3.13787859341e-05, -0.000330347509589], [0.000153048473294, -0.00131058052648, 0.000135517286253, 5.30675351911e-05, 0.000653314462397, 0.000731131178327, 0.00253344606608, -0.00448390142992, 0.00933731161058, -0.00394517602399, 0.000581352447625, -0.00071452226257, 0.000306671776343], [0.000119226438983, 0.00112614419777, 3.86266656278e-05, -0.000222057817155, -0.000744542572647, -0.000636154669337, -0.00057611707598, 0.00176663778257, -0.00394517602399, 0.0083176754415, -0.00140894250944, 0.000765254197177, 0.000106613661046], [-0.000642833882011, 0.000465308141429, 0.000158707756782, 0.0013582657557, -0.000279320403934, 0.00212551490404, -0.00180750491563, 0.000201154587558, 0.000581352447625, -0.00140894250944, 0.0078777782619, -0.00414879061282, 0.00183879875112], [0.000583272776566, 0.00107409397606, -0.000760498107411, 0.000276723090792, -0.000851366145071, 0.000840922468342, -0.000142472679727, -3.13787859341e-05, -0.00071452226257, 0.000765254197177, -0.00414879061282, 0.0136781390756, -0.00592792825773], [-0.000199551388505, -0.000256673985859, 0.00056016742019, 4.43186218035e-05, 0.00142523879185, 0.000425461330451, 0.000784982868936, -0.000330347509589, 0.000306671776343, 0.000106613661046, 0.00183879875112, -0.00592792825773, 0.00919088348746]], "mean": [-150.607498169, 125.471549988, -86.1210403442, 6.22143411636, -74.51537323, 1.53761768341, -33.7699356079, 2.18801283836, -18.368013382, -2.52300858498, -4.09374713898, -2.11504864693, -3.09575557709]}, "hfc": {"dmean": 3.18009066582, "dmean2": 4.31067752838, "dvar": 130.204223633, "dvar2": 244.065811157, "max": 454.720581055, "mean": 11.4750938416, "median": 5.31882333755, "min": 1.18386936302e-16, "var": 526.993835449}, "melbands": {"dmean": [6.52843591524e-05, 0.000151052867295, 7.94517545728e-05, 0.000101518184238, 0.000294189754641, 0.000377056014258, 0.000202679118956, 0.000113237954793, 6.10066454101e-05, 7.95962769189e-05, 9.61993500823e-05, 6.42075756332e-05, 3.28335554514e-05, 1.95904794964e-05, 1.15055599963e-05, 6.64163917463e-06, 7.07292610969e-06, 3.82752023143e-06, 2.38775965045e-06, 2.20981837629e-06, 1.27705004616e-06, 8.81727146407e-07, 6.62364698201e-07, 6.46247428904e-07, 1.07079574718e-06, 1.06827621948e-06, 1.0526347296e-06, 9.62635908763e-07, 1.04205048501e-06, 7.55506505357e-07, 5.94880077642e-07, 8.42628082864e-07, 8.98635335034e-07, 9.66272750702e-07, 8.38637106426e-07, 9.16047497412e-07, 9.67304231381e-07, 8.08539141417e-07, 4.63647211291e-07, 2.1242813375e-07], "dmean2": [9.8733449704e-05, 0.000209001227631, 0.000111910492706, 0.000146918508108, 0.000400050368626, 0.000491145590786, 0.000281662913039, 0.000156642141519, 8.42622030177e-05, 0.000104860344436, 0.000123789548525, 8.22153597255e-05, 4.13735760958e-05, 2.45614610321e-05, 1.51606081999e-05, 8.44861460791e-06, 9.92518926068e-06, 5.68440100324e-06, 3.49480455952e-06, 2.99930184156e-06, 1.78889206381e-06, 1.17412423606e-06, 9.24910182221e-07, 9.62817921391e-07, 1.53197061081e-06, 1.48774097397e-06, 1.48180743054e-06, 1.43713441503e-06, 1.63494132721e-06, 1.17901220165e-06, 9.10794653919e-07, 1.24138796309e-06, 1.3309379483e-06, 1.54622284754e-06, 1.27543819417e-06, 1.3320546941e-06, 1.40285476391e-06, 1.17093679819e-06, 6.9780156764e-07, 3.33574178057e-07], "dvar": [8.34465225807e-08, 2.79640204326e-07, 9.69649676108e-08, 1.36690360364e-07, 7.54186658014e-07, 1.40710187679e-06, 5.7258682773e-07, 2.58612942616e-07, 4.76012935735e-08, 1.14417446184e-07, 1.40735124887e-07, 8.2792659839e-08, 2.37636683664e-08, 1.59823017043e-08, 5.02327823781e-09, 1.41822575905e-09, 2.02075645106e-09, 9.22483367471e-10, 1.51568882445e-10, 7.83243692126e-10, 7.9534684394e-11, 3.4080578637e-11, 1.40911293051e-11, 9.00382459562e-12, 2.86396462101e-11, 4.26909792239e-11, 4.9833817628e-11, 1.24700264004e-10, 2.70508782041e-10, 1.21106125128e-10, 2.85591116728e-11, 5.81022209512e-11, 7.64904944939e-11, 1.22291357596e-10, 6.1705980603e-11, 7.9411074938e-11, 1.05700857789e-10, 7.70619401624e-11, 1.84208152204e-11, 4.25368594514e-12], "dvar2": [1.82714202879e-07, 5.88621787756e-07, 2.40562599174e-07, 2.57774587453e-07, 1.33855246531e-06, 2.39536689151e-06, 1.15711395665e-06, 5.20994603903e-07, 9.11094346634e-08, 2.16350159121e-07, 2.28058397056e-07, 1.31830915961e-07, 3.77303166488e-08, 2.70425122295e-08, 7.82619746786e-09, 1.52537127374e-09, 3.1629494579e-09, 1.9606534174e-09, 2.58286364518e-10, 9.40105215896e-10, 1.28450861059e-10, 4.7075357501e-11, 2.74321485666e-11, 2.08481010233e-11, 5.14315534605e-11, 7.76417055648e-11, 1.05006975337e-10, 3.18655601905e-10, 6.60820953513e-10, 3.08746278543e-10, 6.12415049228e-11, 1.27190799559e-10, 1.72855590952e-10, 3.01295627336e-10, 1.32012081822e-10, 1.64534663671e-10, 1.6044490736e-10, 1.36063438294e-10, 3.75566591715e-11, 9.50033888364e-12], "max": [0.009766086936, 0.0218278821558, 0.0236313138157, 0.0191780608147, 0.0229785181582, 0.0334359668195, 0.0221446678042, 0.0171911679208, 0.00692914426327, 0.0186178516597, 0.0128708491102, 0.00859446078539, 0.00546895992011, 0.00565909268335, 0.00471265986562, 0.00414466345683, 0.00260729365982, 0.00206715799868, 0.000670687237289, 0.00228567514569, 0.000617872690782, 0.000469355843961, 0.000137497176183, 0.000120467302622, 0.000298978935461, 0.000323302956531, 0.000299569830531, 0.000700822856743, 0.00106325466186, 0.000661554920953, 0.000212769533391, 0.000362757127732, 0.000375379575416, 0.000500254682265, 0.000317676487612, 0.000439430703409, 0.00067067326745, 0.000595080200583, 0.000188883743249, 8.80079314811e-05], "mean": [0.000184378237464, 0.000479503243696, 0.000263924797764, 0.000242395399255, 0.000977150979452, 0.00112366932444, 0.000554371566977, 0.000280378444586, 0.000239267144934, 0.000225766430958, 0.000232622973272, 0.000159896488185, 0.000105448016257, 3.77627584385e-05, 2.27672662731e-05, 1.36136177389e-05, 1.48737735799e-05, 5.48054777028e-06, 4.43202998213e-06, 3.38585869031e-06, 2.15942282011e-06, 1.67358382441e-06, 1.25092583403e-06, 1.18090531487e-06, 1.99058695216e-06, 2.24526183956e-06, 2.01956299861e-06, 1.41421367061e-06, 1.12641271244e-06, 8.53121321143e-07, 8.27334474707e-07, 1.16084538604e-06, 1.19766525586e-06, 1.37115978305e-06, 1.30535215703e-06, 1.51847723373e-06, 1.70034991243e-06, 1.30394744247e-06, 7.9954878629e-07, 3.57190145905e-07], "median": [4.79141526739e-05, 0.000138001938467, 9.4621340395e-05, 5.46448354726e-05, 0.000127320294268, 0.000123810910736, 5.1750907005e-05, 1.69581016962e-05, 1.5128236555e-05, 6.79511595081e-06, 6.99244037605e-06, 5.41793360753e-06, 2.23035067393e-06, 1.13950488867e-06, 1.07550965822e-06, 4.82558220938e-07, 5.60033413421e-07, 3.29231625074e-07, 3.87719467199e-07, 1.32311470225e-07, 1.16170141951e-07, 1.12634623406e-07, 7.22663955344e-08, 7.79812907581e-08, 8.34075990497e-08, 6.30680290215e-08, 7.22748794146e-08, 4.70800785024e-08, 3.22638911143e-08, 1.79062649153e-08, 2.09487112102e-08, 2.33048709219e-08, 1.5826074673e-08, 1.40654838887e-08, 1.42511638046e-08, 1.91154132523e-08, 1.59841473391e-08, 1.37383748822e-08, 9.91356952085e-09, 4.68549821164e-09], "min": [2.24449860197e-23, 4.74587910811e-24, 1.38922554818e-23, 7.21850957855e-24, 1.34141032213e-23, 3.17943666754e-23, 1.80121714894e-23, 9.85468393085e-24, 8.3603021196e-24, 1.5680959719e-23, 9.16087445382e-24, 1.66131124745e-23, 1.263252508e-23, 6.87710556713e-24, 9.03954528001e-24, 7.57726931875e-24, 1.84411887596e-23, 1.03543823492e-23, 1.36049318297e-23, 8.90822439398e-24, 8.49855709299e-24, 8.02593869176e-24, 5.21687758347e-24, 1.35881874681e-23, 7.73331547213e-24, 1.31868844593e-23, 6.42558564523e-24, 7.90305782855e-24, 7.40968528576e-24, 1.15878523604e-23, 1.04191320523e-23, 1.11577772278e-23, 1.0453378082e-23, 8.33169802318e-24, 8.97701779808e-24, 9.21031078903e-24, 8.60523711978e-24, 1.0057350186e-23, 9.31232785901e-24, 1.18885543045e-23], "var": [2.93221376069e-07, 1.18478010336e-06, 1.00295437733e-06, 6.76048330206e-07, 4.86413318868e-06, 7.52081768951e-06, 2.56417843048e-06, 1.06247341591e-06, 6.72099986332e-07, 5.40831877061e-07, 7.83801795023e-07, 3.70726240817e-07, 1.70521275322e-07, 5.43166365219e-08, 2.49837572852e-08, 1.0690745178e-08, 1.01843822264e-08, 1.5077687987e-09, 5.22071330611e-10, 1.91486981826e-09, 2.68073813148e-10, 1.34642325067e-10, 4.32673168127e-11, 2.18845826877e-11, 9.82869202693e-11, 1.5510599749e-10, 1.30036037493e-10, 1.12930921559e-10, 2.28122659651e-10, 9.84737638654e-11, 4.52017138997e-11, 1.01630759364e-10, 1.3989025216e-10, 1.95867932984e-10, 1.3999043591e-10, 2.24086263434e-10, 3.7189434865e-10, 2.11315950849e-10, 5.30632170148e-11, 9.97620215604e-12]}, "melbands_crest": {"dmean": 2.49136805534, "dmean2": 3.65200471878, "dvar": 6.12968873978, "dvar2": 13.9054145813, "max": 37.6549377441, "mean": 18.1932678223, "median": 17.6819152832, "min": 2.8475792408, "var": 38.2115325928}, "melbands_flatness_db": {"dmean": 0.0202530622482, "dmean2": 0.0274413470179, "dvar": 0.000638234312646, "dvar2": 0.00106716121081, "max": 0.672179639339, "mean": 0.344341427088, "median": 0.333997309208, "min": 0.00554869836196, "var": 0.0118886111304}, "melbands_kurtosis": {"dmean": 8.35223197937, "dmean2": 12.5051212311, "dvar": 348.954223633, "dvar2": 785.393981934, "max": 406.6144104, "mean": 21.2324085236, "median": 8.2860918045, "min": -1.95170414448, "var": 1436.91870117}, "melbands_skewness": {"dmean": 0.672285020351, "dmean2": 0.963429868221, "dvar": 0.828935682774, "dvar2": 1.75935935974, "max": 17.4694023132, "mean": 1.96601080894, "median": 1.67246842384, "min": -5.28459119797, "var": 5.48738050461}, "melbands_spread": {"dmean": 3.7333741188, "dmean2": 5.30698919296, "dvar": 184.04649353, "dvar2": 365.279449463, "max": 321.179779053, "mean": 13.0248765945, "median": 6.7777671814, "min": 0.177570089698, "var": 704.885559082}, "mfcc": {"cov": [[11739.2285156, 161.031509399, -1065.24389648, -86.6111297607, -402.375915527, -44.5671920776, 251.426132202, -58.3273925781, -528.649475098, 304.000793457, 76.2953567505, 30.6040363312, -353.609588623], [161.031509399, 2923.52075195, -9.757188797, -28.5973072052, 129.540725708, -157.501556396, -106.64276123, -123.171958923, -194.415298462, -172.213500977, 77.8403701782, 82.6031799316, -175.789382935], [-1065.24389648, -9.757188797, 999.981079102, 100.72618103, 105.305282593, 133.527694702, -63.7909164429, -1.98143875599, 112.689926147, -85.2159423828, -3.24801397324, -23.8054294586, -76.958984375], [-86.6111297607, -28.5973072052, 100.72618103, 433.305236816, 173.256011963, 4.91125011444, -54.732383728, -39.1404418945, 15.5987815857, -58.3667373657, -4.13645505905, 62.591178894, 9.17032146454], [-402.375915527, 129.540725708, 105.305282593, 173.256011963, 315.061187744, 83.5118484497, -51.9932441711, -30.0861587524, 42.4817199707, -28.7434234619, 35.0423660278, 37.2283782959, -18.6327991486], [-44.5671920776, -157.501556396, 133.527694702, 4.91125011444, 83.5118484497, 323.42376709, 116.930503845, 5.77877378464, 72.7089080811, 51.3444442749, 66.188873291, -47.1851730347, -50.981262207], [251.426132202, -106.64276123, -63.7909164429, -54.732383728, -51.9932441711, 116.930503845, 283.378662109, 82.5805206299, -10.8432998657, 69.1376647949, 36.9956436157, -29.1422615051, -12.4765233994], [-58.3273925781, -123.171958923, -1.98143875599, -39.1404418945, -30.0861587524, 5.77877378464, 82.5805206299, 172.981750488, 46.3477592468, 27.369846344, -3.45721745491, -23.8757534027, 13.4010238647], [-528.649475098, -194.415298462, 112.689926147, 15.5987815857, 42.4817199707, 72.7089080811, -10.8432998657, 46.3477592468, 248.785552979, 29.2316589355, 2.62083983421, -32.7656173706, 10.3396787643], [304.000793457, -172.213500977, -85.2159423828, -58.3667373657, -28.7434234619, 51.3444442749, 69.1376647949, 27.369846344, 29.2316589355, 186.816940308, 52.0193710327, -32.3005218506, 5.80970716476], [76.2953567505, 77.8403701782, -3.24801397324, -4.13645505905, 35.0423660278, 66.188873291, 36.9956436157, -3.45721745491, 2.62083983421, 52.0193710327, 193.793395996, 59.0527610779, -25.7411022186], [30.6040363312, 82.6031799316, -23.8054294586, 62.591178894, 37.2283782959, -47.1851730347, -29.1422615051, -23.8757534027, -32.7656173706, -32.3005218506, 59.0527610779, 208.033859253, 78.7341537476], [-353.609588623, -175.789382935, -76.958984375, 9.17032146454, -18.6327991486, -50.981262207, -12.4765233994, 13.4010238647, 10.3396787643, 5.80970716476, -25.7411022186, 78.7341537476, 248.465194702]], "icov": [[0.00012223853264, -7.63006823945e-07, 0.00010774423572, -8.59163919813e-05, 0.000166979400092, -8.60892250785e-05, 1.608387538e-05, -1.37617544169e-05, 0.000210035577766, -0.000223294351599, 8.62684028107e-05, -0.000152795037138, 0.000260214350419], [-7.63006823945e-07, 0.00043919304153, 1.30990713387e-06, 0.000195243541384, -0.000304625951685, 0.000298316357657, -6.76086565363e-05, 0.000180249408004, 0.000197316127014, 0.000353658077074, -0.000241022789851, -6.08542723057e-05, 0.000305925233988], [0.00010774423572, 1.30990713387e-06, 0.00134076259565, -0.000236849329667, 0.000159864415764, -0.000703965313733, 0.000430283223977, -0.000223087074119, -0.000215641790419, 0.00041645867168, 0.000107496096462, -0.000148282546434, 0.00053683668375], [-8.59163919813e-05, 0.000195243541384, -0.000236849329667, 0.00333135249093, -0.00193742534611, 0.0005008893786, -0.00023940007668, 0.000496318272781, -0.000208656376344, 0.000700241071172, 0.000239762855927, -0.000579694053158, -6.09155395068e-05], [0.000166979400092, -0.000304625951685, 0.000159864415764, -0.00193742534611, 0.00535418279469, -0.0019196580397, 0.00127042410895, -0.000266778399237, -0.000168057275005, -0.000221501526539, -0.000200203226996, -0.000722725992091, 0.000449407059932], [-8.60892250785e-05, 0.000298316357657, -0.000703965313733, 0.0005008893786, -0.0019196580397, 0.00578460283577, -0.00277915387414, 0.00155937753152, -0.00125946069602, -2.8396975722e-06, -0.001506207278, 0.0012749513844, 0.000163727861946], [1.608387538e-05, -6.76086565363e-05, 0.000430283223977, -0.00023940007668, 0.00127042410895, -0.00277915387414, 0.00607136590406, -0.00289401737973, 0.00129895389546, -0.00101800495759, -0.000156073569087, -0.000141169672133, 0.000101471370726], [-1.37617544169e-05, 0.000180249408004, -0.000223087074119, 0.000496318272781, -0.000266778399237, 0.00155937753152, -0.00289401737973, 0.00785156339407, -0.00174037134275, 8.95881021279e-05, -6.67393178446e-05, 0.000547069357708, -0.00035825924715], [0.000210035577766, 0.000197316127014, -0.000215641790419, -0.000208656376344, -0.000168057275005, -0.00125946069602, 0.00129895389546, -0.00174037134275, 0.00568560045213, -0.00108165061101, 0.000104627019027, 0.000372662907466, -5.10648424097e-05], [-0.000223294351599, 0.000353658077074, 0.00041645867168, 0.000700241071172, -0.000221501526539, -2.8396975722e-06, -0.00101800495759, 8.95881021279e-05, -0.00108165061101, 0.00804090686142, -0.00264444202185, 0.00185992592014, -0.00104391493369], [8.62684028107e-05, -0.000241022789851, 0.000107496096462, 0.000239762855927, -0.000200203226996, -0.001506207278, -0.000156073569087, -6.67393178446e-05, 0.000104627019027, -0.00264444202185, 0.00781551748514, -0.00354507169686, 0.00163893576246], [-0.000152795037138, -6.08542723057e-05, -0.000148282546434, -0.000579694053158, -0.000722725992091, 0.0012749513844, -0.000141169672133, 0.000547069357708, 0.000372662907466, 0.00185992592014, -0.00354507169686, 0.00798898469657, -0.00307206902653], [0.000260214350419, 0.000305925233988, 0.00053683668375, -6.09155395068e-05, 0.000449407059932, 0.000163727861946, 0.000101471370726, -0.00035825924715, -5.10648424097e-05, -0.00104391493369, 0.00163893576246, -0.00307206902653, 0.00604153471068]], "mean": [-807.86126709, 156.026885986, 36.5797348022, 10.0358304977, -7.64208650589, -6.80205392838, -3.50567293167, -1.51627528667, -7.41765260696, 1.41608715057, -6.0027089119, -2.59890198708, -0.262455046177]}, "pitch_salience": {"dmean": 0.0526282116771, "dmean2": 0.0781758055091, "dvar": 0.00319109414704, "dvar2": 0.00671528559178, "max": 0.921004951, "mean": 0.448945343494, "median": 0.455060660839, "min": 0.0272683799267, "var": 0.0250377301127}, "silence_rate_20dB": {"dmean": 0, "dmean2": 0, "dvar": 0, "dvar2": 0, "max": 1, "mean": 1, "median": 1, "min": 1, "var": 0}, "silence_rate_30dB": {"dmean": 0.0017128175823, "dmean2": 0.00342612410896, "dvar": 0.0017098300159, "dvar2": 0.00398520892486, "max": 1, "mean": 0.996574878693, "median": 1, "min": 0, "var": 0.00341319758445}, "silence_rate_60dB": {"dmean": 0.0259777326137, "dmean2": 0.0519628822803, "dvar": 0.0253008045256, "dvar2": 0.0543980039656, "max": 1, "mean": 0.292850017548, "median": 0, "min": 0, "var": 0.207099422812}, "spectral_centroid": {"dmean": 120.092269897, "dmean2": 166.647674561, "dvar": 102216.789062, "dvar2": 171784.59375, "max": 10853.8193359, "mean": 760.698730469, "median": 559.551391602, "min": 134.347747803, "var": 528723.75}, "spectral_complexity": {"dmean": 0.992577791214, "dmean2": 1.61627411842, "dvar": 1.67309975624, "dvar2": 3.38676381111, "max": 36, "mean": 6.23162555695, "median": 6, "min": 0, "var": 15.2167730331}, "spectral_contrast_coeffs": {"dmean": [0.0367688462138, 0.0377111844718, 0.034568939358, 0.0271783731878, 0.0208984408528, 0.013539600186], "dmean2": [0.0582972317934, 0.0574370101094, 0.0526043698192, 0.042389139533, 0.0324640646577, 0.0210540127009], "dvar": [0.00108426657971, 0.00131451454945, 0.00104681018274, 0.000639047415461, 0.000462047639303, 0.000203246148885], "dvar2": [0.0025705343578, 0.00260227546096, 0.00205344194546, 0.00136059487704, 0.000976355106104, 0.000410405773437], "max": [-0.257013142109, -0.247587904334, -0.318041622639, -0.413511127234, -0.510586202145, -0.59052336216], "mean": [-0.657069921494, -0.626454412937, -0.686576545238, -0.749895691872, -0.785601735115, -0.810979425907], "median": [-0.662217199802, -0.633626282215, -0.70958596468, -0.752880334854, -0.791693687439, -0.816568255424], "min": [-0.956968128681, -0.947998046875, -0.96497386694, -0.956951141357, -0.956023931503, -0.957938492298], "var": [0.0119398869574, 0.0186406262219, 0.0141084464267, 0.00634473841637, 0.00489265331998, 0.00199652137235]}, "spectral_contrast_valleys": {"dmean": [0.313012361526, 0.303220868111, 0.280448675156, 0.246406853199, 0.216650724411, 0.179283171892], "dmean2": [0.514167964458, 0.491017758846, 0.455399274826, 0.391591101885, 0.329835414886, 0.255618304014], "dvar": [0.0886427462101, 0.0849287211895, 0.0806458666921, 0.0687012001872, 0.0828974545002, 0.0826181396842], "dvar2": [0.197838127613, 0.17624039948, 0.16227760911, 0.12686868012, 0.136715888977, 0.106778047979], "max": [-6.07428979874, -5.14199733734, -5.52464294434, -6.74301147461, -6.3684220314, -6.75086164474], "mean": [-8.47975635529, -7.93816566467, -9.2134103775, -10.0820093155, -10.089053154, -11.9220180511], "median": [-8.14907741547, -7.64862918854, -9.080742836, -9.95777702332, -10.0977516174, -11.9892568588], "min": [-27.2926006317, -28.0745925903, -27.0218791962, -27.1474933624, -27.3991336823, -27.2408084869], "var": [1.6028162241, 1.72687888145, 1.25965964794, 1.19856131077, 1.3479142189, 1.59522736073]}, "spectral_decrease": {"dmean": 1.01651342899e-09, "dmean2": 1.40285050243e-09, "dvar": 3.56225827104e-18, "dvar2": 6.95357718696e-18, "max": 9.74836675205e-30, "mean": -4.70709382583e-09, "median": -3.08522563053e-09, "min": -3.91187668924e-08, "var": 2.53171977167e-17}, "spectral_energy": {"dmean": 0.00408859178424, "dmean2": 0.00564427720383, "dvar": 5.63014800719e-05, "dvar2": 0.000110788671009, "max": 0.152766048908, "mean": 0.0188064780086, "median": 0.0125405676663, "min": 1.07012525483e-20, "var": 0.000397404539399}, "spectral_energyband_high": {"dmean": 0.000193352403585, "dmean2": 0.000270268734312, "dvar": 2.51012943409e-06, "dvar2": 4.96973279951e-06, "max": 0.0602244362235, "mean": 0.000351497612428, "median": 1.05018771137e-05, "min": 7.74311412169e-21, "var": 7.49164155422e-06}, "spectral_energyband_low": {"dmean": 0.000638548575807, "dmean2": 0.000905048276763, "dvar": 4.70579925604e-06, "dvar2": 1.06694851638e-05, "max": 0.0782906487584, "mean": 0.00213526049629, "median": 0.000742810312659, "min": 9.18813306908e-23, "var": 2.16988973989e-05}, "spectral_energyband_middle_high": {"dmean": 0.000932247319724, "dmean2": 0.00113352620974, "dvar": 9.31859267439e-06, "dvar2": 1.23855061247e-05, "max": 0.0719362795353, "mean": 0.00281418091618, "median": 0.000277443235973, "min": 1.48029302054e-21, "var": 5.03169503645e-05}, "spectral_energyband_middle_low": {"dmean": 0.00335111026652, "dmean2": 0.00472646998242, "dvar": 4.85644268338e-05, "dvar2": 9.54318384174e-05, "max": 0.149757653475, "mean": 0.0140888933092, "median": 0.00548905692995, "min": 4.43438177601e-22, "var": 0.00032721698517}, "spectral_entropy": {"dmean": 0.181065142155, "dmean2": 0.251623123884, "dvar": 0.055424425751, "dvar2": 0.0904749110341, "max": 9.7931060791, "mean": 6.11861419678, "median": 6.18865537643, "min": 3.10293006897, "var": 1.02850234509}, "spectral_flux": {"dmean": 0.0185352321714, "dmean2": 0.0297177489847, "dvar": 0.000673894886859, "dvar2": 0.00170272635296, "max": 0.352547854185, "mean": 0.0437319837511, "median": 0.0291359089315, "min": 1.03446855249e-10, "var": 0.00178823107854}, "spectral_kurtosis": {"dmean": 5.56174230576, "dmean2": 9.24868965149, "dvar": 66.6958618164, "dvar2": 173.796096802, "max": 156.716537476, "mean": 20.6291007996, "median": 10.7530698776, "min": -1.34186184406, "var": 619.87286377}, "spectral_rms": {"dmean": 0.000417007773649, "dmean2": 0.000560031738132, "dvar": 3.70664849925e-07, "dvar2": 6.72637099797e-07, "max": 0.0122081963345, "mean": 0.00359004596248, "median": 0.00349781359546, "min": 3.23113714604e-12, "var": 5.45935199625e-06}, "spectral_rolloff": {"dmean": 200.958358765, "dmean2": 336.1925354, "dvar": 655841.875, "dvar2": 1332337.625, "max": 18690.8203125, "mean": 1021.44372559, "median": 559.86328125, "min": 21.533203125, "var": 3691959.25}, "spectral_skewness": {"dmean": 0.448170572519, "dmean2": 0.713314175606, "dvar": 0.264597833157, "dvar2": 0.63001614809, "max": 10.7174291611, "mean": 3.22634458542, "median": 2.73678970337, "min": -0.785239458084, "var": 3.71450591087}, "spectral_spread": {"dmean": 460367.21875