{"lowlevel": {"average_loudness": 0.864440619946, "barkbands": {"dmean": [5.4375603213e-05, 0.00465429993346, 0.00319077749737, 0.00172248971649, 0.00386423338205, 0.00157093978487, 0.00179662671871, 0.00148485577665, 0.000840652908664, 0.000812667305581, 0.000397578638513, 0.000519833352882, 0.000571998942178, 0.000313340104185, 0.000192614024854, 0.000122464145534, 0.000106963605504, 0.00010867184028, 0.00011157739209, 9.76713781711e-05, 5.94318116782e-05, 9.7693024145e-05, 0.000126334736706, 0.000207990655326, 0.000391367735574, 2.36792748183e-05, 1.88961780623e-06], "dmean2": [8.96706405911e-05, 0.00749530922621, 0.00473419297487, 0.00291743688285, 0.00640122266486, 0.00242350809276, 0.00285104499198, 0.00229998328723, 0.00127911544405, 0.00122115423437, 0.000634167634416, 0.000827613519505, 0.000911464332603, 0.000500624475535, 0.000312861229759, 0.000192728897673, 0.000163493896252, 0.00016339472495, 0.000165915873367, 0.000148830324179, 8.80047809915e-05, 0.000149047293235, 0.000191454091691, 0.000304334651446, 0.000548068142962, 3.40049773513e-05, 2.94849337479e-06], "dvar": [1.52491725913e-08, 7.45195429772e-05, 4.29793981311e-05, 1.13855858217e-05, 3.39933976647e-05, 1.27735347633e-05, 1.42293183671e-05, 1.52288612298e-05, 4.83661824546e-06, 5.23477683601e-06, 1.52873997195e-06, 1.79890980689e-06, 3.20925323649e-06, 1.546926228e-06, 3.2344590295e-07, 8.84744437712e-08, 7.30339024813e-08, 6.24867837473e-08, 4.79179504964e-08, 3.10201393461e-08, 1.51085597366e-08, 3.44569421884e-08, 5.50933876298e-08, 1.84477244147e-07, 1.15530690437e-06, 2.621201034e-09, 4.39118429119e-11], "dvar2": [3.4019461026e-08, 0.000178883929038, 9.16993449209e-05, 2.91285814455e-05, 8.69797950145e-05, 2.81021839328e-05, 3.22450287058e-05, 3.28046480718e-05, 1.00431325336e-05, 1.10506771307e-05, 3.71688611267e-06, 4.20046353611e-06, 8.03844704933e-06, 3.67165057469e-06, 8.29141697523e-07, 2.06678947734e-07, 1.69141060269e-07, 1.3458804915e-07, 1.02626515286e-07, 7.19152026818e-08, 3.44024293497e-08, 7.80761340025e-08, 1.29508265445e-07, 4.08991041922e-07, 2.40528106588e-06, 5.79014924895e-09, 1.03140287977e-10], "max": [0.00555866165087, 0.154687866569, 0.116882920265, 0.0449907332659, 0.0732477381825, 0.0614582784474, 0.0552237853408, 0.10625051707, 0.0432990305126, 0.0521367006004, 0.0238075461239, 0.0224915333092, 0.058779746294, 0.046586599201, 0.012357945554, 0.00778788514435, 0.00920836720616, 0.0136096524075, 0.00741628650576, 0.00306493230164, 0.00255245971493, 0.00418708147481, 0.00656650774181, 0.0099664311856, 0.0238854791969, 0.00113317253999, 0.000149376108311], "mean": [6.43570310785e-05, 0.00889769941568, 0.00582251232117, 0.00188949203584, 0.005650783889, 0.00221687881276, 0.00248207617551, 0.00200776034035, 0.00117673736531, 0.0011473497143, 0.000509312900249, 0.000699156487826, 0.000712012406439, 0.000382573052775, 0.000265037320787, 0.000188215199159, 0.000163824268384, 0.000178249334567, 0.000182011383004, 0.000155939429533, 9.66575971688e-05, 0.000140509058838, 0.00017568761541, 0.000325208180584, 0.000566947972402, 3.35545737471e-05, 1.97330427909e-06], "median": [1.91694107343e-05, 0.00398114835843, 0.00142801180482, 0.00068030692637, 0.00313604413532, 0.000770051439758, 0.000925950298551, 0.000310902338242, 0.00020322581986, 0.000199757880182, 9.85873411992e-05, 0.000204903961276, 0.000190586273675, 8.39671920403e-05, 0.000105285325844, 7.20360912965e-05, 6.51158843539e-05, 7.69262842368e-05, 8.84659821168e-05, 8.66622431204e-05, 4.83262010675e-05, 6.55062322039e-05, 8.34775928524e-05, 0.000144017627463, 0.000109777865873, 1.34262481879e-05, 2.09049872524e-07], "min": [1.32741640299e-23, 3.48983702544e-23, 8.28904936274e-23, 2.31364699348e-23, 5.76138503676e-23, 5.66469656442e-23, 1.10144167466e-22, 1.07218414897e-22, 8.48092936497e-23, 1.53132871128e-22, 9.37560049895e-23, 1.36092390103e-22, 6.71688618178e-23, 1.44995297574e-22, 7.00053027104e-23, 7.22919706609e-23, 1.32909355283e-22, 2.37764191447e-22, 4.36949323339e-22, 2.73389478092e-22, 4.35997288133e-22, 4.35119872858e-22, 5.65670773848e-22, 9.90666923341e-22, 1.11899199964e-21, 1.45221492395e-21, 2.6574962402e-21], "var": [1.96266789487e-08, 0.000168250844581, 0.000123078760225, 1.2445630091e-05, 5.03967858094e-05, 1.8611746782e-05, 2.12764698517e-05, 3.02724602079e-05, 9.08555921342e-06, 9.98316227196e-06, 2.07388279705e-06, 2.64382720161e-06, 3.85593602914e-06, 2.08712071981e-06, 4.16901997369e-07, 1.55370926791e-07, 1.67248387584e-07, 1.63779375839e-07, 8.40391791712e-08, 4.83009436891e-08, 2.30983587812e-08, 5.23812460074e-08, 7.78420385927e-08, 3.26756975255e-07, 1.87146690678e-06, 3.97511312755e-09, 4.74487289737e-11]}, "barkbands_crest": {"dmean": 2.94052505493, "dmean2": 4.70162582397, "dvar": 6.47205448151, "dvar2": 15.1251325607, "max": 25.3704929352, "mean": 11.4697599411, "median": 10.5264205933, "min": 2.76262187958, "var": 20.5419788361}, "barkbands_flatness_db": {"dmean": 0.0247235894203, "dmean2": 0.0365423671901, "dvar": 0.000482474366436, "dvar2": 0.00105369125959, "max": 0.386341154575, "mean": 0.142464518547, "median": 0.13701210916, "min": 0.0376139655709, "var": 0.00227325968444}, "barkbands_kurtosis": {"dmean": 5.27496337891, "dmean2": 8.11358737946, "dvar": 74.5953521729, "dvar2": 163.822601318, "max": 249.244308472, "mean": 8.63260746002, "median": 4.30517196655, "min": -1.87958848476, "var": 184.180923462}, "barkbands_skewness": {"dmean": 0.736165165901, "dmean2": 1.10179638863, "dvar": 0.560136020184, "dvar2": 1.16800236702, "max": 11.2319107056, "mean": 2.2560095787, "median": 2.00560259819, "min": -1.88661623001, "var": 2.39628481865}, "barkbands_spread": {"dmean": 7.90516281128, "dmean2": 11.7354440689, "dvar": 83.7092514038, "dvar2": 169.724212646, "max": 132.318267822, "mean": 23.9657230377, "median": 18.519443512, "min": 0.491883039474, "var": 357.76083374}, "dissonance": {"dmean": 0.0239838901907, "dmean2": 0.0391915254295, "dvar": 0.000649939931463, "dvar2": 0.00158256455325, "max": 0.499999880791, "mean": 0.452384501696, "median": 0.46405634284, "min": 0.196276813745, "var": 0.00157832063269}, "dynamic_complexity": 2.99670147896, "erbbands": {"dmean": [0.0992686226964, 1.20575153828, 3.63463950157, 4.11748313904, 10.0737199783, 14.2934341431, 10.5628833771, 14.842499733, 24.4805850983, 27.4206504822, 28.8045139313, 17.508430481, 29.1084938049, 17.0221729279, 14.9016227722, 21.4115085602, 22.2536849976, 19.1700057983, 11.9059467316, 8.28477573395, 5.69282341003, 5.2742524147, 5.59815788269, 5.67025947571, 4.97538757324, 4.69659090042, 3.02061319351, 2.36311459541, 3.18510532379, 4.23345565796, 3.3899242878, 3.42645001411, 4.03932142258, 2.41866064072, 4.0061788559, 0.357112497091, 0.0295044891536, 0.00247261230834, 0.000566010014154, 3.20069520967e-05], "dmean2": [0.164163857698, 1.92054700851, 5.39790725708, 6.75293779373, 16.9150390625, 23.5859680176, 17.0678863525, 22.9404716492, 38.803855896, 42.6500244141, 44.791934967, 26.310426712, 43.566947937, 25.5587539673, 23.2656478882, 33.646938324, 34.6782646179, 29.7559928894, 18.6334877014, 13.0103931427, 8.7342634201, 7.95677709579, 8.31026172638, 8.36927700043, 7.41141462326, 7.16883325577, 4.51119756699, 3.47849869728, 4.78306674957, 6.65219259262, 5.031042099, 4.99967432022, 5.97573518753, 3.39305996895, 5.63673019409, 0.491695672274, 0.0406080186367, 0.00346685759723, 0.000870344927534, 4.51050800621e-05], "dvar": [0.0377917662263, 4.8882598877, 51.7990112305, 66.2822952271, 285.551422119, 479.601165771, 343.425170898, 1313.26025391, 2643.05151367, 5695.58837891, 5798.31738281, 2561.55126953, 5619.87988281, 2169.34399414, 1821.45349121, 2946.12646484, 4047.89160156, 6431.76074219, 1678.84545898, 558.819213867, 202.897857666, 167.451217651, 176.667297363, 165.773117065, 79.2808609009, 81.2566757202, 28.2097034454, 26.6059894562, 36.4465332031, 71.3707733154, 38.7852630615, 30.7292346954, 86.2849884033, 32.9675712585, 132.700012207, 0.800713181496, 0.00315454998054, 2.83859371848e-05, 4.08632195104e-06, 4.54746329481e-09], "dvar2": [0.0973456203938, 11.573302269, 111.714065552, 161.862823486, 759.799804688, 1194.4967041, 847.232299805, 2969.11572266, 6221.35058594, 12568.8935547, 12558.0830078, 5363.99902344, 11901.8681641, 4810.27685547, 4314.71386719, 6729.04101563, 9401.08886719, 16128.9306641, 4027.80786133, 1361.08850098, 496.629211426, 371.002563477, 384.612579346, 337.522338867, 177.487411499, 191.005828857, 63.8016929626, 60.5973243713, 81.1172103882, 173.156066895, 87.8863754272, 66.4066543579, 195.294631958, 68.2070159912, 278.59677124, 1.67947351933, 0.00646074768156, 6.10503848293e-05, 9.47390071815e-06, 9.52052570113e-09], "max": [3.54137706757, 38.3156356812, 117.636558533, 105.824874878, 308.930786133, 326.693847656, 281.718688965, 641.003356934, 955.853149414, 1609.89196777, 1973.21166992, 1275.27819824, 1596.57446289, 997.822631836, 1129.36535645, 1110.9329834, 1220.9420166, 3068.87426758, 1896.18945313, 741.59765625, 508.242736816, 450.223907471, 654.665039063, 555.271972656, 207.852157593, 194.815444946, 92.8798904419, 98.6514053345, 119.234367371, 222.058624268, 181.061553955, 90.3930587769, 220.039230347, 130.503311157, 246.473449707, 13.8597316742, 1.0716933012, 0.0958703011274, 0.044895671308, 0.00122752785683], "mean": [0.163712769747, 2.37955784798, 7.06988286972, 5.91885471344, 12.7834587097, 20.3365268707, 15.9848022461, 20.8636550903, 35.1694374084, 37.5283088684, 39.929775238, 25.2739391327, 41.3133735657, 25.5600795746, 21.4533596039, 30.5991420746, 30.0648918152, 24.7752742767, 17.0858726501, 12.9031333923, 9.08681201935, 8.90354442596, 9.44425487518, 9.69297885895, 8.38406085968, 7.33124065399, 4.93900108337, 3.77491688728, 4.6856470108, 5.64339399338, 4.79393720627, 5.39800405502, 6.07394599915, 3.60952138901, 5.64951276779, 0.523385763168, 0.0438328683376, 0.00342195294797, 0.000648178742267, 6.96072820574e-05], "median": [0.0572998151183, 1.09882068634, 2.75340867043, 2.75982642174, 5.83539390564, 10.4693517685, 6.88940668106, 7.61238145828, 14.8240842819, 10.2252721786, 6.88721942902, 5.18744039536, 7.15671348572, 5.67462730408, 5.89771509171, 10.0451602936, 8.14366436005, 6.02840089798, 6.17073869705, 5.47625017166, 3.69189882278, 3.78791117668, 3.81863880157, 4.74041700363, 4.59928274155, 3.95422434807, 2.67055439949, 1.81836247444, 2.19350361824, 2.60217905045, 2.24337720871, 2.64872789383, 2.3788189888, 1.18827164173, 0.636209666729, 0.144881740212, 0.0185163654387, 0.00129474804271, 9.02181636775e-05, 4.69539700134e-05], "min": [1.73053938964e-21, 6.39920210075e-21, 6.99972189687e-20, 1.07510428435e-19, 4.49181367719e-20, 1.81780888297e-19, 5.43380269361e-19, 4.51011285104e-19, 1.46428649407e-18, 1.33356403995e-18, 3.42132199751e-18, 1.84322537731e-18, 3.08685337798e-18, 4.77200536741e-18, 3.82219233391e-18, 6.00640534116e-18, 3.22227194324e-18, 7.3329809457e-18, 5.65885299909e-18, 2.48070121536e-18, 5.12296321206e-18, 7.1060588339e-18, 1.18647164014e-17, 1.80995456007e-17, 1.98105306475e-17, 1.48770054442e-17, 1.7682926159e-17, 1.57719569643e-17, 1.30217691976e-17, 2.1622807269e-17, 1.39250562167e-17, 2.15167924929e-17, 1.34979489521e-17, 1.09627379819e-17, 8.34778928224e-18, 4.95890020937e-18, 2.92124975139e-18, 1.35939068662e-18, 3.22384622304e-19, 3.93824663981e-20], "var": [0.0681944936514, 11.2235078812, 144.133056641, 87.584236145, 378.389587402, 772.538146973, 579.932556152, 1782.25146484, 4014.09423828, 8475.19628906, 11617.6943359, 4560.32324219, 10806.8085938, 3763.05615234, 2673.22485352, 4539.42675781, 5771.45703125, 7242.08740234, 2388.09667969, 766.332092285, 388.436645508, 448.232452393, 470.419586182, 332.190795898, 142.171737671, 118.067436218, 46.9433059692, 39.9010620117, 57.6069145203, 90.6559677124, 59.5717201233, 59.2186203003, 140.84147644, 56.958152771, 210.334869385, 1.31464219093, 0.00563243729994, 4.24451827712e-05, 4.62631760456e-06, 8.11662115296e-09]}, "erbbands_crest": {"dmean": 2.89551329613, "dmean2": 4.65846061707, "dvar": 7.53916549683, "dvar2": 17.8782730103, "max": 31.5184001923, "mean": 8.76881408691, "median": 7.6997923851, "min": 2.28176379204, "var": 19.6360359192}, "erbbands_flatness_db": {"dmean": 0.0188233349472, "dmean2": 0.0271849464625, "dvar": 0.000373846385628, "dvar2": 0.000678383279592, "max": 0.342507779598, "mean": 0.129508897662, "median": 0.118347816169, "min": 0.0321834050119, "var": 0.00206699641421}, "erbbands_kurtosis": {"dmean": 1.11818611622, "dmean2": 1.7109888792, "dvar": 2.88386249542, "dvar2": 6.29197502136, "max": 55.4364891052, "mean": 0.732033491135, "median": -0.216692760587, "min": -1.75524413586, "var": 7.29130983353}, "erbbands_skewness": {"dmean": 0.403681367636, "dmean2": 0.614950180054, "dvar": 0.146509617567, "dvar2": 0.314244538546, "max": 6.33246088028, "mean": 0.667708992958, "median": 0.64472591877, "min": -2.65854382515, "var": 0.543878495693}, "erbbands_spread": {"dmean": 13.3509912491, "dmean2": 19.5589427948, "dvar": 172.900161743, "dvar2": 335.406219482, "max": 171.205459595, "mean": 56.4304847717, "median": 54.1806945801, "min": 3.2965760231, "var": 887.317626953}, "gfcc": {"cov": [[15563.65625, 1207.7902832, -164.402603149, 378.100463867, -776.803405762, 341.378814697, -481.856292725, 269.779693604, -333.037780762, 55.4002952576, -64.0168533325, -116.867828369, 10.3331480026], [1207.7902832, 1209.30737305, -218.624969482, -110.134681702, 42.6359062195, -63.0407829285, 133.172210693, -23.2958335876, 79.570098877, -138.861862183, 68.4633560181, -38.2473487854, -61.3271102905], [-164.402603149, -218.624969482, 628.12487793, 255.71333313, 111.727630615, 120.995414734, -18.5983390808, 36.5105247498, -20.0329856873, 79.1450958252, -17.3622512817, 10.4953556061, 56.8017807007], [378.100463867, -110.134681702, 255.71333313, 451.772583008, 128.413818359, 71.1199035645, -60.4187698364, -23.8563499451, 15.649356842, 77.2253723145, -8.57244110107, 1.60041809082, 46.9685745239], [-776.803405762, 42.6359062195, 111.727630615, 128.413818359, 287.986907959, 53.3225097656, 30.3785686493, 9.8798494339, 49.1718063354, 22.8616104126, 11.2796649933, -4.49714279175, 12.0157213211], [341.378814697, -63.0407829285, 120.995414734, 71.1199035645, 53.3225097656, 187.326538086, 66.8122711182, 48.3768463135, -18.1761169434, 32.5223121643, 2.20429491997, -2.34118151665, 12.3409786224], [-481.856292725, 133.172210693, -18.5983390808, -60.4187698364, 30.3785686493, 66.8122711182, 229.53302002, 61.2721214294, 24.6645202637, -33.7307357788, 33.981918335, 6.42024612427, -26.7498073578], [269.779693604, -23.2958335876, 36.5105247498, -23.8563499451, 9.8798494339, 48.3768463135, 61.2721214294, 137.282806396, 11.9262714386, 14.3603086472, 10.4182844162, -3.65185141563, 0.0142937786877], [-333.037780762, 79.570098877, -20.0329856873, 15.649356842, 49.1718063354, -18.1761169434, 24.6645202637, 11.9262714386, 114.084899902, 24.8266811371, 14.9846363068, 6.34300374985, -0.531716883183], [55.4002952576, -138.861862183, 79.1450958252, 77.2253723145, 22.8616104126, 32.5223121643, -33.7307357788, 14.3603086472, 24.8266811371, 109.560523987, 12.9332542419, 3.88807654381, 26.7924423218], [-64.0168533325, 68.4633560181, -17.3622512817, -8.57244110107, 11.2796649933, 2.20429491997, 33.981918335, 10.4182844162, 14.9846363068, 12.9332542419, 70.5517196655, 22.3767852783, -7.66494846344], [-116.867828369, -38.2473487854, 10.4953556061, 1.60041809082, -4.49714279175, -2.34118151665, 6.42024612427, -3.65185141563, 6.34300374985, 3.88807654381, 22.3767852783, 61.4852371216, 24.094291687], [10.3331480026, -61.3271102905, 56.8017807007, 46.9685745239, 12.0157213211, 12.3409786224, -26.7498073578, 0.0142937786877, -0.531716883183, 26.7924423218, -7.66494846344, 24.094291687, 85.2075195313]], "icov": [[0.000234877181356, -0.000531516794581, 0.000212703002035, -0.000446985271992, 0.000802890572231, -0.000787360419054, 0.000927039771341, -0.000930387410335, 0.000634360534605, -0.000390586297726, 0.000370329275029, -0.000297773513012, 0.00022985204123], [-0.000531516794581, 0.00253984006122, -0.000350208370946, 0.00095796759706, -0.00187065592036, 0.00178683712147, -0.00236702547409, 0.00248770904727, -0.00259023415856, 0.00294707389548, -0.00276775495149, 0.00241685891524, -0.00101586652454], [0.000212703002035, -0.000350208370946, 0.00265856087208, -0.00142271455843, 0.000265778944595, -0.00138146430254, 0.000801833404694, -0.00142320641316, 0.00130213832017, -0.00100865098648, 0.000966262596194, -0.000766858749557, -0.000222270173253], [-0.000446985271992, 0.00095796759706, -0.00142271455843, 0.00445892475545, -0.00252290349454, 0.000695321126841, -0.000979390577413, 0.00281737488694, -0.001601269003, -0.00036861828994, -0.000663004699163, 0.000806468655355, -0.00100040598772], [0.000802890572231, -0.00187065592036, 0.000265778944595, -0.00252290349454, 0.00741648487747, -0.00362609955482, 0.0028848357033, -0.00292074168101, 9.78513617156e-06, -0.000521293783095, 0.000376947922632, 7.73775318521e-05, 0.000331247341819], [-0.000787360419054, 0.00178683712147, -0.00138146430254, 0.000695321126841, -0.00362609955482, 0.0113560929894, -0.00634475750849, 0.00154751900118, 0.000985471648164, -0.00160622375552, -5.21121110069e-05, 0.00117790990043, -0.00103290285915], [0.000927039771341, -0.00236702547409, 0.000801833404694, -0.000979390577413, 0.0028848357033, -0.00634475750849, 0.0111454837024, -0.0057354583405, 0.000467333884444, 0.00168545765337, -0.00113441061694, -0.00192853866611, 0.00211758492514], [-0.000930387410335, 0.00248770904727, -0.00142320641316, 0.00281737488694, -0.00292074168101, 0.00154751900118, -0.0057354583405, 0.013145942241, -0.00373120838776, 0.000775053340476, -0.00254087243229, 0.00309528247453, -0.0016867852537], [0.000634360534605, -0.00259023415856, 0.00130213832017, -0.001601269003, 9.78513617156e-06, 0.000985471648164, 0.000467333884444, -0.00373120838776, 0.0146589521319, -0.00703875534236, 0.00302502582781, -0.00364650436677, 0.00168460072018], [-0.000390586297726, 0.00294707389548, -0.00100865098648, -0.00036861828994, -0.000521293783095, -0.00160622375552, 0.00168545765337, 0.000775053340476, -0.00703875534236, 0.0184727758169, -0.0083251465112, 0.00528336921707, -0.00421612337232], [0.000370329275029, -0.00276775495149, 0.000966262596194, -0.000663004699163, 0.000376947922632, -5.21121110069e-05, -0.00113441061694, -0.00254087243229, 0.00302502582781, -0.0083251465112, 0.0233241692185, -0.0115129947662, 0.00527336308733], [-0.000297773513012, 0.00241685891524, -0.000766858749557, 0.000806468655355, 7.73775318521e-05, 0.00117790990043, -0.00192853866611, 0.00309528247453, -0.00364650436677, 0.00528336921707, -0.0115129947662, 0.0254520010203, -0.00886201299727], [0.00022985204123, -0.00101586652454, -0.000222270173253, -0.00100040598772, 0.000331247341819, -0.00103290285915, 0.00211758492514, -0.0016867852537, 0.00168460072018, -0.00421612337232, 0.00527336308733, -0.00886201299727, 0.0167611222714]], "mean": [3.40961456299, 81.9593200684, -91.2119140625, 34.9123497009, -66.877532959, 26.2660732269, -47.6400985718, 12.3030061722, -29.0708045959, 4.86976194382, -9.33626079559, -3.14309549332, -11.3159065247]}, "hfc": {"dmean": 11.0978899002, "dmean2": 14.7608327866, "dvar": 311.25012207, "dvar2": 592.33581543, "max": 331.20199585, "mean": 25.6213264465, "median": 18.0456199646, "min": 1.17917031539e-16, "var": 777.22076416}, "melbands": {"dmean": [0.00110809877515, 0.00174883694854, 0.00084158295067, 0.000906275585294, 0.000418620242272, 0.000327961228322, 0.000365588610293, 0.000308964634314, 0.000211067104829, 0.000118646195915, 0.000149557963596, 7.5526877481e-05, 5.32010562893e-05, 5.66604212509e-05, 6.08549926255e-05, 5.18888882652e-05, 3.42669263773e-05, 2.18838977162e-05, 1.207870082e-05, 1.03805668914e-05, 6.7269943429e-06, 5.91190655541e-06, 5.61585920877e-06, 5.3923104133e-06, 4.76663672089e-06, 4.59701323052e-06, 2.7584160307e-06, 3.61869638255e-06, 2.24507653002e-06, 1.37974438985e-06, 1.45112005612e-06, 1.60335684996e-06, 2.44553189077e-06, 2.36849609792e-06, 1.83310783086e-06, 2.23619417739e-06, 2.20890456148e-06, 3.9274300434e-06, 1.2737268662e-06, 2.23260849452e-06], "dmean2": [0.00178998534102, 0.00265336339362, 0.0013895817101, 0.00150515860878, 0.000675365270581, 0.000506735348608, 0.00057819718495, 0.000478112691781, 0.000330865819706, 0.000179555718205, 0.000224185278057, 0.000113886686449, 8.35618702695e-05, 9.04226690182e-05, 9.56086296355e-05, 8.10653873486e-05, 5.40893015568e-05, 3.47891109413e-05, 1.92983225134e-05, 1.62750438903e-05, 1.05059680209e-05, 9.0163139248e-06, 8.69618270372e-06, 8.20236709842e-06, 7.1474928518e-06, 6.93940137353e-06, 4.24321842729e-06, 5.61855995329e-06, 3.43575084116e-06, 2.07795096685e-06, 2.19078037844e-06, 2.4087919428e-06, 3.88467378798e-06, 3.78615527552e-06, 2.74767967312e-06, 3.40290603162e-06, 3.25652604261e-06, 5.87823205933e-06, 1.95431425709e-06, 3.20523713526e-06], "dvar": [4.49531853519e-06, 1.03947440948e-05, 2.22696644414e-06, 1.97231793209e-06, 4.68039814905e-07, 5.906472893e-07, 5.45822388176e-07, 6.6696986778e-07, 3.17719752729e-07, 1.17006976552e-07, 1.46114444988e-07, 4.49521841972e-08, 2.56704222323e-08, 2.38971331612e-08, 3.3083601636e-08, 3.13571000277e-08, 2.17896172217e-08, 7.40721395331e-09, 1.49338219568e-09, 6.45564102175e-10, 3.30544369653e-10, 2.34663150023e-10, 2.43939368705e-10, 1.7912854533e-10, 1.29124627657e-10, 8.97508109499e-11, 2.1998246974e-11, 5.49235483482e-11, 1.61335007853e-11, 7.44085956045e-12, 1.28090281437e-11, 1.02182004177e-11, 2.35517924607e-11, 2.43003655392e-11, 1.36531072906e-11, 1.42874921963e-11, 1.54918213674e-11, 1.02239307298e-10, 5.13956325415e-12, 3.5800289816e-11], "dvar2": [1.08278472908e-05, 2.38472293859e-05, 5.51973926122e-06, 5.10436530021e-06, 1.14647718874e-06, 1.31629599309e-06, 1.26597444705e-06, 1.42243925438e-06, 6.90169997597e-07, 2.41502789322e-07, 3.08587232212e-07, 9.69291136244e-08, 6.17063733444e-08, 5.70423104307e-08, 7.53227595851e-08, 7.50971835828e-08, 5.42332365683e-08, 1.79403247813e-08, 3.7671123998e-09, 1.40556433159e-09, 8.06829325573e-10, 5.36325150957e-10, 5.93416704664e-10, 3.78584580352e-10, 2.64560900964e-10, 2.02537264737e-10, 4.88761912887e-11, 1.31315167073e-10, 3.77177629407e-11, 1.73452294194e-11, 3.00728018876e-11, 2.22859473931e-11, 5.75497982602e-11, 5.98337629443e-11, 3.12492531851e-11, 3.33967090094e-11, 3.40073073868e-11, 2.36935471243e-10, 1.20794364095e-11, 7.87874904207e-11], "max": [0.0401032976806, 0.0490484200418, 0.0183279253542, 0.0195644833148, 0.009880669415, 0.0131568666548, 0.0130726043135, 0.0208290126175, 0.0135567095131, 0.00815734453499, 0.00840850919485, 0.00440162187442, 0.00345233688131, 0.0032968770247, 0.00437698978931, 0.00672911899164, 0.00541426148266, 0.00393860600889, 0.00112711836118, 0.000696875504218, 0.00067665881943, 0.00059574493207, 0.000507732271217, 0.000843590125442, 0.000512344297022, 0.00022724585142, 0.00011131404608, 0.00017430887965, 6.77394855302e-05, 6.9300258474e-05, 8.95972698345e-05, 7.00979944668e-05, 0.000117686948215, 0.000126827711938, 0.000125504404423, 6.80128650856e-05, 7.29627281544e-05, 0.000250519253314, 4.23057936132e-05, 0.000142431352288], "mean": [0.00206959550269, 0.00357622071169, 0.00124262529425, 0.00126328074839, 0.000648946966976, 0.000465263903607, 0.000526108662598, 0.000423773599323, 0.000285001093289, 0.000166406694916, 0.000210528087337, 0.000108278902189, 7.13032059139e-05, 7.55028013373e-05, 7.80189511715e-05, 6.65058978484e-05, 4.14935930166e-05, 2.86842296191e-05, 1.71529300133e-05, 1.58490602189e-05, 9.719143236e-06, 9.25765925786e-06, 8.67727703735e-06, 8.55287089507e-06, 7.72056864662e-06, 6.9498692028e-06, 4.62391790279e-06, 5.17965827385e-06, 3.46162005371e-06, 2.17127876567e-06, 2.17936485569e-06, 2.36903565565e-06, 3.22917117046e-06, 3.07066193272e-06, 2.54141855294e-06, 3.0539799809e-06, 3.45640296473e-06, 5.71791952098e-06, 1.75243258127e-06, 3.1423942346e-06], "median": [0.00084638944827, 0.0019922638312, 0.000629480229691, 0.000675787276123, 0.000308086950099, 0.000166653902852, 0.000221862486796, 9.6580493846e-05, 4.1442552174e-05, 2.95258123515e-05, 3.6211040424e-05, 2.23243896471e-05, 1.62595824804e-05, 2.36262076214e-05, 2.35395673371e-05, 1.46402708197e-05, 9.43409577303e-06, 9.196953215e-06, 6.87965575707e-06, 6.08015852777e-06, 3.63315484719e-06, 3.6245485262e-06, 3.28625560542e-06, 3.58124816557e-06, 3.57674662155e-06, 3.19583409691e-06, 2.58990280599e-06, 2.49472668656e-06, 1.84707630524e-06, 1.07948505956e-06, 9.82170718089e-07, 1.06351683371e-06, 1.48360572894e-06, 1.38450241138e-06, 1.12377676942e-06, 1.41651037211e-06, 1.60972376761e-06, 1.93844857677e-06, 8.12798703009e-07, 9.16951648833e-07], "min": [1.28103217062e-23, 2.74643344102e-23, 1.69937788821e-23, 5.77623005794e-24, 1.79463710236e-23, 1.06894478633e-23, 2.25268461158e-23, 1.34978660499e-23, 2.97771956982e-23, 9.64673230762e-24, 1.63297631037e-23, 2.05033595182e-23, 1.22868864632e-23, 1.53012541441e-23, 9.72463705518e-24, 8.02903260423e-24, 1.4503414424e-23, 9.73962541238e-24, 4.69894109538e-24, 2.36722090414e-24, 7.59811181272e-24, 7.34985176382e-24, 7.87140794017e-24, 1.36884390674e-23, 1.46085222511e-23, 1.56541305597e-23, 1.13927149937e-23, 9.23636055384e-24, 1.05220389574e-23, 1.0559574537e-23, 8.89655477461e-24, 6.03439583322e-24, 9.98708950062e-24, 1.30849991291e-23, 6.81448263303e-24, 1.17605079801e-23, 1.37038534095e-23, 8.82192143323e-24, 1.06569759818e-23, 8.59607923353e-24], "var": [1.00697870948e-05, 2.53213547694e-05, 3.15343345392e-06, 2.76793821286e-06, 8.34151251183e-07, 8.42792303501e-07, 8.43082148094e-07, 1.11063843633e-06, 6.01937301781e-07, 2.10672226331e-07, 2.8313297662e-07, 7.96794026314e-08, 3.67000225765e-08, 3.16888204566e-08, 4.79353374772e-08, 4.1932988637e-08, 2.42863755773e-08, 9.25887366776e-09, 1.84834736405e-09, 1.08772835183e-09, 6.14751693995e-10, 5.65441471423e-10, 4.60970567273e-10, 4.39857067436e-10, 2.3846485897e-10, 1.35837091575e-10, 4.36463191977e-11, 7.30148094763e-11, 2.45348984185e-11, 1.14098088616e-11, 1.71146447708e-11, 1.67217351077e-11, 2.8813656322e-11, 2.94314884963e-11, 1.99617631452e-11, 2.05932441238e-11, 2.88949385252e-11, 1.55850166106e-10, 7.05581296515e-12, 5.27679254458e-11]}, "melbands_crest": {"dmean": 3.56340432167, "dmean2": 5.701379776, "dvar": 9.41322994232, "dvar2": 22.8014163971, "max": 31.8879032135, "mean": 15.4619178772, "median": 14.782746315, "min": 1.31702256203, "var": 29.5180454254}, "melbands_flatness_db": {"dmean": 0.0300781726837, "dmean2": 0.0439676567912, "dvar": 0.000749357277527, "dvar2": 0.00158810825087, "max": 0.497593939304, "mean": 0.211297869682, "median": 0.207002356648, "min": 0.00113711238373, "var": 0.00421328376979}, "melbands_kurtosis": {"dmean": 15.8234128952, "dmean2": 24.3591766357, "dvar": 667.864135742, "dvar2": 1469.30041504, "max": 550.428955078, "mean": 31.7855682373, "median": 17.8242301941, "min": -1.69698631763, "var": 1840.59533691}, "melbands_skewness": {"dmean": 1.09353470802, "dmean2": 1.63298726082, "dvar": 1.29240596294, "dvar2": 2.60065698624, "max": 19.4368190765, "mean": 3.86660718918, "median": 3.49445438385, "min": -0.85545027256, "var": 6.15507459641}, "melbands_spread": {"dmean": 6.52403402328, "dmean2": 9.96756744385, "dvar": 103.232498169, "dvar2": 234.087203979, "max": 234.30632019, "mean": 18.894525528, "median": 14.0818271637, "min": 0.373043745756, "var": 582.503845215}, "mfcc": {"cov": [[7543.01074219, 393.197875977, 301.218322754, -94.3282699585, 12.3592100143, -69.6195983887, 48.6506195068, 18.0707511902, 10.4429159164, 37.1673774719, 34.8377799988, 29.0638542175, -35.0073432922], [393.197875977, 1015.39868164, -149.796325684, -87.2787017822, -77.6921768188, -62.4302215576, 38.6481399536, 152.247344971, -28.8091506958, 7.47682285309, 61.7860069275, 33.4840126038, -25.1402130127], [301.218322754, -149.796325684, 466.592803955, 142.146347046, 93.4236450195, 97.4022445679, 56.951210022, -21.9055652618, 49.525894165, 14.1338701248, -26.7990722656, 20.2854232788, 37.9185028076], [-94.3282699585, -87.2787017822, 142.146347046, 304.294952393, 174.065887451, 93.605758667, 1.37975215912, -34.8130912781, 33.0147094727, 26.1595420837, -18.9765472412, 8.39457035065, 46.1761245728], [12.3592100143, -77.6921768188, 93.4236450195, 174.065887451, 274.594482422, 101.846153259, -3.49970030785, -35.9140548706, 36.418422699, 20.2071495056, -1.60235333443, 13.4609088898, 19.2479019165], [-69.6195983887, -62.4302215576, 97.4022445679, 93.605758667, 101.846153259, 171.950134277, 51.9648933411, -9.5275888443, 30.470413208, 23.5991325378, -6.08327674866, 16.7286682129, 22.5071964264], [48.6506195068, 38.6481399536, 56.951210022, 1.37975215912, -3.49970030785, 51.9648933411, 172.363891602, 79.6062698364, 21.340719223, 23.9961051941, 28.3529415131, 18.2130508423, -3.21243929863], [18.0707511902, 152.247344971, -21.9055652618, -34.8130912781, -35.9140548706, -9.5275888443, 79.6062698364, 147.110687256, 19.4095935822, 12.0313453674, 33.4814529419, 16.971113205, -13.5373563766], [10.4429159164, -28.8091506958, 49.525894165, 33.0147094727, 36.418422699, 30.470413208, 21.340719223, 19.4095935822, 97.4180145264, 33.9671592712, 0.18918864429, 7.26012325287, 16.8947582245], [37.1673774719, 7.47682285309, 14.1338701248, 26.1595420837, 20.2071495056, 23.5991325378, 23.9961051941, 12.0313453674, 33.9671592712, 87.9200286865, 30.5895633698, 7.46943616867, 8.44797611237], [34.8377799988, 61.7860069275, -26.7990722656, -18.9765472412, -1.60235333443, -6.08327674866, 28.3529415131, 33.4814529419, 0.18918864429, 30.5895633698, 94.8379898071, 32.4842987061, -18.8713798523], [29.0638542175, 33.4840126038, 20.2854232788, 8.39457035065, 13.4609088898, 16.7286682129, 18.2130508423, 16.971113205, 7.26012325287, 7.46943616867, 32.4842987061, 72.1625289917, 20.066028595], [-35.0073432922, -25.1402130127, 37.9185028076, 46.1761245728, 19.2479019165, 22.5071964264, -3.21243929863, -13.5373563766, 16.8947582245, 8.44797611237, -18.8713798523, 20.066028595, 87.0649032593]], "icov": [[0.000146420279634, -7.74694126449e-05, -0.000156017398695, 0.000112293440907, -8.07972392067e-05, 0.000131132488605, -4.17298870161e-05, 8.90818919288e-05, 7.57665293349e-06, -9.25786880543e-05, 1.62260621437e-05, -3.30958318955e-05, 5.98277329118e-05], [-7.74694126449e-05, 0.00130436127074, 0.000319761893479, -4.85852615384e-05, 5.40281216672e-05, 5.33216771146e-05, 0.000286571797915, -0.00142427138053, 0.000513597216923, -0.000133542809635, -0.000156583759235, -0.000374616502086, -3.89208180422e-05], [-0.000156017398695, 0.000319761893479, 0.00309743802063, -0.00109637703281, 0.000159796516527, -0.000639832345769, -0.00103663303889, 0.000445221405244, -0.000867133552674, 0.000371043977793, 0.000766219804063, -0.000824753020424, -8.84395267349e-05], [0.000112293440907, -4.85852615384e-05, -0.00109637703281, 0.00619823858142, -0.00319583597593, -0.000650239526294, 0.00033813357004, 1.42851549754e-05, 0.000417006813223, -0.00109631079249, 0.00048815869377, 0.000601887877565, -0.00189685029909], [-8.07972392067e-05, 5.40281216672e-05, 0.000159796516527, -0.00319583597593, 0.00677662761882, -0.00255113258027, 0.000868935487233, 0.00075255066622, -0.00138450600207, 0.000558019557502, -0.000972152396571, -0.000504404306412, 0.00103894993663], [0.000131132488605, 5.33216771146e-05, -0.000639832345769, -0.000650239526294, -0.00255113258027, 0.0097084492445, -0.00334867043421, 0.00146919686813, -0.000499795423821, -0.00126720848493, 0.00156476558186, -0.0015556816943, -0.000231566591538], [-4.17298870161e-05, 0.000286571797915, -0.00103663303889, 0.00033813357004, 0.000868935487233, -0.00334867043421, 0.00989780016243, -0.00538967549801, 0.000406129373005, -0.000924610823859, -0.00135048746597, 0.000118431737064, 0.000229750919971], [8.90818919288e-05, -0.00142427138053, 0.000445221405244, 1.42851549754e-05, 0.00075255066622, 0.00146919686813, -0.00538967549801, 0.0123835811391, -0.00309801613912, 0.000866605725605, -0.00135025766212, -0.000999299343675, 0.00105822901241], [7.57665293349e-06, 0.000513597216923, -0.000867133552674, 0.000417006813223, -0.00138450600207, -0.000499795423821, 0.000406129373005, -0.00309801613912, 0.0139912208542, -0.00516072334722, 0.00189497880638, -0.000371576141333, -0.0014414342586], [-9.25786880543e-05, -0.000133542809635, 0.000371043977793, -0.00109631079249, 0.000558019557502, -0.00126720848493, -0.000924610823859, 0.000866605725605, -0.00516072334722, 0.0163180883974, -0.00668837083504, 0.00274293357506, -0.0020148945041], [1.62260621437e-05, -0.000156583759235, 0.000766219804063, 0.00048815869377, -0.000972152396571, 0.00156476558186, -0.00135048746597, -0.00135025766212, 0.00189497880638, -0.00668837083504, 0.0181202068925, -0.00881934259087, 0.00516078108922], [-3.30958318955e-05, -0.000374616502086, -0.000824753020424, 0.000601887877565, -0.000504404306412, -0.0015556816943, 0.000118431737064, -0.000999299343675, -0.000371576141333, 0.00274293357506, -0.00881934259087, 0.0204049907625, -0.00652726273984], [5.98277329118e-05, -3.89208180422e-05, -8.84395267349e-05, -0.00189685029909, 0.00103894993663, -0.000231566591538, 0.000229750919971, 0.00105822901241, -0.0014414342586, -0.0020148945041, 0.00516078108922, -0.00652726273984, 0.0156444031745]], "mean": [-639.263916016, 110.71572876, 29.2593479156, 13.8379306793, 10.1013412476, 5.15219211578, 4.02217769623, 0.95578032732, -8.1883430481, 2.72116422653, -0.15022687614, 0.637744903564, 0.0443535633385]}, "pitch_salience": {"dmean": 0.083648391068, "dmean2": 0.133340492845, "dvar": 0.00523879146203, "dvar2": 0.0121039133519, "max": 0.959168791771, "mean": 0.534167826176, "median": 0.54405015707, "min": 0.090438105166, "var": 0.0171271450818}, "silence_rate_20dB": {"dmean": 0, "dmean2": 0, "dvar": 0, "dvar2": 0, "max": 1, "mean": 1, "median": 1, "min": 1, "var": 0}, "silence_rate_30dB": {"dmean": 0.0241533219814, "dmean2": 0.0483129844069, "dvar": 0.0235693380237, "dvar2": 0.0556925646961, "max": 1, "mean": 0.977949857712, "median": 1, "min": 0, "var": 0.021564187482}, "silence_rate_60dB": {"dmean": 0.0168023109436, "dmean2": 0.0336090326309, "dvar": 0.0165199451149, "dvar2": 0.0366802215576, "max": 1, "mean": 0.0513190701604, "median": 0, "min": 0, "var": 0.0486900992692}, "spectral_centroid": {"dmean": 267.450500488, "dmean2": 404.217224121, "dvar": 98556.9140625, "dvar2": 203912.0625, "max": 11394.6337891, "mean": 1059.00073242, "median": 928.399169922, "min": 137.087036133, "var": 379841.8125}, "spectral_complexity": {"dmean": 3.35284852982, "dmean2": 4.87436008453, "dvar": 10.9287290573, "dvar2": 20.8057022095, "max": 55, "mean": 14.8734741211, "median": 14, "min": 0, "var": 48.6684112549}, "spectral_contrast_coeffs": {"dmean": [0.0564285069704, 0.0557711236179, 0.0425176545978, 0.0340759642422, 0.0238091927022, 0.0151155861095], "dmean2": [0.0934633389115, 0.0899876579642, 0.0676265284419, 0.0534971430898, 0.0371791236103, 0.0244005769491], "dvar": [0.00211321073584, 0.00215904135257, 0.00150346965529, 0.000869288225658, 0.000449209735962, 0.000175612702151], "dvar2": [0.00549947889522, 0.00520125869662, 0.00330737465993, 0.00188918958884, 0.000963797268923, 0.000430853659054], "max": [-0.332696765661, -0.425916463137, -0.47311860323, -0.525937318802, -0.529357969761, -0.64578461647], "mean": [-0.623427510262, -0.704556763172, -0.771537840366, -0.776762545109, -0.79417681694, -0.805920660496], "median": [-0.625699937344, -0.708433628082, -0.789143145084, -0.784956037998, -0.79974091053, -0.806892096996], "min": [-0.953025221825, -0.962916612625, -0.967864573002, -0.956175684929, -0.96162956953, -0.959072291851], "var": [0.00693106744438, 0.00663264421746, 0.0061036106199, 0.00331857358105, 0.00183270836715, 0.000696535164025]}, "spectral_contrast_valleys": {"dmean": [0.433898150921, 0.392250984907, 0.348958283663, 0.320032328367, 0.286864280701, 0.357935577631], "dmean2": [0.69288957119, 0.626698851585, 0.547500908375, 0.488517850637, 0.398928463459, 0.467000752687], "dvar": [0.137166008353, 0.126230552793, 0.10791977495, 0.0891192704439, 0.0772339999676, 0.11763754487], "dvar2": [0.301618486643, 0.280074596405, 0.224007636309, 0.172694772482, 0.137581378222, 0.22268652916], "max": [-4.84604501724, -4.57420682907, -5.16027259827, -5.86217164993, -5.88447189331, -7.61783218384], "mean": [-7.10860300064, -6.84685277939, -7.48425912857, -7.92057180405, -7.8467092514, -9.62481307983], "median": [-6.83462047577, -6.69673490524, -7.34847307205, -7.79632663727, -7.68704271317, -9.42465686798], "min": [-28.0227947235, -27.3053302765, -27.5980644226, -27.4098625183, -27.1323261261, -27.2860660553], "var": [2.3306646347, 1.73992681503, 1.53249144554, 1.33104968071, 1.32895326614, 1.52831971645]}, "spectral_decrease": {"dmean": 3.23893423193e-09, "dmean2": 4.86439466485e-09, "dvar": 1.78221770521e-17, "dvar2": 3.99112130928e-17, "max": -2.50918052477e-29, "mean": -8.95774210363e-09, "median": -7.69416441671e-09, "min": -6.28041476602e-08, "var": 4.90022853668e-17}, "spectral_energy": {"dmean": 0.0128490813076, "dmean2": 0.0191602632403, "dvar": 0.000273267098237, "dvar2": 0.000603062100708, "max": 0.2394092381, "mean": 0.0361324697733, "median": 0.0309799220413, "min": 1.07901179186e-20, "var": 0.000772197265178}, "spectral_energyband_high": {"dmean": 0.00086723320419, "dmean2": 0.00116014003288, "dvar": 2.65383459919e-06, "dvar2": 5.1503029681e-06, "max": 0.0303726848215, "mean": 0.00143757741898, "median": 0.000638151483145, "min": 7.50757525006e-21, "var": 5.65006303077e-06}, "spectral_energyband_low": {"dmean": 0.00735980411991, "dmean2": 0.0112468684092, "dvar": 0.000169517530594, "dvar2": 0.000392965652281, "max": 0.201622098684, "mean": 0.0156221231446, "median": 0.00922010093927, "min": 1.473904055e-22, "var": 0.000404459860874}, "spectral_energyband_middle_high": {"dmean": 0.00200636847876, "dmean2": 0.00288900430314, "dvar": 1.36980079333e-05, "dvar2": 2.79484611383e-05, "max": 0.0916237458587, "mean": 0.00424822373316, "median": 0.00191694614477, "min": 1.66122918699e-21, "var": 3.7698646338e-05}, "spectral_energyband_middle_low": {"dmean": 0.0073367357254, "dmean2": 0.0112424930558, "dvar": 9.4086950412e-05, "dvar2": 0.000205215183087, "max": 0.158090144396, "mean": 0.0158362146467, "median": 0.0113663505763, "min": 4.68595848014e-22, "var": 0.00022460463515}, "spectral_entropy": {"dmean": 0.208079829812, "dmean2": 0.305439710617, "dvar": 0.0363768935204, "dvar2": 0.0759979709983, "max": 9.79923629761, "mean": 7.65369796753, "median": 7.69297599792, "min": 5.67032194138, "var": 0.196773871779}, "spectral_flux": {"dmean": 0.0324127972126, "dmean2": 0.0510609857738, "dvar": 0.0011066487059, "dvar2": 0.00258272606879, "max": 0.380329072475, "mean": 0.0993850007653, "median": 0.0912832692266, "min": 1.03875491542e-10, "var": 0.00290786242113}, "spectral_kurtosis": {"dmean": 1.21090316772, "dmean2": 1.85043334961, "dvar": 2.83364200592, "dvar2": 6.50511360168, "max": 54.9733695984, "mean": 3.09037876129, "median": 2.19374442101, "min": -1.19591772556, "var": 11.9811820984}, "spectral_rms": {"dmean": 0.00101623369846, "dmean2": 0.00147526257206, "dvar": 1.13988824069e-06, "dvar2": 2.29601914725e-06, "max": 0.0152829969302, "mean": 0.00546895479783, "median": 0.00549766421318, "min": 3.24452530814e-12, "var": 5.34179798706e-06}, "spectral_rolloff": {"dmean": 752.204162598, "dmean2": 1252.94433594, "dvar": 2348806.25, "dvar2": 5238126.5, "max": 19272.2167969, "mean": 1522.09716797, "median": 710.595703125, "min": 86.1328125, "var": 6443398}, "spectral_skewness": {"dmean": 0.219034031034, "dmean2": 0.323364436626, "dvar": 0.0512911267579, "dvar2": 0.108752138913, "max": 5.83484649658, "mean": 1.52876150608, "median": 1.45485925674, "min": -0.0182399507612, "var": 0.235141888261}, "spectral_spread": {"dmean": 847321.4375, "dmean2": 1193475.125, "dvar": 735097978880, "dvar2": 1317229690880.0, "max": 40264232, "mean": 6670930, "median": 6573025, "min": 1536461.375, "var": 4688859103230.0}, "spectral_strongpeak": {"dmean": 0.476046651602