{"lowlevel": {"average_loudness": 0.809918344021, "barkbands": {"dmean": [0.000170107698068, 0.00433299737051, 0.00234445440583, 0.000889394024853, 0.00247750640847, 0.00156687316485, 0.000798239198048, 0.000774162472226, 0.000466486148071, 0.000415352376876, 0.000294395314995, 0.000194192005438, 0.000175660272362, 0.000152918379172, 0.000175920955371, 0.00011356289906, 0.000145488287671, 0.000101268502476, 9.28272129386e-05, 0.000111359942821, 5.81732492719e-05, 5.13752020197e-05, 0.00010065544484, 5.59963082196e-05, 4.17695882788e-05, 1.83994598046e-05, 2.78521702057e-06], "dmean2": [0.000297281512758, 0.0075129554607, 0.00393293891102, 0.00146648613736, 0.00411123689264, 0.00247620604932, 0.00116016715765, 0.00117871514522, 0.000699735595845, 0.000623880885541, 0.000452283537015, 0.000309995259158, 0.000281857996015, 0.000244520255364, 0.000283363071503, 0.00018498247664, 0.000238593667746, 0.000166727171745, 0.00014301975898, 0.000179530412424, 8.62198503455e-05, 7.657281094e-05, 0.000146571590449, 7.95834130258e-05, 6.5144879045e-05, 2.90194147965e-05, 4.42300824943e-06], "dvar": [4.35564828649e-07, 0.000214969026274, 5.21511719853e-05, 2.90048524221e-06, 1.22385345094e-05, 8.05507352197e-06, 1.7942688828e-06, 3.27067323269e-06, 1.19378773888e-06, 8.47116666591e-07, 7.0303275379e-07, 3.54556703996e-07, 2.41555142111e-07, 1.2124550608e-07, 1.60473973665e-07, 7.73830990397e-08, 9.8246751179e-08, 4.59246010109e-08, 2.10041122273e-07, 9.31840418161e-08, 6.70450646112e-08, 3.80119900001e-08, 3.5088399386e-07, 5.90362390085e-08, 1.82927433201e-08, 2.2770390018e-09, 6.31666177697e-11], "dvar2": [1.20054278341e-06, 0.000599654740654, 0.000143610537634, 7.66144967201e-06, 3.38189893228e-05, 2.10531416087e-05, 3.83734641218e-06, 7.16586828275e-06, 2.47926163865e-06, 1.73061232545e-06, 1.37647202791e-06, 9.567095276e-07, 5.76899140015e-07, 2.8686096698e-07, 3.73753380245e-07, 2.03876055593e-07, 2.64168676267e-07, 1.26924021515e-07, 3.6881425558e-07, 2.30167316317e-07, 1.20033959661e-07, 6.99523923231e-08, 7.56159010962e-07, 9.44172455775e-08, 3.82651634823e-08, 5.29123767024e-09, 1.50456064274e-10], "max": [0.00914047658443, 0.213342964649, 0.107470780611, 0.0282715074718, 0.0583702512085, 0.0619266182184, 0.0258351042867, 0.0505014173687, 0.0407648570836, 0.0243694856763, 0.0265480894595, 0.0236729029566, 0.0150022283196, 0.0074932333082, 0.0105776116252, 0.00812571402639, 0.0074647734873, 0.00450154021382, 0.0321772992611, 0.00914742145687, 0.0132063934579, 0.00942346453667, 0.025578783825, 0.00912426318973, 0.00511776190251, 0.00157655833755, 0.000186582823517], "mean": [0.000202735347557, 0.0092742703855, 0.00533377379179, 0.00207015429623, 0.00504239508882, 0.00367768015712, 0.00209217774682, 0.00162676884793, 0.00108388077933, 0.000956313684583, 0.000593373202719, 0.000352483912138, 0.000308370072162, 0.000269891548669, 0.000309897528496, 0.0002137258125, 0.000290012394544, 0.000185449767741, 0.000179441747605, 0.000208155688597, 0.000100662218756, 8.63089153427e-05, 0.000155803645612, 0.000100730365375, 7.8064702393e-05, 3.79755656468e-05, 3.71236046703e-06], "median": [1.59211249411e-05, 0.00499830581248, 0.00224780617282, 0.000967934494838, 0.00362519314513, 0.00189322512597, 0.00108735170215, 0.000516085536219, 0.000253230333328, 0.000290093186777, 0.000129592546728, 9.41439939197e-05, 8.39931453811e-05, 7.79282781878e-05, 0.000105354134575, 6.75083210808e-05, 9.86507220659e-05, 7.45362485759e-05, 9.21042956179e-05, 8.74203105923e-05, 3.05753565044e-05, 2.64025293291e-05, 3.57460303348e-05, 2.76422451861e-05, 3.46544948115e-05, 1.5279480067e-05, 9.69769303083e-07], "min": [2.06891374447e-24, 1.28136648987e-23, 6.61049898015e-24, 3.19613424967e-24, 3.6761385189e-23, 5.44965876146e-23, 2.43539852341e-23, 2.88775818774e-23, 3.7764472317e-23, 3.1482113441e-23, 3.14230309147e-23, 2.64869925466e-23, 1.37843169063e-22, 4.66676227577e-23, 6.05076572253e-23, 7.1465818723e-23, 1.10603234026e-22, 2.25240235715e-22, 1.07820890059e-22, 2.97297517101e-22, 3.59398667044e-22, 4.08298854516e-22, 5.91584438066e-22, 8.0679770894e-22, 1.14771017167e-21, 1.55692577091e-21, 2.12818082168e-21], "var": [3.4447100461e-07, 0.000211342558032, 7.12680266588e-05, 8.7747202997e-06, 2.67004088528e-05, 2.70415021077e-05, 7.29155635781e-06, 1.09341881398e-05, 4.92804338137e-06, 3.01554473481e-06, 3.25800669998e-06, 5.99541067459e-07, 5.0507958349e-07, 2.86525761339e-07, 4.13424288581e-07, 2.31554039942e-07, 2.38580071255e-07, 9.41040312341e-08, 3.41481950272e-07, 1.44685259329e-07, 1.71993050913e-07, 1.01863278701e-07, 7.07769572728e-07, 1.87248772932e-07, 4.07492706245e-08, 4.94479612811e-09, 7.70995975397e-11]}, "barkbands_crest": {"dmean": 1.88633465767, "dmean2": 3.09233498573, "dvar": 3.91476845741, "dvar2": 10.4986457825, "max": 23.6849250793, "mean": 10.0603761673, "median": 9.49945449829, "min": 2.53459310532, "var": 12.4199447632}, "barkbands_flatness_db": {"dmean": 0.0196869019419, "dmean2": 0.0297734122723, "dvar": 0.000492229941301, "dvar2": 0.00111777998973, "max": 0.434353232384, "mean": 0.153103858232, "median": 0.14629021287, "min": 0.0393083766103, "var": 0.00241833250038}, "barkbands_kurtosis": {"dmean": 3.54035973549, "dmean2": 5.69472169876, "dvar": 42.3771705627, "dvar2": 105.840934753, "max": 131.675140381, "mean": 8.27982330322, "median": 5.30578947067, "min": -1.91619098186, "var": 106.349830627}, "barkbands_skewness": {"dmean": 0.479077011347, "dmean2": 0.755655348301, "dvar": 0.362212002277, "dvar2": 0.850615262985, "max": 10.1377134323, "mean": 2.15950226784, "median": 2.05438756943, "min": -5.29893684387, "var": 1.71851348877}, "barkbands_spread": {"dmean": 4.38867807388, "dmean2": 6.81039524078, "dvar": 50.3234710693, "dvar2": 107.474235535, "max": 142.787750244, "mean": 16.6466503143, "median": 13.5101127625, "min": 0.980286240578, "var": 217.04977417}, "dissonance": {"dmean": 0.0195917319506, "dmean2": 0.0324648246169, "dvar": 0.000336692202836, "dvar2": 0.000917854893487, "max": 0.500000059605, "mean": 0.448874145746, "median": 0.453649461269, "min": 0.24942471087, "var": 0.00100037595257}, "dynamic_complexity": 4.56916475296, "erbbands": {"dmean": [0.0984413176775, 1.07896101475, 2.81986546516, 2.63804793358, 4.34027957916, 10.9167366028, 11.1962003708, 12.8626146317, 12.3379087448, 17.0432682037, 14.6102952957, 9.90395069122, 14.3950567245, 10.4585790634, 11.5148839951, 8.17044353485, 7.59313344955, 8.76883888245, 6.83422088623, 8.90697574615, 6.2597284317, 7.06235027313, 5.75820732117, 3.30330634117, 5.47018861771, 5.48641633987, 2.93548488617, 2.01427459717, 1.755382061, 2.52826905251, 2.97570109367, 1.43187057972, 0.873551487923, 0.524652719498, 0.278936117887, 0.113186985254, 0.028350898996, 0.00476542674005, 0.00052336009685, 3.11320436595e-05], "dmean2": [0.169132977724, 1.87875843048, 4.85171985626, 4.19440746307, 7.15323925018, 18.3478279114, 18.3153381348, 20.3327293396, 17.6303367615, 25.2819652557, 21.8008174896, 14.86814785, 21.1461601257, 15.9135332108, 17.8770980835, 12.9971580505, 12.0154428482, 14.0303955078, 10.9025440216, 14.7302570343, 10.0650644302, 11.6290330887, 9.45621109009, 5.06919240952, 8.54410934448, 8.87129211426, 4.27972221375, 3.12070298195, 2.61378765106, 3.71563458443, 4.40818023682, 2.04050040245, 1.28814971447, 0.821441531181, 0.437236070633, 0.179315164685, 0.0445263423026, 0.00748714338988, 0.000829365104437, 4.98634253745e-05], "dvar": [0.116661980748, 13.3161458969, 85.0758743286, 30.9135932922, 43.08568573, 301.193634033, 370.070709229, 700.895751953, 455.020477295, 1268.69775391, 1734.96716309, 580.820556641, 1056.41955566, 764.956542969, 1050.19519043, 477.254730225, 458.367553711, 401.790863037, 354.61328125, 412.611083984, 190.106307983, 265.335327148, 145.83782959, 146.44493103, 621.162475586, 269.783233643, 198.116455078, 72.8994903564, 39.5840568542, 183.352539062, 319.766815186, 48.2385597229, 12.1930904388, 3.32804059982, 0.815366387367, 0.110493376851, 0.00433415174484, 0.000138624396641, 2.06842082662e-06, 4.44571890412e-09], "dvar2": [0.322029829025, 37.3689422607, 235.724578857, 78.0954437256, 115.37878418, 850.980957031, 950.571533203, 1878.04516602, 928.223266602, 2800.2199707, 3611.16259766, 1139.92443848, 2300.38623047, 1604.06530762, 2303.01782227, 1245.16772461, 1076.01599121, 961.888916016, 810.724121094, 1093.82836914, 467.672576904, 720.331420898, 403.076293945, 303.558013916, 1104.62207031, 674.520202637, 375.034881592, 143.757110596, 74.5006942749, 369.726928711, 731.099304199, 85.6030883789, 21.7652664185, 6.80953598022, 1.80229353905, 0.257140934467, 0.0102114211768, 0.000321458850522, 4.89376270707e-06, 1.09451230301e-08], "max": [4.83256006241, 50.8117523193, 126.223731995, 94.8473892212, 105.941459656, 294.479034424, 367.430023193, 657.200073242, 456.783874512, 758.097717285, 1376.96679688, 1156.66784668, 858.745666504, 906.908447266, 1037.26965332, 606.953857422, 679.73614502, 498.728302002, 552.756713867, 337.643554688, 574.823974609, 468.809387207, 246.962158203, 586.72052002, 1698.92407227, 555.229797363, 864.329406738, 359.307281494, 305.247955322, 776.795166016, 866.202453613, 249.673431396, 176.655593872, 81.9754104614, 33.4276504517, 11.78332901, 1.53287982941, 0.400344580412, 0.0334021523595, 0.00106245279312], "mean": [0.228225380182, 2.2299580574, 5.8753452301, 7.5369682312, 8.63512229919, 20.3375205994, 22.4761981964, 29.8018436432, 31.8020954132, 36.9715690613, 33.4773216248, 24.2370204926, 35.6194229126, 24.368806839, 22.601726532, 16.2883720398, 14.6297893524, 16.3265724182, 13.2288999557, 15.8970375061, 13.5806951523, 15.2407541275, 11.3598022461, 6.45260763168, 11.3982877731, 10.1663227081, 5.20827865601, 3.45606398582, 2.93462777138, 4.08730173111, 4.42756557465, 2.42636752129, 1.56131565571, 0.929770588875, 0.514229178429, 0.222161829472, 0.0573192350566, 0.00809921976179, 0.000755539629608, 7.35284920665e-05], "median": [0.121114268899, 1.12495040894, 2.66519355774, 3.66339635849, 5.25085926056, 12.2112379074, 13.0083847046, 14.0227470398, 16.973361969, 14.2192134857, 10.3072280884, 7.81317710876, 10.3749780655, 7.77604675293, 6.11829280853, 5.00498199463, 4.82668399811, 4.9573059082, 4.11646270752, 5.40687942505, 4.9018330574, 5.58692932129, 4.93103504181, 3.54355764389, 6.01028347015, 4.11566066742, 1.72988128662, 1.02079820633, 0.9183177948, 1.16545510292, 0.913756728172, 0.576552867889, 0.474320083857, 0.368484824896, 0.214472472668, 0.0886010229588, 0.0225284472108, 0.00298973266035, 0.000226658652537, 5.460819375e-05], "min": [4.70151759399e-22, 2.30519262601e-21, 4.82131953939e-21, 1.27009317907e-20, 2.82065196148e-20, 1.5024117655e-19, 2.16683115084e-19, 3.46368646617e-19, 4.28058755015e-19, 7.20858073639e-19, 6.83089472159e-19, 6.52916456654e-19, 1.29931979656e-18, 7.97278808891e-19, 1.13646468436e-18, 1.15405612765e-18, 6.30496046683e-18, 4.34701940742e-18, 3.47226681066e-18, 6.40665777365e-18, 4.93109949616e-18, 6.08637095893e-18, 9.17626029655e-18, 9.72552724844e-18, 1.30840004766e-17, 1.48275119194e-17, 1.21970552376e-17, 1.28061811145e-17, 1.47968781126e-17, 1.90417374056e-17, 1.59984621771e-17, 1.4663409212e-17, 1.60724601003e-17, 1.07284564442e-17, 8.92820289291e-18, 5.23791029794e-18, 2.76452611548e-18, 1.30976078045e-18, 3.23069191809e-19, 2.77610279249e-20], "var": [0.121500574052, 13.0463113785, 93.7679138184, 99.6365890503, 95.1953582764, 581.002075195, 892.314453125, 2087.56469727, 1912.19128418, 3831.99267578, 6589.6484375, 2229.31542969, 4556.95751953, 2668.80517578, 3479.84521484, 1137.56262207, 958.425292969, 1044.01806641, 1019.30444336, 820.228881836, 812.887634277, 638.938049316, 315.265533447, 229.257354736, 1010.58184814, 391.02432251, 417.395050049, 192.221130371, 105.28553009, 364.445098877, 619.702941895, 135.803390503, 37.2442932129, 7.93090677261, 1.50166535378, 0.205857247114, 0.0112187201157, 0.000247563672019, 2.77626304523e-06, 6.74564759606e-09]}, "erbbands_crest": {"dmean": 2.05872941017, "dmean2": 3.28719902039, "dvar": 4.07579946518, "dvar2": 10.0636796951, "max": 26.8057079315, "mean": 8.52706336975, "median": 7.76901245117, "min": 2.67562270164, "var": 11.7259054184}, "erbbands_flatness_db": {"dmean": 0.0148335229605, "dmean2": 0.0216099899262, "dvar": 0.000253461184911, "dvar2": 0.000499988964293, "max": 0.315518379211, "mean": 0.143013894558, "median": 0.136086553335, "min": 0.0475907959044, "var": 0.00172983307857}, "erbbands_kurtosis": {"dmean": 0.773682832718, "dmean2": 1.22863209248, "dvar": 1.07237935066, "dvar2": 2.33874082565, "max": 28.0861282349, "mean": 0.58038264513, "median": 0.0827865600586, "min": -1.79899287224, "var": 3.80400466919}, "erbbands_skewness": {"dmean": 0.315560996532, "dmean2": 0.487318634987, "dvar": 0.0981046780944, "dvar2": 0.213087260723, "max": 3.19522857666, "mean": 0.662122547626, "median": 0.704342603683, "min": -3.98685026169, "var": 0.476281911135}, "erbbands_spread": {"dmean": 7.26183128357, "dmean2": 11.3639602661, "dvar": 81.1279602051, "dvar2": 189.546722412, "max": 187.833084106, "mean": 40.5491676331, "median": 38.6390457153, "min": 4.97191524506, "var": 310.682739258}, "gfcc": {"cov": [[31106.5527344, 2132.1730957, -767.885681152, 474.962402344, -1135.29614258, 485.366363525, -670.829040527, 688.73840332, -596.451904297, 240.790054321, -350.773986816, 102.006446838, -281.294494629], [2132.1730957, 1687.44726562, -137.040252686, -78.4894714355, 74.3110961914, -4.32202148438, 0.940190315247, -78.3682937622, -52.2359199524, -102.542884827, 1.50015676022, -62.7896575928, 6.7519030571], [-767.885681152, -137.040252686, 641.996765137, 208.156967163, 150.200500488, 173.315338135, 149.981613159, 61.4395751953, 43.1344451904, 21.9799861908, 22.1552124023, 7.47909545898, -42.2895736694], [474.962402344, -78.4894714355, 208.156967163, 479.539123535, 141.859359741, 102.019363403, -10.2207126617, 99.9128189087, 61.9863548279, 44.6101570129, 17.6553936005, 11.897026062, 19.0076599121], [-1135.29614258, 74.3110961914, 150.200500488, 141.859359741, 327.762420654, 64.9043197632, 53.7726707458, 25.7472229004, 74.6894226074, 23.0267353058, 27.1054954529, -3.15158843994, 16.6859874725], [485.366363525, -4.32202148438, 173.315338135, 102.019363403, 64.9043197632, 291.668823242, 126.772506714, 34.1524124146, 13.7671880722, 25.6763629913, 16.4851169586, 8.13606262207, -23.2485809326], [-670.829040527, 0.940190315247, 149.981613159, -10.2207126617, 53.7726707458, 126.772506714, 211.750579834, 11.634267807, 22.9824123383, -3.5840485096, 25.6916484833, -2.68437814713, -14.8811454773], [688.73840332, -78.3682937622, 61.4395751953, 99.9128189087, 25.7472229004, 34.1524124146, 11.634267807, 171.112976074, 25.9820823669, 50.0309295654, 4.41369915009, 18.2867164612, -12.7557525635], [-596.451904297, -52.2359199524, 43.1344451904, 61.9863548279, 74.6894226074, 13.7671880722, 22.9824123383, 25.9820823669, 105.993545532, 31.3710842133, 9.64645290375, 7.91343688965, 18.3028964996], [240.790054321, -102.542884827, 21.9799861908, 44.6101570129, 23.0267353058, 25.6763629913, -3.5840485096, 50.0309295654, 31.3710842133, 103.428924561, 12.696554184, 3.20315217972, -1.46346306801], [-350.773986816, 1.50015676022, 22.1552124023, 17.6553936005, 27.1054954529, 16.4851169586, 25.6916484833, 4.41369915009, 9.64645290375, 12.696554184, 71.3868103027, 17.6959724426, 4.62077760696], [102.006446838, -62.7896575928, 7.47909545898, 11.897026062, -3.15158843994, 8.13606262207, -2.68437814713, 18.2867164612, 7.91343688965, 3.20315217972, 17.6959724426, 77.0839920044, 27.3512611389], [-281.294494629, 6.7519030571, -42.2895736694, 19.0076599121, 16.6859874725, -23.2485809326, -14.8811454773, -12.7557525635, 18.3028964996, -1.46346306801, 4.62077760696, 27.3512611389, 81.1597213745]], "icov": [[9.73608111963e-05, -0.000176558998646, 0.000101042212918, -0.000166836602148, 0.000325829954818, -0.000290632189717, 0.00025330419885, -0.000331563496729, 0.000388748769183, -0.000339535501553, 0.000441898650024, -0.000354882184183, 0.000288595649181], [-0.000176558998646, 0.00101707759313, -5.2300833886e-06, 0.000380270881578, -0.000913207768463, 0.000360114703653, -0.000397002964746, 0.000574310717639, -0.000424808036769, 0.00128689815756, -0.00104904302862, 0.00126798427664, -0.000728547514882], [0.000101042212918, -5.2300833886e-06, 0.00266298023053, -0.00113077287097, -0.000310424249619, -0.000611663155723, -0.00119959551375, -0.000247499265242, 0.000519785331562, -0.000213175371755, 0.000757752975915, -0.00101380073465, 0.00181026232895], [-0.000166836602148, 0.000380270881578, -0.00113077287097, 0.00380134745501, -0.00129780347925, -0.000763359246776, 0.00153258396313, -0.00105709780473, -0.00149527587928, 0.000965102284681, -0.00145692925435, 0.00154622318223, -0.00200987001881], [0.000325829954818, -0.000913207768463, -0.000310424249619, -0.00129780347925, 0.00558191305026, -0.00113352120388, 0.000549226126168, -0.0009497772553, -0.00107816618402, -0.00124081852846, 0.000485221215058, -0.000350361806341, 0.000137808048748], [-0.000290632189717, 0.000360114703653, -0.000611663155723, -0.000763359246776, -0.00113352120388, 0.00658689672127, -0.00415503652766, 0.001435714541, -0.000112245455966, -0.000605153560173, -0.000552926969249, -0.000418751878897, 0.000593483855482], [0.00025330419885, -0.000397002964746, -0.00119959551375, 0.00153258396313, 0.000549226126168, -0.00415503652766, 0.00920233968645, -0.00178355770186, -0.000848748604767, 0.00111799815204, -0.00148734974209, 0.000785912561696, 6.21954532107e-05], [-0.000331563496729, 0.000574310717639, -0.000247499265242, -0.00105709780473, -0.0009497772553, 0.001435714541, -0.00178355770186, 0.00934111885726, -0.00174911494832, -0.00223860936239, -0.000281225657091, -0.00159741239622, 0.00157772889361], [0.000388748769183, -0.000424808036769, 0.000519785331562, -0.00149527587928, -0.00107816618402, -0.000112245455966, -0.000848748604767, -0.00174911494832, 0.0149224987254, -0.00447483872995, 0.00227159960195, -0.0017620063154, -0.00121875398327], [-0.000339535501553, 0.00128689815756, -0.000213175371755, 0.000965102284681, -0.00124081852846, -0.000605153560173, 0.00111799815204, -0.00223860936239, -0.00447483872995, 0.0146725317463, -0.00424332218245, 0.00322213768959, -0.00125662703067], [0.000441898650024, -0.00104904302862, 0.000757752975915, -0.00145692925435, 0.000485221215058, -0.000552926969249, -0.00148734974209, -0.000281225657091, 0.00227159960195, -0.00424332218245, 0.0186975505203, -0.00634802272543, 0.00226584170014], [-0.000354882184183, 0.00126798427664, -0.00101380073465, 0.00154622318223, -0.000350361806341, -0.000418751878897, 0.000785912561696, -0.00159741239622, -0.0017620063154, 0.00322213768959, -0.00634802272543, 0.0191163327545, -0.00800617411733], [0.000288595649181, -0.000728547514882, 0.00181026232895, -0.00200987001881, 0.000137808048748, 0.000593483855482, 6.21954532107e-05, 0.00157772889361, -0.00121875398327, -0.00125662703067, 0.00226584170014, -0.00800617411733, 0.0180185828358]], "mean": [-32.4409637451, 96.4300308228, -89.6969146729, 26.3224086761, -55.4513511658, 6.32360172272, -40.5410995483, 11.3681459427, -24.7919464111, 3.70777654648, -13.9044294357, 1.82539844513, -9.90250587463]}, "hfc": {"dmean": 4.75412893295, "dmean2": 7.01748228073, "dvar": 100.714118958, "dvar2": 193.446563721, "max": 284.246856689, "mean": 17.3798236847, "median": 13.3306312561, "min": 1.10817757241e-16, "var": 375.333740234}, "melbands": {"dmean": [0.00103967636824, 0.00146979000419, 0.000468888581963, 0.000532398931682, 0.000412942201365, 0.000297008489724, 0.000183424694114, 0.000181619514478, 0.000110297936772, 6.48037239444e-05, 7.19921299606e-05, 4.29447354691e-05, 4.2588730139e-05, 2.43142003455e-05, 1.88694993994e-05, 1.69897120941e-05, 1.65100718732e-05, 1.0694937373e-05, 1.15220955195e-05, 1.06218776637e-05, 8.35731407278e-06, 8.37285460875e-06, 7.86397504271e-06, 3.67151710634e-06, 2.68938720183e-06, 4.27994018537e-06, 4.23085793955e-06, 3.58718511961e-06, 2.04657180802e-06, 1.47853222643e-06, 1.18824993933e-06, 1.01214959614e-06, 1.08133269805e-06, 1.65547294273e-06, 2.01972534342e-06, 1.16424962471e-06, 8.29872305985e-07, 6.8069249437e-07, 5.18722629295e-07, 4.42744578777e-07], "dmean2": [0.0017887824215, 0.00253813201562, 0.000757557398174, 0.000891904870514, 0.000677547883242, 0.000464647921035, 0.0002633810509, 0.000271880300716, 0.00016317225527, 9.74813883658e-05, 0.000105700113636, 6.52586386423e-05, 6.50531874271e-05, 3.89646666008e-05, 3.00203755614e-05, 2.71531080216e-05, 2.63763831754e-05, 1.71798637894e-05, 1.86265206139e-05, 1.76222529262e-05, 1.3595569726e-05, 1.38224477269e-05, 1.32805971589e-05, 5.91306479691e-06, 4.23289020546e-06, 6.74512102705e-06, 6.7778914854e-06, 5.83404107601e-06, 3.06484912471e-06, 2.2074300432e-06, 1.87699879461e-06, 1.54663075591e-06, 1.63900335792e-06, 2.46419335781e-06, 3.04251943817e-06, 1.69442762399e-06, 1.21330685943e-06, 1.01680768694e-06, 8.03714726771e-07, 7.0580836109e-07], "dvar": [1.25891556308e-05, 2.35008446907e-05, 8.39743677261e-07, 6.32136732293e-07, 4.11852653315e-07, 3.37467383815e-07, 9.19173572811e-08, 1.3776967478e-07, 1.02653672229e-07, 2.39401103386e-08, 2.57158703221e-08, 1.39349021211e-08, 1.55889257059e-08, 5.38144018236e-09, 2.53668708261e-09, 2.00540295481e-09, 1.42006073567e-09, 8.95365392939e-10, 7.04182490097e-10, 6.61958099446e-10, 3.42377404206e-10, 3.96101818012e-10, 2.71836747556e-10, 6.19870405005e-11, 1.05367201075e-10, 5.45484046821e-10, 1.46583731264e-10, 1.40020064987e-10, 9.03218541626e-11, 4.42425956981e-11, 2.83627704656e-11, 1.32856963278e-11, 1.8453018627e-11, 1.03223582459e-10, 1.71966371698e-10, 3.22580608059e-11, 1.68198181077e-11, 7.92284120255e-12, 4.20441285953e-12, 2.3319991771e-12], "dvar2": [3.48630419467e-05, 6.54097166262e-05, 2.16092303162e-06, 1.76336061486e-06, 1.08009010091e-06, 8.78763898982e-07, 1.90819122281e-07, 3.10533124548e-07, 2.110822237e-07, 4.94891558844e-08, 5.57624701969e-08, 2.89304029621e-08, 3.09831342804e-08, 1.44107108468e-08, 6.0605276353e-09, 4.93162888304e-09, 3.36584116134e-09, 2.07448902501e-09, 1.61419444478e-09, 1.78644177229e-09, 8.57837745283e-10, 1.0734019229e-09, 7.77031938792e-10, 1.5835809053e-10, 2.3825796891e-10, 9.58451318311e-10, 3.29824834111e-10, 3.5229097417e-10, 1.82101805857e-10, 8.11284373015e-11, 6.06036817952e-11, 2.51397947598e-11, 3.69969610503e-11, 2.14131587462e-10, 4.0993933248e-10, 6.1234232962e-11, 3.08569628182e-11, 1.51167932338e-11, 8.26890465822e-12, 5.19920825143e-12], "max": [0.0534489266574, 0.0632123351097, 0.0152733512223, 0.0158407893032, 0.0106029361486, 0.0126540930942, 0.00633495859802, 0.00748594710603, 0.0103886574507, 0.00628132838756, 0.00422255834565, 0.00402989098802, 0.00403839489445, 0.00297026243061, 0.00179989077151, 0.00106379226781, 0.000826125615276, 0.000771259074099, 0.000828980875667, 0.000529866316356, 0.00069309072569, 0.000503319315612, 0.000347055465681, 0.000228633158258, 0.000442756427219, 0.001678355271, 0.000560286222026, 0.000401997473091, 0.000568217190448, 0.000330575770931, 0.000242478054133, 0.000194199979887, 0.0001495564793, 0.00063388858689, 0.000654592586216, 0.000183601034223, 0.000144523932249, 0.00012675220205, 0.000111071269203, 6.49211870041e-05], "mean": [0.00236110482365, 0.00313622737303, 0.0012964020716, 0.00102816848084, 0.000853938399814, 0.000702743651345, 0.000477660621982, 0.000384891434805, 0.000248813070357, 0.000154211418703, 0.000174353845068, 9.44948915276e-05, 8.48828058224e-05, 4.31056978414e-05, 3.67650209228e-05, 3.04507211695e-05, 2.9408654882e-05, 1.93058949662e-05, 2.03860836336e-05, 1.85971402971e-05, 1.61420921359e-05, 1.64122902788e-05, 1.46039255924e-05, 6.64090384817e-06, 4.61266927232e-06, 7.93538492871e-06, 8.39959920995e-06, 6.13987867837e-06, 3.3863839235e-06, 2.40201347879e-06, 1.86413342362e-06, 1.59450360115e-06, 1.73729006292e-06, 2.55327336163e-06, 2.85395685751e-06, 1.78246523319e-06, 1.37947461099e-06, 1.15774957976e-06, 8.91873867204e-07, 7.42480324334e-07], "median": [0.00133636523969, 0.00156071595848, 0.000720770098269, 0.000694604124874, 0.000543782254681, 0.000334744428983, 0.000270996766631, 0.000145785670611, 6.33434829069e-05, 4.14593523601e-05, 4.77860885439e-05, 2.53565485764e-05, 1.94731728698e-05, 1.20655558931e-05, 1.14580780064e-05, 8.82050062501e-06, 8.24078961159e-06, 5.1514025472e-06, 7.37016489438e-06, 6.10227743891e-06, 5.21776519236e-06, 5.08019911649e-06, 5.51013090444e-06, 3.12568727168e-06, 2.27467580771e-06, 3.76729349227e-06, 4.09928270528e-06, 1.96706332645e-06, 1.05334083855e-06, 6.74864736538e-07, 4.92418507747e-07, 4.85391637994e-07, 4.95250333188e-07, 7.00631119344e-07, 5.48150637769e-07, 3.69216820673e-07, 3.15987676913e-07, 3.07927734866e-07, 3.08437222429e-07, 2.86927331672e-07], "min": [4.31688589822e-24, 2.72453545116e-24, 3.44271363041e-24, 5.7163511765e-24, 8.26080546021e-24, 8.74445371462e-24, 6.70602214717e-24, 7.735295513e-24, 5.66023950031e-24, 4.59973197579e-24, 6.3663544186e-24, 2.84517535774e-24, 4.25980550084e-24, 2.56657354906e-24, 5.28505843708e-24, 1.51734586774e-23, 6.70247069537e-24, 5.44242908792e-24, 4.96843885757e-24, 3.72185600602e-24, 3.22537850671e-24, 5.36567686615e-24, 1.01352375786e-23, 7.31248815591e-24, 8.08689870707e-24, 4.87544911736e-24, 1.27675654452e-23, 8.26216861185e-24, 6.87569666155e-24, 7.18979740818e-24, 7.69007327275e-24, 8.47607613491e-24, 7.69891088147e-24, 8.99381028017e-24, 8.76529778631e-24, 9.28733201237e-24, 7.62277160462e-24, 1.03613606128e-23, 1.0510318851e-23, 8.51963308979e-24], "var": [1.27441571749e-05, 2.39058845182e-05, 2.50096991294e-06, 1.27216492274e-06, 9.87935891317e-07, 1.11149392978e-06, 3.84908531714e-07, 3.96009227188e-07, 3.9598299395e-07, 9.35586470519e-08, 1.11176909456e-07, 4.68393572817e-08, 6.78261073972e-08, 8.65438742892e-09, 5.81003378741e-09, 4.14319734077e-09, 3.56026985671e-09, 2.32558305946e-09, 1.65522362483e-09, 1.30458333025e-09, 1.26913979326e-09, 8.89449625063e-10, 5.7622306926e-10, 1.10111982032e-10, 1.4141723903e-10, 8.4771933917e-10, 2.43935038835e-10, 1.87304907695e-10, 1.68292435543e-10, 1.14534194628e-10, 6.50168807681e-11, 3.03069999652e-11, 4.6923857161e-11, 1.74954925547e-10, 2.96301372327e-10, 8.15423631395e-11, 4.51274538571e-11, 2.20088131747e-11, 1.07003355829e-11, 4.64124225164e-12]}, "melbands_crest": {"dmean": 2.31075072289, "dmean2": 3.78319954872, "dvar": 5.88882350922, "dvar2": 15.3760757446, "max": 30.2272987366, "mean": 12.9772443771, "median": 12.3374853134, "min": 1.80336368084, "var": 16.9897060394}, "melbands_flatness_db": {"dmean": 0.0232648458332, "dmean2": 0.0347903519869, "dvar": 0.000780263973866, "dvar2": 0.00172706844751, "max": 0.573752939701, "mean": 0.234636813402, "median": 0.231440454721, "min": 0.00507192593068, "var": 0.00461553642526}, "melbands_kurtosis": {"dmean": 7.41557168961, "dmean2": 12.0406198502, "dvar": 195.819091797, "dvar2": 492.115142822, "max": 353.034912109, "mean": 18.7094192505, "median": 12.1237297058, "min": -1.79946875572, "var": 500.725738525}, "melbands_skewness": {"dmean": 0.621835231781, "dmean2": 0.987880706787, "dvar": 0.597629070282, "dvar2": 1.43753492832, "max": 13.7127075195, "mean": 3.05120849609, "median": 2.7779211998, "min": -1.56461536884, "var": 2.37295627594}, "melbands_spread": {"dmean": 4.38235139847, "dmean2": 6.71105575562, "dvar": 77.5529937744, "dvar2": 148.667205811, "max": 219.240066528, "mean": 16.7892189026, "median": 11.8647174835, "min": 0.839407920837, "var": 561.904785156}, "mfcc": {"cov": [[15567.1503906, 1426.15283203, 1.54722487926, 207.757354736, -7.50374269485, -124.531562805, 79.5964584351, 148.338012695, -15.1971054077, 259.200927734, 18.9034099579, -17.3700065613, 159.066345215], [1426.15283203, 1695.41516113, -97.4278335571, -29.4794197083, -13.6443901062, 5.79203510284, 40.8631973267, 16.013874054, -41.8867034912, -49.3870773315, -7.28324460983, -42.5057144165, -22.3583259583], [1.54722487926, -97.4278335571, 503.569793701, 105.57106781, 52.3187789917, 133.642196655, 111.782554626, 107.630149841, 29.853975296, 67.6096878052, 51.6442909241, 9.30696773529, 10.1752910614], [207.757354736, -29.4794197083, 105.57106781, 335.320617676, 187.239868164, 2.66010022163, 11.4800539017, 27.2733974457, 59.5895004272, 28.5365447998, 9.03725147247, 28.9891929626, 56.3147964478], [-7.50374269485, -13.6443901062, 52.3187789917, 187.239868164, 287.911804199, 60.8582839966, 22.4805793762, 27.5784225464, 59.9600753784, 21.9118041992, 34.6279945374, 25.36951828, 47.7608108521], [-124.531562805, 5.79203510284, 133.642196655, 2.66010022163, 60.8582839966, 252.880386353, 100.86971283, 61.9571495056, 36.5686187744, 34.2234230042, 43.6624908447, 22.2784404755, -16.684463501], [79.5964584351, 40.8631973267, 111.782554626, 11.4800539017, 22.4805793762, 100.86971283, 164.080780029, 75.2222137451, 7.39428186417, 50.3032341003, 43.9963989258, 5.77423810959, 6.29786920547], [148.338012695, 16.013874054, 107.630149841, 27.2733974457, 27.5784225464, 61.9571495056, 75.2222137451, 141.911117554, 28.9547977448, 29.7295703888, 27.0907611847, 11.8507900238, 16.4926242828], [-15.1971054077, -41.8867034912, 29.853975296, 59.5895004272, 59.9600753784, 36.5686187744, 7.39428186417, 28.9547977448, 105.134780884, 31.2096633911, 5.8878159523, 24.5506267548, 21.4705448151], [259.200927734, -49.3870773315, 67.6096878052, 28.5365447998, 21.9118041992, 34.2234230042, 50.3032341003, 29.7295703888, 31.2096633911, 120.873771667, 49.1327362061, 0.673197925091, 7.93004798889], [18.9034099579, -7.28324460983, 51.6442909241, 9.03725147247, 34.6279945374, 43.6624908447, 43.9963989258, 27.0907611847, 5.8878159523, 49.1327362061, 103.633888245, 22.1779727936, -4.36880254745], [-17.3700065613, -42.5057144165, 9.30696773529, 28.9891929626, 25.36951828, 22.2784404755, 5.77423810959, 11.8507900238, 24.5506267548, 0.673197925091, 22.1779727936, 82.458114624, 32.3761177063], [159.066345215, -22.3583259583, 10.1752910614, 56.3147964478, 47.7608108521, -16.684463501, 6.29786920547, 16.4926242828, 21.4705448151, 7.93004798889, -4.36880254745, 32.3761177063, 97.8979797363]], "icov": [[7.76427186793e-05, -7.19175004633e-05, 1.76481098606e-05, -5.55475671717e-05, 4.18038507632e-05, 2.5439010642e-05, 5.02312832396e-05, -8.66888804012e-05, 9.30304668145e-05, -0.000250265933573, 6.52414819342e-05, -1.41026248457e-05, -0.000109702712507], [-7.19175004633e-05, 0.000696608389262, 0.000177195164724, -2.39809742197e-05, -1.98297475436e-05, -7.04649792169e-05, -0.000330845126882, -6.08128393651e-05, 3.31114242726e-05, 0.000578413368203, -0.000184208023711, 0.000380236131605, 0.000112433524919], [1.76481098606e-05, 0.000177195164724, 0.00300025381148, -0.0012064864859, 0.000633537420072, -0.00115039222874, -0.00053143693367, -0.00135039829183, 0.000423336750828, -0.000525968207512, -0.000428552477388, 0.000562449218705, -0.000104851569631], [-5.55475671717e-05, -2.39809742197e-05, -0.0012064864859, 0.00570769095793, -0.00353794917464, 0.00147629238199, -0.000125402584672, 0.000223649738473, -0.00103081518319, -0.000519989989698, 0.00117863784544, -0.00105530605651, -0.000455292523839], [4.18038507632e-05, -1.98297475436e-05, 0.000633537420072, -0.00353794917464, 0.00677284831181, -0.00185839319602, 0.000410110980738, 0.000136909264256, -0.00154055294115, 0.00103010167368, -0.00251876353286, 0.00150447769556, -0.00212905020453], [2.5439010642e-05, -7.04649792169e-05, -0.00115039222874, 0.00147629238199, -0.00185839319602, 0.00690167117864, -0.00326389190741, -0.000201989314519, -0.00173273705877, 0.000255219842074, 9.32660623221e-05, -0.00196982384659, 0.00255474168807], [5.02312832396e-05, -0.000330845126882, -0.00053143693367, -0.000125402584672, 0.000410110980738, -0.00326389190741, 0.0113567747176, -0.00376893696375, 0.0022731909994, -0.00280261831358, -0.00137360440567, 0.000733870838303, -0.00145730981603], [-8.66888804012e-05, -6.08128393651e-05, -0.00135039829183, 0.000223649738473, 0.000136909264256, -0.000201989314519, -0.00376893696375, 0.0108003327623, -0.00251960358582, 0.000895001285244, -0.000888808630407, 0.000185990822501, -0.00116067624185], [9.30304668145e-05, 3.31114242726e-05, 0.000423336750828, -0.00103081518319, -0.00154055294115, -0.00173273705877, 0.0022731909994, -0.00251960358582, 0.0140157314017, -0.00444731768221, 0.00279317004606, -0.00324381748214, -0.000376322015654], [-0.000250265933573, 0.000578413368203, -0.000525968207512, -0.000519989989698, 0.00103010167368, 0.000255219842074, -0.00280261831358, 0.000895001285244, -0.00444731768221, 0.0138836065307, -0.00622670957819, 0.0034945635125, -0.00111983332317], [6.52414819342e-05, -0.000184208023711, -0.000428552477388, 0.00117863784544, -0.00251876353286, 9.32660623221e-05, -0.00137360440567, -0.000888808630407, 0.00279317004606, -0.00622670957819, 0.0154907880351, -0.00565997837111, 0.00315619353205], [-1.41026248457e-05, 0.000380236131605, 0.000562449218705, -0.00105530605651, 0.00150447769556, -0.00196982384659, 0.000733870838303, 0.000185990822501, -0.00324381748214, 0.0034945635125, -0.00565997837111, 0.0174706075341, -0.00609187409282], [-0.000109702712507, 0.000112433524919, -0.000104851569631, -0.000455292523839, -0.00212905020453, 0.00255474168807, -0.00145730981603, -0.00116067624185, -0.000376322015654, -0.00111983332317, 0.00315619353205, -0.00609187409282, 0.014783562161]], "mean": [-674.588989258, 130.934753418, 18.5111694336, 24.0824871063, 7.55191707611, -2.46612262726, -1.5248363018, 0.811072647572, -3.69776630402, 1.3227802515, -3.5541343689, -1.92286658287, 3.98046302795]}, "pitch_salience": {"dmean": 0.0577461048961, "dmean2": 0.0951774641871, "dvar": 0.00326722208411, "dvar2": 0.00866675190628, "max": 0.840065717697, "mean": 0.550782382488, "median": 0.550380885601, "min": 0.177981346846, "var": 0.00914191827178}, "silence_rate_20dB": {"dmean": 0, "dmean2": 0, "dvar": 0, "dvar2": 0, "max": 1, "mean": 1, "median": 1, "min": 1, "var": 0}, "silence_rate_30dB": {"dmean": 0.0256642904133, "dmean2": 0.051335234195, "dvar": 0.0250043664128, "dvar2": 0.0595865286887, "max": 1, "mean": 0.974468648434, "median": 1, "min": 0, "var": 0.0248796697706}, "silence_rate_60dB": {"dmean": 0.00881399866194, "dmean2": 0.0176302827895, "dvar": 0.00873583648354, "dvar2": 0.0199129357934, "max": 1, "mean": 0.0951270088553, "median": 0, "min": 0, "var": 0.0860767811537}, "spectral_centroid": {"dmean": 187.977828979, "dmean2": 284.587921143, "dvar": 78609.3671875, "dvar2": 148287.703125, "max": 11033.7568359, "mean": 977.731079102, "median": 838.015563965, "min": 171.853347778, "var": 446357.1875}, "spectral_complexity": {"dmean": 2.39196372032, "dmean2": 3.73321223259, "dvar": 7.98335886002, "dvar2": 17.1407299042, "max": 48, "mean": 14.5819072723, "median": 14, "min": 0, "var": 57.963104248}, "spectral_contrast_coeffs": {"dmean": [0.0452217310667, 0.0422122627497, 0.0361996851861, 0.0311178863049, 0.0225051958114, 0.0147823616862], "dmean2": [0.074923157692, 0.0680647417903, 0.0575447976589, 0.0499555505812, 0.0358402207494, 0.0232775378972], "dvar": [0.00165105762426, 0.00139517150819, 0.000972784066107, 0.000727343256585, 0.000408592954045, 0.000166854442796], "dvar2": [0.00407919613644, 0.00355649576522, 0.00230800360441, 0.00169249845203, 0.000899353588466, 0.000387307838537], "max": [-0.297054469585, -0.32968467474, -0.432408720255, -0.525438547134, -0.532421469688, -0.634781241417], "mean": [-0.633768379688, -0.670163214207, -0.73935174942, -0.764717459679, -0.773761034012, -0.803238272667], "median": [-0.644179522991, -0.669829845428, -0.741490125656, -0.766175746918, -0.772187232971, -0.803405821323], "min": [-0.958218157291, -0.975063502789, -0.978998363018, -0.966902911663, -0.962888896465, -0.958696246147], "var": [0.00990396458656, 0.00800091028214, 0.00640424154699, 0.00400502234697, 0.00300248409621, 0.00110673054587]}, "spectral_contrast_valleys": {"dmean": [0.386293709278, 0.32843953371, 0.346246510744, 0.31652033329, 0.253145515919, 0.259787231684], "dmean2": [0.61883687973, 0.529867768288, 0.552620649338, 0.492436408997, 0.377283275127, 0.375604063272], "dvar": [0.205124124885, 0.114163383842, 0.124817818403, 0.123192489147, 0.101807430387, 0.140587449074], "dvar2": [0.38818949461, 0.257906645536, 0.2688126266, 0.253835052252, 0.191811263561, 0.259431034327], "max": [-4.80614233017, -4.82817363739, -5.53449964523, -5.88618612289, -5.74667787552, -7.10434484482], "mean": [-7.32924842834, -7.18715286255, -7.96940994263, -8.5048456192, -8.2986869812, -10.4221363068], "median": [-6.69860267639, -6.79841041565, -7.65262031555, -8.17652320862, -7.88199281693, -9.955950737], "min": [-27.4959716797, -27.7318496704, -27.1029186249, -27.414516449, -27.2963886261, -27.3322887421], "var": [4.20760822296, 3.26598072052, 2.91347837448, 2.67257976532, 2.66760396957, 2.8054997921]}, "spectral_decrease": {"dmean": 2.55465537613e-09, "dmean2": 4.20995327488e-09, "dvar": 3.37493064819e-17, "dvar2": 8.96901416454e-17, "max": 7.15708098844e-17, "mean": -8.81180994838e-09, "median": -7.21281701033e-09, "min": -8.14628862145e-08, "var": 6.08331585005e-17}, "spectral_energy": {"dmean": 0.00995234772563, "dmean2": 0.0163530949503, "dvar": 0.00049223593669, "dvar2": 0.00130623742007, "max": 0.312816023827, "mean": 0.0348341949284, "median": 0.0289424993098, "min": 1.03914871414e-20, "var": 0.000915363081731}, "spectral_energyband_high": {"dmean": 0.000317771482514, "dmean2": 0.000450828549219, "dvar": 1.45593560319e-06, "dvar2": 2.58414502241e-06, "max": 0.0405775606632, "mean": 0.000643016770482, "median": 0.000247037329245, "min": 7.54524831864e-21, "var": 4.53576285508e-06}, "spectral_energyband_low": {"dmean": 0.00655873352662, "dmean2": 0.0111719146371, "dvar": 0.000441754760686, "dvar2": 0.00120492011774, "max": 0.26947888732, "mean": 0.0161729119718, "median": 0.00888251513243, "min": 2.84740795244e-23, "var": 0.000516105268616}, "spectral_energyband_middle_high": {"dmean": 0.00107641296927, "dmean2": 0.00164000107907, "dvar": 3.65380515177e-06, "dvar2": 8.23185291665e-06, "max": 0.0430097207427, "mean": 0.00350861437619, "median": 0.00220861006528, "min": 1.46233324519e-21, "var": 1.67911948665e-05}, "spectral_energyband_middle_low": {"dmean": 0.00453111156821, "dmean2": 0.00718633038923, "dvar": 3.1367802876e-05, "dvar2": 7.7196615166e-05, "max": 0.0774632617831, "mean": 0.0160944256932, "median": 0.0139950532466, "min": 3.49664148717e-22, "var": 0.000157504968229}, "spectral_entropy": {"dmean": 0.172907307744, "dmean2": 0.254785299301, "dvar": 0.0384717546403, "dvar2": 0.0794703215361, "max": 9.80559158325, "mean": 7.32753705978, "median": 7.34209442139, "min": 5.03244924545, "var": 0.243966966867}, "spectral_flux": {"dmean": 0.0238647758961, "dmean2": 0.0378385335207, "dvar": 0.00152709661052, "dvar2": 0.00330229080282, "max": 0.463897436857, "mean": 0.0687655359507, "median": 0.0609950125217, "min": 7.0877623215e-11, "var": 0.00290766521357}, "spectral_kurtosis": {"dmean": 1.6741386652, "dmean2": 2.73525333405, "dvar": 10.0164403915, "dvar2": 25.3747406006, "max": 84.1675262451, "mean": 5.93962860107, "median": 4.77594852448, "min": -1.22632956505, "var": 33.4309005737}, "spectral_rms": {"dmean": 0.000710014835931, "dmean2": 0.00112338014878, "dvar": 1.43070053582e-06, "dvar2": 3.51605172e-06, "max": 0.0174695849419, "mean": 0.0052315662615, "median": 0.00531381042674, "min": 3.1840283448e-12, "var": 6.61516423861e-06}, "spectral_rolloff": {"dmean": 306.685394287, "dmean2": 515.659362793, "dvar": 671071.125, "dvar2": 1453133.125, "max": 19336.8164062, "mean": 1196.44189453, "median": 581.396484375, "min": 107.666015625, "var": 7015736.5}, "spectral_skewness": {"dmean": 0.215617105365, "dmean2": 0.335781991482, "dvar": 0.0757894963026, "dvar2": 0.177453503013, "max": 7.57268953323, "mean": 1.89759027958, "median": 1.81215631962, "min": -0.0530304461718, "var": 0.394771188498}, "spectral_spread": {"dmean": 514998.65625, "dmean2": 792774.625, "dvar": 650686103552, "dvar2": 1272154816510.0, "max": 41918628, "mean": 5117971.5, "median": 4950865, "min": 974047.125, "var": 3