{"lowlevel": {"average_loudness": 0.931730985641, "barkbands": {"dmean": [4.37619237346e-05, 0.00118440319784, 0.000973955378868, 0.000348148751073, 0.000731738400646, 0.000629394664429, 0.000386811821954, 0.000765835284255, 0.000419149029767, 0.000236782769207, 0.000207383913221, 0.000220678353799, 0.000330688839313, 0.000317084282869, 0.000391876965296, 0.000310802133754, 0.000406153645599, 0.000551655539311, 0.00040268705925, 0.000185154538485, 8.7695181719e-05, 3.74260598619e-05, 3.08468879666e-05, 1.16480523502e-05, 4.53811298939e-06, 4.89979754548e-07, 3.77303948085e-08], "dmean2": [7.47210360714e-05, 0.00197899690829, 0.00167005113326, 0.000601302832365, 0.00118462264072, 0.00106645491906, 0.000628218287602, 0.00124218256678, 0.000677511037793, 0.000388256594306, 0.00033710320713, 0.000366123771528, 0.000541803776287, 0.000521976558957, 0.000651504786219, 0.000510823098011, 0.000655474257655, 0.000885454763193, 0.000628662353847, 0.000296190439258, 0.000138171279104, 5.85050402151e-05, 4.69553087896e-05, 1.71104147739e-05, 6.64749495627e-06, 7.49035677927e-07, 6.32474552731e-08], "dvar": [3.35054317624e-09, 2.02828459805e-06, 1.84895020539e-06, 2.43300377178e-07, 1.25588985611e-06, 1.06504546693e-06, 3.85552539228e-07, 1.56975704613e-06, 6.46313253583e-07, 1.9472881263e-07, 1.38525635407e-07, 1.38391257565e-07, 2.74007646794e-07, 2.46449644692e-07, 4.14455200826e-07, 1.72526469555e-07, 3.08374126234e-07, 5.68391726574e-07, 3.57124349648e-07, 7.46181783029e-08, 2.19128875045e-08, 5.42268807635e-09, 4.76471573307e-09, 2.14260698073e-09, 1.18829321383e-10, 1.63180352477e-12, 1.01863021802e-14], "dvar2": [9.01191743452e-09, 5.93178583586e-06, 5.45961529497e-06, 7.05996171746e-07, 3.04700074594e-06, 3.00010424326e-06, 9.42940914683e-07, 4.31407170254e-06, 1.60345712175e-06, 5.20178900842e-07, 3.56733607987e-07, 3.54762221377e-07, 7.16357362762e-07, 6.55812584682e-07, 1.1337884871e-06, 4.46376049013e-07, 7.69837640746e-07, 1.41975931456e-06, 8.72739406077e-07, 1.88016159086e-07, 5.21762011374e-08, 1.2750319911e-08, 1.1198449279e-08, 4.10478717683e-09, 2.38391417717e-10, 4.0279173226e-12, 2.87683762988e-14], "max": [0.000827943091281, 0.0164435952902, 0.0149430353194, 0.00643592933193, 0.0288669168949, 0.0149044636637, 0.0102539742365, 0.0293181370944, 0.019490769133, 0.00860174093395, 0.00714158359915, 0.0131050962955, 0.0151811111718, 0.00705993641168, 0.0117508387193, 0.00761491945013, 0.00999376922846, 0.0112389670685, 0.0111714238301, 0.0045941057615, 0.00295906630345, 0.0012653892627, 0.0013618451776, 0.00174258172046, 0.000465083721792, 3.49970068783e-05, 2.99118914882e-06], "mean": [6.27520785201e-05, 0.00270990491845, 0.001419404638, 0.000487985176733, 0.00171705847606, 0.00115420063958, 0.000688587781042, 0.00137650186662, 0.000763429095969, 0.000389945460483, 0.000355470605427, 0.000430615706136, 0.000629011541605, 0.000613498268649, 0.000777010747697, 0.000656856922433, 0.000843476329464, 0.0013244387228, 0.000981970573775, 0.000494484207593, 0.000185076176422, 6.6664921178e-05, 5.41751760466e-05, 2.1549356461e-05, 6.89271064402e-06, 7.74819625349e-07, 1.67462431477e-07], "median": [3.35333788826e-05, 0.00219663185999, 0.000857587787323, 0.000303833861835, 0.00100597413257, 0.000802487600595, 0.000406913517509, 0.000784168485552, 0.000428777711932, 0.000189046884771, 0.000172916523297, 0.000237154148635, 0.000353745854227, 0.000345928943716, 0.000440790521679, 0.000481052731629, 0.000586191948969, 0.00087943195831, 0.000662166567054, 0.00029839616036, 0.00011454916239, 3.35608710884e-05, 2.71096887445e-05, 8.00647922006e-06, 2.29547276831e-06, 3.28810102701e-07, 1.62664107961e-07], "min": [6.89731361972e-25, 3.91014043941e-25, 6.17588947506e-25, 6.13181926755e-25, 9.32831806956e-24, 1.0869907684e-23, 7.79894317742e-24, 7.14636824877e-24, 1.75525937478e-23, 2.22405290503e-23, 1.11896290645e-23, 3.06631937799e-23, 3.52852307978e-23, 3.38912441585e-23, 4.38305886417e-23, 6.65692202448e-23, 9.50573856694e-23, 1.04571799182e-22, 1.11993396267e-22, 1.43443841676e-22, 2.38141683478e-22, 3.10457711241e-22, 3.72174730099e-22, 4.75872301004e-22, 8.92039367785e-22, 1.28735677773e-21, 1.90287406922e-21], "var": [5.77365932841e-09, 5.28523241883e-06, 2.65876838057e-06, 3.30683121774e-07, 5.82459597354e-06, 1.51822655425e-06, 7.99821066266e-07, 3.11873122882e-06, 1.43810586906e-06, 3.92390603565e-07, 2.99709085994e-07, 3.78953359359e-07, 7.23190964891e-07, 6.21523270183e-07, 9.42703309192e-07, 4.13641686237e-07, 7.33759748073e-07, 1.82517078429e-06, 1.16659327887e-06, 3.13314217237e-07, 5.16267597561e-08, 9.29621446488e-09, 7.13680270437e-09, 3.86113363504e-09, 2.33579905418e-10, 1.9321449822e-12, 1.19919384075e-14]}, "barkbands_crest": {"dmean": 1.68792068958, "dmean2": 2.76060891151, "dvar": 2.58546900749, "dvar2": 6.60004997253, "max": 26.9169902802, "mean": 7.00189495087, "median": 6.19167375565, "min": 2.30020332336, "var": 10.2512588501}, "barkbands_flatness_db": {"dmean": 0.0130959702656, "dmean2": 0.0200682953, "dvar": 0.000229244149523, "dvar2": 0.000483531417558, "max": 1, "mean": 0.122261039913, "median": 0.111386097968, "min": 0.0438852086663, "var": 0.00234548910521}, "barkbands_kurtosis": {"dmean": 11.0597810745, "dmean2": 21.705991745, "dvar": 348322.4375, "dvar2": 1044502.0625, "max": 34577.3867188, "mean": 5.46852731705, "median": -1.04377865791, "min": -1.98962652683, "var": 177093.328125}, "barkbands_skewness": {"dmean": 0.371737957001, "dmean2": 0.599708199501, "dvar": 6.87359666824, "dvar2": 20.3754310608, "max": 167.387908936, "mean": 0.546867132187, "median": 0.398978590965, "min": -5.26479673386, "var": 5.06815767288}, "barkbands_spread": {"dmean": 4.77736282349, "dmean2": 7.55163145065, "dvar": 30.5522422791, "dvar2": 66.7537841797, "max": 165.551193237, "mean": 32.8011283875, "median": 33.8711929321, "min": 0.00306502426974, "var": 145.050216675}, "dissonance": {"dmean": 0.00929529499263, "dmean2": 0.0158607680351, "dvar": 0.000163820237503, "dvar2": 0.000475001259474, "max": 0.500000059605, "mean": 0.483139008284, "median": 0.488727867603, "min": 0, "var": 0.000491712824441}, "dynamic_complexity": 2.66390919685, "erbbands": {"dmean": [0.0270549897105, 0.307884216309, 1.05564081669, 1.07668685913, 1.17792105675, 3.4356212616, 4.06179904938, 5.7434220314, 4.90751791, 10.9236888885, 15.1563606262, 9.1637430191, 6.98277282715, 7.37562417984, 8.42033576965, 9.38752174377, 11.9794034958, 16.0954360962, 21.4621772766, 16.6460704803, 16.565908432, 18.0571746826, 28.0018463135, 26.546125412, 14.4922294617, 8.55367279053, 4.3683590889, 3.14668321609, 1.54565036297, 1.19091236591, 0.689941346645, 0.296901166439, 0.160233974457, 0.0616783536971, 0.0299564991146, 0.00417638802901, 0.000589082599618, 7.67235542298e-05, 7.85167139838e-06, 4.02384375775e-06], "dmean2": [0.0454683676362, 0.517806053162, 1.82841289043, 1.82767176628, 1.95010995865, 5.61255311966, 6.58781909943, 9.90830612183, 7.98255825043, 17.7071208954, 24.6617126465, 14.9104251862, 11.3047590256, 12.198641777, 13.7835273743, 15.5191860199, 19.4882659912, 26.4675216675, 35.8604240417, 27.5417995453, 27.0948371887, 28.5574436188, 44.7548942566, 42.0374565125, 22.4710273743, 13.6919879913, 6.91410064697, 4.94013547897, 2.41703009605, 1.8289014101, 1.03313088417, 0.443251162767, 0.235802844167, 0.0903452038765, 0.0441354066133, 0.00625761551782, 0.000897508871276, 0.000119466865726, 1.25648657558e-05, 6.15406497673e-06], "dvar": [0.00108726066537, 0.136900633574, 1.9844468832, 2.37625837326, 2.53698444366, 37.4286499023, 28.3839588165, 105.828765869, 52.6716117859, 409.213867188, 695.55255127, 352.165588379, 171.765945435, 200.187774658, 227.500091553, 257.86819458, 389.96585083, 617.663452148, 1545.14880371, 487.746765137, 466.869384766, 611.011779785, 1494.41552734, 1720.62341309, 441.141326904, 163.75062561, 43.1919212341, 37.6275558472, 9.98246669769, 6.68654060364, 2.01489543915, 1.24442195892, 0.400461524725, 0.0312405265868, 0.00426499731839, 0.000104030434159, 2.65237417807e-06, 3.82081317696e-08, 3.52851942109e-10, 1.85005361725e-11], "dvar2": [0.00301918014884, 0.399331092834, 6.04914903641, 6.7693939209, 6.79073286057, 87.388633728, 75.3358840942, 301.562042236, 126.150024414, 1097.34240723, 1909.15124512, 884.22833252, 464.985931396, 523.715759277, 599.078186035, 658.19140625, 996.98059082, 1650.37036133, 4239.79638672, 1299.13793945, 1175.27783203, 1477.19299316, 3736.87353516, 4316.88330078, 992.642578125, 421.400634766, 106.846984863, 90.6968536377, 24.080663681, 15.7922515869, 4.55248260498, 2.54494786263, 0.736893892288, 0.0605001635849, 0.00943467393517, 0.000243600981776, 6.72277337799e-06, 9.84552528394e-08, 9.71923763693e-10, 4.08030068066e-11], "max": [0.463510036469, 4.52697896957, 15.8139562607, 21.2665882111, 27.6528625488, 173.195220947, 84.7765350342, 149.267028809, 141.399276733, 469.813995361, 613.276123047, 466.526153564, 307.623138428, 325.530456543, 312.695373535, 502.496887207, 529.073486328, 443.808807373, 795.032043457, 352.768432617, 324.594177246, 538.351745605, 605.132263184, 816.252319336, 446.253295898, 246.703201294, 135.187896729, 125.57219696, 56.6373062134, 46.3811187744, 26.1310005188, 43.6984519958, 24.5804042816, 8.53409385681, 1.58855807781, 0.201291695237, 0.0598924793303, 0.00677692703903, 0.000586723792367, 7.40188115742e-05], "mean": [0.0626033991575, 0.66156232357, 1.68331778049, 1.78917574883, 2.31527876854, 7.47431230545, 8.4919128418, 9.41918945312, 9.29100799561, 19.6243686676, 27.6501159668, 17.7647647858, 13.0722703934, 13.2482538223, 16.7700767517, 19.9752883911, 25.0051803589, 33.9649658203, 42.4040985107, 37.8388824463, 37.2333488464, 43.3854179382, 68.8199996948, 66.5516052246, 39.0686836243, 23.520898819, 10.6970643997, 5.94058179855, 2.74267745018, 2.05860137939, 1.31059241295, 0.568989276886, 0.277024775743, 0.0952436104417, 0.0442508757114, 0.00623259181157, 0.00104705034755, 0.000207446530112, 3.84735794796e-05, 2.51371620834e-05], "median": [0.0520006865263, 0.513339042664, 1.14432704449, 1.23528194427, 1.58876907825, 3.45100045204, 5.82145404816, 5.57591056824, 6.03173732758, 10.4631481171, 15.9981546402, 10.7595205307, 7.68844604492, 7.11700391769, 9.43181991577, 11.51608181, 14.422961235, 20.5079612732, 24.1354026794, 26.9247951508, 29.5132789612, 31.4699516296, 46.4035263062, 44.9431533813, 26.562204361, 14.7823801041, 6.92946815491, 3.43154168129, 1.36920642853, 1.06302559376, 0.637243568897, 0.234228461981, 0.10009033978, 0.0324377045035, 0.0144209861755, 0.00226974324323, 0.000530355959199, 0.000152609296492, 3.73674374714e-05, 2.55480372289e-05], "min": [2.50416258189e-23, 2.59089285282e-22, 1.77677345445e-21, 7.78805087003e-21, 8.78759201155e-21, 2.59846656374e-20, 7.2799241595e-20, 5.6511428486e-20, 1.28042039978e-19, 2.07829891461e-19, 2.98492156545e-19, 3.11172447595e-19, 5.5840936561e-19, 5.12245346201e-19, 9.39017602719e-19, 1.4017759382e-18, 1.51745352795e-18, 1.9615806541e-18, 1.74902646274e-18, 2.37428608392e-18, 4.82710055929e-18, 5.83764229823e-18, 5.47644023527e-18, 5.1550507888e-18, 6.51709796595e-18, 8.70434383092e-18, 8.19917801339e-18, 1.09286465601e-17, 9.6216292276e-18, 9.38560151161e-18, 1.08504788194e-17, 8.78749368045e-18, 9.80680105234e-18, 7.94232767984e-18, 5.67500659568e-18, 4.45311524715e-18, 2.4898301874e-18, 9.56042117099e-19, 2.46381173822e-19, 2.57482115357e-20], "var": [0.00285572535358, 0.341788053513, 2.84724545479, 3.52719473839, 6.17691087723, 190.844863892, 76.9216156006, 141.713272095, 120.912483215, 793.582458496, 1346.73132324, 771.562927246, 326.431091309, 438.947021484, 539.965209961, 771.771118164, 1137.17712402, 1678.6920166, 3248.32983398, 1350.13330078, 1094.09094238, 1720.35717773, 4625.61035156, 5459.29443359, 1650.15124512, 680.279724121, 143.212585449, 66.439125061, 16.1144523621, 9.92543697357, 3.7274081707, 2.01129984856, 0.796375274658, 0.0671770647168, 0.00688924826682, 0.000140655291034, 2.97129031424e-06, 5.21493106476e-08, 5.57202062268e-10, 1.68950700652e-10]}, "erbbands_crest": {"dmean": 1.82834255695, "dmean2": 3.02072262764, "dvar": 3.31635117531, "dvar2": 8.71286010742, "max": 30.0170269012, "mean": 7.53801679611, "median": 6.70795822144, "min": 2.09959554672, "var": 11.5845956802}, "erbbands_flatness_db": {"dmean": 0.0119713060558, "dmean2": 0.0185890290886, "dvar": 0.000141846656334, "dvar2": 0.000312422052957, "max": 0.351310759783, "mean": 0.189656093717, "median": 0.184923917055, "min": 0.0106339761987, "var": 0.00165864394512}, "erbbands_kurtosis": {"dmean": 0.726519405842, "dmean2": 1.1685693264, "dvar": 1.27498865128, "dvar2": 3.1113140583, "max": 79.6686859131, "mean": 0.671897113323, "median": -0.233757019043, "min": -1.85172700882, "var": 26.6846981049}, "erbbands_skewness": {"dmean": 0.284168660641, "dmean2": 0.449818730354, "dvar": 0.0712096393108, "dvar2": 0.169341683388, "max": 7.08229780197, "mean": -0.530914187431, "median": -0.591654539108, "min": -5.13706922531, "var": 0.653972387314}, "erbbands_spread": {"dmean": 4.77991914749, "dmean2": 7.62728786469, "dvar": 26.5697498322, "dvar2": 57.8917121887, "max": 211.36946106, "mean": 31.7027988434, "median": 30.9922485352, "min": 1.97957503796, "var": 145.640396118}, "gfcc": {"cov": [[32038.7988281, 2157.51855469, -4935.68017578, 1941.4284668, -1341.44421387, 611.46673584, -501.634368896, 402.487182617, -267.688049316, -49.3129959106, -125.147827148, -317.60168457, -216.20803833], [2157.51855469, 864.821838379, -413.541656494, -173.764785767, 91.2329864502, -256.283813477, 5.85946750641, -33.8344154358, -32.4705200195, -20.6978206635, -0.75042206049, 4.11155557632, -25.3940753937], [-4935.68017578, -413.541656494, 1327.30822754, -89.4359436035, 55.3995094299, 45.6201324463, -46.48046875, -40.9953117371, 49.6013450623, -12.3239479065, -49.0186691284, 54.789440155, 15.5655794144], [1941.4284668, -173.764785767, -89.4359436035, 515.36541748, -91.3492584229, 213.026412964, -27.3912677765, 58.1966819763, 19.4489650726, -24.7735481262, -14.7091083527, -43.3742485046, -5.31420087814], [-1341.44421387, 91.2329864502, 55.3995094299, -91.3492584229, 282.746551514, -81.1184387207, 98.9412307739, -21.5317592621, 3.76834177971, 0.102443449199, 31.2461395264, 18.2770347595, 17.6013507843], [611.46673584, -256.283813477, 45.6201324463, 213.026412964, -81.1184387207, 293.168884277, 11.20262146, 34.9886436462, 2.95023345947, -14.7569065094, -9.73830699921, -34.3395500183, -1.50546145439], [-501.634368896, 5.85946750641, -46.48046875, -27.3912677765, 98.9412307739, 11.20262146, 138.148254395, 18.648563385, 14.7402038574, -0.303477287292, 25.8199462891, -4.10106897354, 2.48077893257], [402.487182617, -33.8344154358, -40.9953117371, 58.1966819763, -21.5317592621, 34.9886436462, 18.648563385, 75.5693969727, 23.9407444, 7.89824151993, 1.14964866638, -3.40299105644, -5.00009441376], [-267.688049316, -32.4705200195, 49.6013450623, 19.4489650726, 3.76834177971, 2.95023345947, 14.7402038574, 23.9407444, 73.2425460815, 20.6816921234, 4.6256108284, 0.416144639254, -2.29510617256], [-49.3129959106, -20.6978206635, -12.3239479065, -24.7735481262, 0.102443449199, -14.7569065094, -0.303477287292, 7.89824151993, 20.6816921234, 73.7820053101, 24.6850605011, 10.7691497803, 0.504393577576], [-125.147827148, -0.75042206049, -49.0186691284, -14.7091083527, 31.2461395264, -9.73830699921, 25.8199462891, 1.14964866638, 4.6256108284, 24.6850605011, 83.1819534302, 19.072763443, 1.01185429096], [-317.60168457, 4.11155557632, 54.789440155, -43.3742485046, 18.2770347595, -34.3395500183, -4.10106897354, -3.40299105644, 0.416144639254, 10.7691497803, 19.072763443, 74.4471282959, 16.0805568695], [-216.20803833, -25.3940753937, 15.5655794144, -5.31420087814, 17.6013507843, -1.50546145439, 2.48077893257, -5.00009441376, -2.29510617256, 0.504393577576, 1.01185429096, 16.0805568695, 50.5981254578]], "icov": [[0.00172142393421, -0.00466640060768, 0.0045973774977, -0.0045685088262, 0.00415314082056, -0.00388067518361, 0.00411147903651, -0.00409783050418, 0.00346628716215, -0.00271672895178, 0.0022131386213, -0.00176462461241, 0.00165378069505], [-0.00466640060768, 0.0146913947538, -0.0118079334497, 0.0125413471833, -0.0117712141946, 0.0119518078864, -0.0108763510361, 0.0113428495824, -0.00937248859555, 0.00821363274008, -0.0055201780051, 0.00460715731606, -0.00337302545086], [0.0045973774977, -0.0118079334497, 0.013453816995, -0.0118122166023, 0.010446453467, -0.0105800647289, 0.0117473807186, -0.0103135900572, 0.00813549011946, -0.00668443320319, 0.00675091147423, -0.00565210916102, 0.00489227287471], [-0.0045685088262, 0.0125413471833, -0.0118122166023, 0.0154165485874, -0.0113646900281, 0.00814854353666, -0.00932201556861, 0.00938194897026, -0.0103424964473, 0.00846811849624, -0.00611357949674, 0.00533211324364, -0.00452012289315], [0.00415314082056, -0.0117712141946, 0.010446453467, -0.0113646900281, 0.0162566266954, -0.00780963618308, 0.00502970581874, -0.00814979989082, 0.00870531238616, -0.00653258757666, 0.00423266831785, -0.00430086068809, 0.00223433133215], [-0.00388067518361, 0.0119518078864, -0.0105800647289, 0.00814854353666, -0.00780963618308, 0.0157696455717, -0.0115235662088, 0.00870953314006, -0.00634497450665, 0.00662738131359, -0.00511478632689, 0.00549362367019, -0.00385930994526], [0.00411147903651, -0.0108763510361, 0.0117473807186, -0.00932201556861, 0.00502970581874, -0.0115235662088, 0.0225022546947, -0.0133251240477, 0.00599990598857, -0.00453854072839, 0.00294808181934, -0.0028910851106, 0.00418167794123], [-0.00409783050418, 0.0113428495824, -0.0103135900572, 0.00938194897026, -0.00814979989082, 0.00870953314006, -0.0133251240477, 0.027865761891, -0.0131423231214, 0.00527827814221, -0.00399990892038, 0.00237676966935, -0.00248227640986], [0.00346628716215, -0.00937248859555, 0.00813549011946, -0.0103424964473, 0.00870531238616, -0.00634497450665, 0.00599990598857, -0.0131423231214, 0.0251050349325, -0.0105199674144, 0.00469365343451, -0.00266317650676, 0.00370496115647], [-0.00271672895178, 0.00821363274008, -0.00668443320319, 0.00846811849624, -0.00653258757666, 0.00662738131359, -0.00453854072839, 0.00527827814221, -0.0105199674144, 0.0219530779868, -0.00824640132487, 0.00199570436962, -0.0024923318997], [0.0022131386213, -0.0055201780051, 0.00675091147423, -0.00611357949674, 0.00423266831785, -0.00511478632689, 0.00294808181934, -0.00399990892038, 0.00469365343451, -0.00824640132487, 0.0188236087561, -0.00668955454603, 0.0038477818016], [-0.00176462461241, 0.00460715731606, -0.00565210916102, 0.00533211324364, -0.00430086068809, 0.00549362367019, -0.0028910851106, 0.00237676966935, -0.00266317650676, 0.00199570436962, -0.00668955454603, 0.0194230321795, -0.00707284826785], [0.00165378069505, -0.00337302545086, 0.00489227287471, -0.00452012289315, 0.00223433133215, -0.00385930994526, 0.00418167794123, -0.00248227640986, 0.00370496115647, -0.0024923318997, 0.0038477818016, -0.00707284826785, 0.0241790283471]], "mean": [-38.2504882812, 114.937553406, -153.391708374, 47.3696594238, -41.6820030212, -5.8242354393, -28.6865463257, 8.02369594574, -12.2246904373, -0.314578652382, -3.82523107529, -5.06096315384, -8.84631156921]}, "hfc": {"dmean": 4.53224039078, "dmean2": 6.5044798851, "dvar": 28.0338573456, "dvar2": 56.2532920837, "max": 88.2052764893, "mean": 21.8473625183, "median": 20.0818519592, "min": 1.05920305384e-16, "var": 217.766387939}, "melbands": {"dmean": [0.000280797539745, 0.000479862705106, 0.000169031802216, 0.00016822249745, 0.00013457336172, 0.000122797704535, 7.61571427574e-05, 0.000131253502332, 0.000116188457469, 5.76747916057e-05, 3.56566015398e-05, 3.15048928314e-05, 2.91542382911e-05, 2.68664189207e-05, 2.55445211224e-05, 3.10945652018e-05, 3.15673059958e-05, 3.76320931537e-05, 2.38604534388e-05, 2.51362198469e-05, 2.2822901883e-05, 1.93778832909e-05, 2.72286015388e-05, 2.736760689e-05, 2.40237113758e-05, 1.27747507577e-05, 9.07040248421e-06, 5.78705430598e-06, 3.36347034136e-06, 2.12959298551e-06, 1.775792839e-06, 9.56841290645e-07, 6.55920473491e-07, 7.97469169811e-07, 4.86624401219e-07, 2.18438216848e-07, 1.73268745129e-07, 1.28048299075e-07, 7.86654865692e-08, 4.38682974391e-08], "dmean2": [0.000466590834549, 0.000824647257105, 0.000287285249215, 0.000271537021035, 0.000218117202166, 0.000211149032111, 0.000123541409266, 0.000212432991248, 0.000188958249055, 9.34777926886e-05, 5.77764512855e-05, 5.22212212672e-05, 4.75385313621e-05, 4.45973309979e-05, 4.20378055423e-05, 5.07760814799e-05, 5.2062998293e-05, 6.27163535682e-05, 3.95433999074e-05, 4.1392770072e-05, 3.76292300643e-05, 3.11929616146e-05, 4.42128257419e-05, 4.39362775069e-05, 3.82968100894e-05, 2.00202430278e-05, 1.45250505739e-05, 9.34441231948e-06, 5.40035807717e-06, 3.38824065693e-06, 2.81464895124e-06, 1.53043004048e-06, 1.03194770418e-06, 1.24988775951e-06, 7.38732580885e-07, 3.3172685221e-07, 2.6272306286e-07, 1.91368599189e-07, 1.17575957859e-07, 6.60132997155e-08], "dvar": [1.14925583716e-07, 3.3517102338e-07, 5.33237916045e-08, 7.15418693176e-08, 3.19172173135e-08, 4.66260310361e-08, 1.30899335815e-08, 5.65828059962e-08, 4.47036825335e-08, 1.29237216484e-08, 4.42325820416e-09, 3.7395206931e-09, 2.6607509529e-09, 2.00834482378e-09, 2.15312878638e-09, 2.41116926425e-09, 2.54237786379e-09, 4.72877159652e-09, 1.20031140582e-09, 1.1891525542e-09, 9.34846755563e-10, 6.79696465777e-10, 1.42905787204e-09, 1.57633950337e-09, 1.56781099214e-09, 2.95653029836e-10, 1.99846195148e-10, 7.82868075921e-11, 2.52873052359e-11, 1.43270421568e-11, 1.26852903182e-11, 4.20768758377e-12, 1.68795305424e-12, 3.68533545694e-12, 1.04464798357e-12, 4.06286251387e-13, 6.39605068128e-13, 2.75234696145e-13, 9.06131181373e-14, 1.2180501494e-14], "dvar2": [3.30615250732e-07, 1.01586329038e-06, 1.50795273157e-07, 1.71207602762e-07, 8.22260517452e-08, 1.32692775878e-07, 3.10116874402e-08, 1.52892027927e-07, 1.21922496987e-07, 3.23320321627e-08, 1.19160006307e-08, 9.8158237094e-09, 6.87978651825e-09, 5.19314635739e-09, 5.450767393e-09, 6.11338313306e-09, 6.84504275483e-09, 1.2869723065e-08, 3.19244342073e-09, 3.12170667094e-09, 2.37268382719e-09, 1.655702353e-09, 3.57632590209e-09, 3.94919430491e-09, 3.99124289174e-09, 6.94086454978e-10, 4.75251726861e-10, 2.08832479087e-10, 6.4208062478e-11, 3.43701837824e-11, 3.11704967393e-11, 1.03916996536e-11, 4.18085271264e-12, 8.91596605573e-12, 2.47668270441e-12, 8.25114932976e-13, 1.40542764059e-12, 5.1824468111e-13, 1.70017279877e-13, 2.59365554207e-14], "max": [0.00408868910745, 0.00641843304038, 0.00311004836112, 0.00623115058988, 0.00348335597664, 0.00313006085344, 0.00230324082077, 0.00622191280127, 0.00612593302503, 0.0025683126878, 0.00153634650633, 0.00143294397276, 0.000909254769795, 0.00111998431385, 0.00194287847262, 0.00116818759125, 0.000794809835497, 0.00148602644913, 0.000724725075997, 0.000777839450166, 0.000545601011254, 0.000455194647657, 0.000511581485625, 0.000675794668496, 0.000795347325038, 0.000297377235256, 0.000255062535871, 0.000157337068231, 8.35239115986e-05, 9.79679316515e-05, 8.30191420391e-05, 3.81898244086e-05, 2.51647998084e-05, 3.89116721635e-05, 2.33208756981e-05, 2.93945067824e-05, 3.48454886989e-05, 1.967105527e-05, 1.6304453311e-05, 4.18527770307e-06], "mean": [0.000671119603794, 0.000909899419639, 0.000302061525872, 0.000358041288564, 0.000307062029606, 0.000208007637411, 0.000144034376717, 0.000236450068769, 0.00021262728842, 0.000106018836959, 6.45976761007e-05, 5.27259653609e-05, 5.31655205123e-05, 5.26960939169e-05, 4.92375838803e-05, 6.1770544562e-05, 6.12570438534e-05, 6.88916552463e-05, 4.98274785059e-05, 5.04933086631e-05, 4.41930133093e-05, 4.13672969444e-05, 5.92562719248e-05, 6.39167192276e-05, 5.43274800293e-05, 3.10980758513e-05, 2.2048376195e-05, 1.4112097233e-05, 7.5752959674e-06, 4.13791713072e-06, 3.03218530462e-06, 1.53155360749e-06, 1.15268198897e-06, 1.23948495911e-06, 8.78184891917e-07, 4.13848681546e-07, 3.09414076582e-07, 2.14239705087e-07, 1.20069955756e-07, 6.40698658572e-08], "median": [0.000546104565728, 0.000756778172217, 0.000222635644604, 0.000177699213964, 0.000207164339372, 0.000127942708787, 9.28824301809e-05, 0.000132951201522, 0.00012313600746, 6.15828830632e-05, 3.59925215889e-05, 2.58839227172e-05, 2.72373599728e-05, 2.91986598313e-05, 2.74498088402e-05, 3.50874106516e-05, 3.4161232179e-05, 3.69549488823e-05, 3.12606425723e-05, 3.4621454688e-05, 3.26891240547e-05, 2.92886943498e-05, 3.88247572118e-05, 4.0793493099e-05, 3.49911824742e-05, 2.08735455089e-05, 1.26803115563e-05, 8.10122219264e-06, 4.54407245343e-06, 2.21619325202e-06, 1.55407656166e-06, 6.83832638515e-07, 5.42609541299e-07, 5.71722466702e-07, 3.94970868456e-07, 1.86945456448e-07, 1.17048656989e-07, 7.39847436648e-08, 3.8209019948e-08, 2.00974596964e-08], "min": [3.63226295295e-25, 1.51214843795e-24, 2.12777775636e-24, 8.39174059326e-25, 2.02991423625e-24, 1.61282878313e-24, 1.72177096718e-24, 1.56604035816e-24, 1.67744033696e-24, 2.45240210468e-24, 1.96547849979e-24, 1.64164439288e-24, 2.00479572174e-24, 2.90571767121e-24, 2.45851202961e-24, 2.85418296599e-24, 2.57357252023e-24, 1.68780340546e-24, 3.51517366e-24, 2.533357969e-24, 4.30600671748e-24, 5.67297171532e-24, 3.71925828706e-24, 4.79184682191e-24, 3.75177355586e-24, 3.89902469901e-24, 4.33605127392e-24, 4.64931148925e-24, 4.62056224242e-24, 4.83423784038e-24, 5.76655507336e-24, 3.79577345614e-24, 5.54012556673e-24, 4.18260323392e-24, 5.8810160297e-24, 4.49478270982e-24, 5.2049294962e-24, 5.40345699262e-24, 6.51113484939e-24, 6.4200222037e-24], "var": [3.27684261947e-07, 5.67280892483e-07, 8.62551061687e-08, 3.08400871063e-07, 1.1897625285e-07, 6.32290877434e-08, 2.94724742389e-08, 1.10544355891e-07, 8.89783251523e-08, 2.69450506352e-08, 8.51250003819e-09, 7.93246623942e-09, 6.09031181042e-09, 5.27690469099e-09, 5.26537835555e-09, 7.44731742941e-09, 6.26341600807e-09, 9.6837924346e-09, 3.06678571427e-09, 2.79466672026e-09, 1.91267535143e-09, 1.71200442711e-09, 3.8082035303e-09, 4.73151029468e-09, 4.27750546095e-09, 1.0584011445e-09, 6.68508193247e-10, 2.78610995386e-10, 8.17106521334e-11, 3.51938339582e-11, 1.94362824446e-11, 6.13798291707e-12, 2.84747659479e-12, 4.68474000911e-12, 1.78760814745e-12, 6.96268888899e-13, 8.84454131028e-13, 5.08957622141e-13, 1.88596886589e-13, 2.35834843407e-14]}, "melbands_crest": {"dmean": 2.73943972588, "dmean2": 4.6106133461, "dvar": 6.77917671204, "dvar2": 18.7482681274, "max": 40, "mean": 11.3080625534, "median": 10.5713310242, "min": 1.66577625275, "var": 22.3580932617}, "melbands_flatness_db": {"dmean": 0.0190026257187, "dmean2": 0.0287747289985, "dvar": 0.000430329208029, "dvar2": 0.000912868534215, "max": 1, "mean": 0.17007881403, "median": 0.156027987599, "min": 0.00287393853068, "var": 0.00450327992439}, "melbands_kurtosis": {"dmean": 6100264.5, "dmean2": 12202179, "dvar": 125591750042000000, "dvar2": 376791089967000000, "max": 20594485248, "mean": 3049764, "median": 1.45626211166, "min": -1.80820477009, "var": 62797137741600000}, "melbands_skewness": {"dmean": 36.9105033875, "dmean2": 73.4441070557, "dvar": 4466486.5, "dvar2": 13375336, "max": 123195.351562, "mean": 20.0200538635, "median": 1.47336053848, "min": -0.71242171526, "var": 2247133.25}, "melbands_spread": {"dmean": 8.2093334198, "dmean2": 12.8480911255, "dvar": 70.2403259277, "dvar2": 158.342529297, "max": 291.419189453, "mean": 43.6576919556, "median": 43.1244621277, "min": 3.21270938741e-08, "var": 474.70123291}, "mfcc": {"cov": [[11472.6738281, 392.023498535, -893.827880859, 562.901611328, -175.977172852, 320.965118408, 75.0679702759, 346.87677002, -40.3673324585, 373.344482422, 134.794326782, -46.7310333252, -115.112106323], [392.023498535, 1253.85668945, -443.682128906, 89.1231918335, -11.3450298309, -156.459274292, -5.62818908691, -55.7261695862, -22.1653747559, -42.2085647583, -2.63872718811, 38.7740592957, 29.8542251587], [-893.827880859, -443.682128906, 826.168273926, -29.9504356384, 75.9685211182, 74.7915878296, -90.8390731812, 25.9503536224, 29.1389942169, -42.0885047913, -21.6509723663, -24.5976219177, -29.2919235229], [562.901611328, 89.1231918335, -29.9504356384, 279.406036377, 61.4790649414, 27.2411651611, 8.55291461945, 40.6087913513, 16.1897125244, 19.9163703918, 8.05189704895, 11.8760461807, 3.5001039505], [-175.977172852, -11.3450298309, 75.9685211182, 61.4790649414, 128.807373047, 32.2403488159, 12.9768190384, 10.0147180557, 11.9890022278, -4.04723215103, -16.5261211395, 7.06292581558, -1.03981685638], [320.965118408, -156.459274292, 74.7915878296, 27.2411651611, 32.2403488159, 143.834197998, 41.0949134827, 43.773891449, 12.5206212997, 23.7013969421, 1.25652861595, -8.33276176453, -13.7526893616], [75.0679702759, -5.62818908691, -90.8390731812, 8.55291461945, 12.9768190384, 41.0949134827, 119.015708923, 29.3994140625, -5.8806180954, 24.87358284, -3.89294242859, 1.78295111656, -0.532496094704], [346.87677002, -55.7261695862, 25.9503536224, 40.6087913513, 10.0147180557, 43.773891449, 29.3994140625, 107.512893677, 20.1730365753, 13.2167654037, 7.08025789261, -2.00121665001, -10.9428110123], [-40.3673324585, -22.1653747559, 29.1389942169, 16.1897125244, 11.9890022278, 12.5206212997, -5.8806180954, 20.1730365753, 79.8217315674, 10.5654335022, -4.66199350357, -1.00277042389, -2.14927506447], [373.344482422, -42.2085647583, -42.0885047913, 19.9163703918, -4.04723215103, 23.7013969421, 24.87358284, 13.2167654037, 10.5654335022, 103.22618103, 11.256401062, -1.21902263165, -9.1353597641], [134.794326782, -2.63872718811, -21.6509723663, 8.05189704895, -16.5261211395, 1.25652861595, -3.89294242859, 7.08025789261, -4.66199350357, 11.256401062, 72.1751937866, 24.3232574463, 10.3041667938], [-46.7310333252, 38.7740592957, -24.5976219177, 11.8760461807, 7.06292581558, -8.33276176453, 1.78295111656, -2.00121665001, -1.00277042389, -1.21902263165, 24.3232574463, 68.4560470581, 20.2281932831], [-115.112106323, 29.8542251587, -29.2919235229, 3.5001039505, -1.03981685638, -13.7526893616, -0.532496094704, -10.9428110123, -2.14927506447, -9.1353597641, 10.3041667938, 20.2281932831, 55.0409240723]], "icov": [[0.000158756971359, -5.37365267519e-05, 0.000180012182682, -0.000244815833867, 0.000275667465758, -0.000430828862591, 0.000366935855709, -0.000413655710872, 0.000262849905994, -0.000400485470891, -7.16212016414e-05, 0.000103360274807, 0.000210622951272], [-5.37365267519e-05, 0.0012019937858, 0.000529580865987, -0.000326447829138, -0.000337553763529, 0.00108470453415, -2.47972402576e-05, 0.000311314011924, -9.72528287093e-05, 0.000655861862469, 0.000222215545364, -0.000382990896469, 6.87627034495e-05], [0.000180012182682, 0.000529580865987, 0.00219335197471, 1.69378417922e-05, -0.000873571028933, -0.00111348880455, 0.0022389034275, -0.000909572001547, 0.00012753487681, 0.000293913704809, 0.00015358775272, 0.00020875762857, 0.000749813218135], [-0.000244815833867, -0.000326447829138, 1.69378417922e-05, 0.00499720545486, -0.00273402314633, 8.12204452814e-05, 0.000334483222105, -0.00106181798037, -0.000559620908462, -0.00024433809449, -0.00042391390889, -0.000220879854169, -0.000784795614891], [0.000275667465758, -0.000337553763529, -0.000873571028933, -0.00273402314633, 0.0110698444769, -0.00234886747785, -0.00103082251735, 0.000289946066914, -0.000387424777728, -1.24948219309e-05, 0.00256690592505, -0.00186751817819, 0.000327065878082], [-0.000430828862591, 0.00108470453415, -0.00111348880455, 8.12204452814e-05, -0.00234886747785, 0.0118519235402, -0.00424442626536, -0.000944906030782, -0.00114314467646, 0.000110128654342, -0.000724167213775, 0.000536160252523, 0.000513104372658], [0.000366935855709, -2.47972402576e-05, 0.0022389034275, 0.000334483222105, -0.00103082251735, -0.00424442626536, 0.0131424451247, -0.00391825754195, 0.00251013995148, -0.00268469448201, 0.00162262842059, -0.000354550138582, -0.00030179481837], [-0.000413655710872, 0.000311314011924, -0.000909572001547, -0.00106181798037, 0.000289946066914, -0.000944906030782, -0.00391825754195, 0.0135387480259, -0.00343040702865, 0.00152741419151, -0.00142806523945, -0.000185995682841, 0.00142789224628], [0.000262849905994, -9.72528287093e-05, 0.00012753487681, -0.000559620908462, -0.000387424777728, -0.00114314467646, 0.00251013995148, -0.00343040702865, 0.0143800266087, -0.00240084109828, 0.00139831320848, -0.000128853120259, -0.000296118494589], [-0.000400485470891, 0.000655861862469, 0.000293913704809, -0.00024433809449, -1.24948219309e-05, 0.000110128654342, -0.00268469448201, 0.00152741419151, -0.00240084109828, 0.0125756235793, -0.00174722704105, -3.59553596354e-05, 0.00161740626208], [-7.16212016414e-05, 0.000222215545364, 0.00015358775272, -0.00042391390889, 0.00256690592505, -0.000724167213775, 0.00162262842059, -0.00142806523945, 0.00139831320848, -0.00174722704105, 0.0176377855241, -0.00622519897297, -0.00181180459913], [0.000103360274807, -0.000382990896469, 0.00020875762857, -0.000220879854169, -0.00186751817819, 0.000536160252523, -0.000354550138582, -0.000185995682841, -0.000128853120259, -3.59553596354e-05, -0.00622519897297, 0.019025342539, -0.00523030152544], [0.000210622951272, 6.87627034495e-05, 0.000749813218135, -0.000784795614891, 0.000327065878082, 0.000513104372658, -0.00030179481837, 0.00142789224628, -0.000296118494589, 0.00161740626208, -0.00181180459913, -0.00523030152544, 0.0219540577382]], "mean": [-650.223205566, 130.382720947, -41.5535507202, 45.6257896423, 3.80185484886, -1.15677297115, -3.04810452461, 4.85778999329, -5.42742919922, 7.62401628494, 3.53665781021, 4.42017364502, -0.623018443584]}, "pitch_salience": {"dmean": 0.0557605177164, "dmean2": 0.0913784354925, "dvar": 0.00243429746479, "dvar2": 0.00663030892611, "max": 0.902226090431, "mean": 0.598419010639, "median": 0.602987170219, "min": 1.65007877513e-05, "var": 0.00812024064362}, "silence_rate_20dB": {"dmean": 0, "dmean2": 0, "dvar": 0, "dvar2": 0, "max": 1, "mean": 1, "median": 1, "min": 1, "var": 0}, "silence_rate_30dB": {"dmean": 0, "dmean2": 0, "dvar": 0, "dvar2": 0, "max": 1, "mean": 1, "median": 1, "min": 1, "var": 0}, "silence_rate_60dB": {"dmean": 0.00562796229497, "dmean2": 0.0112575916573, "dvar": 0.00559662282467, "dvar2": 0.0132062211633, "max": 1, "mean": 0.0528653934598, "median": 0, "min": 0, "var": 0.0500694401562}, "spectral_centroid": {"dmean": 213.858917236, "dmean2": 334.367980957, "dvar": 148678.96875, "dvar2": 370388.40625, "max": 18887.2890625, "mean": 2195.09960938, "median": 2189.82983398, "min": 283.73034668, "var": 1472463.875}, "spectral_complexity": {"dmean": 3.70290279388, "dmean2": 5.66493844986, "dvar": 11.7236166, "dvar2": 25.2574958801, "max": 56, "mean": 28.4374351501, "median": 31, "min": 0, "var": 141.551925659}, "spectral_contrast_coeffs": {"dmean": [0.0420866496861, 0.0425033606589, 0.0340661928058, 0.0279282983392, 0.0215554051101, 0.0164464972913], "dmean2": [0.0712485611439, 0.0710492059588, 0.0567697063088, 0.0467456392944, 0.0352244377136, 0.0262338537723], "dvar": [0.00114406668581, 0.00117548299022, 0.000709195330273, 0.000475128181279, 0.0003192172735, 0.000219633599045], "dvar2": [0.00315969716758, 0.00324812089093, 0.00196010968648, 0.00132881454192, 0.000807796022855, 0.000512392551173], "max": [-0.395706266165, -0.517935276031, -0.538914561272, -0.630169093609, -0.61317306757, -0.581559419632], "mean": [-0.686769723892, -0.76448559761, -0.792151987553, -0.78145980835, -0.757401525974, -0.714711546898], "median": [-0.691360712051, -0.765349566936, -0.793579220772, -0.779774427414, -0.752708435059, -0.703340232372], "min": [-0.98067522049, -0.99851757288, -0.998868644238, -0.993848204613, -0.988489210606, -0.964761078358], "var": [0.00537369400263, 0.00368260662071, 0.00287478114478, 0.00228637550026, 0.00226775300689, 0.00290021160617]}, "spectral_contrast_valleys": {"dmean": [0.3497813344, 0.317982167006, 0.277759939432, 0.233642593026, 0.213836953044, 0.294014453888], "dmean2": [0.594793379307, 0.529842019081, 0.459470808506, 0.379305124283, 0.32072904706, 0.413339585066], "dvar": [0.130461812019, 0.120850175619, 0.100033894181, 0.092412032187, 0.0965818166733, 0.141141027212], "dvar2": [0.302948236465, 0.269538134336, 0.216280639172, 0.19173578918, 0.179297059774, 0.281810492277], "max": [-5.91550731659, -5.02422761917, -5.82854700089, -5.96752500534, -5.59690952301, -8.49999523163], "mean": [-7.62275886536, -6.86932134628, -7.61554718018, -7.62562990189, -7.38032341003, -11.3340654373], "median": [-7.06442785263, -6.35653686523, -7.05712604523, -7.07603979111, -6.80581617355, -10.8448238373], "min": [-28.2601547241, -27.9039554596, -27.8595104218, -27.6844081879, -27.5497131348, -27.4068241119], "var": [7.10738039017, 7.42606925964, 7.14501714706, 7.1890707016, 7.40536785126, 5.06777334213]}, "spectral_decrease": {"dmean": 7.39782735071e-10, "dmean2": 1.18401932703e-09, "dvar": 5.5641089725e-19, "dvar2": 1.38287806652e-18, "max": 2.213516658e-16, "mean": -4.30028901377e-09, "median": -4.42524328292e-09, "min": -1.37858471305e-08, "var": 4.63402006071e-18}, "spectral_energy": {"dmean": 0.00304868072271, "dmean2": 0.00480220606551, "dvar": 9.57772135735e-06, "dvar2": 2.26520896831e-05, "max": 0.0573504157364, "mean": 0.0182118844241, "median": 0.0186034031212, "min": 9.95200220449e-21, "var": 8.62887100084e-05}, "spectral_energyband_high": {"dmean": 0.00021917297272, "dmean2": 0.000330106035108, "dvar": 1.09475053023e-07, "dvar2": 2.51622196856e-07, "max": 0.0044000800699, "mean": 0.000558565719984, "median": 0.000404698716011, "min": 6.84428625872e-21, "var": 3.4019436157e-07}, "spectral_energyband_low": {"dmean": 0.00184653955512, "dmean2": 0.00314084487036, "dvar": 4.34695357399e-06, "dvar2": 1.3084879356e-05, "max": 0.0222366508096, "mean": 0.00452051730826, "median": 0.00417350931093, "min": 1.33094639777e-23, "var": 9.67704272625e-06}, "spectral_energyband_middle_high": {"dmean": 0.00162163795903, "dmean2": 0.00241176714189, "dvar": 3.40121800946e-06, "dvar2": 7.23567609384e-06, "max": 0.0310929324478, "mean": 0.00723724858835, "median": 0.00659685814753, "min": 1.09491833771e-21, "var": 2.68160529231e-05}, "spectral_energyband_middle_low": {"dmean": 0.00181732093915, "dmean2": 0.00295306299813, "dvar": 4.52796712125e-06, "dvar2": 1.17966392281e-05, "max": 0.0378666892648, "mean": 0.00629434036091, "median": 0.00537635758519, "min": 1.74692553264e-22, "var": 2.01811744773e-05}, "spectral_entropy": {"dmean": 0.0915212333202, "dmean2": 0.138598799706, "dvar": 0.0100197577849, "dvar2": 0.0215671211481, "max": 9.81952476501, "mean": 7.59050416946, "median": 7.60963010788, "min": 4.98847198486, "var": 0.217988416553}, "spectral_flux": {"dmean": 0.0108503559604, "dmean2": 0.0168231539428, "dvar": 0.000103484657302, "dvar2": 0.000235536368564, "max": 0.166358858347, "mean": 0.0682487115264, "median": 0.071256197989, "min": 6.36262917353e-11, "var": 0.000830989563838}, "spectral_kurtosis": {"dmean": 2.41094994545, "dmean2": 4.28272533417, "dvar": 7.651866436, "dvar2": 24.1530208588, "max": 69.3772888184, "mean": 5.61396980286, "median": 4.16657304764, "min": -1.28157627583, "var": 36.4467163086}, "spectral_rms": {"dmean": 0.000342704850482, "dmean2": 0.000536283885594, "dvar": 1.0140304596e-07, "dvar2": 2.35563362594e-07, "max": 0.00748008210212, "mean": 0.00400939816609, "median": 0.00426024198532, "min": 3.11597037235e-12, "var": 1.69233612723e-06}, "spectral_rolloff": {"dmean": 369.860473633, "dmean2": 603.797546387, "dvar": 420464.53125, "dvar2": 1113762, "max": 22050, "mean": 2746.60742188, "median": 2670.1171875, "min": 64.599609375, "var": 6987343.5}, "spectral_skewness": {"dmean": 0.249614953995, "dmean2": 0.433819979429, "dvar": 0.0601846128702, "dvar2": 0.180716320872, "max": 7.18631839752, "mean": 1.12766480446, "median": 1.02052497864, "min": -0.0598967298865, "var": 0.447107374668}, "spectral_spread": {"dmean": 289399.9375, "dmean2": 454342.65625, "dvar": 919962517504, "dvar2": 2191664349180.0, "max": 50053772, "mean": 3379349.5, "median": 2698701.75, "min": 1343357.125, "var": 21080349605900.0}, "spectral_strongpeak": {"dmean": 0.527594983578, "dmean2": 0.93968689