{"lowlevel": {"average_loudness": 0.887288868427, "barkbands": {"dmean": [3.6731329601e-05, 0.000807346601505, 0.000388049666071, 0.000357602199074, 0.00150044914335, 0.000261480192421, 0.000121934899653, 0.000134199726745, 0.000360922014806, 0.000110976623546, 0.000125612015836, 0.000153207656695, 0.000176514746272, 0.000294247351121, 0.000277517799987, 0.000231857266044, 0.000204517229577, 0.000299852748867, 0.000244365481194, 0.000595217163209, 0.000367458269466, 0.000238028093008, 0.00016697117826, 0.000130933200126, 6.09800445091e-05, 9.89818272501e-06, 4.51456315886e-07], "dmean2": [5.32013327756e-05, 0.00121784023941, 0.000693880545441, 0.000600855157245, 0.00232076784596, 0.000389170338167, 0.000180879913387, 0.00020049251907, 0.000543336733244, 0.000172288695467, 0.000195758300833, 0.000245786679443, 0.000279996020254, 0.000448636215879, 0.000424006779213, 0.00034929375397, 0.000310625531711, 0.000453755812487, 0.000350427813828, 0.000856599770486, 0.000564015237615, 0.00036555287079, 0.000261894980213, 0.000204302967177, 9.5173396403e-05, 1.53573528223e-05, 7.44192391267e-07], "dvar": [1.2190321641e-08, 4.88199430038e-06, 1.40782594826e-06, 6.91340233061e-07, 1.0699573977e-05, 3.23865435803e-07, 5.6029591633e-08, 1.83185832725e-07, 9.8801342574e-07, 1.03184582656e-07, 1.02750988162e-07, 1.53928212399e-07, 2.09525012451e-07, 6.07881361248e-07, 3.61747794386e-07, 2.46978515861e-07, 1.6694440319e-07, 2.19129063339e-07, 1.93717909269e-07, 7.98671521807e-07, 7.63974810525e-07, 2.71543456165e-07, 1.35023185521e-07, 9.15319233741e-08, 1.99386693822e-08, 7.06229963399e-10, 2.18284982104e-12], "dvar2": [2.62439971976e-08, 1.06015695565e-05, 4.15213708038e-06, 1.74079741555e-06, 2.53005473496e-05, 7.14312022865e-07, 1.16359792912e-07, 3.95411404952e-07, 2.28084309128e-06, 2.2106489439e-07, 2.51158951414e-07, 4.02566740831e-07, 5.20352671174e-07, 1.43779004702e-06, 8.45815520734e-07, 5.25385019046e-07, 3.96336758968e-07, 4.95647043408e-07, 4.07302707117e-07, 1.64439904893e-06, 1.76882065261e-06, 6.31578416233e-07, 3.16610055506e-07, 2.15572313778e-07, 4.70529997187e-08, 1.59336388528e-09, 5.6585985897e-12], "max": [0.00190180481877, 0.0247614085674, 0.0130062699318, 0.0099577344954, 0.0444028452039, 0.0115456376225, 0.00348849315196, 0.0152083644643, 0.0194256491959, 0.0092900460586, 0.007055580616, 0.00900867581367, 0.0101395361125, 0.0161851793528, 0.00833968445659, 0.00846429727972, 0.00709057226777, 0.00750884599984, 0.0119687849656, 0.0144113907591, 0.0152710760012, 0.00735811656341, 0.0039777783677, 0.00472231861204, 0.00196687411517, 0.000892854353879, 3.33951284119e-05], "mean": [4.97974433529e-05, 0.00126823817845, 0.000426417653216, 0.000441395357484, 0.00237371679395, 0.000536173873115, 0.000245888077188, 0.000236928492086, 0.000646597356535, 0.000185036158655, 0.000221143171075, 0.000266190472757, 0.000289416697342, 0.00048809760483, 0.000422427809099, 0.000350493210135, 0.000342871353496, 0.000602220825385, 0.000481712893816, 0.00139692856465, 0.000591757416259, 0.000320774648571, 0.000214124389458, 0.000157973816385, 6.42093946226e-05, 1.18588386613e-05, 5.85675024922e-07], "median": [2.65468406724e-06, 8.19565684651e-05, 8.62482193043e-05, 7.71402701503e-05, 0.000781201582868, 0.000216496307985, 7.69044418121e-05, 3.70870511688e-05, 0.000120927601529, 3.54795047315e-05, 3.72795402654e-05, 6.10675633652e-05, 5.38992680958e-05, 9.77670279099e-05, 0.000103879952803, 8.90129012987e-05, 0.000129799591377, 0.000356228702003, 0.000231449783314, 0.000722276978195, 0.000194094376639, 0.000115553302749, 7.35308349249e-05, 3.5048546124e-05, 1.08250324047e-05, 2.00381418836e-06, 2.49290707188e-07], "min": [9.33100571867e-25, 2.37584650649e-24, 1.43987812941e-24, 1.01357700597e-24, 5.41857353971e-24, 7.07737368513e-24, 7.22689280339e-24, 6.7910321649e-24, 1.48056159928e-23, 1.27456004021e-23, 1.55424388995e-23, 1.53181625887e-23, 1.69328251776e-23, 3.80206596292e-23, 2.31499641894e-23, 5.58818147424e-23, 6.88646161523e-23, 8.51866973286e-23, 1.03420876365e-22, 1.76597948961e-22, 2.88507435672e-22, 2.94233480371e-22, 3.9006695371e-22, 5.97360212557e-22, 8.24861538197e-22, 1.25808021841e-21, 1.7789324847e-21], "var": [2.1363907976e-08, 1.09124830487e-05, 1.07114101411e-06, 9.48272941059e-07, 1.85350836546e-05, 8.32029456888e-07, 1.94655271457e-07, 4.38493771071e-07, 1.94134713638e-06, 2.71298546295e-07, 2.52070435636e-07, 3.73141574528e-07, 5.13604561547e-07, 1.35241555199e-06, 6.61658134504e-07, 4.73387899547e-07, 3.30148253624e-07, 5.24502013377e-07, 4.91844048156e-07, 3.12747874887e-06, 1.30317175717e-06, 3.37152073371e-07, 1.6091348698e-07, 1.19993472936e-07, 2.2549704326e-08, 9.94018867218e-10, 2.0860325186e-12]}, "barkbands_crest": {"dmean": 2.50849866867, "dmean2": 4.01158571243, "dvar": 5.79816198349, "dvar2": 13.9837503433, "max": 25.465555191, "mean": 9.38243293762, "median": 8.29728317261, "min": 2.38465166092, "var": 18.9388942719}, "barkbands_flatness_db": {"dmean": 0.0171059239656, "dmean2": 0.0261821169406, "dvar": 0.00029660758446, "dvar2": 0.000682084006257, "max": 0.344765335321, "mean": 0.114438265562, "median": 0.107599183917, "min": 0.0288582947105, "var": 0.00142412364949}, "barkbands_kurtosis": {"dmean": 1.46412348747, "dmean2": 2.34676742554, "dvar": 26.8762302399, "dvar2": 70.3879470825, "max": 249.554489136, "mean": 0.671937406063, "median": -0.992119073868, "min": -1.97690629959, "var": 61.6417236328}, "barkbands_skewness": {"dmean": 0.516376078129, "dmean2": 0.765741467476, "dvar": 0.361009597778, "dvar2": 0.799217104912, "max": 14.3221712112, "mean": 0.28286549449, "median": 0.199370771646, "min": -8.04288005829, "var": 1.74335622787}, "barkbands_spread": {"dmean": 7.77759408951, "dmean2": 11.9534702301, "dvar": 73.5974731445, "dvar2": 163.697662354, "max": 165.503051758, "mean": 38.4785652161, "median": 38.2484779358, "min": 1.07553243637, "var": 225.043182373}, "dissonance": {"dmean": 0.00935646425933, "dmean2": 0.015456317924, "dvar": 0.000104782695416, "dvar2": 0.000276392675005, "max": 0.5, "mean": 0.480310201645, "median": 0.484060376883, "min": 0.369626224041, "var": 0.000226172836847}, "dynamic_complexity": 4.81179523468, "erbbands": {"dmean": [0.0279912911355, 0.19075755775, 0.426782131195, 0.7315928936, 5.20910596848, 3.79477000237, 1.85235667229, 2.16744089127, 1.64792132378, 1.88752400875, 4.13452196121, 7.49510240555, 5.22894668579, 4.24209594727, 4.28534936905, 5.57546281815, 6.46837186813, 12.4872322083, 12.3128395081, 14.29139328, 12.5293893814, 11.1200342178, 15.9336290359, 12.1431865692, 15.5652894974, 30.4480686188, 16.5591049194, 12.4204301834, 9.29685306549, 5.97800254822, 4.64593505859, 3.6095020771, 1.74868452549, 0.907971262932, 0.318028628826, 0.0767951235175, 0.0124589921907, 0.00117690803017, 8.55971156852e-05, 1.0299182577e-05], "dmean2": [0.0357464514673, 0.315429925919, 0.748171031475, 1.24821257591, 8.32558727264, 5.79342365265, 2.81372284889, 3.18473148346, 2.37456560135, 2.90524315834, 6.12735414505, 11.4049339294, 7.86578607559, 6.37174415588, 6.68848371506, 8.9645614624, 10.2998046875, 19.11951828, 18.751663208, 21.1900272369, 18.5341415405, 16.8855705261, 23.889503479, 17.4341011047, 21.4756793976, 43.9385490417, 24.8873157501, 19.1080341339, 14.1320838928, 9.53764438629, 7.21903085709, 5.56410980225, 2.77940106392, 1.43479061127, 0.488929599524, 0.117909431458, 0.019478995353, 0.00185210607015, 0.000137431416078, 1.50240985022e-05], "dvar": [0.00652094883844, 0.279778987169, 1.61756634712, 2.5554163456, 161.235153198, 55.1931762695, 14.6185436249, 22.7970809937, 9.57863235474, 20.3298988342, 132.512008667, 492.868499756, 201.938430786, 94.0110549927, 109.455734253, 204.78302002, 293.318572998, 982.3984375, 665.234863281, 1084.35107422, 809.466918945, 459.121185303, 577.997802734, 490.135681152, 660.23425293, 2278.97314453, 1222.7677002, 866.781494141, 408.515563965, 184.900039673, 106.628089905, 76.7555923462, 18.8946609497, 4.60336971283, 0.566221773624, 0.0368272960186, 0.00133286649361, 1.3416875845e-05, 6.59685213122e-08, 3.47150197477e-10], "dvar2": [0.0100638903677, 0.750953912735, 4.67446184158, 6.80226039886, 400.698974609, 128.400848389, 34.7205924988, 47.0010185242, 17.9366970062, 46.3133964539, 286.746154785, 1152.30651855, 437.196746826, 224.977752686, 277.679748535, 526.421691895, 724.6328125, 2302.54541016, 1542.61999512, 2404.76464844, 1701.79150391, 1111.90307617, 1303.10192871, 1066.50732422, 1276.30419922, 4789.12841797, 2860.47119141, 2039.76721191, 925.975280762, 460.705474854, 250.051864624, 180.66343689, 45.5853118896, 11.0645189285, 1.3225530386, 0.0827814936638, 0.00307291233912, 3.14786848321e-05, 1.67054224676e-07, 8.15549849875e-10], "max": [1.05909848213, 5.65544462204, 13.6528921127, 16.1009273529, 154.964202881, 113.716255188, 76.0390472412, 129.908493042, 61.3196678162, 110.531730652, 410.851287842, 497.91027832, 361.847747803, 172.055847168, 243.518722534, 322.486968994, 345.35345459, 660.84588623, 350.553710938, 606.215698242, 579.227722168, 439.557220459, 406.246826172, 540.309936523, 506.874694824, 778.803649902, 991.065307617, 419.702423096, 231.02166748, 194.858108521, 145.749404907, 157.953796387, 87.4775772095, 34.8884963989, 10.3099117279, 4.77129840851, 1.50677371025, 0.127651020885, 0.00572225032374, 0.000231407873798], "mean": [0.0464105941355, 0.247434958816, 0.492846220732, 0.97862046957, 7.21505737305, 6.4693608284, 3.62613677979, 4.50351715088, 3.65436911583, 3.44776988029, 7.80453586578, 12.5934762955, 9.67885780334, 7.77709341049, 8.14584064484, 9.8677148819, 11.6288042068, 22.5186290741, 21.2002773285, 23.1834526062, 20.164598465, 20.9988536835, 32.803894043, 24.6874790192, 35.1637840271, 70.3357086182, 31.5971050262, 19.559885025, 12.6432752609, 7.84774065018, 5.98998165131, 4.58635568619, 1.94019758701, 0.928945541382, 0.350082963705, 0.089465610683, 0.0150376521051, 0.00140027049929, 0.000121195065731, 2.4688342819e-05], "median": [0.00159460888244, 0.0219381116331, 0.11313597858, 0.303225427866, 1.46177470684, 2.52067565918, 1.77038896084, 1.66801273823, 1.31502389908, 1.13345110416, 1.57960379124, 2.58558106422, 2.50038146973, 1.97372698784, 1.92421424389, 2.5421974659, 2.79952168465, 5.19572401047, 5.99054098129, 6.61901712418, 5.97204875946, 9.46232414246, 19.9843158722, 13.1830205917, 19.9827823639, 35.2788619995, 14.4807310104, 6.6725730896, 4.44506692886, 2.96533584595, 1.93426895142, 0.899423420429, 0.470192164183, 0.163852378726, 0.0558477118611, 0.0143623137847, 0.00262060109526, 0.000363425904652, 5.56445520488e-05, 1.91558519873e-05], "min": [1.00558617633e-22, 5.10437181889e-22, 1.36691485153e-21, 3.00113768204e-21, 3.8593581663e-21, 1.91545416155e-20, 6.50344777979e-20, 7.62878564413e-20, 9.65718501754e-20, 2.01801554253e-19, 2.37704255991e-19, 3.82456236146e-19, 5.98536155618e-19, 5.6562413831e-19, 8.56897386252e-19, 1.04834161818e-18, 1.20724249687e-18, 2.38701970227e-18, 2.33773752214e-18, 2.90969817414e-18, 3.11106474771e-18, 3.97828627858e-18, 4.811019341e-18, 6.27571301473e-18, 6.15967115532e-18, 7.91025457877e-18, 9.78534646879e-18, 1.00342376705e-17, 1.04789647094e-17, 1.05844674606e-17, 1.06341016061e-17, 1.10690579876e-17, 1.00502460969e-17, 7.66081330197e-18, 6.38547326457e-18, 3.8938158352e-18, 2.19537146692e-18, 9.5012477719e-19, 2.34874962254e-19, 2.73511211573e-20], "var": [0.0171963069588, 0.413497507572, 1.33052408695, 2.78024792671, 221.580947876, 114.364509583, 28.5884799957, 67.3068695068, 39.0130577087, 50.9178771973, 327.420135498, 813.098510742, 473.471252441, 233.331970215, 256.830352783, 489.334899902, 670.400024414, 2332.15258789, 1443.35681152, 1995.47155762, 1615.54968262, 1001.96405029, 1476.4543457, 1111.69970703, 2080.0078125, 8548.74902344, 2765.27270508, 1273.78833008, 528.337341309, 196.480453491, 128.61328125, 103.505645752, 21.458398819, 4.89126253128, 0.6948133111, 0.051023568958, 0.00183051684871, 1.70610292116e-05, 6.9859382279e-08, 5.91845628062e-10]}, "erbbands_crest": {"dmean": 2.38852572441, "dmean2": 3.81353259087, "dvar": 5.28982114792, "dvar2": 12.8815526962, "max": 27.1134338379, "mean": 8.86034488678, "median": 7.99897384644, "min": 2.47536706924, "var": 14.1881933212}, "erbbands_flatness_db": {"dmean": 0.0163576100022, "dmean2": 0.0239207707345, "dvar": 0.000265706359642, "dvar2": 0.000543462287169, "max": 0.327393233776, "mean": 0.170512482524, "median": 0.168975621462, "min": 0.0627112612128, "var": 0.00136795488652}, "erbbands_kurtosis": {"dmean": 1.22545826435, "dmean2": 1.94386720657, "dvar": 4.38853597641, "dvar2": 10.7824621201, "max": 50.3648643494, "mean": 0.877612411976, "median": 0.104315280914, "min": -1.91187977791, "var": 7.96151590347}, "erbbands_skewness": {"dmean": 0.392313987017, "dmean2": 0.599529206753, "dvar": 0.171991109848, "dvar2": 0.388772338629, "max": 2.44257497787, "mean": -0.842206418514, "median": -0.801654100418, "min": -6.49447345734, "var": 0.653982102871}, "erbbands_spread": {"dmean": 9.43511390686, "dmean2": 14.4954442978, "dvar": 125.421760559, "dvar2": 280.257415771, "max": 160.158920288, "mean": 40.3697471619, "median": 35.9943161011, "min": 4.57166528702, "var": 359.629760742}, "gfcc": {"cov": [[33827.3242188, 1642.39416504, -3488.40551758, 1555.2109375, -1904.93676758, 426.756622314, -1034.48620605, 297.921112061, -720.227111816, 2.36036610603, -560.575622559, -140.494567871, -233.380050659], [1642.39416504, 1045.67089844, -195.092575073, 103.342788696, 170.216522217, -55.7777481079, 141.692474365, 44.4502182007, -14.0986146927, 2.71016120911, 57.5731620789, -84.0479812622, -12.8749809265], [-3488.40551758, -195.092575073, 1091.46411133, 124.521446228, 249.572296143, 55.3963317871, -6.03216362, -17.5287246704, 73.0288848877, 17.6916122437, -31.0911846161, 32.2610626221, -26.0520153046], [1555.2109375, 103.342788696, 124.521446228, 507.083984375, 37.3165969849, -15.304807663, -119.273422241, 11.6143369675, -8.10933685303, -5.75801992416, -62.4628448486, -19.0038833618, -3.81074142456], [-1904.93676758, 170.216522217, 249.572296143, 37.3165969849, 438.476104736, 41.197353363, 166.741485596, 72.5299835205, 87.3115081787, 19.5446968079, 77.0026321411, -2.41100740433, 30.4492740631], [426.756622314, -55.7777481079, 55.3963317871, -15.304807663, 41.197353363, 344.652374268, 147.684860229, 20.3665351868, -29.7481575012, 35.0766792297, 0.208764240146, 10.9748601913, -19.2214298248], [-1034.48620605, 141.692474365, -6.03216362, -119.273422241, 166.741485596, 147.684860229, 334.815490723, 63.7575302124, 25.1528625488, 41.4337882996, 90.0086669922, -10.2998209, 9.3091135025], [297.921112061, 44.4502182007, -17.5287246704, 11.6143369675, 72.5299835205, 20.3665351868, 63.7575302124, 194.220275879, 93.4593887329, 25.8405189514, 27.5493869781, 12.5571947098, 26.1058769226], [-720.227111816, -14.0986146927, 73.0288848877, -8.10933685303, 87.3115081787, -29.7481575012, 25.1528625488, 93.4593887329, 213.455444336, 70.1268157959, 21.7619247437, 28.9897232056, 48.8712387085], [2.36036610603, 2.71016120911, 17.6916122437, -5.75801992416, 19.5446968079, 35.0766792297, 41.4337882996, 25.8405189514, 70.1268157959, 111.970420837, 49.6777763367, 23.3592586517, 12.9234495163], [-560.575622559, 57.5731620789, -31.0911846161, -62.4628448486, 77.0026321411, 0.208764240146, 90.0086669922, 27.5493869781, 21.7619247437, 49.6777763367, 148.192489624, 30.7129955292, 18.3495464325], [-140.494567871, -84.0479812622, 32.2610626221, -19.0038833618, -2.41100740433, 10.9748601913, -10.2998209, 12.5571947098, 28.9897232056, 23.3592586517, 30.7129955292, 99.1079940796, 42.2331314087], [-233.380050659, -12.8749809265, -26.0520153046, -3.81074142456, 30.4492740631, -19.2214298248, 9.3091135025, 26.1058769226, 48.8712387085, 12.9234495163, 18.3495464325, 42.2331314087, 85.5972595215]], "icov": [[0.000273105077213, -0.00050473905867, 0.000745875178836, -0.000703309895471, 0.000678055977914, -0.000783159222919, 0.000871673400979, -0.00100652186666, 0.000704095058609, -0.000764833122957, 0.000594475539401, -0.000521367765032, 0.000502784620039], [-0.00050473905867, 0.00226201373152, -0.00104067835491, 0.000875148514751, -0.00176579516847, 0.00194952997845, -0.00221352884546, 0.00178597448394, -0.00101890321821, 0.00117712968495, -0.00121809006669, 0.00170170818456, -0.000726220896468], [0.000745875178836, -0.00104067835491, 0.0034083283972, -0.00219096289948, 0.000744805845898, -0.00217243237421, 0.00246845395304, -0.00228190724738, 0.00152374431491, -0.00225221225992, 0.00223737419583, -0.0022667858284, 0.00260045775212], [-0.000703309895471, 0.000875148514751, -0.00219096289948, 0.00446489499882, -0.00231063202955, 0.00166403944604, -0.000713476969395, 0.00194555032067, -0.00109302962665, 0.00107779190876, -0.000654394098092, 0.00181862467434, -0.00186981505249], [0.000678055977914, -0.00176579516847, 0.000744805845898, -0.00231063202955, 0.00618017092347, -0.00212353165261, 0.000531324592885, -0.00269809202291, 0.000249309057835, -3.67046595784e-05, -0.000548763142433, -0.000302156899124, -7.33622582629e-05], [-0.000783159222919, 0.00194952997845, -0.00217243237421, 0.00166403944604, -0.00212353165261, 0.00693692127243, -0.0052352687344, 0.00234199641272, -0.00028148497222, 9.24401138036e-06, 0.000437958515249, -8.04937444627e-05, -0.000155787638505], [0.000871673400979, -0.00221352884546, 0.00246845395304, -0.000713476969395, 0.000531324592885, -0.0052352687344, 0.0095426607877, -0.00420746253803, 0.00252453819849, -0.00293340464123, -0.000444683071692, 0.000393446011003, 0.000546688446775], [-0.00100652186666, 0.00178597448394, -0.00228190724738, 0.00194555032067, -0.00269809202291, 0.00234199641272, -0.00420746253803, 0.0110983904451, -0.00627730088308, 0.00426507741213, -0.00287340977229, 0.00148081220686, -0.00169969967101], [0.000704095058609, -0.00101890321821, 0.00152374431491, -0.00109302962665, 0.000249309057835, -0.00028148497222, 0.00252453819849, -0.00627730088308, 0.0116958776489, -0.00832955539227, 0.00401828531176, -0.001350686769, -0.00194549770094], [-0.000764833122957, 0.00117712968495, -0.00225221225992, 0.00107779190876, -3.67046595784e-05, 9.24401138036e-06, -0.00293340464123, 0.00426507741213, -0.00832955539227, 0.0177395194769, -0.00717917690054, 0.000560242740903, -0.000172387255589], [0.000594475539401, -0.00121809006669, 0.00223737419583, -0.000654394098092, -0.000548763142433, 0.000437958515249, -0.000444683071692, -0.00287340977229, 0.00401828531176, -0.00717917690054, 0.0134240826592, -0.00519005581737, 0.001780407154], [-0.000521367765032, 0.00170170818456, -0.0022667858284, 0.00181862467434, -0.000302156899124, -8.04937444627e-05, 0.000393446011003, 0.00148081220686, -0.001350686769, 0.000560242740903, -0.00519005581737, 0.0174345690757, -0.00898241996765], [0.000502784620039, -0.000726220896468, 0.00260045775212, -0.00186981505249, -7.33622582629e-05, -0.000155787638505, 0.000546688446775, -0.00169969967101, -0.00194549770094, -0.000172387255589, 0.001780407154, -0.00898241996765, 0.0192894805223]], "mean": [-63.3851890564, 49.1873512268, -137.360092163, 56.7089767456, -64.331993103, 2.7512152195, -38.4576148987, 0.370210289955, -30.2425994873, -2.01216650009, -15.7296466827, -7.5381360054, -6.61763906479]}, "hfc": {"dmean": 9.13398456573, "dmean2": 12.6119213104, "dvar": 193.028549194, "dvar2": 404.883361816, "max": 168.536056519, "mean": 23.2435455322, "median": 18.3675289154, "min": 1.04258128956e-16, "var": 505.778076172}, "melbands": {"dmean": [0.000229486933677, 0.000219123263378, 0.000244133931119, 0.000383751088521, 6.78053402225e-05, 4.83570402139e-05, 2.49619133683e-05, 2.1806676159e-05, 3.98553347623e-05, 4.91527171107e-05, 2.67302602879e-05, 1.73767602973e-05, 1.61340758495e-05, 1.48099124999e-05, 1.66148074641e-05, 1.81115137821e-05, 2.5894083592e-05, 2.23969072977e-05, 2.25907242566e-05, 1.59991941473e-05, 1.56143032655e-05, 1.19831302072e-05, 1.23061872728e-05, 1.74934721144e-05, 9.73935311777e-06, 9.51204583544e-06, 1.7612515876e-05, 2.1928382921e-05, 1.11950566861e-05, 1.16764731501e-05, 6.04006254434e-06, 5.68217865293e-06, 4.26134783993e-06, 3.10476320919e-06, 2.69328393188e-06, 2.82293899545e-06, 1.95676943804e-06, 1.29913905766e-06, 9.84902840173e-07, 7.04275350927e-07], "dmean2": [0.000318080798024, 0.000371872010874, 0.000403530924814, 0.000592390075326, 0.000103429862065, 7.1017369919e-05, 3.62717182725e-05, 3.31876944983e-05, 5.96680401941e-05, 7.46947916923e-05, 4.04004676966e-05, 2.62319608737e-05, 2.49768818321e-05, 2.34306698985e-05, 2.67991454166e-05, 2.83229801425e-05, 3.97644544137e-05, 3.45313274011e-05, 3.46152191923e-05, 2.39229830186e-05, 2.33991831919e-05, 1.84555046872e-05, 1.8817385353e-05, 2.65416438197e-05, 1.44610557982e-05, 1.34254605655e-05, 2.49951517617e-05, 3.21238112519e-05, 1.70117364178e-05, 1.82356816367e-05, 9.53038670559e-06, 8.73513636179e-06, 6.75564615449e-06, 5.05979687659e-06, 4.2929382289e-06, 4.34118555859e-06, 3.05751245833e-06, 2.07548214348e-06, 1.59234593866e-06, 1.11175916118e-06], "dvar": [4.04788892183e-07, 3.78396521228e-07, 3.01037488271e-07, 7.23198411379e-07, 1.53001131764e-08, 1.08341042804e-08, 2.0331678563e-09, 3.17361292801e-09, 1.14061400325e-08, 2.03930259346e-08, 5.40702549401e-09, 1.61320024006e-09, 1.53135892855e-09, 1.69078828716e-09, 1.92236626617e-09, 2.170106983e-09, 4.8241823869e-09, 2.79516587653e-09, 2.51871101753e-09, 1.31703348227e-09, 1.43157730115e-09, 5.70848812664e-10, 4.10227268821e-10, 8.21224643843e-10, 3.58267138179e-10, 2.9975061322e-10, 8.12097833425e-10, 1.265405003e-09, 7.13504644256e-10, 1.01893804505e-09, 2.09086872816e-10, 1.62513655311e-10, 8.75694933233e-11, 5.33104185796e-11, 3.76589072426e-11, 4.70728629687e-11, 2.26452988306e-11, 1.14990387004e-11, 5.75567067965e-12, 2.87653017725e-12], "dvar2": [7.50741207867e-07, 1.05147012164e-06, 7.67507970068e-07, 1.69342320078e-06, 3.68850514576e-08, 2.27256791163e-08, 3.99250854599e-09, 7.24009385777e-09, 2.54840344383e-08, 4.76465373822e-08, 1.17436425029e-08, 3.81408327144e-09, 3.73007891241e-09, 4.42593339756e-09, 5.01083663451e-09, 5.24512389077e-09, 1.13409948099e-08, 6.60269705577e-09, 5.87394399787e-09, 2.92404300772e-09, 2.99703684092e-09, 1.37568501035e-09, 9.67051549949e-10, 1.87863413714e-09, 8.11471612128e-10, 6.02515815018e-10, 1.65529545626e-09, 2.69629540917e-09, 1.72295266943e-09, 2.41359221498e-09, 5.1942650181e-10, 3.72589598063e-10, 2.11266101835e-10, 1.36795991201e-10, 9.00412938654e-11, 1.1106027209e-10, 5.39614949946e-11, 2.7690199092e-11, 1.43372709538e-11, 6.95546354887e-12], "max": [0.00797264277935, 0.00672831945121, 0.00678219972178, 0.0120935039595, 0.00212184013799, 0.00265819579363, 0.000771871418692, 0.00125601724721, 0.00296357553452, 0.00278350431472, 0.00187532743439, 0.000767153047491, 0.000751209328882, 0.00118167058099, 0.000847859075293, 0.00104631576687, 0.00152950151823, 0.000937699456699, 0.000798408931587, 0.000633821415249, 0.000794624444097, 0.000395322800614, 0.000397924246499, 0.000444804667495, 0.000477595516713, 0.000337122532073, 0.000431791821029, 0.000600616564043, 0.00102231698111, 0.000643368111923, 0.000199838614208, 0.000158987677423, 9.16165154194e-05, 0.00010899463814, 7.43472191971e-05, 0.000131702938234, 8.6370993813e-05, 7.22762706573e-05, 4.19666030211e-05, 2.47561674769e-05], "mean": [0.000375639850972, 0.000280649546767, 0.000329579634126, 0.000594599870965, 0.000134609392262, 0.000102002661151, 5.39002248843e-05, 3.8104779378e-05, 7.37097288948e-05, 8.33591402625e-05, 4.83371914015e-05, 3.07611517201e-05, 3.00243300444e-05, 2.46715353569e-05, 2.71933568001e-05, 3.07497502945e-05, 4.44416691607e-05, 3.59493460564e-05, 3.4863325709e-05, 2.41745419771e-05, 2.32335569308e-05, 2.03977615456e-05, 2.34509971051e-05, 3.28716087097e-05, 1.78470163519e-05, 1.89607781067e-05, 3.83278311347e-05, 4.84279844386e-05, 2.0136252715e-05, 1.79334401764e-05, 8.47872161103e-06, 7.27856513549e-06, 5.76550019105e-06, 3.77263813789e-06, 3.2703665056e-06, 3.70677616957e-06, 2.34572667068e-06, 1.41333703141e-06, 9.8642260582e-07, 7.12321480023e-07], "median": [1.90049468074e-05, 5.02229049744e-05, 8.8571861852e-05, 0.000173570006154, 7.21208198229e-05, 3.96544382966e-05, 1.97694807866e-05, 8.91854961083e-06, 1.28442034111e-05, 1.54908411787e-05, 1.08325184556e-05, 6.9592329055e-06, 6.15933777226e-06, 5.59529689781e-06, 5.85996622249e-06, 5.78543767915e-06, 9.0056546469e-06, 7.36446509109e-06, 8.41250493977e-06, 6.02819636697e-06, 5.85922180107e-06, 7.62344825489e-06, 1.31318765852e-05, 1.76031353476e-05, 8.03353941592e-06, 8.8998267529e-06, 1.97037461476e-05, 2.18337172555e-05, 7.41944040783e-06, 4.65878883915e-06, 2.74486342278e-06, 2.30773002841e-06, 2.17042497752e-06, 1.29503496282e-06, 1.06428683466e-06, 8.18555179194e-07, 4.27172125228e-07, 3.13938613772e-07, 1.95728532049e-07, 1.07922808468e-07], "min": [8.52305142131e-25, 6.93720532962e-25, 8.12810130658e-25, 7.93416774164e-25, 1.91517619253e-24, 1.37172212492e-24, 1.61854269988e-24, 2.30136166817e-24, 1.92515271918e-24, 1.97329098377e-24, 2.26312597453e-24, 2.17630887368e-24, 2.57728115256e-24, 1.95181286512e-24, 2.14163607031e-24, 1.75045513298e-24, 3.39401448572e-24, 3.4398575595e-24, 2.52632823226e-24, 3.72043447867e-24, 2.70687265827e-24, 3.80269058298e-24, 3.40998418588e-24, 3.8778126237e-24, 4.57208871195e-24, 3.02588603619e-24, 4.17636413302e-24, 4.9681517122e-24, 4.55471681153e-24, 4.30781360338e-24, 5.66766268143e-24, 5.08256928119e-24, 5.2980446653e-24, 5.0626864365e-24, 4.15058928624e-24, 5.7809999054e-24, 6.38734600728e-24, 6.49369589579e-24, 4.73320724095e-24, 5.91079434558e-24], "var": [1.02347996744e-06, 4.1582362087e-07, 3.72151589545e-07, 1.28115664211e-06, 3.19496749057e-08, 3.17451451792e-08, 7.90070053824e-09, 8.12083111867e-09, 2.68123141467e-08, 3.57225786729e-08, 1.26673569412e-08, 3.91912280406e-09, 3.97398869367e-09, 3.66905972271e-09, 4.2197765282e-09, 5.69988944932e-09, 1.05724984323e-08, 6.04791328129e-09, 4.76732120447e-09, 2.2822759238e-09, 2.78679501697e-09, 1.19169751844e-09, 8.75784889054e-10, 1.7939412178e-09, 7.23365922717e-10, 7.9073564363e-10, 2.67033861689e-09, 4.44135350719e-09, 1.80730985733e-09, 1.53650092649e-09, 2.56514059993e-10, 2.00274657969e-10, 1.02897711185e-10, 5.12905412586e-11, 4.09259535983e-11, 6.34334043625e-11, 2.88420537453e-11, 1.29665575152e-11, 5.75903951264e-12, 3.00543075669e-12]}, "melbands_crest": {"dmean": 3.23182654381, "dmean2": 4.95433712006, "dvar": 9.2082824707, "dvar2": 21.0071640015, "max": 38.6420059204, "mean": 13.3208532333, "median": 12.5329875946, "min": 1.45437705517, "var": 38.7977676392}, "melbands_flatness_db": {"dmean": 0.0234254617244, "dmean2": 0.0344947353005, "dvar": 0.000603045744356, "dvar2": 0.00134388683364, "max": 0.462432920933, "mean": 0.13215585053, "median": 0.12550625205, "min": 0.00117567670532, "var": 0.00320616387762}, "melbands_kurtosis": {"dmean": 4.62776231766, "dmean2": 7.11782884598, "dvar": 161.992553711, "dvar2": 374.721496582, "max": 537.441650391, "mean": 6.03950166702, "median": 1.22673463821, "min": -1.89714443684, "var": 378.232025146}, "melbands_skewness": {"dmean": 0.695735275745, "dmean2": 1.02709019184, "dvar": 0.697688817978, "dvar2": 1.51076877117, "max": 16.7369308472, "mean": 1.82727754116, "median": 1.4567990303, "min": -2.83166790009, "var": 2.77963995934}, "melbands_spread": {"dmean": 16.5102996826, "dmean2": 25.5630264282, "dvar": 395.948883057, "dvar2": 932.012817383, "max": 261.544281006, "mean": 61.0088386536, "median": 56.661529541, "min": 0.627821981907, "var": 1102.93041992}, "mfcc": {"cov": [[14660.2080078, 429.616729736, -509.196044922, 373.275390625, -353.680725098, 55.086643219, -151.281570435, 78.8852615356, -61.5233001709, 123.064353943, -69.1032180786, -137.315597534, -183.988464355], [429.616729736, 1007.49871826, -203.771820068, 149.032196045, 14.198923111, 5.066365242, 175.063552856, 41.7124099731, -12.5227413177, 113.188354492, 53.3662910461, -7.79290962219, 46.7116165161], [-509.196044922, -203.771820068, 639.58013916, 109.142349243, 129.000793457, 94.3070831299, -60.8500938416, -27.202167511, 40.2994384766, -98.0213165283, -7.38315343857, 76.185585022, -30.492767334], [373.275390625, 149.032196045, 109.142349243, 475.16519165, 187.074356079, -44.8330078125, -56.2734222412, -12.8681287766, 32.6020050049, 6.26475048065, -48.3827209473, 37.1757087708, 54.2259941101], [-353.680725098, 14.198923111, 129.000793457, 187.074356079, 298.32800293, 6.6531829834, -23.3819980621, 25.604850769, 58.7647743225, 19.9829330444, -3.25916147232, 11.7138729095, 47.1880378723], [55.086643219, 5.066365242, 94.3070831299, -44.8330078125, 6.6531829834, 268.854705811, 120.255371094, 21.7936611176, 25.0331993103, -1.37119925022, 52.2055168152, -2.91986870766, -40.9880599976], [-151.281570435, 175.063552856, -60.8500938416, -56.2734222412, -23.3819980621, 120.255371094, 326.108856201, 86.6767196655, -18.6238117218, 45.9534950256, 67.0244216919, -11.4392213821, 14.6337480545], [78.8852615356, 41.7124099731, -27.202167511, -12.8681287766, 25.604850769, 21.7936611176, 86.6767196655, 127.430099487, 58.8324394226, 34.63331604, 36.9274635315, -5.36779212952, 10.5775165558], [-61.5233001709, -12.5227413177, 40.2994384766, 32.6020050049, 58.7647743225, 25.0331993103, -18.6238117218, 58.8324394226, 160.961257935, 47.9357795715, 28.0233001709, 18.1933097839, 11.4626197815], [123.064353943, 113.188354492, -98.0213165283, 6.26475048065, 19.9829330444, -1.37119925022, 45.9534950256, 34.63331604, 47.9357795715, 153.368789673, 52.4566268921, 1.60525047779, 32.969165802], [-69.1032180786, 53.3662910461, -7.38315343857, -48.3827209473, -3.25916147232, 52.2055168152, 67.0244216919, 36.9274635315, 28.0233001709, 52.4566268921, 122.060028076, 25.646982193, 10.1551952362], [-137.315597534, -7.79290962219, 76.185585022, 37.1757087708, 11.7138729095, -2.91986870766, -11.4392213821, -5.36779212952, 18.1933097839, 1.60525047779, 25.646982193, 108.625488281, 42.0555534363], [-183.988464355, 46.7116165161, -30.492767334, 54.2259941101, 47.1880378723, -40.9880599976, 14.6337480545, 10.5775165558, 11.4626197815, 32.969165802, 10.1551952362, 42.0555534363, 122.41065979]], "icov": [[8.56771875988e-05, -1.36843436849e-05, 5.62171153433e-05, -0.000164798257174, 0.000180001748959, -0.000120805532788, 0.000155496105435, -0.000215021253098, 0.000115581759019, -0.000110750406748, 3.23189378832e-05, 3.76932875952e-05, 0.000114531234431], [-1.36843436849e-05, 0.00135464884806, 0.000339696765877, -0.000648844055831, 9.62719277595e-05, 0.000113057511044, -0.00070984987542, 0.000194039341295, 0.000151903688675, -0.000516005035024, -0.000377704331186, 4.55862973467e-05, 4.38106180809e-05], [5.62171153433e-05, 0.000339696765877, 0.00264080567285, -0.000436710455688, -0.000942150014453, -0.0008394891629, 0.00011949576583, 0.000307614507619, -0.00040065246867, 0.00136513705365, -0.000153941247845, -0.00187126430683, 0.00117288972251], [-0.000164798257174, -0.000648844055831, -0.000436710455688, 0.00380096072331, -0.00220346054994, 0.000494891544804, -5.77507416892e-05, 0.000753733969759, -0.000459654867882, 6.69441578793e-05, 0.00154559349176, -0.00102968607098, -0.000585208355915], [0.000180001748959, 9.62719277595e-05, -0.000942150014453, -0.00220346054994, 0.00591785367578, -0.000644414452836, 0.000806425407063, -0.00145823252387, -0.000473801337648, -0.000815970241092, -0.000217250708374, 0.00186614203267, -0.00185120303649], [-0.000120805532788, 0.000113057511044, -0.0008394891629, 0.000494891544804, -0.000644414452836, 0.00606343057007, -0.00292250397615, 0.00195789849386, -0.00178488146048, 0.000778558780439, -0.0017059801612, 0.000287247064989, 0.00180611188989], [0.000155496105435, -0.00070984987542, 0.00011949576583, -5.77507416892e-05, 0.000806425407063, -0.00292250397615, 0.00646025594324, -0.00470583001152, 0.00306180096231, -0.000959643803071, -0.000767482502852, 0.000526794523466, -0.00124072853941], [-0.000215021253098, 0.000194039341295, 0.000307614507619, 0.000753733969759, -0.00145823252387, 0.00195789849386, -0.00470583001152, 0.0142527595162, -0.00594964576885, 0.00108177773654, -0.00182297825813, 0.00112741289195, -7.61257906561e-05], [0.000115581759019, 0.000151903688675, -0.00040065246867, -0.000459654867882, -0.000473801337648, -0.00178488146048, 0.00306180096231, -0.00594964576885, 0.0105498861521, -0.00326357060112, -0.000135262715048, -0.00115778157488, 0.000252728787018], [-0.000110750406748, -0.000516005035024, 0.00136513705365, 6.69441578793e-05, -0.000815970241092, 0.000778558780439, -0.000959643803071, 0.00108177773654, -0.00326357060112, 0.0106499874964, -0.00374510791153, 0.0007917235489, -0.00158676179126], [3.23189378832e-05, -0.000377704331186, -0.000153941247845, 0.00154559349176, -0.000217250708374, -0.0017059801612, -0.000767482502852, -0.00182297825813, -0.000135262715048, -0.00374510791153, 0.0130743663758, -0.00379179720767, 0.000470886589028], [3.76932875952e-05, 4.55862973467e-05, -0.00187126430683, -0.00102968607098, 0.00186614203267, 0.000287247064989, 0.000526794523466, 0.00112741289195, -0.00115778157488, 0.0007917235489, -0.00379179720767, 0.0139883095399, -0.00535042909905], [0.000114531234431, 4.38106180809e-05, 0.00117288972251, -0.000585208355915, -0.00185120303649, 0.00180611188989, -0.00124072853941, -7.61257906561e-05, 0.000252728787018, -0.00158676179126, 0.000470886589028, -0.00535042909905, 0.0125521756709]], "mean": [-680.159423828, 66.7622146606, -13.4311990738, 40.0044746399, -3.46647500992, 4.08973407745, 0.13331374526, -3.31654977798, -7.58074569702, 2.32601666451, -9.63814735413, -5.50427055359, -8.28377723694]}, "pitch_salience": {"dmean": 0.0696330294013, "dmean2": 0.111301593482, "dvar": 0.00477179279551, "dvar2": 0.0118271978572, "max": 0.973903059959, "mean": 0.547312617302, "median": 0.545353531837, "min": 0.117763519287, "var": 0.0140345655382}, "silence_rate_20dB": {"dmean": 0, "dmean2": 0, "dvar": 0, "dvar2": 0, "max": 1, "mean": 1, "median": 1, "min": 1, "var": 0}, "silence_rate_30dB": {"dmean": 0, "dmean2": 0, "dvar": 0, "dvar2": 0, "max": 1, "mean": 1, "median": 1, "min": 1, "var": 0}, "silence_rate_60dB": {"dmean": 0.0691109672189, "dmean2": 0.138244360685, "dvar": 0.0643398240209, "dvar2": 0.134054273367, "max": 1, "mean": 0.217680454254, "median": 0, "min": 0, "var": 0.170289993286}, "spectral_centroid": {"dmean": 355.10144043, "dmean2": 537.883544922, "dvar": 167881.59375, "dvar2": 362727.3125, "max": 11854.9794922, "mean": 2803.04272461, "median": 2793.97753906, "min": 287.864044189, "var": 1532670.75}, "spectral_complexity": {"dmean": 4.19046068192, "dmean2": 5.65601158142, "dvar": 26.6029567719, "dvar2": 43.7856292725, "max": 56, "mean": 17.0614757538, "median": 17, "min": 0, "var": 131.429718018}, "spectral_contrast_coeffs": {"dmean": [0.0526828765869, 0.0453370511532, 0.0378212146461, 0.0335426218808, 0.0297263953835, 0.0209753848612], "dmean2": [0.0841713249683, 0.0715516805649, 0.0590580143034, 0.051272045821, 0.0428934246302, 0.0326909795403], "dvar": [0.00235750572756, 0.00153710565064, 0.00110498233698, 0.000856959086377, 0.000698206713423, 0.000443038035883], "dvar2": [0.00543181458488, 0.00369405024685, 0.00245325942524, 0.00180989236105, 0.00130164658185, 0.00100637006108], "max": [-0.28237375617, -0.389011412859, -0.411297857761, -0.501583755016, -0.530488014221, -0.59227502346], "mean": [-0.622161567211, -0.726214468479, -0.760775208473, -0.754662632942, -0.740591824055, -0.729762136936], "median": [-0.620861589909, -0.733135104179, -0.769266963005, -0.757045328617, -0.737101852894, -0.722768545151], "min": [-0.978323996067, -0.982598543167, -0.978410184383, -0.97750043869, -0.974113762379, -0.963403999805], "var": [0.0134908501059, 0.00836630351841, 0.0076495599933, 0.00558627489954, 0.00528749218211, 0.00321026239544]}, "spectral_contrast_valleys": {"dmean": [0.4431681633, 0.410900384188, 0.349890112877, 0.326905846596, 0.320628553629, 0.424067854881], "dmean2": [0.689269721508, 0.636535763741, 0.531772255898, 0.46794077754, 0.426741927862, 0.550976991653], "dvar": [0.173277288675, 0.160281807184, 0.127400651574, 0.123179517686, 0.12072853744, 0.257584452629], "dvar2": [0.338642150164, 0.338821738958, 0.233944997191, 0.2075984478, 0.179437562823, 0.481901854277], "max": [-5.75560998917, -5.76049089432, -6.05652046204, -5.73643445969, -5.54962015152, -7.62899160385], "mean": [-8.82212734222, -8.24154949188, -8.70809364319, -8.60795974731, -7.87898159027, -10.4987678528], "median": [-8.43212795258, -7.74021816254, -8.24932289124, -8.17091560364, -7.42136621475, -10.1760158539], "min": [-28.12383461, -27.9864883423, -27.9503040314, -27.666721344, -27.6314430237, -27.4402370453], "var": [7.27467870712, 7.12912082672, 6.69734954834, 6.69204187393, 7.14768648148, 5.90158462524]}, "spectral_decrease": {"dmean": 9.93841009489e-10, "dmean2": 1.36217148672e-09, "dvar": 1.94428761622e-18, "dvar2": 3.92210706651e-18, "max": 2.02292580101e-15, "mean": -2.78857026359e-09, "median": -2.21798157618e-09, "min": -1.4755121569e-08, "var": 6.28652922842e-18}, "spectral_energy": {"dmean": 0.00441178167239, "dmean2": 0.00599152967334, "dvar": 3.68705223082e-05, "dvar2": 7.25836798665e-05, "max": 0.0657496377826, "mean": 0.0126329632476, "median": 0.010238586925, "min": 9.58864777235e-21, "var": 0.000122598532471}, "spectral_energyband_high": {"dmean": 0.00114235491492, "dmean2": 0.00170998170506, "dvar": 4.00703174819e-06, "dvar2": 8.9094737632e-06, "max": 0.0242147818208, "mean": 0.0021054437384, "median": 0.00111165666021, "min": 6.95229148979e-21, "var": 7.64716151025e-06}, "spectral_energyband_low": {"dmean": 0.00104640354402, "dmean2": 0.00158861966338, "dvar": 6.88235240887e-06, "dvar2": 1.49952129505e-05, "max": 0.0298003330827, "mean": 0.00184769136831, "median": 0.000306567293592, "min": 1.22445238437e-23, "var": 1.65944074979e-05}, "spectral_energyband_middle_high": {"dmean": 0.00148683763109, "dmean2": 0.00201295758598, "dvar": 3.77211244995e-06, "dvar2": 7.07473918737e-06, "max": 0.0247184876353, "mean": 0.00436857389286, "median": 0.00345373898745, "min": 1.140457902e-21, "var": 1.72836553247e-05}, "spectral_energyband_middle_low": {"dmean": 0.00217293715104, "dmean2": 0.00325040402822, "dvar": 1.59091650858e-05, "dvar2": 3.76148382202e-05, "max": 0.0511195361614, "mean": 0.00452369172126, "median": 0.00279185641557, "min": 1.84345017435e-22, "var": 3.14212884405e-05}, "spectral_entropy": {"dmean": 0.165279462934, "dmean2": 0.231548503041, "dvar": 0.0285761468112, "dvar2": 0.054249510169, "max": 9.82011985779, "mean": 7.69475984573, "median": 7.6340970993, "min": 6.19242811203, "var": 0.197715371847}, "spectral_flux": {"dmean": 0.0180370602757, "dmean2": 0.0272408127785, "dvar": 0.000452309206594, "dvar2": 0.000900609302334, "max": 0.219187304378, "mean": 0.0606515817344, "median": 0.057270526886, "min": 6.45213327211e-11, "var": 0.00140723737422}, "spectral_kurtosis": {"dmean": 1.22874391079, "dmean2": 2.0691845417, "dvar": 1.49417114258, "dvar2": 4.25824213028, "max": 15.5117053986, "mean": 3.01034760475, "median": 2.64915895462, "min": -1.38569307327, "var": 3.89997982979}, "spectral_rms": {"dmean": 0.000588126946241, "dmean2": 0.0007689181366, "dvar": 5.10641314122e-07, "dvar2": 9.08213507955e-07, "max": 0.00800911895931, "mean": 0.00309562473558, "median": 0.00316051673144, "min": 3.05855818103e-12, "var": 2.74199555861e-06}, "spectral_rolloff": {"dmean": 757.344421387, "dmean2": 1234.11694336, "dvar": 1302822, "dvar2": 2862421.5, "max": 21210.2050781, "mean": 4085.14770508, "median": 3940.57617188, "min": 64.599609375, "var": 8586426}, "spectral_skewness": {"dmean": 0.188074037433, "dmean2": 0.311398416758, "dvar": 0.0301538202912, "dvar2": 0.0835095122457, "max": 2.61010456085, "mean": 0.884871900082, "median": 0.862886250019, "min": -0.571553468704, "var": 0.09638248384}, "spectral_spread": {"dmean": 553836.6875, "dmean2": 831502.0625, "dvar": 835967057920, "dvar2": 1845311700990.0, "max": 45940652, "mean": 4741563.5, "median": 3902087.25, "min": 1661961.125, "var": 21402635730900.0}, "spectral_strongpeak": {"d