{"lowlevel": {"average_loudness": 0.875895798206, "barkbands": {"dmean": [7.41223232126e-07, 0.000543723348528, 0.00116705452092, 0.00191369710956, 0.00216140854172, 0.0014201371232, 0.000651714857668, 0.000791818718426, 0.000440756470198, 0.000191889048438, 0.000171405219589, 0.000335323216859, 0.00029515157803, 0.000213782419451, 0.000197388246306, 6.4282627136e-05, 5.65219961572e-05, 6.15373064647e-05, 2.61136719928e-05, 5.13216582476e-05, 3.50237023667e-05, 3.68129076378e-05, 4.3646494305e-05, 5.20278626936e-05, 5.29486387677e-05, 4.98694316775e-05, 1.35917343869e-05], "dmean2": [1.21367725114e-06, 0.000820000772364, 0.00175532361027, 0.0028022674378, 0.0035709454678, 0.00205099722371, 0.000976496783551, 0.0011806464754, 0.000613888900261, 0.000250558689004, 0.000243601360125, 0.000459265342215, 0.000425891717896, 0.000330261653289, 0.000283694767859, 9.14675329113e-05, 8.37966363179e-05, 8.77019774634e-05, 4.02869009122e-05, 7.7246739238e-05, 5.30337492819e-05, 5.74892401346e-05, 6.73756512697e-05, 8.11594654806e-05, 8.7223816081e-05, 8.63943350851e-05, 2.41487941821e-05], "dvar": [3.49242531596e-12, 8.13876170014e-07, 4.08408050134e-06, 1.0453325558e-05, 1.27320254251e-05, 1.45717376654e-05, 6.45211866868e-06, 8.05545005278e-06, 2.92639879262e-06, 3.23017815163e-07, 1.13405826596e-06, 1.91632443602e-06, 2.30329328588e-06, 9.84962753137e-07, 1.09403720217e-06, 7.01697899785e-08, 3.40269821208e-08, 6.26153280336e-08, 8.18729350982e-09, 3.37213137414e-08, 2.29867929136e-08, 4.80129855873e-08, 8.84089033093e-08, 9.06207020535e-08, 2.71760267623e-08, 2.09778487914e-08, 1.74316605595e-09], "dvar2": [8.34806789668e-12, 1.92012703337e-06, 8.63800505613e-06, 1.95702596102e-05, 3.52393071807e-05, 2.91035394184e-05, 1.55483121489e-05, 1.77447618626e-05, 6.0392967498e-06, 5.13832446813e-07, 2.55321219811e-06, 4.1394737309e-06, 4.36133313997e-06, 2.15975728679e-06, 2.29627403314e-06, 1.22393544189e-07, 6.96410893397e-08, 1.04234487708e-07, 1.82330044396e-08, 6.47281623856e-08, 5.17501241859e-08, 1.01247394468e-07, 1.97585038109e-07, 1.74502787331e-07, 5.96764948568e-08, 5.42726645847e-08, 4.73137440338e-09], "max": [6.66898777126e-05, 0.012274001725, 0.0386150814593, 0.0413312986493, 0.052333638072, 0.0878963917494, 0.072320997715, 0.0570056959987, 0.0506564900279, 0.0143212787807, 0.0349700078368, 0.0336121581495, 0.0458413623273, 0.0319494493306, 0.0420383624732, 0.0144243380055, 0.00713676400483, 0.0109699564055, 0.00325170741417, 0.00806999765337, 0.00586897321045, 0.011311895214, 0.0126199778169, 0.0127787161618, 0.00454361829907, 0.00292694871314, 0.000337957142619], "mean": [9.48808633439e-07, 0.00101124413777, 0.00261145131662, 0.00291522126645, 0.00396940391511, 0.00338955479674, 0.00120355607942, 0.00129637005739, 0.00085873628268, 0.000392132962588, 0.000251123274211, 0.000558939645998, 0.000474124273751, 0.000270537420874, 0.000331768707838, 0.000108808948426, 9.2769456387e-05, 9.98406831059e-05, 4.26107872045e-05, 9.16360877454e-05, 5.7137949625e-05, 4.72947431263e-05, 5.68833529542e-05, 6.33412055322e-05, 5.29980970896e-05, 4.0460137825e-05, 9.83449535852e-06], "median": [3.28903809077e-07, 0.000270100281341, 0.000887257861905, 0.000805278425105, 0.00237521808594, 0.00102353864349, 0.000230229838053, 0.000164651821251, 5.43183632544e-05, 4.57599307992e-05, 2.31613030337e-05, 4.2205228965e-05, 2.63575930148e-05, 2.45337632805e-05, 2.92810673272e-05, 1.80366241693e-05, 1.98894758796e-05, 1.18403841043e-05, 9.6719022622e-06, 1.05687113319e-05, 7.77205877966e-06, 6.2461390371e-06, 4.82761060994e-06, 5.53186873731e-06, 5.82481197853e-06, 2.61525542555e-06, 4.33644231634e-07], "min": [5.41961838598e-25, 5.90469132319e-24, 1.88042470028e-24, 5.1885008762e-25, 7.78248517235e-24, 8.97497780378e-24, 6.50887515733e-24, 8.78239634643e-24, 1.37105350614e-23, 2.06443794491e-23, 1.67660710263e-23, 2.85696894661e-23, 2.54693635566e-23, 2.20046454401e-23, 5.65263393455e-23, 5.09755448294e-23, 7.14137286597e-23, 1.21294268288e-22, 1.13000639115e-22, 1.90244838725e-22, 2.86949656265e-22, 3.5611480949e-22, 4.07104683189e-22, 5.28577246664e-22, 9.19677317859e-22, 1.10756040801e-21, 2.06732609721e-21], "var": [5.13927919318e-12, 2.83751637653e-06, 1.54861027113e-05, 2.79245596175e-05, 2.46113104367e-05, 5.49118449271e-05, 1.10202208816e-05, 1.47397968249e-05, 7.70489532442e-06, 1.12075088055e-06, 1.87517184713e-06, 4.41182646682e-06, 5.58526926397e-06, 1.5353263052e-06, 3.37491928804e-06, 2.42526311922e-07, 9.07289248175e-08, 1.64285538062e-07, 1.35934064005e-08, 1.36069857604e-07, 4.91815690395e-08, 6.25029130674e-08, 1.68261607314e-07, 1.68643367715e-07, 3.79692295382e-08, 1.73415504179e-08, 1.16275644668e-09]}, "barkbands_crest": {"dmean": 2.63278508186, "dmean2": 4.27262687683, "dvar": 5.96928596497, "dvar2": 15.5983247757, "max": 26.902009964, "mean": 11.3536930084, "median": 10.8190250397, "min": 2.83081674576, "var": 14.6207904816}, "barkbands_flatness_db": {"dmean": 0.0383052565157, "dmean2": 0.0554831214249, "dvar": 0.00164943723939, "dvar2": 0.00323879346251, "max": 0.568010985851, "mean": 0.211895957589, "median": 0.197549849749, "min": 0.0280042253435, "var": 0.00724048586562}, "barkbands_kurtosis": {"dmean": 10.7627735138, "dmean2": 17.1851673126, "dvar": 448.700592041, "dvar2": 1018.30743408, "max": 1783.46630859, "mean": 19.3854618073, "median": 8.77145290375, "min": -1.89511179924, "var": 4791.18603516}, "barkbands_skewness": {"dmean": 0.976745009422, "dmean2": 1.49218344688, "dvar": 1.27625882626, "dvar2": 2.98736524582, "max": 41.5494155884, "mean": 2.65778446198, "median": 2.29799175262, "min": -6.97521781921, "var": 6.51517105103}, "barkbands_spread": {"dmean": 6.15460634232, "dmean2": 10.2095708847, "dvar": 135.455078125, "dvar2": 350.623443604, "max": 98.7338409424, "mean": 11.3423118591, "median": 7.17070150375, "min": 0.305969893932, "var": 175.896377563}, "dissonance": {"dmean": 0.0297851115465, "dmean2": 0.0478986389935, "dvar": 0.000797675398644, "dvar2": 0.00192333769519, "max": 0.500000119209, "mean": 0.423339158297, "median": 0.43253493309, "min": 0.138436764479, "var": 0.00245687318966}, "dynamic_complexity": 4.37239027023, "erbbands": {"dmean": [0.00387768354267, 0.163292199373, 1.02414262295, 4.56173324585, 7.24503850937, 6.55871868134, 9.99271011353, 11.529378891, 8.75185203552, 11.1113920212, 18.3118419647, 11.3232069016, 4.89161014557, 7.78058624268, 9.07048988342, 12.0518245697, 11.0689477921, 12.1269168854, 12.1225471497, 4.69972467422, 3.50277757645, 2.71898794174, 3.22859883308, 1.97810053825, 1.49040520191, 2.32255840302, 1.74816906452, 1.31143510342, 1.34850013256, 1.20849120617, 1.27923059464, 1.06516265869, 0.89121568203, 0.606478869915, 0.383157938719, 0.21728502214, 0.095893830061, 0.0205740202218, 0.00252925045788, 6.10641800449e-05], "dmean2": [0.00605725683272, 0.246033966541, 1.58182501793, 6.45083713531, 11.8338308334, 10.8807477951, 14.655913353, 16.5556201935, 12.7545251846, 17.163646698, 26.7399654388, 15.6794757843, 6.50157833099, 10.1555452347, 12.8114461899, 16.5414428711, 15.7462539673, 18.0657520294, 17.2101669312, 7.10154533386, 4.79288864136, 3.98549699783, 4.57510900497, 2.82529091835, 2.26587533951, 3.43791437149, 2.5713558197, 1.99455165863, 2.08041882515, 1.86259877682, 1.97520554066, 1.64334416389, 1.39533638954, 0.988660514355, 0.650202453136, 0.373845130205, 0.164795160294, 0.0360943861306, 0.00449209613726, 0.00010451048729], "dvar": [4.40000148956e-05, 0.0710524395108, 2.95602917671, 61.4691848755, 145.825759888, 137.659683228, 563.233093262, 1551.15600586, 882.739868164, 2528.07543945, 4748.484375, 2031.22546387, 299.412689209, 1026.94067383, 2069.45776367, 2239.40185547, 3520.14990234, 3020.41943359, 3981.18579102, 450.962463379, 225.592834473, 80.2396087646, 170.989990234, 58.923992157, 24.9908237457, 59.8812522888, 52.8100242615, 50.363948822, 72.8151626587, 44.270362854, 80.8954772949, 47.7041625977, 23.1036548615, 4.58215761185, 1.23787462711, 0.386425644159, 0.0779304653406, 0.00379124772735, 6.3155843236e-05, 3.04225942216e-08], "dvar2": [0.000114154623589, 0.17016364634, 6.8696475029, 104.547721863, 380.409912109, 383.374053955, 1151.15234375, 3108.38134766, 2042.63684082, 5921.48779297, 10296.3789063, 4101.6484375, 642.760437012, 2026.76635742, 4717.91992188, 4595.58251953, 6855.04931641, 6572.90625, 8311.41601563, 1014.76879883, 335.757568359, 165.165664673, 287.953674316, 94.1517410278, 54.1403465271, 116.938262939, 105.010696411, 111.578399658, 152.077941895, 100.565811157, 175.743499756, 92.9832687378, 44.5794334412, 9.11278057098, 3.0199637413, 0.946491777897, 0.205281510949, 0.0102930087596, 0.000170391591382, 8.12739955336e-08], "max": [0.113937318325, 3.62609624863, 33.4262924194, 101.981559753, 176.538024902, 202.29901123, 845.849182129, 1093.08166504, 895.76373291, 1505.58190918, 1628.18994141, 1407.04663086, 581.964050293, 1625.34997559, 1272.44848633, 1566.56713867, 1847.11242676, 2120.19750977, 2674.31958008, 735.725280762, 998.389770508, 265.718994141, 629.078125, 469.566345215, 188.033996582, 300.303466797, 418.455230713, 318.117095947, 458.755828857, 180.515014648, 396.36529541, 245.145782471, 231.438995361, 71.3943786621, 28.4288711548, 17.8082103729, 3.68919682503, 0.553779244423, 0.069425418973, 0.00160538358614], "mean": [0.0112095437944, 0.32820174098, 2.53954863548, 7.82945251465, 10.5910539627, 12.6628265381, 21.7217998505, 27.7545013428, 19.1628627777, 17.6300067902, 32.5085906982, 22.0711841583, 10.5315418243, 15.1250391006, 16.6089744568, 20.9694766998, 18.6733531952, 18.3886528015, 21.0584526062, 7.44275522232, 6.33923339844, 4.8116517067, 5.50205659866, 3.50407600403, 2.5807762146, 4.0401892662, 3.10543751717, 1.98656189442, 1.7266998291, 1.55846214294, 1.68871212006, 1.37744903564, 1.01426243782, 0.631258487701, 0.364008069038, 0.184619158506, 0.0769801288843, 0.0150313917547, 0.00186472292989, 6.64725521347e-05], "median": [0.00250664446503, 0.0953292250633, 0.866732418537, 2.71893119812, 5.75296020508, 7.36726093292, 7.69251012802, 6.5244550705, 5.0163693428, 3.30360507965, 4.03982067108, 1.60907351971, 1.65583276749, 2.0203063488, 2.25005602837, 1.95564353466, 1.39494144917, 1.63215374947, 1.74237787724, 1.28943896294, 1.0245360136, 1.10026741028, 0.828856885433, 0.610765814781, 0.503078639507, 0.515826106071, 0.339313417673, 0.27696159482, 0.233888223767, 0.151711672544, 0.140932455659, 0.112042725086, 0.0868821963668, 0.0642600730062, 0.0370850786567, 0.0154148926958, 0.00374323944561, 0.000878282240592, 8.81225350895e-05, 2.49733566307e-05], "min": [5.90506626877e-23, 1.54589807605e-21, 2.57154680273e-21, 4.56586815244e-21, 2.40502359203e-21, 2.15110305467e-20, 6.96566532009e-20, 7.56827544362e-20, 6.38231428766e-20, 9.18204084146e-20, 3.72316165059e-19, 4.13859114126e-19, 7.34795084684e-19, 7.46481802571e-19, 1.10418437454e-18, 1.64285131708e-18, 1.28873002356e-18, 1.28299662794e-18, 3.04942366205e-18, 2.89715377335e-18, 3.86198096215e-18, 3.85549710692e-18, 6.27257965457e-18, 6.46404260147e-18, 6.83205649676e-18, 8.65045384119e-18, 9.84508214391e-18, 1.00559387539e-17, 1.21019443564e-17, 1.19449297597e-17, 1.11005454448e-17, 1.134034345e-17, 9.24433891532e-18, 7.08034096147e-18, 6.56326002081e-18, 4.45724701431e-18, 1.94909911904e-18, 1.03442058207e-18, 2.59663264616e-19, 2.80257031027e-20], "var": [0.00031100367778, 0.279104799032, 13.9659738541, 196.795715332, 208.411819458, 272.965576172, 1687.2401123, 5690.08691406, 2078.70336914, 3922.26831055, 9373.61132813, 5239.62988281, 764.91229248, 2034.57116699, 4780.08154297, 5167.33251953, 8336.86621094, 6351.01269531, 12835.2050781, 800.233947754, 939.349975586, 227.149154663, 419.907989502, 168.883605957, 57.3357963562, 187.47668457, 230.654556274, 75.760597229, 91.8869857788, 68.486907959, 165.988327026, 90.0946578979, 40.779510498, 7.57846689224, 1.36654818058, 0.373798638582, 0.0617529712617, 0.00259159179404, 4.25373691542e-05, 2.23206519934e-08]}, "erbbands_crest": {"dmean": 2.99249386787, "dmean2": 4.68668270111, "dvar": 8.64597129822, "dvar2": 20.6447753906, "max": 31.1562213898, "mean": 11.3820133209, "median": 10.4230117798, "min": 2.7556886673, "var": 22.675661087}, "erbbands_flatness_db": {"dmean": 0.032820045948, "dmean2": 0.0466859452426, "dvar": 0.00121999590192, "dvar2": 0.00236725760624, "max": 0.440990626812, "mean": 0.184995740652, "median": 0.183194205165, "min": 0.0344940982759, "var": 0.0039866277948}, "erbbands_kurtosis": {"dmean": 2.61417269707, "dmean2": 4.20870637894, "dvar": 20.0382766724, "dvar2": 47.3882827759, "max": 89.0346450806, "mean": 3.62412762642, "median": 1.71220934391, "min": -1.79286503792, "var": 38.2013473511}, "erbbands_skewness": {"dmean": 0.538316369057, "dmean2": 0.823162853718, "dvar": 0.359336733818, "dvar2": 0.831269979477, "max": 7.51568031311, "mean": 1.22112941742, "median": 1.15316867828, "min": -5.45951890945, "var": 1.17825889587}, "erbbands_spread": {"dmean": 11.8333835602, "dmean2": 18.8675956726, "dvar": 304.69543457, "dvar2": 742.88067627, "max": 139.817657471, "mean": 30.4970016479, "median": 25.3861637115, "min": 1.66293919086, "var": 463.858825684}, "gfcc": {"cov": [[26050.25, -1009.37811279, -2007.74487305, -307.758575439, -1661.92041016, -88.3176879883, -1115.74450684, -90.7360992432, -637.83013916, 164.216690063, -512.741210938, -69.5481491089, -500.913482666], [-1009.37811279, 2682.24121094, 326.1796875, 119.401229858, 444.141021729, -85.2433853149, 221.989501953, -39.7546615601, 223.408447266, -147.815490723, 185.133453369, -173.27746582, 74.6297302246], [-2007.74487305, 326.1796875, 1763.6394043, 431.185577393, 592.678649902, 238.30406189, 62.1915054321, 99.7119369507, 53.5236320496, -22.7737808228, -36.7117195129, 1.77311253548, -37.7101135254], [-307.758575439, 119.401229858, 431.185577393, 516.091674805, 228.258987427, 120.518539429, 51.9370117188, 8.90217876434, 36.771774292, -14.6859483719, 15.7298173904, -18.4743366241, 26.3675937653], [-1661.92041016, 444.141021729, 592.678649902, 228.258987427, 510.065704346, 127.308113098, 143.549575806, 52.3125343323, 58.9616317749, -13.2396173477, 27.9691925049, -20.1687107086, 27.1299934387], [-88.3176879883, -85.2433853149, 238.30406189, 120.518539429, 127.308113098, 260.170776367, 100.930503845, 26.5059108734, -20.7040081024, -0.926884412766, -17.7823619843, 13.0499725342, -28.3694858551], [-1115.74450684, 221.989501953, 62.1915054321, 51.9370117188, 143.549575806, 100.930503845, 248.485214233, 21.5353240967, 40.6468887329, -23.1169929504, 45.3680343628, 2.32877779007, 39.0059509277], [-90.7360992432, -39.7546615601, 99.7119369507, 8.90217876434, 52.3125343323, 26.5059108734, 21.5353240967, 135.968200684, 32.284954071, 9.50171852112, -21.8326148987, -5.3638048172, -13.5369663239], [-637.83013916, 223.408447266, 53.5236320496, 36.771774292, 58.9616317749, -20.7040081024, 40.6468887329, 32.284954071, 152.940124512, 16.2875442505, 37.9035797119, -31.7773094177, 16.1705532074], [164.216690063, -147.815490723, -22.7737808228, -14.6859483719, -13.2396173477, -0.926884412766, -23.1169929504, 9.50171852112, 16.2875442505, 112.543281555, 21.4533557892, 9.77171611786, -11.8690919876], [-512.741210938, 185.133453369, -36.7117195129, 15.7298173904, 27.9691925049, -17.7823619843, 45.3680343628, -21.8326148987, 37.9035797119, 21.4533557892, 117.231948853, 19.5070266724, 43.4641685486], [-69.5481491089, -173.27746582, 1.77311253548, -18.4743366241, -20.1687107086, 13.0499725342, 2.32877779007, -5.3638048172, -31.7773094177, 9.77171611786, 19.5070266724, 102.413093567, 41.535987854], [-500.913482666, 74.6297302246, -37.7101135254, 26.3675937653, 27.1299934387, -28.3694858551, 39.0059509277, -13.5369663239, 16.1705532074, -11.8690919876, 43.4641685486, 41.535987854, 123.658187866]], "icov": [[7.98221299192e-05, -0.000104897502752, 8.27614494483e-05, -0.000126672603074, 0.000229412602494, -0.000173645836185, 0.000273587094853, -0.000116662144137, 0.000248327065492, -0.000229050390772, 0.000278774707112, -9.97985480353e-05, 0.000130737666041], [-0.000104897502752, 0.000875399564393, -0.00016357806453, 0.000356996955816, -0.00084382732166, 0.000551706354599, -0.000514071667567, 0.000463712669443, -0.000789641984738, 0.00133924523834, -0.00148759677541, 0.00128047203179, -0.00023004761897], [8.27614494483e-05, -0.00016357806453, 0.00126553711016, -0.000577449973207, -0.000993180670775, -0.000572498538531, 0.000922752253246, -0.000372310139937, -3.82087200705e-05, -1.81739924301e-05, 0.000706183316652, -0.000970209832303, 0.000778690387961], [-0.000126672603074, 0.000356996955816, -0.000577449973207, 0.00312876538374, -0.00103270809632, -0.000812091282569, 9.76454393822e-05, 0.00065716705285, -0.000836095481645, 0.000841087778099, -0.00111935136374, 0.00146571733057, -0.00139924045652], [0.000229412602494, -0.00084382732166, -0.000993180670775, -0.00103270809632, 0.00548480264843, -0.00101140979677, -0.000811363686807, -0.00111815310083, 0.00105713726953, -0.00165145576466, 0.000971420784481, 0.000307226233417, -0.000687341380399], [-0.000173645836185, 0.000551706354599, -0.000572498538531, -0.000812091282569, -0.00101140979677, 0.00718947872519, -0.00379868457094, 0.000164261509781, 0.000663895509206, 9.31252288865e-05, 0.000247223040788, -0.00110657466576, 0.00225664000027], [0.000273587094853, -0.000514071667567, 0.000922752253246, 9.76454393822e-05, -0.000811363686807, -0.00379868457094, 0.0080798799172, -0.00116177566815, -0.000288075068966, 0.000887478585355, -0.00106401066296, -0.00010424930224, -0.00115839904174], [-0.000116662144137, 0.000463712669443, -0.000372310139937, 0.00065716705285, -0.00111815310083, 0.000164261509781, -0.00116177566815, 0.00928134098649, -0.0029601927381, -0.000216128988541, 0.00190127978567, -0.000351114576915, 0.000475421373267], [0.000248327065492, -0.000789641984738, -3.82087200705e-05, -0.000836095481645, 0.00105713726953, 0.000663895509206, -0.000288075068966, -0.0029601927381, 0.0105951409787, -0.00282427947968, -0.00122398906387, 0.00278210197575, -0.000824560411274], [-0.000229050390772, 0.00133924523834, -1.81739924301e-05, 0.000841087778099, -0.00165145576466, 9.31252288865e-05, 0.000887478585355, -0.000216128988541, -0.00282427947968, 0.0126334857196, -0.00519921304658, 0.000192473104107, 0.00150383543223], [0.000278774707112, -0.00148759677541, 0.000706183316652, -0.00111935136374, 0.000971420784481, 0.000247223040788, -0.00106401066296, 0.00190127978567, -0.00122398906387, -0.00519921304658, 0.0156848430634, -0.00453754607588, -0.00145942193922], [-9.97985480353e-05, 0.00128047203179, -0.000970209832303, 0.00146571733057, 0.000307226233417, -0.00110657466576, -0.00010424930224, -0.000351114576915, 0.00278210197575, 0.000192473104107, -0.00453754607588, 0.0166581813246, -0.00645810505375], [0.000130737666041, -0.00023004761897, 0.000778690387961, -0.00139924045652, -0.000687341380399, 0.00225664000027, -0.00115839904174, 0.000475421373267, -0.000824560411274, 0.00150383543223, -0.00145942193922, -0.00645810505375, 0.0133113898337]], "mean": [-96.8892440796, 106.534713745, -83.4174804688, 11.6191482544, -54.4169464111, -0.345654398203, -46.5889663696, -5.03197956085, -33.8772888184, -2.74297976494, -18.8143024445, -4.96151256561, -12.8113937378]}, "hfc": {"dmean": 4.78627920151, "dmean2": 7.02513742447, "dvar": 83.2145843506, "dvar2": 171.417312622, "max": 232.654251099, "mean": 11.7068119049, "median": 5.67847251892, "min": 1.06759225344e-16, "var": 284.666595459}, "melbands": {"dmean": [8.87172063813e-05, 0.000420744501753, 0.000804517767392, 0.000532819074579, 0.000303067208733, 0.000251889054198, 0.000138262388646, 0.000128129584482, 0.00014183500025, 6.42840896035e-05, 2.48592659773e-05, 3.26039589709e-05, 2.81405427813e-05, 4.05071368732e-05, 2.49324202741e-05, 2.80172316707e-05, 2.14156189031e-05, 2.03547388082e-05, 1.07281812234e-05, 4.62941898149e-06, 4.24388827014e-06, 2.69591350843e-06, 3.04774152937e-06, 3.69880854123e-06, 1.49530080762e-06, 1.01633270333e-06, 1.53220571519e-06, 1.64778487033e-06, 1.31346178023e-06, 8.9288619165e-07, 7.67586413986e-07, 7.92397202076e-07, 7.27310407456e-07, 6.84824840391e-07, 7.51611253236e-07, 7.41780809221e-07, 6.3344651835e-07, 6.18943829522e-07, 6.28682471415e-07, 4.75489969176e-07], "dmean2": [0.000135673559271, 0.000643005536404, 0.00116173154674, 0.000890105031431, 0.000446971243946, 0.000362365244655, 0.000201491435291, 0.000196262510144, 0.000206067314139, 8.89640650712e-05, 3.31807823386e-05, 4.23230048909e-05, 3.92807560274e-05, 5.45744369447e-05, 3.49960755557e-05, 4.09099593526e-05, 3.2403946534e-05, 2.9066359275e-05, 1.5808529497e-05, 7.01373255652e-06, 5.92101605434e-06, 4.0845852709e-06, 4.46169224233e-06, 5.21711945112e-06, 2.17774140765e-06, 1.56872783919e-06, 2.32907086684e-06, 2.46348236033e-06, 1.95823281501e-06, 1.36100720738e-06, 1.19634455586e-06, 1.23047959733e-06, 1.13466194307e-06, 1.05668596007e-06, 1.17861111448e-06, 1.15855868899e-06, 9.87955445453e-07, 9.82951860351e-07, 1.00339661913e-06, 7.81723542786e-07], "dvar": [2.23601546168e-08, 4.77790194964e-07, 1.5392261048e-06, 8.32059356526e-07, 4.59053097757e-07, 6.43156170099e-07, 2.16778843765e-07, 2.65500716523e-07, 2.95059180644e-07, 7.07252780785e-08, 7.7612876126e-09, 1.59705688674e-08, 2.05196908354e-08, 2.76312839276e-08, 2.0910912113e-08, 1.74163066191e-08, 1.01134984831e-08, 1.13694405002e-08, 3.02805402974e-09, 4.0859138295e-10, 3.88199167256e-10, 7.29854371384e-11, 1.38693598273e-10, 2.39030517601e-10, 3.90123176819e-11, 1.76612249131e-11, 3.62171299895e-11, 2.91137114417e-11, 3.5064447873e-11, 1.72441262658e-11, 1.98144747138e-11, 2.89442862039e-11, 1.45424540465e-11, 1.72624362721e-11, 2.86845339148e-11, 3.21303608719e-11, 1.55735320473e-11, 1.25828817851e-11, 7.52876927468e-12, 2.63220608504e-12], "dvar2": [5.48464242911e-08, 1.11524786917e-06, 2.86582621811e-06, 2.35877132582e-06, 9.55993982643e-07, 1.28652504827e-06, 5.03325111367e-07, 6.14570694779e-07, 6.55041390019e-07, 1.45239170024e-07, 1.65055453749e-08, 2.97848377073e-08, 4.39023075671e-08, 5.95139511006e-08, 4.06748839055e-08, 3.33392371488e-08, 2.26479546228e-08, 2.32900099206e-08, 6.70327970909e-09, 8.85295781128e-10, 5.80822612228e-10, 1.51566828532e-10, 3.04528680051e-10, 3.93186566638e-10, 6.54574450198e-11, 4.07030902039e-11, 7.37530800321e-11, 5.57351560737e-11, 6.99076213584e-11, 3.72902125845e-11, 4.354718669e-11, 6.1135672913e-11, 3.17721821075e-11, 4.14023468287e-11, 6.53135115436e-11, 6.865683716e-11, 3.00837375844e-11, 2.43144809842e-11, 1.49144897821e-11, 5.47064433684e-12], "max": [0.00223379768431, 0.0128585500643, 0.016703652218, 0.0133986836299, 0.0226151421666, 0.0212098397315, 0.0145999509841, 0.0153037151322, 0.0141045162454, 0.00759594561532, 0.00300834863447, 0.00607906561345, 0.0051532308571, 0.00458683865145, 0.00593671528623, 0.00532784033567, 0.00356526277028, 0.00448413752019, 0.00197677477263, 0.000605624052696, 0.00122374924831, 0.000308780494379, 0.000388057116652, 0.000671034911647, 0.000382344092941, 0.000218253146159, 0.000326964916894, 0.000184890115634, 0.000343163817888, 0.00019780639559, 0.000212228813325, 0.000296477694064, 0.000171266525285, 0.000130277898279, 0.000252967642155, 0.000277040846413, 0.000107974286948, 0.000175892200787, 0.000107688661956, 5.42556917935e-05], "mean": [0.000191357248696, 0.00101276405621, 0.00135201925877, 0.000894529628567, 0.000684816623107, 0.000608362257481, 0.000290440279059, 0.000199446163606, 0.000254376296652, 0.000125018443214, 5.05355346831e-05, 6.2427316152e-05, 4.74431581097e-05, 6.85174309183e-05, 4.20073338319e-05, 4.45457080787e-05, 3.00450192299e-05, 3.39907164744e-05, 1.66078698385e-05, 7.02420175003e-06, 7.17731290933e-06, 4.55843837699e-06, 4.65220091428e-06, 5.949399565e-06, 2.40906388171e-06, 1.58541388373e-06, 2.44390912485e-06, 2.7271057661e-06, 2.21117988985e-06, 1.47887385538e-06, 1.0226140148e-06, 9.84334747045e-07, 8.87017336026e-07, 8.51860363582e-07, 9.6141297945e-07, 9.73069404608e-07, 7.79337256063e-07, 6.98599365023e-07, 6.72722421768e-07, 4.7660566338e-07], "median": [4.83514522784e-05, 0.00034402104211, 0.000554357015062, 0.000537287327461, 0.000273635116173, 0.00015310542949, 7.1415270213e-05, 3.52118622686e-05, 2.74282429018e-05, 8.224497833e-06, 7.17593866284e-06, 6.43973953629e-06, 5.57267139811e-06, 5.58277952223e-06, 2.72711736216e-06, 3.00512419926e-06, 2.51075016422e-06, 2.39915652855e-06, 1.78502148174e-06, 1.4297618236e-06, 9.68044332694e-07, 1.08346318939e-06, 7.98997689344e-07, 6.10289248471e-07, 4.15844112922e-07, 3.43671956671e-07, 2.91969001864e-07, 3.28310051145e-07, 1.92817495304e-07, 1.74798685748e-07, 1.36455184929e-07, 1.2988226672e-07, 9.84795462955e-08, 6.74021407576e-08, 7.43825125937e-08, 6.7965018502e-08, 5.96825415755e-08, 5.46965672754e-08, 5.41020419575e-08, 4.86410591805e-08], "min": [1.37606815686e-24, 1.98653221128e-24, 6.48473591502e-25, 9.9447365447e-25, 3.27544257799e-24, 1.6500144043e-24, 9.39406134297e-25, 1.23242062893e-24, 3.137749668e-24, 1.9142471116e-24, 3.03143508101e-24, 2.65566907742e-24, 2.86875736843e-24, 2.3839145814e-24, 4.54533843865e-24, 2.24113923781e-24, 1.61544829437e-24, 3.67008267038e-24, 3.82698513228e-24, 3.18068835314e-24, 4.16330099086e-24, 4.42378049519e-24, 3.5587231207e-24, 5.1006184187e-24, 4.94117976899e-24, 3.00660568402e-24, 5.37671381907e-24, 4.67983212325e-24, 4.67845634983e-24, 6.19623538109e-24, 5.37131524947e-24, 5.60975121908e-24, 6.30666328605e-24, 6.06556214987e-24, 5.97269586638e-24, 6.47865468491e-24, 6.5305491107e-24, 6.31125485095e-24, 5.11175950126e-24, 5.93606234924e-24], "var": [9.42742559573e-08, 2.23790107157e-06, 4.42180544269e-06, 1.34880360747e-06, 1.4466339735e-06, 2.4328148811e-06, 4.79790230656e-07, 4.16447363705e-07, 5.56646682526e-07, 1.84739278097e-07, 1.92585929426e-08, 3.50285453976e-08, 4.51725625794e-08, 6.45299564894e-08, 5.96419127419e-08, 4.1239708537e-08, 1.88466788842e-08, 3.54508848943e-08, 6.58472742998e-09, 7.4198680533e-10, 1.43906464523e-09, 2.06513625645e-10, 2.66292571327e-10, 6.20300866228e-10, 1.01443256573e-10, 2.51593954004e-11, 9.53833470541e-11, 9.19385956255e-11, 1.5572874934e-10, 4.8489514487e-11, 2.49812948105e-11, 3.45938520885e-11, 2.02440928604e-11, 2.48223212818e-11, 5.65675319086e-11, 5.91805771055e-11, 2.71913169064e-11, 2.14512019259e-11, 1.29262043777e-11, 3.98043273689e-12]}, "melbands_crest": {"dmean": 3.57953453064, "dmean2": 5.65792894363, "dvar": 10.3028879166, "dvar2": 26.0697612762, "max": 39.9437103271, "mean": 16.4081611633, "median": 15.8866138458, "min": 1.65746021271, "var": 32.0547142029}, "melbands_flatness_db": {"dmean": 0.0423678830266, "dmean2": 0.0611043348908, "dvar": 0.00216891430318, "dvar2": 0.00427381834015, "max": 0.708589732647, "mean": 0.292812108994, "median": 0.276152640581, "min": 0.0031270661857, "var": 0.0112633183599}, "melbands_kurtosis": {"dmean": 16.4827365875, "dmean2": 25.7026557922, "dvar": 1262.77941895, "dvar2": 2946.89257813, "max": 2614.54443359, "mean": 32.4762802124, "median": 14.7915372849, "min": -1.90280497074, "var": 10043.5175781}, "melbands_skewness": {"dmean": 1.06774866581, "dmean2": 1.58919990063, "dvar": 1.55580818653, "dvar2": 3.25645446777, "max": 49.1421852112, "mean": 3.32127165794, "median": 2.80314326286, "min": -3.12804532051, "var": 8.81515693665}, "melbands_spread": {"dmean": 5.01251268387, "dmean2": 7.78758907318, "dvar": 169.084945679, "dvar2": 383.610565186, "max": 265.191772461, "mean": 12.2109947205, "median": 6.70468330383, "min": 0.33264824748, "var": 409.304138184}, "mfcc": {"cov": [[14025.9052734, -954.876159668, -1204.45788574, -385.982727051, -797.707580566, -391.175872803, -441.912109375, -428.111297607, -292.334472656, -31.4131317139, -71.3133392334, -116.213943481, -233.914474487], [-954.876159668, 2220.57128906, 327.714324951, 256.947418213, 302.303710938, 65.6736297607, 110.298660278, 107.228363037, 52.7082710266, 39.6701126099, 156.296920776, 65.8804473877, -33.5970306396], [-1204.45788574, 327.714324951, 1025.07165527, 314.029846191, 448.880493164, 234.741104126, 158.179229736, 141.011856079, 110.983436584, -5.68209218979, 38.0795593262, 15.1717567444, 59.9538536072], [-385.982727051, 256.947418213, 314.029846191, 423.507049561, 274.122039795, 114.78175354, 83.1176147461, 46.3149909973, 69.5224075317, 31.010515213, 6.30880260468, 24.1514205933, 18.8487377167], [-797.707580566, 302.303710938, 448.880493164, 274.122039795, 447.458709717, 146.925354004, 117.142044067, 78.6345443726, 101.121559143, 19.6112594604, 30.5679855347, 36.8200073242, 24.9541149139], [-391.175872803, 65.6736297607, 234.741104126, 114.78175354, 146.925354004, 269.325378418, 145.456222534, 83.8237686157, 46.7437057495, 7.65020370483, 19.784954071, 12.6728925705, 20.6643161774], [-441.912109375, 110.298660278, 158.179229736, 83.1176147461, 117.142044067, 145.456222534, 225.630981445, 99.9057388306, 54.4338302612, 12.1037693024, -8.88840103149, 18.9196014404, 33.7637367249], [-428.111297607, 107.228363037, 141.011856079, 46.3149909973, 78.6345443726, 83.8237686157, 99.9057388306, 168.074737549, 69.2678451538, 16.3499794006, 1.64907503128, -0.293607354164, 32.2450942993], [-292.334472656, 52.7082710266, 110.983436584, 69.5224075317, 101.121559143, 46.7437057495, 54.4338302612, 69.2678451538, 133.099273682, 39.2052345276, 5.47617435455, 13.8763961792, 22.465133667], [-31.4131317139, 39.6701126099, -5.68209218979, 31.010515213, 19.6112594604, 7.65020370483, 12.1037693024, 16.3499794006, 39.2052345276, 122.788269043, 38.0591888428, 8.57713699341, 2.1734354496], [-71.3133392334, 156.296920776, 38.0795593262, 6.30880260468, 30.5679855347, 19.784954071, -8.88840103149, 1.64907503128, 5.47617435455, 38.0591888428, 136.351608276, 31.8149662018, -12.7925281525], [-116.213943481, 65.8804473877, 15.1717567444, 24.1514205933, 36.8200073242, 12.6728925705, 18.9196014404, -0.293607354164, 13.8763961792, 8.57713699341, 31.8149662018, 113.229881287, 20.4937076569], [-233.914474487, -33.5970306396, 59.9538536072, 18.8487377167, 24.9541149139, 20.6643161774, 33.7637367249, 32.2450942993, 22.465133667, 2.1734354496, -12.7925281525, 20.4937076569, 89.3861160278]], "icov": [[8.68027491379e-05, 1.85916687769e-05, 4.40825388068e-05, -4.82246286992e-05, 9.05002962099e-05, -1.1987288417e-05, 4.24981517426e-05, 9.03748514247e-05, 2.12726117752e-05, -1.25131464301e-05, 7.95553205535e-06, 1.9323109882e-05, 0.000135261347168], [1.85916687769e-05, 0.000581308500841, -1.27562989292e-05, -0.000239548026002, -0.000206306373002, 0.000322924664943, -0.000229467856116, -0.00034015334677, 0.000205921780434, 8.49800562719e-05, -0.000617033452727, -0.000129745414597, 0.000406159262639], [4.40825388068e-05, -1.27562989292e-05, 0.00203393609263, -0.000336406199494, -0.00151137902867, -0.000666525214911, 0.000238992652157, -0.000527285388671, 3.84630147892e-05, 0.000618966470938, -0.000434772256995, 0.00057868717704, -0.000726372818463], [-4.82246286992e-05, -0.000239548026002, -0.000336406199494, 0.00424071121961, -0.00206093792804, -0.000618073856458, 9.93557041511e-05, 0.000550070253666, -0.000201145216124, -0.000969767163042, 0.00101303379051, -0.000207324977964, -0.000135903479531], [9.05002962099e-05, -0.000206306373002, -0.00151137902867, -0.00206093792804, 0.005976179149, -0.00040712437476, -0.000607878959272, 0.000623850850388, -0.00198076060042, 0.00035745970672, -0.000308908522129, -0.000755844288506, 0.000656113203149], [-1.1987288417e-05, 0.000322924664943, -0.000666525214911, -0.000618073856458, -0.00040712437476, 0.00686868326738, -0.00356694380753, -0.000901312043425, 0.000375203671865, 0.000424240890425, -0.00142280675936, 0.000207639241125, 0.000509781122673], [4.24981517426e-05, -0.000229467856116, 0.000238992652157, 9.93557041511e-05, -0.000607878959272, -0.00356694380753, 0.00860952399671, -0.00279012229294, -8.54664031067e-05, -0.000519880268257, 0.001763404347, -0.00100961513817, -0.000889568647835], [9.03748514247e-05, -0.00034015334677, -0.000527285388671, 0.000550070253666, 0.000623850850388, -0.000901312043425, -0.00279012229294, 0.0104012312368, -0.00379850668833, -1.08366357381e-05, -9.7770782304e-05, 0.0014378259657, -0.00170641147997], [2.12726117752e-05, 0.000205921780434, 3.84630147892e-05, -0.000201145216124, -0.00198076060042, 0.000375203671865, -8.54664031067e-05, -0.00379850668833, 0.0120410388336, -0.00320838182233, 0.000736007001251, -0.000776083907112, -0.000646485073958], [-1.25131464301e-05, 8.49800562719e-05, 0.000618966470938, -0.000969767163042, 0.00035745970672, 0.000424240890425, -0.000519880268257, -1.08366357381e-05, -0.00320838182233, 0.010378645733, -0.00333485775627, 0.000576649385039, -0.000264540110948], [7.95553205535e-06, -0.000617033452727, -0.000434772256995, 0.00101303379051, -0.000308908522129, -0.00142280675936, 0.001763404347, -9.7770782304e-05, 0.000736007001251, -0.00333485775627, 0.0102315573022, -0.00283918227069, 0.00166258611716], [1.9323109882e-05, -0.000129745414597, 0.00057868717704, -0.000207324977964, -0.000755844288506, 0.000207639241125, -0.00100961513817, 0.0014378259657, -0.000776083907112, 0.000576649385039, -0.00283918227069, 0.0106790196151, -0.00299063324928], [0.000135261347168, 0.000406159262639, -0.000726372818463, -0.000135903479531, 0.000656113203149, 0.000509781122673, -0.000889568647835, -0.00170641147997, -0.000646485073958, -0.000264540110948, 0.00166258611716, -0.00299063324928, 0.0139529891312]], "mean": [-746.355651855, 147.052383423, 21.5611171722, 16.542345047, 7.33163404465, -0.130811020732, -2.84705233574, -9.32585906982, -8.34965229034, -8.5352306366, -6.91633367538, -4.4961476326, -5.65511655807]}, "pitch_salience": {"dmean": 0.0811331197619, "dmean2": 0.129531502724, "dvar": 0.00628556543961, "dvar2": 0.0156431999058, "max": 0.924190461636, "mean": 0.527393400669, "median": 0.534716248512, "min": 0.00607502087951, "var": 0.0166490394622}, "silence_rate_20dB": {"dmean": 0, "dmean2": 0, "dvar": 0, "dvar2": 0, "max": 1, "mean": 1, "median": 1, "min": 1, "var": 0}, "silence_rate_30dB": {"dmean": 0.000555247068405, "dmean2": 0.00111064838711, "dvar": 0.000554958300199, "dvar2": 0.00166481698398, "max": 1, "mean": 0.999722421169, "median": 1, "min": 0, "var": 0.000277504266705}, "silence_rate_60dB": {"dmean": 0.0574680715799, "dmean2": 0.114952102304, "dvar": 0.054161619395, "dvar2": 0.110890775919, "max": 1, "mean": 0.149340733886, "median": 0, "min": 0, "var": 0.127033650875}, "spectral_centroid": {"dmean": 188.533065796, "dmean2": 286.000671387, "dvar": 124068.421875, "dvar2": 253811.4375, "max": 11622.3203125, "mean": 751.468444824, "median": 489.600921631, "min": 126.347366333, "var": 1159914.25}, "spectral_complexity": {"dmean": 1.85980010033, "dmean2": 2.75024294853, "dvar": 4.35918474197, "dvar2": 7.64682435989, "max": 46, "mean": 8.72158241272, "median": 8, "min": 0, "var": 32.1171607971}, "spectral_contrast_coeffs": {"dmean": [0.0580462925136, 0.0478641428053, 0.041517984122, 0.0349596366286, 0.0260946154594, 0.0221120715141], "dmean2": [0.094095736742, 0.073798276484, 0.0612522438169, 0.0532130412757, 0.0388562902808, 0.0330784954131], "dvar": [0.00255420175381, 0.00207907380536, 0.00145227636676, 0.00103323312942, 0.000614663294982, 0.000464859098429], "dvar2": [0.00657818652689, 0.00450319051743, 0.00288207014091, 0.00206322269514, 0.00117775402032, 0.000884296838194], "max": [-0.206615284085, -0.311570554972, -0.423246026039, -0.433495104313, -0.551320374012, -0.596024096012], "mean": [-0.565937280655, -0.67486423254, -0.748072564602, -0.767342925072, -0.792582571507, -0.799640655518], "median": [-0.571796178818, -0.681081533432, -0.764737069607, -0.784680843353, -0.800191044807, -0.805148780346], "min": [-0.974876046181, -0.979891598225, -0.979283988476, -0.971667647362, -0.968576610088, -0.964617609978], "var": [0.0103778727353, 0.0105303507298, 0.0103426324204, 0.00719541870058, 0.00409753527492, 0.00282559357584]}, "spectral_contrast_valleys": {"dmean": [0.522639214993, 0.451042830944, 0.430759191513, 0.442174822092, 0.463555932045, 0.6300740242], "dmean2": [0.809560239315, 0.669986069202, 0.629060924053, 0.63239389658, 0.619602680206, 0.821508646011], "dvar": [0.234166949987, 0.232803374529, 0.180230468512, 0.219696253538, 0.266378134489, 0.471931189299], "dvar2": [0.478874415159, 0.437033087015, 0.3271458745, 0.388098835945, 0.444627374411, 0.839490234852], "max": [-5.71132230759, -4.60434055328, -5.58209228516, -5.8362197876, -6.09158611298, -7.30598640442], "mean": [-8.19661140442, -7.66894865036, -8.61638259888, -9.23164558411, -9.25037956238, -11.4192228317], "median": [-7.73081588745, -7.29164075851, -8.35484027863, -8.87772941589, -8.87816143036, -11.0605545044], "min": [-28.054151535, -28.1641941071, -27.7717075348, -27.6488685608, -27.5397472382, -27.4107036591], "var": [5.03901433945, 4.77921152115, 4.06891536713, 4.03965854645, 4.2371635437, 4.17720842361]}, "spectral_decrease": {"dmean": 1.71177461095e-09, "dmean2": 2.43993958371e-09, "dvar": 4.80910400429e-18, "dvar2": 9.7182712201e-18, "max": 1.58789661871e-28, "mean": -5.09689002115e-09, "median": -3.81503895142e-09, "min": -2.99382314495e-08, "var": 2.18503977427e-17}, "spectral_energy": {"dmean": 0.00675410823897, "dmean2": 0.00959102343768, "dvar": 7.42644770071e-05, "dvar2": 0.000149813160533, "max": 0.118288367987, "mean": 0.0202987287194, "median": 0.0152485864237, "min": 1.02687412933e-20, "var": 0.00034612667514}, "spectral_energyband_high": {"dmean": 0.000282718538074, "dmean2": 0.00044598110253, "dvar": 9.34920706186e-07, "dvar2": 1.89143577245e-06, "max": 0.0307406112552, "mean": 0.000380435783882, "median": 5.94842349528e-05, "min": 7.01533412314e-21, "var": 1.8667464019e-06}, "spectral_energyband_low": {"dmean": 0.00244970037602, "dmean2": 0.00346219423227, "dvar": 1.53001801664e-05, "dvar2": 2.80199474219e-05, "max": 0.0715275406837, "mean": 0.00556997675449, "median": 0.002108162269, "min": 1.55644512742e-23, "var": 6.60326622892e-05}, "spectral_energyband_middle_high": {"dmean": 0.00105721363798, "dmean2": 0.00138866109774, "dvar": 7.27550241209e-06, "dvar2": 1.39072371894e-05, "max": 0.0683135688305, "mean": 0.00263445032761, "median": 0.00050026649842, "min": 1.18552632068e-21, "var": 3.6476081732e-05}, "spectral_energyband_middle_low": {"dmean": 0.00534970592707, "dmean2": 0.0078340889886, "dvar": 5.62704590266e-05, "dvar2": 0.000119417272799, "max": 0.115335553885, "mean": 0.0136840352789, "median": 0.00890989881009, "min": 1.5865010119e-22, "var": 0.000211871243664}, "spectral_entropy": {"dmean": 0.373903334141, "dmean2": 0.551786065102, "dvar": 0.187262251973, "dvar2": 0.391828328371, "max": 9.8172082901, "mean": 6.79944849014, "median": 6.83390331268, "min": 4.11307287216, "var": 0.635273754597}, "spectral_flux": {"dmean": 0.0250983722508, "dmean2": 0.0386482663453, "dvar": 0.000653931056149, "dvar2": 0.00153077079449, "max": 0.291200101376, "mean": 0.0607449039817, "median": 0.053618863225, "min": 6.33158872554e-11, "var": 0.00171887758188}, "spectral_kurtosis": {"dmean": 5.8156247139, "dmean2": 9.01267623901, "dvar": 125.266967773, "dvar2": 263.966552734, "max": 233.794555664, "mean": 12.2124166489, "median": 7.18571519852, "min": -1.32873260975, "var": 286.478057861}, "spectral_rms": {"dmean": 0.000768238853198, "dmean2": 0.00106063508429, "dvar": 6.92534342761e-07, "dvar2": 1.2511610521e-06, "max": 0.0107425926253, "mean": 0.00391071941704, "median": 0.00385702867061, "min": 3.16516734697e-12, "var": 4.50986954093e-06}, "spectral_rolloff": {"dmean": 465.162628174, "dmean2": 834.383789063, "dvar": 2361742.25, "dvar2": 6271471.5, "max": 19745.9472656, "mean": 1020.85931396, "median": 452.197265625, "min": 21.533203125, "var": 4826454.5}, "spectral_skewness": {"dmean": 0.54157525301, "dmean2": 0.818358004093, "dvar": 0.496200978756, "dvar2": 0.986185252666, "max": 12.8137388229, "mean": 2.55317926407, "median": 2.27728295326, "min": -0.238580837846, "var": 1.76007962227}, "spectral_spread": {"dmean": 1299882.125, "dmean2": 1965727.625, "dvar": 3088410214400.0, "dvar2": 6470143836160.0, "max": 42455180, "mean":