{"lowlevel": {"average_loudness": 0.608676016331, "barkbands": {"dmean": [0.00635219551623, 0.00918787531555, 0.00414799293503, 0.000870840507559, 0.000854016281664, 0.000431105931057, 0.000279929314274, 0.000211729551665, 0.00024830334587, 0.000325967324898, 0.000503000919707, 0.00117564341053, 0.00108119344804, 0.000597003847361, 0.000476324552437, 0.000225922936806, 0.000294032506645, 0.000340276485076, 0.00027931065415, 0.000162067168276, 7.53863205318e-05, 3.35552103934e-05, 1.26820978039e-05, 2.54283509094e-06, 2.56412886301e-06, 8.3874037955e-06, 0.000488438003231], "dmean2": [0.00968391355127, 0.0145260291174, 0.00693039782345, 0.00144891126547, 0.00136381632183, 0.000678595853969, 0.000451426749351, 0.000347897701431, 0.00040340461419, 0.000531356199645, 0.000831358018331, 0.00193105684593, 0.00178412604146, 0.00099299964495, 0.000788395351265, 0.000367335625924, 0.000474424276035, 0.000530674064066, 0.000425729784183, 0.000256355240708, 0.000107884181489, 4.50714542239e-05, 1.7627446141e-05, 4.16053171648e-06, 4.17439468947e-06, 1.17263016364e-05, 0.000760940776672], "dvar": [0.000267213821644, 0.000327122514136, 0.000116478651762, 3.19493324241e-06, 3.63480899068e-06, 2.13783937397e-06, 9.16735757528e-07, 5.35597337148e-07, 5.53572078843e-07, 5.19440220614e-07, 1.35225889153e-06, 3.50774189428e-06, 2.5408323836e-06, 7.95684059085e-07, 5.39102245511e-07, 1.56986956767e-07, 2.41324926264e-07, 4.55346764738e-07, 3.61390789294e-07, 1.18199942278e-07, 2.53226630775e-08, 4.21545820473e-09, 5.9300231392e-10, 2.72559891323e-11, 2.60343569619e-11, 1.71270830851e-10, 4.93272580115e-07], "dvar2": [0.000579811399803, 0.000753530475777, 0.000310360919684, 8.23573918751e-06, 8.54714016896e-06, 5.1919055295e-06, 2.22310154641e-06, 1.31793126457e-06, 1.44973205352e-06, 1.32168872824e-06, 3.44394675267e-06, 9.2348382168e-06, 6.64868275635e-06, 2.14072815652e-06, 1.39401072374e-06, 3.87664101709e-07, 5.76176717004e-07, 1.02264527868e-06, 7.88224440385e-07, 2.88857336272e-07, 5.21898471106e-08, 7.96973775863e-09, 1.23938748153e-09, 6.57265145088e-11, 6.25976076529e-11, 3.36526445599e-10, 1.21974085232e-06], "max": [0.299283236265, 0.456833600998, 0.142947271466, 0.0373129695654, 0.0538574643433, 0.0589380040765, 0.0383718833327, 0.0287088472396, 0.0218161717057, 0.0267388559878, 0.0398728810251, 0.0504480600357, 0.0358413532376, 0.0163996443152, 0.0239529423416, 0.00726463412866, 0.00869341008365, 0.0105017041788, 0.0071023046039, 0.00434333272278, 0.00770671851933, 0.00159246905241, 0.000972656765953, 8.35313330754e-05, 8.08000113466e-05, 0.00029461082886, 0.0141527913511], "mean": [0.00621066149324, 0.012705703266, 0.00432627880946, 0.00111201626714, 0.00121373834554, 0.000634606403764, 0.000387230655178, 0.000281526852632, 0.00034633881296, 0.000475990207633, 0.000774191750679, 0.00204785354435, 0.00199261168018, 0.00109463650733, 0.000876113655977, 0.000374402123271, 0.000499024288729, 0.000465082644951, 0.000333689240506, 0.000209051708225, 0.000131237597088, 6.83595135342e-05, 2.63083584287e-05, 2.61841569227e-06, 2.74419630841e-06, 1.687798067e-05, 0.00163497368339], "median": [0.000354552554199, 0.00388968503103, 0.000982479657978, 0.000424564466812, 0.000434740271885, 0.000158448703587, 9.40265454119e-05, 7.44874414522e-05, 0.000140785312396, 0.000232628066442, 0.000382772355806, 0.00133694917895, 0.00132820417639, 0.000739743351005, 0.000591347401496, 0.000220367015572, 0.000285709829768, 0.00017627235502, 5.77103128307e-05, 5.40023866051e-05, 4.36949558207e-05, 2.84299057967e-05, 1.19560845633e-05, 6.95392827765e-07, 7.91264938016e-07, 8.40095708554e-06, 0.0011733439751], "min": [9.30013878409e-13, 2.05739169868e-14, 1.29841197676e-14, 3.99436106207e-14, 1.64431050156e-13, 1.00493499969e-13, 1.42002579942e-13, 1.05399345393e-13, 6.58803794937e-14, 3.21705349534e-14, 1.69810827455e-14, 4.01603223062e-14, 1.27460535345e-14, 1.6939730597e-14, 3.89240573909e-14, 1.84011639747e-14, 2.93858328242e-14, 3.98506640013e-14, 5.48389526606e-14, 5.74118457311e-14, 8.41542750741e-14, 4.40588795374e-14, 8.52573017068e-14, 9.10051791954e-14, 2.21399558843e-13, 1.6433807982e-13, 4.76915653237e-13], "var": [0.000310953590088, 0.000605154433288, 0.000105320927105, 4.35892297901e-06, 6.10717324889e-06, 4.21247614213e-06, 1.62087269473e-06, 9.30670864818e-07, 7.78488185915e-07, 7.86427392541e-07, 2.42178657572e-06, 6.51011350783e-06, 5.4759007071e-06, 1.64874381881e-06, 1.1082504443e-06, 2.5103668122e-07, 4.23709735742e-07, 6.52304720461e-07, 4.85683131046e-07, 1.40514643476e-07, 5.40708882113e-08, 1.22654704171e-08, 1.60604796129e-09, 2.99222625844e-11, 2.97590632692e-11, 5.28888266516e-10, 3.00690976474e-06]}, "barkbands_crest": {"dmean": 3.19836211205, "dmean2": 5.18964385986, "dvar": 8.0590171814, "dvar2": 19.8694953918, "max": 26.4754753113, "mean": 9.92643070221, "median": 9.0222454071, "min": 2.31341195107, "var": 19.1360683441}, "barkbands_flatness_db": {"dmean": 0.0290657877922, "dmean2": 0.0454182252288, "dvar": 0.00072778359754, "dvar2": 0.00167352589779, "max": 0.482942789793, "mean": 0.140895456076, "median": 0.131330400705, "min": 0.0369695909321, "var": 0.00251693860628}, "barkbands_kurtosis": {"dmean": 5.21544408798, "dmean2": 8.1850271225, "dvar": 451.095794678, "dvar2": 1095.99951172, "max": 1376.76513672, "mean": 5.88062143326, "median": 1.38383030891, "min": -1.79580163956, "var": 574.976257324}, "barkbands_skewness": {"dmean": 0.761589467525, "dmean2": 1.154088974, "dvar": 0.944923460484, "dvar2": 2.0193259716, "max": 29.8113288879, "mean": 1.63739800453, "median": 1.25948166847, "min": -1.68090605736, "var": 2.4959897995}, "barkbands_spread": {"dmean": 10.3504943848, "dmean2": 16.287525177, "dvar": 101.910224915, "dvar2": 239.391784668, "max": 123.635429382, "mean": 38.1226081848, "median": 36.5610847473, "min": 0.17540435493, "var": 441.337341309}, "dissonance": {"dmean": 0.012164552696, "dmean2": 0.0208477154374, "dvar": 0.000271077849902, "dvar2": 0.000750015373342, "max": 0.500000178814, "mean": 0.482659131289, "median": 0.489778697491, "min": 0.223258748651, "var": 0.000426161306677}, "dynamic_complexity": 5.84620046616, "erbbands": {"dmean": [0.277366399765, 2.1602537632, 5.36599159241, 3.19927883148, 2.95537519455, 2.74629855156, 3.21231365204, 3.54367017746, 3.43239688873, 5.37056589127, 3.92642235756, 5.76692199707, 8.14625263214, 11.0294418335, 25.1209182739, 51.9915161133, 47.0330505371, 29.6755847931, 30.4936447144, 17.1108074188, 12.3896150589, 15.492609024, 18.2013893127, 16.811870575, 11.5031423569, 7.61546897888, 4.21492767334, 2.3673684597, 1.28728890419, 0.731084287167, 0.321116387844, 0.0688579902053, 0.0409158468246, 0.0283331293613, 0.0184895321727, 0.0112087056041, 0.012813382782, 0.0315450318158, 0.0168642457575, 0.0122199179605], "dmean2": [0.44941458106, 3.39988923073, 8.74277305603, 5.32746458054, 4.80832290649, 4.41466856003, 5.03539705276, 5.65530586243, 5.59204721451, 8.60021114349, 6.43996334076, 9.4334487915, 13.2251367569, 17.8834571838, 41.3628387451, 85.3610687256, 77.5086746216, 48.8162727356, 50.4496955872, 28.2814121246, 19.9448299408, 24.7131996155, 28.5016765594, 25.4979896545, 17.7191200256, 12.0108184814, 6.28487253189, 3.31400990486, 1.74427568913, 0.992443919182, 0.450321704149, 0.108529001474, 0.0668121799827, 0.0461889840662, 0.030045973137, 0.018108278513, 0.0177865158767, 0.0382065623999, 0.0217039324343, 0.0188264641911], "dvar": [0.298918545246, 21.7808456421, 166.64894104, 56.2355422974, 51.2669754028, 46.8354301453, 103.140296936, 167.493484497, 108.21055603, 510.0206604, 133.06829834, 358.371765137, 371.411651611, 558.103149414, 2928.36083984, 7793.9375, 4698.79101562, 2003.39855957, 2204.34057617, 685.653686523, 503.818328857, 697.938964844, 1205.45910645, 1374.97314453, 593.370361328, 265.691741943, 74.3110809326, 24.0805912018, 6.09584093094, 2.51467609406, 0.35563236475, 0.0157522875816, 0.00697977235541, 0.00326157896779, 0.00132222019602, 0.000451110652648, 0.000369766785298, 0.00308928568847, 0.000739010225516, 0.00028694368666], "dvar2": [0.728451311588, 49.6681671143, 424.177337646, 147.489868164, 123.997009277, 108.383918762, 215.541168213, 429.196777344, 275.701141357, 1164.31469727, 326.577697754, 965.81829834, 930.543823242, 1361.61987305, 7491.30761719, 20471.1015625, 12254.1337891, 5226.05273438, 5889.90039062, 1803.83215332, 1205.92956543, 1621.54003906, 2723.07836914, 2969.7434082, 1335.59423828, 650.518249512, 162.598922729, 48.8402481079, 11.6962213516, 5.50575971603, 0.725931942463, 0.0376804955304, 0.016820076853, 0.00784734915942, 0.00317731825635, 0.00108462304343, 0.00071495724842, 0.00477335276082, 0.00122157111764, 0.000696262111887], "max": [15.7770986557, 111.285003662, 210.893630981, 144.152587891, 232.721908569, 274.771453857, 649.073120117, 612.410827637, 390.062591553, 1100.91052246, 350.590423584, 644.20904541, 648.391113281, 1036.34936523, 1943.96777344, 2519.97290039, 1482.21118164, 1006.58032227, 1531.80432129, 443.543762207, 377.798614502, 488.154388428, 474.612121582, 569.811828613, 318.31237793, 231.814071655, 276.84677124, 237.354003906, 61.2387428284, 77.5929641724, 28.3809719086, 4.132584095, 1.28936374187, 0.895189702511, 0.57986754179, 0.338441669941, 0.499193638563, 1.44357192516, 1.07310187817, 0.35229626298], "mean": [0.334836512804, 2.91907596588, 6.21628332138, 3.93044185638, 4.17257118225, 3.58565282822, 4.63511228561, 5.01775503159, 4.89637756348, 7.31770133972, 5.55286216736, 8.04866600037, 12.2841739655, 18.3137321472, 44.7334022522, 92.7524414062, 92.0915374756, 61.4314880371, 56.6610374451, 32.816532135, 21.8073387146, 27.1855144501, 26.9972953796, 20.3925895691, 14.1847476959, 9.80161571503, 6.50977897644, 4.32373332977, 2.57972311974, 1.51831448078, 0.658901751041, 0.101205326617, 0.0437019392848, 0.030089572072, 0.0200937222689, 0.0130350124091, 0.0265041589737, 0.0736815854907, 0.0521869435906, 0.0520202256739], "median": [0.0945495143533, 0.809130251408, 1.42631149292, 1.50730097294, 1.52177238464, 1.25232803822, 1.03508973122, 1.34828174114, 1.40062737465, 1.51199495792, 1.83648967743, 3.22288799286, 5.7976770401, 10.2742624283, 27.3730621338, 60.161857605, 66.2774429321, 45.407333374, 39.5626525879, 22.4813652039, 13.3557682037, 16.0905056, 12.220117569, 4.0437335968, 2.81352519989, 2.53585863113, 1.97208559513, 1.55720949173, 1.06719517708, 0.645595550537, 0.30731767416, 0.0509874522686, 0.0132670067251, 0.00855146162212, 0.00602846592665, 0.00465505197644, 0.0137788867578, 0.0303979758173, 0.0300097540021, 0.0414673089981], "min": [3.64408937054e-12, 3.7008668699e-12, 1.43492535562e-11, 6.5390658166e-11, 2.04413430627e-10, 5.81953096823e-10, 6.33726127131e-10, 9.20092779744e-10, 1.81101700303e-09, 2.26884711019e-09, 2.17229767507e-09, 1.4482171018e-09, 1.46923351263e-09, 7.00274949139e-10, 8.49061376762e-10, 1.61080238037e-09, 6.64807653372e-10, 9.33902621902e-10, 1.34207378544e-09, 1.48002676781e-09, 1.36723499189e-09, 1.56407453655e-09, 1.36681133078e-09, 3.12595460628e-09, 2.19482099162e-09, 3.22755333571e-09, 4.49530457303e-09, 2.31200347756e-09, 1.28020083423e-09, 2.5293986905e-09, 2.05169792267e-09, 1.58126900462e-09, 2.02580197062e-09, 2.47079712246e-09, 1.28907517993e-09, 8.47732051223e-10, 2.11083026058e-10, 1.69064928723e-10, 7.01238858647e-11, 7.24911320207e-12], "var": [0.389482140541, 39.5388526917, 192.635238647, 56.8655319214, 87.9334564209, 66.1077575684, 245.621063232, 272.77911377, 194.309066772, 908.676635742, 228.363479614, 475.272979736, 584.041992188, 918.16003418, 5853.87597656, 14222.6523438, 10818.0507812, 4684.44140625, 4414.91601562, 1424.74890137, 832.034179688, 1250.27172852, 1815.70800781, 1864.38208008, 778.204345703, 311.248291016, 133.697128296, 55.8044128418, 17.2766609192, 6.10380029678, 0.998133599758, 0.0228944607079, 0.00775517849252, 0.00367722567171, 0.00153365917504, 0.000548723677639, 0.00121413427405, 0.0123039055616, 0.00469842879102, 0.00264283758588]}, "erbbands_crest": {"dmean": 2.65511870384, "dmean2": 4.34574604034, "dvar": 5.60479927063, "dvar2": 14.0634469986, "max": 32.3494491577, "mean": 9.55766010284, "median": 8.62347793579, "min": 2.12566399574, "var": 17.9438724518}, "erbbands_flatness_db": {"dmean": 0.0235591717064, "dmean2": 0.0363071523607, "dvar": 0.000423049961682, "dvar2": 0.00100094056688, "max": 0.379939198494, "mean": 0.165744483471, "median": 0.162681609392, "min": 0.0333680287004, "var": 0.00193149794359}, "erbbands_kurtosis": {"dmean": 1.60641384125, "dmean2": 2.54717373848, "dvar": 3.97363781929, "dvar2": 9.28436088562, "max": 58.610080719, "mean": 2.59988665581, "median": 1.76984095573, "min": -1.76559901237, "var": 10.7733106613}, "erbbands_skewness": {"dmean": 0.425839275122, "dmean2": 0.660464882851, "dvar": 0.147686675191, "dvar2": 0.344442874193, "max": 3.6145055294, "mean": -0.412218958139, "median": -0.39919000864, "min": -4.58517599106, "var": 0.536618411541}, "erbbands_spread": {"dmean": 6.25072813034, "dmean2": 9.69246292114, "dvar": 44.330871582, "dvar2": 103.184432983, "max": 116.885856628, "mean": 22.3819332123, "median": 19.4468765259, "min": 1.28533875942, "var": 170.056411743}, "gfcc": {"cov": [[18836.5703125, -1353.81262207, -1815.15246582, 999.27545166, 1273.29211426, -268.620147705, 692.901855469, -362.014709473, 478.749816895, -6.90236377716, 16.1204910278, 282.723114014, -184.188079834], [-1353.81262207, 973.456237793, 318.532287598, -347.409576416, -128.655532837, 50.981628418, -131.784988403, -8.63982963562, -91.2606887817, -42.6862068176, 37.6595687866, -113.410850525, 51.0966339111], [-1815.15246582, 318.532287598, 629.229980469, -61.535736084, -315.13394165, 160.599365234, -158.778335571, 74.649055481, -127.693367004, 22.683713913, -30.6049880981, -45.5564537048, 9.13167667389], [999.27545166, -347.409576416, -61.535736084, 456.186737061, 86.9345092773, -130.269104004, 142.971282959, 6.75938415527, 26.5204181671, 8.79709339142, -40.2262687683, 58.9128303528, -46.0852203369], [1273.29211426, -128.655532837, -315.13394165, 86.9345092773, 464.694000244, 34.3717575073, 104.491691589, 24.1025676727, 90.8344345093, -32.7549972534, 63.8712768555, 9.330742836, 25.7548656464], [-268.620147705, 50.981628418, 160.599365234, -130.269104004, 34.3717575073, 288.798919678, -65.1694717407, 65.9885864258, -40.91847229, 11.8514442444, 19.5982570648, -27.1744174957, 40.6135177612], [692.901855469, -131.784988403, -158.778335571, 142.971282959, 104.491691589, -65.1694717407, 245.687805176, -68.8699645996, 83.4867401123, -11.9996519089, -26.3342132568, 59.406452179, -57.7379989624], [-362.014709473, -8.63982963562, 74.649055481, 6.75938415527, 24.1025676727, 65.9885864258, -68.8699645996, 233.258331299, 2.82124638557, 34.0747833252, 43.2657394409, -53.930229187, 51.4652671814], [478.749816895, -91.2606887817, -127.693367004, 26.5204181671, 90.8344345093, -40.91847229, 83.4867401123, 2.82124638557, 150.453964233, 36.1081809998, 5.10235977173, 34.5189399719, -27.0207157135], [-6.90236377716, -42.6862068176, 22.683713913, 8.79709339142, -32.7549972534, 11.8514442444, -11.9996519089, 34.0747833252, 36.1081809998, 72.3279495239, 23.2733192444, 7.30659389496, 4.36237430573], [16.1204910278, 37.6595687866, -30.6049880981, -40.2262687683, 63.8712768555, 19.5982570648, -26.3342132568, 43.2657394409, 5.10235977173, 23.2733192444, 81.056350708, 4.99079275131, 29.7446060181], [282.723114014, -113.410850525, -45.5564537048, 58.9128303528, 9.330742836, -27.1744174957, 59.406452179, -53.930229187, 34.5189399719, 7.30659389496, 4.99079275131, 87.1665039062, -4.12677431107], [-184.188079834, 51.0966339111, 9.13167667389, -46.0852203369, 25.7548656464, 40.6135177612, -57.7379989624, 51.4652671814, -27.0207157135, 4.36237430573, 29.7446060181, -4.12677431107, 82.8702087402]], "icov": [[9.77823947323e-05, -0.000113453796075, 0.000391630048398, -0.000335888413247, 3.94822251337e-07, -0.000295010599075, 0.000171941937879, 8.73371609487e-05, -7.52306586946e-05, -8.11188583612e-05, 5.01614376844e-05, -0.0001440065098, 0.000221919341129], [-0.000113453796075, 0.0031277788803, -0.00321117579006, 0.00243867584504, -0.000570633157622, 0.0023170451168, -0.00184004346374, 0.00164529553149, -0.000798763008788, 0.00182954082265, -0.00269591459073, 0.00434617744759, -0.00290536182001], [0.000391630048398, -0.00321117579006, 0.00819933693856, -0.00467565003783, 0.00380184990354, -0.00597519194707, 0.00329423998483, -0.00161918799859, 0.000427022896474, -0.0004094967735, 0.00146965368185, -0.0035561635159, 0.00385046796873], [-0.000335888413247, 0.00243867584504, -0.00467565003783, 0.00871060136706, -0.00483844382688, 0.00644229492173, -0.00353380292654, -0.0026382280048, 0.00550963357091, -0.00488476082683, 0.0049510919489, -0.00278551364318, 0.00076967687346], [3.94822251337e-07, -0.000570633157622, 0.00380184990354, -0.00483844382688, 0.00913278665394, -0.00551316794008, -7.12443943485e-05, 0.0018876385875, -0.00704918988049, 0.00923359207809, -0.0088694319129, 0.00539565552026, -0.00344760669395], [-0.000295010599075, 0.0023170451168, -0.00597519194707, 0.00644229492173, -0.00551316794008, 0.0101957777515, -0.00250410474837, -0.00154834077694, 0.00454803276807, -0.00464496901259, 0.00343508156948, -0.000665043538902, -0.00144840613939], [0.000171941937879, -0.00184004346374, 0.00329423998483, -0.00353380292654, -7.12443943485e-05, -0.00250410474837, 0.0098319593817, -0.000151987187564, -0.00247155153193, 0.00107332190964, 0.0024580899626, -0.00540728401393, 0.00536853866652], [8.73371609487e-05, 0.00164529553149, -0.00161918799859, -0.0026382280048, 0.0018876385875, -0.00154834077694, -0.000151987187564, 0.0105899116024, -0.00614127377048, 0.00284456997178, -0.0079215830192, 0.0110629210249, -0.00737747037783], [-7.52306586946e-05, -0.000798763008788, 0.000427022896474, 0.00550963357091, -0.00704918988049, 0.00454803276807, -0.00247155153193, -0.00614127377048, 0.0202335398644, -0.0157874003053, 0.0111219184473, -0.0111729288474, 0.0082760732621], [-8.11188583612e-05, 0.00182954082265, -0.0004094967735, -0.00488476082683, 0.00923359207809, -0.00464496901259, 0.00107332190964, 0.00284456997178, -0.0157874003053, 0.0323791019619, -0.0174568686634, 0.00858799833804, -0.00575037905946], [5.01614376844e-05, -0.00269591459073, 0.00146965368185, 0.0049510919489, -0.0088694319129, 0.00343508156948, 0.0024580899626, -0.0079215830192, 0.0111219184473, -0.0174568686634, 0.0313437283039, -0.0153223527595, 0.00460252026096], [-0.0001440065098, 0.00434617744759, -0.0035561635159, -0.00278551364318, 0.00539565552026, -0.000665043538902, -0.00540728401393, 0.0110629210249, -0.0111729288474, 0.00858799833804, -0.0153223527595, 0.0313211083412, -0.0131816407666], [0.000221919341129, -0.00290536182001, 0.00385046796873, 0.00076967687346, -0.00344760669395, -0.00144840613939, 0.00536853866652, -0.00737747037783, 0.0082760732621, -0.00575037905946, 0.00460252026096, -0.0131816407666, 0.0251516345888]], "mean": [-36.6722183228, 86.1504135132, -102.78162384, -2.13042163849, 8.80684757233, -3.05569434166, 13.7604227066, -28.8332614899, -3.2066617012, -8.63210010529, -2.63078808784, -0.100421540439, -11.8729295731]}, "hfc": {"dmean": 109.655799866, "dmean2": 161.612335205, "dvar": 51499.8046875, "dvar2": 105156.8125, "max": 4387.57910156, "mean": 290.562591553, "median": 188.046585083, "min": 1.90414350953e-08, "var": 150782.0625}, "melbands": {"dmean": [0.00272072665393, 0.00286550214514, 0.000552888144739, 0.00020302629855, 0.000110053566459, 7.90930280345e-05, 5.32691883564e-05, 5.68662253499e-05, 3.17683807225e-05, 3.75901327061e-05, 4.21878175985e-05, 4.50045117759e-05, 7.52393898438e-05, 0.000124047044665, 0.000140051502967, 0.000102898746263, 5.63632238482e-05, 5.56553168281e-05, 2.88570845441e-05, 1.75499826582e-05, 1.60040635819e-05, 1.6759700884e-05, 1.82962794497e-05, 1.62629476108e-05, 1.40301699503e-05, 9.80334334599e-06, 7.05658385414e-06, 4.76633067592e-06, 2.93870220958e-06, 1.93690425476e-06, 1.25791666505e-06, 8.03063471722e-07, 5.84796566727e-07, 3.70290422325e-07, 2.20842451881e-07, 8.34713560494e-08, 3.29962439594e-08, 2.89562702704e-08, 2.57695269568e-08, 2.32312888926e-08], "dmean2": [0.00425313599408, 0.00455875694752, 0.000911136332434, 0.000325208267896, 0.000172408836079, 0.000125442864373, 8.62349261297e-05, 9.08887377591e-05, 5.2191917348e-05, 6.15392564214e-05, 6.87065767124e-05, 7.34115601517e-05, 0.000124271406094, 0.000204513358767, 0.000231130048633, 0.000171780877281, 9.37561999308e-05, 9.27269138629e-05, 4.75794295198e-05, 2.88798219117e-05, 2.60797805822e-05, 2.72569886874e-05, 2.94381006825e-05, 2.54399692494e-05, 2.15324344026e-05, 1.51063204612e-05, 1.13073310786e-05, 7.63639127399e-06, 4.49905701316e-06, 2.83603480966e-06, 1.79268113243e-06, 1.12515169803e-06, 8.39115443796e-07, 5.22857931173e-07, 3.17932318694e-07, 1.29081968225e-07, 5.4051820797e-08, 4.73652406185e-08, 4.20793284661e-08, 3.78604170237e-08], "dvar": [2.48320557148e-05, 4.09192616644e-05, 1.51181939145e-06, 2.19600522655e-07, 9.23334582126e-08, 7.67235448507e-08, 2.61956927261e-08, 5.33475983389e-08, 8.61069260338e-09, 1.47091814284e-08, 9.86503323475e-09, 9.92675897038e-09, 2.79143570481e-08, 4.02397972721e-08, 4.31804068057e-08, 2.53171030806e-08, 7.55709272937e-09, 7.34133021041e-09, 2.00508454284e-09, 8.40425673498e-10, 8.36951119521e-10, 8.32701407827e-10, 9.86116743817e-10, 1.19768217566e-09, 1.00728270169e-09, 4.51798570777e-10, 2.31868552136e-10, 1.08907244334e-10, 3.72715192043e-11, 1.72161729317e-11, 6.72121733269e-12, 2.35732895877e-12, 1.56267804686e-12, 6.62004956062e-13, 1.69018648361e-13, 2.67064778766e-14, 4.6122820156e-15, 3.52809403091e-15, 2.74902277218e-15, 2.1800677769e-15], "dvar2": [5.72137432755e-05, 9.808903269e-05, 3.88913440474e-06, 5.16626357694e-07, 1.99519959665e-07, 1.96006368469e-07, 6.61342482999e-08, 1.22946289594e-07, 2.12730011384e-08, 3.93820052125e-08, 2.48880134279e-08, 2.43433397884e-08, 7.1325899853e-08, 1.04915947929e-07, 1.15190758265e-07, 6.65489423568e-08, 2.00926972838e-08, 1.99946956769e-08, 5.10008213439e-09, 2.16495488203e-09, 2.03991090686e-09, 2.0114925281e-09, 2.33731567434e-09, 2.71386069173e-09, 2.2296879898e-09, 1.01516017814e-09, 5.71731328947e-10, 2.71647843109e-10, 8.55082324391e-11, 3.65723631934e-11, 1.40227057396e-11, 4.65774337502e-12, 3.44152050608e-12, 1.52611322017e-12, 3.54154639642e-13, 6.5134136691e-14, 1.11331317022e-14, 8.50425144801e-15, 6.61959128191e-15, 5.2441622415e-15], "max": [0.139601826668, 0.119286641479, 0.0207427814603, 0.0142887830734, 0.016922691837, 0.0122773107141, 0.0057760826312, 0.0104753253981, 0.00291307666339, 0.00408755755052, 0.00319818011485, 0.00453006103635, 0.0062073385343, 0.00486882450059, 0.00365912844427, 0.0041407989338, 0.00185650971252, 0.00237894500606, 0.00136252818629, 0.000609935610555, 0.000491404847708, 0.000613974931184, 0.000533558835741, 0.000504627707414, 0.000506968935952, 0.000282218446955, 0.000208751022001, 0.000173118532985, 0.00016744286404, 0.000166197278304, 0.000122377416119, 3.85063867725e-05, 3.97902695113e-05, 4.37459675595e-05, 1.66927020473e-05, 1.17350155051e-05, 1.11767906219e-06, 9.17468753414e-07, 8.13170800029e-07, 7.34296861538e-07], "mean": [0.00367966340855, 0.00366592640057, 0.000716961221769, 0.000285107525997, 0.000156029869686, 0.000113886897452, 7.64664509916e-05, 7.73421634221e-05, 4.37502458226e-05, 5.15932733833e-05, 6.18889753241e-05, 6.95524940966e-05, 0.000123100893688, 0.000213419829379, 0.000246535055339, 0.000180791510502, 0.000104011516669, 9.6678500995e-05, 5.46837763977e-05, 3.04399000015e-05, 2.54073765973e-05, 2.77622293652e-05, 2.90130155918e-05, 2.05359665415e-05, 1.6289171981e-05, 1.15293742056e-05, 8.53251094668e-06, 5.95809160586e-06, 4.20759624831e-06, 3.23990639117e-06, 2.21731215788e-06, 1.50862888404e-06, 1.13328076168e-06, 7.23927144008e-07, 4.31748446772e-07, 1.39402445143e-07, 3.37458452293e-08, 2.98798283893e-08, 2.69225246541e-08, 2.46186502295e-08], "median": [0.00105776300188, 0.000943028600886, 0.000291704549454, 0.000104662831291, 3.8468362618e-05, 3.0233815778e-05, 2.13466482819e-05, 1.64609591593e-05, 1.47848004417e-05, 2.07158136618e-05, 2.87118200504e-05, 3.65925297956e-05, 6.76375129842e-05, 0.000136839196784, 0.000155496963998, 0.000120068682008, 7.10603926564e-05, 6.32389128441e-05, 3.73532457161e-05, 1.86174784176e-05, 1.41413029269e-05, 1.60704621521e-05, 1.48878616528e-05, 6.43146859147e-06, 2.62473236035e-06, 2.00342560674e-06, 1.95351071852e-06, 1.54302472311e-06, 1.18924947401e-06, 1.02622323084e-06, 8.13855763226e-07, 6.02748627898e-07, 4.58631831179e-07, 3.0399348816e-07, 1.96224789306e-07, 6.92796078283e-08, 8.88359341644e-09, 7.93808752064e-09, 7.33383398455e-09, 6.90068358011e-09], "min": [6.63608165814e-14, 5.96345584405e-15, 1.41745305543e-14, 3.63703614751e-14, 2.34236932693e-14, 2.08843376214e-14, 2.827819325e-14, 2.47205464513e-14, 1.66163181711e-14, 8.89811160409e-15, 7.16957146863e-15, 2.72113294184e-15, 2.47432977563e-15, 4.57127503304e-15, 2.86890821565e-15, 1.09675541252e-15, 1.77762230662e-15, 1.55783927967e-15, 3.45468464999e-15, 8.8164377227e-16, 1.91634300998e-15, 1.80471317313e-15, 7.14150577308e-16, 2.14327224215e-15, 2.50910534855e-15, 2.47999197912e-15, 5.46067794474e-16, 2.57301504322e-15, 3.11701941249e-15, 1.83923887134e-15, 1.21840543737e-15, 7.54453146092e-16, 8.08398503981e-16, 1.65564977398e-15, 9.66496780069e-16, 1.38022282338e-15, 7.91784323297e-16, 1.07889540519e-15, 2.19264282803e-15, 2.04722399989e-15], "var": [4.24217687396e-05, 6.04197994107e-05, 1.65762912729e-06, 3.69336760286e-07, 2.02989767217e-07, 1.30685080535e-07, 4.84459796724e-08, 9.67711031308e-08, 1.38835272168e-08, 1.9236836124e-08, 1.53185162333e-08, 1.52932830844e-08, 5.175854767e-08, 7.83864848586e-08, 8.5237957137e-08, 4.83683848529e-08, 1.5229751682e-08, 1.35677389324e-08, 4.25623669642e-09, 1.4753578359e-09, 1.26961896552e-09, 1.35277344882e-09, 1.66758418185e-09, 1.56746815527e-09, 1.29909216717e-09, 5.81843739855e-10, 2.61510008093e-10, 1.20413554128e-10, 5.85975989953e-11, 3.54350229714e-11, 1.48478434409e-11, 6.14076758193e-12, 3.72064315121e-12, 1.4090271918e-12, 4.45972685864e-13, 4.73103815238e-14, 5.03477230881e-15, 3.88292481461e-15, 3.06082512919e-15, 2.46429137641e-15]}, "melbands_crest": {"dmean": 4.53417158127, "dmean2": 7.33599710464, "dvar": 16.999414444, "dvar2": 40.5455131531, "max": 38.8929252625, "mean": 16.3413543701, "median": 15.6426115036, "min": 3.04890060425, "var": 41.5133323669}, "melbands_flatness_db": {"dmean": 0.0385174751282, "dmean2": 0.0602466128767, "dvar": 0.00112532486673, "dvar2": 0.00265803420916, "max": 0.629527509212, "mean": 0.242820814252, "median": 0.235633358359, "min": 0.0149854160845, "var": 0.00466644670814}, "melbands_kurtosis": {"dmean": 7.84493970871, "dmean2": 12.4480600357, "dvar": 451.138946533, "dvar2": 1087.83166504, "max": 1316.29101562, "mean": 9.42209911346, "median": 2.64262008667, "min": -1.90304219723, "var": 676.980285645}, "melbands_skewness": {"dmean": 0.999193966389, "dmean2": 1.5373339653, "dvar": 1.16209805012, "dvar2": 2.64967870712, "max": 29.5223064423, "mean": 2.19487524033, "median": 1.84224629402, "min": -2.62667965889, "var": 3.56763005257}, "melbands_spread": {"dmean": 10.09516716, "dmean2": 16.1549301147, "dvar": 133.746673584, "dvar2": 321.89956665, "max": 179.830123901, "mean": 28.9912338257, "median": 26.2454872131, "min": 0.179265245795, "var": 354.651397705}, "mfcc": {"cov": [[14564.7636719, -10.5662708282, -3152.23388672, 1548.28991699, 28.8156013489, 766.137329102, -102.024345398, 381.705749512, 92.9797973633, 136.213409424, 252.49810791, 48.405216217, 167.12171936], [-10.5662708282, 919.893615723, 102.51348877, -303.250396729, 49.0303497314, 8.35958194733, 26.536157608, -56.0720596313, -37.4797554016, -42.228843689, -12.3237504959, 8.95715999603, -29.7230072021], [-3152.23388672, 102.51348877, 1296.92077637, -382.259277344, -48.8693580627, -212.27482605, 35.5566177368, -141.064849854, -22.4638710022, -43.5902023315, -69.0954208374, -19.1458091736, -62.0517730713], [1548.28991699, -303.250396729, -382.259277344, 667.083068848, -137.467254639, 89.5056304932, -42.462272644, 92.1735992432, 0.327726632357, 44.4158706665, 25.6129570007, -46.8181266785, 43.5334625244], [28.8156013489, 49.0303497314, -48.8693580627, -137.467254639, 357.181793213, -52.2139854431, 107.710472107, 14.2236347198, 49.1870384216, 8.07852745056, 12.4414625168, 70.661491394, -8.84753704071], [766.137329102, 8.35958194733, -212.27482605, 89.5056304932, -52.2139854431, 268.551086426, -6.88383674622, 64.0738525391, 1.06050479412, -16.265712738, 11.6775512695, -15.8154067993, 28.8545799255], [-102.024345398, 26.536157608, 35.5566177368, -42.462272644, 107.710472107, -6.88383674622, 154.454269409, 28.9544467926, 20.0899162292, -2.98148703575, -11.4310121536, 22.2338905334, -1.83735716343], [381.705749512, -56.0720596313, -141.064849854, 92.1735992432, 14.2236347198, 64.0738525391, 28.9544467926, 107.332382202, 41.8835372925, 13.6561288834, 20.6659469604, 13.481628418, 19.6443881989], [92.9797973633, -37.4797554016, -22.4638710022, 0.327726632357, 49.1870384216, 1.06050479412, 20.0899162292, 41.8835372925, 81.075920105, 41.3123397827, 19.5362262726, 19.1512203217, 2.68879580498], [136.213409424, -42.228843689, -43.5902023315, 44.4158706665, 8.07852745056, -16.265712738, -2.98148703575, 13.6561288834, 41.3123397827, 76.7904205322, 39.6263999939, 11.3583993912, 5.67506217957], [252.49810791, -12.3237504959, -69.0954208374, 25.6129570007, 12.4414625168, 11.6775512695, -11.4310121536, 20.6659469604, 19.5362262726, 39.6263999939, 68.7933197021, 39.5826034546, 9.73234939575], [48.405216217, 8.95715999603, -19.1458091736, -46.8181266785, 70.661491394, -15.8154067993, 22.2338905334, 13.481628418, 19.1512203217, 11.3583993912, 39.5826034546, 76.4809112549, 26.152305603], [167.12171936, -29.7230072021, -62.0517730713, 43.5334625244, -8.84753704071, 28.8545799255, -1.83735716343, 19.6443881989, 2.68879580498, 5.67506217957, 9.73234939575, 26.152305603, 55.8977088928]], "icov": [[0.000188212579815, -0.000125776758068, 0.000358285353286, -0.000332676805556, -3.42174207617e-05, -0.000217471577344, -1.82663134183e-05, 0.000295971316518, -0.000309885304887, 0.00019706178864, -0.000233342783758, -0.000156771828188, 0.000138329691254], [-0.000125776758068, 0.00142944627441, -0.0001493387972, 0.000864239409566, 4.4750962843e-05, -0.000102338264696, -0.000246042065555, 5.78332510486e-05, 0.000728678365704, 4.04841885029e-05, -0.000206469456316, 0.000249679782428, 0.000208752899198], [0.000358285353286, -0.0001493387972, 0.00190342438873, -7.71147897467e-05, 0.000652592862025, 0.000241072644712, -0.000706256076228, 0.00155593676027, -0.00134835916106, 0.000916910474189, -0.000203755713301, -0.000291725154966, 0.000574993726332], [-0.000332676805556, 0.000864239409566, -7.71147897467e-05, 0.0034138597548, 0.000615599215962, 0.000715955975465, -0.000158592927619, -0.00226038019173, 0.00178751267958, -0.00134887173772, -0.000740820658393, 0.00302691222169, -0.00200936221518], [-3.42174207617e-05, 4.4750962843e-05, 0.000652592862025, 0.000615599215962, 0.00520650623366, 0.000557943480089, -0.00263334182091, 0.000776168017182, -0.00216253078543, 0.00022177293431, 0.00171950808726, -0.00476634223014, 0.00255995802581], [-0.000217471577344, -0.000102338264696, 0.000241072644712, 0.000715955975465, 0.000557943480089, 0.00609980523586, -0.000530373828951, -0.00249834381975, -0.00070219108602, 0.00368133280426, -0.00396614149213, 0.00499784806743, -0.00388178159483], [-1.82663134183e-05, -0.000246042065555, -0.000706256076228, -0.000158592927619, -0.00263334182091, -0.000530373828951, 0.00991920940578, -0.00421150075272, 0.00180908478796, -0.00262891477905, 0.00572539260611, -0.00370780122466, 0.00184413429815], [0.000295971316518, 5.78332510486e-05, 0.00155593676027, -0.00226038019173, 0.000776168017182, -0.00249834381975, -0.00421150075272, 0.0201141908765, -0.0119463885203, 0.00693670706823, -0.00611032638699, 0.00135929638054, -0.00286295032129], [-0.000309885304887, 0.000728678365704, -0.00134835916106, 0.00178751267958, -0.00216253078543, -0.00070219108602, 0.00180908478796, -0.0119463885203, 0.0277614053339, -0.0174082461745, 0.00865354668349, -0.0060731167905, 0.00446975324303], [0.00019706178864, 4.04841885029e-05, 0.000916910474189, -0.00134887173772, 0.00022177293431, 0.00368133280426, -0.00262891477905, 0.00693670706823, -0.0174082461745, 0.0334978140891, -0.023555310443, 0.0135824093595, -0.00770567497239], [-0.000233342783758, -0.000206469456316, -0.000203755713301, -0.000740820658393, 0.00171950808726, -0.00396614149213, 0.00572539260611, -0.00611032638699, 0.00865354668349, -0.023555310443, 0.0449969545007, -0.0299931503832, 0.01376709342], [-0.000156771828188, 0.000249679782428, -0.000291725154966, 0.00302691222169, -0.00476634223014, 0.00499784806743, -0.00370780122466, 0.00135929638054, -0.0060731167905, 0.0135824093595, -0.0299931503832, 0.0438911281526, -0.0224132835865], [0.000138329691254, 0.000208752899198, 0.000574993726332, -0.00200936221518, 0.00255995802581, -0.00388178159483, 0.00184413429815, -0.00286295032129, 0.00446975324303, -0.00770567497239, 0.01376709342, -0.0224132835865, 0.0319227986038]], "mean": [-696.622131348, 150.373504639, -36.0317573547, 26.9841098785, 3.17403864861, 39.8361244202, 12.3831920624, 12.5630111694, -1.62556374073, -0.949524879456, 6.57486963272, 2.5051472187, 4.98821640015]}, "pitch_salience": {"dmean": 0.0901721194386, "dmean2": 0.144877567887, "dvar": 0.00646228995174, "dvar2": 0.0155161470175, "max": 0.857237756252, "mean": 0.525683522224, "median": 0.545492649078, "min": 0.0475601144135, "var": 0.0178897082806}, "silence_rate_20dB": {"dmean": 0.00166588579305, "dmean2": 0.00333194504492, "dvar": 0.00166311056819, "dvar2": 0.00457032257691, "max": 1, "mean": 0.998646557331, "median": 1, "min": 0, "var": 0.00135162984952}, "silence_rate_30dB": {"dmean": 0.0879795923829, "dmean2": 0.17596834898, "dvar": 0.0802391842008, "dvar2": 0.181654885411, "max": 1, "mean": 0.874752759933, "median": 1, "min": 0, "var": 0.109560392797}, "silence_rate_60dB": {"dmean": 0.0199906285852, "dmean2": 0.0399833396077, "dvar": 0.0195910036564, "dvar2": 0.0436949618161, "max": 1, "mean": 0.157782405615, "median": 0, "min": 0, "var": 0.132887125015}, "spectral_centroid": {"dmean": 272.026611328, "dmean2": 401.248260498, "dvar": 108839.71875, "dvar2": 210887.1875, "max": 10954.8574219, "mean": 1435.12353516, "median": 1416.76489258, "min": 96.2713317871, "var": 440885.46875}, "spectral_complexity": {"dmean": 4.62908029556, "dmean2": 6.72688484192, "dvar": 31.5470981598, "dvar2": 58.120639801, "max": 64, "mean": 22.2611656189, "median": 24, "min": 0, "var": 216.638977051}, "spectral_contrast_coeffs": {"dmean": [0.0535425916314, 0.0427271686494, 0.0383815653622, 0.0307585634291, 0.0246664974838, 0.0481771491468], "dmean2": [0.0874593481421, 0.0715325847268, 0.063890196383, 0.0508363731205, 0.0396934263408, 0.0736505240202], "dvar": [0.00184473255649, 0.00118129269686, 0.000921250903048, 0.000599183083978, 0.000467497127829, 0.0018655982567], "dvar2": [0.00488096754998, 0.00324641470797, 0.00255802622996, 0.00161879463121, 0.00115214718971, 0.00417032465339], "max": [-0.372671335936, -0.486757695675, -0.501949906349, -0.558702647686, -0.618908822536, -0.420531362295], "mean": [-0.704728186131, -0.811708807945, -0.799488961697, -0.790228962898, -0.8149330616, -0.719725608826], "median": [-0.707154273987, -0.821011662483, -0.80188113451, -0.789682984352, -0.809367656708, -0.715003073215], "min": [-0.974918067455, -0.966815054417, -0.971985578537, -0.975472569466, -0.97394067049, -0.96143424511], "var": [0.00557392649353, 0.00373381981626, 0.00295617384836, 0.00232372782193, 0.00283349468373, 0.00931409653276]}, "spectral_contrast_valleys": {"dmean": [0.439329177141, 0.410096019506, 0.318487435579, 0.308756917715, 0.404861271381, 0.64968329668], "dmean2": [0.701430439949, 0.655120372772, 0.5018902421, 0.470261871815, 0.580031514168, 1.03292119503], "dvar": [0.141217365861, 0.134712517262, 0.0906451120973, 0.107821814716, 0.208016991615, 0.313210129738], "dvar2": [0.317874997854, 0.30395296216, 0.180894583464, 0.202659532428, 0.391960740089, 0.740606307983], "max": [-4.9668803215, -4.60717964172, -5.16759252548, -5.20826482773, -5.34879970551, -8.86028289795], "mean": [-7.27191019058, -7.29057073593, -7.1383972168, -7.3272895813, -7.85465812683, -11.4900875092], "median": [-7.01371622086, -7.13649559021, -6.76748180389, -6.66898441315, -7.49318885803, -11.2762880325], "min": [-26.8424625397, -26.8906612396, -27.083190918, -27.0354652405, -27.3053264618, -27.175113678], "var": [1.55207943916, 1.27545332909, 1.5357350111, 2.38239073753, 2.44199752808, 1.67597937584]}, "spectral_decrease": {"dmean": 5.10278663768e-09, "dmean2": 7.68804309104e-09, "dvar": 6.72034616863e-17, "dvar2": 1.51568168226e-16, "max": 3.92728125576e-08, "mean": -6.0752536335e-09, "median": -2.44048781184e-09, "min": -1.42811586556e-07, "var": 1.11468702061e-16}, "spectral_energy": {"dmean": 0.0206466279924, "dmean2": 0.030580656603, "dvar": 0.00106868741568, "dvar2": 0.00236897729337, "max": 0.557362258434, "mean": 0.0492843016982, "median": 0.0355179309845, "min": 4.53924224597e-12, "var": 0.00288803456351}, "spectral_energyband_high": {"dmean": 0.000364439678378, "dmean2": 0.000515501538757, "dvar": 2.83517124444e-07, "dvar2": 5.63902403883e-07, "max": 0.0119695430622, "mean": 0.0011208334472, "median": 0.000766935001593, "min": 1.17291473842e-12, "var": 1.48673007061e-06}, "spectral_energyband_low": {"dmean": 0.0150044476613, "dmean2": 0.0232920330018, "dvar": 0.000716189446393, "dvar2": 0.00166165083647, "max": 0.469901531935, "mean": 0.0212630089372, "median": 0.00678116362542, "min": 3.63127361297e-13, "var": 0.00125410885084}, "spectral_energyband_middle_high": {"dmean": 0.0031028536614, "dmean2": 0.00471035577357, "dvar": 1.68840197148e-05, "dvar2": 3.78519034712e-05, "max": 0.0707445368171, "mean": 0.00899782590568, "median": 0.00780781731009, "min": 2.98384851983e-13, "var": 6.94820046192e-05}, "spectral_energyband_middle_low": {"dmean": 0.00218475447036, "dmean2": 0.00340560893528, "dvar": 1.60160398082e-05, "dvar2": 3.72644499294e-05, "max": 0.0833119824529, "mean": 0.00409896951169, "median": 0.00196447386406, "min": 7.16288139913e-13, "var": 3.43485880876e-05}, "spectral_entropy": {"dmean": 0.14865860343, "dmean2": 0.225983306766, "dvar": 0.026449823752, "dvar2": 0.0626275911927, "max": 9.81722450256, "mean": 7.56298732758, "median": 7.66512298584, "min": 4.95800971985, "var": 0.156434372067}, "spectral_flux": {"dmean": 0.0319182053208, "dmean2": 0.0520352721214, "dvar": 0.00164282671176, "dvar2": 0.00429477076977, "max": 0.520963668823, "mean": 0.115026429296, "median": 0.11222243309, "min": 7.53512358642e-06, "var": 0.00588600570336}, "spectral_kurtosis": {"dmean": 5.90961170197, "dmean2": 9.13562011719, "dvar": 79.9506530762, "dvar2": 206.010681152, "max": 157.354232788, "mean": 22.7520561218, "median": 19.7568359375, "min": -1.20796215534, "var": 184.655044556}, "spectral_rms": {"dmean": 0.0012114350684, "dmean2": 0.00171661539935, "dvar": 2.2613562578e-06, "dvar2": 4.57826581624e-06, "max": 0.0233188346028, "mean": 0.00587747106329, "median": 0.00588656403124, "min": 6.65471944217e-08, "var": 1.35375821628e-05}, "spectral_rolloff": {"dmean": 3909.79370117, "dmean2": 7424.06054688, "dvar": 51063524, "dvar2": 116844200, "max": 22050, "mean": 15927.7128906, "median": 20844.140625, "min": 21.533203125, "var": 76279616}, "spectral_skewness": {"dmean": 0.459580421448, "dmean2": 0.692968785763, "dvar": 0.319542586803, "dvar2": 0.772531688213, "max": 10.0605449677, "mean": 3.20163726807, "median": 3.0261027813, "min": 0.023452706635, "var": 1.19673097134}, "spectral_spread": {"dmean": 499554.03125, "dmean2": 760713.1875, "dvar": 283601534976, "dvar2": 568630444032, "max": 41606200, "mean": 3777587, "median": 3682636, "min": 1155835.125, "var": 884547190784}, "spectral_