{"lowlevel": {"average_loudness": 0.936167657375, "barkbands": {"dmean": [0.000263470225036, 0.00675655016676, 0.00196456187405, 0.000497979926877, 0.000722375814803, 0.000733454478905, 0.000599214923568, 0.000629076792393, 0.000572712160647, 0.000415463699028, 0.000267263763817, 0.000277155195363, 0.000260094908299, 0.000210941565456, 0.000251555553405, 0.000179931361345, 0.000267259514658, 0.000285756919766, 0.000331867719069, 0.00032294189441, 0.00033548483043, 0.000261985551333, 0.000198521142011, 0.000271756551228, 0.000228165066801, 8.62166343722e-05, 1.61516145454e-05], "dmean2": [0.000435010180809, 0.0111669562757, 0.00356049882248, 0.000852027616929, 0.0011990921339, 0.00128310301807, 0.00104483915493, 0.0010031532729, 0.000931914488319, 0.000666621432174, 0.000435114954598, 0.000427948107244, 0.000422247510869, 0.000347868161043, 0.000414597510826, 0.000302810716676, 0.000448992155725, 0.000476442335639, 0.000558887608349, 0.000537753396202, 0.000541254354175, 0.000406017614296, 0.000287416303763, 0.000385975523386, 0.000318218284519, 0.000126526254462, 2.4393253625e-05], "dvar": [4.50005046559e-07, 0.000386718369555, 3.89780507248e-05, 2.19237722376e-06, 2.07861535273e-06, 2.86798717752e-06, 2.86832982965e-06, 1.61393506914e-06, 1.19845719837e-06, 8.54396830618e-07, 4.11744565554e-07, 3.69859208149e-07, 2.42564709652e-07, 2.80113084727e-07, 3.50677282768e-07, 1.61454124736e-07, 3.06393218352e-07, 3.40970785828e-07, 4.89184685648e-07, 3.81602063726e-07, 4.61516208361e-07, 3.48288779151e-07, 2.28160232041e-07, 5.76429670218e-07, 4.69286902671e-07, 2.46805669235e-08, 1.68649449961e-09], "dvar2": [1.30926275688e-06, 0.000988891231827, 0.000114247006422, 6.26229484624e-06, 5.58830697628e-06, 8.04408773547e-06, 8.02562590252e-06, 4.10326083511e-06, 3.0097060062e-06, 2.09455720324e-06, 1.1292123645e-06, 8.99905217011e-07, 6.14138912169e-07, 7.99454255684e-07, 8.90897524641e-07, 4.20988783389e-07, 7.78429523507e-07, 9.01671683096e-07, 1.33236244437e-06, 9.91454840005e-07, 1.18172465591e-06, 8.44033195335e-07, 4.76083499734e-07, 1.14439239951e-06, 1.0563660453e-06, 5.47376792781e-08, 4.29246682643e-09], "max": [0.0103164063767, 0.237651646137, 0.0864672884345, 0.0264533869922, 0.0314497277141, 0.0238177683204, 0.024820478633, 0.0295198429376, 0.0188674982637, 0.0261603128165, 0.0257489345968, 0.0255863592029, 0.0161466188729, 0.0284361522645, 0.0162137784064, 0.0114227198064, 0.0169201828539, 0.0118835959584, 0.0088454214856, 0.00702709471807, 0.013730048202, 0.0176148246974, 0.0169360209256, 0.0401122793555, 0.0368418097496, 0.00280670565553, 0.00043597293552], "mean": [0.000357617071131, 0.00828031171113, 0.00190261180978, 0.000720411888324, 0.00118505849969, 0.000885340385139, 0.000701150391251, 0.00118420948274, 0.000824724847917, 0.000669112021569, 0.000393792666728, 0.000473122025141, 0.00038527182187, 0.00031592999585, 0.000369881512597, 0.000272167671937, 0.000395256327465, 0.000441849726485, 0.000507740885951, 0.000496793421917, 0.000584546185564, 0.000453822693089, 0.000356351578375, 0.00043037746218, 0.000357103941496, 0.000126580984215, 1.81397117558e-05], "median": [2.4519253202e-05, 0.00240529561415, 0.000567124225199, 0.000212563114474, 0.00053478195332, 0.000393593858462, 0.000256320927292, 0.000340000085998, 0.000317932281177, 0.000256854720647, 0.000154817913426, 0.000183658965398, 0.000173703854671, 0.000146536476677, 0.000167861406226, 0.000130844971864, 0.000186668126844, 0.000202568684472, 0.000233562197536, 0.000236765801674, 0.000264100846834, 0.000185299286386, 0.000123220583191, 0.000161760195624, 0.000163051648997, 6.76520867273e-05, 8.55846883496e-06], "min": [1.03067112875e-24, 9.16095886194e-25, 3.21764283807e-25, 3.20464586162e-25, 7.56988558067e-24, 1.34138523635e-23, 3.84830015394e-24, 9.81531819396e-24, 1.37626503682e-23, 1.77913030578e-23, 1.81171120779e-23, 2.06406402484e-23, 2.85871264475e-23, 2.8485628448e-23, 4.48883532968e-23, 5.39605282305e-23, 5.19348911981e-23, 9.35741189084e-23, 1.37702120733e-22, 1.7378136212e-22, 2.75663442227e-22, 2.88504835587e-22, 3.35089861452e-22, 6.17455996044e-22, 8.95342940551e-22, 1.26356887277e-21, 1.80047129042e-21], "var": [6.6758155981e-07, 0.00036389727029, 2.53514917858e-05, 2.13760017687e-06, 3.1580061659e-06, 2.51505980486e-06, 2.37555218519e-06, 5.5793602769e-06, 1.99047531169e-06, 1.71671570115e-06, 5.74630632855e-07, 7.62105855756e-07, 4.02318960369e-07, 3.73698810563e-07, 4.81711083467e-07, 2.40515049654e-07, 4.08016973097e-07, 4.43853195975e-07, 6.14285795564e-07, 5.19704883573e-07, 8.33760793739e-07, 7.85434906447e-07, 6.28706573025e-07, 1.14274200769e-06, 7.25893187337e-07, 3.33209762005e-08, 1.52160184452e-09]}, "barkbands_crest": {"dmean": 2.85035419464, "dmean2": 4.59954977036, "dvar": 9.27400112152, "dvar2": 23.2657909393, "max": 25.1788444519, "mean": 9.26100349426, "median": 7.81593179703, "min": 2.01150345802, "var": 24.7022800446}, "barkbands_flatness_db": {"dmean": 0.0220316518098, "dmean2": 0.034472219646, "dvar": 0.000557128398214, "dvar2": 0.00137043511495, "max": 0.364965707064, "mean": 0.0889782980084, "median": 0.0788744986057, "min": 0.0145254731178, "var": 0.00203090952709}, "barkbands_kurtosis": {"dmean": 2.40076303482, "dmean2": 4.00936317444, "dvar": 23.9520740509, "dvar2": 62.514415741, "max": 109.355880737, "mean": 2.04063129425, "median": -0.0226827859879, "min": -1.93553543091, "var": 33.6624679565}, "barkbands_skewness": {"dmean": 0.583374381065, "dmean2": 0.911912560463, "dvar": 0.532779932022, "dvar2": 1.27429533005, "max": 9.92548465729, "mean": 0.883157491684, "median": 0.806098818779, "min": -4.71160888672, "var": 1.92326653004}, "barkbands_spread": {"dmean": 9.59149742126, "dmean2": 14.8270835876, "dvar": 114.021621704, "dvar2": 248.228607178, "max": 120.57081604, "mean": 38.906578064, "median": 37.4711151123, "min": 0.794262766838, "var": 353.713653564}, "dissonance": {"dmean": 0.010894568637, "dmean2": 0.0184517987072, "dvar": 0.000181049865205, "dvar2": 0.000500797235873, "max": 0.500000238419, "mean": 0.482589662075, "median": 0.486953556538, "min": 0, "var": 0.000273398618447}, "dynamic_complexity": 3.94636106491, "erbbands": {"dmean": [0.185191571712, 1.59781622887, 2.65976524353, 1.72886765003, 1.54809784889, 2.78641295433, 5.2968454361, 5.80702924728, 8.84184741974, 7.83467054367, 14.9013500214, 13.9114713669, 10.5541381836, 13.4027929306, 11.2736215591, 11.2714624405, 11.5341014862, 10.0224714279, 13.8348484039, 9.82213783264, 9.41409015656, 14.0045576096, 14.9054937363, 18.3547897339, 15.8765268326, 14.1999225616, 14.1884422302, 12.0932064056, 8.82406044006, 8.60852718353, 5.83449029922, 5.72177410126, 4.38489103317, 3.00434279442, 1.39775419235, 0.513437509537, 0.134690403938, 0.025343792513, 0.00295395450667, 0.000109906111902], "dmean2": [0.30661085248, 2.67207932472, 4.78185796738, 3.01713061333, 2.56854319572, 4.63001394272, 9.17880725861, 10.2460803986, 15.4698152542, 13.3728866577, 23.5160160065, 22.7288837433, 17.2225399017, 21.4189376831, 17.9551467896, 17.4936408997, 18.6939849854, 16.4452629089, 22.7159614563, 16.2068214417, 15.5373382568, 23.6613578796, 24.6732673645, 31.3585510254, 26.2652111053, 23.683681488, 23.0560398102, 19.4560184479, 13.5927286148, 13.2272872925, 8.38098621368, 8.07528972626, 6.29896211624, 4.34209728241, 1.92156338692, 0.744060397148, 0.191203013062, 0.0376083143055, 0.00438696704805, 0.000162744050613], "dvar": [0.304663538933, 21.75664711, 67.5732574463, 29.518371582, 15.3764133453, 34.6815719604, 169.396102905, 160.251464844, 614.797607422, 341.562713623, 993.231628418, 737.049621582, 573.335876465, 892.484924316, 645.498718262, 707.010253906, 513.15838623, 396.744750977, 978.168518066, 463.483276367, 475.645355225, 854.44317627, 936.877197266, 1931.90112305, 853.458068848, 791.616577148, 800.979125977, 663.444885254, 370.698028564, 395.960906982, 214.175704956, 197.178665161, 229.917022705, 121.329978943, 9.16880130768, 0.741250634193, 0.0728281065822, 0.00386739405803, 5.26201874891e-05, 6.62001440332e-08], "dvar2": [0.757437884808, 57.8408508301, 195.934371948, 85.2105941772, 42.1408843994, 92.5080337524, 478.155456543, 446.644622803, 1717.09729004, 946.342712402, 2478.90625, 1857.66662598, 1496.60021973, 2191.10351562, 1682.71154785, 1761.84790039, 1304.1854248, 1045.52807617, 2236.69604492, 1190.10961914, 1186.23950195, 2254.31713867, 2455.55737305, 5363.97753906, 2252.84619141, 2087.41772461, 2076.51660156, 1689.66674805, 888.079589844, 944.791809082, 459.542297363, 392.735473633, 489.496734619, 280.837982178, 19.0049133301, 1.54526662827, 0.166339963675, 0.00961122103035, 0.000131477339892, 1.65513142747e-07], "max": [6.31252574921, 55.8269195557, 111.565383911, 96.5361709595, 87.0550842285, 116.401283264, 198.386398315, 183.123001099, 334.049468994, 326.746429443, 808.611328125, 569.554199219, 681.801330566, 764.188598633, 947.692016602, 1238.60021973, 813.969970703, 492.628967285, 1374.39770508, 639.067199707, 1056.1048584, 562.669006348, 651.070617676, 503.468048096, 472.960998535, 332.211303711, 410.594848633, 705.418273926, 604.485534668, 624.193359375, 670.392089844, 478.348602295, 1028.43005371, 690.023986816, 100.765296936, 25.2473449707, 3.57137322426, 0.664770424366, 0.0742298364639, 0.00279037305154], "mean": [0.217779159546, 1.88981044292, 2.76886177063, 2.38776612282, 2.43415808678, 4.3546423912, 6.73257541656, 6.98705196381, 10.387008667, 11.4197731018, 29.2892169952, 21.3165473938, 16.4857711792, 21.9672527313, 18.8312187195, 20.2136592865, 18.404712677, 16.3448238373, 21.0391464233, 15.5206861496, 15.6461133957, 21.2258663177, 24.7419586182, 25.7141704559, 26.625837326, 22.5428390503, 23.4316368103, 21.2178573608, 16.0198955536, 13.8949794769, 10.1346750259, 9.37983608246, 6.71825027466, 4.42815876007, 2.22073554993, 0.795697271824, 0.198142856359, 0.0299634803087, 0.00339915254153, 0.000150173873408], "median": [0.0513472929597, 0.53271061182, 0.966103255749, 0.917603611946, 1.09689319134, 1.73373103142, 2.44147825241, 3.18046522141, 3.80533885956, 5.45341968536, 8.12413978577, 9.21138954163, 7.33116769791, 8.92405033112, 8.49126815796, 8.36689376831, 8.81027412415, 8.4151725769, 9.48369598389, 7.78756809235, 7.83787727356, 10.2116365433, 11.8777008057, 11.5333003998, 13.6514492035, 10.8035469055, 10.3784923553, 9.6305065155, 6.92959690094, 5.08592033386, 3.44256234169, 3.41685628891, 2.5482506752, 1.80607032776, 1.04792392254, 0.43070691824, 0.0987146794796, 0.0140132615343, 0.0016251297202, 7.84298608778e-05], "min": [6.98615659426e-23, 3.45651106008e-22, 1.36838503582e-21, 5.4347991716e-21, 2.07782987735e-20, 2.2470509974e-20, 6.12107578682e-20, 1.09474588186e-19, 8.62666725455e-20, 1.25032976629e-19, 3.60452430521e-19, 3.60807859691e-19, 7.0935064715e-19, 1.02596235011e-18, 1.08753994965e-18, 9.7662661004e-19, 1.44058104868e-18, 2.21939610063e-18, 2.17894345316e-18, 3.30449018061e-18, 2.71072008458e-18, 4.05737673926e-18, 5.62881517591e-18, 6.29636233795e-18, 7.48812280549e-18, 7.81099786835e-18, 9.68939765364e-18, 1.20952268227e-17, 8.91827010812e-18, 1.26868297055e-17, 8.6066314667e-18, 9.98083158142e-18, 9.63634642505e-18, 8.33504077464e-18, 6.25806015328e-18, 3.88154626518e-18, 2.19535471651e-18, 1.06992462152e-18, 2.29041400231e-19, 2.79836429073e-20], "var": [0.30442532897, 18.8109149933, 45.9150772095, 23.6958141327, 17.4554920197, 50.8968276978, 161.085601807, 147.663787842, 524.152587891, 351.519439697, 3899.36743164, 1278.35400391, 907.952148438, 1695.46838379, 1087.16882324, 1362.78662109, 884.066833496, 647.300842285, 1642.99804688, 664.253662109, 788.735839844, 1044.5456543, 1344.06933594, 1801.33557129, 1406.72167969, 1074.08947754, 1295.35217285, 1205.63769531, 896.42364502, 901.11907959, 520.224182129, 455.033508301, 368.039306641, 161.522171021, 18.2007465363, 1.2906421423, 0.0879927799106, 0.00366309680976, 4.94908017572e-05, 6.41507895693e-08]}, "erbbands_crest": {"dmean": 2.02664923668, "dmean2": 3.25310587883, "dvar": 4.56420850754, "dvar2": 10.6123895645, "max": 28.0633907318, "mean": 6.77262544632, "median": 5.67944526672, "min": 2.03535366058, "var": 13.6062841415}, "erbbands_flatness_db": {"dmean": 0.0171942319721, "dmean2": 0.0245587322861, "dvar": 0.000341435457813, "dvar2": 0.000608494854532, "max": 0.469187855721, "mean": 0.118614800274, "median": 0.111849457026, "min": 0.0312304496765, "var": 0.00178005744237}, "erbbands_kurtosis": {"dmean": 0.825895428658, "dmean2": 1.30405271053, "dvar": 1.99463546276, "dvar2": 4.37063217163, "max": 29.5167655945, "mean": 0.214027926326, "median": -0.456498980522, "min": -1.78323197365, "var": 4.93799114227}, "erbbands_skewness": {"dmean": 0.343808561563, "dmean2": 0.529929876328, "dvar": 0.124839924276, "dvar2": 0.270502597094, "max": 4.38700485229, "mean": -0.162769302726, "median": -0.165516838431, "min": -4.42103433609, "var": 0.614017724991}, "erbbands_spread": {"dmean": 9.40951919556, "dmean2": 14.5530405045, "dvar": 107.661994934, "dvar2": 246.329849243, "max": 149.619247437, "mean": 46.7993621826, "median": 44.9918022156, "min": 1.26936626434, "var": 345.745941162}, "gfcc": {"cov": [[20395.1074219, 1629.12475586, -684.787719727, 135.387985229, -244.221511841, 320.485809326, -256.303192139, 205.250869751, -194.658981323, 75.927520752, -154.896469116, 88.7622680664, -109.655532837], [1629.12475586, 2390.96704102, -229.472427368, 33.2524719238, 331.964569092, 77.1538391113, 111.09047699, -12.0538644791, 24.9162406921, -112.428726196, 2.58725357056, -62.1283454895, 44.6280670166], [-684.787719727, -229.472427368, 925.873291016, 117.888557434, 150.953643799, 173.62059021, 73.9519500732, 124.379333496, 60.1114120483, 56.6167640686, -8.19187068939, 49.268321991, -34.7686195374], [135.387985229, 33.2524719238, 117.888557434, 371.28213501, 79.5009231567, 39.1645851135, 8.84741401672, -11.6274738312, 15.7241697311, -20.170835495, 18.912147522, -1.19300854206, 9.18075370789], [-244.221511841, 331.964569092, 150.953643799, 79.5009231567, 300.24118042, 116.585166931, 81.8673477173, 36.3452339172, 42.099193573, 9.64756202698, 20.9771251678, 10.4064216614, 3.04258012772], [320.485809326, 77.1538391113, 173.62059021, 39.1645851135, 116.585166931, 254.95425415, 124.211135864, 90.6669769287, 43.6412277222, 27.8350696564, 3.91970205307, 2.60729980469, -10.7942619324], [-256.303192139, 111.09047699, 73.9519500732, 8.84741401672, 81.8673477173, 124.211135864, 194.506164551, 94.9428024292, 60.6998710632, 17.8440723419, 14.275393486, -9.22648715973, -4.11184358597], [205.250869751, -12.0538644791, 124.379333496, -11.6274738312, 36.3452339172, 90.6669769287, 94.9428024292, 157.81022644, 78.7611465454, 42.5324783325, -6.00119972229, 3.36600089073, -15.6691589355], [-194.658981323, 24.9162406921, 60.1114120483, 15.7241697311, 42.099193573, 43.6412277222, 60.6998710632, 78.7611465454, 129.948532104, 49.88829422, 20.7346477509, -2.27052998543, -2.62983179092], [75.927520752, -112.428726196, 56.6167640686, -20.170835495, 9.64756202698, 27.8350696564, 17.8440723419, 42.5324783325, 49.88829422, 95.700340271, 32.1239128113, 15.5057497025, -6.33549690247], [-154.896469116, 2.58725357056, -8.19187068939, 18.912147522, 20.9771251678, 3.91970205307, 14.275393486, -6.00119972229, 20.7346477509, 32.1239128113, 75.6150588989, 30.7618122101, 15.0854797363], [88.7622680664, -62.1283454895, 49.268321991, -1.19300854206, 10.4064216614, 2.60729980469, -9.22648715973, 3.36600089073, -2.27052998543, 15.5057497025, 30.7618122101, 67.7236328125, 22.2409591675], [-109.655532837, 44.6280670166, -34.7686195374, 9.18075370789, 3.04258012772, -10.7942619324, -4.11184358597, -15.6691589355, -2.62983179092, -6.33549690247, 15.0854797363, 22.2409591675, 63.1101226807]], "icov": [[8.3690181782e-05, -0.000107901367301, 0.000121621975268, -0.000138066228828, 0.000187549347174, -0.00024716637563, 0.000261996465269, -0.000274230813375, 0.000242952519329, -0.000309344526613, 0.000291474454571, -0.000408296124078, 0.000259757856838], [-0.000107901367301, 0.000746475881897, 3.07240588882e-05, 0.000306706351694, -0.00102070102002, 0.000310433300911, -0.000365235871868, 0.000255672173807, -0.000466405384941, 0.00120813492686, -0.000667132553644, 0.00114677613601, -0.000743879121728], [0.000121621975268, 3.07240588882e-05, 0.00179118348751, -0.000649526482448, -0.000390151195461, -0.000911665556487, 0.000547366042156, -0.00104344892316, 0.000307252892526, -0.000814182218164, 0.00143811560702, -0.00208557629958, 0.00123265234288], [-0.000138066228828, 0.000306706351694, -0.000649526482448, 0.00346475769766, -0.000996569986455, 1.4158268641e-05, 7.10693275323e-05, 0.000918114848901, -0.00115584966261, 0.00218442571349, -0.00205111666583, 0.00184128782712, -0.00102307787165], [0.000187549347174, -0.00102070102002, -0.000390151195461, -0.000996569986455, 0.00601338595152, -0.0020333097782, -0.000372823880753, 0.000502773793414, -0.000282493390841, -0.00106708810199, 0.000358645367669, -0.00208417861722, 0.000970416353084], [-0.00024716637563, 0.000310433300911, -0.000911665556487, 1.4158268641e-05, -0.0020333097782, 0.00783590786159, -0.00398210436106, -0.000841578294057, 0.000534320715815, -0.000304027606035, -0.000136478513014, 0.00111283781007, -0.000551235396415], [0.000261996465269, -0.000365235871868, 0.000547366042156, 7.10693275323e-05, -0.000372823880753, -0.00398210436106, 0.0111547000706, -0.00558796990663, -0.000203640738619, 0.00142170418985, -0.00297980755568, 0.00201360369101, -0.000182143587153], [-0.000274230813375, 0.000255672173807, -0.00104344892316, 0.000918114848901, 0.000502773793414, -0.000841578294057, -0.00558796990663, 0.0156538616866, -0.00690309517086, -0.00189397600479, 0.00479174219072, -0.00261152628809, 0.00128579291049], [0.000242952519329, -0.000466405384941, 0.000307252892526, -0.00115584966261, -0.000282493390841, 0.000534320715815, -0.000203640738619, -0.00690309517086, 0.0148751726374, -0.00567746628076, -0.00208824523725, 0.00236332789063, -0.000816613901407], [-0.000309344526613, 0.00120813492686, -0.000814182218164, 0.00218442571349, -0.00106708810199, -0.000304027606035, 0.00142170418985, -0.00189397600479, -0.00567746628076, 0.0195837710053, -0.00906077306718, 0.00181307410821, 0.000719960138667], [0.000291474454571, -0.000667132553644, 0.00143811560702, -0.00205111666583, 0.000358645367669, -0.000136478513014, -0.00297980755568, 0.00479174219072, -0.00208824523725, -0.00906077306718, 0.0246209017932, -0.0120804207399, 0.000399273267249], [-0.000408296124078, 0.00114677613601, -0.00208557629958, 0.00184128782712, -0.00208417861722, 0.00111283781007, 0.00201360369101, -0.00261152628809, 0.00236332789063, 0.00181307410821, -0.0120804207399, 0.026840550825, -0.00945447944105], [0.000259757856838, -0.000743879121728, 0.00123265234288, -0.00102307787165, 0.000970416353084, -0.000551235396415, -0.000182143587153, 0.00128579291049, -0.000816613901407, 0.000719960138667, 0.000399273267249, -0.00945447944105, 0.0210916213691]], "mean": [2.64199495316, 33.4200782776, -105.393714905, 36.4399414062, -61.3183479309, 19.2554931641, -30.1061992645, 17.7929515839, -23.3542041779, 9.38993930817, -15.0864801407, 2.37603664398, -11.8372659683]}, "hfc": {"dmean": 13.8898086548, "dmean2": 19.9978885651, "dvar": 688.607299805, "dvar2": 1604.94042969, "max": 857.662597656, "mean": 30.2070178986, "median": 19.2048358917, "min": 1.03126221624e-16, "var": 1341.98376465}, "melbands": {"dmean": [0.00177514180541, 0.00162780808751, 0.000290261290502, 0.00014961042325, 0.000170698738657, 0.000133813227876, 0.000130126267322, 9.17973811738e-05, 0.000119702424854, 8.54985773913e-05, 5.33814163646e-05, 5.75346857659e-05, 3.74923329218e-05, 3.27104207827e-05, 2.82607397821e-05, 2.39458040596e-05, 1.96089749807e-05, 2.29631714319e-05, 1.61517018569e-05, 1.3897961253e-05, 1.14198064693e-05, 1.53225228132e-05, 1.57606500579e-05, 1.412522397e-05, 1.61367079272e-05, 1.19544665722e-05, 1.23780464492e-05, 9.4013303169e-06, 9.15633518161e-06, 9.35936350288e-06, 6.67265931042e-06, 5.12222732141e-06, 5.40177188668e-06, 4.51850610261e-06, 3.55352494807e-06, 3.21257539326e-06, 3.86457941204e-06, 3.09700976686e-06, 3.16786349686e-06, 2.40489930547e-06], "dmean2": [0.00291793630458, 0.00280322693288, 0.000505304080434, 0.000243565213168, 0.000294027937343, 0.000235642743064, 0.000226611591643, 0.000155289206305, 0.000189316284377, 0.000139533149195, 8.69513096404e-05, 9.19241720112e-05, 6.051091259e-05, 5.03674382344e-05, 4.4915061153e-05, 3.91728244722e-05, 3.2220446883e-05, 3.78571312467e-05, 2.65006274276e-05, 2.33308619499e-05, 1.88356152648e-05, 2.61709192273e-05, 2.63533183897e-05, 2.34798717429e-05, 2.78603147308e-05, 2.01004622795e-05, 2.07046505238e-05, 1.58356724569e-05, 1.51108451973e-05, 1.51839976752e-05, 1.08667863969e-05, 8.08615186543e-06, 8.42828740133e-06, 7.08277048034e-06, 5.24719234818e-06, 4.61425952381e-06, 5.55150108994e-06, 4.49862181995e-06, 4.73225509268e-06, 3.50400682692e-06], "dvar": [2.72022280114e-05, 2.31589565374e-05, 8.06737432413e-07, 1.02422461623e-07, 1.54805874786e-07, 8.84342910012e-08, 1.30681812038e-07, 4.11549905266e-08, 6.05420424904e-08, 2.87591941373e-08, 1.47073402346e-08, 1.71803034021e-08, 8.26667445608e-09, 4.8567745381e-09, 3.07676217837e-09, 2.22179719067e-09, 1.7084316184e-09, 2.88445267671e-09, 1.64375635325e-09, 1.01317543244e-09, 8.41577807442e-10, 1.15241172161e-09, 1.04500019749e-09, 9.36661637141e-10, 1.58043467202e-09, 5.37367372822e-10, 4.73563244174e-10, 3.62991886549e-10, 3.58117868693e-10, 3.81668724403e-10, 2.04999683895e-10, 1.26417362689e-10, 1.71977557195e-10, 1.08567932422e-10, 7.92398438532e-11, 6.52278994706e-11, 1.01492543536e-10, 9.34321092716e-11, 2.21365842323e-10, 6.06952474391e-11], "dvar2": [6.81016172166e-05, 6.44040264888e-05, 2.32556294577e-06, 2.72234444765e-07, 4.34492903878e-07, 2.467374145e-07, 3.64092642258e-07, 1.13203775243e-07, 1.51671173398e-07, 7.24964266396e-08, 3.80120361854e-08, 4.18369232591e-08, 2.27148930776e-08, 1.15687077695e-08, 7.41899031098e-09, 5.79299364034e-09, 4.60415261472e-09, 6.49160414312e-09, 4.23041335296e-09, 2.61505639365e-09, 2.09379291682e-09, 3.0598574785e-09, 2.72320455075e-09, 2.47855624913e-09, 4.41941283569e-09, 1.43581413425e-09, 1.23309595867e-09, 9.70004410128e-10, 9.46661415924e-10, 1.0097921388e-09, 5.24387311351e-10, 3.14294035242e-10, 4.10790401695e-10, 2.59400084746e-10, 1.73635272827e-10, 1.37784089693e-10, 2.12182674209e-10, 1.96388433293e-10, 5.2536996975e-10, 1.38730998911e-10], "max": [0.0619901493192, 0.0551847741008, 0.0152200357988, 0.00544809177518, 0.00580975878984, 0.00370538490824, 0.00519543793052, 0.00388856860809, 0.00610602181405, 0.00326026184484, 0.00346106267534, 0.00349159841426, 0.00375910149887, 0.00253032846376, 0.00193216989283, 0.00190079188906, 0.00128310138825, 0.00263094180264, 0.00126701325644, 0.000787471595686, 0.00158546213061, 0.000812125217635, 0.000859132909682, 0.000936982629355, 0.000470887840493, 0.000457117304904, 0.000345754466252, 0.00021264688985, 0.000281871441985, 0.000328726979205, 0.000395381153794, 0.000297986727674, 0.000428623578046, 0.000349040405126, 0.000425285397796, 0.000241832007305, 0.000339316902682, 0.000563845911529, 0.00109331810381, 0.000409472413594], "mean": [0.00219376990572, 0.0018938354915, 0.000404880964197, 0.000248420983553, 0.000229929282796, 0.000160181589308, 0.000154389243107, 0.000142453660374, 0.000232236023294, 0.00012363823771, 8.08715849416e-05, 9.12378527573e-05, 5.84389199503e-05, 5.57731145818e-05, 4.76080022054e-05, 3.49183319486e-05, 2.97867445624e-05, 3.36230186804e-05, 2.40196386585e-05, 1.97433928406e-05, 1.78870377567e-05, 2.11147325899e-05, 2.41909547185e-05, 2.14082137973e-05, 2.0584109734e-05, 1.89424608834e-05, 1.8734821424e-05, 1.39397016028e-05, 1.39189087349e-05, 1.51849053509e-05, 1.11393455882e-05, 8.77993261383e-06, 8.82183394424e-06, 7.09412961442e-06, 5.8708051256e-06, 5.27737392986e-06, 6.0108368416e-06, 4.70614122605e-06, 4.38889173893e-06, 3.48580351783e-06], "median": [0.000620345235802, 0.000699998461641, 0.000171083505847, 0.000104253267637, 8.98469370441e-05, 7.25351274014e-05, 5.70648844587e-05, 6.25338216196e-05, 6.90494125593e-05, 4.89675439894e-05, 3.35587465088e-05, 3.36514240189e-05, 2.36515679717e-05, 2.25030926231e-05, 2.09235186048e-05, 1.67660218722e-05, 1.40793417813e-05, 1.44834702951e-05, 1.14562344606e-05, 9.1893653007e-06, 8.52177072375e-06, 9.57969677984e-06, 1.14208414743e-05, 9.6018993645e-06, 8.5264646259e-06, 8.71510655998e-06, 9.27474775381e-06, 6.06697176408e-06, 5.84165445616e-06, 6.61579451844e-06, 4.80680319015e-06, 3.65814321412e-06, 3.40248061548e-06, 2.57898045675e-06, 2.02691126105e-06, 1.65405390362e-06, 2.4203313842e-06, 1.75636273525e-06, 1.68713540916e-06, 1.41270470522e-06], "min": [7.95985305271e-25, 6.07876590648e-25, 1.27919416416e-24, 1.65423155609e-24, 1.77176266046e-24, 2.42065360869e-24, 1.21565723609e-24, 1.3194296202e-24, 2.90736560164e-24, 2.1052530165e-24, 3.18076053392e-24, 3.86600298151e-24, 2.83900843762e-24, 2.68085977271e-24, 2.61178533691e-24, 3.03139031316e-24, 3.37229990601e-24, 3.12112856594e-24, 3.83724308506e-24, 4.00866137647e-24, 2.7106939005e-24, 2.80856195655e-24, 4.00642061707e-24, 4.52485290424e-24, 4.42328469611e-24, 4.76698626492e-24, 4.36126681832e-24, 4.50143241282e-24, 4.67560895639e-24, 5.52376932472e-24, 5.9092442339e-24, 4.38107393236e-24, 5.89629113784e-24, 5.79393801311e-24, 4.55416184788e-24, 4.78227241711e-24, 5.0598887413e-24, 5.7950388685e-24, 5.7528584759e-24, 5.79518401891e-24], "var": [2.6742083719e-05, 1.80926253961e-05, 6.35914091163e-07, 1.60772572144e-07, 1.61108872021e-07, 7.96774486389e-08, 1.12871596514e-07, 5.10356201744e-08, 2.26591396313e-07, 4.78120867342e-08, 2.3725624132e-08, 3.31928902142e-08, 1.20294139094e-08, 9.95706450624e-09, 7.18568449187e-09, 3.32715677231e-09, 2.55359400292e-09, 4.87317874942e-09, 2.11979211961e-09, 1.32401722919e-09, 1.3028158552e-09, 1.23363197435e-09, 1.43425082921e-09, 1.19453424929e-09, 1.34790245632e-09, 8.51179793315e-10, 6.95477286872e-10, 4.58249299617e-10, 4.93749097163e-10, 6.13737616284e-10, 3.61262186832e-10, 2.66181854336e-10, 3.82836679025e-10, 2.4503127305e-10, 1.82261428172e-10, 1.57305848902e-10, 2.00555044794e-10, 1.68000058309e-10, 2.40729186585e-10, 9.04952571212e-11]}, "melbands_crest": {"dmean": 3.42237997055, "dmean2": 5.47986936569, "dvar": 10.6245889664, "dvar2": 26.5097637177, "max": 36.2095375061, "mean": 13.4238424301, "median": 12.8855934143, "min": 1.39982175827, "var": 34.2551574707}, "melbands_flatness_db": {"dmean": 0.028744103387, "dmean2": 0.0448947362602, "dvar": 0.00099503621459, "dvar2": 0.00229373387992, "max": 0.454457014799, "mean": 0.135236039758, "median": 0.125646963716, "min": 0.00287414970808, "var": 0.00407300377265}, "melbands_kurtosis": {"dmean": 8.25129985809, "dmean2": 13.5180721283, "dvar": 353.047454834, "dvar2": 880.857788086, "max": 401.584747314, "mean": 12.1456365585, "median": 4.83790302277, "min": -1.91223752499, "var": 514.653320312}, "melbands_skewness": {"dmean": 0.861960709095, "dmean2": 1.34864938259, "dvar": 1.37736392021, "dvar2": 3.20416617393, "max": 16.70079422, "mean": 2.47178173065, "median": 2.05237412453, "min": -2.92273807526, "var": 4.10249423981}, "melbands_spread": {"dmean": 14.446100235, "dmean2": 22.2751235962, "dvar": 371.933166504, "dvar2": 805.994750977, "max": 312.627990723, "mean": 46.3708076477, "median": 37.697227478, "min": 1.08227550983, "var": 1367.19494629}, "mfcc": {"cov": [[11808.4638672, 1706.06323242, -197.830963135, 122.395729065, 115.998092651, 97.5841751099, 48.9373817444, 62.5883522034, 10.2244949341, 14.0414304733, -56.0272979736, 21.5584278107, -0.683972537518], [1706.06323242, 1926.56335449, -185.659500122, 67.3431625366, 156.329666138, 105.364982605, 112.887199402, 115.619308472, 80.7409133911, 20.0901184082, 2.17285704613, -12.0382852554, 17.701253891], [-197.830963135, -185.659500122, 630.451538086, 70.0298309326, 112.598777771, 60.8641204834, 63.1363868713, 79.2599258423, 71.8774490356, 38.1319046021, 50.8318061829, 42.8198547363, 15.2684087753], [122.395729065, 67.3431625366, 70.0298309326, 287.540527344, 94.749130249, 38.9978027344, 2.83613562584, 14.6967506409, -9.1946144104, -12.5654945374, -11.6822528839, 1.1546022892, 1.95953428745], [115.998092651, 156.329666138, 112.598777771, 94.749130249, 223.766921997, 97.1559066772, 44.8457069397, 48.1112594604, 26.3360710144, 17.9035186768, 13.4354372025, 11.6524934769, 23.568239212], [97.5841751099, 105.364982605, 60.8641204834, 38.9978027344, 97.1559066772, 160.527542114, 90.6033401489, 56.3730125427, 34.5614433289, 21.5644779205, 16.8029441833, 23.3805713654, 20.3320655823], [48.9373817444, 112.887199402, 63.1363868713, 2.83613562584, 44.8457069397, 90.6033401489, 151.679931641, 80.8567504883, 50.8777732849, 30.0315265656, 26.5643062592, 20.8835659027, 15.3130273819], [62.5883522034, 115.619308472, 79.2599258423, 14.6967506409, 48.1112594604, 56.3730125427, 80.8567504883, 141.908813477, 78.3089141846, 46.8741836548, 37.0179405212, 21.0845870972, 19.1106624603], [10.2244949341, 80.7409133911, 71.8774490356, -9.1946144104, 26.3360710144, 34.5614433289, 50.8777732849, 78.3089141846, 122.287872314, 72.1898574829, 46.1677131653, 29.2204284668, 11.2085485458], [14.0414304733, 20.0901184082, 38.1319046021, -12.5654945374, 17.9035186768, 21.5644779205, 30.0315265656, 46.8741836548, 72.1898574829, 104.088912964, 59.9948196411, 24.1770954132, 13.3974723816], [-56.0272979736, 2.17285704613, 50.8318061829, -11.6822528839, 13.4354372025, 16.8029441833, 26.5643062592, 37.0179405212, 46.1677131653, 59.9948196411, 93.10912323, 52.2716941833, 21.3673057556], [21.5584278107, -12.0382852554, 42.8198547363, 1.1546022892, 11.6524934769, 23.3805713654, 20.8835659027, 21.0845870972, 29.2204284668, 24.1770954132, 52.2716941833, 83.6295623779, 36.1759986877], [-0.683972537518, 17.701253891, 15.2684087753, 1.95953428745, 23.568239212, 20.3320655823, 15.3130273819, 19.1106624603, 11.2085485458, 13.3974723816, 21.3673057556, 36.1759986877, 58.8167495728]], "icov": [[9.97526876745e-05, -9.45118808886e-05, -4.79234813611e-06, -1.62767846632e-05, 2.06119366339e-05, -2.6273801268e-05, 4.08706109738e-05, -2.96382950182e-05, 0.000112905414426, -0.000146739403135, 0.000188572201296, -0.000189128157217, 9.09314621822e-05], [-9.45118808886e-05, 0.000735734938644, 0.00037393841194, -6.2146835262e-05, -0.000498793553561, 6.69251166983e-05, -0.000333078787662, -0.000230934412684, -0.000605981971603, 0.000487486249767, -0.000259683816694, 0.000426695158239, -0.000142702730955], [-4.79234813611e-06, 0.00037393841194, 0.00213143182918, -0.000292124721454, -0.00105729757342, 0.000258701416897, -0.000429552368587, -0.000477334077004, -0.000980723067187, 0.000641567748971, -0.000606228946708, -0.000385086023016, 0.000442841032054], [-1.62767846632e-05, -6.2146835262e-05, -0.000292124721454, 0.0042464681901, -0.00167205813341, -0.000283041328657, 0.000673129281495, -0.000615214521531, 0.000839163782075, 9.70753462752e-05, 0.000807399279438, -0.000759477377869, 0.000737144553568], [2.06119366339e-05, -0.000498793553561, -0.00105729757342, -0.00167205813341, 0.00784119684249, -0.00409585237503, 0.00126436422579, -0.000428309693234, 0.000273999554338, -0.000408918829635, -0.000450256309705, 0.00159220537171, -0.00221043266356], [-2.6273801268e-05, 6.69251166983e-05, 0.000258701416897, -0.000283041328657, -0.00409585237503, 0.0124004492536, -0.00615128688514, -0.00010223902791, 0.000107986714283, -0.000642251980025, 0.00160463899374, -0.00222450471483, -0.000177890775376], [4.08706109738e-05, -0.000333078787662, -0.000429552368587, 0.000673129281495, 0.00126436422579, -0.00615128688514, 0.01295419503, -0.00471815606579, -0.000351497437805, 0.000309378898237, -0.000594509125222, -3.20803228533e-05, 0.000202163311769], [-2.96382950182e-05, -0.000230934412684, -0.000477334077004, -0.000615214521531, -0.000428309693234, -0.00010223902791, -0.00471815606579, 0.0144998319447, -0.00683235796168, 0.000757149071433, -0.00201383698732, 0.00243175425567, -0.00269687827677], [0.000112905414426, -0.000605981971603, -0.000980723067187, 0.000839163782075, 0.000273999554338, 0.000107986714283, -0.000351497437805, -0.00683235796168, 0.019984761253, -0.0109731573611, 0.00252001965418, -0.00466092862189, 0.00321700540371], [-0.000146739403135, 0.000487486249767, 0.000641567748971, 9.70753462752e-05, -0.000408918829635, -0.000642251980025, 0.000309378898237, 0.000757149071433, -0.0109731573611, 0.0230257995427, -0.0128693515435, 0.0060244393535, -0.00244280486368], [0.000188572201296, -0.000259683816694, -0.000606228946708, 0.000807399279438, -0.000450256309705, 0.00160463899374, -0.000594509125222, -0.00201383698732, 0.00252001965418, -0.0128693515435, 0.0265657845885, -0.0142326774076, 0.00219985679723], [-0.000189128157217, 0.000426695158239, -0.000385086023016, -0.000759477377869, 0.00159220537171, -0.00222450471483, -3.20803228533e-05, 0.00243175425567, -0.00466092862189, 0.0060244393535, -0.0142326774076, 0.0260372254997, -0.011984189041], [9.09314621822e-05, -0.000142702730955, 0.000442841032054, 0.000737144553568, -0.00221043266356, -0.000177890775376, 0.000202163311769, -0.00269687827677, 0.00321700540371, -0.00244280486368, 0.00219985679723, -0.011984189041, 0.025192534551]], "mean": [-637.48626709, 68.912147522, 8.74972057343, 20.5687046051, -1.29335534573, 4.25295352936, 5.87228965759, 5.184674263, 3.9183344841, 4.38833236694, 5.14140748978, 3.35077214241, -0.78380459547]}, "pitch_salience": {"dmean": 0.0806980058551, "dmean2": 0.130578026175, "dvar": 0.00742022087798, "dvar2": 0.0189044438303, "max": 0.980113446712, "mean": 0.567836523056, "median": 0.587550401688, "min": 0.0889960750937, "var": 0.0199391320348}, "silence_rate_20dB": {"dmean": 0, "dmean2": 0, "dvar": 0, "dvar2": 0, "max": 1, "mean": 1, "median": 1, "min": 1, "var": 0}, "silence_rate_30dB": {"dmean": 0.0351640693843, "dmean2": 0.0703342631459, "dvar": 0.0339334271848, "dvar2": 0.0826198682189, "max": 1, "mean": 0.973455190659, "median": 1, "min": 0, "var": 0.0258381497115}, "silence_rate_60dB": {"dmean": 0.0309861600399, "dmean2": 0.0619777143002, "dvar": 0.0300173386931, "dvar2": 0.0694560855627, "max": 1, "mean": 0.140731066465, "median": 0, "min": 0, "var": 0.120903991163}, "spectral_centroid": {"dmean": 346.742492676, "dmean2": 534.731262207, "dvar": 147321.5, "dvar2": 297686.9375, "max": 11707.6044922, "mean": 2373.11865234, "median": 2253.29833984, "min": 261.830780029, "var": 1260703.375}, "spectral_complexity": {"dmean": 5.09496021271, "dmean2": 7.41068935394, "dvar": 35.5555648804, "dvar2": 63.6463356018, "max": 65, "mean": 22.0120983124, "median": 20, "min": 0, "var": 217.626068115}, "spectral_contrast_coeffs": {"dmean": [0.048231318593, 0.044025182724, 0.0368787571788, 0.027076125145, 0.0213197190315, 0.0199923943728], "dmean2": [0.0783069878817, 0.0729665458202, 0.0600676350296, 0.0449589788914, 0.0350419543684, 0.0318294577301], "dvar": [0.0016181509709, 0.00122750364244, 0.000933948904276, 0.000485888682306, 0.00031906645745, 0.000325279776007], "dvar2": [0.00417282804847, 0.00337375607342, 0.00238718255423, 0.0012791575864, 0.000817816064227, 0.000714726746082], "max": [-0.34425932169, -0.404646456242, -0.507995665073, -0.557663559914, -0.574024260044, -0.588886976242], "mean": [-0.685679256916, -0.766292333603, -0.793756783009, -0.814575612545, -0.802611410618, -0.768742442131], "median": [-0.693333864212, -0.770963430405, -0.799425005913, -0.818557739258, -0.804468691349, -0.773195743561], "min": [-0.976449668407, -0.97664129734, -0.974247872829, -0.972296655178, -0.96676748991, -0.96487736702], "var": [0.00791234802455, 0.00472345948219, 0.00383321009576, 0.00193334778305, 0.00138344417792, 0.00171013188083]}, "spectral_contrast_valleys": {"dmean": [0.441235542297, 0.414337128401, 0.34816673398, 0.321589440107, 0.324120849371, 0.420635312796], "dmean2": [0.699395775795, 0.671437501907, 0.558661162853, 0.502341926098, 0.465687453747, 0.565415263176], "dvar": [0.204462364316, 0.195730209351, 0.13752771914, 0.136836722493, 0.159632951021, 0.239896520972], "dvar2": [0.418663561344, 0.423321992159, 0.290847808123, 0.272074729204, 0.289110928774, 0.365000903606], "max": [-4.9610619545, -4.49615764618, -5.12862014771, -5.54943799973, -5.09730386734, -6.63708353043], "mean": [-7.88122224808, -7.1410946846, -7.52018737793, -7.78516721725, -7.312541008, -9.35365390778], "median": [-7.3304772377, -6.72285556793, -7.11498260498, -7.39714765549, -7.04467582703, -9.12828445435], "min": [-27.848154068, -27.9753437042, -27.7827339172, -27.9166889191, -27.4606380463, -27.4112911224], "var": [4.54817247391, 4.06348419189, 3.86392140388, 3.69897389412, 3.5590159893, 3.16315436363]}, "spectral_decrease": {"dmean": 2.74464784233e-09, "dmean2": 4.33639968378e-09, "dvar": 3.78757366722e-17, "dvar2": 9.08773509652e-17, "max": 2.15223128694e-28, "mean": -5.39164846103e-09, "median": -3.84923026786e-09, "min": -7.1478879704e-08, "var": 4.69109742549e-17}, "spectral_energy": {"dmean": 0.011291379109, "dmean2": 0.0176176391542, "dvar": 0.000572643941268, "dvar2": 0.00136297720019, "max": 0.274006128311, "mean": 0.0230892896652, "median": 0.0169446077198, "min": 9.76460621387e-21, "var": 0.000739373674151}, "spectral_energyband_high": {"dmean": 0.00134988955688, "dmean2": 0.00193525967188, "dvar": 7.40065979699e-06, "dvar2": 1.64449884323e-05, "max": 0.0952955037355, "mean": 0.00256460928358, "median": 0.00122965709306, "min": 6.99765071417e-21, "var": 1.63101813087e-05}, "spectral_energyband_low": {"dmean": 0.00809120200574, "dmean2": 0.0131915444508, "dvar": 0.000521356647369, "dvar2": 0.00130899471696, "max": 0.262296825647, "mean": 0.0109696816653, "median": 0.00428800564259, "min": 1.78593218004e-23, "var": 0.000529889774043}, "spectral_energyband_middle_high": {"dmean": 0.00180511898361, "dmean2": 0.00286123622209, "dvar": 9.8226364571e-06, "dvar2": 2.51349119935e-05, "max": 0.0546473897994, "mean": 0.00441676843911, "median": 0.00297188246623, "min": 1.08489139811e-21, "var": 2.11006081372e-05}, "spectral_energyband_middle_low": {"dmean": 0.00275926222093, "dmean2": 0.00466872565448, "dvar": 2.90801217488e-05, "dvar2": 8.02300855867e-05, "max": 0.0523974075913, "mean": 0.00564788002521, "median": 0.00408852286637, "min": 1.48054235107e-22, "var": 3.63360813935e-05}, "spectral_entropy": {"dmean": 0.133538812399, "dmean2": 0.196711882949, "dvar": 0.0235845502466, "dvar2": 0.0420388095081, "max": 9.82397460938, "mean": 8.14079856873, "median": 8.14500045776, "min": 6.35275888443, "var": 0.0884905681014}, "spectral_flux": {"dmean": 0.0261168852448, "dmean2": 0.0388227850199, "dvar": 0.00177070696373, "dvar2": 0.00349740521051, "max": 0.452998042107, "mean": 0.0819202587008, "median": 0.0695139020681, "min": 6.35060545817e-11, "var": 0.00376919843256}, "spectral_kurtosis": {"dmean": 0.69662553072, "dmean2": 1.11705124378, "dvar": 1.11586356163, "dvar2": 2.69966888428, "max": 35.112121582, "mean": 2.2875225544, "median": 2.2894244194, "min": -1.3120803833, "var": 1.93183660507}, "spectral_rms": {"dmean": 0.000922638631891, "dmean2": 0.00137738185003, "dvar": 1.94622498384e-06, "dvar2": 4.29171541327e-06, "max": 0.0163500159979, "mean": 0.00415018526837, "median": 0.00406587310135, "min": 3.08649395105e-12, "var": 5.30211536898e-06}, "spectral_rolloff": {"dmean": 1010.08453369, "dmean2": 1606.43139648, "dvar": 2007209.125, "dvar2": 4009321.5, "max": 19336.8164062, "mean": 3568.38769531, "median": 2863.91601562, "min": 21.533203125, "var": 9975773}, "spectral_skewness": {"dmean": 0.145848572254, "dmean2": 0.228711083531, "dvar": 0.0301690921187, "dvar2": 0.0646797120571, "max": 3.95396709442, "mean": 1.1539503336, "median": 1.1760405302, "min": -0.310902923346, "var": 0.0976140201092}, "spectral_spread": {"dmean": 758494.9375, "dmean2": 1123694.875, "dvar": 886286319616, "dvar2": 1694382555140.0, "max": 42656940, "mean": 6268425.5, "median": 5917342, "min": 1527641.5, "var": 9785925697540.0}, "spectral_strongpeak": {"dmean": 0.3696