{"lowlevel": {"average_loudness": 0.616450548172, "barkbands": {"dmean": [9.42224232858e-06, 0.0006543083, 0.000358182936907, 0.000124352227431, 0.000581777654588, 0.000484687276185, 0.000367633125279, 0.000612238189206, 0.00103457737714, 0.0003856937401, 0.000416532508098, 0.000202040973818, 0.000233236482018, 0.000127017701743, 0.000145243364386, 0.000117213283374, 0.000150953856064, 0.000115120164992, 8.0175617768e-05, 6.79847289575e-05, 3.86073152185e-05, 8.43844100018e-06, 7.93039816926e-06, 1.03355114334e-05, 1.24136313389e-05, 2.54018414125e-06, 5.4878944411e-07], "dmean2": [1.65062156157e-05, 0.000858073995914, 0.00047551994794, 0.000194399806787, 0.000834439881146, 0.000707520346623, 0.000592634431086, 0.000918306759559, 0.00158530171029, 0.000559278181754, 0.000615824363194, 0.000299588980852, 0.000373561488232, 0.000182967458386, 0.000219435212784, 0.000169362887391, 0.000229401062825, 0.000167696925928, 0.000115954877401, 9.19544909266e-05, 5.65810041735e-05, 1.21513576232e-05, 1.16815972433e-05, 1.47168457261e-05, 1.7495944121e-05, 4.0089871618e-06, 8.38012852e-07], "dvar": [3.00616226356e-10, 5.20511639479e-06, 1.66803772572e-06, 1.04389442868e-07, 1.85012049769e-06, 1.26639213249e-06, 1.16506566883e-06, 4.91828041049e-06, 1.66063982761e-05, 2.77581898445e-06, 2.62830235442e-06, 1.0521381455e-06, 1.20270090065e-06, 2.9949188729e-07, 2.77919070868e-07, 1.73728707864e-07, 3.1375702747e-07, 2.03793717901e-07, 7.38918615184e-08, 4.67537226712e-08, 2.05302850276e-08, 1.47038214937e-09, 1.1825934676e-09, 3.01722336005e-09, 7.15036740928e-09, 1.10658274211e-10, 5.94715639582e-12], "dvar2": [9.38194077982e-10, 9.72372890828e-06, 2.87871307592e-06, 2.64708205577e-07, 3.88856460631e-06, 2.72503802989e-06, 3.14006319968e-06, 1.00227080111e-05, 3.41513587045e-05, 5.86464148e-06, 5.32210697202e-06, 2.05159972211e-06, 2.84948737317e-06, 4.98295946727e-07, 6.18025069343e-07, 3.46069356283e-07, 7.23033451777e-07, 3.92346350964e-07, 1.41812989796e-07, 8.05489790423e-08, 4.45925145698e-08, 3.23109894396e-09, 2.43518760712e-09, 4.58022775263e-09, 1.04194111117e-08, 1.8623659559e-10, 1.17159875551e-11], "max": [0.000363559491234, 0.0387784615159, 0.0233724284917, 0.00679905619472, 0.0480903871357, 0.0322549492121, 0.030697664246, 0.0577393174171, 0.110049195588, 0.0430675707757, 0.0481452234089, 0.035638730973, 0.0376506708562, 0.0224724858999, 0.0153223983943, 0.0121651003137, 0.0136963585392, 0.0126409679651, 0.0078113139607, 0.00901845190674, 0.00352503941394, 0.00119756790809, 0.00176223763265, 0.00328185758553, 0.0065301223658, 0.000603784865234, 0.000105412706034], "mean": [3.02960997942e-05, 0.00172043964267, 0.000772808212787, 0.000231122859986, 0.00140443106648, 0.00103485339787, 0.000701861048583, 0.00101066334173, 0.00205208035186, 0.00067375076469, 0.00102126249112, 0.000362174061593, 0.000496713793837, 0.000244355411269, 0.000284329784336, 0.000236571679125, 0.000294252298772, 0.000196527442313, 0.000182618110557, 0.000150877225678, 6.64112740196e-05, 1.25524211398e-05, 1.33748771987e-05, 1.71546998899e-05, 1.92021470866e-05, 3.22746791426e-06, 8.76540866557e-07], "median": [2.79482519545e-05, 0.000142336502904, 7.3480870924e-05, 4.98922963743e-05, 0.00033354293555, 0.000345321634086, 0.000238852517214, 0.000284702691715, 0.000161443516845, 0.00010075107275, 6.12698422628e-05, 3.17724370689e-05, 5.0482860388e-05, 3.5499164369e-05, 2.07439516089e-05, 2.0131446945e-05, 2.19041321543e-05, 1.53783330461e-05, 1.24843973026e-05, 1.0902478607e-05, 5.126974429e-06, 1.48185495163e-06, 1.42672513448e-06, 2.03704689739e-06, 1.57488045716e-06, 4.70040163236e-07, 1.47217434687e-07], "min": [3.41938711205e-25, 2.97884330218e-24, 1.54507046314e-24, 7.86040826092e-25, 5.42310909549e-24, 7.05029287912e-24, 9.5259987238e-24, 1.33998911032e-23, 1.29459718609e-23, 7.4925622236e-24, 8.06948539145e-24, 1.85752698699e-23, 3.32154301764e-23, 2.04773965281e-23, 4.04304813888e-23, 4.66609900152e-23, 6.40255414113e-23, 7.23612578919e-23, 1.37522967266e-22, 1.57187691911e-22, 2.56143009708e-22, 2.2603997659e-22, 4.00891034098e-22, 4.97324824275e-22, 8.11121726929e-22, 1.2181724899e-21, 1.86721139687e-21], "var": [3.59948931772e-10, 1.81528266694e-05, 5.6877120187e-06, 3.15732421541e-07, 1.0604387171e-05, 4.91159198646e-06, 2.25618305194e-06, 1.21704752019e-05, 5.82886750635e-05, 5.82266511628e-06, 1.56144687935e-05, 3.12352290166e-06, 3.99577311327e-06, 1.11239967282e-06, 9.70806354417e-07, 5.94202276716e-07, 9.99947815217e-07, 4.67000688786e-07, 2.3567518781e-07, 2.05977670475e-07, 4.64909675202e-08, 2.16445239509e-09, 2.32779817644e-09, 7.34216376586e-09, 1.55889097186e-08, 2.24589138953e-10, 1.24293275325e-11]}, "barkbands_crest": {"dmean": 2.4129986763, "dmean2": 3.81707382202, "dvar": 5.16185474396, "dvar2": 12.1192626953, "max": 25.9039516449, "mean": 11.3071117401, "median": 10.3133182526, "min": 2.89359354973, "var": 22.4765148163}, "barkbands_flatness_db": {"dmean": 0.0206959750503, "dmean2": 0.0310899894685, "dvar": 0.00050154310884, "dvar2": 0.00107952253893, "max": 0.364145547152, "mean": 0.163201034069, "median": 0.160687476397, "min": 0.0311988871545, "var": 0.00262901536189}, "barkbands_kurtosis": {"dmean": 2.66551160812, "dmean2": 4.1313700676, "dvar": 25.3794708252, "dvar2": 61.4306602478, "max": 156.7784729, "mean": 5.31145811081, "median": 2.70497989655, "min": -1.86548125744, "var": 79.4921646118}, "barkbands_skewness": {"dmean": 0.454709142447, "dmean2": 0.688617825508, "dvar": 0.249035507441, "dvar2": 0.553915321827, "max": 11.4902734756, "mean": 1.20778727531, "median": 1.0308110714, "min": -3.42807745934, "var": 1.69491457939}, "barkbands_spread": {"dmean": 3.39822983742, "dmean2": 5.15773010254, "dvar": 22.555978775, "dvar2": 47.1624183655, "max": 136.706436157, "mean": 14.0332841873, "median": 10.9686841965, "min": 0.548583984375, "var": 122.79221344}, "dissonance": {"dmean": 0.026406891644, "dmean2": 0.0442260429263, "dvar": 0.000638779893052, "dvar2": 0.00175464723725, "max": 0.499998986721, "mean": 0.442881733179, "median": 0.450425744057, "min": 0.242008075118, "var": 0.0014508862514}, "dynamic_complexity": 5.48226070404, "erbbands": {"dmean": [0.0105714146048, 0.175105586648, 0.459099829197, 0.344448745251, 1.0007199049, 1.98284304142, 3.72584009171, 3.73976373672, 5.55602884293, 6.55274248123, 15.7066650391, 27.089017868, 9.14987373352, 14.6694021225, 15.0774488449, 8.42721557617, 10.4084844589, 6.38260889053, 5.45520687103, 8.10862159729, 5.5267701149, 6.48572206497, 4.83608007431, 4.47510194778, 2.80885672569, 2.59763598442, 2.84529542923, 0.681770980358, 0.32328492403, 0.246980875731, 0.213732019067, 0.194028034806, 0.193951517344, 0.175890728831, 0.0632257387042, 0.0169783625752, 0.00389352836646, 0.000739181938116, 0.000101550242107, 6.43474459139e-06], "dmean2": [0.0134770125151, 0.23040060699, 0.605990946293, 0.513554573059, 1.54876935482, 2.84292149544, 5.26948595047, 5.54861211777, 8.85421657562, 10.5135116577, 23.5192127228, 40.8887748718, 13.6601171494, 20.9417057037, 22.29296875, 11.7983121872, 16.4428462982, 9.07783031464, 7.82260465622, 11.9496631622, 7.72353124619, 9.41428947449, 6.69149971008, 6.22575998306, 4.08601427078, 3.42317533493, 3.85579943657, 0.969012081623, 0.462296813726, 0.357187539339, 0.312974780798, 0.283030241728, 0.275467902422, 0.253353506327, 0.0893857479095, 0.0256729014218, 0.0063821519725, 0.00116847967729, 0.000154052526341, 8.80818424775e-06], "dvar": [0.00133276556153, 0.382971912622, 2.97215390205, 0.900203943253, 11.4139280319, 23.6837463379, 93.9159164429, 70.3284988403, 242.492721558, 359.974639893, 3688.35009766, 11215.9160156, 1745.8659668, 4018.75610352, 3217.0703125, 1684.66320801, 2515.72802734, 770.392089844, 355.935272217, 895.135620117, 355.211151123, 583.337158203, 265.221832275, 173.965927124, 113.901092529, 60.577922821, 109.683296204, 5.41956329346, 2.32853889465, 1.33205628395, 0.698772132397, 0.901479959488, 1.38880395889, 1.29109334946, 0.242356315255, 0.00973370205611, 0.000175392764504, 7.85270731285e-06, 1.98829269493e-07, 2.3593696441e-10], "dvar2": [0.00192691991106, 0.730510413647, 5.05018043518, 2.12316203117, 24.6420536041, 46.4189949036, 188.340545654, 154.977294922, 654.774658203, 903.067871094, 7407.43994141, 22899.6855469, 3818.05908203, 7985.87255859, 6187.60058594, 3041.78564453, 6120.88330078, 1282.81750488, 734.531066895, 1888.77087402, 699.556762695, 1255.62524414, 481.477050781, 306.554931641, 259.402374268, 97.3655014038, 206.636627197, 10.8356580734, 5.39373350143, 2.82498025894, 1.38522517681, 1.8343924284, 2.2259221077, 1.99730014801, 0.343552112579, 0.0152709670365, 0.000349966983777, 1.49027846419e-05, 3.82607737492e-07, 4.38846625705e-10], "max": [0.84309476614, 10.9086456299, 30.7757701874, 17.8559761047, 168.143600464, 155.42906189, 331.081268311, 247.717056274, 480.9949646, 617.027893066, 1578.21911621, 2861.84887695, 1754.87243652, 2233.41357422, 1899.1204834, 1774.1192627, 1925.58862305, 1337.3112793, 409.823272705, 1057.66357422, 540.406311035, 611.478210449, 586.693847656, 455.109985352, 384.78616333, 257.536743164, 290.418457031, 103.550743103, 52.6306991577, 58.7180709839, 39.2120361328, 56.4319915771, 72.8860473633, 85.1925888062, 36.3374137878, 5.61125850677, 0.612694084644, 0.128378644586, 0.0181485936046, 0.000563460285775], "mean": [0.0304328911006, 0.45117431879, 1.06717967987, 0.74061614275, 2.2777132988, 4.59332847595, 8.27816200256, 8.10344219208, 11.3960800171, 11.6880569458, 29.7860584259, 54.5529251099, 18.0336036682, 32.3766746521, 33.6435165405, 18.1113586426, 23.8239536285, 13.0965480804, 11.3309545517, 18.9945678711, 11.6080942154, 14.6503152847, 12.2460260391, 10.5207300186, 6.87437677383, 6.31967735291, 6.1887922287, 1.23547458649, 0.495775848627, 0.380170464516, 0.377302616835, 0.322397887707, 0.319789677858, 0.281087577343, 0.0913609787822, 0.0215117391199, 0.00494818901643, 0.00107429374475, 0.000167481179233, 2.16374755837e-05], "median": [0.00234101060778, 0.0354133285582, 0.0994577556849, 0.161442577839, 0.441999018192, 1.1255800724, 2.20967245102, 3.03154921532, 4.03141403198, 4.86137104034, 6.69494819641, 4.94419956207, 3.54948091507, 3.74087238312, 3.31829166412, 1.76465511322, 2.56645703316, 2.21418428421, 1.4020730257, 1.21445226669, 1.24303150177, 1.19552493095, 0.969311118126, 0.7367811203, 0.594849765301, 0.538861274719, 0.345742344856, 0.151207059622, 0.0590602457523, 0.0491978749633, 0.0395309850574, 0.037120629102, 0.0336355119944, 0.0218168031424, 0.00754613056779, 0.0025730561465, 0.000762455281802, 0.000169392122189, 3.11307885568e-05, 1.01493569673e-05], "min": [6.57777340105e-23, 8.66048710743e-22, 2.58306614095e-21, 3.42164068176e-21, 5.02909333443e-21, 1.22777174319e-20, 2.47842779346e-20, 8.61917674636e-20, 1.54571027617e-19, 2.13637746262e-19, 2.25531026657e-19, 3.08034822284e-19, 4.13648208919e-19, 4.93658287644e-19, 6.53611701959e-19, 9.32379995291e-19, 1.44581048452e-18, 1.65850881209e-18, 2.69715287497e-18, 2.16208964817e-18, 3.25566274302e-18, 4.29673716594e-18, 3.88081421033e-18, 7.30988523582e-18, 7.51287039505e-18, 7.37375764118e-18, 8.97830274107e-18, 9.66377242544e-18, 8.79682924085e-18, 1.04699012914e-17, 1.11181569472e-17, 8.57557000752e-18, 9.64310200912e-18, 7.55975002909e-18, 6.83503021106e-18, 4.45473528038e-18, 2.06078111624e-18, 9.56000344478e-19, 2.26732196304e-19, 2.6066815012e-20], "var": [0.00775674404576, 1.23960208893, 10.3720378876, 2.56665802002, 80.3725814819, 106.809791565, 338.796203613, 299.32699585, 606.182373047, 626.151184082, 10782.7792969, 41072.6367188, 4648.47119141, 15491.7089844, 12822.9580078, 6319.45410156, 8677.66113281, 2983.06201172, 1114.59509277, 4095.65429688, 1023.2119751, 2323.0456543, 1593.29260254, 706.356018066, 323.693939209, 290.648498535, 404.836273193, 12.8470716476, 3.178378582, 2.22599387169, 1.6461776495, 1.70013689995, 3.30638313293, 2.93870186806, 0.497607827187, 0.0184537973255, 0.000324884051224, 1.79409144039e-05, 4.02324843662e-07, 9.51202561161e-10]}, "erbbands_crest": {"dmean": 3.02265691757, "dmean2": 4.83483123779, "dvar": 8.56754589081, "dvar2": 21.0361175537, "max": 32.1708946228, "mean": 11.9343833923, "median": 10.9174766541, "min": 2.079226017, "var": 30.753446579}, "erbbands_flatness_db": {"dmean": 0.0203745998442, "dmean2": 0.0306657906622, "dvar": 0.000488615245558, "dvar2": 0.00109422777314, "max": 0.405641078949, "mean": 0.202617958188, "median": 0.205950304866, "min": 0.0272705554962, "var": 0.00260100397281}, "erbbands_kurtosis": {"dmean": 1.73644208908, "dmean2": 2.79809880257, "dvar": 10.2735548019, "dvar2": 27.2723789215, "max": 98.5266036987, "mean": 2.46305751801, "median": 1.07075214386, "min": -1.84488177299, "var": 25.5676422119}, "erbbands_skewness": {"dmean": 0.419956922531, "dmean2": 0.651982605457, "dvar": 0.177449122071, "dvar2": 0.431009709835, "max": 7.25989818573, "mean": 0.880447924137, "median": 0.780906498432, "min": -2.73374319077, "var": 0.989949405193}, "erbbands_spread": {"dmean": 5.53956890106, "dmean2": 8.60109424591, "dvar": 50.1305274963, "dvar2": 109.970283508, "max": 131.900604248, "mean": 24.5182037354, "median": 19.6900691986, "min": 1.17694866657, "var": 280.421691895}, "gfcc": {"cov": [[31426.4355469, 2006.29431152, -4012.81005859, 642.596862793, -1388.89111328, 86.1696166992, -766.765319824, 446.119293213, -721.281982422, -144.830337524, -142.102661133, -264.762573242, 181.390075684], [2006.29431152, 1902.48999023, 87.3807373047, -142.448394775, 239.220092773, 5.99059438705, 135.055587769, -60.101688385, 81.3932418823, 80.175453186, 90.1658325195, -64.9823608398, -145.416793823], [-4012.81005859, 87.3807373047, 1336.6385498, 93.9032897949, 119.020782471, 60.5780982971, 11.0925245285, -91.1943206787, 166.082260132, 91.3306274414, 49.660282135, 43.597026825, -140.656341553], [642.596862793, -142.448394775, 93.9032897949, 493.519287109, 19.720331192, 3.15733480453, -28.4298706055, 18.6868686676, 43.2362365723, -24.4324054718, 2.40146994591, 18.0113525391, 9.85665130615], [-1388.89111328, 239.220092773, 119.020782471, 19.720331192, 417.626373291, 102.894767761, 157.465148926, -5.17606258392, 63.2580909729, 42.6081161499, 49.0717430115, 14.0337018967, 0.590361535549], [86.1696166992, 5.99059438705, 60.5780982971, 3.15733480453, 102.894767761, 324.341125488, 149.722839355, 2.49622774124, 26.618894577, 41.4231109619, 11.3107213974, 13.7063474655, -28.885219574], [-766.765319824, 135.055587769, 11.0925245285, -28.4298706055, 157.465148926, 149.722839355, 291.571228027, 69.1092681885, 65.928855896, 22.7197761536, 7.14042758942, 2.37844204903, -24.4144744873], [446.119293213, -60.101688385, -91.1943206787, 18.6868686676, -5.17606258392, 2.49622774124, 69.1092681885, 183.743423462, 34.9390487671, -6.13270187378, 0.447104483843, -6.33064603806, 20.1971206665], [-721.281982422, 81.3932418823, 166.082260132, 43.2362365723, 63.2580909729, 26.618894577, 65.928855896, 34.9390487671, 148.815826416, 44.2842254639, 13.0832452774, 17.7678031921, -34.6000823975], [-144.830337524, 80.175453186, 91.3306274414, -24.4324054718, 42.6081161499, 41.4231109619, 22.7197761536, -6.13270187378, 44.2842254639, 113.922599792, 41.0381965637, 1.99364542961, -23.6325244904], [-142.102661133, 90.1658325195, 49.660282135, 2.40146994591, 49.0717430115, 11.3107213974, 7.14042758942, 0.447104483843, 13.0832452774, 41.0381965637, 107.738021851, 16.6811313629, 13.1272792816], [-264.762573242, -64.9823608398, 43.597026825, 18.0113525391, 14.0337018967, 13.7063474655, 2.37844204903, -6.33064603806, 17.7678031921, 1.99364542961, 16.6811313629, 103.50806427, 17.0358448029], [181.390075684, -145.416793823, -140.656341553, 9.85665130615, 0.590361535549, -28.885219574, -24.4144744873, 20.1971206665, -34.6000823975, -23.6325244904, 13.1272792816, 17.0358448029, 115.149040222]], "icov": [[0.000260428234469, -0.000575698621105, 0.000705979589839, -0.000669252534863, 0.000772451690864, -0.000858966493979, 0.000966010964476, -0.000902607396711, 0.000759411777835, -0.000608897418715, 0.000350416696165, -0.000120857112051, 7.24119581719e-06], [-0.000575698621105, 0.00200344319455, -0.0014351272257, 0.00164882570971, -0.00205917074345, 0.00217063562013, -0.00233534560539, 0.00229463260621, -0.00191973964684, 0.00140397856012, -0.00148067285772, 0.000668080814648, 0.000981464399956], [0.000705979589839, -0.0014351272257, 0.00300251692533, -0.00191028800327, 0.00185558688827, -0.00234910170548, 0.00287260510959, -0.00191095308401, 0.00105147855356, -0.00174003455322, 0.000483447918668, -0.000580039108172, 0.00124166766182], [-0.000669252534863, 0.00164882570971, -0.00191028800327, 0.00400907965377, -0.00225896830671, 0.00195932597853, -0.00185129826423, 0.00207932083867, -0.00294142845087, 0.00254518119618, -0.00118563009892, 0.000304551882436, -6.56707561575e-05], [0.000772451690864, -0.00205917074345, 0.00185558688827, -0.00225896830671, 0.00594639452174, -0.00283338176087, 0.00102003139909, -0.00182241143193, 0.00170998671092, -0.00210307119414, 0.000289141287794, -0.00032988388557, -0.00146454141941], [-0.000858966493979, 0.00217063562013, -0.00234910170548, 0.00195932597853, -0.00283338176087, 0.00735452584922, -0.00566791417077, 0.00361256650649, -0.00161237642169, 0.000622618535999, -0.0011611947557, -0.000116402217827, 0.000874046934769], [0.000966010964476, -0.00233534560539, 0.00287260510959, -0.00185129826423, 0.00102003139909, -0.00566791417077, 0.0103498110548, -0.00566133856773, 0.00113609700929, -0.00141036638524, 0.00177670724224, -0.000452694832347, 0.000873203040101], [-0.000902607396711, 0.00229463260621, -0.00191095308401, 0.00207932083867, -0.00182241143193, 0.00361256650649, -0.00566133856773, 0.0104886023328, -0.00500952173024, 0.00264218822122, -0.00196158629842, 0.00144947646186, -0.00127091119066], [0.000759411777835, -0.00191973964684, 0.00105147855356, -0.00294142845087, 0.00170998671092, -0.00161237642169, 0.00113609700929, -0.00500952173024, 0.0134293129668, -0.0052797049284, 0.00206497777253, -0.00235857302323, 0.00168707186822], [-0.000608897418715, 0.00140397856012, -0.00174003455322, 0.00254518119618, -0.00210307119414, 0.000622618535999, -0.00141036638524, 0.00264218822122, -0.0052797049284, 0.0142513718456, -0.00543079245836, 0.00126015848946, 0.00156445556786], [0.000350416696165, -0.00148067285772, 0.000483447918668, -0.00118563009892, 0.000289141287794, -0.0011611947557, 0.00177670724224, -0.00196158629842, 0.00206497777253, -0.00543079245836, 0.0131537159905, -0.00195161008742, -0.00300677143969], [-0.000120857112051, 0.000668080814648, -0.000580039108172, 0.000304551882436, -0.00032988388557, -0.000116402217827, -0.000452694832347, 0.00144947646186, -0.00235857302323, 0.00126015848946, -0.00195161008742, 0.0111385378987, -0.001953745028], [7.24119581719e-06, 0.000981464399956, 0.00124166766182, -6.56707561575e-05, -0.00146454141941, 0.000874046934769, 0.000873203040101, -0.00127091119066, 0.00168707186822, 0.00156445556786, -0.00300677143969, -0.001953745028, 0.0135294403881]], "mean": [-115.094398499, 107.64655304, -118.920799255, 2.71223592758, -54.8653335571, -4.10977172852, -32.9006919861, 10.9244527817, -23.6051769257, 3.2956161499, -9.23891544342, -3.99780750275, -5.58050251007]}, "hfc": {"dmean": 2.88764286041, "dmean2": 3.78398942947, "dvar": 36.294002533, "dvar2": 63.8876647949, "max": 116.98601532, "mean": 10.7134447098, "median": 3.3356294632, "min": 1.04480269964e-16, "var": 272.872680664}, "melbands": {"dmean": [0.000141656535561, 0.000238484848524, 7.31953186914e-05, 0.000105811290268, 0.000122838304378, 8.76129342942e-05, 8.12570797279e-05, 8.03220755188e-05, 0.000151805579662, 0.000155265413923, 4.3404455937e-05, 6.05663808528e-05, 5.584621249e-05, 2.66972165264e-05, 2.64465579676e-05, 2.05106061912e-05, 1.288790736e-05, 9.57037354965e-06, 1.13298128781e-05, 1.03227730506e-05, 6.96874622008e-06, 7.48054753785e-06, 7.36121955924e-06, 4.0539530346e-06, 3.91445746573e-06, 2.71071598945e-06, 1.36145047236e-06, 2.07116340789e-06, 2.50688231063e-06, 7.02422994436e-07, 3.35100878601e-07, 2.01379137366e-07, 1.35743377427e-07, 1.50932734755e-07, 1.28737468685e-07, 1.18432119223e-07, 1.26031736158e-07, 1.2140978356e-07, 1.7772912031e-07, 1.44776493016e-07], "dmean2": [0.000183412077604, 0.000309833791107, 0.000109120519483, 0.000157149901497, 0.000172729283804, 0.000129951207782, 0.000130406449898, 0.000128435582155, 0.000227821001317, 0.000235012790654, 6.52964008623e-05, 8.62123197294e-05, 8.25609022286e-05, 3.80850578949e-05, 3.9375241613e-05, 3.1647792639e-05, 1.82580042747e-05, 1.37646484291e-05, 1.67129383044e-05, 1.47741484398e-05, 1.00066572486e-05, 1.06875568235e-05, 1.07318337541e-05, 5.71008558836e-06, 5.51879656996e-06, 3.98697602577e-06, 1.98128714146e-06, 2.74572767012e-06, 3.44946465702e-06, 1.02192643681e-06, 4.90534148412e-07, 2.97701291174e-07, 1.954898039e-07, 2.26477354204e-07, 1.93179005237e-07, 1.75168196392e-07, 1.87381871797e-07, 1.77855625338e-07, 2.58190766544e-07, 2.10954013369e-07], "dvar": [2.37165906469e-07, 7.40079883599e-07, 3.34866960827e-08, 8.85362041458e-08, 8.64677787149e-08, 3.79856501809e-08, 5.23321830315e-08, 5.43908740269e-08, 3.26153923424e-07, 3.63783044577e-07, 4.61110616357e-08, 6.71431124033e-08, 4.30357758319e-08, 1.53672203851e-08, 1.36089726155e-08, 1.06402149314e-08, 3.64783669937e-09, 1.24217780506e-09, 1.99334260209e-09, 1.37112066145e-09, 6.14907569307e-10, 7.81905984404e-10, 9.62933954796e-10, 1.59842972192e-10, 1.43528536278e-10, 1.0250453264e-10, 2.02652287312e-11, 4.34382321779e-11, 8.91902940392e-11, 7.40198180527e-12, 2.04857029777e-12, 1.03158779262e-12, 3.55431694276e-13, 5.84574272669e-13, 2.64766182069e-13, 2.47984277427e-13, 4.09560081162e-13, 5.21981817578e-13, 1.30602776857e-12, 9.1680471808e-13], "dvar2": [4.11300021597e-07, 1.31067167786e-06, 7.41179135844e-08, 2.01860842708e-07, 1.67934530282e-07, 8.45504004587e-08, 1.43240214356e-07, 1.32499621941e-07, 6.67251867981e-07, 7.41648989333e-07, 1.02464298379e-07, 1.33202505026e-07, 8.78231674051e-08, 2.84390822003e-08, 2.73857683197e-08, 2.35941186588e-08, 5.75737146846e-09, 2.54448617731e-09, 4.21997592426e-09, 2.54575627245e-09, 1.16808840378e-09, 1.58166502118e-09, 2.19855134098e-09, 3.14547166091e-10, 2.59225585442e-10, 2.17558110416e-10, 4.59297461175e-11, 6.80636033645e-11, 1.65213162595e-10, 1.60778525909e-11, 3.98692233741e-12, 2.43017541854e-12, 7.71002294127e-13, 1.27151848078e-12, 5.57819686709e-13, 4.78281151663e-13, 8.71096380792e-13, 9.24022143522e-13, 1.98597128326e-12, 1.51631626092e-12], "max": [0.00885917712003, 0.0140648921952, 0.00577550334856, 0.0125184748322, 0.00882609374821, 0.0056155952625, 0.00711530307308, 0.00711242947727, 0.0125762484968, 0.015630049631, 0.00848379544914, 0.00839488953352, 0.00577607704327, 0.00449495110661, 0.00329458271153, 0.00432072300464, 0.00293217855506, 0.000968045496847, 0.00112053123303, 0.00123477657326, 0.000699729542248, 0.000710605119821, 0.00136713508982, 0.000314437405905, 0.000422565441113, 0.000288232520688, 0.000147171856952, 0.000263154302957, 0.000305279740132, 8.87533242349e-05, 6.81279925629e-05, 3.89992710552e-05, 2.03907293326e-05, 4.16198017774e-05, 2.61466375377e-05, 2.12328050111e-05, 3.83015903935e-05, 4.07018924307e-05, 7.4796298577e-05, 7.21272444935e-05], "mean": [0.000389556662412, 0.000592466269154, 0.000167856313055, 0.000243379821768, 0.000291171687422, 0.000189188445802, 0.000164956509252, 0.000136577582452, 0.000297919410514, 0.000307416485157, 7.74269501562e-05, 0.000125482678413, 0.000131383218104, 4.89862795803e-05, 5.42848320038e-05, 4.02819277951e-05, 2.37414114963e-05, 1.76630746864e-05, 2.26192150876e-05, 2.21339287236e-05, 1.26963977891e-05, 1.39192516144e-05, 1.75490404217e-05, 8.33585545479e-06, 8.59438569023e-06, 6.25869915893e-06, 3.01625846078e-06, 4.78434958495e-06, 5.38751964996e-06, 1.2149188251e-06, 5.12280678322e-07, 2.86034008923e-07, 1.98052831024e-07, 2.1781758619e-07, 2.13222293155e-07, 2.11756358226e-07, 1.92333260429e-07, 1.93901456669e-07, 2.8346983072e-07, 2.23832500978e-07], "median": [3.39824327966e-05, 5.42137349839e-05, 3.7351019273e-05, 5.66328890272e-05, 8.08871263871e-05, 6.61532685626e-05, 5.64070433029e-05, 5.0083915994e-05, 5.21309120813e-05, 2.58939744526e-05, 1.29348272822e-05, 1.32968507387e-05, 9.9817316368e-06, 4.86675708089e-06, 4.79845903101e-06, 4.82755467601e-06, 3.68695009456e-06, 2.20867605094e-06, 1.49514494296e-06, 1.47791456584e-06, 1.31789374791e-06, 1.16429714581e-06, 1.02996773421e-06, 6.83611119712e-07, 5.41987049019e-07, 4.34114411973e-07, 3.18105605857e-07, 3.37778089943e-07, 2.43547560785e-07, 1.04989801741e-07, 5.88085491415e-08, 3.21309272522e-08, 2.17572129202e-08, 2.728994275e-08, 2.11639274994e-08, 2.0963609515e-08, 2.15346123156e-08, 2.16778595075e-08, 2.09590709233e-08, 1.58070374567e-08], "min": [1.37544219573e-24, 2.15104856142e-24, 1.11309003423e-24, 5.03728018497e-25, 6.67644932955e-25, 2.01462177318e-24, 2.27542372439e-24, 2.6741556383e-24, 1.9759025078e-24, 1.79250556075e-24, 1.58309109359e-24, 1.84708743843e-24, 1.38756422683e-24, 2.37564396645e-24, 2.82077865096e-24, 3.24706034869e-24, 2.50123141142e-24, 2.96217112138e-24, 2.41565755536e-24, 3.28083168126e-24, 3.64110583718e-24, 3.78439729302e-24, 3.55551797884e-24, 3.4870582629e-24, 5.10336759895e-24, 3.99446582449e-24, 4.1167652972e-24, 4.15147044387e-24, 4.09254174539e-24, 5.90658971696e-24, 4.89734671279e-24, 4.5338451297e-24, 4.66346996478e-24, 4.69476565461e-24, 5.748536307e-24, 5.77464405309e-24, 4.63325659211e-24, 5.95052729722e-24, 6.62228535094e-24, 5.84065514477e-24], "var": [1.01471982816e-06, 2.4486816983e-06, 1.49274200112e-07, 4.83599137624e-07, 3.67126517631e-07, 1.61437071711e-07, 1.2209578415e-07, 1.03206161839e-07, 1.06176878489e-06, 1.28823990053e-06, 1.1242070741e-07, 2.41083625951e-07, 2.19770242893e-07, 4.91801657176e-08, 4.63001335049e-08, 2.94306623516e-08, 1.34186928236e-08, 3.42462791458e-09, 6.62632082538e-09, 5.71947289529e-09, 1.48866285965e-09, 2.1305839315e-09, 5.49885559309e-09, 5.2910981152e-10, 5.12951126019e-10, 3.04566594167e-10, 5.72705043111e-11, 2.11725734167e-10, 3.49631018581e-10, 1.44911678143e-11, 4.34058258086e-12, 1.27113976896e-12, 5.73793345737e-13, 8.69679436973e-13, 5.42698102169e-13, 6.07008909283e-13, 6.77525201741e-13, 1.17208348062e-12, 3.03346670699e-12, 1.93873909982e-12]}, "melbands_crest": {"dmean": 2.98096084595, "dmean2": 4.67728948593, "dvar": 7.88275957108, "dvar2": 19.1128540039, "max": 34.5216522217, "mean": 14.2601909637, "median": 13.4509773254, "min": 1.56019997597, "var": 31.8054409027}, "melbands_flatness_db": {"dmean": 0.0239015780389, "dmean2": 0.0348710902035, "dvar": 0.000729036924895, "dvar2": 0.00145457952749, "max": 0.472698032856, "mean": 0.235547214746, "median": 0.235673755407, "min": 0.00328575493768, "var": 0.00558898597956}, "melbands_kurtosis": {"dmean": 4.23206186295, "dmean2": 6.62239122391, "dvar": 108.108528137, "dvar2": 258.832489014, "max": 552.637023926, "mean": 8.69895553589, "median": 4.39977836609, "min": -1.82043135166, "var": 193.116958618}, "melbands_skewness": {"dmean": 0.533879339695, "dmean2": 0.813526511192, "dvar": 0.384698003531, "dvar2": 0.822848975658, "max": 18.6597366333, "mean": 1.69541704655, "median": 1.40165567398, "min": -1.87908625603, "var": 2.16974282265}, "melbands_spread": {"dmean": 4.57822036743, "dmean2": 6.91954660416, "dvar": 49.70520401, "dvar2": 99.8679351807, "max": 248.583724976, "mean": 19.6673870087, "median": 13.8048429489, "min": 0.933109998703, "var": 502.218170166}, "mfcc": {"cov": [[11624.8759766, -26.6888389587, -1055.54699707, 305.542388916, -48.3688850403, -285.592346191, 280.939147949, 61.2974967957, 53.4138526917, 84.6062850952, -254.090393066, -60.0874252319, -110.454208374], [-26.6888389587, 2272.03271484, 113.9712677, 14.851143837, 79.4215774536, 134.561447144, 113.677749634, -21.2107067108, -13.1569433212, 64.5613708496, 157.315307617, 111.301040649, 101.456001282], [-1055.54699707, 113.9712677, 911.87890625, 74.9062728882, 60.8846855164, 78.3527908325, -120.808799744, -31.0458335876, -54.9642410278, -34.5015449524, 78.4340133667, 107.943656921, 4.72489690781], [305.542388916, 14.851143837, 74.9062728882, 373.924072266, 96.0195999146, -22.2266273499, -37.1452636719, 34.3541412354, 13.9537448883, -4.42311668396, -8.31387138367, 64.5033798218, -0.203193768859], [-48.3688850403, 79.4215774536, 60.8846855164, 96.0195999146, 231.795394897, 40.3247909546, 11.5669813156, -25.6380691528, -12.0150051117, 8.95160579681, -32.926776886, 57.1201057434, 34.1555557251], [-285.592346191, 134.561447144, 78.3527908325, -22.2266273499, 40.3247909546, 357.042419434, 61.0313224792, 63.3332099915, 17.1749992371, 27.2905197144, 75.8553161621, -17.9988288879, 63.1212768555], [280.939147949, 113.677749634, -120.808799744, -37.1452636719, 11.5669813156, 61.0313224792, 211.716842651, 47.1289863586, 32.2053527832, 49.4644813538, 23.0785331726, -6.35461091995, 16.0457572937], [61.2974967957, -21.2107067108, -31.0458335876, 34.3541412354, -25.6380691528, 63.3332099915, 47.1289863586, 189.825469971, 69.1037216187, 22.484708786, 55.2567405701, -28.5212364197, 17.6950206757], [53.4138526917, -13.1569433212, -54.9642410278, 13.9537448883, -12.0150051117, 17.1749992371, 32.2053527832, 69.1037216187, 113.533950806, 49.6418800354, 28.8835601807, -13.7298908234, 3.82493472099], [84.6062850952, 64.5613708496, -34.5015449524, -4.42311668396, 8.95160579681, 27.2905197144, 49.4644813538, 22.484708786, 49.6418800354, 111.200401306, 47.8584976196, 8.34670543671, 2.22349095345], [-254.090393066, 157.315307617, 78.4340133667, -8.31387138367, -32.926776886, 75.8553161621, 23.0785331726, 55.2567405701, 28.8835601807, 47.8584976196, 163.658233643, 24.7742156982, 20.3238277435], [-60.0874252319, 111.301040649, 107.943656921, 64.5033798218, 57.1201057434, -17.9988288879, -6.35461091995, -28.5212364197, -13.7298908234, 8.34670543671, 24.7742156982, 124.509971619, 24.9110641479], [-110.454208374, 101.456001282, 4.72489690781, -0.203193768859, 34.1555557251, 63.1212768555, 16.0457572937, 17.6950206757, 3.82493472099, 2.22349095345, 20.3238277435, 24.9110641479, 99.5040969849]], "icov": [[0.000107378014945, -1.21906978165e-05, 0.0001018315088, -0.000125685561216, 7.78378453106e-05, 3.08169837808e-05, -0.000115444985568, -4.50474835816e-05, 7.09711384843e-05, -0.000104876773548, 0.000170586747117, -4.35218134953e-05, 8.25608076411e-05], [-1.21906978165e-05, 0.000521742971614, -2.25881231017e-05, -1.57921258506e-05, -8.9804023446e-05, -3.67048087355e-05, -0.000250028795563, 0.000235440034885, 0.000112637419079, -3.86815881939e-05, -0.000493064522743, -0.000184612741577, -0.000348447705619], [0.0001018315088, -2.25881231017e-05, 0.00161256012507, -0.000110627399408, -0.000187759826076, -0.000481127703097, 0.000764321070164, -0.000101270416053, 0.000450943247415, 0.000371162692318, -0.000577029888518, -0.0012448716443, 0.000727573002223], [-0.000125685561216, -1.57921258506e-05, -0.000110627399408, 0.003740060376, -0.00147834548261, 0.000135672278702, 0.000964907056186, -0.00138203054667, -0.000536898092832, 0.000439590861788, 0.000161963573191, -0.00174163060728, 0.000814790488221], [7.78378453106e-05, -8.9804023446e-05, -0.000187759826076, -0.00147834548261, 0.00648604007438, -0.00103906425647, -0.000596778525505, 0.000621510727797, 0.000401231372962, -0.00141523429193, 0.00271735480055, -0.0020859465003, -0.00141426862683], [3.08169837808e-05, -3.67048087355e-05, -0.000481127703097, 0.000135672278702, -0.00103906425647, 0.00413438305259, -0.000903530512005, -0.000572482007556, 0.000400339224143, -0.000184437463759, -0.00155055557843, 0.00208483194001, -0.00214025843889], [-0.000115444985568, -0.000250028795563, 0.000764321070164, 0.000964907056186, -0.000596778525505, -0.000903530512005, 0.00661028269678, -0.00146916508675, 4.40319236077e-05, -0.00193920650054, 0.000257440697169, -0.00081908685388, 0.000259898952208], [-4.50474835816e-05, 0.000235440034885, -0.000101270416053, -0.00138203054667, 0.000621510727797, -0.000572482007556, -0.00146916508675, 0.00881460402161, -0.00437602493912, 0.0016983357491, -0.00260309921578, 0.00234846677631, -0.00139485602267], [7.09711384843e-05, 0.000112637419079, 0.000450943247415, -0.000536898092832, 0.000401231372962, 0.000400339224143, 4.40319236077e-05, -0.00437602493912, 0.0142634892836, -0.00577884865925, 0.000235054394579, 0.000670758425258, -0.000314253586112], [-0.000104876773548, -3.86815881939e-05, 0.000371162692318, 0.000439590861788, -0.00141523429193, -0.000184437463759, -0.00193920650054, 0.0016983357491, -0.00577884865925, 0.0142283616588, -0.00398662639782, -0.00073528959183, 0.00142232782673], [0.000170586747117, -0.000493064522743, -0.000577029888518, 0.000161963573191, 0.00271735480055, -0.00155055557843, 0.000257440697169, -0.00260309921578, 0.000235054394579, -0.00398662639782, 0.0108362464234, -0.00293619884178, -0.00020610167121], [-4.35218134953e-05, -0.000184612741577, -0.0012448716443, -0.00174163060728, -0.0020859465003, 0.00208483194001, -0.00081908685388, 0.00234846677631, 0.000670758425258, -0.00073528959183, -0.00293619884178, 0.013306745328, -0.00343758775853], [8.25608076411e-05, -0.000348447705619, 0.000727573002223, 0.000814790488221, -0.00141426862683, -0.00214025843889, 0.000259898952208, -0.00139485602267, -0.000314253586112, 0.00142232782673, -0.00020610167121, -0.00343758775853, 0.0133961727843]], "mean": [-747.972045898, 149.497772217, -12.8398895264, 11.3287410736, -2.9450378418, -12.87961483, 2.51031112671, -4.97999048233, -1.63905346394, 2.53641724586, -2.94488716125, 3.5154800415, -0.61998552084]}, "pitch_salience": {"dmean": 0.0644728168845, "dmean2": 0.100496724248, "dvar": 0.00363452872261, "dvar2": 0.00853967666626, "max": 0.930763602257, "mean": 0.562544584274, "median": 0.572039008141, "min": 0.114217817783, "var": 0.0169601272792}, "silence_rate_20dB": {"dmean": 0, "dmean2": 0, "dvar": 0, "dvar2": 0, "max": 1, "mean": 1, "median": 1, "min": 1, "var": 0}, "silence_rate_30dB": {"dmean": 0.000309166789521, "dmean2": 0.000618429214228, "dvar": 0.000309083989123, "dvar2": 0.000927312299609, "max": 1, "mean": 0.999845445156, "median": 1, "min": 0, "var": 0.000154522698722}, "silence_rate_60dB": {"dmean": 0.0636883601546, "dmean2": 0.127396419644, "dvar": 0.0596341267228, "dvar2": 0.12910450995, "max": 1, "mean": 0.313601225615, "median": 0, "min": 0, "var": 0.215259507298}, "spectral_centroid": {"dmean": 167.776046753, "dmean2": 247.443206787, "dvar": 70768.0546875, "dvar2": 138554.515625, "max": 12068.3037109, "mean": 1232.09594727, "median": 903.38671875, "min": 226.40814209, "var": 2113231.75}, "spectral_complexity": {"dmean": 1.91436076164, "dmean2": 2.9236240387, "dvar": 5.22520303726, "dvar2": 9.75511646271, "max": 51, "mean": 10.1746520996, "median": 9, "min": 0, "var": 40.9499511719}, "spectral_contrast_coeffs": {"dmean": [0.0427084267139, 0.0422210991383, 0.0355870239437, 0.0287154894322, 0.0225764866918, 0.0166263971478], "dmean2": [0.0689288750291, 0.0679315701127, 0.0569521971047, 0.0457194596529, 0.0341796129942, 0.0257242228836], "dvar": [0.00135050923564, 0.00126482185442, 0.000979839009233, 0.000726678059436, 0.000551412173081, 0.000290748925181], "dvar2": [0.00333543028682, 0.00314985914156, 0.00218874355778, 0.00158233824186, 0.00103671674151, 0.00065670843469], "max": [-0.282399713993, -0.312407672405, -0.397571533918, -0.475422441959, -0.528536319733, -0.654145538807], "mean": [-0.657854259014, -0.716493427753, -0.7404935956, -0.773299396038, -0.789909183979, -0.804269015789], "median": [-0.669209003448, -0.723703145981, -0.754752457142, -0.788568496704, -0.812233686447, -0.809987783432], "min": [-0.980083763599, -0.97763133049, -0.977396070957, -0.97189450264, -0.968531727791, -0.965582609177], "var": [0.011686402373, 0.00812438130379, 0.00880016572773, 0.00645366543904, 0.00624943803996, 0.0021731692832]}, "spectral_contrast_valleys": {"dmean": [0.373997628689, 0.323830753565, 0.297874122858, 0.294220328331, 0.287804037333, 0.361017763615], "dmean2": [0.605310082436, 0.530257046223, 0.474272012711, 0.463099807501, 0.415586292744, 0.487959414721], "dvar": [0.136786952615, 0.0970712974668, 0.0965806469321, 0.131953135133, 0.134027406573, 0.244467794895], "dvar2": [0.285070896149, 0.202830001712, 0.192085161805, 0.263189643621, 0.245411112905, 0.495481580496], "max": [-5.57886648178, -5.22276973724, -5.35148859024, -5.78763103485, -5.72840738297, -7.61868095398], "mean": [-8.74731826782, -7.63121128082, -8.40275096893, -9.01597499847, -9.0360326767, -11.7686796188], "median": [-8.31455802917, -7.1228055954, -8.02814388275, -8.66039276123, -8.68671417236, -11.4716243744], "min": [-28.0241966248, -28.1576061249, -28.0419940948, -27.7059726715, -27.4907951355, -27.5025024414], "var": [7.86473941803, 8.31233406067, 7.71747350693, 7.31226873398, 7.3137254715, 5.61265516281]}, "spectral_decrease": {"dmean": 8.78283945571e-10, "dmean2": 1.1939020883e-09, "dvar": 2.56267812279e-18, "dvar2": 4.77232838144e-18, "max": 2.35237394541e-17, "mean": -3.24915472305e-09, "median": -1.58093971248e-09, "min": -2.99370306323e-08, "var": 1.63796700167e-17}, "spectral_energy": {"dmean": 0.00354362791404, "dmean2": 0.00478831864893, "dvar": 4.14848691435e-05, "dvar2": 7.70418919274e-05, "max": 0.121103405952, "mean": 0.0132347745821, "median": 0.00635302718729, "min": 9.98618318149e-21, "var": 0.00027358342777}, "spectral_energyband_high": {"dmean": 0.000108324813482, "dmean2": 0.000142076271004, "dvar": 1.09261698356e-07, "dvar2": 1.79671516776e-07, "max": 0.0120075093582, "mean": 0.000248136318987, "median": 2.52671634371e-05, "min": 6.99594707753e-21, "var": 4.42925710331e-07}, "spectral_energyband_low": {"dmean": 0.000965669343714, "dmean2": 0.00123188458383, "dvar": 1.01834793895e-05, "dvar2": 1.79354483407e-05, "max": 0.0518406257033, "mean": 0.00261866045184, "median": 0.000296250276733, "min": 1.64381163045e-23, "var": 3.64274746971e-05}, "spectral_energyband_middle_high": {"dmean": 0.00117393920664, "dmean2": 0.00163199391682, "dvar": 9.85580300039e-06, "dvar2": 1.97029021365e-05, "max": 0.0644735023379, "mean": 0.00393198011443, "median": 0.000665738712996, "min": 1.14536070408e-21, "var": 6.72823516652e-05}, "spectral_energyband_middle_low": {"dmean": 0.00222642044537, "dmean2": 0.00327816931531, "dvar": 2.22964645218e-05, "dvar2": 4.70182312711e-05, "max": 0.113278687, "mean": 0.00662685092539, "median": 0.00321431877092, "min": 1.6618389954e-22, "var": 0.000107247156848}, "spectral_entropy": {"dmean": 0.195983842015, "dmean2": 0.291783928871, "dvar": 0.050205886364, "dvar2": 0.106878817081, "max": 9.82346534729, "mean": 7.11567401886, "median": 7.04008340836, "min": 4.96271562576, "var": 0.393351107836}, "spectral_flux": {"dmean": 0.0161756817251, "dmean2": 0.0257764048874, "dvar": 0.000528949312866, "dvar2": 0.00126233254559, "max": 0.247591003776, "mean": 0.0457911975682, "median": 0.0325292348862, "min": 6.32234958831e-11, "var": 0.00156745547429}, "spectral_kurtosis": {"dmean": 2.90806365013, "dmean2": 4.75752258301, "dvar": 10.9215316772, "dvar2": 26.7559108734, "max": 53.3540725708, "mean": 9.170794487, "median": 7.8269701004, "min": -1.26194703579, "var": 38.8302574158}, "spectral_rms": {"dmean": 0.000434345245594, "dmean2": 0.000570735719521, "dvar": 3.33929108365e-07, "dvar2": 5.36147069852e-07, "max": 0.010869666934, "mean": 0.00300026824698, "median": 0.00248959334567, "min": 3.12131657326e-12, "var": 3.91036292058e-06}, "spectral_rolloff": {"dmean": 268.221710205, "dmean2": 444.645721436, "dvar": 405472.75, "dvar2": 809231.25, "max": 20607.2753906, "mean": 1538.8494873, "median": 839.794921875, "min": 64.599609375, "var": 8257850}, "spectral_skewness": {"dmean": 0.306984990835, "dmean2": 0.480191469193, "dvar": 0.100251786411, "dvar2": 0.225876241922, "max": 5.82578992844, "mean": 2.14603543282, "median": 2.07128334045, "min": -0.0782585069537, "var": 0.645997166634}, "spectral_spread": {"dmean": 591348.3125, "dmean2": 942794.5, "dvar": 1121551515650.0, "dvar2": 2604811943