{"lowlevel": {"average_loudness": 0.849645972252, "barkbands": {"dmean": [0.000481497234432, 0.00619197590277, 0.00362670235336, 0.00141864980105, 0.00151601515245, 0.000534045684617, 0.000647366861813, 0.000516400497872, 0.000587517162785, 0.000241206056671, 0.000461849354906, 0.000290162744932, 0.000230384175666, 0.000441153068095, 0.000320149149047, 0.000197975139599, 0.000197154804482, 9.05470151338e-05, 7.70664773881e-05, 2.67444211204e-05, 2.64542850346e-05, 1.9872422854e-05, 1.97252684302e-05, 1.88147678273e-05, 1.2919573237e-05, 6.3500451688e-06, 2.32925481214e-06], "dmean2": [0.000743023352697, 0.0106221996248, 0.0065769222565, 0.00238298857585, 0.00244974391535, 0.000835622427985, 0.00100657402072, 0.000800126756076, 0.000821386987809, 0.000351404218236, 0.000641960592475, 0.000408897845773, 0.000344689440681, 0.000659247045405, 0.000492043269332, 0.000298786500935, 0.000297950638924, 0.000134753383463, 0.00011182770686, 4.19884963776e-05, 4.07283223467e-05, 2.97373098874e-05, 2.74810317933e-05, 2.63916081167e-05, 1.7906213543e-05, 8.83080701897e-06, 3.28412420458e-06], "dvar": [1.56885562319e-06, 0.000326689420035, 0.000121599296108, 1.71234751178e-05, 1.21600951388e-05, 1.64401774327e-06, 3.66757171832e-06, 4.02630394092e-06, 2.0839759145e-06, 5.49953767859e-07, 1.34572769639e-06, 1.12298869226e-06, 1.16547596463e-06, 1.77308584171e-06, 1.17154411328e-06, 3.96804978209e-07, 4.32815596696e-07, 1.06720122517e-07, 7.67711867411e-08, 6.51425935416e-09, 7.02282765275e-09, 3.95344290638e-09, 6.01354122054e-09, 3.41122419201e-09, 1.13669940127e-09, 3.11807357711e-10, 4.90276499954e-11], "dvar2": [3.21639572576e-06, 0.000885824090801, 0.000344818778103, 4.28999774158e-05, 3.09453207592e-05, 3.75665831598e-06, 8.53094024933e-06, 8.34245474834e-06, 4.63456490252e-06, 1.10012354071e-06, 2.86025579044e-06, 1.8881013375e-06, 2.62012508756e-06, 3.72547447114e-06, 2.74269473266e-06, 8.08557501841e-07, 7.61777016578e-07, 1.90732265537e-07, 1.54863016633e-07, 1.59636179831e-08, 1.82087909195e-08, 9.64561319705e-09, 1.09748556909e-08, 6.65980826042e-09, 2.22833262953e-09, 6.28016527671e-10, 1.02321380535e-10], "max": [0.0159544870257, 0.143902346492, 0.134148538113, 0.0632209852338, 0.0584469288588, 0.0319155044854, 0.0745812356472, 0.0726697072387, 0.0433335825801, 0.0212625302374, 0.0306605678052, 0.0405426099896, 0.0506167635322, 0.0356128588319, 0.0316273979843, 0.020475326106, 0.0383707284927, 0.0183195788413, 0.0103571852669, 0.00179833604489, 0.0013175457716, 0.00122625695076, 0.00291969883256, 0.0019337090198, 0.000508849043399, 0.000249239295954, 0.000100935074443], "mean": [0.000482211820781, 0.00546330073848, 0.00310446927324, 0.0015492568491, 0.00251377583481, 0.000931541784666, 0.00100896577351, 0.000826840579975, 0.00128548953217, 0.000464688811917, 0.000947977416217, 0.000566424510907, 0.000383194448659, 0.000765891454648, 0.000646264234092, 0.000383218226489, 0.000363885512343, 0.000161121410201, 0.000127113904455, 3.41830018442e-05, 3.20931831084e-05, 2.53516118391e-05, 2.65936105279e-05, 2.44848979492e-05, 1.5585714209e-05, 7.18496949048e-06, 2.48831133831e-06], "median": [1.64690300153e-05, 0.000578364706598, 0.000454329216154, 0.00040047505172, 0.00130190141499, 0.000318466394674, 0.000307712354697, 0.000213867460843, 0.000533586309757, 0.000124166137539, 0.000273671990726, 9.30618771235e-05, 5.94825542066e-05, 0.000193749408936, 0.000119579373859, 6.5366999479e-05, 9.4967224868e-05, 2.57995397988e-05, 1.6089881683e-05, 3.91090952689e-06, 3.00094006889e-06, 1.48115236698e-06, 9.91422780316e-07, 9.94564288703e-07, 5.61727176773e-07, 1.60081498279e-07, 7.58175531246e-08], "min": [1.33711750872e-25, 1.09242592143e-24, 1.29904860985e-24, 1.98578969595e-24, 1.14046488815e-23, 1.03294906322e-23, 1.06556609507e-23, 7.04765492825e-24, 1.59410029833e-23, 9.88000321046e-24, 1.07907163043e-23, 2.01363372489e-23, 1.8859780444e-23, 4.62905346232e-23, 4.89643060863e-23, 6.52302014334e-23, 5.40196044459e-23, 8.2503327006e-23, 1.29547280592e-22, 1.68090065166e-22, 3.07305120141e-22, 2.89124463739e-22, 3.60009762878e-22, 6.1154163447e-22, 9.27690024198e-22, 1.31762561048e-21, 1.89449644213e-21], "var": [1.80220877155e-06, 0.000247000716627, 7.97759712441e-05, 1.65229157574e-05, 1.47111859405e-05, 3.70183147425e-06, 6.6505367613e-06, 1.01147443274e-05, 5.03870114699e-06, 1.42886108279e-06, 4.05713853979e-06, 3.62618197869e-06, 2.47853449764e-06, 3.67439952242e-06, 2.64832306129e-06, 1.25861959077e-06, 1.13130511181e-06, 3.52420357785e-07, 1.75432248284e-07, 8.32015789598e-09, 7.75257724683e-09, 5.52957901689e-09, 1.41998368619e-08, 6.64199717448e-09, 1.79955550461e-09, 4.44317804771e-10, 6.29744728586e-11]}, "barkbands_crest": {"dmean": 2.10490822792, "dmean2": 3.44507622719, "dvar": 4.37753725052, "dvar2": 11.8113288879, "max": 22.325630188, "mean": 8.59258651733, "median": 7.9564948082, "min": 1.89338636398, "var": 9.94456863403}, "barkbands_flatness_db": {"dmean": 0.0215075053275, "dmean2": 0.0306419692934, "dvar": 0.000494525418617, "dvar2": 0.00115912151523, "max": 0.343511074781, "mean": 0.163003012538, "median": 0.165440618992, "min": 0.0155192995444, "var": 0.00222822232172}, "barkbands_kurtosis": {"dmean": 2.2101495266, "dmean2": 3.55065178871, "dvar": 21.9757041931, "dvar2": 57.6553878784, "max": 77.7922668457, "mean": 2.46218085289, "median": 0.821849584579, "min": -1.92024695873, "var": 27.7407836914}, "barkbands_skewness": {"dmean": 0.474727511406, "dmean2": 0.708604335785, "dvar": 0.333665370941, "dvar2": 0.777328073978, "max": 7.93606758118, "mean": 1.08362388611, "median": 1.0030837059, "min": -2.17336273193, "var": 1.1855738163}, "barkbands_spread": {"dmean": 3.55844807625, "dmean2": 5.45890474319, "dvar": 24.4460105896, "dvar2": 52.1481208801, "max": 111.50164032, "mean": 16.1364593506, "median": 14.6823968887, "min": 1.42850875854, "var": 85.6181488037}, "dissonance": {"dmean": 0.0217902287841, "dmean2": 0.0360670238733, "dvar": 0.000541530840565, "dvar2": 0.00151312549133, "max": 0.499999910593, "mean": 0.448310613632, "median": 0.454909831285, "min": 0, "var": 0.00112625211477}, "dynamic_complexity": 5.29889726639, "erbbands": {"dmean": [0.164877593517, 1.52456724644, 4.36105537415, 4.07430791855, 5.33816146851, 5.46666574478, 3.63153910637, 5.09827518463, 6.51758050919, 13.8700628281, 9.58435916901, 10.1175413132, 12.9691133499, 9.78113937378, 15.5144119263, 10.7121667862, 9.17200565338, 20.8637943268, 18.4250793457, 12.1357631683, 11.3076038361, 11.5764503479, 5.07853412628, 4.58949899673, 2.72943878174, 1.22970497608, 1.12045168877, 0.936192274094, 0.723333895206, 0.697883248329, 0.539073288441, 0.404014825821, 0.30688148737, 0.187336951494, 0.0671588033438, 0.0324868112803, 0.00963820330799, 0.00276676984504, 0.000422516081017, 3.07698901452e-05], "dmean2": [0.253057956696, 2.80045294762, 7.95676851273, 6.92060947418, 8.77046298981, 8.82109832764, 5.84023952484, 7.85197257996, 10.291472435, 21.4573383331, 14.3401117325, 14.8128080368, 17.6787891388, 13.7075300217, 21.5933685303, 14.6743507385, 13.1311149597, 30.2552089691, 27.8532848358, 18.3541374207, 16.9560832977, 17.3702735901, 7.50337171555, 6.63649892807, 3.97359848022, 1.92899346352, 1.76209390163, 1.42743647099, 1.09433758259, 0.985527515411, 0.764574050903, 0.561490416527, 0.437320679426, 0.260531932116, 0.0919716060162, 0.0455920659006, 0.0134773114696, 0.00389381847344, 0.000593955395743, 4.23994133598e-05], "dvar": [0.188047349453, 22.7809104919, 183.289459229, 128.736633301, 211.20526123, 140.802856445, 72.0904312134, 165.519927979, 404.637268066, 2156.86303711, 1504.72460938, 840.395812988, 1200.60327148, 706.891113281, 1367.04382324, 1709.31433105, 1297.67333984, 4572.30029297, 3607.81005859, 1454.10803223, 1319.7265625, 1718.56872559, 275.800689697, 276.819519043, 99.1284866333, 13.2264785767, 13.6614818573, 8.64490699768, 5.50960111618, 5.20695590973, 5.0211558342, 2.14944148064, 0.796086907387, 0.238289624453, 0.0310236103833, 0.00812553521246, 0.000723907840438, 6.50575166219e-05, 1.62454182373e-06, 5.34846389399e-09], "dvar2": [0.433181583881, 64.9509811401, 519.760925293, 331.658874512, 553.146240234, 354.192321777, 184.497695923, 356.805664062, 951.270202637, 4839.85839844, 3184.39575195, 1955.50268555, 2558.81494141, 1466.58203125, 2772.40551758, 2677.78759766, 2756.01098633, 9559.69335938, 8348.02050781, 3371.27661133, 2581.66943359, 2828.1418457, 509.58895874, 528.221191406, 201.089828491, 33.1152648926, 35.7044219971, 22.4835319519, 13.8673915863, 10.3552646637, 9.82141208649, 4.10883378983, 1.61924099922, 0.47605624795, 0.0589396730065, 0.0169238224626, 0.0014402930392, 0.000133468405693, 3.39327471011e-06, 1.11359863553e-08], "max": [4.24251174927, 38.4898910522, 142.706756592, 192.870300293, 306.769165039, 182.530731201, 122.77519989, 380.044433594, 426.706237793, 2033.67407227, 1826.96154785, 1039.21032715, 1327.12915039, 961.109313965, 947.422485352, 1945.49035645, 1374.99523926, 2316.2043457, 2093.57910156, 871.828552246, 1386.33886719, 2694.77954102, 735.984863281, 559.514343262, 409.260681152, 60.7524185181, 72.5176315308, 54.9801445007, 52.9938621521, 111.015090942, 79.5235137939, 45.5266990662, 31.0501251221, 7.34719133377, 2.88208317757, 1.14340960979, 0.394911080599, 0.122885257006, 0.0188593231142, 0.000979015603662], "mean": [0.166245222092, 1.17442667484, 3.56741833687, 4.4622631073, 6.68767023087, 9.89224815369, 5.80659818649, 9.01393413544, 9.06397342682, 23.9358253479, 17.589214325, 21.430316925, 27.0171718597, 22.0579319, 34.2158851624, 21.8059329987, 17.9120826721, 38.1973838806, 36.96616745, 25.6460399628, 23.2410316467, 22.352897644, 10.0368776321, 8.25332736969, 4.4007897377, 1.64985215664, 1.33435094357, 1.13656103611, 0.897415280342, 0.912008464336, 0.723497450352, 0.532920897007, 0.391781270504, 0.226398810744, 0.0814829096198, 0.0365175157785, 0.0109479222447, 0.00304874405265, 0.00045537771075, 4.43463613919e-05], "median": [0.0138988038525, 0.131396263838, 0.483022600412, 1.1128333807, 2.16358709335, 5.33069801331, 2.71592736244, 3.05534267426, 2.49557304382, 8.02610683441, 6.03968524933, 8.71893405914, 9.3166103363, 8.13090324402, 9.81780338287, 4.09130525589, 3.76520013809, 8.62746524811, 8.87202453613, 4.57506322861, 4.45855045319, 5.88920974731, 2.0395989418, 1.13445091248, 0.582094490528, 0.204538971186, 0.128122389317, 0.105794042349, 0.0538939796388, 0.0406903810799, 0.0260762795806, 0.0212110672146, 0.0147896138951, 0.00811697356403, 0.00279623549432, 0.000894212920684, 0.000257104315097, 0.000101110366813, 1.65714518516e-05, 1.34682150019e-05], "min": [8.18493423829e-23, 5.58000218572e-22, 2.58806173831e-21, 8.92402672942e-21, 1.79709317851e-20, 3.24944849697e-20, 1.89077429094e-20, 1.19678481428e-19, 2.19619011723e-19, 2.18996971902e-19, 2.41551834912e-19, 3.81104752272e-19, 4.97773821385e-19, 7.10372628797e-19, 6.0774334792e-19, 1.31723901017e-18, 1.37546321951e-18, 1.76427636452e-18, 3.01385200058e-18, 3.1714969089e-18, 4.32169651374e-18, 3.35092003519e-18, 5.76990613223e-18, 6.50617504597e-18, 7.82315411463e-18, 8.04280365449e-18, 9.7096784679e-18, 1.15197390725e-17, 1.12945060635e-17, 1.22307396865e-17, 1.10199979055e-17, 1.08971268429e-17, 1.02733656594e-17, 9.12097650749e-18, 6.73789604609e-18, 3.98743034667e-18, 2.57308198694e-18, 9.56074583938e-19, 2.32074749085e-19, 2.51886868592e-20], "var": [0.195054247975, 14.3094940186, 116.601356506, 119.72379303, 209.750564575, 197.603942871, 90.5980758667, 389.046386719, 599.723388672, 5173.29931641, 4002.56298828, 1639.13745117, 2844.32055664, 1900.83081055, 4611.5625, 5892.28808594, 3222.51416016, 11129.3837891, 8407.70703125, 4054.44238281, 4243.61279297, 4803.47363281, 968.881774902, 763.235107422, 229.826889038, 17.2109413147, 14.2585754395, 9.57691574097, 7.0672492981, 10.2630405426, 11.3174695969, 4.56561994553, 1.39126181602, 0.371649682522, 0.0507673025131, 0.0112513126805, 0.00103944202419, 8.69753639563e-05, 2.08974233828e-06, 7.89523202371e-09]}, "erbbands_crest": {"dmean": 2.0197198391, "dmean2": 3.1737074852, "dvar": 3.82765126228, "dvar2": 9.19141292572, "max": 28.1399555206, "mean": 8.78621578217, "median": 8.07953453064, "min": 2.13426589966, "var": 11.8105697632}, "erbbands_flatness_db": {"dmean": 0.0227988399565, "dmean2": 0.0274621769786, "dvar": 0.000572728225961, "dvar2": 0.00089460099116, "max": 0.355293929577, "mean": 0.203056976199, "median": 0.210413232446, "min": 0.0299780610949, "var": 0.00326871895231}, "erbbands_kurtosis": {"dmean": 0.684157371521, "dmean2": 1.03283762932, "dvar": 0.632114768028, "dvar2": 1.38908410072, "max": 13.3264656067, "mean": 0.426584601402, "median": 0.0682880878448, "min": -1.66766250134, "var": 2.29597854614}, "erbbands_skewness": {"dmean": 0.289662957191, "dmean2": 0.429580628872, "dvar": 0.0781872943044, "dvar2": 0.166108995676, "max": 3.33356595039, "mean": 0.0532333254814, "median": 0.0534114427865, "min": -3.04372191429, "var": 0.505530118942}, "erbbands_spread": {"dmean": 5.49302864075, "dmean2": 7.98578691483, "dvar": 47.4349212646, "dvar2": 97.1511535645, "max": 100.565093994, "mean": 25.7751121521, "median": 22.7375125885, "min": 4.52878856659, "var": 172.848632812}, "gfcc": {"cov": [[27543.7890625, 474.927398682, -1248.79699707, 1224.11755371, -644.047729492, 750.686645508, -443.342102051, 519.661499023, -267.472900391, 90.6221923828, -99.9140319824, -18.4107456207, -157.561538696], [474.927398682, 1813.01135254, -621.995056152, -318.605834961, 294.358764648, -376.387756348, 92.7162704468, -162.552307129, 84.9042205811, -135.980926514, 13.265291214, -73.2654342651, 54.4684066772], [-1248.79699707, -621.995056152, 992.461425781, 261.233734131, -113.753974915, 180.677108765, 49.7956809998, 65.2797088623, 21.292722702, 125.374588013, 31.3031330109, 69.6067428589, -26.76811409], [1224.11755371, -318.605834961, 261.233734131, 482.949676514, -56.1230545044, 130.348510742, 40.1781845093, 61.3012390137, 13.6139602661, 58.6410636902, 37.7057304382, 16.3161449432, -1.11936151981], [-644.047729492, 294.358764648, -113.753974915, -56.1230545044, 339.093505859, -7.32983446121, 58.4050483704, 7.79389858246, 36.4156990051, -18.1942176819, 0.782496154308, -5.22365903854, 54.1083374023], [750.686645508, -376.387756348, 180.677108765, 130.348510742, -7.32983446121, 292.811218262, 42.8549919128, 70.3646240234, -28.3565387726, 40.5131492615, -9.60952281952, 38.0861473083, 3.18009138107], [-443.342102051, 92.7162704468, 49.7956809998, 40.1781845093, 58.4050483704, 42.8549919128, 238.209915161, -2.08693790436, 11.2576494217, -3.92994618416, -7.67088460922, 10.2392606735, 15.2808523178], [519.661499023, -162.552307129, 65.2797088623, 61.3012390137, 7.79389858246, 70.3646240234, -2.08693790436, 184.280731201, 25.7135009766, 1.12716186047, 28.9923648834, 1.58233118057, -13.6725883484], [-267.472900391, 84.9042205811, 21.292722702, 13.6139602661, 36.4156990051, -28.3565387726, 11.2576494217, 25.7135009766, 114.336326599, 38.1199836731, 12.5793523788, -12.7974319458, -2.6294131279], [90.6221923828, -135.980926514, 125.374588013, 58.6410636902, -18.1942176819, 40.5131492615, -3.92994618416, 1.12716186047, 38.1199836731, 121.006248474, 17.9953746796, -2.83415865898, -10.0528020859], [-99.9140319824, 13.265291214, 31.3031330109, 37.7057304382, 0.782496154308, -9.60952281952, -7.67088460922, 28.9923648834, 12.5793523788, 17.9953746796, 123.803779602, 12.6807088852, -23.7183971405], [-18.4107456207, -73.2654342651, 69.6067428589, 16.3161449432, -5.22365903854, 38.0861473083, 10.2392606735, 1.58233118057, -12.7974319458, -2.83415865898, 12.6807088852, 72.3083877563, 16.7144870758], [-157.561538696, 54.4684066772, -26.76811409, -1.11936151981, 54.1083374023, 3.18009138107, 15.2808523178, -13.6725883484, -2.6294131279, -10.0528020859, -23.7183971405, 16.7144870758, 86.0899658203]], "icov": [[0.000109078879177, -0.000270087097306, 0.00025324919261, -0.000396778894356, 0.000296500977129, -0.000385607563658, 0.000294401776046, -0.000457453948911, 0.000421074801125, -0.000439621915575, 0.000367067317711, -0.000275210273685, 0.000263172492851], [-0.000270087097306, 0.00188629585318, -0.000278333143797, 0.00118976261001, -0.00135803048033, 0.00182189873885, -0.00127270049416, 0.00188377161976, -0.00191536999773, 0.0019322053995, -0.00145567092113, 0.00112317723688, -0.000899504811969], [0.00025324919261, -0.000278333143797, 0.00218516821042, -0.00132835947443, 0.000831142126117, -0.000930137233809, 0.000281950546196, -0.00109715864528, 0.00064996839501, -0.00196387525648, 0.000877055921592, -0.00182878691703, 0.000976670766249], [-0.000396778894356, 0.00118976261001, -0.00132835947443, 0.00426545366645, -0.000683784426656, 0.000654136994854, -0.00150004506577, 0.00145956699271, -0.00193138746545, 0.00140396354254, -0.00232335156761, 0.00174558290746, -0.00180689769331], [0.000296500977129, -0.00135803048033, 0.000831142126117, -0.000683784426656, 0.00499836727977, -0.00195673503913, 0.000240431632847, -0.00177927664481, 0.000181792434887, -0.00112143612932, 0.000478478061268, -0.0002553932718, -0.00168707838748], [-0.000385607563658, 0.00182189873885, -0.000930137233809, 0.000654136994854, -0.00195673503913, 0.00753229297698, -0.00215828116052, -0.000110954213596, 0.00047847541282, -0.000126731247292, -1.92553143279e-05, -0.00107912928797, -0.000618057034444], [0.000294401776046, -0.00127270049416, 0.000281950546196, -0.00150004506577, 0.000240431632847, -0.00215828116052, 0.00575689878315, -0.000939051329624, 0.000753547530621, -0.000678667565808, 0.00144074764103, -0.00110134598799, 0.000724366458599], [-0.000457453948911, 0.00188377161976, -0.00109715864528, 0.00145956699271, -0.00177927664481, -0.000110954213596, -0.000939051329624, 0.00952870585024, -0.00482709379867, 0.00459769321606, -0.00357558322139, 0.00247063208371, -0.000624176347628], [0.000421074801125, -0.00191536999773, 0.00064996839501, -0.00193138746545, 0.000181792434887, 0.00047847541282, 0.000753547530621, -0.00482709379867, 0.0143978884444, -0.00700998306274, 0.00208841287531, -0.000693250214681, 0.0014583140146], [-0.000439621915575, 0.0019322053995, -0.00196387525648, 0.00140396354254, -0.00112143612932, -0.000126731247292, -0.000678667565808, 0.00459769321606, -0.00700998306274, 0.0146592641249, -0.00365441991016, 0.00367175252177, -0.00128131324891], [0.000367067317711, -0.00145567092113, 0.000877055921592, -0.00232335156761, 0.000478478061268, -1.92553143279e-05, 0.00144074764103, -0.00357558322139, 0.00208841287531, -0.00365441991016, 0.011578223668, -0.0046116001904, 0.00443396670744], [-0.000275210273685, 0.00112317723688, -0.00182878691703, 0.00174558290746, -0.0002553932718, -0.00107912928797, -0.00110134598799, 0.00247063208371, -0.000693250214681, 0.00367175252177, -0.0046116001904, 0.0190239306539, -0.0055284705013], [0.000263172492851, -0.000899504811969, 0.000976670766249, -0.00180689769331, -0.00168707838748, -0.000618057034444, 0.000724366458599, -0.000624176347628, 0.0014583140146, -0.00128131324891, 0.00443396670744, -0.0055284705013, 0.0159920472652]], "mean": [-94.7621002197, 137.788421631, -124.090126038, 3.83079600334, -34.4235153198, 5.81410312653, -35.9857673645, 4.34408426285, -15.7164468765, -8.8540430069, -17.1490707397, -4.91127490997, -7.63773822784]}, "hfc": {"dmean": 4.55715465546, "dmean2": 6.04421329498, "dvar": 84.8291702271, "dvar2": 153.970993042, "max": 182.071868896, "mean": 12.4033107758, "median": 5.45822620392, "min": 1.07352743977e-16, "var": 317.971740723}, "melbands": {"dmean": [0.00153914850671, 0.0022305236198, 0.000746489444282, 0.000368941604393, 0.000153543252964, 0.000110842884169, 0.000106538704131, 0.000144651567098, 7.38424059818e-05, 7.44400458643e-05, 6.57950877212e-05, 3.80423880415e-05, 6.65544430376e-05, 2.89313775284e-05, 2.81566426565e-05, 3.07373411488e-05, 3.82838406949e-05, 3.28729001922e-05, 1.90343271242e-05, 1.27979456011e-05, 1.41695009006e-05, 1.37860770337e-05, 6.2747121774e-06, 4.43536100647e-06, 3.96023597204e-06, 2.60828960563e-06, 1.30382454699e-06, 7.35284459097e-07, 7.00884243088e-07, 7.0292634291e-07, 4.88424007017e-07, 4.1981846266e-07, 3.88100545479e-07, 4.03195343779e-07, 3.27219339624e-07, 2.72716079053e-07, 2.47643953344e-07, 2.33776802361e-07, 1.94291885691e-07, 1.48417171886e-07], "dmean2": [0.00249685999006, 0.00408127065748, 0.00124470540322, 0.000602748652454, 0.000243687798502, 0.00017080672842, 0.000166341589647, 0.000224166127737, 0.000110801338451, 0.000106655883428, 8.96923957043e-05, 5.37437554158e-05, 9.19574449654e-05, 4.0267026634e-05, 3.98260526708e-05, 4.51096348115e-05, 5.55889891984e-05, 5.02051407238e-05, 2.90261814371e-05, 1.93897267309e-05, 2.16218959395e-05, 2.0879710064e-05, 9.49219611357e-06, 6.60255500406e-06, 5.76943239139e-06, 3.80022265745e-06, 2.01672696676e-06, 1.18249886327e-06, 1.1196551668e-06, 1.09266864001e-06, 7.6107141922e-07, 6.52483890917e-07, 5.80468849876e-07, 5.71995144583e-07, 4.75829608604e-07, 3.89021806768e-07, 3.51056428372e-07, 3.43820687476e-07, 2.79402541992e-07, 2.07197004443e-07], "dvar": [1.80424685823e-05, 4.84737865918e-05, 3.96127143176e-06, 7.85254314906e-07, 1.07474157574e-07, 7.48998587596e-08, 9.50733891614e-08, 2.41095136744e-07, 8.00327626393e-08, 4.0003882873e-08, 3.00164657574e-08, 1.10272031506e-08, 2.61705448423e-08, 1.43432936639e-08, 1.2387934234e-08, 1.44637155586e-08, 1.56729509371e-08, 1.1603093597e-08, 4.63305882548e-09, 1.59621105222e-09, 2.08753014874e-09, 2.54444421088e-09, 3.80978415482e-10, 3.00634933614e-10, 2.19463336393e-10, 1.06929194665e-10, 1.85046492018e-11, 5.37123687541e-12, 5.63271825016e-12, 4.85584098972e-12, 2.71814233448e-12, 2.11711832961e-12, 1.52985371767e-12, 2.09238008864e-12, 2.09128417708e-12, 1.3499912993e-12, 7.72432139952e-13, 5.31266057622e-13, 2.55938879031e-13, 1.58219235782e-13], "dvar2": [4.58956928924e-05, 0.000137670125696, 1.00528941402e-05, 2.02136038752e-06, 2.71548572073e-07, 1.64951657666e-07, 2.19837104964e-07, 5.32321507762e-07, 1.71501085333e-07, 9.24315202155e-08, 6.3843444309e-08, 2.26696315053e-08, 5.40698401608e-08, 2.45892959327e-08, 2.20203659751e-08, 3.30144231953e-08, 3.26248610349e-08, 2.63868020767e-08, 1.04991322303e-08, 3.68430375097e-09, 4.14282830263e-09, 4.21239887416e-09, 7.3336814399e-10, 5.69754188273e-10, 4.30734892198e-10, 2.1801879746e-10, 4.25248829206e-11, 1.37793517915e-11, 1.49103489971e-11, 1.25488699293e-11, 7.22123402741e-12, 5.55545973807e-12, 3.58956397592e-12, 3.95064623376e-12, 4.35999413656e-12, 2.67484363652e-12, 1.5112842618e-12, 1.11917376408e-12, 5.34870270904e-13, 3.20574079435e-13], "max": [0.0354704484344, 0.0578398481011, 0.0285883620381, 0.015033508651, 0.00475559802726, 0.00750637799501, 0.00589553359896, 0.018955219537, 0.0125459004194, 0.0056202490814, 0.00640619918704, 0.00379845895804, 0.00455515924841, 0.00488915899768, 0.00508652906865, 0.00534984236583, 0.00446442188695, 0.0037277021911, 0.00287597835995, 0.0010669764597, 0.00154255493544, 0.00336486939341, 0.000594137003645, 0.000917571655009, 0.000429020059528, 0.000448388396762, 0.000187506069778, 4.59365473944e-05, 5.32234771526e-05, 3.71604510292e-05, 3.81475038012e-05, 3.91845060221e-05, 2.67539453489e-05, 8.11082572909e-05, 4.80383750983e-05, 4.08222731494e-05, 2.66806182481e-05, 2.68903568212e-05, 1.06313336801e-05, 5.62057766729e-06], "mean": [0.00147967785597, 0.00180955568794, 0.000874802994076, 0.000579756859224, 0.000275635509752, 0.000194358362933, 0.000156522903126, 0.000249499047641, 0.00013561367814, 0.000156418129336, 0.000135776703246, 8.32200312288e-05, 0.000140071540955, 5.691565093e-05, 5.03134069731e-05, 5.33364363946e-05, 6.71397647238e-05, 6.1898601416e-05, 3.87286272598e-05, 2.53283196798e-05, 2.70472210104e-05, 2.47410116572e-05, 1.18919479064e-05, 7.81803464633e-06, 6.68935581416e-06, 4.18027184423e-06, 1.81856626114e-06, 8.82456049567e-07, 7.95158769051e-07, 8.34439276787e-07, 5.76209117753e-07, 4.9533383617e-07, 4.96867528454e-07, 5.12938413522e-07, 4.26927329045e-07, 3.57041329835e-07, 3.16918601584e-07, 2.8930239182e-07, 2.37224142552e-07, 1.74454285684e-07], "median": [0.000147818645928, 0.00024187368399, 0.000251869962085, 0.000289674411761, 0.000145879530464, 6.4400381234e-05, 4.66913406854e-05, 8.24387389002e-05, 4.75558299513e-05, 5.96317804593e-05, 4.56939778815e-05, 2.92583517876e-05, 3.98782576667e-05, 8.52491848491e-06, 9.10062226467e-06, 9.28957160795e-06, 1.56645673997e-05, 1.3854007193e-05, 6.45533827992e-06, 4.31165335613e-06, 4.61193667434e-06, 6.50377614875e-06, 2.38967572841e-06, 1.15254204047e-06, 7.94292020601e-07, 4.90974798595e-07, 2.149201066e-07, 8.87499709279e-08, 6.74389042388e-08, 7.70590204979e-08, 4.8929752694e-08, 2.94592013006e-08, 2.25179377367e-08, 2.02805150451e-08, 1.38554874241e-08, 1.22966534732e-08, 1.17721929982e-08, 1.00684660609e-08, 8.66718430359e-09, 5.66119995327e-09], "min": [1.10912186666e-24, 1.6747091033e-24, 1.95007855442e-24, 2.01442219137e-24, 4.33837407485e-25, 2.70935125924e-24, 3.16878404765e-24, 2.14363248005e-24, 1.25696899423e-24, 2.66575841118e-24, 2.58401605254e-24, 2.63273018559e-24, 1.7004387878e-24, 1.90220712203e-24, 4.08816198964e-24, 2.78391636415e-24, 3.08945363123e-24, 4.92833987447e-24, 3.26269202196e-24, 4.70912213423e-24, 4.23382357807e-24, 3.46432605263e-24, 2.82797049862e-24, 3.69813140873e-24, 4.23117892188e-24, 4.99933143948e-24, 3.9294352869e-24, 4.73646799751e-24, 4.78006518429e-24, 6.78913101011e-24, 5.50472622247e-24, 5.35229186874e-24, 5.17195787137e-24, 6.12753821802e-24, 5.40653315572e-24, 6.13655213716e-24, 4.97819982798e-24, 6.23666647464e-24, 6.31726242117e-24, 7.50161992452e-24], "var": [1.6101899746e-05, 3.0627103115e-05, 3.92676702177e-06, 8.76948092809e-07, 1.52212535909e-07, 1.7513323769e-07, 1.50515560904e-07, 5.72833982915e-07, 1.94664565356e-07, 8.67684377681e-08, 7.27769844389e-08, 3.00652267526e-08, 8.51006518587e-08, 4.39450644762e-08, 4.40992771189e-08, 3.43929436042e-08, 3.51976332524e-08, 2.63432653469e-08, 1.06675512868e-08, 4.56216797673e-09, 6.42147623964e-09, 6.8152918864e-09, 1.11935938296e-09, 8.83418505015e-10, 5.61204471783e-10, 2.2421300927e-10, 4.0048148825e-11, 5.80648897019e-12, 5.67022817588e-12, 5.23800664301e-12, 2.76262584857e-12, 2.33756221844e-12, 2.36469199257e-12, 4.13216466252e-12, 4.34812992903e-12, 2.75311327555e-12, 1.55633752413e-12, 8.80092981999e-13, 3.96998812947e-13, 2.38013628988e-13]}, "melbands_crest": {"dmean": 2.65261530876, "dmean2": 4.20741081238, "dvar": 7.05266189575, "dvar2": 16.1018199921, "max": 29.8362197876, "mean": 11.4759635925, "median": 10.6733570099, "min": 1.00026905537, "var": 19.7225532532}, "melbands_flatness_db": {"dmean": 0.0266737900674, "dmean2": 0.0395267233253, "dvar": 0.000840592023451, "dvar2": 0.00206827837974, "max": 0.473947495222, "mean": 0.245558992028, "median": 0.248078137636, "min": -1.72573102475e-08, "var": 0.00408591004089}, "melbands_kurtosis": {"dmean": 4.63291835785, "dmean2": 7.3903837204, "dvar": 103.768241882, "dvar2": 264.67791748, "max": 206.60395813, "mean": 6.48873949051, "median": 2.94773578644, "min": -1.76632869244, "var": 132.922393799}, "melbands_skewness": {"dmean": 0.600802123547, "dmean2": 0.89896517992, "dvar": 0.590570747852, "dvar2": 1.35107982159, "max": 10.5524559021, "mean": 1.78121137619, "median": 1.5705486536, "min": -0.829129576683, "var": 1.74445819855}, "melbands_spread": {"dmean": 4.89317655563, "dmean2": 7.4434633255, "dvar": 49.3243713379, "dvar2": 99.9132919312, "max": 195.221252441, "mean": 21.9358177185, "median": 17.9492263794, "min": 1.17614889145, "var": 325.635620117}, "mfcc": {"cov": [[12648.3144531, 258.460296631, -63.3786315918, 491.676727295, 285.736602783, 258.944671631, 224.538497925, 309.794006348, 96.8210220337, 158.439712524, 129.343933105, 40.6653709412, 125.58631134], [258.460296631, 2258.95336914, -685.644287109, 10.1747846603, 98.1940460205, -126.160926819, -60.3755912781, -32.3561668396, 46.3295173645, -92.8486328125, 8.42306041718, -28.2966766357, -101.650314331], [-63.3786315918, -685.644287109, 885.834655762, 99.2901229858, -55.9106407166, 97.8862533569, 23.4660797119, 19.9342861176, -28.7288131714, 53.6102256775, 23.8499908447, 74.2403259277, 46.918056488], [491.676727295, 10.1747846603, 99.2901229858, 327.829620361, 12.7144069672, 53.3812904358, 17.444234848, 13.596329689, 21.6355648041, 22.5697078705, 21.0384483337, 20.3958835602, 31.1763496399], [285.736602783, 98.1940460205, -55.9106407166, 12.7144069672, 253.31413269, -19.341796875, 1.95173037052, 12.2015562057, 25.0245475769, 1.11362302303, 27.4232673645, 7.01125478745, -3.79850101471], [258.944671631, -126.160926819, 97.8862533569, 53.3812904358, -19.341796875, 242.831253052, 71.391960144, 0.619765043259, 46.1262512207, 8.21958637238, -7.29169750214, 13.7710409164, -1.09295642376], [224.538497925, -60.3755912781, 23.4660797119, 17.444234848, 1.95173037052, 71.391960144, 168.228561401, 73.7053222656, 20.103263855, 7.09347820282, 9.53507709503, 1.73735582829, 4.36000871658], [309.794006348, -32.3561668396, 19.9342861176, 13.596329689, 12.2015562057, 0.619765043259, 73.7053222656, 165.368148804, 24.1025905609, -1.50464904308, 17.3372402191, -0.465695559978, 0.39848279953], [96.8210220337, 46.3295173645, -28.7288131714, 21.6355648041, 25.0245475769, 46.1262512207, 20.103263855, 24.1025905609, 166.87902832, 18.2710399628, -13.2461214066, 5.74424171448, -17.1624984741], [158.439712524, -92.8486328125, 53.6102256775, 22.5697078705, 1.11362302303, 8.21958637238, 7.09347820282, -1.50464904308, 18.2710399628, 102.046318054, 32.8328971863, 10.0291757584, 25.0872154236], [129.343933105, 8.42306041718, 23.8499908447, 21.0384483337, 27.4232673645, -7.29169750214, 9.53507709503, 17.3372402191, -13.2461214066, 32.8328971863, 112.650863647, 35.290813446, 10.3238077164], [40.6653709412, -28.2966766357, 74.2403259277, 20.3958835602, 7.01125478745, 13.7710409164, 1.73735582829, -0.465695559978, 5.74424171448, 10.0291757584, 35.290813446, 88.8296203613, 26.8176593781], [125.58631134, -101.650314331, 46.918056488, 31.1763496399, -3.79850101471, -1.09295642376, 4.36000871658, 0.39848279953, -17.1624984741, 25.0872154236, 10.3238077164, 26.8176593781, 92.0460510254]], "icov": [[9.45442370721e-05, -1.60657546076e-05, 2.93852372124e-05, -0.000107343061245, -9.3423484941e-05, -0.000110285713163, 2.79205573861e-06, -0.00017549781478, 4.22190678364e-05, -0.000131386084831, -4.76896912005e-06, 1.65012988873e-05, -9.04865373741e-05], [-1.60657546076e-05, 0.000643178471364, 0.000461944408016, -0.000217457738472, -6.41155129415e-05, 0.000214892395888, 5.96673235123e-05, 0.000132145520183, -0.000124826241517, 0.000366043910617, -0.00016473645519, -0.000285100250039, 0.000545406714082], [2.93852372124e-05, 0.000461944408016, 0.00173583708238, -0.000476759625599, 0.00014861888485, -0.000431870721513, 0.000224028510274, -0.000347635883372, 0.000490715377964, -0.000529966840986, 0.000218093540752, -0.00131796847563, 0.000334102078341], [-0.000107343061245, -0.000217457738472, -0.000476759625599, 0.00361380982213, -5.7359047787e-05, -0.000589291914366, 0.000121819248307, -1.53811215569e-05, -0.000427175196819, -4.98478802911e-05, -0.000461392104626, 0.00021037030092, -0.00116535916459], [-9.3423484941e-05, -6.41155129415e-05, 0.00014861888485, -5.7359047787e-05, 0.00435507576913, 0.000498782203067, -7.75156076998e-05, 0.000106535837403, -0.000825510884169, 0.000453500921139, -0.00116171489935, -6.21058352408e-05, 6.00575367571e-05], [-0.000110285713163, 0.000214892395888, -0.000431870721513, -0.000589291914366, 0.000498782203067, 0.00581019138917, -0.00274228258058, 0.00170342216734, -0.0015272499295, 0.000515095714945, 0.000318143429467, -0.000566684349906, 0.000723879144061], [2.79205573861e-06, 5.96673235123e-05, 0.000224028510274, 0.000121819248307, -7.75156076998e-05, -0.00274228258058, 0.00882881414145, -0.00395910581574, 0.000252346100751, -0.000426190090366, -0.000279168365523, 0.000311814976158, -0.000426517712185], [-0.00017549781478, 0.000132145520183, -0.000347635883372, -1.53811215569e-05, 0.000106535837403, 0.00170342216734, -0.00395910581574, 0.00859893113375, -0.00156497082207, 0.00154012872372, -0.00151859852485, 0.000807355216239, -3.37403944286e-05], [4.22190678364e-05, -0.000124826241517, 0.000490715377964, -0.000427175196819, -0.000825510884169, -0.0015272499295, 0.000252346100751, -0.00156497082207, 0.00763913663104, -0.00269635184668, 0.00232282094657, -0.00181987066753, 0.00207067001611], [-0.000131386084831, 0.000366043910617, -0.000529966840986, -4.98478802911e-05, 0.000453500921139, 0.000515095714945, -0.000426190090366, 0.00154012872372, -0.00269635184668, 0.0131727671251, -0.00451636407524, 0.00199732556939, -0.00325949629769], [-4.76896912005e-06, -0.00016473645519, 0.000218093540752, -0.000461392104626, -0.00116171489935, 0.000318143429467, -0.000279168365523, -0.00151859852485, 0.00232282094657, -0.00451636407524, 0.0125684859231, -0.00520857935771, 0.00161721603945], [1.65012988873e-05, -0.000285100250039, -0.00131796847563, 0.00021037030092, -6.21058352408e-05, -0.000566684349906, 0.000311814976158, 0.000807355216239, -0.00181987066753, 0.00199732556939, -0.00520857935771, 0.0156615581363, -0.00462688226253], [-9.04865373741e-05, 0.000545406714082, 0.000334102078341, -0.00116535916459, 6.00575367571e-05, 0.000723879144061, -0.000426517712185, -3.37403944286e-05, 0.00207067001611, -0.00325949629769, 0.00161721603945, -0.00462688226253, 0.0142868608236]], "mean": [-728.42010498, 173.650268555, -19.5553874969, 6.45226049423, 14.5749874115, -0.168822318316, -3.90738749504, 5.23062944412, 3.67810511589, -0.647109866142, -1.32588982582, -4.48345947266, -8.25998210907]}, "pitch_salience": {"dmean": 0.0626401081681, "dmean2": 0.101187154651, "dvar": 0.00377905135974, "dvar2": 0.00974387582392, "max": 0.996098101139, "mean": 0.580572605133, "median": 0.581332147121, "min": 0.203807711601, "var": 0.00922316871583}, "silence_rate_20dB": {"dmean": 0, "dmean2": 0, "dvar": 0, "dvar2": 0, "max": 1, "mean": 1, "median": 1, "min": 1, "var": 0}, "silence_rate_30dB": {"dmean": 0.0577988922596, "dmean2": 0.115613035858, "dvar": 0.0544531978667, "dvar2": 0.129699274898, "max": 1, "mean": 0.954347550869, "median": 1, "min": 0, "var": 0.0435669124126}, "silence_rate_60dB": {"dmean": 0.0501451566815, "dmean2": 0.100303553045, "dvar": 0.0476268827915, "dvar2": 0.0989597663283, "max": 1, "mean": 0.195144474506, "median": 0, "min": 0, "var": 0.157065778971}, "spectral_centroid": {"dmean": 160.159576416, "dmean2": 248.35824585, "dvar": 65818.75, "dvar2": 135675.265625, "max": 11874.6679688, "mean": 1071.22888184, "median": 894.096496582, "min": 209.445007324, "var": 1139365.875}, "spectral_complexity": {"dmean": 2.4803378582, "dmean2": 3.70252084732, "dvar": 11.4374828339, "dvar2": 21.6130313873, "max": 56, "mean": 13.9257154465, "median": 13, "min": 0, "var": 56.8266029358}, "spectral_contrast_coeffs": {"dmean": [0.0465305037796, 0.0386259667575, 0.035533413291, 0.0311530958861, 0.0261697862297, 0.0201753005385], "dmean2": [0.0765635594726, 0.0620263665915, 0.0534549281001, 0.0477913543582, 0.0394410341978, 0.0315201990306], "dvar": [0.00168573611882, 0.00117394770496, 0.00100640393794, 0.000780133646913, 0.000607540598139, 0.00053450721316], "dvar2": [0.00436941441149, 0.00289892940782, 0.00223877071403, 0.00170675385743, 0.00132116058376, 0.00128699082416], "max": [-0.30057656765, -0.388246566057, -0.454583734274, -0.502908349037, -0.492246091366, -0.610456705093], "mean": [-0.651017665863, -0.740513384342, -0.715693414211, -0.739459812641, -0.747811019421, -0.796389639378], "median": [-0.651738882065, -0.742777824402, -0.717576682568, -0.742551207542, -0.749267995358, -0.79909324646], "min": [-0.975208520889, -0.999211728573, -0.997772753239, -0.987113654613, -0.988182067871, -0.96358537674], "var": [0.00635647214949, 0.00563271949068, 0.00572284730151, 0.00506403343752, 0.00416657933965, 0.00190189946443]}, "spectral_contrast_valleys": {"dmean": [0.493240982294, 0.372063875198, 0.351582020521, 0.336966842413, 0.393862336874, 0.513230741024], "dmean2": [0.743193924427, 0.569338977337, 0.516004681587, 0.48163074255, 0.511889517307, 0.564795911312], "dvar": [0.286996930838, 0.162137806416, 0.13602656126, 0.134963721037, 0.236746355891, 0.329010814428], "dvar2": [0.523097217083, 0.302841216326, 0.238448902965, 0.224588319659, 0.402567654848, 0.493093311787], "max": [-4.72687721252, -4.35623979568, -5.12789392471, -5.79813480377, -5.76246500015, -8.18818950653], "mean": [-7.81247186661, -7.39094400406, -8.13341999054, -8.56430053711, -9.14908885956, -11.88463974], "median": [-7.45683574677, -7.08283853531, -7.82946300507, -8.28472137451, -8.90519332886, -11.8250989914], "min": [-28.1060638428, -27.8433876038, -27.7445163727, -27.6480407715, -27.5188465118, -27.3889293671], "var": [5.70537233353, 5.30114984512, 5.00139760971, 4.81904172897, 5.00165176392, 4.68334674835]}, "spectral_decrease": {"dmean": 3.46564088538e-09, "dmean2": 5.27915089421e-09, "dvar": 6.65638657843e-17, "dvar2": 1.6525182667e-16, "max": 2.96693914461e-25, "mean": -5.56898838155e-09, "median": -2.36377628582e-09, "min": -6.03445400316e-08, "var": 7.97029018958e-17}, "spectral_energy": {"dmean": 0.0134414052591, "dmean2": 0.0203355494887, "dvar": 0.000978685682639, "dvar2": 0.00241439323872, "max": 0.234944716096, "mean": 0.0221435651183, "median": 0.00946540944278, "min": 9.69182562907e-21, "var": 0.00121416023467}, "spectral_energyband_high": {"dmean": 0.00010713373922, "dmean2": 0.000147390863276, "dvar": 7.35560803378e-08, "dvar2": 1.48124044586e-07, "max": 0.00510601187125, "mean": 0.000147599494085, "median": 1.26680670292e-05, "min": 6.98999121556e-21, "var": 1.46400878975e-07}, "spectral_energyband_low": {"dmean": 0.0100074084476, "dmean2": 0.0167612824589, "dvar": 0.000791258644313, "dvar2": 0.00210751197301, "max": 0.217706128955, "mean": 0.00976744573563, "median": 0.00151514739264, "min": 1.96826270547e-23, "var": 0.000646156549919}, "spectral_energyband_middle_high": {"dmean": 0.00160840270109, "dmean2": 0.00220654578879, "dvar": 1.48487843035e-05, "dvar2": 2.71491426247e-05, "max": 0.0878444612026, "mean": 0.00475797848776, "median": 0.00165896618273, "min": 1.13432998e-21, "var": 6.74862094456e-05}, "spectral_energyband_middle_low": {"dmean": 0.00395099073648, "dmean2": 0.00594763318077, "dvar": 7.51817060518e-05, "dvar2": 0.000171431500348, "max": 0.127792224288, "mean": 0.00821374543011, "median": 0.00447648810223, "min": 1.48369236733e-22, "var": 0.000125529142679}, "spectral_entropy": {"dmean": 0.178973510861, "dmean2": 0.242597863078, "dvar": 0.0380614362657, "dvar2": 0.071864284575, "max": 9.82090473175, "mean": 7.08239603043, "median": 6.99527454376, "min": 5.84833145142, "var": 0.262181788683}, "spectral_flux": {"dmean": 0.0316191315651, "dmean2": 0.0471006259322, "dvar": 0.00297361193225, "dvar2": 0.00553447613493, "max": 0.430904537439, "mean": 0.070430546999, "median": 0.0420791357756, "min": 6.4038344072e-11, "var": 0.00625568535179}, "spectral_kurtosis": {"dmean": 5.58100891113, "dmean2": 9.25225639343, "dvar": 37.5073127747, "dvar2": 105.764465332, "max": 65.8273086548, "mean": 13.0919055939, "median": 10.8760156631, "min": -1.26991295815, "var": 84.2310256958}, "spectral_rms": {"dmean": 0.000993340043351, "dmean2": 0.00136460212525, "dvar": 3.14558360515e-06, "dvar2": 6.70460349284e-06, "max": 0.0151398265734, "mean": 0.00374740851112, "median": 0.00303883943707, "min": 3.07496996615e-12, "var": 7.56038343752e-06}, "spectral_rolloff": {"dmean": 276.71774292, "dmean2": 456.843383789, "dvar": 369906.28125, "dvar2": 732453, "max": 19595.2148438, "mean": 1373.07519531, "median": 990.52734375, "min": 86.1328125, "var": 4300567.5}, "spectral_skewness": {"dmean": 0.464775502682, "dmean2": 0.760917305946, "dvar": 0.214368104935, "dvar2": 0.602517366409, "max": 6.57087039948, "mean": 2.41527199745, "median": 2.35084223747, "min": -0.0785973221064, "var": 0.632809817791}, "spectral_spread": {"dmean": 609843.375, "dmean2": 769307.25, "dvar": 727186210816, "dvar2": 1232801759230.0, "