{"lowlevel": {"average_loudness": 0.85923320055, "barkbands": {"dmean": [0.000231233920204, 0.00197219010442, 0.00161184021272, 0.00117824890185, 0.00181774666999, 0.000990958069451, 0.000728967017494, 0.000381308462238, 0.00091669295216, 0.000570470816456, 0.000394386297558, 0.000446642254246, 0.000467514415504, 0.000545421615243, 0.00041756927385, 0.000294801488053, 0.000281532178633, 0.000176321380422, 0.000202831899514, 0.000164278026205, 0.000171776278876, 0.000118955758808, 9.34272175073e-05, 4.96864886372e-05, 3.21206134686e-05, 4.37613016402e-05, 6.38092342342e-06], "dmean2": [0.00032926176209, 0.00318543566391, 0.00271162670106, 0.00201945612207, 0.00303951557726, 0.00160170823801, 0.00119393109344, 0.000604573288001, 0.00135943340138, 0.00086913438281, 0.000607011490501, 0.000695656286553, 0.000751273473725, 0.000861772859935, 0.000667378888465, 0.000475683424156, 0.000452460168162, 0.000286071328446, 0.000325598055497, 0.000261265493464, 0.000270976539468, 0.000183265248779, 0.000137613242259, 7.23012490198e-05, 4.43346980319e-05, 6.9417488703e-05, 9.79186461336e-06], "dvar": [2.18289002873e-07, 1.72386480699e-05, 8.06034222478e-06, 4.65173388875e-06, 1.85072713066e-05, 4.56492625744e-06, 3.50614573108e-06, 1.43785803175e-06, 4.40852682004e-06, 2.86497584057e-06, 7.94274910731e-07, 1.49472521116e-06, 1.55992586315e-06, 1.89763170511e-06, 9.98859491119e-07, 3.15624532732e-07, 2.28550376846e-07, 8.64864588834e-08, 1.19176199576e-07, 9.46589793216e-08, 1.16606067024e-07, 7.63358656286e-08, 5.44162617189e-08, 1.48274379441e-08, 5.27949461926e-09, 1.79808754552e-08, 7.81129438909e-10], "dvar2": [4.02226135066e-07, 4.25061152782e-05, 2.20431065827e-05, 1.27290413729e-05, 4.65145640192e-05, 1.1464500858e-05, 8.66096979735e-06, 3.45794319401e-06, 9.48100932874e-06, 6.24127051196e-06, 1.81089103535e-06, 3.25407449964e-06, 3.74920432478e-06, 4.29264036939e-06, 2.40042732003e-06, 7.46050716316e-07, 5.58057877242e-07, 2.14762252426e-07, 2.88506782908e-07, 2.27527792163e-07, 2.74995414884e-07, 1.70909771668e-07, 1.12241529848e-07, 2.96819688828e-08, 1.05177013765e-08, 4.60667770597e-08, 1.80082326828e-09], "max": [0.00352659029886, 0.0393561795354, 0.0356856063008, 0.026824336499, 0.0792480185628, 0.0453939214349, 0.0390438176692, 0.0369047150016, 0.0447120368481, 0.0354114286602, 0.0233291499317, 0.0304224044085, 0.0288155581802, 0.0244316346943, 0.0275048557669, 0.0123014021665, 0.011358958669, 0.00884227547795, 0.00627564266324, 0.00516249379143, 0.00575475813821, 0.00836575962603, 0.00641497503966, 0.00328661361709, 0.0014815115137, 0.00269313855097, 0.000887490750756], "mean": [0.000247722200584, 0.00209345039912, 0.00206983787939, 0.00134089728817, 0.00236952374689, 0.00160130171571, 0.00109838927165, 0.000602959014941, 0.00198307912797, 0.000992036657408, 0.00076519290451, 0.000789124402218, 0.000723886943888, 0.000836170685943, 0.000710229680408, 0.000549884687643, 0.000547696079593, 0.000356127595296, 0.000399521348299, 0.000334207259584, 0.00032644244493, 0.000226931835641, 0.000176393252332, 9.68466192717e-05, 5.91526622884e-05, 4.59834227513e-05, 6.55112125969e-06], "median": [3.06357578665e-05, 0.000640512618702, 0.00107819179539, 0.000714689493179, 0.00118221668527, 0.00074501655763, 0.000499550602399, 0.000261877139565, 0.000705959508196, 0.000281687011011, 0.00032169741462, 0.000314381206408, 0.000354261952452, 0.000361818674719, 0.000364212959539, 0.000305948109599, 0.000346365442965, 0.00024432738428, 0.00025072824792, 0.000202576600714, 0.000168822458363, 9.57009251579e-05, 5.78768849664e-05, 2.98225731967e-05, 1.97366134671e-05, 7.40732320992e-06, 1.41170161783e-07], "min": [4.84420896333e-23, 5.62382220993e-23, 1.56488911427e-24, 7.62001138031e-24, 2.98754719898e-23, 8.6785964508e-23, 2.77827060498e-23, 2.80907783214e-23, 3.27450040197e-23, 6.30382094132e-23, 1.28743033743e-22, 1.85074619109e-22, 8.67132504652e-23, 7.73797385355e-23, 1.92474096534e-22, 1.08330658286e-22, 2.51124693147e-22, 2.32695236327e-22, 3.01809044173e-22, 3.59224234121e-22, 4.10090995032e-22, 6.92928855823e-22, 5.45229911046e-22, 8.77190203515e-22, 1.22217066416e-21, 1.65810221809e-21, 2.25289708023e-21], "var": [3.01013841408e-07, 1.64337816386e-05, 8.62524848344e-06, 4.28865268987e-06, 1.77587535291e-05, 7.17434704711e-06, 5.14427665621e-06, 2.07164339372e-06, 1.55085508595e-05, 7.7942304415e-06, 2.52696372627e-06, 3.40965971191e-06, 2.34309231928e-06, 3.05677212964e-06, 1.84229816114e-06, 6.72639203003e-07, 4.9224780696e-07, 1.6186501739e-07, 2.27812833486e-07, 1.74256484797e-07, 2.09095645687e-07, 1.63853201229e-07, 1.24920134681e-07, 3.87153740178e-08, 1.16566152286e-08, 1.71132672477e-08, 9.23354226412e-10]}, "barkbands_crest": {"dmean": 2.29482650757, "dmean2": 3.71369290352, "dvar": 4.47291135788, "dvar2": 11.287484169, "max": 24.7207069397, "mean": 7.67151880264, "median": 6.84582090378, "min": 1.73958361149, "var": 11.9162607193}, "barkbands_flatness_db": {"dmean": 0.0159073863178, "dmean2": 0.0239817220718, "dvar": 0.000221000227612, "dvar2": 0.000482951436425, "max": 0.282569378614, "mean": 0.0919924378395, "median": 0.0882393866777, "min": 0.0173437781632, "var": 0.00111389451195}, "barkbands_kurtosis": {"dmean": 1.1880620718, "dmean2": 1.90356326103, "dvar": 5.39667797089, "dvar2": 12.2868995667, "max": 72.6965026855, "mean": 0.985631525517, "median": -0.142298489809, "min": -1.9038387537, "var": 16.1891403198}, "barkbands_skewness": {"dmean": 0.391522914171, "dmean2": 0.603729307652, "dvar": 0.153593152761, "dvar2": 0.345057338476, "max": 7.17546081543, "mean": 0.896370589733, "median": 0.763656318188, "min": -2.13431382179, "var": 0.638699710369}, "barkbands_spread": {"dmean": 5.08652830124, "dmean2": 7.84745454788, "dvar": 29.2864284515, "dvar2": 59.6434631348, "max": 100.285987854, "mean": 28.6947956085, "median": 28.2583732605, "min": 1.41711640358, "var": 140.048233032}, "dissonance": {"dmean": 0.0131835546345, "dmean2": 0.0222538728267, "dvar": 0.000198271547561, "dvar2": 0.000528964446858, "max": 0.500000119209, "mean": 0.47528681159, "median": 0.480898201466, "min": 0.27200832963, "var": 0.000434252608102}, "dynamic_complexity": 4.3495016098, "erbbands": {"dmean": [0.0724631920457, 0.432944744825, 1.55001711845, 2.91862154007, 7.43981552124, 4.45419025421, 4.12650680542, 9.50217342377, 10.0345497131, 10.1477384567, 9.42586612701, 20.3893432617, 20.1801776886, 12.678771019, 15.1139974594, 17.7679290771, 20.9313335419, 20.3736057281, 23.4788036346, 21.367067337, 15.385389328, 16.2531261444, 9.69746685028, 8.8620300293, 10.1769094467, 7.87221336365, 6.88877105713, 6.45156145096, 4.4262638092, 3.37853741646, 2.51817035675, 1.31965816021, 0.713285326958, 0.373603403568, 0.240027397871, 0.200509220362, 0.0776092410088, 0.0129606220871, 0.00110861321446, 3.44268410117e-05], "dmean2": [0.113895095885, 0.741735994816, 2.63312554359, 4.91675281525, 12.6802597046, 7.32137584686, 6.77709293365, 15.4629392624, 16.3842048645, 16.3888168335, 14.4671096802, 30.5387058258, 30.2289981842, 19.2144088745, 23.2897815704, 27.6179084778, 33.1982002258, 31.6762046814, 36.8116188049, 34.2932357788, 24.9021911621, 26.1677322388, 15.6558160782, 14.2357330322, 16.2076797485, 12.4432086945, 11.0220479965, 10.1556062698, 6.84714984894, 5.0524392128, 3.75940465927, 1.9191519022, 1.04169690609, 0.53905236721, 0.335669070482, 0.312283724546, 0.125276550651, 0.0194811560214, 0.00174146320205, 5.28960408701e-05], "dvar": [0.0248643830419, 0.876021683216, 7.90783262253, 23.917339325, 355.242431641, 79.2624893188, 113.201416016, 466.220855713, 875.759155273, 841.246276855, 686.758056641, 2837.32080078, 3211.56079102, 839.71875, 1129.91772461, 2522.84155273, 2828.19921875, 3023.96142578, 4253.54394531, 1740.08312988, 820.247558594, 738.890930176, 242.667755127, 245.293518066, 323.552520752, 235.927459717, 196.102386475, 173.255050659, 105.850456238, 72.4344329834, 39.9552154541, 10.9440612793, 3.0454518795, 0.689814925194, 0.348092377186, 0.381318956614, 0.0586161240935, 0.00178374955431, 2.8274496799e-05, 1.47326844058e-08], "dvar2": [0.0569265000522, 2.37971186638, 21.9126358032, 64.5079421997, 897.776672363, 204.975982666, 290.474578857, 1175.90551758, 2189.68261719, 1989.49291992, 1596.21069336, 6199.37451172, 6925.42578125, 1645.64257813, 2554.50048828, 5522.88671875, 6872.00292969, 6739.49707031, 9844.9375, 4340.72265625, 1965.75878906, 1789.38146973, 586.075073242, 595.154968262, 791.454650879, 557.246643066, 471.886199951, 403.839874268, 242.991149902, 150.720504761, 83.7523956299, 21.2650203705, 6.47145700455, 1.44893455505, 0.722733676434, 0.967699050903, 0.151470825076, 0.00393101060763, 6.84005353833e-05, 3.52422446781e-08], "max": [1.21266162395, 9.03066253662, 35.4360694885, 69.6376190186, 288.182861328, 190.065689087, 266.653381348, 479.958374023, 675.439758301, 1040.86291504, 953.254882813, 1342.29772949, 1352.12011719, 935.388244629, 1044.92370605, 1285.07226563, 1176.66992188, 1380.12329102, 1593.8614502, 1576.76477051, 782.927856445, 600.61517334, 367.529846191, 302.648071289, 427.514587402, 273.499511719, 212.613967896, 303.121398926, 312.315887451, 248.222915649, 197.390075684, 87.6192321777, 51.8603515625, 17.2993869781, 13.7641048431, 17.1943626404, 4.60489940643, 1.04520916939, 0.179553464055, 0.00351459113881], "mean": [0.0707148015499, 0.445865631104, 1.98923075199, 3.74522614479, 7.79068422318, 7.23171329498, 7.32180070877, 14.8605327606, 14.7977266312, 16.4234218597, 19.3498840332, 42.8404006958, 38.6177711487, 25.7596073151, 31.1563129425, 32.4794158936, 35.46641922, 33.8955039978, 38.9171600342, 39.7267341614, 31.2302570343, 32.2718009949, 21.2884292603, 18.4077758789, 20.5599498749, 16.025138855, 13.0718450546, 12.3443460464, 8.54627799988, 6.42948818207, 4.69613981247, 2.49349951744, 1.37709665298, 0.722761273384, 0.391098350286, 0.225490927696, 0.0789789631963, 0.0147515013814, 0.00107817479875, 5.23009512108e-05], "median": [0.0131132435054, 0.174933955073, 1.09564805031, 2.28881192207, 3.15600061417, 3.99805378914, 4.2064614296, 6.514564991, 6.31768846512, 7.53294277191, 9.13878726959, 15.160320282, 11.7522134781, 12.2848157883, 14.9263706207, 14.18542099, 18.2875938416, 17.0059623718, 18.3061790466, 21.8325653076, 18.3885364532, 20.8002681732, 15.135263443, 12.4699010849, 12.7032794952, 9.47510814667, 7.08560609818, 6.20327329636, 3.7285823822, 2.34154486656, 1.53302001953, 0.791012167931, 0.404803067446, 0.239562273026, 0.114307485521, 0.0434936210513, 0.0115295648575, 0.00136527908035, 4.81397219119e-05, 2.56467392319e-05], "min": [1.84034721206e-21, 1.13796844378e-20, 8.98552566926e-21, 1.56709286269e-20, 4.12351732556e-20, 1.40645028414e-19, 5.11942598097e-19, 5.77870340483e-19, 4.35344794495e-19, 3.8411152795e-19, 7.75203633089e-19, 6.49190059693e-19, 1.92575380741e-18, 2.20637731176e-18, 5.31136889941e-18, 9.02025320584e-18, 4.64900195596e-18, 2.98105987276e-18, 1.03369394526e-17, 6.26260799229e-18, 7.19979328655e-18, 1.28072729929e-17, 1.01421930122e-17, 2.04757674941e-17, 1.25087344109e-17, 1.83840593355e-17, 1.40996442655e-17, 1.90368785467e-17, 2.55777711902e-17, 1.99654913547e-17, 1.65722508982e-17, 2.07728891157e-17, 1.17226117352e-17, 9.19739310684e-18, 1.12927780832e-17, 6.60536434117e-18, 3.23825431344e-18, 1.16344514459e-18, 2.98885920366e-19, 3.30600050901e-20], "var": [0.0255903787911, 0.685648918152, 7.6070189476, 24.0809307098, 305.67779541, 107.305595398, 159.742492676, 678.065856934, 1159.21325684, 1563.20397949, 1309.77612305, 9503.73535156, 9123.22363281, 2315.68579102, 3287.4987793, 5060.95410156, 4599.73925781, 4746.29638672, 6307.98779297, 3842.91357422, 1838.42663574, 1598.63928223, 509.304016113, 439.81350708, 636.758850098, 426.987976074, 324.110992432, 329.00958252, 224.859024048, 156.329544067, 90.0790786743, 28.0797462463, 7.40484762192, 1.58938002586, 0.649541556835, 0.372196853161, 0.0546990372241, 0.00253459205851, 2.92552667815e-05, 1.60173687647e-08]}, "erbbands_crest": {"dmean": 2.22563695908, "dmean2": 3.54229259491, "dvar": 5.8182516098, "dvar2": 13.6598529816, "max": 28.773267746, "mean": 7.57740926743, "median": 6.16186285019, "min": 2.31118249893, "var": 18.3560295105}, "erbbands_flatness_db": {"dmean": 0.0164664108306, "dmean2": 0.0230590421706, "dvar": 0.000269275304163, "dvar2": 0.000499082030728, "max": 0.280341923237, "mean": 0.14367851615, "median": 0.143659844995, "min": 0.0466834530234, "var": 0.00118089909665}, "erbbands_kurtosis": {"dmean": 0.638721942902, "dmean2": 1.00949001312, "dvar": 1.00910818577, "dvar2": 2.29752111435, "max": 23.0116729736, "mean": 0.1267760396, "median": -0.311487674713, "min": -1.66856062412, "var": 2.590259552}, "erbbands_skewness": {"dmean": 0.273535966873, "dmean2": 0.418041437864, "dvar": 0.0740224197507, "dvar2": 0.152904048562, "max": 4.07959508896, "mean": 0.0383121483028, "median": -0.076989762485, "min": -3.45623207092, "var": 0.405763179064}, "erbbands_spread": {"dmean": 6.60550785065, "dmean2": 10.1273603439, "dvar": 47.5856285095, "dvar2": 106.63658905, "max": 121.193649292, "mean": 36.4864349365, "median": 34.6611061096, "min": 3.77783489227, "var": 190.00769043}, "gfcc": {"cov": [[15277.8564453, -448.822967529, -135.273178101, 30.893497467, -321.329071045, 238.803283691, -207.281188965, 83.1491317749, -92.954460144, 194.611038208, -104.696525574, 140.166976929, -102.051139832], [-448.822967529, 678.959472656, -209.439468384, -22.8123016357, 70.5090789795, -68.7212905884, 67.2037353516, -23.2043647766, 24.0743675232, -48.6856002808, 32.504283905, -64.8657989502, 42.4372367859], [-135.273178101, -209.439468384, 629.136901855, -2.47741055489, 64.9604034424, -5.80232906342, -12.3282613754, -23.0963115692, -19.123216629, 40.1189956665, -22.0058040619, 64.2146148682, -55.9190254211], [30.893497467, -22.8123016357, -2.47741055489, 218.097946167, 2.28415513039, 29.9400596619, -35.9431190491, 12.1711072922, 15.6835155487, -8.31035137177, 13.0480651855, -19.1157779694, 19.1270694733], [-321.329071045, 70.5090789795, 64.9604034424, 2.28415513039, 213.622009277, -15.2313985825, 62.9079742432, 15.7713985443, 2.55788850784, 26.8792800903, -4.85819673538, 6.7664847374, -16.1862010956], [238.803283691, -68.7212905884, -5.80232906342, 29.9400596619, -15.2313985825, 129.44090271, 16.9007339478, 26.8935699463, -4.81339216232, 4.1041970253, 4.29051685333, -2.84900355339, -0.959454119205], [-207.281188965, 67.2037353516, -12.3282613754, -35.9431190491, 62.9079742432, 16.9007339478, 142.892868042, 40.1777610779, -5.56183004379, -5.25188398361, -5.44126462936, 1.16861021519, -11.281288147], [83.1491317749, -23.2043647766, -23.0963115692, 12.1711072922, 15.7713985443, 26.8935699463, 40.1777610779, 105.390869141, 7.79026412964, 10.5512809753, -13.3046035767, -3.53384065628, -0.00234535615891], [-92.954460144, 24.0743675232, -19.123216629, 15.6835155487, 2.55788850784, -4.81339216232, -5.56183004379, 7.79026412964, 78.39087677, 15.2271203995, 8.19089412689, -14.3695631027, 8.58478069305], [194.611038208, -48.6856002808, 40.1189956665, -8.31035137177, 26.8792800903, 4.1041970253, -5.25188398361, 10.5512809753, 15.2271203995, 72.0599212646, 14.1777124405, 16.3578147888, -14.0652332306], [-104.696525574, 32.504283905, -22.0058040619, 13.0480651855, -4.85819673538, 4.29051685333, -5.44126462936, -13.3046035767, 8.19089412689, 14.1777124405, 62.208316803, 13.0384979248, 13.025308609], [140.166976929, -64.8657989502, 64.2146148682, -19.1157779694, 6.7664847374, -2.84900355339, 1.16861021519, -3.53384065628, -14.3695631027, 16.3578147888, 13.0384979248, 69.3589324951, 6.09115839005], [-102.051139832, 42.4372367859, -55.9190254211, 19.1270694733, -16.1862010956, -0.959454119205, -11.281288147, -0.00234535615891, 8.58478069305, -14.0652332306, 13.025308609, 6.09115839005, 63.8052139282]], "icov": [[8.24547532829e-05, -5.07245167682e-05, 6.46556800348e-05, -5.2987721574e-05, 0.0001451462158, -0.000158487193403, 0.000119208532851, -2.93082557619e-05, 9.09691152629e-05, -0.00030947101186, 0.000308635411784, -0.000294553930871, 0.000178333779331], [-5.07245167682e-05, 0.0024748488795, 0.000383831124054, 0.00042275650776, -0.00103906774893, 0.0012831047643, -0.0011303453939, 0.000596430327278, -0.00028535616002, 0.00138693023473, -0.00196909112856, 0.00249329069629, -0.00145355670247], [6.46556800348e-05, 0.000383831124054, 0.00225331168622, -0.0003463436733, -0.000555789563805, -3.26915906044e-05, 0.000252360943705, 0.000682484474964, -5.8175122831e-05, -0.000470343598863, 0.00110779562965, -0.00212959153578, 0.00171121268068], [-5.2987721574e-05, 0.00042275650776, -0.0003463436733, 0.00581076834351, -0.00123114255257, -0.00115852593444, 0.00198580487631, -0.00122672319412, -0.000721434364095, 0.00187328795437, -0.00224087783135, 0.0023759927135, -0.00164940441027], [0.0001451462158, -0.00103906774893, -0.000555789563805, -0.00123114255257, 0.00690040644258, 0.00064599676989, -0.00276757869869, 9.55628129304e-05, 0.000434099987615, -0.00380223058164, 0.00198680581525, -0.00114940828644, 0.000883666565642], [-0.000158487193403, 0.0012831047643, -3.26915906044e-05, -0.00115852593444, 0.00064599676989, 0.00979917403311, -0.00228096265346, -0.00148025422823, 0.000925543368794, 3.86426545447e-05, -0.00228626071475, 0.00221121800132, -0.000740744639188], [0.000119208532851, -0.0011303453939, 0.000252360943705, 0.00198580487631, -0.00276757869869, -0.00228096265346, 0.0111910421401, -0.00415174476802, 0.000202813054784, 0.00253803748637, -0.000240921566729, -0.00194579071831, 0.00257761077955], [-2.93082557619e-05, 0.000596430327278, 0.000682484474964, -0.00122672319412, 9.55628129304e-05, -0.00148025422823, -0.00415174476802, 0.0127342008054, -0.00105679023545, -0.0030073588714, 0.00370105402544, 0.000222606831812, -0.00150685349945], [9.09691152629e-05, -0.00028535616002, -5.8175122831e-05, -0.000721434364095, 0.000434099987615, 0.000925543368794, 0.000202813054784, -0.00105679023545, 0.0153895942494, -0.00506801484153, -0.000975760107394, 0.00414902623743, -0.00272427406162], [-0.00030947101186, 0.00138693023473, -0.000470343598863, 0.00187328795437, -0.00380223058164, 3.86426545447e-05, 0.00253803748637, -0.0030073588714, -0.00506801484153, 0.0220270361751, -0.0073257246986, -0.00219780416228, 0.00433628913015], [0.000308635411784, -0.00196909112856, 0.00110779562965, -0.00224087783135, 0.00198680581525, -0.00228626071475, -0.000240921566729, 0.00370105402544, -0.000975760107394, -0.0073257246986, 0.0231616124511, -0.00688440911472, -0.00168153573759], [-0.000294553930871, 0.00249329069629, -0.00212959153578, 0.0023759927135, -0.00114940828644, 0.00221121800132, -0.00194579071831, 0.000222606831812, 0.00414902623743, -0.00219780416228, -0.00688440911472, 0.0235221665353, -0.0071932785213], [0.000178333779331, -0.00145355670247, 0.00171121268068, -0.00164940441027, 0.000883666565642, -0.000740744639188, 0.00257761077955, -0.00150685349945, -0.00272427406162, 0.00433628913015, -0.00168153573759, -0.0071932785213, 0.0219399873167]], "mean": [-1.80427992344, 83.3088684082, -131.549819946, 35.3699417114, -58.0849494934, 13.0315027237, -36.9074249268, 6.86898851395, -26.0924339294, 3.27732753754, -22.3072776794, -0.367392390966, -13.4748764038]}, "hfc": {"dmean": 7.12340211868, "dmean2": 10.0863904953, "dvar": 136.627105713, "dvar2": 285.586578369, "max": 161.09753418, "mean": 22.5611076355, "median": 16.9507217407, "min": 1.15948685788e-16, "var": 403.07635498}, "melbands": {"dmean": [0.000573519791942, 0.000716902315617, 0.000629026500974, 0.000455404777313, 0.000138700794196, 0.000208045210456, 0.00014879842638, 0.000102294899989, 9.33371193241e-05, 0.000127549821627, 0.000103516089439, 5.65027585253e-05, 5.83335095143e-05, 4.44249053544e-05, 6.49669600534e-05, 3.69370318367e-05, 4.0967908717e-05, 4.4708383939e-05, 3.21180959872e-05, 2.28141943808e-05, 1.95121538127e-05, 1.93589312403e-05, 1.10536566353e-05, 8.96526125871e-06, 7.63404386817e-06, 8.45279646455e-06, 6.67667609378e-06, 5.54740790903e-06, 4.35599531556e-06, 4.77530511489e-06, 3.81251516046e-06, 2.76805621979e-06, 2.13297880691e-06, 2.02215551326e-06, 1.60329022947e-06, 1.1237804074e-06, 7.5415749734e-07, 5.45110879102e-07, 4.15886489691e-07, 3.05294804548e-07], "dmean2": [0.000896593322977, 0.00121962628327, 0.00105515413452, 0.000764111755416, 0.000226199204917, 0.000336417375365, 0.000243163798586, 0.000164603115991, 0.000141554322909, 0.000190419581486, 0.000155369474669, 8.59436549945e-05, 8.94561744644e-05, 6.85992927174e-05, 0.000102861624327, 5.89513874729e-05, 6.39591453364e-05, 7.0124740887e-05, 5.11260986968e-05, 3.66648018826e-05, 3.19338105328e-05, 3.14744647767e-05, 1.78770187631e-05, 1.47563041537e-05, 1.24062135001e-05, 1.35890331876e-05, 1.07923324322e-05, 8.93068681762e-06, 7.08775678504e-06, 7.70980750531e-06, 6.0515462792e-06, 4.36943855675e-06, 3.34443916472e-06, 3.05093112729e-06, 2.43316571868e-06, 1.69426800767e-06, 1.12253280804e-06, 8.15191867787e-07, 6.19136187652e-07, 4.48651775287e-07], "dvar": [1.46792729083e-06, 1.77823176273e-06, 1.39842723001e-06, 1.1971009144e-06, 9.88147803582e-08, 2.10377621102e-07, 1.6630743005e-07, 8.76547616713e-08, 5.5083408057e-08, 1.02550870906e-07, 8.42607619234e-08, 1.95854159557e-08, 1.73141447846e-08, 1.74757097682e-08, 3.99271797846e-08, 7.86016940424e-09, 1.23343619762e-08, 1.71151040007e-08, 6.12000583544e-09, 2.0275023882e-09, 1.40968736684e-09, 1.11345299647e-09, 3.26347254775e-10, 2.63288085778e-10, 1.84846346563e-10, 2.20714072019e-10, 1.38249911519e-10, 1.24190213668e-10, 7.45753112041e-11, 1.0145312368e-10, 6.29160890053e-11, 4.15257307707e-11, 2.71978047722e-11, 2.69612700221e-11, 1.64222298954e-11, 8.61567588106e-12, 3.57980810793e-12, 1.93843812529e-12, 9.49792761801e-13, 4.78950158613e-13], "dvar2": [3.428118589e-06, 4.92235312777e-06, 3.64635207006e-06, 3.03031038129e-06, 2.50058178608e-07, 5.27566555775e-07, 4.14797796111e-07, 2.09961399378e-07, 1.23468396396e-07, 2.2480766404e-07, 1.82759762879e-07, 3.83837246432e-08, 3.95496293493e-08, 3.67425698755e-08, 9.37432957926e-08, 1.89661477634e-08, 2.77208211941e-08, 3.93690626765e-08, 1.5061733194e-08, 4.78893058542e-09, 3.4677616334e-09, 2.72956368619e-09, 7.70616070955e-10, 6.68211097565e-10, 4.58026921946e-10, 5.38742883638e-10, 3.4142941252e-10, 3.01241059875e-10, 1.85727141999e-10, 2.45778480901e-10, 1.48375492448e-10, 9.91962553765e-11, 6.09211500691e-11, 5.83872117321e-11, 3.57699668496e-11, 1.74097871536e-11, 7.28418627499e-12, 4.28061839447e-12, 2.0885068848e-12, 1.05235666101e-12], "max": [0.010314386338, 0.0153884058818, 0.0124626103789, 0.0206075999886, 0.00715689640492, 0.0105631081387, 0.00930248200893, 0.0106121050194, 0.00697204004973, 0.00767807010561, 0.00669306423515, 0.00424156244844, 0.00352728553116, 0.00457053352147, 0.00484870141372, 0.00301173399203, 0.00270894705318, 0.00329049071297, 0.00261396961287, 0.00105915288441, 0.00104281608947, 0.000833502854221, 0.000596858852077, 0.000580398773309, 0.000209705263842, 0.000342287385138, 0.000264406495262, 0.000201979331905, 0.000134235830046, 0.000151302505401, 0.000182515956112, 0.000212080252822, 0.00017660598678, 0.000165546778589, 0.000117905263323, 8.2436206867e-05, 6.03164298809e-05, 4.65806078864e-05, 3.10221475956e-05, 1.56944188348e-05], "mean": [0.000602717045695, 0.000903094769455, 0.000790774065536, 0.000571201380808, 0.000268696778221, 0.000332316732965, 0.000222303773626, 0.000164721772308, 0.000197043758817, 0.000264981965302, 0.000192591818632, 0.00010700681014, 0.000114796974231, 8.0214063928e-05, 0.000102662772406, 6.05237619311e-05, 6.40891230432e-05, 6.69861838105e-05, 5.62161039852e-05, 4.0833663661e-05, 3.58582328772e-05, 3.52208626282e-05, 2.16623957385e-05, 1.73160970007e-05, 1.43463621498e-05, 1.58600887517e-05, 1.29010022647e-05, 1.01744562926e-05, 7.74653744884e-06, 8.16297233541e-06, 6.91182913215e-06, 4.99768884765e-06, 3.82808593713e-06, 3.55749966729e-06, 2.86379372483e-06, 1.96932137442e-06, 1.34533217988e-06, 9.87723069557e-07, 7.75553417043e-07, 5.5220766626e-07], "median": [0.000152005275595, 0.00050690129865, 0.000459267699625, 0.000282786524622, 0.000165654884768, 0.000149826199049, 9.79104297585e-05, 7.46992518543e-05, 8.43842572067e-05, 9.09729278646e-05, 5.23860762769e-05, 4.63610231236e-05, 5.00687383465e-05, 3.0717048503e-05, 4.16161274188e-05, 3.41453342116e-05, 2.96810303553e-05, 2.77321196336e-05, 2.65291855612e-05, 2.25201474677e-05, 1.94946569536e-05, 2.13439161598e-05, 1.48870631165e-05, 1.14499716801e-05, 9.23190509639e-06, 9.54051756707e-06, 7.58644682719e-06, 5.57540943191e-06, 4.20102378484e-06, 3.86089232052e-06, 3.34669357471e-06, 2.10447478821e-06, 1.43885813486e-06, 1.18086882139e-06, 9.1664867341e-07, 5.73979491492e-07, 4.20227934228e-07, 2.74119344112e-07, 2.26058318731e-07, 1.86339789821e-07], "min": [1.94556812386e-23, 9.43105694728e-24, 2.66179458235e-24, 7.07169073117e-24, 1.47297228405e-23, 1.38237760443e-23, 6.35482876634e-24, 4.33550498774e-24, 6.17847181123e-24, 4.16536701758e-24, 1.00929601561e-23, 8.299372081e-24, 1.97382023055e-23, 2.07208311149e-23, 1.5946897352e-23, 7.40038856e-24, 5.14831965435e-24, 1.6019848053e-23, 1.30495177433e-23, 7.21337961608e-24, 8.5082727039e-24, 1.40467460015e-23, 9.43820402708e-24, 1.18185910197e-23, 1.76350880881e-23, 9.78546059755e-24, 7.72984527301e-24, 1.36497138856e-23, 7.53056559771e-24, 1.19496058277e-23, 9.86100507328e-24, 1.30528080821e-23, 1.68141962747e-23, 8.56332493989e-24, 8.41261464167e-24, 1.18794074623e-23, 1.27748663528e-23, 7.65761085764e-24, 9.57393858987e-24, 6.41605896651e-24], "var": [1.52115342189e-06, 1.5838205627e-06, 1.35014101943e-06, 1.10104156192e-06, 1.6035866679e-07, 3.17061306987e-07, 2.2268081068e-07, 1.58653037374e-07, 1.38180141107e-07, 3.37061095479e-07, 2.41669368961e-07, 5.30055466186e-08, 5.44079519216e-08, 4.77038142321e-08, 6.57669687598e-08, 1.18702931928e-08, 1.94226483785e-08, 2.46300864148e-08, 1.38089788493e-08, 4.2592831484e-09, 2.97835645036e-09, 2.28212515552e-09, 6.26609264476e-10, 4.40830844051e-10, 3.0406094309e-10, 3.97543331587e-10, 2.7357499599e-10, 1.99892324915e-10, 1.15666656808e-10, 1.58533006167e-10, 1.14381663863e-10, 7.97021476595e-11, 5.58183013699e-11, 5.30982757763e-11, 3.44836867394e-11, 1.96194744478e-11, 8.45695822399e-12, 4.26955606286e-12, 2.20947218854e-12, 9.67046538333e-13]}, "melbands_crest": {"dmean": 3.09922671318, "dmean2": 4.98629331589, "dvar": 7.46294689178, "dvar2": 18.5833301544, "max": 28.1993217468, "mean": 11.2074489594, "median": 10.5241584778, "min": 1.21242177486, "var": 17.0612335205}, "melbands_flatness_db": {"dmean": 0.0206840801984, "dmean2": 0.032203309238, "dvar": 0.0003753323399, "dvar2": 0.000873502809554, "max": 0.397886782885, "mean": 0.144947573543, "median": 0.138782799244, "min": 0.000275003636489, "var": 0.00207811873406}, "melbands_kurtosis": {"dmean": 3.28085446358, "dmean2": 5.24615430832, "dvar": 29.0251407623, "dvar2": 70.201461792, "max": 125.967063904, "mean": 5.57873773575, "median": 3.01015639305, "min": -1.85322892666, "var": 68.0467224121}, "melbands_skewness": {"dmean": 0.551064252853, "dmean2": 0.849814891815, "dvar": 0.324467658997, "dvar2": 0.760095179081, "max": 9.23071289063, "mean": 1.85558080673, "median": 1.67013311386, "min": -1.08097243309, "var": 1.14022088051}, "melbands_spread": {"dmean": 7.71279859543, "dmean2": 12.1586837769, "dvar": 78.4528121948, "dvar2": 170.151550293, "max": 222.081237793, "mean": 33.6846694946, "median": 32.4296188354, "min": 1.54093968868, "var": 264.715301514}, "mfcc": {"cov": [[11401.2695313, 316.448638916, -394.264587402, 89.7809524536, -185.665008545, 112.94367218, -106.316856384, 5.49422025681, -31.9892902374, 38.0161056519, -23.6037120819, 23.3815956116, 14.2607336044], [316.448638916, 774.680541992, -194.748474121, 71.1426544189, -32.404384613, -3.45189237595, 36.2879066467, -4.22358703613, 13.3547763824, -11.5728731155, 15.9742994308, 2.84488129616, -30.6692733765], [-394.264587402, -194.748474121, 458.90057373, 0.694270670414, 55.6425018311, 29.40974617, -29.7230968475, -10.0637979507, -35.1770896912, -7.21064043045, -11.2616758347, -14.3821258545, 18.0242214203], [89.7809524536, 71.1426544189, 0.694270670414, 171.666381836, 49.5522155762, 7.00029993057, 9.65855312347, 2.0142660141, 9.07232475281, 7.93665552139, -5.66593933105, 6.05897331238, 4.98347377777], [-185.665008545, -32.404384613, 55.6425018311, 49.5522155762, 130.296203613, 24.9704151154, -1.76425516605, -11.9775457382, 3.89346218109, 14.3407859802, -0.17971137166, 1.19473159313, 16.4657859802], [112.94367218, -3.45189237595, 29.40974617, 7.00029993057, 24.9704151154, 87.7107620239, 19.1579704285, 2.81313419342, -7.13396453857, 4.26067113876, 7.94924020767, 1.65838634968, 0.54582375288], [-106.316856384, 36.2879066467, -29.7230968475, 9.65855312347, -1.76425516605, 19.1579704285, 117.206741333, 43.6915588379, 20.4788703918, 2.01734900475, 15.903096199, 14.6230716705, -3.32456040382], [5.49422025681, -4.22358703613, -10.0637979507, 2.0142660141, -11.9775457382, 2.81313419342, 43.6915588379, 79.9603042603, 31.1293506622, 8.03612518311, 2.89458084106, 5.37234115601, -4.92910480499], [-31.9892902374, 13.3547763824, -35.1770896912, 9.07232475281, 3.89346218109, -7.13396453857, 20.4788703918, 31.1293506622, 74.3031158447, 26.9003810883, 8.75326633453, 1.50471699238, -6.41252088547], [38.0161056519, -11.5728731155, -7.21064043045, 7.93665552139, 14.3407859802, 4.26067113876, 2.01734900475, 8.03612518311, 26.9003810883, 65.1472625732, 21.6130619049, 1.5624268055, -2.70298147202], [-23.6037120819, 15.9742994308, -11.2616758347, -5.66593933105, -0.17971137166, 7.94924020767, 15.903096199, 2.89458084106, 8.75326633453, 21.6130619049, 61.7718963623, 17.1580581665, -1.44989657402], [23.3815956116, 2.84488129616, -14.3821258545, 6.05897331238, 1.19473159313, 1.65838634968, 14.6230716705, 5.37234115601, 1.50471699238, 1.5624268055, 17.1580581665, 56.535900116, 17.6920223236], [14.2607336044, -30.6692733765, 18.0242214203, 4.98347377777, 16.4657859802, 0.54582375288, -3.32456040382, -4.92910480499, -6.41252088547, -2.70298147202, -1.44989657402, 17.6920223236, 57.8469848633]], "icov": [[0.000100352168374, -2.03696836252e-05, 8.67511407705e-05, -9.32234906941e-05, 0.000200925511308, -0.000238648746745, 0.000177261259523, -7.67177189118e-05, 7.91800339357e-05, -0.000128840329126, 8.30859498819e-05, -4.02330879297e-05, -8.86834895937e-05], [-2.03696836252e-05, 0.00159712985624, 0.000577113358304, -0.000791724945884, 0.000334868702339, -7.00040181982e-05, -0.000381201622076, 0.000484821095597, -0.000153116736328, 0.000596101977862, -0.000519870198332, 0.000160563286045, 0.000613662065007], [8.67511407705e-05, 0.000577113358304, 0.0028098479379, -0.000159611052368, -0.000764745287597, -0.000839331245515, 0.000684115686454, -0.000642103026621, 0.00122575322166, 0.000154067078256, -9.820680134e-05, 0.000724973797332, -0.000448074773885], [-9.32234906941e-05, -0.000791724945884, -0.000159611052368, 0.00721805309877, -0.00304576335475, 0.000442894204753, -0.000508912780788, -0.000216994711081, -0.000341768929502, -0.000596786150709, 0.00140624458436, -0.000968324486166, 0.000111797780846], [0.000200925511308, 0.000334868702339, -0.000764745287597, -0.00304576335475, 0.0108920959756, -0.00297868601047, 2.11406149901e-05, 0.0022210162133, -0.00133017171174, -0.00201596342959, 0.000599813996814, 0.000395532726543, -0.00260070408694], [-0.000238648746745, -7.00040181982e-05, -0.000839331245515, 0.000442894204753, -0.00297868601047, 0.0137632703409, -0.00287894508801, -0.000204385520192, 0.0022601285018, -0.000587503309362, -0.00141603383236, 0.000384278129786, 0.000850281969178], [0.000177261259523, -0.000381201622076, 0.000684115686454, -0.000508912780788, 2.11406149901e-05, -0.00287894508801, 0.01249679178, -0.0062787164934, -0.000847343064379, 0.00169722351711, -0.00227746856399, -0.00179366092198, 0.000266098417342], [-7.67177189118e-05, 0.000484821095597, -0.000642103026621, -0.000216994711081, 0.0022210162133, -0.000204385520192, -0.0062787164934, 0.0189342778176, -0.00676809391007, -0.000282606430119, 0.00179975025821, -0.000919987738598, 0.000679988355841], [7.91800339357e-05, -0.000153116736328, 0.00122575322166, -0.000341768929502, -0.00133017171174, 0.0022601285018, -0.000847343064379, -0.00676809391007, 0.0201815776527, -0.00721159717068, 6.07722176937e-05, 0.00046648204443, 0.00103778764606], [-0.000128840329126, 0.000596101977862, 0.000154067078256, -0.000596786150709, -0.00201596342959, -0.000587503309362, 0.00169722351711, -0.000282606430119, -0.00721159717068, 0.0215368065983, -0.00749069219455, 0.00146417203359, 0.000575402518734], [8.30859498819e-05, -0.000519870198332, -9.820680134e-05, 0.00140624458436, 0.000599813996814, -0.00141603383236, -0.00227746856399, 0.00179975025821, 6.07722176937e-05, -0.00749069219455, 0.0216472875327, -0.00663554482162, 0.00170716457069], [-4.02330879297e-05, 0.000160563286045, 0.000724973797332, -0.000968324486166, 0.000395532726543, 0.000384278129786, -0.00179366092198, -0.000919987738598, 0.00046648204443, 0.00146417203359, -0.00663554482162, 0.022779988125, -0.00735837221146], [-8.86834895937e-05, 0.000613662065007, -0.000448074773885, 0.000111797780846, -0.00260070408694, 0.000850281969178, 0.000266098417342, 0.000679988355841, 0.00103778764606, 0.000575402518734, 0.00170716457069, -0.00735837221146, 0.0210048817098]], "mean": [-634.972106934, 109.190864563, -12.8945579529, 23.3275299072, -1.31821119785, 7.779088974, -2.11080503464, 1.87969255447, 0.292022615671, 0.805310189724, -2.51942491531, -1.9511654377, -3.41015172005]}, "pitch_salience": {"dmean": 0.0607839114964, "dmean2": 0.0979574769735, "dvar": 0.00276326178573, "dvar2": 0.00694520445541, "max": 0.984852969646, "mean": 0.607000589371, "median": 0.616971969604, "min": 0.222867682576, "var": 0.00773418089375}, "silence_rate_20dB": {"dmean": 0, "dmean2": 0, "dvar": 0, "dvar2": 0, "max": 1, "mean": 1, "median": 1, "min": 1, "var": 0}, "silence_rate_30dB": {"dmean": 0, "dmean2": 0, "dvar": 0, "dvar2": 0, "max": 1, "mean": 1, "median": 1, "min": 1, "var": 0}, "silence_rate_60dB": {"dmean": 0.011986923404, "dmean2": 0.0239760242403, "dvar": 0.0118438405916, "dvar2": 0.0279445480555, "max": 1, "mean": 0.0795423611999, "median": 0, "min": 0, "var": 0.0732139721513}, "spectral_centroid": {"dmean": 227.473388672, "dmean2": 357.524230957, "dvar": 55776.2382813, "dvar2": 118063.09375, "max": 11065.4980469, "mean": 1699.14758301, "median": 1721.57824707, "min": 240.426193237, "var": 278607.6875}, "spectral_complexity": {"dmean": 3.91318559647, "dmean2": 5.82308578491, "dvar": 19.8587799072, "dvar2": 35.9479675293, "max": 62, "mean": 24.3887214661, "median": 25, "min": 0, "var": 147.588928223}, "spectral_contrast_coeffs": {"dmean": [0.0506646819413, 0.0437296517193, 0.0349597483873, 0.029168298468, 0.0194848626852, 0.0182862114161], "dmean2": [0.0840940922499, 0.072223983705, 0.0566987544298, 0.047935269773, 0.032436132431, 0.0288623776287], "dvar": [0.00166115607135, 0.00131510396022, 0.000821369700134, 0.000575871265028, 0.000251904508332, 0.000263971218374], "dvar2": [0.00446930527687, 0.00340354768559, 0.00202185031958, 0.00147063028999, 0.000658679986373, 0.000593025819398], "max": [-0.393969923258, -0.475334525108, -0.459597021341, -0.562375485897, -0.650764644146, -0.579129219055], "mean": [-0.646585464478, -0.754583775997, -0.771514058113, -0.782833278179, -0.798545777798, -0.732164740562], "median": [-0.647189617157, -0.758578300476, -0.780082285404, -0.785882294178, -0.796707868576, -0.730298995972], "min": [-0.958888947964, -0.978997945786, -0.985542833805, -0.981510460377, -0.981894135475, -0.962835550308], "var": [0.00505938194692, 0.00443238392472, 0.0042723249644, 0.00256612664089, 0.00114011217374, 0.00153813057113]}, "spectral_contrast_valleys": {"dmean": [0.465492933989, 0.320088475943, 0.284072399139, 0.250309199095, 0.217002809048, 0.288890182972], "dmean2": [0.730102658272, 0.526296794415, 0.45590120554, 0.391708552837, 0.320819497108, 0.374963194132], "dvar": [0.164911314845, 0.0801802426577, 0.0666100233793, 0.0614982582629, 0.0696870312095, 0.12368170172], "dvar2": [0.366228610277, 0.181691393256, 0.135044008493, 0.109484963119, 0.111308343709, 0.2012629807], "max": [-5.23240709305, -4.79010915756, -5.36253166199, -5.61807537079, -5.57575368881, -7.83048820496], "mean": [-7.52965688705, -6.73874139786, -7.22958183289, -7.43146181107, -7.27048206329, -10.2175073624], "median": [-7.35926008224, -6.52926301956, -6.98431968689, -7.18881130219, -7.00935029984, -10.0322523117], "min": [-27.0689716339, -27.9976711273, -27.816942215, -27.3631210327, -27.2788829803, -27.1795787811], "var": [1.45775306225, 1.38786637783, 1.37508261204, 1.35835003853, 1.38240516186, 1.70957314968]}, "spectral_decrease": {"dmean": 2.02207295352e-09, "dmean2": 3.05006975232e-09, "dvar": 1.03737034949e-17, "dvar2": 2.3747281706e-17, "max": -6.52345273158e-29, "mean": -5.11446529572e-09, "median": -3.93510024566e-09, "min": -3.63355816546e-08, "var": 1.90653054357e-17}, "spectral_energy": {"dmean": 0.00816604308784, "dmean2": 0.0122384037822, "dvar": 0.000168944679899, "dvar2": 0.000382962170988, "max": 0.144449591637, "mean": 0.0213495530188, "median": 0.016615467146, "min": 1.07630988393e-20, "var": 0.00032500596717}, "spectral_energyband_high": {"dmean": 0.000495541549753, "dmean2": 0.000705658691004, "dvar": 1.00548265891e-06, "dvar2": 2.15875343201e-06, "max": 0.0161546207964, "mean": 0.00111043336801, "median": 0.000545966846403, "min": 7.62697764057e-21, "var": 2.36540290643e-06}, "spectral_energyband_low": {"dmean": 0.0035903272219, "dmean2": 0.00562852760777, "dvar": 4.01836332458e-05, "dvar2": 9.92702771327e-05, "max": 0.0627900362015, "mean": 0.00498401746154, "median": 0.002728439169, "min": 9.13324728274e-23, "var": 4.56353300251e-05}, "spectral_energyband_middle_high": {"dmean": 0.0021576306317, "dmean2": 0.00318763987161, "dvar": 1.13903615784e-05, "dvar2": 2.34405342781e-05, "max": 0.0479135587811, "mean": 0.00669228564948, "median": 0.00462605804205, "min": 1.76824941478e-21, "var": 4.31614498666e-05}, "spectral_energyband_middle_low": {"dmean": 0.0042515732348, "dmean2": 0.00670783268288, "dvar": 5.38758322364e-05, "dvar2": 0.000128605664941, "max": 0.103705912828, "mean": 0.00927863828838, "median": 0.00632223812863, "min": 2.23845050007e-22, "var": 8.9944456704e-05}, "spectral_entropy": {"dmean": 0.103713802993, "dmean2": 0.154174804688, "dvar": 0.0135872792453, "dvar2": 0.0255611501634, "max": 9.79483604431, "mean": 7.81428480148, "median": 7.83415269852, "min": 5.99082374573, "var": 0.0736092478037}, "spectral_flux": {"dmean": 0.0221022050828, "dmean2": 0.0337024442852, "dvar": 0.000809727003798, "dvar2": 0.00168410514016, "max": 0.305228501558, "mean": 0.0779476165771, "median": 0.0689403712749, "min": 1.03745352587e-10, "var": 0.00218934402801}, "spectral_kurtosis": {"dmean": 1.06303620338, "dmean2": 1.81719613075, "dvar": 1.14074277878, "dvar2": 3.1890668869, "max": 22.599855423, "mean": 3.69412684441, "median": 3.45387840271, "min": -1.20047473907, "var": 3.02812504768}, "spectral_rms": {"dmean": 0.000763542018831, "dmean2": 0.00110794743523, "dvar": 9.70784867604e-07, "dvar2": 2.0135316845e-06, "max": 0.011871243827, "mean": 0.00415506772697, "median": 0.00402619084343, "min": 3.24046041736e-12, "var": 3.5641685372e-06}, "spectral_rolloff": {"dmean": 480.340393066, "dmean2": 782.953430176, "dvar": 455135.21875, "dvar2": 897190.5625, "max": 18733.8867188, "mean": 2011.20751953, "median": 1894.921875, "min": 129.19921875, "var": 1431179.5}, "spectral_skewness": {"dmean": 0.165978580713, "dmean2": 0.269413560629, "dvar": 0.0242841858417, "dvar2": 0.0578148700297, "max": 3.79519224167, "mean": 1.33456754684, "median": 1.30640172958, "min": -0.00804035458714, "var": 0.104401372373}, "spectral_spread": {"dmean": 414751.65625, "dmean2": 584752.875, "dvar": 290140356608, "dvar2": 474032766976, "max": 39405272, "mean": 4301878, "median": 4112379.75, "min": 2199463, "var": 1199922348030.0}, "spectral_strongpe