{"lowlevel": {"average_loudness": 0.852389633656, "barkbands": {"dmean": [7.64190190239e-05, 0.00495067378506, 0.00203860620968, 0.00121719879098, 0.00202910462394, 0.00107367150486, 0.000742114207242, 0.000974191527348, 0.00114715541713, 0.000843460729811, 0.000434902787674, 0.00072472501779, 0.000416431459598, 0.000310361851007, 0.000279198866338, 0.000261376524577, 0.00012852778309, 0.000144739839016, 0.000101799283584, 8.39411150082e-05, 7.22029435565e-05, 5.41132867511e-05, 2.57284627878e-05, 1.14190206659e-05, 1.02130697996e-05, 1.02945241451e-05, 1.87507466762e-05], "dmean2": [0.000120696509839, 0.00803358200938, 0.00354717159644, 0.00211369479075, 0.00346411997452, 0.00174301501829, 0.0011572499061, 0.00151144957636, 0.00178628833964, 0.00130995176733, 0.000692147004884, 0.00114457448944, 0.000679072167259, 0.000499253859743, 0.000463569536805, 0.000408684049034, 0.000210429658182, 0.000240708017373, 0.00016742743901, 0.000137046954478, 0.000116764749691, 8.51213408168e-05, 3.77569085686e-05, 1.63428285305e-05, 1.52172451635e-05, 1.50408186528e-05, 2.88292794721e-05], "dvar": [2.86814056949e-08, 0.000111132438178, 2.42001933657e-05, 9.49318473431e-06, 1.77755955519e-05, 3.52826077687e-06, 2.72694796877e-06, 4.92153412779e-06, 8.17545696918e-06, 4.0344611989e-06, 1.44240300415e-06, 3.47597824657e-06, 1.31088336275e-06, 4.4748847472e-07, 5.80000460104e-07, 1.75974764716e-06, 1.41340947835e-07, 1.83280761235e-07, 1.3954755218e-07, 6.43916493459e-08, 5.9606250602e-08, 3.12864720797e-08, 4.91767071509e-09, 5.94927385134e-10, 8.80069850329e-10, 5.79875369944e-10, 3.25456128714e-09], "dvar2": [6.80221887706e-08, 0.000277635263046, 6.91578970873e-05, 2.70524578809e-05, 4.82749783259e-05, 9.26543816604e-06, 6.10900542597e-06, 1.19653586808e-05, 1.90434111573e-05, 9.61191017268e-06, 3.64744278158e-06, 9.11203733267e-06, 3.28284477291e-06, 1.12886380066e-06, 1.60429681273e-06, 4.0533527681e-06, 3.55963834409e-07, 4.85463772293e-07, 3.7025941424e-07, 1.69887584889e-07, 1.56929246486e-07, 8.04535034149e-08, 1.12608411484e-08, 1.25222177072e-09, 2.09671990881e-09, 1.28283972334e-09, 7.81963915841e-09], "max": [0.00239263405092, 0.150058493018, 0.090970620513, 0.0504149720073, 0.0838005691767, 0.0307195931673, 0.0686563998461, 0.0523454584181, 0.0790744721889, 0.0480284281075, 0.0322889983654, 0.063269674778, 0.0404487811029, 0.0186582021415, 0.0155299371108, 0.041302703321, 0.0068874321878, 0.00745236501098, 0.00706262607127, 0.00377791677602, 0.00411640293896, 0.00264193839394, 0.00139067764394, 0.000518006505445, 0.000635183823761, 0.000373850896722, 0.00148561864626], "mean": [0.000112700210593, 0.0106863360852, 0.00444464664906, 0.00162515137345, 0.00316535844468, 0.00189506821334, 0.00131280673668, 0.00152067095041, 0.00194448162802, 0.0013699948322, 0.000668334832881, 0.00117430707905, 0.00059726665495, 0.000476478046039, 0.000393493304728, 0.000350029265974, 0.000170644168975, 0.000195611079107, 0.000128628293169, 0.000121361481433, 8.99340011529e-05, 7.3182520282e-05, 4.25930993515e-05, 2.1508169084e-05, 1.37714050652e-05, 1.36804510475e-05, 2.10936686926e-05], "median": [2.87872971967e-05, 0.00763895269483, 0.0027184067294, 0.000675767019857, 0.0018592888955, 0.00115096429363, 0.000568993506022, 0.000441701267846, 0.000434890796896, 0.000314179284032, 0.000166933634318, 0.000324823748088, 0.000145044992678, 0.000148802442709, 8.55492326082e-05, 0.000102826350485, 5.03160554217e-05, 6.0759986809e-05, 3.57410099241e-05, 3.75254603568e-05, 2.33096834563e-05, 2.12006416405e-05, 1.34421215989e-05, 6.98063286109e-06, 2.7117503123e-06, 2.30418800129e-06, 1.30839589474e-06], "min": [7.61566663027e-25, 3.55700734823e-24, 2.15738942537e-24, 1.17016924832e-24, 9.74143742588e-24, 1.42619362123e-23, 1.3174811732e-23, 1.38599737158e-23, 1.17375402949e-23, 1.72540130506e-23, 1.14910764823e-23, 2.19083223682e-23, 3.61530440578e-23, 3.39304284574e-23, 5.0743411464e-23, 4.90645671519e-23, 8.90840425427e-23, 1.53180164917e-22, 1.5205292686e-22, 1.82799039387e-22, 1.83504419876e-22, 3.5478141999e-22, 4.18577017914e-22, 6.01918137271e-22, 8.05878086451e-22, 1.38487089083e-21, 2.02122451055e-21], "var": [3.60783545261e-08, 0.000149648287334, 3.31054434355e-05, 8.7173684733e-06, 1.98029265448e-05, 5.85292036703e-06, 7.27048518456e-06, 1.00057086456e-05, 1.90194477909e-05, 8.93735432328e-06, 2.73090381597e-06, 7.26906000637e-06, 2.32080674323e-06, 8.06397906672e-07, 9.37606728257e-07, 1.93684559235e-06, 1.52355326577e-07, 1.81442146641e-07, 1.26629956299e-07, 7.02533355934e-08, 5.62298154705e-08, 3.3038659808e-08, 7.7643536045e-09, 1.45350698144e-09, 1.05916964088e-09, 8.91747897747e-10, 3.91374754827e-09]}, "barkbands_crest": {"dmean": 2.44205164909, "dmean2": 3.96477937698, "dvar": 6.06993103027, "dvar2": 15.8212604523, "max": 25.1998596191, "mean": 11.7507219315, "median": 10.806930542, "min": 2.38479948044, "var": 22.3712902069}, "barkbands_flatness_db": {"dmean": 0.0242284536362, "dmean2": 0.0339051745832, "dvar": 0.000580954831094, "dvar2": 0.00116584624629, "max": 0.395818799734, "mean": 0.170526444912, "median": 0.162884324789, "min": 0.0387623980641, "var": 0.00338565208949}, "barkbands_kurtosis": {"dmean": 3.64071345329, "dmean2": 5.6770324707, "dvar": 35.2918357849, "dvar2": 84.0914154053, "max": 128.090332031, "mean": 6.98450803757, "median": 3.44578146935, "min": -1.88857221603, "var": 100.491210938}, "barkbands_skewness": {"dmean": 0.568295836449, "dmean2": 0.8651304245, "dvar": 0.327215909958, "dvar2": 0.7506249547, "max": 9.65586185455, "mean": 1.94613742828, "median": 1.75165820122, "min": -2.15470600128, "var": 1.86328613758}, "barkbands_spread": {"dmean": 3.5345249176, "dmean2": 5.36484289169, "dvar": 19.0993843079, "dvar2": 42.8128967285, "max": 130.371582031, "mean": 14.2807855606, "median": 13.2193107605, "min": 0.881115496159, "var": 83.8382034302}, "dissonance": {"dmean": 0.0241745002568, "dmean2": 0.0405170209706, "dvar": 0.000494970998261, "dvar2": 0.0013248528121, "max": 0.500000119209, "mean": 0.452948957682, "median": 0.460675805807, "min": 0.230137363076, "var": 0.0011241674656}, "dynamic_complexity": 4.57183122635, "erbbands": {"dmean": [0.124533087015, 1.20176434517, 2.3281390667, 3.29761505127, 4.9636387825, 8.03717136383, 8.28941345215, 9.24157142639, 10.5627174377, 9.42131614685, 25.6199054718, 29.0297641754, 24.1377239227, 28.2544898987, 18.1598243713, 30.6755905151, 20.8783798218, 15.4978876114, 15.8858985901, 10.6605110168, 13.0067272186, 7.50854110718, 7.59412240982, 5.9265165329, 4.76059436798, 3.83565688133, 3.37154698372, 2.61855268478, 2.08428049088, 1.20283722878, 0.666788160801, 0.316184818745, 0.170863434672, 0.118917122483, 0.0735097154975, 0.0364643931389, 0.0199556332082, 0.00896043330431, 0.00305262953043, 0.000265756912995], "dmean2": [0.200105458498, 1.97414660454, 4.03243303299, 5.7092165947, 8.62178421021, 13.7723894119, 13.3017663956, 15.2792329788, 16.6680355072, 14.758890152, 39.4847984314, 45.8803100586, 37.5332221985, 42.8409156799, 29.2182407379, 47.8896636963, 33.9937362671, 24.5953464508, 25.9265193939, 17.1333236694, 20.1708431244, 12.0417098999, 12.6003026962, 9.79684448242, 7.81350851059, 6.26387929916, 5.45683336258, 4.23278427124, 3.30542302132, 1.83222317696, 0.980578482151, 0.456586927176, 0.245413258672, 0.173242524266, 0.112272948027, 0.0543572157621, 0.0292438175529, 0.0132509404793, 0.00472018867731, 0.00041584711289], "dvar": [0.0731709524989, 6.73802900314, 29.0616207123, 69.1879272461, 109.803222656, 407.024108887, 229.424926758, 333.212799072, 517.765319824, 420.305145264, 3585.65112305, 6944.08300781, 3709.99023438, 6738.78369141, 2262.51245117, 6321.37548828, 3353.35400391, 993.86126709, 1592.9420166, 778.025268555, 5005.12695312, 480.270568848, 481.701965332, 466.573547363, 292.740783691, 141.62336731, 123.756950378, 78.0552444458, 47.6593437195, 14.8793401718, 2.90353918076, 0.529712438583, 0.13155798614, 0.095640398562, 0.0552008002996, 0.00926604121923, 0.00212290487252, 0.000537833198905, 8.21314461064e-05, 7.27734629891e-07], "dvar2": [0.175184160471, 17.3394184113, 81.8132095337, 197.221328735, 307.182952881, 1114.43054199, 567.742919922, 890.844299316, 1223.65332031, 996.031555176, 8521.95117188, 16404.9140625, 9108.203125, 15603.640625, 5961.90820312, 15846.7226562, 8267.35351562, 2484.16186523, 4360.07617188, 1950.0612793, 11411.9873047, 1207.32543945, 1266.72766113, 1248.63745117, 775.075500488, 376.016204834, 326.508514404, 203.736740112, 123.043869019, 37.055065155, 6.56414222717, 1.14596140385, 0.272349715233, 0.218321844935, 0.137961298227, 0.0219942238182, 0.0046741948463, 0.00118267349899, 0.000195660759346, 1.82568396667e-06], "max": [3.25221300125, 38.9228668213, 95.0833892822, 142.865524292, 193.059432983, 402.200866699, 342.739196777, 308.967834473, 829.18951416, 703.494628906, 1752.37744141, 2231.07299805, 1354.15734863, 2843.64941406, 1516.7890625, 2004.99365234, 2260.17138672, 657.034790039, 1099.13476562, 713.524475098, 2153.93261719, 385.056915283, 366.883331299, 443.240112305, 298.596923828, 175.924438477, 228.543167114, 142.923217773, 115.697669983, 60.5559272766, 31.3082332611, 16.5009365082, 7.34528589249, 6.18488693237, 5.45215463638, 1.8523504734, 0.688393950462, 0.56327778101, 0.185734167695, 0.0269728302956], "mean": [0.261115074158, 2.56083106995, 5.36996030807, 5.47510576248, 7.25271511078, 11.4683351517, 14.1772899628, 15.5413713455, 19.3394737244, 17.1671962738, 40.6235656738, 48.0265884399, 40.6109619141, 46.4067306519, 30.8236122131, 50.3018226624, 32.3590049744, 25.9839382172, 24.1438808441, 16.540435791, 17.3462104797, 10.6863107681, 10.5045261383, 7.45446586609, 6.39133024216, 5.41519975662, 4.64610242844, 3.19362258911, 2.75685429573, 1.7827347517, 1.12030124664, 0.578100502491, 0.311728686094, 0.173854157329, 0.0900512933731, 0.0472924932837, 0.0264474749565, 0.0112827643752, 0.00345441233367, 0.000311825075187], "median": [0.178730458021, 1.73683571815, 3.72976088524, 3.15543174744, 3.77897691727, 5.90428829193, 7.77248668671, 8.77647590637, 9.10362815857, 7.59222078323, 11.6948633194, 11.2659568787, 8.84694099426, 10.3659706116, 9.59744644165, 13.8146305084, 10.3369369507, 9.6583404541, 6.70870494843, 5.57087230682, 4.53454971313, 3.35624456406, 3.36258935928, 2.17435884476, 1.84472763538, 1.74663436413, 1.25125956535, 0.825278162956, 0.750855624676, 0.547798752785, 0.364024400711, 0.189969733357, 0.0942103117704, 0.0394099280238, 0.0152311157435, 0.00838591903448, 0.00429685832933, 0.00135055207647, 0.000234560793615, 5.81803833484e-05], "min": [2.01711304325e-22, 6.54077216428e-22, 2.03389232927e-21, 1.02577819579e-20, 1.19032768409e-20, 3.699219554e-20, 7.00185317942e-20, 1.19607227573e-19, 1.91802142644e-19, 2.85985728521e-19, 2.54793497254e-19, 3.17172195373e-19, 4.99461631726e-19, 7.05488644268e-19, 9.30432812129e-19, 1.38228570181e-18, 1.58506727122e-18, 2.11982485478e-18, 2.0302128635e-18, 2.76234318584e-18, 4.34254601467e-18, 5.69257343035e-18, 7.38744334441e-18, 7.34506688163e-18, 9.32989007017e-18, 8.76643862514e-18, 8.98933319454e-18, 8.42688677395e-18, 1.19186775286e-17, 1.24847288023e-17, 1.28447078787e-17, 1.24302804657e-17, 9.71025997587e-18, 7.28173462521e-18, 7.31447939694e-18, 4.40464287685e-18, 2.26772226676e-18, 1.09887325462e-18, 2.7155450291e-19, 2.82159901865e-20], "var": [0.102035947144, 8.84770584106, 38.7138557434, 67.6681060791, 118.134155273, 399.511199951, 414.091094971, 475.165161133, 1262.35546875, 1123.10998535, 6855.21972656, 14775.5244141, 7635.81445312, 16031.2480469, 4785.5078125, 14116.7666016, 6161.24902344, 1852.87231445, 2688.42285156, 1111.28149414, 5523.95263672, 535.679077148, 487.093200684, 412.086395264, 275.339935303, 144.265197754, 126.174072266, 74.0631484985, 49.1751060486, 17.8243522644, 4.91894197464, 1.13230395317, 0.325667083263, 0.140524148941, 0.0548053644598, 0.01137549337, 0.0033963767346, 0.000830239092465, 0.000100742785435, 7.78332321261e-07]}, "erbbands_crest": {"dmean": 3.01217889786, "dmean2": 4.7589969635, "dvar": 8.32911968231, "dvar2": 19.5403442383, "max": 32.0840530396, "mean": 10.1980848312, "median": 8.89051532745, "min": 2.2814617157, "var": 27.236995697}, "erbbands_flatness_db": {"dmean": 0.0234532412142, "dmean2": 0.0320272669196, "dvar": 0.00052006659098, "dvar2": 0.000966305320617, "max": 0.360825896263, "mean": 0.162235215306, "median": 0.161675617099, "min": 0.0258894562721, "var": 0.00243166508153}, "erbbands_kurtosis": {"dmean": 1.10518026352, "dmean2": 1.7190335989, "dvar": 2.1672873497, "dvar2": 5.05779886246, "max": 36.5875892639, "mean": 1.13104510307, "median": 0.406555294991, "min": -1.60707616806, "var": 6.09476280212}, "erbbands_skewness": {"dmean": 0.358260452747, "dmean2": 0.551113724709, "dvar": 0.106686316431, "dvar2": 0.253382265568, "max": 3.98408102989, "mean": 0.396361380816, "median": 0.399824500084, "min": -4.03663682938, "var": 0.429054230452}, "erbbands_spread": {"dmean": 6.7907743454, "dmean2": 10.28054142, "dvar": 49.5154914856, "dvar2": 107.904350281, "max": 152.791381836, "mean": 30.2908687592, "median": 27.5394096375, "min": 2.4596786499, "var": 259.746276855}, "gfcc": {"cov": [[16177.5527344, -825.91998291, -1446.60461426, 378.503570557, -908.735717773, 190.61416626, -275.768493652, -76.4933242798, -208.34336853, 57.8065109253, -209.464324951, -48.8098907471, -104.761940002], [-825.91998291, 1544.49572754, -267.729522705, 4.42361497879, 215.688461304, -129.515319824, 58.9378814697, -14.4057731628, 104.096244812, -73.2156906128, 70.274772644, -81.4565887451, 50.3440513611], [-1446.60461426, -267.729522705, 982.011657715, -37.264289856, 264.852020264, 20.6762275696, -1.31087100506, 30.6590042114, 0.887474060059, 75.4276428223, 60.8605384827, 40.7963638306, -15.0121507645], [378.503570557, 4.42361497879, -37.264289856, 373.657226562, -27.9750175476, -6.90330648422, -47.1566963196, 3.61421704292, 5.88654708862, -1.71361553669, -3.18901228905, -11.7738075256, 17.8375759125], [-908.735717773, 215.688461304, 264.852020264, -27.9750175476, 344.428405762, -18.2715091705, 19.5712852478, 7.08930873871, 57.9732780457, 38.66746521, 47.3884887695, 17.6677074432, 29.9318122864], [190.61416626, -129.515319824, 20.6762275696, -6.90330648422, -18.2715091705, 182.779602051, 56.3808441162, 20.1551647186, -21.8530025482, 14.3339395523, 9.47419452667, 20.0531826019, 1.34395682812], [-275.768493652, 58.9378814697, -1.31087100506, -47.1566963196, 19.5712852478, 56.3808441162, 151.567474365, 28.5792007446, 6.52408075333, -8.06214141846, 9.64758110046, 5.64687108994, -5.42443370819], [-76.4933242798, -14.4057731628, 30.6590042114, 3.61421704292, 7.08930873871, 20.1551647186, 28.5792007446, 96.8749313354, 27.5014705658, 13.122549057, -4.40332984924, -4.17397689819, 2.71789097786], [-208.34336853, 104.096244812, 0.887474060059, 5.88654708862, 57.9732780457, -21.8530025482, 6.52408075333, 27.5014705658, 112.925468445, 21.2687416077, 1.26477849483, -7.29516029358, 11.835354805], [57.8065109253, -73.2156906128, 75.4276428223, -1.71361553669, 38.66746521, 14.3339395523, -8.06214141846, 13.122549057, 21.2687416077, 75.8477401733, 32.1127090454, 15.2637338638, -0.173708587885], [-209.464324951, 70.274772644, 60.8605384827, -3.18901228905, 47.3884887695, 9.47419452667, 9.64758110046, -4.40332984924, 1.26477849483, 32.1127090454, 87.9795532227, 31.9504241943, 3.27438378334], [-48.8098907471, -81.4565887451, 40.7963638306, -11.7738075256, 17.6677074432, 20.0531826019, 5.64687108994, -4.17397689819, -7.29516029358, 15.2637338638, 31.9504241943, 71.9311218262, 20.1220283508], [-104.761940002, 50.3440513611, -15.0121507645, 17.8375759125, 29.9318122864, 1.34395682812, -5.42443370819, 2.71789097786, 11.835354805, -0.173708587885, 3.27438378334, 20.1220283508, 66.0261459351]], "icov": [[8.97050776985e-05, -1.20663298731e-06, 0.00011991707288, -6.65269253659e-05, 0.000103947451862, -0.000110097163997, 0.000140813106555, 2.0103294446e-05, 0.000118293733976, -0.000315804412821, 0.00020701570611, -7.78431203798e-05, 0.000145771744428], [-1.20663298731e-06, 0.00131228310056, 0.000498961249832, 2.88761330012e-05, -0.000954632821959, 0.000574122415856, -0.000445690471679, 8.14730810816e-05, -0.000691813940648, 0.00181800755672, -0.00228603347205, 0.00213952269405, -0.0009256323101], [0.00011991707288, 0.000498961249832, 0.00182269525249, -6.27318368061e-05, -0.00146591209341, -4.44169272669e-05, 0.000335459131747, -0.00054136174731, 0.000624972919468, -0.000503650226165, -0.000534561171662, 8.90961964615e-05, 0.000842484587338], [-6.65269253659e-05, 2.88761330012e-05, -6.27318368061e-05, 0.0029452140443, 0.000185587443411, -0.000137841576361, 0.000880708044861, -0.000322841282468, -0.000304957065964, 0.00048088398762, -0.000682932964992, 0.000892587820999, -0.00111542269588], [0.000103947451862, -0.000954632821959, -0.00146591209341, 0.000185587443411, 0.0055452757515, 5.11271900905e-05, -0.000374140741769, 0.000803330156486, -0.00143182650208, -0.00210303347558, 0.000265926180873, -0.000824042654131, -0.00158024230041], [-0.000110097163997, 0.000574122415856, -4.44169272669e-05, -0.000137841576361, 5.11271900905e-05, 0.00737818423659, -0.00314115965739, -0.000868067319971, 0.0013448348036, -0.000926032313146, -0.000736734713428, -0.000330930779455, -0.00108711130451], [0.000140813106555, -0.000445690471679, 0.000335459131747, 0.000880708044861, -0.000374140741769, -0.00314115965739, 0.00922637525946, -0.00240546092391, -0.000358028453775, 0.00184431299567, -0.000431991211371, -0.00112606643233, 0.00192579661962], [2.0103294446e-05, 8.14730810816e-05, -0.00054136174731, -0.000322841282468, 0.000803330156486, -0.000868067319971, -0.00240546092391, 0.0126268137246, -0.00298082083464, -0.00204528309405, 0.00130716804415, 0.00116281025112, -0.00102025421802], [0.000118293733976, -0.000691813940648, 0.000624972919468, -0.000304957065964, -0.00143182650208, 0.0013448348036, -0.000358028453775, -0.00298082083464, 0.0124739930034, -0.00503813615069, 0.00254362542182, 0.000142487013363, -0.000764132884797], [-0.000315804412821, 0.00181800755672, -0.000503650226165, 0.00048088398762, -0.00210303347558, -0.000926032313146, 0.00184431299567, -0.00204528309405, -0.00503813615069, 0.0226789284497, -0.00974201597273, 0.00172486132942, -3.5504256175e-06], [0.00020701570611, -0.00228603347205, -0.000534561171662, -0.000682932964992, 0.000265926180873, -0.000736734713428, -0.000431991211371, 0.00130716804415, 0.00254362542182, -0.00974201597273, 0.0211114678532, -0.0100291594863, 0.00346756493673], [-7.78431203798e-05, 0.00213952269405, 8.90961964615e-05, 0.000892587820999, -0.000824042654131, -0.000330930779455, -0.00112606643233, 0.00116281025112, 0.000142487013363, 0.00172486132942, -0.0100291594863, 0.0232565328479, -0.00834708940238], [0.000145771744428, -0.0009256323101, 0.000842484587338, -0.00111542269588, -0.00158024230041, -0.00108711130451, 0.00192579661962, -0.00102025421802, -0.000764132884797, -3.5504256175e-06, 0.00346756493673, -0.00834708940238, 0.0200230460614]], "mean": [-33.9783554077, 121.780693054, -97.5760040283, 17.4036312103, -37.7676086426, 9.2775554657, -19.8282222748, -0.326314598322, -13.0351705551, 0.662575423717, -9.99515533447, 0.622916579247, -10.7959089279]}, "hfc": {"dmean": 6.20645713806, "dmean2": 9.2992515564, "dvar": 175.797683716, "dvar2": 433.021453857, "max": 214.569381714, "mean": 15.8959283829, "median": 10.9335594177, "min": 1.10517000987e-16, "var": 320.949920654}, "melbands": {"dmean": [0.00127443985548, 0.00130169116892, 0.000586103356909, 0.000468840531539, 0.000295005447697, 0.000201642105822, 0.000164328404935, 0.000110479682917, 0.000217471577344, 0.000180329196155, 0.00011802661902, 0.000116011258797, 5.7399567595e-05, 7.73032879806e-05, 5.89996925555e-05, 4.44714278274e-05, 2.90026328003e-05, 2.62741905317e-05, 2.00139420485e-05, 1.67666603375e-05, 1.48004701259e-05, 7.85851534602e-06, 8.84032942849e-06, 6.10884990238e-06, 4.91414402859e-06, 3.71650889974e-06, 3.18816046274e-06, 2.53706230069e-06, 2.35298216467e-06, 1.71616477473e-06, 1.48574838477e-06, 1.31644833345e-06, 8.61734406499e-07, 6.19449053829e-07, 4.27120767199e-07, 2.78615715388e-07, 1.71031530272e-07, 1.26223639541e-07, 1.07640964586e-07, 1.04053029304e-07], "dmean2": [0.00205356488004, 0.00218975846656, 0.00101595395245, 0.000808100157883, 0.000478443194879, 0.000331834715325, 0.000257929845247, 0.000173482389073, 0.000333570205839, 0.000284127803752, 0.000183637646842, 0.000176488872967, 9.13516705623e-05, 0.000123210484162, 9.35546995606e-05, 7.19272647984e-05, 4.62806892756e-05, 4.29691353929e-05, 3.31903720507e-05, 2.63731617451e-05, 2.33692317124e-05, 1.273718226e-05, 1.47919163282e-05, 1.02729136415e-05, 8.22377387522e-06, 6.10860979577e-06, 5.29568524144e-06, 4.16223520006e-06, 3.8306825445e-06, 2.80727022073e-06, 2.42552459895e-06, 2.11536303141e-06, 1.37196047945e-06, 9.50531841681e-07, 6.45655291009e-07, 4.14446503783e-07, 2.54221646401e-07, 1.86677652891e-07, 1.572536803e-07, 1.56565420184e-07], "dvar": [7.46016030462e-06, 7.97118082119e-06, 2.11928863791e-06, 9.92686977952e-07, 3.04621238456e-07, 1.45521667605e-07, 1.31183981011e-07, 6.29991276924e-08, 2.59456669482e-07, 2.56988528236e-07, 9.19037077551e-08, 1.10774927009e-07, 2.32140529022e-08, 4.72801922058e-08, 2.00441121478e-08, 1.32555983967e-08, 3.65419450254e-09, 4.44790293486e-09, 3.02484792769e-09, 6.56863630155e-09, 4.82236872656e-09, 5.33416755211e-10, 5.99597538287e-10, 3.71634223395e-10, 3.34461569551e-10, 1.85292295396e-10, 1.10442460732e-10, 5.74904637785e-11, 5.77945122315e-11, 3.57713234034e-11, 2.48153043253e-11, 1.89242874843e-11, 8.90269108433e-12, 3.78485871116e-12, 1.24649184204e-12, 4.43299775143e-13, 1.59692774954e-13, 7.79949631898e-14, 5.6744573504e-14, 8.51025115179e-14], "dvar2": [1.82830426638e-05, 2.14793035411e-05, 6.06959656579e-06, 2.72574743576e-06, 7.75822002197e-07, 3.89577309079e-07, 3.01087908383e-07, 1.4841873508e-07, 5.94585117142e-07, 6.07531944752e-07, 2.25388745889e-07, 2.55294139606e-07, 5.89374984372e-08, 1.30012807631e-07, 4.9601467822e-08, 3.21242694667e-08, 9.21604392801e-09, 1.19179706104e-08, 8.2351885311e-09, 1.53420049998e-08, 1.10780957741e-08, 1.33158251092e-09, 1.58891189095e-09, 9.9635133477e-10, 9.0250279472e-10, 4.88400597742e-10, 2.96531132982e-10, 1.52641607687e-10, 1.53519835733e-10, 9.47101772009e-11, 6.4855475157e-11, 4.89216445132e-11, 2.32302198311e-11, 9.28682304668e-12, 2.92265690816e-12, 9.69005800079e-13, 3.60189742615e-13, 1.69886538648e-13, 1.21448912125e-13, 2.02116765707e-13], "max": [0.0332202911377, 0.0429883226752, 0.0223497375846, 0.0186451580375, 0.0094578852877, 0.00599727034569, 0.0141181088984, 0.00984839070588, 0.0168061070144, 0.0131410276517, 0.006598635111, 0.0114124305546, 0.00491687003523, 0.00954394973814, 0.00302176806144, 0.00416973698884, 0.00124653219245, 0.0020108318422, 0.00126243662089, 0.00262487516738, 0.00206427322701, 0.000456464622403, 0.000402316189138, 0.000354792922735, 0.000402838923037, 0.000245392759098, 0.000181663039257, 0.000116121162137, 0.000188543446711, 0.000109874468762, 9.9580247479e-05, 8.64707035362e-05, 5.32321610081e-05, 3.77223732357e-05, 2.02374285436e-05, 1.51068361447e-05, 9.11317602004e-06, 6.84812630425e-06, 3.87741647501e-06, 6.02385398452e-06], "mean": [0.00273356074467, 0.00310806254856, 0.00100968836341, 0.000682897458319, 0.000500858470332, 0.000346934917616, 0.000299123028526, 0.000194963315153, 0.000344937085174, 0.000295528996503, 0.000188474718016, 0.000184802032891, 9.30396345211e-05, 0.000126880739117, 9.24922060221e-05, 6.59569268464e-05, 4.55430526927e-05, 3.8464593672e-05, 2.90318002953e-05, 2.19334069698e-05, 1.89965921891e-05, 1.04495647975e-05, 1.14401582323e-05, 7.94713014329e-06, 5.79436073167e-06, 4.80413973492e-06, 4.14592886955e-06, 3.53017435373e-06, 3.25762198372e-06, 2.06004779102e-06, 1.76480455139e-06, 1.68267331446e-06, 1.17654997212e-06, 9.138502719e-07, 6.76120748722e-07, 4.83357268877e-07, 2.97167645158e-07, 2.24354181455e-07, 1.72273345811e-07, 1.39663441701e-07], "median": [0.00196221191436, 0.00258996896446, 0.000630567432381, 0.00036645506043, 0.000284743116936, 0.00020380501519, 0.000135132926516, 8.29143536976e-05, 9.30345413508e-05, 6.1734157498e-05, 3.5908389691e-05, 3.61541715392e-05, 2.63090460066e-05, 3.65831583622e-05, 2.53705620707e-05, 1.86837460205e-05, 1.52473194248e-05, 9.77696345217e-06, 6.99842803442e-06, 6.88512045599e-06, 4.48001719633e-06, 2.96558800983e-06, 3.49965034729e-06, 2.26669612857e-06, 1.57602084982e-06, 1.29707200358e-06, 1.19282731248e-06, 1.07154312445e-06, 8.33800072542e-07, 4.81201425373e-07, 4.45076011601e-07, 4.25606003773e-07, 3.43803094438e-07, 2.62179639776e-07, 2.14777855945e-07, 1.55571299842e-07, 9.18212137435e-08, 6.66946178285e-08, 4.2048434068e-08, 2.89405051035e-08], "min": [1.79873835076e-24, 9.723580376e-25, 2.18997352228e-24, 1.61962018527e-24, 2.50019760921e-24, 2.55037133215e-24, 2.88696112268e-24, 3.00375434628e-24, 1.66676823221e-24, 1.49328401269e-24, 2.21257300671e-24, 2.60478557688e-24, 2.32068757706e-24, 2.4726701107e-24, 3.43073714414e-24, 4.28183838593e-24, 3.71109160454e-24, 2.57711766114e-24, 5.57088009798e-24, 3.75674614057e-24, 4.98746894362e-24, 5.24153816423e-24, 4.8947718708e-24, 6.45729469818e-24, 5.02015815624e-24, 5.77942888891e-24, 5.22714224157e-24, 4.81179790307e-24, 5.05591761551e-24, 3.5033289135e-24, 4.5761809279e-24, 6.3660163917e-24, 5.2459092425e-24, 6.38547995681e-24, 6.05721994579e-24, 6.63960400325e-24, 6.56139002222e-24, 5.65726588913e-24, 7.09431368421e-24, 5.51269371761e-24], "var": [1.01889672806e-05, 1.0207941159e-05, 2.03163244805e-06, 1.05384901872e-06, 4.78281378946e-07, 2.14943398191e-07, 3.36724951921e-07, 1.70773105879e-07, 5.21691674749e-07, 5.50304207536e-07, 1.80317613285e-07, 2.62802132056e-07, 4.79349360205e-08, 8.87834374907e-08, 4.13520773179e-08, 2.44964386553e-08, 6.57146381755e-09, 7.34880911679e-09, 5.05385866489e-09, 7.1340151564e-09, 5.38138644757e-09, 5.93464832832e-10, 6.14689299461e-10, 3.50370538138e-10, 2.83699730375e-10, 1.73743283649e-10, 1.04152513003e-10, 6.03664548904e-11, 6.06191069563e-11, 3.27652349696e-11, 2.32272829442e-11, 1.91663785537e-11, 9.09004382182e-12, 4.70384495244e-12, 1.9317631262e-12, 8.35797956452e-13, 3.24382637721e-13, 1.79487203095e-13, 1.14345991985e-13, 1.05206526813e-13]}, "melbands_crest": {"dmean": 2.67702317238, "dmean2": 4.31072092056, "dvar": 6.92429590225, "dvar2": 17.7519168854, "max": 30.9722080231, "mean": 15.5579118729, "median": 15.4084482193, "min": 1.66822719574, "var": 24.317899704}, "melbands_flatness_db": {"dmean": 0.0279668793082, "dmean2": 0.0395066961646, "dvar": 0.000828456191812, "dvar2": 0.00172135594767, "max": 0.536377549171, "mean": 0.265715926886, "median": 0.258652031422, "min": 0.00363909569569, "var": 0.00607377570122}, "melbands_kurtosis": {"dmean": 7.31436920166, "dmean2": 11.3588094711, "dvar": 155.886245728, "dvar2": 365.931365967, "max": 297.605529785, "mean": 15.3918981552, "median": 8.45969200134, "min": -1.64171040058, "var": 448.853088379}, "melbands_skewness": {"dmean": 0.721732854843, "dmean2": 1.10049211979, "dvar": 0.554002463818, "dvar2": 1.27145457268, "max": 15.7149915695, "mean": 2.76859045029, "median": 2.53158807755, "min": -1.74918758869, "var": 2.96141791344}, "melbands_spread": {"dmean": 3.88724470139, "dmean2": 5.9261431694, "dvar": 27.5178203583, "dvar2": 58.9019088745, "max": 221.202560425, "mean": 14.5937070847, "median": 12.4001646042, "min": 0.83598446846, "var": 147.36958313}, "mfcc": {"cov": [[11634.2441406, -445.308685303, -953.01550293, 71.2516937256, -728.045043945, 110.11945343, -243.584899902, 1.50766575336, -125.324577332, 34.5574569702, -133.403549194, -76.9307937622, -190.220703125], [-445.308685303, 1470.55249023, -152.310791016, 62.6329269409, 160.499389648, -25.2467327118, 19.6762504578, -8.89785957336, 12.2671604156, 22.9707565308, 37.1153068542, 41.4546165466, 24.1486682892], [-953.01550293, -152.310791016, 547.19329834, 44.756362915, 137.286758423, 20.9402961731, 78.1990585327, -0.378169298172, 7.38546133041, -22.3608589172, 33.2573432922, 28.3770771027, 52.2990722656], [71.2516937256, 62.6329269409, 44.756362915, 297.612731934, 100.624855042, -0.544860959053, -27.5907077789, -21.0719528198, 3.65730428696, 10.7318668365, -16.884355545, 9.46474075317, 10.5383005142], [-728.045043945, 160.499389648, 137.286758423, 100.624855042, 289.119293213, 23.2728710175, 12.1247177124, -34.9013519287, 20.6579704285, 8.27614879608, 18.8252372742, 17.0369606018, 45.2371673584], [110.11945343, -25.2467327118, 20.9402961731, -0.544860959053, 23.2728710175, 124.169715881, 40.3281059265, 16.1359806061, 0.524711966515, 0.714226365089, -0.685202896595, 10.4312620163, 11.3194990158], [-243.584899902, 19.6762504578, 78.1990585327, -27.5907077789, 12.1247177124, 40.3281059265, 144.424911499, 34.6191902161, 5.36870861053, -21.5096054077, 24.0477809906, 15.1456727982, 28.0895957947], [1.50766575336, -8.89785957336, -0.378169298172, -21.0719528198, -34.9013519287, 16.1359806061, 34.6191902161, 87.1089477539, 28.5838623047, 8.33197212219, 2.87882065773, 5.81668519974, -3.02235198021], [-125.324577332, 12.2671604156, 7.38546133041, 3.65730428696, 20.6579704285, 0.524711966515, 5.36870861053, 28.5838623047, 94.7551040649, 33.5773239136, 7.8452296257, -6.85789632797, -6.10926389694], [34.5574569702, 22.9707565308, -22.3608589172, 10.7318668365, 8.27614879608, 0.714226365089, -21.5096054077, 8.33197212219, 33.5773239136, 85.0327987671, 22.4323730469, -2.81208157539, -18.369102478], [-133.403549194, 37.1153068542, 33.2573432922, -16.884355545, 18.8252372742, -0.685202896595, 24.0477809906, 2.87882065773, 7.8452296257, 22.4323730469, 77.7208938599, 25.0773544312, 9.54330730438], [-76.9307937622, 41.4546165466, 28.3770771027, 9.46474075317, 17.0369606018, 10.4312620163, 15.1456727982, 5.81668519974, -6.85789632797, -2.81208157539, 25.0773544312, 74.4011764526, 35.0659866333], [-190.220703125, 24.1486682892, 52.2990722656, 10.5383005142, 45.2371673584, 11.3194990158, 28.0895957947, -3.02235198021, -6.10926389694, -18.369102478, 9.54330730438, 35.0659866333, 82.0864868164]], "icov": [[0.000124005178805, 2.12195300264e-05, 0.000148096587509, -0.000142677177791, 0.000289594434435, -0.000234175749938, 0.000112680289021, 5.72385906707e-05, 8.20308341645e-05, -2.33926730289e-05, -9.9923054222e-06, 8.48759282235e-06, 3.97329677071e-05], [2.12195300264e-05, 0.000832559831906, 0.000483640353195, -7.94072911958e-05, -0.000616444915067, 0.000330590584781, -0.000335799210006, -8.89717994141e-05, 8.81367523107e-05, -9.43603808992e-05, -0.000181922470802, -0.000428176601417, 0.000101568868558], [0.000148096587509, 0.000483640353195, 0.00273631163873, -0.000365777610568, -0.000941219739616, 6.16798715782e-05, -0.00101175752934, -4.96201573696e-05, 5.03768096678e-05, 0.000501318601891, -0.000702054880094, -0.000284917157842, -0.000321647676174], [-0.000142677177791, -7.94072911958e-05, -0.000365777610568, 0.00423955079168, -0.00171374331694, 0.000422305136453, 0.000453574582934, 0.000136906746775, 6.06920257269e-05, -0.00073613692075, 0.00162721553352, -0.000919442682061, 0.000160903684446], [0.000289594434435, -0.000616444915067, -0.000941219739616, -0.00171374331694, 0.00648387940601, -0.00183745345566, 0.000558868749067, 0.00266034016386, -0.00152751465794, -0.000357212120434, -0.000771032646298, 0.000809078686871, -0.00219061342068], [-0.000234175749938, 0.000330590584781, 6.16798715782e-05, 0.000422305136453, -0.00183745345566, 0.00997247826308, -0.00312203145586, -0.00129723805003, 0.000801416055765, -0.0014330529375, 0.00181750371121, -0.00135071144905, 2.92404638458e-05], [0.000112680289021, -0.000335799210006, -0.00101175752934, 0.000453574582934, 0.000558868749067, -0.00312203145586, 0.0109523525462, -0.00376261700876, -0.000310878327582, 0.00349121470936, -0.00368171255104, 0.00140146887861, -0.0022300935816], [5.72385906707e-05, -8.89717994141e-05, -4.96201573696e-05, 0.000136906746775, 0.00266034016386, -0.00129723805003, -0.00376261700876, 0.0161833204329, -0.00498975114897, -0.00112613476813, 0.00155115220696, -0.00228543276899, 0.00094165065093], [8.20308341645e-05, 8.81367523107e-05, 5.03768096678e-05, 6.06920257269e-05, -0.00152751465794, 0.000801416055765, -0.000310878327582, -0.00498975114897, 0.0144547568634, -0.00523324450478, 0.000229483935982, 0.00181239866652, -0.00011797148909], [-2.33926730289e-05, -9.43603808992e-05, 0.000501318601891, -0.00073613692075, -0.000357212120434, -0.0014330529375, 0.00349121470936, -0.00112613476813, -0.00523324450478, 0.017461951822, -0.00637887977064, 0.000533456390258, 0.00293881399557], [-9.9923054222e-06, -0.000181922470802, -0.000702054880094, 0.00162721553352, -0.000771032646298, 0.00181750371121, -0.00368171255104, 0.00155115220696, 0.000229483935982, -0.00637887977064, 0.0185822416097, -0.00617036223412, 0.000825162685942], [8.48759282235e-06, -0.000428176601417, -0.000284917157842, -0.000919442682061, 0.000809078686871, -0.00135071144905, 0.00140146887861, -0.00228543276899, 0.00181239866652, 0.000533456390258, -0.00617036223412, 0.0197809971869, -0.00785663351417], [3.97329677071e-05, 0.000101568868558, -0.000321647676174, 0.000160903684446, -0.00219061342068, 2.92404638458e-05, -0.0022300935816, 0.00094165065093, -0.00011797148909, 0.00293881399557, 0.000825162685942, -0.00785663351417, 0.0183388832957]], "mean": [-683.291687012, 158.851852417, 3.4303047657, 21.8185214996, 4.85532093048, 14.2936487198, 2.666929245, 6.4649515152, 0.119814582169, 4.1108288765, 1.83406341076, 3.60626888275, 1.44740843773]}, "pitch_salience": {"dmean": 0.0703559592366, "dmean2": 0.115082450211, "dvar": 0.00448172166944, "dvar2": 0.0120220771059, "max": 0.860409677029, "mean": 0.487855255604, "median": 0.486060857773, "min": 0.134797662497, "var": 0.014358039014}, "silence_rate_20dB": {"dmean": 0, "dmean2": 0, "dvar": 0, "dvar2": 0, "max": 1, "mean": 1, "median": 1, "min": 1, "var": 0}, "silence_rate_30dB": {"dmean": 0.0168413501233, "dmean2": 0.0336857177317, "dvar": 0.0165587831289, "dvar2": 0.042582847178, "max": 1, "mean": 0.987280547619, "median": 1, "min": 0, "var": 0.0125582208857}, "silence_rate_60dB": {"dmean": 0.00824151188135, "dmean2": 0.0164845008403, "dvar": 0.00817397609353, "dvar2": 0.017826506868, "max": 1, "mean": 0.085632391274, "median": 0, "min": 0, "var": 0.0783012807369}, "spectral_centroid": {"dmean": 151.748748779, "dmean2": 235.667694092, "dvar": 47977.7148438, "dvar2": 105337.1875, "max": 11765.2011719, "mean": 881.73614502, "median": 801.029174805, "min": 179.014419556, "var": 432207.46875}, "spectral_complexity": {"dmean": 3.23210597038, "dmean2": 4.74646139145, "dvar": 19.6297836304, "dvar2": 35.0329971313, "max": 65, "mean": 15.948674202, "median": 15, "min": 0, "var": 97.0573806763}, "spectral_contrast_coeffs": {"dmean": [0.0454259291291, 0.0459776967764, 0.0393998250365, 0.0318050943315, 0.0217481013387, 0.0193387698382], "dmean2": [0.0746429413557, 0.0756583511829, 0.0628195852041, 0.0510895960033, 0.0349001735449, 0.0304272398353], "dvar": [0.00155502872076, 0.0013995351037, 0.00102318252902, 0.000652228831314, 0.000332885916578, 0.000468750455184], "dvar2": [0.00402147881687, 0.00382781005464, 0.00256443535909, 0.0016446125228, 0.000812839018181, 0.00116197299212], "max": [-0.283579021692, -0.435515969992, -0.482562094927, -0.569333612919, -0.653722822666, -0.595173597336], "mean": [-0.67465621233, -0.732831656933, -0.748897016048, -0.766078233719, -0.803530991077, -0.768557846546], "median": [-0.68395370245, -0.736260652542, -0.758816838264, -0.766455590725, -0.804210066795, -0.770020484924], "min": [-0.971535563469, -0.977553069592, -0.981368422508, -0.974336326122, -0.966263651848, -0.9655610919], "var": [0.00643636006862, 0.00444286782295, 0.00546859716997, 0.00286906328984, 0.00141139351763, 0.00250438018702]}, "spectral_contrast_valleys": {"dmean": [0.393696755171, 0.351849198341, 0.341372579336, 0.332616955042, 0.333559066057, 0.386684119701], "dmean2": [0.63620698452, 0.56917566061, 0.531699240208, 0.498667091131, 0.470058619976, 0.478981822729], "dvar": [0.157989248633, 0.109354816377, 0.111768759787, 0.12311501056, 0.164098784328, 0.216915652156], "dvar2": [0.352216541767, 0.256084501743, 0.242206424475, 0.250056445599, 0.338570445776, 0.406694352627], "max": [-4.68081712723, -4.36155033112, -4.87793159485, -5.20317554474, -5.21135902405, -8.37655925751], "mean": [-6.97286081314, -6.79142904282, -7.53136539459, -8.06140518188, -8.28075695038, -11.0892086029], "median": [-6.62442541122, -6.51875782013, -7.25344419479, -7.75831699371, -7.98129224777, -10.7987880707], "min": [-27.9642753601, -27.927778244, -27.7539596558, -27.7034244537, -27.5558605194, -27.3909626007], "var": [2.26355791092, 2.32769346237, 2.38914012909, 2.42874026299, 2.62103462219, 2.34791874886]}, "spectral_decrease": {"dmean": 2.68862199171e-09, "dmean2": 4.2250034582e-09, "dvar": 2.06603181062e-17, "dvar2": 5.11788688736e-17, "max": 1.84864321831e-28, "mean": -8.26331980619e-09, "median": -7.09060365978e-09, "min": -6.88364991674e-08, "var": 4.19594644907e-17}, "spectral_energy": {"dmean": 0.0106186391786, "dmean2": 0.0166443660855, "dvar": 0.000321695319144, "dvar2": 0.000796885462478, "max": 0.268849760294, "mean": 0.0326294563711, "median": 0.0278158634901, "min": 1.01358867165e-20, "var": 0.000660052290186}, "spectral_energyband_high": {"dmean": 0.000222679344006, "dmean2": 0.000330402486725, "dvar": 3.91204878269e-07, "dvar2": 9.72358293438e-07, "max": 0.00979057047516, "mean": 0.000342221843312, "median": 0.000130217798869, "min": 7.31317165024e-21, "var": 4.79910397644e-07}, "spectral_energyband_low": {"dmean": 0.00642257928848, "dmean2": 0.0103487642482, "dvar": 0.000175342313014, "dvar2": 0.000436584203271, "max": 0.178694188595, "mean": 0.016136655584, "median": 0.0138899348676, "min": 1.75045268752e-23, "var": 0.000244006994762}, "spectral_energyband_middle_high": {"dmean": 0.00239437469281, "dmean2": 0.00365270185284, "dvar": 2.251924343e-05, "dvar2": 5.45936891285e-05, "max": 0.0759370326996, "mean": 0.00536147644743, "median": 0.00262962374836, "min": 1.26325383328e-21, "var": 5.58188148716e-05}, "spectral_energyband_middle_low": {"dmean": 0.00504274712875, "dmean2": 0.00818502902985, "dvar": 7.54730644985e-05, "dvar2": 0.000198147652554, "max": 0.14809858799, "mean": 0.0118800187483, "median": 0.00866677053273, "min": 1.40585022378e-22, "var": 0.000143793047755}, "spectral_entropy": {"dmean": 0.19321295619, "dmean2": 0.27157714963, "dvar": 0.0440148115158, "dvar2": 0.0848833546042, "max": 9.82127857208, "mean": 7.26593065262, "median": 7.31496047974, "min": 5.47329044342, "var": 0.233024969697}, "spectral_flux": {"dmean": 0.0250149462372, "dmean2": 0.0385346524417, "dvar": 0.00108594854828, "dvar2": 0.00225090282038, "max": 0.360234111547, "mean": 0.0763224437833, "median": 0.0645200908184, "min": 6.3760711988e-11, "var": 0.00299114710651}, "spectral_kurtosis": {"dmean": 2.91239547729, "dmean2": 4.67412424088, "dvar": 17.4414463043, "dvar2": 42.2123565674, "max": 75.2717590332, "mean": 8.56742858887, "median": 6.77181529999, "min": -1.25578844547, "var": 46.0294456482}, "spectral_rms": {"dmean": 0.000795037078205, "dmean2": 0.00121793791186, "dvar": 1.18086450129e-06, "dvar2": 2.78558241007e-06, "max": 0.0161954462528, "mean": 0.0051650153473, "median": 0.00520935934037, "min": 3.14462561893e-12, "var": 5.15623378305e-06}, "spectral_rolloff": {"dmean": 223.829101562, "dmean2": 378.084442139, "dvar": 209224.65625, "dvar2": 493749.28125, "max": 19466.015625, "mean": 821.339599609, "median": 602.9296875, "min": 64.599609375, "var": 1719779.625}, "spectral_skewness": {"dmean": 0.305570989847, "dmean2": 0.483749717474, "dvar": 0.123564936221, "dvar2": 0.296865344048, "max": 6.70449447632, "mean": 2.10855174065, "median": 2.0143661499, "min": -0.125198349357, "var": 0.526696920395}, "spectral_spread": {"dmean": 586669.125, "dmean2": 801102.5, "dvar": 717732315136, "dvar2": 1410139684860.0, "max": 48400456, "mean": 39533