{"lowlevel": {"average_loudness": 0.901404440403, "barkbands": {"dmean": [4.82553014081e-06, 0.00166991702281, 0.00159005215392, 0.00105725903995, 0.000892588403076, 0.000344822212355, 0.000280630454654, 0.000236892868998, 0.000787829689216, 0.000477977009723, 0.000620107050054, 0.000508003635332, 0.000121713695989, 0.000159363858984, 0.000243827031227, 0.00070575508289, 0.000417774543166, 0.000272078497801, 9.75402581389e-05, 7.1682901762e-05, 2.98508221022e-05, 1.46726815728e-05, 1.21973635032e-05, 4.77354069517e-06, 1.95795291802e-06, 3.36060622885e-07, 6.25971594559e-08], "dmean2": [7.3951559898e-06, 0.00237356103025, 0.00257451413199, 0.00170880882069, 0.00140986032784, 0.000559470674489, 0.000448023754871, 0.000369347631931, 0.00119621527847, 0.000716710288543, 0.000938711396884, 0.000736235175282, 0.00018287722196, 0.000239030006924, 0.000389164371882, 0.00104257848579, 0.000660102581605, 0.000428856554208, 0.000151246029418, 0.000110824345029, 4.57208043372e-05, 2.16522184928e-05, 1.8549088054e-05, 7.29467774363e-06, 3.01466775454e-06, 5.0938166396e-07, 9.4301434217e-08], "dvar": [2.95857505161e-11, 1.30484895635e-05, 6.26581277174e-06, 2.87053694592e-06, 2.36970140577e-06, 4.98560439155e-07, 5.10843733537e-07, 3.10896837163e-07, 3.33471757585e-06, 2.68404596682e-06, 7.65805907577e-06, 4.71651128464e-06, 2.61952493474e-07, 2.75665939853e-07, 3.44365815863e-07, 4.70592021884e-06, 1.71492933987e-06, 4.40719134076e-07, 3.08305629915e-08, 1.98290717179e-08, 3.55986085054e-09, 8.8049811886e-10, 6.26682206128e-10, 1.00032919448e-10, 3.11743478254e-11, 7.36018613678e-13, 7.94412211252e-15], "dvar2": [6.72963074155e-11, 2.49049644481e-05, 1.65951623785e-05, 7.55783321438e-06, 5.74779596718e-06, 1.27374892145e-06, 1.33503306188e-06, 7.68251766203e-07, 7.53213043936e-06, 5.7940555962e-06, 1.6006790247e-05, 9.64978244156e-06, 5.90309014115e-07, 5.67957670228e-07, 8.45102249514e-07, 1.00576007753e-05, 4.21312915933e-06, 1.10812220555e-06, 7.26422655362e-08, 4.68950069887e-08, 8.54344506251e-09, 1.91420257423e-09, 1.43391043483e-09, 2.37688702054e-10, 7.78535430568e-11, 1.7569119987e-12, 1.84498700633e-14], "max": [0.000124476428027, 0.0388915985823, 0.0298567302525, 0.0250395722687, 0.019653050229, 0.0156332906336, 0.0142869679257, 0.0182891264558, 0.0394525378942, 0.0454296283424, 0.0934079438448, 0.0593290142715, 0.0235577449203, 0.016411319375, 0.0167001746595, 0.0729331076145, 0.041246406734, 0.0215684920549, 0.00464920746163, 0.00390539690852, 0.00186594435945, 0.00054286577506, 0.000443109078333, 0.000186378776561, 0.000121735589346, 2.734769987e-05, 2.57609053733e-06], "mean": [8.23396476335e-06, 0.00203461386263, 0.00327648594975, 0.00173663115129, 0.00144129269756, 0.000525763258338, 0.00038346380461, 0.000416337861679, 0.00162177148741, 0.000811392092146, 0.00100481347181, 0.000988777261227, 0.000188266829355, 0.000283774599666, 0.000406118575484, 0.00139035563916, 0.000782710732892, 0.000573695986532, 0.000216949192691, 0.000168776794453, 6.46441912977e-05, 2.59350708802e-05, 2.09461268241e-05, 8.29119289847e-06, 3.14271687785e-06, 6.70116776291e-07, 2.46975730533e-07], "median": [6.30956947134e-06, 0.000318565871567, 0.00198412919417, 0.0010490862187, 0.000711344298907, 0.000216325250221, 0.000118322554044, 0.000144302845001, 0.000282912224066, 0.000103936945379, 7.94087100076e-05, 9.53064518399e-05, 3.97127514589e-05, 5.37379310117e-05, 8.50506767165e-05, 0.000159974442795, 0.000140222589835, 0.000163063945365, 8.23191512609e-05, 7.28224695195e-05, 2.62733155978e-05, 1.0559338989e-05, 9.18333535083e-06, 3.29819522449e-06, 8.49712876061e-07, 3.08868777665e-07, 2.17898133315e-07], "min": [2.42035246104e-25, 2.39232127485e-24, 6.33291223824e-25, 6.45441851132e-25, 9.06653773361e-24, 6.34997529962e-24, 8.95658551178e-24, 6.71849798238e-24, 1.9711158576e-23, 1.024419978e-23, 1.87557549341e-23, 2.22847857248e-23, 2.21822764056e-23, 4.79527087267e-23, 4.79461517149e-23, 3.61963241225e-23, 6.09489649483e-23, 7.85243946416e-23, 1.08127447717e-22, 1.74579765087e-22, 2.29796014728e-22, 2.68051679176e-22, 4.06572069549e-22, 5.55336165875e-22, 8.76155318981e-22, 1.35882176973e-21, 1.79620331311e-21], "var": [5.81304691882e-11, 2.04595380637e-05, 1.34128267746e-05, 4.4633629841e-06, 3.78738400286e-06, 8.90281853572e-07, 6.78983667513e-07, 8.81870391822e-07, 1.14314480015e-05, 8.00565430836e-06, 2.23409533646e-05, 1.55440502567e-05, 4.56333680177e-07, 8.00556449576e-07, 7.89214539054e-07, 1.45616304508e-05, 4.19855587097e-06, 1.38264670113e-06, 1.05516022586e-07, 7.44018961996e-08, 1.1294943647e-08, 1.67390812322e-09, 1.03279118591e-09, 1.7531430474e-10, 4.82287126902e-11, 1.22601570823e-12, 2.99881477886e-14]}, "barkbands_crest": {"dmean": 2.46987247467, "dmean2": 3.97507357597, "dvar": 5.26678848267, "dvar2": 12.6307477951, "max": 26.5789585114, "mean": 10.212843895, "median": 9.57524490356, "min": 2.52378177643, "var": 16.5945968628}, "barkbands_flatness_db": {"dmean": 0.0209763124585, "dmean2": 0.0305935684592, "dvar": 0.000502095441334, "dvar2": 0.000961281417403, "max": 0.694302856922, "mean": 0.161180689931, "median": 0.155976653099, "min": 0.038393843919, "var": 0.00284393830225}, "barkbands_kurtosis": {"dmean": 2.88549518585, "dmean2": 4.43637657166, "dvar": 31.3340396881, "dvar2": 68.1264572144, "max": 160.647064209, "mean": 4.5721988678, "median": 0.757463097572, "min": -1.86106395721, "var": 100.509300232}, "barkbands_skewness": {"dmean": 0.561501443386, "dmean2": 0.826522290707, "dvar": 0.387998878956, "dvar2": 0.789755642414, "max": 12.6754264832, "mean": 1.19467496872, "median": 0.907717466354, "min": -3.5031311512, "var": 2.93427205086}, "barkbands_spread": {"dmean": 4.82951688766, "dmean2": 7.41180038452, "dvar": 32.5273628235, "dvar2": 69.6459350586, "max": 96.9194564819, "mean": 20.0093536377, "median": 19.4202957153, "min": 1.3080971241, "var": 122.204330444}, "dissonance": {"dmean": 0.0170497000217, "dmean2": 0.0288767367601, "dvar": 0.000323185726302, "dvar2": 0.000866544200107, "max": 0.500000059605, "mean": 0.469892024994, "median": 0.477295219898, "min": 0.267772853374, "var": 0.000669347704388}, "dynamic_complexity": 4.21113061905, "erbbands": {"dmean": [0.0182727668434, 0.465798437595, 1.49716889858, 3.1299393177, 3.34399199486, 2.74122905731, 1.96304190159, 3.06214499474, 4.38486194611, 4.22771120071, 6.72006559372, 14.3743886948, 21.4065933228, 13.5037260056, 22.8333568573, 15.9445877075, 5.49218416214, 7.32435846329, 6.5736079216, 19.3571338654, 41.8970451355, 20.1277732849, 15.550034523, 7.00674057007, 3.6603808403, 3.06302976608, 1.72266578674, 0.75860196352, 0.544334590435, 0.470714718103, 0.314839750528, 0.132967039943, 0.0668676793575, 0.0313320606947, 0.00902116112411, 0.00231375591829, 0.000503240094986, 8.79772705957e-05, 1.15882503451e-05, 6.83310281602e-06], "dmean2": [0.0261691976339, 0.659267902374, 2.43122816086, 4.88986587524, 5.26610279083, 4.50625514984, 3.18376231194, 4.94380474091, 6.98114919662, 6.77872562408, 10.3299541473, 22.1660690308, 31.4042472839, 19.5965423584, 32.4893035889, 22.7866306305, 8.09686946869, 10.5317926407, 10.0330572128, 29.7275428772, 60.3596191406, 31.0423526764, 24.1188259125, 10.7574062347, 5.50172472, 4.67380094528, 2.61221814156, 1.14999175072, 0.807152509689, 0.714301347733, 0.476024150848, 0.202400773764, 0.103026673198, 0.0480535291135, 0.0138780325651, 0.00351181393489, 0.000767534074839, 0.000133953726618, 1.71027477336e-05, 9.17821853363e-06], "dvar": [0.00152547750622, 0.984256446362, 6.49252653122, 22.0612125397, 30.198633194, 25.4358043671, 12.263130188, 43.2582359314, 124.409812927, 101.029762268, 205.563537598, 1205.19909668, 3629.12988281, 3143.32202148, 9366.19238281, 5521.43798828, 439.093231201, 673.117614746, 262.184356689, 2184.21679688, 18161.578125, 4091.66845703, 1325.46032715, 171.155853271, 44.1791992188, 42.6432151794, 12.2836341858, 2.39441370964, 1.1808193922, 1.01581323147, 0.413925230503, 0.0808171629906, 0.0216672513634, 0.00743078021333, 0.000792549282778, 4.42052623839e-05, 1.33112348522e-06, 2.82985492817e-08, 2.39477965236e-10, 6.69623592686e-11], "dvar2": [0.00280587095767, 1.8999273777, 16.8412704468, 56.1270828247, 74.1047668457, 66.0220947266, 31.3859348297, 108.849967957, 319.968658447, 266.450744629, 454.376983643, 2588.93530273, 8144.79638672, 6417.16796875, 19546.2910156, 11727.5478516, 916.913513184, 1339.17565918, 592.151306152, 4955.39941406, 37129.2070312, 9427.29492188, 3183.91650391, 396.672027588, 99.6991577148, 99.6438293457, 28.126625061, 5.50166273117, 2.5304377079, 2.39055347443, 0.944327771664, 0.190107494593, 0.0525446161628, 0.0182912759483, 0.00198241765611, 0.000106071696791, 3.24289703713e-06, 6.77446863051e-08, 5.34108812733e-10, 1.29153007733e-10], "max": [0.401004970074, 10.5925931931, 29.4356822968, 53.085723877, 68.9238815308, 76.0060043335, 57.6425209045, 143.057144165, 214.996749878, 213.635940552, 427.739868164, 1097.79309082, 1694.64599609, 2009.99694824, 3181.96728516, 2625.99804688, 957.774230957, 876.065917969, 363.530731201, 1360.9855957, 4260.31103516, 2657.0793457, 1021.69763184, 422.270782471, 213.324035645, 189.897903442, 130.994064331, 54.3404922485, 21.5841808319, 20.0634746552, 12.1781482697, 5.94901275635, 2.94772553444, 2.31715488434, 0.682193100452, 0.219935715199, 0.0233147572726, 0.00434510223567, 0.000460314535303, 0.000121974480862], "mean": [0.023704783991, 0.59665876627, 2.84206795692, 6.32870531082, 5.6408405304, 3.96008348465, 2.98970341682, 4.64438676834, 5.8896446228, 6.62407493591, 13.3040342331, 29.688041687, 43.7332382202, 23.0655879974, 46.5723571777, 31.7522525787, 10.1721544266, 13.4082384109, 12.5467061996, 36.8509788513, 85.0753326416, 45.405040741, 36.4374084473, 16.5571041107, 9.18686962128, 7.29994916916, 4.15095710754, 1.63459515572, 0.986254870892, 0.792748451233, 0.545651614666, 0.232084259391, 0.113355770707, 0.0508288405836, 0.0142271015793, 0.00400497438386, 0.00106329133268, 0.000246488518314, 4.84668707941e-05, 2.48463093158e-05], "median": [0.0051415162161, 0.137950286269, 1.79312109947, 3.93627762794, 2.93120193481, 1.95026707649, 1.61700892448, 1.77630019188, 1.7987780571, 2.63977789879, 4.96640872955, 6.18295145035, 5.04243946075, 3.50748324394, 4.71537446976, 4.15142631531, 2.6950302124, 2.91244769096, 3.8233859539, 9.14077377319, 10.075753212, 8.8964099884, 9.6766204834, 6.58014154434, 4.28880023956, 3.10815453529, 1.75845074654, 0.638278722763, 0.400984287262, 0.332518875599, 0.239921987057, 0.101333998144, 0.0412384346128, 0.0135786160827, 0.00422306265682, 0.00144285312854, 0.000542366760783, 0.000178512898856, 4.3439300498e-05, 2.10145408346e-05], "min": [4.00852348359e-23, 8.20208243354e-22, 9.64124038422e-22, 6.41920549285e-21, 8.42709797643e-21, 2.21878323088e-20, 3.4143899267e-20, 7.60241215353e-20, 9.89201383863e-20, 1.73979230952e-19, 2.36377354891e-19, 4.05621325803e-19, 3.35345327581e-19, 7.1630516815e-19, 1.20329146867e-18, 1.31794459523e-18, 1.31660601021e-18, 2.58083266928e-18, 2.61603602859e-18, 3.14265849762e-18, 3.38471139718e-18, 3.94078769988e-18, 5.04549857488e-18, 5.18600388732e-18, 6.97774823164e-18, 8.98596077918e-18, 1.04933659238e-17, 9.99849271468e-18, 1.08164237936e-17, 1.19399195267e-17, 1.16703289574e-17, 1.02456228488e-17, 9.51118655375e-18, 8.19278721597e-18, 6.34286436404e-18, 4.1322407206e-18, 2.38800652874e-18, 9.2306097851e-19, 2.23212956388e-19, 2.69787347853e-20], "var": [0.00251002633013, 1.55365967751, 10.6777696609, 51.3960647583, 52.1528663635, 32.8450393677, 20.0766105652, 78.3384399414, 163.603240967, 154.558639526, 698.651550293, 3963.41479492, 15540.9726562, 8047.98046875, 35655.2421875, 17382.6894531, 1288.421875, 1558.76196289, 698.207214355, 5944.97216797, 52271.7109375, 12631.0810547, 5359.14892578, 623.432983398, 168.922637939, 138.617126465, 45.818397522, 6.26849985123, 2.38268637657, 1.54375052452, 0.712755858898, 0.133419051766, 0.037766944617, 0.0121714146808, 0.00109846505802, 6.27092595096e-05, 2.6446261927e-06, 6.66042510034e-08, 1.10912634632e-09, 3.67914088084e-10]}, "erbbands_crest": {"dmean": 2.76699614525, "dmean2": 4.40419244766, "dvar": 7.07228136063, "dvar2": 16.5549755096, "max": 32.9390716553, "mean": 10.5834255219, "median": 9.00127029419, "min": 1.95222449303, "var": 33.3886299133}, "erbbands_flatness_db": {"dmean": 0.0176788493991, "dmean2": 0.0249994583428, "dvar": 0.000305516470689, "dvar2": 0.000547419360373, "max": 0.444788098335, "mean": 0.200344607234, "median": 0.191767305136, "min": 0.0326250530779, "var": 0.00305148726329}, "erbbands_kurtosis": {"dmean": 1.12083482742, "dmean2": 1.74337470531, "dvar": 3.16832065582, "dvar2": 7.08936738968, "max": 39.0020446777, "mean": 0.932574212551, "median": -0.189799070358, "min": -1.83333396912, "var": 10.5736398697}, "erbbands_skewness": {"dmean": 0.399142622948, "dmean2": 0.606519699097, "dvar": 0.14306139946, "dvar2": 0.306708008051, "max": 4.24073648453, "mean": -0.172012776136, "median": -0.167821779847, "min": -4.69362783432, "var": 0.948121547699}, "erbbands_spread": {"dmean": 6.76184177399, "dmean2": 10.2237882614, "dvar": 60.3453712463, "dvar2": 135.520431519, "max": 123.742553711, "mean": 33.1260261536, "median": 29.7919559479, "min": 2.32428884506, "var": 343.68951416}, "gfcc": {"cov": [[28867.7636719, 2416.94482422, -3219.2902832, 1066.78894043, -1350.41296387, 195.005157471, -784.869873047, 389.816131592, -320.358673096, -697.20300293, -599.409240723, -295.968597412, -71.3178329468], [2416.94482422, 1224.4675293, 239.611572266, 175.396133423, 90.8567504883, -37.3569107056, 69.2222366333, -113.676437378, -73.8223495483, -143.148803711, -89.4058914185, -153.759536743, -92.8790588379], [-3219.2902832, 239.611572266, 1369.87145996, 205.048110962, 60.4006500244, 31.7315216064, 20.1272010803, -74.0371780396, 9.33794403076, -9.85397815704, -14.6374511719, -42.0169410706, -35.874584198], [1066.78894043, 175.396133423, 205.048110962, 489.037109375, 55.7881889343, 29.5659503937, -0.0961928069592, -13.2866268158, 15.5045557022, -118.12978363, -84.7700958252, -37.0419006348, -53.7610549927], [-1350.41296387, 90.8567504883, 60.4006500244, 55.7881889343, 428.546813965, 53.7269325256, 147.424545288, -44.0478744507, 11.4662752151, -3.76793313026, 5.99977397919, -24.0306110382, -19.8085346222], [195.005157471, -37.3569107056, 31.7315216064, 29.5659503937, 53.7269325256, 244.312347412, 77.0389709473, -35.8467025757, -48.1555900574, -16.9194717407, -0.977676093578, -19.5425376892, -9.09185218811], [-784.869873047, 69.2222366333, 20.1272010803, -0.0961928069592, 147.424545288, 77.0389709473, 240.759475708, -27.673160553, 5.98313999176, -12.701789856, 18.4658660889, -23.9348106384, -27.4537620544], [389.816131592, -113.676437378, -74.0371780396, -13.2866268158, -44.0478744507, -35.8467025757, -27.673160553, 220.379608154, 80.4665527344, -16.8753967285, -49.8309402466, 7.28411436081, 53.1644744873], [-320.358673096, -73.8223495483, 9.33794403076, 15.5045557022, 11.4662752151, -48.1555900574, 5.98313999176, 80.4665527344, 126.216117859, 25.4020347595, -17.9941864014, 11.6902580261, 16.6198806763], [-697.20300293, -143.148803711, -9.85397815704, -118.12978363, -3.76793313026, -16.9194717407, -12.701789856, -16.8753967285, 25.4020347595, 151.261550903, 86.1963577271, 36.5414009094, 3.203592062], [-599.409240723, -89.4058914185, -14.6374511719, -84.7700958252, 5.99977397919, -0.977676093578, 18.4658660889, -49.8309402466, -17.9941864014, 86.1963577271, 145.454299927, 54.4374198914, -5.45798540115], [-295.968597412, -153.759536743, -42.0169410706, -37.0419006348, -24.0306110382, -19.5425376892, -23.9348106384, 7.28411436081, 11.6902580261, 36.5414009094, 54.4374198914, 99.645324707, 40.2495079041], [-71.3178329468, -92.8790588379, -35.874584198, -53.7610549927, -19.8085346222, -9.09185218811, -27.4537620544, 53.1644744873, 16.6198806763, 3.203592062, -5.45798540115, 40.2495079041, 97.0448150635]], "icov": [[0.000559432664886, -0.00160404446069, 0.00169330323115, -0.00158416316845, 0.00160213862546, -0.00162674905732, 0.00143214175478, -0.00131428567693, 0.000727483886294, -0.000479180685943, 0.000317230354995, -0.000236074847635, -6.89348162268e-05], [-0.00160404446069, 0.00585185876116, -0.00498641794547, 0.00441778358072, -0.00468527711928, 0.00531315244734, -0.00434970809147, 0.00424968823791, -0.00169873610139, 0.00218772515655, -0.00103259540629, 0.00222301553003, 0.000247307034442], [0.00169330323115, -0.00498641794547, 0.00595101667568, -0.00516693526879, 0.00484927697107, -0.00503525743261, 0.00436414498836, -0.00370737328194, 0.00195282546338, -0.00176245789044, 0.000885587243829, -0.000463586795377, -0.000440905743744], [-0.00158416316845, 0.00441778358072, -0.00516693526879, 0.00774741359055, -0.00496606435627, 0.00399983208627, -0.0032386330422, 0.0040480280295, -0.0035478125792, 0.00391944078729, -0.000279699248495, -0.000486470060423, 0.00233728042804], [0.00160213862546, -0.00468527711928, 0.00484927697107, -0.00496606435627, 0.00769904348999, -0.00475753424689, 0.00227294210345, -0.00318848807365, 0.00162925932091, -0.00185332307592, 0.000962906633504, -0.000286157941446, -0.000794670020696], [-0.00162674905732, 0.00531315244734, -0.00503525743261, 0.00399983208627, -0.00475753424689, 0.0102493315935, -0.00612960103899, 0.00394567335024, 0.000615905504674, 0.00099567277357, -0.000465489603812, 0.00189735740423, -0.000613914220594], [0.00143214175478, -0.00434970809147, 0.00436414498836, -0.0032386330422, 0.00227294210345, -0.00612960103899, 0.0102208992466, -0.00311802420765, -0.000403082289267, 0.000869734445587, -0.0013333405368, 0.000233092447161, 0.00106660206802], [-0.00131428567693, 0.00424968823791, -0.00370737328194, 0.0040480280295, -0.00318848807365, 0.00394567335024, -0.00311802420765, 0.0109078045934, -0.006384994369, 0.00274200248532, 0.000265885144472, 0.00182552810293, -0.002904699184], [0.000727483886294, -0.00169873610139, 0.00195282546338, -0.0035478125792, 0.00162925932091, 0.000615905504674, -0.000403082289267, -0.006384994369, 0.0151554988697, -0.00587445124984, 0.00393610075116, -0.00185850507114, 3.00251394947e-05], [-0.000479180685943, 0.00218772515655, -0.00176245789044, 0.00391944078729, -0.00185332307592, 0.00099567277357, 0.000869734445587, 0.00274200248532, -0.00587445124984, 0.0148140657693, -0.0075508649461, 0.00128864322323, 0.00127818784676], [0.000317230354995, -0.00103259540629, 0.000885587243829, -0.000279699248495, 0.000962906633504, -0.000465489603812, -0.0013333405368, 0.000265885144472, 0.00393610075116, -0.0075508649461, 0.0157663449645, -0.00803432706743, 0.00284151360393], [-0.000236074847635, 0.00222301553003, -0.000463586795377, -0.000486470060423, -0.000286157941446, 0.00189735740423, 0.000233092447161, 0.00182552810293, -0.00185850507114, 0.00128864322323, -0.00803432706743, 0.0198658555746, -0.00771708460525], [-6.89348162268e-05, 0.000247307034442, -0.000440905743744, 0.00233728042804, -0.000794670020696, -0.000613914220594, 0.00106660206802, -0.002904699184, 3.00251394947e-05, 0.00127818784676, 0.00284151360393, -0.00771708460525, 0.0166088305414]], "mean": [-82.5558700562, 110.664642334, -140.963851929, 38.7840538025, -39.0221595764, -3.58849811554, -23.9891338348, 6.03661394119, -15.4185171127, -16.1838359833, -18.2766227722, -8.96598052979, -12.330827713]}, "hfc": {"dmean": 4.14415502548, "dmean2": 5.5866522789, "dvar": 42.0170402527, "dvar2": 81.9446105957, "max": 171.457138062, "mean": 15.8668174744, "median": 8.17480659485, "min": 1.06147561677e-16, "var": 329.448730469}, "melbands": {"dmean": [0.0003247721761, 0.000724946206901, 0.000507826975081, 0.000224118746701, 7.3759118095e-05, 7.12181863491e-05, 6.2703518779e-05, 4.77874964417e-05, 6.71168891131e-05, 0.000102408870589, 0.000106558356492, 5.12574333698e-05, 7.89070618339e-05, 6.25359243713e-05, 2.23008573812e-05, 1.20770155263e-05, 1.50829009726e-05, 1.07733831101e-05, 2.19281082536e-05, 3.76647585654e-05, 5.56641025469e-05, 2.42060668825e-05, 1.96329929167e-05, 1.22984793052e-05, 6.16591614744e-06, 3.17752437695e-06, 3.31145110977e-06, 2.06653453461e-06, 1.3993610537e-06, 6.99893917044e-07, 4.1238860149e-07, 3.24021073084e-07, 2.88027848683e-07, 2.74023193469e-07, 2.11142932471e-07, 1.18707276897e-07, 7.28190627797e-08, 5.15433669079e-08, 3.87856609052e-08, 2.28378258527e-08], "dmean2": [0.000460329494672, 0.00109920999967, 0.000787492783275, 0.000356066622771, 0.000119652264402, 0.000114261267299, 9.937408322e-05, 7.62079362175e-05, 0.000105096194602, 0.000156773763592, 0.000156976791914, 7.56280496716e-05, 0.000112280904432, 8.76609628904e-05, 3.29827162204e-05, 1.80672577699e-05, 2.20150395762e-05, 1.63714903465e-05, 3.48254070559e-05, 5.60260232305e-05, 8.076440281e-05, 3.80128694815e-05, 2.99966450257e-05, 1.92151019291e-05, 9.59108183451e-06, 4.85574128106e-06, 5.1765164244e-06, 3.21257311953e-06, 2.17390220314e-06, 1.10455857794e-06, 6.30098156762e-07, 4.84933195821e-07, 4.38486779331e-07, 4.22680471956e-07, 3.25190399053e-07, 1.83229516892e-07, 1.12581709288e-07, 8.03703201768e-08, 6.08053412066e-08, 3.52435023387e-08], "dvar": [4.95070821671e-07, 1.63481865911e-06, 5.51904292934e-07, 1.46095644027e-07, 1.6899472044e-08, 2.33609718236e-08, 2.51072016511e-08, 1.25007693086e-08, 2.07069081881e-08, 5.99827316705e-08, 8.97442546943e-08, 4.81412207876e-08, 1.10718985979e-07, 7.41778762858e-08, 2.08917434463e-08, 1.49945655892e-09, 3.05369729503e-09, 1.17744203276e-09, 2.57945131921e-09, 1.3933836307e-08, 3.16548245394e-08, 6.15547168792e-09, 3.10473113885e-09, 1.04541986179e-09, 1.33819441639e-10, 3.60136261091e-11, 4.92217620829e-11, 2.24370990537e-11, 7.98080438541e-12, 2.9688927098e-12, 6.91552013137e-13, 4.26466154058e-13, 3.75084268115e-13, 3.58460304625e-13, 1.83840451e-13, 7.08483158208e-14, 2.29531495264e-14, 1.21378593144e-14, 1.02411162233e-14, 4.56830830014e-15], "dvar2": [9.16928968309e-07, 3.74342630494e-06, 1.37515223742e-06, 3.56347385377e-07, 4.2307465975e-08, 5.87393280682e-08, 6.435256239e-08, 3.34121281753e-08, 4.65558080975e-08, 1.32879478087e-07, 2.0082987362e-07, 9.84527588344e-08, 2.25119364927e-07, 1.40910813684e-07, 4.46860468628e-08, 2.97782598579e-09, 5.93499649426e-09, 2.63169508408e-09, 6.33681951356e-09, 2.95201303402e-08, 6.49684466225e-08, 1.45958809483e-08, 7.18608861305e-09, 2.51203968737e-09, 3.06451503063e-10, 8.33649052567e-11, 1.12988660095e-10, 5.26705831727e-11, 1.83344086441e-11, 7.65856995877e-12, 1.61621822696e-12, 8.98736651506e-13, 8.69647127748e-13, 8.62455452107e-13, 4.25155516261e-13, 1.67955886286e-13, 5.43970352432e-14, 2.96609660661e-14, 2.59056776817e-14, 1.11938622705e-14], "max": [0.00750048644841, 0.014771990478, 0.00913814362139, 0.00445559574291, 0.00219058943912, 0.00304841529578, 0.00283402204514, 0.00324196438305, 0.0039515378885, 0.00595849426463, 0.00855556875467, 0.00752374762669, 0.0100867059082, 0.00900475587696, 0.00708283297718, 0.00144203740638, 0.00196804152802, 0.000847943127155, 0.00114937114995, 0.00376042281277, 0.00419413810596, 0.00241986406036, 0.00159720133524, 0.00147491786629, 0.000337794190273, 0.000178830596269, 0.000208398807445, 0.000170968967723, 8.4434665041e-05, 8.33208687254e-05, 1.72205091076e-05, 1.39282965392e-05, 1.16148612506e-05, 1.28052579385e-05, 8.37302286527e-06, 5.34324681212e-06, 2.79421124105e-06, 2.06766208066e-06, 1.99439023163e-06, 2.18378295358e-06], "mean": [0.000404200836783, 0.0013467312092, 0.00106583291199, 0.00035564758582, 0.000113127025543, 0.000108498803456, 8.62745437189e-05, 7.7182376117e-05, 0.000130624510348, 0.000208893092349, 0.000212998696952, 8.03794828244e-05, 0.000149251558469, 0.000125726786791, 4.15728791268e-05, 1.9108862034e-05, 2.6307612643e-05, 1.78177142516e-05, 3.75524541596e-05, 6.66447522235e-05, 0.000103850346932, 4.44385623268e-05, 4.24193931394e-05, 2.38235606957e-05, 1.25157330331e-05, 7.01141198078e-06, 6.76742729411e-06, 4.29325973528e-06, 3.03832780446e-06, 1.43817158005e-06, 7.61896501444e-07, 5.54384428142e-07, 4.72052562372e-07, 4.36303849938e-07, 3.536506199e-07, 1.90377093645e-07, 1.22211758935e-07, 8.30789375073e-08, 6.12606001482e-08, 3.55678118069e-08], "median": [6.80616867612e-05, 0.000783400144428, 0.000711993139703, 0.000178526170203, 6.1803511926e-05, 4.23064338975e-05, 2.67085724772e-05, 2.72934994427e-05, 4.21672593802e-05, 3.68056498701e-05, 2.16843054659e-05, 1.04505761556e-05, 1.38941277328e-05, 1.11702556751e-05, 5.5414493545e-06, 4.42249529442e-06, 4.96441862197e-06, 3.83077531296e-06, 7.82485403761e-06, 1.07529458546e-05, 1.00689831015e-05, 7.91791717347e-06, 8.17618456495e-06, 7.32046919438e-06, 4.51474397778e-06, 2.77563231066e-06, 2.91396463581e-06, 1.66216068465e-06, 1.18571119856e-06, 5.9168411326e-07, 2.51139482543e-07, 2.10317963933e-07, 1.87798988804e-07, 1.79906038511e-07, 1.51545108906e-07, 7.86665026453e-08, 4.88096887352e-08, 2.97283690998e-08, 1.66293858683e-08, 8.85911344284e-09], "min": [5.17434772548e-25, 9.8075072877e-25, 1.1900844363e-24, 1.17613727689e-24, 1.36169205433e-24, 1.49212271083e-24, 1.48804676514e-24, 1.86297154719e-24, 1.38502527801e-24, 2.71120764616e-24, 1.55634979358e-24, 2.34282143634e-24, 2.7969236944e-24, 3.28308723181e-24, 2.68378269958e-24, 2.32708622508e-24, 3.71539326306e-24, 2.5723196119e-24, 4.20689896651e-24, 1.55227079106e-24, 3.57204224822e-24, 3.03429549066e-24, 3.89959228443e-24, 2.82121725762e-24, 3.49426135183e-24, 4.12334715817e-24, 4.84536235686e-24, 4.77601280582e-24, 4.53671106136e-24, 4.98125666399e-24, 5.70230471922e-24, 5.39285549091e-24, 5.00576460016e-24, 5.96754578796e-24, 5.63983600742e-24, 5.85193033369e-24, 5.34710510828e-24, 5.78362641778e-24, 6.77985400587e-24, 5.52638203204e-24], "var": [7.98411008418e-07, 2.87666466647e-06, 1.31769525069e-06, 2.28215824905e-07, 2.66489461609e-08, 4.07976372685e-08, 3.46061490575e-08, 2.32226344821e-08, 8.0470762498e-08, 1.90898475694e-07, 3.79772586712e-07, 1.15369147125e-07, 4.20493080355e-07, 2.44325860876e-07, 7.95817172161e-08, 3.81055942356e-09, 7.02079727688e-09, 2.95586777277e-09, 6.38693098409e-09, 3.70501531677e-08, 7.91238718989e-08, 1.43219720528e-08, 1.16259819549e-08, 2.54189891358e-09, 4.03933136939e-10, 1.24001447999e-10, 1.46605533269e-10, 5.86620196863e-11, 2.66851298003e-11, 6.07652730217e-12, 1.60417751131e-12, 8.59862040511e-13, 5.97838185207e-13, 5.03510644637e-13, 3.14452104763e-13, 1.03193637717e-13, 3.92264854225e-14, 2.01074423903e-14, 1.64335301552e-14, 7.16805104449e-15]}, "melbands_crest": {"dmean": 2.92698001862, "dmean2": 4.70886087418, "dvar": 7.59675073624, "dvar2": 19.1573734283, "max": 39.8753051758, "mean": 13.6863117218, "median": 13.5067605972, "min": 1.5108859539, "var": 25.35197258}, "melbands_flatness_db": {"dmean": 0.0258878711611, "dmean2": 0.0374993495643, "dvar": 0.000772117869928, "dvar2": 0.00148251501378, "max": 0.581685423851, "mean": 0.220124036074, "median": 0.215183496475, "min": 0.00302395713516, "var": 0.00544310593978}, "melbands_kurtosis": {"dmean": 7.32877779007, "dmean2": 11.2486724854, "dvar": 364.850311279, "dvar2": 924.295410156, "max": 942.33392334, "mean": 14.3200063705, "median": 3.57043194771, "min": -1.86022019386, "var": 775.683044434}, "melbands_skewness": {"dmean": 0.757327973843, "dmean2": 1.12065577507, "dvar": 0.875576972961, "dvar2": 1.90687143803, "max": 30.3040523529, "mean": 2.39668273926, "median": 1.81874549389, "min": -2.72224998474, "var": 5.25766181946}, "melbands_spread": {"dmean": 7.51479673386, "dmean2": 11.541727066, "dvar": 96.8671951294, "dvar2": 206.733901978, "max": 224.876602173, "mean": 29.1251583099, "median": 24.2385368347, "min": 0.922058343887, "var": 592.083007812}, "mfcc": {"cov": [[10245.2832031, 1021.4588623, -402.368743896, 307.86114502, -75.9937667847, -187.953125, -235.633773804, 440.567596436, 215.38092041, 10.8677606583, -340.329925537, -100.970420837, -101.774635315], [1021.4588623, 1365.41101074, 185.627593994, 219.329727173, 83.427520752, 66.5426254272, 105.907974243, 12.6417045593, 11.0267868042, 41.570110321, -3.44533538818, -70.8877563477, -97.8152236938], [-402.368743896, 185.627593994, 926.735656738, 145.437210083, 50.4509315491, 71.8190155029, -29.4567661285, 3.88722515106, -19.900932312, -36.8203735352, 74.4660415649, -68.5569763184, -133.967727661], [307.86114502, 219.329727173, 145.437210083, 444.126464844, 116.135665894, 64.6466064453, -4.41941928864, 97.0673522949, 52.1105613708, -17.5247802734, -5.23003816605, 26.0099372864, -21.1960964203], [-75.9937667847, 83.427520752, 50.4509315491, 116.135665894, 219.118560791, 42.848739624, 30.0135269165, 29.4856948853, 47.7498855591, 2.99205756187, -14.3088207245, 2.99226093292, 1.11472690105], [-187.953125, 66.5426254272, 71.8190155029, 64.6466064453, 42.848739624, 322.994262695, 129.25718689, 24.8790721893, -53.7593231201, 18.4662513733, 21.330116272, -45.0384941101, 15.5130958557], [-235.633773804, 105.907974243, -29.4567661285, -4.41941928864, 30.0135269165, 129.25718689, 196.34046936, 34.0249938965, -19.9482097626, 31.1850738525, 12.4074163437, -22.6753387451, 3.4606897831], [440.567596436, 12.6417045593, 3.88722515106, 97.0673522949, 29.4856948853, 24.8790721893, 34.0249938965, 185.092208862, 92.2072677612, 18.8209514618, -19.3347854614, -14.1366872787, -16.3903312683], [215.38092041, 11.0267868042, -19.900932312, 52.1105613708, 47.7498855591, -53.7593231201, -19.9482097626, 92.2072677612, 186.971069336, 39.4755516052, -18.5026760101, -2.20342993736, -28.9851226807], [10.8677606583, 41.570110321, -36.8203735352, -17.5247802734, 2.99205756187, 18.4662513733, 31.1850738525, 18.8209514618, 39.4755516052, 92.3008728027, 22.9547672272, -3.20090436935, -4.14125013351], [-340.329925537, -3.44533538818, 74.4660415649, -5.23003816605, -14.3088207245, 21.330116272, 12.4074163437, -19.3347854614, -18.5026760101, 22.9547672272, 102.159561157, 25.692111969, -9.97257900238], [-100.970420837, -70.8877563477, -68.5569763184, 26.0099372864, 2.99226093292, -45.0384941101, -22.6753387451, -14.1366872787, -2.20342993736, -3.20090436935, 25.692111969, 112.141670227, 53.5333786011], [-101.774635315, -97.8152236938, -133.967727661, -21.1960964203, 1.11472690105, 15.5130958557, 3.4606897831, -16.3903312683, -28.9851226807, -4.14125013351, -9.97257900238, 53.5333786011, 125.06842804]], "icov": [[0.000155135858222, -0.000149503277498, 8.4774896095e-05, 1.56004443852e-05, 9.94096699287e-05, -3.71231180907e-05, 0.000363330298569, -0.000458804570371, 0.000146203732584, -0.000102731697552, 0.000420298078097, -6.6335000156e-05, 0.000128694373416], [-0.000149503277498, 0.00109266350046, -0.000157644317369, -0.000622977269813, -0.000149769519339, 0.000284905923763, -0.000987848034129, 0.000885304587428, -1.80294373422e-05, -0.000474228494568, -0.000164107739693, 0.000506330979988, 0.000318122882163], [8.4774896095e-05, -0.000157644317369, 0.00165222142823, -0.000315975456033, -0.000299528444884, -0.000355975644197, 0.000804689654615, -0.000303752342006, 0.00031133327866, 0.000791256199591, -0.00123937311582, 0.000724265351892, 0.00133619911503], [1.56004443852e-05, -0.000622977269813, -0.000315975456033, 0.0038521469105, -0.00134479429107, -0.00118562881835, 0.0012542627519, -0.00201594387181, -4.43782300863e-05, 0.0010231747292, 0.000405914470321, -0.00233182474039, 0.000754064589273], [9.94096699287e-05, -0.000149769519339, -0.000299528444884, -0.00134479429107, 0.00608228007331, -0.00050786382053, -0.000952899921685, 0.000767562130932, -0.00195994367823, 0.000218930203118, 0.00132238899823, -0.000372366019292, -0.00063139887061], [-3.71231180907e-05, 0.000284905923763, -0.000355975644197, -0.00118562881835, -0.00050786382053, 0.00557983294129, -0.00306021119468, -0.000195455853827, 0.00157332362141, -0.000842617591843, -0.00134319521021, 0.00314975669608, -0.00213672034442], [0.000363330298569, -0.000987848034129, 0.000804689654615, 0.0012542627519, -0.000952899921685, -0.00306021119468, 0.0093442928046, -0.00331063824706, 0.00188604614232, -0.00172829872463, 0.000284070934867, -0.00029823044315, 0.00082341110101], [-0.000458804570371, 0.000885304587428, -0.000303752342006, -0.00201594387181, 0.000767562130932, -0.000195455853827, -0.00331063824706, 0.010446797125, -0.00489466171712, 0.000302188331261, -0.000149327868712, 0.00116448604967, -0.000504607509356], [0.000146203732584, -1.80294373422e-05, 0.00031133327866, -4.43782300863e-05, -0.00195994367823, 0.00157332362141, 0.00188604614232, -0.00489466171712, 0.0102518107742, -0.00452245119959, 0.00173426966649, -0.000595779740252, 0.00217897049151], [-0.000102731697552, -0.000474228494568, 0.000791256199591, 0.0010231747292, 0.000218930203118, -0.000842617591843, -0.00172829872463, 0.000302188331261, -0.00452245119959, 0.0154390456155, -0.00500287115574, 0.000982980942354, -0.000600080937147], [0.000420298078097, -0.000164107739693, -0.00123937311582, 0.000405914470321, 0.00132238899823, -0.00134319521021, 0.000284070934867, -0.000149327868712, 0.00173426966649, -0.00500287115574, 0.0159022919834, -0.00646660104394, 0.00335447886027], [-6.6335000156e-05, 0.000506330979988, 0.000724265351892, -0.00233182474039, -0.000372366019292, 0.00314975669608, -0.00029823044315, 0.00116448604967, -0.000595779740252, 0.000982980942354, -0.00646660104394, 0.0164393074811, -0.00716159213334], [0.000128694373416, 0.000318122882163, 0.00133619911503, 0.000754064589273, -0.00063139887061, -0.00213672034442, 0.00082341110101, -0.000504607509356, 0.00217897049151, -0.000600080937147, 0.00335447886027, -0.00716159213334, 0.0139079568908]], "mean": [-704.262756348, 132.112350464, -30.3235492706, 40.1827812195, 4.38187026978, -0.837036252022, -1.38959515095, 14.2831058502, 2.92265868187, 4.29264116287, -7.90217351913, -0.783266544342, -2.23202848434]}, "pitch_salience": {"dmean": 0.0695424601436, "dmean2": 0.111141651869, "dvar": 0.0042302114889, "dvar2": 0.0102964695543, "max": 0.925252497196, "mean": 0.51848500967, "median": 0.508373022079, "min": 0.0190217345953, "var": 0.0144205344841}, "silence_rate_20dB": {"dmean": 0, "dmean2": 0, "dvar": 0, "dvar2": 0, "max": 1, "mean": 1, "median": 1, "min": 1, "var": 0}, "silence_rate_30dB": {"dmean": 0, "dmean2": 0, "dvar": 0, "dvar2": 0, "max": 1, "mean": 1, "median": 1, "min": 1, "var": 0}, "silence_rate_60dB": {"dmean": 0.0519369952381, "dmean2": 0.103888727725, "dvar": 0.0492370799184, "dvar2": 0.110416583717, "max": 1, "mean": 0.155079454184, "median": 0, "min": 0, "var": 0.131027087569}, "spectral_centroid": {"dmean": 233.12689209, "dmean2": 349.038116455, "dvar": 94716.125, "dvar2": 200902.390625, "max": 11626.8691406, "mean": 1632.78552246, "median": 1459.70153809, "min": 186.793746948, "var": 2046076.75}, "spectral_complexity": {"dmean": 2.95700287819, "dmean2": 4.25262546539, "dvar": 11.2574625015, "dvar2": 20.5228424072, "max": 50, "mean": 14.0320653915, "median": 13, "min": 0, "var": 84.7301483154}, "spectral_contrast_coeffs": {"dmean": [0.0497978031635, 0.0444744825363, 0.0404731594026, 0.0333496108651, 0.021230481565, 0.016285598278], "dmean2": [0.0812110081315, 0.0733406245708, 0.063481234014, 0.0520142316818, 0.0327854231, 0.0251845959574], "dvar": [0.00171500234865, 0.00129990617279, 0.00129074964207, 0.000874866091181, 0.000356677977834, 0.000241996138357], "dvar2": [0.00454497151077, 0.00346986367367, 0.0027289504651, 0.00199842476286, 0.000746657489799, 0.000520965259057], "max": [-0.354882419109, -0.403026968241, -0.39526283741, -0.435996472836, -0.554074406624, -0.582390248775], "mean": [-0.636780500412, -0.760118067265, -0.745581865311, -0.760165452957, -0.773859083652, -0.746800422668], "median": [-0.630220532417, -0.769390821457, -0.762468993664, -0.76949429512, -0.780194997787, -0.738889634609], "min": [-0.988747417927, -0.977371513844, -0.983756363392, -0.983290970325, -0.968391358852, -0.965622425079], "var": [0.00911237951368, 0.00631572818384, 0.00934819318354, 0.00611109100282, 0.00370608549565, 0.00229488569312]}, "spectral_contrast_valleys": {"dmean": [0.488395243883, 0.399047762156, 0.347502321005, 0.289771109819, 0.216672450304, 0.316803187132], "dmean2": [0.760759711266, 0.622404098511, 0.534340858459, 0.436119437218, 0.320671021938, 0.424787640572], "dvar": [0.211720883846, 0.166227862239, 0.142444401979, 0.124777026474, 0.0866609588265, 0.164595916867], "dvar2": [0.44633218646, 0.338043749332, 0.28565132618, 0.241231814027, 0.161112219095, 0.295512825251], "max": [-5.57616329193, -5.10457420349, -5.69447040558, -6.08588600159, -5.83436203003, -8.88699150085], "mean": [-8.20760631561, -7.67670106888, -8.1520242691, -8.49577331543, -8.08735847473, -11.6602506638], "median": [-7.68393993378, -7.15696287155, -7.72733449936, -8.11069297791, -7.65502023697, -11.2120990753], "min": [-28.4441127777, -28.1116695404, -28.0898151398, -27.7380695343, -27.554523468, -27.3703804016], "var": [8.16154766083, 8.31905460358, 7.73045539856, 7.31650400162, 7.64013528824, 5.62244319916]}, "spectral_decrease": {"dmean": 1.43549661047e-09, "dmean2": 1.95519445079e-09, "dvar": 3.14906377069e-18, "dvar2": 6.25180997657e-18, "max": 2.31049120974e-28, "mean": -4.48964421196e-09, "median": -3.8088536769e-09, "min": -2.37781687673e-08, "var": 1.33609074584e-17}, "spectral_energy": {"dmean": 0.00571456784382, "dmean2": 0.00777030643076, "dvar": 4.90066340717e-05, "dvar2": 9.66623119893e-05, "max": 0.0985819101334, "mean": 0.0183840785176, "median": 0.0154760703444, "min": 1.01547777768e-20, "var": 0.000224667601287}, "spectral_energyband_high": {"dmean": 7.7159020293e-05, "dmean2": 0.000113805537694, "dvar": 1.74081140614e-08, "dvar2": 3.75981379364e-08, "max": 0.00392052158713, "mean": 0.000192261126358, "median": 9.77140443865e-05, "min": 7.20246515748e-21, "var": 6.3764701963e-08}, "spectral_energyband_low": {"dmean": 0.00319678732194, "dmean2": 0.00460901018232, "dvar": 2.80285785266e-05, "dvar2": 5.99653467361e-05, "max": 0.0636647939682, "mean": 0.00649569602683, "median": 0.00395696703345, "min": 1.57024120025e-23, "var": 6.07578949712e-05}, "spectral_energyband_middle_high": {"dmean": 0.00196117046289, "dmean2": 0.00271544093266, "dvar": 1.42371118272e-05, "dvar2": 2.85624973912e-05, "max": 0.0955037996173, "mean": 0.00639440957457, "median": 0.0021179234609, "min": 1.14455947383e-21, "var": 9.06126078917e-05}, "spectral_energyband_middle_low": {"dmean": 0.00258573703468, "dmean2": 0.00377743458375, "dvar": 1.16865976452e-05, "dvar2": 2.55284248851e-05, "max": 0.0509495176375, "mean": 0.00668198242784, "median": 0.00481446459889, "min": 1.29327737446e-22, "var": 4.51848900411e-05}, "spectral_entropy": {"dmean": 0.143878728151, "dmean2": 0.201617196202, "dvar": 0.0222446098924, "dvar2": 0.0391937233508, "max": 9.82061862946, "mean": 7.35194444656, "median": 7.34763050079, "min": 5.80497741699, "var": 0.234392940998}, "spectral_flux": {"dmean": 0.0215294286609, "dmean2": 0.0333977565169, "dvar": 0.000527144176885, "dvar2": 0.00127812917344, "max": 0.267240405083, "mean": 0.0673884749413, "median": 0.0616058856249, "min": 6.34615346384e-11, "var": 0.00181927648373}, "spectral_kurtosis": {"dmean": 2.43078589439, "dmean2": 4.24876642227, "dvar": 6.24255943298, "dvar2": 18.6192569733, "max": 31.2718467712, "mean": 5.87332439423, "median": 5.10936069489, "min": -1.26733279228, "var": 14.350897789}, "spectral_rms": {"dmean": 0.000653182796668, "dmean2": 0.000855556572787, "dvar": 4.92924755235e-07, "dvar2": 8.45773854508e-07, "max": 0.00980701111257, "mean": 0.00378841999918, "median": 0.00388569245115, "min": 3.14755469952e-12, "var": 3.58357306141e-06}, "spectral_rolloff": {"dmean": 358.34286499, "dmean2": 601.633850098, "dvar": 434501.9375, "dvar2": 936875.25, "max": 19552.1484375, "mean": 1788.20544434, "median": 1464.2578125, "min": 21.533203125, "var": 6347173.5}, "spectral_skewness": {"dmean": 0.256273418665, "dmean2": 0.429920136929, "dvar": 0.0564756952226, "dvar2": 0.159383058548, "max": 4.03658056259, "mean": 1.39268112183, "median": 1.35104525089, "min": -0.0658622607589, "var": 0.220828428864}, "spectral_spread": {"dmean": 349427.90625, "dmean2": 527077.375, "dvar": 530388680704, "dvar2": 1149452025860.0, "max": 44323172, "