{"lowlevel": {"average_loudness": 0.931663572788, "barkbands": {"dmean": [0.000193320986, 0.00348988338374, 0.00150707468856, 0.00132623233367, 0.00193665164988, 0.00153786351439, 0.00113751098979, 0.000869863375556, 0.00156600482296, 0.000938305747695, 0.000595624442212, 0.000515719351824, 0.000379863951821, 0.000320185907185, 0.000233270417084, 0.000191580242245, 0.000230922334595, 0.000211830585613, 0.000166821613675, 0.000120173150208, 0.000118159776321, 0.000121227785712, 7.97698157839e-05, 4.14352871303e-05, 2.36871201196e-05, 2.13940638787e-05, 6.50736456009e-06], "dmean2": [0.000317725149216, 0.00597449205816, 0.00273731909692, 0.00227408623323, 0.00312086427584, 0.00253667822108, 0.00185487756971, 0.00138469960075, 0.0024017081596, 0.00149086606689, 0.000900840910617, 0.000791953876615, 0.000610170827713, 0.000501523783896, 0.000371703092242, 0.000317169498885, 0.000374763360014, 0.000338536425261, 0.000269438663963, 0.000189655809663, 0.000183579861186, 0.000183432857739, 0.000116117647849, 6.02910586167e-05, 3.2689767977e-05, 3.05801331706e-05, 9.45129704633e-06], "dvar": [1.1770632824e-07, 4.57118658233e-05, 1.12540874397e-05, 5.44963722859e-06, 1.22309193102e-05, 1.23687814266e-05, 7.06962782715e-06, 6.61253261569e-06, 1.11147282951e-05, 6.34142315903e-06, 1.47512616877e-06, 1.11513509182e-06, 5.54815471787e-07, 4.66123566412e-07, 1.93562556206e-07, 9.51268930294e-08, 1.15545297774e-07, 6.66374333491e-08, 4.62565701298e-08, 3.13543644381e-08, 3.40285915001e-08, 6.85519054855e-08, 1.08059992954e-07, 4.38664571334e-08, 7.78213049557e-09, 1.41505962503e-09, 1.34056488132e-10], "dvar2": [3.07780197772e-07, 0.000124822501675, 3.30109978677e-05, 1.42522067108e-05, 2.77623057627e-05, 3.29653739755e-05, 1.84255241038e-05, 1.51378226292e-05, 2.52290064964e-05, 1.66533445736e-05, 3.63282879334e-06, 2.66975371233e-06, 1.40559552619e-06, 1.08158951662e-06, 4.68812942245e-07, 2.53592361332e-07, 2.97480539757e-07, 1.71770139445e-07, 1.18704853946e-07, 7.0948829034e-08, 7.70793846527e-08, 1.43677297615e-07, 2.17041446149e-07, 9.36164781251e-08, 1.46348675401e-08, 2.9839768434e-09, 2.9132485313e-10], "max": [0.00514421798289, 0.0664528608322, 0.0339795835316, 0.0203864015639, 0.0406810641289, 0.0787984132767, 0.0599498338997, 0.0768194720149, 0.0746016949415, 0.06558175385, 0.0310727674514, 0.0424400083721, 0.0159152839333, 0.0189225841314, 0.0105454456061, 0.00585196306929, 0.0113716972992, 0.00506856665015, 0.00572738004848, 0.00410694722086, 0.00576358102262, 0.0107272081077, 0.0145550388843, 0.00792188197374, 0.00315734092146, 0.000408923835494, 0.000135114998557], "mean": [0.000244442839175, 0.00463178753853, 0.00173581496347, 0.00145392736886, 0.00325468578376, 0.0024453937076, 0.00175845006015, 0.00130918412469, 0.00296579767019, 0.00157265481539, 0.001000634511, 0.000874826684594, 0.000605550943874, 0.000534642720595, 0.000421014643507, 0.000331083952915, 0.000475239299703, 0.000474295200547, 0.000385485356674, 0.000262134650256, 0.000264986883849, 0.000257474603131, 0.000147877042764, 7.05907514202e-05, 4.40664953203e-05, 3.84887498512e-05, 1.00828629002e-05], "median": [0.000120988770504, 0.00294924946502, 0.000946491956711, 0.000668635941111, 0.00187825248577, 0.0013522238005, 0.000993117224425, 0.000540106208064, 0.00125148787629, 0.00056096049957, 0.000494498177432, 0.000436188129243, 0.000297158083413, 0.00021678271878, 0.000211225706153, 0.000215065068915, 0.000346623070072, 0.000390729983337, 0.00031861444586, 0.000168792059412, 0.000173898457433, 0.000121935459902, 5.29659009771e-05, 2.56322728092e-05, 1.76433495653e-05, 1.4659615772e-05, 3.40356223205e-06], "min": [9.14794728857e-09, 2.34215269401e-09, 6.73351985281e-10, 1.10295494959e-09, 7.16451609151e-09, 1.24063435081e-08, 1.22123694268e-07, 1.12236691052e-07, 5.93556023887e-07, 2.46436115958e-06, 1.08510141672e-06, 6.51359925996e-07, 1.4597281961e-07, 4.79001414533e-07, 5.74008140575e-07, 2.88922080927e-07, 4.24394443144e-07, 5.44842862382e-07, 3.55583182454e-07, 2.52212913665e-07, 1.37935629141e-07, 4.71029935056e-08, 1.30991878677e-07, 7.93492702655e-08, 4.3345927736e-08, 1.18238645541e-08, 6.68938815451e-09], "var": [1.29581493979e-07, 3.70888155885e-05, 7.61461296861e-06, 4.80108701595e-06, 1.68358401424e-05, 1.48318777065e-05, 7.68639984017e-06, 1.17704275908e-05, 2.92080567306e-05, 1.4073993043e-05, 2.56247540165e-06, 2.22216362999e-06, 9.39237963848e-07, 1.10875407699e-06, 4.49713041917e-07, 1.6192871044e-07, 2.8506713079e-07, 1.75755104692e-07, 1.16668111616e-07, 9.85361410244e-08, 1.01887771109e-07, 2.09822374586e-07, 2.12940989286e-07, 7.41994483633e-08, 1.61649786889e-08, 2.74244560394e-09, 2.20537976769e-10]}, "barkbands_crest": {"dmean": 2.43102931976, "dmean2": 4.05347537994, "dvar": 5.59105491638, "dvar2": 15.2620315552, "max": 22.9905700684, "mean": 8.17703151703, "median": 7.42488288879, "min": 2.22045207024, "var": 10.870932579}, "barkbands_flatness_db": {"dmean": 0.0167956445366, "dmean2": 0.0251441206783, "dvar": 0.000280393083813, "dvar2": 0.00061031896621, "max": 0.319346785545, "mean": 0.0987726002932, "median": 0.0917558297515, "min": 0.0235415454954, "var": 0.00129176699556}, "barkbands_kurtosis": {"dmean": 1.3896188736, "dmean2": 2.19182062149, "dvar": 4.27823209763, "dvar2": 10.7674331665, "max": 47.8657150269, "mean": 1.86339867115, "median": 0.853205800056, "min": -1.89068043232, "var": 11.9598932266}, "barkbands_skewness": {"dmean": 0.365857809782, "dmean2": 0.562725365162, "dvar": 0.133982777596, "dvar2": 0.322884738445, "max": 6.17235517502, "mean": 1.15956962109, "median": 1.04568433762, "min": -1.41338372231, "var": 0.488928765059}, "barkbands_spread": {"dmean": 4.62657737732, "dmean2": 6.98646020889, "dvar": 24.8472824097, "dvar2": 50.4662399292, "max": 99.3423233032, "mean": 24.5215492249, "median": 23.7409381866, "min": 2.89010858536, "var": 117.1302948}, "dissonance": {"dmean": 0.0156519412994, "dmean2": 0.0264064650983, "dvar": 0.000225650524953, "dvar2": 0.000592623720877, "max": 0.500000119209, "mean": 0.472466617823, "median": 0.477735906839, "min": 0.300170183182, "var": 0.000458055437775}, "dynamic_complexity": 2.28086590767, "erbbands": {"dmean": [0.0937098860741, 0.827329337597, 1.5872836113, 3.26201224327, 5.66004419327, 7.43131971359, 8.02027893066, 14.8569974899, 17.8894863129, 14.9053516388, 21.1771068573, 35.9261436462, 36.8682785034, 19.2529602051, 21.6371707916, 20.9784431458, 16.6815776825, 14.9170713425, 12.3142004013, 12.3238353729, 10.2529878616, 11.4349956512, 11.8701858521, 8.52494335175, 7.25948095322, 5.33123588562, 5.20519638062, 4.60798072815, 4.14674377441, 3.68641996384, 2.02079248428, 1.02919471264, 0.616612553596, 0.306921571493, 0.157472789288, 0.0820722728968, 0.0424444451928, 0.0110814590007, 0.00105282268487, 5.32457997906e-05], "dmean2": [0.160203203559, 1.42184209824, 2.79874634743, 5.79920911789, 9.28441143036, 12.0888118744, 12.8975992203, 24.7814826965, 29.2750816345, 24.1285915375, 32.9007415771, 54.9520187378, 57.7609481812, 30.0991191864, 32.8365745544, 32.6028747559, 26.653011322, 23.2348804474, 19.1779613495, 19.6415596008, 16.9712543488, 18.4061050415, 18.9171695709, 13.5892276764, 11.8920526505, 8.39536952972, 8.19570541382, 7.10671520233, 6.17493629456, 5.50517559052, 2.89299535751, 1.5166734457, 0.876889169216, 0.429403573275, 0.218725040555, 0.117226697505, 0.0623304992914, 0.0161613579839, 0.00151231186464, 7.74269137764e-05], "dvar": [0.0257995314896, 2.76159930229, 10.8899784088, 41.872215271, 153.446289063, 178.147293091, 209.772232056, 1403.39648438, 1964.64233398, 1240.73547363, 3780.06787109, 6796.69042969, 10785.6191406, 1331.21838379, 1769.61157227, 2161.20581055, 1036.91345215, 959.934204102, 573.126708984, 468.21875, 281.368682861, 284.641662598, 208.945648193, 109.48841095, 86.6868133545, 59.3305702209, 70.9493637085, 56.4823722839, 67.6707687378, 149.155151367, 68.3767166138, 25.9122009277, 10.0378627777, 1.79407274723, 0.220107883215, 0.024076608941, 0.00599612528458, 0.000375680567231, 3.6544690829e-06, 8.05991984265e-09], "dvar2": [0.0698828101158, 7.57450819016, 31.1571846008, 118.319618225, 386.451202393, 455.973693848, 506.83770752, 3799.91845703, 5138.57324219, 3066.8894043, 8717.99511719, 14964.6083984, 28860.5585938, 3284.12768555, 4461.22119141, 5261.73583984, 2677.30981445, 2192.90722656, 1318.07519531, 1148.21179199, 756.647399902, 720.88873291, 537.07043457, 277.164703369, 227.13760376, 136.63079834, 164.084869385, 124.076873779, 135.093826294, 328.565551758, 132.437927246, 56.0666122437, 20.7302188873, 3.38250637054, 0.425320386887, 0.0488134808838, 0.0131887895986, 0.000799041532446, 8.0020436144e-06, 1.84326935937e-08], "max": [1.7527487278, 15.921705246, 37.1111488342, 59.3682479858, 136.147750854, 179.378265381, 312.4737854, 931.967651367, 1032.47631836, 1090.22888184, 2086.82177734, 2145.35961914, 2321.34057617, 1256.26611328, 1202.52856445, 2075.50439453, 798.633117676, 956.075683594, 680.395874023, 617.339233398, 398.470611572, 639.579162598, 277.567565918, 231.999053955, 196.447113037, 149.646697998, 228.908447266, 299.596343994, 332.138397217, 483.379699707, 393.975524902, 194.823928833, 111.620193481, 51.8200759888, 14.8733091354, 2.97746253014, 0.80908960104, 0.190788716078, 0.0237582866102, 0.00095012539532], "mean": [0.122174695134, 1.06115210056, 2.09212017059, 3.70912456512, 6.80729389191, 12.2582807541, 13.9061632156, 22.1961288452, 26.9039154053, 24.3258647919, 36.5838012695, 69.3292312622, 65.7192230225, 34.9844017029, 39.4715995789, 37.1233253479, 28.8277893066, 26.8187713623, 22.6018772125, 23.1707057953, 19.3041305542, 25.7266407013, 28.8984203339, 20.9029941559, 16.6221199036, 12.050453186, 11.4656467438, 10.6754617691, 9.20685958862, 7.03374671936, 3.68083834648, 1.806229949, 1.00406360626, 0.544611632824, 0.294881165028, 0.150074988604, 0.0728533193469, 0.0184434931725, 0.00164803047664, 9.90971238934e-05], "median": [0.0687129721045, 0.649320721626, 1.24795842171, 2.04346203804, 3.29687595367, 7.03731822968, 8.64098548889, 11.4769268036, 14.2420921326, 13.0437135696, 16.7900314331, 26.4700164795, 26.5169219971, 21.690486908, 24.335899353, 20.6697349548, 15.4376754761, 12.1687269211, 11.0821838379, 12.0356798172, 13.5265417099, 19.9559555054, 24.4602737427, 17.8333587646, 14.0864076614, 8.02747249603, 6.42797088623, 7.09754228592, 4.51958084106, 2.71342611313, 1.31643152237, 0.658590197563, 0.353487223387, 0.198200255632, 0.125753879547, 0.0620338097215, 0.0255225077271, 0.00651935115457, 0.000563013600186, 5.7809840655e-05], "min": [1.88978276583e-07, 1.78132353312e-07, 1.36216510782e-06, 5.66618064113e-06, 6.1792256929e-06, 2.22328744712e-05, 0.000121560537082, 0.000355611846317, 0.00139474088792, 0.00203560153022, 0.00400947779417, 0.014541243203, 0.103616647422, 0.0801181048155, 0.0632586628199, 0.0213479325175, 0.00923781469464, 0.028262635693, 0.0240415036678, 0.0292538087815, 0.0173765048385, 0.0267267022282, 0.0244319159538, 0.0362610816956, 0.0151577750221, 0.0144960982725, 0.00447120750323, 0.00555121898651, 0.00215262104757, 0.00200478406623, 0.00313570024446, 0.00186335889157, 0.00113017496187, 0.000600618077442, 0.000281147484202, 8.24526287033e-05, 1.86682373169e-05, 4.77729645354e-06, 1.05438971332e-06, 1.13586025918e-07], "var": [0.023640403524, 2.17645215988, 8.33772945404, 29.1748332977, 143.636749268, 238.891464233, 323.76663208, 1525.02685547, 2149.5793457, 1950.56298828, 7018.68847656, 19583, 22551.3554688, 2318.24072266, 3024.02416992, 3844.0871582, 1766.81262207, 2408.58374023, 1220.5447998, 1297.03796387, 481.582611084, 761.7109375, 623.390441895, 317.168060303, 204.646331787, 187.304611206, 245.406326294, 162.526596069, 230.957687378, 328.350280762, 135.680343628, 44.1358566284, 16.6589851379, 3.55537486076, 0.464480757713, 0.0509454272687, 0.0104697337374, 0.000672302150633, 5.90993295191e-06, 1.19537082455e-08]}, "erbbands_crest": {"dmean": 2.26634693146, "dmean2": 3.6075065136, "dvar": 5.71487283707, "dvar2": 14.2265739441, "max": 28.8453865051, "mean": 7.97529363632, "median": 6.69149637222, "min": 2.43586134911, "var": 17.6085758209}, "erbbands_flatness_db": {"dmean": 0.0159308761358, "dmean2": 0.0215913802385, "dvar": 0.000253950624028, "dvar2": 0.000473279564176, "max": 0.290164172649, "mean": 0.139751195908, "median": 0.137373477221, "min": 0.0463738031685, "var": 0.00117625645362}, "erbbands_kurtosis": {"dmean": 0.67444229126, "dmean2": 1.02671408653, "dvar": 1.01746082306, "dvar2": 2.1623249054, "max": 20.3659915924, "mean": 0.238215923309, "median": -0.378249585629, "min": -1.79400408268, "var": 3.35985374451}, "erbbands_skewness": {"dmean": 0.29208445549, "dmean2": 0.44566193223, "dvar": 0.0754702016711, "dvar2": 0.172205507755, "max": 3.29404258728, "mean": 0.422541707754, "median": 0.362462431192, "min": -2.99885511398, "var": 0.431412488222}, "erbbands_spread": {"dmean": 6.17370510101, "dmean2": 9.13797950745, "dvar": 39.552230835, "dvar2": 82.5943374634, "max": 135.926605225, "mean": 36.1050186157, "median": 35.2464752197, "min": 5.1869635582, "var": 162.37713623}, "gfcc": {"cov": [[2772.97387695, -628.387329102, -72.4875946045, 147.037948608, -134.489395142, 61.8477973938, -77.3075256348, -58.4020118713, -21.1359272003, 53.5999450684, -119.600265503, 34.5431632996, -71.8821716309], [-628.387329102, 856.194213867, -109.806648254, 53.2731513977, 99.7832565308, -113.078224182, 72.6610336304, -21.9535274506, 35.8123474121, -47.0409088135, 70.6608963013, -35.4071731567, 45.2892875671], [-72.4875946045, -109.806648254, 639.405944824, -137.15562439, 45.9156417847, -19.9386119843, -79.020149231, -5.00286865234, -57.5484008789, 22.4970569611, -17.6272945404, 14.6994314194, -51.0518341064], [147.037948608, 53.2731513977, -137.15562439, 255.289291382, -19.0105800629, 2.06556248665, -6.246073246, -0.218163236976, 20.8490409851, -22.435918808, 12.0061368942, -16.9117012024, 24.6284408569], [-134.489395142, 99.7832565308, 45.9156417847, -19.0105800629, 203.596984863, -52.9809646606, 35.3136558533, 28.0581741333, -19.8716926575, 1.06404721737, 8.9009771347, 18.7132778168, -17.5328655243], [61.8477973938, -113.078224182, -19.9386119843, 2.06556248665, -52.9809646606, 152.506729126, 19.7044258118, 7.51455593109, 18.4982872009, 5.516102314, 4.52217340469, -6.26204156876, 10.1025848389], [-77.3075256348, 72.6610336304, -79.020149231, -6.246073246, 35.3136558533, 19.7044258118, 115.546424866, 29.029794693, 25.1638393402, 7.72630643845, -0.869445621967, 0.457021862268, 0.0955910235643], [-58.4020118713, -21.9535274506, -5.00286865234, -0.218163236976, 28.0581741333, 7.51455593109, 29.029794693, 96.1203536987, 28.7045822144, -1.33835196495, 1.57642817497, 4.05720186234, 2.70328211784], [-21.1359272003, 35.8123474121, -57.5484008789, 20.8490409851, -19.8716926575, 18.4982872009, 25.1638393402, 28.7045822144, 78.5777511597, 21.5438613892, -4.02645635605, -12.309756279, 10.6134767532], [53.5999450684, -47.0409088135, 22.4970569611, -22.435918808, 1.06404721737, 5.516102314, 7.72630643845, -1.33835196495, 21.5438613892, 66.223739624, 13.7225217819, 8.85728645325, -7.76104164124], [-119.600265503, 70.6608963013, -17.6272945404, 12.0061368942, 8.9009771347, 4.52217340469, -0.869445621967, 1.57642817497, -4.02645635605, 13.7225217819, 74.439491272, 25.7157878876, 3.52300524712], [34.5431632996, -35.4071731567, 14.6994314194, -16.9117012024, 18.7132778168, -6.26204156876, 0.457021862268, 4.05720186234, -12.309756279, 8.85728645325, 25.7157878876, 60.9106559753, 9.67708396912], [-71.8821716309, 45.2892875671, -51.0518341064, 24.6284408569, -17.5328655243, 10.1025848389, 0.0955910235643, 2.70328211784, 10.6134767532, -7.76104164124, 3.52300524712, 9.67708396912, 58.2226257324]], "icov": [[0.000575666548684, 9.84821163001e-05, 0.000192950945348, -0.000573462690227, 0.000270426855423, -0.000264161411906, 0.000356708420441, 9.74956419668e-05, 0.000341089093126, -0.000804883253295, 0.00148889189586, -0.0012134090066, 0.00111015944276], [9.84821163001e-05, 0.00292474101298, -0.000361838116078, 0.000255551422015, -0.00121770182159, 0.00254341727123, -0.00233382964507, 0.00250625540502, -0.00295828492381, 0.00346935540438, -0.00475897500291, 0.00364281842485, -0.00281516066752], [0.000192950945348, -0.000361838116078, 0.00237347790971, 0.000623191066552, -0.000259296561126, -0.000754227396101, 0.00223242514767, -0.000935926276725, 0.00165758479852, -0.00177545484621, 0.00198650662787, -0.00123115710448, 0.00197539734654], [-0.000573462690227, 0.000255551422015, 0.000623191066552, 0.00552216777578, -0.000641466176603, 0.00068111444125, 0.000361722486559, 0.000409368483815, -0.0019856558647, 0.00286469864659, -0.00347951590084, 0.00315755722113, -0.00259764352813], [0.000270426855423, -0.00121770182159, -0.000259296561126, -0.000641466176603, 0.00751839810982, 0.00116416742094, -0.00162202457432, -0.00302295503207, 0.00364203378558, -0.00216874317266, 0.00232308334671, -0.00335852871649, 0.00299477321096], [-0.000264161411906, 0.00254341727123, -0.000754227396101, 0.00068111444125, 0.00116416742094, 0.0102507323027, -0.00434467662126, 0.00157639698591, -0.00321000651456, 0.00338626955636, -0.00622173398733, 0.00476448331028, -0.00412705820054], [0.000356708420441, -0.00233382964507, 0.00223242514767, 0.000361722486559, -0.00162202457432, -0.00434467662126, 0.0143963685259, -0.00394059391692, 0.00037528044777, -0.00426277657971, 0.0060698222369, -0.00432529812679, 0.00419999845326], [9.74956419668e-05, 0.00250625540502, -0.000935926276725, 0.000409368483815, -0.00302295503207, 0.00157639698591, -0.00394059391692, 0.0157935675234, -0.00900550372899, 0.00630392879248, -0.00464832643047, 0.00138491822872, -0.00220063677989], [0.000341089093126, -0.00295828492381, 0.00165758479852, -0.0019856558647, 0.00364203378558, -0.00321000651456, 0.00037528044777, -0.00900550372899, 0.0247035678476, -0.0132243651897, 0.00783847644925, -0.000169677150552, 0.000374730298063], [-0.000804883253295, 0.00346935540438, -0.00177545484621, 0.00286469864659, -0.00216874317266, 0.00338626955636, -0.00426277657971, 0.00630392879248, -0.0132243651897, 0.0263431239873, -0.0122124049813, 0.00327335158363, -0.0018702079542], [0.00148889189586, -0.00475897500291, 0.00198650662787, -0.00347951590084, 0.00232308334671, -0.00622173398733, 0.0060698222369, -0.00464832643047, 0.00783847644925, -0.0122124049813, 0.029675591737, -0.0166901070625, 0.00866031832993], [-0.0012134090066, 0.00364281842485, -0.00123115710448, 0.00315755722113, -0.00335852871649, 0.00476448331028, -0.00432529812679, 0.00138491822872, -0.000169677150552, 0.00327335158363, -0.0166901070625, 0.0303342677653, -0.0122068123892], [0.00111015944276, -0.00281516066752, 0.00197539734654, -0.00259764352813, 0.00299477321096, -0.00412705820054, 0.00419999845326, -0.00220063677989, 0.000374730298063, -0.0018702079542, 0.00866031832993, -0.0122068123892, 0.0264672581106]], "mean": [32.0998840332, 91.3134002686, -116.161338806, 25.2767505646, -54.9186706543, 5.14886474609, -23.52394104, 9.25606918335, -20.988035202, 3.20496940613, -16.9670238495, 8.63689231873, -12.2482833862]}, "hfc": {"dmean": 6.68725919724, "dmean2": 9.71209812164, "dvar": 89.4917373657, "dvar2": 197.515411377, "max": 188.801376343, "mean": 22.8870735168, "median": 18.680606842, "min": 0.0386181659997, "var": 283.889099121}, "melbands": {"dmean": [0.00091328448616, 0.000879761006217, 0.000620853155851, 0.00045175672858, 0.000291608535917, 0.000325917149894, 0.000262750923866, 0.000165563964401, 0.000188012461876, 0.000227811717195, 0.000183562122402, 8.01082933322e-05, 8.56069746078e-05, 5.90507988818e-05, 5.02909206261e-05, 3.0415270885e-05, 3.00818483083e-05, 2.32124311879e-05, 1.64487246366e-05, 1.5226081814e-05, 1.29559111883e-05, 1.16771625471e-05, 1.51394115164e-05, 1.13495825644e-05, 7.52060122977e-06, 6.61158946968e-06, 4.51033019999e-06, 3.80143524126e-06, 3.82854614145e-06, 2.89433774014e-06, 2.96605117001e-06, 2.49460231316e-06, 2.54741371464e-06, 2.00078738999e-06, 1.34731556045e-06, 7.92406865457e-07, 6.07773529282e-07, 4.80288520066e-07, 3.42898857753e-07, 2.47470552495e-07], "dmean2": [0.00155249866657, 0.00151058565825, 0.00107379688416, 0.000738549046218, 0.000471324980026, 0.00053948641289, 0.000429836305557, 0.000267823925242, 0.000290666357614, 0.000350038753822, 0.00028844262124, 0.000125508217025, 0.00012895326654, 9.04557382455e-05, 8.01689020591e-05, 4.80994276586e-05, 4.71123712487e-05, 3.64085608453e-05, 2.61301374849e-05, 2.47530952038e-05, 2.15049367398e-05, 1.89084621525e-05, 2.44783332164e-05, 1.82973399205e-05, 1.21409448184e-05, 1.07727628347e-05, 7.53963877287e-06, 5.97161033511e-06, 6.04110846325e-06, 4.62948855784e-06, 4.63797414341e-06, 3.777983693e-06, 4.0038798943e-06, 3.0000062452e-06, 1.96594328372e-06, 1.18412390293e-06, 9.04817170522e-07, 7.0012163178e-07, 5.04975048443e-07, 3.49682920842e-07], "dvar": [2.83168742499e-06, 3.08243761538e-06, 1.27552311824e-06, 7.75542503106e-07, 2.3891351475e-07, 6.25077802852e-07, 4.0025281578e-07, 1.57792499067e-07, 2.298800581e-07, 2.64953740725e-07, 2.68258560254e-07, 2.44911699809e-08, 3.07842356051e-08, 1.4569645046e-08, 1.01399928454e-08, 3.3860343418e-09, 4.35220259831e-09, 2.37251152058e-09, 1.16085696611e-09, 6.38051722568e-10, 4.36925190472e-10, 2.80245326945e-10, 4.86205131711e-10, 1.96985538992e-10, 9.2393960538e-11, 7.88253906592e-11, 3.60118879161e-11, 3.5143228605e-11, 4.74508453363e-11, 1.93167617318e-11, 2.75855119997e-11, 2.48104210787e-11, 4.03495778456e-11, 5.99977983962e-11, 2.92626825549e-11, 1.71358049278e-11, 8.4603877723e-12, 6.10665337741e-12, 3.15022812523e-12, 9.75507435247e-13], "dvar2": [7.60421062296e-06, 8.40620214149e-06, 3.43569013239e-06, 1.77633103249e-06, 5.96498693994e-07, 1.6775510403e-06, 1.04746766283e-06, 3.81386911386e-07, 5.33938191438e-07, 5.93003846916e-07, 7.15120563655e-07, 5.89782267468e-08, 7.67475469843e-08, 3.47526558642e-08, 2.58909640394e-08, 8.05170241591e-09, 9.98710980582e-09, 5.40633671164e-09, 2.88110513225e-09, 1.66244196187e-09, 1.18043874675e-09, 7.20129955667e-10, 1.2538813321e-09, 5.0584464395e-10, 2.36410307997e-10, 2.07445532974e-10, 9.30173368885e-11, 7.86041856604e-11, 1.11673753578e-10, 4.66554017642e-11, 6.11349165736e-11, 5.42597147768e-11, 8.94500237769e-11, 1.34712227484e-10, 5.66651413292e-11, 3.95457486202e-11, 1.8137684063e-11, 1.31092749503e-11, 6.41904281465e-12, 1.86020057864e-12], "max": [0.0172296874225, 0.0185055807233, 0.00959270168096, 0.00948623847216, 0.00833064317703, 0.0188107471913, 0.0139090390876, 0.0120110036805, 0.0151858953759, 0.0121559184045, 0.011812438257, 0.00487829651684, 0.00490953028202, 0.00466800061986, 0.00238270126283, 0.00126497703604, 0.0021560844034, 0.00161037733778, 0.000843569461722, 0.000484769174363, 0.000497858505696, 0.000540435488801, 0.000567990529817, 0.000173084597918, 0.000215435007703, 0.000229595170822, 0.0001054171953, 0.000139613766805, 0.000200247042812, 0.000119916505355, 0.00024523580214, 0.000185209588381, 0.000268511386821, 0.000265188224148, 0.000250548269833, 0.000166639627423, 9.59598692134e-05, 8.31111901789e-05, 6.09106100455e-05, 3.63332655979e-05], "mean": [0.0012208862463, 0.00125338917132, 0.000729730643798, 0.000687610881869, 0.00052699650405, 0.000501464877743, 0.000399562501116, 0.000261312758084, 0.000337638892233, 0.000427747814683, 0.000319425103953, 0.000137849827297, 0.000146991893416, 0.000101084289781, 8.27568946988e-05, 5.07911463501e-05, 5.10839818162e-05, 3.85041566915e-05, 2.96322650684e-05, 2.6358760806e-05, 2.22192411456e-05, 2.39682121901e-05, 3.12323136313e-05, 2.35983734456e-05, 1.58892926265e-05, 1.41970531331e-05, 8.75298337633e-06, 7.92989794718e-06, 7.79499623604e-06, 5.85902125749e-06, 6.36307595414e-06, 5.30664237886e-06, 4.71935436508e-06, 3.61617662747e-06, 2.31525541494e-06, 1.34971332955e-06, 9.98225232252e-07, 7.42024042211e-07, 5.45008390418e-07, 4.2718761506e-07], "median": [0.000762315234169, 0.000793197541498, 0.000397573079681, 0.00038737693103, 0.000337314879289, 0.000264340284048, 0.000213225503103, 0.000132131623104, 0.000148122664541, 0.000169212522451, 0.000120985096146, 7.97639440862e-05, 7.7668853919e-05, 4.89711019327e-05, 4.74678599858e-05, 2.55531158473e-05, 2.11610986298e-05, 1.69660015672e-05, 1.42413136928e-05, 1.53565870278e-05, 1.45668145706e-05, 1.78034224518e-05, 2.34724484471e-05, 1.85874396266e-05, 1.25188817037e-05, 1.1480125977e-05, 6.73195881973e-06, 4.60282899439e-06, 3.79888979296e-06, 3.89920705857e-06, 4.00263616029e-06, 2.41736415774e-06, 2.13777821045e-06, 1.23228574012e-06, 7.84847429713e-07, 4.8900881211e-07, 3.52644406121e-07, 2.49443019129e-07, 1.7730681634e-07, 1.58221610036e-07], "min": [1.6027456029e-09, 5.20412268834e-10, 1.02129049662e-09, 6.50454301532e-10, 3.55218321424e-09, 8.36870395204e-09, 2.24776499635e-08, 2.10772128639e-08, 3.89677765611e-08, 8.95934917367e-08, 5.42406041859e-07, 2.62562480202e-07, 1.87812005947e-07, 7.77400686047e-08, 1.32637474337e-08, 2.95401303418e-08, 3.76740523222e-08, 3.65827830251e-08, 4.15562020351e-08, 2.46820786032e-08, 1.78896524261e-08, 2.07710879607e-08, 3.27782103682e-08, 1.99846095228e-08, 3.13374606264e-08, 8.63898996784e-09, 1.12000293484e-08, 9.16049991417e-09, 1.45495426818e-09, 4.75941064337e-09, 2.27757124271e-09, 1.02553854298e-09, 1.00761909927e-09, 1.25288579511e-09, 1.52793999675e-09, 1.11837106243e-09, 8.55181259141e-10, 7.39581951237e-10, 6.38393005126e-10, 3.19551246575e-10], "var": [2.4437497359e-06, 2.59034823102e-06, 1.02762635379e-06, 9.08741071726e-07, 3.8916931544e-07, 7.12057442342e-07, 4.38453980678e-07, 2.57750372157e-07, 4.65262814942e-07, 6.94530513101e-07, 5.67709605548e-07, 4.52663506678e-08, 5.25862482448e-08, 2.96832052271e-08, 1.57527750844e-08, 6.78401201881e-09, 1.0705619502e-08, 4.77358197415e-09, 2.57983590046e-09, 1.27273369621e-09, 7.275399172e-10, 6.65372978936e-10, 1.14427189946e-09, 4.96640395475e-10, 2.20500104287e-10, 1.73826050776e-10, 6.86184720156e-11, 1.10679160281e-10, 1.50160231471e-10, 4.90176475798e-11, 6.79300504736e-11, 7.63293039885e-11, 1.00641862899e-10, 1.13923336043e-10, 5.65192163904e-11, 2.50831334869e-11, 1.44679771635e-11, 9.47347148644e-12, 5.28728883592e-12, 1.9295574253e-12]}, "melbands_crest": {"dmean": 2.70715928078, "dmean2": 4.45780277252, "dvar": 5.96258115768, "dvar2": 16.0665435791, "max": 26.7469825745, "mean": 10.7150506973, "median": 10.137804985, "min": 3.67496275902, "var": 12.5044612885}, "melbands_flatness_db": {"dmean": 0.0210958924145, "dmean2": 0.032422952354, "dvar": 0.000451790721854, "dvar2": 0.00106311030686, "max": 0.434257358313, "mean": 0.170587405562, "median": 0.16171219945, "min": 0.0432882122695, "var": 0.00237455195747}, "melbands_kurtosis": {"dmean": 3.15686821938, "dmean2": 5.04394960403, "dvar": 22.4605007172, "dvar2": 58.5942230225, "max": 95.759727478, "mean": 6.30553245544, "median": 4.45386266708, "min": -1.56086027622, "var": 40.2234916687}, "melbands_skewness": {"dmean": 0.495647728443, "dmean2": 0.766221165657, "dvar": 0.265035748482, "dvar2": 0.64446747303, "max": 7.85588979721, "mean": 1.9321526289, "median": 1.84349322319, "min": -0.697466731071, "var": 0.774288833141}, "melbands_spread": {"dmean": 5.91731739044, "dmean2": 9.12992191315, "dvar": 46.4453659058, "dvar2": 103.398872375, "max": 169.905807495, "mean": 26.326084137, "median": 24.9949493408, "min": 2.3739221096, "var": 180.966384888}, "mfcc": {"cov": [[3008.07763672, -737.944274902, -144.816482544, 50.1363563538, -121.950057983, 123.28717804, -130.429794312, -11.4086780548, -2.71016955376, -14.5012598038, 15.19135952, -29.9725208282, -34.0937843323], [-737.944274902, 765.483520508, -44.1435852051, 94.8075027466, 41.8295783997, -55.5631027222, 48.4447135925, -6.2329158783, -8.70719051361, -26.3761081696, 20.2541389465, 11.2688531876, 7.85584211349], [-144.816482544, -44.1435852051, 455.705444336, -77.0866088867, 54.3360862732, -2.7548058033, -18.6938152313, -43.5804481506, -35.8709754944, 7.97917747498, -35.0767021179, -2.48469233513, 6.40603733063], [50.1363563538, 94.8075027466, -77.0866088867, 230.373916626, 37.5047225952, -25.3424968719, 1.98205137253, 2.59049367905, 4.88962173462, -25.6442279816, 11.1197032928, -3.54968881607, 0.579387068748], [-121.950057983, 41.8295783997, 54.3360862732, 37.5047225952, 135.456512451, -25.1970214844, 22.0503978729, 0.165659114718, -14.2841367722, -11.3801383972, -12.5375185013, 4.17203569412, 5.1331205368], [123.28717804, -55.5631027222, -2.7548058033, -25.3424968719, -25.1970214844, 103.73551178, 5.25593519211, -6.03854036331, 1.72403645515, 14.1763410568, 2.44493103027, -1.14730143547, -4.59417963028], [-130.429794312, 48.4447135925, -18.6938152313, 1.98205137253, 22.0503978729, 5.25593519211, 88.9061965942, 27.4049339294, -6.34017324448, -11.0477085114, 8.14593315125, 11.4774904251, 6.97735834122], [-11.4086780548, -6.2329158783, -43.5804481506, 2.59049367905, 0.165659114718, -6.03854036331, 27.4049339294, 81.5570907593, 27.7117595673, 7.99873065948, 8.20956802368, 0.422016471624, 0.0479393824935], [-2.71016955376, -8.70719051361, -35.8709754944, 4.88962173462, -14.2841367722, 1.72403645515, -6.34017324448, 27.7117595673, 83.2428359985, 37.5237998962, 4.47634601593, -4.81471061707, -4.88042783737], [-14.5012598038, -26.3761081696, 7.97917747498, -25.6442279816, -11.3801383972, 14.1763410568, -11.0477085114, 7.99873065948, 37.5237998962, 83.1243896484, 9.90746498108, -2.56984639168, -9.63227939606], [15.19135952, 20.2541389465, -35.0767021179, 11.1197032928, -12.5375185013, 2.44493103027, 8.14593315125, 8.20956802368, 4.47634601593, 9.90746498108, 74.3129959106, 23.2280368805, -0.406680822372], [-29.9725208282, 11.2688531876, -2.48469233513, -3.54968881607, 4.17203569412, -1.14730143547, 11.4774904251, 0.422016471624, -4.81471061707, -2.56984639168, 23.2280368805, 59.0375976563, 23.8990898132], [-34.0937843323, 7.85584211349, 6.40603733063, 0.579387068748, 5.1331205368, -4.59417963028, 6.97735834122, 0.0479393824935, -4.88042783737, -9.63227939606, -0.406680822372, 23.8990898132, 56.8124160767]], "icov": [[0.000517976412084, 0.000478900416056, 0.000139079682413, -0.000305962108541, 0.000181072187843, -0.000453955464764, 0.000595029210672, -0.000102041733044, 0.000153028770001, 0.000299205712508, -0.000204495911021, 7.25981299183e-05, 0.000137870534672], [0.000478900416056, 0.0019476324087, 0.000194883192307, -0.000751477607992, 6.82699246681e-05, 0.000331279647071, -0.000423342309659, 0.000518335960805, 2.27534383157e-05, 0.000362681719707, -0.000513646402396, 9.56947988016e-05, 9.54593269853e-05], [0.000139079682413, 0.000194883192307, 0.00283047510311, 0.000908183690626, -0.00130727107171, -1.50684136315e-05, 0.000631684728432, 0.000983117497526, 0.000916047079954, -0.000623898929916, 0.000735560664907, 3.72010326828e-05, -0.000270888063824], [-0.000305962108541, -0.000751477607992, 0.000908183690626, 0.00569348130375, -0.00203150161542, 0.000701481942087, 0.000474263797514, 0.00043257928337, -0.00114785821643, 0.00164290319663, -0.00106770580169, 0.000943070102949, -0.00028292305069], [0.000181072187843, 6.82699246681e-05, -0.00130727107171, -0.00203150161542, 0.00960264448076, 0.00174099206924, -0.00246459804475, -0.000177665730007, 0.00112024799455, -0.000457045825897, 0.00179854885209, -0.00102224620059, 0.000304994202452], [-0.000453955464764, 0.000331279647071, -1.50684136315e-05, 0.000701481942087, 0.00174099206924, 0.0115020014346, -0.00286142411642, 0.00187862117309, 0.00014477231889, -0.00207262206823, 0.000157668342581, 7.72303319536e-05, 0.000428640138125], [0.000595029210672, -0.000423342309659, 0.000631684728432, 0.000474263797514, -0.00246459804475, -0.00286142411642, 0.0158174149692, -0.00593589711934, 0.00208946107887, 0.00196341075934, -0.00105701922439, -0.00163702690043, -0.000413285219111], [-0.000102041733044, 0.000518335960805, 0.000983117497526, 0.00043257928337, -0.000177665730007, 0.00187862117309, -0.00593589711934, 0.0169443357736, -0.00565686821938, 9.87240564427e-05, -0.00104258034844, 0.00107006938197, -0.000292310578516], [0.000153028770001, 2.27534383157e-05, 0.000916047079954, -0.00114785821643, 0.00112024799455, 0.00014477231889, 0.00208946107887, -0.00565686821938, 0.0181913413107, -0.00780065497383, 0.000932019087486, 0.000503199175, -0.000309106952045], [0.000299205712508, 0.000362681719707, -0.000623898929916, 0.00164290319663, -0.000457045825897, -0.00207262206823, 0.00196341075934, 9.87240564427e-05, -0.00780065497383, 0.0174028985202, -0.00283563067205, 0.000194750900846, 0.00199372135103], [-0.000204495911021, -0.000513646402396, 0.000735560664907, -0.00106770580169, 0.00179854885209, 0.000157668342581, -0.00105701922439, -0.00104258034844, 0.000932019087486, -0.00283563067205, 0.0175494644791, -0.00811502151191, 0.00299583747983], [7.25981299183e-05, 9.56947988016e-05, 3.72010326828e-05, 0.000943070102949, -0.00102224620059, 7.72303319536e-05, -0.00163702690043, 0.00107006938197, 0.000503199175, 0.000194750900846, -0.00811502151191, 0.0247157812119, -0.0100636724383], [0.000137870534672, 9.54593269853e-05, -0.000270888063824, -0.00028292305069, 0.000304994202452, 0.000428640138125, -0.000413285219111, -0.000292310578516, -0.000309106952045, 0.00199372135103, 0.00299583747983, -0.0100636724383, 0.0223292317241]], "mean": [-613.391540527, 128.034301758, -7.05141878128, 26.6975212097, -9.32620239258, 4.50147628784, -0.850259244442, 9.68202590942, 1.37370646, -2.08526945114, 3.22069406509, 0.177687644958, -1.17772889137]}, "pitch_salience": {"dmean": 0.0666260570288, "dmean2": 0.111727327108, "dvar": 0.00370016484521, "dvar2": 0.0103363012895, "max": 0.857412219048, "mean": 0.610395789146, "median": 0.615321040154, "min": 0.227880045772, "var": 0.00831595715135}, "silence_rate_20dB": {"dmean": 0, "dmean2": 0, "dvar": 0, "dvar2": 0, "max": 1, "mean": 1, "median": 1, "min": 1, "var": 0}, "silence_rate_30dB": {"dmean": 0.00026521680411, "dmean2": 0.000530503981281, "dvar": 0.000265186914476, "dvar2": 0.000795636384282, "max": 1, "mean": 0.999867379665, "median": 1, "min": 0, "var": 0.00013255867816}, "silence_rate_60dB": {"dmean": 0.000795650470536, "dmean2": 0.00159151188564, "dvar": 0.000795016007032, "dvar2": 0.00211949949153, "max": 1, "mean": 0.0102094933391, "median": 0, "min": 0, "var": 0.0101049812511}, "spectral_centroid": {"dmean": 208.679916382, "dmean2": 317.59487915, "dvar": 40929.5703125, "dvar2": 90342.96875, "max": 4381.00585938, "mean": 1443.98144531, "median": 1443.67382813, "min": 260.312469482, "var": 272879.40625}, "spectral_complexity": {"dmean": 4.13207817078, "dmean2": 6.29748010635, "dvar": 17.7995166779, "dvar2": 37.4963989258, "max": 53, "mean": 25.2207641602, "median": 26, "min": 0, "var": 87.0764160156}, "spectral_contrast_coeffs": {"dmean": [0.050403021276, 0.0448367185891, 0.0394989624619, 0.0284516122192, 0.0212007779628, 0.0188468825072], "dmean2": [0.0830127745867, 0.0743880048394, 0.0633725002408, 0.0462361238897, 0.0339659228921, 0.028440553695], "dvar": [0.00196642591618, 0.0013590620365, 0.00101148092654, 0.000520666653756, 0.000287527043838, 0.000292792363325], "dvar2": [0.00493426481262, 0.00368889956735, 0.00257280725054, 0.00131808756851, 0.000719054660294, 0.000662295031361], "max": [-0.360135912895, -0.426543951035, -0.496680796146, -0.596517503262, -0.646929979324, -0.573121607304], "mean": [-0.676354944706, -0.752630829811, -0.755056023598, -0.788266420364, -0.784399151802, -0.723599612713], "median": [-0.686089634895, -0.759362459183, -0.762978196144, -0.792901515961, -0.783883213997, -0.723329901695], "min": [-0.896987080574, -0.933398902416, -0.909083008766, -0.904631614685, -0.890741586685, -0.859516739845], "var": [0.00515264039859, 0.00375316292048, 0.00401930650696, 0.00209688697942, 0.0014494091738, 0.00232179067098]}, "spectral_contrast_valleys": {"dmean": [0.346459418535, 0.343898922205, 0.324652194977, 0.297032862902, 0.257272154093, 0.288207292557], "dmean2": [0.570435106754, 0.553958117962, 0.509852528572, 0.448401361704, 0.370920449495, 0.362230718136], "dvar": [0.0922477543354, 0.0875277742743, 0.0820955783129, 0.088969193399, 0.0835963562131, 0.122768826783], "dvar2": [0.236691191792, 0.216905921698, 0.191993460059, 0.184780716896, 0.166702523828, 0.20925667882], "max": [-5.37088632584, -4.51267004013, -4.90594673157, -5.69149494171, -5.86015319824, -7.37413358688], "mean": [-6.85339021683, -6.20032262802, -6.73994255066, -7.38261413574, -7.19581460953, -10.1243362427], "median": [-6.79588365555, -6.16030502319, -6.69830703735, -7.3319735527, -7.07920837402, -10.0476074219], "min": [-12.7657060623, -10.7435255051, -9.60622596741, -10.1356334686, -10.3624258041, -12.8276901245], "var": [0.377875506878, 0.316219478846, 0.277610301971, 0.326246321201, 0.412751585245, 0.602491617203]}, "spectral_decrease": {"dmean": 2.52240117682e-09, "dmean2": 3.90735221956e-09, "dvar": 1.1902910639e-17, "dvar2": 2.72602648279e-17, "max": -4.99686099789e-12, "mean": -6.75500988478e-09, "median": -5.44788747447e-09, "min": -3.47220066033e-08, "var": 2.02543891467e-17}, "spectral_energy": {"dmean": 0.0099998768419, "dmean2": 0.0154382344335, "dvar": 0.000185151337064, "dvar2": 0.000422633718699, "max": 0.139682009816, "mean": 0.0275708213449, "median": 0.0225260034204, "min": 2.23620972974e-05, "var": 0.000328185327817}, "spectral_energyband_high": {"dmean": 0.000387246313039, "dmean2": 0.000545186921954, "dvar": 6.70778206313e-07, "dvar2": 1.28907151975e-06, "max": 0.0248590856791, "mean": 0.00098682299722, "median": 0.000567825918552, "min": 7.51155198486e-07, "var": 2.07474499803e-06}, "spectral_energyband_low": {"dmean": 0.00468130363151, "dmean2": 0.00780036440119, "dvar": 7.78663670644e-05, "dvar2": 0.000202505747438, "max": 0.0806897357106, "mean": 0.00729953730479, "median": 0.00485888915136, "min": 9.34787891538e-09, "var": 7.20785174053e-05}, "spectral_energyband_middle_high": {"dmean": 0.00208970392123, "dmean2": 0.00318801496178, "dvar": 8.60498766997e-06, "dvar2": 2.07159009733e-05, "max": 0.0587921924889, "mean": 0.00637224689126, "median": 0.00517035881057, "min": 2.0469451556e-05, "var": 3.04693076032e-05}, "spectral_energyband_middle_low": {"dmean": 0.00595178781077, "dmean2": 0.00923825707287, "dvar": 7.98336550361e-05, "dvar2": 0.000183301337529, "max": 0.116285994649, "mean": 0.0139774233103, "median": 0.0100613432005, "min": 1.62320702657e-06, "var": 0.000143241617479}, "spectral_entropy": {"dmean": 0.119324967265, "dmean2": 0.166329666972, "dvar": 0.0188581701368, "dvar2": 0.0330914072692, "max": 8.65067100525, "mean": 7.70692491531, "median": 7.75890159607, "min": 5.93713378906, "var": 0.088855817914}, "spectral_flux": {"dmean": 0.0258475039154, "dmean2": 0.0380402654409, "dvar": 0.000886083696969, "dvar2": 0.00157321034931, "max": 0.311707228422, "mean": 0.0881681591272, "median": 0.0765255093575, "min": 0.00618733651936, "var": 0.00220778468065}, "spectral_kurtosis": {"dmean": 1.27191495895, "dmean2": 2.09776973724, "dvar": 3.09521126747, "dvar2": 8.1437664032, "max": 37.9015693665, "mean": 4.49054431915, "median": 3.99802303314, "min": -0.952646493912, "var": 7.30692863464}, "spectral_rms": {"dmean": 0.00085687788669, "dmean2": 0.00129275221843, "dvar": 1.02500644061e-06, "dvar2": 2.19616890718e-06, "max": 0.0116736944765, "mean": 0.0049317763187, "median": 0.00468791928142, "min": 0.000147704704432, "var": 2.5761080451e-06}, "spectral_rolloff": {"dmean": 420.9347229, "dmean2": 692.255981445, "dvar": 424775.90625, "dvar2": 912423.875, "max": 9000.87890625, "mean": 1514.80773926, "median": 1248.92578125, "min": 107.666015625, "var": 1154887.875}, "spectral_skewness": {"dmean": 0.186341300607, "dmean2": 0.290524423122, "dvar": 0.0454882383347, "dvar2": 0.108597286046, "max": 4.94685602188, "mean": 1.48727023602, "median": 1.43051934242, "min": -0.0401285402477, "var": 0.202302217484}, "spectral_spread": {"dmean": 392428.875, "dmean2": 511443.21875, "dvar": 212624867328, "dvar2": 337777950720, "max": 13567553, "mean": 4325081, "median": 4180054.5, "min": 1680732.25, "var": 1219116924930.0}, "spectr