{"lowlevel": {"average_loudness": 0.969863533974, "barkbands": {"dmean": [4.82742470922e-05, 0.00437705684453, 0.00330792181194, 0.00346922501922, 0.0035958387889, 0.0012163069332, 0.000581697677262, 0.000864482484758, 0.00118551834021, 0.000344887404935, 0.000389159453334, 0.00054562598234, 0.000518530490808, 0.000371681962861, 0.000306619796902, 0.000169861683389, 0.000244818482315, 0.000229427736485, 0.000181158276973, 0.000177710011485, 0.000120435557619, 8.60811560415e-05, 4.53201428172e-05, 3.35517397616e-05, 2.16232565435e-05, 7.69354755903e-06, 3.73883182192e-07], "dmean2": [7.94396837591e-05, 0.00731064379215, 0.00546677876264, 0.00581718515605, 0.00584866851568, 0.00197553006001, 0.000970938883256, 0.00136961392127, 0.0018773417687, 0.000560171087272, 0.000624909065664, 0.000878545513842, 0.000838559994008, 0.000605974462815, 0.000491666432936, 0.000274624064332, 0.000393372232793, 0.000373090646463, 0.000288052950054, 0.000276713864878, 0.000186943274457, 0.000132288158056, 6.84241676936e-05, 4.96079846926e-05, 3.03805481963e-05, 1.08312087832e-05, 6.11209657109e-07], "dvar": [4.03682287597e-09, 4.64467411803e-05, 2.78021179838e-05, 5.54435755475e-05, 4.78424699395e-05, 6.30865542917e-06, 1.5765643866e-06, 3.97999065171e-06, 6.15168846707e-06, 3.06180652387e-07, 4.7080936838e-07, 6.04151750849e-07, 6.83429675519e-07, 4.65613283041e-07, 1.97439007366e-07, 6.42676027951e-08, 1.48063406868e-07, 1.27291201579e-07, 9.60853085985e-08, 1.11431802452e-07, 4.93833312021e-08, 3.6631213618e-08, 1.07726458864e-08, 1.1475894901e-08, 6.14380146757e-09, 4.43321129806e-10, 2.10820662143e-12], "dvar2": [9.65381019569e-09, 0.000120005577628, 7.27795995772e-05, 0.000146477570524, 0.000118202464364, 1.51400381583e-05, 3.9754354475e-06, 9.2720028988e-06, 1.49229254021e-05, 7.63995387842e-07, 1.20780850921e-06, 1.55063969487e-06, 1.69494217062e-06, 1.16354522106e-06, 4.98907695601e-07, 1.57831749448e-07, 3.64211587112e-07, 3.24502593685e-07, 2.32835844827e-07, 2.59866908436e-07, 1.2057148524e-07, 8.62443201299e-08, 2.42039366327e-08, 2.51946570273e-08, 1.35018138891e-08, 9.28318200089e-10, 5.39586908141e-12], "max": [0.0011420075316, 0.076065570116, 0.0655409544706, 0.0989863872528, 0.0913754999638, 0.0441189669073, 0.0305294208229, 0.0363070890307, 0.0372243635356, 0.0115575855598, 0.0115780765191, 0.0130392182618, 0.0146269490942, 0.0179898720235, 0.00634594261646, 0.00402697734535, 0.00684636784717, 0.00535281281918, 0.00682872580364, 0.00719069782645, 0.00411978084594, 0.00507628638297, 0.00168758491054, 0.00217337301001, 0.00206606206484, 0.000568877381738, 3.13091986754e-05], "mean": [8.92042007763e-05, 0.00601763650775, 0.00393805047497, 0.00401303172112, 0.00430935528129, 0.00164191261865, 0.000717210350558, 0.0014044548152, 0.00188850448467, 0.000543489353731, 0.000584270688705, 0.00101989426184, 0.000857704493683, 0.000559466774575, 0.00055436900584, 0.000296341342619, 0.000423627585405, 0.000389284308767, 0.000310977455229, 0.000305041321553, 0.000209333331441, 0.000148035731399, 7.48469465179e-05, 5.05826828885e-05, 3.17141275445e-05, 1.18390153148e-05, 4.07596729701e-07], "median": [6.86525600031e-05, 0.00416766665876, 0.00173921510577, 0.001875058515, 0.00219737878069, 0.000805498159025, 0.000331901828758, 0.000390276312828, 0.000574391626287, 0.000285299611278, 0.000279757863609, 0.000606687506661, 0.000473809195682, 0.000303776934743, 0.000342734274454, 0.000192286330275, 0.000260106375208, 0.000242792200879, 0.000180525981705, 0.000158706534421, 0.000104065999039, 6.29480928183e-05, 1.92219413293e-05, 9.49284003582e-06, 3.3848559724e-06, 1.09767734102e-06, 3.43914052792e-09], "min": [4.60756086063e-12, 6.0032330669e-12, 2.95703782641e-12, 2.14914696282e-12, 3.27491354347e-12, 2.12637828352e-12, 1.62009934548e-12, 1.240505745e-12, 1.29814540194e-12, 7.1444049678e-13, 5.67986846792e-13, 6.04818712474e-13, 4.20153685064e-13, 3.11393082543e-13, 4.84134650772e-13, 3.88400276568e-13, 1.34353764008e-13, 3.08244532329e-13, 3.11560483359e-13, 6.56172842841e-14, 1.51298678447e-13, 1.25923373833e-13, 9.39399586223e-14, 5.65909691612e-14, 5.62971740894e-14, 4.17517515244e-14, 5.5647374458e-14], "var": [5.55972112792e-09, 4.86171520606e-05, 3.2046729757e-05, 4.73493128084e-05, 4.71013991046e-05, 8.31032502902e-06, 1.84602902209e-06, 1.00487250165e-05, 1.28879610202e-05, 6.12347548667e-07, 7.79223285008e-07, 1.42077840337e-06, 1.34781930683e-06, 7.86090083693e-07, 4.45367476232e-07, 1.12739456881e-07, 2.53813141171e-07, 2.12032134073e-07, 1.62086550404e-07, 1.87872544188e-07, 9.51215710643e-08, 6.00105991566e-08, 1.93401081816e-08, 1.73373368995e-08, 9.76886660453e-09, 9.55027834593e-10, 2.71949737035e-12]}, "barkbands_crest": {"dmean": 2.83157944679, "dmean2": 4.75845575333, "dvar": 6.03229093552, "dvar2": 16.0014591217, "max": 23.9845027924, "mean": 9.14303302765, "median": 8.45131874084, "min": 2.74143195152, "var": 12.6175823212}, "barkbands_flatness_db": {"dmean": 0.0222969371825, "dmean2": 0.035219758749, "dvar": 0.000415418908233, "dvar2": 0.00102163443808, "max": 0.312354922295, "mean": 0.139236658812, "median": 0.137539327145, "min": 0.0229702703655, "var": 0.0016254481161}, "barkbands_kurtosis": {"dmean": 2.4567065239, "dmean2": 3.98933696747, "dvar": 19.6149845123, "dvar2": 51.3993797302, "max": 95.4549102783, "mean": 2.47887897491, "median": 0.916526556015, "min": -1.80159795284, "var": 26.3888874054}, "barkbands_skewness": {"dmean": 0.574989020824, "dmean2": 0.888596355915, "dvar": 0.326811641455, "dvar2": 0.792762637138, "max": 8.90029239655, "mean": 1.37804055214, "median": 1.22589564323, "min": -1.79563438892, "var": 0.926884770393}, "barkbands_spread": {"dmean": 5.55651330948, "dmean2": 8.73966503143, "dvar": 33.9634475708, "dvar2": 79.9580841064, "max": 84.1842803955, "mean": 22.6212863922, "median": 21.4145107269, "min": 1.62870883942, "var": 104.69203949}, "dissonance": {"dmean": 0.0153665095568, "dmean2": 0.0260040666908, "dvar": 0.000235519066337, "dvar2": 0.000599483668339, "max": 0.500000119209, "mean": 0.473722100258, "median": 0.478353053331, "min": 0, "var": 0.000383615377359}, "dynamic_complexity": 2.25922966003, "erbbands": {"dmean": [0.0787489712238, 1.15951812267, 3.46515893936, 7.66623067856, 12.3205270767, 11.9994668961, 13.2889719009, 8.52558994293, 7.89984035492, 9.26224327087, 24.4098167419, 30.5429286957, 8.99542713165, 13.0866003036, 14.7625217438, 22.8893451691, 21.0386924744, 20.335981369, 15.8235940933, 12.5745544434, 9.76968383789, 12.1926555634, 11.7558279037, 9.27969837189, 8.74673175812, 8.56400680542, 6.10155487061, 4.1450176239, 3.28159666061, 1.99120986462, 1.19265341759, 0.833578705788, 0.500677585602, 0.321982383728, 0.111758090556, 0.0439073592424, 0.012343749404, 0.00186680618208, 4.56867564935e-05, 1.56760343089e-05], "dmean2": [0.131254389882, 1.93750667572, 5.7663025856, 12.6366472244, 20.2599430084, 19.8363075256, 21.9943161011, 13.8066530228, 13.2447957993, 15.0506820679, 38.4734115601, 48.1585578918, 14.2741422653, 21.1507549286, 23.7457256317, 36.600025177, 33.6978492737, 33.0777664185, 25.1194934845, 20.2813491821, 15.6703023911, 19.4824047089, 18.8493003845, 14.8358383179, 13.8673429489, 13.4075489044, 9.37539672852, 6.49259471893, 5.08437013626, 3.04031324387, 1.78840065002, 1.25079894066, 0.732376039028, 0.467613309622, 0.156612068415, 0.0631623715162, 0.017635570839, 0.00269978749566, 6.53320967103e-05, 2.29000070249e-05], "dvar": [0.0194352120161, 3.12234187126, 25.4708881378, 210.768753052, 757.271972656, 512.594665527, 780.56854248, 396.793273926, 314.630096436, 400.928039551, 2790.18725586, 4427.76464844, 362.162475586, 393.913513184, 514.625854492, 1131.65063477, 1237.93933105, 1394.58105469, 494.769226074, 427.182647705, 201.419555664, 426.488464355, 328.676269531, 239.93598938, 262.607116699, 283.242980957, 122.44316864, 75.2155303955, 50.8698196411, 20.2730178833, 7.63695716858, 6.86768245697, 2.70624923706, 1.68249905109, 0.12659060955, 0.0154758030549, 0.00126947427634, 3.72891663574e-05, 1.84357649147e-08, 4.47314296714e-10], "dvar2": [0.0490633137524, 8.16945934296, 67.5587921143, 552.531433105, 1889.58935547, 1313.20739746, 1992.22314453, 953.887512207, 822.555236816, 896.558166504, 6560.96484375, 10838.3242188, 845.772827148, 1020.67321777, 1343.61328125, 2846.48242188, 3055.55908203, 3520.24707031, 1212.61669922, 1077.69189453, 490.651519775, 1045.08703613, 804.662109375, 591.532897949, 633.657653809, 675.796081543, 281.719024658, 189.562194824, 120.599723816, 46.2745399475, 16.9264316559, 15.7115526199, 5.96438407898, 3.90677213669, 0.265960007906, 0.0336459167302, 0.00272185401991, 8.14399390947e-05, 4.11508480624e-08, 9.82914083458e-10], "max": [1.58066725731, 20.5165958405, 64.5398788452, 204.880935669, 379.596984863, 289.696228027, 377.711303711, 464.141479492, 229.858917236, 699.772949219, 1007.87658691, 1138.19702148, 505.247741699, 503.949554443, 526.103942871, 656.803039551, 673.922668457, 1009.70684814, 339.337738037, 426.062255859, 213.52293396, 379.871643066, 292.718170166, 285.889038086, 390.539794922, 380.106903076, 238.363067627, 171.337371826, 172.055236816, 78.7767486572, 45.5488624573, 57.4124946594, 32.3443183899, 34.514831543, 11.6676216125, 3.07969760895, 1.20242655277, 0.147485718131, 0.00314919534139, 0.000244262017077], "mean": [0.10396258533, 1.59789514542, 4.44321918488, 9.53901576996, 14.1232967377, 14.1556301117, 16.534362793, 11.400929451, 9.08495807648, 13.6513004303, 43.1292953491, 49.4069061279, 15.6990060806, 22.4181880951, 26.4395599365, 44.5694465637, 37.7548599243, 33.6344566345, 29.1868228912, 23.0706386566, 18.5649757385, 22.027256012, 21.580121994, 16.6833457947, 15.530040741, 14.6650123596, 11.0354919434, 7.16434001923, 5.65762138367, 3.24694800377, 2.00878930092, 1.26443493366, 0.730917990208, 0.449674874544, 0.168801501393, 0.0666581615806, 0.0187539793551, 0.00254097720608, 7.39822935429e-05, 3.79731900466e-05], "median": [0.0614387951791, 1.11864197254, 2.53872966766, 5.42726039886, 6.88435649872, 7.03711175919, 7.63541316986, 5.71068906784, 4.0132393837, 7.1129450798, 14.9723167419, 15.8048038483, 8.14187717438, 15.084113121, 18.5945625305, 27.865228653, 21.8845767975, 20.1557826996, 19.272108078, 14.633184433, 12.8125, 13.9349422455, 14.0917673111, 10.6856412888, 8.71722126007, 7.7471036911, 5.60026597977, 3.39490938187, 2.57191133499, 1.04953634739, 0.49877679348, 0.29294064641, 0.103239253163, 0.0505589656532, 0.0165357310325, 0.00707993283868, 0.00146517064422, 9.26726570469e-05, 1.96802193386e-05, 3.1997973565e-05], "min": [2.33986413578e-10, 1.15504350529e-09, 3.19632476042e-09, 5.8869193964e-09, 8.60272919567e-09, 1.12202842573e-08, 1.4303195961e-08, 1.82293788953e-08, 2.2306846148e-08, 2.52273473222e-08, 2.83455712236e-08, 2.97700104568e-08, 2.45994051795e-08, 2.28778684885e-08, 2.32684129742e-08, 2.49479601422e-08, 2.0379955501e-08, 1.52030121825e-08, 2.30283152547e-08, 2.4161311174e-08, 1.77319634531e-08, 8.7905887014e-09, 1.41107170393e-08, 2.22114344695e-08, 7.44885397808e-09, 3.18381698783e-09, 5.23725507406e-09, 6.87860790549e-09, 4.25821111705e-09, 3.61973917506e-09, 2.29779195671e-09, 1.39224021201e-09, 8.75664041278e-10, 5.65985036616e-10, 4.67770433499e-10, 1.59167234948e-10, 7.86102710704e-11, 3.29083843509e-11, 6.67702958895e-12, 8.93081615605e-13], "var": [0.0203546620905, 3.24074816704, 28.8438262939, 193.071258545, 677.263793945, 496.936645508, 802.870056152, 526.676147461, 287.637878418, 736.16394043, 7486.85986328, 9190.67578125, 797.531005859, 635.506774902, 829.126525879, 2675.9597168, 2577.71826172, 2489.72290039, 1097.03686523, 860.13684082, 377.362213135, 697.760681152, 591.07043457, 389.714172363, 433.048217773, 440.024536133, 253.404190063, 122.548912048, 82.1682281494, 33.0027008057, 14.4679460526, 9.40707111359, 4.19926309586, 2.34049105644, 0.225945696235, 0.0291153229773, 0.00272966735065, 7.10662789061e-05, 3.54689291271e-08, 7.68624608405e-10]}, "erbbands_crest": {"dmean": 2.6242582798, "dmean2": 4.23409843445, "dvar": 6.23517894745, "dvar2": 14.8052272797, "max": 29.5307426453, "mean": 8.35002708435, "median": 7.16487503052, "min": 2.39105844498, "var": 17.9377536774}, "erbbands_flatness_db": {"dmean": 0.0159195307642, "dmean2": 0.0222193598747, "dvar": 0.000203125731787, "dvar2": 0.000378101074602, "max": 0.286112397909, "mean": 0.164481207728, "median": 0.166660696268, "min": 0.0374339483678, "var": 0.00140118645504}, "erbbands_kurtosis": {"dmean": 0.675785124302, "dmean2": 1.05675542355, "dvar": 0.600768387318, "dvar2": 1.44170355797, "max": 13.3436260223, "mean": 0.0478207021952, "median": -0.230164021254, "min": -1.64575064182, "var": 1.42623603344}, "erbbands_skewness": {"dmean": 0.315653979778, "dmean2": 0.494449228048, "dvar": 0.0790059268475, "dvar2": 0.194106265903, "max": 3.39477562904, "mean": 0.0603258125484, "median": 0.0180839449167, "min": -2.45365524292, "var": 0.305819571018}, "erbbands_spread": {"dmean": 8.1006565094, "dmean2": 11.8964118958, "dvar": 56.1486053467, "dvar2": 117.084732056, "max": 144.842132568, "mean": 36.8243026733, "median": 34.3402786255, "min": 6.35410022736, "var": 221.928985596}, "gfcc": {"cov": [[3348.08032227, -821.015991211, 205.047103882, 104.528900146, -337.820373535, 63.7031974792, -280.302154541, 23.5373649597, -173.0362854, 26.295841217, -190.334457397, 24.4404163361, -130.37097168], [-821.015991211, 1027.25549316, -310.646697998, -47.2020149231, 237.392166138, -167.92880249, 267.14263916, -121.755432129, 163.58631897, -114.362800598, 113.323036194, -121.625411987, 92.8765640259], [205.047103882, -310.646697998, 572.903869629, 48.5882034302, -55.4124069214, 113.025268555, -150.73651123, 64.457824707, -93.2738571167, 38.0664100647, -57.6337966919, 39.3903923035, -54.8079071045], [104.528900146, -47.2020149231, 48.5882034302, 178.696563721, 47.5929412842, 15.6732711792, -4.221824646, -16.3342971802, 10.8024759293, -7.84152126312, -3.8236284256, 1.69024038315, 9.1821308136], [-337.820373535, 237.392166138, -55.4124069214, 47.5929412842, 227.326080322, -8.22992992401, 100.241279602, -30.5772857666, 37.9427146912, -12.4163379669, 12.5361471176, -3.48509502411, 19.1743602753], [63.7031974792, -167.92880249, 113.025268555, 15.6732711792, -8.22992992401, 153.00970459, -21.7750606537, 30.3292388916, -20.4611949921, 23.4598045349, 0.377841204405, 25.6641273499, -12.2796096802], [-280.302154541, 267.14263916, -150.73651123, -4.221824646, 100.241279602, -21.7750606537, 197.937179565, 2.61012077332, 67.5522003174, -22.7897815704, 25.6275196075, -32.090133667, 15.6683044434], [23.5373649597, -121.755432129, 64.457824707, -16.3342971802, -30.5772857666, 30.3292388916, 2.61012077332, 128.157272339, -0.763565480709, 22.7602005005, -7.80867242813, -4.27299833298, -11.440243721], [-173.0362854, 163.58631897, -93.2738571167, 10.8024759293, 37.9427146912, -20.4611949921, 67.5522003174, -0.763565480709, 110.206985474, 1.63750481606, 28.7467250824, -17.4147377014, 8.94088840485], [26.295841217, -114.362800598, 38.0664100647, -7.84152126312, -12.4163379669, 23.4598045349, -22.7897815704, 22.7602005005, 1.63750481606, 74.8863296509, 5.94397878647, 21.6863822937, -3.46130228043], [-190.334457397, 113.323036194, -57.6337966919, -3.8236284256, 12.5361471176, 0.377841204405, 25.6275196075, -7.80867242813, 28.7467250824, 5.94397878647, 85.3586883545, 6.04804086685, 20.3235626221], [24.4404163361, -121.625411987, 39.3903923035, 1.69024038315, -3.48509502411, 25.6641273499, -32.090133667, -4.27299833298, -17.4147377014, 21.6863822937, 6.04804086685, 89.6247177124, 6.83193254471], [-130.37097168, 92.8765640259, -54.8079071045, 9.1821308136, 19.1743602753, -12.2796096802, 15.6683044434, -11.440243721, 8.94088840485, -3.46130228043, 20.3235626221, 6.83193254471, 80.4619827271]], "icov": [[0.000467504403787, -7.81225098763e-05, 0.000229780256632, -0.0005585232866, 0.000659638782963, -0.000164426586707, 0.000232844147831, -1.16288356367e-05, 0.000410109001677, -0.000235239160247, 0.000859487859998, -0.000133802066557, 0.000577213009819], [-7.81225098763e-05, 0.00763513194397, -0.00225358596072, 0.00460865115747, -0.00470790406689, 0.00442465208471, -0.00408331630751, 0.00494802230969, -0.00558366207406, 0.00686463015154, -0.00702128559351, 0.00676387222484, -0.00558998575434], [0.000229780256632, -0.00225358596072, 0.00381774315611, -0.00238599372096, 0.00123721861746, -0.00272828061134, 0.00300752045587, -0.00267554493621, 0.00295397383161, -0.0024478174746, 0.00325437495485, -0.00226526637562, 0.00310591585003], [-0.0005585232866, 0.00460865115747, -0.00238599372096, 0.00989987049252, -0.00502902502194, 0.00214358628727, -0.00178152183071, 0.00372105976567, -0.0052243755199, 0.00528682302684, -0.0046651661396, 0.00439752079546, -0.00496521545574], [0.000659638782963, -0.00470790406689, 0.00123721861746, -0.00502902502194, 0.0102432463318, -0.00283814570867, -0.000957672833465, -0.00136622530408, 0.00361643941142, -0.0047883912921, 0.00565584655851, -0.00499613955617, 0.0034256237559], [-0.000164426586707, 0.00442465208471, -0.00272828061134, 0.00214358628727, -0.00283814570867, 0.0109825842083, -0.00318557349965, 0.00167770741973, -0.00240453076549, 0.00271440926008, -0.00540761044249, 0.00233994517475, -0.00271432544105], [0.000232844147831, -0.00408331630751, 0.00300752045587, -0.00178152183071, -0.000957672833465, -0.00318557349965, 0.0121381161734, -0.00465647736564, -4.85025484522e-05, -0.00162912521046, 0.0034636547789, -0.00199363031425, 0.00328858545981], [-1.16288356367e-05, 0.00494802230969, -0.00267554493621, 0.00372105976567, -0.00136622530408, 0.00167770741973, -0.00465647736564, 0.0129847824574, -0.0041583403945, 0.00181233568583, -0.00370721239597, 0.00552267162129, -0.00363535480574], [0.000410109001677, -0.00558366207406, 0.00295397383161, -0.0052243755199, 0.00361643941142, -0.00240453076549, -4.85025484522e-05, -0.0041583403945, 0.0177215170115, -0.0074352575466, 0.00276276818477, -0.00361778330989, 0.00522772362456], [-0.000235239160247, 0.00686463015154, -0.0024478174746, 0.00528682302684, -0.0047883912921, 0.00271440926008, -0.00162912521046, 0.00181233568583, -0.0074352575466, 0.0227591302246, -0.00782225374132, 0.00284566287883, -0.00490593863651], [0.000859487859998, -0.00702128559351, 0.00325437495485, -0.0046651661396, 0.00565584655851, -0.00540761044249, 0.0034636547789, -0.00370721239597, 0.00276276818477, -0.00782225374132, 0.0221259184182, -0.00758698303252, 0.00328372092918], [-0.000133802066557, 0.00676387222484, -0.00226526637562, 0.00439752079546, -0.00499613955617, 0.00233994517475, -0.00199363031425, 0.00552267162129, -0.00361778330989, 0.00284566287883, -0.00758698303252, 0.0195922069252, -0.00657074945047], [0.000577213009819, -0.00558998575434, 0.00310591585003, -0.00496521545574, 0.0034256237559, -0.00271432544105, 0.00328858545981, -0.00363535480574, 0.00522772362456, -0.00490593863651, 0.00328372092918, -0.00657074945047, 0.0190469101071]], "mean": [3.14558839798, 120.894966125, -136.383483887, 45.760093689, -49.5154762268, 15.0747528076, -25.8609256744, 1.34284162521, -23.7692394257, -0.636399745941, -14.8393516541, -5.22133636475, -11.3286542892]}, "hfc": {"dmean": 6.1424164772, "dmean2": 8.6850605011, "dvar": 68.9690170288, "dvar2": 138.234268188, "max": 113.007919312, "mean": 19.1953983307, "median": 16.448381424, "min": 1.73777596757e-08, "var": 185.742218018}, "melbands": {"dmean": [0.000993079738691, 0.0016855171416, 0.00147711206228, 0.000855409482028, 0.000460966082755, 0.000195872751647, 0.000118774514704, 0.000107053107058, 0.000222016111366, 0.00017270106764, 4.37112284999e-05, 5.44386457477e-05, 5.62340646866e-05, 5.85905545449e-05, 5.9336576669e-05, 4.55256449641e-05, 3.81399477192e-05, 2.74066751444e-05, 2.06631193578e-05, 1.37733013617e-05, 1.32336526804e-05, 1.38143896038e-05, 1.17691233754e-05, 1.3334471987e-05, 7.50612707634e-06, 7.48842285248e-06, 6.03047010372e-06, 6.19555066805e-06, 4.45777368441e-06, 3.18386423714e-06, 2.39693486037e-06, 2.13105590774e-06, 1.50156711243e-06, 1.05954006813e-06, 7.55821702114e-07, 6.0704343241e-07, 5.06030289671e-07, 3.760178231e-07, 3.26320360955e-07, 2.68017686267e-07], "dmean2": [0.00165832042694, 0.00277608027682, 0.00240550888702, 0.00139369338285, 0.000761277391575, 0.000317219179124, 0.000199321613763, 0.00017293698329, 0.000348362431396, 0.000273191399174, 7.00285163475e-05, 8.81004671101e-05, 9.01573439478e-05, 9.39898163779e-05, 9.54340503085e-05, 7.36465444788e-05, 6.23041123617e-05, 4.38182978542e-05, 3.37003039022e-05, 2.2077210815e-05, 2.14702522499e-05, 2.22372254939e-05, 1.90328664758e-05, 2.20459114644e-05, 1.21392222354e-05, 1.19710412037e-05, 9.57994143391e-06, 9.81765515462e-06, 6.95100925441e-06, 5.0528688007e-06, 3.83208998755e-06, 3.37650430993e-06, 2.32371439779e-06, 1.65290327914e-06, 1.15978218673e-06, 9.39858239235e-07, 7.67182086747e-07, 5.64252104596e-07, 4.86868259486e-07, 3.93106375896e-07], "dvar": [2.64425284513e-06, 5.54856706003e-06, 8.63266268425e-06, 2.82618771053e-06, 8.55253517784e-07, 1.90224398011e-07, 6.85957033397e-08, 5.13588673812e-08, 1.94422895561e-07, 1.46355347397e-07, 8.7918357039e-09, 6.81427758664e-09, 8.93666651791e-09, 7.55768958527e-09, 9.65902291483e-09, 5.39795141918e-09, 4.84268669609e-09, 1.55424817461e-09, 1.12951037412e-09, 4.78989459207e-10, 3.80430742464e-10, 5.75272440795e-10, 4.63791921534e-10, 4.2685383006e-10, 1.75660569424e-10, 1.64138896919e-10, 1.65551419795e-10, 1.4159515227e-10, 7.29571056346e-11, 3.88534690532e-11, 2.60644145156e-11, 2.09293068987e-11, 1.19930133533e-11, 5.5066164302e-12, 2.92752996324e-12, 3.14414922049e-12, 2.6346689587e-12, 1.50307002088e-12, 1.34112122449e-12, 1.30100737041e-12], "dvar2": [6.80877565173e-06, 1.43482538988e-05, 2.22308244702e-05, 6.9738584898e-06, 2.1892078621e-06, 4.56529249959e-07, 1.78541853302e-07, 1.1594966054e-07, 4.61228694348e-07, 3.56791616696e-07, 2.06991082052e-08, 1.75353811471e-08, 2.29730368062e-08, 1.90818454371e-08, 2.45740157112e-08, 1.3617701633e-08, 1.21841194911e-08, 3.81479159373e-09, 2.87677526245e-09, 1.19531629039e-09, 9.41594580084e-10, 1.42868328279e-09, 1.12516995721e-09, 1.1255437693e-09, 4.41570752185e-10, 4.00062094563e-10, 4.11803285916e-10, 3.39826500273e-10, 1.70407465916e-10, 9.76916603168e-11, 6.66418933926e-11, 5.14937294194e-11, 2.7782548831e-11, 1.29867713805e-11, 6.59895835892e-12, 7.38391205818e-12, 5.95528184058e-12, 3.34052230322e-12, 3.12244501088e-12, 3.07754429579e-12], "max": [0.018497986719, 0.0296869445592, 0.0392127297819, 0.0220451727509, 0.0118590211496, 0.00927688553929, 0.00381837179884, 0.00619916059077, 0.00794508028775, 0.00696101319045, 0.002466654405, 0.00197403528728, 0.00172330939677, 0.0014280769974, 0.00177364482079, 0.00113700411748, 0.0018349555321, 0.00074211100582, 0.000656758842524, 0.00041650433559, 0.000294473633403, 0.000469721824629, 0.000390880479245, 0.000339938473189, 0.000265897455392, 0.000273321318673, 0.000329274625983, 0.000251150806434, 0.000217726090341, 0.000152938213432, 0.000104266931885, 0.000112458321382, 7.53583663027e-05, 3.68944783986e-05, 3.01434065477e-05, 4.26516635343e-05, 3.74945848307e-05, 2.40221434069e-05, 2.22136350203e-05, 3.35347722284e-05], "mean": [0.00135818356648, 0.00234980811365, 0.00185360992327, 0.0010115779005, 0.000589065835811, 0.000264657253865, 0.000139240684803, 0.000158459166414, 0.000390137982322, 0.000273535144515, 6.96378265275e-05, 9.06471250346e-05, 8.96620986168e-05, 0.000109936088847, 0.000105937055196, 7.53914791858e-05, 5.92415744904e-05, 4.60881128674e-05, 3.67134271073e-05, 2.34713024838e-05, 2.25291350944e-05, 2.34315448324e-05, 1.9206538127e-05, 2.1538031433e-05, 1.2137491467e-05, 1.24708321891e-05, 9.49175955611e-06, 9.94819311018e-06, 7.62909121477e-06, 4.90134880238e-06, 3.91153525925e-06, 3.46977685695e-06, 2.32001116274e-06, 1.60792023962e-06, 1.23333461488e-06, 8.82792505763e-07, 7.24842379896e-07, 5.19267018717e-07, 4.51414706504e-07, 3.53197179948e-07], "median": [0.000925522937905, 0.00155893177725, 0.00107989669777, 0.000524818722624, 0.000298485625535, 0.000132598317578, 6.47910928819e-05, 7.85318188719e-05, 0.000133155612275, 8.28947595437e-05, 3.38020327035e-05, 5.83797300351e-05, 5.13346822117e-05, 5.94995908614e-05, 6.22794832452e-05, 4.28659441241e-05, 3.40284168487e-05, 2.8898988603e-05, 2.18764762394e-05, 1.34898964461e-05, 1.42552153193e-05, 1.42029221024e-05, 1.03243537524e-05, 1.30893722599e-05, 7.24991377865e-06, 7.0022942964e-06, 4.77866933579e-06, 5.00417354488e-06, 3.66935114471e-06, 2.2412209546e-06, 1.70448538483e-06, 1.57025465342e-06, 8.3935992734e-07, 4.54074665868e-07, 2.8046343914e-07, 2.1307855036e-07, 1.51299687445e-07, 6.89438834911e-08, 5.07678485917e-08, 3.71884496531e-08], "min": [2.09937319265e-12, 1.65335366925e-12, 1.10458408913e-12, 7.16780205069e-13, 5.08176725526e-13, 4.11138896365e-13, 3.41000204419e-13, 2.74380317728e-13, 2.31887751188e-13, 1.83554235179e-13, 1.19974735984e-13, 9.15342359743e-14, 7.8266813332e-14, 6.78965550774e-14, 5.9856206634e-14, 3.60415873307e-14, 2.70714271041e-14, 3.52900488779e-14, 3.69119272365e-14, 2.99621269364e-14, 1.76520344836e-14, 7.84860474816e-15, 1.02589826892e-14, 1.5276632227e-14, 1.9120784532e-14, 9.70517052547e-15, 7.40887331106e-16, 2.47059033693e-15, 3.20255894049e-15, 3.5772399413e-15, 4.28260959275e-15, 2.65154622061e-15, 1.86283149178e-15, 2.04260216461e-15, 1.42799590512e-15, 1.04202448451e-15, 7.98527182013e-16, 6.49618789886e-16, 4.4580180459e-16, 4.96308049894e-16], "var": [2.72569536719e-06, 6.45329419058e-06, 7.87931821833e-06, 2.7267619771e-06, 8.72307111877e-07, 2.54371514075e-07, 6.48973923489e-08, 9.1669406288e-08, 5.09710446295e-07, 3.01792397295e-07, 1.88129103407e-08, 1.11944231662e-08, 1.4636828638e-08, 1.87822184472e-08, 2.02455581189e-08, 9.80788428251e-09, 8.32888336078e-09, 3.06480152368e-09, 2.16547668686e-09, 8.95651053323e-10, 6.55312137887e-10, 9.16680953367e-10, 7.23828552651e-10, 7.00215829763e-10, 2.52577653237e-10, 2.73124606265e-10, 2.30129110212e-10, 2.16687986998e-10, 1.38543274075e-10, 6.03035052449e-11, 4.14355355582e-11, 3.15815845697e-11, 1.79337430323e-11, 8.65089163499e-12, 5.85918249682e-12, 4.00859033467e-12, 3.61045481706e-12, 2.23070021656e-12, 1.90978396292e-12, 1.69902839627e-12]}, "melbands_crest": {"dmean": 3.55997300148, "dmean2": 5.99881982803, "dvar": 8.60213184357, "dvar2": 24.0751247406, "max": 30.8114356995, "mean": 13.1220235825, "median": 12.7038888931, "min": 2.7965657711, "var": 16.9013156891}, "melbands_flatness_db": {"dmean": 0.0292890574783, "dmean2": 0.0456859581172, "dvar": 0.000700018310454, "dvar2": 0.00167883920949, "max": 0.415720134974, "mean": 0.201122581959, "median": 0.19659152627, "min": 0.0344791002572, "var": 0.00279416982085}, "melbands_kurtosis": {"dmean": 6.72414541245, "dmean2": 10.732629776, "dvar": 113.341743469, "dvar2": 291.390869141, "max": 198.104232788, "mean": 10.2868366241, "median": 5.91771221161, "min": -1.62869119644, "var": 179.001464844}, "melbands_skewness": {"dmean": 0.826103448868, "dmean2": 1.26710689068, "dvar": 0.636844992638, "dvar2": 1.5371658802, "max": 10.9449682236, "mean": 2.52074122429, "median": 2.28634858131, "min": -0.624651670456, "var": 1.94715642929}, "melbands_spread": {"dmean": 7.37545442581, "dmean2": 11.5464258194, "dvar": 58.2060966492, "dvar2": 139.476760864, "max": 119.310157776, "mean": 23.3202381134, "median": 21.2581748962, "min": 1.16219246387, "var": 165.27911377}, "mfcc": {"cov": [[3216.90527344, -770.895202637, 219.825653076, -58.6980056763, -79.391998291, -67.2491455078, -134.266433716, -67.3346557617, -72.3531799316, -21.2970066071, -85.2813949585, -52.9799919128, -88.955871582], [-770.895202637, 912.333068848, -358.225158691, 122.63633728, -61.4831809998, 41.3416862488, 43.9596443176, 32.3704605103, 46.8421630859, 12.0900192261, 45.4088973999, 16.1488838196, 15.6091070175], [219.825653076, -358.225158691, 573.02722168, -91.8356552124, 110.828887939, -39.1525688171, -3.93961381912, -21.2679405212, -35.9673957825, -13.5162000656, -21.5985450745, -10.446767807, -20.7946491241], [-58.6980056763, 122.63633728, -91.8356552124, 202.431655884, 16.43800354, 41.4077301025, -0.372749239206, 16.6619949341, 23.9754829407, 5.87817955017, 0.014267318882, -13.2717533112, 4.23254060745], [-79.391998291, -61.4831809998, 110.828887939, 16.43800354, 148.622619629, 23.9953079224, 16.7216911316, -6.49546384811, 0.0712615922093, -7.57247543335, -10.3162345886, -14.3045978546, 11.6738452911], [-67.2491455078, 41.3416862488, -39.1525688171, 41.4077301025, 23.9953079224, 154.63394165, 4.76934814453, 24.1637611389, -3.12314534187, 1.21096003056, -3.08689975739, -2.11553764343, 7.9321680069], [-134.266433716, 43.9596443176, -3.93961381912, -0.372749239206, 16.7216911316, 4.76934814453, 115.052627563, 13.7288341522, 30.8322811127, -6.03536081314, 16.629442215, 8.9414691925, 1.67406570911], [-67.3346557617, 32.3704605103, -21.2679405212, 16.6619949341, -6.49546384811, 24.1637611389, 13.7288341522, 104.280754089, 4.28421401978, 31.1144618988, 5.65113353729, 3.80781030655, 7.73034286499], [-72.3531799316, 46.8421630859, -35.9673957825, 23.9754829407, 0.0712615922093, -3.12314534187, 30.8322811127, 4.28421401978, 97.2827911377, 8.25401973724, 15.1704940796, -0.068179756403, -2.0686712265], [-21.2970066071, 12.0900192261, -13.5162000656, 5.87817955017, -7.57247543335, 1.21096003056, -6.03536081314, 31.1144618988, 8.25401973724, 91.5712585449, 21.7928771973, 10.5496454239, -0.813171803951], [-85.2813949585, 45.4088973999, -21.5985450745, 0.014267318882, -10.3162345886, -3.08689975739, 16.629442215, 5.65113353729, 15.1704940796, 21.7928771973, 77.3442382813, 23.8283500671, 1.9550536871], [-52.9799919128, 16.1488838196, -10.446767807, -13.2717533112, -14.3045978546, -2.11553764343, 8.9414691925, 3.80781030655, -0.068179756403, 10.5496454239, 23.8283500671, 72.4157485962, 12.2225790024], [-88.955871582, 15.6091070175, -20.7946491241, 4.23254060745, 11.6738452911, 7.9321680069, 1.67406570911, 7.73034286499, -2.0686712265, -0.813171803951, 1.9550536871, 12.2225790024, 60.1292991638]], "icov": [[0.000442498974735, 0.000384184910217, 1.47272603499e-05, -0.000157536254846, 0.00036400265526, 3.64864790754e-05, 0.000233665297856, 0.000125551407109, 8.87578353286e-05, 4.17308456235e-06, 0.000193592044525, 0.000109055887151, 0.000447606231319], [0.000384184910217, 0.00189989351202, 0.000844607595354, -0.000692687171977, 0.000419798860094, -1.99507467187e-05, -0.000245652423473, -4.20134201704e-05, -9.57962765824e-06, 0.000137033057399, -0.000395696901251, 1.65690125868e-05, 0.000360411941074], [1.47272603499e-05, 0.000844607595354, 0.00290807290003, 0.000765069620684, -0.00210654293187, 0.000617033452727, -3.74516348529e-05, -0.000194374370039, 0.000547364121303, 0.00014210572408, -1.2559768038e-05, -0.0002150983928, 0.00117288040929], [-0.000157536254846, -0.000692687171977, 0.000765069620684, 0.00626699207351, -0.00148299103603, -0.00107395951636, 0.000717973103747, -0.000630088557955, -0.00128476473037, -9.17941797525e-05, 9.84702201094e-05, 0.000892897660378, 3.06670081045e-05], [0.00036400265526, 0.000419798860094, -0.00210654293187, -0.00148299103603, 0.00970058888197, -0.00158333510626, -0.00148317310959, 0.00123383232858, -0.000111624824058, -0.000248169002589, 0.00061757984804, 0.00182036939077, -0.00238368241116], [3.64864790754e-05, -1.99507467187e-05, 0.000617033452727, -0.00107395951636, -0.00158333510626, 0.00745260249823, -1.87708574231e-05, -0.0016480628401, 0.00077668542508, 0.000397821597289, 0.000236534295254, -0.000209662874113, -4.81647512061e-05], [0.000233665297856, -0.000245652423473, -3.74516348529e-05, 0.000717973103747, -0.00148317310959, -1.87708574231e-05, 0.0107435332611, -0.00180506706238, -0.00312561984174, 0.00203471700661, -0.00163764180616, -0.00106174894609, 0.000758398789912], [0.000125551407109, -4.20134201704e-05, -0.000194374370039, -0.000630088557955, 0.00123383232858, -0.0016480628401, -0.00180506706238, 0.011732830666, 0.0004052107397, -0.00420978665352, 0.00076970650116, 0.000364105420886, -0.00144852441736], [8.87578353286e-05, -9.57962765824e-06, 0.000547364121303, -0.00128476473037, -0.000111624824058, 0.00077668542508, -0.00312561984174, 0.0004052107397, 0.0121943643317, -0.00101784616709, -0.00145395763684, 0.000803057511803, 0.000657467637211], [4.17308456235e-06, 0.000137033057399, 0.00014210572408, -9.17941797525e-05, -0.000248169002589, 0.000397821597289, 0.00203471700661, -0.00420978665352, -0.00101784616709, 0.01352367457, -0.00348575948738, -0.00108191696927, 0.000987610081211], [0.000193592044525, -0.000395696901251, -1.2559768038e-05, 9.84702201094e-05, 0.00061757984804, 0.000236534295254, -0.00163764180616, 0.00076970650116, -0.00145395763684, -0.00348575948738, 0.0163771305233, -0.00442034052685, 0.000442261021817], [0.000109055887151, 1.65690125868e-05, -0.0002150983928, 0.000892897660378, 0.00182036939077, -0.000209662874113, -0.00106174894609, 0.000364105420886, 0.000803057511803, -0.00108191696927, -0.00442034052685, 0.0166971087456, -0.00356053863652], [0.000447606231319, 0.000360411941074, 0.00117288040929, 3.06670081045e-05, -0.00238368241116, -4.81647512061e-05, 0.000758398789912, -0.00144852441736, 0.000657467637211, 0.000987610081211, 0.000442261021817, -0.00356053863652, 0.018982520327]], "mean": [-629.844726563, 139.054336548, -18.3718299866, 35.007598877, -0.570210635662, 17.3290920258, 5.67441606522, 5.44110012054, -1.16975104809, 1.0604184866, 1.86896896362, 1.27910840511, -3.70650863647]}, "pitch_salience": {"dmean": 0.0811159238219, "dmean2": 0.13431096077, "dvar": 0.00490985950455, "dvar2": 0.0130401877686, "max": 0.973105311394, "mean": 0.570394098759, "median": 0.575445950031, "min": 0.0943632647395, "var": 0.00986096728593}, "silence_rate_20dB": {"dmean": 0, "dmean2": 0, "dvar": 0, "dvar2": 0, "max": 1, "mean": 1, "median": 1, "min": 1, "var": 0}, "silence_rate_30dB": {"dmean": 0.0072840792127, "dmean2": 0.0145700536668, "dvar": 0.00723128672689, "dvar2": 0.0203427746892, "max": 1, "mean": 0.995708167553, "median": 1, "min": 0, "var": 0.00427369447425}, "silence_rate_60dB": {"dmean": 0.00832466222346, "dmean2": 0.0166514888406, "dvar": 0.00825474970043, "dvar2": 0.0194938518107, "max": 1, "mean": 0.0267915204167, "median": 0, "min": 0, "var": 0.0260730832815}, "spectral_centroid": {"dmean": 280.912200928, "dmean2": 438.471862793, "dvar": 86821.453125, "dvar2": 191756.328125, "max": 10822.4003906, "mean": 1355.89611816, "median": 1294.68017578, "min": 272.849945068, "var": 280197.78125}, "spectral_complexity": {"dmean": 4.27367305756, "dmean2": 6.24430847168, "dvar": 19.5126113892, "dvar2": 35.0217170715, "max": 59, "mean": 22.4326953888, "median": 22, "min": 0, "var": 87.0081253052}, "spectral_contrast_coeffs": {"dmean": [0.0588203407824, 0.0499595291913, 0.0408232547343, 0.033190894872, 0.0252095293254, 0.0268489364535], "dmean2": [0.0961176082492, 0.0826231241226, 0.0668649226427, 0.0545622967184, 0.0414195843041, 0.0406117923558], "dvar": [0.00252503226511, 0.00160492444411, 0.00105173047632, 0.000686147599481, 0.000432193221059, 0.000584872730542], "dvar2": [0.00628742948174, 0.00427600042894, 0.00271308491938, 0.00181611359585, 0.00106253405102, 0.00121386290994], "max": [-0.312506198883, -0.434085726738, -0.517031252384, -0.541796803474, -0.540963232517, -0.432387113571], "mean": [-0.649747014046, -0.749538600445, -0.765168368816, -0.77104139328, -0.780002951622, -0.696844279766], "median": [-0.655180573463, -0.757245004177, -0.769643485546, -0.773270487785, -0.78405469656, -0.707369565964], "min": [-0.971313297749, -0.975845098495, -0.966114580631, -0.958851516247, -0.96098202467, -0.96203649044], "var": [0.00507598603144, 0.00463881623, 0.0033373455517, 0.00229506357573, 0.00146686367225, 0.00390248210169]}, "spectral_contrast_valleys": {"dmean": [0.441135019064, 0.392780721188, 0.332371681929, 0.295570135117, 0.27974203229, 0.368872910738], "dmean2": [0.696971476078, 0.640257835388, 0.531319200993, 0.457849651575, 0.402794510126, 0.465143620968], "dvar": [0.161454960704, 0.144217759371, 0.111380778253, 0.103032141924, 0.109407164156, 0.184872835875], "dvar2": [0.327355831861, 0.299291342497, 0.207392856479, 0.169897302985, 0.167053371668, 0.250564813614], "max": [-5.14013910294, -4.77111721039, -5.28476667404, -5.83641719818, -5.62220811844, -7.89558982849], "mean": [-6.78664493561, -6.54756975174, -7.02057790756, -7.35815858841, -7.32848978043, -10.8999958038], "median": [-6.72429943085, -6.49069690704, -6.95947933197, -7.31832456589, -7.27758359909, -10.9441947937], "min": [-27.1842784882, -27.2129440308, -27.341884613, -27.4147663116, -27.0431232452, -27.216545105], "var": [0.454847276211, 0.411999464035, 0.354827612638, 0.328641951084, 0.426342010498, 1.32963752747]}, "spectral_decrease": {"dmean": 3.4388367709e-09, "dmean2": 5.18091081148e-09, "dvar": 2.22666515705e-17, "dvar2": 5.13435175202e-17, "max": -7.58190688898e-18, "mean": -7.59080887036e-09, "median": -6.40006581065e-09, "min": -5.5034334423e-08, "var": 3.22635412092e-17}, "spectral_energy": {"dmean": 0.0133989145979, "dmean2": 0.0200749076903, "dvar": 0.000334654381732, "dvar2": 0.000767073244788, "max": 0.213106840849, "mean": 0.03039053455, "median": 0.0257419962436, "min": 3.01921473933e-11, "var": 0.000497382949106}, "spectral_energyband_high": {"dmean": 0.000339985213941, "dmean2": 0.00048754006275, "dvar": 4.0522959921e-07, "dvar2": 8.71742997788e-07, "max": 0.0111735993996, "mean": 0.000707201659679, "median": 0.000361811253242, "min": 6.34174299446e-13, "var": 9.18818557238e-07}, "spectral_energyband_low": {"dmean": 0.00771514093503, "dmean2": 0.0123475687578, "dvar": 0.000111774766992, "dvar2": 0.000277050974546, "max": 0.120774038136, "mean": 0.0119040915743, "median": 0.00858948193491, "min": 1.24090243289e-11, "var": 0.000141215976328}, "spectral_energyband_middle_high": {"dmean": 0.00180448405445, "dmean2": 0.00275929295458, "dvar": 4.55546523881e-06, "dvar2": 1.0215833754e-05, "max": 0.0302226990461, "mean": 0.00561999808997, "median": 0.00510262325406, "min": 4.12856684603e-12, "var": 1.46842776303e-05}, "spectral_energyband_middle_low": {"dmean": 0.008230721578, "dmean2": 0.012887715362, "dvar": 0.000205270393053, "dvar2": 0.000496826367453, "max": 0.166169241071, "mean": 0.0140756899491, "median": 0.0100016966462, "min": 1.19468089935e-11, "var": 0.00023982815037}, "spectral_entropy": {"dmean": 0.132459998131, "dmean2": 0.204085305333, "dvar": 0.0164908524603, "dvar2": 0.0369766354561, "max": 9.81177043915, "mean": 7.58210754395, "median": 7.57308149338, "min": 6.52643823624, "var": 0.0693540051579}, "spectral_flux": {"dmean": 0.0291614700109, "dmean2": 0.0437189415097, "dvar": 0.0010322201997, "dvar2": 0.00203166296706, "max": 0.364536911249, "mean": 0.097778826952, "median": 0.0866893455386, "min": 5.49473816136e-06, "var": 0.00236184895039}, "spectral_kurtosis": {"dmean": 1.75496160984, "dmean2": 3.05034947395, "dvar": 3.25255274773, "dvar2": 9.4956035614, "max": 24.7180862427, "mean": 3.8654923439, "median": 3.35746335983, "min": -1.2196213007, "var": 5.04141283035}, "spectral_rms": {"dmean": 0.0011023018742, "dmean2": 0.00159202620853, "dvar": 1.40430881856e-06, "dvar2": 2.92204299512e-06, "max": 0.0144190536812, "mean": 0.00512184342369, "median": 0.0050114011392, "min": 1.71626780343e-07, "var": 3.41604982168e-06}, "spectral_rolloff": {"dmean": 456.965881348, "dmean2": 752.847290039, "dvar": 396254.25, "dvar2": 932976.625, "max": 9517.67578125, "mean": 1263.67053223, "median": 1184.32617188, "min": 86.1328125, "var": 758832.4375}, "spectral_skewness": {"dmean": 0.228162184358, "dmean2": 0.37903007865, "dvar": 0.0466834641993, "dvar2": 0.124783061445, "max": 3.44792747498, "mean": 1.29845321178, "median": 1.26865291595, "min": 0.040915902704, "var": 0.114125303924}, "spectral_spread": {"dmean": 381794.09375, "dmean2": 519510.375, "dvar": 394803576832, "dvar2": 545385578496, "max": 40530432, "mean": 3693021.25, "median": 3370529.75, "min": 1828894.75, "var": 1345028489220.0}, "spectral_s