{"lowlevel": {"average_loudness": 0.871373295784, "barkbands": {"dmean": [3.9369067963e-05, 0.00397554319352, 0.00381634291261, 0.00153502624016, 0.00177283678204, 0.000599520397373, 0.000459489092464, 0.000815296894871, 0.000467149046017, 0.000642512459308, 0.000411687942687, 0.000801619549748, 0.000607342633884, 0.000400039280066, 0.00045077665709, 0.000226590113016, 0.000298375060083, 0.000232852078625, 0.000157331072842, 7.36793517717e-05, 6.09610833635e-05, 0.00020062988915, 0.000165789067978, 6.02336913289e-05, 0.000119925345643, 6.60495197735e-06, 4.06700507938e-07], "dmean2": [6.28729030723e-05, 0.00591410323977, 0.00580781884491, 0.00246971985325, 0.00284419720992, 0.000945597246755, 0.000727875856683, 0.00123508879915, 0.00075720611494, 0.00106109818444, 0.00067534390837, 0.00132670300081, 0.000995423994027, 0.000624126463663, 0.000721064279787, 0.000369782472262, 0.000483710755361, 0.000370453723008, 0.000237692715018, 0.000109573222289, 9.63267229963e-05, 0.00035482266685, 0.000291449192446, 0.000104151265987, 0.000210152720683, 1.12818934213e-05, 7.36071683605e-07], "dvar": [5.22791632207e-09, 4.32658671343e-05, 5.57777602808e-05, 8.05999297881e-06, 1.83920892596e-05, 1.33059268137e-06, 6.57172051888e-07, 2.87376997221e-06, 1.08059759896e-06, 2.21812206291e-06, 1.72779084551e-06, 4.54985047327e-06, 2.62632534032e-06, 8.7309342689e-07, 1.09082429844e-06, 2.10326632555e-07, 7.90043770849e-07, 1.81711342861e-07, 1.11112910872e-07, 1.9633171533e-08, 3.11905807848e-08, 9.42304438922e-07, 6.39468964891e-07, 1.07161085339e-07, 2.53498740221e-07, 4.11256939614e-09, 1.48986309401e-11], "dvar2": [1.26467885053e-08, 8.17483014544e-05, 0.000121226228657, 1.93556898012e-05, 4.49130930065e-05, 3.00310261991e-06, 1.63869322023e-06, 6.25752318228e-06, 2.89090667138e-06, 6.14543159827e-06, 4.79850086776e-06, 1.20353106468e-05, 7.36586753192e-06, 2.10113853427e-06, 2.68093776867e-06, 5.38619872259e-07, 1.89080674318e-06, 4.0305303628e-07, 2.45979975944e-07, 4.21380974558e-08, 7.86509275486e-08, 2.64794698523e-06, 1.76645812644e-06, 2.46844706453e-07, 6.96963525115e-07, 8.71453131879e-09, 4.24350381223e-11], "max": [0.00176348618697, 0.113677680492, 0.138500869274, 0.0555585101247, 0.0807797685266, 0.033218216151, 0.0143740782514, 0.0367217510939, 0.0309743732214, 0.0299921948463, 0.0297015532851, 0.0510140582919, 0.0246929544955, 0.0227518472821, 0.0252076536417, 0.0122440475971, 0.0237300843, 0.0110292248428, 0.0101738236845, 0.0021477136761, 0.00362336984836, 0.0213415287435, 0.018544498831, 0.0162330064923, 0.00957108289003, 0.00408520223573, 0.000109363660158], "mean": [4.93875959364e-05, 0.00989615824074, 0.007922754623, 0.0024370639585, 0.00252989330329, 0.00102229998447, 0.000747293350287, 0.00140991189983, 0.000739194976632, 0.000996022950858, 0.000630835245829, 0.00132156955078, 0.0010201256955, 0.000657139695249, 0.000759865331929, 0.000383638951462, 0.000487041688757, 0.000467725010822, 0.000310306117171, 0.000139500130899, 8.51387230796e-05, 0.000163257398526, 0.000128897852846, 5.68387040403e-05, 8.57298291521e-05, 5.32706962986e-06, 2.83842865656e-07], "median": [1.89759266505e-05, 0.00462841521949, 0.00294542196207, 0.0010125557892, 0.00123975577299, 0.000409337371821, 0.000261154375039, 0.000424394092988, 0.000191389233805, 0.000241378176725, 8.96948185982e-05, 0.00013583060354, 0.000129073363496, 0.000135163660161, 0.000241544723394, 0.000154865032528, 0.000243489805143, 0.000261083885562, 0.000150634499732, 5.76158781769e-05, 2.86572303594e-05, 2.07150042115e-05, 1.40295087476e-05, 4.16559396399e-06, 2.57222950495e-06, 1.51831073936e-07, 1.98848386646e-08], "min": [1.49688890981e-24, 3.99234931068e-24, 8.35495502317e-25, 1.51801628118e-24, 8.19696215829e-24, 1.45229797522e-23, 1.02394634591e-23, 7.42131309551e-24, 2.99215982647e-23, 1.84699537836e-23, 1.49172382331e-23, 3.51239024318e-23, 4.18654761734e-23, 3.70645633675e-23, 5.61997193763e-23, 7.65288857849e-23, 6.42777244655e-23, 8.63193816816e-23, 1.09055829718e-22, 2.10111309814e-22, 2.49707671769e-22, 3.49064387238e-22, 3.95183417189e-22, 5.64768266485e-22, 8.90850699551e-22, 1.19018072624e-21, 1.95204648312e-21], "var": [6.94832769099e-09, 0.000180803312105, 0.000146691760165, 1.43866600411e-05, 2.03150375455e-05, 3.07121467813e-06, 1.61558011769e-06, 7.02007673681e-06, 2.07527455132e-06, 3.85084285881e-06, 3.14850308314e-06, 9.27378550841e-06, 5.82436632612e-06, 2.06340541808e-06, 2.7989708542e-06, 4.68285179522e-07, 1.01245984752e-06, 4.35598309423e-07, 2.36638442175e-07, 4.41700827025e-08, 3.36482379737e-08, 6.11964708241e-07, 4.21597775357e-07, 1.64739091701e-07, 1.72680302057e-07, 4.8911199535e-09, 8.68400750614e-12]}, "barkbands_crest": {"dmean": 2.4051759243, "dmean2": 3.8980576992, "dvar": 4.96577119827, "dvar2": 12.2867994308, "max": 25.686882019, "mean": 10.7307882309, "median": 10.0857048035, "min": 2.79207158089, "var": 16.6302051544}, "barkbands_flatness_db": {"dmean": 0.0233080554754, "dmean2": 0.0343341380358, "dvar": 0.000605360139161, "dvar2": 0.00117921025958, "max": 0.485526144505, "mean": 0.174807280302, "median": 0.170713290572, "min": 0.0352958217263, "var": 0.00332686118782}, "barkbands_kurtosis": {"dmean": 3.85884332657, "dmean2": 5.90828895569, "dvar": 92.4194030762, "dvar2": 218.228256226, "max": 472.103881836, "mean": 7.64036512375, "median": 1.91553902626, "min": -1.84814417362, "var": 337.652923584}, "barkbands_skewness": {"dmean": 0.606516063213, "dmean2": 0.921072900295, "dvar": 0.481073796749, "dvar2": 1.05006706715, "max": 20.4721279144, "mean": 1.85321724415, "median": 1.51938772202, "min": -9.84928226471, "var": 3.31856274605}, "barkbands_spread": {"dmean": 6.09198474884, "dmean2": 9.60820674896, "dvar": 79.4228668213, "dvar2": 192.866897583, "max": 153.132202148, "mean": 19.7274513245, "median": 17.9294090271, "min": 0.57732218504, "var": 158.108627319}, "dissonance": {"dmean": 0.017357589677, "dmean2": 0.0292755626142, "dvar": 0.000285017682472, "dvar2": 0.000780742208008, "max": 0.499999970198, "mean": 0.465747416019, "median": 0.472674757242, "min": 0.288744777441, "var": 0.000677670817822}, "dynamic_complexity": 3.98504829407, "erbbands": {"dmean": [0.0606322400272, 1.09761166573, 4.207883358, 4.43929290771, 6.95250082016, 4.27259778976, 5.98948431015, 4.38162183762, 7.11670970917, 5.62138271332, 21.1151695251, 12.0448799133, 10.312543869, 21.766954422, 21.1898345947, 33.4189033508, 26.6771774292, 20.7864551544, 26.6889896393, 12.0853185654, 15.3017969131, 12.7360630035, 11.3556308746, 11.4122505188, 5.9918513298, 3.65511512756, 2.7876291275, 3.18676352501, 10.0731487274, 2.11304044724, 6.33458471298, 1.80800020695, 1.0496096611, 0.920261144638, 1.18784499168, 0.108120091259, 0.00823632907122, 0.000638212542981, 9.06257337192e-05, 1.84565069503e-05], "dmean2": [0.0986819863319, 1.61110508442, 6.26480960846, 6.95817232132, 11.3164644241, 7.01638460159, 9.3630361557, 6.96223640442, 11.3251867294, 8.62621116638, 31.9425239563, 19.200296402, 16.4036540985, 36.4312286377, 35.069896698, 54.4441375732, 43.5437088013, 32.074382782, 42.3246459961, 19.8715400696, 24.7637958527, 20.2891941071, 18.0999279022, 17.2082443237, 9.04291915894, 5.40906190872, 4.251973629, 5.33202648163, 17.9450550079, 3.56052279472, 11.2133684158, 3.14319491386, 1.79526376724, 1.62760543823, 2.08549404144, 0.186863660812, 0.014020239003, 0.00108830921818, 0.000159446717589, 2.88338651444e-05], "dvar": [0.00909086316824, 3.48501133919, 68.5657424927, 57.1127357483, 383.519989014, 87.3457260132, 162.5365448, 85.0068206787, 176.003601074, 103.322669983, 2117.15356445, 729.657775879, 567.457214355, 2723.4440918, 3844.17260742, 7474.70410156, 5234.8203125, 2396.11791992, 4237.3046875, 535.754760742, 1456.48913574, 832.800964355, 355.060272217, 827.533874512, 146.560714722, 49.9853477478, 43.7928504944, 146.151245117, 2483.87597656, 73.4450759888, 1032.8503418, 64.9696273804, 50.7165870667, 16.9714660645, 25.9645690918, 0.354149878025, 0.0046781017445, 1.39543826663e-05, 5.10594247771e-07, 4.15008516441e-09], "dvar2": [0.0226137060672, 6.46451759338, 141.008483887, 138.360214233, 932.743530273, 226.231674194, 367.361785889, 196.021743774, 444.463378906, 225.011795044, 4609.84960938, 1991.31933594, 1453.25610352, 7421.10742188, 10385.1835938, 19456.671875, 14640.3242188, 5775.26513672, 10168.5878906, 1349.87426758, 3521.47021484, 1943.59680176, 877.33996582, 1652.75305176, 297.361328125, 107.82888031, 102.543952942, 394.218597412, 6999.98388672, 200.219680786, 2855.95654297, 175.015426636, 116.235839844, 46.6423492432, 71.7825241089, 0.839914500713, 0.0102055286989, 3.60905942216e-05, 1.44298110172e-06, 1.13446487759e-08], "max": [1.74621403217, 34.0464820862, 151.091400146, 132.918899536, 408.442749023, 205.373886108, 341.964660645, 250.207580566, 239.285476685, 220.232009888, 996.110595703, 891.864929199, 484.58026123, 1004.06011963, 1470.4041748, 1560.84716797, 1193.42590332, 1144.26586914, 1550.63391113, 536.120666504, 757.799743652, 690.813781738, 320.17767334, 945.613647461, 431.407897949, 112.094909668, 93.7853927612, 231.708465576, 1096.61987305, 186.586349487, 778.233825684, 227.288574219, 362.762054443, 77.0388259888, 97.2440719604, 28.9954395294, 4.2544093132, 0.146753132343, 0.018754420802, 0.0017027752474], "mean": [0.13585601747, 2.7694671154, 9.57533168793, 8.50260925293, 9.04962921143, 6.44799804688, 9.96220397949, 7.41755485535, 11.7393579483, 10.3139724731, 37.1437683105, 20.2595024109, 17.9063854218, 35.4428710938, 36.4391326904, 58.2761878967, 47.5256881714, 37.5999717712, 47.610370636, 22.0396823883, 25.8628559113, 23.4262237549, 24.1203041077, 22.4174823761, 12.0618162155, 7.04888725281, 4.65939807892, 3.41796278954, 7.94601631165, 2.03295493126, 4.79423713684, 1.41393399239, 1.1179407835, 0.669957518578, 0.837387800217, 0.081053622067, 0.00669505260885, 0.000508886179887, 7.88341567386e-05, 4.50996885775e-05], "median": [0.0694499388337, 1.26001834869, 3.77718687057, 4.79142379761, 3.60590338707, 3.35116195679, 3.43270778656, 3.28478050232, 4.26379776001, 5.03232145309, 11.4691677094, 7.48149585724, 5.04335594177, 8.36286830902, 6.00324773788, 6.68597126007, 8.26491737366, 8.73825836182, 15.2643299103, 9.04141807556, 10.7089595795, 12.604719162, 14.4492940903, 11.2281723022, 5.39451932907, 2.93743133545, 1.83566534519, 0.899429857731, 0.866719067097, 0.424993276596, 0.422463268042, 0.148837938905, 0.0512871108949, 0.025652455166, 0.0190499201417, 0.00229632528499, 0.000217972585233, 2.94330584438e-05, 2.05385658774e-05, 3.39786674886e-05], "min": [1.57602481286e-22, 7.23053043035e-22, 2.56290179598e-21, 6.90592979361e-21, 7.91123131105e-21, 2.1337905845e-20, 4.65313166809e-20, 9.12922148194e-20, 1.68785997196e-19, 1.52450343321e-19, 3.63163101389e-19, 7.10275383376e-19, 4.88951112971e-19, 1.00106783259e-18, 1.06296813597e-18, 1.72429810513e-18, 1.79091675012e-18, 2.42093534815e-18, 2.65470879017e-18, 3.87876859268e-18, 4.2882697316e-18, 4.60557745534e-18, 5.39729931658e-18, 6.43226439028e-18, 7.67412429239e-18, 9.58330015955e-18, 1.12138468548e-17, 1.02273620096e-17, 1.30763391298e-17, 1.29194527461e-17, 1.1804613458e-17, 9.9836994166e-18, 9.94642086793e-18, 8.92446899963e-18, 6.48576891384e-18, 3.90849126004e-18, 2.3710230632e-18, 9.61979516138e-19, 2.53772782227e-19, 2.79210550617e-20], "var": [0.0264664068818, 14.5712118149, 203.850418091, 117.568962097, 398.011901855, 102.500350952, 371.885986328, 178.782592773, 406.952331543, 256.8878479, 5211.76269531, 1289.62109375, 1171.65124512, 5125.73681641, 7811.97314453, 16413.0683594, 11859.7509766, 6004.87548828, 10959.3076172, 1237.90734863, 2446.25561523, 1361.92199707, 867.149841309, 1756.71850586, 377.623321533, 115.854675293, 68.9242935181, 110.893127441, 1579.37036133, 52.7119102478, 676.142578125, 47.0954170227, 101.976547241, 12.2093334198, 17.1213798523, 0.347239166498, 0.00531980767846, 1.16296732813e-05, 3.10641325996e-07, 3.73438568957e-09]}, "erbbands_crest": {"dmean": 2.76858186722, "dmean2": 4.51742696762, "dvar": 6.81255817413, "dvar2": 17.7844390869, "max": 32.3097686768, "mean": 9.71285438538, "median": 8.63451194763, "min": 1.8870562315, "var": 20.6654758453}, "erbbands_flatness_db": {"dmean": 0.0181419383734, "dmean2": 0.0264376997948, "dvar": 0.000330773560563, "dvar2": 0.000660797639284, "max": 0.354635983706, "mean": 0.183635085821, "median": 0.181629598141, "min": 0.0127646727487, "var": 0.00243222643621}, "erbbands_kurtosis": {"dmean": 0.87896925211, "dmean2": 1.41671967506, "dvar": 1.35848712921, "dvar2": 3.33651542664, "max": 28.9514827728, "mean": 0.39094427228, "median": -0.157174944878, "min": -1.82508456707, "var": 4.11390304565}, "erbbands_skewness": {"dmean": 0.355059206486, "dmean2": 0.551365435123, "dvar": 0.11549911648, "dvar2": 0.2631495893, "max": 4.156478405, "mean": 0.0415189526975, "median": 0.0290711969137, "min": -4.70209121704, "var": 0.578095316887}, "erbbands_spread": {"dmean": 8.31705951691, "dmean2": 12.919588089, "dvar": 82.4501800537, "dvar2": 192.714996338, "max": 163.552062988, "mean": 38.7806510925, "median": 36.0096588135, "min": 3.9921400547, "var": 449.123046875}, "gfcc": {"cov": [[23142.0976562, 956.487548828, -2688.63696289, 1026.62231445, -1200.23547363, 988.628112793, -482.244842529, 210.158950806, -537.67401123, -42.6128883362, -79.8406295776, -179.050445557, -213.621078491], [956.487548828, 1532.68981934, -649.377929688, -84.0282440186, 281.645782471, -316.32232666, 348.089935303, -121.545700073, 174.515441895, -200.457641602, 198.333297729, -128.964630127, 51.13539505], [-2688.63696289, -649.377929688, 1143.62121582, 173.082305908, 23.6847610474, 20.3326225281, -221.884719849, 66.2388916016, 26.1532688141, 103.151924133, -113.953811646, 90.9902191162, 36.8487472534], [1026.62231445, -84.0282440186, 173.082305908, 368.137969971, -17.5002861023, 43.3032646179, -168.492538452, -1.49222791195, 6.52800273895, 17.3366298676, -51.3584251404, -6.12543153763, 18.8923721313], [-1200.23547363, 281.645782471, 23.6847610474, -17.5002861023, 385.203796387, -54.1231880188, 145.992523193, -50.6063232422, 73.234916687, -43.030330658, 51.9672203064, -27.8810958862, 8.71446895599], [988.628112793, -316.32232666, 20.3326225281, 43.3032646179, -54.1231880188, 335.838256836, 30.678068161, 61.3071937561, -89.6408691406, 21.4784507751, -12.3652095795, 15.1335668564, -47.3587226868], [-482.244842529, 348.089935303, -221.884719849, -168.492538452, 145.992523193, 30.678068161, 377.776000977, 10.5783643723, 29.2895889282, -85.3542938232, 111.466316223, -31.8236808777, -14.0065383911], [210.158950806, -121.545700073, 66.2388916016, -1.49222791195, -50.6063232422, 61.3071937561, 10.5783643723, 122.503372192, 2.98895549774, 27.7196712494, -20.1571807861, 13.3787527084, -8.17094516754], [-537.67401123, 174.515441895, 26.1532688141, 6.52800273895, 73.234916687, -89.6408691406, 29.2895889282, 2.98895549774, 134.427459717, 6.57421875, 22.8528442383, -19.0019302368, 23.5220355988], [-42.6128883362, -200.457641602, 103.151924133, 17.3366298676, -43.030330658, 21.4784507751, -85.3542938232, 27.7196712494, 6.57421875, 102.312149048, -16.1362934113, 27.7910308838, -10.0382900238], [-79.8406295776, 198.333297729, -113.953811646, -51.3584251404, 51.9672203064, -12.3652095795, 111.466316223, -20.1571807861, 22.8528442383, -16.1362934113, 122.404197693, 9.28062057495, 1.61545240879], [-179.050445557, -128.964630127, 90.9902191162, -6.12543153763, -27.8810958862, 15.1335668564, -31.8236808777, 13.3787527084, -19.0019302368, 27.7910308838, 9.28062057495, 93.7303848267, 11.010881424], [-213.621078491, 51.13539505, 36.8487472534, 18.8923721313, 8.71446895599, -47.3587226868, -14.0065383911, -8.17094516754, 23.5220355988, -10.0382900238, 1.61545240879, 11.010881424, 70.1088104248]], "icov": [[0.000301677588141, -0.000683473073877, 0.000681218807586, -0.000853328441735, 0.000630200083833, -0.000996147515252, 0.000607857480645, -0.000675832154229, 0.000769043981563, -0.000507549324539, 0.000347674591467, -0.000190043021576, 0.000272203120403], [-0.000683473073877, 0.00382133177482, -0.000706069986336, 0.00125750410371, -0.0019042568747, 0.00378438504413, -0.00204837601632, 0.00154821586329, -0.00300635606982, 0.00329226604663, -0.00255487510003, 0.00140540173743, -0.000955003255513], [0.000681218807586, -0.000706069986336, 0.00313282199204, -0.00247976416722, 0.000739463721402, -0.00175413291436, 0.00145358871669, -0.00202391133644, 0.000976126175374, -0.000943054677919, 0.00110182806384, -0.00123066536617, 9.53446797212e-05], [-0.000853328441735, 0.00125750410371, -0.00247976416722, 0.0067275390029, -0.00207666610368, 0.000989687279798, 0.00104874360841, 0.00183329754509, -0.00285316677764, 0.0022873475682, -0.000994340283796, 0.00129042158369, -0.00157194922213], [0.000630200083833, -0.0019042568747, 0.000739463721402, -0.00207666610368, 0.00535260047764, -0.00227179494686, -0.00048250137479, 0.000581307569519, 0.000261975335889, -0.00134307588451, 0.00113310583401, -0.000335690012434, 0.000997912487946], [-0.000996147515252, 0.00378438504413, -0.00175413291436, 0.000989687279798, -0.00227179494686, 0.00926339067519, -0.00411862879992, 0.000418110575993, 2.12945251405e-05, 0.00157706346363, -0.00216936646029, 0.00110905535985, 0.000719985750038], [0.000607857480645, -0.00204837601632, 0.00145358871669, 0.00104874360841, -0.00048250137479, -0.00411862879992, 0.0090302163735, -0.00405795359984, 0.000676264928188, 0.00329098803923, -0.00334128946997, 0.000524240895174, 0.00114750361536], [-0.000675832154229, 0.00154821586329, -0.00202391133644, 0.00183329754509, 0.000581307569519, 0.000418110575993, -0.00405795359984, 0.0132379364222, -0.00420989003032, -0.00152516097296, 0.00225848029368, -0.000815308303572, -0.000406360137276], [0.000769043981563, -0.00300635606982, 0.000976126175374, -0.00285316677764, 0.000261975335889, 2.12945251405e-05, 0.000676264928188, -0.00420989003032, 0.0151290409267, -0.00602295575663, -9.33449773584e-05, 0.00218434096314, -0.00186108739581], [-0.000507549324539, 0.00329226604663, -0.000943054677919, 0.0022873475682, -0.00134307588451, 0.00157706346363, 0.00329098803923, -0.00152516097296, -0.00602295575663, 0.0192156843841, -0.00436703721061, -0.00150320387911, 0.00275227590464], [0.000347674591467, -0.00255487510003, 0.00110182806384, -0.000994340283796, 0.00113310583401, -0.00216936646029, -0.00334128946997, 0.00225848029368, -9.33449773584e-05, -0.00436703721061, 0.0156804528087, -0.00508409785107, 0.000444284611149], [-0.000190043021576, 0.00140540173743, -0.00123066536617, 0.00129042158369, -0.000335690012434, 0.00110905535985, 0.000524240895174, -0.000815308303572, 0.00218434096314, -0.00150320387911, -0.00508409785107, 0.0153663391247, -0.00374870724045], [0.000272203120403, -0.000955003255513, 9.53446797212e-05, -0.00157194922213, 0.000997912487946, 0.000719985750038, 0.00114750361536, -0.000406360137276, -0.00186108739581, 0.00275227590464, 0.000444284611149, -0.00374870724045, 0.0183041822165]], "mean": [-47.3703613281, 129.233535767, -131.968688965, 48.7144775391, -40.2834243774, 12.9009437561, -27.8790645599, 7.77652359009, -12.9449739456, -7.6072974205, -8.97985267639, -9.76642608643, -9.54781150818]}, "hfc": {"dmean": 8.34191131592, "dmean2": 12.7942285538, "dvar": 387.188140869, "dvar2": 994.554260254, "max": 392.981079102, "mean": 20.1584415436, "median": 13.0769529343, "min": 1.09912642979e-16, "var": 567.891418457}, "melbands": {"dmean": [0.000809633114841, 0.00192139635328, 0.00081802054774, 0.000415346730733, 0.000191693485249, 0.000100066281448, 0.000103746802779, 7.3451687058e-05, 0.000166463272762, 7.05891070538e-05, 5.54727048439e-05, 9.48623564909e-05, 6.08914924669e-05, 9.85988590401e-05, 7.47118683648e-05, 5.08867997269e-05, 4.0457052819e-05, 4.50444713351e-05, 2.36205341935e-05, 1.57606173161e-05, 2.04154366656e-05, 1.56514142873e-05, 1.20667864394e-05, 1.1419783732e-05, 9.94710535451e-06, 5.56408895136e-06, 2.78348034044e-06, 2.57322744801e-06, 1.96844302991e-06, 1.47472712797e-06, 1.79277992629e-06, 7.38134895073e-06, 1.72666295839e-06, 8.8805887799e-07, 3.82431790058e-06, 2.31894978242e-06, 7.96340088982e-07, 7.86746454651e-07, 6.57674661397e-07, 7.26085147562e-07], "dmean2": [0.00124867050909, 0.00282166479155, 0.00128000159748, 0.00067138770828, 0.000300079351291, 0.000158512266353, 0.00016406076611, 0.00011284086213, 0.000252596131759, 0.000113507223432, 8.90803348739e-05, 0.000158992159413, 9.99935728032e-05, 0.000163985852851, 0.000122745768749, 8.25668976177e-05, 6.28383204457e-05, 7.1444977948e-05, 3.85498933611e-05, 2.57888314081e-05, 3.32577801601e-05, 2.52375048149e-05, 1.96904002223e-05, 1.82118219527e-05, 1.51273243318e-05, 8.61625176185e-06, 4.19621119363e-06, 3.91471576222e-06, 3.04771060655e-06, 2.34060144066e-06, 3.05478897644e-06, 1.32457898872e-05, 2.95789823213e-06, 1.48922651988e-06, 6.76835134072e-06, 4.11269411416e-06, 1.40405552429e-06, 1.33734442898e-06, 1.08841322799e-06, 1.31596664232e-06], "dvar": [1.61615275829e-06, 1.26774775708e-05, 2.01281795853e-06, 1.20021275052e-06, 1.42946177561e-07, 3.98844370864e-08, 3.57483003199e-08, 1.51571484253e-08, 1.2594031773e-07, 2.95415851781e-08, 1.62419908634e-08, 5.32321742241e-08, 3.41082255773e-08, 6.85897987296e-08, 3.06822265372e-08, 1.80052044385e-08, 9.98666394025e-09, 1.22697683125e-08, 2.56265519916e-09, 1.07463371535e-09, 3.65035046634e-09, 1.75262115931e-09, 4.56789994718e-10, 4.30063817891e-10, 6.96835311675e-10, 1.28580673886e-10, 2.97062825727e-11, 2.81298404708e-11, 1.86273513975e-11, 1.88050547356e-11, 4.96646196391e-11, 1.35896094378e-09, 6.75871927869e-11, 1.21750960008e-11, 4.04099420592e-10, 1.16104174885e-10, 2.04318211655e-11, 3.81771697588e-11, 1.33236095767e-11, 1.18962556819e-11], "dvar2": [3.37583901455e-06, 2.50775938184e-05, 4.81973893329e-06, 2.95746735901e-06, 3.24423069742e-07, 9.07620787416e-08, 8.90488607297e-08, 3.25890852082e-08, 2.7781553058e-07, 8.13621667817e-08, 4.2274063361e-08, 1.45864106571e-07, 9.31886390276e-08, 1.83701715173e-07, 8.44098053676e-08, 4.77150905454e-08, 2.39986519546e-08, 2.93180644206e-08, 6.25043483637e-09, 2.78457834568e-09, 8.81072192982e-09, 4.16672918391e-09, 1.15979903459e-09, 1.04028075043e-09, 1.4187292452e-09, 2.76799111409e-10, 6.39379729717e-11, 6.25911544816e-11, 4.40063194218e-11, 4.61197434409e-11, 1.32538771624e-10, 3.85177134632e-09, 1.85753454285e-10, 3.32472452347e-11, 1.11639542055e-09, 3.24450966094e-10, 5.32615514193e-11, 9.31360683021e-11, 2.74174485199e-11, 3.38446423664e-11], "max": [0.0207891594619, 0.0704150274396, 0.0241924766451, 0.0206967126578, 0.0100684510544, 0.00585097633302, 0.00344740273431, 0.00249648303725, 0.00725235650316, 0.00603671045974, 0.0023632585071, 0.00458776718006, 0.00418878113851, 0.00636602379382, 0.00260246288963, 0.003071653191, 0.00260821939446, 0.00247755995952, 0.0016380676534, 0.000994440400973, 0.00135020446032, 0.00110371899791, 0.000502904003952, 0.000441447744379, 0.000854252313729, 0.000369924411643, 0.000158714188728, 0.000101295219793, 6.66606065352e-05, 0.000117843250337, 0.00013813872647, 0.000817279447801, 0.000246232142672, 7.33642373234e-05, 0.000531876226887, 0.000182313975529, 0.000204459123779, 0.000322548061376, 0.000174224725924, 6.93605325068e-05], "mean": [0.0020151657518, 0.00471628783271, 0.00154115841724, 0.000562473840546, 0.000323853921145, 0.000170016544871, 0.000172205051058, 0.000131244712975, 0.000291530654067, 0.000112192559754, 9.13449694053e-05, 0.000148704042658, 0.00010001645569, 0.000160185300047, 0.000124027050333, 8.78726423252e-05, 6.62798629492e-05, 7.75687585701e-05, 4.01736797357e-05, 2.620169289e-05, 3.19005412166e-05, 2.52448789979e-05, 2.28416975006e-05, 2.18473833229e-05, 1.78794598469e-05, 1.05515264295e-05, 5.13628401677e-06, 4.59407965536e-06, 3.24305256072e-06, 1.98192242351e-06, 1.78840377885e-06, 5.60054968446e-06, 1.63375841566e-06, 8.70032749845e-07, 2.890885753e-06, 1.72613204086e-06, 5.98664314566e-07, 8.45884244427e-07, 6.00269231654e-07, 4.79999584968e-07], "median": [0.00102173804771, 0.00219947565347, 0.000898686412256, 0.000247578631388, 0.000126314989757, 7.46442674426e-05, 6.01659194217e-05, 6.2182538386e-05, 9.01143503143e-05, 3.12323463731e-05, 2.38268476096e-05, 3.21508123307e-05, 1.42664466694e-05, 1.72803866008e-05, 1.57807771757e-05, 1.32164714159e-05, 1.30792232085e-05, 2.25114927161e-05, 1.40605825436e-05, 1.02851099655e-05, 1.25450878841e-05, 1.2425971363e-05, 1.26706345327e-05, 1.18077559819e-05, 8.17484033178e-06, 4.56747238786e-06, 2.18382183448e-06, 1.7482803969e-06, 1.20157619676e-06, 6.23053779236e-07, 4.03785804792e-07, 5.11396933689e-07, 3.10920484026e-07, 1.85301885836e-07, 2.46894387601e-07, 1.56328837875e-07, 5.981704021e-08, 3.55077887093e-08, 2.4583950875e-08, 1.71444565211e-08], "min": [1.31442587547e-24, 1.4331596969e-24, 1.22853391125e-24, 1.32166663251e-24, 1.23479401557e-24, 2.43142787093e-24, 2.82704496756e-24, 1.46678933033e-24, 3.16777075582e-24, 4.29709850571e-24, 2.33602835787e-24, 3.89811435352e-24, 2.76063648719e-24, 4.00687145108e-24, 4.56642350736e-24, 4.00910274415e-24, 3.2186871913e-24, 3.57097846929e-24, 3.97701503797e-24, 5.30852626014e-24, 4.27735213396e-24, 3.32568650955e-24, 5.2129896825e-24, 3.24724573101e-24, 4.62343527384e-24, 5.00773280812e-24, 4.82692549422e-24, 5.54273906291e-24, 5.81617166329e-24, 4.93939063246e-24, 5.93984769829e-24, 6.77141792735e-24, 6.6187812308e-24, 5.79500573634e-24, 6.26440164078e-24, 5.17615579468e-24, 5.96151652406e-24, 6.77075133988e-24, 6.74745864394e-24, 6.70999879499e-24], "var": [6.30717522654e-06, 4.17382689193e-05, 3.72716749553e-06, 1.28638976093e-06, 3.27511799014e-07, 8.81662884922e-08, 8.71100880317e-08, 3.76168571847e-08, 3.04197982359e-07, 5.11145366033e-08, 3.24355937664e-08, 9.55274543912e-08, 6.89993200353e-08, 1.3332228832e-07, 6.36858388248e-08, 4.19983479105e-08, 2.33434551689e-08, 3.02345704029e-08, 6.23264018174e-09, 2.15343609611e-09, 5.20911536128e-09, 2.31388663785e-09, 1.02138575375e-09, 9.4006247231e-10, 1.37514344356e-09, 3.10599324038e-10, 6.52146045499e-11, 5.86981643846e-11, 3.22972204536e-11, 2.09271627805e-11, 3.81149938e-11, 8.45069403344e-10, 4.85141163353e-11, 8.77815528599e-12, 2.64568977837e-10, 7.40546651778e-11, 1.53012619936e-11, 7.1658651235e-11, 2.24620426426e-11, 7.11004692622e-12]}, "melbands_crest": {"dmean": 2.96373128891, "dmean2": 4.76688480377, "dvar": 8.16080188751, "dvar2": 19.421913147, "max": 37.7940711975, "mean": 15.9479999542, "median": 15.1438484192, "min": 1.66711783409, "var": 34.6063156128}, "melbands_flatness_db": {"dmean": 0.0286360476166, "dmean2": 0.0420612096786, "dvar": 0.000964858510997, "dvar2": 0.00193274905905, "max": 0.665849864483, "mean": 0.24369777739, "median": 0.236639559269, "min": 0.00329028791748, "var": 0.00567477196455}, "melbands_kurtosis": {"dmean": 10.443655014, "dmean2": 16.1042728424, "dvar": 556.56842041, "dvar2": 1416.93005371, "max": 981.115539551, "mean": 23.2416381836, "median": 8.45571899414, "min": -1.84145724773, "var": 2279.88012695}, "melbands_skewness": {"dmean": 0.849835515022, "dmean2": 1.29817402363, "dvar": 0.927562057972, "dvar2": 2.11229658127, "max": 25.7230319977, "mean": 3.23167157173, "median": 2.6817252636, "min": -1.53290259838, "var": 6.28444766998}, "melbands_spread": {"dmean": 6.67019319534, "dmean2": 10.6582460403, "dvar": 105.739135742, "dvar2": 261.37197876, "max": 304.593231201, "mean": 21.041437149, "median": 17.2770729065, "min": 0.254088312387, "var": 357.330505371}, "mfcc": {"cov": [[11293.7402344, 586.966186523, -781.432067871, -54.2142868042, -238.532974243, 377.571014404, 207.096740723, 257.449371338, -184.878677368, 38.6886901855, 86.3577194214, 33.6487503052, -58.3593292236], [586.966186523, 1477.64221191, -536.809204102, 165.836257935, -56.3234939575, -35.8637962341, 122.906494141, 140.34324646, -15.5575227737, 58.5894813538, 14.3215026855, 70.0985717773, 15.876209259], [-781.432067871, -536.809204102, 798.856628418, 118.109199524, 162.299026489, -30.442609787, -155.212280273, -87.6263504028, 56.5596237183, -34.9776420593, -27.0865249634, -51.549987793, 18.4820652008], [-54.2142868042, 165.836257935, 118.109199524, 331.740905762, 164.029220581, 3.8000562191, -97.40259552, -28.3662433624, 14.8408336639, 20.3855628967, -33.1259536743, -21.6485652924, -0.941338181496], [-238.532974243, -56.3234939575, 162.299026489, 164.029220581, 275.335662842, 47.1612968445, -85.0521011353, -52.2106552124, 30.4994602203, 10.6239433289, -14.2928647995, -26.9723815918, -16.6586914062], [377.571014404, -35.8637962341, -30.442609787, 3.8000562191, 47.1612968445, 184.200408936, 75.5799560547, 51.9696617126, -14.7721481323, 2.82968950272, 21.6167812347, 12.4984550476, -9.51431751251], [207.096740723, 122.906494141, -155.212280273, -97.40259552, -85.0521011353, 75.5799560547, 248.233154297, 121.757705688, -4.0925450325, 4.06541967392, 30.2745723724, 45.0888710022, 2.65298318863], [257.449371338, 140.34324646, -87.6263504028, -28.3662433624, -52.2106552124, 51.9696617126, 121.757705688, 153.44128418, 17.939535141, 1.49427831173, 26.0783538818, 34.498626709, 12.802406311], [-184.878677368, -15.5575227737, 56.5596237183, 14.8408336639, 30.4994602203, -14.7721481323, -4.0925450325, 17.939535141, 99.1462783813, 28.2419281006, 6.59252262115, -13.3918027878, -5.30087423325], [38.6886901855, 58.5894813538, -34.9776420593, 20.3855628967, 10.6239433289, 2.82968950272, 4.06541967392, 1.49427831173, 28.2419281006, 93.5135345459, 15.6652040482, -4.85621976852, -6.80973958969], [86.3577194214, 14.3215026855, -27.0865249634, -33.1259536743, -14.2928647995, 21.6167812347, 30.2745723724, 26.0783538818, 6.59252262115, 15.6652040482, 83.8924865723, 37.8319854736, 2.92288661003], [33.6487503052, 70.0985717773, -51.549987793, -21.6485652924, -26.9723815918, 12.4984550476, 45.0888710022, 34.498626709, -13.3918027878, -4.85621976852, 37.8319854736, 86.453704834, 28.6914329529], [-58.3593292236, 15.876209259, 18.4820652008, -0.941338181496, -16.6586914062, -9.51431751251, 2.65298318863, 12.802406311, -5.30087423325, -6.80973958969, 2.92288661003, 28.6914329529, 67.1561431885]], "icov": [[0.00010844215285, -1.30609378175e-05, 6.62040838506e-05, -3.67932843801e-05, 0.000115639108117, -0.000230427336646, 0.000120837110444, -0.000151621396071, 0.000163398624863, -4.02160185331e-05, -7.13389890734e-05, 9.67762389337e-05, 6.9338188041e-05], [-1.30609378175e-05, 0.00127102946863, 0.000847577990498, -0.00110104586929, -4.48069331469e-05, 0.000846545677632, -0.000301714404486, -0.00084109173622, 0.00016377234715, -0.000307939306367, 4.83992243971e-06, -0.000389597349567, -0.000131505075842], [6.62040838506e-05, 0.000847577990498, 0.0023409165442, -0.000897104910109, -0.00056863744976, 0.000356875214493, 0.000355804542778, -0.000191116181668, -0.000861531007104, 0.000826044939458, -0.000365426269127, 0.000547904579435, -0.00107019941788], [-3.67932843801e-05, -0.00110104586929, -0.000897104910109, 0.0059055397287, -0.0027774090413, -0.000305498513626, 0.00177054700907, -0.000895568693522, 0.000599631341174, -0.00116093258839, 0.00180524389725, -0.000263255788013, -0.000109955064545], [0.000115639108117, -4.48069331469e-05, -0.00056863744976, -0.0027774090413, 0.00717646675184, -0.00314947962761, 0.00091930734925, 0.00201820768416, -0.00210931245238, 0.000308068410959, -0.000130969157908, -0.000258358690189, 0.00112239667214], [-0.000230427336646, 0.000846545677632, 0.000356875214493, -0.000305498513626, -0.00314947962761, 0.00909202173352, -0.00258252676576, -0.00253343605436, 0.00252615311183, -0.000468917336548, -0.0013616484357, 0.000344552507158, 0.000652875634842], [0.000120837110444, -0.000301714404486, 0.000355804542778, 0.00177054700907, 0.00091930734925, -0.00258252676576, 0.00881497468799, -0.00506370980293, 0.000274476944469, -0.000670930778142, 0.00085454020882, -0.00186215445865, 0.00129450799432], [-0.000151621396071, -0.00084109173622, -0.000191116181668, -0.000895568693522, 0.00201820768416, -0.00253343605436, -0.00506370980293, 0.0139222079888, -0.00461767334491, 0.00194639991969, -0.00109672010876, -0.00101432576776, -0.00189123733435], [0.000163398624863, 0.00016377234715, -0.000861531007104, 0.000599631341174, -0.00210931245238, 0.00252615311183, 0.000274476944469, -0.00461767334491, 0.0143857588992, -0.00433211773634, -0.00136150617618, 0.00244338787161, 0.000764490047004], [-4.02160185331e-05, -0.000307939306367, 0.000826044939458, -0.00116093258839, 0.000308068410959, -0.000468917336548, -0.000670930778142, 0.00194639991969, -0.00433211773634, 0.0133715914562, -0.00322271464393, 0.00173718365841, -0.000128291721921], [-7.13389890734e-05, 4.83992243971e-06, -0.000365426269127, 0.00180524389725, -0.000130969157908, -0.0013616484357, 0.00085454020882, -0.00109672010876, -0.00136150617618, -0.00322271464393, 0.0173506997526, -0.00837562978268, 0.00240158732049], [9.67762389337e-05, -0.000389597349567, 0.000547904579435, -0.000263255788013, -0.000258358690189, 0.000344552507158, -0.00186215445865, -0.00101432576776, 0.00244338787161, 0.00173718365841, -0.00837562978268, 0.0199932418764, -0.00753486808389], [6.9338188041e-05, -0.000131505075842, -0.00107019941788, -0.000109955064545, 0.00112239667214, 0.000652875634842, 0.00129450799432, -0.00189123733435, 0.000764490047004, -0.000128291721921, 0.00240158732049, -0.00753486808389, 0.0191172845662]], "mean": [-672.234558105, 142.9556427, -17.534866333, 38.5370750427, 11.8952465057, 10.6750469208, 0.953507721424, 13.8834285736, -0.537849664688, 7.06347131729, 3.29407167435, 1.32103133202, -2.18347740173]}, "pitch_salience": {"dmean": 0.0705326125026, "dmean2": 0.113253623247, "dvar": 0.00437933392823, "dvar2": 0.0108249718323, "max": 0.952064752579, "mean": 0.483988702297, "median": 0.489236474037, "min": 0.058785315603, "var": 0.0150759406388}, "silence_rate_20dB": {"dmean": 0, "dmean2": 0, "dvar": 0, "dvar2": 0, "max": 1, "mean": 1, "median": 1, "min": 1, "var": 0}, "silence_rate_30dB": {"dmean": 0.019586507231, "dmean2": 0.0391791053116, "dvar": 0.0192022230476, "dvar2": 0.042308203876, "max": 1, "mean": 0.972334444523, "median": 1, "min": 0, "var": 0.0268991477787}, "silence_rate_60dB": {"dmean": 0.0127467745915, "dmean2": 0.0254975128919, "dvar": 0.0125838499516, "dvar2": 0.0295149348676, "max": 1, "mean": 0.0800435170531, "median": 0, "min": 0, "var": 0.0736377090216}, "spectral_centroid": {"dmean": 244.895843506, "dmean2": 377.754211426, "dvar": 89805.28125, "dvar2": 191549.09375, "max": 11927.7519531, "mean": 1280.50622559, "median": 1179.69177246, "min": 145.883270264, "var": 970706.625}, "spectral_complexity": {"dmean": 3.71210932732, "dmean2": 5.44807195663, "dvar": 18.9087371826, "dvar2": 35.8421096802, "max": 54, "mean": 18.1181221008, "median": 17, "min": 0, "var": 116.982154846}, "spectral_contrast_coeffs": {"dmean": [0.0493381507695, 0.0471264310181, 0.0392984002829, 0.030130667612, 0.0215535182506, 0.0181238818914], "dmean2": [0.0811046585441, 0.0764976292849, 0.0644236728549, 0.0485384203494, 0.0348363406956, 0.0297230090946], "dvar": [0.00178515049629, 0.00150339130778, 0.00100858323276, 0.000621408631559, 0.000338214624207, 0.000300650426652], "dvar2": [0.00463806698099, 0.00390520598739, 0.0026243829634, 0.00156080850866, 0.000788016419392, 0.000784260046203], "max": [-0.320498108864, -0.447126209736, -0.51831895113, -0.564797222614, -0.615255653858, -0.608222842216], "mean": [-0.6459030509, -0.719578742981, -0.765691757202, -0.770815193653, -0.776529371738, -0.742911040783], "median": [-0.646811187267, -0.724201798439, -0.773176908493, -0.775010466576, -0.776660919189, -0.739377737045], "min": [-0.981625914574, -0.975697338581, -0.98146378994, -0.969446897507, -0.966834664345, -0.965725302696], "var": [0.00654511526227, 0.00699114473537, 0.00567989842966, 0.00388056179509, 0.00223586102948, 0.00190201227088]}, "spectral_contrast_valleys": {"dmean": [0.388857215643, 0.350792318583, 0.322101145983, 0.298965513706, 0.247556105256, 0.413398683071], "dmean2": [0.631224930286, 0.564836144447, 0.505384802818, 0.458669245243, 0.352598130703, 0.545277357101], "dvar": [0.123032696545, 0.104288980365, 0.09497153759, 0.105137556791, 0.0891257375479, 0.294260829687], "dvar2": [0.284341275692, 0.222522050142, 0.183541938663, 0.192390233278, 0.141939908266, 0.569748818874], "max": [-5.16025781631, -5.25082445145, -5.1585726738, -5.67633867264, -5.68875074387, -7.25097084045], "mean": [-7.24659967422, -7.25507926941, -7.7374663353, -7.90273761749, -7.85340070724, -11.2615261078], "median": [-6.90932559967, -6.95593595505, -7.48728895187, -7.60249519348, -7.52718448639, -11.0221815109], "min": [-27.988948822, -27.778213501, -27.6773223877, -27.5572071075, -27.5028572083, -27.3723087311], "var": [4.04147386551, 4.02882051468, 4.28396177292, 4.16368532181, 4.12314605713, 3.67635679245]}, "spectral_decrease": {"dmean": 2.58576227097e-09, "dmean2": 3.74744946186e-09, "dvar": 1.2999737242e-17, "dvar2": 2.59372605757e-17, "max": 1.33393898437e-16, "mean": -8.64407212475e-09, "median": -6.9597483332e-09, "min": -7.9190961344e-08, "var": 5.39531135341e-17}, "spectral_energy": {"dmean": 0.0102187963203, "dmean2": 0.0147451525554, "dvar": 0.000196902445168, "dvar2": 0.000391785375541, "max": 0.304482400417, "mean": 0.0344531461596, "median": 0.0278550069779, "min": 1.03203342606e-20, "var": 0.000834377889987}, "spectral_energyband_high": {"dmean": 0.000622936175205, "dmean2": 0.00105359253939, "dvar": 6.35702508589e-06, "dvar2": 1.73528696905e-05, "max": 0.0509966649115, "mean": 0.000602720538154, "median": 0.00012661278015, "min": 7.16499646067e-21, "var": 4.71631437904e-06}, "spectral_energyband_low": {"dmean": 0.00732100429013, "dmean2": 0.010782090947, "dvar": 0.000151484418893, "dvar2": 0.000306282483507, "max": 0.273647010326, "mean": 0.0193160977215, "median": 0.0112401535735, "min": 1.87527414855e-23, "var": 0.000511947786435}, "spectral_energyband_middle_high": {"dmean": 0.00243439013138, "dmean2": 0.00371192651801, "dvar": 1.36816761369e-05, "dvar2": 3.30541479343e-05, "max": 0.0605834648013, "mean": 0.00702388538048, "median": 0.00346106104553, "min": 1.21517567674e-21, "var": 7.26215439499e-05}, "spectral_energyband_middle_low": {"dmean": 0.00391355250031, "dmean2": 0.00603384990245, "dvar": 4.41705888079e-05, "dvar2": 0.000103104037407, "max": 0.136117786169, "mean": 0.00902959797531, "median": 0.00691148545593, "min": 1.22269944078e-22, "var": 7.87397002568e-05}, "spectral_entropy": {"dmean": 0.162591487169, "dmean2": 0.237091228366, "dvar": 0.0335856229067, "dvar2": 0.0693040415645, "max": 9.82703971863, "mean": 7.42482280731, "median": 7.4138045311, "min": 5.23572301865, "var": 0.190545797348}, "spectral_flux": {"dmean": 0.0229984316975, "dmean2": 0.0363515764475, "dvar": 0.000725220539607, "dvar2": 0.00169824738987, "max": 0.401297271252, "mean": 0.0802111700177, "median": 0.0744954794645, "min": 6.42550318508e-11, "var": 0.00212857918814}, "spectral_kurtosis": {"dmean": 2.43927526474, "dmean2": 4.19716405869, "dvar": 7.81716394424, "dvar2": 22.7565994263, "max": 79.3835678101, "mean": 5.28150177002, "median": 4.46550321579, "min": -1.25296068192, "var": 12.7967891693}, "spectral_rms": {"dmean": 0.000825673749205, "dmean2": 0.00117166666314, "dvar": 8.65083563895e-07, "dvar2": 1.62151798122e-06, "max": 0.0172353126109, "mean": 0.00524064246565, "median": 0.00521302362904, "min": 3.1731086942e-12, "var": 6.14848522673e-06}, "spectral_rolloff": {"dmean": 483.101531982, "dmean2": 837.024475098, "dvar": 1161392.5, "dvar2": 2963119.75, "max": 20930.2734375, "mean": 1266.65722656, "median": 882.861328125, "min": 21.533203125, "var": 4280314}, "spectral_skewness": {"dmean": 0.262626469135, "dmean2": 0.44147798419, "dvar": 0.0676993951201, "dvar2": 0.190271317959, "max": 7.75390625, "mean": 1.4619550705, "median": 1.42424035072, "min": -0.10275746882, "var": 0.165902987123}, "spectral_spread": {"dmean": 536804.125, "dmean2": 811107.5625, "dvar": 780585074688, "dvar2": 1699272196100.0, "max": 42786408, "mean": 3802191, "median": 3082774.5, "min": 1378408.125, "var