{"lowlevel": {"average_loudness": 0.858427405357, "barkbands": {"dmean": [3.79704397346e-05, 0.00288412417285, 0.00202605081722, 0.000410884764278, 0.000800197653007, 0.000521512178238, 0.000458933762275, 0.000436506321421, 0.000494385778438, 0.000481714349007, 0.000355842494173, 0.000270170421572, 0.00049593904987, 0.000631345552392, 0.000533686834387, 0.000337486097123, 0.000322743173456, 0.000399530108552, 0.000204642550671, 0.000110149601824, 0.000123418634757, 0.000130266402266, 8.8024084107e-05, 4.54657820228e-05, 1.58978800755e-05, 3.999683031e-06, 3.65851235529e-07], "dmean2": [5.39186767128e-05, 0.00484833912924, 0.00350020430051, 0.000701299984939, 0.00135248515289, 0.00082955887774, 0.000735470908694, 0.000672731897794, 0.000743339012843, 0.000727444887161, 0.000539011554793, 0.000405422673794, 0.000760933151469, 0.000948606233578, 0.000843262532726, 0.000532955920789, 0.000516690488439, 0.000603692082223, 0.000316094490699, 0.000175073146238, 0.000190052596736, 0.000191000435734, 0.000129132065922, 6.58121643937e-05, 2.25358344323e-05, 6.09391372564e-06, 5.83718019698e-07], "dvar": [5.98348659508e-09, 3.97926378355e-05, 2.75109177892e-05, 1.03947502339e-06, 5.20807452631e-06, 1.12172301669e-06, 1.4280991536e-06, 2.65260337073e-06, 2.60232764049e-06, 2.95093627756e-06, 1.58339344125e-06, 1.05455194443e-06, 3.16574119097e-06, 4.71254497825e-06, 3.04753712044e-06, 1.35601271722e-06, 8.00086638719e-07, 1.25467011003e-06, 2.63813689116e-07, 6.45824371759e-08, 1.04805934598e-07, 2.14417042343e-07, 9.94747040295e-08, 4.29080344588e-08, 8.78934880433e-09, 2.54059107085e-10, 1.564504277e-12], "dvar2": [1.09647491087e-08, 0.000106903644337, 7.2997812822e-05, 2.80110293716e-06, 1.37616862048e-05, 2.72784018307e-06, 3.65033065464e-06, 6.64600702294e-06, 5.49166543351e-06, 5.79983270654e-06, 3.31131514031e-06, 2.11890142054e-06, 6.79411868987e-06, 9.91908018477e-06, 7.28036638975e-06, 3.23946005665e-06, 1.78973937182e-06, 2.5794126941e-06, 5.53900747491e-07, 1.56666260409e-07, 2.5096119316e-07, 4.36313712271e-07, 1.8200027796e-07, 8.75163124192e-08, 1.53981662976e-08, 5.30790522646e-10, 3.83862299586e-12], "max": [0.00154122081585, 0.0735005140305, 0.0613922998309, 0.026195988059, 0.0322612375021, 0.0305131226778, 0.0275460872799, 0.0389690585434, 0.0529633648694, 0.0444755852222, 0.0290297530591, 0.0317966639996, 0.0398131087422, 0.0556712001562, 0.0513636916876, 0.0320082083344, 0.0275455396622, 0.0284125059843, 0.015629068017, 0.00794742628932, 0.010926018469, 0.0145763698965, 0.0113468719646, 0.00847396347672, 0.0062685678713, 0.000657321186736, 3.18379243254e-05], "mean": [6.27624322078e-05, 0.00437680399045, 0.00229286612011, 0.000577174301725, 0.00119205284864, 0.00103763898369, 0.000878025894053, 0.00067492731614, 0.000788640638348, 0.000825725554023, 0.000607598456554, 0.000417825765908, 0.000810903788079, 0.000997302238829, 0.000762432755437, 0.00053485261742, 0.000592211901676, 0.000747018028051, 0.000426782935392, 0.000234802733758, 0.000253726553638, 0.000247807736741, 0.000155681089382, 7.54530410632e-05, 2.40862900682e-05, 4.83729309053e-06, 3.69506466313e-07], "median": [1.93364430743e-05, 0.00240205205046, 0.000819270906504, 0.000247726216912, 0.000643380859401, 0.000536287552677, 0.00029024068499, 0.000149851373862, 0.000151579792146, 9.63790807873e-05, 5.75554149691e-05, 7.29995808797e-05, 8.9056629804e-05, 0.000120609765872, 0.000163594886544, 0.000128145387862, 0.000184642995009, 0.00015769797028, 0.000172345229657, 0.00010806422506, 0.000117319941637, 8.85974004632e-05, 4.75235101476e-05, 2.01043039851e-05, 5.22079199072e-06, 9.04760042886e-07, 5.39545865763e-08], "min": [7.0753750081e-11, 4.01809748668e-12, 3.12209633146e-12, 2.54142258453e-12, 5.95257610564e-12, 1.24323207978e-12, 1.21608842787e-12, 4.71519091133e-13, 3.60111273483e-13, 3.76731903052e-13, 4.78036609863e-13, 2.90029827411e-13, 3.37039939144e-13, 1.79696020433e-13, 7.47260733109e-14, 6.69935976269e-14, 4.63643338132e-13, 3.88981978138e-13, 5.72694628807e-14, 3.88054632915e-13, 1.32697984003e-13, 8.39060374999e-13, 4.5427490979e-13, 2.89637129385e-13, 6.80992859759e-13, 7.28339968632e-13, 1.85343472341e-12], "var": [1.25279298047e-08, 4.17969640694e-05, 2.28040826187e-05, 1.06833090285e-06, 4.47707452622e-06, 2.39976270677e-06, 3.0663659345e-06, 3.81082827516e-06, 5.43657915841e-06, 7.10016774974e-06, 4.10014399677e-06, 2.09874883694e-06, 7.17207103662e-06, 1.099860674e-05, 4.05607852372e-06, 2.18741320168e-06, 1.83456643299e-06, 3.10410905513e-06, 7.00021132616e-07, 1.42684896787e-07, 2.05309149237e-07, 5.41854660696e-07, 2.57616846966e-07, 8.67855973752e-08, 2.01556087376e-08, 4.25129459414e-10, 1.68387103306e-12]}, "barkbands_crest": {"dmean": 2.46851277351, "dmean2": 3.9766561985, "dvar": 5.70072460175, "dvar2": 14.4938688278, "max": 26.3366928101, "mean": 10.7372646332, "median": 9.97211456299, "min": 2.4952776432, "var": 20.9495010376}, "barkbands_flatness_db": {"dmean": 0.0209915488958, "dmean2": 0.0322382189333, "dvar": 0.000590644136537, "dvar2": 0.00133324612398, "max": 0.584905028343, "mean": 0.146369472146, "median": 0.131499797106, "min": 0.0375732667744, "var": 0.00351217482239}, "barkbands_kurtosis": {"dmean": 4.05497789383, "dmean2": 6.53498888016, "dvar": 160.570068359, "dvar2": 402.394927979, "max": 335.117828369, "mean": 6.78813934326, "median": 0.894487500191, "min": -1.94854998589, "var": 320.303985596}, "barkbands_skewness": {"dmean": 0.60797226429, "dmean2": 0.914664983749, "dvar": 0.648191511631, "dvar2": 1.43171298504, "max": 15.2283773422, "mean": 1.53916847706, "median": 1.19175171852, "min": -5.7605175972, "var": 3.36384105682}, "barkbands_spread": {"dmean": 6.05423069, "dmean2": 9.29953956604, "dvar": 56.9081039429, "dvar2": 125.809135437, "max": 102.615539551, "mean": 25.1135005951, "median": 24.2796936035, "min": 0.252661734819, "var": 223.471511841}, "dissonance": {"dmean": 0.0159414168447, "dmean2": 0.0266451854259, "dvar": 0.000271482480457, "dvar2": 0.000726691505406, "max": 0.499844014645, "mean": 0.465568214655, "median": 0.472410440445, "min": 0.290723145008, "var": 0.00067660032073}, "dynamic_complexity": 5.03815221786, "erbbands": {"dmean": [0.0479493252933, 0.790311396122, 2.54531598091, 1.38493776321, 2.468552351, 2.43157696724, 3.51499700546, 4.23093795776, 5.56311559677, 7.56397342682, 10.5719051361, 10.4768915176, 11.8054618835, 17.1892414093, 11.1717128754, 9.69515037537, 18.2162780762, 29.1471633911, 25.0854930878, 23.976184845, 15.6739864349, 18.1149234772, 21.1710586548, 13.7417640686, 7.80639266968, 4.6862821579, 5.08207035065, 4.7997584343, 4.54922294617, 4.1118016243, 2.19792342186, 1.27200424671, 0.609931945801, 0.256637990475, 0.0692220851779, 0.0226934067905, 0.00754131376743, 0.000743695010897, 7.70657206886e-05, 9.18975183595e-06], "dmean2": [0.0751955285668, 1.34389185905, 4.39098119736, 2.30357885361, 4.22490119934, 4.09022092819, 5.69819974899, 6.67584466934, 8.88574028015, 11.6845245361, 16.1749324799, 15.6836490631, 17.631603241, 24.6694736481, 16.512840271, 14.1544485092, 26.7651157379, 43.3448104858, 38.4858283997, 36.7250289917, 24.2322006226, 28.4152450562, 32.2600021362, 20.3913669586, 12.0709505081, 7.30327653885, 8.01118087769, 7.26280832291, 6.69408226013, 6.13018083572, 3.2553896904, 1.85440373421, 0.87986689806, 0.363011568785, 0.100194372237, 0.0328647494316, 0.0122715290636, 0.00117466866504, 0.000122623328934, 1.3771185877e-05], "dvar": [0.00859726965427, 3.27580666542, 42.4981842041, 9.71377086639, 67.4260101318, 33.0958480835, 48.7042160034, 92.5270843506, 260.34375, 559.295227051, 1419.38110352, 1409.29248047, 1978.50537109, 3167.71411133, 1636.17480469, 1546.57971191, 4132.94433594, 11055.2724609, 6612.87548828, 6613.38769531, 2277.28344727, 2461.82177734, 3453.35766602, 1716.99731445, 278.119384766, 113.343673706, 238.693817139, 157.049316406, 217.296890259, 277.514312744, 65.2720031738, 21.5482063293, 12.6432695389, 2.62642407417, 0.121854633093, 0.0102570233867, 0.000961153826211, 6.24514814263e-06, 7.41442391927e-08, 2.45684333988e-10], "dvar2": [0.0204827096313, 8.82637023926, 113.029281616, 24.8615531921, 180.595687866, 87.8650512695, 127.542266846, 216.768051147, 672.481811523, 1366.23352051, 3493.19018555, 3069.45043945, 4127.20214844, 6321.24658203, 3277.14819336, 3032.44262695, 8829.8984375, 23437.8496094, 15224.4082031, 15259.2832031, 5510.50097656, 5646.61035156, 7676.96826172, 3631.52905273, 629.691711426, 262.484588623, 565.641784668, 351.426177979, 405.963226318, 586.989074707, 124.368293762, 42.313785553, 26.772102356, 4.6953086853, 0.197011724114, 0.0184743981808, 0.00236551417038, 1.49997258632e-05, 1.81008147138e-07, 5.3870924388e-10], "max": [1.38653981686, 20.0573577881, 69.2231063843, 60.9612770081, 136.994155884, 94.6011199951, 218.791488647, 232.842391968, 428.561126709, 736.747802734, 1027.34777832, 1549.07409668, 1435.2565918, 1469.34106445, 1339.87915039, 1434.34570312, 1896.33361816, 3346.88818359, 3193.16162109, 1871.26940918, 1421.81066895, 1802.86621094, 1523.4621582, 1334.80737305, 453.20513916, 310.16809082, 602.761230469, 399.648620605, 541.575622559, 611.146362305, 304.862884521, 176.929046631, 156.618392944, 100.215560913, 21.6628818512, 5.07191467285, 1.18708872795, 0.0751876980066, 0.00812518317252, 0.000472120125778], "mean": [0.0872957631946, 1.10839128494, 2.94181656837, 2.06677246094, 3.11734771729, 3.80679750443, 6.6907377243, 8.42577838898, 10.6316795349, 14.0566835403, 17.0371952057, 16.6012001038, 20.5709686279, 30.2641601562, 19.902141571, 17.0697727203, 33.9554176331, 49.3042411804, 43.272693634, 37.7615203857, 30.0716056824, 35.726184845, 40.4224014282, 29.7688751221, 17.8364982605, 10.7158575058, 10.398229599, 9.73392391205, 8.99430847168, 7.21025133133, 3.8680460453, 2.14808368683, 0.980713009834, 0.393544226885, 0.107055492699, 0.0317072309554, 0.00768281426281, 0.000815083913039, 8.69771101861e-05, 2.74471185548e-05], "median": [0.0526354461908, 0.565315783024, 1.17039704323, 1.02002930641, 1.32985210419, 2.13461399078, 3.67365169525, 4.22572898865, 4.12894058228, 4.79850673676, 4.53018808365, 3.57855916023, 3.71458482742, 4.54480075836, 3.69131040573, 3.54188871384, 4.51524162292, 6.65528440475, 8.809425354, 8.86626243591, 9.11817550659, 11.874835968, 10.1594209671, 9.02869987488, 8.46003818512, 5.28405761719, 4.98377513885, 4.17573595047, 3.31233119965, 2.37284517288, 1.17219352722, 0.595553696156, 0.235925078392, 0.0797878950834, 0.0260490775108, 0.00671327114105, 0.00123865483329, 0.00015178474132, 2.31398589676e-05, 2.07375087484e-05], "min": [2.31146080054e-09, 7.0574207589e-10, 6.00031313525e-09, 2.25872529569e-08, 5.85793147323e-09, 2.44943318961e-08, 1.61221382911e-08, 1.48028878044e-08, 1.73396621506e-08, 1.57532742406e-08, 9.61723500836e-09, 7.47283213087e-09, 1.11367697286e-08, 1.36346542945e-08, 2.15614779364e-08, 1.02975130645e-08, 1.41304781209e-08, 1.09643121249e-08, 6.9924763757e-09, 3.28515170622e-09, 8.13758394003e-09, 2.65581636683e-08, 2.16016466936e-08, 8.63616111957e-09, 1.02057278184e-08, 1.60677871008e-08, 4.5325938558e-09, 1.12346372205e-08, 2.49617340131e-08, 2.32951009593e-08, 1.472374489e-08, 5.96302296429e-09, 6.93266377638e-09, 8.70141736442e-09, 3.48860873522e-09, 2.90140889092e-09, 1.38073708023e-09, 6.72608746477e-10, 2.55800158833e-10, 2.8668203228e-11], "var": [0.0137167004868, 3.12063694, 35.302192688, 10.5538768768, 51.5423469543, 34.2888221741, 86.8867797852, 196.496688843, 512.504943848, 955.313659668, 2105.70141602, 2476.17993164, 4479.43066406, 7114.55029297, 3663.99145508, 3221.46508789, 11743.1171875, 25340.4804688, 13382.4384766, 10020.3232422, 5656.70947266, 6001.27050781, 7888.39550781, 4617.24121094, 856.694824219, 286.689788818, 365.444213867, 398.302062988, 644.545410156, 558.069702148, 168.13848877, 47.2919006348, 23.5202522278, 5.8810043335, 0.309269964695, 0.0231659375131, 0.000965987041127, 7.13069130143e-06, 8.36877376287e-08, 6.52250808919e-10]}, "erbbands_crest": {"dmean": 2.55108761787, "dmean2": 4.11802721024, "dvar": 6.82981681824, "dvar2": 16.6951198578, "max": 33.0207366943, "mean": 9.10426330566, "median": 7.86898612976, "min": 2.00065732002, "var": 21.2630329132}, "erbbands_flatness_db": {"dmean": 0.0165215954185, "dmean2": 0.0233339108527, "dvar": 0.000299065402942, "dvar2": 0.000545862712897, "max": 0.37361523509, "mean": 0.168391138315, "median": 0.164830818772, "min": 0.0240876022726, "var": 0.00194436579477}, "erbbands_kurtosis": {"dmean": 1.01704442501, "dmean2": 1.55078220367, "dvar": 5.74598312378, "dvar2": 12.6557712555, "max": 118.455535889, "mean": 0.659126639366, "median": -0.28502202034, "min": -1.86923277378, "var": 13.068567276}, "erbbands_skewness": {"dmean": 0.360695421696, "dmean2": 0.536897957325, "dvar": 0.161218762398, "dvar2": 0.320732086897, "max": 8.12149143219, "mean": 0.0119448378682, "median": -0.0768211185932, "min": -5.89659404755, "var": 0.942803025246}, "erbbands_spread": {"dmean": 8.69484138489, "dmean2": 12.9765195847, "dvar": 113.838745117, "dvar2": 244.944473267, "max": 144.011306763, "mean": 41.1327171326, "median": 38.7031478882, "min": 1.76161420345, "var": 449.77154541}, "gfcc": {"cov": [[13702.25, -814.246948242, -2029.96582031, 246.06401062, -371.762359619, 556.400939941, -221.94140625, 345.069580078, 33.5026779175, 174.124038696, -124.060470581, 87.2968826294, -220.335266113], [-814.246948242, 1066.71862793, 42.0717163086, -37.1642150879, 198.684677124, -172.820785522, 142.890625, -88.2697372437, 82.2031173706, -101.751014709, 82.5655059814, -81.1464233398, 74.7412490845], [-2029.96582031, 42.0717163086, 1252.47229004, 274.214874268, 23.678358078, 50.6787948608, 44.0543785095, -57.0180397034, -27.7788982391, 19.5741043091, -72.126625061, -36.108959198, -26.0080108643], [246.06401062, -37.1642150879, 274.214874268, 377.143005371, 71.4352722168, 51.9344825745, 18.6802387238, 23.9476470947, 56.2163085938, 35.6845397949, -17.4081897736, -7.91599750519, 10.8548288345], [-371.762359619, 198.684677124, 23.678358078, 71.4352722168, 395.008178711, 109.239067078, 103.015274048, 42.3443565369, 62.3028831482, 18.0554904938, 47.9271850586, 15.1081972122, 28.0201091766], [556.400939941, -172.820785522, 50.6787948608, 51.9344825745, 109.239067078, 266.505615234, 72.0646133423, 45.794757843, -2.75185132027, 44.405090332, 9.04512882233, 19.1903400421, -26.4187717438], [-221.94140625, 142.890625, 44.0543785095, 18.6802387238, 103.015274048, 72.0646133423, 188.609817505, 23.0180797577, 13.7201128006, 7.57746505737, 24.4309673309, 3.26171183586, 4.95884943008], [345.069580078, -88.2697372437, -57.0180397034, 23.9476470947, 42.3443565369, 45.794757843, 23.0180797577, 159.07762146, 59.5422477722, 23.9321517944, -1.45430552959, 12.5801343918, 6.50319910049], [33.5026779175, 82.2031173706, -27.7788982391, 56.2163085938, 62.3028831482, -2.75185132027, 13.7201128006, 59.5422477722, 150.882797241, 42.0091209412, 15.8131465912, -2.11432242393, 24.1015148163], [174.124038696, -101.751014709, 19.5741043091, 35.6845397949, 18.0554904938, 44.405090332, 7.57746505737, 23.9321517944, 42.0091209412, 121.044906616, 29.295124054, 19.8457946777, -7.97485637665], [-124.060470581, 82.5655059814, -72.126625061, -17.4081897736, 47.9271850586, 9.04512882233, 24.4309673309, -1.45430552959, 15.8131465912, 29.295124054, 118.409584045, 29.1268501282, 12.2014369965], [87.2968826294, -81.1464233398, -36.108959198, -7.91599750519, 15.1081972122, 19.1903400421, 3.26171183586, 12.5801343918, -2.11432242393, 19.8457946777, 29.1268501282, 99.3155670166, 26.7527828217], [-220.335266113, 74.7412490845, -26.0080108643, 10.8548288345, 28.0201091766, -26.4187717438, 4.95884943008, 6.50319910049, 24.1015148163, -7.97485637665, 12.2014369965, 26.7527828217, 87.1364059448]], "icov": [[0.000240064764512, -0.000427457765909, 0.000573517172597, -0.000599547987804, 0.000522333721165, -0.000879355589859, 0.000534720427822, -0.000463430915261, 0.00034354114905, -0.000461514253402, 0.000682649842929, -0.000565203372389, 0.000729814579245], [-0.000427457765909, 0.00328013580292, -0.00124956236687, 0.00150601530913, -0.00202419562265, 0.00330527732149, -0.00283459573984, 0.00232787569985, -0.00226656766608, 0.00277117569931, -0.00299261440523, 0.00313169276342, -0.00247628125362], [0.000573517172597, -0.00124956236687, 0.00244205235504, -0.0022452888079, 0.00132979021873, -0.00225730403326, 0.00113889039494, -0.000795147556346, 0.00130175100639, -0.00155293359421, 0.00237085996196, -0.00141893362161, 0.00201461534016], [-0.000599547987804, 0.00150601530913, -0.0022452888079, 0.00517447991297, -0.00184332125355, 0.00201181601733, -0.00139304832555, 0.00130181701388, -0.00228357268497, 0.000995702459477, -0.00156313809566, 0.00204368191771, -0.00262356945314], [0.000522333721165, -0.00202419562265, 0.00132979021873, -0.00184332125355, 0.00523701030761, -0.00394484540448, 0.000755995570216, -0.0016716736136, 0.000251897086855, -0.00112282950431, 0.00112781173084, -0.00204344419762, 0.00118225836195], [-0.000879355589859, 0.00330527732149, -0.00225730403326, 0.00201181601733, -0.00394484540448, 0.00993013754487, -0.00460974918678, 0.00144921196625, -0.00087076186901, 0.0013198122615, -0.00317172380164, 0.00251896935515, -0.0015172282001], [0.000534720427822, -0.00283459573984, 0.00113889039494, -0.00139304832555, 0.000755995570216, -0.00460974918678, 0.00932665821165, -0.00266746617854, 0.00197766767815, -0.00198886240833, 0.00169309938792, -0.00228784349747, 0.00206083105877], [-0.000463430915261, 0.00232787569985, -0.000795147556346, 0.00130181701388, -0.0016716736136, 0.00144921196625, -0.00266746617854, 0.010027334094, -0.00488804001361, 0.0018996441504, -0.00109498063102, 0.00126412126701, -0.00189662270714], [0.00034354114905, -0.00226656766608, 0.00130175100639, -0.00228357268497, 0.000251897086855, -0.00087076186901, 0.00197766767815, -0.00488804001361, 0.0119066890329, -0.0053697032854, 0.00174281280488, -0.000209155579796, -0.00057150417706], [-0.000461514253402, 0.00277117569931, -0.00155293359421, 0.000995702459477, -0.00112282950431, 0.0013198122615, -0.00198886240833, 0.0018996441504, -0.0053697032854, 0.0136602129787, -0.00523757981136, 0.000652285816614, -0.000130322179757], [0.000682649842929, -0.00299261440523, 0.00237085996196, -0.00156313809566, 0.00112781173084, -0.00317172380164, 0.00169309938792, -0.00109498063102, 0.00174281280488, -0.00523757981136, 0.0140357119963, -0.00552324624732, 0.0026254937984], [-0.000565203372389, 0.00313169276342, -0.00141893362161, 0.00204368191771, -0.00204344419762, 0.00251896935515, -0.00228784349747, 0.00126412126701, -0.000209155579796, 0.000652285816614, -0.00552324624732, 0.0159757547081, -0.00735077355057], [0.000729814579245, -0.00247628125362, 0.00201461534016, -0.00262356945314, 0.00118225836195, -0.0015172282001, 0.00206083105877, -0.00189662270714, -0.00057150417706, -0.000130322179757, 0.0026254937984, -0.00735077355057, 0.01759329997]], "mean": [-41.9203948975, 98.6428375244, -130.995101929, 56.5168151855, -58.1385192871, 10.9614858627, -32.3738136292, 3.872787714, -10.9451770782, -0.993018209934, -9.22216415405, -1.11078691483, -6.63771438599]}, "hfc": {"dmean": 5.40285158157, "dmean2": 7.63153553009, "dvar": 105.313247681, "dvar2": 199.863525391, "max": 308.709747314, "mean": 20.3838291168, "median": 11.7670917511, "min": 8.10973546095e-08, "var": 540.242248535}, "melbands": {"dmean": [0.000604094588198, 0.00123332976364, 0.000270691118203, 0.000191260973224, 0.000109469459858, 9.54586139414e-05, 8.66630361998e-05, 8.46582770464e-05, 9.24086780287e-05, 6.51247391943e-05, 6.19435086264e-05, 7.34465575079e-05, 4.38979222963e-05, 2.80336025753e-05, 3.11659932777e-05, 5.30765428266e-05, 5.93925651629e-05, 4.5136512199e-05, 4.21889599238e-05, 2.63439833361e-05, 1.87091955013e-05, 2.12907016248e-05, 1.95822394744e-05, 2.18931600102e-05, 1.19631940834e-05, 7.01761382516e-06, 4.90429647471e-06, 3.20458116221e-06, 3.63957997251e-06, 3.05242338072e-06, 2.96535085909e-06, 2.7020471407e-06, 2.80021390608e-06, 2.23126789933e-06, 1.37420079227e-06, 1.06525226329e-06, 6.98406665833e-07, 4.58374046275e-07, 3.35640294225e-07, 1.84295615213e-07], "dmean2": [0.000995114911348, 0.00210357224569, 0.000448421254987, 0.000324815860949, 0.000177980604349, 0.000150680993102, 0.000138537056046, 0.00013005938672, 0.000141892582178, 9.70677356236e-05, 9.2957947345e-05, 0.00010515179747, 6.54081813991e-05, 4.16392904299e-05, 4.72102765343e-05, 7.81057024142e-05, 8.78174250829e-05, 6.856211985e-05, 6.62221063976e-05, 4.13089437643e-05, 2.92455533781e-05, 3.36871962645e-05, 3.11160292767e-05, 3.34743199346e-05, 1.80937695404e-05, 1.07366222437e-05, 7.87887165643e-06, 5.03657520312e-06, 5.81903486818e-06, 4.78182846564e-06, 4.52111044069e-06, 4.04381307817e-06, 4.2298183871e-06, 3.34421702064e-06, 2.09175004784e-06, 1.59147430168e-06, 1.03678303276e-06, 6.77837249441e-07, 4.85204566303e-07, 2.63952216528e-07], "dvar": [1.51783137881e-06, 9.1410938694e-06, 3.69452067162e-07, 3.54581459305e-07, 4.24645456576e-08, 4.26535748943e-08, 5.64645183943e-08, 7.49042996517e-08, 9.86920625223e-08, 5.45960148202e-08, 5.26598533668e-08, 5.88794115686e-08, 2.47440024026e-08, 1.30423245537e-08, 1.63127005237e-08, 3.7157033006e-08, 4.74483385915e-08, 2.19192823891e-08, 2.08273522873e-08, 9.83148851219e-09, 3.99668742546e-09, 3.8509488931e-09, 2.69590394453e-09, 5.00413133153e-09, 1.4972760809e-09, 2.66984517827e-10, 1.19178791835e-10, 6.05805197673e-11, 1.41272910037e-10, 6.30203181307e-11, 6.69675911946e-11, 7.53719378577e-11, 1.1456818827e-10, 7.50136341932e-11, 2.80348314008e-11, 1.27917728493e-11, 8.03763045704e-12, 7.12621194693e-12, 4.14904048618e-12, 1.42242673803e-12], "dvar2": [3.96306404582e-06, 2.42445748881e-05, 9.44607108977e-07, 9.42898680023e-07, 1.10086375571e-07, 1.00318366947e-07, 1.45716271049e-07, 1.8499969201e-07, 2.3785192127e-07, 1.14738540447e-07, 1.0914463644e-07, 1.14678293528e-07, 4.99758314731e-08, 2.7357170751e-08, 3.33013439047e-08, 7.6247204106e-08, 9.72725828774e-08, 4.81425530552e-08, 5.03062906887e-08, 2.2416168477e-08, 9.47341760593e-09, 8.78941452953e-09, 6.22734308564e-09, 1.0458858668e-08, 3.25538040968e-09, 5.43451450508e-10, 2.83551071512e-10, 1.47115777893e-10, 3.24304055832e-10, 1.60494534329e-10, 1.51628112843e-10, 1.53234064326e-10, 2.47592807368e-10, 1.55399554336e-10, 5.71028363483e-11, 2.57255414887e-11, 1.72186900155e-11, 1.57134721901e-11, 7.87269468366e-12, 2.54392297158e-12], "max": [0.01449614577, 0.0305708758533, 0.0103137064725, 0.00858020409942, 0.00628647673875, 0.00534990103915, 0.00623183324933, 0.00754774315283, 0.00763921672478, 0.00869280006737, 0.00704072741792, 0.00658412370831, 0.00434167869389, 0.00401967810467, 0.00425119372085, 0.00521391490474, 0.00728557538241, 0.00489281350747, 0.00365477101877, 0.00295937666669, 0.00179248908535, 0.00204785773531, 0.00107441889122, 0.00212362362072, 0.00111451349221, 0.000715566857252, 0.000356447126251, 0.000221241323743, 0.0006356962258, 0.000219518886297, 0.000279865402263, 0.000355270982254, 0.000351717753801, 0.000306275993353, 0.000206178810913, 0.000124863523524, 0.000124016500195, 0.000102467543911, 0.000108282816655, 7.71751001594e-05], "mean": [0.00100995146204, 0.00157396052964, 0.000402132194722, 0.000260105036432, 0.000216985004954, 0.000193884974578, 0.000167247417266, 0.000152042382979, 0.000145759870065, 0.000101900412119, 0.000105611434265, 0.000126325991005, 7.7057236922e-05, 4.33188033639e-05, 5.69234434806e-05, 8.81692103576e-05, 9.18409132282e-05, 7.25429054e-05, 5.87532631471e-05, 4.05462596973e-05, 3.23623607983e-05, 3.73858129024e-05, 3.37302262778e-05, 3.76395219064e-05, 2.27591172006e-05, 1.47753462443e-05, 9.88549072645e-06, 6.35517608316e-06, 6.72421174386e-06, 5.79108109378e-06, 5.52639949092e-06, 5.07151571583e-06, 4.77167395729e-06, 3.73432999368e-06, 2.30310502047e-06, 1.71282385963e-06, 1.11954852855e-06, 7.10052461272e-07, 5.07745596678e-07, 2.67212556082e-07], "median": [0.000587832299061, 0.000768055848312, 0.00020527910965, 0.000126205122797, 0.000129725667648, 9.92170826066e-05, 6.48646891932e-05, 4.84088959638e-05, 3.37519813911e-05, 1.92241241166e-05, 1.57750146172e-05, 1.76109060703e-05, 1.05747221824e-05, 7.27256428945e-06, 6.783581739e-06, 8.98193320609e-06, 1.08791173261e-05, 1.15859256766e-05, 1.20662971312e-05, 9.07401954464e-06, 9.02190186025e-06, 1.11161207315e-05, 8.72021519172e-06, 7.22283493815e-06, 6.2588678702e-06, 6.39496329313e-06, 4.13357884099e-06, 2.75277079709e-06, 2.9141763207e-06, 2.75029424301e-06, 2.05698006539e-06, 1.81784616871e-06, 1.54653423579e-06, 1.12524980977e-06, 6.51713833122e-07, 4.57703720258e-07, 2.94176743409e-07, 1.66971062754e-07, 8.85837465603e-08, 5.13313302974e-08], "min": [2.38400237051e-11, 2.84186042754e-12, 3.72163324464e-12, 1.07725839967e-12, 6.94691645788e-13, 3.13008191415e-13, 2.64284227098e-13, 1.55723524353e-13, 7.43029498606e-14, 4.68506696383e-14, 5.54547490014e-14, 5.24491576201e-14, 7.06598476019e-14, 4.17305960295e-14, 2.44620523246e-14, 3.24798951027e-14, 1.83981248205e-14, 1.28334698757e-14, 4.08898421375e-15, 3.49903254225e-15, 1.15401843965e-14, 3.19543687571e-14, 1.46491163384e-14, 2.20546610217e-14, 5.07716207265e-15, 2.04350891338e-15, 1.63142475874e-14, 9.00098206147e-15, 2.71954750793e-15, 2.13973100916e-15, 8.64206201447e-15, 1.39678401156e-14, 1.7720120686e-14, 9.68777077466e-15, 8.51112766148e-15, 5.28072865384e-15, 3.03442692387e-15, 4.24587462086e-15, 7.09984244586e-15, 7.45022905944e-15], "var": [1.89025513464e-06, 8.02667182143e-06, 3.80175720238e-07, 2.84518733906e-07, 7.82041880143e-08, 9.42613738175e-08, 1.15991241501e-07, 1.22969765926e-07, 1.53997504526e-07, 1.06391780719e-07, 1.24330412632e-07, 1.31476070919e-07, 6.23231102281e-08, 2.46117313196e-08, 4.95368901454e-08, 8.83651907202e-08, 1.04264152867e-07, 5.16788922766e-08, 2.64938240235e-08, 1.43699105948e-08, 8.8611029625e-09, 8.48574455148e-09, 5.421212812e-09, 9.92347093387e-09, 3.39994521426e-09, 9.00701901951e-10, 2.90096308087e-10, 1.28213120676e-10, 1.97971541938e-10, 1.14888931702e-10, 1.61576224622e-10, 2.05916422802e-10, 2.37041691831e-10, 1.52770518458e-10, 6.6063578219e-11, 2.80524041496e-11, 1.5313254137e-11, 1.22434163502e-11, 8.92086144538e-12, 3.07606110722e-12]}, "melbands_crest": {"dmean": 3.2666413784, "dmean2": 5.37736654282, "dvar": 11.4516220093, "dvar2": 30.014837265, "max": 34.2713851929, "mean": 14.8950300217, "median": 14.2524032593, "min": 3.46743083, "var": 34.17420578}, "melbands_flatness_db": {"dmean": 0.0261011868715, "dmean2": 0.0398091375828, "dvar": 0.000933725736104, "dvar2": 0.00201556039974, "max": 0.727286875248, "mean": 0.199093922973, "median": 0.180340856314, "min": 0.0409328900278, "var": 0.00672338204458}, "melbands_kurtosis": {"dmean": 10.7242984772, "dmean2": 17.1540241241, "dvar": 872.199462891, "dvar2": 2110.57055664, "max": 726.374206543, "mean": 20.4626502991, "median": 6.96314096451, "min": -1.83613145351, "var": 1649.63000488}, "melbands_skewness": {"dmean": 0.853660702705, "dmean2": 1.29598104954, "dvar": 1.35822570324, "dvar2": 3.02052211761, "max": 21.0972995758, "mean": 2.88561224937, "median": 2.42400455475, "min": -3.16316771507, "var": 5.75435352325}, "melbands_spread": {"dmean": 8.48121261597, "dmean2": 13.0193004608, "dvar": 147.241760254, "dvar2": 316.331054688, "max": 238.589797974, "mean": 29.7723121643, "median": 25.3008460999, "min": 0.296478748322, "var": 569.168334961}, "mfcc": {"cov": [[11224.1738281, -843.239440918, -1533.27600098, -235.662002563, -189.233535767, 190.570755005, -212.074447632, 284.481903076, 29.7662658691, 164.62538147, 233.733825684, 151.208297729, -110.111129761], [-843.239440918, 1051.08239746, -39.7804832458, 109.490501404, 40.0007705688, -26.8272819519, 63.1920623779, 3.84545707703, 7.5388250351, 7.39128637314, -21.1148452759, -34.7668647766, 8.68440246582], [-1533.27600098, -39.7804832458, 1004.48364258, 194.215270996, 45.762966156, 94.7537612915, 40.633644104, -56.1996917725, 22.5730628967, -2.6343061924, -53.4205055237, 20.9552993774, -1.32591760159], [-235.662002563, 109.490501404, 194.215270996, 324.198120117, 80.7731246948, 48.2454490662, 5.20463895798, 5.43823289871, 50.8386306763, 25.1997184753, -15.6229505539, 20.2531890869, 25.1188564301], [-189.233535767, 40.0007705688, 45.762966156, 80.7731246948, 278.895233154, 74.0006484985, 48.4505462646, 45.8622245789, 48.9661560059, 45.0741271973, 30.6976680756, 8.75980472565, 18.2479610443], [190.570755005, -26.8272819519, 94.7537612915, 48.2454490662, 74.0006484985, 234.57673645, 98.2085571289, 35.1780357361, 20.6235980988, 39.6426506042, 26.3957691193, 25.7995891571, 4.69516277313], [-212.074447632, 63.1920623779, 40.633644104, 5.20463895798, 48.4505462646, 98.2085571289, 189.434371948, 53.3637046814, 1.73638987541, 21.5179958344, 32.1976928711, -12.5907268524, 7.30326461792], [284.481903076, 3.84545707703, -56.1996917725, 5.43823289871, 45.8622245789, 35.1780357361, 53.3637046814, 135.006164551, 44.7110366821, 21.3963165283, 19.2459316254, 4.68349170685, 4.90605258942], [29.7662658691, 7.5388250351, 22.5730628967, 50.8386306763, 48.9661560059, 20.6235980988, 1.73638987541, 44.7110366821, 133.078704834, 46.3349189758, 7.8213891983, 9.66684818268, 12.1773900986], [164.62538147, 7.39128637314, -2.6343061924, 25.1997184753, 45.0741271973, 39.6426506042, 21.5179958344, 21.3963165283, 46.3349189758, 122.576377869, 50.2555274963, 1.95322060585, -2.97576713562], [233.733825684, -21.1148452759, -53.4205055237, -15.6229505539, 30.6976680756, 26.3957691193, 32.1976928711, 19.2459316254, 7.8213891983, 50.2555274963, 115.35333252, 28.5824756622, 0.521371245384], [151.208297729, -34.7668647766, 20.9552993774, 20.2531890869, 8.75980472565, 25.7995891571, -12.5907268524, 4.68349170685, 9.66684818268, 1.95322060585, 28.5824756622, 113.064453125, 35.7521286011], [-110.111129761, 8.68440246582, -1.32591760159, 25.1188564301, 18.2479610443, 4.69516277313, 7.30326461792, 4.90605258942, 12.1773900986, -2.97576713562, 0.521371245384, 35.7521286011, 97.6455078125]], "icov": [[0.000159347677254, 0.000105554332549, 0.000247001997195, -7.98659166321e-05, 0.000164206605405, -0.000291746167932, 0.000310309085762, -0.000326793815475, 8.414129843e-05, -0.000138037212309, -0.000117780160508, -0.000152402732056, 0.000212483108044], [0.000105554332549, 0.0011382055236, 0.000311887211865, -0.000521576323081, 1.93363048311e-05, 0.000199126414373, -0.000432315224316, -2.12548147829e-05, 7.3793453339e-05, -0.000200178357773, 0.000211158476304, 4.91211649205e-05, 0.000142005985253], [0.000247001997195, 0.000311887211865, 0.00166934716981, -0.000835127255414, 0.00020132274949, -0.000717747490853, -6.95339549566e-05, 0.000326667941408, -9.59319222602e-05, -0.000182456991752, 0.000526301795617, -0.000610735849477, 0.000701182463672], [-7.98659166321e-05, -0.000521576323081, -0.000835127255414, 0.00425869133323, -0.000881008687429, -0.000350384012563, 0.000437409849837, 0.000190293372725, -0.000942033890169, -0.000385572144296, 0.000731864885893, -0.000319860526361, -0.000792391132563], [0.000164206605405, 1.93363048311e-05, 0.00020132274949, -0.000881008687429, 0.00471977842972, -0.00117581477389, 0.000157953516464, -0.00114161230158, -0.000626675377134, -0.000601651496254, -0.000967376399785, 0.000314876961056, -0.000417436560383], [-0.000291746167932, 0.000199126414373, -0.000717747490853, -0.000350384012563, -0.00117581477389, 0.00707846973091, -0.00389387249015, 0.000539142114576, -6.85551276547e-05, -0.00111042545177, 0.000836417486425, -0.00166363583412, 0.000456582667539], [0.000310309085762, -0.000432315224316, -6.95339549566e-05, 0.000437409849837, 0.000157953516464, -0.00389387249015, 0.00937682483345, -0.00361637584865, 0.00147199537605, 0.000141562093631, -0.00257969228551, 0.0023303697817, -0.00110573775601], [-0.000326793815475, -2.12548147829e-05, 0.000326667941408, 0.000190293372725, -0.00114161230158, 0.000539142114576, -0.00361637584865, 0.0109562287107, -0.00356730539352, 0.000628742680419, 0.000252156634815, -0.000352732924512, 8.81282685441e-05], [8.414129843e-05, 7.3793453339e-05, -9.59319222602e-05, -0.000942033890169, -0.000626675377134, -6.85551276547e-05, 0.00147199537605, -0.00356730539352, 0.0106423264369, -0.00378100574017, 0.00106429716107, -0.000392701622332, -0.000785433279816], [-0.000138037212309, -0.000200178357773, -0.000182456991752, -0.000385572144296, -0.000601651496254, -0.00111042545177, 0.000141562093631, 0.000628742680419, -0.00378100574017, 0.0124345682561, -0.00524756358936, 0.00186243606731, 0.000279083731584], [-0.000117780160508, 0.000211158476304, 0.000526301795617, 0.000731864885893, -0.000967376399785, 0.000836417486425, -0.00257969228551, 0.000252156634815, 0.00106429716107, -0.00524756358936, 0.01326634828, -0.00413378048688, 0.0011381887598], [-0.000152402732056, 4.91211649205e-05, -0.000610735849477, -0.000319860526361, 0.000314876961056, -0.00166363583412, 0.0023303697817, -0.000352732924512, -0.000392701622332, 0.00186243606731, -0.00413378048688, 0.0123774502426, -0.00464176386595], [0.000212483108044, 0.000142005985253, 0.000701182463672, -0.000792391132563, -0.000417436560383, 0.000456582667539, -0.00110573775601, 8.81282685441e-05, -0.000785433279816, 0.000279083731584, 0.0011381887598, -0.00464176386595, 0.0126157207415]], "mean": [-670.941833496, 109.673599243, -4.56937932968, 39.7636146545, 2.12164759636, 10.9201869965, -7.5942940712, 7.05560731888, -1.41224730015, 4.78881263733, 1.2443779707, 0.359344393015, -2.06496047974]}, "pitch_salience": {"dmean": 0.0722003057599, "dmean2": 0.117329522967, "dvar": 0.00564020918682, "dvar2": 0.0146110765636, "max": 0.833051562309, "mean": 0.493987858295, "median": 0.500806450844, "min": 0.0733018517494, "var": 0.0139125371352}, "silence_rate_20dB": {"dmean": 0, "dmean2": 0, "dvar": 0, "dvar2": 0, "max": 1, "mean": 1, "median": 1, "min": 1, "var": 0}, "silence_rate_30dB": {"dmean": 0, "dmean2": 0, "dvar": 0, "dvar2": 0, "max": 1, "mean": 1, "median": 1, "min": 1, "var": 0}, "silence_rate_60dB": {"dmean": 0.0212962012738, "dmean2": 0.0425967648625, "dvar": 0.0208456050605, "dvar2": 0.0463008135557, "max": 1, "mean": 0.112714990973, "median": 0, "min": 0, "var": 0.10000281781}, "spectral_centroid": {"dmean": 261.530822754, "dmean2": 395.803924561, "dvar": 108187.773438, "dvar2": 215859.171875, "max": 10930.3544922, "mean": 1668.8067627, "median": 1705.30639648, "min": 99.5267486572, "var": 578478.25}, "spectral_complexity": {"dmean": 2.47588825226, "dmean2": 3.87999176979, "dvar": 7.55792951584, "dvar2": 16.3653850555, "max": 51, "mean": 16.1481361389, "median": 16, "min": 0, "var": 95.5544662476}, "spectral_contrast_coeffs": {"dmean": [0.046150624752, 0.0410975031555, 0.0361470915377, 0.0317041873932, 0.0235748514533, 0.0177029017359], "dmean2": [0.0746609643102, 0.0663189440966, 0.0565984584391, 0.0502357818186, 0.0365393906832, 0.0277305003256], "dvar": [0.00171127589419, 0.00129514129367, 0.00102833448909, 0.000803185277618, 0.000443852361059, 0.000270619319053], "dvar2": [0.00429503247142, 0.00328136375174, 0.00227902038023, 0.00184073415585, 0.000981448567472, 0.00063262792537], "max": [-0.337065219879, -0.40685749054, -0.428541898727, -0.446476042271, -0.50932520628, -0.554199576378], "mean": [-0.679656028748, -0.716060042381, -0.734270274639, -0.736636698246, -0.754852950573, -0.716261029243], "median": [-0.695246756077, -0.719323933125, -0.74226552248, -0.740116477013, -0.758332073689, -0.711697816849], "min": [-0.969482839108, -0.976753592491, -0.96605348587, -0.958206772804, -0.962295472622, -0.955984115601], "var": [0.00757878879085, 0.0051685012877, 0.00643633631989, 0.0050894357264, 0.00349633442238, 0.00202678027563]}, "spectral_contrast_valleys": {"dmean": [0.376981049776, 0.325661092997, 0.300487726927, 0.260191142559, 0.218876779079, 0.31148648262], "dmean2": [0.602930545807, 0.517720282078, 0.479665219784, 0.40896743536, 0.322999060154, 0.416470170021], "dvar": [0.135952889919, 0.100633151829, 0.0872148647904, 0.0750612989068, 0.072447925806, 0.163270443678], "dvar2": [0.286650151014, 0.221571043134, 0.182740956545, 0.147242024541, 0.121921703219, 0.275778383017], "max": [-5.59856843948, -5.13721418381, -5.86813879013, -5.36613798141, -5.66609668732, -6.98051166534], "mean": [-7.5398273468, -7.27694368362, -8.25165367126, -8.34232807159, -7.93266534805, -10.7338523865], "median": [-7.22688674927, -7.10022640228, -8.04463291168, -8.04631137848, -7.65137958527, -10.4460897446], "min": [-26.9495239258, -27.4854888916, -27.1479892731, -27.1487846375, -27.205827713, -27.334405899], "var": [1.48554670811, 1.25147116184, 1.37181866169, 1.62636351585, 1.54423034191, 1.6547627449]}, "spectral_decrease": {"dmean": 1.58520108151e-09, "dmean2": 2.4856179337e-09, "dvar": 7.07071506068e-18, "dvar2": 1.74470605705e-17, "max": -4.90104678374e-17, "mean": -4.70331640301e-09, "median": -3.77669007179e-09, "min": -2.94079480767e-08, "var": 1.48871003564e-17}, "spectral_energy": {"dmean": 0.00629224861041, "dmean2": 0.0097966035828, "dvar": 0.000104936749267, "dvar2": 0.000256298226304, "max": 0.112777382135, "mean": 0.0196003168821, "median": 0.0155702102929, "min": 1.92332899607e-10, "var": 0.000251860998105}, "spectral_energyband_high": {"dmean": 0.000369937130017, "dmean2": 0.000524495146237, "dvar": 1.27246187276e-06, "dvar2": 2.20535116568e-06, "max": 0.0414496138692, "mean": 0.000873802113347, "median": 0.000411239103414, "min": 4.97237320762e-12, "var": 4.03877857025e-06}, "spectral_energyband_low": {"dmean": 0.00449900096282, "dmean2": 0.00748154148459, "dvar": 0.000101860467112, "dvar2": 0.000264142348897, "max": 0.104701206088, "mean": 0.00701648090035, "median": 0.00399433122948, "min": 1.16553419693e-10, "var": 0.000108095366159}, "spectral_energyband_middle_high": {"dmean": 0.00202009733766, "dmean2": 0.00293444446288, "dvar": 1.51786989591e-05, "dvar2": 3.03706874547e-05, "max": 0.0587255060673, "mean": 0.00679087592289, "median": 0.00245930301026, "min": 2.9323331957e-12, "var": 8.56193801155e-05}, "spectral_energyband_middle_low": {"dmean": 0.00219557364471, "dmean2": 0.00347790424712, "dvar": 1.62817650562e-05, "dvar2": 4.0174487367e-05, "max": 0.0556953586638, "mean": 0.00529831508175, "median": 0.00381049187854, "min": 2.12387295251e-11, "var": 3.03759370581e-05}, "spectral_entropy": {"dmean": 0.145601794124, "dmean2": 0.212736129761, "dvar": 0.0303739178926, "dvar2": 0.058882471174, "max": 9.7988243103, "mean": 7.49303627014, "median": 7.55764198303, "min": 4.19264316559, "var": 0.19490006566}, "spectral_flux": {"dmean": 0.0238967444748, "dmean2": 0.0376503653824, "dvar": 0.000882147753146, "dvar2": 0.00197486253455, "max": 0.286226809025, "mean": 0.0735813379288, "median": 0.0600571930408, "min": 1.15288248708e-05, "var": 0.00295261037536}, "spectral_kurtosis": {"dmean": 1.42355954647, "dmean2": 2.4197332859, "dvar": 2.88982439041, "dvar2": 7.70026445389, "max": 49.3273658752, "mean": 3.24789834023, "median": 2.62195396423, "min": -1.1994291544, "var": 7.3451128006}, "spectral_rms": {"dmean": 0.00062596675707, "dmean2": 0.00093668239424, "dvar": 7.29491944185e-07, "dvar2": 1.60903857704e-06, "max": 0.0104893613607, "mean": 0.00396768329665, "median": 0.00389749277383, "min": 4.33176467141e-07, "var": 3.37975779985e-06}, "spectral_rolloff": {"dmean": 494.326049805, "dmean2": 817.125427246, "dvar": 662367.375, "dvar2": 1457885.125, "max": 9431.54296875, "mean": 1659.31518555, "median": 1550.390625, "min": 64.599609375, "var": 1904921.125}, "spectral_skewness": {"dmean": 0.199484556913, "dmean2": 0.318873405457, "dvar": 0.0442541576922, "dvar2": 0.101490475237, "max": 5.81744241714, "mean": 1.17655956745, "median": 1.12083685398, "min": -0.305342376232, "var": 0.206530973315}, "spectral_spread": {"dmean": 431577.0625, "dmean2": 617148.5625, "dvar": 360693956608, "dvar2": 601509658624, "max": 40853768, "mean": 4118377.5, "median": 3877159.5, "min": 1532520.5, "var": 1553186160640.0}, "spectral_strongpeak": {"dmean": 0.711141467094, "dmean2": 1.19882488251, "dvar":