{"lowlevel": {"average_loudness": 0.863485634327, "barkbands": {"dmean": [6.97548457538e-05, 0.00299121066928, 0.00217047100887, 0.0016408051597, 0.00176681613084, 0.00092664884869, 0.000828923017252, 0.000470454164315, 0.000612614443526, 0.000582673586905, 0.000286225025775, 0.000359020894393, 0.000352019327693, 0.000254221260548, 0.000337531935656, 0.000231957266806, 0.000207816512557, 0.000180660368642, 0.00010203725833, 9.94019064819e-05, 9.91750785033e-05, 9.87480016192e-05, 0.000111572626338, 9.65765575529e-05, 5.33916572749e-05, 3.53672003257e-05, 3.34589935846e-06], "dmean2": [9.95278387563e-05, 0.0052319499664, 0.00360962073319, 0.00267976289615, 0.00286454171874, 0.00135089014657, 0.00123958394397, 0.000688045518473, 0.000901881256141, 0.000890301598702, 0.000444484234322, 0.000570291769691, 0.000535776489414, 0.000400925491704, 0.000528150005266, 0.000362351769581, 0.000329413247528, 0.00028472597478, 0.000162340744282, 0.00015421367425, 0.000154385590577, 0.000143226629007, 0.000156056979904, 0.000133934547193, 7.23643679521e-05, 5.10748468514e-05, 5.47979334442e-06], "dvar": [3.2069831235e-08, 6.91288878443e-05, 2.31356880249e-05, 8.56907900015e-06, 8.65854326548e-06, 5.98976066613e-06, 3.63084222954e-06, 2.65217204287e-06, 4.13310272052e-06, 4.6978411774e-06, 1.42419696658e-06, 1.1636666386e-06, 1.26250813537e-06, 3.54893160193e-07, 1.08938490939e-06, 2.81842204686e-07, 2.11612857015e-07, 1.43402147046e-07, 4.46011050315e-08, 4.84535256362e-08, 6.91190393809e-08, 8.53877821783e-08, 5.73992792852e-07, 2.35565224216e-07, 4.45764136714e-08, 9.10441677604e-09, 2.29010227448e-10], "dvar2": [5.89569992826e-08, 0.000190981110791, 5.81510830671e-05, 2.21516293095e-05, 2.29447505262e-05, 1.22161500258e-05, 7.71642407926e-06, 5.49428705199e-06, 9.55627911026e-06, 1.17960298667e-05, 3.21124025504e-06, 2.78216316474e-06, 2.13158955376e-06, 8.57287261624e-07, 2.77981735053e-06, 6.67311439884e-07, 4.91025730298e-07, 3.50804299387e-07, 1.07857069054e-07, 1.14936739237e-07, 1.59690245027e-07, 1.76292786591e-07, 7.51790423692e-07, 3.58633542419e-07, 7.25875253238e-08, 1.83179373892e-08, 6.34825692014e-10], "max": [0.00260427757166, 0.0724096000195, 0.0495258532465, 0.059446297586, 0.0438611954451, 0.0657843798399, 0.0401128083467, 0.0680632069707, 0.0722524598241, 0.0686441361904, 0.0462164096534, 0.0309628210962, 0.0550878532231, 0.0150392493233, 0.0282328389585, 0.0133342500776, 0.0140633834526, 0.00862060394138, 0.00250083114952, 0.00398938497528, 0.00746082840487, 0.0132630951703, 0.0597273036838, 0.0237621888518, 0.00932675320655, 0.00349028618075, 0.000609973329119], "mean": [0.000109740118205, 0.0035386136733, 0.00303704082035, 0.00328230066225, 0.00351441139355, 0.00199218071066, 0.0016913888976, 0.000904836633708, 0.00110601668712, 0.00110915815458, 0.000442536518676, 0.000532118952833, 0.000607941881754, 0.000414790265495, 0.000614154560026, 0.000424650934292, 0.00039395148633, 0.00031356755062, 0.000156852882355, 0.000168021826539, 0.000136603674036, 0.000138032482937, 0.000160066469107, 0.000157346396009, 8.14193335827e-05, 4.28945495514e-05, 3.08858261633e-06], "median": [7.62283889344e-06, 0.0014254739508, 0.00155516411178, 0.00192647124641, 0.00179537688382, 0.000553568941541, 0.000660135643557, 0.00031631521415, 0.000274307851214, 0.000227130105486, 5.70770353079e-05, 0.000162514275871, 0.000170355982846, 0.00014062775881, 0.000171712192241, 0.000138816045364, 0.000138231640449, 0.00013476946333, 7.08897641744e-05, 6.61301455693e-05, 3.39848484145e-05, 2.70674318017e-05, 2.1994987037e-05, 2.18425138883e-05, 8.69826817507e-06, 3.1309402857e-06, 9.23894845073e-08], "min": [4.96901117616e-25, 1.99229286804e-24, 3.99725681437e-25, 3.52223731776e-25, 6.23604485225e-24, 9.28791340286e-24, 6.11292141431e-24, 9.34009339629e-24, 1.91113765857e-23, 1.42063656947e-23, 1.51655022264e-23, 3.08885524079e-23, 2.43886020284e-23, 3.71245767497e-23, 4.3825448424e-23, 4.36866657027e-23, 5.44159723409e-23, 1.0473025925e-22, 1.06882486369e-22, 1.2906793084e-22, 2.47337378252e-22, 3.37547876302e-22, 4.08678467006e-22, 4.81413613412e-22, 8.34733987275e-22, 1.27186168153e-21, 1.96681880603e-21], "var": [7.11169363399e-08, 5.48903262825e-05, 2.358851998e-05, 1.71865231096e-05, 1.9557597625e-05, 2.08161400224e-05, 1.06274410427e-05, 7.83250015957e-06, 8.94148888619e-06, 1.39873654916e-05, 3.61558431905e-06, 1.89672516626e-06, 4.52509311799e-06, 6.88751356392e-07, 2.70029931926e-06, 8.51195522955e-07, 5.53222150756e-07, 2.38900810245e-07, 6.03618417472e-08, 8.24578663128e-08, 1.26250711219e-07, 1.83932073128e-07, 1.37161077873e-06, 7.87693409166e-07, 1.52151770294e-07, 1.67611506896e-08, 1.62858102004e-10]}, "barkbands_crest": {"dmean": 2.11663556099, "dmean2": 3.42331671715, "dvar": 3.96960163116, "dvar2": 10.1662817001, "max": 23.9850578308, "mean": 9.43019485474, "median": 8.79733848572, "min": 2.09004235268, "var": 12.7210426331}, "barkbands_flatness_db": {"dmean": 0.0209490451962, "dmean2": 0.0310337450355, "dvar": 0.000488493475132, "dvar2": 0.00100927008316, "max": 0.366401851177, "mean": 0.13910575211, "median": 0.13730160892, "min": 0.0249199271202, "var": 0.00234676990658}, "barkbands_kurtosis": {"dmean": 2.60701465607, "dmean2": 4.19629144669, "dvar": 16.9080371857, "dvar2": 42.6759910583, "max": 85.6322097778, "mean": 4.5955786705, "median": 2.41060519218, "min": -1.91415047646, "var": 52.8489723206}, "barkbands_skewness": {"dmean": 0.480308592319, "dmean2": 0.747752666473, "dvar": 0.275909125805, "dvar2": 0.643895566463, "max": 7.96852445602, "mean": 1.65683937073, "median": 1.58797335625, "min": -2.8236117363, "var": 1.4624222517}, "barkbands_spread": {"dmean": 5.36285352707, "dmean2": 8.27522659302, "dvar": 61.7744903564, "dvar2": 135.406173706, "max": 121.972427368, "mean": 20.1204395294, "median": 17.3352813721, "min": 0.843855679035, "var": 165.317581177}, "dissonance": {"dmean": 0.0170372892171, "dmean2": 0.0283902455121, "dvar": 0.00026915431954, "dvar2": 0.000709729152732, "max": 0.500000059605, "mean": 0.461624413729, "median": 0.468965828419, "min": 0.279738157988, "var": 0.00077362038428}, "dynamic_complexity": 3.87417197227, "erbbands": {"dmean": [0.0365766771138, 0.840599000454, 2.81780266762, 3.26200699806, 6.30874872208, 6.05656003952, 6.33541727066, 8.54618835449, 11.9377698898, 9.56419658661, 10.7026433945, 13.9146585464, 13.5771541595, 18.0714321136, 12.9610090256, 13.2611474991, 16.223192215, 10.924197197, 16.7992172241, 14.6992750168, 12.1640806198, 11.1709833145, 9.9712305069, 6.51977443695, 5.24001169205, 4.72782421112, 3.89174318314, 3.75832796097, 3.45269989967, 4.08830308914, 2.72673344612, 2.29379248619, 1.54866504669, 0.776055157185, 0.292115867138, 0.136324435472, 0.0656027048826, 0.0162910185754, 0.000326807115925, 1.88654448721e-05], "dmean2": [0.0619133971632, 1.47642445564, 4.74561834335, 5.30973434448, 10.3459615707, 9.77962017059, 9.98035144806, 12.1670618057, 18.0997676849, 13.9040441513, 15.5876026154, 20.5741062164, 19.616853714, 27.7572193146, 20.4458618164, 20.7787857056, 24.6488723755, 16.9379520416, 26.0931587219, 22.8725986481, 19.1409664154, 17.4583587646, 15.5962715149, 10.1452541351, 8.3218126297, 7.33252000809, 6.10769319534, 5.74232053757, 5.02617883682, 5.80813121796, 3.74235653877, 3.17725992203, 2.17974638939, 1.04215800762, 0.413541555405, 0.192724362016, 0.0965962782502, 0.024974739179, 0.000497986213304, 2.83290573861e-05], "dvar": [0.0102905668318, 5.35801267624, 45.2715873718, 32.5008811951, 114.531677246, 119.926254272, 218.180770874, 647.579345703, 744.41192627, 512.984680176, 1613.92041016, 3169.10839844, 1845.85534668, 4412.66015625, 2309.00952148, 1609.21496582, 2701.84204102, 614.549438477, 2341.27075195, 2146.06567383, 750.966064453, 662.102844238, 492.28793335, 179.017822266, 106.934936523, 111.94581604, 80.5858383179, 141.215911865, 116.736503601, 867.926513672, 129.43598938, 76.4630050659, 89.4987716675, 13.8412361145, 0.793276011944, 0.133104771376, 0.0337608717382, 0.00309567968361, 1.28993622184e-06, 1.59243840336e-09], "dvar2": [0.0273141413927, 14.8633451462, 116.174209595, 83.8242721558, 304.161254883, 321.948608398, 532.438293457, 1270.53588867, 1637.31506348, 1008.65441895, 3455.90527344, 7562.76367188, 3912.3034668, 11398.59375, 5195.65966797, 3864.2121582, 4921.93603516, 1413.11975098, 6301.10253906, 5080.13818359, 1816.63574219, 1505.28503418, 1219.1973877, 418.981018066, 259.062042236, 265.566711426, 189.322128296, 303.185882568, 242.60874939, 1220.10913086, 174.893814087, 118.81829834, 154.797668457, 21.4854450226, 1.38612115383, 0.247731998563, 0.0710542276502, 0.00775430211797, 3.26837312059e-06, 3.63746965881e-09], "max": [0.863984823227, 20.408039093, 64.7394866943, 92.9065246582, 140.71937561, 166.474990845, 359.806854248, 647.436645508, 513.213378906, 668.051208496, 1578.32434082, 2234.4440918, 1541.10559082, 2450.13745117, 1665.21057129, 1053.75463867, 2696.2590332, 780.64855957, 1662.3269043, 1628.12768555, 789.692626953, 939.944396973, 554.014404297, 178.875473022, 144.516342163, 214.136886597, 189.137924194, 505.371643066, 565.636108398, 2428.4987793, 657.88293457, 400.625274658, 413.222900391, 155.660415649, 40.2195281982, 17.5453720093, 5.84624958038, 1.71262335777, 0.0373623296618, 0.000874208519235], "mean": [0.0477840527892, 0.986262559891, 3.72561144829, 7.01268482208, 11.8266038895, 11.875875473, 11.9357118607, 18.7501335144, 24.1667156219, 21.3281383514, 20.6351127625, 25.3170166016, 27.3956413269, 34.081489563, 20.7749042511, 22.4064903259, 29.3844947815, 19.3684806824, 30.9325466156, 28.45470047, 23.4932727814, 22.0711021423, 18.4036998749, 11.1952028275, 8.84578037262, 8.0853767395, 5.78042078018, 5.03552150726, 4.73583507538, 5.38685512543, 4.1597738266, 3.56383132935, 2.44386458397, 1.20457136631, 0.42762824893, 0.182717517018, 0.0762525945902, 0.0170868951827, 0.000355148134986, 4.08456326113e-05], "median": [0.018781805411, 0.41790574789, 1.86689305305, 4.60974597931, 6.84896373749, 5.02640342712, 4.83917808533, 4.87465572357, 8.04277324677, 9.50380325317, 7.46975231171, 6.80099487305, 6.805768013, 7.8966383934, 5.54228687286, 7.09129714966, 9.06286048889, 7.76878786087, 9.7847070694, 9.28685188293, 8.12130355835, 8.10996818542, 8.23847198486, 5.36150550842, 3.98106479645, 3.22455596924, 1.94811475277, 1.04921233654, 0.858871877193, 0.796997904778, 0.6435790658, 0.574531137943, 0.27287530899, 0.120874151587, 0.0514149293303, 0.0198109410703, 0.00446279533207, 0.000629550311714, 2.94645687973e-05, 2.61199020315e-05], "min": [4.96441022382e-23, 3.43863080191e-22, 1.13041642211e-21, 2.08849473153e-21, 7.90574316156e-21, 1.89121356908e-20, 4.62901386024e-20, 8.5229252348e-20, 1.16404655659e-19, 1.22896769772e-19, 3.1933718553e-19, 3.17601062671e-19, 5.67199658883e-19, 5.27024168615e-19, 6.33103981718e-19, 1.26584886365e-18, 1.18046728083e-18, 2.11717477489e-18, 2.79069562852e-18, 2.42311124675e-18, 2.99795110767e-18, 3.90771701899e-18, 5.62500766355e-18, 4.26253738351e-18, 7.1892657589e-18, 7.62746634276e-18, 8.25251544646e-18, 9.52483089795e-18, 1.08305644462e-17, 1.35879726725e-17, 1.17511461576e-17, 8.21053354884e-18, 9.92526572377e-18, 8.37481740875e-18, 6.61996118385e-18, 4.11082584172e-18, 2.1676309311e-18, 9.07237633778e-19, 2.46126841633e-19, 2.40060124537e-20], "var": [0.00922137033194, 4.17198514938, 42.2311058044, 59.1519851685, 221.056854248, 296.969268799, 431.222442627, 2324.29394531, 2284.15820313, 1567.44848633, 4146.61083984, 6236.18554688, 6357.01757813, 11017.9492188, 5009.49902344, 3105.44018555, 9465.83105469, 1305.25720215, 5314.95458984, 6445.80029297, 2252.60009766, 1786.13891602, 860.569213867, 276.794799805, 178.840744019, 188.494735718, 131.421569824, 286.977172852, 241.362548828, 1812.60009766, 429.237670898, 261.481811523, 251.944503784, 46.6330528259, 2.49233937263, 0.326310306787, 0.0549490638077, 0.0031084488146, 1.27679220441e-06, 2.6420863275e-09]}, "erbbands_crest": {"dmean": 2.14808511734, "dmean2": 3.37694525719, "dvar": 4.5645198822, "dvar2": 10.5537748337, "max": 30.677022934, "mean": 8.34846019745, "median": 7.35678958893, "min": 2.17922496796, "var": 16.5419025421}, "erbbands_flatness_db": {"dmean": 0.0170088149607, "dmean2": 0.022981191054, "dvar": 0.000348515604855, "dvar2": 0.000598841230385, "max": 0.331452786922, "mean": 0.151336893439, "median": 0.150075852871, "min": 0.0309771299362, "var": 0.00195743888617}, "erbbands_kurtosis": {"dmean": 0.597405016422, "dmean2": 0.932142734528, "dvar": 0.851968646049, "dvar2": 1.79733538628, "max": 23.2476444244, "mean": -0.0128419995308, "median": -0.474905490875, "min": -1.71023440361, "var": 3.04002571106}, "erbbands_skewness": {"dmean": 0.301756948233, "dmean2": 0.454703092575, "dvar": 0.0853888913989, "dvar2": 0.183005183935, "max": 3.81022310257, "mean": 0.182722210884, "median": 0.189994692802, "min": -3.58038282394, "var": 0.436880141497}, "erbbands_spread": {"dmean": 7.55597829819, "dmean2": 11.5367488861, "dvar": 81.8444671631, "dvar2": 187.942428589, "max": 130.943313599, "mean": 41.1359672546, "median": 39.1006393433, "min": 3.02251458168, "var": 304.299377441}, "gfcc": {"cov": [[29748.8125, 214.549285889, -2137.59155273, 720.27935791, -1293.17260742, 451.351837158, -1056.5012207, 301.192687988, -604.764648438, 58.3007659912, -579.575439453, 96.5386886597, -368.7293396], [214.549285889, 1619.59606934, -576.807312012, -83.1684341431, 159.361343384, -205.533416748, 56.4025878906, -53.3668327332, 111.218887329, -141.433624268, 120.624145508, -160.105743408, 83.8293762207], [-2137.59155273, -576.807312012, 780.544128418, 88.1974945068, 52.9365768433, 99.4016647339, 78.0994186401, -6.88599538803, -14.9509325027, 65.4482955933, -32.2343711853, 40.8999710083, -48.706363678], [720.27935791, -83.1684341431, 88.1974945068, 284.281494141, -7.97044372559, 29.5780181885, -48.5160827637, -3.94848752022, -8.34632110596, -2.97900676727, -24.7218647003, -15.4353170395, -34.0937576294], [-1293.17260742, 159.361343384, 52.9365768433, -7.97044372559, 242.564193726, -45.6736984253, 78.1973190308, -3.004373312, 57.3875007629, -8.90092754364, 20.4373931885, -10.8201284409, 16.366941452], [451.351837158, -205.533416748, 99.4016647339, 29.5780181885, -45.6736984253, 187.107727051, 25.1119232178, 8.23483943939, -38.1755065918, 14.3745985031, -11.3845300674, 7.08834123611, -30.6217498779], [-1056.5012207, 56.4025878906, 78.0994186401, -48.5160827637, 78.1973190308, 25.1119232178, 176.673477173, 3.80532646179, 23.4129276276, -3.07829260826, 17.2826728821, 2.80638122559, 1.99705088139], [301.192687988, -53.3668327332, -6.88599538803, -3.94848752022, -3.004373312, 8.23483943939, 3.80532646179, 93.6375045776, 23.6717224121, 9.31461620331, -14.660990715, 8.38851356506, -1.48661053181], [-604.764648438, 111.218887329, -14.9509325027, -8.34632110596, 57.3875007629, -38.1755065918, 23.4129276276, 23.6717224121, 105.919166565, 9.01362323761, 21.4338321686, -21.6157417297, 16.0303859711], [58.3007659912, -141.433624268, 65.4482955933, -2.97900676727, -8.90092754364, 14.3745985031, -3.07829260826, 9.31461620331, 9.01362323761, 94.4481201172, 7.27668571472, 30.7699737549, -21.2141361237], [-579.575439453, 120.624145508, -32.2343711853, -24.7218647003, 20.4373931885, -11.3845300674, 17.2826728821, -14.660990715, 21.4338321686, 7.27668571472, 96.614982605, 1.1051363945, 16.995344162], [96.5386886597, -160.105743408, 40.8999710083, -15.4353170395, -10.8201284409, 7.08834123611, 2.80638122559, 8.38851356506, -21.6157417297, 30.7699737549, 1.1051363945, 90.3773498535, 11.6660509109], [-368.7293396, 83.8293762207, -48.706363678, -34.0937576294, 16.366941452, -30.6217498779, 1.99705088139, -1.48661053181, 16.0303859711, -21.2141361237, 16.995344162, 11.6660509109, 90.2596282959]], "icov": [[0.000141262891702, -0.000201344519155, 0.000374632043531, -0.000315440818667, 0.000339148857165, -0.000426191225415, 0.000442238029791, -0.000434760033386, 0.000437956128735, -0.000369230780052, 0.000745357887354, -0.000457835238194, 0.000378327647923], [-0.000201344519155, 0.00177218951285, 0.000335031567374, 0.000371561560314, -0.000993119436316, 0.00142144749407, -0.001271667541, 0.00110165064689, -0.000889499089681, 0.00136989867315, -0.0022247408051, 0.00243156054057, -0.000854141195305], [0.000374632043531, 0.000335031567374, 0.00318660098128, -0.00141143344808, 0.000178872811375, -0.00129658868536, 9.55552823143e-05, -0.0004544442927, 0.00105404807255, -0.00147788599133, 0.00194349873345, -0.000740420713555, 0.00111899047624], [-0.000315440818667, 0.000371561560314, -0.00141143344808, 0.00493706949055, -0.00109696213622, 0.000266810442554, 0.000700062082615, 0.00116469175555, -0.00143089517951, 0.00155179679859, -0.00113854045048, 0.00128286122344, 0.000430056010373], [0.000339148857165, -0.000993119436316, 0.000178872811375, -0.00109696213622, 0.00684474734589, 0.000117661584227, -0.0010887554381, -0.000625029497314, -0.00117462535854, -0.000507518532686, 0.00190488842782, -0.00171675626189, 0.000755117333028], [-0.000426191225415, 0.00142144749407, -0.00129658868536, 0.000266810442554, 0.000117661584227, 0.00882572866976, -0.00350778223947, 0.000343837979017, 0.000973657472059, 0.00092184060486, -0.00326186465099, 0.00300670531578, -0.000334655516781], [0.000442238029791, -0.001271667541, 9.55552823143e-05, 0.000700062082615, -0.0010887554381, -0.00350778223947, 0.00968053750694, -0.00169223477133, 0.000229418539675, -9.95210648398e-05, 0.00191536883358, -0.00284194131382, 0.00201154197566], [-0.000434760033386, 0.00110165064689, -0.0004544442927, 0.00116469175555, -0.000625029497314, 0.000343837979017, -0.00169223477133, 0.0141881015152, -0.0060317418538, 0.00119747791905, 0.000173719905433, -0.000301921245409, -0.000744411139749], [0.000437956128735, -0.000889499089681, 0.00105404807255, -0.00143089517951, -0.00117462535854, 0.000973657472059, 0.000229418539675, -0.0060317418538, 0.0165487173945, -0.00508342636749, 6.7947737989e-05, 0.00345361977816, -0.0015105860075], [-0.000369230780052, 0.00136989867315, -0.00147788599133, 0.00155179679859, -0.000507518532686, 0.00092184060486, -9.95210648398e-05, 0.00119747791905, -0.00508342636749, 0.0164319816977, -0.00428625009954, -0.00369364512153, 0.00348406168632], [0.000745357887354, -0.0022247408051, 0.00194349873345, -0.00113854045048, 0.00190488842782, -0.00326186465099, 0.00191536883358, 0.000173719905433, 6.7947737989e-05, -0.00428625009954, 0.0171135962009, -0.00420647626743, 0.000540138920769], [-0.000457835238194, 0.00243156054057, -0.000740420713555, 0.00128286122344, -0.00171675626189, 0.00300670531578, -0.00284194131382, -0.000301921245409, 0.00345361977816, -0.00369364512153, -0.00420647626743, 0.0189735982567, -0.00579617545009], [0.000378327647923, -0.000854141195305, 0.00111899047624, 0.000430056010373, 0.000755117333028, -0.000334655516781, 0.00201154197566, -0.000744411139749, -0.0015105860075, 0.00348406168632, 0.000540138920769, -0.00579617545009, 0.0156116485596]], "mean": [-33.7284545898, 103.511863708, -112.53099823, 34.0138893127, -50.9627990723, 11.7591781616, -41.1501579285, 6.36277532578, -23.3022098541, -1.52363026142, -16.8838825226, -3.8688557148, -16.0362205505]}, "hfc": {"dmean": 6.96100139618, "dmean2": 9.78423118591, "dvar": 196.846435547, "dvar2": 325.531494141, "max": 568.792602539, "mean": 18.7309627533, "median": 10.75573349, "min": 1.07431451866e-16, "var": 715.780090332}, "melbands": {"dmean": [0.000570859236177, 0.00137858558446, 0.000672071531881, 0.000433643697761, 0.000222764268983, 0.000182781368494, 0.000182076604688, 0.000102271944343, 8.49855205161e-05, 8.93171236385e-05, 7.02889665263e-05, 7.98800683697e-05, 4.34807589045e-05, 4.18386334786e-05, 3.79038865503e-05, 3.11926705763e-05, 2.04551542993e-05, 2.82673663605e-05, 2.34718590946e-05, 1.62193318829e-05, 1.49231254909e-05, 1.1607750821e-05, 1.22851379274e-05, 9.03037107491e-06, 5.17992884852e-06, 4.02911882702e-06, 3.91783169107e-06, 3.11617418447e-06, 2.39706855609e-06, 2.59689818449e-06, 2.10422263081e-06, 1.90547007151e-06, 2.11899759961e-06, 2.52955965152e-06, 1.6229269022e-06, 1.60173726726e-06, 1.35613800012e-06, 1.15765351438e-06, 1.01356420146e-06, 5.67431072795e-07], "dmean2": [0.00099608162418, 0.00234767654911, 0.00109601765871, 0.000708100211341, 0.000351597904228, 0.000262056331849, 0.000273125478998, 0.000148157851072, 0.000124207392219, 0.000132327200845, 0.000102275545942, 0.000122858167742, 6.83287871652e-05, 6.64947656333e-05, 5.83659966651e-05, 4.72409119538e-05, 3.19924583891e-05, 4.41062620666e-05, 3.59956975444e-05, 2.55616487266e-05, 2.37833046413e-05, 1.82706880878e-05, 1.96066739591e-05, 1.43793049574e-05, 8.14186387288e-06, 6.5151821218e-06, 6.21493563813e-06, 4.86655198983e-06, 3.7879658521e-06, 4.1047637751e-06, 3.25480095853e-06, 2.80266567643e-06, 3.21317929775e-06, 3.582033969e-06, 2.26487031796e-06, 2.31763738157e-06, 1.90722744264e-06, 1.63420338595e-06, 1.41865257319e-06, 7.86765610883e-07], "dvar": [2.59304442807e-06, 1.18786010717e-05, 1.30020646338e-06, 5.21378353824e-07, 2.18469253355e-07, 2.70241656608e-07, 1.71738349763e-07, 5.82782533343e-08, 8.88870488325e-08, 1.16618792845e-07, 5.23811820585e-08, 8.97528380506e-08, 3.25521583022e-08, 1.77366477061e-08, 1.83996800018e-08, 8.10306843846e-09, 2.16018558596e-09, 6.47627240724e-09, 6.03921357367e-09, 2.16914974871e-09, 1.16491838398e-09, 7.53631768102e-10, 9.42258715497e-10, 3.10695053019e-10, 1.25450122512e-10, 6.72992703232e-11, 7.0967030863e-11, 5.16022849451e-11, 3.32212451992e-11, 4.98538085814e-11, 6.28781332557e-11, 4.81286677179e-11, 3.47959196179e-11, 7.02378155637e-10, 5.66726492124e-11, 3.60985893955e-11, 3.12613095133e-11, 4.9407037489e-11, 4.04746861027e-11, 6.41403596902e-12], "dvar2": [7.16162821846e-06, 3.13449345413e-05, 3.35748268299e-06, 1.388742362e-06, 5.37409107437e-07, 5.30680381416e-07, 3.69855030158e-07, 1.1335312422e-07, 1.93590807385e-07, 2.7824083304e-07, 1.13784849987e-07, 2.31820152408e-07, 7.19120549775e-08, 4.29465565333e-08, 3.31639355977e-08, 1.65000866303e-08, 5.03166885935e-09, 1.72411898092e-08, 1.40894478307e-08, 5.14784614936e-09, 2.77271317017e-09, 1.71100744684e-09, 2.3687716233e-09, 7.54575124606e-10, 2.97496777213e-10, 1.67301075771e-10, 1.69116512461e-10, 1.23637045046e-10, 7.99882868274e-11, 1.26008189993e-10, 1.36458483402e-10, 1.04023088754e-10, 7.96082227916e-11, 9.89748949465e-10, 8.36583510799e-11, 6.71218358672e-11, 4.80457756913e-11, 9.35714700168e-11, 7.32790356173e-11, 1.02085978559e-11], "max": [0.0139424707741, 0.0315555110574, 0.0202535223216, 0.0115851582959, 0.00975201372057, 0.0131465177983, 0.00835163891315, 0.00694740144536, 0.0112007008865, 0.0137516781688, 0.0079181343317, 0.0110105788335, 0.00743657816201, 0.00430392054841, 0.0064607784152, 0.00424606818706, 0.00125967583153, 0.00244940957054, 0.00278190453537, 0.00146814482287, 0.000941022415645, 0.000905180815607, 0.000568513700273, 0.000293661520118, 0.000150277133798, 0.000135964510264, 0.000205960852327, 0.000142446398968, 0.000122525612824, 0.000249353732215, 0.000356841424946, 0.000399383076001, 0.00016375585983, 0.00222257897258, 0.000503901625052, 0.000230593082961, 0.000282094697468, 0.000320397230098, 0.000319080398185, 0.000130151165649], "mean": [0.000709866348188, 0.00177201989572, 0.00142781925388, 0.000862259999849, 0.000440940173576, 0.000402092788136, 0.00037191589945, 0.00022600995726, 0.000160904819495, 0.000158420807566, 0.00013969061547, 0.000147786238813, 6.93207693985e-05, 6.08360824117e-05, 6.84890474076e-05, 5.20733628946e-05, 3.30277252942e-05, 4.84348747705e-05, 4.25217294833e-05, 3.02305325022e-05, 2.64534482994e-05, 2.15502859646e-05, 2.07645680348e-05, 1.55585094035e-05, 8.14060877019e-06, 6.09182598055e-06, 6.61895410303e-06, 4.93142124469e-06, 3.43972919836e-06, 3.41004988513e-06, 2.7415853765e-06, 2.55507370639e-06, 2.76867081084e-06, 3.19691548611e-06, 2.37287895288e-06, 2.31435615206e-06, 2.09104950954e-06, 1.67783593952e-06, 1.53510723067e-06, 8.38275013848e-07], "median": [0.000294203462545, 0.000896493787877, 0.000942502403632, 0.000473996420624, 0.00018354106578, 0.000103031619801, 0.000130669941427, 9.6071176813e-05, 5.42186498933e-05, 3.8784051867e-05, 3.14442440867e-05, 3.1828894862e-05, 1.31029300974e-05, 1.81888608495e-05, 1.73023036041e-05, 1.71897536347e-05, 1.2201271602e-05, 1.35757563839e-05, 1.24202379084e-05, 9.81634639174e-06, 8.24922244647e-06, 7.03389014234e-06, 7.26023426978e-06, 6.4178766479e-06, 3.50823438566e-06, 2.62543017016e-06, 2.68863777819e-06, 1.78419543317e-06, 1.10805854092e-06, 8.78231787738e-07, 4.94595212785e-07, 4.41499878434e-07, 5.43398414266e-07, 3.78140953217e-07, 3.51863832293e-07, 3.77641640625e-07, 3.09265146825e-07, 1.71143682337e-07, 1.55770862875e-07, 7.48832462705e-08], "min": [6.92253300982e-25, 3.36758606767e-25, 5.48919000137e-25, 5.37940718742e-25, 1.51796993561e-24, 2.03543527652e-24, 1.69236104934e-24, 1.58607426971e-24, 2.29322693452e-24, 2.38644307781e-24, 2.46436084157e-24, 2.14402907987e-24, 1.85199375883e-24, 2.60076100576e-24, 2.62439133417e-24, 2.50882755029e-24, 3.49972263588e-24, 3.41223362275e-24, 3.21364637012e-24, 3.78778387289e-24, 3.14247928355e-24, 3.03289131824e-24, 3.59828765054e-24, 4.32939762661e-24, 2.87056287383e-24, 3.81788364959e-24, 4.79646008049e-24, 4.58975604078e-24, 4.46422854924e-24, 4.88807917488e-24, 4.35243394277e-24, 5.43842956313e-24, 4.96471425081e-24, 6.25807576518e-24, 5.80809017775e-24, 5.20610134907e-24, 4.66816842033e-24, 5.76806376985e-24, 6.72832403382e-24, 6.14911356378e-24], "var": [2.09145423469e-06, 1.03673064586e-05, 2.43286535806e-06, 1.13338103347e-06, 4.87253259962e-07, 9.94482206806e-07, 5.21860272329e-07, 1.94231361661e-07, 2.2385430043e-07, 2.23559169399e-07, 1.83580894486e-07, 2.28876388064e-07, 8.06047708579e-08, 2.67832724887e-08, 6.51622542591e-08, 2.05038599432e-08, 4.23896961976e-09, 1.3585130354e-08, 1.43504799155e-08, 7.07601488514e-09, 3.2821503293e-09, 1.97638083677e-09, 1.69142289064e-09, 5.9074178882e-10, 1.75704339966e-10, 9.26820772906e-11, 1.31609639853e-10, 8.18390771817e-11, 5.05135308582e-11, 7.34004523828e-11, 1.20069801324e-10, 8.8746621163e-11, 6.52980794436e-11, 1.35760813702e-09, 1.6182748197e-10, 1.04189684658e-10, 1.04995345751e-10, 1.19631513029e-10, 1.09743734933e-10, 2.08766424287e-11]}, "melbands_crest": {"dmean": 2.98687577248, "dmean2": 4.90063381195, "dvar": 7.58077859879, "dvar2": 20.4517097473, "max": 33.1333312988, "mean": 14.0595369339, "median": 13.6174907684, "min": 1.53242349625, "var": 24.6002941132}, "melbands_flatness_db": {"dmean": 0.0248047206551, "dmean2": 0.0374535098672, "dvar": 0.000754291599151, "dvar2": 0.00162966549397, "max": 0.498269200325, "mean": 0.207133859396, "median": 0.207517147064, "min": 0.00291083473712, "var": 0.00416106916964}, "melbands_kurtosis": {"dmean": 6.78088712692, "dmean2": 11.0278244019, "dvar": 133.501922607, "dvar2": 347.902709961, "max": 184.410522461, "mean": 14.5340175629, "median": 8.87011146545, "min": -1.89022481441, "var": 340.793273926}, "melbands_skewness": {"dmean": 0.67148411274, "dmean2": 1.05097448826, "dvar": 0.608107030392, "dvar2": 1.51030516624, "max": 11.7567901611, "mean": 2.83902931213, "median": 2.63136339188, "min": -1.4457552433, "var": 2.68199419975}, "melbands_spread": {"dmean": 6.36737966537, "dmean2": 9.78902816772, "dvar": 119.594680786, "dvar2": 216.646987915, "max": 262.012268066, "mean": 22.3691616058, "median": 16.6625518799, "min": 0.61430644989, "var": 621.840820313}, "mfcc": {"cov": [[11104.2998047, 98.1525497437, -34.2366027832, 69.7544021606, 26.9059448242, 12.0832967758, -125.375709534, 86.7474975586, -24.8103466034, 83.928565979, -122.691947937, -82.82371521, -167.189178467], [98.1525497437, 1546.86303711, -406.512481689, 117.499099731, 47.1798629761, -76.5471496582, -9.11631679535, 19.7352046967, -11.4886627197, 50.5042648315, 11.9030227661, -24.0575847626, -4.71573638916], [-34.2366027832, -406.512481689, 520.773864746, 21.497379303, 10.9284734726, 98.155418396, 42.1766548157, -1.22152256966, 0.805758595467, -19.8265037537, 12.3505992889, 34.1307601929, 3.36752057076], [69.7544021606, 117.499099731, 21.497379303, 243.515838623, 67.6407623291, 15.1849775314, -18.5187911987, 4.80132198334, 17.2383880615, -5.92868757248, 12.194357872, 18.6157131195, 6.48331403732], [26.9059448242, 47.1798629761, 10.9284734726, 67.6407623291, 145.292007446, 4.94085454941, -15.3530292511, 0.113055542111, 2.74648618698, 18.8105812073, -1.75236856937, 3.88446354866, 2.45980882645], [12.0832967758, -76.5471496582, 98.155418396, 15.1849775314, 4.94085454941, 144.720825195, 54.101272583, 11.125711441, 0.893395364285, -15.1569223404, 27.2733974457, 15.185172081, -6.4891910553], [-125.375709534, -9.11631679535, 42.1766548157, -18.5187911987, -15.3530292511, 54.101272583, 109.693603516, 30.2718524933, -1.69467318058, -10.2454919815, 17.7398605347, 2.78679037094, -1.30537307262], [86.7474975586, 19.7352046967, -1.22152256966, 4.80132198334, 0.113055542111, 11.125711441, 30.2718524933, 86.1839981079, 25.6064510345, 3.90474653244, 1.47753632069, 1.06444513798, -3.03777265549], [-24.8103466034, -11.4886627197, 0.805758595467, 17.2383880615, 2.74648618698, 0.893395364285, -1.69467318058, 25.6064510345, 93.962638855, 18.4784641266, 3.44926452637, -8.50562667847, -1.33423054218], [83.928565979, 50.5042648315, -19.8265037537, -5.92868757248, 18.8105812073, -15.1569223404, -10.2454919815, 3.90474653244, 18.4784641266, 84.2615280151, 15.4286298752, -5.60416412354, -8.46361446381], [-122.691947937, 11.9030227661, 12.3505992889, 12.194357872, -1.75236856937, 27.2733974457, 17.7398605347, 1.47753632069, 3.44926452637, 15.4286298752, 84.9814147949, 28.1035919189, -0.869090855122], [-82.82371521, -24.0575847626, 34.1307601929, 18.6157131195, 3.88446354866, 15.185172081, 2.78679037094, 1.06444513798, -8.50562667847, -5.60416412354, 28.1035919189, 82.1482162476, 32.1296157837], [-167.189178467, -4.71573638916, 3.36752057076, 6.48331403732, 2.45980882645, -6.4891910553, -1.30537307262, -3.03777265549, -1.33423054218, -8.46361446381, -0.869090855122, 32.1296157837, 79.109916687]], "icov": [[9.95225127554e-05, -1.84615555554e-06, -4.05933775482e-08, -3.9186928916e-05, 3.58831493941e-05, -9.34413983487e-05, 0.000166970057762, -0.000164417389897, 0.00010217999079, -0.000133414490847, 0.000175188892172, -1.45172380144e-05, 0.000196363514988], [-1.84615555554e-06, 0.000903925683815, 0.000704740756191, -0.000548515527043, -8.77237616805e-05, 0.000164645593031, -0.000369898451027, -0.000137430019095, 0.000340752128977, -0.000451703352155, -0.000104315833596, 0.000133574838401, -2.81875927612e-05], [-4.05933775482e-08, 0.000704740756191, 0.00282193114981, -0.000479983456898, -0.000197543515242, -0.00126335781533, -0.000655651441775, 0.000310418370645, 2.18118584598e-05, -0.000182552292245, 0.00039547108463, -0.000812023296021, 0.000179726688657], [-3.9186928916e-05, -0.000548515527043, -0.000479983456898, 0.00543567305431, -0.00232947967015, -0.000498398789205, 0.00126569415443, -0.000190661361557, -0.00128183071502, 0.00160390720703, -0.000812005135231, -0.000805556308478, -2.72167799267e-05], [3.58831493941e-05, -8.77237616805e-05, -0.000197543515242, -0.00232947967015, 0.00845716521144, -0.000775703345425, 0.000958732678555, -0.00026677781716, 0.000719989067875, -0.00247719301842, 0.00107807549648, -1.68129790836e-05, -0.000285302608972], [-9.34413983487e-05, 0.000164645593031, -0.00126335781533, -0.000498398789205, -0.000775703345425, 0.0103257708251, -0.00444922363386, 0.00045262297499, -0.000484807795146, 0.00173838878982, -0.00235941470601, -0.000714933266863, 0.00116429058835], [0.000166970057762, -0.000369898451027, -0.000655651441775, 0.00126569415443, 0.000958732678555, -0.00444922363386, 0.01378966216, -0.00489390688017, 0.00137652037665, 0.000959582976066, -0.00187292252667, 0.00150393950753, -0.000605656241532], [-0.000164417389897, -0.000137430019095, 0.000310418370645, -0.000190661361557, -0.00026677781716, 0.00045262297499, -0.00489390688017, 0.014777911827, -0.00428016483784, -0.000118067255244, 0.00107077590656, -0.00148276879918, 0.00070803030394], [0.00010217999079, 0.000340752128977, 2.18118584598e-05, -0.00128183071502, 0.000719989067875, -0.000484807795146, 0.00137652037665, -0.00428016483784, 0.0129051944241, -0.00295636150986, -0.000478806759929, 0.00218046410009, -0.000852884200867], [-0.000133414490847, -0.000451703352155, -0.000182552292245, 0.00160390720703, -0.00247719301842, 0.00173838878982, 0.000959582976066, -0.000118067255244, -0.00295636150986, 0.0148676708341, -0.00401962688193, 0.000935852061957, 0.000914884381928], [0.000175188892172, -0.000104315833596, 0.00039547108463, -0.000812005135231, 0.00107807549648, -0.00235941470601, -0.00187292252667, 0.00107077590656, -0.000478806759929, -0.00401962688193, 0.0160613339394, -0.00617316644639, 0.00244238227606], [-1.45172380144e-05, 0.000133574838401, -0.000812023296021, -0.000805556308478, -1.68129790836e-05, -0.000714933266863, 0.00150393950753, -0.00148276879918, 0.00218046410009, 0.000935852061957, -0.00617316644639, 0.0180680733174, -0.00728144496679], [0.000196363514988, -2.81875927612e-05, 0.000179726688657, -2.72167799267e-05, -0.000285302608972, 0.00116429058835, -0.000605656241532, 0.00070803030394, -0.000852884200867, 0.000914884381928, 0.00244238227606, -0.00728144496679, 0.0162377040833]], "mean": [-664.81262207, 129.298919678, 0.386903166771, 24.8615379333, 10.5719814301, 5.09741020203, -2.53078794479, 3.73046898842, -4.21965408325, 2.35374689102, -2.5572271347, 0.860534787178, -2.95090150833]}, "pitch_salience": {"dmean": 0.0619405061007, "dmean2": 0.100852705538, "dvar": 0.00350213935599, "dvar2": 0.00930524431169, "max": 0.9404489398, "mean": 0.558584928513, "median": 0.561894714832, "min": 0.16303229332, "var": 0.0105357198045}, "silence_rate_20dB": {"dmean": 0, "dmean2": 0, "dvar": 0, "dvar2": 0, "max": 1, "mean": 1, "median": 1, "min": 1, "var": 0}, "silence_rate_30dB": {"dmean": 0.00474144332111, "dmean2": 0.00948429200798, "dvar": 0.00471922568977, "dvar2": 0.012951862067, "max": 1, "mean": 0.997037053108, "median": 1, "min": 0, "var": 0.00295441923663}, "silence_rate_60dB": {"dmean": 0.00681582465768, "dmean2": 0.013633669354, "dvar": 0.00676874723285, "dvar2": 0.0155201395974, "max": 1, "mean": 0.0927407443523, "median": 0, "min": 0, "var": 0.0841445922852}, "spectral_centroid": {"dmean": 226.850219727, "dmean2": 341.56652832, "dvar": 105232.046875, "dvar2": 203237.390625, "max": 11552.7255859, "mean": 1279.59387207, "median": 1030.2331543, "min": 160.908569336, "var": 1796226.625}, "spectral_complexity": {"dmean": 3.54985928535, "dmean2": 5.38292837143, "dvar": 24.5749702454, "dvar2": 47.6666183472, "max": 55, "mean": 16.8170375824, "median": 16, "min": 0, "var": 86.5343017578}, "spectral_contrast_coeffs": {"dmean": [0.0434684455395, 0.0408174395561, 0.0371970422566, 0.0301658436656, 0.0231273397803, 0.0229807160795], "dmean2": [0.0730251669884, 0.0645532011986, 0.0582719631493, 0.0476569384336, 0.0358754172921, 0.0354920551181], "dvar": [0.00143909698818, 0.00126854307018, 0.000994360889308, 0.000617330078967, 0.000421664386522, 0.000542140973266], "dvar2": [0.0039841812104, 0.00313005410135, 0.00233765947632, 0.00143577624112, 0.000929818139412, 0.00124573288485], "max": [-0.310366541147, -0.41364428401, -0.38982874155, -0.493263959885, -0.573785007, -0.587642371655], "mean": [-0.626509666443, -0.720460772514, -0.742784440517, -0.755791962147, -0.772663712502, -0.752486765385], "median": [-0.624556541443, -0.726146697998, -0.750474333763, -0.757897138596, -0.774604916573, -0.752890765667], "min": [-0.982323110104, -0.976266741753, -0.979353785515, -0.969242572784, -0.966267645359, -0.966930270195], "var": [0.00635615410283, 0.00688453949988, 0.00613296218216, 0.0041067940183, 0.00268039642833, 0.00271171773784]}, "spectral_contrast_valleys": {"dmean": [0.389361351728, 0.333710074425, 0.346246570349, 0.307689577341, 0.304328173399, 0.472951591015], "dmean2": [0.647495448589, 0.53729134798, 0.540522694588, 0.463790625334, 0.420231133699, 0.578328669071], "dvar": [0.149020150304, 0.111146338284, 0.145235896111, 0.118005745113, 0.157565906644, 0.327500402927], "dvar2": [0.338660359383, 0.245324298739, 0.300997257233, 0.211426615715, 0.280823737383, 0.521035611629], "max": [-5.15161180496, -5.08716869354, -5.11789369583, -5.73672389984, -5.56285524368, -6.87715148926], "mean": [-7.51621341705, -7.21515846252, -8.02066135406, -8.29843235016, -8.23651504517, -11.0514259338], "median": [-7.06879329681, -6.7921037674, -7.63388061523, -7.89969730377, -7.8512506485, -10.6622838974], "min": [-28.2269916534, -28.1423606873, -27.9109230042, -27.6923332214, -27.5272350311, -27.4305610657], "var": [6.97070837021, 7.08576488495, 6.74272108078, 6.55891036987, 6.74361133575, 6.28819513321]}, "spectral_decrease": {"dmean": 2.28771468436e-09, "dmean2": 3.66238750438e-09, "dvar": 1.73561352232e-17, "dvar2": 4.38605770012e-17, "max": 1.86521921586e-28, "mean": -6.19323969886e-09, "median": -4.75618566753e-09, "min": -3.9078607017e-08, "var": 2.97060178692e-17}, "spectral_energy": {"dmean": 0.00913302134722, "dmean2": 0.0145011115819, "dvar": 0.000265912764007, "dvar2": 0.000666528299917, "max": 0.153275579214, "mean": 0.0250737033784, "median": 0.0192776434124, "min": 9.96941581042e-21, "var": 0.000476068962598}, "spectral_energyband_high": {"dmean": 0.00049043801846, "dmean2": 0.000658719800413, "dvar": 2.25362941819e-06, "dvar2": 3.00622809846e-06, "max": 0.0764564573765, "mean": 0.000790233549196, "median": 0.000169729915797, "min": 6.88990316924e-21, "var": 8.28602969705e-06}, "spectral_energyband_low": {"dmean": 0.00525423837826, "dmean2": 0.00887548923492, "dvar": 0.000164438009961, "dvar2": 0.000434830697486, "max": 0.11773468554, "mean": 0.00809815619141, "median": 0.0047874301672, "min": 7.26728090401e-24, "var": 0.000152318389155}, "spectral_energyband_middle_high": {"dmean": 0.00179217127152, "dmean2": 0.00270448159426, "dvar": 1.33290641315e-05, "dvar2": 3.00665215036e-05, "max": 0.0793546438217, "mean": 0.00503161782399, "median": 0.00245840777643, "min": 1.16583594859e-21, "var": 5.72786811972e-05}, "spectral_energyband_middle_low": {"dmean": 0.00427921954542, "dmean2": 0.00666538858786, "dvar": 4.22367011197e-05, "dvar2": 0.000101257108327, "max": 0.0988454818726, "mean": 0.0126350531355, "median": 0.0095482673496, "min": 1.93188122939e-22, "var": 0.000126368118799}, "spectral_entropy": {"dmean": 0.179100349545, "dmean2": 0.243992999196, "dvar": 0.046438023448, "dvar2": 0.083596393466, "max": 9.82571411133, "mean": 7.42990398407, "median": 7.36480093002, "min": 5.74294900894, "var": 0.284487634897}, "spectral_flux": {"dmean": 0.024015147239, "dmean2": 0.0374210178852, "dvar": 0.0011934741633, "dvar2": 0.00259816762991, "max": 0.336625546217, "mean": 0.0702480226755, "median": 0.0579418465495, "min": 6.29012605891e-11, "var": 0.00258481292985}, "spectral_kurtosis": {"dmean": 1.92510199547, "dmean2": 3.21973657608, "dvar": 4.76949071884, "dvar2": 13.1595916748, "max": 31.4751205444, "mean": 5.24871826172, "median": 4.56559658051, "min": -1.26748132706, "var": 11.957742691}, "spectral_rms": {"dmean": 0.000782753166277, "dmean2": 0.00120702129789, "dvar": 1.2872554862e-06, "dvar2": 3.02969328914e-06, "max": 0.0122285382822, "mean": 0.00447468273342, "median": 0.00433675665408, "min": 3.11869497241e-12, "var": 4.4394246288e-06}, "spectral_rolloff": {"dmean": 460.104766846, "dmean2": 763.102355957, "dvar": 856389.9375, "dvar2": 1888591.5, "max": 20068.9453125, "mean": 1522.22961426, "median": 882.861328125, "min": 107.666015625, "var": 6461016}, "spectral_skewness": {"dmean": 0.236114069819, "dmean2": 0.384167432785, "dvar": 0.0562672503293, "dvar2": 0.138992413878, "max": 4.45218801498, "mean": 1.64330613613, "median": 1.62386655807, "min": -0.1415463835, "var": 0.243739843369}, "spectral_spread": {"dmean": 576400.6875, "dmean2": 810056.1875, "dvar": 835446046720, "dvar2": 1670570049540.0, "max": 43202496, "mean": 4813255, "median": 396