{"lowlevel": {"average_loudness": 0.86553889513, "barkbands": {"dmean": [0.00018442820874, 0.00293582119048, 0.00463611958548, 0.00376601377502, 0.000932617636863, 0.000429631443694, 0.00024627475068, 0.000176316243596, 0.000628224282991, 0.000451870611869, 0.000303356646327, 0.000351199269062, 0.000272047909675, 0.000354876130586, 0.000489638885483, 0.000367490574718, 0.000343526568031, 0.000280689448118, 0.00019380536105, 0.000141584925586, 0.000137757844641, 0.000154366614879, 0.000205492673558, 0.000191745799384, 0.000122923374875, 3.51493690687e-05, 2.79527807834e-06], "dmean2": [0.000238845692365, 0.00487763155252, 0.00856111198664, 0.00682529108599, 0.00150781683624, 0.000697967712767, 0.000405709171901, 0.000280061329249, 0.000984798301943, 0.000667181331664, 0.000451479834737, 0.000520652276464, 0.000419521646108, 0.000553429068532, 0.000750733888708, 0.000560547807254, 0.000513270904776, 0.000426244019764, 0.00028756991378, 0.000212180922972, 0.000208383586141, 0.000230988865951, 0.000290949450573, 0.000269547163043, 0.000169998005731, 5.15734536748e-05, 4.50261495644e-06], "dvar": [2.31721344335e-07, 5.85316338402e-05, 0.000214560292079, 0.000171978084836, 6.03823809797e-06, 1.11300232675e-06, 5.90522688526e-07, 3.84386993346e-07, 6.269545338e-06, 2.48560672844e-06, 1.08812275812e-06, 1.19200933568e-06, 7.65565403071e-07, 1.14361182568e-06, 1.53800067437e-06, 1.0578283991e-06, 9.86911913969e-07, 5.18543856742e-07, 1.70956127477e-07, 8.86997071348e-08, 1.20340061471e-07, 2.62382684468e-07, 3.8786546952e-07, 3.39812913808e-07, 1.11027269156e-07, 6.30628482767e-09, 8.8423338096e-11], "dvar2": [4.08029109167e-07, 0.000150303370901, 0.000610262446571, 0.000473869906273, 1.55154521053e-05, 2.74308399639e-06, 1.42510327805e-06, 8.94327968126e-07, 1.60241943377e-05, 5.62529658055e-06, 2.34361800722e-06, 2.6099689876e-06, 1.74686363152e-06, 2.58565455624e-06, 3.39110351888e-06, 2.37395784097e-06, 2.11424617191e-06, 1.1825884485e-06, 3.7029383293e-07, 2.01386413323e-07, 2.91992108714e-07, 5.92842980041e-07, 7.57664111006e-07, 6.57306998164e-07, 2.1613665524e-07, 1.20829630745e-08, 2.03758870887e-10], "max": [0.00804878026247, 0.0835961103439, 0.1533870399, 0.114564463496, 0.0330887585878, 0.0208308361471, 0.0234112720937, 0.0172996278852, 0.0582831166685, 0.0442533791065, 0.0254560839385, 0.0349071361125, 0.0209709741175, 0.0244862642139, 0.038953166455, 0.0256649181247, 0.0249037239701, 0.0143524967134, 0.00997847691178, 0.0119759794325, 0.0114792147651, 0.020688124001, 0.014139642939, 0.0128107275814, 0.0143723348156, 0.00236060540192, 0.000212889368413], "mean": [0.000230079735047, 0.00333495857194, 0.00330423051491, 0.00253647076897, 0.00124298676383, 0.000545227725524, 0.000309411843773, 0.000223346418352, 0.000793818500824, 0.000669190427288, 0.000429901789175, 0.000519976369105, 0.00035830764682, 0.000492042745464, 0.000728099839762, 0.000477447465528, 0.000489723461214, 0.000384894985473, 0.000285246962449, 0.000204932672204, 0.000192897816305, 0.000208061333979, 0.000304625980789, 0.000283732137177, 0.000197238725377, 4.57884343632e-05, 2.51321102951e-06], "median": [5.65589107282e-06, 0.000152924039867, 0.000164863755344, 0.000101388810435, 0.000268923351541, 0.000114205475256, 6.28700217931e-05, 6.29772548564e-05, 0.00011154623644, 9.47753724176e-05, 7.06268692738e-05, 0.000105153019831, 7.12684050086e-05, 9.56384028541e-05, 0.000143855140777, 9.77204690571e-05, 0.000108947424451, 9.20181555557e-05, 7.98232649686e-05, 4.9980066251e-05, 3.48352223227e-05, 2.52108311543e-05, 3.25100809278e-05, 2.79177620541e-05, 2.43096801569e-05, 6.2856479417e-06, 7.07208869244e-08], "min": [1.40250602152e-23, 1.68416091912e-23, 2.07404374638e-23, 1.97817994923e-24, 4.8761073429e-23, 3.40757050817e-23, 7.1788027382e-23, 6.84875721941e-23, 6.31653422367e-23, 4.00486348453e-23, 1.45291858787e-22, 3.27761955799e-23, 2.00936996325e-22, 1.52083610393e-22, 1.44860673727e-22, 1.13648426447e-22, 1.24133422862e-22, 3.41755824454e-22, 3.01030356418e-22, 3.12970454105e-22, 4.3285057878e-22, 3.65830193207e-22, 5.52968977314e-22, 7.75620411352e-22, 1.30092811355e-21, 1.92167081967e-21, 2.50647620364e-21], "var": [3.97386628492e-07, 7.11795655661e-05, 0.000128060783027, 0.000109935805085, 6.69882547299e-06, 1.55773227561e-06, 9.73081114353e-07, 4.73552319136e-07, 7.25423660697e-06, 3.82144162359e-06, 1.83208715043e-06, 1.96523296836e-06, 1.07193068288e-06, 1.78200411938e-06, 2.88213846034e-06, 1.43346153436e-06, 1.69047859799e-06, 7.27581948468e-07, 2.82924077055e-07, 1.58497428515e-07, 2.26513307666e-07, 4.23840617714e-07, 8.77110323927e-07, 7.84804001341e-07, 3.40716610481e-07, 1.46329135475e-08, 9.82519898773e-11]}, "barkbands_crest": {"dmean": 3.13342547417, "dmean2": 4.99658155441, "dvar": 8.74994754791, "dvar2": 21.2887058258, "max": 25.6711349487, "mean": 9.36957073212, "median": 8.32403182983, "min": 1.76747596264, "var": 22.1231269836}, "barkbands_flatness_db": {"dmean": 0.0293319523335, "dmean2": 0.0464863814414, "dvar": 0.00101132667623, "dvar2": 0.00248824572191, "max": 0.491174608469, "mean": 0.115709036589, "median": 0.107882656157, "min": 0.0166705474257, "var": 0.00305652036332}, "barkbands_kurtosis": {"dmean": 5.47429466248, "dmean2": 8.72764873505, "dvar": 546.420166016, "dvar2": 1217.1776123, "max": 912.909057617, "mean": 5.39757680893, "median": -0.043236374855, "min": -1.95227861404, "var": 820.743469238}, "barkbands_skewness": {"dmean": 0.848611652851, "dmean2": 1.28868043423, "dvar": 1.42746841908, "dvar2": 2.97235012054, "max": 23.8568058014, "mean": 1.08387255669, "median": 0.672833919525, "min": -7.89116764069, "var": 3.89945244789}, "barkbands_spread": {"dmean": 9.85458946228, "dmean2": 15.3095417023, "dvar": 123.527740479, "dvar2": 297.281311035, "max": 122.381614685, "mean": 29.9028530121, "median": 26.6163711548, "min": 0.138684362173, "var": 321.825775146}, "dissonance": {"dmean": 0.0159090030938, "dmean2": 0.0264095515013, "dvar": 0.000273768004263, "dvar2": 0.000723424716853, "max": 0.500000178814, "mean": 0.471019685268, "median": 0.477660447359, "min": 0.281586140394, "var": 0.000592252414208}, "dynamic_complexity": 5.72024822235, "erbbands": {"dmean": [0.0886933580041, 0.764926433563, 4.49566221237, 10.2619886398, 6.67737197876, 2.84014081955, 3.16499400139, 3.62385654449, 3.81817555428, 3.46130752563, 4.18077373505, 14.2762041092, 16.9405975342, 10.0273742676, 14.1246824265, 12.1599998474, 11.3332920074, 16.0865154266, 22.1908588409, 23.0723705292, 18.8305397034, 17.8391208649, 15.0419197083, 12.9470901489, 7.7320971489, 6.89463949203, 6.06101894379, 5.09060001373, 4.9671330452, 6.13287258148, 5.96908283234, 4.47541379929, 2.95753264427, 1.72867631912, 0.736325323582, 0.232178121805, 0.0478151030838, 0.00887227244675, 0.000362499296898, 2.45044466283e-05], "dmean2": [0.123065322638, 1.31277418137, 8.28719806671, 18.586566925, 11.7662715912, 4.45966053009, 5.03521299362, 5.88944864273, 6.37113380432, 5.44537401199, 6.50295543671, 22.5191345215, 25.8265419006, 14.2509040833, 20.748128891, 18.0513401031, 17.3519744873, 24.4020576477, 34.0558547974, 34.1720504761, 28.0258140564, 26.1288337708, 21.850856781, 19.1636238098, 11.3645896912, 10.3189220428, 9.17872714996, 7.64305257797, 7.39340591431, 9.09129238129, 8.46358203888, 6.31116867065, 4.23150396347, 2.43028640747, 1.0375995636, 0.335335999727, 0.0700485780835, 0.0136567782611, 0.000572607968934, 3.67441643903e-05], "dvar": [0.0578550510108, 4.79844045639, 208.59475708, 944.919006348, 548.782531738, 48.9521980286, 65.3327331543, 85.7768936157, 135.199859619, 127.219230652, 258.126983643, 3660.39648438, 3638.75048828, 1340.96374512, 2663.9921875, 1175.52319336, 1306.41882324, 2125.47875977, 3865.84838867, 3587.74462891, 2839.92431641, 2836.30126953, 1270.39453125, 1009.49786377, 228.076858521, 223.334030151, 205.310440063, 198.13583374, 325.705047607, 341.888397217, 358.988800049, 212.074768066, 79.6140213013, 25.4591083527, 3.60941195488, 0.282274514437, 0.0124392211437, 0.000597394711804, 1.69272743733e-06, 1.78173054088e-09], "dvar2": [0.118842475116, 12.9737644196, 594.135437012, 2602.51147461, 1487.35766602, 119.64666748, 155.246383667, 216.374069214, 337.188140869, 301.73815918, 572.829711914, 9399.15136719, 8638.3359375, 2816.16772461, 6000.35595703, 2509.71948242, 3049.13793945, 4712.02392578, 9047.109375, 7938.66699219, 6145.75585938, 6243.63574219, 2707.23071289, 2239.57617188, 500.029876709, 512.515808105, 495.11126709, 460.294891357, 755.027648926, 739.06036377, 713.995178223, 388.280853271, 163.231567383, 52.1804924011, 7.08092498779, 0.547079503536, 0.0234897192568, 0.00123581686057, 4.06550725529e-06, 4.08147116104e-09], "max": [3.82832980156, 25.4906253815, 159.705474854, 286.482025146, 215.302825928, 136.662506104, 167.333877563, 207.130203247, 372.036102295, 311.813781738, 474.825775146, 1687.57299805, 1821.25952148, 995.642211914, 1818.59411621, 983.905395508, 873.16003418, 1323.0670166, 1474.76208496, 1474.71875, 1377.94946289, 1198.05908203, 835.152832031, 702.962402344, 363.68560791, 490.938354492, 547.913879395, 490.734130859, 869.366088867, 509.767730713, 476.342010498, 399.406982422, 216.807693481, 230.642044067, 55.2577972412, 16.2105369568, 4.05616474152, 0.764083385468, 0.0298294983804, 0.00125383294653], "mean": [0.106544069946, 0.730058729649, 3.27060389519, 7.0502538681, 5.28489732742, 4.1162610054, 4.84452915192, 4.5479221344, 4.55966043472, 4.56290960312, 5.53704738617, 18.5419845581, 24.3122615814, 16.2780132294, 22.181684494, 18.4479026794, 16.2190666199, 23.3385868073, 32.7722587585, 34.9930419922, 27.0779628754, 25.5260829926, 22.354467392, 18.6788406372, 11.663731575, 9.90441417694, 8.37943840027, 7.33923244476, 6.5643157959, 8.53973197937, 8.79100322723, 6.60346794128, 4.41285991669, 2.71791696548, 1.13529646397, 0.324853330851, 0.0600228756666, 0.00939457397908, 0.000349761307007, 3.58909528586e-05], "median": [0.00301555078477, 0.0429408475757, 0.181470513344, 0.329308539629, 0.615571200848, 0.749886095524, 0.802912116051, 1.02631115913, 1.03768801689, 1.27986311913, 1.6046769619, 3.32602262497, 4.12611913681, 3.37402963638, 3.88320088387, 4.54174423218, 3.75773429871, 5.25047683716, 6.85570907593, 7.66136837006, 6.98114013672, 5.69357013702, 5.86363697052, 4.77617073059, 3.46048355103, 2.38425517082, 1.89631617069, 1.15841937065, 0.891924262047, 0.988379836082, 0.886182188988, 0.594068288803, 0.432847738266, 0.29606872797, 0.142286241055, 0.0469238013029, 0.00753890816122, 0.000690584769472, 3.1536386814e-05, 1.52357106344e-05], "min": [2.84923230372e-22, 4.96967123186e-21, 2.21669443827e-20, 1.40349107781e-20, 4.24299290217e-20, 2.67002657246e-19, 1.2400320139e-19, 4.24273524833e-19, 1.01993902768e-18, 1.13559449035e-18, 1.40329867431e-18, 1.63610028251e-18, 8.56858095173e-19, 3.67096179765e-18, 3.73387798222e-18, 1.6606674433e-18, 5.72943549358e-18, 1.20179789068e-17, 7.07809103021e-18, 5.61965828653e-18, 7.03297494524e-18, 7.42394930639e-18, 1.54281194904e-17, 1.612932215e-17, 1.65876711992e-17, 1.37049451101e-17, 1.95785131031e-17, 1.64155547661e-17, 1.4135396666e-17, 1.50377316003e-17, 1.47281840714e-17, 1.74360375616e-17, 1.25490164523e-17, 1.51660157327e-17, 8.37842639777e-18, 7.18590905997e-18, 3.45455170387e-18, 1.54899361451e-18, 3.97847792599e-19, 3.19943799724e-20], "var": [0.0852076634765, 4.24708509445, 125.19695282, 606.617004395, 371.19732666, 81.6261062622, 133.953094482, 108.852210999, 216.994949341, 155.871185303, 342.28894043, 4128.44677734, 5262.83691406, 2333.28125, 4523.84130859, 2015.55688477, 1863.22338867, 3515.54321289, 5981.29199219, 6012.74804688, 4186.24707031, 4521.02734375, 2202.67016602, 1485.42102051, 404.741455078, 371.97052002, 318.876190186, 435.156829834, 439.934020996, 655.027099609, 789.243591309, 495.13394165, 179.258468628, 70.9342956543, 10.4967832565, 0.74309104681, 0.0277438759804, 0.000901776540559, 1.63595711911e-06, 3.21365689615e-09]}, "erbbands_crest": {"dmean": 2.66363215446, "dmean2": 4.31868267059, "dvar": 6.44019365311, "dvar2": 15.3102426529, "max": 31.8371658325, "mean": 8.25067043304, "median": 7.24861907959, "min": 2.29082536697, "var": 16.1391410828}, "erbbands_flatness_db": {"dmean": 0.0236501898617, "dmean2": 0.0326338782907, "dvar": 0.000506462762132, "dvar2": 0.000967092579231, "max": 0.335224598646, "mean": 0.154341638088, "median": 0.149154990911, "min": 0.0506569035351, "var": 0.0020586149767}, "erbbands_kurtosis": {"dmean": 1.19600069523, "dmean2": 1.85628557205, "dvar": 4.99433517456, "dvar2": 9.89899253845, "max": 46.1107330322, "mean": 0.742000818253, "median": 0.115784525871, "min": -1.88019585609, "var": 8.84599208832}, "erbbands_skewness": {"dmean": 0.439908057451, "dmean2": 0.647127449512, "dvar": 0.217815116048, "dvar2": 0.437864631414, "max": 5.61190700531, "mean": -0.115007132292, "median": -0.118937425315, "min": -6.07652425766, "var": 0.734785735607}, "erbbands_spread": {"dmean": 12.7582426071, "dmean2": 19.0453968048, "dvar": 239.893234253, "dvar2": 531.065185547, "max": 194.555740356, "mean": 38.9513816833, "median": 33.5819625854, "min": 3.30284500122, "var": 514.078613281}, "gfcc": {"cov": [[12758.8779297, -397.083526611, 83.5784683228, 640.560791016, 86.2459106445, 297.488861084, -176.780380249, 105.445861816, -110.591468811, -204.426055908, -92.3151931763, -1.30859661102, 51.457118988], [-397.083526611, 1896.85705566, -105.572715759, 210.824584961, 510.80480957, -48.0794944763, 273.07409668, -22.7807998657, 85.6946411133, -79.01121521, 121.546806335, -121.910339355, 120.791801453], [83.5784683228, -105.572715759, 1245.10791016, 467.077178955, 225.848175049, 339.410430908, 173.372009277, 140.386016846, 84.7759857178, 100.377113342, -31.7000541687, 14.5029916763, -114.036972046], [640.560791016, 210.824584961, 467.077178955, 658.684814453, 217.200912476, 191.835571289, 110.982810974, 60.2021903992, 66.6103515625, -26.8274211884, 9.41481781006, -52.9042167664, -26.3488311768], [86.2459106445, 510.80480957, 225.848175049, 217.200912476, 514.781555176, 143.714736938, 223.284194946, 84.1732177734, 89.1453781128, 61.9874229431, 42.2402687073, 21.2507648468, 23.5238685608], [297.488861084, -48.0794944763, 339.410430908, 191.835571289, 143.714736938, 386.698699951, 175.313140869, 70.4063415527, 45.9379768372, 38.6276054382, -2.78176999092, -26.6553382874, -31.2563686371], [-176.780380249, 273.07409668, 173.372009277, 110.982810974, 223.284194946, 175.313140869, 298.63659668, 97.2584915161, 80.506111145, 61.5504226685, 31.4819145203, -1.25044393539, 2.20411801338], [105.445861816, -22.7807998657, 140.386016846, 60.2021903992, 84.1732177734, 70.4063415527, 97.2584915161, 170.213867188, 88.8445510864, 47.0892333984, 16.3597259521, 29.7040653229, 1.49463319778], [-110.591468811, 85.6946411133, 84.7759857178, 66.6103515625, 89.1453781128, 45.9379768372, 80.506111145, 88.8445510864, 133.146148682, 51.6787033081, 34.6884727478, 16.3834018707, 13.9672832489], [-204.426055908, -79.01121521, 100.377113342, -26.8274211884, 61.9874229431, 38.6276054382, 61.5504226685, 47.0892333984, 51.6787033081, 139.990447998, 41.0378799438, 43.5088768005, -6.05884408951], [-92.3151931763, 121.546806335, -31.7000541687, 9.41481781006, 42.2402687073, -2.78176999092, 31.4819145203, 16.3597259521, 34.6884727478, 41.0378799438, 101.89553833, 35.6098327637, 38.2148361206], [-1.30859661102, -121.910339355, 14.5029916763, -52.9042167664, 21.2507648468, -26.6553382874, -1.25044393539, 29.7040653229, 16.3834018707, 43.5088768005, 35.6098327637, 107.129417419, 32.6997566223], [51.457118988, 120.791801453, -114.036972046, -26.3488311768, 23.5238685608, -31.2563686371, 2.20411801338, 1.49463319778, 13.9672832489, -6.05884408951, 38.2148361206, 32.6997566223, 102.385101318]], "icov": [[9.42575134104e-05, 1.02271778815e-05, 5.92504984525e-05, -0.000123295409139, -3.73981274606e-05, -0.000120669603348, 0.000149359577335, -0.00017333739379, 0.000163106698892, 5.96264508204e-05, 7.32206462999e-05, -7.9607933003e-05, -7.47319936636e-05], [1.02271778815e-05, 0.0016089141136, -0.000236710679019, 0.000244852388278, -0.00154563132674, 0.00122745754197, -0.00119122304022, 0.00076690025162, -0.000463306554593, 0.00156524742488, -0.00206489628181, 0.00290652154945, -0.00136138731614], [5.92504984525e-05, -0.000236710679019, 0.00174273026641, -0.00112948135938, 0.000157321177539, -0.00106225465424, 0.000386973726563, -0.000643450184725, 0.000275433674688, -0.00114217714872, 0.00124714593403, -0.00162187463138, 0.0014878421789], [-0.000123295409139, 0.000244852388278, -0.00112948135938, 0.00305632990785, -0.00103675993159, -2.29828838201e-05, -1.15454786282e-05, 0.000347730645444, -0.00114900746848, 0.001986293355, -0.00170307245571, 0.00204339437187, -0.000214683503145], [-3.73981274606e-05, -0.00154563132674, 0.000157321177539, -0.00103675993159, 0.00483528524637, -0.00102615565993, -0.00102703250013, -0.000342952058418, -4.85526179546e-05, -0.00203643436544, 0.00213688169606, -0.00346757355146, 0.000549618212972], [-0.000120669603348, 0.00122745754197, -0.00106225465424, -2.29828838201e-05, -0.00102615565993, 0.00559081370011, -0.00321258115582, 0.00053073791787, -7.51181796659e-05, 0.000769015285186, -0.00151420803741, 0.00346310297027, -0.00105770188384], [0.000149359577335, -0.00119122304022, 0.000386973726563, -1.15454786282e-05, -0.00102703250013, -0.00321258115582, 0.00820037443191, -0.00276962295175, -7.11596876499e-05, -0.00197627209127, 0.000748400168959, -0.00080762145808, 0.000748835678678], [-0.00017333739379, 0.00076690025162, -0.000643450184725, 0.000347730645444, -0.000342952058418, 0.00053073791787, -0.00276962295175, 0.0113862054422, -0.0064941146411, 0.000821529596578, 0.000220521513256, -0.00125625415239, -5.71673881495e-05], [0.000163106698892, -0.000463306554593, 0.000275433674688, -0.00114900746848, -4.85526179546e-05, -7.51181796659e-05, -7.11596876499e-05, -0.0064941146411, 0.0145077034831, -0.00342219416052, -0.00131863215938, 0.000681413919665, -0.00134683528449], [5.96264508204e-05, 0.00156524742488, -0.00114217714872, 0.001986293355, -0.00203643436544, 0.000769015285186, -0.00197627209127, 0.000821529596578, -0.00342219416052, 0.0137755917385, -0.00589934084564, -0.000366380350897, 0.00169657613151], [7.32206462999e-05, -0.00206489628181, 0.00124714593403, -0.00170307245571, 0.00213688169606, -0.00151420803741, 0.000748400168959, 0.000220521513256, -0.00131863215938, -0.00589934084564, 0.017744531855, -0.00683090789244, -0.00223308592103], [-7.9607933003e-05, 0.00290652154945, -0.00162187463138, 0.00204339437187, -0.00346757355146, 0.00346310297027, -0.00080762145808, -0.00125625415239, 0.000681413919665, -0.000366380350897, -0.00683090789244, 0.0201422367245, -0.00677802972496], [-7.47319936636e-05, -0.00136138731614, 0.0014878421789, -0.000214683503145, 0.000549618212972, -0.00105770188384, 0.000748835678678, -5.71673881495e-05, -0.00134683528449, 0.00169657613151, -0.00223308592103, -0.00677802972496, 0.0158305838704]], "mean": [-52.5848655701, 55.333946228, -131.115646362, 30.1647777557, -58.8202819824, 22.8039588928, -45.6574859619, 13.4603796005, -29.2152175903, -0.702078938484, -21.2440643311, -2.38958787918, -11.0181102753]}, "hfc": {"dmean": 10.6362943649, "dmean2": 14.0302124023, "dvar": 334.645751953, "dvar2": 626.185424805, "max": 498.131439209, "mean": 21.1081867218, "median": 8.95710659027, "min": 1.20744281933e-16, "var": 1056.56103516}, "melbands": {"dmean": [0.000725990335923, 0.00188738387078, 0.0017048381269, 0.00027517293347, 0.000113849295303, 8.17739273771e-05, 5.66607886867e-05, 3.76584357582e-05, 3.57701246685e-05, 9.9997378129e-05, 8.56330734678e-05, 4.25001890108e-05, 4.30830114055e-05, 4.28163657489e-05, 2.44408583967e-05, 2.93552839139e-05, 3.22748346662e-05, 3.63558319805e-05, 3.82541693398e-05, 2.86448521365e-05, 2.24832547246e-05, 2.00164977286e-05, 1.63088661793e-05, 1.37296010507e-05, 1.10401642814e-05, 6.54780114928e-06, 4.80001790493e-06, 4.8417787184e-06, 4.05346554544e-06, 3.55200836566e-06, 3.00227020489e-06, 2.88865089715e-06, 3.11940220854e-06, 3.60376043318e-06, 3.5031682728e-06, 3.53817949872e-06, 2.59225430455e-06, 2.1379030386e-06, 1.93698974726e-06, 1.38114035053e-06], "dmean2": [0.00112037197687, 0.00342356809415, 0.00307756406255, 0.000459632166894, 0.000180156872375, 0.000133076828206, 9.41071702982e-05, 5.92326541664e-05, 5.49257856619e-05, 0.000157617745572, 0.000130876316689, 6.10635761404e-05, 6.32987721474e-05, 6.24449021416e-05, 3.74722076231e-05, 4.51227097074e-05, 4.98661174788e-05, 5.67041970498e-05, 5.76920392632e-05, 4.39833856944e-05, 3.39613470715e-05, 2.99781004287e-05, 2.41638808802e-05, 2.07633584068e-05, 1.66849786183e-05, 9.87652674667e-06, 7.20409298083e-06, 7.4320882959e-06, 6.29407986708e-06, 5.44934209756e-06, 4.58873728348e-06, 4.35295532952e-06, 4.77682806377e-06, 5.370089184e-06, 5.11958387506e-06, 5.08255106979e-06, 3.69298936675e-06, 3.09635061058e-06, 2.85712644654e-06, 1.94744893633e-06], "dvar": [3.49602942151e-06, 3.55807278538e-05, 2.6862246159e-05, 6.75909575421e-07, 7.60635003871e-08, 4.19577403932e-08, 2.88004091686e-08, 1.49970400543e-08, 2.33247092751e-08, 1.78626294201e-07, 9.30520300813e-08, 2.48192257857e-08, 2.2443224168e-08, 2.00242311621e-08, 7.567216187e-09, 8.89693207995e-09, 8.94011886743e-09, 1.26154224844e-08, 1.05823509955e-08, 6.08649131095e-09, 4.28954871623e-09, 3.85471432551e-09, 2.15699924588e-09, 1.27109511805e-09, 7.97835797428e-10, 1.8238753563e-10, 1.27528251848e-10, 1.25844834553e-10, 9.99927848855e-11, 8.10254779937e-11, 8.55267315303e-11, 1.1140160322e-10, 1.13534175117e-10, 1.1561463592e-10, 1.31307575924e-10, 1.38116629245e-10, 7.54430129479e-11, 4.19971661614e-11, 3.87306679783e-11, 1.58180326476e-11], "dvar2": [7.83183622843e-06, 0.00010116527119, 7.37882728572e-05, 1.75747834419e-06, 1.82026951734e-07, 1.05796623018e-07, 7.09412120159e-08, 3.56252058964e-08, 5.12284081822e-08, 4.60838236904e-07, 2.20663238792e-07, 5.26738048734e-08, 4.96597465371e-08, 4.30079367675e-08, 1.72925087583e-08, 1.98143190744e-08, 2.01942214062e-08, 2.96957054502e-08, 2.26724718999e-08, 1.43910900974e-08, 9.44780165213e-09, 8.79763106809e-09, 4.45634462665e-09, 2.93021429343e-09, 1.78820036556e-09, 4.03196503962e-10, 2.8899180271e-10, 2.9612381991e-10, 2.48027987038e-10, 1.93929747261e-10, 2.05738190373e-10, 2.63685601132e-10, 2.55260979021e-10, 2.52791343414e-10, 2.7759958221e-10, 2.66601490884e-10, 1.47956771834e-10, 8.85002626738e-11, 8.63300542164e-11, 3.23543310199e-11], "max": [0.025682805106, 0.0673821568489, 0.0473792292178, 0.00931335426867, 0.00482622161508, 0.00429818313569, 0.0055229216814, 0.00327473832294, 0.00450389832258, 0.0112406332046, 0.00922389142215, 0.00392622826621, 0.0041352622211, 0.00498959328979, 0.00259779463522, 0.00224978546612, 0.00251945969649, 0.0029830893036, 0.0043387748301, 0.00152346736286, 0.00152301660273, 0.0014348232653, 0.00119240523782, 0.000782917661127, 0.000661716389004, 0.000306280213408, 0.000591270800214, 0.000254044425674, 0.000389945809729, 0.000228627992328, 0.0003230459115, 0.000515029358212, 0.000361156155122, 0.000278383668046, 0.000281064305454, 0.000343210500432, 0.000265557464445, 0.000152859545778, 0.000240162320551, 0.000195035681827], "mean": [0.000917767756619, 0.00146983552258, 0.00119755475316, 0.000296153244562, 0.000183060095878, 0.000102101985249, 6.92620233167e-05, 4.96262182423e-05, 4.39748255303e-05, 0.000128463318106, 0.000121852957818, 6.62150414428e-05, 6.51881855447e-05, 6.6613596573e-05, 3.18402635457e-05, 3.94034759665e-05, 4.40597796114e-05, 5.00234236824e-05, 5.60951302759e-05, 3.85005987482e-05, 3.01810996461e-05, 2.68741314358e-05, 2.30789810303e-05, 1.85130938917e-05, 1.50503265104e-05, 9.43481791182e-06, 6.78938249621e-06, 6.56828024148e-06, 5.27943575435e-06, 4.81500501337e-06, 4.07563220506e-06, 3.6033663946e-06, 4.07349352827e-06, 4.89658714287e-06, 4.92893286719e-06, 5.11830103278e-06, 3.60843932867e-06, 3.09783922603e-06, 2.76444075098e-06, 2.14508395402e-06], "median": [3.55724878318e-05, 9.58578748396e-05, 7.32468033675e-05, 5.68447430851e-05, 3.00296887872e-05, 2.17258675548e-05, 1.57036774908e-05, 1.39773492265e-05, 1.06269935713e-05, 1.95174470718e-05, 1.88721296581e-05, 1.21992961795e-05, 1.06201032395e-05, 1.34169913508e-05, 7.06972014086e-06, 7.77687819209e-06, 8.83356187842e-06, 9.70572000369e-06, 1.04059326986e-05, 8.25825918582e-06, 7.29173370928e-06, 5.86894930166e-06, 5.0056537475e-06, 4.33842797065e-06, 3.47757213603e-06, 2.64413438344e-06, 1.62719697983e-06, 1.4461028286e-06, 1.20186655295e-06, 8.24810342692e-07, 5.5914620134e-07, 4.96037159792e-07, 4.24331005888e-07, 5.81139886435e-07, 5.09894732659e-07, 4.34912152514e-07, 3.10527866532e-07, 2.81537523961e-07, 2.8626391213e-07, 2.24873957677e-07], "min": [4.58903620521e-24, 1.0045706599e-23, 2.4748382949e-24, 1.18873023823e-23, 6.34523897875e-24, 8.83436019198e-24, 1.49926265144e-23, 1.26541209361e-23, 1.1573670219e-23, 9.97524396527e-24, 4.0798746114e-24, 1.39190972629e-23, 1.79204443211e-23, 1.93201206197e-24, 5.76933580806e-24, 2.27866401e-23, 2.20692421042e-23, 1.08519224442e-23, 9.80262068883e-24, 4.61358950088e-24, 9.57495622044e-24, 5.95891052206e-24, 9.49934390267e-24, 1.96864230534e-23, 1.18961612903e-23, 1.38553036593e-23, 7.84752754285e-24, 9.7783166732e-24, 1.25697364851e-23, 9.74599861963e-24, 9.41906073949e-24, 7.94147693236e-24, 7.09465683871e-24, 9.13096558146e-24, 7.87723131137e-24, 8.2540741101e-24, 1.23865598274e-23, 8.86478813482e-24, 8.83282901297e-24, 1.41945927346e-23], "var": [5.31893965672e-06, 2.26373631449e-05, 1.73749904206e-05, 5.73241436541e-07, 1.61828594969e-07, 5.40198250576e-08, 4.71609737929e-08, 1.78961148123e-08, 3.01492519839e-08, 2.02095563395e-07, 1.3392183007e-07, 4.1693102304e-08, 3.8421148929e-08, 3.55958320597e-08, 9.4085637059e-09, 1.39361953089e-08, 1.41115883423e-08, 1.75036500849e-08, 2.06581969309e-08, 7.96131871539e-09, 6.20782270033e-09, 5.71745228939e-09, 3.57873353174e-09, 1.7537361563e-09, 1.10260733877e-09, 3.1054467331e-10, 1.97588889694e-10, 1.89395568673e-10, 1.40237391144e-10, 1.42030845418e-10, 1.68193986516e-10, 1.41639172613e-10, 1.76418712972e-10, 2.1140376949e-10, 2.49939346997e-10, 3.21381060653e-10, 1.53764986854e-10, 9.01905702899e-11, 7.66151725395e-11, 4.55671542166e-11]}, "melbands_crest": {"dmean": 4.66497039795, "dmean2": 7.50720262527, "dvar": 20.7160816193, "dvar2": 48.5520210266, "max": 38.2959518433, "mean": 14.7563772202, "median": 13.6380662918, "min": 2.09575438499, "var": 52.1895141602}, "melbands_flatness_db": {"dmean": 0.0369436629117, "dmean2": 0.0574817843735, "dvar": 0.00174918677658, "dvar2": 0.00415702490136, "max": 0.607024490833, "mean": 0.157538548112, "median": 0.148551702499, "min": 0.00595475593582, "var": 0.00624021980911}, "melbands_kurtosis": {"dmean": 15.9512119293, "dmean2": 24.6011657715, "dvar": 2848.22412109, "dvar2": 5306.45898438, "max": 1610.15380859, "mean": 19.5260334015, "median": 3.02526187897, "min": -1.92710280418, "var": 5608.05761719}, "melbands_skewness": {"dmean": 1.22111546993, "dmean2": 1.85752749443, "dvar": 3.4234957695, "dvar2": 7.10702943802, "max": 33.3734741211, "mean": 2.45774388313, "median": 1.70158910751, "min": -3.876527071, "var": 8.35480594635}, "melbands_spread": {"dmean": 15.6444740295, "dmean2": 24.093082428, "dvar": 472.59588623, "dvar2": 1003.99780273, "max": 283.882659912, "mean": 39.9931297302, "median": 33.6436805725, "min": 0.208033457398, "var": 1111.23681641}, "mfcc": {"cov": [[11169.1162109, -361.340393066, -169.992950439, 292.546508789, 306.435302734, 84.3117446899, 41.7292518616, 169.423431396, -15.8712034225, -50.3067970276, -184.79989624, -160.403289795, -109.53112793], [-361.340393066, 1587.41381836, -349.588195801, 250.091110229, 137.526702881, 94.9999771118, 178.494476318, 54.2438468933, 69.9473114014, 79.670715332, 25.2019786835, 7.42048406601, 31.4200286865], [-169.992950439, -349.588195801, 1009.36804199, 204.76713562, 187.787109375, 220.701095581, 123.049690247, 125.699501038, 92.8492889404, 85.1757278442, 103.668083191, 84.2929153442, 17.9063282013], [292.546508789, 250.091110229, 204.76713562, 487.987091064, 218.479156494, 122.258796692, 102.855415344, 93.2335662842, 89.9703063965, 27.1734867096, 53.321231842, 84.8762741089, 27.5732707977], [306.435302734, 137.526702881, 187.787109375, 218.479156494, 298.682952881, 149.678649902, 100.880310059, 96.5196762085, 70.4853363037, 60.3939056396, 40.5847892761, 39.2861557007, 30.7325649261], [84.3117446899, 94.9999771118, 220.701095581, 122.258796692, 149.678649902, 323.596954346, 186.51651001, 101.233734131, 81.4345932007, 86.6377334595, 67.5821075439, 26.2598457336, 30.063791275], [41.7292518616, 178.494476318, 123.049690247, 102.855415344, 100.880310059, 186.51651001, 222.819229126, 103.282730103, 82.1394042969, 77.1731491089, 60.2851524353, 30.7806797028, 35.6999778748], [169.423431396, 54.2438468933, 125.699501038, 93.2335662842, 96.5196762085, 101.233734131, 103.282730103, 174.674362183, 93.0167388916, 65.2587814331, 39.7951965332, 34.2234764099, 27.4006500244], [-15.8712034225, 69.9473114014, 92.8492889404, 89.9703063965, 70.4853363037, 81.4345932007, 82.1394042969, 93.0167388916, 147.598922729, 73.2582244873, 51.6623954773, 40.5869178772, 35.6229553223], [-50.3067970276, 79.670715332, 85.1757278442, 27.1734867096, 60.3939056396, 86.6377334595, 77.1731491089, 65.2587814331, 73.2582244873, 132.917175293, 65.7879486084, 17.0169792175, 28.6023693085], [-184.79989624, 25.2019786835, 103.668083191, 53.321231842, 40.5847892761, 67.5821075439, 60.2851524353, 39.7951965332, 51.6623954773, 65.7879486084, 106.594932556, 55.4728965759, 33.9165611267], [-160.403289795, 7.42048406601, 84.2929153442, 84.8762741089, 39.2861557007, 26.2598457336, 30.7806797028, 34.2234764099, 40.5869178772, 17.0169792175, 55.4728965759, 112.150550842, 53.8651313782], [-109.53112793, 31.4200286865, 17.9063282013, 27.5732707977, 30.7325649261, 30.063791275, 35.6999778748, 27.4006500244, 35.6229553223, 28.6023693085, 33.9165611267, 53.8651313782, 92.762588501]], "icov": [[0.000105702893052, 6.87758802087e-05, 7.1874637797e-05, -9.94457732304e-05, -0.000109432316094, -1.3674073216e-06, -4.09483036492e-05, -0.00012886057084, 5.98401638854e-05, -3.37665223924e-05, 0.000165999052115, 0.000130169530166, 5.88730435993e-05], [6.87758802087e-05, 0.000994338421151, 0.000576333841309, -0.00062269490445, -0.000242382957367, 0.000156626236276, -0.000875891244505, 0.000163782489835, 0.000102125341073, -0.000599249149673, 0.000254211103311, 0.00020344821678, 7.09736705176e-05], [7.1874637797e-05, 0.000576333841309, 0.00167587539181, -0.000493244733661, -0.000475634791655, -0.000605274341069, -0.000142921344377, -0.000341753941029, 0.000140715099405, -0.000395629613195, -0.000415066402638, -0.000509984733071, 0.000738313188776], [-9.94457732304e-05, -0.00062269490445, -0.000493244733661, 0.00407955283299, -0.00210515037179, 2.63321126113e-05, -6.70067092869e-05, 3.14319040626e-05, -0.00124730914831, 0.00174296635669, -0.000449756684247, -0.00217197369784, 0.00104871904477], [-0.000109432316094, -0.000242382957367, -0.000475634791655, -0.00210515037179, 0.00653577269986, -0.00164625747129, 0.000621792161837, -0.00118885957636, 0.00040567832184, -0.00127300503664, 0.00083028228255, 0.00024142494658, -0.00105650105979], [-1.3674073216e-06, 0.000156626236276, -0.000605274341069, 2.63321126113e-05, -0.00164625747129, 0.00723881088197, -0.00489798234776, 0.000204650452361, 6.72967053106e-06, -0.000605272594839, -0.000954793067649, 0.00118467130233, -7.65130316722e-05], [-4.09483036492e-05, -0.000875891244505, -0.000142921344377, -6.70067092869e-05, 0.000621792161837, -0.00489798234776, 0.0113480668515, -0.00280028069392, -0.000752941006795, -0.000346824381268, -0.00147260259837, 0.000451990490546, -0.00119089288637], [-0.00012886057084, 0.000163782489835, -0.000341753941029, 3.14319040626e-05, -0.00118885957636, 0.000204650452361, -0.00280028069392, 0.0109247043729, -0.0042329179123, -0.00156131049152, 0.00145072082523, -0.00127192935906, 0.000342358718626], [5.98401638854e-05, 0.000102125341073, 0.000140715099405, -0.00124730914831, 0.00040567832184, 6.72967053106e-06, -0.000752941006795, -0.0042329179123, 0.0130825052038, -0.00414612190798, -0.000446721795015, -0.00103822851088, -0.00119617080782], [-3.37665223924e-05, -0.000599249149673, -0.000395629613195, 0.00174296635669, -0.00127300503664, -0.000605272594839, -0.000346824381268, -0.00156131049152, -0.00414612190798, 0.0158575456589, -0.0080916909501, 0.00407675979659, -0.0017720736796], [0.000165999052115, 0.000254211103311, -0.000415066402638, -0.000449756684247, 0.00083028228255, -0.000954793067649, -0.00147260259837, 0.00145072082523, -0.000446721795015, -0.0080916909501, 0.0200300589204, -0.00797735154629, 0.000471558218123], [0.000130169530166, 0.00020344821678, -0.000509984733071, -0.00217197369784, 0.00024142494658, 0.00118467130233, 0.000451990490546, -0.00127192935906, -0.00103822851088, 0.00407675979659, -0.00797735154629, 0.0186667237431, -0.00821425486356], [5.88730435993e-05, 7.09736705176e-05, 0.000738313188776, 0.00104871904477, -0.00105650105979, -7.65130316722e-05, -0.00119089288637, 0.000342358718626, -0.00119617080782, -0.0017720736796, 0.000471558218123, -0.00821425486356, 0.0167066212744]], "mean": [-689.019042969, 85.9171524048, -11.5892543793, 9.58757591248, 8.65976810455, 3.31838321686, 0.434564203024, 4.93291854858, 0.186013996601, 1.84110760689, -5.12596607208, -5.60737514496, -4.16220521927]}, "pitch_salience": {"dmean": 0.0952130928636, "dmean2": 0.154318735003, "dvar": 0.00990638695657, "dvar2": 0.025369932875, "max": 0.866555213928, "mean": 0.544701099396, "median": 0.564437448978, "min": 0.0233763754368, "var": 0.0197973493487}, "silence_rate_20dB": {"dmean": 0, "dmean2": 0, "dvar": 0, "dvar2": 0, "max": 1, "mean": 1, "median": 1, "min": 1, "var": 0}, "silence_rate_30dB": {"dmean": 0.0115899275988, "dmean2": 0.0231822971255, "dvar": 0.0114564588293, "dvar2": 0.0293887387961, "max": 1, "mean": 0.991677224636, "median": 1, "min": 0, "var": 0.00825308263302}, "silence_rate_60dB": {"dmean": 0.0950374007225, "dmean2": 0.190094843507, "dvar": 0.0860069990158, "dvar2": 0.175877869129, "max": 1, "mean": 0.288980185986, "median": 0, "min": 0, "var": 0.205454722047}, "spectral_centroid": {"dmean": 412.538208008, "dmean2": 618.209777832, "dvar": 233088.125, "dvar2": 489228.71875, "max": 11023.3691406, "mean": 1865.82067871, "median": 1789.42041016, "min": 105.022338867, "var": 709494.375}, "spectral_complexity": {"dmean": 4.86018323898, "dmean2": 6.61981010437, "dvar": 45.113658905, "dvar2": 76.0967407227, "max": 59, "mean": 14.1262111664, "median": 11, "min": 0, "var": 153.931182861}, "spectral_contrast_coeffs": {"dmean": [0.0626082867384, 0.046797119081, 0.0405986644328, 0.0362412929535, 0.0287338197231, 0.0219693984836], "dmean2": [0.0975754857063, 0.0738873407245, 0.0613297969103, 0.0544198974967, 0.043026715517, 0.0333366394043], "dvar": [0.00336215645075, 0.00157207599841, 0.00121510878671, 0.00101502810139, 0.000690834654961, 0.000377203861717], "dvar2": [0.00767699908465, 0.00376239977777, 0.00258522364311, 0.00204026862048, 0.00139081093948, 0.000794989115093], "max": [-0.27457088232, -0.414354860783, -0.477121204138, -0.505688071251, -0.529883742332, -0.600003600121], "mean": [-0.639747023582, -0.761796414852, -0.760488450527, -0.774073302746, -0.785624802113, -0.78847527504], "median": [-0.654033541679, -0.771335840225, -0.772570967674, -0.783868074417, -0.792373776436, -0.792008876801], "min": [-0.958082556725, -0.972539663315, -0.957012832165, -0.954192221165, -0.959291279316, -0.961103022099], "var": [0.0118139619008, 0.00568775041029, 0.00619039265439, 0.00440088380128, 0.00312883895822, 0.00154593179468]}, "spectral_contrast_valleys": {"dmean": [0.571322023869, 0.465018421412, 0.386664777994, 0.395301163197, 0.415535777807, 0.533801555634], "dmean2": [0.830493509769, 0.705760836601, 0.573332309723, 0.546963989735, 0.525143504143, 0.626509726048], "dvar": [0.339583426714, 0.205810040236, 0.152902930975, 0.176247343421, 0.201172396541, 0.26804959774], "dvar2": [0.584811389446, 0.405150830746, 0.268913835287, 0.285998314619, 0.316482484341, 0.42986947298], "max": [-5.53114318848, -5.0558142662, -5.51279973984, -5.66675138474, -5.55347490311, -6.89371681213], "mean": [-8.54373836517, -7.77202177048, -7.88270807266, -8.04026222229, -7.92778778076, -10.1511726379], "median": [-8.39445114136, -7.69645500183, -7.79080867767, -7.96034288406, -7.88166427612, -10.1492595673], "min": [-27.0795326233, -27.2391147614, -27.2771453857, -27.542722702, -27.2816677094, -27.2119579315], "var": [2.55101704597, 1.09004688263, 1.08875107765, 1.22430336475, 1.28860068321, 1.76131939888]}, "spectral_decrease": {"dmean": 3.50756579337e-09, "dmean2": 5.81297321389e-09, "dvar": 5.48711516652e-17, "dvar2": 1.48144659576e-16, "max": 2.45925319837e-29, "mean": -4.47259074221e-09, "median": -1.83203674453e-09, "min": -7.06812244289e-08, "var": 5.23810931759e-17}, "spectral_energy": {"dmean": 0.01401888486, "dmean2": 0.0228701680899, "dvar": 0.000819160835817, "dvar2": 0.00218797614798, "max": 0.274585217237, "mean": 0.0187951512635, "median": 0.00828258134425, "min": 1.0859045328e-20, "var": 0.000835666665807}, "spectral_energyband_high": {"dmean": 0.000801871123258, "dmean2": 0.00109660835005, "dvar": 4.00786075261e-06, "dvar2": 7.36803940526e-06, "max": 0.0574394725263, "mean": 0.00134990876541, "median": 0.000234172708588, "min": 7.87203878277e-21, "var": 1.14776130431e-05}, "spectral_energyband_low": {"dmean": 0.00931551493704, "dmean2": 0.0165855418891, "dvar": 0.000551812001504, "dvar2": 0.00157249416225, "max": 0.239176005125, "mean": 0.00837431754917, "median": 0.000610839750152, "min": 4.32362292813e-23, "var": 0.000422761455411}, "spectral_energyband_middle_high": {"dmean": 0.00223713414744, "dmean2": 0.00295956246555, "dvar": 1.57736940309e-05, "dvar2": 2.90259959002e-05, "max": 0.0633749589324, "mean": 0.00482229003683, "median": 0.0017519062385, "min": 1.69595794899e-21, "var": 4.77763533127e-05}, "spectral_energyband_middle_low": {"dmean": 0.00547282630578, "dmean2": 0.00921626482159, "dvar": 0.000232627658988, "dvar2": 0.00061445357278, "max": 0.130253553391, "mean": 0.00591399800032, "median": 0.00199685478583, "min": 2.91771678989e-22, "var": 0.000182072559255}, "spectral_entropy": {"dmean": 0.208374768496, "dmean2": 0.297824084759, "dvar": 0.045013487339, "dvar2": 0.0957095399499, "max": 9.79831218719, "mean": 7.81616592407, "median": 7.8077955246, "min": 5.63306236267, "var": 0.184138864279}, "spectral_flux": {"dmean": 0.0382976308465, "dmean2": 0.0595803000033, "dvar": 0.00322388671339, "dvar2": 0.00626921840012, "max": 0.477704167366, "mean": 0.0809795334935, "median": 0.0547505170107, "min": 1.04206740459e-10, "var": 0.00601087138057}, "spectral_kurtosis": {"dmean": 1.40059506893, "dmean2": 2.12494277954, "dvar": 2.19998574257, "dvar2": 5.34277629852, "max": 23.7943954468, "mean": 3.68467020988, "median": 3.60888886452, "min": -1.37508201599, "var": 6.24227905273}, "spectral_rms": {"dmean": 0.00123235362116, "dmean2": 0.00179633265361, "dvar": 3.47780746779e-06, "dvar2": 8.37558582134e-06, "max": 0.0163672845811, "mean": 0.00339032756165, "median": 0.00284263398498, "min": 3.25487184948e-12, "var": 6.84247834215e-06}, "spectral_rolloff": {"dmean": 1170.94799805, "dmean2": 1907.64367676, "dvar": 3104488, "dvar2": 6331089, "max": 18561.6210938, "mean": 2813.68457031, "median": 1981.0546875, "min": 43.06640625, "var": 6724810.5}, "spectral_skewness": {"dmean": 0.229033663869, "dmean2": 0.333899080753, "dvar": 0.0494768209755, "dvar2": 0.100457310677, "max": 3.6517329216, "mean": 1.43176877499, "median": 1.47113788128, "min": -0.61763215065, "var": 0.202682688832}, "spectral_spread": {"dmean": 937449.75, "dmean2": 1229813.875, "dvar": 1014342877180.0, "dvar2": 1597207871490.0, "max": 40420748, "mean": 5321439, "median": 4944543.5, "min": 1887486.625, "var": 3901339729920.0}, "spectral_strongpeak": {