{"lowlevel": {"average_loudness": 0.914741396904, "barkbands": {"dmean": [8.0832724052e-06, 0.00011571648065, 0.000765556527767, 0.000551862292923, 0.00071537354961, 0.00045544304885, 0.000339688762324, 0.000719745235983, 0.000956149888225, 0.000363429979188, 0.000309967494104, 0.000388691114495, 0.000244933529757, 0.000231988888117, 0.000419080635766, 0.00034938659519, 0.00019749540661, 0.000245845993049, 0.00017911203031, 0.000300412386423, 0.000139750700328, 5.03677038068e-05, 2.15881264012e-05, 1.72678483068e-05, 2.94416236102e-06, 5.22959169302e-07, 1.74224972227e-08], "dmean2": [1.34237770908e-05, 0.000167448073626, 0.000937783916015, 0.000847947609145, 0.00117757206317, 0.000743742741179, 0.000533320067916, 0.00108330312651, 0.00141214148607, 0.000534160062671, 0.000449505518191, 0.000596743950155, 0.000375734263798, 0.000349945359631, 0.000636645650957, 0.000529815151822, 0.000303044304019, 0.000363724218914, 0.000269652780844, 0.000440362724476, 0.000197248067707, 7.10358872311e-05, 3.0643241189e-05, 2.42620608333e-05, 4.52483300251e-06, 7.683714216e-07, 2.71434483778e-08], "dvar": [3.95888460902e-10, 3.46202817525e-08, 1.97330587071e-06, 1.08608548999e-06, 2.08287838177e-06, 8.64358696617e-07, 6.34007506051e-07, 1.76261653451e-06, 4.33964032709e-06, 9.15688872283e-07, 7.38668575195e-07, 1.05683989204e-06, 3.14556956482e-07, 5.30719319158e-07, 1.38671464356e-06, 6.82765914917e-07, 1.70946520939e-07, 1.98122791062e-07, 2.11041168541e-07, 2.95531009442e-07, 9.22352541011e-08, 1.58385002891e-08, 3.58310892068e-09, 3.30693250561e-09, 1.7040442668e-10, 5.36969036943e-12, 3.82230436064e-15], "dvar2": [9.12593334235e-10, 6.201472047e-08, 2.53085090662e-06, 2.3307761694e-06, 5.56314353162e-06, 2.13248813452e-06, 1.45584988331e-06, 3.83801534554e-06, 1.01057312349e-05, 1.79908533937e-06, 1.50166874846e-06, 2.49612571679e-06, 7.37670688977e-07, 1.13332180263e-06, 3.13483860737e-06, 1.46225579556e-06, 3.88097532777e-07, 4.03324577292e-07, 4.04102792118e-07, 6.0548137526e-07, 1.7640134331e-07, 2.93403310536e-08, 6.37373753776e-09, 5.34745092651e-09, 3.706575602e-10, 9.29150766743e-12, 7.7149073737e-15], "max": [0.000818536384031, 0.00394007749856, 0.0291947200894, 0.01664346084, 0.0384579896927, 0.0168644730002, 0.0196535661817, 0.02800498344, 0.0356998555362, 0.0201598312706, 0.0224941335618, 0.0197934117168, 0.012413633056, 0.0248049013317, 0.0473850443959, 0.0241529736668, 0.0136239565909, 0.0113948183134, 0.0149884847924, 0.0148131065071, 0.00562226958573, 0.00405600946397, 0.00314303580672, 0.00403510546312, 0.000680435972754, 0.00016230091569, 3.86252804674e-06], "mean": [1.26376207845e-05, 0.000408799591241, 0.00231433147565, 0.00134063756559, 0.00118083390407, 0.000759743154049, 0.000627645931672, 0.00168041826691, 0.00253210030496, 0.000703308731318, 0.000640675367322, 0.00070726161357, 0.000551849021576, 0.00041359628085, 0.000840102147777, 0.000757454428822, 0.000418926909333, 0.000539088738151, 0.000405235856306, 0.000815636420157, 0.000282784953015, 0.000114298774861, 4.46914273198e-05, 4.01779761887e-05, 4.84140582557e-06, 1.00486101928e-06, 7.8669472714e-08], "median": [9.22233903111e-06, 0.000163505406817, 0.000976335606538, 0.000396466173697, 0.000711542903446, 0.000387188396417, 0.000282529799733, 0.000466865370981, 0.000396361399908, 0.00016900569608, 0.000163868069649, 0.000162371783517, 0.000142345714266, 0.000111088214908, 0.000180218601599, 0.000183606258361, 0.000134249276016, 0.000277652696241, 0.000174042026629, 0.000317711324897, 7.65439472161e-05, 4.5041400881e-05, 1.83223110071e-05, 1.62808482855e-05, 1.54012855091e-06, 3.87829402371e-07, 7.13189933776e-08], "min": [4.22619923742e-24, 1.51054367793e-23, 6.28343740662e-23, 1.23196439123e-23, 4.54427458084e-23, 5.46014934932e-23, 7.52144731228e-23, 6.98930888244e-23, 8.31594825743e-23, 8.28865871882e-23, 1.47848777862e-22, 8.3678439454e-23, 1.15735234909e-22, 7.44534495412e-23, 1.19186886334e-22, 1.65319787615e-22, 1.40187310264e-22, 2.33815772222e-22, 3.30887845534e-22, 1.95724897661e-22, 3.9005799225e-22, 4.14295686765e-22, 5.63005257025e-22, 8.50190814256e-22, 8.27978712597e-22, 1.78989141613e-21, 2.65122978161e-21], "var": [5.38172950648e-10, 2.87218313133e-07, 1.48516446643e-05, 4.18798845203e-06, 2.61513059741e-06, 1.33131788971e-06, 1.50681046307e-06, 8.5112214947e-06, 2.21155678446e-05, 3.0679327665e-06, 2.55022814599e-06, 3.18424235957e-06, 1.22282438042e-06, 1.40744771215e-06, 3.66488507098e-06, 2.7099486033e-06, 5.02500881794e-07, 5.37170819825e-07, 8.33359422359e-07, 1.4959047121e-06, 2.56631210505e-07, 5.62930502213e-08, 9.15646847233e-09, 9.58217150071e-09, 2.90059282149e-10, 1.24998275619e-11, 8.65870960001e-15]}, "barkbands_crest": {"dmean": 1.98033332825, "dmean2": 3.0931634903, "dvar": 4.38074016571, "dvar2": 11.418094635, "max": 23.8659667969, "mean": 9.22406673431, "median": 8.30780982971, "min": 2.37918591499, "var": 15.4785079956}, "barkbands_flatness_db": {"dmean": 0.0134496288374, "dmean2": 0.0200947765261, "dvar": 0.000202324401471, "dvar2": 0.000479749578517, "max": 0.352347999811, "mean": 0.12904676795, "median": 0.128132462502, "min": 0.0192546453327, "var": 0.00117681268603}, "barkbands_kurtosis": {"dmean": 1.06163167953, "dmean2": 1.57789266109, "dvar": 3.92865014076, "dvar2": 7.22465229034, "max": 95.7090835571, "mean": 1.11734378338, "median": 0.01644551754, "min": -1.86776006222, "var": 23.0252513885}, "barkbands_skewness": {"dmean": 0.347808212042, "dmean2": 0.519917964935, "dvar": 0.146598473191, "dvar2": 0.336725205183, "max": 8.48842334747, "mean": 0.835833966732, "median": 0.701234817505, "min": -1.83612978458, "var": 0.936395406723}, "barkbands_spread": {"dmean": 4.6218752861, "dmean2": 6.89557409286, "dvar": 35.6848678589, "dvar2": 85.2551116943, "max": 115.232963562, "mean": 26.7177219391, "median": 23.5883693695, "min": 1.0854524374, "var": 228.777862549}, "dissonance": {"dmean": 0.0148610183969, "dmean2": 0.0251234415919, "dvar": 0.000232663747738, "dvar2": 0.000642747676466, "max": 0.500000059605, "mean": 0.466720938683, "median": 0.473765701056, "min": 0.336520791054, "var": 0.000687741907313}, "dynamic_complexity": 4.41429567337, "erbbands": {"dmean": [0.00138708821032, 0.0393277034163, 0.584894120693, 1.69330585003, 1.64055490494, 2.58668613434, 3.23259329796, 4.14268302917, 5.09889984131, 8.49834632874, 16.2960453033, 25.0296459198, 11.3764915466, 7.64997625351, 13.6522092819, 17.8955860138, 10.6930513382, 11.3813657761, 15.6011943817, 22.858505249, 12.5232210159, 8.27096557617, 14.1986656189, 8.17056655884, 9.8568649292, 16.1993732452, 8.1583147049, 3.53097271919, 2.2185382843, 0.975972771645, 0.629716455936, 0.47393360734, 0.213122367859, 0.0515990033746, 0.0141296638176, 0.00418374408036, 0.000586484617088, 4.49209474027e-05, 4.91436730954e-06, 4.45315254183e-06], "dmean2": [0.00213813153096, 0.0552536137402, 0.744216918945, 2.33245420456, 2.75875234604, 4.25126934052, 5.16867780685, 6.86465072632, 8.10826301575, 13.0927095413, 24.4473056793, 36.4874153137, 16.2941684723, 10.8925704956, 20.1186008453, 27.2478561401, 16.2695407867, 17.1087169647, 23.185585022, 35.1351966858, 18.5991458893, 12.4583101273, 20.9273853302, 12.007563591, 14.8059549332, 23.8112449646, 11.7105836868, 4.82348060608, 3.1262254715, 1.3951818943, 0.889659941196, 0.660874843597, 0.304898768663, 0.0778687819839, 0.0216305218637, 0.00611392594874, 0.00086783216102, 6.56193878967e-05, 7.00710052115e-06, 6.13563634033e-06], "dvar": [7.0386608968e-06, 0.00358913070522, 0.91352134943, 11.1901760101, 12.9833211899, 30.2974853516, 39.4265327454, 78.8012924194, 150.082992554, 342.184509277, 1005.1819458, 2899.88452148, 1023.20123291, 441.878540039, 1281.28149414, 2331.37182617, 588.856079102, 1057.63830566, 3438.01635742, 2565.05566406, 777.484008789, 239.232803345, 590.254211426, 565.495117188, 404.595367432, 957.359130859, 281.673675537, 78.8237991333, 36.0884819031, 5.10590839386, 3.27514076233, 2.318567276, 0.607845187187, 0.0387861803174, 0.00574329681695, 0.000456004898297, 4.04659840569e-06, 1.61177808877e-08, 1.53228027489e-10, 2.93480933999e-11], "dvar2": [1.67504531419e-05, 0.00656668096781, 1.31814193726, 19.8563575745, 34.9521179199, 79.7983398438, 101.299255371, 196.524291992, 356.839508057, 775.689819336, 2244.13427734, 6548.90869141, 2126.53149414, 775.349121094, 2779.95288086, 5524.51074219, 1377.75146484, 2241.3605957, 7497.41894531, 5801.125, 1583.48254395, 527.540344238, 1205.25585938, 1050.36242676, 883.589294434, 2035.95715332, 581.396606445, 140.583221436, 62.9830551147, 9.91609954834, 5.60328054428, 3.61739897728, 1.13184976578, 0.0823008716106, 0.0124006681144, 0.000778010755312, 8.67542257765e-06, 3.21375317469e-08, 2.67502187068e-10, 5.26874550932e-11], "max": [0.0950805768371, 1.22354376316, 19.0686740875, 53.871837616, 66.6121444702, 161.112991333, 157.160186768, 170.84022522, 331.884735107, 364.666870117, 769.603515625, 994.457763672, 790.863952637, 755.607055664, 974.716674805, 1018.36767578, 527.841125488, 997.291503906, 2785.14111328, 1028.94116211, 1019.20629883, 342.106903076, 448.946380615, 773.491882324, 537.265380859, 1007.02001953, 418.977935791, 236.643630981, 228.477981567, 49.4143218994, 111.057815552, 99.5989608765, 51.2389640808, 10.9182214737, 4.10314512253, 1.60645365715, 0.0822034999728, 0.00645521702245, 0.000801255635452, 9.26764041651e-05], "mean": [0.00434445636347, 0.143994316459, 1.78139793873, 5.05605268478, 2.77367472649, 4.05837202072, 5.8054728508, 6.31022310257, 9.78697776794, 20.0202312469, 40.3063163757, 68.8926849365, 25.3101844788, 16.9905166626, 31.5344028473, 34.8030738831, 26.3466377258, 23.9359378815, 29.5878448486, 54.5886955261, 31.2534008026, 20.5902252197, 32.9628486633, 21.054681778, 22.5720691681, 42.9451065063, 18.9827728271, 7.55653858185, 5.33369064331, 2.13960075378, 1.30837464333, 1.1103900671, 0.475693613291, 0.0953438207507, 0.0222156923264, 0.00741793261841, 0.00122478522826, 0.000140851770993, 2.67332070507e-05, 2.37959793594e-05], "median": [0.00356762064621, 0.0819697082043, 0.981539785862, 1.32539796829, 1.47263324261, 2.25633692741, 3.07680797577, 3.08453321457, 5.02222442627, 6.13544464111, 13.9729747772, 12.3435001373, 7.68975925446, 5.00127983093, 8.94324302673, 7.8592376709, 7.67807483673, 7.47471523285, 9.07547950745, 11.5955219269, 9.6192073822, 7.8612742424, 17.2943763733, 9.22395801544, 11.5280981064, 15.8798179626, 6.01849937439, 2.52109980583, 2.0000295639, 0.956276416779, 0.536782681942, 0.420634686947, 0.189239710569, 0.0345717445016, 0.00662511214614, 0.00235897884704, 0.00059554411564, 0.000102553807665, 2.52777754213e-05, 2.41225043283e-05], "min": [1.80191115721e-22, 5.29742498981e-21, 5.31180525011e-20, 7.83017504272e-20, 1.24647329518e-19, 1.07628799273e-19, 1.29968530699e-19, 5.28511439357e-19, 1.39305466281e-18, 6.8091817475e-19, 1.93885117843e-18, 1.79048144632e-18, 1.98254699429e-18, 3.1629084994e-18, 7.5509347653e-18, 3.1256270556e-18, 4.68985888796e-18, 3.91859113532e-18, 5.32139432844e-18, 7.86371739751e-18, 9.45855222419e-18, 6.9570356291e-18, 1.28714200222e-17, 9.36971385359e-18, 2.02615343329e-17, 1.0133961738e-17, 1.69555994813e-17, 1.29309588284e-17, 1.65014442378e-17, 2.21570005085e-17, 1.11162411969e-17, 1.53675384367e-17, 1.42697456867e-17, 9.05552335998e-18, 6.34713427036e-18, 5.62689777125e-18, 3.72903525333e-18, 1.52412194785e-18, 3.5530485972e-19, 3.62076696589e-20], "var": [1.61468506121e-05, 0.0262922272086, 6.15922117233, 61.8952102661, 16.7296009064, 36.255405426, 83.6524200439, 106.297813416, 320.319610596, 1496.84240723, 4657.98583984, 15504.2089844, 3199.62182617, 2086.74584961, 4909.1328125, 7466.69824219, 2502.74633789, 3434.57617188, 7136.20996094, 11415.4960938, 2797.47192383, 871.83001709, 1780.34265137, 2341.39477539, 1106.45373535, 4664.86669922, 856.627807617, 240.574539185, 146.021896362, 14.5282373428, 8.74373817444, 7.14838457108, 1.57103347778, 0.0726089179516, 0.00962917413563, 0.00103121052962, 7.77161858423e-06, 3.93864958426e-08, 5.15251952216e-10, 2.31133057138e-10]}, "erbbands_crest": {"dmean": 2.25376176834, "dmean2": 3.55235886574, "dvar": 4.83356714249, "dvar2": 11.4841270447, "max": 29.5813789368, "mean": 9.73675823212, "median": 8.75698661804, "min": 2.16511750221, "var": 20.6880836487}, "erbbands_flatness_db": {"dmean": 0.0121219828725, "dmean2": 0.017551952973, "dvar": 0.00013694234076, "dvar2": 0.000268082192633, "max": 0.321135163307, "mean": 0.190268605947, "median": 0.19319447875, "min": 0.0248552579433, "var": 0.00186115840916}, "erbbands_kurtosis": {"dmean": 0.613332688808, "dmean2": 0.943509459496, "dvar": 0.557452499866, "dvar2": 1.22306370735, "max": 14.4871635437, "mean": 0.14707005024, "median": -0.424915075302, "min": -1.79299116135, "var": 2.58065199852}, "erbbands_skewness": {"dmean": 0.285881996155, "dmean2": 0.42038205266, "dvar": 0.0723975971341, "dvar2": 0.150142490864, "max": 2.68445467949, "mean": -0.0117787811905, "median": 0.0115162320435, "min": -2.62300181389, "var": 0.595647156239}, "erbbands_spread": {"dmean": 5.29997682571, "dmean2": 8.00394439697, "dvar": 28.1452693939, "dvar2": 60.939250946, "max": 106.456283569, "mean": 35.0604743958, "median": 33.8948974609, "min": 4.20200872421, "var": 224.194168091}, "gfcc": {"cov": [[25361.7832031, 3348.59936523, -2704.92211914, 1044.77270508, -1171.68505859, -125.001037598, -273.207305908, -279.250488281, -149.444869995, -596.13067627, -163.298690796, -715.19732666, -24.5336475372], [3348.59936523, 975.941345215, -301.589019775, -65.9538040161, -58.4422454834, -42.0056266785, 48.5902938843, -91.3307800293, -56.5362281799, -114.097541809, 22.2922325134, -102.208930969, -53.6441612244], [-2704.92211914, -301.589019775, 635.394042969, 41.8950309753, 148.421966553, 72.8526153564, -22.0424995422, 10.5287742615, -22.443944931, 59.7864685059, -3.12992167473, 135.892837524, -61.9116439819], [1044.77270508, -65.9538040161, 41.8950309753, 473.254058838, 44.9792823792, -61.0388298035, -92.977355957, 16.3172111511, 47.2265129089, -32.1997261047, -93.8366928101, -17.9519577026, 11.9939212799], [-1171.68505859, -58.4422454834, 148.421966553, 44.9792823792, 238.901245117, -13.9562797546, 13.9664297104, 27.9078102112, 21.8399295807, 15.5165271759, -37.8394927979, 2.97952222824, 4.73877000809], [-125.001037598, -42.0056266785, 72.8526153564, -61.0388298035, -13.9562797546, 211.569549561, 96.5170135498, -14.8216772079, -50.766254425, -22.7863616943, 36.5412635803, 11.8940067291, -49.5798568726], [-273.207305908, 48.5902938843, -22.0424995422, -92.977355957, 13.9664297104, 96.5170135498, 191.730117798, 32.2845230103, -28.4435901642, -32.0226020813, 21.6296539307, -23.3749313354, -34.4941482544], [-279.250488281, -91.3307800293, 10.5287742615, 16.3172111511, 27.9078102112, -14.8216772079, 32.2845230103, 111.876655579, 64.5938186646, 10.7138090134, -23.9163246155, -25.2304401398, 11.5749959946], [-149.444869995, -56.5362281799, -22.443944931, 47.2265129089, 21.8399295807, -50.766254425, -28.4435901642, 64.5938186646, 137.03793335, 31.8242206573, -40.8643188477, -24.9845161438, 24.7985057831], [-596.13067627, -114.097541809, 59.7864685059, -32.1997261047, 15.5165271759, -22.7863616943, -32.0226020813, 10.7138090134, 31.8242206573, 93.4919509888, 21.1435985565, 35.546787262, 17.4409332275], [-163.298690796, 22.2922325134, -3.12992167473, -93.8366928101, -37.8394927979, 36.5412635803, 21.6296539307, -23.9163246155, -40.8643188477, 21.1435985565, 125.549980164, 44.3403968811, -12.1470384598], [-715.19732666, -102.208930969, 135.892837524, -17.9519577026, 2.97952222824, 11.8940067291, -23.3749313354, -25.2304401398, -24.9845161438, 35.546787262, 44.3403968811, 135.775848389, 11.142408371], [-24.5336475372, -53.6441612244, -61.9116439819, 11.9939212799, 4.73877000809, -49.5798568726, -34.4941482544, 11.5749959946, 24.7985057831, 17.4409332275, -12.1470384598, 11.142408371, 88.6423721313]], "icov": [[0.00118712615222, -0.00367588549852, 0.0036947557237, -0.00351260462776, 0.00340379402041, -0.00359499501064, 0.00348787684925, -0.00338861183263, 0.00288070295937, -0.0018087294884, 0.00182481773663, -0.000105231127236, 0.000580150226597], [-0.00367588549852, 0.0130726881325, -0.0108889983967, 0.0110958106816, -0.0107959965244, 0.0120494542643, -0.0112160360441, 0.0120285013691, -0.00929439999163, 0.00717564253137, -0.00619582040235, 0.000812443555333, -0.000594198412728], [0.0036947557237, -0.0108889983967, 0.0152147654444, -0.0109942685813, 0.00860267411917, -0.0121741676703, 0.0120037226006, -0.0117303961888, 0.00991117861122, -0.00670920591801, 0.00695772236213, -0.0037918202579, 0.00545818265527], [-0.00351260462776, 0.0110958106816, -0.0109942685813, 0.0133163454011, -0.0104458974674, 0.0107780322433, -0.00885317195207, 0.00980762485415, -0.00907600764185, 0.00719058606774, -0.00407466851175, 8.43765883474e-05, -0.0013215605868], [0.00340379402041, -0.0107959965244, 0.00860267411917, -0.0104458974674, 0.0155717218295, -0.00943072978407, 0.00833612028509, -0.00963255763054, 0.00797832757235, -0.005949777551, 0.00616627465934, 0.000962128629908, -0.000112383757369], [-0.00359499501064, 0.0120494542643, -0.0121741676703, 0.0107780322433, -0.00943072978407, 0.0190652683377, -0.0145225785673, 0.012481180951, -0.00858177430928, 0.00720426859334, -0.00687231309712, 0.000865908164997, 0.000155231813551], [0.00348787684925, -0.0112160360441, 0.0120037226006, -0.00885317195207, 0.00833612028509, -0.0145225785673, 0.0203723292798, -0.0153238633648, 0.0105098048225, -0.00354420696385, 0.00510832760483, -0.000612722069491, 0.00365383434109], [-0.00338861183263, 0.0120285013691, -0.0117303961888, 0.00980762485415, -0.00963255763054, 0.012481180951, -0.0153238633648, 0.0267300959677, -0.0157049950212, 0.00630098069087, -0.00598402740434, 0.00336893391795, -0.00322576821782], [0.00288070295937, -0.00929439999163, 0.00991117861122, -0.00907600764185, 0.00797832757235, -0.00858177430928, 0.0105098048225, -0.0157049950212, 0.0207111537457, -0.00952462852001, 0.00730992108583, 0.000338178535458, 0.00127611658536], [-0.0018087294884, 0.00717564253137, -0.00670920591801, 0.00719058606774, -0.005949777551, 0.00720426859334, -0.00354420696385, 0.00630098069087, -0.00952462852001, 0.0211460180581, -0.00689835008234, -0.00127567979507, -0.0019523599185], [0.00182481773663, -0.00619582040235, 0.00695772236213, -0.00407466851175, 0.00616627465934, -0.00687231309712, 0.00510832760483, -0.00598402740434, 0.00730992108583, -0.00689835008234, 0.0158332791179, -0.00457102246583, 0.00281870830804], [-0.000105231127236, 0.000812443555333, -0.0037918202579, 8.43765883474e-05, 0.000962128629908, 0.000865908164997, -0.000612722069491, 0.00336893391795, 0.000338178535458, -0.00127567979507, -0.00457102246583, 0.0139238182455, -0.00466293515638], [0.000580150226597, -0.000594198412728, 0.00545818265527, -0.0013215605868, -0.000112383757369, 0.000155231813551, 0.00365383434109, -0.00322576821782, 0.00127611658536, -0.0019523599185, 0.00281870830804, -0.00466293515638, 0.0180087387562]], "mean": [-53.2508430481, 99.2357330322, -152.932891846, 41.8461990356, -63.8001365662, 0.854287207127, -28.6327800751, 1.9096558094, -18.3443336487, -7.71102952957, -13.6318845749, -15.5692386627, -12.1006946564]}, "hfc": {"dmean": 4.48665380478, "dmean2": 6.01730060577, "dvar": 38.1687202454, "dvar2": 63.4892578125, "max": 118.343688965, "mean": 20.6404666901, "median": 18.8833618164, "min": 1.13003962512e-16, "var": 281.150360107}, "melbands": {"dmean": [2.05173600989e-05, 0.000226445074077, 0.000262068933807, 0.000150050371303, 0.000115756032756, 9.18200385058e-05, 7.46881269151e-05, 0.000107725187263, 0.000150237654452, 0.000145016470924, 5.40132714377e-05, 3.19817554555e-05, 4.42488708359e-05, 4.93599945912e-05, 3.00356641674e-05, 2.32918137044e-05, 2.31915855693e-05, 2.43876384047e-05, 3.00507927022e-05, 3.46687993442e-05, 1.24545913422e-05, 7.58944224799e-06, 1.66520076164e-05, 1.21402954392e-05, 6.76356603435e-06, 7.41241319702e-06, 7.70685437601e-06, 1.2322461771e-05, 6.80403400111e-06, 2.80693325294e-06, 2.13425232687e-06, 1.39461872095e-06, 8.22424169655e-07, 4.5857132136e-07, 4.02633617114e-07, 3.29055779957e-07, 2.92639526833e-07, 1.81703953217e-07, 7.21260988712e-08, 3.50008342309e-08], "dmean2": [3.00533156405e-05, 0.000284296111204, 0.000365235697245, 0.00025056139566, 0.000183642958291, 0.000150871026563, 0.000118515228678, 0.000165160527104, 0.000225212177611, 0.000210290774703, 7.78588510002e-05, 4.56307279819e-05, 6.44804531476e-05, 7.64478536439e-05, 4.49609069619e-05, 3.5559925891e-05, 3.49438705598e-05, 3.64369188901e-05, 4.5561198931e-05, 5.27645934199e-05, 1.83674928849e-05, 1.15866041597e-05, 2.54305141425e-05, 1.81407503987e-05, 1.02255871752e-05, 1.12734560389e-05, 1.15828570415e-05, 1.83685206139e-05, 1.00553179436e-05, 4.087014986e-06, 3.01958834825e-06, 2.00436466002e-06, 1.18936770832e-06, 6.68758787015e-07, 5.91224306845e-07, 4.59797917074e-07, 4.16791976932e-07, 2.65402974264e-07, 1.07558605578e-07, 5.51053886966e-08], "dvar": [1.04017616742e-09, 1.38171202479e-07, 2.32577988868e-07, 1.30244217189e-07, 4.33101838837e-08, 3.76463766827e-08, 3.18040811464e-08, 5.0204217672e-08, 9.10873794169e-08, 9.21225051798e-08, 2.57228762734e-08, 8.12484213242e-09, 1.5566266498e-08, 1.50391770148e-08, 4.87880269517e-09, 2.9646163302e-09, 4.89909135482e-09, 8.49801029545e-09, 6.35391739223e-09, 6.53876197632e-09, 8.92055318502e-10, 2.79991918539e-10, 1.14888809577e-09, 5.02745511888e-10, 4.85858242527e-10, 2.70887173803e-10, 2.05267136622e-10, 5.6285487382e-10, 2.04726277597e-10, 4.67185769237e-11, 3.65794339263e-11, 1.3984006661e-11, 4.33255775006e-12, 1.26260352e-12, 1.2990552644e-12, 1.24238585999e-12, 8.66165375101e-13, 4.45878007909e-13, 6.27710164121e-14, 2.3067285522e-14], "dvar2": [2.06839056993e-09, 1.94140923782e-07, 4.21780555371e-07, 3.48834845454e-07, 1.12243576211e-07, 9.23187997159e-08, 7.51595763404e-08, 1.12484748627e-07, 2.09468311141e-07, 2.06050103202e-07, 5.32235233663e-08, 1.41813947252e-08, 3.19095470047e-08, 3.6771425016e-08, 1.04595017092e-08, 6.9698811167e-09, 1.05690718399e-08, 1.8157669146e-08, 1.43389797813e-08, 1.43472345115e-08, 1.81387060927e-09, 6.51951992392e-10, 2.5700841455e-09, 1.05114139615e-09, 9.18962239638e-10, 5.72302094604e-10, 4.43368508574e-10, 1.20690157868e-09, 4.4540027222e-10, 9.65990620827e-11, 6.26658100411e-11, 2.61540129831e-11, 7.6415289027e-12, 2.58314745462e-12, 2.46684638862e-12, 2.12183070593e-12, 1.39982112273e-12, 8.75490326936e-13, 1.19456717738e-13, 5.3401226041e-14], "max": [0.000722847878933, 0.00746018998325, 0.00760723557323, 0.00999907031655, 0.00465111946687, 0.00365896499716, 0.00451770052314, 0.00507987430319, 0.00648085819557, 0.0058885216713, 0.00391763821244, 0.00331016932614, 0.00373197579756, 0.00257171713747, 0.00178818858694, 0.00117107795086, 0.0020106411539, 0.00394799793139, 0.00209972308949, 0.00224633933976, 0.00105045211967, 0.000546271272469, 0.000570215284824, 0.000853760167956, 0.000726596859749, 0.000450388295576, 0.000364172068657, 0.000705696642399, 0.000430007086834, 0.000127427221742, 0.000221455469728, 0.000134203932248, 5.77530663577e-05, 2.47923890129e-05, 6.47282868158e-05, 7.76216766099e-05, 5.38442691322e-05, 4.1385043005e-05, 1.55007764988e-05, 6.70093368171e-06], "mean": [7.19450326869e-05, 0.000719245406799, 0.000771930674091, 0.000228173666983, 0.000210256825085, 0.000144255813211, 0.000142035074532, 0.000251192628639, 0.000375260860892, 0.000394703325583, 0.000110004315502, 6.38185811113e-05, 9.41309408518e-05, 9.77748131845e-05, 6.13996453467e-05, 5.4415431805e-05, 4.31366861449e-05, 4.16438379034e-05, 6.12266667304e-05, 7.74667132646e-05, 2.79532760032e-05, 1.75183940883e-05, 3.30114671669e-05, 2.72114266409e-05, 1.51945141624e-05, 1.55273974087e-05, 1.84226792044e-05, 3.1547027902e-05, 1.45716603583e-05, 4.96176335218e-06, 4.37415110355e-06, 3.10592395181e-06, 1.93034361473e-06, 9.01993416846e-07, 7.53875099235e-07, 7.11824839073e-07, 6.62871855184e-07, 3.92135177663e-07, 1.3907269647e-07, 5.50503180818e-08], "median": [3.83356891689e-05, 0.000397171243094, 0.000264566915575, 0.000128586354549, 0.000117462550406, 6.99380179867e-05, 7.05003767507e-05, 7.24151468603e-05, 0.000112673616968, 6.78309588693e-05, 2.43215963565e-05, 1.51330132212e-05, 2.57211722783e-05, 2.44420934905e-05, 1.69375052792e-05, 1.37741171784e-05, 1.18451498565e-05, 1.09633801912e-05, 1.26954255393e-05, 1.52895609062e-05, 9.03303225641e-06, 5.87370777794e-06, 1.30809848997e-05, 1.20578315546e-05, 5.14984549227e-06, 6.86098792357e-06, 7.96122458269e-06, 1.06244697236e-05, 3.77440755983e-06, 1.17355011753e-06, 1.31378237711e-06, 1.17159675028e-06, 7.30604938326e-07, 3.88651216099e-07, 3.079622104e-07, 2.30380521771e-07, 2.39136056734e-07, 1.49070530142e-07, 4.98947940741e-08, 1.64181752638e-08], "min": [3.22279636776e-24, 2.15198288827e-23, 1.40991026997e-23, 9.7107783468e-24, 3.97902387227e-24, 1.30216117888e-23, 1.97375333515e-23, 8.45849084761e-24, 1.6105650876e-23, 1.14470154453e-23, 9.92073840989e-24, 1.11424962032e-23, 2.65085947137e-23, 1.13993895458e-23, 8.87898605339e-24, 1.01315457096e-23, 6.95192350196e-24, 7.80019036651e-24, 1.02825597193e-23, 1.16864647067e-23, 1.11942722998e-23, 7.98762371759e-24, 7.23619031802e-24, 1.26049914678e-23, 6.21233524331e-24, 1.41821760639e-23, 1.04824270959e-23, 6.18339075341e-24, 1.05990049605e-23, 1.00215603556e-23, 6.36191352613e-24, 1.04832285786e-23, 7.36707338625e-24, 1.4362588553e-23, 5.49196797504e-24, 6.81231720984e-24, 1.07413375559e-23, 1.10524706078e-23, 6.91231637363e-24, 8.28576028608e-24], "var": [6.62873889112e-09, 9.53345988819e-07, 1.27347936996e-06, 1.36247550131e-07, 9.00329482079e-08, 5.41501314899e-08, 7.11340959469e-08, 2.29641315741e-07, 4.11058067584e-07, 4.97797941534e-07, 7.96475134734e-08, 3.82060321158e-08, 5.51499006463e-08, 4.70422527599e-08, 1.72135141696e-08, 1.21412808696e-08, 1.49172798558e-08, 1.7227145932e-08, 1.73037495443e-08, 2.86022032725e-08, 2.53774024017e-09, 9.0264890007e-10, 2.69949440579e-09, 1.56480262081e-09, 1.98865168777e-09, 8.29227242427e-10, 8.27706625461e-10, 2.67038502422e-09, 5.99748750663e-10, 1.01928687712e-10, 1.31450447749e-10, 4.84697559866e-11, 1.86814001768e-11, 2.73366485698e-12, 2.88476989692e-12, 3.74684701668e-12, 2.72250191141e-12, 1.15923882906e-12, 1.41618352245e-13, 3.50244057932e-14]}, "melbands_crest": {"dmean": 2.63264679909, "dmean2": 4.11615514755, "dvar": 7.2472243309, "dvar2": 18.6032848358, "max": 36.657245636, "mean": 13.3654937744, "median": 12.6271572113, "min": 2.52114868164, "var": 24.4945602417}, "melbands_flatness_db": {"dmean": 0.0167969893664, "dmean2": 0.0240209717304, "dvar": 0.000315939221764, "dvar2": 0.000695188180543, "max": 0.467082500458, "mean": 0.169963747263, "median": 0.168354436755, "min": 0.00604603951797, "var": 0.00215289695188}, "melbands_kurtosis": {"dmean": 2.66818141937, "dmean2": 3.91123533249, "dvar": 25.4835281372, "dvar2": 47.2419281006, "max": 178.465652466, "mean": 6.31079769135, "median": 2.77255511284, "min": -1.69416332245, "var": 178.463668823}, "melbands_skewness": {"dmean": 0.422560989857, "dmean2": 0.623329818249, "dvar": 0.21590834856, "dvar2": 0.465952575207, "max": 11.0905408859, "mean": 1.82041835785, "median": 1.54438376427, "min": -1.08714854717, "var": 2.03391051292}, "melbands_spread": {"dmean": 7.36179208755, "dmean2": 11.0661020279, "dvar": 89.738494873, "dvar2": 216.813674927, "max": 158.886611938, "mean": 34.3328437805, "median": 29.3415870667, "min": 0.852677106857, "var": 423.401580811}, "mfcc": {"cov": [[13800.5830078, 1583.75634766, -946.666381836, 733.908874512, -420.519287109, -52.3605651855, -227.140090942, 13.5632591248, -33.9896354675, 278.69619751, -316.09463501, 80.2374420166, -197.6043396], [1583.75634766, 1092.25732422, -188.365692139, -43.9665603638, -103.043357849, 11.9638681412, 83.5987243652, 21.2246875763, -104.066131592, 23.9710178375, 3.71873235703, 8.73797893524, -14.0424156189], [-946.666381836, -188.365692139, 383.533721924, -13.8157176971, 55.9876937866, 77.4981155396, 11.1718683243, 37.3264503479, -30.1681346893, -99.5989303589, 79.5920944214, -12.4465475082, -2.50453519821], [733.908874512, -43.9665603638, -13.8157176971, 442.532470703, 147.383239746, -24.7483692169, -114.130340576, -11.8448104858, 99.7678833008, -6.85362291336, -45.0211524963, -16.5175704956, 2.25521492958], [-420.519287109, -103.043357849, 55.9876937866, 147.383239746, 216.09854126, 4.52582073212, -61.4612846375, -23.3106613159, 52.0258598328, 4.99675226212, -18.8706760406, -19.2524185181, 9.71714878082], [-52.3605651855, 11.9638681412, 77.4981155396, -24.7483692169, 4.52582073212, 148.414794922, 62.6282844543, 38.0139884949, -26.310136795, -37.6030349731, 45.0143013, -28.526052475, -41.7002983093], [-227.140090942, 83.5987243652, 11.1718683243, -114.130340576, -61.4612846375, 62.6282844543, 202.244567871, 68.4909744263, -53.335231781, 7.12129211426, 21.3691959381, 3.70995354652, -25.6291427612], [13.5632591248, 21.2246875763, 37.3264503479, -11.8448104858, -23.3106613159, 38.0139884949, 68.4909744263, 116.847244263, 9.86688995361, -0.695398807526, 35.4516143799, -2.72902536392, -20.0914859772], [-33.9896354675, -104.066131592, -30.1681346893, 99.7678833008, 52.0258598328, -26.310136795, -53.335231781, 9.86688995361, 170.438720703, 31.0724983215, 10.5410079956, -17.9567546844, 0.817796230316], [278.69619751, 23.9710178375, -99.5989303589, -6.85362291336, 4.99675226212, -37.6030349731, 7.12129211426, -0.695398807526, 31.0724983215, 143.312423706, -24.887172699, 9.63611507416, -4.13350248337], [-316.09463501, 3.71873235703, 79.5920944214, -45.0211524963, -18.8706760406, 45.0143013, 21.3691959381, 35.4516143799, 10.5410079956, -24.887172699, 124.636680603, 1.47492325306, -8.20466995239], [80.2374420166, 8.73797893524, -12.4465475082, -16.5175704956, -19.2524185181, -28.526052475, 3.70995354652, -2.72902536392, -17.9567546844, 9.63611507416, 1.47492325306, 87.4394226074, 33.1262779236], [-197.6043396, -14.0424156189, -2.50453519821, 2.25521492958, 9.71714878082, -41.7002983093, -25.6291427612, -20.0914859772, 0.817796230316, -4.13350248337, -8.20466995239, 33.1262779236, 78.0310134888]], "icov": [[0.000168560407474, -0.000184029820957, 0.000166407771758, -0.000395098293666, 0.000536056701094, -0.00031337182736, 0.00040288537275, -0.000149418614455, 9.60442703217e-05, -0.000253325939411, 0.000324500404531, -0.000310819072183, 0.000421778531745], [-0.000184029820957, 0.00136604299769, 0.000585569883697, 0.000183250551345, -0.000396530842409, 0.000303272157907, -0.00067583611235, -5.04350064148e-05, 0.000818367057946, 0.000283356988803, -0.000910154834855, 0.00055088364752, -0.000553346762899], [0.000166407771758, 0.000585569883697, 0.00483416207135, -0.000158152019139, -0.00109776598401, -0.0010316837579, 0.000612156174611, -0.00145203236025, 0.00153954920825, 0.00199307966977, -0.00195536995307, -7.93316066847e-05, 1.65966557688e-05], [-0.000395098293666, 0.000183250551345, -0.000158152019139, 0.00466394703835, -0.00329408212565, 0.000622636871412, 0.000568431743886, -0.000730856030714, -0.00169749022461, 0.00154554331675, 0.000595164427068, 0.00021674943855, -0.000295738340355], [0.000536056701094, -0.000396530842409, -0.00109776598401, -0.00329408212565, 0.00912205688655, -0.00248443544842, 0.00182747712824, 0.000948680739384, -0.000731835782062, -0.00243357731961, 0.00213945563883, 7.77090826887e-05, -0.000202330571483], [-0.00031337182736, 0.000303272157907, -0.0010316837579, 0.000622636871412, -0.00248443544842, 0.0122183673084, -0.00347342831083, -0.000456574460259, 0.00117677473463, 0.00242013786919, -0.00340048829094, 0.00251348130405, 0.00348173151724], [0.00040288537275, -0.00067583611235, 0.000612156174611, 0.000568431743886, 0.00182747712824, -0.00347342831083, 0.00973481778055, -0.00472166296095, 0.00169860827737, -0.00162932975218, 0.00170844991226, -0.00146674946882, 0.001497904188], [-0.000149418614455, -5.04350064148e-05, -0.00145203236025, -0.000730856030714, 0.000948680739384, -0.000456574460259, -0.00472166296095, 0.0130761098117, -0.00230852980167, -0.000425155187258, -0.00214016134851, -0.000280154752545, 0.000936522730626], [9.60442703217e-05, 0.000818367057946, 0.00153954920825, -0.00169749022461, -0.000731835782062, 0.00117677473463, 0.00169860827737, -0.00230852980167, 0.00942874327302, -0.0017579124542, -0.00273192301393, 0.00205046823248, -0.000177186724613], [-0.000253325939411, 0.000283356988803, 0.00199307966977, 0.00154554331675, -0.00243357731961, 0.00242013786919, -0.00162932975218, -0.000425155187258, -0.0017579124542, 0.0101726287976, 7.01398530509e-05, -0.000896076962817, 0.00132562499493], [0.000324500404531, -0.000910154834855, -0.00195536995307, 0.000595164427068, 0.00213945563883, -0.00340048829094, 0.00170844991226, -0.00214016134851, -0.00273192301393, 7.01398530509e-05, 0.0125293573365, -0.0022345688194, 0.000802821479738], [-0.000310819072183, 0.00055088364752, -7.93316066847e-05, 0.00021674943855, 7.77090826887e-05, 0.00251348130405, -0.00146674946882, -0.000280154752545, 0.00205046823248, -0.000896076962817, -0.0022345688194, 0.0157634280622, -0.0069130435586], [0.000421778531745, -0.000553346762899, 1.65966557688e-05, -0.000295738340355, -0.000202330571483, 0.00348173151724, 0.001497904188, 0.000936522730626, -0.000177186724613, 0.00132562499493, 0.000802821479738, -0.0069130435586, 0.0195032656193]], "mean": [-670.110656738, 113.931175232, -25.2589244843, 31.1222076416, -9.72101020813, 1.02462029457, -3.76054692268, 2.09567046165, -3.75898909569, 7.49998664856, -6.22844743729, 2.21676635742, -4.86226463318]}, "pitch_salience": {"dmean": 0.0562703758478, "dmean2": 0.0874612256885, "dvar": 0.00339398114011, "dvar2": 0.00845366623253, "max": 0.849224567413, "mean": 0.518066048622, "median": 0.519013941288, "min": 0.107252828777, "var": 0.0130712967366}, "silence_rate_20dB": {"dmean": 0, "dmean2": 0, "dvar": 0, "dvar2": 0, "max": 1, "mean": 1, "median": 1, "min": 1, "var": 0}, "silence_rate_30dB": {"dmean": 0, "dmean2": 0, "dvar": 0, "dvar2": 0, "max": 1, "mean": 1, "median": 1, "min": 1, "var": 0}, "silence_rate_60dB": {"dmean": 0.00866947602481, "dmean2": 0.0173410400748, "dvar": 0.008594811894, "dvar2": 0.0196885000914, "max": 1, "mean": 0.101613290608, "median": 0, "min": 0, "var": 0.0912894979119}, "spectral_centroid": {"dmean": 226.93421936, "dmean2": 331.563446045, "dvar": 64147.7539062, "dvar2": 115630.882812, "max": 10740.1005859, "mean": 1845.03942871, "median": 1763.07373047, "min": 177.989944458, "var": 479004.0625}, "spectral_complexity": {"dmean": 3.01962661743, "dmean2": 4.37235069275, "dvar": 14.4530439377, "dvar2": 23.167131424, "max": 58, "mean": 18.6819171906, "median": 18, "min": 0, "var": 102.731277466}, "spectral_contrast_coeffs": {"dmean": [0.0413445495069, 0.0412827581167, 0.0344812236726, 0.0294012129307, 0.0219227839261, 0.0161450263113], "dmean2": [0.0693304911256, 0.0671973675489, 0.0541828386486, 0.0467699691653, 0.0340898297727, 0.0243761949241], "dvar": [0.00127173541114, 0.00118815421592, 0.000840694585349, 0.000608843634836, 0.000385490566259, 0.000279964413494], "dvar2": [0.00333560421132, 0.00302307726815, 0.00200146739371, 0.0014151877258, 0.000822180008981, 0.000534345628694], "max": [-0.355963349342, -0.450033009052, -0.504776000977, -0.527529060841, -0.574593126774, -0.54638248682], "mean": [-0.61198592186, -0.723926365376, -0.728955566883, -0.740993082523, -0.746212542057, -0.716042518616], "median": [-0.609723269939, -0.727636098862, -0.739787220955, -0.74452316761, -0.749658942223, -0.709840774536], "min": [-0.957660496235, -0.967976391315, -0.969258785248, -0.96469950676, -0.957164347172, -0.958491563797], "var": [0.00785129051656, 0.00636245403439, 0.00713748857379, 0.00450166035444, 0.00325254257768, 0.00333340349607]}, "spectral_contrast_valleys": {"dmean": [0.347516596317, 0.331232130527, 0.267828881741, 0.23523709178, 0.206086277962, 0.207808226347], "dmean2": [0.590779840946, 0.534286141396, 0.431712567806, 0.368176698685, 0.289616316557, 0.275825738907], "dvar": [0.095469109714, 0.0901893526316, 0.0664326623082, 0.0563798062503, 0.0643645003438, 0.0730762705207], "dvar2": [0.234082430601, 0.205966919661, 0.139267504215, 0.10277505219, 0.0878026559949, 0.11526157707], "max": [-6.36021709442, -4.97657728195, -5.7737121582, -6.1177983284, -5.593272686, -7.80732679367], "mean": [-8.26907444, -7.22780752182, -7.86360788345, -8.12764644623, -7.87670993805, -11.2113771439], "median": [-7.91418552399, -6.88166761398, -7.54023361206, -7.788189888, -7.59311389923, -11.0251636505], "min": [-27.3320865631, -26.9835891724, -26.8495693207, -27.1811199188, -27.2283248901, -27.2723999023], "var": [2.42972588539, 2.84166145325, 2.58866500854, 2.47175455093, 2.52184844017, 1.60400271416]}, "spectral_decrease": {"dmean": 8.5585533105e-10, "dmean2": 1.22196142094e-09, "dvar": 1.09294598855e-18, "dvar2": 2.18822772835e-18, "max": 1.73069150461e-29, "mean": -4.30975832799e-09, "median": -4.36193747788e-09, "min": -1.46780338994e-08, "var": 7.69507181422e-18}, "spectral_energy": {"dmean": 0.00352740217932, "dmean2": 0.00498816603795, "dvar": 1.83639403986e-05, "dvar2": 3.5570054024e-05, "max": 0.065636254847, "mean": 0.0181381478906, "median": 0.0184406861663, "min": 1.01844730762e-20, "var": 0.000136633359944}, "spectral_energyband_high": {"dmean": 0.000377352058422, "dmean2": 0.000527242897078, "dvar": 4.84187182792e-07, "dvar2": 9.29809289119e-07, "max": 0.0131103387102, "mean": 0.000992940622382, "median": 0.000405155326007, "min": 7.38711464998e-21, "var": 1.82250880698e-06}, "spectral_energyband_low": {"dmean": 0.0011494968785, "dmean2": 0.0014674681006, "dvar": 4.0771192289e-06, "dvar2": 6.1161326812e-06, "max": 0.0386951081455, "mean": 0.0038074888289, "median": 0.00210091983899, "min": 9.09775232854e-23, "var": 2.66395927611e-05}, "spectral_energyband_middle_high": {"dmean": 0.00157983554527, "dmean2": 0.00225089560263, "dvar": 4.65883431389e-06, "dvar2": 9.45417104958e-06, "max": 0.0531202144921, "mean": 0.00615406455472, "median": 0.00489753577858, "min": 1.55452278699e-21, "var": 3.25075961882e-05}, "spectral_energyband_middle_low": {"dmean": 0.00248167058453, "dmean2": 0.0037781430874, "dvar": 1.11989184006e-05, "dvar2": 2.69996144198e-05, "max": 0.0504666157067, "mean": 0.00847917981446, "median": 0.00727470777929, "min": 3.64324667946e-22, "var": 4.39905561507e-05}, "spectral_entropy": {"dmean": 0.106118641794, "dmean2": 0.149891719222, "dvar": 0.0116424979642, "dvar2": 0.0201910752803, "max": 9.80990314484, "mean": 7.4136800766, "median": 7.39351177216, "min": 5.91282558441, "var": 0.110955365002}, "spectral_flux": {"dmean": 0.0151803102344, "dmean2": 0.0236344859004, "dvar": 0.000280413252767, "dvar2": 0.000625786313321, "max": 0.203879058361, "mean": 0.0568781979382, "median": 0.0532902106643, "min": 1.00918148838e-10, "var": 0.0011174287647}, "spectral_kurtosis": {"dmean": 1.64352595806, "dmean2": 2.89596056938, "dvar": 2.30364179611, "dvar2": 6.91772079468, "max": 17.5364303589, "mean": 3.77941393852, "median": 3.29946827888, "min": -1.24519371986, "var": 4.50005149841}, "spectral_rms": {"dmean": 0.000401776866056, "dmean2": 0.000564374902751, "dvar": 2.16277229015e-07, "dvar2": 4.03768723345e-07, "max": 0.00800221040845, "mean": 0.00387165229768, "median": 0.00424156989902, "min": 3.15215345145e-12, "var": 2.70603663921e-06}, "spectral_rolloff": {"dmean": 485.927185059, "dmean2": 801.582702637, "dvar": 1108331.875, "dvar2": 2936806.25, "max": 18561.6210938, "mean": 2204.38183594, "median": 1894.921875, "min": 21.533203125, "var": 2783988}, "spectral_skewness": {"dmean": 0.20537443459, "dmean2": 0.341907083988, "dvar": 0.032962013036, "dvar2": 0.0852046534419, "max": 3.13947892189, "mean": 1.15639686584, "median": 1.14322257042, "min": 0.0209255218506, "var": 0.156089931726}, "spectral_spread": {"dmean": 243948.109375, "dmean2": 366638.90625, "dvar": 227671900160, "dvar2": 310778986496, "max": 42316224, "mean": 3537620, "median": 3264899, "min": 2037590.25, 