{"lowlevel": {"average_loudness": 0.857624530792, "barkbands": {"dmean": [0.000302583153825, 0.0115530164912, 0.00208320841193, 0.00111457554158, 0.00168421177659, 0.000452715612482, 0.00086827611085, 0.000413125264458, 0.000608269765507, 0.000430310843512, 0.00032556874794, 0.000557968975045, 0.000517415755894, 0.000451926258393, 0.0003532753326, 0.000376383133698, 0.000266480317805, 0.00011906446889, 0.00013411953114, 9.94740257738e-05, 0.000119032309158, 7.79774854891e-05, 5.31641635462e-05, 3.7803016312e-05, 2.89464660455e-05, 1.16194660222e-05, 3.3819969758e-07], "dmean2": [0.000487502111355, 0.017133589834, 0.00332089560106, 0.00172998965718, 0.00283143413253, 0.000708971754648, 0.00147988682147, 0.000624923617579, 0.000934846000746, 0.000646719301585, 0.000489594065584, 0.000826082425192, 0.000777683511842, 0.000695825670846, 0.000543581321836, 0.000576782040298, 0.000417217292124, 0.000181359166163, 0.00020310189575, 0.000155242581968, 0.000181738025276, 0.00011910709145, 7.77333261794e-05, 5.44561953575e-05, 4.28061466664e-05, 1.6911970306e-05, 5.40605299193e-07], "dvar": [3.0855511568e-07, 0.000506975746248, 1.53721066454e-05, 4.48132050224e-06, 1.79340786417e-05, 1.53649341428e-06, 7.5838443081e-06, 2.72379043054e-06, 3.95372762796e-06, 2.06409526982e-06, 1.59794933552e-06, 1.96114683604e-06, 2.28662179325e-06, 1.44638590882e-06, 7.81176879627e-07, 1.39589349146e-06, 1.07275866412e-06, 1.10715568269e-07, 1.39881848327e-07, 7.29698825808e-08, 1.28984169123e-07, 9.00726533359e-08, 5.39897904162e-08, 3.20349009542e-08, 7.06625602476e-09, 1.19029186507e-09, 1.47430884775e-12], "dvar2": [7.67221422393e-07, 0.00105360534508, 3.68192449969e-05, 1.00852776086e-05, 4.69120714115e-05, 3.27571410708e-06, 2.05925734917e-05, 5.69598159927e-06, 7.79262336437e-06, 3.96263931179e-06, 2.90922957902e-06, 4.25893949796e-06, 4.66016490464e-06, 3.24782877215e-06, 1.70326245552e-06, 3.05896219288e-06, 2.64339246314e-06, 2.28172197581e-07, 3.12730662699e-07, 1.74248754092e-07, 2.96169474723e-07, 2.0040191373e-07, 1.14683203378e-07, 5.92909117358e-08, 1.48848329218e-08, 2.5045996388e-09, 3.49849858285e-12], "max": [0.00684803212062, 0.270366579294, 0.0881350189447, 0.062024064362, 0.0698734149337, 0.0668115988374, 0.061188172549, 0.13350892067, 0.102701164782, 0.137799710035, 0.117238029838, 0.0582270622253, 0.0636873617768, 0.0575093701482, 0.0315352343023, 0.062509983778, 0.0631198436022, 0.0291787926108, 0.01637320593, 0.0116253867745, 0.0161306131631, 0.0220979042351, 0.0285346005112, 0.0208867434412, 0.0053843348287, 0.00126513559371, 4.74938751722e-05], "mean": [0.000363018771168, 0.0150222443044, 0.00425172038376, 0.00216581602581, 0.00229682726786, 0.000801165297162, 0.00100714690052, 0.000767171557527, 0.000919798854738, 0.000690329645295, 0.000547223491594, 0.000903894484509, 0.000824126182124, 0.000696165603586, 0.000574003788643, 0.000583703804296, 0.000390157510992, 0.000178002126631, 0.000212459912291, 0.000137934897793, 0.000149745072122, 9.10160015337e-05, 6.57534183119e-05, 4.86747740069e-05, 3.31180417561e-05, 1.28070832943e-05, 3.05892882579e-07], "median": [0.000161274787388, 0.00634803855792, 0.0014198779827, 0.000698911899235, 0.000854673329741, 0.000219348352402, 0.000203911709832, 0.000104934966657, 0.000143775512697, 0.000167344915099, 9.22311010072e-05, 0.000206240423722, 0.000173352978891, 0.000165970850503, 0.000119102078315, 7.66335215303e-05, 5.15312822245e-05, 3.34501346515e-05, 2.75202000921e-05, 1.46344746099e-05, 1.13842688734e-05, 3.67008146895e-06, 1.10575024337e-06, 6.99854012964e-07, 3.21338461617e-07, 3.8197914165e-08, 1.16462417488e-09], "min": [1.23438607588e-24, 3.26606045803e-24, 8.54296522879e-25, 2.50942787344e-24, 7.92770342095e-24, 5.71372703069e-24, 7.58358888346e-24, 1.44123498989e-23, 1.86208423644e-23, 1.29727844542e-23, 1.15002327908e-23, 2.84992094774e-23, 3.99664450053e-23, 2.44641039056e-23, 3.67443899696e-23, 5.162791071e-23, 7.39982010683e-23, 6.15589058893e-23, 1.06609856041e-22, 1.51016048086e-22, 2.32812846022e-22, 3.39698197534e-22, 4.09099403185e-22, 5.5524387546e-22, 9.12044476445e-22, 1.3172933044e-21, 2.04634830412e-21], "var": [3.31843921231e-07, 0.000630508875474, 4.15500435338e-05, 1.32620552904e-05, 1.90653081518e-05, 4.99367615703e-06, 7.48607908463e-06, 9.40322843235e-06, 1.25913684315e-05, 5.33465072294e-06, 6.10999541095e-06, 3.99243981519e-06, 5.09536630489e-06, 2.91570404443e-06, 1.94873678083e-06, 2.71485532721e-06, 1.63289541888e-06, 2.33296077568e-07, 3.3291681234e-07, 1.43652187035e-07, 1.89251437632e-07, 1.27100065583e-07, 8.98522500847e-08, 7.73248984842e-08, 1.34613253877e-08, 1.94499927275e-09, 1.69287500684e-12]}, "barkbands_crest": {"dmean": 3.3912961483, "dmean2": 5.24910879135, "dvar": 11.9298944473, "dvar2": 23.8463058472, "max": 26.4834918976, "mean": 12.1154594421, "median": 10.6780319214, "min": 2.52710700035, "var": 31.389093399}, "barkbands_flatness_db": {"dmean": 0.0381845347583, "dmean2": 0.0488503463566, "dvar": 0.00140847684816, "dvar2": 0.00230333185755, "max": 0.636135518551, "mean": 0.215144380927, "median": 0.209304407239, "min": 0.022791005671, "var": 0.00811477564275}, "barkbands_kurtosis": {"dmean": 10.8220777512, "dmean2": 15.7741222382, "dvar": 1722.13476563, "dvar2": 3112.54077148, "max": 1844.95935059, "mean": 13.7418088913, "median": 2.0746948719, "min": -1.9491943121, "var": 3354.15917969}, "barkbands_skewness": {"dmean": 0.989926815033, "dmean2": 1.38428378105, "dvar": 2.14931559563, "dvar2": 3.84451460838, "max": 29.7337379456, "mean": 2.08486533165, "median": 1.54700565338, "min": -6.26705884933, "var": 6.66899633408}, "barkbands_spread": {"dmean": 5.74466514587, "dmean2": 8.57477760315, "dvar": 52.9581832886, "dvar2": 109.263626099, "max": 111.850593567, "mean": 17.2202892303, "median": 14.6815576553, "min": 0.0388675183058, "var": 168.913452148}, "dissonance": {"dmean": 0.0212355162948, "dmean2": 0.0349065735936, "dvar": 0.000510429323185, "dvar2": 0.00129809137434, "max": 0.500000178814, "mean": 0.457949966192, "median": 0.469490349293, "min": 0.185804203153, "var": 0.00142929656431}, "dynamic_complexity": 4.41947603226, "erbbands": {"dmean": [0.404059559107, 2.37952303886, 2.60905098915, 2.82572245598, 5.96609544754, 4.7769947052, 3.33035731316, 3.72317767143, 10.6055316925, 10.7464618683, 9.60018825531, 13.641541481, 11.8464298248, 13.6143760681, 15.9002113342, 20.2948150635, 23.5865402222, 21.7338886261, 19.9721984863, 15.5973863602, 21.0086326599, 12.0367774963, 6.1736946106, 6.99635028839, 5.62062072754, 4.41832590103, 5.46111726761, 3.86243057251, 2.75240087509, 2.45787525177, 1.30399775505, 1.01367950439, 0.506062030792, 0.319007188082, 0.211566478014, 0.0697326734662, 0.0186184067279, 0.00254145823419, 5.79173574806e-05, 1.99108071683e-05], "dmean2": [0.609010100365, 3.56451177597, 4.08843851089, 4.32805299759, 9.86977958679, 8.05058860779, 5.23864126205, 5.93718385696, 17.7261829376, 18.038936615, 14.3812999725, 20.7834091187, 18.0815944672, 20.0614757538, 23.0390949249, 29.8566665649, 34.8713150024, 33.0493850708, 30.4796695709, 23.6175003052, 32.0708580017, 18.7216644287, 9.33122730255, 10.4563980103, 8.5404291153, 6.83229255676, 8.42628955841, 5.87539672852, 4.20165061951, 3.66238284111, 1.88989901543, 1.47034585476, 0.731882214546, 0.468686491251, 0.317565619946, 0.103092245758, 0.0271216519177, 0.00370081374422, 8.27309704619e-05, 2.75434977084e-05], "dvar": [0.631771624088, 21.7501678467, 23.2508430481, 25.7988395691, 202.864654541, 131.610900879, 73.045249939, 109.924514771, 1007.50457764, 1261.73754883, 1439.47009277, 2048.57788086, 1444.01342773, 2737.11401367, 2409.24365234, 2993.65966797, 5029.44482422, 3273.12939453, 2412.56713867, 1810.0333252, 4054.55908203, 1883.97229004, 295.501220703, 389.374633789, 241.366333008, 129.5209198, 272.751678467, 167.885620117, 135.543121338, 70.3120040894, 42.8970184326, 29.7461833954, 3.4892437458, 0.804837703705, 0.426886767149, 0.0454101786017, 0.00299007864669, 5.77272039664e-05, 2.38554402898e-08, 8.39325275948e-10], "dvar2": [1.41264986992, 44.3113174438, 53.9434776306, 56.9952888489, 526.108581543, 349.472503662, 149.86656189, 253.556518555, 2668.90380859, 3259.24829102, 2892.30419922, 3936.09667969, 3068.62573242, 4629.24023438, 4224.00537109, 6484.54248047, 10064.3935547, 7078.18652344, 5307.09130859, 3810.15844727, 9315.21679688, 4698.28857422, 589.228088379, 822.276916504, 534.35144043, 299.105560303, 634.319519043, 390.671905518, 305.619812012, 153.479034424, 87.9431838989, 55.0697669983, 6.58081150055, 1.66291284561, 0.935412585735, 0.0977625921369, 0.00629995577037, 0.000119844255096, 4.85035371867e-08, 1.61037860824e-09], "max": [8.5982131958, 59.2334861755, 86.9490432739, 140.932601929, 244.483413696, 220.542053223, 638.600585938, 488.195220947, 804.293762207, 1940.671875, 2326.52807617, 3177.49047852, 3235.26513672, 5207.94628906, 5245.71386719, 2756.42016602, 3536.28173828, 2706.39477539, 2031.22424316, 2838.79418945, 2412.63183594, 2575.96777344, 1577.40087891, 1046.02124023, 787.82598877, 519.997802734, 945.122619629, 875.331604004, 996.808227539, 492.823547363, 948.135253906, 628.065856934, 157.367980957, 43.8986053467, 42.190700531, 11.1227340698, 2.16013145447, 0.217799395323, 0.00480837328359, 0.000396857882151], "mean": [0.506273686886, 3.10770392418, 5.34923410416, 5.72996044159, 8.79877853394, 6.50144577026, 6.01535892487, 6.24267244339, 13.579369545, 15.5903167725, 18.0048332214, 20.8935413361, 18.8683872223, 22.816280365, 28.8890304565, 35.6040229797, 40.226020813, 35.3092384338, 33.4449119568, 27.7524433136, 34.8633041382, 18.8543224335, 9.82540512085, 11.638130188, 8.89138698578, 6.40173006058, 6.93157148361, 4.95768928528, 3.23095917702, 2.85145044327, 1.61213564873, 1.32773375511, 0.628984332085, 0.378648966551, 0.229292154312, 0.076220266521, 0.020461756736, 0.00274526979774, 7.31441105017e-05, 4.11208275182e-05], "median": [0.199915349483, 1.31789755821, 2.12264585495, 2.34485864639, 3.15317821503, 2.53208112717, 2.05614995956, 1.84129619598, 3.13040828705, 2.80166435242, 3.03376555443, 3.93077993393, 4.78662061691, 5.63938999176, 8.26650714874, 9.82851219177, 9.61988639832, 9.76686954498, 8.57421779633, 5.23800849915, 4.73266172409, 2.94834637642, 1.96541023254, 1.79389226437, 1.24216413498, 0.757194042206, 0.601322650909, 0.313007563353, 0.150221556425, 0.0681030526757, 0.0278382375836, 0.0175965968519, 0.00986135005951, 0.00450894562528, 0.00172487890813, 0.000426121725468, 3.99554119213e-05, 6.30625845588e-06, 1.61541192938e-05, 2.88020310109e-05], "min": [9.41280949013e-23, 5.04546650224e-22, 1.62269864553e-21, 9.41833419228e-21, 1.42336053773e-20, 1.95358961117e-20, 4.13986448242e-20, 8.62010344714e-20, 1.14335928646e-19, 1.40765641687e-19, 3.21104431059e-19, 4.08659896235e-19, 4.43450699209e-19, 7.28043222934e-19, 7.20532681466e-19, 1.28526692853e-18, 1.87491445978e-18, 1.5326787177e-18, 1.65527412231e-18, 2.46721548304e-18, 4.74104647862e-18, 5.17555825054e-18, 5.15294975004e-18, 6.38732159965e-18, 6.12725973738e-18, 6.85576142517e-18, 8.93016496533e-18, 1.00676888545e-17, 1.24627415144e-17, 1.02333003393e-17, 1.07033630931e-17, 1.11693734892e-17, 9.02934143923e-18, 7.81678399673e-18, 6.29617125923e-18, 3.06134002596e-18, 2.0439856275e-18, 1.03702837234e-18, 2.57876192602e-19, 2.82657114962e-20], "var": [0.72989487648, 27.3951797485, 57.8598670959, 76.0108718872, 245.856826782, 139.61907959, 285.106628418, 276.996185303, 1182.94213867, 3199.6418457, 4836.91894531, 6577.62646484, 3623.57666016, 7913.59667969, 8129.97460938, 6675.45556641, 11675.6914063, 7140.99267578, 5490.66748047, 5082.57568359, 8404.06738281, 2913.96679688, 664.401306152, 953.699951172, 614.266235352, 281.250213623, 408.722900391, 237.302352905, 177.723892212, 101.977363586, 74.8506469727, 74.3434677124, 7.93353223801, 1.68443310261, 0.709785819054, 0.0736911669374, 0.00483241956681, 9.08687507035e-05, 3.98975892324e-08, 1.80552972573e-09]}, "erbbands_crest": {"dmean": 2.60943508148, "dmean2": 4.10383844376, "dvar": 6.41747379303, "dvar2": 14.7811841965, "max": 32.7930107117, "mean": 9.38342285156, "median": 8.34646224976, "min": 2.23433613777, "var": 19.2745494843}, "erbbands_flatness_db": {"dmean": 0.0265920329839, "dmean2": 0.0310290176421, "dvar": 0.000599764054641, "dvar2": 0.00081517349463, "max": 0.458335787058, "mean": 0.210970818996, "median": 0.21412627399, "min": 0.0565587766469, "var": 0.00514261797071}, "erbbands_kurtosis": {"dmean": 1.09139990807, "dmean2": 1.66938912868, "dvar": 2.84155130386, "dvar2": 6.03799772263, "max": 55.1559066772, "mean": 0.752523541451, "median": 0.0265675373375, "min": -1.93867719173, "var": 6.81628751755}, "erbbands_skewness": {"dmean": 0.412062138319, "dmean2": 0.606391727924, "dvar": 0.168902665377, "dvar2": 0.353331625462, "max": 5.81612157822, "mean": -0.162437230349, "median": -0.159619063139, "min": -5.30923557281, "var": 0.766540646553}, "erbbands_spread": {"dmean": 8.3799495697, "dmean2": 12.0852403641, "dvar": 99.1738433838, "dvar2": 198.569946289, "max": 190.931884766, "mean": 32.389667511, "median": 28.3546085358, "min": 0.994876861572, "var": 385.39541626}, "gfcc": {"cov": [[15687.8066406, -2712.2565918, 173.082717896, 1348.52197266, -1372.72875977, 740.149475098, -569.857116699, 370.926239014, -424.054901123, 419.392883301, -583.721191406, 217.953872681, -541.995361328], [-2712.2565918, 3394.19116211, -454.785766602, -677.410705566, 1110.3963623, -601.121398926, 553.593200684, -425.452514648, 439.233917236, -268.704467773, 430.051239014, -280.436553955, 354.672790527], [173.082717896, -454.785766602, 1607.55627441, 383.11831665, -198.58001709, 363.222564697, -82.3367538452, 84.8351745605, -33.2624664307, 175.764389038, -83.9469299316, 72.5731887817, -132.794998169], [1348.52197266, -677.410705566, 383.11831665, 734.592285156, -134.345611572, 214.329818726, -3.23521113396, 59.7616729736, -39.3676261902, 67.2894439697, -87.9737625122, -9.10044670105, -40.1648979187], [-1372.72875977, 1110.3963623, -198.58001709, -134.345611572, 941.350891113, -119.940116882, 291.313415527, -86.9128265381, 171.62046814, -103.503753662, 114.340774536, -47.3916625977, 134.827514648], [740.149475098, -601.121398926, 363.222564697, 214.329818726, -119.940116882, 419.778656006, -46.9506416321, 82.4750061035, -68.8866271973, 65.8263244629, -70.8388366699, 61.9160690308, -69.2333145142], [-569.857116699, 553.593200684, -82.3367538452, -3.23521113396, 291.313415527, -46.9506416321, 355.040039063, -49.8663368225, 77.4276885986, -34.9889221191, 89.1838760376, -48.8257102966, 76.5070800781], [370.926239014, -425.452514648, 84.8351745605, 59.7616729736, -86.9128265381, 82.4750061035, -49.8663368225, 238.956344604, -5.80420255661, 27.2034740448, -40.3681564331, 33.3954124451, -50.0048789978], [-424.054901123, 439.233917236, -33.2624664307, -39.3676261902, 171.62046814, -68.8866271973, 77.4276885986, -5.80420255661, 214.618743896, -6.18631029129, 86.2064590454, -49.5495452881, 63.6262512207], [419.392883301, -268.704467773, 175.764389038, 67.2894439697, -103.503753662, 65.8263244629, -34.9889221191, 27.2034740448, -6.18631029129, 148.784332275, -22.5403404236, 37.7415542603, -42.5916442871], [-583.721191406, 430.051239014, -83.9469299316, -87.9737625122, 114.340774536, -70.8388366699, 89.1838760376, -40.3681564331, 86.2064590454, -22.5403404236, 185.510223389, -31.50664711, 73.0175857544], [217.953872681, -280.436553955, 72.5731887817, -9.10044670105, -47.3916625977, 61.9160690308, -48.8257102966, 33.3954124451, -49.5495452881, 37.7415542603, -31.50664711, 142.966629028, -26.7037124634], [-541.995361328, 354.672790527, -132.794998169, -40.1648979187, 134.827514648, -69.2333145142, 76.5070800781, -50.0048789978, 63.6262512207, -42.5916442871, 73.0175857544, -26.7037124634, 142.175033569]], "icov": [[0.000125104634208, -0.000216173211811, 0.000180929375347, -0.000330964947352, 0.000194459847989, -0.000205477030249, 0.000136850838317, -0.000205251606531, 0.000116206501843, -0.000309556780849, 0.000241911620833, -0.000239334491198, 0.000347451714333], [-0.000216173211811, 0.00219078897499, -0.000828074349556, 0.00162018777337, -0.00126621988602, 0.00131845567375, -0.00108468905091, 0.0019973651506, -0.00143132195808, 0.00161958287936, -0.00145573797636, 0.00184354675002, -0.00125638442114], [0.000180929375347, -0.000828074349556, 0.00130780378822, -0.00104776467197, 0.000538267719094, -0.00109363149386, 0.000493807718158, -0.000663532933686, 0.000277349725366, -0.00133088778239, 0.000555085891392, -0.000867027440108, 0.00116814288776], [-0.000330964947352, 0.00162018777337, -0.00104776467197, 0.0033276618924, -0.00087633007206, 0.000446469290182, -0.0011881229002, 0.00131282047369, -0.000961086130701, 0.00109203648753, -0.000476162793348, 0.00217071408406, -0.0017829653807], [0.000194459847989, -0.00126621988602, 0.000538267719094, -0.00087633007206, 0.00251503218897, -0.000833358208183, -0.000475521286717, -0.000901472754776, -0.000192990337382, -0.000219930545427, 0.00117052020505, -0.00153625337407, 0.000433989509474], [-0.000205477030249, 0.00131845567375, -0.00109363149386, 0.000446469290182, -0.000833358208183, 0.00448277732357, -0.000793359300587, 0.00053141528042, -0.000205236487091, 0.000834785227198, -0.000789037847426, 0.000297013000818, -0.00057772413129], [0.000136850838317, -0.00108468905091, 0.000493807718158, -0.0011881229002, -0.000475521286717, -0.000793359300587, 0.00479445978999, -0.000817643478513, 0.000813602528069, -0.00106543535367, -0.000450211431598, -0.000171928113559, 6.58616481815e-05], [-0.000205251606531, 0.0019973651506, -0.000663532933686, 0.00131282047369, -0.000901472754776, 0.00053141528042, -0.000817643478513, 0.00679887272418, -0.00242824549787, 0.00167677062564, -0.000909054477233, 0.00079576135613, 0.000136237489642], [0.000116206501843, -0.00143132195808, 0.000277349725366, -0.000961086130701, -0.000192990337382, -0.000205236487091, 0.000813602528069, -0.00242824549787, 0.00826489087194, -0.00250551057979, -0.0011827039998, 0.00077980873175, -0.000903056410607], [-0.000309556780849, 0.00161958287936, -0.00133088778239, 0.00109203648753, -0.000219930545427, 0.000834785227198, -0.00106543535367, 0.00167677062564, -0.00250551057979, 0.0105055626482, -0.00132866657805, -0.000646013591904, 0.000452710781246], [0.000241911620833, -0.00145573797636, 0.000555085891392, -0.000476162793348, 0.00117052020505, -0.000789037847426, -0.000450211431598, -0.000909054477233, -0.0011827039998, -0.00132866657805, 0.00935119576752, -0.00102624087594, -0.00149808893912], [-0.000239334491198, 0.00184354675002, -0.000867027440108, 0.00217071408406, -0.00153625337407, 0.000297013000818, -0.000171928113559, 0.00079576135613, 0.00077980873175, -0.000646013591904, -0.00102624087594, 0.0105561809614, -0.00176679797005], [0.000347451714333, -0.00125638442114, 0.00116814288776, -0.0017829653807, 0.000433989509474, -0.00057772413129, 6.58616481815e-05, 0.000136237489642, -0.000903056410607, 0.000452710781246, -0.00149808893912, -0.00176679797005, 0.0123765906319]], "mean": [-81.5694046021, 147.119003296, -130.708648682, 32.2148361206, -27.4730567932, 17.0654277802, -19.9786434174, 0.150954410434, -14.9872646332, -0.65802192688, -7.56468725204, -7.45033550262, -2.12055587769]}, "hfc": {"dmean": 6.56734704971, "dmean2": 9.01866054535, "dvar": 134.066040039, "dvar2": 272.829772949, "max": 369.444213867, "mean": 16.147310257, "median": 8.67044830322, "min": 1.10775789405e-16, "var": 406.360137939}, "melbands": {"dmean": [0.00345641584136, 0.00178745819721, 0.000558455882128, 0.000429802923463, 0.000118366602692, 8.55685721035e-05, 0.000172543572262, 0.000110177155875, 8.47416304168e-05, 8.49451316753e-05, 5.97995313001e-05, 5.69060321141e-05, 4.98387162224e-05, 6.13896700088e-05, 6.10365823377e-05, 4.30636355304e-05, 4.3608048145e-05, 3.47662789864e-05, 2.39977125602e-05, 2.47573825618e-05, 2.60783781414e-05, 1.54379358719e-05, 6.29308397038e-06, 6.35531932858e-06, 5.95711935603e-06, 5.32407102583e-06, 3.32080867338e-06, 3.01840918837e-06, 3.53365953742e-06, 3.18009597322e-06, 2.07590483114e-06, 1.57725025929e-06, 1.53989901719e-06, 1.3002322703e-06, 7.32630894618e-07, 7.38176765935e-07, 5.91467653521e-07, 3.54764182475e-07, 3.23327356e-07, 2.59346421672e-07], "dmean2": [0.00515877222642, 0.00267523177899, 0.000862439861521, 0.000723625125829, 0.000188435747987, 0.000135550551931, 0.000290619791485, 0.000182105810381, 0.000125455102534, 0.000130482410896, 9.16473509278e-05, 8.42390436446e-05, 7.27822480258e-05, 8.99078295333e-05, 9.17291254154e-05, 6.45127147436e-05, 6.6831256845e-05, 5.35829894943e-05, 3.69077097275e-05, 3.76300304197e-05, 4.01849865739e-05, 2.4261586077e-05, 9.76478895609e-06, 9.87953717413e-06, 8.98424605111e-06, 8.18496118882e-06, 5.14147723152e-06, 4.75379647469e-06, 5.54847611056e-06, 4.91761193189e-06, 3.20592994285e-06, 2.46911849899e-06, 2.36204050452e-06, 1.95412508219e-06, 1.08071333216e-06, 1.0768849279e-06, 8.803357332e-07, 5.16584748311e-07, 4.81388383378e-07, 3.87889542708e-07], "dvar": [4.64728436782e-05, 1.03517340904e-05, 9.79958485914e-07, 1.23853874356e-06, 6.86080880996e-08, 5.50848255898e-08, 2.78801422837e-07, 1.3262979337e-07, 1.14425823483e-07, 7.60607861139e-08, 3.78183422356e-08, 4.70689975884e-08, 2.68260205161e-08, 2.39641160249e-08, 3.28011218187e-08, 1.51051224861e-08, 1.38043949605e-08, 8.22610335405e-09, 4.38570690875e-09, 6.84492285075e-09, 6.4414882317e-09, 3.95991817115e-09, 4.60043253492e-10, 3.30286603623e-10, 3.33671257291e-10, 2.39649022848e-10, 9.27005833207e-11, 6.92695553695e-11, 1.16640141989e-10, 1.02066577412e-10, 6.41402070345e-11, 5.17421938628e-11, 3.22745684345e-11, 2.03596271786e-11, 1.0667076597e-11, 2.14397232606e-11, 1.28372581662e-11, 2.06994707833e-12, 1.06071293242e-12, 5.58477905848e-13], "dvar2": [9.99607946142e-05, 2.06692511711e-05, 2.21739514927e-06, 3.2650675621e-06, 1.50713276525e-07, 1.25148503116e-07, 7.47059232253e-07, 3.26409150375e-07, 2.21599080419e-07, 1.51069940557e-07, 8.04297499712e-08, 7.90956136143e-08, 4.70734846658e-08, 5.12671576303e-08, 7.14376966471e-08, 3.02410931852e-08, 3.03223650633e-08, 1.84419715055e-08, 9.76070957392e-09, 1.43788128071e-08, 1.49986583153e-08, 9.91900250824e-09, 9.24409826464e-10, 7.65440932859e-10, 7.05583091953e-10, 5.61885371564e-10, 1.93946858573e-10, 1.67686933783e-10, 2.7701396732e-10, 2.4244942165e-10, 1.53901988376e-10, 1.22872587105e-10, 6.97260166271e-11, 4.5049929065e-11, 2.22866100574e-11, 3.80590454985e-11, 2.81497655047e-11, 3.9929934359e-12, 2.32504358648e-12, 1.20348165027e-12], "max": [0.0731385871768, 0.048101592809, 0.0265976358205, 0.0178242884576, 0.0172488894314, 0.0110171688721, 0.0116413617507, 0.0269038975239, 0.0237012971193, 0.0189279187471, 0.0160646177828, 0.0230437051505, 0.0184072498232, 0.00753257935867, 0.00839331373572, 0.00590113829821, 0.00528990989551, 0.00490041729063, 0.00351361953653, 0.00512805627659, 0.00360785098746, 0.0040581850335, 0.00222595129162, 0.000988600193523, 0.00106072193012, 0.000918083824217, 0.000681944307871, 0.000309073133394, 0.000659610144794, 0.000656890217215, 0.000573108613025, 0.00062375923153, 0.000382916245144, 0.000243231625063, 0.000417316012317, 0.000740887538996, 0.000391098379623, 0.000124126061564, 5.15385363542e-05, 3.7265537685e-05], "mean": [0.00437490735203, 0.00321710226126, 0.00113261723891, 0.000589691859204, 0.000212425016798, 0.000145322177559, 0.000210812198929, 0.000168857077369, 0.00015897443518, 0.00012400088599, 9.25832500798e-05, 9.1655383585e-05, 8.8454609795e-05, 0.000101930374512, 9.89268810372e-05, 6.93550973665e-05, 6.69997098157e-05, 5.44744398212e-05, 3.86216233892e-05, 3.93105983676e-05, 4.11245164287e-05, 2.22863582167e-05, 9.12954055821e-06, 9.19636568142e-06, 9.47843182075e-06, 7.95277173893e-06, 4.68605139758e-06, 4.12496547142e-06, 4.31600528827e-06, 3.94086055167e-06, 2.5573547191e-06, 1.80406846084e-06, 1.706034368e-06, 1.49540858274e-06, 8.73602289175e-07, 9.20700756524e-07, 7.44435453726e-07, 4.28295379606e-07, 3.79135514095e-07, 2.96979209224e-07], "median": [0.00177293084562, 0.00160073267762, 0.000492152175866, 0.000232140038861, 8.09403209132e-05, 3.92928850488e-05, 4.69333754154e-05, 2.99087805615e-05, 2.62341218331e-05, 2.19164376176e-05, 2.13886705751e-05, 2.03899580811e-05, 2.1559997549e-05, 2.46829331445e-05, 2.11839742406e-05, 1.65530600498e-05, 1.60265735758e-05, 1.29027739604e-05, 7.50984509068e-06, 5.63115463592e-06, 5.01016893395e-06, 2.95830409414e-06, 1.63367656114e-06, 1.63279355547e-06, 1.29128920889e-06, 1.00727004337e-06, 6.04426020345e-07, 3.93381469621e-07, 3.56936965318e-07, 2.63069324546e-07, 1.3713223268e-07, 8.16412182303e-08, 5.00997714425e-08, 2.80454592883e-08, 1.46150611613e-08, 1.20028156303e-08, 9.18462728094e-09, 6.6170677826e-09, 5.30060750847e-09, 3.01594371699e-09], "min": [1.41869238233e-24, 8.56003026232e-25, 1.87972813611e-24, 9.86249385103e-25, 1.66069281995e-24, 2.18623037728e-24, 1.71814043208e-24, 1.75490174469e-24, 2.02905930825e-24, 2.45850492986e-24, 1.89548780205e-24, 2.23803112584e-24, 1.74894052005e-24, 2.45481621627e-24, 2.80864597024e-24, 3.25159274903e-24, 2.65290628932e-24, 2.52522974345e-24, 2.95717704021e-24, 3.14612184878e-24, 4.42710317732e-24, 4.32001925374e-24, 3.72322704628e-24, 2.96851336585e-24, 4.5682528758e-24, 3.66907411172e-24, 4.87956026596e-24, 3.74929219388e-24, 4.24611087553e-24, 4.20404526219e-24, 5.19693202434e-24, 5.98473546152e-24, 6.23200746213e-24, 4.00093172289e-24, 5.29131173747e-24, 5.80410011929e-24, 5.70542032536e-24, 6.0064263754e-24, 6.37643724426e-24, 5.94592271612e-24], "var": [5.52764977328e-05, 1.90054124687e-05, 2.75704064734e-06, 1.24698578929e-06, 2.48472758813e-07, 1.52517714014e-07, 2.94842777748e-07, 4.09347165942e-07, 4.28479438597e-07, 2.23565521651e-07, 9.3750934127e-08, 1.33461909968e-07, 1.0055001809e-07, 5.21576701829e-08, 7.05827289949e-08, 3.2523299609e-08, 2.89993149494e-08, 1.65474780545e-08, 1.02311350503e-08, 1.36607782864e-08, 1.26954375901e-08, 5.56958656972e-09, 9.84269554749e-10, 5.70169966796e-10, 7.61741225652e-10, 4.7738485387e-10, 2.40580833033e-10, 1.34454267164e-10, 1.66073182983e-10, 1.47429304875e-10, 7.97156923804e-11, 6.05764258199e-11, 4.54730246513e-11, 2.85931001098e-11, 1.78687308006e-11, 4.47191693398e-11, 2.57418426852e-11, 4.3657920161e-12, 1.92854933412e-12, 1.07248574171e-12]}, "melbands_crest": {"dmean": 3.79898309708, "dmean2": 5.7524638176, "dvar": 12.4329423904, "dvar2": 26.290687561, "max": 35.5148124695, "mean": 16.4562339783, "median": 15.7329425812, "min": 1.61408925056, "var": 40.3771247864}, "melbands_flatness_db": {"dmean": 0.0458680391312, "dmean2": 0.0582421123981, "dvar": 0.00206758035347, "dvar2": 0.0033700701315, "max": 0.785946249962, "mean": 0.292966246605, "median": 0.283358901739, "min": 0.00341795291752, "var": 0.0131489010528}, "melbands_kurtosis": {"dmean": 16.2289161682, "dmean2": 23.8517513275, "dvar": 1377.98449707, "dvar2": 2893.1809082, "max": 1281.73168945, "mean": 24.9976444244, "median": 8.38143348694, "min": -1.90424561501, "var": 2550.18432617}, "melbands_skewness": {"dmean": 1.14560604095, "dmean2": 1.61752021313, "dvar": 1.94150996208, "dvar2": 3.71928787231, "max": 26.1667442322, "mean": 3.24020862579, "median": 2.69152283669, "min": -3.93351125717, "var": 6.99124288559}, "melbands_spread": {"dmean": 7.32654476166, "dmean2": 10.9630918503, "dvar": 128.073638916, "dvar2": 266.73059082, "max": 240.500595093, "mean": 19.4405136108, "median": 14.8934354782, "min": 0.171036496758, "var": 365.341247559}, "mfcc": {"cov": [[11454.6943359, -2048.05834961, 0.648926317692, 733.34552002, -578.872192383, 171.216812134, -187.412658691, -42.8961029053, -20.1586551666, 94.9144058228, -34.0968055725, 0.656256973743, -54.206073761], [-2048.05834961, 2941.16015625, -637.481079102, -92.8623733521, 328.815002441, 1.52631270885, 127.174232483, -42.7224731445, 71.5933380127, -49.309387207, 78.4139175415, 106.530799866, 60.6484680176], [0.648926317692, -637.481079102, 1529.54504395, 112.782546997, -30.9614982605, 173.296356201, -33.9014091492, -13.2035837173, -37.6307945251, 70.7466659546, 51.4706573486, 31.1606636047, -7.14001512527], [733.34552002, -92.8623733521, 112.782546997, 508.015716553, 64.6737365723, 114.514762878, 81.5406417847, 7.42880678177, 81.5882034302, 45.8615760803, 15.249537468, 32.9800987244, -9.3697681427], [-578.872192383, 328.815002441, -30.9614982605, 64.6737365723, 416.064849854, 92.8933181763, 44.4447021484, 76.6846466064, 60.5842132568, 29.9389629364, 10.6707353592, 14.7233743668, 32.7935562134], [171.216812134, 1.52631270885, 173.296356201, 114.514762878, 92.8933181763, 331.398834229, 111.48891449, 19.8337574005, 60.5726013184, -14.5209531784, 20.4612064362, 38.3009262085, -5.1995639801], [-187.412658691, 127.174232483, -33.9014091492, 81.5406417847, 44.4447021484, 111.48891449, 236.726623535, 67.8262176514, 40.7682304382, 6.14422273636, 12.4868173599, 23.1725597382, -6.4810128212], [-42.8961029053, -42.7224731445, -13.2035837173, 7.42880678177, 76.6846466064, 19.8337574005, 67.8262176514, 176.038757324, 44.4871788025, 10.9456701279, 16.6593818665, -1.047067523, 16.0790557861], [-20.1586551666, 71.5933380127, -37.6307945251, 81.5882034302, 60.5842132568, 60.5726013184, 40.7682304382, 44.4871788025, 142.85446167, 32.1522865295, 6.80617380142, 23.3667545319, 1.23026287556], [94.9144058228, -49.309387207, 70.7466659546, 45.8615760803, 29.9389629364, -14.5209531784, 6.14422273636, 10.9456701279, 32.1522865295, 135.230834961, 43.3475036621, -2.20407104492, 9.10487365723], [-34.0968055725, 78.4139175415, 51.4706573486, 15.249537468, 10.6707353592, 20.4612064362, 12.4868173599, 16.6593818665, 6.80617380142, 43.3475036621, 102.536056519, 30.5712547302, 8.1017408371], [0.656256973743, 106.530799866, 31.1606636047, 32.9800987244, 14.7233743668, 38.3009262085, 23.1725597382, -1.047067523, 23.3667545319, -2.20407104492, 30.5712547302, 105.776100159, 31.3134441376], [-54.206073761, 60.6484680176, -7.14001512527, -9.3697681427, 32.7935562134, -5.1995639801, -6.4810128212, 16.0790557861, 1.23026287556, 9.10487365723, 8.1017408371, 31.3134441376, 89.7122268677]], "icov": [[0.00013102334924, 6.13454976701e-05, 8.26641989988e-05, -0.000219702676986, 0.000206912227441, -0.000193164538359, 0.000232080521528, -0.000134603542392, 0.000155400091899, -0.00017279315216, 8.91247982509e-05, -9.82066121651e-05, 1.70240455191e-05], [6.13454976701e-05, 0.000526872405317, 0.000193837404368, 5.69948679185e-05, -0.000375971198082, 0.000132712622872, -0.000284406734863, 0.000511390564498, -0.000213757710299, 0.000332123338012, -0.000556523620617, -0.000275045837043, -0.000149328974658], [8.26641989988e-05, 0.000193837404368, 0.00090516905766, -0.000230473640841, 0.000162778480444, -0.000725790741853, 0.000483382900711, -0.000162469863426, 0.000655331765302, -0.000646464643069, -9.87215971691e-05, -0.000430567073636, 0.000145172976772], [-0.000219702676986, 5.69948679185e-05, -0.000230473640841, 0.00284683867358, -0.000657324912027, 2.67895011348e-05, -0.00107254832983, 0.00085544976173, -0.001339000999, -0.000207451521419, -0.000123968260596, -0.000304867571685, 0.000275759608485], [0.000206912227441, -0.000375971198082, 0.000162778480444, -0.000657324912027, 0.00375317572616, -0.00143349985592, 0.00103733141441, -0.00186267925892, 0.00017246157222, -0.00134054792579, 0.00101473531686, 0.000142217701068, -0.000730338972062], [-0.000193164538359, 0.000132712622872, -0.000725790741853, 2.67895011348e-05, -0.00143349985592, 0.00526311434805, -0.00257396092638, 0.00146225397475, -0.0020909467712, 0.00239511323161, -0.00146811327431, -0.000144889898365, 8.83687098394e-05], [0.000232080521528, -0.000284406734863, 0.000483382900711, -0.00107254832983, 0.00103733141441, -0.00257396092638, 0.00686926720664, -0.00313706207089, 0.001038116985, -0.00141767191235, 0.001083750627, -0.00121156615205, 0.00124374346342], [-0.000134603542392, 0.000511390564498, -0.000162469863426, 0.00085544976173, -0.00186267925892, 0.00146225397475, -0.00313706207089, 0.0086432127282, -0.0029790843837, 0.0017597747501, -0.00252100476064, 0.00174995232373, -0.00188162876293], [0.000155400091899, -0.000213757710299, 0.000655331765302, -0.001339000999, 0.00017246157222, -0.0020909467712, 0.001038116985, -0.0029790843837, 0.0106145720929, -0.00354779069312, 0.0022976633627, -0.00260998215526, 0.00149341800716], [-0.00017279315216, 0.000332123338012, -0.000646464643069, -0.000207451521419, -0.00134054792579, 0.00239511323161, -0.00141767191235, 0.0017597747501, -0.00354779069312, 0.0113352881745, -0.00564220640808, 0.00273404153995, -0.00173755083233], [8.91247982509e-05, -0.000556523620617, -9.87215971691e-05, -0.000123968260596, 0.00101473531686, -0.00146811327431, 0.001083750627, -0.00252100476064, 0.0022976633627, -0.00564220640808, 0.0141671560705, -0.00433670450002, 0.00125879398547], [-9.82066121651e-05, -0.000275045837043, -0.000430567073636, -0.000304867571685, 0.000142217701068, -0.000144889898365, -0.00121156615205, 0.00174995232373, -0.00260998215526, 0.00273404153995, -0.00433670450002, 0.0136394686997, -0.00501187006012], [1.70240455191e-05, -0.000149328974658, 0.000145172976772, 0.000275759608485, -0.000730338972062, 8.83687098394e-05, 0.00124374346342, -0.00188162876293, 0.00149341800716, -0.00173755083233, 0.00125879398547, -0.00501187006012, 0.0137890735641]], "mean": [-714.091003418, 164.686965942, -19.1091194153, 23.8023681641, 14.6650476456, 19.6359462738, 10.7616252899, 5.22718763351, 4.92105817795, 3.88001608849, 1.65636813641, 2.45870637894, 0.0682753250003]}, "pitch_salience": {"dmean": 0.087528064847, "dmean2": 0.132646352053, "dvar": 0.00751368468627, "dvar2": 0.0152658279985, "max": 0.920825541019, "mean": 0.486542224884, "median": 0.501253426075, "min": 0.0168042127043, "var": 0.0225179325789}, "silence_rate_20dB": {"dmean": 0, "dmean2": 0, "dvar": 0, "dvar2": 0, "max": 1, "mean": 1, "median": 1, "min": 1, "var": 0}, "silence_rate_30dB": {"dmean": 0.0469480492175, "dmean2": 0.0938991904259, "dvar": 0.0447396822274, "dvar2": 0.105677105486, "max": 1, "mean": 0.957530856133, "median": 1, "min": 0, "var": 0.0406799092889}, "silence_rate_60dB": {"dmean": 0.0449068285525, "dmean2": 0.0898166149855, "dvar": 0.0429071821272, "dvar2": 0.0924740359187, "max": 1, "mean": 0.129810705781, "median": 0, "min": 0, "var": 0.112958841026}, "spectral_centroid": {"dmean": 249.672485352, "dmean2": 362.437988281, "dvar": 102745.304688, "dvar2": 198992.421875, "max": 11774.3671875, "mean": 1168.35681152, "median": 1043.17333984, "min": 68.2789306641, "var": 748208.375}, "spectral_complexity": {"dmean": 3.97873187065, "dmean2": 5.6246008873, "dvar": 28.7914886475, "dvar2": 52.530456543, "max": 59, "mean": 14.4715394974, "median": 13, "min": 0, "var": 112.218215942}, "spectral_contrast_coeffs": {"dmean": [0.0508659034967, 0.0469057820737, 0.0404182672501, 0.0328158996999, 0.0276104360819, 0.0313894227147], "dmean2": [0.0825529247522, 0.0750748068094, 0.0628292188048, 0.0506620891392, 0.0416650921106, 0.0481229126453], "dvar": [0.00192485447042, 0.00154541304801, 0.00113264459651, 0.000777693116106, 0.000606655899901, 0.00100109551568], "dvar2": [0.00479768449441, 0.00378251355141, 0.00259404326789, 0.00168919400312, 0.00128139543813, 0.0023937204387], "max": [-0.324512004852, -0.304572254419, -0.389124602079, -0.454669773579, -0.486022531986, -0.411583811045], "mean": [-0.679858624935, -0.73860925436, -0.76372885704, -0.772479116917, -0.776329278946, -0.740205645561], "median": [-0.682547211647, -0.746721327305, -0.771338403225, -0.784375309944, -0.784150362015, -0.746749520302], "min": [-0.980217516422, -0.977005898952, -0.977491259575, -0.978956699371, -0.968106329441, -0.966552078724], "var": [0.0056678391993, 0.00740613834932, 0.00548272673041, 0.00485108373687, 0.00347803160548, 0.0037849068176]}, "spectral_contrast_valleys": {"dmean": [0.451273053885, 0.456774264574, 0.424995958805, 0.391567587852, 0.46697884798, 0.655686914921], "dmean2": [0.682209670544, 0.686950862408, 0.625326991081, 0.554545342922, 0.583311319351, 0.681304514408], "dvar": [0.181975737214, 0.193311423063, 0.185019776225, 0.173046976328, 0.262875318527, 0.350849568844], "dvar2": [0.344998180866, 0.371022045612, 0.34162145853, 0.299746751785, 0.453068226576, 0.453501939774], "max": [-4.73371553421, -4.67032527924, -5.07712697983, -5.33755493164, -5.55692243576, -7.32582902908], "mean": [-7.24104881287, -7.47992610931, -7.71836471558, -7.93947029114, -8.53412532806, -11.999420166], "median": [-6.87662410736, -7.31829595566, -7.61484766006, -7.84711408615, -8.41016483307, -12.0686759949], "min": [-28.0624446869, -27.8907604218, -27.8081989288, -27.765089035, -27.5507354736, -27.4608955383], "var": [2.65264606476, 2.15009570122, 1.9700884819, 2.0659968853, 2.6642036438, 4.29323244095]}, "spectral_decrease": {"dmean": 4.20458290407e-09, "dmean2": 5.94993876391e-09, "dvar": 4.15918885875e-17, "dvar2": 8.10193962366e-17, "max": 7.14182788094e-23, "mean": -8.55004689271e-09, "median": -5.96093086003e-09, "min": -8.8498680384e-08, "var": 8.20594335818e-17}, "spectral_energy": {"dmean": 0.0163398440927, "dmean2": 0.023052804172, "dvar": 0.000612259027548, "dvar2": 0.00119182642084, "max": 0.339945375919, "mean": 0.0337344706059, "median": 0.0237359497696, "min": 1.00993251719e-20, "var": 0.00123971246649}, "spectral_energyband_high": {"dmean": 0.000337810226483, "dmean2": 0.000481229682919, "dvar": 8.8776374696e-07, "dvar2": 1.76264120455e-06, "max": 0.0490951165557, "mean": 0.000478282541735, "median": 3.16666446452e-05, "min": 7.01492780298e-21, "var": 1.9298463485e-06}, "spectral_energyband_low": {"dmean": 0.0127472979948, "dmean2": 0.0182524435222, "dvar": 0.000540159351658, "dvar2": 0.00107335753273, "max": 0.311238855124, "mean": 0.0206461567432, "median": 0.0106986677274, "min": 1.0382848395e-23, "var": 0.000837071682326}, "spectral_energyband_middle_high": {"dmean": 0.00214657140896, "dmean2": 0.00301051721908, "dvar": 1.46419688463e-05, "dvar2": 2.82472938125e-05, "max": 0.157893791795, "mean": 0.00556043488905, "median": 0.00225886586122, "min": 1.17771425007e-21, "var": 6.83471298544e-05}, "spectral_energyband_middle_low": {"dmean": 0.0039874878712, "dmean2": 0.00628438405693, "dvar": 7.18630908523e-05, "dvar2": 0.000179335722351, "max": 0.154186531901, "mean": 0.00816499255598, "median": 0.00446170289069, "min": 1.64407081859e-22, "var": 0.000128187719383}, "spectral_entropy": {"dmean": 0.237671777606, "dmean2": 0.297405928373, "dvar": 0.0620994530618, "dvar2": 0.0945352092385, "max": 9.82870483398, "mean": 7.17357158661, "median": 7.17575025558, "min": 4.68563270569, "var": 0.366363883018}, "spectral_flux": {"dmean": 0.0401157066226, "dmean2": 0.0638462528586, "dvar": 0.00214899517596, "dvar2": 0.00538076087832, "max": 0.423874527216, "mean": 0.0866370350122, "median": 0.069365516305, "min": 6.4205772643e-11, "var": 0.00406177714467}, "spectral_kurtosis": {"dmean": 6.44481754303, "dmean2": 10.4970769882, "dvar": 74.9068832397, "dvar2": 194.84197998, "max": 191.059173584, "mean": 11.1646289825, "median": 6.9910197258, "min": -1.34794950485, "var": 169.183486938}, "spectral_rms": {"dmean": 0.00127580377739, "dmean2": 0.00168858200777, "dvar": 2.32258935284e-06, "dvar2": 3.91542562284e-06, "max": 0.018211370334, "mean": 0.0049699600786, "median": 0.00481217447668, "min": 3.13894895319e-12, "var": 8.2112974269e-06}, "spectral_rolloff": {"dmean": 411.583282471, "dmean2": 666.494628906, "dvar": 623872.9375, "dvar2": 1227652.75, "max": 19638.28125, "mean": 1126.82226563, "median": 818.26171875, "min": 64.599609375, "var": 2251830}, "spectral_skewness": {"dmean": 0.567070603371, "dmean2": 0.904707551003, "dvar": 0.367997854948, "dvar2": 0.965503156185, "max": 10.1008443832, "mean": 1.97483456135, "median": 1.75661087036, "min": -0.417723447084, "var": 1.0688393116}, "spectral_spread": {"dmean": 642236.5625, "dmean2": 788149.9375, "dvar": 602638123008, "dvar2": 833554808832, "max": 41963188, "mean": 3240835.5, "median": 2617649.25, "min": 4