{"lowlevel": {"average_loudness": 0.765093266964, "barkbands": {"dmean": [0.000243686750764, 0.00465314695612, 0.0034680464305, 0.00158167816699, 0.000987469917163, 0.00060615374241, 0.000393881782657, 0.000282901077298, 0.000394249800593, 0.000195946500753, 0.000197552610189, 0.000203627059818, 0.000228574339417, 0.000296982179862, 0.000385999766877, 0.000328877242282, 0.000242172332946, 0.000289904943202, 0.000234620936681, 0.000193294428755, 0.000239877830609, 0.000176458663191, 0.000105035731394, 2.82359578705e-05, 4.91307628181e-06, 4.98559245443e-07, 6.56034089275e-08], "dmean2": [0.00040288674063, 0.00736412778497, 0.00587750785053, 0.002496807836, 0.00162803102285, 0.000961757614277, 0.000622360792477, 0.000422978657298, 0.000595439632889, 0.000294389668852, 0.000290361815132, 0.000308925285935, 0.000346542481566, 0.000445979472715, 0.000581736676395, 0.000495051383041, 0.000361213547876, 0.000425710022682, 0.00034816126572, 0.000281342479866, 0.000351202877937, 0.000259557273239, 0.000161040239618, 4.3032465328e-05, 7.23207449482e-06, 7.39806353067e-07, 1.00163859429e-07], "dvar": [4.26383451213e-07, 7.69423349993e-05, 5.02329567098e-05, 7.26716280042e-06, 6.44013471174e-06, 1.84117243407e-06, 7.19914567071e-07, 6.29564681276e-07, 8.44228850383e-07, 2.88072726562e-07, 3.45768938814e-07, 2.79859648344e-07, 3.06098456804e-07, 5.17945693446e-07, 8.72918576533e-07, 5.6559309769e-07, 2.12222431628e-07, 3.14316537242e-07, 1.71601215015e-07, 1.10171910706e-07, 2.05016675636e-07, 1.58398137273e-07, 7.07347993512e-08, 4.52582193944e-09, 1.59407875788e-10, 1.89366903235e-12, 3.4962880708e-14], "dvar2": [1.07461119114e-06, 0.000171903506271, 0.000137672381243, 1.79776943696e-05, 1.65203928191e-05, 4.41459860667e-06, 1.57702652359e-06, 1.24930966194e-06, 1.8300335114e-06, 6.27414692644e-07, 7.0949027986e-07, 5.73679415083e-07, 6.76298839153e-07, 1.11014367121e-06, 1.87695445675e-06, 1.20380809676e-06, 4.62276290136e-07, 6.26929931968e-07, 3.68963156916e-07, 2.25295067935e-07, 4.36604040033e-07, 3.60373775266e-07, 1.68999477523e-07, 1.09156319539e-08, 3.54092366539e-10, 4.11556422622e-12, 7.83446387192e-14], "max": [0.00734569551423, 0.0925782173872, 0.140789985657, 0.037630200386, 0.074013389647, 0.0237955432385, 0.027484241873, 0.0186257753521, 0.0208119414747, 0.0128517346457, 0.0155792944133, 0.0111796827987, 0.0136763509363, 0.0204049665481, 0.0197443794459, 0.0177611913532, 0.0133684286848, 0.0140941524878, 0.00923124700785, 0.00496802059934, 0.00641533406451, 0.00848075840622, 0.00382105470635, 0.000777692242991, 0.000218724788283, 1.9027495e-05, 3.34705259775e-06], "mean": [0.00023093134223, 0.00707515096292, 0.00506947143003, 0.00232271640562, 0.0013995267218, 0.00103417807259, 0.00069191516377, 0.000514699262567, 0.000795928877778, 0.000356745906174, 0.000356511794962, 0.000381852150895, 0.00035772510455, 0.000503214949276, 0.000677163014188, 0.0005712301936, 0.000461815390736, 0.000549711403437, 0.00043032731628, 0.000333555071848, 0.000358312739991, 0.000235562940361, 0.000114127564302, 2.92853765131e-05, 5.0111989367e-06, 5.17772662079e-07, 1.03710760868e-07], "median": [2.14747378777e-05, 0.00332867051475, 0.00207707169466, 0.00105192884803, 0.000631778792012, 0.000335124525009, 0.000185474928003, 6.99098527548e-05, 0.000134029673063, 5.95086603425e-05, 5.95135788899e-05, 7.76357483119e-05, 9.99811236397e-05, 0.000111054599984, 0.000131117587443, 0.000136693110107, 0.000161507981829, 0.000171752690221, 0.000146215432324, 0.000120564181998, 0.000122658646433, 5.30725919816e-05, 1.77011625055e-05, 5.14839484822e-06, 4.62310083549e-07, 7.96277248583e-08, 5.27763717173e-08], "min": [7.21788558957e-24, 5.95545996558e-23, 1.90543024992e-23, 1.76023345833e-24, 7.6788010815e-23, 1.55185316809e-23, 1.55420870676e-23, 2.67712885506e-23, 8.7099053935e-23, 4.6900936259e-23, 1.46914791794e-22, 8.13740820865e-23, 1.68317661003e-22, 1.08678463904e-22, 1.01361583371e-22, 1.08864243803e-22, 1.63214967881e-22, 1.47434430249e-22, 2.32840411977e-22, 2.48777522721e-22, 3.62621485697e-22, 5.6822809682e-22, 7.21345165486e-22, 1.21167873839e-21, 1.26222955104e-21, 1.5501901862e-21, 2.26643590236e-21], "var": [3.78043779392e-07, 0.000112351488497, 6.36353724985e-05, 1.20435761346e-05, 6.72491205478e-06, 3.94777134716e-06, 2.0675563519e-06, 1.83876295523e-06, 2.76731384474e-06, 8.07057290331e-07, 1.05972412712e-06, 9.90329453998e-07, 6.2975112769e-07, 1.27091391278e-06, 2.33530249716e-06, 1.50998630488e-06, 6.07870390468e-07, 9.31891236178e-07, 4.83740620894e-07, 2.46079963517e-07, 3.39852988418e-07, 2.13944218785e-07, 8.05588342701e-08, 4.87188200893e-09, 1.83642406837e-10, 2.08331073746e-12, 3.59995541677e-14]}, "barkbands_crest": {"dmean": 2.60601353645, "dmean2": 4.15177154541, "dvar": 5.83159971237, "dvar2": 13.9238491058, "max": 25.9373264313, "mean": 10.4602823257, "median": 9.72525882721, "min": 2.51969051361, "var": 18.778131485}, "barkbands_flatness_db": {"dmean": 0.0243798065931, "dmean2": 0.0349322073162, "dvar": 0.000631585775409, "dvar2": 0.00122908700723, "max": 0.546573221684, "mean": 0.15997004509, "median": 0.153917849064, "min": 0.0142933595926, "var": 0.00312685337849}, "barkbands_kurtosis": {"dmean": 4.92910289764, "dmean2": 7.614777565, "dvar": 232.710983276, "dvar2": 493.286407471, "max": 775.878723145, "mean": 6.87124586105, "median": 1.04322767258, "min": -1.87758123875, "var": 605.569519043}, "barkbands_skewness": {"dmean": 0.710404753685, "dmean2": 1.05754780769, "dvar": 0.678553521633, "dvar2": 1.41677546501, "max": 22.2208042145, "mean": 1.79009532928, "median": 1.40289056301, "min": -4.24017763138, "var": 2.97298312187}, "barkbands_spread": {"dmean": 7.05425834656, "dmean2": 10.6200656891, "dvar": 67.0295791626, "dvar2": 139.647705078, "max": 139.524719238, "mean": 27.4658737183, "median": 25.3081989288, "min": 0.13305953145, "var": 368.672393799}, "dissonance": {"dmean": 0.0130536193028, "dmean2": 0.021277051419, "dvar": 0.000225511481403, "dvar2": 0.000573516765144, "max": 0.500000059605, "mean": 0.472195982933, "median": 0.478057920933, "min": 0.266584992409, "var": 0.000498104607686}, "dynamic_complexity": 4.38262224197, "erbbands": {"dmean": [0.147581070662, 1.14724481106, 3.90637993813, 4.38303518295, 4.05302476883, 3.10449552536, 3.87120342255, 5.32613563538, 5.2955904007, 5.87268018723, 6.56018018723, 9.1453037262, 6.32097816467, 6.43179559708, 8.12580394745, 7.70216846466, 9.38418769836, 14.1944999695, 15.4823741913, 21.2759647369, 15.3538885117, 13.0085992813, 13.5086841583, 13.7223720551, 10.357216835, 9.33751296997, 9.0254201889, 9.32029056549, 6.49341440201, 5.77979135513, 2.11547374725, 0.946339964867, 0.294426977634, 0.0828525051475, 0.0252512283623, 0.0040761041455, 0.000654284784105, 0.00012410794443, 1.64848552231e-05, 1.23794834508e-05], "dmean2": [0.233134135604, 1.88272309303, 6.67922973633, 7.08866500854, 6.51180315018, 5.19847726822, 6.25535392761, 8.46998310089, 8.49147129059, 8.87737941742, 9.69122600555, 13.5424528122, 9.65084075928, 9.39438915253, 11.5575389862, 11.3741827011, 13.9913749695, 21.4132804871, 23.0861034393, 31.2680778503, 22.8275680542, 19.1280250549, 19.6046066284, 19.7143173218, 15.4032516479, 13.3245439529, 13.0624427795, 13.8577022552, 9.46382522583, 8.85671329498, 3.18696379662, 1.45461881161, 0.437964618206, 0.122205272317, 0.0368679501116, 0.00598198547959, 0.000975982111413, 0.000187530415133, 2.38590801018e-05, 1.80850038305e-05], "dvar": [0.126278162003, 4.54079008102, 64.3378143311, 52.8607749939, 69.3535995483, 71.0921630859, 89.4995574951, 146.872879028, 128.76902771, 241.931488037, 309.120635986, 569.699584961, 262.21685791, 361.463409424, 421.663391113, 377.578491211, 463.007995605, 1460.1998291, 1653.83618164, 2368.82006836, 1270.46203613, 709.763000488, 699.685424805, 535.815795898, 413.000549316, 273.486053467, 262.709991455, 393.908569336, 203.092330933, 231.511413574, 25.8978710175, 5.32736063004, 0.467811733484, 0.0425019674003, 0.0049241958186, 0.000117642433906, 3.55581823897e-06, 1.38551442319e-07, 1.35150568514e-09, 3.4636557511e-10], "dvar2": [0.305223107338, 11.6971940994, 176.287628174, 137.913345337, 168.858627319, 186.874099731, 224.775482178, 345.491455078, 294.496337891, 498.078643799, 615.497314453, 1207.20446777, 599.895080566, 752.189941406, 810.830505371, 753.768676758, 976.355834961, 3326.32177734, 3751.52246094, 5015.51953125, 2871.6340332, 1534.77478027, 1390.7388916, 1107.41467285, 910.373535156, 556.644287109, 550.073791504, 882.457885742, 455.770568848, 564.463806152, 60.1908340454, 13.0851325989, 1.06513023376, 0.0957880392671, 0.0109325200319, 0.000255806924542, 7.64919968788e-06, 3.08487159373e-07, 2.89849300117e-09, 7.33062555103e-10], "max": [3.90903806686, 24.6800327301, 148.7603302, 103.590751648, 123.60597229, 343.046661377, 186.066070557, 250.277389526, 368.017913818, 492.852478027, 478.350097656, 651.850158691, 392.356506348, 489.341339111, 542.694641113, 458.194610596, 564.255493164, 1029.90039063, 1128.69274902, 1244.83276367, 718.910095215, 944.198425293, 792.9296875, 493.025939941, 444.953765869, 279.067596436, 230.183670044, 358.561920166, 271.096282959, 272.461578369, 79.2026443481, 28.271522522, 7.74023485184, 2.6715233326, 1.40016329288, 0.148533254862, 0.0310936812311, 0.0091321002692, 0.000664397783112, 0.000232930484344], "mean": [0.189780265093, 1.66808700562, 5.63173103333, 6.98055315018, 5.97017097473, 4.48373365402, 6.03313302994, 8.96413516998, 8.88162231445, 11.3187704086, 12.9835014343, 18.3758907318, 12.7572889328, 12.522942543, 15.9794816971, 15.0237379074, 16.859746933, 25.1554527283, 27.9195404053, 39.8199653625, 29.969455719, 25.7436847687, 26.8099975586, 28.5813541412, 17.6084156036, 16.4071846008, 16.0349159241, 12.9123392105, 8.88837623596, 6.36370897293, 2.37166810036, 0.990023851395, 0.308296024799, 0.083376377821, 0.0262912604958, 0.00419960962608, 0.000708985084202, 0.000150837673573, 3.24407337757e-05, 3.09632778226e-05], "median": [0.0535410009325, 0.864363968372, 2.47208857536, 3.88828134537, 2.85539054871, 1.97916698456, 2.34611725807, 2.7496278286, 2.90509486198, 2.45087003708, 2.37883758545, 3.27678775787, 2.70026373863, 2.92920875549, 3.58846688271, 3.79458808899, 5.45007133484, 5.74999380112, 7.34461116791, 8.59829616547, 7.83456802368, 9.12724590302, 9.48915672302, 10.3484420776, 6.58371210098, 6.17507982254, 5.47333908081, 3.95845365524, 2.00698113441, 0.995460033417, 0.41060423851, 0.183630600572, 0.0475250594318, 0.00913646537811, 0.00199904991314, 0.000460421841126, 0.00014881422976, 4.92744729854e-05, 2.04673415283e-05, 2.36244795815e-05], "min": [1.57594446265e-21, 1.34139485541e-20, 2.85605238364e-20, 1.01211412527e-20, 5.73730017174e-20, 4.66752118571e-19, 9.71831624975e-20, 2.07032205007e-19, 1.75974235493e-19, 5.87595347849e-19, 4.83191299269e-19, 1.920156483e-18, 2.1090679913e-18, 2.50734635725e-18, 5.12675748953e-18, 5.09051043509e-18, 6.1866025017e-18, 5.02401504001e-18, 4.94276232921e-18, 6.89969050596e-18, 6.28739735447e-18, 8.19917470466e-18, 8.86677149754e-18, 8.43751769918e-18, 1.31767969064e-17, 1.33859569689e-17, 1.5164629378e-17, 1.29988380966e-17, 1.91566493363e-17, 1.81947706328e-17, 2.48653172199e-17, 2.48497132848e-17, 1.88272461641e-17, 1.34189738831e-17, 9.19597366491e-18, 4.37762095418e-18, 3.51245868945e-18, 1.62518842606e-18, 3.47052311393e-19, 2.80438881515e-20], "var": [0.133830443025, 5.81494283676, 78.2835845947, 78.5667419434, 89.5615310669, 74.6910247803, 134.269241333, 333.293395996, 313.838989258, 719.293884277, 982.343444824, 1888.26086426, 719.184570313, 966.649353027, 1433.81237793, 1324.28527832, 1159.73535156, 3490.16113281, 3889.97924805, 7330.59960938, 3574.23876953, 1967.0447998, 1970.79919434, 1907.18457031, 847.381774902, 589.891540527, 624.328735352, 539.256164551, 284.832397461, 255.785385132, 31.2208003998, 5.69477128983, 0.530133485794, 0.0473048314452, 0.00583606259897, 0.000135392270749, 3.87195268559e-06, 1.42374460665e-07, 1.71956771045e-09, 7.81418096896e-10]}, "erbbands_crest": {"dmean": 2.3678715229, "dmean2": 3.73695540428, "dvar": 5.65775728226, "dvar2": 12.9612913132, "max": 28.2635345459, "mean": 8.22637557983, "median": 7.25411081314, "min": 2.42428636551, "var": 16.0505580902}, "erbbands_flatness_db": {"dmean": 0.0161919929087, "dmean2": 0.0221377201378, "dvar": 0.000269048992777, "dvar2": 0.000481979281176, "max": 0.35734808445, "mean": 0.174624621868, "median": 0.171328485012, "min": 0.0338959246874, "var": 0.00164242100436}, "erbbands_kurtosis": {"dmean": 0.91850566864, "dmean2": 1.42692244053, "dvar": 4.05941534042, "dvar2": 9.51136016846, "max": 103.481391907, "mean": 0.331094354391, "median": -0.325279176235, "min": -1.84705328941, "var": 8.24809074402}, "erbbands_skewness": {"dmean": 0.365927040577, "dmean2": 0.543644011021, "dvar": 0.165615007281, "dvar2": 0.343161642551, "max": 8.50469589233, "mean": -0.282984465361, "median": -0.299846589565, "min": -3.4294757843, "var": 0.745256364346}, "erbbands_spread": {"dmean": 9.6329574585, "dmean2": 14.675699234, "dvar": 109.113647461, "dvar2": 247.795181274, "max": 133.385101318, "mean": 44.1418380737, "median": 41.2071609497, "min": 2.9167175293, "var": 385.61416626}, "gfcc": {"cov": [[21197.0859375, 3200.34204102, -2936.60742188, 1398.14575195, -1111.96984863, 181.595245361, -4.65713310242, -212.626022339, 357.569702148, -385.767486572, 86.6389465332, -452.886779785, 109.04889679], [3200.34204102, 1598.45800781, -443.920959473, -54.6489257813, 151.012756348, -165.100448608, 175.418807983, -132.506774902, 67.9818344116, -93.5986938477, 93.1479949951, -85.2608337402, 33.1495513916], [-2936.60742188, -443.920959473, 1032.42041016, 44.6908607483, 214.480453491, 57.7335128784, -71.1045684814, 24.8456935883, -84.6631393433, 64.1058349609, -16.8378753662, 124.288986206, -21.4419212341], [1398.14575195, -54.6489257813, 44.6908607483, 524.517089844, -11.9953584671, 16.738161087, -92.051071167, -8.73878383636, 80.1083221436, -40.3321151733, -8.89296722412, 6.84977388382, 23.3826122284], [-1111.96984863, 151.012756348, 214.480453491, -11.9953584671, 394.475708008, -48.8303375244, 54.0937919617, 3.68144631386, -3.99866080284, 28.7758731842, 21.3926391602, 24.0249233246, 20.0827007294], [181.595245361, -165.100448608, 57.7335128784, 16.738161087, -48.8303375244, 270.314605713, 69.7329406738, 7.17641448975, -12.7618808746, 6.02403068542, -6.53544902802, -6.84791564941, -22.4457683563], [-4.65713310242, 175.418807983, -71.1045684814, -92.051071167, 54.0937919617, 69.7329406738, 211.069458008, 24.9250774384, 1.71165072918, -1.2169046402, 22.7689151764, -25.4001903534, -6.38478660583], [-212.626022339, -132.506774902, 24.8456935883, -8.73878383636, 3.68144631386, 7.17641448975, 24.9250774384, 104.804740906, 21.7053451538, 17.2801914215, -2.06584644318, -1.46972119808, 13.9562940598], [357.569702148, 67.9818344116, -84.6631393433, 80.1083221436, -3.99866080284, -12.7618808746, 1.71165072918, 21.7053451538, 147.352050781, 9.51833248138, -18.189743042, -15.0264348984, -6.18144273758], [-385.767486572, -93.5986938477, 64.1058349609, -40.3321151733, 28.7758731842, 6.02403068542, -1.2169046402, 17.2801914215, 9.51833248138, 96.5869674683, 25.727645874, 9.64721679688, 3.67534351349], [86.6389465332, 93.1479949951, -16.8378753662, -8.89296722412, 21.3926391602, -6.53544902802, 22.7689151764, -2.06584644318, -18.189743042, 25.727645874, 115.017471313, 21.4518299103, 29.9023628235], [-452.886779785, -85.2608337402, 124.288986206, 6.84977388382, 24.0249233246, -6.84791564941, -25.4001903534, -1.46972119808, -15.0264348984, 9.64721679688, 21.4518299103, 89.6483535767, 17.4588871002], [109.04889679, 33.1495513916, -21.4419212341, 23.3826122284, 20.0827007294, -22.4457683563, -6.38478660583, 13.9562940598, -6.18144273758, 3.67534351349, 29.9023628235, 17.4588871002, 87.6443252563]], "icov": [[0.000695687776897, -0.0019142664969, 0.00141762732528, -0.00221121637151, 0.00153119640891, -0.00168682285585, 0.00139320420567, -0.00193581834901, 0.00156493135728, -0.00130751763936, 0.000853922509123, -0.000143259181641, 0.000324485154124], [-0.0019142664969, 0.00660235853866, -0.0037112433929, 0.00624243775383, -0.00466275587678, 0.0054432824254, -0.00494802510366, 0.00725309038535, -0.00525899324566, 0.00487796077505, -0.00349287153222, 0.00136075844057, -0.00139660818968], [0.00141762732528, -0.0037112433929, 0.00462706992403, -0.00478977803141, 0.00207898393273, -0.00386718171649, 0.00333328172565, -0.00442263158038, 0.00422123540193, -0.00342758581974, 0.00232200091705, -0.00219159200788, 0.00161583558656], [-0.00221121637151, 0.00624243775383, -0.00478977803141, 0.00970249157399, -0.00504403328523, 0.00475215306506, -0.00314880139194, 0.00662466185167, -0.00701068434864, 0.00603165850043, -0.00350769376382, 0.00100781698711, -0.00203302525915], [0.00153119640891, -0.00466275587678, 0.00207898393273, -0.00504403328523, 0.00704964436591, -0.0027734960895, 0.00167559878901, -0.00416674511507, 0.00339432596229, -0.00391940539703, 0.00217251479626, -0.000403514190111, -8.43961970531e-05], [-0.00168682285585, 0.0054432824254, -0.00386718171649, 0.00475215306506, -0.0027734960895, 0.00940109230578, -0.0064990427345, 0.00605844706297, -0.00368472584523, 0.00303461728618, -0.00224347179756, 0.00104335159995, -0.000398531643441], [0.00139320420567, -0.00494802510366, 0.00333328172565, -0.00314880139194, 0.00167559878901, -0.0064990427345, 0.0112030860037, -0.00732955569401, 0.00327293761075, -0.00198506750166, 0.000612126081251, 0.000331683200784, 0.00176765851211], [-0.00193581834901, 0.00725309038535, -0.00442263158038, 0.00662466185167, -0.00416674511507, 0.00605844706297, -0.00732955569401, 0.0194030553102, -0.0077034230344, 0.00377946626395, -0.00299113057554, 0.00245357956737, -0.00447148038074], [0.00156493135728, -0.00525899324566, 0.00422123540193, -0.00701068434864, 0.00339432596229, -0.00368472584523, 0.00327293761075, -0.0077034230344, 0.013479010202, -0.00647073239088, 0.00470854435116, -0.00147987960372, 0.00259909103625], [-0.00130751763936, 0.00487796077505, -0.00342758581974, 0.00603165850043, -0.00391940539703, 0.00303461728618, -0.00198506750166, 0.00377946626395, -0.00647073239088, 0.0171674955636, -0.00659328652546, 0.00195766356774, -0.00105383328628], [0.000853922509123, -0.00349287153222, 0.00232200091705, -0.00350769376382, 0.00217251479626, -0.00224347179756, 0.000612126081251, -0.00299113057554, 0.00470854435116, -0.00659328652546, 0.0137428082526, -0.00397363258526, -0.00207756785676], [-0.000143259181641, 0.00136075844057, -0.00219159200788, 0.00100781698711, -0.000403514190111, 0.00104335159995, 0.000331683200784, 0.00245357956737, -0.00147987960372, 0.00195766356774, -0.00397363258526, 0.0161221064627, -0.00319064804353], [0.000324485154124, -0.00139660818968, 0.00161583558656, -0.00203302525915, -8.43961970531e-05, -0.000398531643441, 0.00176765851211, -0.00447148038074, 0.00259909103625, -0.00105383328628, -0.00207756785676, -0.00319064804353, 0.0148019380867]], "mean": [-63.4832267761, 115.035919189, -135.953704834, 67.6670532227, -42.5536689758, 7.06625175476, -18.9388637543, -5.59295749664, -8.56246089935, -6.05763864517, -9.80837059021, -7.75812530518, -8.32154750824]}, "hfc": {"dmean": 7.06823587418, "dmean2": 9.48931217194, "dvar": 123.395278931, "dvar2": 229.175430298, "max": 137.038085938, "mean": 17.8687286377, "median": 11.3299484253, "min": 1.18167475359e-16, "var": 368.335388184}, "melbands": {"dmean": [0.00123987707775, 0.00182469526771, 0.000739269657061, 0.000248187367106, 0.000125472768559, 0.000116145478387, 8.10101410025e-05, 6.30780705251e-05, 5.7116674725e-05, 5.57046478207e-05, 3.14540011459e-05, 2.67272171186e-05, 2.98882441712e-05, 2.29794077313e-05, 2.10129564948e-05, 2.41162415477e-05, 2.68094390776e-05, 2.54809147009e-05, 2.82499167952e-05, 2.50527282333e-05, 1.88562880794e-05, 1.41935142892e-05, 1.33785779326e-05, 1.53951605171e-05, 1.17324607345e-05, 8.65457332111e-06, 6.8008944254e-06, 6.5490853558e-06, 5.77549963054e-06, 5.94011362409e-06, 5.34806531505e-06, 3.84491750083e-06, 3.29054114445e-06, 3.24540519614e-06, 1.26108045606e-06, 8.36724609599e-07, 4.58587919638e-07, 2.20585377519e-07, 1.14547475505e-07, 5.63978765911e-08], "dmean2": [0.00187835202087, 0.00309582892805, 0.00118168618064, 0.000405028404202, 0.000203271381906, 0.000184622709639, 0.000128825515276, 9.45838328335e-05, 8.47930496093e-05, 8.26977629913e-05, 4.83291623823e-05, 3.91499379475e-05, 4.27470258728e-05, 3.44984036929e-05, 3.11648509523e-05, 3.65585110558e-05, 4.06274630222e-05, 3.82063990401e-05, 4.18164818257e-05, 3.72292888642e-05, 2.85550104309e-05, 2.13695238926e-05, 1.98797806661e-05, 2.2884874852e-05, 1.70541406987e-05, 1.28000392579e-05, 1.03173288153e-05, 9.43976829149e-06, 8.43316047394e-06, 8.88172326086e-06, 8.05028048489e-06, 5.72344788452e-06, 4.95548692925e-06, 5.08130142407e-06, 1.92531661014e-06, 1.29384829961e-06, 7.09205608018e-07, 3.28505223024e-07, 1.7446369327e-07, 8.398129836e-08], "dvar": [6.44230931357e-06, 1.30891421577e-05, 1.42680551107e-06, 3.86233210747e-07, 8.35469151639e-08, 6.63699921688e-08, 2.85189845073e-08, 2.60743462377e-08, 1.99756371444e-08, 1.88571203097e-08, 6.58069509996e-09, 6.42777830961e-09, 6.86618717438e-09, 4.01361077706e-09, 2.7981221784e-09, 3.79344156087e-09, 5.25085885883e-09, 4.5895962586e-09, 4.7127293179e-09, 3.45936523871e-09, 2.13048445552e-09, 9.03520980255e-10, 6.72331690321e-10, 1.11847919815e-09, 4.18012707781e-10, 2.8408983499e-10, 1.85451931589e-10, 1.40946879168e-10, 1.08387486486e-10, 1.38055802901e-10, 1.40178604835e-10, 6.83455445016e-11, 7.59748167156e-11, 7.77001310515e-11, 9.77812535802e-12, 4.46649835173e-12, 1.24841825246e-12, 2.59735700829e-13, 8.49928038105e-14, 2.12718687472e-14], "dvar2": [1.41158025144e-05, 3.58399483957e-05, 3.60543435818e-06, 9.8143118521e-07, 2.10982250337e-07, 1.56842247634e-07, 6.34267109945e-08, 5.30346682126e-08, 4.08760101323e-08, 3.99092101588e-08, 1.49560932527e-08, 1.32709931933e-08, 1.32173809675e-08, 8.00850852301e-09, 6.02845284803e-09, 8.89401352566e-09, 1.17536167465e-08, 1.03246877714e-08, 9.78176917243e-09, 7.14388370682e-09, 4.90794871411e-09, 1.9807318008e-09, 1.45006273655e-09, 2.2704371716e-09, 8.87219464563e-10, 5.77813963343e-10, 4.2037054393e-10, 2.95934748928e-10, 2.3149275552e-10, 3.05858893768e-10, 3.23817139769e-10, 1.55598908758e-10, 1.81040044067e-10, 1.93425234163e-10, 2.26742617737e-11, 1.09805515375e-11, 3.06283188915e-12, 5.8469467332e-13, 1.99878213481e-13, 4.8329582388e-14], "max": [0.0297077707946, 0.0588830374181, 0.0147739481181, 0.019264370203, 0.00523625360802, 0.00481602037326, 0.00600536214188, 0.00536816660315, 0.00325573096052, 0.00368764949962, 0.00196388061158, 0.00215693260543, 0.0024659561459, 0.00172572187148, 0.00158374337479, 0.00154269929044, 0.00236624549143, 0.00171202619094, 0.00150243495591, 0.00160543352831, 0.00113139231689, 0.0010359713342, 0.000417449977249, 0.00111270300113, 0.000452099309769, 0.000582529813983, 0.000200985974516, 0.000235912506469, 0.00017342279898, 0.000185759941814, 0.000240634210058, 0.000134969988721, 0.000244601716986, 0.000139832132845, 6.01828505751e-05, 2.77940980595e-05, 1.48202752825e-05, 6.51535265206e-06, 3.52549591298e-06, 2.03728654924e-06], "mean": [0.00183413887862, 0.00272427033633, 0.00123312987853, 0.000367313099559, 0.00020391549333, 0.000197891233256, 0.000139071285957, 0.000120936841995, 0.00011188701319, 0.000111258552352, 6.14797754679e-05, 4.98274202982e-05, 5.61489105166e-05, 4.41000556748e-05, 3.68171822629e-05, 4.00241769967e-05, 4.54426117358e-05, 4.22407247243e-05, 5.0279621064e-05, 4.51407031505e-05, 3.37641140504e-05, 2.60071410594e-05, 2.36025734921e-05, 2.85126006929e-05, 2.27528980759e-05, 1.52497859744e-05, 9.59299995884e-06, 1.1218599866e-05, 1.06789466372e-05, 8.20938021207e-06, 7.12817609383e-06, 5.23415656062e-06, 3.97801204599e-06, 3.38056611326e-06, 1.41358600558e-06, 8.6306204139e-07, 4.76486434309e-07, 2.32851959936e-07, 1.09287881855e-07, 5.66014293213e-08], "median": [0.00075189198833, 0.00141159840859, 0.000713421963155, 0.000174434942892, 8.75390906003e-05, 6.167270476e-05, 4.27429731644e-05, 2.35853985942e-05, 1.82947696885e-05, 1.8313052351e-05, 1.01499663288e-05, 9.56410713115e-06, 1.08902404463e-05, 8.26423001854e-06, 9.86796203506e-06, 1.07952628241e-05, 9.12818813958e-06, 9.70854489424e-06, 1.0041348105e-05, 9.57787779043e-06, 8.42337976792e-06, 8.70476651471e-06, 8.22288984637e-06, 8.14366103441e-06, 7.70096357883e-06, 4.92213121106e-06, 3.35801837537e-06, 3.87548243452e-06, 3.14483554575e-06, 2.5596073101e-06, 1.8576038201e-06, 1.17399406463e-06, 6.9789717827e-07, 4.58726702846e-07, 2.46938128612e-07, 1.34717893729e-07, 8.71170229289e-08, 3.42603385661e-08, 1.08961790701e-08, 5.02584507345e-09], "min": [1.5711857823e-23, 1.66588963837e-23, 2.64255110943e-24, 1.75574689082e-23, 7.98393184855e-24, 4.10972905236e-24, 2.6583940002e-24, 6.76678573611e-24, 4.49911513391e-24, 1.26516320799e-23, 1.0469955205e-23, 8.79525477919e-24, 2.09339434661e-23, 8.80883580853e-24, 1.84209639437e-23, 1.20502076812e-23, 9.07433167935e-24, 7.92819251471e-24, 1.00229132521e-23, 8.9202340124e-24, 7.43493987878e-24, 9.52599951266e-24, 7.37665646852e-24, 7.13061785193e-24, 6.52965217585e-24, 9.47968312233e-24, 8.8408572504e-24, 8.62300542281e-24, 1.09561096705e-23, 7.57887543955e-24, 7.21760869939e-24, 8.24866094657e-24, 1.55078694369e-23, 8.28989155064e-24, 1.57248298517e-23, 1.28178529613e-23, 1.53218844345e-23, 1.34276574294e-23, 1.08075466517e-23, 1.15573392206e-23], "var": [8.89490729605e-06, 1.55441084644e-05, 2.30889531849e-06, 4.33568061453e-07, 1.26527993416e-07, 1.53333488129e-07, 7.57936859941e-08, 7.6681402561e-08, 6.3201980538e-08, 6.26751912591e-08, 1.82729760212e-08, 1.72105529828e-08, 2.25786696006e-08, 1.54055470603e-08, 8.89939855142e-09, 8.05523114877e-09, 1.22984191719e-08, 1.02983612749e-08, 1.2754048484e-08, 1.04242792176e-08, 5.13839282235e-09, 2.31943575457e-09, 1.54445445322e-09, 3.11362291505e-09, 1.33570410288e-09, 8.0366746591e-10, 2.57019933114e-10, 3.0627875236e-10, 3.17043113984e-10, 2.05459121938e-10, 1.80600867594e-10, 9.54535617215e-11, 8.9150936633e-11, 8.12397302208e-11, 1.17586825693e-11, 4.73973854956e-12, 1.31162810647e-12, 2.99433627849e-13, 8.64413521231e-14, 2.33979536321e-14]}, "melbands_crest": {"dmean": 3.54707360268, "dmean2": 5.79461669922, "dvar": 10.2200250626, "dvar2": 25.6501560211, "max": 33.8562812805, "mean": 16.1724014282, "median": 15.7533025742, "min": 2.04701590538, "var": 31.8269062042}, "melbands_flatness_db": {"dmean": 0.0337329469621, "dmean2": 0.0476993434131, "dvar": 0.00117364956532, "dvar2": 0.0021879163105, "max": 0.68467772007, "mean": 0.222495257854, "median": 0.214230269194, "min": 0.00679747061804, "var": 0.00618611369282}, "melbands_kurtosis": {"dmean": 12.7254400253, "dmean2": 19.7278327942, "dvar": 602.164550781, "dvar2": 1433.48498535, "max": 593.700195313, "mean": 22.7533302307, "median": 9.07516288757, "min": -1.87994110584, "var": 1461.84265137}, "melbands_skewness": {"dmean": 1.01319384575, "dmean2": 1.52895152569, "dvar": 1.29122388363, "dvar2": 2.83210277557, "max": 18.8901386261, "mean": 3.44487380981, "median": 2.86591148376, "min": -1.83322441578, "var": 5.32248353958}, "melbands_spread": {"dmean": 9.13648796082, "dmean2": 13.9266710281, "dvar": 148.394241333, "dvar2": 313.910766602, "max": 205.91885376, "mean": 27.5950431824, "median": 21.913274765, "min": 0.209651514888, "var": 542.559082031}, "mfcc": {"cov": [[14566.7246094, 636.59777832, -1033.65429688, 511.532409668, -698.685241699, 272.685180664, -494.656768799, 292.288757324, 15.7888860703, 239.282318115, -10.6752634048, 115.72756958, -69.5019607544], [636.59777832, 1498.98974609, -335.342773438, 82.0255126953, -17.7132320404, 17.1140823364, 119.109573364, -10.3849077225, -10.0919961929, 1.64691841602, 7.05003118515, 35.0363845825, -21.6090068817], [-1033.65429688, -335.342773438, 634.682678223, 31.4410209656, 135.660476685, 70.6897354126, 27.522233963, 17.0533103943, -13.098944664, -71.4063644409, 15.1895370483, -6.3670425415, 35.5978775024], [511.532409668, 82.0255126953, 31.4410209656, 418.90435791, 161.009933472, 10.9990262985, -59.8716239929, 13.9647388458, 21.6504592896, -16.7495155334, -36.848575592, 41.397518158, 31.8449573517], [-698.685241699, -17.7132320404, 135.660476685, 161.009933472, 295.326416016, 19.0708255768, 20.9100952148, -23.8369445801, 14.4566402435, -23.6961860657, -31.8753471375, 15.7606344223, 37.5753593445], [272.685180664, 17.1140823364, 70.6897354126, 10.9990262985, 19.0708255768, 212.086410522, 23.3257064819, 57.2178115845, 12.5746011734, 7.44332838058, 49.288230896, -18.6220741272, 1.33442306519], [-494.656768799, 119.109573364, 27.522233963, -59.8716239929, 20.9100952148, 23.3257064819, 249.624542236, 1.67098701, -16.551492691, 11.6610298157, -14.7853679657, 7.79916524887, -3.34060311317], [292.288757324, -10.3849077225, 17.0533103943, 13.9647388458, -23.8369445801, 57.2178115845, 1.67098701, 124.257263184, 33.9407081604, 0.95878392458, 21.6423130035, -2.33751726151, -0.900365948677], [15.7888860703, -10.0919961929, -13.098944664, 21.6504592896, 14.4566402435, 12.5746011734, -16.551492691, 33.9407081604, 109.62020874, 32.3842964172, 16.8040752411, -3.27131652832, -0.839092075825], [239.282318115, 1.64691841602, -71.4063644409, -16.7495155334, -23.6961860657, 7.44332838058, 11.6610298157, 0.95878392458, 32.3842964172, 109.420318604, 28.524230957, -4.21518230438, -17.0169849396], [-10.6752634048, 7.05003118515, 15.1895370483, -36.848575592, -31.8753471375, 49.288230896, -14.7853679657, 21.6423130035, 16.8040752411, 28.524230957, 111.670829773, 3.54435062408, -7.02324151993], [115.72756958, 35.0363845825, -6.3670425415, 41.397518158, 15.7606344223, -18.6220741272, 7.79916524887, -2.33751726151, -3.27131652832, -4.21518230438, 3.54435062408, 84.0554656982, 21.1078109741], [-69.5019607544, -21.6090068817, 35.5978775024, 31.8449573517, 37.5753593445, 1.33442306519, -3.34060311317, -0.900365948677, -0.839092075825, -17.0169849396, -7.02324151993, 21.1078109741, 71.2864532471]], "icov": [[0.000126980856294, -2.33968585235e-05, 0.00011466279102, -0.000224747389439, 0.000365365674952, -0.000280239270069, 0.000240202221903, -0.000186995224794, 0.000151315529365, -0.000287314556772, 0.000278250750853, -0.000226298376219, 9.02061856323e-06], [-2.33968585235e-05, 0.00087185355369, 0.000541382411029, -0.000272570323432, -5.45997681911e-05, -0.000122846322483, -0.000620413455181, 0.000219272944378, -4.12791414419e-05, 0.000564240908716, -0.000426730577601, -0.000121264878544, 0.000225733485422], [0.00011466279102, 0.000541382411029, 0.00248460401781, -0.000217459019041, -0.000615958531853, -0.000737979309633, -0.000323846732499, -0.000288027105853, 0.000290561583824, 0.00132667971775, -0.000674789072946, 7.13272020221e-05, -0.000315488199703], [-0.000224747389439, -0.000272570323432, -0.000217459019041, 0.00411992799491, -0.00261532142758, 0.000173117950908, 0.000958284188528, -0.000589900882915, -0.000386949570384, 0.000130196625832, 0.000856654369272, -0.00120531232096, -0.000153024782776], [0.000365365674952, -5.45997681911e-05, -0.000615958531853, -0.00261532142758, 0.00656243832782, -0.00141259562224, -0.000179588329047, 0.00137034594081, -0.000907101202756, -0.000478632486193, 0.0016516065225, -0.000499256362673, -0.00142256880645], [-0.000280239270069, -0.000122846322483, -0.000737979309633, 0.000173117950908, -0.00141259562224, 0.00717384181917, -0.0011917889351, -0.00227546086535, 0.000286230730126, 0.000331267598085, -0.00338482786901, 0.00248877285048, -0.000481522874907], [0.000240202221903, -0.000620413455181, -0.000323846732499, 0.000958284188528, -0.000179588329047, -0.0011917889351, 0.00553906103596, -0.000968844804447, 0.00119946000632, -0.00206436309963, 0.00223748735152, -0.00157983542886, 0.000353618117515], [-0.000186995224794, 0.000219272944378, -0.000288027105853, -0.000589900882915, 0.00137034594081, -0.00227546086535, -0.000968844804447, 0.0111397448927, -0.00381434941664, 0.0019824099727, -0.00101223716047, 6.27406261628e-05, 1.71044212038e-05], [0.000151315529365, -4.12791414419e-05, 0.000290561583824, -0.000386949570384, -0.000907101202756, 0.000286230730126, 0.00119946000632, -0.00381434941664, 0.0119026191533, -0.00394965196028, -0.000452676555142, 0.000402968755225, -0.000323059561197], [-0.000287314556772, 0.000564240908716, 0.00132667971775, 0.000130196625832, -0.000478632486193, 0.000331267598085, -0.00206436309963, 0.0019824099727, -0.00394965196028, 0.0132047021762, -0.00383025640622, 0.000816725136247, 0.00183109240606], [0.000278250750853, -0.000426730577601, -0.000674789072946, 0.000856654369272, 0.0016516065225, -0.00338482786901, 0.00223748735152, -0.00101223716047, -0.000452676555142, -0.00383025640622, 0.0130162294954, -0.00288208061829, 0.000597171310801], [-0.000226298376219, -0.000121264878544, 7.13272020221e-05, -0.00120531232096, -0.000499256362673, 0.00248877285048, -0.00157983542886, 6.27406261628e-05, 0.000402968755225, 0.000816725136247, -0.00288208061829, 0.0148578211665, -0.00409486424178], [9.02061856323e-06, 0.000225733485422, -0.000315488199703, -0.000153024782776, -0.00142256880645, -0.000481522874907, 0.000353618117515, 1.71044212038e-05, -0.000323059561197, 0.00183109240606, 0.000597171310801, -0.00409486424178, 0.0168112963438]], "mean": [-686.261779785, 122.723121643, -17.499912262, 56.2552871704, 2.98112297058, 22.4550113678, -1.76954329014, 9.45341682434, 0.335643619299, 5.33133888245, -0.100828953087, 3.13093066216, -4.00024938583]}, "pitch_salience": {"dmean": 0.0770198181272, "dmean2": 0.123455673456, "dvar": 0.00515733240172, "dvar2": 0.0130242276937, "max": 0.896046996117, "mean": 0.488783419132, "median": 0.487290769815, "min": 0.0577584691346, "var": 0.0129443984479}, "silence_rate_20dB": {"dmean": 0, "dmean2": 0, "dvar": 0, "dvar2": 0, "max": 1, "mean": 1, "median": 1, "min": 1, "var": 0}, "silence_rate_30dB": {"dmean": 0.00445259315893, "dmean2": 0.00890635233372, "dvar": 0.00443246867508, "dvar2": 0.0109220566228, "max": 1, "mean": 0.995286107063, "median": 1, "min": 0, "var": 0.00469181593508}, "silence_rate_60dB": {"dmean": 0.0324777364731, "dmean2": 0.0649639815092, "dvar": 0.0314211472869, "dvar2": 0.066763818264, "max": 1, "mean": 0.120989918709, "median": 0, "min": 0, "var": 0.106355108321}, "spectral_centroid": {"dmean": 331.871246338, "dmean2": 483.174438477, "dvar": 144615.21875, "dvar2": 282143.71875, "max": 10728.6992188, "mean": 1679.58227539, "median": 1659.64941406, "min": 116.469940186, "var": 611243.8125}, "spectral_complexity": {"dmean": 4.75379800797, "dmean2": 6.57236433029, "dvar": 37.753238678, "dvar2": 64.6273269653, "max": 61, "mean": 16.5663223267, "median": 15, "min": 0, "var": 138.271209717}, "spectral_contrast_coeffs": {"dmean": [0.0483555011451, 0.0438897721469, 0.0372723005712, 0.0332518219948, 0.0265760254115, 0.022244842723], "dmean2": [0.0795019939542, 0.0695729628205, 0.0560822673142, 0.0502278655767, 0.0388583540916, 0.0317444428802], "dvar": [0.00164155836683, 0.00144357781392, 0.00109603395686, 0.000828904099762, 0.000553822086658, 0.000422186916694], "dvar2": [0.0044955117628, 0.00344652496278, 0.00225011818111, 0.00172575307079, 0.00105496763717, 0.000831412500702], "max": [-0.397255778313, -0.417601823807, -0.465834736824, -0.482414871454, -0.546730875969, -0.516319930553], "mean": [-0.667480766773, -0.718382298946, -0.760256946087, -0.75854831934, -0.768559813499, -0.679392933846], "median": [-0.66617846489, -0.72221416235, -0.770328640938, -0.764767229557, -0.774741113186, -0.67034214735], "min": [-0.977083563805, -0.969961225986, -0.96765100956, -0.954097867012, -0.957465648651, -0.958542406559], "var": [0.00560211250558, 0.00705217337236, 0.00733549939469, 0.00539977382869, 0.00401123054326, 0.00430831871927]}, "spectral_contrast_valleys": {"dmean": [0.436270773411, 0.427225768566, 0.390525728464, 0.370413661003, 0.422203212976, 0.504660129547], "dmean2": [0.668042302132, 0.648657262325, 0.581159234047, 0.52180314064, 0.508603513241, 0.58271920681], "dvar": [0.160183653235, 0.192875444889, 0.189012944698, 0.17309615016, 0.195546492934, 0.303003579378], "dvar2": [0.324410617352, 0.382609158754, 0.368114858866, 0.309385418892, 0.286838680506, 0.471219360828], "max": [-5.07454919815, -5.13615894318, -5.59847688675, -5.40230751038, -5.28057527542, -8.44131183624], "mean": [-7.39260339737, -7.66382789612, -8.24168491364, -8.23175525665, -7.86694765091, -11.3990936279], "median": [-7.04885196686, -7.35840511322, -7.96323204041, -7.92923259735, -7.63405227661, -11.4077968597], "min": [-27.063243866, -27.2881660461, -26.9134044647, -27.4979534149, -27.2231140137, -27.2845668793], "var": [2.73930096626, 2.40129137039, 2.24560880661, 2.1956384182, 2.20771956444, 1.67130684853]}, "spectral_decrease": {"dmean": 2.52313259175e-09, "dmean2": 3.81614917444e-09, "dvar": 1.54775931628e-17, "dvar2": 3.45282161426e-17, "max": 4.62746084156e-30, "mean": -6.15663919845e-09, "median": -4.6979007351e-09, "min": -5.41212408223e-08, "var": 3.25153019004e-17}, "spectral_energy": {"dmean": 0.01000015717, "dmean2": 0.014956462197, "dvar": 0.000235330080613, "dvar2": 0.000518085202202, "max": 0.208323374391, "mean": 0.0248571950942, "median": 0.0191435292363, "min": 1.07006773992e-20, "var": 0.000514038314577}, "spectral_energyband_high": {"dmean": 0.000602333457209, "dmean2": 0.000849815434776, "dvar": 1.37916924814e-06, "dvar2": 2.86539352601e-06, "max": 0.0153179559857, "mean": 0.000952471687924, "median": 0.000345611915691, "min": 7.98374532397e-21, "var": 2.29146553465e-06}, "spectral_energyband_low": {"dmean": 0.00755358859897, "dmean2": 0.0120488777757, "dvar": 0.000178616013727, "dvar2": 0.000423018325819, "max": 0.19444000721, "mean": 0.0136380130425, "median": 0.00783835165203, "min": 8.62648051287e-23, "var": 0.000292448676191}, "spectral_energyband_middle_high": {"dmean": 0.00166040833574, "dmean2": 0.00223447103053, "dvar": 6.20923719907e-06, "dvar2": 1.10975979624e-05, "max": 0.0371372662485, "mean": 0.00472904741764, "median": 0.00241356133483, "min": 1.412308912e-21, "var": 2.97794795188e-05}, "spectral_energyband_middle_low": {"dmean": 0.0030370936729, "dmean2": 0.00465087220073, "dvar": 2.55884497165e-05, "dvar2": 6.01574283792e-05, "max": 0.0919100940228, "mean": 0.00684676133096, "median": 0.00489950133488, "min": 2.40520256879e-22, "var": 5.15807660122e-05}, "spectral_entropy": {"dmean": 0.18756274879, "dmean2": 0.244414642453, "dvar": 0.041177302599, "dvar2": 0.0714990124106, "max": 9.79672908783, "mean": 7.50070905685, "median": 7.51911640167, "min": 4.67563199997, "var": 0.20051792264}, "spectral_flux": {"dmean": 0.0285104773939, "dmean2": 0.0437689572573, "dvar": 0.00120364374015, "dvar2": 0.00238604634069, "max": 0.327656239271, "mean": 0.0786584168673, "median": 0.0691029056907, "min": 1.03444079691e-10, "var": 0.00292587815784}, "spectral_kurtosis": {"dmean": 1.95018661022, "dmean2": 3.36100792885, "dvar": 4.74618625641, "dvar2": 12.747877121, "max": 32.7054672241, "mean": 3.11390638351, "median": 2.3337700367, "min": -1.19117498398, "var": 7.82982683182}, "spectral_rms": {"dmean": 0.000912404211704, "dmean2": 0.00131178449374, "dvar": 1.35468610551e-06, "dvar2": 2.66133520199e-06, "max": 0.0142563078552, "mean": 0.00436900742352, "median": 0.00432164501399, "min": 3.23105019302e-12, "var": 5.16263253303e-06}, "spectral_rolloff": {"dmean": 580.458312988, "dmean2": 959.505432129, "dvar": 850763.375, "dvar2": 1894809.75, "max": 18195.5566406, "mean": 1692.71569824, "median": 1270.45898438, "min": 64.599609375, "var": 4592408.5}, "spectral_skewness": {"dmean": 0.266867160797, "dmean2": 0.421420991421, "dvar": 0.072233915329, "dvar2": 0.171455293894, "max": 4.24870109558, "mean": 0.984647154808, "median": 0.903219997883, "min": -0.339182794094, "var": 0.199214860797}, "spectral_spread": {"dmean": 378656.09375, "dmean2": 557210.8125, "dvar": 283362557952, "dvar2": 487844151296, "max": 39699736, "mean": 37