{"lowlevel": {"average_loudness": 0.258511066437, "barkbands": {"dmean": [1.82926143566e-07, 1.71935280378e-05, 3.66633757949e-05, 0.000145923841046, 0.000542854308151, 0.00066928769229, 0.000313554221066, 0.00115151901264, 0.00131336948834, 0.000719211064279, 0.000275279773632, 0.000255720311543, 0.000358220539056, 0.000314141303534, 0.000122788740555, 5.8060799347e-05, 3.69157351088e-05, 1.98393299797e-05, 1.6748716007e-05, 8.15455714474e-05, 3.75785712095e-05, 2.82693308691e-05, 1.57445301738e-05, 1.04131786429e-05, 3.72086265088e-06, 1.14349040814e-06, 1.1920994325e-07], "dmean2": [3.17908700254e-07, 2.83214139927e-05, 6.06980865996e-05, 0.000204832147574, 0.000830306031276, 0.000952047121245, 0.000441317737568, 0.0016156003112, 0.00198126048781, 0.000980383483693, 0.000395712559111, 0.000391560723074, 0.000526075134985, 0.000463796925033, 0.00018395864754, 8.4035047621e-05, 5.52841192984e-05, 2.87423845293e-05, 2.48252181336e-05, 0.000115959432151, 5.51869452465e-05, 4.36790396634e-05, 2.58046202362e-05, 1.7705897335e-05, 6.51137179375e-06, 1.83683619071e-06, 1.96067645675e-07], "dvar": [1.19910117534e-13, 1.85136039832e-09, 1.64227156318e-08, 1.89896425695e-07, 1.79407811629e-06, 3.62369564755e-06, 9.66729544416e-07, 2.0842115191e-05, 2.54845872405e-05, 8.27420171845e-06, 1.12354484827e-06, 1.31991055241e-06, 3.7026973132e-06, 2.08304663829e-06, 2.09929922335e-07, 6.56671375054e-08, 1.69573031172e-08, 1.03554773645e-08, 6.93463642065e-09, 7.66856800283e-08, 1.34930049356e-08, 7.95434118572e-09, 3.32337024567e-09, 1.8752837061e-09, 2.12843659364e-10, 3.72040592778e-11, 3.96878737556e-13], "dvar2": [3.43159636991e-13, 4.84483964058e-09, 4.2264993283e-08, 3.42078038784e-07, 4.21986624133e-06, 7.52483310862e-06, 1.94462950276e-06, 4.30320178566e-05, 5.74838595639e-05, 1.63491185958e-05, 2.32228057939e-06, 3.3626251934e-06, 7.78916000854e-06, 4.29573128713e-06, 4.80942844661e-07, 1.22781145251e-07, 3.57920164618e-08, 1.61243836061e-08, 1.29815038719e-08, 1.45517617511e-07, 2.80910246175e-08, 1.68249485455e-08, 7.8461157571e-09, 4.31259294942e-09, 5.49687073637e-10, 8.19657258733e-11, 8.09748915056e-13], "max": [1.36005874083e-05, 0.00135513092391, 0.00505678355694, 0.0140509949997, 0.0514025837183, 0.0656470432878, 0.0280499849468, 0.118814140558, 0.130585253239, 0.123026385903, 0.0364648215473, 0.0356818810105, 0.104589417577, 0.0570061281323, 0.0146754281595, 0.0117584187537, 0.00511281192303, 0.0102356672287, 0.00625877734274, 0.0138392616063, 0.00333383097313, 0.00315068103373, 0.00306164100766, 0.00220575765707, 0.000563967623748, 0.000421073229518, 4.73225736641e-05], "mean": [1.93905208334e-07, 2.33820865105e-05, 6.42145969323e-05, 0.000248924799962, 0.00133287289646, 0.00149167468771, 0.000651222129818, 0.00191454333253, 0.0022797929123, 0.00147004181053, 0.000505184463691, 0.00040759780677, 0.000609603477642, 0.000556874962058, 0.000216126427404, 0.000103992257209, 6.97098657838e-05, 3.62356222467e-05, 2.82541805063e-05, 0.000166497658938, 7.03112746123e-05, 4.84288430016e-05, 2.19987523451e-05, 1.22087349155e-05, 4.19249727202e-06, 1.66277970948e-06, 1.44501441923e-07], "median": [9.65308970535e-08, 9.77920899459e-06, 2.55116847256e-05, 5.62976492802e-05, 0.000440682139015, 0.000432873959653, 0.000190769613255, 0.000168856204255, 0.00015240018547, 0.00021147125517, 5.46951414435e-05, 4.70736486022e-05, 3.06697111228e-05, 3.70899033442e-05, 1.19606602311e-05, 8.25707684271e-06, 8.14209488453e-06, 4.06027675126e-06, 2.77237495538e-06, 7.37098935133e-06, 4.8831825552e-06, 4.40509802502e-06, 1.60555407547e-06, 1.19987362268e-06, 4.07205931197e-07, 1.60980533792e-07, 1.06074509176e-08], "min": [5.27041481209e-24, 1.52885061519e-23, 1.31189603799e-23, 2.66040247951e-23, 2.18351760296e-23, 2.69020185798e-23, 6.0466478686e-23, 5.92261495293e-23, 8.34927542187e-23, 9.9438889531e-23, 2.0592543399e-23, 5.7290335355e-23, 1.45093684306e-22, 1.27694807994e-22, 1.53651651303e-22, 1.88462707277e-22, 7.78845590277e-23, 8.74926892158e-23, 1.80967216013e-22, 3.44849168944e-22, 5.50133217997e-22, 4.69556617488e-22, 4.49088239218e-22, 9.89944049073e-22, 1.3766910722e-21, 1.68067671614e-21, 2.24734491309e-21], "var": [1.16948185619e-13, 2.50744913721e-09, 2.95794357896e-08, 4.73224758935e-07, 6.3222200879e-06, 1.07663472591e-05, 2.61867398876e-06, 4.09185595345e-05, 5.47907075088e-05, 2.26353313337e-05, 3.50519098902e-06, 2.15377576751e-06, 8.10270739748e-06, 6.51853315503e-06, 5.54253290375e-07, 1.73684057359e-07, 5.03244912409e-08, 3.91526135957e-08, 1.92739904037e-08, 3.46488036485e-07, 3.82858829084e-08, 1.99063698858e-08, 6.83292800119e-09, 3.78200537554e-09, 3.30246885394e-10, 7.25201357299e-11, 8.50637811058e-13]}, "barkbands_crest": {"dmean": 2.24228978157, "dmean2": 3.53531193733, "dvar": 4.8331580162, "dvar2": 11.6667728424, "max": 26.1040611267, "mean": 10.9704532623, "median": 10.1147651672, "min": 2.7733232975, "var": 17.8374862671}, "barkbands_flatness_db": {"dmean": 0.0219834279269, "dmean2": 0.0326180867851, "dvar": 0.000588838942349, "dvar2": 0.00127094902564, "max": 0.421363145113, "mean": 0.200092315674, "median": 0.201376125216, "min": 0.0470403432846, "var": 0.0026078002993}, "barkbands_kurtosis": {"dmean": 2.58237695694, "dmean2": 4.01078367233, "dvar": 24.816576004, "dvar2": 58.9704818726, "max": 189.351409912, "mean": 4.78559160233, "median": 2.70255470276, "min": -1.86972033978, "var": 53.7631607056}, "barkbands_skewness": {"dmean": 0.465295314789, "dmean2": 0.708231568336, "dvar": 0.263947844505, "dvar2": 0.627305030823, "max": 11.2667064667, "mean": 1.4709649086, "median": 1.31055283546, "min": -2.08302736282, "var": 1.10209155083}, "barkbands_spread": {"dmean": 3.53592205048, "dmean2": 5.77278995514, "dvar": 53.5949478149, "dvar2": 140.142303467, "max": 86.1000366211, "mean": 10.5158729553, "median": 8.08609008789, "min": 0.306785225868, "var": 77.6307220459}, "dissonance": {"dmean": 0.0291140936315, "dmean2": 0.0482786782086, "dvar": 0.000777056731749, "dvar2": 0.00203895336017, "max": 0.500000059605, "mean": 0.427342802286, "median": 0.438625246286, "min": 0.184040352702, "var": 0.00255606323481}, "dynamic_complexity": 6.64893817902, "erbbands": {"dmean": [0.00015832525969, 0.00520560378209, 0.0347248986363, 0.229128971696, 0.88624727726, 1.96641159058, 4.1087141037, 5.56379795074, 5.74203443527, 11.0809030533, 25.5798454285, 31.3691177368, 29.2317276001, 7.31553268433, 13.2735147476, 10.3518362045, 15.2479028702, 17.1444778442, 8.29288291931, 4.87755298615, 2.41919159889, 1.51645290852, 1.10515213013, 0.744949281216, 1.33056855202, 3.94619512558, 2.00905179977, 1.46143734455, 1.03401422501, 0.700873315334, 0.403723925352, 0.279386103153, 0.139027819037, 0.053399503231, 0.0220388732851, 0.00791049003601, 0.00155219109729, 0.000261493638391, 1.92264924408e-05, 5.07860340804e-06], "dmean2": [0.000265037466306, 0.0085440184921, 0.0571741685271, 0.33118647337, 1.28894507885, 3.00689721107, 6.14831209183, 8.03794956207, 7.61227655411, 15.5224504471, 36.7837219238, 46.3095321655, 40.9401359558, 9.98285388947, 19.4547348022, 15.4024353027, 21.911403656, 25.9158592224, 11.8474626541, 7.21266078949, 3.40970659256, 2.20628094673, 1.60198140144, 1.0898373127, 1.90479946136, 5.66151094437, 2.88215065002, 2.157579422, 1.57745063305, 1.11745214462, 0.660375833511, 0.46347078681, 0.240610554814, 0.0942906141281, 0.0378444455564, 0.01298345346, 0.00251634046435, 0.000415137386881, 3.14200988214e-05, 6.69808650855e-06], "dvar": [1.22599359997e-07, 0.000194568565348, 0.0149048604071, 0.428981721401, 6.92709684372, 24.2115516663, 147.824676514, 268.73425293, 372.072875977, 1422.1060791, 13008.6445313, 14491.4619141, 14044.3095703, 748.971374512, 3397.54150391, 1534.72290039, 5503.77734375, 6310.93261719, 937.894775391, 425.744934082, 97.0252151489, 23.6451015472, 21.8627433777, 13.5116357803, 36.8869056702, 185.921020508, 43.0674743652, 20.9258899689, 10.5736274719, 7.62781572342, 2.40635919571, 1.5256588459, 0.340379714966, 0.0482650436461, 0.00760901160538, 0.00191167672165, 4.94785963383e-05, 1.43280180964e-06, 1.26577646142e-08, 1.22959711857e-10], "dvar2": [3.1814457202e-07, 0.000509974255692, 0.038434766233, 0.838491737843, 13.7166481018, 55.4592628479, 325.737487793, 577.545471191, 659.141967773, 2665.89794922, 28119.5957031, 31857.8300781, 29045.0585938, 1445.01635742, 8051.74023438, 3480.84692383, 11566.0693359, 13436.171875, 1793.77648926, 987.09765625, 183.200469971, 47.4916038513, 40.8041191101, 19.891916275, 65.5051116943, 361.76071167, 82.8119049072, 44.2186660767, 22.200138092, 17.5558738708, 5.49643945694, 3.2460038662, 0.874413907528, 0.128799155354, 0.0186294578016, 0.0045229466632, 0.000100781180663, 2.67418977273e-06, 2.74206790607e-08, 2.27850974199e-10], "max": [0.00885771308094, 0.518843710423, 5.46948051453, 19.5495166779, 122.111549377, 171.27961731, 425.051422119, 612.743652344, 690.772033691, 986.100036621, 3415.0090332, 3917.81665039, 5180.73681641, 1232.07666016, 1794.97692871, 1061.90026855, 2447.89208984, 2709.17529297, 1008.13079834, 908.790039063, 626.502929688, 177.60333252, 285.022338867, 362.028991699, 458.74887085, 596.769348145, 191.169448853, 140.692443848, 103.327194214, 133.942779541, 110.982681274, 72.127243042, 28.0525188446, 7.871758461, 3.94059729576, 3.02831816673, 0.410720914602, 0.095132432878, 0.00689345877618, 0.000305496534565], "mean": [0.000232588601648, 0.00757278082892, 0.0626871660352, 0.428039461374, 1.7339605093, 4.72599649429, 9.45695018768, 11.9384813309, 13.007349968, 21.80585289, 43.015789032, 58.3326835632, 60.3355941772, 15.9288778305, 24.7064571381, 19.3702354431, 27.744178772, 30.7066726685, 15.8916196823, 9.56097984314, 5.05327987671, 3.11966323853, 2.13034534454, 1.39377379417, 2.69532513618, 8.01829051971, 4.04817008972, 2.74880981445, 1.85315001011, 1.05860507488, 0.559679329395, 0.346357434988, 0.148495256901, 0.054506842047, 0.0272374525666, 0.0106029538438, 0.00230610161088, 0.000405901315389, 2.76962109638e-05, 1.52376023834e-05], "median": [0.000105772975076, 0.00336833158508, 0.0286111067981, 0.139831125736, 0.558094501495, 1.29124736786, 2.27800130844, 3.5986700058, 4.29147815704, 3.092856884, 3.8699464798, 4.87732219696, 8.89948368073, 2.95037031174, 2.63974189758, 2.39341640472, 1.98896431923, 2.27376890182, 1.24881494045, 0.661679267883, 0.523986935616, 0.397904276848, 0.263893783092, 0.171146422625, 0.193417787552, 0.351565599442, 0.228396981955, 0.190804511309, 0.160350725055, 0.0913146436214, 0.0421751067042, 0.0296435505152, 0.0161802265793, 0.00586673477665, 0.00233314419165, 0.000938244047575, 0.000237372209085, 4.40424264525e-05, 5.2020932344e-06, 5.66320886719e-06], "min": [7.47889615505e-22, 2.47849685981e-21, 9.78535116046e-21, 5.4623446899e-20, 1.31062244415e-19, 3.69376597807e-20, 4.66453997508e-20, 3.03418172189e-19, 6.37836075207e-19, 1.12078537245e-18, 1.20790331078e-18, 1.5764580788e-18, 3.99246829019e-18, 1.69792107315e-18, 1.01920790342e-18, 2.85427727989e-18, 6.16289715971e-18, 7.09421691625e-18, 7.85338260293e-18, 9.52157594224e-18, 7.43739595442e-18, 5.07553474369e-18, 5.12279239927e-18, 7.59149143074e-18, 1.08196961201e-17, 1.22267717011e-17, 2.63394804572e-17, 1.75590525536e-17, 1.57228141641e-17, 1.33182472727e-17, 1.40948565442e-17, 2.4142349784e-17, 1.43378739363e-17, 1.30582412451e-17, 1.0811891671e-17, 5.52075395505e-18, 3.27066573138e-18, 1.25274735673e-18, 3.65817679071e-19, 3.20873117756e-20], "var": [1.78890132929e-07, 0.000276919919997, 0.0255302432925, 1.00358343124, 18.2413787842, 90.8045730591, 509.17364502, 716.874328613, 1138.87768555, 4113.14794922, 24337.0429688, 33809.1679688, 36124.9140625, 2526.62060547, 9133.01269531, 3705.59472656, 13685.7685547, 16709.0976563, 2818.58251953, 1265.12390137, 330.249633789, 85.0621185303, 70.644493103, 52.7835121155, 166.210250854, 771.085327148, 146.045135498, 59.8219070435, 27.4058933258, 14.5646114349, 4.98714971542, 3.54171252251, 0.444576829672, 0.0627752169967, 0.0130554614589, 0.00316115701571, 0.000117640462122, 4.20454307459e-06, 2.16741931069e-08, 5.92896898244e-10]}, "erbbands_crest": {"dmean": 2.66823363304, "dmean2": 4.15049934387, "dvar": 7.01551246643, "dvar2": 17.179933548, "max": 32.2608909607, "mean": 12.0918493271, "median": 10.8781261444, "min": 2.91643452644, "var": 28.7509536743}, "erbbands_flatness_db": {"dmean": 0.0204697288573, "dmean2": 0.029594104737, "dvar": 0.000571683282033, "dvar2": 0.00118639762513, "max": 0.424268990755, "mean": 0.241680413485, "median": 0.242994695902, "min": 0.0896718129516, "var": 0.002460003132}, "erbbands_kurtosis": {"dmean": 1.4625300169, "dmean2": 2.24910759926, "dvar": 4.72220230103, "dvar2": 11.3582420349, "max": 75.6167831421, "mean": 2.31010246277, "median": 1.31127631664, "min": -1.80637705326, "var": 13.5796117783}, "erbbands_skewness": {"dmean": 0.385966807604, "dmean2": 0.594956457615, "dvar": 0.17423273623, "dvar2": 0.424989372492, "max": 5.35847234726, "mean": 0.882588386536, "median": 0.784562468529, "min": -3.10232281685, "var": 0.638210773468}, "erbbands_spread": {"dmean": 6.10787725449, "dmean2": 9.42504882813, "dvar": 105.673469543, "dvar2": 257.668273926, "max": 105.080940247, "mean": 21.6698322296, "median": 17.001449585, "min": 1.40861558914, "var": 233.71144104}, "gfcc": {"cov": [[9586.16601563, -2352.62036133, -945.774108887, 300.149932861, -1120.32580566, 12.4911231995, -117.044487, -160.842437744, -220.5652771, 590.162109375, -444.946990967, -58.8039588928, 60.0121078491], [-2352.62036133, 2386.19067383, 268.350738525, -243.602645874, 617.615661621, -220.314834595, 133.977050781, -68.3041992188, 198.24772644, -360.41229248, 300.822143555, -103.175964355, 43.2760391235], [-945.774108887, 268.350738525, 710.780639648, 96.2961044312, -11.5883750916, 116.821052551, -37.3732032776, -0.698701381683, -78.3503799438, -50.1878814697, -12.0494060516, 9.71234607697, -59.0932388306], [300.149932861, -243.602645874, 96.2961044312, 527.405578613, -17.8967781067, 28.063495636, -80.8164520264, 41.6427688599, -6.8636431694, 13.5264921188, -46.5724334717, -42.5938644409, 23.2147769928], [-1120.32580566, 617.615661621, -11.5883750916, -17.8967781067, 468.985168457, -67.4785690308, 25.0181026459, 51.4894676208, 70.3094863892, -130.410980225, 80.0768814087, -10.8946323395, -11.4009389877], [12.4911231995, -220.314834595, 116.821052551, 28.063495636, -67.4785690308, 309.834014893, 76.9055633545, 19.1507797241, -59.7246208191, 11.1250143051, -34.2939300537, -7.33895874023, -58.9126014709], [-117.044487, 133.977050781, -37.3732032776, -80.8164520264, 25.0181026459, 76.9055633545, 188.671218872, 17.5176582336, -13.713183403, -29.0508975983, 37.4665565491, -5.06218338013, -43.8699760437], [-160.842437744, -68.3041992188, -0.698701381683, 41.6427688599, 51.4894676208, 19.1507797241, 17.5176582336, 135.448135376, 34.3155937195, -15.6094179153, 19.2590446472, 11.8599176407, -20.8283138275], [-220.5652771, 198.24772644, -78.3503799438, -6.8636431694, 70.3094863892, -59.7246208191, -13.713183403, 34.3155937195, 153.480834961, -10.8228883743, 33.67993927, -9.19007015228, 24.2789535522], [590.162109375, -360.41229248, -50.1878814697, 13.5264921188, -130.410980225, 11.1250143051, -29.0508975983, -15.6094179153, -10.8228883743, 160.183120728, -46.9799423218, 9.58806991577, 12.108953476], [-444.946990967, 300.822143555, -12.0494060516, -46.5724334717, 80.0768814087, -34.2939300537, 37.4665565491, 19.2590446472, 33.67993927, -46.9799423218, 165.321838379, 31.8508167267, 1.30862534046], [-58.8039588928, -103.175964355, 9.71234607697, -42.5938644409, -10.8946323395, -7.33895874023, -5.06218338013, 11.8599176407, -9.19007015228, 9.58806991577, 31.8508167267, 103.83417511, 2.35611343384], [60.0121078491, 43.2760391235, -59.0932388306, 23.2147769928, -11.4009389877, -58.9126014709, -43.8699760437, -20.8283138275, 24.2789535522, 12.108953476, 1.30862534046, 2.35611343384, 99.2450637817]], "icov": [[0.000231722558965, -0.000148656079546, 0.000447084166808, -0.000209699574043, 0.000502078793943, 8.87931400939e-06, 0.000122798184748, -8.99413716979e-05, 0.000365821353626, -0.000474871776532, 0.000423136720201, -0.000135231312015, 0.000304390967358], [-0.000148656079546, 0.00253362138756, -0.00194047437981, 0.000984585494734, -0.00211046286859, 0.00110784475692, -0.00186744658276, 0.00242093182169, -0.00244301860221, 0.00265880906954, -0.00277903862298, 0.00294560147449, -0.00206288183108], [0.000447084166808, -0.00194047437981, 0.00378039805219, -0.0012439301936, 0.00223223958164, -0.00136850448325, 0.00234178570099, -0.00159667467233, 0.00280469795689, -0.00173035438638, 0.00234170653857, -0.00247899629176, 0.0028148368001], [-0.000209699574043, 0.000984585494734, -0.0012439301936, 0.00284699280746, -0.00107383704744, 4.85316159029e-05, 0.000288472074317, -0.000256862753304, -0.000756325898692, 0.00112657411955, -0.00110205064993, 0.00228412915021, -0.00172221485991], [0.000502078793943, -0.00211046286859, 0.00223223958164, -0.00107383704744, 0.00553208682686, -0.000292665848974, 0.00154274411034, -0.00259595294483, 0.00157678581309, -0.000585609464906, 0.00215248088352, -0.0020539672114, 0.00250200764276], [8.87931400939e-06, 0.00110784475692, -0.00136850448325, 4.85316159029e-05, -0.000292665848974, 0.00516798300669, -0.00282976124436, 0.000422031676862, -0.000192839812371, 0.000737621332519, -0.000296147307381, 0.0013968202984, 0.000485121418023], [0.000122798184748, -0.00186744658276, 0.00234178570099, 0.000288472074317, 0.00154274411034, -0.00282976124436, 0.00928820110857, -0.00241042650305, 0.00260835932568, -0.00103726016823, 0.000159982009791, -0.00100257969461, 0.00367440050468], [-8.99413716979e-05, 0.00242093182169, -0.00159667467233, -0.000256862753304, -0.00259595294483, 0.000422031676862, -0.00241042650305, 0.0116796679795, -0.00476045208052, 0.0026539505925, -0.0027524465695, 0.000875561556313, 0.000302381988149], [0.000365821353626, -0.00244301860221, 0.00280469795689, -0.000756325898692, 0.00157678581309, -0.000192839812371, 0.00260835932568, -0.00476045208052, 0.0113690141588, -0.00335326441564, 0.00152626039926, -0.0011349307606, 0.000546255556401], [-0.000474871776532, 0.00265880906954, -0.00173035438638, 0.00112657411955, -0.000585609464906, 0.000737621332519, -0.00103726016823, 0.0026539505925, -0.00335326441564, 0.0122178187594, -0.00173410726711, 0.00179510982707, -0.00238712201826], [0.000423136720201, -0.00277903862298, 0.00234170653857, -0.00110205064993, 0.00215248088352, -0.000296147307381, 0.000159982009791, -0.0027524465695, 0.00152626039926, -0.00173410726711, 0.0116174705327, -0.00597958359867, 0.00199955841526], [-0.000135231312015, 0.00294560147449, -0.00247899629176, 0.00228412915021, -0.0020539672114, 0.0013968202984, -0.00100257969461, 0.000875561556313, -0.0011349307606, 0.00179510982707, -0.00597958359867, 0.0150225842372, -0.00309840380214], [0.000304390967358, -0.00206288183108, 0.0028148368001, -0.00172221485991, 0.00250200764276, 0.000485121418023, 0.00367440050468, 0.000302381988149, 0.000546255556401, -0.00238712201826, 0.00199955841526, -0.00309840380214, 0.0153382979333]], "mean": [-130.511779785, 122.17603302, -142.280395508, -6.05058145523, -86.0411376953, -4.25189828873, -37.3572654724, -15.9489040375, -24.9854373932, -5.60783433914, -19.1295661926, -10.7644796371, -6.60909557343]}, "hfc": {"dmean": 3.42429900169, "dmean2": 4.44440698624, "dvar": 62.1231117249, "dvar2": 107.092422485, "max": 226.276916504, "mean": 10.2719364166, "median": 2.77147579193, "min": 1.1724738582e-16, "var": 354.558074951}, "melbands": {"dmean": [2.99438761431e-06, 1.38234863698e-05, 6.10843489994e-05, 8.68311035447e-05, 0.000137901704875, 0.0001296728733, 8.12876751297e-05, 0.000149699291796, 0.000223105569603, 0.000192786217667, 0.000142807897646, 2.8602360544e-05, 4.0698050725e-05, 3.19682367262e-05, 3.00088267977e-05, 3.43728570442e-05, 3.50029258698e-05, 1.58202346938e-05, 8.50174728839e-06, 5.30527859155e-06, 3.0237131341e-06, 1.96074711312e-06, 1.16573983178e-06, 1.0224680409e-06, 5.97502094024e-07, 6.7879125254e-07, 1.86817317172e-06, 2.97527299153e-06, 1.65479059433e-06, 8.41735982249e-07, 9.11521112812e-07, 6.68563075124e-07, 4.80412666093e-07, 3.68228512571e-07, 2.39918023226e-07, 2.19969336968e-07, 1.56399778461e-07, 1.09170628093e-07, 6.38157402477e-08, 4.04060500614e-08], "dmean2": [4.96033271702e-06, 2.28122808039e-05, 8.63981549628e-05, 0.000130948421429, 0.000207456410863, 0.00018376299704, 0.000108848318632, 0.000209182398976, 0.000323889951687, 0.000287431175821, 0.000200284441235, 3.92919500882e-05, 5.86311980442e-05, 4.86064018332e-05, 4.35680594819e-05, 5.11500074936e-05, 5.28843738721e-05, 2.26936026593e-05, 1.25373962874e-05, 7.8816919995e-06, 4.37898643213e-06, 2.90487560051e-06, 1.72486727479e-06, 1.49298034557e-06, 8.94567676823e-07, 1.01686134713e-06, 2.61664717982e-06, 4.34230605606e-06, 2.42481110035e-06, 1.26368320252e-06, 1.37535607792e-06, 1.02173737559e-06, 7.66371613281e-07, 5.94746438765e-07, 3.89067139395e-07, 3.72195870568e-07, 2.6124479291e-07, 1.9009469554e-07, 1.11906302891e-07, 7.2051292932e-08], "dvar": [4.98656220482e-11, 2.21069340611e-09, 3.00019813437e-08, 4.90401745878e-08, 1.45139111396e-07, 1.46518019051e-07, 7.37464915801e-08, 2.8213739256e-07, 9.24265975755e-07, 5.75177807605e-07, 3.45630240872e-07, 1.47061580691e-08, 2.62522306116e-08, 2.07249684081e-08, 1.65566369503e-08, 3.81942406591e-08, 2.72750870778e-08, 4.58573090611e-09, 1.11250986201e-09, 4.83663331607e-10, 1.8801551982e-10, 4.36688289696e-11, 1.85787635276e-11, 3.59040852604e-11, 9.43154582211e-12, 1.60910243463e-11, 6.46936393345e-11, 1.06815827017e-10, 3.61541525884e-11, 7.10104110929e-12, 8.57416221356e-12, 4.66537615831e-12, 3.49958842287e-12, 2.1327147947e-12, 8.00405640204e-13, 1.10989873976e-12, 5.27937394322e-13, 2.20869926081e-13, 8.14294581742e-14, 2.97868554908e-14], "dvar2": [1.30078892102e-10, 5.7284776922e-09, 5.6113272251e-08, 9.52005052568e-08, 3.37902264391e-07, 3.03261657564e-07, 1.32937643116e-07, 5.25859320533e-07, 2.00687100005e-06, 1.27670705297e-06, 7.12756786925e-07, 2.82527139461e-08, 5.73164626871e-08, 5.21177589974e-08, 3.48633442115e-08, 8.17294107947e-08, 5.79058223593e-08, 8.65293436902e-09, 2.44010012196e-09, 1.00547703497e-09, 3.85213277942e-10, 8.834891152e-11, 4.03311238573e-11, 5.46204990959e-11, 1.51869072873e-11, 3.02466281188e-11, 1.22449342332e-10, 2.13716030983e-10, 7.3643410814e-11, 1.49452516335e-11, 1.83649154911e-11, 1.00345625906e-11, 7.63936049836e-12, 5.10096869258e-12, 1.78989581403e-12, 2.83689955208e-12, 1.11918319664e-12, 5.82320433193e-13, 2.09236884004e-13, 8.22482883124e-14], "max": [0.000200255555683, 0.00207984913141, 0.00617454992607, 0.00990978162736, 0.0136586204171, 0.0147598972544, 0.00966409686953, 0.014050337486, 0.0281906761229, 0.024260153994, 0.025520471856, 0.00601518526673, 0.005854296498, 0.00454068509862, 0.00521623017266, 0.0114191751927, 0.00566888274625, 0.00268441624939, 0.00117795122787, 0.000792215636466, 0.000942146638408, 0.000257990381215, 0.000129538879264, 0.000588475551922, 0.000275458471151, 0.000311091687763, 0.000582532666158, 0.000338687677868, 0.000192432198673, 0.000106953113573, 0.000100146629848, 6.51467853459e-05, 9.16091303225e-05, 6.33746021776e-05, 5.91131720284e-05, 7.38722665119e-05, 4.44998368039e-05, 2.0304652935e-05, 1.23997333503e-05, 5.77425907977e-06], "mean": [4.11453311244e-06, 2.40308672801e-05, 0.000115392555017, 0.000206557466299, 0.000331335322699, 0.000283045577817, 0.000181164912647, 0.000279246654827, 0.000380948855309, 0.000346693617757, 0.00028894431307, 5.66589551454e-05, 7.55690125516e-05, 5.49393662368e-05, 5.53380632482e-05, 5.59720538149e-05, 6.05329405516e-05, 2.76853807009e-05, 1.52901266119e-05, 9.69199845713e-06, 5.63324783798e-06, 3.76088405574e-06, 2.0399161258e-06, 1.82215615041e-06, 9.87812313724e-07, 1.16037642783e-06, 3.67916345567e-06, 5.80201458433e-06, 3.06979882225e-06, 1.51072038079e-06, 1.60705621965e-06, 1.14762883641e-06, 7.21215599242e-07, 5.25141615526e-07, 3.30881192667e-07, 2.55922714132e-07, 1.90297669178e-07, 1.13996605933e-07, 6.13693984519e-08, 4.01399091743e-08], "median": [1.74774811512e-06, 1.09853808681e-05, 3.5014218156e-05, 7.37035225029e-05, 8.01814967417e-05, 8.37493716972e-05, 5.5222571973e-05, 2.98273826047e-05, 2.90854859486e-05, 2.90428033622e-05, 3.95607858081e-05, 9.08734000404e-06, 8.03751390777e-06, 5.77112132305e-06, 5.85921998209e-06, 3.0337514545e-06, 3.93364962292e-06, 1.9498115762e-06, 8.24935568744e-07, 7.30285933059e-07, 5.7316742641e-07, 4.37849223545e-07, 2.4116889108e-07, 1.82246139957e-07, 1.08981858205e-07, 8.78311681163e-08, 1.56053530986e-07, 2.40577037403e-07, 1.47129725292e-07, 9.71477689404e-08, 1.05108156845e-07, 9.18065268252e-08, 6.53560547903e-08, 3.84213691973e-08, 2.22471552291e-08, 1.95792964064e-08, 1.56136685803e-08, 1.13171019223e-08, 5.97376192957e-09, 3.69906061337e-09], "min": [5.8522904487e-24, 4.5252915109e-24, 1.30337263257e-23, 5.78339962027e-24, 1.5920089689e-24, 6.95722385838e-24, 1.0695013277e-23, 1.27687621471e-23, 9.23406181316e-24, 1.17802192476e-23, 2.01193830504e-23, 7.08635407768e-24, 2.49872125602e-24, 6.7820628164e-24, 1.01727636919e-23, 1.55184228181e-23, 1.2193332293e-23, 1.18462200841e-23, 1.22560191248e-23, 1.26890564301e-23, 8.03993702852e-24, 5.25018723519e-24, 3.95446347684e-24, 4.76266685703e-24, 6.08732642781e-24, 7.42831186946e-24, 8.09425325729e-24, 8.27275670292e-24, 1.73485738074e-23, 1.55263571811e-23, 8.58125417054e-24, 8.73175936493e-24, 9.65656545881e-24, 6.1947199793e-24, 7.07617224998e-24, 1.06338670905e-23, 1.60761774548e-23, 9.96232557909e-24, 9.31969818645e-24, 1.10507856009e-23], "var": [6.80009590304e-11, 3.75153375032e-09, 7.48486783664e-08, 1.91751141188e-07, 5.01028750932e-07, 4.08950540987e-07, 2.23395602461e-07, 7.54421591864e-07, 1.81860832527e-06, 1.21971959288e-06, 8.89158911832e-07, 4.63033131837e-08, 7.92758498847e-08, 3.92250640857e-08, 4.63588456512e-08, 7.55871383262e-08, 7.61563114793e-08, 1.28993873361e-08, 3.17155790519e-09, 1.33999222829e-09, 5.41028333245e-10, 1.42879666432e-10, 4.64756705343e-11, 1.28265995047e-10, 3.22875892689e-11, 4.87452751774e-11, 3.34461069951e-10, 3.71603608995e-10, 1.06222301788e-10, 1.92189684306e-11, 2.26310359341e-11, 1.13426637874e-11, 6.72134743696e-12, 3.99480361984e-12, 1.66348933326e-12, 1.73484241296e-12, 1.1950703014e-12, 2.46405489328e-13, 1.0614421939e-13, 3.37118503143e-14]}, "melbands_crest": {"dmean": 2.71166110039, "dmean2": 4.26289796829, "dvar": 7.25598478317, "dvar2": 17.0284481049, "max": 34.6937561035, "mean": 13.7718286514, "median": 12.6137084961, "min": 1.96396362782, "var": 28.5168590546}, "melbands_flatness_db": {"dmean": 0.0246076472104, "dmean2": 0.0362325757742, "dvar": 0.000920168473385, "dvar2": 0.002053496195, "max": 0.475575596094, "mean": 0.250623613596, "median": 0.251412659883, "min": 0.00788529962301, "var": 0.00425536278635}, "melbands_kurtosis": {"dmean": 4.09829998016, "dmean2": 6.2881155014, "dvar": 54.3891448975, "dvar2": 129.882232666, "max": 212.681015015, "mean": 8.3721113205, "median": 4.60213947296, "min": -1.81077075005, "var": 136.413848877}, "melbands_skewness": {"dmean": 0.534121692181, "dmean2": 0.803470253944, "dvar": 0.375424087048, "dvar2": 0.864070117474, "max": 12.5125102997, "mean": 1.82492935658, "median": 1.56701803207, "min": -1.78375840187, "var": 1.70520579815}, "melbands_spread": {"dmean": 4.53577232361, "dmean2": 7.40257263184, "dvar": 115.81880188, "dvar2": 303.387420654, "max": 188.460342407, "mean": 13.9667444229, "median": 11.2759580612, "min": 0.58828908205, "var": 161.957427979}, "mfcc": {"cov": [[8840.703125, -1920.68029785, -925.341186523, 243.052902222, -1140.56604004, 303.555267334, -466.048919678, -488.916107178, 62.5054016113, 272.089202881, -280.936920166, 66.9165496826, -159.348205566], [-1920.68029785, 1920.50805664, 87.8602142334, -148.951690674, 394.737213135, -183.595962524, 141.628082275, 132.33140564, -49.1445426941, -132.460739136, 118.349433899, 4.8118185997, 34.8348045349], [-925.341186523, 87.8602142334, 725.76739502, 9.50396728516, 42.3898010254, 71.8029174805, 80.5040740967, 33.8960952759, -29.8427181244, -45.137752533, 1.77874529362, 0.536758005619, 12.9091310501], [243.052902222, -148.951690674, 9.50396728516, 371.56628418, 100.31022644, -25.5242843628, -42.9471092224, -37.9386024475, 28.4975624084, 25.1348152161, -53.6248397827, -7.2557926178, 46.2174491882], [-1140.56604004, 394.737213135, 42.3898010254, 100.31022644, 465.430358887, -89.2731704712, 44.9766464233, 96.6720733643, 15.7243719101, -15.0855379105, 36.5008621216, -33.8734512329, 46.7563362122], [303.555267334, -183.595962524, 71.8029174805, -25.5242843628, -89.2731704712, 224.047027588, 39.5572280884, -12.1877298355, 19.011428833, 33.5353279114, -10.6775379181, -8.99156475067, -36.2246894836], [-466.048919678, 141.628082275, 80.5040740967, -42.9471092224, 44.9766464233, 39.5572280884, 230.480911255, 111.416152954, -37.2438430786, -13.1317052841, 51.5679130554, 6.51199674606, -7.45994949341], [-488.916107178, 132.33140564, 33.8960952759, -37.9386024475, 96.6720733643, -12.1877298355, 111.416152954, 220.254119873, -13.4788379669, -10.1845226288, 75.6586685181, 5.07546329498, 5.701649189], [62.5054016113, -49.1445426941, -29.8427181244, 28.4975624084, 15.7243719101, 19.011428833, -37.2438430786, -13.4788379669, 114.110595703, 41.2361526489, -11.6064434052, -0.703770458698, -3.28168559074], [272.089202881, -132.460739136, -45.137752533, 25.1348152161, -15.0855379105, 33.5353279114, -13.1317052841, -10.1845226288, 41.2361526489, 119.661552429, 4.55312538147, -1.20855796337, -7.3872628212], [-280.936920166, 118.349433899, 1.77874529362, -53.6248397827, 36.5008621216, -10.6775379181, 51.5679130554, 75.6586685181, -11.6064434052, 4.55312538147, 133.622634888, 20.4036617279, -4.85784053802], [66.9165496826, 4.8118185997, 0.536758005619, -7.2557926178, -33.8734512329, -8.99156475067, 6.51199674606, 5.07546329498, -0.703770458698, -1.20855796337, 20.4036617279, 81.762878418, 18.380853653], [-159.348205566, 34.8348045349, 12.9091310501, 46.2174491882, 46.7563362122, -36.2246894836, -7.45994949341, 5.701649189, -3.28168559074, -7.3872628212, -4.85784053802, 18.380853653, 92.3439941406]], "icov": [[0.000273445417406, 5.95318670094e-05, 0.000291383592412, -0.000284201727482, 0.000504223105963, -0.000223649345571, 0.000273175246548, 3.72763097403e-05, 0.000216636515688, -0.000294664961984, 0.000191576473298, -0.000203477320611, 0.00026234309189], [5.95318670094e-05, 0.00081633112859, 2.01034381462e-05, 0.000368750013877, -0.000553028890863, 0.00038211120409, -0.00029971456388, 0.000238659660681, -4.73017207696e-05, 0.000537949323189, -0.000281053653453, -0.000178106478415, 6.03980006417e-05], [0.000291383592412, 2.01034381462e-05, 0.00186324852984, -0.000417386705521, 0.000386766332667, -0.00094076350797, -4.59478178527e-05, 2.24283994612e-05, 0.000456384877907, 0.000287001079414, 0.000301001942717, -0.000293953838991, -1.27923667606e-05], [-0.000284201727482, 0.000368750013877, -0.000417386705521, 0.00392169179395, -0.00169274245854, 0.000546196999494, -0.000271837343462, 0.000486381439259, -0.000534244114533, -0.000224527000682, 0.000894180266187, 1.99519763555e-05, -0.00150847365148], [0.000504223105963, -0.000553028890863, 0.000386766332667, -0.00169274245854, 0.00464741978794, 0.000379400356906, 0.000322577747284, -0.00110760016833, -0.000498718349263, -0.000681649893522, -0.000166675585206, 0.00165006238967, -0.000647463602945], [-0.000223649345571, 0.00038211120409, -0.00094076350797, 0.000546196999494, 0.000379400356906, 0.00645893020555, -0.00196691788733, 0.000468355603516, -0.00142805476207, -0.000907349342015, 0.000145146244904, 0.00088061473798, 0.00119088380598], [0.000273175246548, -0.00029971456388, -4.59478178527e-05, -0.000271837343462, 0.000322577747284, -0.00196691788733, 0.00716564059258, -0.00292514264584, 0.0022246283479, -0.000503067916725, -0.000265689217485, -0.00078837381443, 0.000733255175874], [3.72763097403e-05, 0.000238659660681, 2.24283994612e-05, 0.000486381439259, -0.00110760016833, 0.000468355603516, -0.00292514264584, 0.00751413265243, -0.000458018039353, 0.000375562842237, -0.00281349709257, 0.00014945899602, -0.000391979905544], [0.000216636515688, -4.73017207696e-05, 0.000456384877907, -0.000534244114533, -0.000498718349263, -0.00142805476207, 0.0022246283479, -0.000458018039353, 0.0112777249888, -0.00359952892177, 0.00100925983861, -0.00114527589176, 0.000889456714503], [-0.000294664961984, 0.000537949323189, 0.000287001079414, -0.000224527000682, -0.000681649893522, -0.000907349342015, -0.000503067916725, 0.000375562842237, -0.00359952892177, 0.0112307397649, -0.00186382920947, 0.000451907020761, -0.000131264212541], [0.000191576473298, -0.000281053653453, 0.000301001942717, 0.000894180266187, -0.000166675585206, 0.000145146244904, -0.000265689217485, -0.00281349709257, 0.00100925983861, -0.00186382920947, 0.0108908116817, -0.00294603593647, 0.00128666660748], [-0.000203477320611, -0.000178106478415, -0.000293953838991, 1.99519763555e-05, 0.00165006238967, 0.00088061473798, -0.00078837381443, 0.00014945899602, -0.00114527589176, 0.000451907020761, -0.00294603593647, 0.0148614151403, -0.00393342413008], [0.00026234309189, 6.03980006417e-05, -1.27923667606e-05, -0.00150847365148, -0.000647463602945, 0.00119088380598, 0.000733255175874, -0.000391979905544, 0.000889456714503, -0.000131264212541, 0.00128666660748, -0.00393342413008, 0.013765915297]], "mean": [-764.499389648, 152.133682251, -8.94084644318, -6.93071603775, -28.7445011139, -1.28556501865, -15.4142351151, -13.9406003952, -7.33685827255, -4.89366912842, -11.4796390533, -5.6440372467, -9.68308830261]}, "pitch_salience": {"dmean": 0.0617721490562, "dmean2": 0.0979694798589, "dvar": 0.00357828964479, "dvar2": 0.00877796392888, "max": 0.938921749592, "mean": 0.570505976677, "median": 0.581217765808, "min": 0.0948786139488, "var": 0.0150911370292}, "silence_rate_20dB": {"dmean": 0, "dmean2": 0, "dvar": 0, "dvar2": 0, "max": 1, "mean": 1, "median": 1, "min": 1, "var": 0}, "silence_rate_30dB": {"dmean": 0.00513592502102, "dmean2": 0.0102727590129, "dvar": 0.00510971993208, "dvar2": 0.0117620490491, "max": 1, "mean": 0.993802011013, "median": 1, "min": 0, "var": 0.00615944853052}, "silence_rate_60dB": {"dmean": 0.0587974861264, "dmean2": 0.117605380714, "dvar": 0.0553437545896, "dvar2": 0.111564658582, "max": 1, "mean": 0.420134574175, "median": 0, "min": 0, "var": 0.243622496724}, "spectral_centroid": {"dmean": 175.099105835, "dmean2": 275.476867676, "dvar": 119082.03125, "dvar2": 292942.90625, "max": 10963.7714844, "mean": 883.373474121, "median": 715.228271484, "min": 234.765197754, "var": 279499.1875}, "spectral_complexity": {"dmean": 1.64686083794, "dmean2": 2.47697496414, "dvar": 3.5879201889, "dvar2": 6.4626083374, "max": 43, "mean": 8.94926548004, "median": 8, "min": 0, "var": 36.9101524353}, "spectral_contrast_coeffs": {"dmean": [0.0456245429814, 0.0411488562822, 0.0338529534638, 0.0287847612053, 0.0224829502404, 0.0184547100216], "dmean2": [0.0735697746277, 0.0638927742839, 0.051988452673, 0.0446061752737, 0.0344788581133, 0.0283895116299], "dvar": [0.00136215146631, 0.00145870144479, 0.0009028413333, 0.000677294447087, 0.00047350913519, 0.000348282977939], "dvar2": [0.00341804465279, 0.00321527128108, 0.00187191844452, 0.00142455718014, 0.000975263887085, 0.000756292429287], "max": [-0.218884572387, -0.296824246645, -0.354403018951, -0.486142963171, -0.562617480755, -0.51116591692], "mean": [-0.573414444923, -0.701043486595, -0.726789236069, -0.751499056816, -0.784651875496, -0.757947564125], "median": [-0.579780936241, -0.713272154331, -0.745451390743, -0.766113758087, -0.792046904564, -0.76558381319], "min": [-0.945348024368, -0.96297544241, -0.961564838886, -0.963318705559, -0.953688561916, -0.963488340378], "var": [0.00999506749213, 0.00942246895283, 0.00849033147097, 0.00536077143624, 0.00350300525315, 0.00289694801904]}, "spectral_contrast_valleys": {"dmean": [0.43914476037, 0.304618358612, 0.265109747648, 0.257538825274, 0.306267380714, 0.390493631363], "dmean2": [0.717465400696, 0.487908601761, 0.420275986195, 0.398369044065, 0.441081851721, 0.559275984764], "dvar": [0.143025606871, 0.0913720428944, 0.0700186789036, 0.0704321116209, 0.160673588514, 0.387737900019], "dvar2": [0.332311362028, 0.184129178524, 0.129858851433, 0.130196288228, 0.322230786085, 0.838094294071], "max": [-6.49144792557, -4.83159685135, -5.33676338196, -6.30368566513, -6.13358926773, -7.97802877426], "mean": [-9.255900383, -7.35961866379, -7.98840045929, -8.88454437256, -9.31815338135, -11.9127912521], "median": [-9.13977146149, -7.3453912735, -7.98680400848, -8.88081359863, -9.31073760986, -11.8165645599], "min": [-27.5528011322, -27.3273468018, -27.2865524292, -27.1357574463, -27.4996604919, -27.1061172485], "var": [0.852895021439, 0.702246308327, 0.604006528854, 0.818334817886, 1.06969833374, 1.60935735703]}, "spectral_decrease": {"dmean": 9.97408600156e-10, "dmean2": 1.30374133711e-09, "dvar": 5.03310492776e-18, "dvar2": 9.26071378273e-18, "max": 6.18314151226e-29, "mean": -3.02158498222e-09, "median": -1.13548348502e-09, "min": -6.18525746177e-08, "var": 2.32736347785e-17}, "spectral_energy": {"dmean": 0.00405301852152, "dmean2": 0.00528546702117, "dvar": 8.32328078104e-05, "dvar2": 0.000152181368321, "max": 0.253566622734, "mean": 0.0123358611017, "median": 0.00454105902463, "min": 1.04013163735e-20, "var": 0.000393400958274}, "spectral_energyband_high": {"dmean": 0.000125185033539, "dmean2": 0.000185475451872, "dvar": 1.16091143809e-07, "dvar2": 2.2922381504e-07, "max": 0.00888682808727, "mean": 0.000255711463979, "median": 2.06315889955e-05, "min": 7.84964189833e-21, "var": 4.22021116719e-07}, "spectral_energyband_low": {"dmean": 8.36625986267e-05, "dmean2": 0.000132830595248, "dvar": 5.58408679296e-08, "dvar2": 1.37525972832e-07, "max": 0.00643947534263, "mean": 0.000159344941494, "median": 7.17631482985e-05, "min": 4.26463285627e-23, "var": 9.99024152293e-08}, "spectral_energyband_middle_high": {"dmean": 0.00128067354672, "dmean2": 0.00169631023891, "dvar": 1.39461835715e-05, "dvar2": 2.46337385761e-05, "max": 0.121054306626, "mean": 0.00348884495907, "median": 0.000599347986281, "min": 1.22733296992e-21, "var": 7.0388232416e-05}, "spectral_energyband_middle_low": {"dmean": 0.00339284678921, "dmean2": 0.00461712526157, "dvar": 6.38220808469e-05, "dvar2": 0.000126658938825, "max": 0.219765931368, "mean": 0.00904441718012, "median": 0.00371632375754, "min": 3.27680854587e-22, "var": 0.000212806582567}, "spectral_entropy": {"dmean": 0.204533740878, "dmean2": 0.30340462923, "dvar": 0.072435118258, "dvar2": 0.163942217827, "max": 9.80807495117, "mean": 6.91267967224, "median": 6.90355205536, "min": 4.88367271423, "var": 0.274988889694}, "spectral_flux": {"dmean": 0.0138908987865, "dmean2": 0.0214352793992, "dvar": 0.000425795791671, "dvar2": 0.000918795121834, "max": 0.327513903379, "mean": 0.0400270558894, "median": 0.0255598016083, "min": 1.01986842582e-10, "var": 0.0015854643425}, "spectral_kurtosis": {"dmean": 4.53070688248, "dmean2": 7.54660654068, "dvar": 40.6716918945, "dvar2": 108.917739868, "max": 98.8101882935, "mean": 10.5703487396, "median": 6.75403499603, "min": -1.1812710762, "var": 128.421844482}, "spectral_rms": {"dmean": 0.000468677724712, "dmean2": 0.000590029871091, "dvar": 4.74664176409e-07, "dvar2": 7.22893787497e-07, "max": 0.0157283842564, "mean": 0.0027422348503, "median": 0.00210482813418, "min": 3.18553386794e-12, "var": 4.5151609811e-06}, "spectral_rolloff": {"dmean": 333.478515625, "dmean2": 595.770385742, "dvar": 864561.375, "dvar2": 2299213.25, "max": 18518.5546875, "mean": 1108.85375977, "median": 796.728515625, "min": 193.798828125, "var": 979191.5}, "spectral_skewness": {"dmean": 0.431151866913, "dmean2": 0.685941815376, "dvar": 0.250580459833, "dvar2": 0.627565264702, "max": 7.81697654724, "mean": 2.24680566788, "median": 2.08207249641, "min": 0.0149177061394, "var": 1.0