{"lowlevel": {"average_loudness": 0.54012876749, "barkbands": {"dmean": [0.00015049650392, 0.00420868769288, 0.0016242864076, 0.00179099792149, 0.00150722439867, 0.000599516148213, 0.000469340622658, 0.00039830832975, 0.000371953472495, 0.000431826600106, 0.00047718238784, 0.000445815414423, 0.000393033842556, 0.000512122176588, 0.000308994116494, 0.000177661320777, 9.58941018325e-05, 8.88281138032e-05, 0.000104929589725, 0.000164392375154, 0.000108242646093, 8.47998235258e-05, 7.03868863638e-05, 4.77931280329e-05, 2.87103102892e-05, 1.42372691698e-05, 1.51985441335e-05], "dmean2": [0.000219214052777, 0.00685985339805, 0.00301123643294, 0.00313538336195, 0.00259409612045, 0.000991809065454, 0.000733387540095, 0.000603969034273, 0.000569169060327, 0.000659061828628, 0.00072140537668, 0.000685150385834, 0.00061213056324, 0.00079176487634, 0.000472845742479, 0.000273978570476, 0.000152175605763, 0.000143571742228, 0.000168939528521, 0.000257924722973, 0.000172158645, 0.000139824100188, 0.000115656133858, 7.11002430762e-05, 4.01782090194e-05, 1.94463100343e-05, 2.20258352783e-05], "dvar": [1.90948071577e-07, 0.000188336663996, 2.36850610236e-05, 4.25315884058e-05, 1.05949620774e-05, 1.22892697618e-06, 1.85703186162e-06, 1.55890666065e-06, 2.68243934443e-06, 3.3591202282e-06, 5.85936822972e-06, 5.147831871e-06, 3.66055110135e-06, 4.1416192289e-06, 1.52522852659e-06, 5.88742921082e-07, 1.01439447064e-07, 6.44109405812e-08, 1.11653058354e-07, 4.97519181408e-07, 2.02854067766e-07, 1.29703295215e-07, 1.32536086994e-07, 5.80165284703e-08, 1.31787718516e-08, 2.04266403792e-09, 2.04129557702e-09], "dvar2": [3.96053337681e-07, 0.000475523993373, 6.89427179168e-05, 0.000120513985166, 3.05425346596e-05, 3.28429996443e-06, 4.02543582823e-06, 3.39069060828e-06, 5.35934805157e-06, 7.50722574594e-06, 1.24265343402e-05, 1.08992107926e-05, 8.78590344655e-06, 9.67293544818e-06, 3.32485888066e-06, 1.20118363611e-06, 2.25527330144e-07, 1.55955532932e-07, 2.69505505912e-07, 1.15387911137e-06, 4.89078956889e-07, 3.59943243211e-07, 3.67742131857e-07, 1.28279964429e-07, 2.44266811222e-08, 3.69180508386e-09, 4.10560252462e-09], "max": [0.00637556612492, 0.143567115068, 0.0565405488014, 0.109831109643, 0.0571251995862, 0.0302518401295, 0.060333698988, 0.048408575356, 0.130910843611, 0.0997574552894, 0.0912789702415, 0.0938212350011, 0.0655242651701, 0.100641600788, 0.0416626930237, 0.0303653925657, 0.0201694015414, 0.00837894156575, 0.0134821143001, 0.0429767183959, 0.0181302092969, 0.010998214595, 0.010275401175, 0.011112109758, 0.00705424929038, 0.0018906960031, 0.00067411881173], "mean": [0.000153113112901, 0.00414593704045, 0.00163336412515, 0.00219550239854, 0.00258457101882, 0.00125720247161, 0.000836134946439, 0.000682679121383, 0.000558921310585, 0.000675480870996, 0.000658604549244, 0.000684761267621, 0.000573792378418, 0.000835081445985, 0.000468233978609, 0.000259298103629, 0.000151151805767, 0.00014576187823, 0.000161314339493, 0.000271050346782, 0.000173801614437, 0.000126403247123, 9.21625251067e-05, 7.09676241968e-05, 4.3619715143e-05, 1.84315849765e-05, 1.5695404727e-05], "median": [8.61864100443e-06, 0.00133653357625, 0.000559334293939, 0.000836574588902, 0.00139984837733, 0.000729672261514, 0.000301802851027, 0.000283893517917, 0.000158565570018, 0.000160153125762, 4.86482131237e-05, 6.13455049461e-05, 6.83208563714e-05, 9.66408260865e-05, 5.33465281478e-05, 3.38146310241e-05, 3.420019857e-05, 2.85550122499e-05, 2.68102157861e-05, 2.69374231721e-05, 1.64745524671e-05, 9.7346091934e-06, 7.04155627318e-06, 6.11653649685e-06, 3.41138388649e-06, 5.7720433233e-07, 8.84344473207e-08], "min": [2.5320445649e-25, 2.2252168693e-24, 5.90906121817e-25, 6.62249808454e-27, 7.7514198299e-24, 1.0440146518e-23, 5.31762222081e-24, 4.7280165362e-24, 1.24334213206e-23, 1.98120601966e-23, 5.46565473069e-24, 2.21093367486e-23, 2.47246062869e-23, 2.5353546154e-23, 3.0208472266e-23, 6.43165742874e-23, 5.85334728565e-23, 9.60440550244e-23, 1.20790306077e-22, 1.87121037893e-22, 2.65674721362e-22, 3.51323710114e-22, 3.91042238225e-22, 5.92422624866e-22, 9.00109023571e-22, 1.36612381968e-21, 2.03491762126e-21], "var": [2.2764463381e-07, 0.000154204812134, 1.50612859215e-05, 3.39855687344e-05, 1.30714715851e-05, 2.44739840127e-06, 5.29101407665e-06, 2.52960080616e-06, 4.6746845328e-06, 4.76014838569e-06, 1.07647656478e-05, 1.06095285446e-05, 5.89066712564e-06, 9.48438628257e-06, 3.04204286294e-06, 1.18867831134e-06, 2.19644689992e-07, 1.52289672428e-07, 2.01092177576e-07, 9.73969576989e-07, 3.71862284965e-07, 1.46125088918e-07, 1.25908741211e-07, 9.84524888281e-08, 2.98360731676e-08, 4.13722966996e-09, 2.9063484952e-09]}, "barkbands_crest": {"dmean": 2.73003697395, "dmean2": 4.42529964447, "dvar": 7.63055038452, "dvar2": 18.8080921173, "max": 25.331571579, "mean": 10.0605640411, "median": 9.1698474884, "min": 1.66477394104, "var": 17.230890274}, "barkbands_flatness_db": {"dmean": 0.0237116776407, "dmean2": 0.0358370020986, "dvar": 0.000631801842246, "dvar2": 0.00147672079038, "max": 0.446158975363, "mean": 0.166195377707, "median": 0.155073583126, "min": 0.00935148913413, "var": 0.0046804100275}, "barkbands_kurtosis": {"dmean": 4.35941696167, "dmean2": 7.10213470459, "dvar": 122.959228516, "dvar2": 327.541229248, "max": 324.855560303, "mean": 6.02805042267, "median": 2.95694637299, "min": -1.92284107208, "var": 131.516769409}, "barkbands_skewness": {"dmean": 0.636927545071, "dmean2": 0.976546049118, "dvar": 0.679996967316, "dvar2": 1.61540222168, "max": 13.7093572617, "mean": 1.6487698555, "median": 1.55212819576, "min": -2.61518478394, "var": 1.87206673622}, "barkbands_spread": {"dmean": 4.92430591583, "dmean2": 7.61171483994, "dvar": 53.3640441895, "dvar2": 115.624954224, "max": 109.065727234, "mean": 17.1992797852, "median": 14.0938386917, "min": 0.251087337732, "var": 173.745605469}, "dissonance": {"dmean": 0.0225660931319, "dmean2": 0.0377333797514, "dvar": 0.00051666458603, "dvar2": 0.00138914270792, "max": 0.500000119209, "mean": 0.451746106148, "median": 0.460461497307, "min": 0.0432518459857, "var": 0.00126522313803}, "dynamic_complexity": 4.93729734421, "erbbands": {"dmean": [0.126356512308, 0.94773632288, 1.80740737915, 4.21319103241, 5.46048736572, 5.47481584549, 5.20549488068, 4.77619981766, 5.71082496643, 9.31471538544, 7.6864027977, 8.15579795837, 11.3598022461, 14.2981100082, 19.3526096344, 17.1456108093, 17.4745178223, 25.9655532837, 16.1209659576, 13.3598451614, 7.26843261719, 4.66206502914, 4.62871265411, 4.74407482147, 5.34916830063, 8.04643154144, 6.12582540512, 2.84819412231, 3.08953952789, 2.66300296783, 1.82281398773, 1.10833227634, 0.752632319927, 0.387392163277, 0.179438710213, 0.0705754309893, 0.024716809392, 0.00877308379859, 0.00212088110857, 0.000221811133088], "dmean2": [0.196660608053, 1.64044547081, 3.3177959919, 7.39917755127, 9.74174118042, 9.29031944275, 8.57405853271, 7.97075605392, 9.25278377533, 14.3845405579, 11.5302495956, 12.4680080414, 17.2750339508, 21.6001701355, 28.7809028625, 26.0430107117, 26.9881839752, 39.7729110718, 24.0656909943, 20.079914093, 11.1618747711, 7.27729845047, 7.39215898514, 7.67639732361, 8.39484405518, 12.5666761398, 9.73706531525, 4.48104953766, 5.11523771286, 4.36062669754, 2.96402478218, 1.68709456921, 1.10166609287, 0.557434976101, 0.247759357095, 0.0960195958614, 0.034409429878, 0.0124216657132, 0.00308856018819, 0.000324742373778], "dvar": [0.158206790686, 10.5328054428, 32.1375236511, 196.764541626, 351.016387939, 111.496315002, 74.4939346313, 91.4008255005, 183.914627075, 1096.07849121, 597.760559082, 1750.20471191, 2041.81774902, 4690.32226562, 10579.1474609, 7522.78564453, 7303.38476562, 11127.8857422, 3928.15380859, 2919.73999023, 797.431274414, 212.33380127, 176.593887329, 192.960998535, 353.703979492, 1538.18041992, 681.467468262, 102.674499512, 195.013259888, 157.170913696, 83.5750350952, 32.1702423096, 15.0258960724, 3.06158876419, 0.427214175463, 0.0497137345374, 0.00738183967769, 0.000720478594303, 3.99633390771e-05, 4.2658274424e-07], "dvar2": [0.362782537937, 28.376947403, 92.305229187, 550.737304688, 1042.6072998, 304.188110352, 201.111862183, 243.164352417, 447.685516357, 2208.91650391, 1356.43408203, 3333.66064453, 4541.76367188, 10440.0488281, 21789.9785156, 15959.0839844, 17480.734375, 25024.6132812, 8476.41699219, 5965.94140625, 1729.71533203, 479.784057617, 420.939117432, 462.894744873, 828.544189453, 3676.96777344, 1646.97619629, 265.219726562, 542.760375977, 436.199493408, 227.454605103, 73.5007629395, 33.1826019287, 5.99640369415, 0.799844264984, 0.0893184021115, 0.0146769117564, 0.00142902915832, 8.06751122582e-05, 8.81354196736e-07], "max": [4.24281358719, 33.0450744629, 72.6047897339, 234.131835938, 345.650115967, 188.901672363, 197.98626709, 263.558166504, 511.760467529, 1679.28979492, 950.954589844, 3901.24682617, 1788.28259277, 2860.94360352, 3667.9987793, 4772.08398438, 3369.83276367, 6001.45458984, 2471.01318359, 2300.08959961, 1584.73999023, 611.424499512, 431.444732666, 553.317260742, 839.503845215, 2909.59130859, 1172.95239258, 280.465576172, 426.563232422, 340.038696289, 271.449768066, 200.032684326, 189.051300049, 93.8611068726, 39.8604316711, 8.15035915375, 3.76581501961, 0.609983861446, 0.0986038967967, 0.00982677843422], "mean": [0.12242796272, 0.902444601059, 1.86080801487, 5.22760343552, 7.28479957581, 9.16132736206, 10.274348259, 9.43737888336, 10.6476163864, 16.0847568512, 14.3223924637, 13.1274499893, 19.1222763062, 22.3709812164, 30.4140872955, 29.0898723602, 28.2890796661, 45.1341438293, 27.5000076294, 21.3483390808, 12.1720342636, 8.12922000885, 8.07975959778, 7.58963727951, 8.9816942215, 13.5704202652, 10.2702646255, 4.97483921051, 4.5647611618, 3.78778004646, 2.42371439934, 1.5794056654, 1.11716401577, 0.589875996113, 0.25988432765, 0.096496462822, 0.0304700676352, 0.00983181316406, 0.0022094885353, 0.000237259053392], "median": [0.0238776728511, 0.331067621708, 0.777225673199, 2.22148299217, 3.08681225777, 4.19899702072, 6.00300598145, 5.00984859467, 4.81999778748, 4.8697886467, 6.38146018982, 4.39594888687, 6.09198141098, 4.02699899673, 2.71795129776, 3.17643976212, 3.63311862946, 5.99213647842, 3.50788593292, 2.80240869522, 2.22580718994, 1.96818351746, 1.70963084698, 1.50990271568, 1.3430993557, 1.33864188194, 0.993898510933, 0.475466936827, 0.373159468174, 0.269345998764, 0.201339796185, 0.128085255623, 0.0962558165193, 0.0508108474314, 0.015002402477, 0.00359153049067, 0.000878389575519, 0.000149706625962, 2.33442242461e-05, 1.73532298504e-05], "min": [9.728757749e-23, 1.9672837922e-22, 1.25463679638e-21, 1.61894775708e-21, 1.2522364176e-20, 1.75914836817e-20, 3.83178203262e-20, 6.39394328385e-20, 1.11313320215e-19, 5.67086076645e-20, 2.94440548357e-19, 2.6384305995e-19, 6.16719550036e-19, 6.02870737125e-19, 3.70819123247e-19, 1.13150015312e-18, 1.15259780823e-18, 1.45248562526e-18, 2.5428594957e-18, 3.2634078419e-18, 3.15381302818e-18, 3.56615098301e-18, 5.68009458363e-18, 6.9193277737e-18, 6.63302526085e-18, 8.48067750201e-18, 8.74468542939e-18, 1.00284101831e-17, 1.0874305757e-17, 1.18453884992e-17, 1.05028487224e-17, 1.03218971731e-17, 9.69931968509e-18, 8.61164831711e-18, 6.49998814857e-18, 4.12437381939e-18, 2.53853540904e-18, 9.8804780295e-19, 2.44560342498e-19, 2.84335063759e-20], "var": [0.151329517365, 7.42720460892, 20.3560085297, 158.114532471, 264.571868896, 192.005737305, 160.62638855, 176.266159058, 395.853546143, 3135.10058594, 987.802062988, 3302.46655273, 3188.12915039, 7096.85839844, 23457.4707031, 16929.8496094, 12423.203125, 25194.8867188, 9198.15429688, 6231.93408203, 1860.42883301, 501.065063477, 439.19708252, 347.819061279, 744.470031738, 2834.96557617, 1468.32458496, 189.774429321, 210.618408203, 163.046691895, 86.3425064087, 50.0583229065, 25.4636287689, 6.56125926971, 0.903505086899, 0.109652705491, 0.0124751655385, 0.00113336241338, 5.69575240661e-05, 5.7952121324e-07]}, "erbbands_crest": {"dmean": 2.85415792465, "dmean2": 4.59726142883, "dvar": 7.77129936218, "dvar2": 19.1988964081, "max": 33.0545730591, "mean": 10.0605478287, "median": 8.89741897583, "min": 2.34277963638, "var": 23.4285469055}, "erbbands_flatness_db": {"dmean": 0.0222266577184, "dmean2": 0.0297500509769, "dvar": 0.000539166794624, "dvar2": 0.000934134994168, "max": 0.387654006481, "mean": 0.179044798017, "median": 0.17857170105, "min": 0.0289676878601, "var": 0.00369599973783}, "erbbands_kurtosis": {"dmean": 1.14431273937, "dmean2": 1.79437923431, "dvar": 2.67387461662, "dvar2": 6.55709409714, "max": 33.5399551392, "mean": 1.00781965256, "median": 0.339454650879, "min": -1.81827700138, "var": 5.89580106735}, "erbbands_skewness": {"dmean": 0.368683755398, "dmean2": 0.565842807293, "dvar": 0.128896698356, "dvar2": 0.295163422823, "max": 4.90068435669, "mean": 0.471409410238, "median": 0.48240801692, "min": -4.53113651276, "var": 0.669900476933}, "erbbands_spread": {"dmean": 8.28444099426, "dmean2": 12.2344589233, "dvar": 115.462493896, "dvar2": 236.729232788, "max": 155.110427856, "mean": 33.3129501343, "median": 28.5629615784, "min": 2.42041778564, "var": 409.766296387}, "gfcc": {"cov": [[20427.6835938, -2238.40991211, -1126.60900879, 1227.58654785, -645.765563965, 841.949584961, -363.535430908, -11.3154153824, -432.447235107, 196.370941162, -313.623809814, -55.7518730164, -261.06262207], [-2238.40991211, 2417.26757812, -152.356811523, -228.264694214, 270.327026367, -294.94909668, 176.500488281, 11.3176879883, 158.465133667, -152.940704346, 142.91015625, -89.8716964722, 92.2506713867], [-1126.60900879, -152.356811523, 1502.3046875, -153.783813477, 123.69026947, 200.315612793, 53.0041160583, 116.821296692, 38.4355506897, -16.7757530212, -65.0506057739, 41.5669021606, -91.5515441895], [1227.58654785, -228.264694214, -153.783813477, 626.65814209, -4.4727025032, 87.0954284668, 18.0268173218, 35.1615066528, 6.15206480026, 10.3708992004, -26.3662757874, -70.0551757812, -19.3723716736], [-645.765563965, 270.327026367, 123.69026947, -4.4727025032, 370.522155762, -15.224864006, 88.7468643188, 34.4956130981, 75.2314071655, -6.97120857239, 13.9566764832, -11.5981178284, 0.970598340034], [841.949584961, -294.94909668, 200.315612793, 87.0954284668, -15.224864006, 369.596740723, 14.4738616943, -7.22732305527, -29.6075935364, 45.3020744324, -47.0542793274, 1.37667155266, -61.6095085144], [-363.535430908, 176.500488281, 53.0041160583, 18.0268173218, 88.7468643188, 14.4738616943, 181.804901123, 14.826546669, 15.43699646, -9.74282741547, 24.3157672882, 4.17328071594, 6.06301021576], [-11.3154153824, 11.3176879883, 116.821296692, 35.1615066528, 34.4956130981, -7.22732305527, 14.826546669, 143.644515991, 40.5735359192, -7.10445690155, 0.463582396507, 3.71847677231, 8.75755310059], [-432.447235107, 158.465133667, 38.4355506897, 6.15206480026, 75.2314071655, -29.6075935364, 15.43699646, 40.5735359192, 117.734161377, 12.4800777435, 9.79430294037, -9.84681892395, 14.5127010345], [196.370941162, -152.940704346, -16.7757530212, 10.3708992004, -6.97120857239, 45.3020744324, -9.74282741547, -7.10445690155, 12.4800777435, 95.9775009155, 19.1982078552, 5.55098104477, -8.69631958008], [-313.623809814, 142.91015625, -65.0506057739, -26.3662757874, 13.9566764832, -47.0542793274, 24.3157672882, 0.463582396507, 9.79430294037, 19.1982078552, 111.887153625, 19.3304901123, 21.7962379456], [-55.7518730164, -89.8716964722, 41.5669021606, -70.0551757812, -11.5981178284, 1.37667155266, 4.17328071594, 3.71847677231, -9.84681892395, 5.55098104477, 19.3304901123, 95.0933380127, 23.6405124664], [-261.06262207, 92.2506713867, -91.5515441895, -19.3723716736, 0.970598340034, -61.6095085144, 6.06301021576, 8.75755310059, 14.5127010345, -8.69631958008, 21.7962379456, 23.6405124664, 86.5950622559]], "icov": [[7.73672582e-05, 2.07234597838e-06, 7.85103839007e-05, -0.000110878158011, 3.53027644451e-05, -0.00012164295913, 9.79293472483e-05, -0.00012757058721, 0.000211237798794, -0.000105411621917, 0.00014461648243, -0.000101497753349, 0.000153659682837], [2.07234597838e-06, 0.000764583353885, 6.054455298e-05, 0.000327540386934, -0.000213689374505, 9.52549889917e-05, -0.000451911793789, 0.000212984072277, -0.000838802428916, 0.00130534626078, -0.000954399991315, 0.00104412506334, -0.00036387424916], [7.85103839007e-05, 6.054455298e-05, 0.00102213548962, 0.000236260180827, -0.000177792710019, -0.000574599544052, -7.33594133635e-05, -0.000872882141266, -0.000108147294668, 0.000332771189278, 0.000426272628829, -0.000531690311618, 0.00108168285806], [-0.000110878158011, 0.000327540386934, 0.000236260180827, 0.00227399263531, -8.30642457004e-05, -0.00038664706517, -0.000609800743405, -0.000529569166247, -0.000656790973153, 0.000639553822111, -0.000388476095395, 0.00192135281395, -0.000355052296072], [3.53027644451e-05, -0.000213689374505, -0.000177792710019, -8.30642457004e-05, 0.00363738508895, 3.98455194954e-05, -0.00133454171009, -0.000109296342998, -0.00167610589415, -0.000112962537969, 0.000178509159014, 2.94791261695e-05, 0.000436174304923], [-0.00012164295913, 9.52549889917e-05, -0.000574599544052, -0.00038664706517, 3.98455194954e-05, 0.00413309736177, -0.000839284795802, 0.00053661945276, 0.000459718168713, -0.00178003986366, 0.00110358174425, -0.000469230435556, 0.00137694226578], [9.79293472483e-05, -0.000451911793789, -7.33594133635e-05, -0.000609800743405, -0.00133454171009, -0.000839284795802, 0.00706506334245, -0.000397901923861, 0.000865220616106, 0.00025209467276, -0.000995518057607, -0.000932756229304, -8.83783432073e-05], [-0.00012757058721, 0.000212984072277, -0.000872882141266, -0.000529569166247, -0.000109296342998, 0.00053661945276, -0.000397901923861, 0.00892333034426, -0.00320760998875, 0.00130562356208, -0.000636108976323, -0.000200242458959, -0.00126090145204], [0.000211237798794, -0.000838802428916, -0.000108147294668, -0.000656790973153, -0.00167610589415, 0.000459718168713, 0.000865220616106, -0.00320760998875, 0.0131736882031, -0.00434079999104, 0.00143626739737, 0.000403887941502, -0.00123669393361], [-0.000105411621917, 0.00130534626078, 0.000332771189278, 0.000639553822111, -0.000112962537969, -0.00178003986366, 0.00025209467276, 0.00130562356208, -0.00434079999104, 0.0152070783079, -0.00492635183036, 0.000961583573371, 0.000603763968684], [0.00014461648243, -0.000954399991315, 0.000426272628829, -0.000388476095395, 0.000178509159014, 0.00110358174425, -0.000995518057607, -0.000636108976323, 0.00143626739737, -0.00492635183036, 0.0127268396318, -0.00328984926455, -0.000307016132865], [-0.000101497753349, 0.00104412506334, -0.000531690311618, 0.00192135281395, 2.94791261695e-05, -0.000469230435556, -0.000932756229304, -0.000200242458959, 0.000403887941502, 0.000961583573371, -0.00328984926455, 0.0150611773133, -0.00505398353562], [0.000153659682837, -0.00036387424916, 0.00108168285806, -0.000355052296072, 0.000436174304923, 0.00137694226578, -8.83783432073e-05, -0.00126090145204, -0.00123669393361, 0.000603763968684, -0.000307016132865, -0.00505398353562, 0.0162964314222]], "mean": [-72.2535324097, 118.180015564, -107.802230835, 22.8088150024, -54.7743148804, 5.57155990601, -32.3064727783, -2.37370157242, -20.7607288361, -0.102871917188, -11.0323934555, -7.82652187347, -6.10174751282]}, "hfc": {"dmean": 5.19661808014, "dmean2": 7.80129528046, "dvar": 137.296661377, "dvar2": 335.134613037, "max": 267.639343262, "mean": 14.7752504349, "median": 5.79266119003, "min": 1.08798060117e-16, "var": 507.011474609}, "melbands": {"dmean": [0.00114817859139, 0.00103830208536, 0.000767387682572, 0.000365818064893, 0.000190672450117, 0.000110145694634, 8.91946983756e-05, 9.70113105723e-05, 6.10969145782e-05, 5.38066888112e-05, 5.79463267059e-05, 5.84666922805e-05, 6.57756900182e-05, 5.25450923305e-05, 4.64816475869e-05, 3.89253109461e-05, 5.34297396371e-05, 2.94190140266e-05, 2.15345025936e-05, 1.54102108354e-05, 8.25935603643e-06, 5.33093862032e-06, 5.04558283865e-06, 4.34468211097e-06, 4.12602003053e-06, 4.07445986639e-06, 4.35564243162e-06, 6.23507958153e-06, 4.65870925836e-06, 2.58486215898e-06, 1.53122152824e-06, 1.89495551695e-06, 1.6312550315e-06, 1.5429625364e-06, 1.17715137549e-06, 8.31899455989e-07, 6.29841281352e-07, 5.60071555356e-07, 4.42594341621e-07, 3.11079389803e-07], "dmean2": [0.00182337395381, 0.00184082367923, 0.00136057962663, 0.000639523321297, 0.000315464945743, 0.000183525015018, 0.000143244498759, 0.000149680243339, 9.19032754609e-05, 8.20357381599e-05, 8.83739849087e-05, 8.88894501259e-05, 9.83729332802e-05, 7.80264163041e-05, 6.98509538779e-05, 5.90149320487e-05, 8.26149334898e-05, 4.40364347014e-05, 3.21931038343e-05, 2.32342990785e-05, 1.29131785798e-05, 8.43039742904e-06, 8.10168421594e-06, 6.953396678e-06, 6.77077787259e-06, 6.51067875879e-06, 6.93431138643e-06, 9.64415357885e-06, 7.48643105908e-06, 4.13387351728e-06, 2.4451403533e-06, 3.19471268995e-06, 2.65841799774e-06, 2.56497787632e-06, 1.96242831407e-06, 1.31444846829e-06, 9.70334440353e-07, 8.31361433029e-07, 6.55716576148e-07, 4.51830715065e-07], "dvar": [1.35306136144e-05, 1.10816281449e-05, 6.89662965669e-06, 8.40714335482e-07, 9.33086354848e-08, 4.75768118235e-08, 4.68206557969e-08, 1.1208876316e-07, 4.30520152861e-08, 7.53495044137e-08, 5.43363825045e-08, 8.07946207715e-08, 1.21863607205e-07, 7.13320744694e-08, 5.69338212131e-08, 3.17179846832e-08, 5.04825301562e-08, 1.50206869165e-08, 8.18680145898e-09, 4.69657601698e-09, 1.27992427768e-09, 3.41603662024e-10, 2.62316529609e-10, 1.80724574195e-10, 1.64853075635e-10, 2.3043601749e-10, 3.33615884918e-10, 9.23550680376e-10, 4.37446967538e-10, 1.21454457602e-10, 3.04211968116e-11, 8.55874676686e-11, 4.39825120768e-11, 6.41727573858e-11, 4.09412087565e-11, 1.47192622674e-11, 1.18619272391e-11, 8.58108376023e-12, 4.50177915778e-12, 1.88304059845e-12], "dvar2": [3.27916932292e-05, 3.07229020109e-05, 1.97552562895e-05, 2.46463241638e-06, 2.5283065952e-07, 1.2600432342e-07, 1.09946384441e-07, 2.27847337442e-07, 9.90705615322e-08, 1.4080050903e-07, 1.20975315099e-07, 1.79653227406e-07, 2.53910542369e-07, 1.48107076825e-07, 1.24771901255e-07, 7.14889623055e-08, 1.15999704065e-07, 3.1901887354e-08, 1.65808824448e-08, 9.0623890614e-09, 2.90521273705e-09, 7.62460428128e-10, 6.29885754666e-10, 4.20962043002e-10, 3.93769183926e-10, 5.39760625085e-10, 7.78063558027e-10, 2.14535766929e-09, 1.07122366533e-09, 2.9484098496e-10, 8.03836303076e-11, 2.38589370483e-10, 1.1867488936e-10, 1.79583001247e-10, 1.14433344744e-10, 3.52071705123e-11, 2.70460112639e-11, 1.90563485131e-11, 9.93329984239e-12, 3.60358119213e-12], "max": [0.0382419601083, 0.0416972227395, 0.0432955212891, 0.0173115227371, 0.0060419831425, 0.00679918937385, 0.010204850696, 0.0163558591157, 0.00835559330881, 0.0260751992464, 0.00916252937168, 0.0135088535026, 0.0142502682284, 0.012189893052, 0.00770453875884, 0.00555993849412, 0.0126881599426, 0.00436928402632, 0.00331399124116, 0.00303524662741, 0.00267430930398, 0.000933208328206, 0.000658859789837, 0.000560708576813, 0.000550800701603, 0.000925064377952, 0.000992216635495, 0.00190813525114, 0.000833555299323, 0.000492987746838, 0.00013981552911, 0.000307975540636, 0.000224084069487, 0.000225239913561, 0.000179372975254, 0.000122013807413, 0.000141731201438, 0.000121999211842, 0.000110393113573, 7.73166684667e-05], "mean": [0.0011282163905, 0.00107808457687, 0.000972634530626, 0.000572733173613, 0.000378141034162, 0.000221076144953, 0.000168243524968, 0.000167739359313, 0.000109361055365, 8.2176818978e-05, 9.47185108089e-05, 8.74347024364e-05, 9.75629664026e-05, 8.10241690488e-05, 6.98458898114e-05, 5.76549682592e-05, 8.89178481884e-05, 4.44221041107e-05, 3.13986383844e-05, 2.32242655329e-05, 1.27433868329e-05, 8.32276782603e-06, 7.89302612247e-06, 6.99390739101e-06, 5.93381764702e-06, 6.11285759078e-06, 6.7711457632e-06, 9.73637088464e-06, 7.2397601798e-06, 4.06552862842e-06, 2.46542640525e-06, 2.58232398664e-06, 2.41692191594e-06, 1.98837392418e-06, 1.43344971093e-06, 1.14108502203e-06, 8.76956164575e-07, 7.98884343567e-07, 6.50378808587e-07, 4.57263126918e-07], "median": [0.000318014528602, 0.000481593422592, 0.000450874766102, 0.000272136268904, 0.000225414652959, 0.000119404074212, 7.42014453863e-05, 5.38811436854e-05, 4.68671969429e-05, 2.4442531867e-05, 2.91161159112e-05, 1.47276232383e-05, 7.83326868259e-06, 7.58703481551e-06, 6.71999669066e-06, 7.58155010772e-06, 1.03981237771e-05, 4.72983674626e-06, 3.68278506357e-06, 2.83030885839e-06, 2.15858517549e-06, 1.75160516847e-06, 1.58428952091e-06, 1.30860394165e-06, 1.08637084395e-06, 9.1409435754e-07, 8.17228624328e-07, 8.32491195979e-07, 6.39879203845e-07, 3.39572210351e-07, 2.16702744638e-07, 2.00238815751e-07, 1.63839132483e-07, 1.22935816194e-07, 1.08463659387e-07, 9.55357819521e-08, 6.26307894436e-08, 6.50528235724e-08, 5.54031593936e-08, 3.58561678127e-08], "min": [1.56324917106e-24, 7.59538748159e-25, 5.32258060603e-25, 1.53515398853e-24, 1.14425043442e-24, 1.30628384486e-24, 1.62874720734e-24, 6.43459640892e-25, 2.20275661882e-24, 1.5179089961e-24, 2.93430165168e-24, 2.07657910589e-24, 7.74471293449e-25, 2.34766070356e-24, 3.65335408603e-24, 2.22017013165e-24, 1.1230019729e-24, 3.39332107698e-24, 3.25974247104e-24, 3.7398412458e-24, 3.18790544435e-24, 2.73704954613e-24, 4.13633456968e-24, 4.00281749489e-24, 5.28946225308e-24, 3.44381645795e-24, 4.67797790569e-24, 5.14082113701e-24, 4.13502939931e-24, 4.60019109284e-24, 5.52019144608e-24, 5.1198007549e-24, 5.46557821118e-24, 5.5477463575e-24, 4.73014882722e-24, 6.15544693356e-24, 5.62042095726e-24, 6.06841151546e-24, 6.40292482687e-24, 6.29127615966e-24], "var": [1.19120368254e-05, 7.52728556108e-06, 5.27413703821e-06, 8.71257952895e-07, 2.03677700483e-07, 9.3045059657e-08, 1.13359320153e-07, 3.00269846321e-07, 6.60068053548e-08, 1.42318427265e-07, 8.27111890089e-08, 1.19392311149e-07, 2.44004439764e-07, 1.47139658679e-07, 1.07243479874e-07, 4.82770694532e-08, 1.13384693634e-07, 2.88451769137e-08, 1.47187391164e-08, 1.04246211663e-08, 3.04883984725e-09, 7.41106676028e-10, 5.00322394625e-10, 4.54546428275e-10, 2.64357757906e-10, 4.36008285032e-10, 5.74130631925e-10, 1.7811208064e-09, 8.93689677817e-10, 2.08725356443e-10, 4.85100119796e-11, 8.25777848878e-11, 5.5700211804e-11, 5.83919093633e-11, 3.60259322374e-11, 2.1716612883e-11, 1.82930424281e-11, 1.40018543635e-11, 8.20522903094e-12, 4.02924481974e-12]}, "melbands_crest": {"dmean": 3.35364603996, "dmean2": 5.26449584961, "dvar": 10.6570777893, "dvar2": 24.1533222198, "max": 37.4617805481, "mean": 13.240852356, "median": 12.1448459625, "min": 1.00039696693, "var": 26.5871372223}, "melbands_flatness_db": {"dmean": 0.0280140768737, "dmean2": 0.0428072474897, "dvar": 0.00101463554893, "dvar2": 0.00237292982638, "max": 0.583826482296, "mean": 0.242113098502, "median": 0.229040086269, "min": -4.65945930728e-07, "var": 0.00830033514649}, "melbands_kurtosis": {"dmean": 8.40796852112, "dmean2": 13.5523023605, "dvar": 342.571289062, "dvar2": 878.071472168, "max": 532.866821289, "mean": 13.3560972214, "median": 7.62055301666, "min": -1.90223050117, "var": 412.918426514}, "melbands_skewness": {"dmean": 0.803545236588, "dmean2": 1.22181713581, "dvar": 1.01543176174, "dvar2": 2.30978679657, "max": 20.8963279724, "mean": 2.46932864189, "median": 2.24716496468, "min": -1.5773460865, "var": 2.67363286018}, "melbands_spread": {"dmean": 5.58581781387, "dmean2": 8.61643886566, "dvar": 70.6867752075, "dvar2": 145.65222168, "max": 255.91545105, "mean": 19.854631424, "median": 13.8780727386, "min": 0.337271988392, "var": 379.431732178}, "mfcc": {"cov": [[13270.3759766, -2167.45336914, -724.955749512, 419.025054932, -106.993484497, 666.44354248, 133.799911499, -58.1177101135, -46.8287124634, 36.6949234009, -116.468078613, -69.4242782593, 76.3341217041], [-2167.45336914, 2275.03393555, 27.9504928589, -12.5235233307, 115.386154175, -180.137634277, 29.2273921967, 83.2766036987, 23.4536914825, 18.7923812866, 75.8120193481, 18.1010665894, -33.086933136], [-724.955749512, 27.9504928589, 1019.23577881, -117.630516052, 121.509239197, 80.0301437378, 47.1660308838, 111.903823853, 50.9016799927, 18.8479423523, 21.5990886688, 41.7289428711, -10.7196559906], [419.025054932, -12.5235233307, -117.630516052, 451.424957275, 60.1895751953, -21.5444221497, 38.4193382263, 20.6232185364, 54.7887191772, 34.405872345, 1.01260983944, 28.8905220032, 6.59966611862], [-106.993484497, 115.386154175, 121.509239197, 60.1895751953, 249.213668823, 37.4485168457, 17.5063304901, 47.3619728088, 56.5905952454, 46.9202423096, 22.5160732269, 26.0119934082, 2.89280939102], [666.44354248, -180.137634277, 80.0301437378, -21.5444221497, 37.4485168457, 292.981384277, 68.9845809937, 26.7546787262, 17.574388504, 11.7114429474, 30.5309963226, -5.90925216675, 16.7360343933], [133.799911499, 29.2273921967, 47.1660308838, 38.4193382263, 17.5063304901, 68.9845809937, 146.397399902, 47.7171096802, 6.06165218353, 13.9698781967, 18.576084137, 12.0154066086, 14.409570694], [-58.1177101135, 83.2766036987, 111.903823853, 20.6232185364, 47.3619728088, 26.7546787262, 47.7171096802, 131.936157227, 45.6908035278, 4.54870653152, 9.5437374115, 9.63707351685, 11.3669910431], [-46.8287124634, 23.4536914825, 50.9016799927, 54.7887191772, 56.5905952454, 17.574388504, 6.06165218353, 45.6908035278, 120.121307373, 30.8729114532, 1.44201254845, 8.17992973328, 1.0697259903], [36.6949234009, 18.7923812866, 18.8479423523, 34.405872345, 46.9202423096, 11.7114429474, 13.9698781967, 4.54870653152, 30.8729114532, 100.011932373, 25.4722709656, 3.63801956177, -2.10483360291], [-116.468078613, 75.8120193481, 21.5990886688, 1.01260983944, 22.5160732269, 30.5309963226, 18.576084137, 9.5437374115, 1.44201254845, 25.4722709656, 86.8642044067, 16.6031723022, -2.88462352753], [-69.4242782593, 18.1010665894, 41.7289428711, 28.8905220032, 26.0119934082, -5.90925216675, 12.0154066086, 9.63707351685, 8.17992973328, 3.63801956177, 16.6031723022, 87.4433898926, 20.53150177], [76.3341217041, -33.086933136, -10.7196559906, 6.59966611862, 2.89280939102, 16.7360343933, 14.409570694, 11.3669910431, 1.0697259903, -2.10483360291, -2.88462352753, 20.53150177, 81.6311264038]], "icov": [[0.000110410888738, 7.89156911196e-05, 8.1165919255e-05, -9.80771510513e-05, 1.98691213882e-05, -0.000249944365351, -1.59843511938e-06, -5.86693604419e-05, 0.000108502470539, -9.18758305488e-05, 0.000173433305463, 8.06373100204e-06, 6.62874072077e-06], [7.89156911196e-05, 0.000578472390771, 0.000100318298792, 3.21696716128e-05, -0.000252810277743, 0.000290428375592, -0.000207025499549, -0.000326325651258, 5.82295906497e-05, 4.65072334919e-05, -0.000403675803682, 7.2884002293e-05, 0.000170485436684], [8.1165919255e-05, 0.000100318298792, 0.00129938754253, 0.000409225933254, -0.000433132576291, -0.000337669538567, -0.000120388867799, -0.000919976213481, -4.2041465349e-05, -0.000145547077409, 0.000233560131164, -0.00063994032098, 0.000502251437865], [-9.80771510513e-05, 3.21696716128e-05, 0.000409225933254, 0.00281389546581, -0.000576116086449, 0.000673629634548, -0.000919141806662, -4.63078094981e-06, -0.00114270218182, -0.000332712137606, 9.25477143028e-05, -0.000806961557828, 0.000188824720681], [1.98691213882e-05, -0.000252810277743, -0.000433132576291, -0.000576116086449, 0.00542509183288, -0.000762651849072, 0.000619817874394, -0.000870127463713, -0.00111411663238, -0.0017810985446, -7.70965270931e-05, -0.00101176474709, 6.49348439765e-05], [-0.000249944365351, 0.000290428375592, -0.000337669538567, 0.000673629634548, -0.000762651849072, 0.00519544957206, -0.00213082507253, 0.000325953966239, -0.000959102646448, 0.000687342486344, -0.00215717195533, 0.00117236422375, -0.000795565720182], [-1.59843511938e-06, -0.000207025499549, -0.000120388867799, -0.000919141806662, 0.000619817874394, -0.00213082507253, 0.00934675335884, -0.00317929964513, 0.00164057465736, -0.00121754989959, -0.000397491123294, -0.000722223136108, -0.000701489683706], [-5.86693604419e-05, -0.000326325651258, -0.000919976213481, -4.63078094981e-06, -0.000870127463713, 0.000325953966239, -0.00317929964513, 0.0113238012418, -0.00385614600964, 0.00186624669004, -0.000671506219078, 0.000656380841974, -0.00133960600942], [0.000108502470539, 5.82295906497e-05, -4.2041465349e-05, -0.00114270218182, -0.00111411663238, -0.000959102646448, 0.00164057465736, -0.00385614600964, 0.0117429429665, -0.00308217527345, 0.00162458582781, -0.000441262673121, 0.000427523074904], [-9.18758305488e-05, 4.65072334919e-05, -0.000145547077409, -0.000332712137606, -0.0017810985446, 0.000687342486344, -0.00121754989959, 0.00186624669004, -0.00308217527345, 0.0128808682784, -0.0037900286261, 0.00111923227087, -5.31143741682e-05], [0.000173433305463, -0.000403675803682, 0.000233560131164, 9.25477143028e-05, -7.70965270931e-05, -0.00215717195533, -0.000397491123294, -0.000671506219078, 0.00162458582781, -0.0037900286261, 0.0146900434047, -0.00304410886019, 0.00147179118358], [8.06373100204e-06, 7.2884002293e-05, -0.00063994032098, -0.000806961557828, -0.00101176474709, 0.00117236422375, -0.000722223136108, 0.000656380841974, -0.000441262673121, 0.00111923227087, -0.00304410886019, 0.0138531047851, -0.00372241158038], [6.62874072077e-06, 0.000170485436684, 0.000502251437865, 0.000188824720681, 6.49348439765e-05, -0.000795565720182, -0.000701489683706, -0.00133960600942, 0.000427523074904, -5.31143741682e-05, 0.00147179118358, -0.00372241158038, 0.0138162737712]], "mean": [-712.85748291, 146.427719116, 7.45091581345, 20.3534908295, 0.389781862497, 5.16954135895, -0.247544765472, -4.62297821045, -3.12921929359, 2.6090965271, -1.51383364201, -2.52842950821, -4.19466924667]}, "pitch_salience": {"dmean": 0.0756818205118, "dmean2": 0.121800869703, "dvar": 0.00517605384812, "dvar2": 0.0127382325009, "max": 0.996098279953, "mean": 0.567423641682, "median": 0.581387937069, "min": 0.0663590058684, "var": 0.0132231079042}, "silence_rate_20dB": {"dmean": 0, "dmean2": 0, "dvar": 0, "dvar2": 0, "max": 1, "mean": 1, "median": 1, "min": 1, "var": 0}, "silence_rate_30dB": {"dmean": 0.00899742916226, "dmean2": 0.0179958231747, "dvar": 0.00891643762589, "dvar2": 0.0248550847173, "max": 1, "mean": 0.994537591934, "median": 1, "min": 0, "var": 0.00543303228915}, "silence_rate_60dB": {"dmean": 0.0324550122023, "dmean2": 0.0649135038257, "dvar": 0.0314010493457, "dvar2": 0.0712175071239, "max": 1, "mean": 0.155143797398, "median": 0, "min": 0, "var": 0.131057366729}, "spectral_centroid": {"dmean": 205.468551636, "dmean2": 322.079956055, "dvar": 86914.0390625, "dvar2": 191942.53125, "max": 11540.3632812, "mean": 1086.37768555, "median": 854.558227539, "min": 135.859146118, "var": 961675.375}, "spectral_complexity": {"dmean": 2.53481149673, "dmean2": 4.01703166962, "dvar": 12.9311180115, "dvar2": 30.3926315308, "max": 58, "mean": 13.1440582275, "median": 11, "min": 0, "var": 73.9500961304}, "spectral_contrast_coeffs": {"dmean": [0.0487302802503, 0.0394571758807, 0.036479189992, 0.0314924120903, 0.0228124316782, 0.0199669916183], "dmean2": [0.080588079989, 0.06504637748, 0.0573019273579, 0.0489944554865, 0.0356416516006, 0.0303380358964], "dvar": [0.00177576509304, 0.00105828070082, 0.000997358001769, 0.000767473131418, 0.000486668403028, 0.000434573739767], "dvar2": [0.00470721768215, 0.00280571985058, 0.00232221651822, 0.00172528659459, 0.00100245187059, 0.000934072071686], "max": [-0.33445712924, -0.434017658234, -0.411761522293, -0.461181282997, -0.502363145351, -0.546430826187], "mean": [-0.638329029083, -0.741330862045, -0.754295110703, -0.759136378765, -0.791737496853, -0.776581943035], "median": [-0.641070485115, -0.745915234089, -0.761897861958, -0.76962184906, -0.803433418274, -0.78215354681], "min": [-0.982966780663, -0.998540222645, -0.998134672642, -0.98605889082, -0.986886978149, -0.967004179955], "var": [0.00674691749737, 0.00414260709658, 0.00484602758661, 0.00516682164744, 0.0037859370932, 0.00342179974541]}, "spectral_contrast_valleys": {"dmean": [0.404587715864, 0.298548549414, 0.303540110588, 0.315872311592, 0.318441599607, 0.370503395796], "dmean2": [0.658159732819, 0.490622192621, 0.4855864048, 0.492969483137, 0.476551055908, 0.464278966188], "dvar": [0.179953247309, 0.0810709148645, 0.0891217961907, 0.122342407703, 0.173901602626, 0.232979297638], "dvar2": [0.391715049744, 0.190324828029, 0.194626644254, 0.262147128582, 0.366859704256, 0.408907145262], "max": [-5.06913280487, -5.04870796204, -5.44712257385, -5.66038322449, -5.25475215912, -7.27961540222], "mean": [-7.64054489136, -7.09068584442, -8.0042848587, -8.6343126297, -8.64875221252, -11.2484149933], "median": [-7.19842195511, -6.84418296814, -7.79208993912, -8.39475059509, -8.35153770447, -10.9685611725], "min": [-28.6182136536, -27.9650020599, -27.8258152008, -27.6952419281, -27.5535984039, -27.4153175354], "var": [3.52304077148, 3.07411456108, 3.11086201668, 3.36339116096, 3.66903781891, 3.80108523369]}, "spectral_decrease": {"dmean": 2.38131048214e-09, "dmean2": 3.83311116181e-09, "dvar": 2.74888793513e-17, "dvar2": 7.04349254673e-17, "max": 1.90995279068e-28, "mean": -4.80440931483e-09, "median": -2.7445730133e-09, "min": -5.446798923e-08, "var": 3.58873665332e-17}, "spectral_energy": {"dmean": 0.00935396365821, "dmean2": 0.0150205111131, "dvar": 0.000411519751651, "dvar2": 0.00105330476072, "max": 0.209908261895, "mean": 0.0194731075317, "median": 0.0110882064328, "min": 1.0058828057e-20, "var": 0.000573351047933}, "spectral_energyband_high": {"dmean": 0.000388959568227, "dmean2": 0.000588328402955, "dvar": 1.78411244178e-06, "dvar2": 4.56565294371e-06, "max": 0.0317026041448, "mean": 0.000712186272722, "median": 9.07631838345e-05, "min": 7.12731046739e-21, "var": 3.45311855199e-06}, "spectral_energyband_low": {"dmean": 0.00610514776781, "dmean2": 0.00989590678364, "dvar": 0.000290705880616, "dvar2": 0.000723085482605, "max": 0.193923726678, "mean": 0.00711744604632, "median": 0.00300018070266, "min": 2.19488666633e-23, "var": 0.000259163120063}, "spectral_energyband_middle_high": {"dmean": 0.00172967161052, "dmean2": 0.00254328805022, "dvar": 1.96372548089e-05, "dvar2": 4.14250062022e-05, "max": 0.105946868658, "mean": 0.00460263295099, "median": 0.00115206523333, "min": 1.14846798301e-21, "var": 8.83227039594e-05}, "spectral_energyband_middle_low": {"dmean": 0.00375053845346, "dmean2": 0.00635019922629, "dvar": 9.87597959465e-05, "dvar2": 0.000281081564026, "max": 0.166162207723, "mean": 0.0083507373929, "median": 0.00559326913208, "min": 1.44134416824e-22, "var": 0.000115494527563}, "spectral_entropy": {"dmean": 0.19975425303, "dmean2": 0.294126540422, "dvar": 0.0535995550454, "dvar2": 0.108491040766, "max": 9.82321548462, "mean": 7.17473602295, "median": 7.22966337204, "min": 4.95131921768, "var": 0.436395466328}, "spectral_flux": {"dmean": 0.0267262067646, "dmean2": 0.0412981063128, "dvar": 0.0017450315645, "dvar2": 0.00363547122106, "max": 0.413795292377, "mean": 0.0700356662273, "median": 0.048126142472, "min": 6.43672060097e-11, "var": 0.00412127701566}, "spectral_kurtosis": {"dmean": 3.51446723938, "dmean2": 5.80911493301, "dvar": 33.961566925, "dvar2": 87.4757995605, "max": 104.818008423, "mean": 9.11507987976, "median": 5.22058010101, "min": -1.26361036301, "var": 141.957885742}, "spectral_rms": {"dmean": 0.000807432050351, "dmean2": 0.00123830512166, "dvar": 1.76307128186e-06, "dvar2": 4.16046805185e-06, "max": 0.014310435392, "mean": 0.00374489068054, "median": 0.0032890366856, "min": 3.13264908805e-12, "var": 4.97396877108e-06}, "spectral_rolloff": {"dmean": 409.755737305, "dmean2": 697.641967773, "dvar": 961023.5625, "dvar2": 2273082, "max": 19659.8144531, "mean": 1261.1583252, "median": 753.662109375, "min": 21.533203125, "var": 3253079.5}, "spectral_skewness": {"dmean": 0.360515028238, "dmean2": 0.573365092278, "dvar": 0.201276361942, "dvar2": 0.486363172531, "max": 8.64621639252, "mean": 2.02738952637, "median": 1.77103722095, "min": -0.332159101963, "var": 1.32020866871}, "spectral_spread": {"dmean": 667606.8125, "dmean2": 916117.9375, "dvar": 1136493854720.0, "dvar2": 1978270351360.0, "max": 42784136,