{"lowlevel": {"average_loudness": 0.716576576233, "barkbands": {"dmean": [1.83603206096e-05, 0.000448806589702, 0.000332962197717, 0.000332740164595, 0.000554507016204, 0.000311946147121, 0.000172083731741, 0.000442743912572, 0.000633728806861, 0.000565476133488, 0.000375254283426, 0.000800487992819, 0.000328956288286, 0.00029902587994, 0.000288335315417, 0.000219542838749, 0.000175874316483, 0.000193005995243, 9.64167411439e-05, 5.78616418352e-05, 4.14278074459e-05, 3.76266289095e-05, 2.91307478619e-05, 3.04158293147e-05, 1.64214998222e-05, 1.22931248825e-06, 1.57462963557e-07], "dmean2": [3.10009017994e-05, 0.00068392441608, 0.00053412548732, 0.00054178800201, 0.00089445716003, 0.000462251191493, 0.000261061417405, 0.000663467508275, 0.000934806768782, 0.000810343422927, 0.000562798348255, 0.00117654772475, 0.000506531330757, 0.000441145064542, 0.000442498392658, 0.00034551799763, 0.000266761489911, 0.0002877182269, 0.000136062109959, 8.31845900393e-05, 6.0340276832e-05, 5.53197933186e-05, 4.49110775662e-05, 4.95789718116e-05, 2.69130341621e-05, 2.0910567855e-06, 2.71069126256e-07], "dvar": [1.42778200374e-09, 6.32066985418e-07, 6.28792349744e-07, 6.78244191477e-07, 1.71785870862e-06, 4.40784276634e-07, 4.26342808169e-07, 3.42893258676e-06, 9.89086674963e-06, 8.93997093954e-06, 6.26723885944e-06, 1.0832452972e-05, 2.63729498329e-06, 1.75210004727e-06, 1.5240399307e-06, 6.65276388645e-07, 3.7123655261e-07, 2.84324841004e-07, 9.84410206684e-08, 4.12849772147e-08, 2.12511963582e-08, 1.66653233435e-08, 1.08397681942e-08, 1.63593671942e-08, 4.31660041045e-09, 2.59466181179e-11, 1.4689276271e-12], "dvar2": [3.80452291893e-09, 1.38988355047e-06, 1.62426522365e-06, 1.78745699486e-06, 4.62217576569e-06, 8.58626208355e-07, 7.91659999777e-07, 7.24579604139e-06, 1.8380693291e-05, 1.74149390659e-05, 1.23338422782e-05, 2.06707973121e-05, 5.53475865672e-06, 3.56672740054e-06, 3.50575032826e-06, 1.69126781202e-06, 7.8078886645e-07, 5.78658728045e-07, 1.75153459736e-07, 7.55554196985e-08, 4.66759928486e-08, 3.45175337202e-08, 2.64429722563e-08, 4.340023807e-08, 1.12686802112e-08, 7.32692378991e-11, 4.33701078523e-12], "max": [0.000873283483088, 0.012833728455, 0.0126003995538, 0.0147215388715, 0.0179979801178, 0.0342208705842, 0.0357998758554, 0.0524120591581, 0.0901789516211, 0.0904294401407, 0.0834662094712, 0.111981116235, 0.053434535861, 0.036100462079, 0.0347946546972, 0.0305366143584, 0.0226321723312, 0.0164966993034, 0.012930453755, 0.00575298722833, 0.00503315217793, 0.00436708843336, 0.00320525583811, 0.00373949087225, 0.00176062446553, 0.000107468222268, 4.784959674e-05], "mean": [3.61548845831e-05, 0.00119518861175, 0.000689648499247, 0.000583594781347, 0.000949937733822, 0.000681399193127, 0.000310823495965, 0.000926192617044, 0.00126624037512, 0.00129386817571, 0.000490107398946, 0.00176219898276, 0.000617060402874, 0.000512181490194, 0.000435516558355, 0.000399451091653, 0.000361157464795, 0.000417165429099, 0.00020799585036, 0.000116140356113, 8.09214616311e-05, 7.22386175767e-05, 4.85647542519e-05, 4.06146755267e-05, 2.2433061531e-05, 1.56775888627e-06, 2.24500823265e-07], "median": [2.64346199401e-05, 0.000822938454803, 0.000293960620183, 0.000193379353732, 0.00043225439731, 0.000294223922538, 7.59463291615e-05, 0.000167442631209, 0.000113749418233, 5.09320525452e-05, 2.74104695563e-05, 7.29952225811e-05, 5.73663237446e-05, 3.14924509439e-05, 5.85270790907e-05, 7.36487709219e-05, 6.83088437654e-05, 8.27639596537e-05, 3.60974881914e-05, 1.50765708895e-05, 9.26104166865e-06, 6.02664067628e-06, 5.49198784938e-06, 3.18829324897e-06, 1.40956763062e-06, 1.57582135785e-07, 5.86607207254e-08], "min": [2.75158825261e-24, 1.63906805205e-23, 1.54324985106e-23, 1.84156817311e-24, 1.06897192314e-23, 4.31266249471e-23, 2.40534544728e-23, 1.86858097931e-23, 4.99368169657e-23, 5.3107820079e-23, 4.02483807374e-23, 6.38506793476e-23, 5.11529785797e-23, 6.50422064133e-23, 1.0337481951e-22, 8.29449565843e-23, 1.23998420363e-22, 1.45167433334e-22, 1.55615927579e-22, 2.34788279946e-22, 3.70229967087e-22, 4.42994496984e-22, 4.97843478232e-22, 7.84046607023e-22, 1.07329663218e-21, 1.40276614367e-21, 2.18349004331e-21], "var": [1.87031456989e-09, 1.72131581166e-06, 1.43190970903e-06, 1.0769030041e-06, 2.36006235355e-06, 1.78930145012e-06, 1.33215883125e-06, 7.23768334865e-06, 3.68497385352e-05, 4.37831731688e-05, 1.11828412628e-05, 4.66513374704e-05, 9.13036456041e-06, 4.16005923398e-06, 2.53172561315e-06, 1.41410544074e-06, 1.29515763092e-06, 8.94055744993e-07, 5.04906779497e-07, 1.20452071428e-07, 5.40852198583e-08, 4.9900329202e-08, 1.679667605e-08, 2.07430694843e-08, 5.61338087124e-09, 2.32969945418e-11, 8.85044533321e-13]}, "barkbands_crest": {"dmean": 2.16747283936, "dmean2": 3.42267942429, "dvar": 5.12451219559, "dvar2": 12.276761055, "max": 25.5396957397, "mean": 10.8926668167, "median": 9.71119213104, "min": 2.96503019333, "var": 22.9288730621}, "barkbands_flatness_db": {"dmean": 0.0183352883905, "dmean2": 0.0262552518398, "dvar": 0.00050892092986, "dvar2": 0.000954595801886, "max": 1, "mean": 0.172103583813, "median": 0.157376393676, "min": 0.0383667834103, "var": 0.00933694187552}, "barkbands_kurtosis": {"dmean": 2.31912255287, "dmean2": 3.55468034744, "dvar": 19.9561729431, "dvar2": 45.6128959656, "max": 109.403053284, "mean": 4.58055257797, "median": 1.79779434204, "min": -1.95796740055, "var": 72.5096130371}, "barkbands_skewness": {"dmean": 0.424705982208, "dmean2": 0.626378715038, "dvar": 0.242768317461, "dvar2": 0.534172058105, "max": 8.04049873352, "mean": 1.19670689106, "median": 1.09838271141, "min": -2.31974005699, "var": 1.79083395004}, "barkbands_spread": {"dmean": 4.13112401962, "dmean2": 6.2499256134, "dvar": 38.2227096558, "dvar2": 88.7813720703, "max": 112.936210632, "mean": 18.4833431244, "median": 15.7712116241, "min": 1.04760909081, "var": 189.321655273}, "dissonance": {"dmean": 0.0229858644307, "dmean2": 0.038247153163, "dvar": 0.000587238348089, "dvar2": 0.00156805093866, "max": 0.500000119209, "mean": 0.451369345188, "median": 0.459834396839, "min": 0.211364760995, "var": 0.0014102126006}, "dynamic_complexity": 6.24586772919, "erbbands": {"dmean": [0.00828413292766, 0.117623955011, 0.337470382452, 0.81236410141, 1.21328151226, 1.87466335297, 3.35934591293, 2.40922498703, 2.52369046211, 3.78497028351, 11.1616706848, 14.2299690247, 20.2764930725, 11.997086525, 19.634098053, 32.4629707336, 16.1459884644, 12.9470319748, 14.984172821, 12.9637041092, 9.71646690369, 8.22642230988, 10.1663827896, 6.6824798584, 3.72596502304, 2.734603405, 1.78701138496, 1.60045027733, 1.36429691315, 1.06240904331, 0.803470373154, 0.618076860905, 0.516103982925, 0.273050636053, 0.06945874542, 0.010430037044, 0.00160924089141, 0.000219587105676, 2.76805003523e-05, 5.61048636882e-06], "dmean2": [0.0129894521087, 0.178676620126, 0.523081958294, 1.31346440315, 1.95910644531, 3.05343699455, 5.32923269272, 3.59603714943, 3.79374647141, 5.64328956604, 16.4856815338, 20.3794441223, 28.4896736145, 16.0372219086, 25.7448692322, 45.8114967346, 22.6124153137, 18.0718917847, 21.8000259399, 19.245973587, 14.7089509964, 12.2561101913, 14.8802127838, 9.43824481964, 5.1891746521, 3.85506463051, 2.56092786789, 2.31844806671, 1.98774659634, 1.60508048534, 1.23314833641, 0.9769064188, 0.845474481583, 0.444678068161, 0.114586368203, 0.0174956973642, 0.00275575765409, 0.000376322568627, 4.64902914246e-05, 7.89709793025e-06], "dvar": [0.000268789328402, 0.0424122810364, 0.462072074413, 4.51521015167, 8.72674560547, 20.5287380219, 55.4428825378, 37.1746025085, 73.5933685303, 282.607696533, 1969.32275391, 5613.6328125, 10790.234375, 3638.57763672, 10985.6894531, 17416.7597656, 4931.26611328, 3569.46142578, 4276.69726562, 2778.92504883, 1042.73132324, 678.804626465, 785.564086914, 439.88684082, 136.141967773, 104.074287415, 40.6485404968, 32.418712616, 25.8032989502, 12.165802002, 8.42634010315, 6.4055056572, 4.83989858627, 1.2207531929, 0.074526257813, 0.00166616495699, 5.0839054893e-05, 1.45086960401e-06, 3.80348552653e-08, 2.36358460581e-10], "dvar2": [0.000614605552983, 0.0926656275988, 1.14831733704, 11.1486978531, 22.429977417, 55.1370315552, 141.926559448, 73.8165054321, 148.998580933, 541.013977051, 4097.26953125, 9538.45117188, 20412.6835938, 6115.26318359, 19550.2050781, 34233.0625, 10185.4150391, 7161.46044922, 8776.92480469, 5382.72851562, 2331.88793945, 1451.71777344, 1603.23425293, 822.087524414, 248.929107666, 180.473236084, 81.5665359497, 69.1100234985, 50.6103744507, 29.0846290588, 20.0134391785, 16.5554847717, 12.8443155289, 3.18558812141, 0.201507776976, 0.0046838754788, 0.000146493504872, 4.21445838583e-06, 1.11835589678e-07, 5.97522753498e-10], "max": [0.424304395914, 3.29190659523, 12.7806749344, 43.1157112122, 43.1001586914, 63.943523407, 161.348220825, 329.814025879, 533.284545898, 745.651916504, 1476.79272461, 2830.6796875, 2806.54467773, 2440.35888672, 3745.81616211, 3972.60253906, 2937.98364258, 2888.28320312, 2109.58300781, 2109.56640625, 974.981445312, 944.830688477, 778.295654297, 908.483886719, 459.164855957, 297.99432373, 207.485458374, 254.640808105, 208.805404663, 90.0569229126, 84.3248825073, 78.5974731445, 70.3806304932, 26.8459262848, 6.71593761444, 0.802333295345, 0.130935460329, 0.0364650450647, 0.00751704815775, 0.000519860768691], "mean": [0.0199472978711, 0.316452115774, 0.845861375332, 1.48603081703, 2.14696478844, 3.03320431709, 6.22284030914, 4.86890220642, 5.06432151794, 6.66854429245, 24.7093353271, 30.2564201355, 43.537563324, 23.7511425018, 33.8666534424, 74.0098266602, 34.1748657227, 25.3322887421, 26.6110706329, 24.7635440826, 20.5139484406, 18.3612480164, 22.7088470459, 15.6612148285, 8.07593154907, 5.63223695755, 3.66477441788, 3.18700122833, 2.66237711906, 1.90044438839, 1.34870135784, 0.899586141109, 0.659283936024, 0.367225348949, 0.0928905531764, 0.0141549780965, 0.00201132707298, 0.000295113597531, 4.6223449317e-05, 1.94598287635e-05], "median": [0.0106951920316, 0.224694088101, 0.504655241966, 0.586850047112, 0.886116445065, 1.32211709023, 2.41853880882, 1.9359048605, 1.42662501335, 1.64429485798, 4.74438428879, 3.58958673477, 2.7766494751, 2.54021668434, 2.09981679916, 3.73538541794, 3.56509304047, 2.40953397751, 2.40440320969, 4.59919452667, 4.07435464859, 4.21825361252, 4.83762216568, 2.93478679657, 1.5836648941, 0.779920935631, 0.406944304705, 0.356830090284, 0.233432218432, 0.156101688743, 0.158989235759, 0.0777739882469, 0.0487683340907, 0.0208461917937, 0.0068613444455, 0.00134603888728, 0.000228747056099, 4.73300024169e-05, 1.3160502931e-05, 1.03329084595e-05], "min": [6.07597885302e-22, 2.76116503346e-21, 1.60400773623e-20, 1.18499083433e-20, 2.63546819431e-20, 3.55633702788e-20, 1.58373215001e-19, 2.97148634285e-19, 4.5919732294e-19, 3.77708167732e-19, 4.53601859686e-19, 1.32991058998e-18, 1.19770272626e-18, 1.91592442019e-18, 2.09239161656e-18, 2.53486851739e-18, 1.96580341113e-18, 3.04445396093e-18, 4.50231843153e-18, 5.38141786241e-18, 5.87140781083e-18, 7.23145610604e-18, 7.86237322901e-18, 8.26722354494e-18, 8.66628111503e-18, 1.22864304484e-17, 1.53011820079e-17, 1.16132220623e-17, 1.47465044676e-17, 1.58612726181e-17, 1.41305775117e-17, 1.73916940633e-17, 1.18693337235e-17, 9.48546702696e-18, 7.93055028228e-18, 5.11312886176e-18, 2.56663018496e-18, 1.0601766082e-18, 3.01599150324e-19, 3.16098314605e-20], "var": [0.000853868608829, 0.114676326513, 1.3817499876, 6.94930267334, 12.83776474, 25.9609718323, 111.087379456, 139.744293213, 340.780426025, 584.187988281, 5399.640625, 21592.5917969, 39929.9804688, 13592.5283203, 30814.2675781, 81873.4921875, 20337.3457031, 9553.38476562, 8930.06640625, 7246.60888672, 2943.453125, 2364.42407227, 2643.80126953, 2352.41796875, 473.643157959, 282.155670166, 108.644180298, 89.4472503662, 76.6342391968, 26.1888542175, 13.3690538406, 9.26601791382, 5.77432918549, 1.61448264122, 0.0833716019988, 0.00162516802084, 4.13901070715e-05, 1.0444362033e-06, 2.45606397442e-08, 6.12317085924e-10]}, "erbbands_crest": {"dmean": 2.7182943821, "dmean2": 4.23314523697, "dvar": 8.38691139221, "dvar2": 19.3601894379, "max": 32.1747322083, "mean": 11.8256483078, "median": 9.88342952728, "min": 2.55929851532, "var": 41.8011817932}, "erbbands_flatness_db": {"dmean": 0.0179030150175, "dmean2": 0.0248351357877, "dvar": 0.000424806581577, "dvar2": 0.00076125288615, "max": 0.723296403885, "mean": 0.206981807947, "median": 0.199331313372, "min": 0.018615109846, "var": 0.00520497746766}, "erbbands_kurtosis": {"dmean": 1.70770454407, "dmean2": 2.69107818604, "dvar": 554.873901367, "dvar2": 994.112731934, "max": 1592.42529297, "mean": 16.4946117401, "median": 0.033059835434, "min": -1.7609834671, "var": 23698.0175781}, "erbbands_skewness": {"dmean": 0.384785592556, "dmean2": 0.564495325089, "dvar": 0.319233477116, "dvar2": 0.570886790752, "max": 5.61675262451, "mean": 0.20519760251, "median": 0.381079673767, "min": -28.6719055176, "var": 9.04856014252}, "erbbands_spread": {"dmean": 6.0522403717, "dmean2": 8.93041706085, "dvar": 85.0688400269, "dvar2": 170.014038086, "max": 148.655578613, "mean": 29.1366214752, "median": 27.2565441132, "min": 0.427764773369, "var": 305.561279297}, "gfcc": {"cov": [[25693.0234375, -38.4274024963, -3105.61230469, 1289.98547363, -1670.75878906, 987.553955078, -548.805541992, 77.6694946289, -321.71762085, -277.953369141, 94.4875183105, -208.104293823, 111.392738342], [-38.4274024963, 2075.22119141, 623.002380371, -21.8152179718, 337.878540039, -408.640716553, 23.110490799, -1.03018784523, 107.625320435, -161.347839355, -1.88261127472, -109.09046936, 9.5680398941], [-3105.61230469, 623.002380371, 1660.86108398, 91.1237869263, 199.824508667, -96.0637817383, -41.8846168518, 11.624215126, 32.7538757324, -9.01614761353, -76.3413543701, 26.762090683, 11.0338459015], [1289.98547363, -21.8152179718, 91.1237869263, 599.16003418, 46.9503555298, 68.0897064209, -39.434677124, -65.3940811157, -32.3429756165, -15.3665304184, -41.6768112183, -27.0381908417, -12.557012558], [-1670.75878906, 337.878540039, 199.824508667, 46.9503555298, 553.243591309, -35.2745323181, 123.119621277, -35.902671814, 16.9466781616, 12.8375225067, -29.1376800537, -13.1608419418, -22.4889373779], [987.553955078, -408.640716553, -96.0637817383, 68.0897064209, -35.2745323181, 405.84942627, 31.0377616882, -42.9686317444, -80.9391479492, 30.187417984, 18.8971233368, -2.19264435768, 22.277048111], [-548.805541992, 23.110490799, -41.8846168518, -39.434677124, 123.119621277, 31.0377616882, 199.634231567, 13.7378282547, -2.07501578331, 12.9261026382, 4.13989782333, 4.82162046432, -6.63656568527], [77.6694946289, -1.03018784523, 11.624215126, -65.3940811157, -35.902671814, -42.9686317444, 13.7378282547, 165.691879272, 67.5007400513, -11.3644933701, -18.227514267, 10.1131629944, 12.6313610077], [-321.71762085, 107.625320435, 32.7538757324, -32.3429756165, 16.9466781616, -80.9391479492, -2.07501578331, 67.5007400513, 153.730484009, -5.00160741806, -23.7376918793, 7.94821357727, -0.871885299683], [-277.953369141, -161.347839355, -9.01614761353, -15.3665304184, 12.8375225067, 30.187417984, 12.9261026382, -11.3644933701, -5.00160741806, 103.896720886, 27.233039856, 8.79045677185, -14.8589897156], [94.4875183105, -1.88261127472, -76.3413543701, -41.6768112183, -29.1376800537, 18.8971233368, 4.13989782333, -18.227514267, -23.7376918793, 27.233039856, 112.588150024, 23.5739116669, 1.83733141422], [-208.104293823, -109.09046936, 26.762090683, -27.0381908417, -13.1608419418, -2.19264435768, 4.82162046432, 10.1131629944, 7.94821357727, 8.79045677185, 23.5739116669, 100.873901367, 33.9870223999], [111.392738342, 9.5680398941, 11.0338459015, -12.557012558, -22.4889373779, 22.277048111, -6.63656568527, 12.6313610077, -0.871885299683, -14.8589897156, 1.83733141422, 33.9870223999, 98.3898391724]], "icov": [[0.000173702108441, -0.000379946810426, 0.000417837116402, -0.000424176745582, 0.000496759603266, -0.000616108009126, 0.000367663480574, -0.000473154243082, 0.000343348510796, -0.000138168339618, 0.000289391813567, -0.000335971853929, 0.000170708779478], [-0.000379946810426, 0.00192769384012, -0.00128493783996, 0.000966660329141, -0.00157911144197, 0.0022498704493, -0.0010090880096, 0.00137037353124, -0.00128846429288, 0.00189774506725, -0.00190797075629, 0.00241675041616, -0.00112818286289], [0.000417837116402, -0.00128493783996, 0.00180938397534, -0.00110285310075, 0.00106856331695, -0.0016740920255, 0.00125502189621, -0.00134484830778, 0.00106217106804, -0.000954659597483, 0.00153908529319, -0.00169087806717, 0.000609404465649], [-0.000424176745582, 0.000966660329141, -0.00110285310075, 0.00293986685574, -0.00141420331784, 0.00116941693705, -0.000442021904746, 0.00178118888289, -0.000772941799369, 0.000654263654724, -7.87579556345e-05, 0.00103232543916, -0.000224563817028], [0.000496759603266, -0.00157911144197, 0.00106856331695, -0.00141420331784, 0.00408212654293, -0.001864959253, -0.000565321126487, -0.000619219790678, 0.000771035032813, -0.0013838801533, 0.00183400581591, -0.00145432096906, 0.000953461159952], [-0.000616108009126, 0.0022498704493, -0.0016740920255, 0.00116941693705, -0.001864959253, 0.00597064988688, -0.0021602595225, 0.00217203120701, -0.00034436470014, 0.000833635393064, -0.00204027071595, 0.00287004280835, -0.00221741874702], [0.000367663480574, -0.0010090880096, 0.00125502189621, -0.000442021904746, -0.000565321126487, -0.0021602595225, 0.00727410940453, -0.00220807688311, 0.00128288089763, -0.000839484564494, 0.000740989868063, -0.00158132112119, 0.00103573908564], [-0.000473154243082, 0.00137037353124, -0.00134484830778, 0.00178118888289, -0.000619219790678, 0.00217203120701, -0.00220807688311, 0.00955888163298, -0.00436381623149, 0.00129817705601, -0.00019662741397, 0.00123375910334, -0.00149399600923], [0.000343348510796, -0.00128846429288, 0.00106217106804, -0.000772941799369, 0.000771035032813, -0.00034436470014, 0.00128288089763, -0.00436381623149, 0.009869963862, -0.00159462587908, 0.00255566951819, -0.00227976520546, 0.00100619834848], [-0.000138168339618, 0.00189774506725, -0.000954659597483, 0.000654263654724, -0.0013838801533, 0.000833635393064, -0.000839484564494, 0.00129817705601, -0.00159462587908, 0.013490694575, -0.00446594785899, 0.0016048331745, 0.000986383645795], [0.000289391813567, -0.00190797075629, 0.00153908529319, -7.87579556345e-05, 0.00183400581591, -0.00204027071595, 0.000740989868063, -0.00019662741397, 0.00255566951819, -0.00446594785899, 0.0130375241861, -0.00507773738354, 0.00149037176743], [-0.000335971853929, 0.00241675041616, -0.00169087806717, 0.00103232543916, -0.00145432096906, 0.00287004280835, -0.00158132112119, 0.00123375910334, -0.00227976520546, 0.0016048331745, -0.00507773738354, 0.0155795402825, -0.00584525708109], [0.000170708779478, -0.00112818286289, 0.000609404465649, -0.000224563817028, 0.000953461159952, -0.00221741874702, 0.00103573908564, -0.00149399600923, 0.00100619834848, 0.000986383645795, 0.00149037176743, -0.00584525708109, 0.0131139373407]], "mean": [-104.848327637, 109.99395752, -131.902175903, 30.4578552246, -46.8884735107, 9.22360992432, -35.2994537354, 9.43908119202, -15.7718505859, -7.90457582474, -8.46847915649, -4.89896249771, -7.53555727005]}, "hfc": {"dmean": 3.75297927856, "dmean2": 4.85131502151, "dvar": 56.8388328552, "dvar2": 85.6898956299, "max": 180.983474731, "mean": 14.2308778763, "median": 4.58297395706, "min": 1.0862986452e-16, "var": 476.394775391}, "melbands": {"dmean": [0.000100938443211, 0.000169528531842, 0.000144612873555, 0.000100890065369, 0.00011381990771, 5.42826819583e-05, 3.66288113582e-05, 5.13225568284e-05, 9.5345742011e-05, 9.32710900088e-05, 0.000103480480902, 5.20032008353e-05, 5.70011907257e-05, 9.00457962416e-05, 6.69466317049e-05, 2.99059320241e-05, 2.64332411462e-05, 2.81007360172e-05, 1.89692909771e-05, 1.79134603968e-05, 1.2110622265e-05, 1.01078494481e-05, 8.85959525476e-06, 1.08789154183e-05, 5.62430204809e-06, 3.48434446096e-06, 2.28044200412e-06, 2.03341755878e-06, 1.33043238293e-06, 9.66369611888e-07, 1.04385344457e-06, 8.97154507129e-07, 6.98554572409e-07, 5.99997520112e-07, 5.11179962359e-07, 4.14419872641e-07, 3.87719524042e-07, 3.77319310019e-07, 3.41095784506e-07, 2.04027173822e-07], "dmean2": [0.000155189671204, 0.000258089479757, 0.000231821250054, 0.000161856907653, 0.000182000905625, 8.03786024335e-05, 5.49149008293e-05, 7.61130577303e-05, 0.000139993513585, 0.000135134730954, 0.000146483580465, 7.17560615158e-05, 7.79517140472e-05, 0.000123500736663, 9.36075593927e-05, 4.48777173006e-05, 3.73696166207e-05, 4.05859282182e-05, 2.88279461529e-05, 2.75239017355e-05, 1.83190986718e-05, 1.54120334628e-05, 1.28827095978e-05, 1.64397533808e-05, 8.01602709544e-06, 4.95568838232e-06, 3.3202220493e-06, 2.91962783194e-06, 1.95482493837e-06, 1.45418323427e-06, 1.55104692112e-06, 1.32348668558e-06, 1.04933565126e-06, 9.2349642955e-07, 7.90306273757e-07, 6.38483868443e-07, 6.28296106697e-07, 6.25213374406e-07, 5.65353502679e-07, 3.31248884322e-07], "dvar": [3.44439747835e-08, 9.21047060842e-08, 1.26470283135e-07, 6.13496666801e-08, 6.55463665566e-08, 1.70206213568e-08, 1.48504568642e-08, 5.41532649834e-08, 1.54033131139e-07, 2.39587279793e-07, 2.83339858242e-07, 7.4806024486e-08, 1.17179254744e-07, 1.5190946101e-07, 6.85238887854e-08, 2.4582586633e-08, 1.49643266667e-08, 1.59030211222e-08, 6.52924647682e-09, 4.68230298978e-09, 1.93591120912e-09, 1.27187638199e-09, 7.28892723956e-10, 1.06875297501e-09, 3.70965286267e-10, 1.27428345653e-10, 6.61669261048e-11, 6.72733674323e-11, 2.46307366863e-11, 1.13708062063e-11, 1.59897321078e-11, 1.43540422604e-11, 6.16012796328e-12, 4.29303250934e-12, 3.87739406554e-12, 2.14042390582e-12, 3.10279037706e-12, 2.84748418421e-12, 2.07783334809e-12, 6.96455100622e-13], "dvar2": [7.55279927489e-08, 2.19559581183e-07, 3.1511174825e-07, 1.60207406452e-07, 1.72731802195e-07, 3.26742046752e-08, 2.88073813692e-08, 1.0773938186e-07, 3.09768211082e-07, 4.24143678401e-07, 5.3589798199e-07, 1.25416519836e-07, 2.11028421404e-07, 2.60601126456e-07, 1.25338402768e-07, 4.94527405692e-08, 3.02877118941e-08, 3.19721458197e-08, 1.41503440076e-08, 1.04707540416e-08, 4.2243328835e-09, 2.78948930621e-09, 1.4894416811e-09, 2.17294737759e-09, 6.93780588534e-10, 2.2779338138e-10, 1.33158192805e-10, 1.29584606934e-10, 4.99881733229e-11, 2.61600029833e-11, 3.53196014102e-11, 2.98529465037e-11, 1.49514116365e-11, 1.0728737343e-11, 9.41538166876e-12, 5.21988572158e-12, 8.28334362907e-12, 7.59029904901e-12, 5.49774115122e-12, 1.82060313006e-12], "max": [0.00352716259658, 0.00522197782993, 0.00598550448194, 0.00362828141078, 0.00497528770939, 0.00682980334386, 0.00697694299743, 0.00798390060663, 0.0146387051791, 0.0166612043977, 0.0147233270109, 0.00952053163201, 0.0134208025411, 0.0161058846861, 0.00647302065045, 0.00682164449245, 0.00467991456389, 0.00359634426422, 0.00264643179253, 0.00310793961398, 0.00164108432364, 0.00134192931, 0.00122832739726, 0.00130175193772, 0.000943936523981, 0.000441929529188, 0.000282334774965, 0.000250556506217, 0.000179506343557, 8.45339236548e-05, 0.000206947443075, 0.000179430397111, 8.70359363034e-05, 6.81427336531e-05, 6.21965737082e-05, 4.90185557283e-05, 5.11714861204e-05, 5.14910389029e-05, 3.16597761412e-05, 2.21662048716e-05], "mean": [0.000264140515355, 0.000453933171229, 0.000278730993159, 0.000174027867615, 0.00020608768682, 0.000114935093734, 7.15799906175e-05, 8.70901203598e-05, 0.000205413700314, 0.000191831801203, 0.000222341710469, 0.000102429985418, 8.48208219395e-05, 0.000187310608453, 0.000134248111863, 6.06909416092e-05, 4.5070584747e-05, 4.5783315727e-05, 3.05355897581e-05, 3.33344723913e-05, 2.2727805117e-05, 1.98549696506e-05, 1.801246799e-05, 2.19192206714e-05, 1.18294192362e-05, 6.71572206556e-06, 4.19258458351e-06, 3.71459941562e-06, 2.46790636993e-06, 1.82998439868e-06, 1.87197781543e-06, 1.61030993695e-06, 1.21134223718e-06, 9.64975129136e-07, 8.0424558746e-07, 6.50322931506e-07, 5.0413302688e-07, 4.60583351014e-07, 4.29660758527e-07, 2.68611984211e-07], "median": [0.000170571714989, 0.000335808435921, 0.000131166409119, 7.68814206822e-05, 8.67167400429e-05, 4.79315167468e-05, 1.98935777007e-05, 1.76937446668e-05, 3.57028948201e-05, 1.71466981556e-05, 1.20840340969e-05, 7.82818278822e-06, 4.65095536129e-06, 8.03648345027e-06, 8.09131051938e-06, 5.78485969527e-06, 3.08945209326e-06, 2.65992889581e-06, 5.03550791109e-06, 5.28908458364e-06, 3.90293507735e-06, 3.56182545147e-06, 4.07080915465e-06, 3.54965663973e-06, 1.93029859474e-06, 1.32294655941e-06, 6.55353630918e-07, 4.08418003417e-07, 2.40807793261e-07, 1.94836147216e-07, 1.9574700616e-07, 1.29149171357e-07, 7.11905201456e-08, 7.99810848662e-08, 9.66303446148e-08, 5.79440957438e-08, 3.65759866838e-08, 3.22404751785e-08, 2.41780728771e-08, 1.3338508964e-08], "min": [7.14214863178e-24, 7.21300254057e-24, 2.32543730857e-24, 2.6519955494e-24, 4.24786885206e-24, 7.23274457358e-24, 6.39808200977e-24, 4.16873782022e-24, 3.44078565436e-24, 8.6676983374e-24, 5.68385484037e-24, 7.28486698017e-24, 7.49687019301e-24, 8.27303517082e-24, 5.81212322912e-24, 4.62171437378e-24, 4.30857603745e-24, 6.89564932042e-24, 7.66325121311e-24, 4.03135217155e-24, 6.87858941449e-24, 7.09457321945e-24, 6.01963821784e-24, 8.48595425117e-24, 5.98582369514e-24, 7.04959394836e-24, 5.11787593429e-24, 5.7483122705e-24, 8.78200743801e-24, 4.33095128816e-24, 5.86786216854e-24, 7.50586162961e-24, 1.03933441893e-23, 7.81175033421e-24, 7.81198147046e-24, 1.01107079488e-23, 1.03281014482e-23, 7.74050988359e-24, 7.5292442557e-24, 6.45384658716e-24], "var": [9.74652039076e-08, 2.57211922872e-07, 1.93022671624e-07, 8.23534165306e-08, 1.15256909794e-07, 6.94789932254e-08, 6.42862261202e-08, 9.72417737444e-08, 4.29141664426e-07, 9.32659133923e-07, 1.09159657313e-06, 3.13197318746e-07, 2.71437784249e-07, 6.04897991252e-07, 2.68833048267e-07, 1.01625737159e-07, 3.64334589165e-08, 3.27309166437e-08, 1.30835173806e-08, 1.28900925489e-08, 5.2503663639e-09, 3.92251120473e-09, 2.33343855349e-09, 3.16260950761e-09, 2.06976213946e-09, 3.69110741971e-10, 1.78407455476e-10, 1.50450554792e-10, 6.22422322016e-11, 2.99452580788e-11, 3.71951983102e-11, 3.53540113851e-11, 1.38109974845e-11, 7.15835420453e-12, 5.40816783717e-12, 3.78171279014e-12, 3.70288565435e-12, 3.16984676355e-12, 2.45695065855e-12, 9.30774771493e-13]}, "melbands_crest": {"dmean": 2.615046978, "dmean2": 4.10723352432, "dvar": 7.05403995514, "dvar2": 16.9518756866, "max": 39.9999923706, "mean": 14.1352043152, "median": 12.8306665421, "min": 1.73231434822, "var": 34.3320770264}, "melbands_flatness_db": {"dmean": 0.0228143557906, "dmean2": 0.0321875289083, "dvar": 0.000770785321947, "dvar2": 0.00146667170338, "max": 0.997712254524, "mean": 0.23533038795, "median": 0.218914166093, "min": 0.0035048769787, "var": 0.0108949318528}, "melbands_kurtosis": {"dmean": 8265.29101562, "dmean2": 16211.0400391, "dvar": 10586501120, "dvar2": 30752688128, "max": 1918708.75, "mean": 13926.6240234, "median": 5.21622085571, "min": -1.77794289589, "var": 23907809280}, "melbands_skewness": {"dmean": 4.44168281555, "dmean2": 8.27550125122, "dvar": 2314.30615234, "dvar2": 6461.24560547, "max": 1358.95373535, "mean": 12.9298906326, "median": 1.83144903183, "min": -2.6858997345, "var": 13214.8720703}, "melbands_spread": {"dmean": 5.41456508636, "dmean2": 8.13684749603, "dvar": 63.4044532776, "dvar2": 137.717834473, "max": 156.300491333, "mean": 22.8241653442, "median": 18.4114742279, "min": 0.000601535488386, "var": 323.631317139}, "mfcc": {"cov": [[13852.4619141, -672.884765625, -1064.61730957, 37.1153411865, -469.900299072, 239.036209106, -54.8944969177, 154.462677002, -185.546234131, -132.660186768, 35.1337394714, -55.7299499512, -52.9427223206], [-672.884765625, 2422.79956055, 300.99597168, 310.858642578, 250.379226685, -260.80456543, -26.5057106018, 63.3286018372, 69.5126876831, 25.3163375854, -17.3971328735, 2.77638077736, -7.82795619965], [-1064.61730957, 300.99597168, 1145.88122559, 137.660858154, 158.602386475, -16.6855945587, -46.2490386963, -20.1493835449, 32.5303535461, -18.6269607544, -59.0200195312, -52.4589767456, 7.92166566849], [37.1153411865, 310.858642578, 137.660858154, 533.943481445, 138.647872925, 24.4615802765, -17.2746276855, 10.4464616776, 60.047958374, -36.5421104431, -39.6451759338, 81.0624084473, 5.25049781799], [-469.900299072, 250.379226685, 158.602386475, 138.647872925, 310.714691162, 79.4885482788, 26.3458080292, 12.0138540268, 49.8065834045, 0.633255004883, -34.09582901, -8.9037027359, 16.7192497253], [239.036209106, -260.80456543, -16.6855945587, 24.4615802765, 79.4885482788, 321.15423584, 125.642562866, -16.998128891, 0.411426186562, -18.6188049316, -17.636177063, 2.11909747124, 27.0457172394], [-54.8944969177, -26.5057106018, -46.2490386963, -17.2746276855, 26.3458080292, 125.642562866, 213.277618408, -7.97780323029, -16.0653648376, 2.35493254662, 5.15023136139, -9.15613079071, 14.974571228], [154.462677002, 63.3286018372, -20.1493835449, 10.4464616776, 12.0138540268, -16.998128891, -7.97780323029, 131.472259521, 39.9692649841, 20.7091903687, -13.1925773621, -14.6636943817, 6.20736312866], [-185.546234131, 69.5126876831, 32.5303535461, 60.047958374, 49.8065834045, 0.411426186562, -16.0653648376, 39.9692649841, 142.673950195, 25.0562553406, -15.5729618073, -7.34541845322, -0.531277418137], [-132.660186768, 25.3163375854, -18.6269607544, -36.5421104431, 0.633255004883, -18.6188049316, 2.35493254662, 20.7091903687, 25.0562553406, 104.899162292, 17.5095977783, -18.2025279999, -19.1820869446], [35.1337394714, -17.3971328735, -59.0200195312, -39.6451759338, -34.09582901, -17.636177063, 5.15023136139, -13.1925773621, -15.5729618073, 17.5095977783, 102.240501404, 25.6079330444, -4.45074653625], [-55.7299499512, 2.77638077736, -52.4589767456, 81.0624084473, -8.9037027359, 2.11909747124, -9.15613079071, -14.6636943817, -7.34541845322, -18.2025279999, 25.6079330444, 141.673934937, 29.8611965179], [-52.9427223206, -7.82795619965, 7.92166566849, 5.25049781799, 16.7192497253, 27.0457172394, 14.974571228, 6.20736312866, -0.531277418137, -19.1820869446, -4.45074653625, 29.8611965179, 120.699211121]], "icov": [[9.15247946978e-05, -5.62495961276e-06, 7.61172341299e-05, -7.98637265689e-05, 0.000151638436364, -0.000152098014951, 0.000111119399662, -0.0001606917358, 0.000124474070617, 0.000112527566671, -5.48868629267e-05, 0.00013722141739, 2.82725541183e-05], [-5.62495961276e-06, 0.000580693071242, -6.84233018546e-05, -0.000250120996498, -0.000489525264129, 0.000728735467419, -0.000332648749463, -0.000138876304845, 6.39736936137e-06, -6.61253798171e-05, -7.180304965e-05, 3.53348368662e-05, -1.83759766514e-05], [7.61172341299e-05, -6.84233018546e-05, 0.0010842360789, -0.000239198328927, -0.000259616674157, -6.34951284155e-05, 0.000339484133292, 0.000209947989788, 7.93040162534e-05, 0.000186078046681, 0.000227197248023, 0.000616212724708, -0.000148683218868], [-7.98637265689e-05, -0.000250120996498, -0.000239198328927, 0.00285146059468, -0.000886822235771, -0.000131427121232, 8.22074434836e-05, 2.73955756711e-05, -0.00094663182972, 0.000720340874977, 0.000905702996533, -0.00204544491135, 0.000630847469438], [0.000151638436364, -0.000489525264129, -0.000259616674157, -0.000886822235771, 0.00500681204721, -0.00176895444747, 0.000272773264442, -0.000195343513042, -0.000667745654937, -0.000213826206164, 0.000417953648139, 0.000774965097662, -0.000443815166363], [-0.000152098014951, 0.000728735467419, -6.34951284155e-05, -0.000131427121232, -0.00176895444747, 0.00559477135539, -0.00305534549989, 0.000650058675092, -0.00042092736112, 0.000362294871593, 0.000635756645352, -0.000329774600687, -0.000511797901709], [0.000111119399662, -0.000332648749463, 0.000339484133292, 8.22074434836e-05, 0.000272773264442, -0.00305534549989, 0.00667736213654, -0.000110391541966, 0.000931812624913, -0.000415309885284, -0.000667597632855, 0.000825568975415, -0.000465364253614], [-0.0001606917358, -0.000138876304845, 0.000209947989788, 2.73955756711e-05, -0.000195343513042, 0.000650058675092, -0.000110391541966, 0.00915499031544, -0.00229362398386, -0.00152997334953, 0.00110887479968, 0.000622570398264, -0.00103657809086], [0.000124474070617, 6.39736936137e-06, 7.93040162534e-05, -0.00094663182972, -0.000667745654937, -0.00042092736112, 0.000931812624913, -0.00229362398386, 0.00896221771836, -0.00195791968144, 0.000559145060834, 0.000541133980732, -0.000104817292595], [0.000112527566671, -6.61253798171e-05, 0.000186078046681, 0.000720340874977, -0.000213826206164, 0.000362294871593, -0.000415309885284, -0.00152997334953, -0.00195791968144, 0.0116693116724, -0.00232071732171, 0.000978598720394, 0.00159841042478], [-5.48868629267e-05, -7.180304965e-05, 0.000227197248023, 0.000905702996533, 0.000417953648139, 0.000635756645352, -0.000667597632855, 0.00110887479968, 0.000559145060834, -0.00232071732171, 0.0119288116693, -0.0029038626235, 0.000534337537829], [0.00013722141739, 3.53348368662e-05, 0.000616212724708, -0.00204544491135, 0.000774965097662, -0.000329774600687, 0.000825568975415, 0.000622570398264, 0.000541133980732, 0.000978598720394, -0.0029038626235, 0.00987667497247, -0.00244955951348], [2.82725541183e-05, -1.83759766514e-05, -0.000148683218868, 0.000630847469438, -0.000443815166363, -0.000511797901709, -0.000465364253614, -0.00103657809086, -0.000104817292595, 0.00159841042478, 0.000534337537829, -0.00244955951348, 0.00944508146495]], "mean": [-732.642272949, 130.898834229, -14.3649168015, 22.8083763123, 11.4281730652, 0.0668246150017, -1.26728105545, 9.43882369995, -1.33707022667, 1.39094400406, 1.31020259857, 1.7184022665, -2.30657505989]}, "pitch_salience": {"dmean": 0.0605926439166, "dmean2": 0.0946643352509, "dvar": 0.00340778985992, "dvar2": 0.00787292979658, "max": 0.851687729359, "mean": 0.531321048737, "median": 0.538596570492, "min": 0.00232827384025, "var": 0.0166018120944}, "silence_rate_20dB": {"dmean": 0, "dmean2": 0, "dvar": 0, "dvar2": 0, "max": 1, "mean": 1, "median": 1, "min": 1, "var": 0}, "silence_rate_30dB": {"dmean": 0.000518000510056, "dmean2": 0.00103613524698, "dvar": 0.000517723266967, "dvar2": 0.0012940595625, "max": 1, "mean": 0.99961155653, "median": 1, "min": 0, "var": 0.000388311163988}, "silence_rate_60dB": {"dmean": 0.0530950538814, "dmean2": 0.106203861535, "dvar": 0.0502724796534, "dvar2": 0.108143404126, "max": 1, "mean": 0.217273086309, "median": 0, "min": 0, "var": 0.170058175921}, "spectral_centroid": {"dmean": 180.372940063, "dmean2": 271.667633057, "dvar": 110263.023438, "dvar2": 219502.71875, "max": 14700.0039062, "mean": 1408.38122559, "median": 1206.81982422, "min": 165.791732788, "var": 2220500.5}, "spectral_complexity": {"dmean": 2.19994831085, "dmean2": 3.2099468708, "dvar": 8.96985435486, "dvar2": 15.5904636383, "max": 57, "mean": 11.2491264343, "median": 10, "min": 0, "var": 64.1486968994}, "spectral_contrast_coeffs": {"dmean": [0.0402836874127, 0.0423178263009, 0.0387198291719, 0.0303569212556, 0.0237386208028, 0.0172209162265], "dmean2": [0.0653392523527, 0.0677911564708, 0.0598706305027, 0.0475443638861, 0.0364741310477, 0.0258689653128], "dvar": [0.00130649609491, 0.00139280292206, 0.00133247789927, 0.000716369773727, 0.000456162379123, 0.000272258796031], "dvar2": [0.00332904979587, 0.00323376618326, 0.00284380349331, 0.00160256703384, 0.00101442157757, 0.000550577882677], "max": [-0.339575171471, -0.326756626368, -0.315716683865, -0.427558481693, -0.501175820827, -0.577439665794], "mean": [-0.676235854626, -0.721906065941, -0.733264148235, -0.756771981716, -0.765420496464, -0.78175163269], "median": [-0.677971720695, -0.727576375008, -0.750355303288, -0.765164136887, -0.768076181412, -0.786076426506], "min": [-0.995359003544, -0.997277140617, -0.997180044651, -0.997923135757, -0.996637940407, -0.983662068844], "var": [0.00651287287474, 0.00737627316266, 0.0103743039072, 0.00584858981892, 0.00404229387641, 0.00309192016721]}, "spectral_contrast_valleys": {"dmean": [0.379020690918, 0.361358016729, 0.336637884378, 0.287726521492, 0.283799678087, 0.359240889549], "dmean2": [0.598930895329, 0.56128436327, 0.509080767632, 0.430942118168, 0.381065517664, 0.443501889706], "dvar": [0.167110845447, 0.156065493822, 0.144892752171, 0.123144440353, 0.145482957363, 0.225042000413], "dvar2": [0.335634201765, 0.292241722345, 0.251772582531, 0.191504940391, 0.210004046559, 0.3628718853], "max": [-5.71765470505, -5.08329153061, -5.59775972366, -5.22954893112, -5.41275262833, -7.869161129], "mean": [-8.29807090759, -7.89637947083, -8.52177524567, -8.71533966064, -8.75346279144, -11.5058670044], "median": [-7.79190969467, -7.48773241043, -8.14980697632, -8.41271686554, -8.4112663269, -11.2520847321], "min": [-28.1116218567, -27.6036968231, -27.390794754, -27.4055976868, -27.3684844971, -27.3327465057], "var": [5.21370220184, 5.12599468231, 4.89546728134, 4.9063668251, 5.14089202881, 4.51835584641]}, "spectral_decrease": {"dmean": 8.26582025049e-10, "dmean2": 1.11994480356e-09, "dvar": 1.96915452659e-18, "dvar2": 3.39256010043e-18, "max": 5.00350675108e-18, "mean": -3.23981752537e-09, "median": -1.96809812891e-09, "min": -2.80869958402e-08, "var": 1.37721477446e-17}, "spectral_energy": {"dmean": 0.00341963162646, "dmean2": 0.00458572991192, "dvar": 3.4064942156e-05, "dvar2": 5.71799209865e-05, "max": 0.119226276875, "mean": 0.0135185401887, "median": 0.00791064277291, "min": 1.02627401949e-20, "var": 0.000249236589298}, "spectral_energyband_high": {"dmean": 0.000154579538503, "dmean2": 0.000223858514801, "dvar": 2.18479598857e-07, "dvar2": 4.67714301067e-07, "max": 0.0109602417797, "mean": 0.000331682502292, "median": 4.4406253437e-05, "min": 7.38183491122e-21, "var": 5.99007535129e-07}, "spectral_energyband_low": {"dmean": 0.000800676411018, "dmean2": 0.00121025636327, "dvar": 2.33107130043e-06, "dvar2": 5.24721053807e-06, "max": 0.0283510833979, "mean": 0.00222320389003, "median": 0.00158007058781, "min": 4.53289226461e-23, "var": 6.23556434221e-06}, "spectral_energyband_middle_high": {"dmean": 0.00187891919632, "dmean2": 0.00244849524461, "dvar": 2.13025632547e-05, "dvar2": 3.31286464643e-05, "max": 0.117061167955, "mean": 0.00637090858072, "median": 0.00119247962721, "min": 1.25748810572e-21, "var": 0.00016629890888}, "spectral_energyband_middle_low": {"dmean": 0.00185496464837, "dmean2": 0.00271408492699, "dvar": 1.71880055859e-05, "dvar2": 3.40106598742e-05, "max": 0.09195061028, "mean": 0.00519102113321, "median": 0.00274255149998, "min": 2.36200429319e-22, "var": 6.8507863034e-05}, "spectral_entropy": {"dmean": 0.169706746936, "dmean2": 0.24165815115, "dvar": 0.0453159436584, "dvar2": 0.0866768136621, "max": 9.80663013458, "mean": 7.13999128342, "median": 7.1747341156, "min": 2.24082541466, "var": 0.443625181913}, "spectral_flux": {"dmean": 0.0173629578203, "dmean2": 0.0263000056148, "dvar": 0.000586000271142, "dvar2": 0.00130473170429, "max": 0.370086789131, "mean": 0.0524191558361, "median": 0.0368226952851, "min": 6.56470156013e-11, "var": 0.00230795028619}, "spectral_kurtosis": {"dmean": 2.8099501133, "dmean2": 4.65178060532, "dvar": 14.0803804398, "dvar2": 33.5372200012, "max": 152.357559204, "mean": 8.40769481659, "median": 5.88448238373, "min": -1.29617679119, "var": 192.501373291}, "spectral_rms": {"dmean": 0.000423825869802, "dmean2": 0.000556100450922, "dvar": 3.37310751775e-07, "dvar2": 5.27861971023e-07, "max": 0.0107850972563, "mean": 0.00310603622347, "median": 0.00277807493694, "min": 3.16424230568e-12, "var": 3.54128496838e-06}, "spectral_rolloff": {"dmean": 330.450531006, "dmean2": 565.699157715, "dvar": 581238.875, "dvar2": 1461239.25, "max": 19078.4179688, "mean": 1515.51757812, "median": 1119.7265625, "min": 86.1328125, "var": 3138301.25}, "spectral_skewness": {"dmean": 0.285800844431, "dmean2": 0.460175335407, "dvar": 0.105538532138, "dvar2": 0.241519883275, "max": 4.91938018799, "mean": 1.69794785976, "median": 1.69512343407, "min": -10.0558700562, "var": 1.56838405132}, "spectral_spread": {"dmean": 463320.09375, "dmean2": 670786.312