{"lowlevel": {"average_loudness": 0.701018869877, "barkbands": {"dmean": [0.000186919103726, 0.00313930073753, 0.00250326935202, 0.0030387560837, 0.00225648772903, 0.00137331231963, 0.000453852931969, 0.00059253256768, 0.000520344357938, 0.000403285055654, 0.000566147326026, 0.000418639363488, 0.000361771089956, 0.000265466427663, 0.000316815625411, 0.000238004460698, 0.00020708500233, 0.000147443934111, 0.000119772186736, 0.000113402944407, 7.25159770809e-05, 9.6805539215e-05, 0.000158489739988, 0.000163767210324, 8.92269599717e-05, 2.26821211982e-05, 2.15309887608e-06], "dmean2": [0.000278286432149, 0.00542391370982, 0.00434198323637, 0.00503321317956, 0.00365618802607, 0.0021144694183, 0.000725267862435, 0.00087254162645, 0.000805046816822, 0.00062521599466, 0.000856665312313, 0.000615345023107, 0.000545084592886, 0.000410949520301, 0.00050236529205, 0.000374379073037, 0.000336277007591, 0.000236795996898, 0.000189761136426, 0.000178422429599, 0.000113549649541, 0.000148953491589, 0.00024490969372, 0.000246168958256, 0.000133903624373, 3.26494591718e-05, 3.41807503901e-06], "dvar": [4.30391224882e-07, 9.56436415436e-05, 3.4888391383e-05, 4.65020893898e-05, 1.06222132672e-05, 5.46552610103e-06, 1.08312462999e-06, 1.98226553039e-06, 1.56865064582e-06, 8.79233994056e-07, 1.60241404501e-06, 1.24189682538e-06, 8.28451220514e-07, 5.77712626182e-07, 6.55350390844e-07, 3.02379049799e-07, 1.86532133739e-07, 7.85509257639e-08, 5.89608291079e-08, 5.0380041472e-08, 3.56298919257e-08, 9.56846974987e-08, 3.57709183163e-07, 2.721259591e-07, 9.77026957116e-08, 6.68544863913e-09, 1.49570966723e-10], "dvar2": [8.35829894186e-07, 0.000262279470917, 9.98219256871e-05, 0.000128161351313, 2.74388366961e-05, 1.31252718347e-05, 2.73809450846e-06, 4.05953414884e-06, 3.65985738426e-06, 2.07979860534e-06, 3.44115437656e-06, 2.30616024055e-06, 1.70008979694e-06, 1.22630081023e-06, 1.4697733377e-06, 6.58991552882e-07, 4.67440145258e-07, 1.93184092723e-07, 1.45682435004e-07, 1.23604081637e-07, 8.36819964434e-08, 1.98564379161e-07, 7.90830597452e-07, 6.13903637259e-07, 2.22232841907e-07, 1.42747653697e-08, 3.71361857932e-10], "max": [0.0249979607761, 0.233223393559, 0.10030759871, 0.153948396444, 0.0660339668393, 0.0654434561729, 0.0225049350411, 0.0453639216721, 0.0352146327496, 0.0262323245406, 0.0267940703779, 0.0257620774209, 0.0248939096928, 0.0144748166203, 0.0219170972705, 0.0158849954605, 0.0128360437229, 0.0102857686579, 0.00626711733639, 0.00593763729557, 0.00527941808105, 0.0131578957662, 0.021955082193, 0.0130416247994, 0.00757111283019, 0.00251192995347, 0.000352438597474], "mean": [0.00021735887276, 0.00341156753711, 0.00351974228397, 0.00499900663272, 0.00487748766318, 0.00274161691777, 0.000786415301263, 0.00109891069587, 0.000921929546166, 0.00073797366349, 0.00105421873741, 0.000830376869999, 0.000711521017365, 0.000442112417659, 0.000530473713297, 0.000454241846455, 0.00040214121691, 0.000292744662147, 0.000247747375397, 0.000245786097366, 0.000148732055095, 0.000190406339243, 0.000306880130665, 0.00033794977935, 0.000170084575075, 3.77025098715e-05, 2.06552476811e-06], "median": [3.7666890421e-05, 0.00112824141979, 0.00130747340154, 0.00197462807409, 0.00335888261907, 0.00152088305913, 0.000374295923393, 0.000372120237444, 0.000339197460562, 0.000290572468657, 0.000315959652653, 0.000205914868275, 0.000172726780875, 0.000114034635772, 0.000169395294506, 0.000153748347657, 0.00015870219795, 0.000153799948748, 0.000125918712001, 0.000132781045977, 5.66705712117e-05, 4.91319660796e-05, 5.78229810344e-05, 6.19685306447e-05, 2.11121823668e-05, 3.36141010848e-06, 9.00619312461e-08], "min": [1.54597660185e-06, 1.71683360861e-08, 2.77689915333e-12, 3.30756824924e-13, 2.21737016769e-12, 8.15372400674e-13, 1.22746398549e-12, 4.6810884162e-13, 1.14807707612e-12, 1.06983551792e-12, 8.38614713696e-13, 1.23801619997e-12, 2.27083326101e-12, 1.32548301762e-12, 1.99023805249e-12, 2.45937319988e-12, 1.63448334728e-12, 4.00300669348e-12, 5.95467078424e-12, 6.5107559101e-12, 9.5406339079e-12, 1.15839048423e-11, 1.8829342599e-11, 2.38007044628e-11, 3.48117958071e-11, 5.18250026227e-11, 7.29734467297e-11], "var": [5.9328374391e-07, 7.63869611546e-05, 3.4457865695e-05, 6.96479910403e-05, 2.77948038274e-05, 1.30125554278e-05, 1.82948519978e-06, 6.01144893153e-06, 4.29305327998e-06, 2.13092334889e-06, 5.2524496823e-06, 5.31345449417e-06, 3.10692598759e-06, 1.29413103878e-06, 1.41318662372e-06, 9.46644661326e-07, 5.55012775294e-07, 1.75681122982e-07, 1.54319536705e-07, 1.31048864205e-07, 9.05369859083e-08, 2.42555927343e-07, 8.48681509069e-07, 6.60204364067e-07, 2.04409062121e-07, 1.38278704043e-08, 1.332887134e-10]}, "barkbands_crest": {"dmean": 2.25825953484, "dmean2": 3.67358374596, "dvar": 4.58578157425, "dvar2": 12.1218080521, "max": 26.9221668243, "mean": 9.70111179352, "median": 8.83341693878, "min": 2.50519704819, "var": 16.4596652985}, "barkbands_flatness_db": {"dmean": 0.0184888932854, "dmean2": 0.0285282563418, "dvar": 0.000354001153028, "dvar2": 0.000790503050666, "max": 0.775544822216, "mean": 0.135655656457, "median": 0.126584559679, "min": 0.0261628609151, "var": 0.00388360465877}, "barkbands_kurtosis": {"dmean": 12.6362915039, "dmean2": 14.4627819061, "dvar": 92308.703125, "dvar2": 69717.7421875, "max": 35091.5117188, "mean": 126.630325317, "median": 2.14169478416, "min": -1.93226575851, "var": 3519450}, "barkbands_skewness": {"dmean": 0.532243490219, "dmean2": 0.799923479557, "dvar": 3.1485016346, "dvar2": 3.03944969177, "max": 162.152984619, "mean": 2.3558781147, "median": 1.58508241177, "min": -2.80267477036, "var": 95.2691574097}, "barkbands_spread": {"dmean": 5.25302696228, "dmean2": 8.11207962036, "dvar": 54.7212219238, "dvar2": 121.940727234, "max": 100.067550659, "mean": 22.1364936829, "median": 18.7934341431, "min": 0.0118657490239, "var": 218.050582886}, "dissonance": {"dmean": 0.017657129094, "dmean2": 0.0297165382653, "dvar": 0.000305124092847, "dvar2": 0.000855819031131, "max": 0.500000178814, "mean": 0.46041610837, "median": 0.466530740261, "min": 0.187082871795, "var": 0.000702742196154}, "dynamic_complexity": 3.83806562424, "erbbands": {"dmean": [0.0764362439513, 0.794453799725, 2.63848686218, 6.3788561821, 8.72877883911, 7.90495347977, 10.7280111313, 12.8813714981, 7.32154273987, 8.17311286926, 11.6057701111, 13.364862442, 11.4590625763, 12.2510108948, 26.2586364746, 16.3946704865, 15.1192836761, 14.156001091, 16.6918849945, 11.3626356125, 9.91701030731, 10.513838768, 8.84753036499, 5.34333992004, 6.5486664772, 5.10812234879, 3.15737748146, 3.07692074776, 3.31866192818, 4.40411424637, 4.52789735794, 3.86266303062, 2.49008488655, 1.23158967495, 0.550794064999, 0.172327965498, 0.0263479687274, 0.00392257003114, 0.000357511802576, 2.27909713431e-05], "dmean2": [0.127230554819, 1.40642702579, 4.58562326431, 10.757434845, 14.052075386, 12.788769722, 17.032365799, 19.6627578735, 11.4792070389, 12.1289949417, 17.268699646, 20.4636821747, 17.7810878754, 18.7765579224, 39.2277793884, 23.8927059174, 22.372051239, 21.6073169708, 26.3536605835, 17.5498142242, 15.3503103256, 16.964225769, 14.1507711411, 8.42577362061, 10.2206010818, 7.99512147903, 4.99327850342, 4.80358886719, 5.15112257004, 6.82357311249, 7.00011396408, 5.88165807724, 3.79895710945, 1.8692086935, 0.825819790363, 0.250495731831, 0.0368494279683, 0.00570397730917, 0.000560871267226, 3.52865208697e-05], "dvar": [0.0609008409083, 6.24453687668, 44.1336212158, 204.614730835, 256.557067871, 155.385665894, 337.418457031, 568.646118164, 245.573364258, 404.94732666, 848.607788086, 1093.7434082, 739.772583008, 931.356201172, 3591.09399414, 2152.33984375, 1400.78723145, 1343.68017578, 1663.5357666, 966.90032959, 453.629364014, 519.802368164, 260.242004395, 146.172561646, 184.482971191, 105.827957153, 50.9643707275, 70.8646240234, 110.386001587, 241.886489868, 284.672363281, 157.051864624, 68.9210739136, 19.3586845398, 3.18358111382, 0.366859346628, 0.00923893414438, 0.000323816842865, 3.95726874558e-06, 5.90199045192e-09], "dvar2": [0.157429173589, 17.6051330566, 125.264122009, 568.420715332, 676.247375488, 386.420257568, 836.703552246, 1298.61950684, 619.822631836, 800.732421875, 1824.78320312, 2515.58276367, 1753.20129395, 2064.12963867, 7608.61132812, 3963.02709961, 2741.74926758, 2848.72827148, 3822.25097656, 2011.39111328, 990.569335938, 1278.57788086, 639.262756348, 360.945922852, 458.069610596, 252.453872681, 123.077224731, 164.007736206, 241.394989014, 511.574951172, 622.424926758, 357.464782715, 160.287902832, 45.079334259, 6.98253154755, 0.798342883587, 0.0188654791564, 0.000715869478881, 1.00019706224e-05, 1.46982239713e-08], "max": [4.9554438591, 56.5818443298, 107.214523315, 327.029632568, 329.575469971, 293.313934326, 374.667205811, 785.288513184, 322.206359863, 763.77923584, 1080.58557129, 1006.87255859, 728.707885742, 986.41192627, 1400.2668457, 1316.98120117, 1358.890625, 862.586303711, 1038.81555176, 1271.60205078, 723.423583984, 844.103271484, 496.24005127, 437.002716064, 307.98236084, 296.439361572, 151.566986084, 266.343383789, 391.81338501, 582.299621582, 549.712402344, 333.636535645, 197.055709839, 118.898078918, 50.0460548401, 16.9087810516, 2.92294454575, 0.518984973431, 0.056233599782, 0.00204274896532], "mean": [0.0849772319198, 0.835904121399, 3.64622879028, 10.4125375748, 16.9831638336, 15.6257753372, 20.6630821228, 24.6225280762, 13.8502397537, 16.0916881561, 21.4232978821, 24.6665039062, 22.016450882, 23.7856369019, 52.4555358887, 35.5883827209, 32.1695251465, 28.2256774902, 30.4846096039, 23.2042999268, 22.5169029236, 21.5747528076, 18.2023410797, 11.9319801331, 13.8751125336, 11.4957666397, 6.97838592529, 6.06267261505, 6.52272367477, 8.15514373779, 8.64963436127, 7.73858547211, 4.89511346817, 2.3716840744, 1.011089921, 0.300372332335, 0.0438988879323, 0.00515189068392, 0.000377822987502, 5.22297777934e-05], "median": [0.0190531201661, 0.309826731682, 1.53150618076, 5.14093112946, 8.53653907776, 9.64316082001, 11.2257661819, 12.6196603775, 7.50716781616, 6.7410068512, 7.4970126152, 10.1086521149, 9.65375518799, 10.704492569, 14.5757007599, 9.88464736938, 9.19638633728, 9.28477859497, 10.6790790558, 8.52753257751, 8.85540866852, 8.71377182007, 9.95792198181, 6.47168540955, 7.15154886246, 6.36746692657, 3.32927107811, 2.02577543259, 1.75442588329, 1.58537006378, 1.63509583473, 1.42198550701, 0.869553685188, 0.314211666584, 0.118225097656, 0.0295671485364, 0.00370417255908, 0.000321483938023, 3.91705034417e-05, 3.61038728443e-05], "min": [3.81643039873e-05, 4.0077338781e-06, 5.37175196769e-07, 1.91650570969e-07, 1.06492727525e-07, 6.73835174325e-08, 4.82572311e-08, 3.95267782949e-08, 4.78594230913e-08, 3.37308208032e-08, 3.46164625853e-08, 3.38235963682e-08, 3.89414438473e-08, 3.67708530291e-08, 5.81837120706e-08, 6.88991974584e-08, 1.05113116433e-07, 1.03600889645e-07, 1.10258731922e-07, 9.22431979689e-08, 1.24456917661e-07, 1.56719252686e-07, 2.24367667556e-07, 2.90827870231e-07, 3.16948472801e-07, 3.1420077562e-07, 3.66291089904e-07, 5.2622522162e-07, 4.56092521972e-07, 4.17202357994e-07, 5.56751729164e-07, 4.90027161959e-07, 4.16660242308e-07, 3.70944292172e-07, 2.45895989792e-07, 1.72808924503e-07, 9.18741491773e-08, 3.4973485441e-08, 1.76732228852e-08, 1.6075583531e-08], "var": [0.0580101422966, 4.47502613068, 40.6703338623, 255.720718384, 590.264953613, 388.225006104, 783.611633301, 1384.69995117, 440.501037598, 1201.51721191, 2396.29003906, 3002.36889648, 1771.7467041, 2412.1496582, 14002.1416016, 10015.1103516, 5499.21972656, 3602.21948242, 3842.73217773, 2739.66064453, 1746.84362793, 1643.01379395, 615.552368164, 383.473815918, 497.849884033, 288.902618408, 137.260009766, 172.82069397, 270.452911377, 595.222961426, 666.375061035, 367.017791748, 147.929000854, 39.5667381287, 7.25893735886, 0.786404967308, 0.0195790715516, 0.000445427518571, 3.54953454007e-06, 7.09260117304e-09]}, "erbbands_crest": {"dmean": 2.21590995789, "dmean2": 3.50534534454, "dvar": 4.53326368332, "dvar2": 10.6812295914, "max": 29.9893760681, "mean": 8.8087978363, "median": 7.51935768127, "min": 2.18668937683, "var": 21.0379962921}, "erbbands_flatness_db": {"dmean": 0.0144555689767, "dmean2": 0.0205653291196, "dvar": 0.000230431207456, "dvar2": 0.000426850572694, "max": 0.377204537392, "mean": 0.15761885047, "median": 0.151499003172, "min": 0.0463643856347, "var": 0.00263198534958}, "erbbands_kurtosis": {"dmean": 0.625332713127, "dmean2": 0.965817213058, "dvar": 0.759637653828, "dvar2": 1.70430338383, "max": 25.6528930664, "mean": 0.136378973722, "median": -0.379246473312, "min": -1.81427025795, "var": 2.93702054024}, "erbbands_skewness": {"dmean": 0.283940404654, "dmean2": 0.433989793062, "dvar": 0.0834696367383, "dvar2": 0.1800314188, "max": 3.27069449425, "mean": 0.28714042902, "median": 0.287968218327, "min": -3.9220225811, "var": 0.381074219942}, "erbbands_spread": {"dmean": 8.14721298218, "dmean2": 12.2998914719, "dvar": 100.808113098, "dvar2": 220.158416748, "max": 167.638168335, "mean": 44.2355079651, "median": 40.5555229187, "min": 2.55566263199, "var": 501.177154541}, "gfcc": {"cov": [[13214.6142578, -1626.60839844, 415.012237549, 921.837463379, -592.317382812, 891.047546387, -556.036193848, 526.994262695, -335.636474609, 229.822021484, -275.551025391, -22.1400241852, -226.212844849], [-1626.60839844, 1509.47387695, -579.356262207, -293.062194824, 208.309112549, -423.835113525, 223.122039795, -272.234954834, 82.9228057861, -185.092834473, 119.752983093, -97.0304412842, 69.537109375], [415.012237549, -579.356262207, 800.953308105, 253.912963867, 11.2851543427, 263.447540283, -67.6230392456, 159.19090271, -17.5690422058, 97.6980361938, -99.7611694336, 85.9207229614, -45.5564193726], [921.837463379, -293.062194824, 253.912963867, 364.032592773, 11.2213888168, 151.35874939, -39.1647758484, 89.2969970703, 21.0994567871, 36.2173156738, -59.9640426636, 18.7939949036, -3.6760725975], [-592.317382812, 208.309112549, 11.2851543427, 11.2213888168, 248.828613281, -10.0749616623, 60.8869056702, -1.1152869463, 38.5891532898, 1.5562107563, 5.47181224823, 1.2069901228, 9.96367168427], [891.047546387, -423.835113525, 263.447540283, 151.35874939, -10.0749616623, 329.098907471, 18.5109596252, 111.012435913, -31.4659061432, 78.5782394409, -25.6565742493, 41.2180595398, -41.2862739563], [-556.036193848, 223.122039795, -67.6230392456, -39.1647758484, 60.8869056702, 18.5109596252, 225.20640564, -22.7056503296, 28.7464427948, -6.14294862747, 49.8193397522, 14.869509697, 4.00166845322], [526.994262695, -272.234954834, 159.19090271, 89.2969970703, -1.1152869463, 111.012435913, -22.7056503296, 186.902755737, 15.1014375687, 53.5145225525, -30.6949214935, 13.8055639267, -3.07212972641], [-335.636474609, 82.9228057861, -17.5690422058, 21.0994567871, 38.5891532898, -31.4659061432, 28.7464427948, 15.1014375687, 130.596908569, 22.0104598999, -3.70470738411, 9.37170314789, 20.5110454559], [229.822021484, -185.092834473, 97.6980361938, 36.2173156738, 1.5562107563, 78.5782394409, -6.14294862747, 53.5145225525, 22.0104598999, 108.204864502, 3.83623695374, 24.9170093536, -8.82808113098], [-275.551025391, 119.752983093, -99.7611694336, -59.9640426636, 5.47181224823, -25.6565742493, 49.8193397522, -30.6949214935, -3.70470738411, 3.83623695374, 99.2032089233, 2.79931569099, 10.94962883], [-22.1400241852, -97.0304412842, 85.9207229614, 18.7939949036, 1.2069901228, 41.2180595398, 14.869509697, 13.8055639267, 9.37170314789, 24.9170093536, 2.79931569099, 94.6051635742, 10.6656770706], [-226.212844849, 69.537109375, -45.5564193726, -3.6760725975, 9.96367168427, -41.2862739563, 4.00166845322, -3.07212972641, 20.5110454559, -8.82808113098, 10.94962883, 10.6656770706, 71.3537902832]], "icov": [[0.000187542420463, -0.000238362772507, 0.000281549233478, -0.000456132431282, 0.0004292143567, -0.00046761269914, 0.000449993909569, -0.000424594210926, 0.000475938635645, -0.000371681613615, 0.000306511938106, -0.000180304938112, 0.000406217237469], [-0.000238362772507, 0.00257968809456, -0.000140579344588, 0.000902065541595, -0.00189071975183, 0.00204636552371, -0.00206679967232, 0.00180668756366, -0.0014683585614, 0.00220038532279, -0.00121136405505, 0.00144759798422, -0.00100736808963], [0.000281549233478, -0.000140579344588, 0.00285070063546, -0.00145984406117, 0.000188231511856, -0.00127365475055, 0.000899472332094, -0.00118725979701, 0.00115224800538, -0.00112161121797, 0.00175586051773, -0.00182630226482, 0.00144319259562], [-0.000456132431282, 0.000902065541595, -0.00145984406117, 0.00542087061331, -0.00140075350646, -0.000325768458424, -0.000721982039977, 0.000928583263885, -0.00248126545921, 0.00181724329013, 0.000136293281685, 0.00121116579976, -0.00215424015187], [0.0004292143567, -0.00189071975183, 0.000188231511856, -0.00140075350646, 0.00630937842652, -0.00159776082728, 0.000626360008027, -0.00163385469932, 0.000627325440291, -0.00188289326616, 0.00125898222905, -0.000673387898132, 0.000834519334603], [-0.00046761269914, 0.00204636552371, -0.00127365475055, -0.000325768458424, -0.00159776082728, 0.00851234328002, -0.00377069576643, -3.03575034195e-05, 0.000658253964502, -0.000658927368931, -0.00113011768553, 0.000156410387717, 0.000931231072173], [0.000449993909569, -0.00206679967232, 0.000899472332094, -0.000721982039977, 0.000626360008027, -0.00377069576643, 0.00817565992475, -0.00136527069844, -0.000100395969639, -0.000487783923745, -0.00143703108188, -0.00214978982694, 0.00170171621721], [-0.000424594210926, 0.00180668756366, -0.00118725979701, 0.000928583263885, -0.00163385469932, -3.03575034195e-05, -0.00136527069844, 0.00964820664376, -0.00257855723612, -0.000229313969612, -8.83585817064e-05, 0.00211139884777, -0.00270359870046], [0.000475938635645, -0.0014683585614, 0.00115224800538, -0.00248126545921, 0.000627325440291, 0.000658253964502, -0.000100395969639, -0.00257855723612, 0.0117998560891, -0.0050973794423, 0.00287991063669, -0.0017091028858, -0.000473505060654], [-0.000371681613615, 0.00220038532279, -0.00112161121797, 0.00181724329013, -0.00188289326616, -0.000658927368931, -0.000487783923745, -0.000229313969612, -0.0050973794423, 0.0160808898509, -0.0044282823801, -0.000366834894521, 0.000143174693221], [0.000306511938106, -0.00121136405505, 0.00175586051773, 0.000136293281685, 0.00125898222905, -0.00113011768553, -0.00143703108188, -8.83585817064e-05, 0.00287991063669, -0.0044282823801, 0.0149984452873, -0.00153638701886, -0.000920258753467], [-0.000180304938112, 0.00144759798422, -0.00182630226482, 0.00121116579976, -0.000673387898132, 0.000156410387717, -0.00214978982694, 0.00211139884777, -0.0017091028858, -0.000366834894521, -0.00153638701886, 0.0141777489334, -0.00412754062563], [0.000406217237469, -0.00100736808963, 0.00144319259562, -0.00215424015187, 0.000834519334603, 0.000931231072173, 0.00170171621721, -0.00270359870046, -0.000473505060654, 0.000143174693221, -0.000920258753467, -0.00412754062563, 0.0182171240449]], "mean": [-10.8993597031, 101.225357056, -119.915435791, 34.6749992371, -63.9298171997, 15.4700775146, -46.6962471008, 2.1475610733, -29.5744132996, -8.82970523834, -12.480840683, -5.34117984772, -7.90914154053]}, "hfc": {"dmean": 6.1931438446, "dmean2": 8.9710149765, "dvar": 176.24041748, "dvar2": 373.324279785, "max": 252.425674438, "mean": 24.2379589081, "median": 17.5576000214, "min": 0.000105559855001, "var": 701.756103516}, "melbands": {"dmean": [0.000761360453907, 0.00124969135504, 0.00118658598512, 0.000523524417076, 0.000375425879611, 0.00027087907074, 0.000106124411104, 9.75413931883e-05, 9.27345245145e-05, 8.66697300808e-05, 5.74783989578e-05, 4.99271845911e-05, 7.50218750909e-05, 5.94660814386e-05, 3.31125520461e-05, 4.12511253671e-05, 2.73541481874e-05, 2.77246126643e-05, 1.96896271518e-05, 2.03300023713e-05, 1.07076530185e-05, 1.39284493343e-05, 7.93484559836e-06, 7.63301886764e-06, 4.66726669401e-06, 4.77599451187e-06, 4.91007767778e-06, 3.4246722862e-06, 2.27551686294e-06, 1.80897586688e-06, 1.96019072973e-06, 1.91143499251e-06, 2.13209818867e-06, 2.76940977528e-06, 2.73141040452e-06, 2.86886847789e-06, 2.36981122725e-06, 1.92661445908e-06, 1.55013685799e-06, 9.71977669906e-07], "dmean2": [0.00129465921782, 0.00217709830031, 0.00196028058417, 0.000843183719553, 0.000597185338847, 0.000413971254602, 0.000167015590705, 0.000143427983858, 0.00013854073768, 0.000132822751766, 8.91948293429e-05, 7.68657264416e-05, 0.000111904046207, 8.71931406436e-05, 4.91510472784e-05, 6.204382953e-05, 4.20404248871e-05, 4.36395603174e-05, 3.0507286283e-05, 3.17127996823e-05, 1.68420065165e-05, 2.27096570597e-05, 1.2612127648e-05, 1.22608762467e-05, 7.48225011193e-06, 7.62510580898e-06, 7.72193197918e-06, 5.41914232599e-06, 3.65798427993e-06, 2.86529370896e-06, 3.09331562676e-06, 3.00710394185e-06, 3.29708404934e-06, 4.33342574979e-06, 4.25280768468e-06, 4.48629771199e-06, 3.65433311345e-06, 2.97132078231e-06, 2.39137784774e-06, 1.49146694639e-06], "dvar": [5.77566652282e-06, 1.12381467261e-05, 6.41362930764e-06, 6.37251332591e-07, 3.61869410881e-07, 2.35536958826e-07, 5.08008497491e-08, 5.9423044263e-08, 5.58429498199e-08, 4.6221092731e-08, 1.90816500378e-08, 1.6440388606e-08, 2.83619083774e-08, 1.92084783635e-08, 9.43581213164e-09, 1.15487370778e-08, 5.909547518e-09, 4.68877381365e-09, 3.31497118644e-09, 2.25621588079e-09, 6.18444240263e-10, 9.64525903591e-10, 2.77469797139e-10, 1.94617544302e-10, 1.32918176465e-10, 1.11158096616e-10, 1.07828204698e-10, 4.9200532537e-11, 2.52926672661e-11, 2.26942874215e-11, 2.90538322567e-11, 3.42821916688e-11, 5.38494145108e-11, 1.060774385e-10, 1.08636821761e-10, 9.97096988309e-11, 5.61676954947e-11, 3.79642740855e-11, 3.27450844217e-11, 1.10915165941e-11], "dvar2": [1.54205536091e-05, 3.16451005347e-05, 1.76182729774e-05, 1.67561017861e-06, 8.95540665624e-07, 5.49569563191e-07, 1.27838319486e-07, 1.14164144804e-07, 1.18753888501e-07, 1.06592906945e-07, 4.50917347905e-08, 3.68296575459e-08, 5.95007207949e-08, 3.8610174613e-08, 1.77868493267e-08, 2.31407462081e-08, 1.26850405735e-08, 1.05191890754e-08, 7.04743685631e-09, 4.87113904768e-09, 1.43710920941e-09, 2.41117126265e-09, 6.39505892686e-10, 4.77440031954e-10, 3.33384486684e-10, 2.73805311757e-10, 2.74979622406e-10, 1.18471746302e-10, 6.22259674343e-11, 5.454776561e-11, 6.79272263437e-11, 7.86253492868e-11, 1.13166920279e-10, 2.40717001887e-10, 2.39499337029e-10, 2.38625036397e-10, 1.30527880171e-10, 8.82608847119e-11, 8.04555380651e-11, 2.56497011131e-11], "max": [0.0568165257573, 0.0574218183756, 0.057230681181, 0.0137566113845, 0.0127981724218, 0.0153276072815, 0.00505705969408, 0.00996450055391, 0.0087918471545, 0.0067725344561, 0.00373474718072, 0.00417522341013, 0.0036994360853, 0.0034000412561, 0.00311854947358, 0.00319559290074, 0.00173714698758, 0.00145671644714, 0.00203017843887, 0.00136741285678, 0.0006674581673, 0.00119701435324, 0.000859446125105, 0.000350472168066, 0.000395660317736, 0.000299668201478, 0.000306009140331, 0.000201394213946, 0.000126261933474, 0.000129644628032, 0.000162306518178, 0.000179505412234, 0.000340940838214, 0.000350103626261, 0.000389361026464, 0.000391053647036, 0.0002147674968, 0.000162567142979, 0.000190806764294, 8.03382135928e-05], "mean": [0.000853414065205, 0.00164553534705, 0.00215493701398, 0.00110984267667, 0.000751476036385, 0.000526165997144, 0.000197941932129, 0.000189446393051, 0.000165993056726, 0.000154834517161, 0.000105768551293, 8.90041337698e-05, 0.000148201201227, 0.000119548829389, 6.25527463853e-05, 8.16120009404e-05, 4.75957895105e-05, 4.76732893731e-05, 3.31683004333e-05, 3.79169468943e-05, 2.27540167543e-05, 2.56586790783e-05, 1.52959928528e-05, 1.4596530491e-05, 8.93500600796e-06, 9.18542082218e-06, 9.83713198366e-06, 7.18480896467e-06, 4.58397562397e-06, 3.51150652023e-06, 3.52731331077e-06, 3.57167800757e-06, 3.85132943848e-06, 4.80269955005e-06, 4.85956024932e-06, 5.21040055901e-06, 4.55001827504e-06, 3.59482419299e-06, 2.75738307209e-06, 1.752457365e-06], "median": [0.000255967781413, 0.000719149364159, 0.00114003638737, 0.00073900911957, 0.000442538701463, 0.000281759275822, 0.000104361046397, 7.25562858861e-05, 5.36250699952e-05, 5.85370507906e-05, 4.4015563617e-05, 3.50751361111e-05, 4.25757680205e-05, 3.25322762365e-05, 1.56796431838e-05, 1.83555312105e-05, 1.32280129037e-05, 1.5459721908e-05, 1.06702100311e-05, 1.21640496218e-05, 8.40042594064e-06, 8.55511279951e-06, 8.01533587946e-06, 7.63614389143e-06, 4.21906088377e-06, 4.40768053522e-06, 4.88548084832e-06, 3.79422135666e-06, 2.14393776332e-06, 1.26991744764e-06, 1.04627724795e-06, 9.73209807853e-07, 8.38576227125e-07, 8.62992123984e-07, 9.17267868772e-07, 8.92209527592e-07, 8.27264557302e-07, 6.50926324397e-07, 3.77909799454e-07, 2.06293393035e-07], "min": [4.10559323427e-07, 1.57086333958e-12, 7.48096137988e-13, 2.83438637144e-13, 1.19891116891e-13, 1.92610521716e-13, 3.1134909104e-13, 1.62736089795e-13, 1.3160471519e-13, 1.46916292608e-13, 1.01485849889e-13, 8.57149908776e-14, 1.35063116832e-13, 1.2234977571e-13, 1.20421657672e-13, 2.08936627765e-13, 1.11072955033e-13, 1.33092592936e-13, 1.53773803586e-13, 1.02771151235e-13, 9.87195012694e-14, 1.17767164835e-13, 2.37224221386e-13, 1.79415889697e-13, 2.01121481665e-13, 2.15006154157e-13, 2.07066324807e-13, 1.87475672465e-13, 2.01950435541e-13, 2.261928302e-13, 2.58347407052e-13, 2.32328831737e-13, 1.61083589501e-13, 2.57646334823e-13, 2.99751976712e-13, 3.23557451448e-13, 2.7063819393e-13, 2.4227156197e-13, 2.91802823224e-13, 2.5783707309e-13], "var": [5.05004391016e-06, 9.52104255703e-06, 9.80611548584e-06, 1.52879727011e-06, 8.99799829313e-07, 5.67406061691e-07, 9.21813025911e-08, 1.87576318922e-07, 1.57498632802e-07, 1.29055678144e-07, 4.40498340026e-08, 4.18822558856e-08, 1.08775793706e-07, 7.51347712935e-08, 3.09173948665e-08, 4.51394903678e-08, 1.38338549505e-08, 1.0727373656e-08, 7.07606551131e-09, 7.20166193346e-09, 2.05721506497e-09, 2.74707856462e-09, 6.78951506128e-10, 4.36930991388e-10, 3.00780150786e-10, 2.5403498749e-10, 2.63034510839e-10, 1.28065030802e-10, 6.27140492315e-11, 5.35361026344e-11, 6.4086742857e-11, 7.65994212504e-11, 1.23936944041e-10, 2.3089183343e-10, 2.39052500017e-10, 2.03541822286e-10, 1.24037113913e-10, 8.04367475404e-11, 5.62722264619e-11, 2.27085208276e-11]}, "melbands_crest": {"dmean": 3.09706187248, "dmean2": 5.0277056694, "dvar": 7.97720193863, "dvar2": 20.7901058197, "max": 39.9990997314, "mean": 14.4165906906, "median": 13.4308958054, "min": 4.3045668602, "var": 29.71210289}, "melbands_flatness_db": {"dmean": 0.0231760330498, "dmean2": 0.0358757153153, "dvar": 0.000556140497793, "dvar2": 0.00130159687251, "max": 0.762724816799, "mean": 0.20054602623, "median": 0.191585361958, "min": 0.0383070521057, "var": 0.00449956674129}, "melbands_kurtosis": {"dmean": 54.8916778564, "dmean2": 87.3938369751, "dvar": 1099950.375, "dvar2": 2435376.5, "max": 109272.578125, "mean": 303.91305542, "median": 9.44737434387, "min": -1.8695884943, "var": 23919546}, "melbands_skewness": {"dmean": 0.8138204813, "dmean2": 1.24334001541, "dvar": 9.08741092682, "dvar2": 13.6063756943, "max": 319.495300293, "mean": 3.91868948936, "median": 2.71983003616, "min": -2.11040306091, "var": 261.6434021}, "melbands_spread": {"dmean": 6.20162582397, "dmean2": 9.64461040497, "dvar": 107.705070496, "dvar2": 227.017959595, "max": 228.728591919, "mean": 21.7407913208, "median": 17.8084220886, "min": 0.00874340068549, "var": 325.956726074}, "mfcc": {"cov": [[10294.2666016, -1392.91882324, 658.024291992, 197.456573486, 265.259674072, 188.839538574, 123.895347595, 152.646682739, 22.6820659637, 236.957565308, -22.3398571014, 0.778037071228, 31.8120079041], [-1392.91882324, 1394.50280762, -580.971069336, 36.6283226013, -151.044128418, -78.9710998535, -25.1800518036, -64.7464599609, -89.8002853394, -86.2530670166, -21.4032230377, -30.8642425537, -36.6782951355], [658.024291992, -580.971069336, 674.188903809, 30.3350353241, 123.806442261, 94.4912033081, 22.7672424316, 71.2860412598, 71.7935791016, 9.9473733902, 31.1657848358, 13.8569393158, 11.5556898117], [197.456573486, 36.6283226013, 30.3350353241, 227.811309814, 55.758605957, 30.8512878418, -23.421831131, 25.2597408295, 50.4919166565, -0.310536980629, -10.2045669556, 0.493769496679, 20.4415378571], [265.259674072, -151.044128418, 123.806442261, 55.758605957, 228.25239563, 14.3993787766, -8.31866645813, 11.609662056, 44.7313461304, 35.0774993896, -18.1544017792, 2.5221760273, 5.32178497314], [188.839538574, -78.9710998535, 94.4912033081, 30.8512878418, 14.3993787766, 196.603622437, 47.8741836548, 46.367275238, 26.1233959198, -14.6792430878, 63.836315155, -5.19246959686, -8.59694290161], [123.895347595, -25.1800518036, 22.7672424316, -23.421831131, -8.31866645813, 47.8741836548, 168.146392822, 41.3716430664, -12.9764242172, 16.2218151093, 28.2251930237, 2.31470608711, 1.59638798237], [152.646682739, -64.7464599609, 71.2860412598, 25.2597408295, 11.609662056, 46.367275238, 41.3716430664, 112.682151794, 43.0073280334, 2.3344373703, 27.6654148102, 2.63928318024, 8.77791500092], [22.6820659637, -89.8002853394, 71.7935791016, 50.4919166565, 44.7313461304, 26.1233959198, -12.9764242172, 43.0073280334, 133.5181427, 21.1938419342, 22.1080513, 6.56765937805, 15.6483802795], [236.957565308, -86.2530670166, 9.9473733902, -0.310536980629, 35.0774993896, -14.6792430878, 16.2218151093, 2.3344373703, 21.1938419342, 119.448875427, 4.84441137314, 7.87939405441, 8.90078830719], [-22.3398571014, -21.4032230377, 31.1657848358, -10.2045669556, -18.1544017792, 63.836315155, 28.2251930237, 27.6654148102, 22.1080513, 4.84441137314, 119.28313446, 14.5655422211, -9.80223083496], [0.778037071228, -30.8642425537, 13.8569393158, 0.493769496679, 2.5221760273, -5.19246959686, 2.31470608711, 2.63928318024, 6.56765937805, 7.87939405441, 14.5655422211, 64.0105209351, 21.1794967651], [31.8120079041, -36.6782951355, 11.5556898117, 20.4415378571, 5.32178497314, -8.59694290161, 1.59638798237, 8.77791500092, 15.6483802795, 8.90078830719, -9.80223083496, 21.1794967651, 70.9442901611]], "icov": [[0.000123935329611, 0.000112519519462, -1.26308423205e-05, -0.000140180782182, -1.8812590497e-05, -7.38528397051e-05, -2.53235593846e-05, -0.000109743246867, 0.000181457478902, -0.000202178431209, 7.64375145081e-05, 3.31703486154e-05, 3.76573116228e-05], [0.000112519519462, 0.0013556946069, 0.000984096317552, -0.000657779455651, 0.000196096530999, 0.000158261085744, -0.000131951688672, -5.11642974743e-05, 0.000393894588342, 0.000540050677955, -0.000147576676682, 0.000234683015151, 0.00044835472363], [-1.26308423205e-05, 0.000984096317552, 0.00265069399029, -0.000148330917, -0.000754650158342, -0.000474532251246, -2.09737154364e-05, -0.000667859683745, -0.000249016302405, 0.000741752854083, -0.000179549417226, -0.000167833277374, 0.000194799533347], [-0.000140180782182, -0.000657779455651, -0.000148330917, 0.0057544996962, -0.00107087451033, -0.00107283552643, 0.000950010085944, -0.000660540245008, -0.00166331196669, 0.00026149241603, 0.000900456740055, 3.43903702742e-05, -0.00145222886931], [-1.8812590497e-05, 0.000196096530999, -0.000754650158342, -0.00107087451033, 0.00573804136366, -0.000297982624033, 6.59986981191e-05, 0.000427088962169, -0.00113397138193, -0.00139179546386, 0.00141539541073, -0.00027768407017, 0.000723627512343], [-7.38528397051e-05, 0.000158261085744, -0.000474532251246, -0.00107283552643, -0.000297982624033, 0.00763379177079, -0.00155471859034, -0.000924420834053, -0.000250113633228, 0.00161310867406, -0.00364757073112, 0.00139512331225, 0.000530433026142], [-2.53235593846e-05, -0.000131951688672, -2.09737154364e-05, 0.000950010085944, 6.59986981191e-05, -0.00155471859034, 0.00764931412414, -0.00293712248094, 0.00195064547006, -0.00150594511069, -0.00057929585455, -1.99806418095e-05, -0.000644640240353], [-0.000109743246867, -5.11642974743e-05, -0.000667859683745, -0.000660540245008, 0.000427088962169, -0.000924420834053, -0.00293712248094, 0.012666285038, -0.00360602024011, 0.00087077554781, -0.00108993775211, 0.000432673550677, -0.000916918448638], [0.000181457478902, 0.000393894588342, -0.000249016302405, -0.00166331196669, -0.00113397138193, -0.000250113633228, 0.00195064547006, -0.00360602024011, 0.0109883127734, -0.00174314260948, -0.00176055973861, 0.000323062064126, -0.00144559482578], [-0.000202178431209, 0.000540050677955, 0.000741752854083, 0.00026149241603, -0.00139179546386, 0.00161310867406, -0.00150594511069, 0.00087077554781, -0.00174314260948, 0.01031606365, -0.00113368744496, -0.00034168374259, -0.000564689922612], [7.64375145081e-05, -0.000147576676682, -0.000179549417226, 0.000900456740055, 0.00141539541073, -0.00364757073112, -0.00057929585455, -0.00108993775211, -0.00176055973861, -0.00113368744496, 0.0120709650218, -0.00358920847066, 0.00252882950008], [3.31703486154e-05, 0.000234683015151, -0.000167833277374, 3.43903702742e-05, -0.00027768407017, 0.00139512331225, -1.99806418095e-05, 0.000432673550677, 0.000323062064126, -0.00034168374259, -0.00358920847066, 0.018631497398, -0.00582580594346], [3.76573116228e-05, 0.00044835472363, 0.000194799533347, -0.00145222886931, 0.000723627512343, 0.000530433026142, -0.000644640240353, -0.000916918448638, -0.00144559482578, -0.000564689922612, 0.00252882950008, -0.00582580594346, 0.0173134692013]], "mean": [-646.526916504, 121.90512085, 5.33856582642, 16.9315299988, 7.54734420776, 2.90753555298, -1.07422280312, 2.31008315086, -8.96006202698, -2.08708238602, -11.0078678131, -3.30172586441, -4.40053749084]}, "pitch_salience": {"dmean": 0.0651725828648, "dmean2": 0.105411477387, "dvar": 0.00328605365939, "dvar2": 0.00857440102845, "max": 0.825853765011, "mean": 0.564504027367, "median": 0.574007332325, "min": 0.000598495418672, "var": 0.0130802616477}, "silence_rate_20dB": {"dmean": 0, "dmean2": 0, "dvar": 0, "dvar2": 0, "max": 1, "mean": 1, "median": 1, "min": 1, "var": 0}, "silence_rate_30dB": {"dmean": 0.0125513961539, "dmean2": 0.0251046027988, "dvar": 0.0123928869143, "dvar2": 0.0305361058563, "max": 1, "mean": 0.989757657051, "median": 1, "min": 0, "var": 0.0101382471621}, "silence_rate_60dB": {"dmean": 0.0167351942509, "dmean2": 0.03347280249, "dvar": 0.0164506789297, "dvar2": 0.0368321053684, "max": 1, "mean": 0.108843043447, "median": 0, "min": 0, "var": 0.0969926342368}, "spectral_centroid": {"dmean": 215.072219849, "dmean2": 331.359710693, "dvar": 68102.28125, "dvar2": 144798.0625, "max": 4986.41259766, "mean": 1145.90100098, "median": 1063.58837891, "min": 214.032089233, "var": 314874.1875}, "spectral_complexity": {"dmean": 2.6389670372, "dmean2": 4.21093654633, "dvar": 7.94640350342, "dvar2": 17.9173946381, "max": 53, "mean": 17.706073761, "median": 18, "min": 0, "var": 70.7619400024}, "spectral_contrast_coeffs": {"dmean": [0.0498705692589, 0.044126495719, 0.0348503775895, 0.0301336776465, 0.0220141969621, 0.0162191968411], "dmean2": [0.0824156552553, 0.071089990437, 0.0557457990944, 0.0481891594827, 0.034783013165, 0.0249609928578], "dvar": [0.00170351320412, 0.00131031009369, 0.000842734647449, 0.000639653415419, 0.000344742235029, 0.000239826316829], "dvar2": [0.00453704269603, 0.00346839567646, 0.0021058653947, 0.0015380193945, 0.000807267671917, 0.00051182199968], "max": [-0.308690726757, -0.415618419647, -0.465143680573, -0.541538774967, -0.571669101715, -0.617315530777], "mean": [-0.58776807785, -0.711439728737, -0.744718134403, -0.751012921333, -0.771330177784, -0.78396743536], "median": [-0.589296519756, -0.714874863625, -0.752567470074, -0.756514430046, -0.775286436081, -0.786751151085], "min": [-0.914860963821, -0.957945287228, -0.966205596924, -0.989324569702, -0.97596102953, -0.917077898979], "var": [0.0075581301935, 0.00492302095518, 0.00420708535239, 0.00326834642328, 0.00203004828654, 0.00153365742881]}, "spectral_contrast_valleys": {"dmean": [0.41534280777, 0.319520711899, 0.262691468, 0.237971678376, 0.22002582252, 0.294760346413], "dmean2": [0.684154093266, 0.524356365204, 0.424690127373, 0.378470778465, 0.331524908543, 0.393326550722], "dvar": [0.124670766294, 0.0746192485094, 0.0538958795369, 0.0488339997828, 0.0537488348782, 0.142823442817], "dvar2": [0.315768122673, 0.19054082036, 0.129842028022, 0.112483002245, 0.110611900687, 0.247897788882], "max": [-4.8228430748, -4.95881700516, -5.41621637344, -5.70376586914, -5.68671417236, -7.0128068924], "mean": [-7.42147397995, -6.88943433762, -7.4309091568, -7.95932435989, -7.88350772858, -10.1650476456], "median": [-7.02139902115, -6.70409917831, -7.22610569, -7.71802091599, -7.53524780273, -9.86883354187], "min": [-17.5857219696, -16.6565113068, -16.7699546814, -16.2893257141, -16.0274944305, -17.56483078], "var": [1.79551708698, 1.10682141781, 1.05083191395, 1.20898830891, 1.48204290867, 2.51632285118]}, "spectral_decrease": {"dmean": 2.3778381486e-09, "dmean2": 3.79642761672e-09, "dvar": 2.0225047396e-17, "dvar2": 5.23310983797e-17, "max": -8.24804905365e-13, "mean": -7.29125160248e-09, "median": -6.39387121026e-09, "min": -8.65287645979e-08, "var": 3.89309378925e-17}, "spectral_energy": {"dmean": 0.00927842687815, "dmean2": 0.0147465122864, "dvar": 0.000300799467368, "dvar2": 0.000773061998188, "max": 0.347292691469, "mean": 0.0297172050923, "median": 0.0262712687254, "min": 3.13487157655e-06, "var": 0.000620921491645}, "spectral_energyband_high": {"dmean": 0.000534513616003, "dmean2": 0.000775200955104, "dvar": 2.52659151556e-06, "dvar2": 5.21050242241e-06, "max": 0.0358358807862, "mean": 0.00130615860689, "median": 0.000374684284907, "min": 2.71317024403e-10, "var": 7.83593623055e-06}, "spectral_energyband_low": {"dmean": 0.00598401436582, "dmean2": 0.00998635590076, "dvar": 0.000215297666728, "dvar2": 0.000572194869164, "max": 0.268388986588, "mean": 0.00913038197905, "median": 0.0048830350861, "min": 1.77555409664e-06, "var": 0.000225540192332}, "spectral_energyband_middle_high": {"dmean": 0.00147156172898, "dmean2": 0.00214453763328, "dvar": 5.00645228385e-06, "dvar2": 9.71405006567e-06, "max": 0.0397891104221, "mean": 0.00570161594078, "median": 0.00349868135527, "min": 4.94300433918e-11, "var": 3.8068224967e-05}, "spectral_energyband_middle_low": {"dmean": 0.00551458774135, "dmean2": 0.00876670423895, "dvar": 7.86237142165e-05, "dvar2": 0.000207451288588, "max": 0.197013959289, "mean": 0.015726948157, "median": 0.0129429604858, "min": 1.3870343242e-11, "var": 0.000193470434169}, "spectral_entropy": {"dmean": 0.151143088937, "dmean2": 0.222592785954, "dvar": 0.0272503197193, "dvar2": 0.0532019622624, "max": 8.86385154724, "mean": 7.48849630356, "median": 7.5237364769, "min": 5.3961482048, "var": 0.247648999095}, "spectral_flux": {"dmean": 0.0235466342419, "dmean2": 0.0365019366145, "dvar": 0.000982747180387, "dvar2": 0.00197067251429, "max": 0.505424141884, "mean": 0.0815479084849, "median": 0.0739907622337, "min": 1.31680099003e-05, "var": 0.00297167734243}, "spectral_kurtosis": {"dmean": 1.64329135418, "dmean2": 2.77155447006, "dvar": 6.48838996887, "dvar2": 19.414276123, "max": 59.0668258667, "mean": 4.43925905228, "median": 3.32951521873, "min": -1.2889727354, "var": 21.2456245422}, "spectral_rms": {"dmean": 0.000722767203115, "dmean2": 0.00111448019743, "dvar": 9.94965716927e-07, "dvar2": 2.4312359983e-06, "max": 0.0184071213007, "mean": 0.00488265743479, "median": 0.00506265833974, "min": 5.5302905821e-05, "var": 5.15194597028e-06}, "spectral_rolloff": {"dmean": 472.279418945, "dmean2": 795.653320312, "dvar": 964322.6875, "dvar2": 2229803.25, "max": 10335.9375, "mean": 1394.57470703, "median": 1055.12695312, "min": 21.533203125, "var": 2222077.5}, "spectral_skewness": {"dmean": 0.205211728811, "dmean2": 0.329592883587, "dvar": 0.0549864806235, "dvar2": 0.140122994781, "max": 6.10596323013, "mean": 1.56541597843, "median": 1.49711728096, "min": -0.115503244102, "var": 0.291679888964}, "spectral_spread": {"dmean": 554171.875, "dmean2": 782662.3125, "dvar": 593846927360, "dvar2": 1056827768830.0, "max": 15157810, "mean": 4929094.5, "median": 4535387.5, "min": 1108946.875, "var": 3841645346820.0}, "spectral_strongpeak": {"dmea