{"lowlevel": {"average_loudness": 0.571447074413, "barkbands": {"dmean": [7.12259716238e-05, 0.00256034638733, 0.00177464669105, 0.00200789375231, 0.00167725596111, 0.00110230408609, 0.0012911708327, 0.00108521664515, 0.000975539092906, 0.000607924477663, 0.000244651193498, 0.00019997137133, 0.000394850561861, 0.000111806555651, 0.000145345693454, 8.34210513858e-05, 8.11035133665e-05, 9.00075901882e-05, 4.8130252253e-05, 3.74662922695e-05, 2.27737418754e-05, 2.82530181721e-05, 2.69658248726e-05, 3.77105679945e-05, 3.31479750457e-05, 1.58955535881e-05, 1.17304762171e-05], "dmean2": [0.000109878317744, 0.00416632508859, 0.00284194434062, 0.00326687074266, 0.00279973750003, 0.00173687387723, 0.00189487251919, 0.00160670466721, 0.00142681831494, 0.000905940134544, 0.000361447891919, 0.00029855579487, 0.000616545847151, 0.000166036406881, 0.000225083116675, 0.000127193154185, 0.000130399217596, 0.000135224239784, 7.50521066948e-05, 5.93684017076e-05, 3.43490501109e-05, 4.49193285021e-05, 4.13654161093e-05, 5.82965913054e-05, 5.05411117047e-05, 2.29645702348e-05, 1.85053559107e-05], "dvar": [2.19050217964e-08, 4.36332229583e-05, 1.50724026753e-05, 4.35538167949e-05, 8.05505897006e-06, 4.17531100538e-06, 5.04160243509e-06, 4.15684507971e-06, 5.02080501974e-06, 4.00094859287e-06, 4.22018672452e-07, 4.82937991819e-07, 1.56204680479e-06, 1.81339288474e-07, 2.10218246366e-07, 8.83995454615e-08, 6.65060042593e-08, 8.01362745051e-08, 2.65641020292e-08, 1.83454496039e-08, 6.17958706428e-09, 1.92420106515e-08, 1.24783561262e-08, 2.49398706131e-08, 1.57274033796e-08, 3.67389163536e-09, 3.50735818166e-09], "dvar2": [4.63044926846e-08, 0.000112649839139, 3.81330683012e-05, 0.000105554478068, 2.2278578399e-05, 1.08693066068e-05, 1.12047628136e-05, 9.11428560357e-06, 1.19785345305e-05, 9.44292787608e-06, 9.29556790652e-07, 9.24123924051e-07, 3.99316695621e-06, 3.31458949177e-07, 4.63135393147e-07, 1.58127306804e-07, 1.71089553191e-07, 1.67536640561e-07, 5.53844223816e-08, 4.12051655019e-08, 1.24021388714e-08, 4.80679673842e-08, 2.70351048215e-08, 5.875548581e-08, 3.88583245581e-08, 8.02781041642e-09, 9.08183395154e-09], "max": [0.00291808065958, 0.108750298619, 0.101770326495, 0.111530959606, 0.0429040268064, 0.0397421754897, 0.0493312627077, 0.0463090613484, 0.0494068227708, 0.0597589462996, 0.0183076430112, 0.0210197605193, 0.0362606607378, 0.0177903547883, 0.0159037709236, 0.0116724241525, 0.0088808182627, 0.0143652334809, 0.00863388739526, 0.00428419932723, 0.0041655600071, 0.00864281039685, 0.00636906875297, 0.00525914365426, 0.00307551003061, 0.00202404195443, 0.00207981397398], "mean": [0.000207243108889, 0.00619286578149, 0.00389353907667, 0.00249871518463, 0.00320139527321, 0.00254646851681, 0.00315637234598, 0.00265386770479, 0.00259073846973, 0.00149402208626, 0.000523083843291, 0.000384231418138, 0.000929163827095, 0.000241508940235, 0.000284452078631, 0.000183376789209, 0.000180638497113, 0.000239121960476, 0.000110128501547, 7.83722207416e-05, 4.5888373279e-05, 4.31196494901e-05, 4.10057837144e-05, 5.42643756489e-05, 4.89735575684e-05, 2.46428844548e-05, 1.13353835332e-05], "median": [9.90507833194e-05, 0.00500084552914, 0.00189188332297, 0.000827334006317, 0.00212072115391, 0.00117104640231, 0.00157229602337, 0.00108241918497, 0.000600562198088, 0.000276529201074, 0.000127124221763, 8.11476202216e-05, 0.000130250395159, 4.10088359786e-05, 4.28514686064e-05, 3.28095338773e-05, 2.84387497231e-05, 3.83694714401e-05, 2.56510702457e-05, 1.418042757e-05, 7.63654770708e-06, 7.54400707592e-06, 7.15365149517e-06, 5.60747230338e-06, 2.53158577834e-06, 1.21976336231e-06, 2.98429881695e-07], "min": [1.13778680398e-24, 3.21145392845e-24, 5.39839359029e-25, 3.681654471e-24, 6.33209379505e-24, 8.62162491623e-24, 1.04456101686e-23, 5.20305358496e-24, 1.36239607325e-23, 1.34209426453e-23, 1.52962101675e-23, 2.93798811702e-23, 2.81769850411e-23, 5.40745785847e-23, 5.97204876378e-23, 5.90863759987e-23, 1.03957951802e-22, 1.14728257119e-22, 1.34828496093e-22, 1.97737199789e-22, 2.97971545102e-22, 3.89704506834e-22, 3.22047327494e-22, 6.41367796342e-22, 8.73252613773e-22, 1.2364744668e-21, 2.12572088832e-21], "var": [6.60817178755e-08, 5.26792682649e-05, 4.5477074309e-05, 4.40467265435e-05, 1.3258691979e-05, 1.27658704514e-05, 1.94134518097e-05, 1.83552274393e-05, 2.64889931714e-05, 1.70468665601e-05, 1.61033608492e-06, 1.44113346323e-06, 6.20884111413e-06, 8.69278323989e-07, 7.36162803605e-07, 3.4531944948e-07, 3.00831601407e-07, 6.24768631496e-07, 9.13518007906e-08, 6.05269292464e-08, 1.54973829325e-08, 2.05231192041e-08, 1.75784737877e-08, 3.49789175402e-08, 2.33917205605e-08, 7.58512719301e-09, 3.26614979507e-09]}, "barkbands_crest": {"dmean": 2.08385109901, "dmean2": 3.37008666992, "dvar": 4.41875600815, "dvar2": 11.8243513107, "max": 25.9027709961, "mean": 10.3809452057, "median": 9.59890174866, "min": 3.33174157143, "var": 14.1589012146}, "barkbands_flatness_db": {"dmean": 0.016604732722, "dmean2": 0.0244637876749, "dvar": 0.000341389415553, "dvar2": 0.000745150027797, "max": 0.41045320034, "mean": 0.189496263862, "median": 0.184930115938, "min": 0.0363306179643, "var": 0.00388341979124}, "barkbands_kurtosis": {"dmean": 2.47611999512, "dmean2": 3.83546328545, "dvar": 19.1903362274, "dvar2": 46.6953010559, "max": 89.3050308228, "mean": 4.90960025787, "median": 2.62970590591, "min": -1.93445932865, "var": 49.0841636658}, "barkbands_skewness": {"dmean": 0.425073593855, "dmean2": 0.628757655621, "dvar": 0.260547369719, "dvar2": 0.561266243458, "max": 8.08148765564, "mean": 1.36193668842, "median": 1.195530653, "min": -2.10393309593, "var": 1.30663919449}, "barkbands_spread": {"dmean": 2.74807453156, "dmean2": 4.23642444611, "dvar": 25.2602615356, "dvar2": 55.7818222046, "max": 110.081832886, "mean": 12.775645256, "median": 10.1315364838, "min": 1.00952756405, "var": 105.109657288}, "dissonance": {"dmean": 0.0309720672667, "dmean2": 0.051961094141, "dvar": 0.00080845708726, "dvar2": 0.00221818662249, "max": 0.500000059605, "mean": 0.421206563711, "median": 0.43010494113, "min": 0.154619649053, "var": 0.00240017008036}, "dynamic_complexity": 3.45804858208, "erbbands": {"dmean": [0.0696501880884, 0.61443978548, 1.70672094822, 4.49707651138, 6.18839263916, 5.91326093674, 5.58066225052, 11.1102762222, 17.561050415, 20.2305183411, 18.0297222137, 26.1350955963, 13.9930324554, 17.8528728485, 10.6373910904, 8.76554298401, 17.7776165009, 7.57329559326, 8.32587814331, 4.0322098732, 4.15831565857, 3.51222753525, 4.94196939468, 2.79239320755, 2.38852119446, 1.70833516121, 0.948310673237, 0.940588057041, 1.00716209412, 0.869187653065, 0.784493267536, 0.751032054424, 0.647903859615, 0.400285542011, 0.224488571286, 0.0886383503675, 0.0257325358689, 0.00814755167812, 0.0019246636657, 0.000139770083479], "dmean2": [0.111960709095, 1.00746572018, 2.73107385635, 7.35731124878, 10.2812728882, 9.57354831696, 8.8779258728, 17.4844608307, 25.4434738159, 29.9491920471, 26.6992416382, 38.0437049866, 20.3533363342, 26.5386753082, 15.9182491302, 12.9876050949, 27.582742691, 10.9011144638, 12.8670444489, 5.98391866684, 6.30445957184, 5.55617284775, 7.46468782425, 4.23848676682, 3.81755971909, 2.71876740456, 1.4726985693, 1.41812813282, 1.6277359724, 1.34430873394, 1.21007657051, 1.17066168785, 1.0115249157, 0.611943662167, 0.348543345928, 0.131037458777, 0.0370673574507, 0.0117890276015, 0.00314023299143, 0.000225189054618], "dvar": [0.0291621182114, 2.52829170227, 12.3246412277, 180.377166748, 223.650924683, 90.9401321411, 119.754341125, 474.801879883, 1043.57641602, 1237.90002441, 1580.19250488, 3589.22485352, 1482.4251709, 3855.52392578, 954.447631836, 890.513671875, 3577.00073242, 532.54699707, 657.391418457, 201.470794678, 173.420639038, 114.403091431, 312.390167236, 56.5018615723, 101.63848114, 37.2955627441, 10.3684940338, 12.1176481247, 23.7945156097, 21.34557724, 9.6124048233, 11.6133947372, 6.59417581558, 2.25274801254, 0.811988532543, 0.114764168859, 0.0100760869682, 0.00149479031097, 0.000125641701743, 3.74441242457e-07], "dvar2": [0.0729843601584, 6.64304208755, 32.2777633667, 449.678527832, 565.884887695, 240.092712402, 297.797943115, 1221.59997559, 2277.85058594, 2758.73120117, 3456.02563477, 8541.13769531, 3035.11694336, 9328.02539062, 2260.05322266, 1670.4987793, 9058.34667969, 915.291687012, 1522.97741699, 381.349517822, 348.183044434, 294.264251709, 643.975524902, 130.423583984, 213.061325073, 85.9369430542, 23.4163131714, 25.097070694, 60.6787643433, 50.7700996399, 21.5169944763, 26.6013793945, 15.9065361023, 5.45668697357, 2.0927631855, 0.266571640968, 0.0217927824706, 0.00336949527264, 0.000341202336131, 9.68596054918e-07], "max": [3.03227686882, 25.6036052704, 75.6004486084, 226.328994751, 259.439086914, 194.820175171, 252.480255127, 481.796875, 805.589477539, 835.277160645, 883.719787598, 1433.30187988, 1476.39160156, 1956.1361084, 894.462280273, 1078.78686523, 1917.1003418, 1003.68536377, 1011.86358643, 659.891296387, 551.807617188, 377.574859619, 1040.73693848, 296.011047363, 667.416137695, 211.60697937, 111.258453369, 236.680328369, 271.963256836, 317.760223389, 155.657577515, 153.509963989, 85.033454895, 39.2052116394, 18.9830532074, 10.9578647614, 3.81205391884, 1.49395930767, 0.448100745678, 0.0158631578088], "mean": [0.189365625381, 1.36741900444, 4.05756950378, 6.78563451767, 9.61067676544, 11.3473548889, 12.004447937, 26.0049362183, 46.0446395874, 52.9640235901, 44.6627807617, 71.6686401367, 37.899471283, 43.9594764709, 25.3124294281, 19.9574337006, 42.4606933594, 19.3391132355, 16.9643535614, 9.7725725174, 9.95522212982, 9.18439292908, 13.5624675751, 7.76614761353, 5.48982429504, 3.74096345901, 2.01628756523, 1.83879089355, 1.51163196564, 1.37585258484, 1.1643447876, 1.05379700661, 0.935478746891, 0.590423703194, 0.316563218832, 0.137567266822, 0.0390889681876, 0.0103030735627, 0.00180275167804, 0.000154844543431], "median": [0.155852138996, 1.03540217876, 2.37051820755, 2.97533369064, 4.59322738647, 7.13127422333, 6.36222839355, 11.7289848328, 23.3018112183, 28.7386207581, 19.7723236084, 18.6738700867, 11.3890781403, 10.0374069214, 7.64039993286, 5.01530456543, 6.73968982697, 4.37182426453, 3.09632158279, 1.97729897499, 1.75718772411, 1.58082139492, 2.2435259819, 1.89736771584, 1.13726067543, 0.721261024475, 0.367219686508, 0.3251516819, 0.252744495869, 0.261439442635, 0.188752293587, 0.135618388653, 0.0792471915483, 0.0327927879989, 0.0155064603314, 0.00744257867336, 0.00170228967909, 0.000323360494804, 6.39098725514e-05, 3.91325884266e-05], "min": [1.79518703308e-22, 4.39313129264e-22, 2.04803437125e-21, 8.39520951758e-21, 1.46373341398e-20, 2.01433601052e-20, 6.44642337007e-20, 8.59477362582e-20, 1.33464170119e-19, 2.55375961652e-19, 4.08410682226e-19, 2.72815875796e-19, 4.5866870283e-19, 1.1940362482e-18, 1.26413432504e-18, 1.67708160179e-18, 1.4884681887e-18, 2.47698262492e-18, 3.17609892824e-18, 3.23945662046e-18, 3.53462712986e-18, 4.88101536443e-18, 6.38918068808e-18, 6.44307274576e-18, 8.47243795592e-18, 1.09813470641e-17, 1.10867935671e-17, 9.71951364538e-18, 1.30453628702e-17, 1.22911693662e-17, 1.11077154463e-17, 9.61655364736e-18, 1.17525093513e-17, 9.2818771987e-18, 5.50496266357e-18, 4.69206621942e-18, 2.20543970254e-18, 1.01710903601e-18, 2.80218444344e-19, 3.03286159333e-20], "var": [0.0425506830215, 2.92644929886, 33.8044204712, 194.389587402, 275.568572998, 175.080886841, 316.175872803, 1488.26672363, 4194.05224609, 5002.54638672, 6074.91943359, 20003.015625, 7539.15380859, 15286.2177734, 3495.37866211, 3138.78173828, 13624.125, 2988.45727539, 2140.85205078, 1000.67108154, 740.305358887, 770.634216309, 2591.88256836, 321.718841553, 351.335266113, 122.541717529, 28.0308303833, 24.2156200409, 24.310382843, 24.5433235168, 13.2521524429, 15.6487665176, 9.38102531433, 3.46535348892, 1.04481160641, 0.212781399488, 0.0203378181905, 0.0022132198792, 0.000102189995232, 3.31254540242e-07]}, "erbbands_crest": {"dmean": 2.40240907669, "dmean2": 3.73301815987, "dvar": 5.04714393616, "dvar2": 11.8180103302, "max": 30.9377231598, "mean": 12.2520389557, "median": 11.344209671, "min": 2.39945197105, "var": 25.5522880554}, "erbbands_flatness_db": {"dmean": 0.0169689301401, "dmean2": 0.0230595972389, "dvar": 0.000410203967476, "dvar2": 0.000695455935784, "max": 0.407115757465, "mean": 0.195918023586, "median": 0.198763936758, "min": 0.0380922965705, "var": 0.00345192733221}, "erbbands_kurtosis": {"dmean": 1.41708016396, "dmean2": 2.18983483315, "dvar": 3.95656108856, "dvar2": 9.06629657745, "max": 67.2322387695, "mean": 2.82744789124, "median": 1.95359635353, "min": -1.87013041973, "var": 17.2070331573}, "erbbands_skewness": {"dmean": 0.334360152483, "dmean2": 0.505016684532, "dvar": 0.109612867236, "dvar2": 0.240839347243, "max": 5.53714561462, "mean": 0.917609572411, "median": 0.89930409193, "min": -2.19064450264, "var": 0.682151556015}, "erbbands_spread": {"dmean": 5.79573917389, "dmean2": 8.51996135712, "dvar": 105.892204285, "dvar2": 217.9894104, "max": 162.640792847, "mean": 23.809551239, "median": 17.9855079651, "min": 1.44903206825, "var": 339.224914551}, "gfcc": {"cov": [[15798.5273438, -325.508270264, -754.73425293, 916.972106934, -665.307373047, 382.741485596, -534.878845215, 174.087097168, -306.906158447, -47.6429481506, -264.970611572, -167.412719727, -273.545288086], [-325.508270264, 1755.29309082, -226.811691284, -173.123077393, 230.190368652, -243.804641724, 155.873519897, -98.807434082, 121.907905579, -115.15322113, 116.942985535, -83.0500488281, 17.0648288727], [-754.73425293, -226.811691284, 1091.59680176, 104.793617249, -76.7705612183, 24.4797286987, -76.0069885254, 8.69378757477, -16.1918506622, 6.665599823, -45.5165634155, -0.153934046626, -18.2483024597], [916.972106934, -173.123077393, 104.793617249, 495.812103271, 20.8936786652, -20.7031059265, -69.0265045166, 22.6740856171, -13.5129270554, -35.0290718079, -90.428894043, -22.2282447815, 25.734495163], [-665.307373047, 230.190368652, -76.7705612183, 20.8936786652, 281.690093994, -29.1987133026, 51.0475158691, -4.60171508789, 50.3610076904, -34.8651618958, -5.53679895401, 3.79022026062, 39.9614562988], [382.741485596, -243.804641724, 24.4797286987, -20.7031059265, -29.1987133026, 220.559631348, 17.1408939362, 20.4655170441, -36.5797805786, 22.156457901, -16.2269268036, -10.263718605, -27.1431694031], [-534.878845215, 155.873519897, -76.0069885254, -69.0265045166, 51.0475158691, 17.1408939362, 194.358215332, -0.175809726119, 7.74250745773, 3.45522046089, 14.8546714783, -17.446138382, 5.9243645668], [174.087097168, -98.807434082, 8.69378757477, 22.6740856171, -4.60171508789, 20.4655170441, -0.175809726119, 113.252914429, 19.9967250824, 9.67273616791, -14.8940563202, 16.4812602997, 6.26932191849], [-306.906158447, 121.907905579, -16.1918506622, -13.5129270554, 50.3610076904, -36.5797805786, 7.74250745773, 19.9967250824, 105.531997681, 9.13282203674, 6.60620975494, 6.87001419067, 24.952287674], [-47.6429481506, -115.15322113, 6.665599823, -35.0290718079, -34.8651618958, 22.156457901, 3.45522046089, 9.67273616791, 9.13282203674, 90.4294204712, 28.4491577148, 6.77390193939, -7.84100437164], [-264.970611572, 116.942985535, -45.5165634155, -90.428894043, -5.53679895401, -16.2269268036, 14.8546714783, -14.8940563202, 6.60620975494, 28.4491577148, 116.82711792, 34.6241188049, -17.1527328491], [-167.412719727, -83.0500488281, -0.153934046626, -22.2282447815, 3.79022026062, -10.263718605, -17.446138382, 16.4812602997, 6.87001419067, 6.77390193939, 34.6241188049, 88.8417510986, 34.8305854797], [-273.545288086, 17.0648288727, -18.2483024597, 25.734495163, 39.9614562988, -27.1431694031, 5.9243645668, 6.26932191849, 24.952287674, -7.84100437164, -17.1527328491, 34.8305854797, 87.7659225464]], "icov": [[0.000134661866468, -0.000180395363714, 0.000166178549989, -0.000280384410871, 0.000319027836667, -0.000317435129546, 0.000353525130777, -0.000216425731196, 0.000251980120083, -0.000163775141118, 0.00038967578439, -0.000243600879912, 0.00040627506678], [-0.000180395363714, 0.00151951739099, -0.000191882907529, 0.000662805512547, -0.000873390468769, 0.00134715961758, -0.000977509189397, 0.000633852614556, -0.00129231670871, 0.00203369488008, -0.00248035928234, 0.00250637857243, -0.00118725793436], [0.000166178549989, -0.000191882907529, 0.0011897898512, -0.000498186505865, 0.000583646062296, -0.000436766655184, 0.000641776598059, -0.000172581421793, 0.000191982238903, -0.000286764116026, 0.000854888407048, -0.00055540545145, 0.00082418275997], [-0.000280384410871, 0.000662805512547, -0.000498186505865, 0.00322469021194, -0.00109992793296, 0.0012042025337, 1.50546111399e-06, -4.87153156428e-05, -9.55467839958e-05, 0.000962065416388, 0.000155283938511, 0.00162315636408, -0.00167596386746], [0.000319027836667, -0.000873390468769, 0.000583646062296, -0.00109992793296, 0.00551853375509, -0.00118592602666, -0.000113500726002, -0.0001322930475, -0.00117786903866, 0.000821597175673, 0.00131578976288, -0.00131824752316, -6.57403506921e-05], [-0.000317435129546, 0.00134715961758, -0.000436766655184, 0.0012042025337, -0.00118592602666, 0.00688996305689, -0.00181359343696, -0.000315386045258, 0.000659083831124, 5.77646533202e-05, -0.000755172688514, 0.00170482450631, 0.000114174763439], [0.000353525130777, -0.000977509189397, 0.000641776598059, 1.50546111399e-06, -0.000113500726002, -0.00181359343696, 0.00739156315103, -0.00136071851011, 0.00149708928075, -0.00126555119641, 0.000462335941847, 0.00121736212168, -0.000417495815782], [-0.000216425731196, 0.000633852614556, -0.000172581421793, -4.87153156428e-05, -0.0001322930475, -0.000315386045258, -0.00136071851011, 0.0109837073833, -0.00350727653131, -0.000246538140345, 0.00149488402531, -0.00277751823887, 0.000820112880319], [0.000251980120083, -0.00129231670871, 0.000191982238903, -9.55467839958e-05, -0.00117786903866, 0.000659083831124, 0.00149708928075, -0.00350727653131, 0.0137976752594, -0.00378003530204, 0.00115244020708, -0.000134377958602, -0.00198771478608], [-0.000163775141118, 0.00203369488008, -0.000286764116026, 0.000962065416388, 0.000821597175673, 5.77646533202e-05, -0.00126555119641, -0.000246538140345, -0.00378003530204, 0.0164036843926, -0.0068668872118, 0.00407146615908, -0.00191842613276], [0.00038967578439, -0.00248035928234, 0.000854888407048, 0.000155283938511, 0.00131578976288, -0.000755172688514, 0.000462335941847, 0.00149488402531, 0.00115244020708, -0.0068668872118, 0.0188982710242, -0.0121033759788, 0.00841397978365], [-0.000243600879912, 0.00250637857243, -0.00055540545145, 0.00162315636408, -0.00131824752316, 0.00170482450631, 0.00121736212168, -0.00277751823887, -0.000134377958602, 0.00407146615908, -0.0121033759788, 0.0236524008214, -0.0119444327429], [0.00040627506678, -0.00118725793436, 0.00082418275997, -0.00167596386746, -6.57403506921e-05, 0.000114174763439, -0.000417495815782, 0.000820112880319, -0.00198771478608, -0.00191842613276, 0.00841397978365, -0.0119444327429, 0.0203670505434]], "mean": [-42.6320953369, 131.850799561, -90.5472106934, 10.2028884888, -53.0071601868, 5.97255039215, -27.9362812042, 11.8974809647, -14.2361469269, 1.99783885479, -6.94330453873, -1.75566840172, -13.4670305252]}, "hfc": {"dmean": 3.6287112236, "dmean2": 5.32605600357, "dvar": 41.3480949402, "dvar2": 91.2552566528, "max": 205.030395508, "mean": 16.420211792, "median": 12.016494751, "min": 1.10284907342e-16, "var": 242.664138794}, "melbands": {"dmean": [0.000670348701533, 0.000806709285825, 0.000817450752947, 0.000422543875175, 0.000201085131266, 0.000234195802477, 0.000271408527624, 0.000231235288084, 0.000138416478876, 0.000167875623447, 7.14495618013e-05, 7.90613921708e-05, 3.25442924805e-05, 2.63359252131e-05, 3.20437684422e-05, 3.68398941646e-05, 1.30553344206e-05, 1.35347918331e-05, 7.15591886546e-06, 7.06590071786e-06, 4.91234186484e-06, 4.410765996e-06, 4.54573864772e-06, 4.28231987826e-06, 2.41321799876e-06, 1.93016785488e-06, 1.62220487709e-06, 1.13322334983e-06, 6.32801516076e-07, 6.56153872569e-07, 5.68306745663e-07, 5.96119605234e-07, 5.65334005387e-07, 4.85185864818e-07, 4.78200774978e-07, 4.45991531706e-07, 4.83608801005e-07, 4.8121069085e-07, 4.24299969382e-07, 3.1573972592e-07], "dmean2": [0.00108675437514, 0.00128469208721, 0.00132766319439, 0.000695894763339, 0.000320590828778, 0.000367500237189, 0.000394283881178, 0.000343243795214, 0.000203715506359, 0.000243937014602, 0.000103106780443, 0.000117292416689, 4.83349467686e-05, 3.89067718061e-05, 4.98323206557e-05, 5.59830477869e-05, 1.8587021259e-05, 2.09080244531e-05, 1.07641099021e-05, 1.05857052404e-05, 7.54419170335e-06, 7.01784620105e-06, 7.06645005266e-06, 6.32118144495e-06, 3.68632004211e-06, 3.13255350193e-06, 2.54663814303e-06, 1.82882160971e-06, 1.00242880308e-06, 1.02215051356e-06, 8.68961649303e-07, 9.70251676335e-07, 9.1257470558e-07, 7.53869130676e-07, 7.43598150166e-07, 7.03043610883e-07, 7.57352609071e-07, 7.57023940423e-07, 6.73766180626e-07, 4.82315329009e-07], "dvar": [3.05163007397e-06, 2.5576173357e-06, 5.62310879104e-06, 5.44918350442e-07, 1.32950233933e-07, 1.98846933586e-07, 2.33185133425e-07, 1.61838670465e-07, 9.74014255917e-08, 1.56393141992e-07, 3.99040800403e-08, 8.05099489298e-08, 8.27309953877e-09, 6.7639032153e-09, 1.46724303818e-08, 1.08707647328e-08, 2.24744933774e-09, 1.69980551856e-09, 7.15654813188e-10, 6.84847734078e-10, 2.88099599732e-10, 2.35666874904e-10, 2.05159209066e-10, 1.88330254169e-10, 4.48590019297e-11, 4.30183562383e-11, 7.13912123862e-11, 1.44046710324e-11, 4.36930266273e-12, 5.26250787738e-12, 5.07638332412e-12, 7.53322838137e-12, 8.36268380933e-12, 6.36008216578e-12, 3.57318905367e-12, 3.49044252702e-12, 5.20210740804e-12, 3.84156465319e-12, 2.83948689214e-12, 1.34173379872e-12], "dvar2": [7.8564244177e-06, 6.42939176032e-06, 1.36937778734e-05, 1.45351611991e-06, 3.36378832344e-07, 5.12161079769e-07, 5.03695900989e-07, 3.54758469712e-07, 2.10581461602e-07, 3.74165892936e-07, 8.25379373737e-08, 1.94460142211e-07, 1.88546120938e-08, 1.38308138276e-08, 3.85316916152e-08, 2.39126176638e-08, 3.76258579848e-09, 3.89815957291e-09, 1.34375521821e-09, 1.14705478449e-09, 6.4086635998e-10, 6.20967888221e-10, 4.56301552099e-10, 3.70413533179e-10, 1.03512413918e-10, 9.62481414013e-11, 1.43357548055e-10, 3.45089061493e-11, 1.02439072849e-11, 1.13914077823e-11, 1.12196233207e-11, 1.93614100447e-11, 2.10653803429e-11, 1.48310946857e-11, 8.13355112428e-12, 7.91928762151e-12, 1.22243829642e-11, 9.33740584852e-12, 7.1484259484e-12, 3.22556066058e-12], "max": [0.029536511749, 0.0289411600679, 0.0386623963714, 0.0114640295506, 0.00954622030258, 0.00935746915638, 0.0117140309885, 0.0105970995501, 0.00700413202867, 0.00968489330262, 0.00761603377759, 0.00901577156037, 0.00247821374796, 0.00228732265532, 0.00370146078058, 0.00424025580287, 0.00230050855316, 0.00163858197629, 0.00152753596194, 0.00110747048166, 0.000881414860487, 0.000504830502905, 0.000678026874084, 0.000673333415762, 0.000282212655293, 0.000312879041303, 0.000558156694751, 0.000122287543491, 6.70702720527e-05, 8.48031413625e-05, 0.000156555208378, 0.000146268168464, 0.00017370187561, 0.000175153632881, 9.25816348172e-05, 8.72047021403e-05, 9.29604939301e-05, 7.24539786461e-05, 4.42543168901e-05, 2.92759959848e-05], "mean": [0.00170657364652, 0.00204600114375, 0.00130753277335, 0.000761456380133, 0.000444241566584, 0.000547398347408, 0.000700267264619, 0.00059907376999, 0.000329994247295, 0.000453033251688, 0.000181523602805, 0.000188585938304, 7.4071896961e-05, 5.54624166398e-05, 6.85441336827e-05, 8.755082672e-05, 2.92961303785e-05, 2.61533568846e-05, 1.44644081956e-05, 1.56288624567e-05, 1.06326660898e-05, 1.02013673313e-05, 1.1138607988e-05, 1.06784336822e-05, 5.87363820159e-06, 4.03061312682e-06, 3.32401009473e-06, 2.28332123697e-06, 1.21909886275e-06, 1.23220695514e-06, 1.01348405224e-06, 8.57409361288e-07, 7.95619428118e-07, 7.44840860989e-07, 6.92074252129e-07, 5.97994585405e-07, 6.62800857754e-07, 6.94671143719e-07, 5.67520146433e-07, 4.70164877697e-07], "median": [0.00138108420651, 0.00140204001218, 0.000610721530393, 0.000480675196741, 0.00026169110788, 0.000245468865614, 0.000357885321137, 0.000310799514409, 0.000129999476485, 0.000101349956822, 4.71908570034e-05, 3.47561726812e-05, 1.98218767764e-05, 1.3800274246e-05, 1.06180323201e-05, 1.30536718643e-05, 5.04361332787e-06, 4.56368161394e-06, 2.54462929661e-06, 2.61565719484e-06, 1.7347163066e-06, 1.47181935972e-06, 1.85050112123e-06, 1.76903699867e-06, 1.33800836011e-06, 8.2735016349e-07, 5.44027102478e-07, 4.28373027717e-07, 2.31530208339e-07, 1.71434763274e-07, 1.80629754709e-07, 1.32350180593e-07, 1.41378492913e-07, 1.32483464199e-07, 1.02165635951e-07, 9.25128631479e-08, 7.08941172434e-08, 5.86108868106e-08, 3.39944499217e-08, 2.30789289901e-08], "min": [1.39110276103e-24, 4.55555734282e-25, 1.69421743627e-24, 1.59157282743e-24, 2.65152952982e-24, 2.13156054161e-24, 2.05879068691e-24, 2.75509493655e-24, 3.78118939015e-24, 1.92291255142e-24, 1.90338903288e-24, 4.16569400042e-24, 3.31732852826e-24, 3.15653086843e-24, 2.84501758556e-24, 3.39182460784e-24, 4.18214490574e-24, 4.3905659012e-24, 3.25031972474e-24, 5.34016747105e-24, 4.32300509227e-24, 6.01844901002e-24, 4.86720907077e-24, 4.83508586585e-24, 3.91267041494e-24, 4.23957752951e-24, 5.1494627138e-24, 6.59727096606e-24, 6.0617014646e-24, 6.09548640501e-24, 4.2067549994e-24, 6.17511481365e-24, 6.9642959964e-24, 5.68551499814e-24, 5.48109904949e-24, 5.03326113588e-24, 5.12612308063e-24, 7.69722271913e-24, 6.25246065325e-24, 7.04891789456e-24], "var": [3.81082986678e-06, 6.10362940279e-06, 6.33442823528e-06, 8.43643135795e-07, 3.38146548984e-07, 6.28928205515e-07, 9.51974982399e-07, 7.08015477358e-07, 3.75305575062e-07, 8.61620719661e-07, 1.95015601889e-07, 3.18855597925e-07, 3.27618643325e-08, 2.18272049324e-08, 4.9467409724e-08, 4.72294345855e-08, 1.24292567349e-08, 5.45782485872e-09, 2.75177902687e-09, 2.86234880242e-09, 1.12159803667e-09, 1.26685861801e-09, 1.42655687263e-09, 1.21096022099e-09, 2.11229894687e-10, 1.32599708991e-10, 2.37478148257e-10, 4.27327409569e-11, 1.05442304194e-11, 1.25156413011e-11, 8.37142941773e-12, 7.7920829511e-12, 8.515353353e-12, 7.55623168203e-12, 4.80191884519e-12, 4.61269304003e-12, 6.652836268e-12, 5.27337375156e-12, 3.69067103267e-12, 2.15936751986e-12]}, "melbands_crest": {"dmean": 2.51616716385, "dmean2": 4.06656074524, "dvar": 6.42060518265, "dvar2": 16.5176258087, "max": 34.4921455383, "mean": 13.6203222275, "median": 12.6418704987, "min": 1.76610541344, "var": 22.8962402344}, "melbands_flatness_db": {"dmean": 0.0192989930511, "dmean2": 0.0285057239234, "dvar": 0.000493867613841, "dvar2": 0.00109719648026, "max": 0.576134741306, "mean": 0.283462911844, "median": 0.276871412992, "min": 0.00395286688581, "var": 0.00604645255953}, "melbands_kurtosis": {"dmean": 5.23103570938, "dmean2": 8.02075862885, "dvar": 180.220184326, "dvar2": 435.305969238, "max": 361.365875244, "mean": 9.57455635071, "median": 4.21222257614, "min": -1.68017876148, "var": 291.031097412}, "melbands_skewness": {"dmean": 0.545431494713, "dmean2": 0.80526304245, "dvar": 0.591159641743, "dvar2": 1.25111842155, "max": 14.0555000305, "mean": 1.85359942913, "median": 1.5569229126, "min": -1.85775566101, "var": 2.1938226223}, "melbands_spread": {"dmean": 2.69102144241, "dmean2": 4.14294147491, "dvar": 19.6569137573, "dvar2": 46.6571731567, "max": 146.307388306, "mean": 14.285695076, "median": 11.3311071396, "min": 0.864677667618, "var": 140.576568604}, "mfcc": {"cov": [[10341.7724609, -648.11706543, -233.419143677, 160.368164062, -24.6373558044, 50.1844558716, -1.11443579197, 90.3172607422, -60.3279151917, 41.3904762268, 83.8810577393, -52.9634284973, -311.036743164], [-648.11706543, 1948.50866699, -206.648590088, 87.459854126, -1.97203636169, -38.0580940247, -2.05637693405, 50.0836830139, -71.7494735718, 58.7912864685, 38.6440391541, 16.1537475586, 15.5813570023], [-233.419143677, -206.648590088, 906.877624512, 13.0775957108, 48.6533279419, -1.80382168293, 5.8585486412, -40.6046676636, -3.75821876526, -39.4793434143, 13.8493709564, 13.7698745728, 7.45130443573], [160.368164062, 87.459854126, 13.0775957108, 391.429321289, 74.3554611206, -11.6941518784, -34.6969642639, 7.60188245773, 53.6799736023, -9.01965999603, -55.4951210022, -14.7312746048, 17.2064552307], [-24.6373558044, -1.97203636169, 48.6533279419, 74.3554611206, 212.829177856, 6.35486698151, -42.7169647217, 22.2033023834, 20.9246273041, -6.77492380142, -24.019569397, -6.75325345993, -4.12758636475], [50.1844558716, -38.0580940247, -1.80382168293, -11.6941518784, 6.35486698151, 133.723007202, 47.6453971863, -0.334972918034, 12.9388952255, 20.4670848846, -1.65689790249, -10.5003662109, -19.7366657257], [-1.11443579197, -2.05637693405, 5.8585486412, -34.6969642639, -42.7169647217, 47.6453971863, 131.700942993, 19.1245326996, -1.95206713676, 9.76738071442, 19.3283023834, 5.254529953, -9.3863363266], [90.3172607422, 50.0836830139, -40.6046676636, 7.60188245773, 22.2033023834, -0.334972918034, 19.1245326996, 100.916862488, 21.8888168335, 5.1584444046, 3.1420841217, -11.1976718903, -10.9682998657], [-60.3279151917, -71.7494735718, -3.75821876526, 53.6799736023, 20.9246273041, 12.9388952255, -1.95206713676, 21.8888168335, 143.507644653, 23.2785644531, -37.2199897766, -14.8377513885, 13.1629743576], [41.3904762268, 58.7912864685, -39.4793434143, -9.01965999603, -6.77492380142, 20.4670848846, 9.76738071442, 5.1584444046, 23.2785644531, 92.3837661743, 29.0334835052, -13.7115011215, -19.6402778625], [83.8810577393, 38.6440391541, 13.8493709564, -55.4951210022, -24.019569397, -1.65689790249, 19.3283023834, 3.1420841217, -37.2199897766, 29.0334835052, 100.271377563, 21.4943885803, -21.6428756714], [-52.9634284973, 16.1537475586, 13.7698745728, -14.7312746048, -6.75325345993, -10.5003662109, 5.254529953, -11.1976718903, -14.8377513885, -13.7115011215, 21.4943885803, 77.256072998, 32.0518341064], [-311.036743164, 15.5813570023, 7.45130443573, 17.2064552307, -4.12758636475, -19.7366657257, -9.3863363266, -10.9682998657, 13.1629743576, -19.6402778625, -21.6428756714, 32.0518341064, 95.5666275024]], "icov": [[0.000115316906886, 5.03861083416e-05, 3.27061425196e-05, -9.9718090496e-05, 5.78681792831e-05, -1.55736561283e-05, 5.41243207408e-05, -0.000114237998787, 6.91580571583e-05, -1.3173883417e-05, -2.8665013815e-05, -0.000118595962704, 0.000395044597099], [5.03861083416e-05, 0.000604904722422, 0.000116509210784, -0.000246107374551, 3.20150102198e-05, 0.000137652037665, 1.39099656735e-05, -0.000399490934797, 0.000532919366378, -0.000550173223019, -2.68790572591e-05, -0.000163265009178, -5.18821943842e-05], [3.27061425196e-05, 0.000116509210784, 0.00122181989718, -8.66426053108e-05, -0.000390662113205, 7.10622844053e-05, -0.000273696816294, 0.000581461703405, -0.000155477333465, 0.000620531500317, -0.000591881980654, 7.21158503438e-05, 3.61554957635e-05], [-9.9718090496e-05, -0.000246107374551, -8.66426053108e-05, 0.00316301779822, -0.000868780713063, 0.000254980899626, 0.000186541656149, 0.000237244705204, -0.000933043949772, 0.000142504824908, 0.00113730039448, 0.000308661925374, -0.000474628759548], [5.78681792831e-05, 3.20150102198e-05, -0.000390662113205, -0.000868780713063, 0.00589706981555, -0.00114961096551, 0.00235969619825, -0.00191845011432, -2.71741155302e-05, 7.08813822712e-05, 0.000814035593066, -0.000709824962541, 0.000839591259137], [-1.55736561283e-05, 0.000137652037665, 7.10622844053e-05, 0.000254980899626, -0.00114961096551, 0.00958556123078, -0.00393704045564, 0.0013258124236, -0.000450214371085, -0.0018391784979, 0.00131336785853, 0.000274665828329, 0.00146023277193], [5.41243207408e-05, 1.39099656735e-05, -0.000273696816294, 0.000186541656149, 0.00235969619825, -0.00393704045564, 0.0104576200247, -0.0027774174232, 8.46633993206e-05, 0.00017296342412, -0.00104783778079, -0.0011186368065, 0.000320586259477], [-0.000114237998787, -0.000399490934797, 0.000581461703405, 0.000237244705204, -0.00191845011432, 0.0013258124236, -0.0027774174232, 0.0121777048334, -0.00253062346019, 0.00128279509954, -0.00157475948799, 0.0018643051153, 0.000551378238015], [6.91580571583e-05, 0.000532919366378, -0.000155477333465, -0.000933043949772, -2.71741155302e-05, -0.000450214371085, 8.46633993206e-05, -0.00253062346019, 0.00988276023418, -0.00431994954124, 0.00390877528116, -1.93061714526e-05, -0.00141530029941], [-1.3173883417e-05, -0.000550173223019, 0.000620531500317, 0.000142504824908, 7.08813822712e-05, -0.0018391784979, 0.00017296342412, 0.00128279509954, -0.00431994954124, 0.0156068755314, -0.00648318091407, 0.00328515144065, 0.000992636894807], [-2.8665013815e-05, -2.68790572591e-05, -0.000591881980654, 0.00113730039448, 0.000814035593066, 0.00131336785853, -0.00104783778079, -0.00157475948799, 0.00390877528116, -0.00648318091407, 0.0166504550725, -0.00618742639199, 0.00375044695102], [-0.000118595962704, -0.000163265009178, 7.21158503438e-05, 0.000308661925374, -0.000709824962541, 0.000274665828329, -0.0011186368065, 0.0018643051153, -1.93061714526e-05, 0.00328515144065, -0.00618742639199, 0.0185697190464, -0.00724190520123], [0.000395044597099, -5.18821943842e-05, 3.61554957635e-05, -0.000474628759548, 0.000839591259137, 0.00146023277193, 0.000320586259477, 0.000551378238015, -0.00141530029941, 0.000992636894807, 0.00375044695102, -0.00724190520123, 0.0159504786134]], "mean": [-695.282165527, 169.27734375, 16.573387146, 16.709985733, 1.51355659962, -3.08117890358, -0.753059208393, 6.31734800339, -2.39393305779, 5.59670162201, 6.39338684082, 3.5932970047, 0.2479031533]}, "pitch_salience": {"dmean": 0.0582019388676, "dmean2": 0.0954189375043, "dvar": 0.00329707167111, "dvar2": 0.00901308190078, "max": 0.86047822237, "mean": 0.526053369045, "median": 0.526571333408, "min": 0.143950209022, "var": 0.00940614566207}, "silence_rate_20dB": {"dmean": 0, "dmean2": 0, "dvar": 0, "dvar2": 0, "max": 1, "mean": 1, "median": 1, "min": 1, "var": 0}, "silence_rate_30dB": {"dmean": 0.00951581262052, "dmean2": 0.0190334022045, "dvar": 0.00942550972104, "dvar2": 0.0244552865624, "max": 1, "mean": 0.989552259445, "median": 1, "min": 0, "var": 0.010338190943}, "silence_rate_60dB": {"dmean": 0.00167926109862, "dmean2": 0.00335883558728, "dvar": 0.00167646014597, "dvar2": 0.00390751846135, "max": 1, "mean": 0.0514925383031, "median": 0, "min": 0, "var": 0.0488442964852}, "spectral_centroid": {"dmean": 100.96811676, "dmean2": 155.653381348, "dvar": 40087.3671875, "dvar2": 86057.2109375, "max": 11672.5761719, "mean": 776.091552734, "median": 624.962890625, "min": 170.104095459, "var": 497526.59375}, "spectral_complexity": {"dmean": 1.69232201576, "dmean2": 2.79846978188, "dvar": 3.49161314964, "dvar2": 8.27632713318, "max": 48, "mean": 12.8113803864, "median": 12, "min": 0, "var": 35.9133338928}, "spectral_contrast_coeffs": {"dmean": [0.0439834184945, 0.0397582836449, 0.0347898453474, 0.0272764824331, 0.0202041678131, 0.0136315198615], "dmean2": [0.0725699290633, 0.0647226646543, 0.0554511286318, 0.0442209541798, 0.0322359651327, 0.0217950306833], "dvar": [0.00150390376803, 0.00110742473044, 0.000853931065649, 0.000552456011064, 0.000366241729353, 0.000201865317649], "dvar2": [0.00396768935025, 0.00282441917807, 0.00208185520023, 0.00132331869099, 0.000823469192255, 0.00044288369827], "max": [-0.360765278339, -0.378248184919, -0.408649116755, -0.515137553215, -0.566022276878, -0.585417032242], "mean": [-0.674806892872, -0.685456097126, -0.705622315407, -0.753336906433, -0.783746361732, -0.798673868179], "median": [-0.677274465561, -0.687332034111, -0.71317589283, -0.759250402451, -0.79094350338, -0.803636550903], "min": [-0.976647973061, -0.980519473553, -0.97278803587, -0.965536236763, -0.968076050282, -0.963065266609], "var": [0.0062643927522, 0.00552035588771, 0.006611129269, 0.00488995760679, 0.00302652386017, 0.00203999597579]}, "spectral_contrast_valleys": {"dmean": [0.309709489346, 0.288967728615, 0.280086487532, 0.238148644567, 0.220457568765, 0.286710500717], "dmean2": [0.509718596935, 0.475152134895, 0.458943277597, 0.390159636736, 0.337468534708, 0.371246695518], "dvar": [0.0923362001777, 0.0785499960184, 0.074930049479, 0.0628358647227, 0.0851764902472, 0.233797863126], "dvar2": [0.217501536012, 0.184630692005, 0.168367519975, 0.134269863367, 0.163350254297, 0.406830221415], "max": [-5.18242645264, -4.57202291489, -5.45902967453, -6.27899694443, -5.79657411575, -7.53189992905], "mean": [-6.967253685, -6.70398807526, -7.80701732635, -8.57161331177, -8.71254348755, -11.0907382965], "median": [-6.65324306488, -6.41038799286, -7.54134750366, -8.31605529785, -8.53882408142, -11.0870132446], "min": [-28.1111717224, -27.826505661, -27.7203102112, -27.5418624878, -27.5859508514, -27.382068634], "var": [2.56627249718, 2.73156738281, 2.40142464638, 2.1878118515, 2.2945766449, 2.52719902992]}, "spectral_decrease": {"dmean": 1.83931359032e-09, "dmean2": 2.81917089673e-09, "dvar": 8.82881300641e-18, "dvar2": 2.04635880867e-17, "max": 1.8796167459e-28, "mean": -8.04643018881e-09, "median": -6.90108059587e-09, "min": -5.10308453272e-08, "var": 3.11012200997e-17}, "spectral_energy": {"dmean": 0.00718001555651, "dmean2": 0.0109717929736, "dvar": 0.000132620989461, "dvar2": 0.000305335939629, "max": 0.202194005251, "mean": 0.0318583920598, "median": 0.0273327417672, "min": 1.01135714192e-20, "var": 0.000491307466291}, "spectral_energyband_high": {"dmean": 0.000167566060554, "dmean2": 0.000246462557698, "dvar": 3.42881264714e-07, "dvar2": 7.69609414419e-07, "max": 0.0276122931391, "mean": 0.000302049826132, "median": 5.10507306899e-05, "min": 7.19163264575e-21, "var": 5.70574229641e-07}, "spectral_energyband_low": {"dmean": 0.00422614812851, "dmean2": 0.00668768258765, "dvar": 7.15307396604e-05, "dvar2": 0.000172847823706, "max": 0.123597979546, "mean": 0.011457583867, "median": 0.00890476908535, "min": 1.84603123256e-23, "var": 0.000136891569127}, "spectral_energyband_middle_high": {"dmean": 0.00112938205712, "dmean2": 0.00166831898969, "dvar": 6.08267146163e-06, "dvar2": 1.42288499774e-05, "max": 0.0813496410847, "mean": 0.00444420939311, "median": 0.00176979601383, "min": 1.22844772504e-21, "var": 4.79122645629e-05}, "spectral_energyband_middle_low": {"dmean": 0.00503021571785, "dmean2": 0.00784053653479, "dvar": 7.28559462004e-05, "dvar2": 0.000174313914613, "max": 0.160986453295, "mean": 0.0169837716967, "median": 0.0147721916437, "min": 1.99771590022e-22, "var": 0.000179925278644}, "spectral_entropy": {"dmean": 0.169224888086, "dmean2": 0.242830038071, "dvar": 0.0444800816476, "dvar2": 0.0879837721586, "max": 9.8196182251, "mean": 6.85269260406, "median": 6.83181476593, "min": 4.5811252594, "var": 0.376315683126}, "spectral_flux": {"dmean": 0.019633281976, "dmean2": 0.0311495978385, "dvar": 0.000632675422821, "dvar2": 0.00147749588359, "max": 0.357865482569, "mean": 0.0677814036608, "median": 0.0592273101211, "min": 6.51241352512e-11, "var": 0.00189459358808}, "spectral_kurtosis": {"dmean": 3.89444375038, "dmean2": 6.41236686707, "dvar": 23.4454669952, "dvar2": 61.6647224426, "max": 92.574798584, "mean": 12.4044094086, "median": 9.39447021484, "min": -1.24263548851, "var": 115.3516922}, "spectral_rms": {"dmean": 0.000573154364247, "dmean2": 0.00086284178542, "dvar": 5.65794834984e-07, "dvar2": 1.23437337152e-06, "max": 0.0140450149775, "mean": 0.00521347858012, "median": 0.0051639219746, "min": 3.14116202667e-12, "var": 3.90106606574e-06}, "spectral_rolloff": {"dmean": 168.926437378, "dmean2": 290.159118652, "dvar": 348032.3125, "dvar2": 805072.375, "max": 19401.4160156, "mean": 845.814941406, "median": 602.9296875, "min": 64.599609375, "var": 1492303.375}, "spectral_skewness": {"dmean": 0.356877267361, "dmean2": 0.565332591534, "dvar": 0.152994766831, "dvar2": 0.362933039665, "max": 7.90232658386, "mean": 2.59244704247, "median": 2.4261431694, "min": -0.0539376623929, "var": 1.06112098694}, "spectral_spread": {"dmean": 630804.5, "dmean2": 867049.8125, "dvar": 1460945551360.0, "dvar2": 2737705582590.0, "max": 42157624,