{"lowlevel": {"average_loudness": 0.847938597202, "barkbands": {"dmean": [0.000914300850127, 0.00409318646416, 0.00322415400296, 0.000923874031287, 0.00379606406204, 0.00276111648418, 0.00116943439934, 0.000655144220218, 0.00065700703999, 0.000509499805048, 0.000306449044729, 0.000273909448879, 0.000292898592306, 0.000215385021875, 0.00022543373052, 0.000263302936219, 0.000176774003194, 0.000151571701281, 0.000112249486847, 7.44409990148e-05, 4.42490709247e-05, 3.1133491575e-05, 1.93722516997e-05, 5.47689433006e-06, 1.69634404301e-06, 7.16244858268e-06, 4.07310253649e-05], "dmean2": [0.00149669148959, 0.00674240803346, 0.0055467239581, 0.00158013601322, 0.00633756024763, 0.00426160544157, 0.00187737809028, 0.00104559783358, 0.00105252081994, 0.00080769858323, 0.000485104130348, 0.000435504072811, 0.000464809389086, 0.000337268807925, 0.000346011540387, 0.000389375316445, 0.000266571500106, 0.000221484340727, 0.000159467119374, 0.000103363789094, 5.80140876991e-05, 3.99587697757e-05, 2.47617917921e-05, 7.46157365938e-06, 2.84550651486e-06, 9.18851310416e-06, 5.10623685841e-05], "dvar": [1.7828667751e-06, 3.87002619391e-05, 3.16482328344e-05, 2.57205192611e-06, 3.87811087421e-05, 4.68735961476e-05, 8.67819380801e-06, 2.47172511081e-06, 1.69027043739e-06, 1.1395054571e-06, 4.1008951257e-07, 3.65882300457e-07, 3.61877198429e-07, 2.11909295444e-07, 1.82637919011e-07, 3.11619743343e-07, 1.26645801402e-07, 7.06705733933e-08, 4.28700062116e-08, 3.05171319326e-08, 1.13481366526e-08, 3.92204180244e-09, 1.12236242522e-09, 8.75100131248e-11, 8.66047077802e-12, 1.33620753351e-10, 4.65422278495e-09], "dvar2": [4.49511480838e-06, 0.000102098587377, 8.4476901975e-05, 7.01813814885e-06, 0.000112153677037, 9.71159461187e-05, 2.09496738535e-05, 5.584534847e-06, 4.12364624935e-06, 2.83130498246e-06, 1.00527381619e-06, 9.51459526277e-07, 9.10013795874e-07, 4.88454077185e-07, 4.31841812087e-07, 7.0244283279e-07, 2.92807214919e-07, 1.55215246878e-07, 9.14320850143e-08, 6.71269404506e-08, 1.98718854705e-08, 7.30121341164e-09, 2.08043848815e-09, 1.83948550836e-10, 2.19372107285e-11, 2.44719605691e-10, 8.18199996644e-09], "max": [0.0237233228981, 0.0765789523721, 0.0650088787079, 0.0263681095093, 0.115927562118, 0.184564709663, 0.0899459645152, 0.0510999150574, 0.0265351496637, 0.0241650268435, 0.0172654129565, 0.0137334568426, 0.0101386923343, 0.0179125219584, 0.00554386107251, 0.00799831282347, 0.0112337097526, 0.00416917866096, 0.00436502043158, 0.00614815065637, 0.00551291881129, 0.00310490699485, 0.000744031684007, 0.000220605506911, 4.5873781346e-05, 0.000240375797148, 0.00154865742661], "mean": [0.00129974074662, 0.00517930602655, 0.00355555163696, 0.00110307289287, 0.00614530360326, 0.00424691336229, 0.00180996139534, 0.000953711161856, 0.000916012504604, 0.000707799161319, 0.000436626753071, 0.000393801397877, 0.000402504258091, 0.000306927016936, 0.000321356958011, 0.0003459022264, 0.000262683082838, 0.000229600278544, 0.000168331534951, 0.000109062020783, 6.51606242172e-05, 4.52790955023e-05, 2.83050285361e-05, 7.84525218478e-06, 1.58018440288e-06, 1.07360665424e-05, 7.26000071154e-05], "median": [0.000762074254453, 0.00268327398226, 0.00115472765174, 0.000519585679285, 0.00333718024194, 0.00141477072611, 0.000578782637604, 0.000266203598585, 0.000373024930013, 0.000216916028876, 0.000162716038176, 0.000148737308336, 0.000121656063129, 8.90824885573e-05, 0.000112549008918, 0.00010219347314, 0.000100131626823, 9.39473684411e-05, 6.73521572025e-05, 3.89900087612e-05, 2.1112147806e-05, 1.35739701363e-05, 8.62631713971e-06, 3.10700261252e-06, 4.50648087735e-07, 3.98668453272e-06, 3.53925461241e-05], "min": [1.15147225879e-24, 2.5523563034e-24, 5.62004861491e-24, 5.85386619835e-24, 2.589127319e-23, 1.71372868802e-23, 9.32336244536e-24, 1.12540932e-23, 4.69652000238e-23, 3.26676009876e-23, 3.08217422001e-23, 3.40629066024e-23, 3.74264107093e-23, 5.45636344806e-23, 6.31743541837e-23, 1.05564375527e-22, 9.66089930285e-23, 1.20801476347e-22, 1.79702564696e-22, 2.05903399527e-22, 2.84829551562e-22, 4.17760338617e-22, 5.1896566442e-22, 6.79145322729e-22, 1.04805510269e-21, 1.41101674521e-21, 2.15597336325e-21], "var": [2.62940875473e-06, 4.74887419841e-05, 3.52080569428e-05, 2.99022394756e-06, 7.52606792958e-05, 9.7413205367e-05, 1.7220952941e-05, 5.98701262788e-06, 2.51899041359e-06, 1.751974537e-06, 6.3124201688e-07, 5.32036722234e-07, 5.13230190791e-07, 3.34530113832e-07, 2.82570113086e-07, 4.34809891203e-07, 2.1841198361e-07, 1.3098360796e-07, 7.70010046836e-08, 5.6301800555e-08, 2.67797126696e-08, 8.82616379982e-09, 2.26698260164e-09, 1.51074666666e-10, 9.03940811092e-12, 2.77724371278e-10, 1.15759259955e-08]}, "barkbands_crest": {"dmean": 3.3321814537, "dmean2": 5.52848339081, "dvar": 7.87667512894, "dvar2": 21.1732654572, "max": 26.0625724792, "mean": 10.8994512558, "median": 10.0067825317, "min": 2.25486826897, "var": 19.1245918274}, "barkbands_flatness_db": {"dmean": 0.0307383947074, "dmean2": 0.0461135804653, "dvar": 0.000722492230125, "dvar2": 0.00158933084458, "max": 0.434857815504, "mean": 0.150019302964, "median": 0.142927825451, "min": 0.0372541695833, "var": 0.00280454964377}, "barkbands_kurtosis": {"dmean": 5.26604223251, "dmean2": 8.39405822754, "dvar": 91.4740524292, "dvar2": 212.136611938, "max": 337.96987915, "mean": 8.87407112122, "median": 5.49527692795, "min": -1.84349143505, "var": 209.104019165}, "barkbands_skewness": {"dmean": 0.687180936337, "dmean2": 1.0872387886, "dvar": 0.4673140347, "dvar2": 1.13933622837, "max": 13.1031274796, "mean": 2.05827450752, "median": 1.89196205139, "min": -3.05155324936, "var": 1.35954129696}, "barkbands_spread": {"dmean": 5.14918041229, "dmean2": 7.69572353363, "dvar": 29.8555850983, "dvar2": 62.5643959045, "max": 125.979385376, "mean": 14.9148435593, "median": 12.7441778183, "min": 0.312935620546, "var": 103.01889801}, "dissonance": {"dmean": 0.0209345184267, "dmean2": 0.0348740965128, "dvar": 0.000395511568058, "dvar2": 0.00107534008566, "max": 0.5, "mean": 0.464016199112, "median": 0.471388041973, "min": 0.252684801817, "var": 0.000794857740402}, "dynamic_complexity": 4.35713100433, "erbbands": {"dmean": [0.136545360088, 0.925861477852, 3.60956549644, 2.91335082054, 5.35855770111, 17.8870429993, 16.2428913116, 28.2928638458, 16.1217479706, 19.4018192291, 10.5494031906, 15.3305473328, 15.1384344101, 14.2882671356, 11.5888261795, 10.8139781952, 12.7247085571, 11.7692708969, 10.5799779892, 12.9088544846, 12.6357603073, 9.74001789093, 8.74224090576, 6.4499130249, 4.76532649994, 3.51048803329, 2.21577811241, 1.50232720375, 1.16438758373, 0.846685409546, 0.497398108244, 0.198392599821, 0.0536268725991, 0.019889190793, 0.0119664845988, 0.00870834942907, 0.0154301682487, 0.0129732051864, 0.00463668303564, 0.000772536033764], "dmean2": [0.226297155023, 1.54188001156, 6.15944480896, 5.02648496628, 9.01619529724, 30.0872879028, 26.1258220673, 43.2038536072, 25.6223487854, 30.5024814606, 16.6438426971, 24.5978832245, 23.9709377289, 22.4290065765, 17.9620189667, 16.9238090515, 20.1216583252, 18.1066799164, 16.3027954102, 19.0800457001, 18.4508094788, 14.4204730988, 12.8470640182, 9.17788982391, 6.68018484116, 4.85253763199, 2.97868204117, 1.99380612373, 1.49815523624, 1.08870053291, 0.635914623737, 0.257849991322, 0.0765555277467, 0.0328790321946, 0.0200394280255, 0.013360847719, 0.0196604598314, 0.0159834828228, 0.00577713688836, 0.00100638228469], "dvar": [0.0513564758003, 2.0781955719, 38.1948814392, 24.8683452606, 76.4174804688, 1054.68811035, 928.174316406, 6241.94921875, 1611.97265625, 3228.88671875, 553.589050293, 987.67565918, 1038.44177246, 790.94720459, 678.920471191, 507.896820068, 693.920959473, 649.407348633, 428.840789795, 611.320617676, 689.67791748, 368.410736084, 232.742385864, 139.738433838, 93.5796661377, 63.107131958, 33.6150093079, 10.7001342773, 5.84720134735, 2.53410100937, 0.710350811481, 0.116654187441, 0.00718338927254, 0.00112613930833, 0.000429832201917, 0.00017703564663, 0.000667188025545, 0.000548252137378, 8.49174102768e-05, 1.66876816365e-06], "dvar2": [0.132442966104, 5.52832746506, 98.9661254883, 69.5642318726, 210.404159546, 3184.33569336, 2151.98657227, 12854.6035156, 3838.02270508, 7201.51757812, 1300.56469727, 2460.66674805, 2613.75219727, 1899.66687012, 1644.11816406, 1273.59619141, 1752.04150391, 1442.88781738, 1020.77618408, 1383.42602539, 1508.92541504, 842.027099609, 512.993591309, 295.614807129, 190.940002441, 135.598922729, 67.2223587036, 19.0891532898, 10.820101738, 4.96580934525, 1.3009134531, 0.229466155171, 0.0154047152027, 0.00283346651122, 0.00108785368502, 0.00041733882972, 0.00124298164155, 0.000977533636615, 0.000145553480252, 3.10825566885e-06], "max": [3.13659620285, 16.415769577, 61.5312004089, 80.7930755615, 147.429840088, 584.234130859, 1045.31726074, 2164.38793945, 1585.29602051, 2173.12158203, 546.876403809, 799.928161621, 773.896606445, 554.59942627, 792.24005127, 542.307189941, 488.639190674, 1093.98010254, 301.185943604, 346.63848877, 500.057067871, 585.14465332, 217.261535645, 212.120697021, 294.487487793, 319.121643066, 290.515777588, 170.859451294, 126.148643494, 52.5903434753, 17.0222396851, 7.3961019516, 2.21502256393, 0.529551029205, 0.322218179703, 0.239456787705, 0.583733439445, 0.905879914761, 0.389676094055, 0.0172346811742], "mean": [0.163969039917, 1.13198459148, 4.04969501495, 3.82482528687, 7.66540431976, 26.09217453, 26.7942485809, 42.2817649841, 26.1535224915, 30.6838684082, 16.3853912354, 21.6060085297, 21.6082191467, 21.2177257538, 17.8911895752, 16.6363010406, 18.2346916199, 17.181388855, 16.0554599762, 18.104259491, 17.8469257355, 14.9054536819, 13.4589719772, 9.96176242828, 7.27558517456, 5.16785907745, 3.27047729492, 2.22205543518, 1.69330573082, 1.22336065769, 0.726033270359, 0.289230972528, 0.0745536983013, 0.0204677116126, 0.0113543262705, 0.0109462719411, 0.0230923295021, 0.0196469314396, 0.00757973548025, 0.00143605447374], "median": [0.0820306316018, 0.515982151031, 1.38098585606, 2.00217247009, 4.30332422256, 12.5259342194, 13.3401451111, 12.8216276169, 9.50319862366, 8.35389995575, 5.97535610199, 8.99639129639, 7.54005432129, 7.41142320633, 7.30176925659, 6.63576221466, 6.14042329788, 5.06843471527, 5.72663068771, 6.39862060547, 5.90945100784, 5.86560630798, 5.76528739929, 4.14575147629, 2.80487036705, 1.84686279297, 1.11660075188, 0.700940132141, 0.505394458771, 0.355020046234, 0.224562615156, 0.101942740381, 0.0330613031983, 0.00771261006594, 0.00339935580269, 0.00505985412747, 0.00833935290575, 0.00619710143656, 0.00297319656238, 0.000738775474019], "min": [5.55896837719e-23, 1.14736625355e-21, 6.74645195645e-21, 2.64473714081e-20, 4.42283359957e-20, 4.48755402015e-20, 8.79377195545e-20, 1.26972973659e-19, 1.68617859812e-19, 5.88536782784e-19, 5.02903168363e-19, 1.19478546704e-18, 1.00254486697e-18, 8.79331661838e-19, 1.74812979896e-18, 1.31001937779e-18, 1.9327341778e-18, 3.29274731784e-18, 3.17452687149e-18, 4.64471261089e-18, 5.80743903893e-18, 6.06351140911e-18, 5.92853166316e-18, 7.99646913247e-18, 1.08756606788e-17, 9.57491337532e-18, 1.01330005541e-17, 1.37972890721e-17, 1.42500174291e-17, 1.25855546744e-17, 1.53608928676e-17, 1.12485065497e-17, 1.06021922868e-17, 8.74110870042e-18, 7.15570704144e-18, 4.98811291988e-18, 2.70280169137e-18, 1.05733420882e-18, 2.94654426244e-19, 3.05260342188e-20], "var": [0.0588964223862, 2.48870372772, 44.6486930847, 28.0336151123, 109.150947571, 1688.55810547, 2258.17089844, 12565.4033203, 2854.9519043, 8707.56054688, 1022.40228271, 1475.50622559, 1589.50952148, 1367.95495605, 1126.6685791, 791.391540527, 983.922668457, 1089.82641602, 675.75994873, 915.773193359, 1072.53540039, 654.249389648, 430.934967041, 261.340637207, 173.970428467, 115.453147888, 68.2798614502, 27.9181671143, 13.739528656, 5.04902458191, 1.44028866291, 0.215296283364, 0.0128553612158, 0.00123594223987, 0.000450929743238, 0.000258895364823, 0.00133466266561, 0.00126544199884, 0.000223698516493, 3.88856688005e-06]}, "erbbands_crest": {"dmean": 2.94546413422, "dmean2": 4.77889823914, "dvar": 8.13238525391, "dvar2": 19.9503669739, "max": 32.1094703674, "mean": 8.99468135834, "median": 7.6476984024, "min": 2.29952955246, "var": 25.5115718842}, "erbbands_flatness_db": {"dmean": 0.0252046268433, "dmean2": 0.0371286161244, "dvar": 0.000519691908266, "dvar2": 0.00112210900988, "max": 0.394456803799, "mean": 0.154490798712, "median": 0.149858668447, "min": 0.0432171449065, "var": 0.00201204512268}, "erbbands_kurtosis": {"dmean": 1.65230572224, "dmean2": 2.61565256119, "dvar": 16.6600723267, "dvar2": 38.2525253296, "max": 109.431083679, "mean": 1.42944788933, "median": -0.11455976963, "min": -1.74480307102, "var": 42.4605941772}, "erbbands_skewness": {"dmean": 0.487926930189, "dmean2": 0.723311662674, "dvar": 0.240624010563, "dvar2": 0.519340693951, "max": 8.72405719757, "mean": 0.689792275429, "median": 0.54737174511, "min": -2.6801173687, "var": 1.18120336533}, "erbbands_spread": {"dmean": 8.51802921295, "dmean2": 12.9074344635, "dvar": 70.6203613281, "dvar2": 151.6484375, "max": 110.038612366, "mean": 33.2547607422, "median": 31.74426651, "min": 1.47710967064, "var": 212.357421875}, "gfcc": {"cov": [[15604.3193359, 540.866394043, -1296.04980469, -141.853118896, 340.203460693, -488.257659912, 331.258331299, -314.385681152, 192.224151611, -217.539459229, -39.4810791016, -34.8935470581, -112.332214355], [540.866394043, 867.896118164, 63.3075675964, -192.750045776, -0.784424245358, -52.3134231567, -45.3497848511, -33.4413261414, -39.7597427368, -15.4127597809, 29.6916923523, -30.7995243073, 65.222869873], [-1296.04980469, 63.3075675964, 467.184356689, 154.654373169, -102.604637146, 116.727088928, -96.4607543945, 89.9741516113, -76.7765960693, 54.8929290771, -15.2889757156, 21.7836837769, 33.2356719971], [-141.853118896, -192.750045776, 154.654373169, 275.299743652, 81.3818511963, 32.1238708496, 59.0821609497, -4.20524215698, 16.9207611084, -14.684252739, -21.1779022217, 21.0203018188, -43.78515625], [340.203460693, -0.784424245358, -102.604637146, 81.3818511963, 209.439804077, 31.9580841064, 78.7253189087, -33.4738731384, 28.663684845, -39.3224411011, 3.20463132858, -23.1205101013, -24.7903347015], [-488.257659912, -52.3134231567, 116.727088928, 32.1238708496, 31.9580841064, 192.69519043, 2.35785222054, 56.8875808716, -36.512966156, 35.6036872864, -17.046245575, -3.61564421654, 4.15295267105], [331.258331299, -45.3497848511, -96.4607543945, 59.0821609497, 78.7253189087, 2.35785222054, 171.209136963, -17.2207050323, 62.2610816956, -28.2131767273, 0.940029144287, 9.10059547424, -38.3443412781], [-314.385681152, -33.4413261414, 89.9741516113, -4.20524215698, -33.4738731384, 56.8875808716, -17.2207050323, 138.583267212, 26.8034954071, 55.0406341553, 4.84265518188, -11.0065279007, 15.7470636368], [192.224151611, -39.7597427368, -76.7765960693, 16.9207611084, 28.663684845, -36.512966156, 62.2610816956, 26.8034954071, 150.399810791, 38.4513931274, 0.49734249711, -7.27210760117, -44.4145774841], [-217.539459229, -15.4127597809, 54.8929290771, -14.684252739, -39.3224411011, 35.6036872864, -28.2131767273, 55.0406341553, 38.4513931274, 94.6548538208, 26.4395465851, -8.06520462036, 6.03489017487], [-39.4810791016, 29.6916923523, -15.2889757156, -21.1779022217, 3.20463132858, -17.046245575, 0.940029144287, 4.84265518188, 0.49734249711, 26.4395465851, 64.5518341064, 33.373916626, 18.2939586639], [-34.8935470581, -30.7995243073, 21.7836837769, 21.0203018188, -23.1205101013, -3.61564421654, 9.10059547424, -11.0065279007, -7.27210760117, -8.06520462036, 33.373916626, 78.3511505127, 35.3539581299], [-112.332214355, 65.222869873, 33.2356719971, -43.78515625, -24.7903347015, 4.15295267105, -38.3443412781, 15.7470636368, -44.4145774841, 6.03489017487, 18.2939586639, 35.3539581299, 88.2391586304]], "icov": [[0.000128657062305, -0.000383656501072, 0.000962591147982, -0.000698667543475, 7.55283763283e-05, 0.000227192096645, 9.05453925952e-05, -0.000450763531262, 0.000680614146404, -0.00085698167095, 0.00101609667763, -0.000853540434036, 0.000400949240429], [-0.000383656501072, 0.00417796662077, -0.00789214577526, 0.0085410438478, -0.00470623094589, 0.00246496777982, -0.00227184360847, 0.00303387152962, -0.00224988511764, 0.00218439404853, -0.002276269719, 0.00224523548968, -0.00104220595676], [0.000962591147982, -0.00789214577526, 0.0246893148869, -0.0268845576793, 0.01938547194, -0.0125491265208, 0.00850130803883, -0.00571633782238, 0.000730507832486, 0.00336587638594, -0.00582771468908, 0.00670664664358, -0.00617087958381], [-0.000698667543475, 0.0085410438478, -0.0268845576793, 0.0408622510731, -0.0352049507201, 0.0251087620854, -0.0124639011919, -0.000328269321471, 0.0140362167731, -0.0248353686184, 0.0322443582118, -0.0332648418844, 0.0221763383597], [7.55283763283e-05, -0.00470623094589, 0.01938547194, -0.0352049507201, 0.0468429289758, -0.0351833067834, 0.0103429844603, 0.009296647273, -0.0296760126948, 0.0474075339735, -0.0556644760072, 0.0548987127841, -0.0321790128946], [0.000227192096645, 0.00246496777982, -0.0125491265208, 0.0251087620854, -0.0351833067834, 0.0368379093707, -0.0113595314324, -0.0115848248824, 0.0313081294298, -0.0462860316038, 0.0523226931691, -0.0481969490647, 0.0285532176495], [9.05453925952e-05, -0.00227184360847, 0.00850130803883, -0.0124639011919, 0.0103429844603, -0.0113595314324, 0.0142592042685, 0.000780317408498, -0.0107060112059, 0.0150248603895, -0.0146212875843, 0.0104459561408, -0.00566506478935], [-0.000450763531262, 0.00303387152962, -0.00571633782238, -0.000328269321471, 0.009296647273, -0.0115848248824, 0.000780317408498, 0.0189753677696, -0.0174311846495, 0.0167196709663, -0.0229869466275, 0.0244079083204, -0.0156472641975], [0.000680614146404, -0.00224988511764, 0.000730507832486, 0.0140362167731, -0.0296760126948, 0.0313081294298, -0.0107060112059, -0.0174311846495, 0.0468426793814, -0.0567404963076, 0.0590771920979, -0.055694360286, 0.0353919304907], [-0.00085698167095, 0.00218439404853, 0.00336587638594, -0.0248353686184, 0.0474075339735, -0.0462860316038, 0.0150248603895, 0.0167196709663, -0.0567404963076, 0.094193816185, -0.0932065397501, 0.0837731063366, -0.0464971624315], [0.00101609667763, -0.002276269719, -0.00582771468908, 0.0322443582118, -0.0556644760072, 0.0523226931691, -0.0146212875843, -0.0229869466275, 0.0590771920979, -0.0932065397501, 0.120505720377, -0.102349564433, 0.0529530383646], [-0.000853540434036, 0.00224523548968, 0.00670664664358, -0.0332648418844, 0.0548987127841, -0.0481969490647, 0.0104459561408, 0.0244079083204, -0.055694360286, 0.0837731063366, -0.102349564433, 0.1110676229, -0.0609471313655], [0.000400949240429, -0.00104220595676, -0.00617087958381, 0.0221763383597, -0.0321790128946, 0.0285532176495, -0.00566506478935, -0.0156472641975, 0.0353919304907, -0.0464971624315, 0.0529530383646, -0.0609471313655, 0.0503233969212]], "mean": [-36.8760490417, 111.74017334, -93.8923034668, 12.6755552292, -28.9068870544, -18.8186569214, -14.1623067856, -14.6876850128, -5.66650724411, -8.90510940552, -7.24325275421, 5.82277393341, -10.493683815]}, "hfc": {"dmean": 5.84137487411, "dmean2": 7.71464204788, "dvar": 63.7549171448, "dvar2": 113.498603821, "max": 99.4275741577, "mean": 14.8964281082, "median": 10.9006567001, "min": 1.09166711355e-16, "var": 207.713180542}, "melbands": {"dmean": [0.00113365438301, 0.00160808127839, 0.000522734713741, 0.00077097536996, 0.000659459736198, 0.000586324080359, 0.000241046931478, 0.000199874935788, 8.52762677823e-05, 9.93020585156e-05, 7.72258281359e-05, 6.10481220065e-05, 4.00115168304e-05, 3.12988668156e-05, 2.90671669063e-05, 2.87036600639e-05, 2.21935533773e-05, 1.69996037584e-05, 1.71889842022e-05, 1.95152533706e-05, 1.43158767969e-05, 1.04361697595e-05, 9.81948778644e-06, 6.79492450217e-06, 5.39554457646e-06, 4.12378449255e-06, 2.99312250718e-06, 2.26560086958e-06, 1.53110715928e-06, 1.06118443455e-06, 8.43067311962e-07, 6.8430807687e-07, 5.8664613789e-07, 4.470578574e-07, 3.15017899766e-07, 1.97536294877e-07, 9.45125933072e-08, 4.1445868959e-08, 2.06060288832e-08, 1.56298121112e-08], "dmean2": [0.00186684844084, 0.00271272822283, 0.000884844979737, 0.00129998521879, 0.00107421446592, 0.000895624281839, 0.000383518723538, 0.000313044089125, 0.000135770649649, 0.000159882474691, 0.000122819255921, 9.65270592133e-05, 6.27453846391e-05, 4.97079563502e-05, 4.65274824819e-05, 4.52730928373e-05, 3.46046508639e-05, 2.67220602836e-05, 2.62241974269e-05, 2.94234978355e-05, 2.12387039937e-05, 1.58811890287e-05, 1.47359078255e-05, 1.00147954072e-05, 7.90311332821e-06, 5.97659436608e-06, 4.32983279097e-06, 3.21019479088e-06, 2.14113379116e-06, 1.46007403146e-06, 1.14066449441e-06, 9.14222482606e-07, 7.7893020034e-07, 5.92405115185e-07, 4.12653719195e-07, 2.60164597421e-07, 1.28813667288e-07, 5.96865490365e-08, 3.30758531675e-08, 2.62163304399e-08], "dvar": [3.19476612276e-06, 6.76999570715e-06, 7.19924628356e-07, 1.59545948009e-06, 1.2879007727e-06, 2.44715465669e-06, 3.26314477661e-07, 3.1468377415e-07, 3.6401686998e-08, 4.07769675803e-08, 2.79023755212e-08, 1.49776351321e-08, 7.5211987749e-09, 4.83578110888e-09, 3.68237174087e-09, 3.67450181393e-09, 2.39045605532e-09, 1.12644060746e-09, 1.05829489616e-09, 1.75418757298e-09, 8.83421835685e-10, 4.75183614679e-10, 3.12203762842e-10, 1.58984450604e-10, 1.03174482846e-10, 6.29707327948e-11, 5.63707934498e-11, 2.40294364268e-11, 2.02274984956e-11, 5.34211563874e-12, 3.31189567958e-12, 2.11882876695e-12, 1.59306031908e-12, 6.9465234346e-13, 2.89423812607e-13, 1.19805248079e-13, 2.81398846282e-14, 4.73233919499e-15, 1.09263459723e-15, 7.3644199632e-16], "dvar2": [8.36538856674e-06, 1.74836732185e-05, 1.93741379917e-06, 4.7341991376e-06, 3.23627955368e-06, 5.04029367221e-06, 7.79072479418e-07, 6.95895835179e-07, 8.49131893688e-08, 1.01740766922e-07, 7.05164140413e-08, 3.60430085777e-08, 1.82354664702e-08, 1.25699823883e-08, 9.31293797635e-09, 9.02427199634e-09, 5.41195488424e-09, 2.74341438455e-09, 2.4767714546e-09, 4.09445188865e-09, 1.95710025963e-09, 1.11484588228e-09, 7.23718029949e-10, 3.54786588996e-10, 2.27033628009e-10, 1.3355896944e-10, 1.24355151176e-10, 5.13853369577e-11, 4.46759469697e-11, 1.02923260192e-11, 6.09594536308e-12, 4.09697579681e-12, 3.2230145202e-12, 1.39174316603e-12, 5.4799339979e-13, 2.36965530748e-13, 5.85830212466e-14, 1.04306271397e-14, 2.6828193123e-15, 1.86561272446e-15], "max": [0.0236892346293, 0.0232509896159, 0.0131254540756, 0.020716579631, 0.0288202073425, 0.0428218953311, 0.0215716101229, 0.0218713544309, 0.00483474833891, 0.00484596053138, 0.0040410044603, 0.0024912878871, 0.00261619803496, 0.00152326619718, 0.00105750747025, 0.000835429120343, 0.00212186481804, 0.000505482545123, 0.000493607483804, 0.000521727022715, 0.000667182379402, 0.000757915549912, 0.000256581406575, 0.00025048252428, 0.000174350847374, 0.000226979100262, 0.000260342436377, 0.000181835130206, 0.000241952569922, 9.89475302049e-05, 9.25826534512e-05, 6.81507954141e-05, 6.7033470259e-05, 2.01318889594e-05, 9.69208394963e-06, 6.92392632118e-06, 3.9653168642e-06, 1.85058877378e-06, 5.6363268186e-07, 4.20454938421e-07], "mean": [0.00150056555867, 0.00192356843036, 0.000745491648559, 0.00118137744721, 0.00109104230069, 0.000891194271389, 0.000392564397771, 0.000313027674565, 0.000125074235257, 0.000136500806548, 0.00010680394189, 8.68813876878e-05, 5.91687530687e-05, 4.63683500129e-05, 4.15245303884e-05, 3.91704379581e-05, 3.08820599457e-05, 2.48070628004e-05, 2.45349510806e-05, 2.4866863896e-05, 1.97287245101e-05, 1.53313467308e-05, 1.41657410495e-05, 1.01703290056e-05, 7.91322054283e-06, 6.02536056249e-06, 4.25567986895e-06, 3.23591871165e-06, 2.17841852646e-06, 1.52013308252e-06, 1.20161223549e-06, 9.69411303231e-07, 8.18468208763e-07, 6.30826491488e-07, 4.49151968951e-07, 2.80395425989e-07, 1.34055952117e-07, 5.68048932337e-08, 2.32094610197e-08, 1.4512576918e-08], "median": [0.000878750812262, 0.000805380346719, 0.000428006751463, 0.000629923539236, 0.000559312931728, 0.000279811560176, 0.000140740710776, 8.24495655252e-05, 4.7748479119e-05, 5.48988900846e-05, 3.47082022927e-05, 2.76945611404e-05, 2.26248903346e-05, 1.77527053893e-05, 1.52793472807e-05, 1.11683966679e-05, 8.23300069897e-06, 7.98324981588e-06, 8.71346128406e-06, 7.41985149944e-06, 6.16282022747e-06, 5.7201295931e-06, 5.76301090405e-06, 4.01737361244e-06, 3.06990705212e-06, 2.31695321418e-06, 1.45055935263e-06, 1.12910902317e-06, 7.18908836461e-07, 4.77025707823e-07, 3.6274045101e-07, 2.85026345637e-07, 2.30391037803e-07, 1.80525262294e-07, 1.36392117156e-07, 8.99927385944e-08, 4.97116658948e-08, 2.42139481799e-08, 9.82683268091e-09, 4.10018419217e-09], "min": [7.87027148743e-25, 3.58582404267e-24, 4.50013197562e-24, 3.840944026e-24, 3.45271323124e-24, 3.00952269443e-24, 2.25637963606e-24, 5.18292855998e-24, 4.4620753534e-24, 7.38639022323e-24, 4.9131925618e-24, 3.22800087758e-24, 4.55920266906e-24, 4.39507660786e-24, 2.50986194416e-24, 3.88170959657e-24, 5.25267056932e-24, 3.84089077789e-24, 5.00373683321e-24, 5.92058174283e-24, 5.81818759733e-24, 5.79035500688e-24, 5.20285636974e-24, 5.30526984233e-24, 5.37052007767e-24, 5.43828086285e-24, 7.0910430669e-24, 6.45802557781e-24, 4.980780192e-24, 7.07885279933e-24, 7.62537800105e-24, 7.46886799746e-24, 8.45252074828e-24, 6.20937504276e-24, 7.92719618339e-24, 5.52809504349e-24, 6.92155077939e-24, 6.86122974141e-24, 7.59841552417e-24, 6.71379558253e-24], "var": [3.84336362913e-06, 8.26140694699e-06, 9.32055684189e-07, 2.65744461103e-06, 3.02042076328e-06, 5.00873511555e-06, 6.23735786576e-07, 8.77769878116e-07, 6.00279577156e-08, 5.8950256232e-08, 4.16452721197e-08, 2.48617233467e-08, 1.19143983568e-08, 7.42969286094e-09, 5.1498649789e-09, 5.22534993053e-09, 3.84101328521e-09, 1.70625291673e-09, 1.64311986239e-09, 2.24570229079e-09, 1.37579603265e-09, 7.91986087822e-10, 5.15564868575e-10, 2.85073326056e-10, 1.76326300783e-10, 1.09239423063e-10, 9.23688972532e-11, 4.39358584237e-11, 3.58560507674e-11, 1.2310773928e-11, 8.21412902974e-12, 4.62608120214e-12, 3.01458575984e-12, 1.29620110218e-12, 5.64828999544e-13, 2.15995569954e-13, 4.73840090158e-14, 8.21230375505e-15, 1.34889912147e-15, 7.68093817614e-16]}, "melbands_crest": {"dmean": 4.44912195206, "dmean2": 7.42505741119, "dvar": 12.856508255, "dvar2": 34.9275665283, "max": 36.9866981506, "mean": 15.2854576111, "median": 14.3747806549, "min": 1.00416231155, "var": 30.4868354797}, "melbands_flatness_db": {"dmean": 0.0371474474669, "dmean2": 0.0558948144317, "dvar": 0.00101223005913, "dvar2": 0.00221156026237, "max": 0.561898350716, "mean": 0.25430008769, "median": 0.247641891241, "min": -9.49151583995e-08, "var": 0.00417472654954}, "melbands_kurtosis": {"dmean": 9.05979061127, "dmean2": 14.7519454956, "dvar": 164.641921997, "dvar2": 410.398406982, "max": 277.23916626, "mean": 15.862859726, "median": 10.3997440338, "min": -1.70455026627, "var": 353.569000244}, "melbands_skewness": {"dmean": 0.891970038414, "dmean2": 1.42783498764, "dvar": 0.771543264389, "dvar2": 1.91759943962, "max": 13.0297384262, "mean": 2.76697611809, "median": 2.52578186989, "min": -1.99065494537, "var": 2.08723402023}, "melbands_spread": {"dmean": 5.24571943283, "dmean2": 8.18487358093, "dvar": 45.6076507568, "dvar2": 104.358436584, "max": 254.660369873, "mean": 13.783241272, "median": 11.1629543304, "min": 0.479126930237, "var": 152.361114502}, "mfcc": {"cov": [[11247.4257812, 660.77722168, -1436.5949707, 488.581695557, -416.029602051, 312.632720947, -308.893127441, 322.309631348, -202.799972534, 218.815628052, -127.7239151, 49.9610328674, -134.206848145], [660.77722168, 1023.72131348, -7.33859205246, -85.3081741333, -3.40561389923, -68.9030761719, -1.46879196167, -73.0290756226, -20.1975727081, -59.7151985168, -1.39918589592, -37.1540641785, -6.81913757324], [-1436.5949707, -7.33859205246, 587.494140625, -9.77558326721, 78.7863616943, -52.5810165405, 50.7040939331, -60.3689193726, 39.7313079834, -41.2778701782, 10.7580184937, -25.0613193512, 25.1412181854], [488.581695557, -85.3081741333, -9.77558326721, 278.442749023, 5.97274065018, 67.6555328369, -20.4847774506, 74.8679580688, -24.3973236084, 33.9545211792, -26.3259048462, 17.7244663239, -11.8673439026], [-416.029602051, -3.40561389923, 78.7863616943, 5.97274065018, 159.753540039, 22.234085083, 46.9543075562, -12.3500585556, 25.0864925385, -15.3656187057, 23.5983943939, -5.23459720612, 6.61349248886], [312.632720947, -68.9030761719, -52.5810165405, 67.6555328369, 22.234085083, 167.572525024, 37.625377655, 57.8448982239, -4.53386306763, 27.3882884979, -16.6787166595, 6.30315303802, -13.3532457352], [-308.893127441, -1.46879196167, 50.7040939331, -20.4847774506, 46.9543075562, 37.625377655, 133.135162354, 18.4453868866, 11.1679325104, -35.1293296814, -4.50613260269, -9.5886631012, 11.9315271378], [322.309631348, -73.0290756226, -60.3689193726, 74.8679580688, -12.3500585556, 57.8448982239, 18.4453868866, 115.995315552, 13.9990358353, 22.7282123566, -19.4645690918, 18.7222557068, -0.202859312296], [-202.799972534, -20.1975727081, 39.7313079834, -24.3973236084, 25.0864925385, -4.53386306763, 11.1679325104, 13.9990358353, 87.0622558594, 34.9807090759, 28.0639247894, 3.67238640785, 11.2563524246], [218.815628052, -59.7151985168, -41.2778701782, 33.9545211792, -15.3656187057, 27.3882884979, -35.1293296814, 22.7282123566, 34.9807090759, 112.773117065, 51.7138175964, 21.093957901, -8.09693050385], [-127.7239151, -1.39918589592, 10.7580184937, -26.3259048462, 23.5983943939, -16.6787166595, -4.50613260269, -19.4645690918, 28.0639247894, 51.7138175964, 104.389884949, 25.3760108948, -0.620314538479], [49.9610328674, -37.1540641785, -25.0613193512, 17.7244663239, -5.23459720612, 6.30315303802, -9.5886631012, 18.7222557068, 3.67238640785, 21.093957901, 25.3760108948, 59.096988678, 19.6517314911], [-134.206848145, -6.81913757324, 25.1412181854, -11.8673439026, 6.61349248886, -13.3532457352, 11.9315271378, -0.202859312296, 11.2563524246, -8.09693050385, -0.620314538479, 19.6517314911, 59.2610855103]], "icov": [[0.000181406576303, -0.000160343930474, 0.000334681157256, -0.000215525942622, 0.00022168403666, -0.00019548657292, 0.000227786338655, -0.000217249937123, 0.000147154103615, -0.000133188499603, 1.36966427817e-05, 0.000130315500428, 2.61425793724e-06], [-0.000160343930474, 0.00121257861611, -0.000173271764652, 0.000253796461038, -0.000126449507661, 0.000351885071723, -0.000192656894797, 0.000579004408792, -0.00013840282918, 0.000637433025986, -0.000284973561065, 0.000382140482543, 1.85878234333e-05], [0.000334681157256, -0.000173271764652, 0.00282033695839, -0.0011091127526, -6.14704622421e-05, 0.000187324825674, -0.000314507720759, 0.000966192281339, -0.00104546826333, 0.000441236974439, -0.000116285955301, 0.000914689735509, -0.000610587012488], [-0.000215525942622, 0.000253796461038, -0.0011091127526, 0.00585919804871, -0.0017005847767, -0.000444736360805, 0.00111318414565, -0.00319486367516, 0.00283442670479, -0.00214422820136, 0.00167467689607, -0.00112531485502, 0.000598832324613], [0.00022168403666, -0.000126449507661, -6.14704622421e-05, -0.0017005847767, 0.00914738047868, -0.00232179323211, -0.00139464973472, 0.00167120364495, -0.00300356349908, 0.00329074379988, -0.00345210614614, 0.00117676076479, -0.000490705075208], [-0.00019548657292, 0.000351885071723, 0.000187324825674, -0.000444736360805, -0.00232179323211, 0.00987747497857, -0.00376010942273, -0.00207429938018, 0.00192599755246, -0.00435129413381, 0.00314058107324, -0.00124232203234, 0.00214847852476], [0.000227786338655, -0.000192656894797, -0.000314507720759, 0.00111318414565, -0.00139464973472, -0.00376010942273, 0.0121403876692, -0.00372584490106, -0.000718789058737, 0.00509897479787, -0.00293238786981, 0.00295380293392, -0.00247566052713], [-0.000217249937123, 0.000579004408792, 0.000966192281339, -0.00319486367516, 0.00167120364495, -0.00207429938018, -0.00372584490106, 0.0162725839764, -0.00537176849321, -0.000842014560476, 0.00409181276336, -0.00502719637007, 0.00129209819715], [0.000147154103615, -0.00013840282918, -0.00104546826333, 0.00283442670479, -0.00300356349908, 0.00192599755246, -0.000718789058737, -0.00537176849321, 0.0187045987695, -0.00773499766365, -0.00091641099425, 0.0026945725549, -0.00328885484487], [-0.000133188499603, 0.000637433025986, 0.000441236974439, -0.00214422820136, 0.00329074379988, -0.00435129413381, 0.00509897479787, -0.000842014560476, -0.00773499766365, 0.0206612683833, -0.0103880930692, 0.000494550680742, 0.000797384651378], [1.36966427817e-05, -0.000284973561065, -0.000116285955301, 0.00167467689607, -0.00345210614614, 0.00314058107324, -0.00293238786981, 0.00409181276336, -0.00091641099425, -0.0103880930692, 0.0195879731327, -0.00915690418333, 0.00407655909657], [0.000130315500428, 0.000382140482543, 0.000914689735509, -0.00112531485502, 0.00117676076479, -0.00124232203234, 0.00295380293392, -0.00502719637007, 0.0026945725549, 0.000494550680742, -0.00915690418333, 0.0272942949086, -0.0108887236565], [2.61425793724e-06, 1.85878234333e-05, -0.000610587012488, 0.000598832324613, -0.000490705075208, 0.00214847852476, -0.00247566052713, 0.00129209819715, -0.00328885484487, 0.000797384651378, 0.00407655909657, -0.0108887236565, 0.0226904023439]], "mean": [-692.254638672, 161.223983765, -7.12542963028, 37.8883285522, -0.728661239147, 9.89667797089, -8.67928504944, 8.4432849884, -7.82476615906, 1.74072885513, -5.4897108078, 1.21027195454, -1.06341946125]}, "pitch_salience": {"dmean": 0.0932583957911, "dmean2": 0.155029654503, "dvar": 0.00610717525706, "dvar2": 0.0166190173477, "max": 0.995982050896, "mean": 0.587911963463, "median": 0.601666212082, "min": 0.123354181647, "var": 0.0146766165271}, "silence_rate_20dB": {"dmean": 0, "dmean2": 0, "dvar": 0, "dvar2": 0, "max": 1, "mean": 1, "median": 1, "min": 1, "var": 0}, "silence_rate_30dB": {"dmean": 0.00322710769251, "dmean2": 0.00645508337766, "dvar": 0.00321623450145, "dvar2": 0.00748949684203, "max": 1, "mean": 0.996101081371, "median": 1, "min": 0, "var": 0.00388374854811}, "silence_rate_60dB": {"dmean": 0.0201694238931, "dmean2": 0.0403442718089, "dvar": 0.0197625886649, "dvar2": 0.0416740998626, "max": 1, "mean": 0.113336920738, "median": 0, "min": 0, "var": 0.100491002202}, "spectral_centroid": {"dmean": 246.537033081, "dmean2": 358.802947998, "dvar": 85690.5625, "dvar2": 166067.171875, "max": 11546.6738281, "mean": 913.303955078, "median": 772.894775391, "min": 162.590408325, "var": 403211}, "spectral_complexity": {"dmean": 4.39935445786, "dmean2": 5.80043029785, "dvar": 27.2968978882, "dvar2": 39.0160827637, "max": 54, "mean": 16.880613327, "median": 15, "min": 0, "var": 131.964096069}, "spectral_contrast_coeffs": {"dmean": [0.0589988157153, 0.0534498989582, 0.0389221422374, 0.0292059890926, 0.0221246983856, 0.0414887629449], "dmean2": [0.0972633287311, 0.0887945592403, 0.0644018352032, 0.0474105477333, 0.0350715629756, 0.0625781044364], "dvar": [0.00218093092553, 0.00179880578071, 0.000951026857365, 0.000535346451215, 0.000337558594765, 0.00131970562506], "dvar2": [0.00585213629529, 0.0047202501446, 0.00256230635568, 0.00138584896922, 0.000804745941423, 0.00279700756073], "max": [-0.281299054623, -0.402670562267, -0.580238461494, -0.616682112217, -0.644908189774, -0.490614205599], "mean": [-0.649525880814, -0.747250378132, -0.805663704872, -0.819781661034, -0.820938050747, -0.737964868546], "median": [-0.65077996254, -0.754516601562, -0.810463190079, -0.821725130081, -0.820499420166, -0.736019432545], "min": [-0.996168375015, -0.995792150497, -0.99417078495, -0.987075984478, -0.99079054594, -0.96153819561], "var": [0.00873085390776, 0.00620072102174, 0.00291264615953, 0.0020382408984, 0.00165147590451, 0.00424958392978]}, "spectral_contrast_valleys": {"dmean": [0.430620163679, 0.388785839081, 0.374545872211, 0.379648625851, 0.403900027275, 0.568662703037], "dmean2": [0.696333885193, 0.605785727501, 0.540455818176, 0.50946867466, 0.488210111856, 0.864178597927], "dvar": [0.134299591184, 0.109840109944, 0.121147051454, 0.134304299951, 0.157804623246, 0.242557540536], "dvar2": [0.306262135506, 0.228241160512, 0.216411605477, 0.209211230278, 0.249335020781, 0.607921779156], "max": [-5.29523229599, -4.6058883667, -5.09012794495, -5.49296283722, -5.75945472717, -9.17814731598], "mean": [-7.09744930267, -6.64800643921, -7.32282733917, -7.7920293808, -7.88432073593, -11.3991584778], "median": [-6.82365369797, -6.40701818466, -7.05584907532, -7.55532169342, -7.63046455383, -11.2096920013], "min": [-27.8907356262, -27.8644008636, -27.3423633575, -27.6407699585, -27.3002185822, -27.3545665741], "var": [1.9962143898, 2.0021173954, 2.06892848015, 2.10169053078, 1.98136758804, 1.40518391132]}, "spectral_decrease": {"dmean": 2.87522916587e-09, "dmean2": 4.48544179577e-09, "dvar": 1.14695416171e-17, "dvar2": 2.64364061727e-17, "max": 8.33261294159e-29, "mean": -7.3651564847e-09, "median": -6.3415139806e-09, "min": -4.98109571367e-08, "var": 3.36600437676e-17}, "spectral_energy": {"dmean": 0.0112258885056, "dmean2": 0.0174042787403, "dvar": 0.000174960747245, "dvar2": 0.000396133516915, "max": 0.194472149014, "mean": 0.0291489008814, "median": 0.0250729769468, "min": 9.85874809175e-21, "var": 0.00052663043607}, "spectral_energyband_high": {"dmean": 0.000168437967659, "dmean2": 0.000206531447475, "dvar": 9.57331280915e-08, "dvar2": 1.60388637482e-07, "max": 0.0122498180717, "mean": 0.000275580707239, "median": 0.000108510634163, "min": 7.23766072319e-21, "var": 2.50053091122e-07}, "spectral_energyband_low": {"dmean": 0.00702694803476, "dmean2": 0.0115928724408, "dvar": 9.4725350209e-05, "dvar2": 0.000243228118052, "max": 0.0907601714134, "mean": 0.0101710585877, "median": 0.00639484543353, "min": 2.64881411281e-23, "var": 0.00013146873971}, "spectral_energyband_middle_high": {"dmean": 0.00172828976065, "dmean2": 0.00237362505868, "dvar": 7.50922754378e-06, "dvar2": 1.50333025886e-05, "max": 0.0302496887743, "mean": 0.00353071209975, "median": 0.00189847475849, "min": 1.32928712036e-21, "var": 1.86007982848e-05}, "spectral_energyband_middle_low": {"dmean": 0.00662727048621, "dmean2": 0.0103520471603, "dvar": 8.71619340614e-05, "dvar2": 0.000207112956559, "max": 0.189175799489, "mean": 0.0153918294236, "median": 0.0112955458462, "min": 2.17039035796e-22, "var": 0.00025554394233}, "spectral_entropy": {"dmean": 0.247421368957, "dmean2": 0.354636132717, "dvar": 0.0607539080083, "dvar2": 0.123706705868, "max": 9.81565475464, "mean": 7.34751415253, "median": 7.4051322937, "min": 4.54350996017, "var": 0.239748567343}, "spectral_flux": {"dmean": 0.0252364315093, "dmean2": 0.0401364304125, "dvar": 0.000702648307197, "dvar2": 0.00163856591098, "max": 0.300124704838, "mean": 0.0929781794548, "median": 0.0916384086013, "min": 6.53223100611e-11, "var": 0.00236491975375}, "spectral_kurtosis": {"dmean": 2.6478228569, "dmean2": 4.02300882339, "dvar": 12.4598035812, "dvar2": 31.8090286255, "max": 80.7501068115, "mean": 10.0567951202, "median": 8.98054027557, "min": -1.25135421753, "var": 23.0484466553}, "spectral_rms": {"dmean": 0.000983488163911, "dmean2": 0.00148804695345, "dvar": 9.51059178078e-07, "dvar2": 2.03566128221e-06, "max": 0.0137742124498, "mean": 0.00482187839225, "median": 0.00494585093111, "min": 3.10133689563e-12, "var": 5.18752585776e-06}, "spectral_rolloff": {"dmean": 301.379730225, "dmean2": 497.501403809, "dvar": 255700.78125, "dvar2": 581252.125, "max": 19336.8164062, "mean": 785.779968262, "median": 516.796875, "min": 43.06640625, "var": 1263142}, "spectral_skewness": {"dmean": 0.309999167919, "dmean2": 0.441893100739, "dvar": 0.117074564099, "dvar2": 0.254824668169, "max": 7.28868722916, "mean": 2.10979557037, "median": 2.01503372192, "min": -0.0438432171941, "var": 0.348687261343}, "spectral_spread": {"dmean": 481385.4375, "dmean2": 726651.8125, "dvar": 414688051200, "dvar2": 864259080192, "max": 41965488, "mean": 3556153.25, "median": 3444291.25, "min": 1106201.875, "var": 2619778269180.0}, "spectral_strongpeak": {"dmean": 0.379493176937, "dmean2"