{"lowlevel": {"average_loudness": 0.734680712223, "barkbands": {"dmean": [0.000166363955941, 0.00195157714188, 0.00167337746825, 0.00111854856368, 0.00187596608885, 0.000871683529112, 0.000707124359906, 0.00132334034424, 0.00104686873965, 0.000715156667866, 0.000563585141208, 0.000598585407715, 0.000574290985242, 0.000302673695842, 0.000409400090575, 0.000248634285526, 0.000231216181419, 0.000138282484841, 9.68187741819e-05, 6.58274439047e-05, 6.15860626567e-05, 6.3545681769e-05, 6.35672113276e-05, 4.38068418589e-05, 1.55927900778e-05, 4.45414571004e-06, 3.55213217063e-07], "dmean2": [0.000261073699221, 0.00305983191356, 0.00298319477588, 0.00194706337061, 0.00319007714279, 0.00141722743865, 0.00111035001464, 0.00207534665242, 0.00164503837004, 0.00113376928493, 0.000919621845242, 0.00094443326816, 0.000913546653464, 0.000489121768624, 0.000646633910947, 0.000393201393308, 0.000355761236278, 0.000215088701225, 0.000148867766256, 9.96047820081e-05, 8.99466176634e-05, 9.10419985303e-05, 8.90859664651e-05, 6.25899847364e-05, 2.10664493352e-05, 6.18374360783e-06, 4.92073468195e-07], "dvar": [1.29543067828e-07, 1.3970393411e-05, 1.6315609173e-05, 5.47498393644e-06, 9.98225550575e-06, 2.91958053822e-06, 4.8016540859e-06, 1.87603127415e-05, 1.36936050694e-05, 3.95489951188e-06, 3.54297026206e-06, 2.85251007881e-06, 3.4374875213e-06, 8.71866177476e-07, 7.51077607219e-07, 3.25461257944e-07, 2.1725627164e-07, 7.46962882658e-08, 2.81241963052e-08, 1.60670623472e-08, 1.17716218995e-08, 2.10021440239e-08, 4.09276488256e-08, 4.33476436967e-08, 2.40965203346e-09, 1.35807920465e-10, 1.84799766635e-12], "dvar2": [2.93723047662e-07, 3.09177303279e-05, 4.61031704617e-05, 1.51106596604e-05, 2.73647310678e-05, 6.56678230371e-06, 9.751242942e-06, 4.18915697082e-05, 3.18817146763e-05, 9.35429034143e-06, 8.51221466291e-06, 6.63498622089e-06, 8.46290367917e-06, 2.13379644265e-06, 1.86245347322e-06, 7.87725014106e-07, 5.18206093147e-07, 1.7339678493e-07, 6.57919869695e-08, 3.75651687534e-08, 2.53455567645e-08, 4.25033093165e-08, 7.44051504853e-08, 8.56772501834e-08, 4.23968193886e-09, 2.43814468615e-10, 2.90575744889e-12], "max": [0.00534913036972, 0.034326184541, 0.0387534350157, 0.0239300243556, 0.0567444041371, 0.0429104343057, 0.0700314193964, 0.130085155368, 0.0942984670401, 0.0457275807858, 0.0464341118932, 0.0455406457186, 0.0693910866976, 0.02510837093, 0.0162543915212, 0.0148736387491, 0.0103171933442, 0.00687822746113, 0.00393105484545, 0.00327051430941, 0.00348997418769, 0.00604641437531, 0.00937506463379, 0.00777360796928, 0.00217163190246, 0.000508430239279, 5.87034555792e-05], "mean": [0.000193420491996, 0.00318489153869, 0.00196227640845, 0.00161579810083, 0.00351914297789, 0.00139977165964, 0.000979556934908, 0.00182450178545, 0.00150097766891, 0.00109518156387, 0.000804146693554, 0.000976542651188, 0.000917434284929, 0.000461236078991, 0.000686366285663, 0.000437113980297, 0.000443026976427, 0.000264604110271, 0.000205756179639, 0.000136541522807, 0.000125142294564, 0.000122584504425, 0.000122014571389, 8.41927176225e-05, 2.92254317174e-05, 7.39910183256e-06, 6.13580482423e-07], "median": [2.54975057032e-05, 0.00191249907948, 0.000962934747804, 0.00098911987152, 0.00258805975318, 0.000604180444498, 0.000269390875474, 0.000503729796037, 0.000380716664949, 0.000408825057093, 0.000207243734621, 0.000313488882966, 0.000297257676721, 0.000134239089675, 0.000291636330076, 0.000174552231329, 0.000183831652976, 0.0001224088046, 0.000105912433355, 6.21011422481e-05, 4.91548780701e-05, 4.05374739785e-05, 3.31122646458e-05, 1.67350590345e-05, 5.59179352422e-06, 9.42160966133e-07, 4.56329303233e-08], "min": [7.97233480439e-24, 1.3583911842e-23, 1.48333886298e-23, 3.69555522567e-23, 5.52979945636e-23, 3.09190371487e-23, 4.72399918315e-23, 3.78314150535e-23, 8.67852198233e-23, 4.0629381622e-23, 5.85141678524e-23, 1.12250022186e-22, 1.06035262379e-22, 1.27443218164e-22, 9.19757226313e-23, 2.41189842016e-22, 1.80100478759e-22, 2.61481995071e-22, 1.85219012209e-22, 4.09949252504e-22, 4.66476147208e-22, 3.07983338571e-22, 6.29418005132e-22, 8.34641898808e-22, 1.49383567969e-21, 1.70066839523e-21, 2.48879178492e-21], "var": [1.63102257034e-07, 1.94263902813e-05, 1.16139435704e-05, 5.07045342601e-06, 1.37187262226e-05, 6.96076540407e-06, 8.81563664734e-06, 3.19256287185e-05, 2.53369871643e-05, 6.76922172715e-06, 6.00343764745e-06, 5.47193985767e-06, 5.18820070283e-06, 1.40080032907e-06, 1.38586938192e-06, 7.01568865225e-07, 5.25109385308e-07, 1.73091720512e-07, 8.49501731182e-08, 4.2818346202e-08, 3.91727468241e-08, 6.34749852679e-08, 1.31129411329e-07, 1.31100776457e-07, 7.87593634755e-09, 3.81160991658e-10, 5.72437279869e-12]}, "barkbands_crest": {"dmean": 2.34246444702, "dmean2": 3.82177567482, "dvar": 4.91324949265, "dvar2": 12.7779397964, "max": 25.8284301758, "mean": 8.6320810318, "median": 7.87404727936, "min": 2.10646438599, "var": 12.9848670959}, "barkbands_flatness_db": {"dmean": 0.0219105351716, "dmean2": 0.0301882568747, "dvar": 0.000534578575753, "dvar2": 0.000948787259404, "max": 0.432314068079, "mean": 0.137922525406, "median": 0.1246201545, "min": 0.0158032253385, "var": 0.00357288005762}, "barkbands_kurtosis": {"dmean": 1.93660926819, "dmean2": 3.07920074463, "dvar": 9.86230659485, "dvar2": 23.213640213, "max": 63.7742881775, "mean": 2.36853289604, "median": 0.827985525131, "min": -1.9161863327, "var": 22.3554725647}, "barkbands_skewness": {"dmean": 0.473032861948, "dmean2": 0.726127028465, "dvar": 0.244392126799, "dvar2": 0.55070233345, "max": 6.77345848083, "mean": 1.17623400688, "median": 1.09642875195, "min": -2.9760427475, "var": 0.971385419369}, "barkbands_spread": {"dmean": 4.99134492874, "dmean2": 7.44324159622, "dvar": 32.2414283752, "dvar2": 67.9260253906, "max": 119.603515625, "mean": 21.6861991882, "median": 19.6152515411, "min": 0.523513138294, "var": 188.834732056}, "dissonance": {"dmean": 0.0176057368517, "dmean2": 0.0291961953044, "dvar": 0.000330112554366, "dvar2": 0.000873238255735, "max": 0.5, "mean": 0.468498140574, "median": 0.476193517447, "min": 0.252491384745, "var": 0.00074260099791}, "dynamic_complexity": 4.13714742661, "erbbands": {"dmean": [0.0785408765078, 0.412156164646, 1.53000044823, 3.285353899, 5.49898815155, 6.17529058456, 7.54687643051, 6.99375009537, 8.60926532745, 15.2103691101, 31.4770240784, 24.8349475861, 16.1978931427, 23.7780914307, 22.6307792664, 24.482711792, 24.3157100677, 16.0940742493, 21.7806434631, 16.2810840607, 10.3542404175, 12.2112150192, 7.87445449829, 5.72867488861, 4.37303447723, 3.01895070076, 2.90530610085, 1.9147310257, 2.163210392, 2.36593294144, 1.72284710407, 1.27208971977, 0.573236107826, 0.233711346984, 0.0811823606491, 0.0307071097195, 0.00592362741008, 0.000746635836549, 5.93925760768e-05, 1.10638557089e-05], "dmean2": [0.123156987131, 0.676361143589, 2.72611474991, 5.73660612106, 9.40266799927, 10.5923786163, 12.3378543854, 11.3843383789, 13.8081245422, 23.2816200256, 49.2726593018, 38.7721252441, 25.6392345428, 37.2272338867, 36.3774986267, 38.689491272, 37.9680976868, 25.4231643677, 34.1503067017, 25.0780982971, 15.7669754028, 18.7106437683, 12.0822048187, 8.74258804321, 6.70261764526, 4.51507806778, 4.28340864182, 2.75585722923, 3.08330774307, 3.35956740379, 2.38014221191, 1.81462299824, 0.805901527405, 0.322861433029, 0.110769577324, 0.0421365723014, 0.00827030837536, 0.00104776001535, 8.15290113678e-05, 1.6015213987e-05], "dvar": [0.025751940906, 0.673025965691, 13.64412117, 54.0447654724, 99.4964447021, 122.279815674, 208.931304932, 227.621368408, 626.481201172, 2650.45922852, 12810.0253906, 8127.64599609, 2003.86425781, 4960.43457031, 5346.05957031, 4712.56103516, 6905.94970703, 2530.16943359, 2111.84130859, 1424.8885498, 560.974060059, 666.985534668, 250.816940308, 110.752548218, 66.2697677612, 34.47473526, 25.5370311737, 11.7364349365, 19.6646175385, 40.7538948059, 37.3507041931, 35.9716033936, 6.74259185791, 0.756162583828, 0.0530449748039, 0.00741075910628, 0.000207495424547, 4.6430486691e-06, 3.60495349128e-08, 3.41929706771e-10], "dvar2": [0.057675153017, 1.65823030472, 38.6007957458, 149.676010132, 264.21987915, 344.515075684, 510.050628662, 511.134002686, 1300.63098145, 5527.421875, 29835.703125, 19326.1679688, 4718.48095703, 11589.4453125, 12767.171875, 11176.5878906, 16389.4941406, 6210.49365234, 5069.88867188, 3348.96166992, 1234.20715332, 1613.96191406, 567.055786133, 249.513946533, 157.374771118, 79.785118103, 57.2342033386, 25.1945075989, 40.7167892456, 76.5710983276, 67.886390686, 73.1078033447, 13.9334335327, 1.45301485062, 0.097929187119, 0.013028674759, 0.000385470397305, 7.3968722063e-06, 6.01809588829e-08, 6.32444485671e-10], "max": [1.59196448326, 7.16888666153, 37.0441894531, 72.6357879639, 165.936721802, 194.600769043, 362.672851563, 472.956573486, 950.656860352, 2048.01855469, 3606.67773438, 2820.39086914, 1315.64660645, 1572.89709473, 2962.10888672, 1644.47338867, 3391.17724609, 1440.43823242, 1408.02026367, 1079.01464844, 822.887939453, 628.213867188, 485.43536377, 292.011962891, 264.736602783, 180.244735718, 131.952728271, 108.548072815, 183.904632568, 356.635559082, 296.00994873, 274.499633789, 134.525146484, 39.3446311951, 8.4236869812, 4.49397230148, 0.371409207582, 0.0786164924502, 0.00617756973952, 0.000625299056992], "mean": [0.110706038773, 0.649381101131, 1.89134585857, 4.48604154587, 9.5786447525, 10.7048511505, 12.3881111145, 10.8813381195, 12.1496095657, 23.0918865204, 44.003288269, 37.1930885315, 25.6716117859, 37.9604301453, 37.2007865906, 42.1241950989, 41.6416435242, 28.2323112488, 37.5963516235, 29.8251285553, 21.3364086151, 23.8783435822, 15.7646083832, 12.1321191788, 9.46780490875, 6.51880693436, 5.80939912796, 4.02520561218, 4.2572760582, 4.4123916626, 3.26486873627, 2.34765553474, 1.09038925171, 0.438155204058, 0.150355949998, 0.0522049590945, 0.00976683571935, 0.00128516822588, 0.000114059388579, 3.34726719302e-05], "median": [0.0460653118789, 0.441853374243, 1.04763925076, 3.13184165955, 6.38993692398, 7.41208791733, 6.09178590775, 4.40194749832, 4.19105672836, 6.35984945297, 12.6459159851, 9.88284778595, 10.9825496674, 13.0311527252, 12.4569139481, 14.9324598312, 13.4299545288, 10.710354805, 15.750497818, 12.0499582291, 9.30710029602, 9.97873973846, 7.40579414368, 6.23466253281, 4.86377573013, 3.04454112053, 2.61405801773, 1.49412631989, 1.45056641102, 1.32691991329, 0.840884327888, 0.482588887215, 0.21481347084, 0.0848565846682, 0.0281690061092, 0.00753170857206, 0.00112932024058, 0.000121562043205, 2.26727297559e-05, 2.31260364671e-05], "min": [2.83882161169e-22, 3.35809055211e-21, 1.0939545996e-20, 9.08484194961e-20, 1.97142730872e-19, 1.19723291352e-19, 2.55507690165e-19, 2.12349179813e-19, 6.03022990056e-19, 5.47695257027e-19, 1.12157191781e-18, 2.13759600306e-18, 1.40036445788e-18, 1.71044179589e-18, 2.89746065736e-18, 4.37024415748e-18, 4.28203858004e-18, 7.7514425186e-18, 3.28904340985e-18, 1.05508888908e-17, 1.1862479705e-17, 1.13164718447e-17, 1.59580577129e-17, 7.13965891038e-18, 1.09641690044e-17, 1.95759488432e-17, 2.47747260535e-17, 1.53924845496e-17, 9.9033768704e-18, 1.1596032422e-17, 1.75778130099e-17, 1.97578954907e-17, 1.31115158125e-17, 1.77120975105e-17, 9.93468896531e-18, 6.40078644566e-18, 3.24377657121e-18, 1.2861002096e-18, 3.17225470974e-19, 3.89893940484e-20], "var": [0.0329399071634, 0.773146271706, 9.89893054962, 41.9857559204, 145.523849487, 144.871963501, 454.270996094, 518.251708984, 1017.46142578, 5859.57470703, 20233.1835938, 15807.1279297, 3061.07885742, 9245.484375, 9494.078125, 8676.72753906, 11069.0244141, 4197.14257813, 4694.02880859, 2849.62719727, 1510.40600586, 1542.10998535, 596.399108887, 303.840911865, 186.251251221, 95.5431671143, 76.8921737671, 43.1357002258, 64.1558609009, 122.495605469, 114.110610962, 97.7777709961, 20.8807353973, 2.31026625633, 0.163989439607, 0.0214876011014, 0.000561590597499, 1.44279074448e-05, 1.14117618466e-07, 1.25804577866e-09]}, "erbbands_crest": {"dmean": 2.54415154457, "dmean2": 4.09878396988, "dvar": 6.58493614197, "dvar2": 15.6469049454, "max": 31.3763141632, "mean": 8.40223789215, "median": 7.30949783325, "min": 2.25134778023, "var": 17.4466571808}, "erbbands_flatness_db": {"dmean": 0.0218129828572, "dmean2": 0.028978286311, "dvar": 0.000582441512961, "dvar2": 0.000922159757465, "max": 0.406997561455, "mean": 0.177213534713, "median": 0.170146971941, "min": 0.0352193638682, "var": 0.0028564305976}, "erbbands_kurtosis": {"dmean": 0.845923662186, "dmean2": 1.30708253384, "dvar": 3.13955807686, "dvar2": 6.12910413742, "max": 79.0210418701, "mean": 0.425906002522, "median": -0.17579805851, "min": -1.83125829697, "var": 6.79152345657}, "erbbands_skewness": {"dmean": 0.341731280088, "dmean2": 0.520138978958, "dvar": 0.112919099629, "dvar2": 0.251157104969, "max": 7.28271102905, "mean": 0.186482846737, "median": 0.129329025745, "min": -3.49872779846, "var": 0.507050275803}, "erbbands_spread": {"dmean": 7.47579097748, "dmean2": 11.0694284439, "dvar": 71.3664321899, "dvar2": 142.872360229, "max": 151.279785156, "mean": 33.4336357117, "median": 30.9222049713, "min": 2.1614780426, "var": 259.701782227}, "gfcc": {"cov": [[17033.1582031, -323.333831787, -390.994812012, 651.145324707, -647.533325195, 526.514953613, -435.711517334, 211.383071899, -225.983261108, 145.044815063, -219.62940979, 160.814498901, -137.119628906], [-323.333831787, 2304.11401367, -315.186096191, -230.776107788, 579.147827148, -456.618865967, 313.967254639, -222.11857605, 138.321212769, -282.071258545, 181.558074951, -263.412109375, 131.21005249], [-390.994812012, -315.186096191, 909.668273926, 133.170623779, -132.1978302, 228.828826904, -13.7125043869, -2.5290722847, -54.5923233032, 91.095703125, -94.6632995605, 71.0726013184, -53.1432304382], [651.145324707, -230.776107788, 133.170623779, 384.053283691, -17.9456882477, 84.2874221802, -44.2265205383, 35.1920204163, 2.65178704262, 22.1231937408, -32.8326873779, 27.2255172729, -0.373925209045], [-647.533325195, 579.147827148, -132.1978302, -17.9456882477, 459.828857422, -115.001800537, 127.951026917, 4.08519792557, 81.9264602661, -61.3978118896, 47.2962303162, -67.2961196899, 35.1944618225], [526.514953613, -456.618865967, 228.828826904, 84.2874221802, -115.001800537, 328.820739746, -7.99364376068, 60.1764068604, -38.770816803, 77.235748291, -46.984790802, 59.7927284241, -45.3901977539], [-435.711517334, 313.967254639, -13.7125043869, -44.2265205383, 127.951026917, -7.99364376068, 198.966430664, -6.48428249359, 24.6559333801, -24.2375564575, 32.8367538452, -46.6672554016, 9.79967498779], [211.383071899, -222.11857605, -2.5290722847, 35.1920204163, 4.08519792557, 60.1764068604, -6.48428249359, 141.465774536, 44.5185585022, 42.8210868835, -14.2767782211, 24.9720993042, -16.5913887024], [-225.983261108, 138.321212769, -54.5923233032, 2.65178704262, 81.9264602661, -38.770816803, 24.6559333801, 44.5185585022, 123.246047974, 4.26998758316, 23.1028862, -23.9580287933, 17.2601299286], [145.044815063, -282.071258545, 91.095703125, 22.1231937408, -61.3978118896, 77.235748291, -24.2375564575, 42.8210868835, 4.26998758316, 114.526771545, -16.1554336548, 44.0265159607, -24.0934352875], [-219.62940979, 181.558074951, -94.6632995605, -32.8326873779, 47.2962303162, -46.984790802, 32.8367538452, -14.2767782211, 23.1028862, -16.1554336548, 96.5779724121, -9.51610374451, 22.3216152191], [160.814498901, -263.412109375, 71.0726013184, 27.2255172729, -67.2961196899, 59.7927284241, -46.6672554016, 24.9720993042, -23.9580287933, 44.0265159607, -9.51610374451, 94.3799285889, 2.36634325981], [-137.119628906, 131.21005249, -53.1432304382, -0.373925209045, 35.1944618225, -45.3901977539, 9.79967498779, -16.5913887024, 17.2601299286, -24.0934352875, 22.3216152191, 2.36634325981, 69.6519622803]], "icov": [[0.000111308254418, -0.000289646966849, 0.000205190415727, -0.000236721127294, 0.000243436428718, -0.000281246670056, 0.000285291258479, -0.000338754820405, 0.00030700842035, -0.000281184824416, 0.000315860495903, -0.000266587710939, 0.000227417593123], [-0.000289646966849, 0.00240673078224, -0.000855773454532, 0.000967419939116, -0.00155722838826, 0.00149295025039, -0.00169674050994, 0.00233420170844, -0.00167203915771, 0.00226523960009, -0.00192588521168, 0.00242465827614, -0.00146450684406], [0.000205190415727, -0.000855773454532, 0.00201974157244, -0.000851614226121, 0.000713060901035, -0.00135466060601, 0.000265068811132, 2.2550826543e-05, 0.000513497099746, -0.00137062103022, 0.00190306501463, -0.00158809497952, 0.00112019537482], [-0.000236721127294, 0.000967419939116, -0.000851614226121, 0.0035911758896, -0.000993884517811, 0.000112209825602, 4.02984915127e-06, 0.000528497621417, -0.00102585565764, 0.00114945170935, -0.000484495074488, 0.000981920165941, -0.00144455034751], [0.000243436428718, -0.00155722838826, 0.000713060901035, -0.000993884517811, 0.00435610767454, -0.000349980924511, -0.000597135163844, -0.00192760594655, -0.000157838439918, -0.000620423583314, 0.00113044749014, -0.00112160411663, 0.000647462380584], [-0.000281246670056, 0.00149295025039, -0.00135466060601, 0.000112209825602, -0.000349980924511, 0.00620581815019, -0.0024091033265, -0.000150591004058, 3.75491399609e-05, 0.000188657781109, -0.00081428384874, 0.000129717562231, 0.000437510956544], [0.000285291258479, -0.00169674050994, 0.000265068811132, 4.02984915127e-06, -0.000597135163844, -0.0024091033265, 0.00862298812717, -0.00198584282771, 0.00160784437321, -0.00157353770919, -0.000543023925275, 0.00154999492224, 0.000184376534889], [-0.000338754820405, 0.00233420170844, 2.2550826543e-05, 0.000528497621417, -0.00192760594655, -0.000150591004058, -0.00198584282771, 0.0134135736153, -0.00680947815999, 0.000542752968613, -8.42008230393e-05, -0.000908924499527, 0.00123946391977], [0.00030700842035, -0.00167203915771, 0.000513497099746, -0.00102585565764, -0.000157838439918, 3.75491399609e-05, 0.00160784437321, -0.00680947815999, 0.0141949476674, -0.00411108974367, -0.000724953191821, 0.00268813944422, -0.00240224343725], [-0.000281184824416, 0.00226523960009, -0.00137062103022, 0.00114945170935, -0.000620423583314, 0.000188657781109, -0.00157353770919, 0.000542752968613, -0.00411108974367, 0.0159096140414, -0.00196228548884, -0.00269903521985, 0.00216935342178], [0.000315860495903, -0.00192588521168, 0.00190306501463, -0.000484495074488, 0.00113044749014, -0.00081428384874, -0.000543023925275, -8.42008230393e-05, -0.000724953191821, -0.00196228548884, 0.0152187682688, -0.00385028170422, -0.000591847521719], [-0.000266587710939, 0.00242465827614, -0.00158809497952, 0.000981920165941, -0.00112160411663, 0.000129717562231, 0.00154999492224, -0.000908924499527, 0.00268813944422, -0.00269903521985, -0.00385028170422, 0.0205869339406, -0.00714737642556], [0.000227417593123, -0.00146450684406, 0.00112019537482, -0.00144455034751, 0.000647462380584, 0.000437510956544, 0.000184376534889, 0.00123946391977, -0.00240224343725, 0.00216935342178, -0.000591847521719, -0.00714737642556, 0.0204160176218]], "mean": [-37.3174209595, 119.396720886, -134.582595825, 32.3553466797, -54.9035987854, 15.9011030197, -32.7289047241, 1.50535142422, -18.584274292, -7.15056753159, -11.6102981567, -5.91994333267, -7.86508464813]}, "hfc": {"dmean": 5.12168216705, "dmean2": 6.87184000015, "dvar": 57.83959198, "dvar2": 105.681999207, "max": 185.583267212, "mean": 17.8846111298, "median": 11.9692077637, "min": 1.18301783021e-16, "var": 339.308532715}, "melbands": {"dmean": [0.000596866884734, 0.000686084444169, 0.000595044868533, 0.000434734713053, 0.000251904129982, 0.00015638214245, 0.000133095221827, 0.000185033291928, 0.00025954269222, 0.000148275648826, 8.47679621074e-05, 0.000102443627839, 7.75880980655e-05, 7.30850370019e-05, 5.93379663769e-05, 5.29498829565e-05, 2.96040925605e-05, 3.67261163774e-05, 2.51481760642e-05, 2.19145749725e-05, 1.22590054161e-05, 1.4261619981e-05, 9.56213352765e-06, 6.92815137882e-06, 4.88657224196e-06, 3.75577519662e-06, 2.84755628854e-06, 2.04554271477e-06, 1.9362880721e-06, 1.8446219201e-06, 1.04740729512e-06, 1.26767929487e-06, 1.51788810854e-06, 1.2801539242e-06, 1.00485431176e-06, 1.02594469809e-06, 7.24157018794e-07, 4.49250165957e-07, 2.94251691457e-07, 1.73258897007e-07], "dmean2": [0.000927411252633, 0.00118673802353, 0.0010291953804, 0.00074923504144, 0.000414074544096, 0.000253266684012, 0.000210806130781, 0.000281673885183, 0.000403660407756, 0.00023476286151, 0.000135169466375, 0.000160523064551, 0.000125636070152, 0.000115316957817, 9.15674463613e-05, 8.46555558383e-05, 4.75036176795e-05, 5.7621007727e-05, 3.9815720811e-05, 3.44790278177e-05, 1.88844678632e-05, 2.20783203986e-05, 1.4935373656e-05, 1.09477487058e-05, 7.62777153795e-06, 5.91874368183e-06, 4.3929480853e-06, 3.12015595227e-06, 2.92093250209e-06, 2.80203335024e-06, 1.5613704818e-06, 1.87118462236e-06, 2.2266178803e-06, 1.83902955087e-06, 1.41446025737e-06, 1.49976051489e-06, 1.06820039036e-06, 6.50470724395e-07, 4.18963793436e-07, 2.45818426947e-07], "dvar": [1.36295795983e-06, 2.49910954153e-06, 1.54371207373e-06, 6.1159607867e-07, 1.94960833255e-07, 1.03498528858e-07, 1.52232232153e-07, 3.56256123268e-07, 9.02585611584e-07, 3.06399755345e-07, 5.75270107106e-08, 8.95321434768e-08, 6.41329549467e-08, 4.67667184978e-08, 3.47703199566e-08, 3.01766078792e-08, 9.26906462695e-09, 6.62670940343e-09, 3.72376618429e-09, 2.50533882529e-09, 9.17501741249e-10, 9.60754253931e-10, 3.55735441104e-10, 2.05273145704e-10, 8.48330364289e-11, 3.9795822887e-11, 3.93877951088e-11, 1.59687853218e-11, 1.14503710333e-11, 1.35167996587e-11, 4.1982862499e-12, 6.52500232665e-12, 1.44637374994e-11, 1.24046137945e-11, 1.29220696643e-11, 1.58995004662e-11, 1.40267953502e-11, 4.23875561387e-12, 2.27294702157e-12, 3.44056001137e-13], "dvar2": [2.98469331028e-06, 6.88506452207e-06, 4.25843245466e-06, 1.70389387222e-06, 4.86283965984e-07, 2.31389790883e-07, 3.12244964107e-07, 7.40986479286e-07, 2.08628875953e-06, 7.38084850127e-07, 1.3505342622e-07, 2.10857137972e-07, 1.54625610094e-07, 1.10738795911e-07, 7.77981412625e-08, 7.76150983484e-08, 2.28151257886e-08, 1.56986850186e-08, 9.22429510553e-09, 6.04467054188e-09, 2.14569895185e-09, 2.32351271556e-09, 8.41199832013e-10, 4.81619577553e-10, 1.9735905965e-10, 9.96419821653e-11, 9.43254432895e-11, 3.78224812581e-11, 2.66627952356e-11, 3.28844972086e-11, 1.01530511429e-11, 1.50622674056e-11, 2.97272415017e-11, 2.32064228944e-11, 2.44420924472e-11, 3.27382981835e-11, 3.00230292016e-11, 9.26468363832e-12, 4.99208617152e-12, 6.77390598041e-13], "max": [0.0116116777062, 0.0162045080215, 0.013097025454, 0.0147303212434, 0.00973184593022, 0.00916510913521, 0.0141921332106, 0.0198304504156, 0.0279211252928, 0.0160974022001, 0.00636908458546, 0.00646814191714, 0.00730313919485, 0.00650307908654, 0.00622078822926, 0.0056647346355, 0.00319358380511, 0.00296185561456, 0.00142592121847, 0.00107205775566, 0.00107776117511, 0.000830439908896, 0.0004322527966, 0.000334998592734, 0.000237590327743, 0.000130758635351, 0.000217238688492, 0.000121483084513, 7.9591787653e-05, 0.000155064612045, 6.75806804793e-05, 9.69504471868e-05, 0.000158240480232, 0.000186662422493, 0.000173208827619, 0.000160360068548, 0.000162686963449, 7.99013578217e-05, 9.62118865573e-05, 2.90509269689e-05], "mean": [0.000930406269617, 0.000963399128523, 0.000907932117116, 0.000785387004726, 0.000431203545304, 0.000244085269514, 0.000187962898053, 0.000277222978184, 0.000358843535651, 0.000217029111809, 0.000127284467453, 0.000157397400471, 0.00011824426474, 0.000118059302622, 9.75094953901e-05, 8.3195795014e-05, 4.65014381916e-05, 5.98793085373e-05, 4.21417535108e-05, 3.7882662582e-05, 2.23026909225e-05, 2.63081728917e-05, 1.73236585397e-05, 1.25844371723e-05, 9.44298426475e-06, 7.41905068935e-06, 5.61106708119e-06, 3.98912652599e-06, 3.56509667654e-06, 3.32523563884e-06, 1.99952114599e-06, 2.32849151871e-06, 2.64907453129e-06, 2.28955423154e-06, 1.8165817437e-06, 1.81313635039e-06, 1.28251031128e-06, 8.1597403323e-07, 5.29511567038e-07, 3.08176254293e-07], "median": [0.000499550369568, 0.000623320287559, 0.000648948771413, 0.00054680154426, 0.000243122456595, 0.000100725643279, 6.16244506091e-05, 7.77506647864e-05, 9.70954279182e-05, 5.54732469027e-05, 5.25182113051e-05, 5.10949175805e-05, 3.40631522704e-05, 3.97452422476e-05, 3.31093251589e-05, 2.61945497186e-05, 1.55367451953e-05, 2.32022175624e-05, 1.65533965628e-05, 1.48365488712e-05, 8.94070308277e-06, 1.04593864307e-05, 7.84427174949e-06, 5.51019547856e-06, 4.59794955532e-06, 3.73229681827e-06, 2.54017732004e-06, 1.69924248894e-06, 1.58838247444e-06, 1.14228828352e-06, 7.09786718289e-07, 7.62061745263e-07, 7.90730950939e-07, 6.52759638342e-07, 4.70176587442e-07, 3.83348606192e-07, 2.50604927032e-07, 1.61014341415e-07, 9.1872564667e-08, 5.94971716339e-08], "min": [3.39656487302e-24, 5.79308683219e-24, 1.79400490923e-23, 1.31753063478e-23, 7.31043711756e-24, 5.38520275127e-24, 9.30155675221e-24, 5.79165544408e-24, 9.72284397434e-24, 1.36822859524e-23, 6.65427287178e-24, 6.79399354873e-24, 9.25305206173e-24, 1.36178486382e-23, 7.52994397532e-24, 1.1905611055e-23, 1.48690908967e-23, 4.8983505383e-24, 9.36994468181e-24, 1.4353043336e-23, 1.43914466626e-23, 1.13022902347e-23, 1.31100951611e-23, 1.25665281878e-23, 4.54237863254e-24, 8.7802198792e-24, 5.67397751297e-24, 1.57843115417e-23, 1.75639407231e-23, 1.08765364821e-23, 8.96219510167e-24, 5.43141580082e-24, 6.05974035639e-24, 6.72451225792e-24, 8.4583054653e-24, 1.45128902212e-23, 1.12977187858e-23, 1.02154379114e-23, 8.53133110816e-24, 1.72484263377e-23], "var": [1.86248382761e-06, 2.04965840567e-06, 1.3478161236e-06, 7.81949097473e-07, 4.0947034563e-07, 2.38947620801e-07, 2.60162664745e-07, 7.74366924361e-07, 1.43684906107e-06, 5.64956451399e-07, 8.29848261219e-08, 1.6627585353e-07, 1.15819709379e-07, 8.21314785071e-08, 6.13920647652e-08, 4.24545412159e-08, 1.38601619071e-08, 1.42522074142e-08, 6.27205443138e-09, 5.03633224014e-09, 1.93718330266e-09, 2.14960138578e-09, 7.34822480641e-10, 4.34655589299e-10, 2.07201950042e-10, 1.04687862545e-10, 8.82959053095e-11, 3.99085590963e-11, 3.01329829144e-11, 3.35210574576e-11, 1.22572698519e-11, 1.84880548371e-11, 3.79701478592e-11, 3.72332269183e-11, 3.62591970338e-11, 4.36794697634e-11, 3.51935043608e-11, 1.15531638076e-11, 6.13680981032e-12, 8.99943964836e-13]}, "melbands_crest": {"dmean": 2.99701571465, "dmean2": 4.87249183655, "dvar": 8.53013420105, "dvar2": 21.0662002563, "max": 34.0572662354, "mean": 12.0724248886, "median": 11.1440429688, "min": 1.78163230419, "var": 21.8266124725}, "melbands_flatness_db": {"dmean": 0.0266151838005, "dmean2": 0.0372243970633, "dvar": 0.000807049451396, "dvar2": 0.00151144526899, "max": 0.563062131405, "mean": 0.198158696294, "median": 0.183848917484, "min": 0.00593547336757, "var": 0.00596069544554}, "melbands_kurtosis": {"dmean": 4.55555438995, "dmean2": 7.14597034454, "dvar": 55.9098320007, "dvar2": 123.843582153, "max": 149.435882568, "mean": 8.13749217987, "median": 4.66042852402, "min": -1.85269403458, "var": 127.696922302}, "melbands_skewness": {"dmean": 0.623228907585, "dmean2": 0.954391539097, "dvar": 0.447790682316, "dvar2": 0.965825259686, "max": 10.4944896698, "mean": 2.09087824821, "median": 1.94821488857, "min": -1.5172201395, "var": 1.73022019863}, "melbands_spread": {"dmean": 6.70325756073, "dmean2": 10.1809158325, "dvar": 81.611869812, "dvar2": 178.401397705, "max": 246.820571899, "mean": 25.7664985657, "median": 22.2748394012, "min": 0.986153006554, "var": 410.849151611}, "mfcc": {"cov": [[11894.1259766, -744.064697266, -103.542274475, 163.660980225, -109.658042908, 222.362670898, -187.547302246, 173.117111206, -53.48695755, 30.2958087921, -56.3912696838, 73.5695877075, 5.65743112564], [-744.064697266, 2195.15844727, -494.920623779, 172.399169922, 138.42729187, -101.748344421, 154.446975708, -5.23914384842, -2.42193770409, 34.3281707764, -15.1699028015, -56.9790725708, -24.2526721954], [-103.542274475, -494.920623779, 972.419677734, -64.9813842773, -58.0126419067, 185.687057495, -2.25566697121, -1.54341518879, 16.8605308533, -39.3730430603, 20.9796047211, 13.6581478119, -32.9309959412], [163.660980225, 172.399169922, -64.9813842773, 332.559631348, 97.091545105, 0.738070428371, 2.99500131607, 13.3777980804, 32.022518158, 3.18069005013, -13.2068300247, -3.20017337799, 12.239979744], [-109.658042908, 138.42729187, -58.0126419067, 97.091545105, 232.683776855, 12.2922639847, 7.14345788956, 34.771030426, 42.5908660889, 34.6339912415, -0.568651080132, 5.04220104218, 20.1370677948], [222.362670898, -101.748344421, 185.687057495, 0.738070428371, 12.2922639847, 186.387588501, 60.2375068665, 23.6451950073, 18.1634731293, 3.32620573044, 19.9836025238, -3.38611650467, -12.7453613281], [-187.547302246, 154.446975708, -2.25566697121, 2.99500131607, 7.14345788956, 60.2375068665, 146.54850769, 35.4569206238, 7.11669540405, 16.9254741669, 20.4939556122, -5.99415159225, -6.89936542511], [173.117111206, -5.23914384842, -1.54341518879, 13.3777980804, 34.771030426, 23.6451950073, 35.4569206238, 98.3211212158, 31.0071220398, 25.2117977142, 6.42952442169, 10.8327598572, 10.0801935196], [-53.48695755, -2.42193770409, 16.8605308533, 32.022518158, 42.5908660889, 18.1634731293, 7.11669540405, 31.0071220398, 104.221176147, 34.0786018372, 17.548576355, 5.30644369125, 8.16956043243], [30.2958087921, 34.3281707764, -39.3730430603, 3.18069005013, 34.6339912415, 3.32620573044, 16.9254741669, 25.2117977142, 34.0786018372, 105.480255127, 26.6113262177, 1.93933105469, 12.8334112167], [-56.3912696838, -15.1699028015, 20.9796047211, -13.2068300247, -0.568651080132, 19.9836025238, 20.4939556122, 6.42952442169, 17.548576355, 26.6113262177, 73.5010070801, 21.226064682, 2.86074638367], [73.5695877075, -56.9790725708, 13.6581478119, -3.20017337799, 5.04220104218, -3.38611650467, -5.99415159225, 10.8327598572, 5.30644369125, 1.93933105469, 21.226064682, 64.9487380981, 24.6117267609], [5.65743112564, -24.2526721954, -32.9309959412, 12.239979744, 20.1370677948, -12.7453613281, -6.89936542511, 10.0801935196, 8.16956043243, 12.8334112167, 2.86074638367, 24.6117267609, 58.3378868103]], "icov": [[0.000103434882476, 1.7169275452e-05, 6.83086254867e-05, -8.61867738422e-05, 0.000121513221529, -0.000264105357928, 0.000270662014373, -0.000263426627498, 0.000139889511047, -0.000101614801679, 0.000113066314952, -0.000156260066433, 9.47750158957e-05], [1.7169275452e-05, 0.000636049488094, 0.000225260606385, -0.000226101634325, -0.000294661556836, 0.000372799113393, -0.000825068273116, 0.000279337982647, 5.01142822031e-05, -5.39159846085e-05, 6.74196271575e-05, 0.000231685233302, 0.000378461147193], [6.83086254867e-05, 0.000225260606385, 0.00152751139831, 5.83889559493e-05, 0.000264635717031, -0.00160409812815, 0.000502764596604, -1.66310437635e-05, -0.000232605889323, 0.000351251801476, 2.62020676018e-05, -0.000532069301698, 0.000736053916626], [-8.61867738422e-05, -0.000226101634325, 5.83889559493e-05, 0.00368893705308, -0.00134376937058, -2.44238781306e-05, -4.80303351651e-05, 0.000278422172414, -0.000979900127277, 0.000652990711387, 0.000469186896225, 0.000237106840359, -0.000551406759769], [0.000121513221529, -0.000294661556836, 0.000264635717031, -0.00134376937058, 0.00588031671941, -0.00114462140482, 0.0010602659313, -0.00148430734407, -0.00103008246515, -0.00123408599757, 0.000761180010159, -0.00042048402247, -0.00104513356928], [-0.000264105357928, 0.000372799113393, -0.00160409812815, -2.44238781306e-05, -0.00114462140482, 0.0092091197148, -0.00426663644612, 0.000172957661562, -0.00083383009769, 0.000624613079708, -0.00146727939136, 0.00140622246545, 0.000610860879533], [0.000270662014373, -0.000825068273116, 0.000502764596604, -4.80303351651e-05, 0.0010602659313, -0.00426663644612, 0.0110677415505, -0.00408077752218, 0.00128858478274, -0.000617247074842, -0.00196562730707, 0.000657075317577, 0.0004150585155], [-0.000263426627498, 0.000279337982647, -1.66310437635e-05, 0.000278422172414, -0.00148430734407, 0.000172957661562, -0.00408077752218, 0.0141550851986, -0.00318482797593, -0.00154275505338, 0.00168012036011, -0.00200988375582, -0.000753533502575], [0.000139889511047, 5.01142822031e-05, -0.000232605889323, -0.000979900127277, -0.00103008246515, -0.00083383009769, 0.00128858478274, -0.00318482797593, 0.0126710887998, -0.00276504270732, -0.00197342829779, 0.00036584076588, -0.000266093207756], [-0.000101614801679, -5.39159846085e-05, 0.000351251801476, 0.000652990711387, -0.00123408599757, 0.000624613079708, -0.000617247074842, -0.00154275505338, -0.00276504270732, 0.0127997817472, -0.00458605028689, 0.00265129120089, -0.00251745153219], [0.000113066314952, 6.74196271575e-05, 2.62020676018e-05, 0.000469186896225, 0.000761180010159, -0.00146727939136, -0.00196562730707, 0.00168012036011, -0.00197342829779, -0.00458605028689, 0.0187529604882, -0.00734795955941, 0.00229292199947], [-0.000156260066433, 0.000231685233302, -0.000532069301698, 0.000237106840359, -0.00042048402247, 0.00140622246545, 0.000657075317577, -0.00200988375582, 0.00036584076588, 0.00265129120089, -0.00734795955941, 0.0220877360553, -0.00895383395255], [9.47750158957e-05, 0.000378461147193, 0.000736053916626, -0.000551406759769, -0.00104513356928, 0.000610860879533, 0.0004150585155, -0.000753533502575, -0.000266093207756, -0.00251745153219, 0.00229292199947, -0.00895383395255, 0.0227504447103]], "mean": [-666.147644043, 138.353103638, -12.3095340729, 17.7464389801, 2.58638715744, 9.2801990509, -0.916449427605, 7.34367132187, -3.45305728912, 2.82545924187, -3.08325386047, -1.45194733143, -3.20904278755]}, "pitch_salience": {"dmean": 0.0632095783949, "dmean2": 0.102365806699, "dvar": 0.00320710032247, "dvar2": 0.00799684878439, "max": 0.849908828735, "mean": 0.601664185524, "median": 0.612681686878, "min": 0.139388978481, "var": 0.00869847089052}, "silence_rate_20dB": {"dmean": 0, "dmean2": 0, "dvar": 0, "dvar2": 0, "max": 1, "mean": 1, "median": 1, "min": 1, "var": 0}, "silence_rate_30dB": {"dmean": 0.00269430060871, "dmean2": 0.0053891595453, "dvar": 0.00268706632778, "dvar2": 0.00618924433365, "max": 1, "mean": 0.996995151043, "median": 1, "min": 0, "var": 0.0029959094245}, "silence_rate_60dB": {"dmean": 0.0130569944158, "dmean2": 0.026116695255, "dvar": 0.0128846121952, "dvar2": 0.0306168925017, "max": 1, "mean": 0.0849652886391, "median": 0, "min": 0, "var": 0.0777442231774}, "spectral_centroid": {"dmean": 230.931762695, "dmean2": 351.293151855, "dvar": 69067.140625, "dvar2": 147075.03125, "max": 11039.1650391, "mean": 1264.53344727, "median": 1204.56298828, "min": 220.988983154, "var": 366809.125}, "spectral_complexity": {"dmean": 3.3206217289, "dmean2": 4.72629308701, "dvar": 11.8368577957, "dvar2": 20.9085674286, "max": 54, "mean": 19.690290451, "median": 19, "min": 0, "var": 105.234901428}, "spectral_contrast_coeffs": {"dmean": [0.048682693392, 0.0471038669348, 0.0387564338744, 0.0327838398516, 0.0233781337738, 0.0170773323625], "dmean2": [0.0804621949792, 0.0760546401143, 0.062288440764, 0.0523835867643, 0.0368840806186, 0.026726692915], "dvar": [0.00187464419287, 0.0016424235655, 0.00104174565058, 0.000745462020859, 0.000408034044085, 0.000263610389084], "dvar2": [0.00493432488292, 0.00399174634367, 0.00254453602247, 0.00178307469469, 0.000926786102355, 0.000606401939876], "max": [-0.299815744162, -0.369481146336, -0.439172118902, -0.514789521694, -0.596419513226, -0.619971573353], "mean": [-0.648304402828, -0.746977090836, -0.772623956203, -0.771006822586, -0.790408074856, -0.756308615208], "median": [-0.648210704327, -0.757790505886, -0.780363738537, -0.775289475918, -0.791163921356, -0.753673315048], "min": [-0.949996113777, -0.967630982399, -0.964758634567, -0.964805841446, -0.96378993988, -0.957171320915], "var": [0.00761458091438, 0.00609582709149, 0.00420339033008, 0.00304574449547, 0.00184375885874, 0.00160837476142]}, "spectral_contrast_valleys": {"dmean": [0.411562055349, 0.379856526852, 0.337314575911, 0.310836613178, 0.321026355028, 0.425550013781], "dmean2": [0.650860965252, 0.602234959602, 0.521777510643, 0.464422881603, 0.438736408949, 0.499599665403], "dvar": [0.181307137012, 0.129463613033, 0.103379368782, 0.0986423566937, 0.141545012593, 0.315427809954], "dvar2": [0.371657282114, 0.28836902976, 0.20975805819, 0.182904615998, 0.235234558582, 0.478682368994], "max": [-5.31608343124, -4.88172292709, -5.01353883743, -5.55617284775, -5.80685281754, -7.64465332031], "mean": [-7.35364866257, -6.85574865341, -7.24252414703, -7.71548604965, -7.87839174271, -10.8310089111], "median": [-6.93878412247, -6.62977695465, -7.02242040634, -7.46848249435, -7.5735578537, -10.39112854], "min": [-27.3716773987, -27.4712123871, -27.3632640839, -27.032081604, -27.1467838287, -27.3255519867], "var": [2.02364754677, 1.66435706615, 1.61819314957, 1.67927479744, 1.78074038029, 2.41241598129]}, "spectral_decrease": {"dmean": 1.95445970519e-09, "dmean2": 3.00505376138e-09, "dvar": 8.77171769181e-18, "dvar2": 2.06823012581e-17, "max": 2.57095792508e-30, "mean": -5.69050451205e-09, "median": -4.33482183482e-09, "min": -4.04635436269e-08, "var": 2.28252383664e-17}, "spectral_energy": {"dmean": 0.0077214431949, "dmean2": 0.0117929540575, "dvar": 0.000134464033181, "dvar2": 0.000313484604703, "max": 0.164101198316, "mean": 0.0230994205922, "median": 0.0176730044186, "min": 1.0720604051e-20, "var": 0.000374112045392}, "spectral_energyband_high": {"dmean": 0.000236541396589, "dmean2": 0.000305340974592, "dvar": 2.88448546826e-07, "dvar2": 4.66278777367e-07, "max": 0.0239123925567, "mean": 0.000557409541216, "median": 0.000211817838135, "min": 8.10294738168e-21, "var": 1.26339114104e-06}, "spectral_energyband_low": {"dmean": 0.00354556040838, "dmean2": 0.00577222462744, "dvar": 5.11516700499e-05, "dvar2": 0.000125654172734, "max": 0.0641294196248, "mean": 0.00617437809706, "median": 0.00423431070521, "min": 5.11992152951e-23, "var": 6.19387283223e-05}, "spectral_energyband_middle_high": {"dmean": 0.00212764041498, "dmean2": 0.00299459416419, "dvar": 1.6035472072e-05, "dvar2": 3.3251617424e-05, "max": 0.099580205977, "mean": 0.00625034142286, "median": 0.00331446249038, "min": 1.46200810828e-21, "var": 7.23231059965e-05}, "spectral_energyband_middle_low": {"dmean": 0.00472750328481, "dmean2": 0.00760014588013, "dvar": 5.9155478084e-05, "dvar2": 0.000143175930134, "max": 0.136648818851, "mean": 0.0110448515043, "median": 0.00796648673713, "min": 3.02727631676e-22, "var": 0.000133126857691}, "spectral_entropy": {"dmean": 0.178325146437, "dmean2": 0.236994072795, "dvar": 0.043746072799, "dvar2": 0.0727778300643, "max": 9.79198074341, "mean": 7.50895690918, "median": 7.59882974625, "min": 4.73253393173, "var": 0.252576082945}, "spectral_flux": {"dmean": 0.0242130141705, "dmean2": 0.0377550944686, "dvar": 0.000891031639185, "dvar2": 0.00189180776943, "max": 0.332106620073, "mean": 0.0799658596516, "median": 0.0681988298893, "min": 1.03540349905e-10, "var": 0.00285243522376}, "spectral_kurtosis": {"dmean": 3.0708360672, "dmean2": 5.00038766861, "dvar": 34.3207206726, "dvar2": 81.6079483032, "max": 129.822113037, "mean": 6.06492567062, "median": 4.01629686356, "min": -1.32947719097, "var": 66.34375}, "spectral_rms": {"dmean": 0.000720622774679, "dmean2": 0.00107728212606, "dvar": 8.64120920596e-07, "dvar2": 1.91603908206e-06, "max": 0.01265301276, "mean": 0.00431614974514, "median": 0.00415234314278, "min": 3.23405711933e-12, "var": 3.90680224882e-06}, "spectral_rolloff": {"dmean": 382.417236328, "dmean2": 618.154968262, "dvar": 426839.375, "dvar2": 881462.3125, "max": 18518.5546875, "mean": 1530.18713379, "median": 1248.92578125, "min": 86.1328125, "var": 2972382.75}, "spectral_skewness": {"dmean": 0.311602294445, "dmean2": 0.484170556068, "dvar": 0.192600667477, "dvar2": 0.431909739971, "max": 9.47702980042, "mean": 1.61892616749, "median": 1.4855350256, "min": -0.204232499003, "var": 0.539877176285}, "spectral_spread": {"dmean": 551985.0625, "dmean2": 728263.25, "dvar": 595254575104, "dvar2": 919710859264, "max": 4143