{"lowlevel": {"average_loudness": 0.609492540359, "barkbands": {"dmean": [0.000209185498534, 0.000455777073512, 0.000384037790354, 0.000316854944685, 0.00256608682685, 0.00204852083698, 0.000473951746244, 0.000283749192022, 0.000700712378602, 0.000823589565698, 0.000385754625313, 0.000241268819082, 0.000529231794644, 0.000224646326387, 9.09005393623e-05, 0.000126431332319, 0.00011323022045, 7.38566159271e-05, 5.27005686308e-05, 2.19734611164e-05, 2.01785678655e-05, 7.5244151958e-06, 2.17767046706e-06, 1.53079315623e-06, 1.32620755267e-06, 2.33825130636e-06, 0.00020801332721], "dmean2": [0.000347276567481, 0.000775827676989, 0.000641494290903, 0.000526333053131, 0.00392220634967, 0.00316072511487, 0.000754788110498, 0.000458969181636, 0.00112411566079, 0.00132886401843, 0.000615601195022, 0.000385290477425, 0.000877190788742, 0.000364879029803, 0.000146406760905, 0.00020051174215, 0.000181067094672, 0.000116742616228, 8.19138076622e-05, 3.28280875692e-05, 3.00347091979e-05, 1.13053447421e-05, 3.39965527019e-06, 2.46818490268e-06, 2.17304273065e-06, 3.60163585356e-06, 0.000303801265545], "dvar": [1.5075391957e-07, 5.29808630745e-07, 3.27406496581e-07, 3.47716252236e-07, 2.5537879992e-05, 2.99818530038e-05, 1.06043671622e-06, 3.48337266587e-07, 3.49248193743e-06, 5.02426337334e-06, 6.16820386767e-07, 3.68557834918e-07, 1.1536179727e-06, 4.24963133128e-07, 2.05795043229e-08, 4.05288140826e-08, 4.72143710795e-08, 1.79113825993e-08, 7.98306309946e-09, 4.12448475373e-09, 5.16594589328e-09, 1.9002963092e-10, 1.33071800107e-11, 9.08721015103e-12, 7.95288487843e-12, 1.2895014917e-11, 9.85283463706e-08], "dvar2": [3.72641267177e-07, 1.39435201163e-06, 8.40606276142e-07, 8.76945193795e-07, 5.94602097408e-05, 6.33574309177e-05, 2.53767848335e-06, 8.29599343888e-07, 8.52159428177e-06, 1.21384146041e-05, 1.49005404637e-06, 9.0762517857e-07, 3.11106077788e-06, 1.01315481515e-06, 5.07791391158e-08, 9.47757428094e-08, 1.1371358255e-07, 4.59685018939e-08, 1.77564789539e-08, 1.03210355817e-08, 1.03833661669e-08, 4.08421574338e-10, 3.14690044856e-11, 2.26275838344e-11, 1.98006888663e-11, 2.96279875633e-11, 2.03367008567e-07], "max": [0.00622172933072, 0.00927768740803, 0.0105336410925, 0.0129808681086, 0.084665171802, 0.141158148646, 0.0267029441893, 0.0160125941038, 0.0643840655684, 0.0499264672399, 0.0150316786021, 0.0269847270101, 0.0158266983926, 0.0257629789412, 0.0032588110771, 0.00630304450169, 0.00532756466419, 0.00284051848575, 0.00243963091634, 0.00299940886907, 0.0033642698545, 0.000337888224749, 5.40596702194e-05, 5.22869813722e-05, 5.01410686411e-05, 5.30178585905e-05, 0.00528444768861], "mean": [0.000242816910031, 0.000585657078773, 0.000552872777916, 0.000462067895569, 0.00523123983294, 0.00339486682788, 0.000804583483841, 0.000465915189125, 0.00111654493958, 0.00133577280212, 0.000690332439262, 0.000464161275886, 0.000929806381464, 0.000431145832408, 0.000180455201189, 0.000232641512412, 0.000216857893975, 0.000157743605087, 0.000127446139231, 4.32310953329e-05, 3.93798254663e-05, 1.32657387439e-05, 3.45870444107e-06, 2.02211845135e-06, 1.40412157634e-06, 4.00200769946e-06, 0.000557176244911], "median": [0.000102342368336, 0.000311795913149, 0.00025864248164, 0.000202029506909, 0.0014148473274, 0.000582539942116, 0.000283992354525, 0.000193935731659, 0.000397284020437, 0.00033358548535, 0.000213499966776, 0.000151423591888, 0.000317721976899, 0.000154065841343, 0.000105569401057, 0.00013668241445, 9.4640730822e-05, 6.68731227051e-05, 5.96037789364e-05, 1.77735855686e-05, 1.58101374836e-05, 6.4273958742e-06, 1.33965750138e-06, 7.84172812018e-07, 4.22725122462e-07, 1.69210693457e-06, 0.00029764912324], "min": [9.04250548056e-25, 3.03573279523e-24, 1.13600950036e-24, 4.42726982418e-25, 1.7928101005e-23, 1.62922559231e-23, 1.50654604641e-23, 9.49921058518e-24, 1.52142112318e-23, 2.09736989003e-23, 1.93920548735e-23, 1.56966375407e-23, 2.57606898889e-23, 4.02311867251e-23, 3.45247657297e-23, 7.69058855669e-23, 9.51650052296e-23, 7.53191454986e-23, 1.46129982478e-22, 1.61429529527e-22, 2.45411017787e-22, 3.87308035757e-22, 4.17065661393e-22, 6.55848253336e-22, 8.69038051811e-22, 1.22391580118e-21, 2.08700536214e-21], "var": [1.80603848321e-07, 6.31984335087e-07, 7.60731040828e-07, 7.15263581696e-07, 8.81290980033e-05, 8.59547144501e-05, 2.94211258733e-06, 7.41882729471e-07, 6.27663303021e-06, 1.09599077405e-05, 1.67766347658e-06, 8.31557485981e-07, 2.42701230491e-06, 1.23493703086e-06, 5.89099684589e-08, 9.09168704766e-08, 1.1877416739e-07, 5.75822198812e-08, 3.23219460086e-08, 8.43136849227e-09, 1.2446037978e-08, 3.65616592557e-10, 2.83569261822e-11, 1.2547385006e-11, 9.394878972e-12, 3.33342242698e-11, 3.59430003982e-07]}, "barkbands_crest": {"dmean": 2.70033740997, "dmean2": 4.36215400696, "dvar": 5.71288442612, "dvar2": 14.1772060394, "max": 24.8133659363, "mean": 9.58669281006, "median": 8.61762046814, "min": 2.45544910431, "var": 18.5780696869}, "barkbands_flatness_db": {"dmean": 0.020377067849, "dmean2": 0.03192473948, "dvar": 0.000298673199723, "dvar2": 0.000697441457305, "max": 0.293556690216, "mean": 0.127811491489, "median": 0.12521186471, "min": 0.0283583030105, "var": 0.00120811257511}, "barkbands_kurtosis": {"dmean": 2.73990607262, "dmean2": 4.32352304459, "dvar": 14.3845691681, "dvar2": 33.998588562, "max": 64.6825561523, "mean": 4.96990680695, "median": 3.25547456741, "min": -1.68555521965, "var": 36.4130363464}, "barkbands_skewness": {"dmean": 0.489722490311, "dmean2": 0.761500060558, "dvar": 0.215297237039, "dvar2": 0.506449282169, "max": 7.13577747345, "mean": 1.77440178394, "median": 1.66900634766, "min": -2.18787026405, "var": 1.01120054722}, "barkbands_spread": {"dmean": 7.43266201019, "dmean2": 11.3661603928, "dvar": 57.2982215881, "dvar2": 123.905273438, "max": 112.356971741, "mean": 30.5523262024, "median": 25.9565429688, "min": 1.92910933495, "var": 309.760406494}, "dissonance": {"dmean": 0.0199268106371, "dmean2": 0.0337152332067, "dvar": 0.000332523952238, "dvar2": 0.00093231187202, "max": 0.500000119209, "mean": 0.46392390132, "median": 0.469282060862, "min": 0.303678482771, "var": 0.000634179392364}, "dynamic_complexity": 4.66309070587, "erbbands": {"dmean": [0.0174823738635, 0.0960908532143, 0.371426224709, 0.758125960827, 2.36628508568, 11.8540315628, 18.0610389709, 14.5572166443, 6.52178907394, 8.28918838501, 7.261282444, 15.8832902908, 21.2142391205, 22.4853363037, 12.4548254013, 11.1611366272, 20.32721138, 15.736530304, 5.31252288818, 4.25610685349, 7.03878450394, 5.60889053345, 3.96545290947, 3.49065804482, 1.96781051159, 0.921051204205, 0.973157823086, 0.621351838112, 0.310207217932, 0.0996414870024, 0.0618892200291, 0.0360190086067, 0.0236102938652, 0.0148558886722, 0.00946937967092, 0.00589410029352, 0.00457457732409, 0.00804662611336, 0.00881691370159, 0.00515689514577], "dmean2": [0.0302402451634, 0.163166314363, 0.619673967361, 1.25373089314, 3.76389360428, 17.6226673126, 28.2744026184, 22.7344226837, 10.1427211761, 13.4821252823, 11.476931572, 25.7467575073, 34.511089325, 36.6506614685, 19.7439460754, 17.7886142731, 33.6530723572, 25.3391914368, 8.58823394775, 6.78012132645, 11.0845136642, 8.81934356689, 6.24043369293, 5.44110107422, 2.99714374542, 1.37124323845, 1.46290373802, 0.908191263676, 0.457854062319, 0.151273906231, 0.09661372751, 0.0575869902968, 0.0382845848799, 0.024323053658, 0.0155044235289, 0.00951317884028, 0.00697250571102, 0.0112831760198, 0.0122143235058, 0.0073788780719], "dvar": [0.000797636283096, 0.0250357035547, 0.314238369465, 1.68892586231, 14.7754096985, 631.655883789, 2290.93505859, 1460.11743164, 221.002227783, 397.410491943, 226.111694336, 1767.16345215, 5223.69042969, 2611.44506836, 670.454406738, 712.619262695, 1650.73571777, 1693.96679688, 79.1200408936, 50.6772537231, 135.314605713, 131.836135864, 46.3109703064, 43.8371009827, 12.1721458435, 7.40353298187, 13.3647422791, 3.18873429298, 0.3260858953, 0.0241035036743, 0.0105485059321, 0.0047041834332, 0.00223765405826, 0.00101272377651, 0.000396234623622, 0.000125882826978, 4.81789538753e-05, 0.000192466977751, 0.000224137911573, 6.24179010629e-05], "dvar2": [0.00216149841435, 0.0657111257315, 0.781189739704, 4.21830701828, 36.4181022644, 1422.51940918, 4886.92871094, 3306.53417969, 500.425048828, 1024.6315918, 523.359313965, 4276.32421875, 12893.2441406, 6293.96875, 1620.51330566, 1782.94494629, 4414.94677734, 3992.64648438, 194.971252441, 127.511390686, 313.002532959, 296.182250977, 114.791763306, 102.978485107, 26.1936969757, 18.4013805389, 28.6901569366, 5.89927864075, 0.687739670277, 0.0545030646026, 0.0251197535545, 0.0116889355704, 0.00555097870529, 0.00252205855213, 0.000986017403193, 0.000311482610414, 0.000108281776193, 0.000363721977919, 0.000421365723014, 0.000125026883325], "max": [0.356264948845, 2.21698951721, 11.0515899658, 25.9188671112, 115.004371643, 488.212860107, 1340.51428223, 1005.97888184, 424.014404297, 756.718383789, 365.017150879, 1759.65136719, 1622.50683594, 1374.37841797, 703.863464355, 1151.73156738, 646.836364746, 1548.30297852, 198.032363892, 270.638793945, 393.850250244, 370.085876465, 132.80657959, 203.977340698, 146.98626709, 126.543136597, 172.587753296, 88.7826080322, 11.9078817368, 2.00271964073, 1.50996387005, 1.16916632652, 0.824918985367, 0.565152168274, 0.353886157274, 0.195856139064, 0.100318752229, 0.169266343117, 0.231086269021, 0.11858728528], "mean": [0.0201557949185, 0.125890567899, 0.563223600388, 1.23716056347, 4.30368947983, 23.5263442993, 32.1390457153, 23.4713668823, 11.8049135208, 13.3022041321, 13.1069059372, 25.5546417236, 34.7759361267, 39.302646637, 24.9973373413, 24.5429191589, 37.1980781555, 31.3749885559, 12.1054773331, 9.0747795105, 14.1384086609, 11.8702554703, 8.72294902802, 8.03648853302, 4.81187915802, 1.93217766285, 1.85767090321, 1.21587860584, 0.553930044174, 0.173493057489, 0.0971742868423, 0.050655759871, 0.0299112312496, 0.0160836651921, 0.0101774893701, 0.00765045639127, 0.00816348847002, 0.0152788944542, 0.0207407642156, 0.0154236955568], "median": [0.00932044908404, 0.0659187287092, 0.27490529418, 0.662160277367, 1.97197306156, 4.85033035278, 5.16550636292, 4.65893363953, 3.99906682968, 4.9529094696, 6.04055786133, 9.13000869751, 9.57837104797, 11.1333961487, 8.72541809082, 8.40375614166, 14.3156261444, 11.1918029785, 6.97015953064, 5.89546394348, 8.34888648987, 5.57129049301, 4.06456708908, 3.66522026062, 2.2284052372, 0.853006958961, 0.696901857853, 0.519476592541, 0.271682471037, 0.0781543105841, 0.0381179526448, 0.0193039961159, 0.0118350256234, 0.00509089231491, 0.00322131440043, 0.00331170950085, 0.00353083200753, 0.00706348754466, 0.00909036584198, 0.00930265896022], "min": [1.05577363333e-22, 7.84772661979e-22, 1.73353024532e-21, 1.03235634154e-21, 1.11986562839e-20, 2.56484393366e-20, 3.99099943714e-20, 1.60237447457e-19, 2.0554923819e-19, 2.66007765764e-19, 3.9494992042e-19, 4.51844514475e-19, 6.2877033079e-19, 7.25153570861e-19, 1.05731259872e-18, 7.9169135895e-19, 1.27028048378e-18, 1.87284485389e-18, 2.71905310207e-18, 4.28706866535e-18, 4.81227872348e-18, 5.49550798916e-18, 4.19800943752e-18, 7.20818420669e-18, 8.56424921365e-18, 7.96078538803e-18, 8.04258279726e-18, 1.12536623664e-17, 1.27466117027e-17, 1.16615103849e-17, 1.1273298807e-17, 1.19241178955e-17, 1.20435611216e-17, 7.29490747647e-18, 5.64211996248e-18, 4.22871934494e-18, 2.35258562093e-18, 1.02992185691e-18, 2.24907099831e-19, 2.69344224614e-20], "var": [0.000870414543897, 0.0318526662886, 0.817225754261, 4.01189899445, 48.2123985291, 2119.81884766, 7029.84667969, 3503.79321289, 693.902099609, 855.581115723, 531.33770752, 3252.83081055, 10885.0742188, 6274.31689453, 1958.66052246, 1984.23937988, 3542.43505859, 5066.421875, 262.721893311, 113.600013733, 335.139831543, 379.594573975, 149.161834717, 157.149612427, 48.9655036926, 15.3104381561, 31.704782486, 7.78519535065, 0.615885019302, 0.055066626519, 0.0217302031815, 0.00730968266726, 0.00291699566878, 0.00120113336015, 0.000470936502097, 0.000169204548001, 0.000132410525111, 0.000419247808168, 0.000678703770973, 0.000224977586186]}, "erbbands_crest": {"dmean": 2.63802552223, "dmean2": 4.35305547714, "dvar": 5.72097969055, "dvar2": 14.3630371094, "max": 27.5894851685, "mean": 8.86219406128, "median": 8.03833580017, "min": 2.86665844917, "var": 13.3693389893}, "erbbands_flatness_db": {"dmean": 0.0198025014251, "dmean2": 0.0305032897741, "dvar": 0.000266432820354, "dvar2": 0.000624515698291, "max": 0.320378988981, "mean": 0.169138863683, "median": 0.167861551046, "min": 0.0529543198645, "var": 0.00135209155269}, "erbbands_kurtosis": {"dmean": 0.696957230568, "dmean2": 1.12411594391, "dvar": 0.624557495117, "dvar2": 1.63257062435, "max": 18.9364070892, "mean": 0.159029006958, "median": -0.0847142934799, "min": -1.60418117046, "var": 1.2395182848}, "erbbands_skewness": {"dmean": 0.310554504395, "dmean2": 0.487477809191, "dvar": 0.0691995173693, "dvar2": 0.168864399195, "max": 3.61229300499, "mean": 0.190087392926, "median": 0.155677825212, "min": -2.56756544113, "var": 0.330907016993}, "erbbands_spread": {"dmean": 4.93327713013, "dmean2": 7.79599905014, "dvar": 17.2881736755, "dvar2": 41.2353172302, "max": 81.2008361816, "mean": 26.0999279022, "median": 25.3242073059, "min": 4.33319377899, "var": 73.793586731}, "gfcc": {"cov": [[21684.5820312, 1091.26086426, -1442.91394043, -360.6484375, -253.877456665, -629.636169434, 58.9057884216, -319.015441895, -169.45072937, -190.430541992, 38.8816070557, -90.9305267334, -17.7758293152], [1091.26086426, 663.660522461, -89.0536346436, -89.7106552124, 48.3902015686, -91.8589401245, 14.5183143616, -26.9384346008, -1.26227068901, -23.4428691864, 13.7774181366, -30.6815872192, 12.5962848663], [-1442.91394043, -89.0536346436, 487.656402588, 134.202804565, 7.46565341949, 170.824249268, -52.8206100464, 81.0248031616, 72.2524185181, 52.6221618652, -57.4975128174, -28.159570694, -11.8270702362], [-360.6484375, -89.7106552124, 134.202804565, 181.057846069, 80.5347671509, 33.2580604553, 46.2873764038, -11.483007431, 22.4986782074, 11.1990346909, -36.5035705566, -3.70606398582, -14.8611116409], [-253.877456665, 48.3902015686, 7.46565341949, 80.5347671509, 215.241867065, 39.6798477173, 108.15146637, -19.6808719635, 62.6391067505, -1.17596805096, -9.93522357941, -19.5448932648, -8.39616107941], [-629.636169434, -91.8589401245, 170.824249268, 33.2580604553, 39.6798477173, 220.511871338, -10.8421468735, 86.160949707, -3.14026594162, 21.799955368, -8.53688812256, -8.49957275391, 8.37311267853], [58.9057884216, 14.5183143616, -52.8206100464, 46.2873764038, 108.15146637, -10.8421468735, 199.024505615, 7.51994132996, 85.6324996948, 8.01986885071, -15.8863010406, -10.0691041946, -18.3641681671], [-319.015441895, -26.9384346008, 81.0248031616, -11.483007431, -19.6808719635, 86.160949707, 7.51994132996, 180.05897522, 63.4722633362, 36.589515686, -3.46705913544, -32.7799873352, -3.59069919586], [-169.45072937, -1.26227068901, 72.2524185181, 22.4986782074, 62.6391067505, -3.14026594162, 85.6324996948, 63.4722633362, 181.783843994, 50.84765625, -20.799987793, -28.1265182495, -34.586479187], [-190.430541992, -23.4428691864, 52.6221618652, 11.1990346909, -1.17596805096, 21.799955368, 8.01986885071, 36.589515686, 50.84765625, 68.9389953613, 26.9370174408, -3.85629034042, -4.1905298233], [38.8816070557, 13.7774181366, -57.4975128174, -36.5035705566, -9.93522357941, -8.53688812256, -15.8863010406, -3.46705913544, -20.799987793, 26.9370174408, 77.748336792, 38.766292572, 18.0539722443], [-90.9305267334, -30.6815872192, -28.159570694, -3.70606398582, -19.5448932648, -8.49957275391, -10.0691041946, -32.7799873352, -28.1265182495, -3.85629034042, 38.766292572, 85.7951431274, 33.5614814758], [-17.7758293152, 12.5962848663, -11.8270702362, -14.8611116409, -8.39616107941, 8.37311267853, -18.3641681671, -3.59069919586, -34.586479187, -4.1905298233, 18.0539722443, 33.5614814758, 62.2741775513]], "icov": [[7.08235456841e-05, -0.000134445828735, 0.000324517226545, -0.000272033619694, 0.000322619365761, -0.000194582185941, 4.78320580442e-05, 0.000171083098394, -0.000259529362665, 0.000147442304296, -8.08747572592e-05, 0.000246427749516, -0.000105824881757], [-0.000134445828735, 0.00228565768339, -0.00138834991958, 0.00230010575615, -0.00210572523065, 0.00196591275744, -0.000336984521709, -0.000670351670124, 0.00130148767494, -6.17630430497e-05, -0.000174705768586, 0.000370741501683, -0.000332214694936], [0.000324517226545, -0.00138834991958, 0.00751601206139, -0.00608058320358, 0.00399037310854, -0.00566583126783, 0.00323291658424, 0.0018904627068, -0.00525587005541, -0.000712607812602, 0.00187228783034, 0.0015359739773, -0.00162559957244], [-0.000272033619694, 0.00230010575615, -0.00608058320358, 0.0155346691608, -0.00902901124209, 0.00585484271869, -0.00262023648247, -0.00245107174851, 0.008674768731, -0.00823891814798, 0.00890350434929, -0.00679597910494, 0.00443571526557], [0.000322619365761, -0.00210572523065, 0.00399037310854, -0.00902901124209, 0.0151170259342, -0.00787247903645, -0.00259762909263, 0.00624348083511, -0.00975501909852, 0.009312027134, -0.00922660622746, 0.00856804288924, -0.00492208870128], [-0.000194582185941, 0.00196591275744, -0.00566583126783, 0.00585484271869, -0.00787247903645, 0.0128769725561, -0.000980709097348, -0.00682854838669, 0.00874797068536, -0.00509000057355, 0.0039899898693, -0.00433146068826, 0.00208587083034], [4.78320580442e-05, -0.000336984521709, 0.00323291658424, -0.00262023648247, -0.00259762909263, -0.000980709097348, 0.00989587046206, -0.000417422561441, -0.00426666717976, -0.000565196562093, 0.00247102067806, -0.0015228545526, 0.000442935153842], [0.000171083098394, -0.000670351670124, 0.0018904627068, -0.00245107174851, 0.00624348083511, -0.00682854838669, -0.000417422561441, 0.0119471698999, -0.00754904560745, 0.00276644993573, -0.00480823358521, 0.00718247145414, -0.00419917330146], [-0.000259529362665, 0.00130148767494, -0.00525587005541, 0.008674768731, -0.00975501909852, 0.00874797068536, -0.00426666717976, -0.00754904560745, 0.0204236451536, -0.0157872084528, 0.0118603026494, -0.00836391095072, 0.00789958517998], [0.000147442304296, -6.17630430497e-05, -0.000712607812602, -0.00823891814798, 0.009312027134, -0.00509000057355, -0.000565196562093, 0.00276644993573, -0.0157872084528, 0.0397863090038, -0.0271197129041, 0.0131408767775, -0.0054246741347], [-8.08747572592e-05, -0.000174705768586, 0.00187228783034, 0.00890350434929, -0.00922660622746, 0.0039899898693, 0.00247102067806, -0.00480823358521, 0.0118603026494, -0.0271197129041, 0.0391080901027, -0.0193711109459, 0.00502754468471], [0.000246427749516, 0.000370741501683, 0.0015359739773, -0.00679597910494, 0.00856804288924, -0.00433146068826, -0.0015228545526, 0.00718247145414, -0.00836391095072, 0.0131408767775, -0.0193711109459, 0.0279786549509, -0.012855716981], [-0.000105824881757, -0.000332214694936, -0.00162559957244, 0.00443571526557, -0.00492208870128, 0.00208587083034, 0.000442935153842, -0.00419917330146, 0.00789958517998, -0.0054246741347, 0.00502754468471, -0.012855716981, 0.0252823531628]], "mean": [-58.3254051208, 99.9844360352, -108.713981628, -20.3263835907, -12.7242059708, -32.4388504028, -5.9235367775, -25.0553226471, -9.34795856476, -14.9350566864, -5.77577543259, -3.5188100338, -2.21340250969]}, "hfc": {"dmean": 22.8203811646, "dmean2": 33.9392929077, "dvar": 837.31262207, "dvar2": 1886.24853516, "max": 668.346984863, "mean": 76.1851425171, "median": 67.8521118164, "min": 1.10754170213e-16, "var": 2702.23828125}, "melbands": {"dmean": [0.000140424715937, 0.000163186196005, 0.000148755090777, 0.000469740945846, 0.000616938923486, 0.000333845964633, 9.75376897259e-05, 8.31778961583e-05, 7.55424262024e-05, 9.7899690445e-05, 0.00010834333807, 9.60449615377e-05, 4.74115477118e-05, 3.09645656671e-05, 4.63381547888e-05, 4.30677901022e-05, 2.90401494567e-05, 9.1663796411e-06, 6.18830017629e-06, 7.41252642911e-06, 9.4892211564e-06, 7.21969990991e-06, 3.9810997805e-06, 3.75686636289e-06, 3.09876418214e-06, 1.8785760858e-06, 1.02036244698e-06, 5.84648205404e-07, 6.70568056194e-07, 5.74153887101e-07, 3.46490878655e-07, 2.05158329436e-07, 9.75888170274e-08, 4.48799255537e-08, 3.86328125046e-08, 2.71033844257e-08, 2.08556034664e-08, 1.73886753885e-08, 1.39553657519e-08, 1.21052732283e-08], "dmean2": [0.000239449364017, 0.000272125820629, 0.000245224364335, 0.000698414689396, 0.000956307689194, 0.000515407067724, 0.000151790198288, 0.00013607807341, 0.000119226548122, 0.000159258241183, 0.000176111163455, 0.000156569934916, 7.52270643716e-05, 4.95382701047e-05, 7.7010881796e-05, 7.06677674316e-05, 4.67279314762e-05, 1.50167197717e-05, 9.91087563307e-06, 1.19218293548e-05, 1.50981350089e-05, 1.15233460747e-05, 6.3487400439e-06, 6.03157604928e-06, 4.87937131766e-06, 2.94887286145e-06, 1.55616828579e-06, 9.01807652554e-07, 1.02174033145e-06, 8.72323084877e-07, 5.1677642432e-07, 3.1149932056e-07, 1.47718651533e-07, 7.049918338e-08, 6.06747576626e-08, 4.329262282e-08, 3.35484173775e-08, 2.82168635124e-08, 2.27833787392e-08, 1.98425240683e-08], "dvar": [5.0847368982e-08, 5.67942031182e-08, 5.2581022203e-08, 8.75188504779e-07, 2.06780396184e-06, 7.43721727758e-07, 4.58103848189e-08, 3.80288476265e-08, 2.88629244949e-08, 6.91473900361e-08, 1.37890694418e-07, 4.8124302765e-08, 9.46549949532e-09, 6.97434288099e-09, 1.12093268001e-08, 6.71722544254e-09, 6.00642513504e-09, 2.19004508972e-10, 8.20783441213e-11, 1.43016334886e-10, 2.66859423448e-10, 2.29169225263e-10, 4.68411802401e-11, 4.98720682807e-11, 3.67037684967e-11, 1.05435625508e-11, 4.521308241e-12, 4.20764681777e-12, 4.90673864387e-12, 5.89353002164e-12, 6.62027941148e-13, 1.49545252483e-13, 2.59548733553e-14, 5.62374099857e-15, 4.09079601723e-15, 2.41221917895e-15, 1.61390100231e-15, 1.16462869198e-15, 8.5687202903e-16, 6.75833771389e-16], "dvar2": [1.32520668217e-07, 1.45119003037e-07, 1.3459337822e-07, 1.99561759473e-06, 4.55593044535e-06, 1.64209279774e-06, 1.03165540111e-07, 9.85000241371e-08, 6.65709904979e-08, 1.73036511342e-07, 3.40044579161e-07, 1.15824121849e-07, 2.25110827756e-08, 1.69477178957e-08, 3.10228642775e-08, 1.75133880731e-08, 1.36204230117e-08, 5.69801483774e-10, 2.07404288188e-10, 3.56090240627e-10, 6.31943108953e-10, 5.31694299699e-10, 1.12136730457e-10, 1.30866636971e-10, 8.5615695089e-11, 2.48080497117e-11, 9.57046508016e-12, 1.14023738368e-11, 1.01561961965e-11, 1.35938031665e-11, 1.25757683347e-12, 3.34325584795e-13, 5.77845131228e-14, 1.33384082384e-14, 9.82804027776e-15, 5.98107751748e-15, 4.0213867494e-15, 2.89141748095e-15, 2.13346084776e-15, 1.68327734174e-15], "max": [0.00300321867689, 0.00427127024159, 0.00446765590459, 0.020060127601, 0.0370557196438, 0.0213342569768, 0.00572926737368, 0.00704518565908, 0.00543385837227, 0.00949098356068, 0.00845198333263, 0.00604963582009, 0.00226158299483, 0.0039001093246, 0.00188251095824, 0.00111329054926, 0.00307794380933, 0.000292491837172, 0.000196922526811, 0.000314736622386, 0.00049834267702, 0.000466051482363, 0.000120637574582, 0.000160203344421, 0.000182554678759, 0.000119881820865, 8.19739289e-05, 9.55720606726e-05, 9.70109831542e-05, 0.000120325879834, 3.49850743078e-05, 8.6422669483e-06, 1.93839719032e-06, 1.17754234452e-06, 8.86256486865e-07, 8.15450448499e-07, 6.91032028044e-07, 5.83299652135e-07, 5.19654065556e-07, 4.6186883651e-07], "mean": [0.000183139331057, 0.000251495541306, 0.00025450924295, 0.00093093898613, 0.00119178718887, 0.000548175536096, 0.000177039168193, 0.000133777255542, 0.000126796017867, 0.000155411995365, 0.000172808126081, 0.000162306474522, 8.77886122908e-05, 6.15759417997e-05, 7.91200000094e-05, 7.81806666055e-05, 5.59422187507e-05, 1.89135880646e-05, 1.21949697132e-05, 1.33433886731e-05, 1.77326546691e-05, 1.37838660521e-05, 7.84427356848e-06, 7.5174111771e-06, 6.51300888421e-06, 4.26262567998e-06, 2.15720501728e-06, 1.04506477783e-06, 1.19999413073e-06, 9.95261643766e-07, 6.29063322322e-07, 3.53031879285e-07, 1.52379030283e-07, 7.25163999959e-08, 5.88115689482e-08, 3.94135177828e-08, 2.77727743025e-08, 2.22477325451e-08, 1.58670392381e-08, 1.27071260181e-08], "median": [9.75476432359e-05, 0.000134447182063, 0.00014578626724, 0.000266728398856, 0.000197079207283, 0.000107368978206, 6.01692518103e-05, 5.10554746143e-05, 5.43133501196e-05, 5.5488475482e-05, 4.50309598818e-05, 4.34178546129e-05, 2.8597209166e-05, 1.86352808669e-05, 2.63736255874e-05, 2.87852180918e-05, 1.81499417522e-05, 1.03095026134e-05, 7.19993659004e-06, 7.96374661149e-06, 9.34583658818e-06, 5.63780031371e-06, 3.58547754331e-06, 3.18514798892e-06, 2.74328931482e-06, 1.94240988094e-06, 9.38156972552e-07, 4.22734444783e-07, 4.29523481671e-07, 3.70595387267e-07, 2.69415636467e-07, 1.69501291225e-07, 7.23973485606e-08, 2.79732947917e-08, 2.24220997325e-08, 1.43281591036e-08, 1.05946513784e-08, 8.91796858582e-09, 5.48870682238e-09, 3.73601594106e-09], "min": [1.00250987912e-24, 1.41542206084e-24, 2.88560290142e-25, 1.81357465502e-24, 1.36399385185e-24, 3.71529544431e-24, 3.5138034086e-24, 2.49948112629e-24, 2.94108092508e-24, 2.44023648902e-24, 2.5299372709e-24, 2.89397133511e-24, 2.80435358084e-24, 2.17818084061e-24, 2.82845545086e-24, 3.77702933217e-24, 3.371250721e-24, 2.43965016815e-24, 3.62420685887e-24, 2.53528515619e-24, 4.11302018006e-24, 5.16539218206e-24, 4.01093447917e-24, 4.16322328807e-24, 5.04031631338e-24, 5.90398884255e-24, 5.98711032727e-24, 4.85899190115e-24, 3.8229481366e-24, 6.13315490767e-24, 5.83085591461e-24, 7.10873958359e-24, 4.48519331666e-24, 6.30718827298e-24, 5.63575286338e-24, 6.53869962157e-24, 6.09138787818e-24, 7.80741791012e-24, 7.14328853579e-24, 6.0482596692e-24], "var": [6.13073893874e-08, 1.34191083134e-07, 1.21711451584e-07, 2.90942693937e-06, 6.87470310368e-06, 1.95544612325e-06, 1.50020497358e-07, 8.19695458176e-08, 6.24725018383e-08, 1.18595458787e-07, 2.84969956965e-07, 1.13922624223e-07, 2.6525775354e-08, 1.60828417251e-08, 2.21114113685e-08, 1.47117393823e-08, 1.88821456248e-08, 6.32809415979e-10, 2.1263057981e-10, 2.87613793892e-10, 6.20314133393e-10, 5.97669136404e-10, 1.20543616755e-10, 1.42466635711e-10, 1.16785470183e-10, 3.88298351806e-11, 1.38822989562e-11, 6.35763794041e-12, 1.18734622828e-11, 1.17496967017e-11, 1.46652839612e-12, 2.64782065631e-13, 4.32954555183e-14, 1.28635547919e-14, 8.23610453384e-15, 4.29315769404e-15, 2.31435743915e-15, 1.53262755575e-15, 1.0456920313e-15, 7.94506898948e-16]}, "melbands_crest": {"dmean": 3.33509659767, "dmean2": 5.47273397446, "dvar": 8.53543186188, "dvar2": 21.202917099, "max": 32.9968757629, "mean": 12.8869028091, "median": 12.1426534653, "min": 1.58378982544, "var": 27.1610908508}, "melbands_flatness_db": {"dmean": 0.0263792648911, "dmean2": 0.0406990945339, "dvar": 0.000480158079881, "dvar2": 0.00110661122017, "max": 0.412671774626, "mean": 0.224163889885, "median": 0.225055038929, "min": 0.00401397701353, "var": 0.0025751942303}, "melbands_kurtosis": {"dmean": 3.42830657959, "dmean2": 5.48855638504, "dvar": 23.7016468048, "dvar2": 56.5997810364, "max": 114.866462708, "mean": 5.5656914711, "median": 3.1458671093, "min": -1.52817797661, "var": 59.7277641296}, "melbands_skewness": {"dmean": 0.577299952507, "dmean2": 0.906280696392, "dvar": 0.277887880802, "dvar2": 0.663648962975, "max": 9.04832744598, "mean": 1.82193613052, "median": 1.64702510834, "min": -0.7476978302, "var": 1.21012592316}, "melbands_spread": {"dmean": 5.26095533371, "dmean2": 8.22212219238, "dvar": 28.4995365143, "dvar2": 61.7777938843, "max": 159.631958008, "mean": 20.971370697, "median": 18.2994499207, "min": 1.66348206997, "var": 226.483306885}, "mfcc": {"cov": [[9209.23046875, 1594.63574219, -972.343688965, 325.73651123, -483.933410645, -137.190643311, -46.429977417, -50.7081336975, -290.474304199, -166.221893311, -126.716712952, -24.6933097839, -199.927185059], [1594.63574219, 1110.13513184, -204.068908691, 83.8278121948, -10.275636673, -28.5259075165, 5.26326084137, -14.2848491669, 25.8431377411, -19.6402130127, 57.3931541443, -2.76068973541, -37.7633666992], [-972.343688965, -204.068908691, 464.707763672, -67.8418731689, 111.392044067, 16.5862007141, -41.843208313, -2.45246052742, 43.3211784363, 33.119682312, 17.9160938263, -11.3355226517, 15.5073423386], [325.73651123, 83.8278121948, -67.8418731689, 238.02456665, -15.687128067, 64.1438217163, -9.39025497437, -0.222869813442, 42.2926673889, 12.7395648956, 9.8965177536, 8.30257415771, -7.91514015198], [-483.933410645, -10.275636673, 111.392044067, -15.687128067, 167.942352295, 52.6987342834, 17.6589221954, 14.4336557388, 35.7711181641, 22.6843261719, 9.29470825195, -2.5952899456, 28.3504009247], [-137.190643311, -28.5259075165, 16.5862007141, 64.1438217163, 52.6987342834, 160.329818726, 40.5783882141, 20.3805732727, 31.3707942963, 4.57740354538, -16.6638889313, 5.23232221603, 20.0681095123], [-46.429977417, 5.26326084137, -41.843208313, -9.39025497437, 17.6589221954, 40.5783882141, 118.066040039, 24.340719223, 1.7168571949, -15.3980369568, -17.8045272827, -1.34600102901, 12.5704755783], [-50.7081336975, -14.2848491669, -2.45246052742, -0.222869813442, 14.4336557388, 20.3805732727, 24.340719223, 88.7845001221, 55.8166046143, 35.0534095764, 14.0934972763, 7.11640501022, 8.68874359131], [-290.474304199, 25.8431377411, 43.3211784363, 42.2926673889, 35.7711181641, 31.3707942963, 1.7168571949, 55.8166046143, 140.950408936, 88.0327377319, 47.4500579834, 9.11638736725, 12.3213701248], [-166.221893311, -19.6402130127, 33.119682312, 12.7395648956, 22.6843261719, 4.57740354538, -15.3980369568, 35.0534095764, 88.0327377319, 150.414749146, 58.6021842957, 7.90575742722, 14.2938346863], [-126.716712952, 57.3931541443, 17.9160938263, 9.8965177536, 9.29470825195, -16.6638889313, -17.8045272827, 14.0934972763, 47.4500579834, 58.6021842957, 94.329574585, 30.182144165, 2.1029753685], [-24.6933097839, -2.76068973541, -11.3355226517, 8.30257415771, -2.5952899456, 5.23232221603, -1.34600102901, 7.11640501022, 9.11638736725, 7.90575742722, 30.182144165, 54.0855369568, 25.9264163971], [-199.927185059, -37.7633666992, 15.5073423386, -7.91514015198, 28.3504009247, 20.0681095123, 12.5704755783, 8.68874359131, 12.3213701248, 14.2938346863, 2.1029753685, 25.9264163971, 65.7526092529]], "icov": [[0.000240574649069, -0.000337912002578, 0.000167786303791, -0.000233969214605, 0.000355461757863, 1.73674379766e-05, 0.000152542779688, -0.000387818960007, 0.000661069003399, -0.000375911913579, 0.000576710503083, -0.00033922973671, 0.000406358885812], [-0.000337912002578, 0.0016042398056, 0.000363798579201, 0.000103889826278, -0.000908738642465, 0.000218754110392, -0.00026933697518, 0.000943336694036, -0.00147864106111, 0.00121270678937, -0.00191798992455, 0.00106536888052, -0.000272783043329], [0.000167786303791, 0.000363798579201, 0.00341796735302, 0.00079318205826, -0.00165182363708, -0.000318231468555, 0.00153299060185, 0.000589702452999, -0.000899150269106, 0.00032593018841, -0.000446932419436, 0.000847522343975, 0.000224576229812], [-0.000233969214605, 0.000103889826278, 0.00079318205826, 0.00618449412286, 0.000508990196977, -0.00299968128093, 0.00121063017286, 0.00193151901476, -0.00316614564508, 0.000788851408288, -0.000611396797467, -0.000371425994672, 0.000702871591784], [0.000355461757863, -0.000908738642465, -0.00165182363708, 0.000508990196977, 0.00957922358066, -0.00262259622104, -0.000600887055043, -0.000541670888197, 0.000223580151214, -0.00041518866783, -0.000665340921842, 0.00227493420243, -0.00296098855324], [1.73674379766e-05, 0.000218754110392, -0.000318231468555, -0.00299968128093, -0.00262259622104, 0.00979728251696, -0.00270277634263, -0.000649691617582, -0.00103205395862, -8.85599292815e-05, 0.00303938356228, -0.00191499793436, -0.000493919476867], [0.000152542779688, -0.00026933697518, 0.00153299060185, 0.00121063017286, -0.000600887055043, -0.00270277634263, 0.0112850787118, -0.00308743678033, 0.000324863241985, 0.00129080889747, 0.000856797385495, 0.00103651871905, -0.00134975928813], [-0.000387818960007, 0.000943336694036, 0.000589702452999, 0.00193151901476, -0.000541670888197, -0.000649691617582, -0.00308743678033, 0.0176055394113, -0.00830322224647, 3.7509467802e-05, -0.000119080163131, -0.0013015154982, 0.000216443528188], [0.000661069003399, -0.00147864106111, -0.000899150269106, -0.00316614564508, 0.000223580151214, -0.00103205395862, 0.000324863241985, -0.00830322224647, 0.0184020828456, -0.00726783042774, -0.00148622784764, 0.000396485556848, 0.000268219941063], [-0.000375911913579, 0.00121270678937, 0.00032593018841, 0.000788851408288, -0.00041518866783, -8.85599292815e-05, 0.00129080889747, 3.7509467802e-05, -0.00726783042774, 0.0137430932373, -0.00757039710879, 0.00515988795087, -0.00389220262878], [0.000576710503083, -0.00191798992455, -0.000446932419436, -0.000611396797467, -0.000665340921842, 0.00303938356228, 0.000856797385495, -0.000119080163131, -0.00148622784764, -0.00757039710879, 0.0236966721714, -0.0154118798673, 0.0071382378228], [-0.00033922973671, 0.00106536888052, 0.000847522343975, -0.000371425994672, 0.00227493420243, -0.00191499793436, 0.00103651871905, -0.0013015154982, 0.000396485556848, 0.00515988795087, -0.0154118798673, 0.0342203639448, -0.0152830192819], [0.000406358885812, -0.000272783043329, 0.000224576229812, 0.000702871591784, -0.00296098855324, -0.000493919476867, -0.00134975928813, 0.000216443528188, 0.000268219941063, -0.00389220262878, 0.0071382378228, -0.0152830192819, 0.0245696343482]], "mean": [-712.694702148, 168.421646118, -37.0956573486, 22.4727611542, -4.68720436096, 4.48747825623, -2.02800869942, -1.20971238613, -3.75696015358, -8.45674419403, -2.45573854446, -2.73341989517, -8.00119781494]}, "pitch_salience": {"dmean": 0.0682402476668, "dmean2": 0.109461992979, "dvar": 0.00330349802971, "dvar2": 0.00825393293053, "max": 0.913405895233, "mean": 0.590656816959, "median": 0.600023508072, "min": 0.149478450418, "var": 0.00944100040942}, "silence_rate_20dB": {"dmean": 0, "dmean2": 0, "dvar": 0, "dvar2": 0, "max": 1, "mean": 1, "median": 1, "min": 1, "var": 0}, "silence_rate_30dB": {"dmean": 0.00326975481585, "dmean2": 0.00654069753364, "dvar": 0.00325901224278, "dvar2": 0.00758745800704, "max": 1, "mean": 0.994914650917, "median": 1, "min": 0, "var": 0.00505960593}, "silence_rate_60dB": {"dmean": 0.0301544051617, "dmean2": 0.0603197664022, "dvar": 0.0292480029166, "dvar2": 0.0628525242209, "max": 1, "mean": 0.117326550186, "median": 0, "min": 0, "var": 0.103559374809}, "spectral_centroid": {"dmean": 186.31867981, "dmean2": 278.385772705, "dvar": 50575.7695312, "dvar2": 94116.5546875, "max": 11520.5556641, "mean": 1091.67102051, "median": 945.235839844, "min": 308.003173828, "var": 927597.375}, "spectral_complexity": {"dmean": 2.76257944107, "dmean2": 4.19694757462, "dvar": 7.09778594971, "dvar2": 15.4711103439, "max": 44, "mean": 15.6240463257, "median": 15, "min": 0, "var": 75.1068344116}, "spectral_contrast_coeffs": {"dmean": [0.0540173500776, 0.0480492152274, 0.0389614589512, 0.0285742431879, 0.0207693036646, 0.0404912233353], "dmean2": [0.0880010947585, 0.0784211903811, 0.0646218582988, 0.0473336018622, 0.0336448960006, 0.0626186951995], "dvar": [0.00183939363342, 0.00150001584552, 0.000959548749961, 0.000520012807101, 0.00027777950163, 0.0011743537616], "dvar2": [0.00490826880559, 0.00395353883505, 0.00261280592531, 0.001382982824, 0.000689782958943, 0.00281461351551], "max": [-0.30747294426, -0.408268094063, -0.498943984509, -0.612314522266, -0.626884937286, -0.461088478565], "mean": [-0.617313504219, -0.760833621025, -0.781570613384, -0.797710120678, -0.796369314194, -0.750926733017], "median": [-0.626403331757, -0.768820643425, -0.784740328789, -0.800221562386, -0.798846364021, -0.751868724823], "min": [-0.980096161366, -0.976430237293, -0.973608851433, -0.968576788902, -0.967050015926, -0.965025007725], "var": [0.0122010046616, 0.00562841258943, 0.00367902196012, 0.00224117259495, 0.00191238638945, 0.00405167229474]}, "spectral_contrast_valleys": {"dmean": [0.424498826265, 0.335785448551, 0.29385855794, 0.238545641303, 0.259692102671, 0.583286583424], "dmean2": [0.701853513718, 0.541286110878, 0.472606122494, 0.374048709869, 0.362036168575, 0.911244571209], "dvar": [0.133654817939, 0.0885221883655, 0.07930701226, 0.0632742419839, 0.0836993902922, 0.244615539908], "dvar2": [0.317522287369, 0.193973258138, 0.158303305507, 0.107192009687, 0.128340229392, 0.635089933872], "max": [-6.19586372375, -4.94134664536, -5.3806014061, -6.22180557251, -6.04273366928, -9.07488536835], "mean": [-8.03792762756, -6.99037361145, -7.39569616318, -7.80037736893, -8.26406764984, -11.7752180099], "median": [-7.70645713806, -6.6559419632, -7.07729244232, -7.46780586243, -7.94792461395, -11.5592861176], "min": [-28.0953006744, -28.0454788208, -27.7145519257, -27.5888996124, -27.5067768097, -27.356836319], "var": [4.10559415817, 4.41139268875, 4.21111297607, 3.97168540955, 3.89629554749, 3.02638339996]}, "spectral_decrease": {"dmean": 1.33484345799e-09, "dmean2": 2.00241090376e-09, "dvar": 4.51146043166e-18, "dvar2": 1.01016975582e-17, "max": 4.05628997058e-09, "mean": -3.67898111975e-09, "median": -1.64194102759e-09, "min": -5.00028853878e-08, "var": 2.31869015825e-17}, "spectral_energy": {"dmean": 0.00587336858734, "dmean2": 0.00863099470735, "dvar": 6.91798486514e-05, "dvar2": 0.000152656357386, "max": 0.206195741892, "mean": 0.0207955744117, "median": 0.0137762818485, "min": 1.02764217945e-20, "var": 0.000410353270127}, "spectral_energyband_high": {"dmean": 0.000172264233697, "dmean2": 0.000246005511144, "dvar": 8.49828722949e-08, "dvar2": 1.6897581645e-07, "max": 0.0066208797507, "mean": 0.000395451905206, "median": 0.00020409876015, "min": 6.93976261157e-21, "var": 2.24339615329e-07}, "spectral_energyband_low": {"dmean": 0.000862910354044, "dmean2": 0.00143044569995, "dvar": 1.25304700305e-06, "dvar2": 3.16907016895e-06, "max": 0.0135193718597, "mean": 0.00152667670045, "median": 0.00102411361877, "min": 1.80554247329e-23, "var": 2.85565624836e-06}, "spectral_energyband_middle_high": {"dmean": 0.00149411591701, "dmean2": 0.00229514739476, "dvar": 7.36198080631e-06, "dvar2": 1.76056237251e-05, "max": 0.0529756881297, "mean": 0.00462739681825, "median": 0.0023960666731, "min": 1.17526592874e-21, "var": 3.47585009877e-05}, "spectral_energyband_middle_low": {"dmean": 0.00462116766721, "dmean2": 0.00691844290122, "dvar": 6.36347613181e-05, "dvar2": 0.000143327808473, "max": 0.176957368851, "mean": 0.0118957823142, "median": 0.00517386756837, "min": 1.47455596965e-22, "var": 0.000265726412181}, "spectral_entropy": {"dmean": 0.153288662434, "dmean2": 0.231044143438, "dvar": 0.0180194675922, "dvar2": 0.03909406811, "max": 9.81851387024, "mean": 7.39099025726, "median": 7.38847398758, "min": 6.0688662529, "var": 0.125457257032}, "spectral_flux": {"dmean": 0.0146304694936, "dmean2": 0.0233697164804, "dvar": 0.000249235396041, "dvar2": 0.000634024559986, "max": 0.264095067978, "mean": 0.0693937689066, "median": 0.0660189464688, "min": 6.35877808741e-11, "var": 0.00126505643129}, "spectral_kurtosis": {"dmean": 3.96395850182, "dmean2": 6.21675777435, "dvar": 14.5961465836, "dvar2": 36.4425010681, "max": 54.5065193176, "mean": 22.0469226837, "median": 21.516834259, "min": -1.24377334118, "var": 43.1960945129}, "spectral_rms": {"dmean": 0.000583074463066, "dmean2": 0.000840650405735, "dvar": 3.66467986623e-07, "dvar2": 7.67606991303e-07, "max": 0.0141833201051, "mean": 0.00399374263361, "median": 0.00366609799676, "min": 3.16635086206e-12, "var": 4.33838340541e-06}, "spectral_rolloff": {"dmean": 2734.35595703, "dmean2": 5178.61816406, "dvar": 36773188, "dvar2": 87876400, "max": 22050, "mean": 13189.5097656, "median": 20499.609375, "min": 215.33203125, "var": 94154328}, "spectral_skewness": {"dmean": 0.276301294565, "dmean2": 0.423535555601, "dvar": 0.0692169070244, "dvar2": 0.153787121177, "max": 5.50952720642, "mean": 3.17467069626, "median": 3.14954566956, "min": -0.070348508656, "var": 0.357823222876}, "spectral_spread": {"dmean": 404583.34375, "dmean