{"lowlevel": {"average_loudness": 0.793692886829, "barkbands": {"dmean": [0.00019580188382, 0.00207587936893, 0.00117200694513, 0.000792152655777, 0.00196975772269, 0.00108046189416, 0.000717485614587, 0.000686551211402, 0.00104198779445, 0.00106250913814, 0.000397721043555, 0.000491411832627, 0.000516554981004, 0.000570194097236, 0.000290253607091, 0.000229421493714, 7.51363186282e-05, 9.36339856707e-05, 7.76648666942e-05, 6.64107064949e-05, 6.77406060277e-05, 5.43648238818e-05, 4.14472669945e-05, 4.3732830818e-05, 1.67287835211e-05, 2.33267974181e-06, 1.40048058483e-07], "dmean2": [0.000311581796268, 0.00342118856497, 0.00201622443274, 0.00126022135373, 0.00293432199396, 0.00160170847084, 0.00110013410449, 0.00103718426544, 0.00163246726152, 0.00160829012748, 0.000608034490142, 0.000778371409979, 0.000816894404124, 0.000888236740138, 0.000450252176961, 0.000357388984412, 0.000117267751193, 0.000141692129546, 0.000122502693557, 9.88194879028e-05, 9.86268205452e-05, 7.69819016568e-05, 6.00997373112e-05, 6.29998976365e-05, 2.42154565058e-05, 3.3609694583e-06, 2.11517132698e-07], "dvar": [2.48410572112e-07, 3.69349763787e-05, 1.03162201412e-05, 4.07342804465e-06, 1.25809247038e-05, 4.45401792604e-06, 3.0188632536e-06, 4.04488537242e-06, 1.4231570276e-05, 1.1848154827e-05, 2.69849715551e-06, 3.62950004273e-06, 2.88688352157e-06, 3.51135963683e-06, 1.36726509936e-06, 1.56316809807e-06, 5.15639122511e-08, 8.31631012943e-08, 4.8783448392e-08, 3.71416994938e-08, 5.51149135219e-08, 1.86411668324e-08, 1.26473187478e-08, 1.79016890201e-08, 2.3298658558e-09, 3.96406310554e-11, 2.44949514231e-13], "dvar2": [6.49097103178e-07, 9.6840900369e-05, 3.03586402879e-05, 1.0598051631e-05, 2.95492754958e-05, 9.47634998738e-06, 7.20241359886e-06, 8.80765128386e-06, 3.58045144822e-05, 2.70750151685e-05, 6.12409621681e-06, 8.62982869876e-06, 6.77074103805e-06, 8.0707250163e-06, 3.07987397719e-06, 3.35219647241e-06, 1.10239270157e-07, 1.68021927038e-07, 1.12898462135e-07, 7.82136169164e-08, 1.01786937989e-07, 3.79992393107e-08, 2.74451394944e-08, 4.0981966265e-08, 5.32173105583e-09, 8.62620461173e-11, 5.75328413382e-13], "max": [0.00970369577408, 0.0824059844017, 0.0653988346457, 0.078558281064, 0.0672518461943, 0.0506919100881, 0.0443726703525, 0.0437188521028, 0.0766727551818, 0.0697617977858, 0.0411763079464, 0.0555388480425, 0.0422826223075, 0.040595844388, 0.0485934205353, 0.0410437360406, 0.0105587486178, 0.00875687692314, 0.00531955529004, 0.00705375894904, 0.0100233443081, 0.00455408776179, 0.00399903766811, 0.00470988312736, 0.00100042903796, 0.000126708400785, 1.05544477265e-05], "mean": [0.000264252157649, 0.00353599851951, 0.0018210534472, 0.00137526611798, 0.00467533012852, 0.00230529042892, 0.0012535500573, 0.00108705123421, 0.00155696016736, 0.00171802565455, 0.00064421800198, 0.000813754741102, 0.000816876650788, 0.00088371016318, 0.00044631655328, 0.000360062462278, 0.00013586289424, 0.000174505534233, 0.000145158439409, 0.000126096172608, 0.00013437931193, 0.000117372786917, 8.17163308966e-05, 7.93502040324e-05, 2.94154142466e-05, 3.63421031579e-06, 1.71822662764e-07], "median": [2.73672867479e-05, 0.00110246357508, 0.000794920488261, 0.000381707533961, 0.00263338605873, 0.00106766982935, 0.000369055196643, 0.000178770249477, 0.000180556438863, 0.000178156682523, 2.81361171801e-05, 5.29060271219e-05, 4.71123603347e-05, 7.71170671214e-05, 5.12401202286e-05, 5.79992847634e-05, 3.6472298234e-05, 5.57307394047e-05, 4.48037062597e-05, 3.71312853531e-05, 1.96257751668e-05, 2.13376388274e-05, 1.95105239982e-05, 1.73669286596e-05, 6.14840155322e-06, 8.25192671527e-07, 2.74984532922e-08], "min": [1.07702489137e-24, 2.28835729615e-24, 6.0484332186e-25, 1.30646469122e-24, 1.2581136314e-23, 5.57400004286e-24, 4.12837377986e-24, 5.80464246116e-24, 1.41666118383e-23, 1.39116630378e-23, 1.63326014252e-23, 1.86008857612e-23, 3.55318034732e-23, 3.56783170314e-23, 6.36887293592e-23, 5.55525378896e-23, 5.74298753828e-23, 1.02593235058e-22, 1.3935941021e-22, 1.52896389561e-22, 2.57365277105e-22, 3.17006695637e-22, 4.5079258267e-22, 6.24211775593e-22, 9.09612310989e-22, 1.34434550316e-21, 2.07746027141e-21], "var": [3.57035844445e-07, 4.34731700807e-05, 1.06916686491e-05, 9.30831902224e-06, 3.62847931683e-05, 1.44095738506e-05, 5.8604705373e-06, 8.05755553301e-06, 2.28129138122e-05, 2.49265758612e-05, 6.42904660708e-06, 8.93685592018e-06, 6.3775628405e-06, 7.14252973921e-06, 3.31968794853e-06, 3.28991222887e-06, 1.27773162717e-07, 2.1980179099e-07, 1.15854348337e-07, 9.70998570438e-08, 1.76101124794e-07, 7.05318257133e-08, 2.95406650253e-08, 3.06214502643e-08, 4.20419432601e-09, 6.04174973939e-11, 2.75382581322e-13]}, "barkbands_crest": {"dmean": 2.43795394897, "dmean2": 3.85790491104, "dvar": 5.57045269012, "dvar2": 13.7694330215, "max": 26.7390136719, "mean": 11.5271282196, "median": 10.5296344757, "min": 3.24985432625, "var": 21.0492267609}, "barkbands_flatness_db": {"dmean": 0.0200843177736, "dmean2": 0.0293964706361, "dvar": 0.000430792453699, "dvar2": 0.000871656287927, "max": 0.49366158247, "mean": 0.181939989328, "median": 0.173165559769, "min": 0.0523843951523, "var": 0.00393176311627}, "barkbands_kurtosis": {"dmean": 5.07274103165, "dmean2": 7.68264770508, "dvar": 196.446472168, "dvar2": 383.858856201, "max": 563.912536621, "mean": 10.9982061386, "median": 4.85224866867, "min": -1.92626571655, "var": 621.524963379}, "barkbands_skewness": {"dmean": 0.600185096264, "dmean2": 0.891172587872, "dvar": 0.664522767067, "dvar2": 1.34998214245, "max": 23.4000797272, "mean": 1.98083019257, "median": 1.76937353611, "min": -3.66244769096, "var": 3.54981040955}, "barkbands_spread": {"dmean": 3.81298947334, "dmean2": 5.63265275955, "dvar": 34.0718460083, "dvar2": 66.2912063599, "max": 142.701522827, "mean": 14.3118038177, "median": 11.7181310654, "min": 0.285813868046, "var": 125.796897888}, "dissonance": {"dmean": 0.0260430853814, "dmean2": 0.0429637171328, "dvar": 0.000599452177994, "dvar2": 0.0015720857773, "max": 0.5, "mean": 0.429793864489, "median": 0.439444214106, "min": 0.153397411108, "var": 0.00218512187712}, "dynamic_complexity": 4.39382839203, "erbbands": {"dmean": [0.0518631003797, 0.518383443356, 1.35786211491, 1.7284027338, 5.07994174957, 6.49969768524, 10.3473520279, 8.30539226532, 10.5426721573, 9.22309589386, 16.1145915985, 22.0451545715, 28.81889534, 28.9703159332, 18.9007453918, 16.4931774139, 21.9449062347, 23.9273757935, 22.4020061493, 8.31784439087, 12.7741155624, 4.526014328, 4.80033588409, 3.91610383987, 3.25946760178, 3.30661082268, 3.25621056557, 2.08066415787, 1.92262613773, 1.57522082329, 1.19679951668, 1.02594661713, 0.646727979183, 0.264626860619, 0.0797628983855, 0.0183384791017, 0.00275215203874, 0.000340512953699, 2.80170970655e-05, 8.79809886101e-06], "dmean2": [0.084586545825, 0.869785785675, 2.32466650009, 2.82640242577, 7.92009019852, 9.69226360321, 15.1348390579, 12.5172815323, 16.0504455566, 13.8506402969, 24.2490558624, 34.2642021179, 43.2385368347, 43.6590538025, 28.508682251, 25.5143318176, 34.554019928, 36.8140869141, 34.5617675781, 12.4034538269, 19.6855049133, 6.91740512848, 7.22538089752, 6.06308603287, 5.07575035095, 4.91168498993, 4.61697864532, 3.12134814262, 2.76381540298, 2.26190257072, 1.74062800407, 1.48509693146, 0.938509106636, 0.384958088398, 0.115122616291, 0.0263731777668, 0.00392204616219, 0.00048600701848, 4.11271103076e-05, 1.31848282763e-05], "dvar": [0.0205808561295, 2.5710670948, 14.1330766678, 18.8116283417, 123.236694336, 166.716491699, 499.297241211, 376.020172119, 691.298156738, 647.282165527, 2240.43066406, 7406.83447266, 9472.07519531, 8934.75878906, 4278.10449219, 3844.99047852, 5262.56542969, 7436.00146484, 5512.07666016, 2421.05786133, 5574.609375, 178.91809082, 261.526641846, 135.50567627, 78.5349807739, 115.146713257, 169.385238647, 32.0627250671, 21.924829483, 15.5415906906, 11.4788627625, 10.4373474121, 3.85678458214, 0.641810059547, 0.0475130006671, 0.00243627629243, 6.08574155194e-05, 1.16662681648e-06, 8.81819506304e-09, 1.59659896415e-10], "dvar2": [0.0478758923709, 6.96118354797, 40.3402099609, 51.3227157593, 322.199157715, 373.399353027, 1117.13818359, 809.420776367, 1660.00402832, 1503.44018555, 4965.03320312, 18116.9824219, 21292.9003906, 21201.5898438, 9680.82226562, 8642.73144531, 12861.9785156, 17368.7734375, 12496.8828125, 5084.97460938, 11998.0292969, 389.237670898, 527.221740723, 320.367340088, 166.163574219, 243.588424683, 298.541564941, 68.5911865234, 46.4603118896, 32.44871521, 24.9619426727, 24.0326251984, 8.92941570282, 1.49449276924, 0.104710482061, 0.00536845205352, 0.000129957945319, 2.55194481724e-06, 2.05311341261e-08, 3.65156460624e-10], "max": [2.24123477936, 21.5706348419, 72.4263687134, 177.171386719, 207.916290283, 326.438720703, 508.199523926, 532.384460449, 766.583740234, 663.972290039, 1180.15258789, 2179.1015625, 2235.3684082, 2251.07470703, 1428.05859375, 2145.25854492, 2004.42675781, 2255.95776367, 2347.84912109, 3051.91113281, 2808.72558594, 361.968048096, 532.450378418, 359.030578613, 351.499694824, 491.316040039, 668.029602051, 120.965797424, 105.15801239, 128.231445312, 125.007423401, 125.370109558, 57.4567947388, 17.8608036041, 4.74130296707, 1.13222980499, 0.144840925932, 0.0247250590473, 0.00209950981662, 0.000176956003997], "mean": [0.0933712124825, 0.809422135353, 2.21966409683, 3.20164442062, 10.2572050095, 14.8725252151, 21.7990932465, 17.7003250122, 19.5313014984, 15.9882507324, 26.4311141968, 33.6347579956, 45.05418396, 49.6840858459, 33.5417060852, 29.3761844635, 37.7797470093, 41.407283783, 40.5367546082, 14.1420497894, 20.5436000824, 9.24419784546, 9.39269924164, 7.64036655426, 6.72825288773, 6.44525432587, 6.43795061111, 4.2003531456, 4.0572552681, 3.23197698593, 2.34851408005, 1.85332143307, 1.16286063194, 0.473712056875, 0.136919111013, 0.0298930630088, 0.00433769775555, 0.000502461218275, 4.62774114567e-05, 3.0435008739e-05], "median": [0.0225827749819, 0.268586337566, 1.01258802414, 1.45421528816, 4.62212324142, 6.89520359039, 7.47348976135, 7.98132753372, 7.00386667252, 5.39702272415, 5.49759578705, 5.26583051682, 5.9354467392, 5.32558012009, 2.41422200203, 2.67872095108, 2.6500351429, 3.50257062912, 3.8930785656, 2.68651366234, 3.4876704216, 2.6065864563, 2.92352175713, 2.63596248627, 2.49809455872, 1.84887588024, 1.14446783066, 0.610461592674, 0.706294953823, 0.656879127026, 0.547335743904, 0.428376764059, 0.233181342483, 0.0906942933798, 0.0311486199498, 0.00693387072533, 0.00098832231015, 0.000111151595775, 1.84540749615e-05, 2.39649216383e-05], "min": [5.23075427788e-23, 4.229697236e-22, 2.84625760391e-21, 3.91710854009e-21, 1.33441495353e-20, 2.72849014719e-20, 2.80897805196e-20, 6.04352308075e-20, 1.67339077359e-19, 1.96866026032e-19, 1.17565034962e-19, 3.34740012319e-19, 5.14517404549e-19, 5.96358395861e-19, 8.6657105672e-19, 8.50424129272e-19, 1.62056210829e-18, 2.10380360708e-18, 2.94272253291e-18, 3.23530148545e-18, 3.2280034777e-18, 4.93563947695e-18, 5.26228400187e-18, 6.70364166975e-18, 6.76410898611e-18, 7.77196569678e-18, 1.00772336915e-17, 1.01284121832e-17, 1.0061975518e-17, 1.19842373824e-17, 1.19308858873e-17, 1.16778149419e-17, 1.04140608098e-17, 7.86813950506e-18, 6.67164880519e-18, 3.9334439904e-18, 2.36730364557e-18, 9.67294565164e-19, 2.69608379573e-19, 2.86508480818e-20], "var": [0.0344001203775, 2.52903008461, 14.4945726395, 35.3635025024, 237.285644531, 499.107513428, 1594.27661133, 1095.63366699, 1347.20031738, 1241.97692871, 4614.04785156, 11288.8613281, 16716.3066406, 20415.609375, 10738.5410156, 9525.36816406, 13318.1279297, 16875.09375, 16078.8613281, 4210.67675781, 11844.2265625, 549.303894043, 727.714782715, 316.01260376, 201.687698364, 289.945861816, 502.047302246, 106.377853394, 75.4198303223, 53.5369720459, 26.381105423, 17.7144565582, 6.5554766655, 1.16390264034, 0.0873323082924, 0.0038601080887, 9.26272696233e-05, 1.59690773671e-06, 1.04758246522e-08, 6.41350139663e-10]}, "erbbands_crest": {"dmean": 3.0685968399, "dmean2": 4.84100723267, "dvar": 8.46180152893, "dvar2": 19.7658634186, "max": 31.2032394409, "mean": 12.305147171, "median": 11.2235088348, "min": 2.46054387093, "var": 32.2009735107}, "erbbands_flatness_db": {"dmean": 0.0182942450047, "dmean2": 0.0258586686105, "dvar": 0.000343533145497, "dvar2": 0.000623441126663, "max": 0.467701047659, "mean": 0.189988046885, "median": 0.188034266233, "min": 0.0232750270516, "var": 0.00272133131512}, "erbbands_kurtosis": {"dmean": 1.87876582146, "dmean2": 2.84061360359, "dvar": 15.4949378967, "dvar2": 32.3096351624, "max": 191.290390015, "mean": 3.35291695595, "median": 1.08199977875, "min": -1.8943631649, "var": 68.0582504272}, "erbbands_skewness": {"dmean": 0.424421131611, "dmean2": 0.632802963257, "dvar": 0.202304720879, "dvar2": 0.406295061111, "max": 9.98935317993, "mean": 0.997271120548, "median": 0.81906837225, "min": -4.38686418533, "var": 1.48492968082}, "erbbands_spread": {"dmean": 8.02555942535, "dmean2": 11.7996740341, "dvar": 104.753517151, "dvar2": 215.890625, "max": 161.381088257, "mean": 33.4118270874, "median": 28.4284286499, "min": 0.563772320747, "var": 504.72756958}, "gfcc": {"cov": [[23543.515625, 479.599151611, -2691.39770508, 950.197998047, -1352.88903809, 1640.5357666, -380.420562744, 50.3209609985, -589.805297852, -116.591407776, -349.504760742, -391.284393311, -121.172065735], [479.599151611, 1268.54394531, 4.45925426483, -66.7589492798, 291.383270264, -281.396484375, 86.8417663574, -29.5979061127, 62.7854804993, -109.322807312, 85.0843429565, -52.2418365479, 10.7300825119], [-2691.39770508, 4.45925426483, 1128.68652344, 208.554260254, 143.279830933, -151.25088501, 39.1699028015, 81.7779083252, 70.5165328979, 32.6287269592, 9.51598644257, 66.7883148193, 18.7485141754], [950.197998047, -66.7589492798, 208.554260254, 543.218200684, 112.837692261, 51.6757049561, -30.3767051697, 29.0860595703, 26.7664222717, 42.513671875, -43.5823059082, -11.2681941986, 1.8937882185], [-1352.88903809, 291.383270264, 143.279830933, 112.837692261, 581.941711426, -32.1402702332, 119.5546875, 14.3460893631, 74.4878387451, 57.0840492249, 38.3030738831, 40.2718429565, 8.23613929749], [1640.5357666, -281.396484375, -151.25088501, 51.6757049561, -32.1402702332, 576.168151855, 126.283119202, 32.1475410461, -76.2510299683, 42.4375495911, -27.2250518799, -19.2517528534, -19.6416473389], [-380.420562744, 86.8417663574, 39.1699028015, -30.3767051697, 119.5546875, 126.283119202, 239.842407227, 60.2170066833, 0.688302576542, 16.2580509186, 27.1420288086, 9.57303905487, -3.53341293335], [50.3209609985, -29.5979061127, 81.7779083252, 29.0860595703, 14.3460893631, 32.1475410461, 60.2170066833, 184.975387573, 58.5388908386, 33.5055389404, -3.97626376152, 6.32921981812, 6.85734224319], [-589.805297852, 62.7854804993, 70.5165328979, 26.7664222717, 74.4878387451, -76.2510299683, 0.688302576542, 58.5388908386, 164.675384521, 60.4065818787, 27.4787521362, 16.0481300354, 10.3162002563], [-116.591407776, -109.322807312, 32.6287269592, 42.513671875, 57.0840492249, 42.4375495911, 16.2580509186, 33.5055389404, 60.4065818787, 149.20135498, 41.5210800171, 35.3162498474, -6.63229942322], [-349.504760742, 85.0843429565, 9.51598644257, -43.5823059082, 38.3030738831, -27.2250518799, 27.1420288086, -3.97626376152, 27.4787521362, 41.5210800171, 121.470466614, 50.4575691223, 3.23450636864], [-391.284393311, -52.2418365479, 66.7883148193, -11.2681941986, 40.2718429565, -19.2517528534, 9.57303905487, 6.32921981812, 16.0481300354, 35.3162498474, 50.4575691223, 123.406417847, 30.3386154175], [-121.172065735, 10.7300825119, 18.7485141754, 1.8937882185, 8.23613929749, -19.6416473389, -3.53341293335, 6.85734224319, 10.3162002563, -6.63229942322, 3.23450636864, 30.3386154175, 82.7008132935]], "icov": [[0.000400723685743, -0.00103635468986, 0.000872991571669, -0.00111962936353, 0.001132941572, -0.00119147659279, 0.00099123083055, -0.000850156066008, 0.00108651653863, -0.00083876150893, 0.000834717939142, -0.000639565638267, 0.000265539594693], [-0.00103635468986, 0.00406461302191, -0.00216085743159, 0.00290178274736, -0.00358073692769, 0.00366105162539, -0.00307712843642, 0.00231781392358, -0.00323040154763, 0.00354183651507, -0.00352532952093, 0.00280357664451, -0.000923541025259], [0.000872991571669, -0.00216085743159, 0.0030095486436, -0.00288745108992, 0.00237063528039, -0.00215486017987, 0.00179192260839, -0.0021847221069, 0.00228423764929, -0.00170330516994, 0.00189870619215, -0.00192500045523, 0.000663525715936], [-0.00111962936353, 0.00290178274736, -0.00288745108992, 0.0054821013473, -0.00373131921515, 0.00287770642899, -0.00189638067968, 0.00216479389928, -0.00305593200028, 0.00175614655018, -0.00154089159332, 0.00219442998059, -0.000916080549359], [0.001132941572, -0.00358073692769, 0.00237063528039, -0.00373131921515, 0.00584752904251, -0.00326834945008, 0.00147945131175, -0.00173254148103, 0.00242668483406, -0.00340253510512, 0.00302534666844, -0.0027782022953, 0.000846119131893], [-0.00119147659279, 0.00366105162539, -0.00215486017987, 0.00287770642899, -0.00326834945008, 0.00638398388401, -0.0047739977017, 0.00233543943614, -0.00200398266315, 0.00167484837584, -0.00229104561731, 0.00242098490708, -0.000768270867411], [0.00099123083055, -0.00307712843642, 0.00179192260839, -0.00189638067968, 0.00147945131175, -0.0047739977017, 0.00926441513002, -0.00428935885429, 0.00349061028101, -0.00184289494064, 0.000897875288501, -0.00154577440117, 0.000907817506231], [-0.000850156066008, 0.00231781392358, -0.0021847221069, 0.00216479389928, -0.00173254148103, 0.00233543943614, -0.00428935885429, 0.00914669968188, -0.00511712022126, 0.00118519098032, -0.000536093546543, 0.00125558720902, -0.00102140067611], [0.00108651653863, -0.00323040154763, 0.00228423764929, -0.00305593200028, 0.00242668483406, -0.00200398266315, 0.00349061028101, -0.00511712022126, 0.0125597883016, -0.00603882689029, 0.00161454512272, -0.00103872804902, -0.000314078584779], [-0.00083876150893, 0.00354183651507, -0.00170330516994, 0.00175614655018, -0.00340253510512, 0.00167484837584, -0.00184289494064, 0.00118519098032, -0.00603882689029, 0.0132297892123, -0.0055763903074, 0.000382520229323, 0.00110911810771], [0.000834717939142, -0.00352532952093, 0.00189870619215, -0.00154089159332, 0.00302534666844, -0.00229104561731, 0.000897875288501, -0.000536093546543, 0.00161454512272, -0.0055763903074, 0.0149257108569, -0.00653237430379, 0.00168667081743], [-0.000639565638267, 0.00280357664451, -0.00192500045523, 0.00219442998059, -0.0027782022953, 0.00242098490708, -0.00154577440117, 0.00125558720902, -0.00103872804902, 0.000382520229323, -0.00653237430379, 0.0137346172705, -0.00485594524071], [0.000265539594693, -0.000923541025259, 0.000663525715936, -0.000916080549359, 0.000846119131893, -0.000768270867411, 0.000907817506231, -0.00102140067611, -0.000314078584779, 0.00110911810771, 0.00168667081743, -0.00485594524071, 0.0141715239733]], "mean": [-63.0990180969, 111.992103577, -111.214134216, 35.2255096436, -66.1433486938, 7.52272701263, -41.6231842041, 3.01246643066, -20.3748569489, -4.4416308403, -9.30608654022, -5.60762691498, -4.42380523682]}, "hfc": {"dmean": 4.69916915894, "dmean2": 6.59507465363, "dvar": 62.2212371826, "dvar2": 118.977867126, "max": 168.502471924, "mean": 16.7170562744, "median": 8.637550354, "min": 1.09124055306e-16, "var": 417.951202393}, "melbands": {"dmean": [0.000511753023602, 0.000695781083778, 0.00039244472282, 0.000405147118727, 0.000345930777257, 0.000185640776181, 0.000157215705258, 0.000110843946459, 0.000130993430503, 0.000147263446706, 0.000150922525791, 0.000129800318973, 6.35757678538e-05, 5.97230609856e-05, 4.48995924671e-05, 5.13674494869e-05, 4.61560739495e-05, 4.27292834502e-05, 1.58489165187e-05, 1.14553731692e-05, 1.56786318257e-05, 4.44019815404e-06, 5.84575627727e-06, 3.89222395825e-06, 3.44764657711e-06, 3.1176145967e-06, 2.29014472097e-06, 2.2224676286e-06, 2.34517824538e-06, 1.55445991368e-06, 1.23530276142e-06, 1.16318801702e-06, 1.12049315248e-06, 8.28097370231e-07, 7.23466769159e-07, 6.78141816479e-07, 6.6445147695e-07, 5.11187408847e-07, 3.54649529299e-07, 1.94456049485e-07], "dmean2": [0.000840490683913, 0.00117872154806, 0.000631793751381, 0.000607670517638, 0.000505866948515, 0.000278081628494, 0.000239288856392, 0.000165387464222, 0.000196897846763, 0.000230228950386, 0.00022645489662, 0.00019560130022, 9.61758196354e-05, 9.46489526541e-05, 7.03078767401e-05, 7.91069323895e-05, 7.13548361091e-05, 6.60157747916e-05, 2.44784714596e-05, 1.74360011442e-05, 2.45278497459e-05, 6.93021729603e-06, 8.81831874722e-06, 6.05065451964e-06, 5.39208940609e-06, 4.94883624924e-06, 3.47033505932e-06, 3.38291897606e-06, 3.3710068692e-06, 2.30461137107e-06, 1.88569379134e-06, 1.7251962845e-06, 1.61601201398e-06, 1.22389997159e-06, 1.07149378437e-06, 9.95841560325e-07, 9.8163502571e-07, 7.52945027216e-07, 5.27669612893e-07, 2.8872926805e-07], "dvar": [2.07278344533e-06, 3.92605443267e-06, 7.96163590167e-07, 5.56230531856e-07, 5.3146902701e-07, 1.62382320923e-07, 1.4452317032e-07, 8.8696950229e-08, 1.53509404299e-07, 3.17250425041e-07, 2.55110364833e-07, 1.79701402203e-07, 5.89250319649e-08, 6.2979403026e-08, 2.82593930478e-08, 2.89393771169e-08, 2.71863722645e-08, 2.03527594778e-08, 5.54592860524e-09, 4.61958249431e-09, 7.80246978138e-09, 2.29887942016e-10, 4.18324902496e-10, 1.01337750691e-10, 1.21129897779e-10, 7.18889531237e-11, 4.67194789799e-11, 5.22389909108e-11, 1.12963992327e-10, 2.10775129988e-11, 1.06211506604e-11, 8.27666581105e-12, 8.46999293619e-12, 4.06768455724e-12, 3.78134979925e-12, 4.3530361607e-12, 4.5121974733e-12, 2.36587594134e-12, 1.23132873255e-12, 3.35978179956e-13], "dvar2": [5.24492361365e-06, 1.07752330223e-05, 2.12729401028e-06, 1.36366065817e-06, 1.20326751585e-06, 3.49537856437e-07, 3.44368999095e-07, 1.9879796298e-07, 3.43323847574e-07, 7.88530655882e-07, 5.71151986151e-07, 4.23510698511e-07, 1.31717655449e-07, 1.4856522057e-07, 6.28616305676e-08, 6.72094770948e-08, 6.34442542946e-08, 4.62984246496e-08, 1.21168763911e-08, 9.20940212978e-09, 1.69671316996e-08, 5.15916365185e-10, 8.51733683582e-10, 2.22015461571e-10, 2.922518616e-10, 1.55878282504e-10, 1.01094743687e-10, 1.13133120927e-10, 2.00258629124e-10, 4.18740458974e-11, 2.46352330896e-11, 1.80828511886e-11, 1.80623068585e-11, 8.91068208803e-12, 8.1613292513e-12, 9.88925521334e-12, 1.06871534192e-11, 5.52431711487e-12, 2.94945426589e-12, 7.73445272672e-13], "max": [0.0213286299258, 0.0323310606182, 0.0309049468488, 0.0126749584451, 0.0151224639267, 0.011319280602, 0.0106172701344, 0.00757095543668, 0.00891433376819, 0.012898793444, 0.0112243983895, 0.0102025326341, 0.00592084089294, 0.00801546871662, 0.00586180295795, 0.00385789852589, 0.00381019362248, 0.00409176386893, 0.00319560361095, 0.00344566977583, 0.00342600978911, 0.000511888298206, 0.000661253754515, 0.000244716939051, 0.000366851541912, 0.000299231207464, 0.000213283550693, 0.000342051003827, 0.000594369135797, 0.000156211783178, 8.24540111353e-05, 7.27522128727e-05, 9.79981778073e-05, 4.68516918772e-05, 6.49127614452e-05, 7.89003825048e-05, 8.31455690786e-05, 4.95550484629e-05, 3.49459915014e-05, 1.32901968755e-05], "mean": [0.000909085210878, 0.00116733671166, 0.000766490993556, 0.000935667543672, 0.000754798937123, 0.000397905590944, 0.000289971823804, 0.00018570094835, 0.000209748846828, 0.000220028974582, 0.000231531230384, 0.000215294829104, 0.000108110172732, 9.81620323728e-05, 7.38745438866e-05, 8.33962913021e-05, 7.39960669307e-05, 7.324260514e-05, 2.42106852966e-05, 1.76275425474e-05, 2.42241530941e-05, 7.76077376941e-06, 1.06921088445e-05, 6.97153745932e-06, 6.05385730523e-06, 5.80260984862e-06, 4.24851168646e-06, 3.99566715714e-06, 4.32656497651e-06, 2.93854600386e-06, 2.26049405683e-06, 2.27840314437e-06, 2.25705184675e-06, 1.57600675266e-06, 1.34842525767e-06, 1.22362928323e-06, 1.10991436486e-06, 8.73716658134e-07, 6.09376627381e-07, 3.26171118559e-07], "median": [0.000263125286438, 0.000511239748448, 0.000357332202839, 0.000473101448733, 0.000289960706141, 0.000184749049367, 0.000103053156636, 5.32840458618e-05, 3.81586651201e-05, 2.64087902906e-05, 2.61361401499e-05, 1.89350539586e-05, 5.50919685338e-06, 6.57428927298e-06, 4.78812307847e-06, 5.85006546316e-06, 5.7005945564e-06, 6.19051479589e-06, 3.53405198439e-06, 2.71197450274e-06, 4.06428125643e-06, 2.03404283639e-06, 2.35717743635e-06, 2.37554831983e-06, 1.92834363588e-06, 1.74165347744e-06, 1.47305775045e-06, 9.93355342871e-07, 7.08893423962e-07, 3.95388838115e-07, 3.17990867416e-07, 3.78504068976e-07, 4.17818910137e-07, 3.19158715456e-07, 3.00941479736e-07, 2.78343208038e-07, 2.42153816998e-07, 1.67444653698e-07, 1.00014950988e-07, 5.91063908928e-08], "min": [7.29319261817e-25, 1.81608244384e-24, 1.26302922092e-24, 1.95394338121e-24, 1.06572820599e-24, 1.19434398937e-24, 2.23501511338e-24, 1.72105192046e-24, 8.82153469417e-25, 1.79689912156e-24, 2.5269944253e-24, 2.28775421199e-24, 3.01874802829e-24, 2.15565945341e-24, 2.46556227673e-24, 2.57850270367e-24, 3.42845733613e-24, 3.83235333074e-24, 4.47412914803e-24, 3.37878710366e-24, 3.16084850138e-24, 4.54850334861e-24, 3.37790831261e-24, 4.37307764379e-24, 4.5486871532e-24, 4.08962098789e-24, 3.44458914721e-24, 4.46235342687e-24, 4.85850359625e-24, 4.90666473781e-24, 4.37369571631e-24, 5.15522770929e-24, 4.77305181642e-24, 5.7007230531e-24, 6.02595817698e-24, 6.76524745735e-24, 6.54837776159e-24, 6.12841069819e-24, 6.06810188755e-24, 6.13818902354e-24], "var": [2.84853740595e-06, 4.03884541811e-06, 1.59438627634e-06, 1.59231910857e-06, 1.68878023032e-06, 4.96537609251e-07, 2.90772618428e-07, 1.69653432636e-07, 2.95943863193e-07, 4.93938614454e-07, 4.57304366819e-07, 4.08745961522e-07, 1.44932286616e-07, 1.52147080712e-07, 6.88829047135e-08, 6.83346996766e-08, 5.82247103864e-08, 5.49252661131e-08, 1.14564295828e-08, 9.14634235016e-09, 1.69285918616e-08, 4.88438067769e-10, 1.36855937694e-09, 2.25720733771e-10, 2.5089280653e-10, 1.80359380209e-10, 1.09963115003e-10, 1.19927207054e-10, 3.2123867455e-10, 6.80636935702e-11, 2.98696414824e-11, 2.55508444263e-11, 2.9059601947e-11, 1.16563243432e-11, 8.78237326613e-12, 8.15816164623e-12, 6.84055676686e-12, 3.79592798166e-12, 2.16098059586e-12, 5.9287899026e-13]}, "melbands_crest": {"dmean": 2.85284948349, "dmean2": 4.49306631088, "dvar": 7.52622270584, "dvar2": 18.4234352112, "max": 39.6259613037, "mean": 14.7393379211, "median": 13.8104457855, "min": 1.00142514706, "var": 33.3485870361}, "melbands_flatness_db": {"dmean": 0.0231606122106, "dmean2": 0.0333237797022, "dvar": 0.000640612328425, "dvar2": 0.00125970353838, "max": 0.593145310879, "mean": 0.246053725481, "median": 0.240737855434, "min": -1.2080109002e-07, "var": 0.00696144765243}, "melbands_kurtosis": {"dmean": 10.1564073563, "dmean2": 15.6673946381, "dvar": 1367.66674805, "dvar2": 3437.78540039, "max": 2184.70068359, "mean": 22.1539134979, "median": 10.0260858536, "min": -1.85610723495, "var": 2606.6394043}, "melbands_skewness": {"dmean": 0.774620831013, "dmean2": 1.14084613323, "dvar": 1.17602014542, "dvar2": 2.5837597847, "max": 43.1571235657, "mean": 2.73628020287, "median": 2.32499670982, "min": -1.19895529747, "var": 5.57853746414}, "melbands_spread": {"dmean": 4.633436203, "dmean2": 7.01765584946, "dvar": 91.7588577271, "dvar2": 182.192687988, "max": 254.818908691, "mean": 17.8664608002, "median": 11.8866424561, "min": 0.226659849286, "var": 441.371795654}, "mfcc": {"cov": [[13006.3007812, -482.029266357, -659.487548828, -649.697875977, -195.749008179, 864.821594238, 483.178710938, 280.989318848, 74.8249511719, 175.22833252, -23.2785282135, -111.932060242, -272.063323975], [-482.029266357, 1474.29772949, -153.701416016, 219.833084106, 113.258392334, -128.507369995, 29.6155204773, 49.2745056152, -49.2558441162, 48.9308738708, 3.42540836334, -28.1043930054, 29.1721191406], [-659.487548828, -153.701416016, 822.32611084, 173.988876343, 25.109085083, -43.5473327637, -44.0990638733, 9.40963554382, 19.4236392975, 9.454870224, -4.80252027512, 16.8069992065, -7.53416109085], [-649.697875977, 219.833084106, 173.988876343, 615.215881348, 222.681945801, -52.4284439087, -45.682964325, -30.0091247559, 64.5297851562, -3.71216392517, -1.4547444582, 48.699836731, 72.552230835], [-195.749008179, 113.258392334, 25.109085083, 222.681945801, 312.207580566, 76.4135055542, 22.6689739227, 2.60850811005, 74.3558731079, 4.49633169174, 18.6074867249, 44.5522117615, 35.5226898193], [864.821594238, -128.507369995, -43.5473327637, -52.4284439087, 76.4135055542, 326.266937256, 162.548950195, 42.568031311, 48.7871932983, -6.19269227982, 42.2075500488, 22.5030708313, -22.1811466217], [483.178710938, 29.6155204773, -44.0990638733, -45.682964325, 22.6689739227, 162.548950195, 262.166381836, 93.4348449707, 40.0916519165, 17.6132850647, 36.0216445923, 10.0594463348, -18.5018424988], [280.989318848, 49.2745056152, 9.40963554382, -30.0091247559, 2.60850811005, 42.568031311, 93.4348449707, 152.158584595, 43.2933616638, 27.3438739777, 12.7121191025, -1.73255729675, -9.54517745972], [74.8249511719, -49.2558441162, 19.4236392975, 64.5297851562, 74.3558731079, 48.7871932983, 40.0916519165, 43.2933616638, 163.317199707, 44.6442375183, 21.8901557922, 24.9359321594, 2.52280950546], [175.22833252, 48.9308738708, 9.454870224, -3.71216392517, 4.49633169174, -6.19269227982, 17.6132850647, 27.3438739777, 44.6442375183, 157.643310547, 40.9877052307, -8.16774272919, -15.5703964233], [-23.2785282135, 3.42540836334, -4.80252027512, -1.4547444582, 18.6074867249, 42.2075500488, 36.0216445923, 12.7121191025, 21.8901557922, 40.9877052307, 116.350593567, 52.3468055725, 13.4157533646], [-111.932060242, -28.1043930054, 16.8069992065, 48.699836731, 44.5522117615, 22.5030708313, 10.0594463348, -1.73255729675, 24.9359321594, -8.16774272919, 52.3468055725, 131.442337036, 73.4654312134], [-272.063323975, 29.1721191406, -7.53416109085, 72.552230835, 35.5226898193, -22.1811466217, -18.5018424988, -9.54517745972, 2.52280950546, -15.5703964233, 13.4157533646, 73.4654312134, 131.480178833]], "icov": [[0.000111510751594, 1.44028745126e-05, 7.9811354226e-05, 2.27217310567e-06, 0.000108665328298, -0.000329197064275, 4.08091327699e-05, -0.000140408068546, 5.31109217263e-05, -0.000188402176718, 0.000207065924769, -8.28141564853e-05, 0.000143334153108], [1.44028745126e-05, 0.000890142109711, 0.000253068923485, -0.000330786540871, -0.000365279527614, 0.000492008402944, -0.000336412835168, -0.000436588801676, 0.000636952230707, -0.000312384596327, -0.000122367127915, 0.000301875203149, -7.34105487936e-05], [7.9811354226e-05, 0.000253068923485, 0.00146875856444, -0.00056872604182, 0.000183049734915, -8.63543973537e-05, 0.000214099680306, -0.000540887238458, 0.000226752075832, -0.000295417936286, 0.000237414424191, -0.0004197517992, 0.000604807806667], [2.27217310567e-06, -0.000330786540871, -0.00056872604182, 0.0027922897134, -0.00170462334063, 0.000599356833845, -2.15630225284e-05, 0.000677198928315, -0.000800547248218, 0.000262487184955, 0.000140886069858, 6.59055294818e-05, -0.000892277108505], [0.000108665328298, -0.000365279527614, 0.000183049734915, -0.00170462334063, 0.00551187014207, -0.00202833977528, 0.000519031658769, 0.000117127761769, -0.00147495476995, -9.84407306532e-05, 0.000362658611266, -0.000756851397455, -9.02628962649e-05], [-0.000329197064275, 0.000492008402944, -8.63543973537e-05, 0.000599356833845, -0.00202833977528, 0.0065920506604, -0.00333553785458, 0.000886827998329, -0.000565053254832, 0.00140983366873, -0.00167175359093, 4.86500903207e-05, 0.000450280174846], [4.08091327699e-05, -0.000336412835168, 0.000214099680306, -2.15630225284e-05, 0.000519031658769, -0.00333553785458, 0.0071656848304, -0.00333534134552, -0.000112443456601, -0.000110511726234, -0.000576599210035, -0.00025340897264, 0.000436018715845], [-0.000140408068546, -0.000436588801676, -0.000540887238458, 0.000677198928315, 0.000117127761769, 0.000886827998329, -0.00333534134552, 0.00962177850306, -0.00230979966, -0.000289296353003, -2.58244490396e-05, 0.000523059279658, -0.000530778837856], [5.31109217263e-05, 0.000636952230707, 0.000226752075832, -0.000800547248218, -0.00147495476995, -0.000565053254832, -0.000112443456601, -0.00230979966, 0.00889154430479, -0.00249702786095, 0.000501670408994, -0.0015008650953, 0.00086409348296], [-0.000188402176718, -0.000312384596327, -0.000295417936286, 0.000262487184955, -9.84407306532e-05, 0.00140983366873, -0.000110511726234, -0.000289296353003, -0.00249702786095, 0.00865149404854, -0.00398437865078, 0.00207005767152, 6.79256554577e-05], [0.000207065924769, -0.000122367127915, 0.000237414424191, 0.000140886069858, 0.000362658611266, -0.00167175359093, -0.000576599210035, -2.58244490396e-05, 0.000501670408994, -0.00398437865078, 0.0133241871372, -0.0062606506981, 0.0015856125392], [-8.28141564853e-05, 0.000301875203149, -0.0004197517992, 6.59055294818e-05, -0.000756851397455, 4.86500903207e-05, -0.00025340897264, 0.000523059279658, -0.0015008650953, 0.00207005767152, -0.0062606506981, 0.0150486715138, -0.00757954735309], [0.000143334153108, -7.34105487936e-05, 0.000604807806667, -0.000892277108505, -9.02628962649e-05, 0.000450280174846, 0.000436018715845, -0.000530778837856, 0.00086409348296, 6.79256554577e-05, 0.0015856125392, -0.00757954735309, 0.0126335853711]], "mean": [-696.601013184, 130.711166382, 13.368979454, 24.4869117737, 1.96104574203, 0.269866943359, -5.84129190445, -0.179514333606, -7.58020734787, 2.4687128067, -3.3528945446, -4.53414964676, -5.34553527832]}, "pitch_salience": {"dmean": 0.0637521445751, "dmean2": 0.100389093161, "dvar": 0.00376660749316, "dvar2": 0.00908706337214, "max": 0.996069192886, "mean": 0.510734140873, "median": 0.511882603168, "min": 0.0185858104378, "var": 0.0140974968672}, "silence_rate_20dB": {"dmean": 0, "dmean2": 0, "dvar": 0, "dvar2": 0, "max": 1, "mean": 1, "median": 1, "min": 1, "var": 0}, "silence_rate_30dB": {"dmean": 0.000541565124877, "dmean2": 0.00108327693306, "dvar": 0.000541255518328, "dvar2": 0.00162367674056, "max": 1, "mean": 0.999729275703, "median": 1, "min": 0, "var": 0.000270681892289}, "silence_rate_60dB": {"dmean": 0.0178716499358, "dmean2": 0.0357481390238, "dvar": 0.0175529513508, "dvar2": 0.0393481217325, "max": 1, "mean": 0.118722081184, "median": 0, "min": 0, "var": 0.104631491005}, "spectral_centroid": {"dmean": 168.08001709, "dmean2": 248.26121521, "dvar": 71533.28125, "dvar2": 141268.875, "max": 11687.4179688, "mean": 1022.69104004, "median": 814.926452637, "min": 202.896438599, "var": 1189270}, "spectral_complexity": {"dmean": 2.21148109436, "dmean2": 3.47379827499, "dvar": 10.0465135574, "dvar2": 21.6413440704, "max": 49, "mean": 11.8976583481, "median": 10, "min": 0, "var": 60.3539505005}, "spectral_contrast_coeffs": {"dmean": [0.042963154614, 0.0463306494057, 0.0418994575739, 0.0309041216969, 0.0228522382677, 0.0165767073631], "dmean2": [0.0680584535003, 0.073604747653, 0.0648666992784, 0.0482402481139, 0.0352893844247, 0.0253843609244], "dvar": [0.00137439509854, 0.00160144839901, 0.0012959598098, 0.000690631335601, 0.000412423192756, 0.000232877559029], "dvar2": [0.00332179875113, 0.00384660856798, 0.00300008850172, 0.00157299765851, 0.000899462436792, 0.000518051732797], "max": [-0.227556109428, -0.349838614464, -0.349370419979, -0.502983510494, -0.570737481117, -0.627218723297], "mean": [-0.604062378407, -0.663636803627, -0.707803785801, -0.755539655685, -0.772746384144, -0.780841648579], "median": [-0.612460494041, -0.664270043373, -0.717860460281, -0.763745248318, -0.773719191551, -0.778229534626], "min": [-0.979372799397, -0.997087299824, -0.99829185009, -0.988748133183, -0.989375054836, -0.963472962379], "var": [0.0123146772385, 0.00784090626985, 0.00962158571929, 0.00546049699187, 0.00279855728149, 0.00208870461211]}, "spectral_contrast_valleys": {"dmean": [0.363765656948, 0.344068139791, 0.326729089022, 0.268147617579, 0.258761525154, 0.318886727095], "dmean2": [0.578292012215, 0.553471386433, 0.507872760296, 0.413213551044, 0.369808524847, 0.401463449001], "dvar": [0.121251441538, 0.101138837636, 0.0993184521794, 0.0794448032975, 0.102038517594, 0.190586939454], "dvar2": [0.256985962391, 0.22797755897, 0.206258639693, 0.153227865696, 0.178087219596, 0.307378262281], "max": [-5.3458609581, -5.10781049728, -5.65773439407, -5.2313170433, -5.85152482986, -7.69340610504], "mean": [-7.90523672104, -7.53514671326, -8.42357444763, -8.78454875946, -8.60784721375, -10.8956489563], "median": [-7.41550016403, -7.1846704483, -8.0304479599, -8.39699459076, -8.25625514984, -10.4728298187], "min": [-28.1079025269, -28.1571273804, -27.7782115936, -27.9249992371, -27.5320510864, -27.3947734833], "var": [5.22315073013, 4.69641590118, 4.90100908279, 4.86771821976, 4.73203039169, 4.39572715759]}, "spectral_decrease": {"dmean": 1.81252579612e-09, "dmean2": 2.77461076337e-09, "dvar": 6.91190920437e-18, "dvar2": 1.67523893289e-17, "max": 1.98754924497e-17, "mean": -6.11226047553e-09, "median": -4.9928270407e-09, "min": -3.94668369097e-08, "var": 2.43782319162e-17}, "spectral_energy": {"dmean": 0.00718960026279, "dmean2": 0.01095179189, "dvar": 0.0001060592258, "dvar2": 0.000254125363426, "max": 0.15262439847, "mean": 0.0245853979141, "median": 0.0198776889592, "min": 1.0101441591e-20, "var": 0.000400283344788}, "spectral_energyband_high": {"dmean": 0.000210708865779, "dmean2": 0.000279793108348, "dvar": 2.81646833855e-07, "dvar2": 5.3467459793e-07, "max": 0.0136282229796, "mean": 0.000507797754835, "median": 0.000121870813018, "min": 7.02805606403e-21, "var": 1.07795870008e-06}, "spectral_energyband_low": {"dmean": 0.00308594852686, "dmean2": 0.00508846575394, "dvar": 6.48421773803e-05, "dvar2": 0.00017014129844, "max": 0.114046700299, "mean": 0.00607764348388, "median": 0.00270258262753, "min": 1.51536630019e-23, "var": 8.81678715814e-05}, "spectral_energyband_middle_high": {"dmean": 0.00220719003119, "dmean2": 0.00322667509317, "dvar": 2.29726483667e-05, "dvar2": 4.83550720674e-05, "max": 0.0757015570998, "mean": 0.00606962526217, "median": 0.00115829543211, "min": 1.11881367921e-21, "var": 0.000113606285595}, "spectral_energyband_middle_low": {"dmean": 0.00425699772313, "dmean2": 0.00638197315857, "dvar": 3.87694417441e-05, "dvar2": 9.06573841348e-05, "max": 0.104294702411, "mean": 0.0125194815919, "median": 0.00979628134519, "min": 1.57127296721e-22, "var": 0.000129390464281}, "spectral_entropy": {"dmean": 0.188643246889, "dmean2": 0.261276781559, "dvar": 0.0473724901676, "dvar2": 0.0798808634281, "max": 9.82125663757, "mean": 7.10012340546, "median": 7.14274787903, "min": 3.89327287674, "var": 0.46915191412}, "spectral_flux": {"dmean": 0.0221323017031, "dmean2": 0.0352430827916, "dvar": 0.000716526177712, "dvar2": 0.00157175026834, "max": 0.32269141078, "mean": 0.0702158585191, "median": 0.0614238344133, "min": 6.35041741415e-11, "var": 0.00250726612285}, "spectral_kurtosis": {"dmean": 2.17149925232, "dmean2": 3.55108880997, "dvar": 8.29829502106, "dvar2": 21.1972427368, "max": 69.914894104, "mean": 5.85773324966, "median": 4.4249458313, "min": -1.25890755653, "var": 30.1422233582}, "spectral_rms": {"dmean": 0.000655201845802, "dmean2": 0.000972948502749, "dvar": 6.46359751499e-07, "dvar2": 1.43351621773e-06, "max": 0.0122025348246, "mean": 0.00441174115986, "median": 0.00440373364836, "min": 3.13927768329e-12, "var": 4.52223093816e-06}, "spectral_rolloff": {"dmean": 261.716400146, "dmean2": 444.291137695, "dvar": 588687.4375, "dvar2": 1212869, "max": 20478.0761719, "mean": 1146.38793945, "median": 624.462890625, "min": 21.533203125, "var": 4524440}, "spectral_skewness": {"dmean": 0.260342389345, "dmean2": 0.400309920311, "dvar": 0.0788411200047, "dvar2": 0.175743594766, "max": 6.95056152344, "mean": 1.78317475319, "median": 1.69917154312, "min": -0.339800775051, "var": 0.524014294147}, "spectral_spread": {"dmean": 527971.75, "dmean2": 750258.375, "dvar": 759994318848, "dvar2": 1451981275140.0, "max": 42431288, "mean": 4699597.5, "median": 4135178, "min": 1559121.75, "var": 139