{"lowlevel": {"average_loudness": 0.833295166492, "barkbands": {"dmean": [6.95192625244e-07, 0.000191720944713, 0.000230532037676, 0.000473886408145, 0.000962560414337, 0.000872944365256, 0.00148210290354, 0.000683763821144, 0.000851746066473, 0.000218234781642, 0.000254012120422, 0.000237555854255, 0.000193326908629, 0.000258224928984, 0.000218977176701, 0.000192520325072, 0.000161237257998, 0.000179791211849, 0.000176859044586, 8.52134180604e-05, 5.14142720931e-06, 2.77507797364e-06, 2.84814200313e-06, 5.05214893565e-06, 1.55470456775e-06, 5.4531352589e-07, 5.44935438995e-08], "dmean2": [1.24225857689e-06, 0.00032502276008, 0.000382420170354, 0.000798777036835, 0.00151088286657, 0.00138693046756, 0.00206629768945, 0.0010387415532, 0.00134535576217, 0.000301388674416, 0.000371129572159, 0.000363601080608, 0.000291271542665, 0.000385037565138, 0.000336620985763, 0.000303431559587, 0.000253171019722, 0.000274185411399, 0.000254801416304, 0.000130458123749, 7.74960790295e-06, 4.03913190894e-06, 4.03990634368e-06, 7.11932125341e-06, 2.20691322284e-06, 7.87748831499e-07, 8.32307307519e-08], "dvar": [6.65143547879e-12, 1.97585919182e-07, 2.21578417836e-07, 1.03554327779e-06, 2.03985678127e-06, 1.74873230208e-06, 5.77077480557e-06, 3.00401597997e-06, 5.63664525544e-06, 5.35817321179e-07, 3.04705281451e-07, 4.11555220126e-07, 3.15281795338e-07, 5.27058261923e-07, 5.34414141384e-07, 4.42428301994e-07, 2.46784821911e-07, 2.28053764317e-07, 2.11352769952e-07, 8.85823325802e-08, 2.27950436305e-10, 8.93233750854e-11, 1.29137256444e-10, 8.33825619662e-10, 1.10032524758e-10, 1.80981393066e-11, 1.45762620181e-13], "dvar2": [1.93552049388e-11, 5.79589823246e-07, 6.08167226801e-07, 2.71234921456e-06, 5.17229182151e-06, 4.36065147369e-06, 1.10075179691e-05, 6.95762537362e-06, 1.42462249642e-05, 9.35486639264e-07, 6.23152345725e-07, 8.84555618086e-07, 6.215278745e-07, 1.10364123884e-06, 1.20882498322e-06, 1.15576312965e-06, 6.08403013302e-07, 5.46322155515e-07, 4.29348119724e-07, 2.08262434853e-07, 4.95647134446e-10, 1.84105397594e-10, 2.61999671958e-10, 1.59755719764e-09, 2.03715072589e-10, 3.57653073824e-11, 2.72278347872e-13], "max": [6.62717284285e-05, 0.011223077774, 0.0129603249952, 0.0212582498789, 0.0237680897117, 0.0287320539355, 0.0459736101329, 0.0414505451918, 0.0499441325665, 0.0341943502426, 0.0228114016354, 0.0170114561915, 0.0177152771503, 0.0245004165918, 0.0192530136555, 0.0145836453885, 0.0131656406447, 0.0110393036157, 0.0108250444755, 0.00773778371513, 0.000528619159013, 0.000334112817654, 0.000351960887201, 0.00122693949379, 0.000340911909007, 0.000205669057323, 2.21168502321e-05], "mean": [6.10487461472e-07, 0.000329556118231, 0.000368326582247, 0.000606018409599, 0.00229161116295, 0.00168831332121, 0.0035022078082, 0.00138478109147, 0.00161156256218, 0.000445668876637, 0.000515040301252, 0.000428738771006, 0.000325586413965, 0.00045109767234, 0.000379100994905, 0.000375955773052, 0.000289100338705, 0.000385117193218, 0.000416126626078, 0.000177525755134, 1.133729711e-05, 6.09627750237e-06, 5.33703314431e-06, 9.00996474229e-06, 2.44091256718e-06, 8.25255369818e-07, 1.13449516448e-07], "median": [8.25398132065e-08, 8.7527820142e-05, 0.000139825715451, 0.000212840590393, 0.00139086158015, 0.00105100637302, 0.00155557563994, 0.000449698127341, 0.000514448271133, 0.00015836195962, 0.000197279659915, 0.000139283831231, 0.000131245469674, 0.000152050008182, 7.52155465307e-05, 6.36100739939e-05, 5.06232900079e-05, 6.31800648989e-05, 3.39278522006e-05, 8.40815209813e-06, 3.81986683351e-06, 1.4528692418e-06, 1.55520228873e-06, 1.51014728544e-06, 6.02788418291e-07, 2.2970465352e-07, 5.69508884496e-08], "min": [4.21168745082e-25, 1.02866830952e-24, 5.65726273368e-25, 1.02112758813e-24, 5.98798951275e-24, 7.46036328804e-24, 1.13214130119e-23, 5.2810746895e-24, 9.59936436571e-24, 1.3965438108e-23, 1.38555844937e-23, 2.50763704086e-23, 2.99920025227e-23, 2.76397139667e-23, 3.75680680397e-23, 6.12456460684e-23, 6.30979230283e-23, 1.05883990412e-22, 1.16710266988e-22, 1.44646608432e-22, 2.10499972115e-22, 3.03109465598e-22, 3.79155783079e-22, 5.43714490315e-22, 8.45084094787e-22, 1.2860295729e-21, 1.90289244652e-21], "var": [5.58860206376e-12, 4.48048524504e-07, 4.30010658192e-07, 1.46295042214e-06, 6.80722769175e-06, 3.94432572648e-06, 2.40515382757e-05, 1.02643571154e-05, 1.6499121557e-05, 1.81745690497e-06, 1.14765430226e-06, 1.36111975735e-06, 7.80300581482e-07, 1.29028717311e-06, 1.38811856232e-06, 1.46317347571e-06, 6.85753605012e-07, 7.42948373045e-07, 1.03274999219e-06, 3.26623819547e-07, 6.72947031433e-10, 2.86390966497e-10, 2.41801856316e-10, 1.28644839226e-09, 1.99910699106e-10, 2.81662314999e-11, 2.23943341085e-13]}, "barkbands_crest": {"dmean": 2.42845344543, "dmean2": 3.81195116043, "dvar": 4.73066997528, "dvar2": 11.2687492371, "max": 25.9382591248, "mean": 10.4495573044, "median": 9.46022891998, "min": 3.0689034462, "var": 17.7286109924}, "barkbands_flatness_db": {"dmean": 0.017434226349, "dmean2": 0.0258097890764, "dvar": 0.000271079479717, "dvar2": 0.000573624914978, "max": 0.441886246204, "mean": 0.195597916842, "median": 0.192927643657, "min": 0.0346504375339, "var": 0.00198492221534}, "barkbands_kurtosis": {"dmean": 2.18854880333, "dmean2": 3.3844704628, "dvar": 24.0060253143, "dvar2": 60.8990859985, "max": 206.626602173, "mean": 3.47277927399, "median": 1.83285987377, "min": -1.88941478729, "var": 46.3924980164}, "barkbands_skewness": {"dmean": 0.419560283422, "dmean2": 0.639964222908, "dvar": 0.181416973472, "dvar2": 0.433017462492, "max": 7.52142620087, "mean": 1.25829195976, "median": 1.22666025162, "min": -2.30037665367, "var": 1.00871551037}, "barkbands_spread": {"dmean": 2.77440524101, "dmean2": 4.17421865463, "dvar": 10.2531166077, "dvar2": 22.6146373749, "max": 102.377815247, "mean": 12.91933918, "median": 10.5550308228, "min": 0.30861312151, "var": 79.8490982056}, "dissonance": {"dmean": 0.0240185782313, "dmean2": 0.039692401886, "dvar": 0.000524797826074, "dvar2": 0.0014108333271, "max": 0.500000178814, "mean": 0.446132600307, "median": 0.453278809786, "min": 0.211976274848, "var": 0.00133018253837}, "dynamic_complexity": 2.90906953812, "erbbands": {"dmean": [0.0017863024259, 0.055661521852, 0.242681205273, 0.958869457245, 2.32863378525, 2.6340174675, 7.29707050323, 8.13892841339, 21.8671283722, 12.8627233505, 18.2208461761, 18.9501914978, 8.30785083771, 8.67597866058, 7.25371742249, 9.25577640533, 7.81588172913, 8.55127620697, 11.3503112793, 12.0331373215, 10.2172470093, 9.52491664886, 10.3137311935, 5.94765853882, 9.67444992065, 3.58899474144, 0.393388926983, 0.171392053366, 0.0985986366868, 0.079850487411, 0.0820535421371, 0.114639163017, 0.0738882496953, 0.0233697053045, 0.00910344626755, 0.003925524652, 0.000609381764662, 9.06338536879e-05, 9.73672558757e-06, 4.5463434617e-06], "dmean2": [0.00299096130766, 0.0940063148737, 0.401652932167, 1.59782004356, 3.98144221306, 4.15918779373, 11.0108566284, 12.9717559814, 30.038646698, 19.324590683, 28.3386974335, 29.588300705, 11.6308431625, 12.746717453, 10.5823116302, 14.3184757233, 11.672621727, 12.8219079971, 16.8216991425, 18.1157493591, 16.0764636993, 14.8057155609, 15.6462812424, 8.3377790451, 13.8936223984, 5.35345935822, 0.594260752201, 0.246098414063, 0.141446560621, 0.114151827991, 0.114918582141, 0.15889647603, 0.107187390327, 0.0338895767927, 0.0131529904902, 0.00559331290424, 0.00090930541046, 0.000133456953336, 1.46733673319e-05, 6.55752728562e-06], "dvar": [1.83809297596e-05, 0.0161386895925, 0.239218652248, 4.79389858246, 19.945941925, 14.8813056946, 147.527252197, 168.231445313, 1269.73181152, 702.839477539, 1940.18408203, 3242.29467773, 301.461639404, 394.706573486, 333.016845703, 615.48815918, 533.044799805, 650.758972168, 1103.92346191, 1601.07824707, 1223.79785156, 888.325805664, 740.490722656, 224.554519653, 707.864990234, 140.332458496, 1.78629624844, 0.244979903102, 0.128213569522, 0.0706192031503, 0.104197338223, 0.350732445717, 0.211948052049, 0.0241486988962, 0.00435545993969, 0.00109316047747, 1.5788438759e-05, 4.67193757459e-07, 2.75340772404e-09, 3.01005852188e-11], "dvar2": [5.29510361957e-05, 0.0471956729889, 0.661991536617, 12.4009771347, 56.4317054749, 38.2215042114, 327.714996338, 422.731628418, 2279.58642578, 1516.11193848, 4753.27441406, 7799.72753906, 550.169494629, 758.702819824, 715.3125, 1327.15820313, 1051.07836914, 1436.56408691, 2388.42651367, 3581.87670898, 3270.43286133, 2126.58227539, 1721.2253418, 431.377746582, 1493.33227539, 335.459136963, 3.88758063316, 0.470071017742, 0.265030145645, 0.136861786246, 0.206073775887, 0.662858307362, 0.436346143484, 0.0469107367098, 0.00839662831277, 0.00219037453644, 3.0767176213e-05, 8.56430915519e-07, 4.92713558842e-09, 5.90308080195e-11], "max": [0.104786530137, 3.2038435936, 9.4854259491, 44.2537384033, 81.4500656128, 59.571723938, 268.870788574, 233.58152771, 733.052612305, 743.740539551, 980.004882813, 1247.34838867, 481.206451416, 906.412658691, 469.944000244, 818.756164551, 924.778808594, 1121.1361084, 1026.27270508, 1131.92529297, 821.305969238, 895.114868164, 751.596679688, 369.726898193, 723.937438965, 295.242980957, 55.6253814697, 19.0142040253, 13.8927354813, 9.29247760773, 9.20822143555, 28.9619808197, 15.803645134, 4.60279130936, 2.36954212189, 1.62025630474, 0.167808130383, 0.0402476638556, 0.00273646204732, 0.000144317760714], "mean": [0.00300495699048, 0.0976683273911, 0.432491660118, 1.3597304821, 4.11807155609, 6.16099834442, 14.7429943085, 16.3960018158, 49.8400154114, 32.3033752441, 36.7155838013, 36.4363098145, 18.4058685303, 19.8325653076, 15.5082139969, 17.1495094299, 14.2694063187, 16.3623104095, 20.9337596893, 24.2534065247, 20.3324375153, 18.9574680328, 22.5214080811, 14.3264493942, 24.2324695587, 8.81851005554, 0.945252120495, 0.408054351807, 0.220621243119, 0.174002408981, 0.150248199701, 0.20413684845, 0.127251148224, 0.0365019030869, 0.0144001645967, 0.00570477498695, 0.00101886433549, 0.00015963196347, 2.70312739303e-05, 2.01897000807e-05], "median": [0.000951347872615, 0.0270379930735, 0.151462733746, 0.555633723736, 1.98365151882, 3.79543066025, 7.7738199234, 10.4811000824, 23.3473968506, 13.7840194702, 13.4292354584, 11.6633224487, 9.63210296631, 8.90939712524, 6.67435646057, 6.08650875092, 6.33509397507, 7.55577898026, 6.36888074875, 4.29147052765, 3.78501176834, 3.46394872665, 4.08606147766, 1.87200510502, 1.64786481857, 0.460654050112, 0.183059647679, 0.126629114151, 0.0481648370624, 0.0619874633849, 0.0382306501269, 0.0373642221093, 0.019622290507, 0.00838753022254, 0.00367572810501, 0.00141779927071, 0.000338306621416, 6.29960632068e-05, 1.73465923581e-05, 1.73630469362e-05], "min": [1.09232850105e-22, 5.42738877634e-22, 1.02034909601e-21, 4.64123731172e-21, 7.83001736142e-21, 1.99464668856e-20, 4.25895781111e-20, 6.51131245795e-20, 1.31391307202e-19, 2.11588315821e-19, 1.74535367743e-19, 3.02587165866e-19, 4.64577770933e-19, 6.91278456826e-19, 9.14607399445e-19, 1.30280625945e-18, 1.5334892513e-18, 1.78620574974e-18, 2.22897381814e-18, 2.75853443271e-18, 3.21745113463e-18, 4.15792798735e-18, 5.6090616893e-18, 5.28468984312e-18, 8.21542218626e-18, 7.66411292543e-18, 8.30591739963e-18, 8.25053765762e-18, 1.06552724667e-17, 1.2189468337e-17, 1.04585217677e-17, 1.13921522533e-17, 1.0024599362e-17, 8.07230091513e-18, 6.5973886657e-18, 4.38340666898e-18, 2.36699696836e-18, 9.58282535788e-19, 2.63501046616e-19, 2.61141404059e-20], "var": [2.99818493659e-05, 0.0382162071764, 0.602407932281, 6.58052778244, 37.0585136414, 49.4487762451, 437.385375977, 361.008361816, 4956.99511719, 2857.82592773, 5543.73193359, 9621.03808594, 885.342651367, 1627.59912109, 1009.1529541, 1875.89245605, 1314.65490723, 1385.55187988, 2585.07226563, 5322.453125, 3521.52563477, 2789.8996582, 2461.93359375, 896.276123047, 3919.79785156, 660.327331543, 6.90112686157, 0.84482550621, 0.400808751583, 0.180186569691, 0.198173761368, 0.558986186981, 0.307343304157, 0.039531365037, 0.00772067019716, 0.00170086335856, 2.51708534051e-05, 6.95369806181e-07, 4.71775951638e-09, 2.15129275505e-10]}, "erbbands_crest": {"dmean": 2.8479654789, "dmean2": 4.41033983231, "dvar": 6.79251098633, "dvar2": 15.8285179138, "max": 32.3687591553, "mean": 11.2816324234, "median": 10.1809444427, "min": 2.44593262672, "var": 24.0799980164}, "erbbands_flatness_db": {"dmean": 0.0158709343523, "dmean2": 0.0230165310204, "dvar": 0.000236262334511, "dvar2": 0.00046332841157, "max": 0.451066941023, "mean": 0.2387688905, "median": 0.238051861525, "min": 0.035037599504, "var": 0.00190224067774}, "erbbands_kurtosis": {"dmean": 1.16090810299, "dmean2": 1.78277611732, "dvar": 4.94656038284, "dvar2": 11.9972991943, "max": 80.7258834839, "mean": 1.0006301403, "median": 0.147022694349, "min": -1.85066330433, "var": 12.0518255234}, "erbbands_skewness": {"dmean": 0.382422238588, "dmean2": 0.570343852043, "dvar": 0.131702497602, "dvar2": 0.290815025568, "max": 6.3425078392, "mean": 0.565009713173, "median": 0.58296495676, "min": -3.84429335594, "var": 0.992204904556}, "erbbands_spread": {"dmean": 4.41161584854, "dmean2": 6.6063246727, "dvar": 21.3852672577, "dvar2": 47.5725135803, "max": 101.559890747, "mean": 23.1228694916, "median": 21.6540908813, "min": 0.808433651924, "var": 108.962989807}, "gfcc": {"cov": [[26612.0371094, 2609.34082031, -3716.33935547, 853.19128418, -1087.09082031, -327.988128662, -901.579711914, 228.269073486, -518.207092285, -318.619995117, -50.9015159607, -396.788299561, -179.461029053], [2609.34082031, 1317.65881348, 50.3351325989, -217.732452393, 70.4828262329, 136.83996582, 11.7495861053, -113.48374176, 29.9045963287, 8.86898612976, -91.5340499878, 48.1771430969, 3.49067139626], [-3716.33935547, 50.3351325989, 1099.45617676, -127.171615601, 205.411682129, 295.452758789, 158.099594116, -78.2866210938, 133.135604858, 109.116294861, -85.6817703247, 140.757736206, 39.6518936157], [853.19128418, -217.732452393, -127.171615601, 526.098388672, 130.259902954, -23.71925354, -36.2748947144, 90.4819107056, 26.1166343689, -13.0246686935, 27.6246833801, -73.4491424561, 26.9460830688], [-1087.09082031, 70.4828262329, 205.411682129, 130.259902954, 350.708526611, 88.9113311768, 19.3820381165, -4.7490901947, 81.8917617798, 45.6490097046, -30.3871707916, -6.88759374619, 41.8186073303], [-327.988128662, 136.83996582, 295.452758789, -23.71925354, 88.9113311768, 331.391052246, 108.478813171, -49.256477356, 26.69647789, 41.8838005066, -62.2529373169, 58.9027061462, 27.4126682281], [-901.579711914, 11.7495861053, 158.099594116, -36.2748947144, 19.3820381165, 108.478813171, 300.66317749, 46.2550010681, -28.5169410706, -7.99205684662, 33.2850608826, 37.1722984314, -3.97493886948], [228.269073486, -113.48374176, -78.2866210938, 90.4819107056, -4.7490901947, -49.256477356, 46.2550010681, 155.479797363, 8.78521060944, -26.1075515747, 46.0073318481, -25.7626495361, -23.2746429443], [-518.207092285, 29.9045963287, 133.135604858, 26.1166343689, 81.8917617798, 26.69647789, -28.5169410706, 8.78521060944, 154.023956299, 54.2060890198, -27.2654304504, -6.06631183624, 22.4248523712], [-318.619995117, 8.86898612976, 109.116294861, -13.0246686935, 45.6490097046, 41.8838005066, -7.99205684662, -26.1075515747, 54.2060890198, 105.987113953, -4.30720901489, 1.04861736298, 2.35000491142], [-50.9015159607, -91.5340499878, -85.6817703247, 27.6246833801, -30.3871707916, -62.2529373169, 33.2850608826, 46.0073318481, -27.2654304504, -4.30720901489, 128.845550537, 6.74991178513, -26.8393325806], [-396.788299561, 48.1771430969, 140.757736206, -73.4491424561, -6.88759374619, 58.9027061462, 37.1722984314, -25.7626495361, -6.06631183624, 1.04861736298, 6.74991178513, 96.295501709, 20.5776367188], [-179.461029053, 3.49067139626, 39.6518936157, 26.9460830688, 41.8186073303, 27.4126682281, -3.97493886948, -23.2746429443, 22.4248523712, 2.35000491142, -26.8393325806, 20.5776367188, 86.2137756348]], "icov": [[0.00076886662282, -0.00201763212681, 0.0021535421256, -0.00204712594859, 0.00246123294346, -0.00167009874713, 0.00182847946417, -0.00206444854848, 0.0015654808376, -0.00151386880316, 0.00116504100151, -0.000632223498542, 0.000343336345395], [-0.00201763212681, 0.00625399686396, -0.00534608168527, 0.00574530661106, -0.00684643397108, 0.00408867979422, -0.00491281878203, 0.0059008882381, -0.00450907321647, 0.00423635402694, -0.00258244038559, 0.00118156441022, -0.000431178283179], [0.0021535421256, -0.00534608168527, 0.00797871127725, -0.00550375366583, 0.00611170800403, -0.00524544343352, 0.00436110235751, -0.00532867759466, 0.0031606995035, -0.00495261698961, 0.00434028310701, -0.00423062080517, 0.00188948190771], [-0.00204712594859, 0.00574530661106, -0.00550375366583, 0.00849101040512, -0.0077344244346, 0.00375007931143, -0.00422764150426, 0.00411200057715, -0.00407230854034, 0.00455528171733, -0.00396934291348, 0.00355870788917, -0.00229202280752], [0.00246123294346, -0.00684643397108, 0.00611170800403, -0.0077344244346, 0.0122674107552, -0.0057111675851, 0.00570890773088, -0.00647945376113, 0.00405169045553, -0.0053814984858, 0.00346048106439, -0.000702342076693, -0.000275813130429], [-0.00167009874713, 0.00408867979422, -0.00524544343352, 0.00375007931143, -0.0057111675851, 0.00901802908629, -0.00580576434731, 0.00533570349216, -0.00305234221742, 0.00184603664093, -7.3935756518e-05, -0.000772821367718, -0.000420879630838], [0.00182847946417, -0.00491281878203, 0.00436110235751, -0.00422764150426, 0.00570890773088, -0.00580576434731, 0.00950973667204, -0.00733153289184, 0.00538734905422, -0.00306728854775, 0.000836235180032, -0.000972495996393, 3.14366770908e-05], [-0.00206444854848, 0.0059008882381, -0.00532867759466, 0.00411200057715, -0.00647945376113, 0.00533570349216, -0.00733153289184, 0.016038171947, -0.00739195290953, 0.00689075933769, -0.00492759328336, 0.00229751854204, 0.0017199019203], [0.0015654808376, -0.00450907321647, 0.0031606995035, -0.00407230854034, 0.00405169045553, -0.00305234221742, 0.00538734905422, -0.00739195290953, 0.0139402290806, -0.00757556129247, 0.00341130257584, 0.000204927258892, -0.0018879949348], [-0.00151386880316, 0.00423635402694, -0.00495261698961, 0.00455528171733, -0.0053814984858, 0.00184603664093, -0.00306728854775, 0.00689075933769, -0.00757556129247, 0.0168691072613, -0.0050458512269, 0.003480988089, 0.000382487400202], [0.00116504100151, -0.00258244038559, 0.00434028310701, -0.00396934291348, 0.00346048106439, -7.3935756518e-05, 0.000836235180032, -0.00492759328336, 0.00341130257584, -0.0050458512269, 0.0141511978582, -0.00619644718245, 0.00396199710667], [-0.000632223498542, 0.00118156441022, -0.00423062080517, 0.00355870788917, -0.000702342076693, -0.000772821367718, -0.000972495996393, 0.00229751854204, 0.000204927258892, 0.003480988089, -0.00619644718245, 0.0191968623549, -0.00602770317346], [0.000343336345395, -0.000431178283179, 0.00188948190771, -0.00229202280752, -0.000275813130429, -0.000420879630838, 3.14366770908e-05, 0.0017199019203, -0.0018879949348, 0.000382487400202, 0.00396199710667, -0.00602770317346, 0.0160647071898]], "mean": [-95.2928619385, 132.157302856, -142.004241943, -3.90562653542, -59.3423614502, -17.7825450897, -48.1797714233, 1.85246670246, -22.0201473236, -8.23333072662, -6.18076705933, -8.9256029129, -11.4471502304]}, "hfc": {"dmean": 2.88888120651, "dmean2": 4.04211235046, "dvar": 16.8039703369, "dvar2": 30.4560146332, "max": 71.9005203247, "mean": 12.9972496033, "median": 8.55009269714, "min": 1.07784327116e-16, "var": 176.960327148}, "melbands": {"dmean": [3.45555636159e-05, 0.000106962004793, 0.0001882569195, 0.000170098006492, 0.000230854435358, 0.000186497782124, 0.000312672142172, 0.000138415620313, 0.000159844319569, 0.00011305299995, 4.18724557676e-05, 3.59611985914e-05, 2.78507432085e-05, 2.72333454632e-05, 2.58368036157e-05, 1.67410671565e-05, 1.7674301489e-05, 2.20552719838e-05, 1.70508119481e-05, 1.37821407407e-05, 1.26019031086e-05, 9.86679242487e-06, 1.08646481749e-05, 8.45786780701e-06, 4.80155858895e-06, 7.25977497495e-06, 6.56397014609e-06, 1.61285618105e-06, 2.65945402589e-07, 1.22747081832e-07, 1.04628654185e-07, 6.45233768637e-08, 4.57022153455e-08, 4.67242458058e-08, 4.49068799924e-08, 6.16477038307e-08, 7.84332030435e-08, 6.07066823477e-08, 3.30229283918e-08, 1.66417670755e-08], "dmean2": [5.85835368838e-05, 0.000176975008799, 0.000317640515277, 0.000281785818515, 0.000347397843143, 0.000294810160995, 0.000429692037869, 0.000209879159229, 0.00025250428007, 0.000175689929165, 5.83512082812e-05, 5.27246047568e-05, 4.06342114729e-05, 4.12982626585e-05, 4.07984298363e-05, 2.43660870183e-05, 2.68973053608e-05, 3.25041582983e-05, 2.60131309915e-05, 2.10804973904e-05, 1.99416572286e-05, 1.54393073899e-05, 1.68465412571e-05, 1.29105255837e-05, 6.77815387462e-06, 1.03868051156e-05, 9.9158824014e-06, 2.43167460212e-06, 4.14956360828e-07, 1.86594320439e-07, 1.52393425878e-07, 9.48863956296e-08, 6.74496334341e-08, 6.80112677287e-08, 6.40158219767e-08, 8.88309514835e-08, 1.10464654313e-07, 8.78966659457e-08, 4.90729910041e-08, 2.46323086373e-08], "dvar": [6.66804922389e-09, 4.77138080157e-08, 1.52248105678e-07, 8.13891531948e-08, 1.40985619623e-07, 7.67196084439e-08, 2.46815773153e-07, 7.67226140397e-08, 1.54886464543e-07, 9.95452040797e-08, 8.89829543382e-09, 8.04821009837e-09, 4.27636193123e-09, 6.00532512607e-09, 5.7795492836e-09, 2.93008595165e-09, 3.25875104679e-09, 4.56936222193e-09, 3.60306806613e-09, 2.23806906341e-09, 2.04131800352e-09, 9.9715080637e-10, 8.27090673727e-10, 6.65234367592e-10, 1.64158783789e-10, 4.04211775162e-10, 4.04318106773e-10, 3.7580074469e-11, 1.47597797699e-12, 1.27138195262e-13, 9.97431236455e-14, 6.20040246902e-14, 2.02989057177e-14, 3.13614863516e-14, 3.1289126021e-14, 6.98600519881e-14, 1.98611919554e-13, 1.38674770452e-13, 5.25564699183e-14, 1.27722327818e-14], "dvar2": [1.96636911198e-08, 1.33474785002e-07, 3.98978471594e-07, 2.26114821089e-07, 3.12310305617e-07, 1.89447661114e-07, 4.53185066362e-07, 1.70766966789e-07, 3.98568971605e-07, 2.39160016235e-07, 1.6295164329e-08, 1.49486503176e-08, 8.92157991927e-09, 1.22349881337e-08, 1.35639552923e-08, 4.96626784141e-09, 7.17298842545e-09, 9.59216528429e-09, 8.00280375302e-09, 5.50625456341e-09, 5.36639088722e-09, 2.44472375677e-09, 2.11988271381e-09, 1.6123024027e-09, 3.15213383173e-10, 8.03724808929e-10, 9.6255370341e-10, 8.70348099147e-11, 3.39249613644e-12, 2.80101544172e-13, 1.97187562502e-13, 1.33779028437e-13, 4.25165850063e-14, 6.17940215056e-14, 6.47523416722e-14, 1.45296968901e-13, 3.87984864505e-13, 2.92208856938e-13, 1.13066945129e-13, 2.58655486488e-14], "max": [0.00191270792857, 0.00484317820519, 0.00791099201888, 0.00511040259153, 0.0084231486544, 0.00471062678844, 0.00992432050407, 0.00647261831909, 0.00781660247594, 0.00670971628278, 0.00305859418586, 0.00444045010954, 0.00268854107708, 0.00245754583739, 0.00176822871435, 0.00240972475149, 0.00257171597332, 0.00237330025993, 0.00175645679701, 0.00138491706457, 0.00111873308197, 0.000853779783938, 0.000743327196687, 0.00076510879444, 0.00033933960367, 0.000564737420063, 0.000492145307362, 0.000162319774972, 5.80894084123e-05, 1.34116899062e-05, 1.04234768514e-05, 1.0036889762e-05, 5.34332048119e-06, 6.95966900821e-06, 4.14889382228e-06, 9.61852947512e-06, 2.41797242779e-05, 1.3437896996e-05, 7.88073884905e-06, 4.12499593949e-06], "mean": [5.85531015531e-05, 0.00019532830629, 0.000299256382277, 0.000365416752174, 0.000481381983263, 0.000380951183615, 0.000733947788831, 0.000333182542818, 0.000304143846733, 0.000216608284973, 8.82359672687e-05, 8.01417118055e-05, 5.78559629503e-05, 4.95862950629e-05, 4.05994906032e-05, 2.96041907859e-05, 3.13081509375e-05, 3.76562857127e-05, 3.04900531773e-05, 2.89267100015e-05, 2.21210684686e-05, 1.74461893039e-05, 2.15729760384e-05, 1.75329714693e-05, 1.02896228782e-05, 1.66315257957e-05, 1.56459445861e-05, 3.57000112672e-06, 5.10535585363e-07, 2.49459219503e-07, 2.21561933245e-07, 1.3017756828e-07, 9.78438166044e-08, 9.37705380011e-08, 7.72105082092e-08, 1.06641529385e-07, 1.34642846206e-07, 1.02269652302e-07, 4.91609455366e-08, 2.43456934612e-08], "median": [1.66427671502e-05, 6.67157946737e-05, 0.000141654803883, 0.000193159736227, 0.000259034452029, 0.000253666454228, 0.00035914714681, 0.00013129596482, 9.31483737077e-05, 7.16034701327e-05, 4.32553424616e-05, 3.48960966221e-05, 2.38766551774e-05, 1.62901924341e-05, 1.25646001834e-05, 1.09501943371e-05, 1.26714730868e-05, 9.89525142359e-06, 5.80884534429e-06, 4.36142636318e-06, 3.95137976739e-06, 2.91808510156e-06, 3.64326160707e-06, 2.90874982056e-06, 1.11840893169e-06, 1.31473734655e-06, 6.47678291443e-07, 1.61172096114e-07, 8.99466172655e-08, 9.27738881273e-08, 6.04535301818e-08, 2.18417497422e-08, 2.94092004083e-08, 3.47096218434e-08, 1.85738091574e-08, 2.39702764304e-08, 2.08658690326e-08, 1.35347857366e-08, 9.62028856577e-09, 5.81597969784e-09], "min": [8.64208461545e-25, 1.42267977838e-24, 1.3702880744e-24, 1.07419554312e-24, 1.76241386988e-24, 1.39461615029e-24, 2.30685726767e-24, 1.9504980312e-24, 1.45617491103e-24, 1.27624313412e-24, 2.28297292604e-24, 2.55409929157e-24, 2.8927821273e-24, 3.02426512425e-24, 3.26312983976e-24, 2.52629904441e-24, 2.85813042596e-24, 3.35473118479e-24, 3.02150154728e-24, 2.98531018667e-24, 3.38275191857e-24, 3.42773868384e-24, 2.79989710837e-24, 4.26486683241e-24, 3.64561772713e-24, 4.73771479217e-24, 3.84205277e-24, 4.3529770735e-24, 3.61763998627e-24, 4.37376000848e-24, 4.24909395304e-24, 5.55918641835e-24, 4.42326063585e-24, 5.68925025453e-24, 5.07501199372e-24, 5.79478485529e-24, 5.70995075354e-24, 6.43211346923e-24, 5.63826538536e-24, 6.23413541443e-24], "var": [1.29304043028e-08, 1.2725645604e-07, 2.44374035674e-07, 2.16057642888e-07, 4.33884963513e-07, 1.75635648247e-07, 9.92650825538e-07, 3.27406041833e-07, 4.19457592216e-07, 2.98206487059e-07, 2.61661323719e-08, 3.18794590726e-08, 1.41878961912e-08, 2.26247500734e-08, 1.08965547696e-08, 1.03128696693e-08, 6.510286088e-09, 1.11870823716e-08, 1.01837853705e-08, 9.36925026451e-09, 4.86310103298e-09, 2.71751687819e-09, 2.44851450226e-09, 1.77545844693e-09, 5.64494895272e-10, 1.76674441743e-09, 1.96453942003e-09, 1.59343677142e-10, 4.0018093006e-12, 3.28254377889e-13, 3.14894757405e-13, 1.71418313029e-13, 6.35740104223e-14, 6.39656987859e-14, 5.59162091629e-14, 1.15130954358e-13, 2.92079863984e-13, 1.97435614407e-13, 6.90760925022e-14, 2.06809446819e-14]}, "melbands_crest": {"dmean": 2.91577839851, "dmean2": 4.57551383972, "dvar": 6.80094575882, "dvar2": 16.0646343231, "max": 33.8080596924, "mean": 12.9122152328, "median": 11.8984622955, "min": 1.61655211449, "var": 26.8087005615}, "melbands_flatness_db": {"dmean": 0.0192384496331, "dmean2": 0.0280808564276, "dvar": 0.000362591439625, "dvar2": 0.000763656047639, "max": 0.50139772892, "mean": 0.248057201505, "median": 0.25019043684, "min": 0.0028048849199, "var": 0.00364221422933}, "melbands_kurtosis": {"dmean": 2.98499822617, "dmean2": 4.63137388229, "dvar": 23.142080307, "dvar2": 57.2538833618, "max": 121.475906372, "mean": 5.95523357391, "median": 4.11031150818, "min": -1.84842681885, "var": 53.553691864}, "melbands_skewness": {"dmean": 0.441292136908, "dmean2": 0.679970920086, "dvar": 0.19253218174, "dvar2": 0.46006411314, "max": 7.23092651367, "mean": 1.71107292175, "median": 1.61381912231, "min": -1.12976205349, "var": 0.811833262444}, "melbands_spread": {"dmean": 4.50312137604, "dmean2": 6.85612392426, "dvar": 30.552028656, "dvar2": 70.5215988159, "max": 159.531936646, "mean": 19.9271202087, "median": 13.7766084671, "min": 0.715749502182, "var": 428.316894531}, "mfcc": {"cov": [[8417.97753906, 856.499450684, -908.698181152, 741.893493652, 185.146133423, -259.663238525, 89.9512329102, 150.850097656, -204.482376099, 279.4324646, -106.563774109, -117.903335571, -80.1623916626], [856.499450684, 1848.60742188, 189.5262146, -201.479492188, 14.3070631027, 243.420211792, -15.0876321793, 5.50711345673, 135.49041748, -115.444335938, -5.48386096954, 54.4097747803, 22.3182220459], [-908.698181152, 189.5262146, 587.649230957, -153.896514893, -25.9136657715, 228.285919189, 9.19120788574, 24.2345600128, 137.697525024, -76.5361862183, 0.36397305131, 87.0835647583, 35.3913383484], [741.893493652, -201.479492188, -153.896514893, 389.39440918, 148.414886475, -97.6149673462, 16.3080501556, 18.9919624329, -23.1127929688, 97.8939056396, 4.87883090973, -22.0015258789, 20.1505374908], [185.146133423, 14.3070631027, -25.9136657715, 148.414886475, 356.798217773, 73.0881652832, -82.918258667, -35.4908294678, 63.5284996033, 60.3047027588, -15.9443826675, 4.7324051857, 8.20323467255], [-259.663238525, 243.420211792, 228.285919189, -97.6149673462, 73.0881652832, 385.625396729, 48.3274841309, -2.09123635292, 158.668548584, -29.4433631897, -25.930065155, 53.5663299561, 17.1050872803], [89.9512329102, -15.0876321793, 9.19120788574, 16.3080501556, -82.918258667, 48.3274841309, 226.48274231, 108.995819092, -20.7975654602, 19.0063457489, 24.98787117, -2.54300737381, 15.1819944382], [150.850097656, 5.50711345673, 24.2345600128, 18.9919624329, -35.4908294678, -2.09123635292, 108.995819092, 172.086212158, 13.3824462891, 4.72455072403, 17.4411258698, -3.56805944443, 11.2261018753], [-204.482376099, 135.49041748, 137.697525024, -23.1127929688, 63.5284996033, 158.668548584, -20.7975654602, 13.3824462891, 194.036376953, 15.7504301071, -24.3204536438, 29.712726593, 12.0602359772], [279.4324646, -115.444335938, -76.5361862183, 97.8939056396, 60.3047027588, -29.4433631897, 19.0063457489, 4.72455072403, 15.7504301071, 136.111434937, 36.3675575256, -15.5357275009, 0.527937114239], [-106.563774109, -5.48386096954, 0.36397305131, 4.87883090973, -15.9443826675, -25.930065155, 24.98787117, 17.4411258698, -24.3204536438, 36.3675575256, 108.781509399, 20.4668235779, -4.9210395813], [-117.903335571, 54.4097747803, 87.0835647583, -22.0015258789, 4.7324051857, 53.5663299561, -2.54300737381, -3.56805944443, 29.712726593, -15.5357275009, 20.4668235779, 88.0442657471, 25.9106235504], [-80.1623916626, 22.3182220459, 35.3913383484, 20.1505374908, 8.20323467255, 17.1050872803, 15.1819944382, 11.2261018753, 12.0602359772, 0.527937114239, -4.9210395813, 25.9106235504, 91.8510894775]], "icov": [[0.000245663686655, -0.000230648292927, 0.000264929112745, -0.000447883619927, 0.000183121868758, -0.00020420490182, 0.000219930690946, -0.000418563082349, 0.000501098809764, -0.000642819970381, 0.000651143083815, -0.000342158455169, 0.000372406939277], [-0.000230648292927, 0.000863358611241, -0.000157665956067, 0.000622423831373, -0.000276548409602, -3.1822361052e-05, -0.000189543468878, 0.000361137907021, -0.000830448698252, 0.00119502586313, -0.00095263280673, 0.000379532488296, -0.000524991948623], [0.000264929112745, -0.000157665956067, 0.00313769723289, -4.2150299123e-05, 0.000442633434432, -0.00118169491179, 0.000480368646095, -0.000877057784237, -0.00068894965807, 0.000517384614795, 2.60052456724e-05, -0.00161862827372, -0.000176409768756], [-0.000447883619927, 0.000622423831373, -4.2150299123e-05, 0.00523507315665, -0.00235372106545, 0.00168824230786, -0.0015450612409, 0.000571831769776, -0.00105109857395, -0.000429590174463, -0.000542066874914, 0.00031009427039, -0.00156909739599], [0.000183121868758, -0.000276548409602, 0.000442633434432, -0.00235372106545, 0.00506294658408, -0.00223049893975, 0.00295040966012, -0.000910458504222, 0.000659137032926, -0.00212746672332, 0.000882615568116, -0.000347515480826, 0.000230640653172], [-0.00020420490182, -3.1822361052e-05, -0.00118169491179, 0.00168824230786, -0.00223049893975, 0.00666360417381, -0.00409525167197, 0.00265712384135, -0.00452762795612, 0.00185557862278, 1.48856379383e-05, -0.000763364019804, 2.48366832238e-05], [0.000219930690946, -0.000189543468878, 0.000480368646095, -0.0015450612409, 0.00295040966012, -0.00409525167197, 0.00988400075585, -0.00600737240165, 0.00400790572166, -0.00313225062564, 0.000323060608935, 0.000100375167676, -0.000527734693605], [-0.000418563082349, 0.000361137907021, -0.000877057784237, 0.000571831769776, -0.000910458504222, 0.00265712384135, -0.00600737240165, 0.010457104072, -0.0039915824309, 0.00303482473828, -0.00248012435623, 0.00167373986915, -0.00103755877353], [0.000501098809764, -0.000830448698252, -0.00068894965807, -0.00105109857395, 0.000659137032926, -0.00452762795612, 0.00400790572166, -0.0039915824309, 0.0121070593596, -0.00587379653007, 0.00435943249613, -0.00216341181658, 0.00103278120514], [-0.000642819970381, 0.00119502586313, 0.000517384614795, -0.000429590174463, -0.00212746672332, 0.00185557862278, -0.00313225062564, 0.00303482473828, -0.00587379653007, 0.0149983251467, -0.00727278413251, 0.00361626269296, -0.00168998038862], [0.000651143083815, -0.00095263280673, 2.60052456724e-05, -0.000542066874914, 0.000882615568116, 1.48856379383e-05, 0.000323060608935, -0.00248012435623, 0.00435943249613, -0.00727278413251, 0.014928358607, -0.00596418138593, 0.003028443316], [-0.000342158455169, 0.000379532488296, -0.00161862827372, 0.00031009427039, -0.000347515480826, -0.000763364019804, 0.000100375167676, 0.00167373986915, -0.00216341181658, 0.00361626269296, -0.00596418138593, 0.0170497111976, -0.00474903173745], [0.000372406939277, -0.000524991948623, -0.000176409768756, -0.00156909739599, 0.000230640653172, 2.48366832238e-05, -0.000527734693605, -0.00103755877353, 0.00103278120514, -0.00168998038862, 0.003028443316, -0.00474903173745, 0.0133168213069]], "mean": [-722.302490234, 169.37387085, -29.4787464142, 7.23756980896, -2.46233868599, -22.1854095459, -13.5880641937, -5.4835524559, -16.7403774261, -1.18925881386, -4.82336378098, -3.33184027672, -5.80029535294]}, "pitch_salience": {"dmean": 0.0620976127684, "dmean2": 0.0974759161472, "dvar": 0.00291576981544, "dvar2": 0.0072329621762, "max": 0.933795690536, "mean": 0.592397689819, "median": 0.601527452469, "min": 0.150251328945, "var": 0.0115483254194}, "silence_rate_20dB": {"dmean": 0, "dmean2": 0, "dvar": 0, "dvar2": 0, "max": 1, "mean": 1, "median": 1, "min": 1, "var": 0}, "silence_rate_30dB": {"dmean": 0, "dmean2": 0, "dvar": 0, "dvar2": 0, "max": 1, "mean": 1, "median": 1, "min": 1, "var": 0}, "silence_rate_60dB": {"dmean": 0.025187490508, "dmean2": 0.0503821112216, "dvar": 0.0245557893068, "dvar2": 0.0549150891602, "max": 1, "mean": 0.0926711931825, "median": 0, "min": 0, "var": 0.0840755924582}, "spectral_centroid": {"dmean": 160.121780396, "dmean2": 238.570678711, "dvar": 62036.2773438, "dvar2": 127968.640625, "max": 11562.9033203, "mean": 1215.73669434, "median": 797.764282227, "min": 228.421478271, "var": 2121647.5}, "spectral_complexity": {"dmean": 2.06367635727, "dmean2": 3.18596100807, "dvar": 4.15826320648, "dvar2": 8.33067321777, "max": 43, "mean": 14.4592533112, "median": 14, "min": 0, "var": 36.6392707825}, "spectral_contrast_coeffs": {"dmean": [0.049815364182, 0.0454531461, 0.0342863425612, 0.0280331317335, 0.0235320851207, 0.013924151659], "dmean2": [0.0830123275518, 0.0732960030437, 0.0544547438622, 0.0446279384196, 0.0360315926373, 0.0221651159227], "dvar": [0.00170316849835, 0.0013624895364, 0.00079787656432, 0.000586146954447, 0.000497672241181, 0.000172681830009], "dvar2": [0.00470642978325, 0.00347436615266, 0.00197806814685, 0.00136057974305, 0.000956189294811, 0.000384800019674], "max": [-0.268953055143, -0.333179414272, -0.369197547436, -0.450380921364, -0.471304059029, -0.678585290909], "mean": [-0.577913045883, -0.68822735548, -0.73856151104, -0.753039419651, -0.729594171047, -0.797296226025], "median": [-0.574155926704, -0.691582679749, -0.745306253433, -0.760929226875, -0.746938705444, -0.793332219124], "min": [-0.980018377304, -0.979536890984, -0.977892518044, -0.971062481403, -0.967097222805, -0.96533447504], "var": [0.00908846408129, 0.00759534537792, 0.00573132419959, 0.00512934103608, 0.00667131785303, 0.00164461694658]}, "spectral_contrast_valleys": {"dmean": [0.458733648062, 0.309181839228, 0.279820382595, 0.239960387349, 0.23811981082, 0.222954690456], "dmean2": [0.75340539217, 0.508570671082, 0.44508266449, 0.371183544397, 0.356671184301, 0.311069369316], "dvar": [0.181581661105, 0.100638203323, 0.0900030061603, 0.0784727558494, 0.0890575796366, 0.0912106111646], "dvar2": [0.41804420948, 0.207766786218, 0.173393294215, 0.139830887318, 0.159281954169, 0.139742672443], "max": [-5.86669588089, -5.02012681961, -5.85059404373, -6.56959819794, -5.99715995789, -8.72339248657], "mean": [-8.82870197296, -7.04374694824, -8.01358222961, -8.54571151733, -9.07545280457, -11.9732837677], "median": [-8.25244140625, -6.55231952667, -7.51330280304, -8.06964111328, -8.67329978943, -11.7214679718], "min": [-28.368013382, -28.2068538666, -27.9723815918, -27.6618061066, -27.5624351501, -27.4208831787], "var": [7.66175746918, 8.21893119812, 7.5143404007, 7.1628537178, 6.91964101791, 4.89592599869]}, "spectral_decrease": {"dmean": 9.23980281176e-10, "dmean2": 1.34779531979e-09, "dvar": 1.07605309928e-18, "dvar2": 2.26330160677e-18, "max": 1.43751579568e-28, "mean": -3.92883325873e-09, "median": -3.53276852216e-09, "min": -1.5337844772e-08, "var": 6.9397177758e-18}, "spectral_energy": {"dmean": 0.00369337922893, "dmean2": 0.00537511985749, "dvar": 1.7218540961e-05, "dvar2": 3.5591856431e-05, "max": 0.063396550715, "mean": 0.0160071663558, "median": 0.0142626538873, "min": 9.90104981747e-21, "var": 0.000118484291306}, "spectral_energyband_high": {"dmean": 2.50136708928e-05, "dmean2": 3.48089815816e-05, "dvar": 7.24920212747e-09, "dvar2": 1.33301796268e-08, "max": 0.00235240277834, "mean": 5.9743240854e-05, "median": 1.28140018205e-05, "min": 6.81202298366e-21, "var": 2.64312323139e-08}, "spectral_energyband_low": {"dmean": 0.000536829524208, "dmean2": 0.000857999140862, "dvar": 1.12566203825e-06, "dvar2": 2.89601484837e-06, "max": 0.0254548210651, "mean": 0.00100656202994, "median": 0.000452285225037, "min": 1.68517413206e-23, "var": 2.42841360887e-06}, "spectral_energyband_middle_high": {"dmean": 0.00118709157687, "dmean2": 0.00167320319451, "dvar": 3.45632543031e-06, "dvar2": 6.64508434056e-06, "max": 0.0451604761183, "mean": 0.00411227717996, "median": 0.00211936864071, "min": 1.22084860901e-21, "var": 2.64202717517e-05}, "spectral_energyband_middle_low": {"dmean": 0.00330631341785, "dmean2": 0.00489787478, "dvar": 1.48263879964e-05, "dvar2": 3.48086505255e-05, "max": 0.0532823801041, "mean": 0.0111913690343, "median": 0.00962274987251, "min": 1.48844850439e-22, "var": 6.74975090078e-05}, "spectral_entropy": {"dmean": 0.143508896232, "dmean2": 0.209082901478, "dvar": 0.0213913153857, "dvar2": 0.0419628098607, "max": 9.8275976181, "mean": 6.87839508057, "median": 6.8516740799, "min": 4.94783401489, "var": 0.273774862289}, "spectral_flux": {"dmean": 0.0138627942652, "dmean2": 0.0221668928862, "dvar": 0.000210635276744, "dvar2": 0.000509247358423, "max": 0.185207232833, "mean": 0.0536028444767, "median": 0.0499263852835, "min": 6.38729139024e-11, "var": 0.000793027866166}, "spectral_kurtosis": {"dmean": 4.42696762085, "dmean2": 7.56693267822, "dvar": 19.2427787781, "dvar2": 52.96144104, "max": 132.325302124, "mean": 12.7412652969, "median": 11.0564498901, "min": -1.27161884308, "var": 78.4403686523}, "spectral_rms": {"dmean": 0.00045592157403, "dmean2": 0.000653021561448, "dvar": 2.0810826129e-07, "dvar2": 3.94078028876e-07, "max": 0.00786449573934, "mean": 0.00366427307017, "median": 0.00373025261797, "min": 3.10798348863e-12, "var": 2.18981881517e-06}, "spectral_rolloff": {"dmean": 265.281646729, "dmean2": 445.189910889, "dvar": 241676.328125, "dvar2": 560246.0625, "max": 19509.0820313, "mean": 1564.16638184, "median": 947.4609375, "min": 107.666015625, "var": 6147262.5}, "spectral_skewness": {"dmean": 0.389238536358, "dmean2": 0.643918037415, "dvar": 0.123815961182, "dvar2": 0.317678511143, "max": 8.5008354187, "mean": 2.33487868309, "median": 2.29655241966, "min": -0.0844297111034, "var": 0.921205163002}, "spectral_spread": {"dmean": 291712.625, "dmean2": 442868.71875, "dvar": 446405967872, "dvar2": 760619139072, "max": 42544972, "mean": 3188855.5, "median