{"lowlevel": {"average_loudness": 0.887009203434, "barkbands": {"dmean": [1.93206760741e-05, 0.000933218165301, 0.0011361540528, 0.00129805249162, 0.00190813350491, 0.0010673670331, 0.000537712709047, 0.000410251202993, 0.000813568884041, 0.000484173098812, 0.000613137963228, 0.00040291811456, 0.000554397935048, 0.000454087828984, 0.000594617624301, 0.000329992268234, 0.000226328440476, 0.000178164074896, 0.00017961053527, 0.000207300268812, 0.000234354040003, 0.000217150358367, 0.000165520905284, 0.000118457981443, 7.12289838702e-05, 0.000111769295472, 0.000106335013697], "dmean2": [3.27715060848e-05, 0.00153557374142, 0.00188696372788, 0.00221509463154, 0.00310969329439, 0.00166344770696, 0.000887000234798, 0.000643745006528, 0.00124867935665, 0.000726172933355, 0.000973375164904, 0.000642310013063, 0.000841955537908, 0.000706342572812, 0.000967947475147, 0.000540154753253, 0.000362257502275, 0.000278869934846, 0.000282124557998, 0.000315699813655, 0.000350105430698, 0.000312703661621, 0.000248172436841, 0.000175146356924, 0.000109733315185, 0.000186381308595, 0.000177249123226], "dvar": [1.52523527142e-09, 2.70557643489e-06, 3.12586121254e-06, 5.3733679124e-06, 7.13765939508e-06, 2.34072149397e-06, 1.72932800524e-06, 1.34517847528e-06, 3.60098260899e-06, 1.47481796375e-06, 1.789578846e-06, 1.13507530841e-06, 1.69042164089e-06, 1.20923971281e-06, 1.66056975104e-06, 5.89706473875e-07, 2.19090878772e-07, 1.27391373894e-07, 1.65302012078e-07, 1.48190338223e-07, 2.30532464229e-07, 4.51154534176e-07, 3.5223155237e-07, 3.03353317577e-07, 3.42477548543e-08, 4.2404423084e-08, 4.19078318714e-08], "dvar2": [3.99489152869e-09, 6.89592798153e-06, 8.33363446873e-06, 1.41000327858e-05, 1.89091970242e-05, 5.70994279769e-06, 4.30404043072e-06, 3.21200741382e-06, 8.56893620949e-06, 2.79572532236e-06, 4.23421988671e-06, 2.62492267211e-06, 3.75855643142e-06, 2.79057917396e-06, 4.15112344854e-06, 1.56291355324e-06, 5.45579553091e-07, 2.94180921401e-07, 4.07972891026e-07, 3.27174660697e-07, 5.08923506004e-07, 7.93132699073e-07, 7.83434529694e-07, 6.04144929639e-07, 6.98322608628e-08, 1.148932256e-07, 1.12518399931e-07], "max": [0.000575848971494, 0.0183764398098, 0.0185429621488, 0.0265279542655, 0.0314482860267, 0.0214051380754, 0.0246640183032, 0.0194115526974, 0.0362580530345, 0.0277548767626, 0.0369172915816, 0.0259682331234, 0.022417364642, 0.0274653527886, 0.0222074110061, 0.0175090041012, 0.0169464815408, 0.00770639814436, 0.0129676414654, 0.00768807297572, 0.00807148776948, 0.0156373009086, 0.0150329088792, 0.013770185411, 0.00475887255743, 0.00159905396868, 0.00167143915314], "mean": [2.16252028622e-05, 0.00119386659935, 0.00192387681454, 0.00179777108133, 0.00334651302546, 0.00179748400114, 0.00076872803038, 0.000617735728156, 0.00141650938895, 0.000838234554976, 0.0010610721074, 0.000658483942971, 0.00114896718878, 0.000709375890438, 0.000956302159466, 0.000584527850151, 0.000415444636019, 0.000337624194799, 0.000358422927093, 0.000422906014137, 0.000409317901358, 0.000428817380453, 0.000272080564173, 0.000180021917913, 9.67208470684e-05, 0.000122805940919, 0.000109117245302], "median": [1.15830907816e-05, 0.00063488795422, 0.000990776345134, 0.000899823964573, 0.00205589621328, 0.00110936095007, 0.000269145850325, 0.000128029845655, 0.000279794970993, 0.000143770128489, 0.000216158441617, 0.000231251717196, 0.000238713255385, 0.000250294455327, 0.000334524171194, 0.000247648655204, 0.00019356343546, 0.000155925910803, 0.000167847407283, 0.000187114696018, 0.000186198521988, 0.000179004462552, 9.12674877327e-05, 4.27244449384e-05, 2.77293002e-05, 3.57136887033e-05, 2.33633836615e-05], "min": [3.40419986329e-24, 1.29416149821e-23, 6.23874670085e-24, 4.85051448632e-23, 2.9731315548e-23, 2.29823643792e-23, 2.14031973756e-23, 6.48460135507e-23, 9.59686588545e-23, 8.26265533903e-23, 1.14129757817e-22, 3.8345591436e-23, 4.09701064242e-23, 1.01145530146e-22, 1.79301343729e-22, 1.02876858952e-22, 1.09754142013e-22, 2.80384112102e-22, 1.62654333902e-22, 3.34834043327e-22, 4.7983574014e-22, 6.31207873728e-22, 5.3393261509e-22, 8.31316667077e-22, 1.30296577283e-21, 1.53791394541e-21, 2.27050637414e-21], "var": [1.30835453582e-09, 2.84535599349e-06, 5.68155155634e-06, 6.60187561152e-06, 1.3741228031e-05, 4.27051509178e-06, 2.44462808041e-06, 2.54902988672e-06, 7.36987703931e-06, 5.02809734826e-06, 5.81282665735e-06, 2.16247940443e-06, 7.91675665823e-06, 2.13198700294e-06, 3.38773065778e-06, 1.1923667671e-06, 4.60071390762e-07, 3.28466313704e-07, 3.570746685e-07, 4.14919554714e-07, 4.68092679284e-07, 1.18551599826e-06, 6.98840381119e-07, 5.80750054269e-07, 7.25298363591e-08, 4.61089797454e-08, 4.3539060357e-08]}, "barkbands_crest": {"dmean": 2.25277400017, "dmean2": 3.65300726891, "dvar": 3.9104218483, "dvar2": 9.76248931885, "max": 24.2821044922, "mean": 8.55133533478, "median": 7.8057308197, "min": 2.47525835037, "var": 12.3272562027}, "barkbands_flatness_db": {"dmean": 0.0184090621769, "dmean2": 0.0276419688016, "dvar": 0.00031501011108, "dvar2": 0.000700602657162, "max": 0.377351373434, "mean": 0.102813340724, "median": 0.0905162170529, "min": 0.0222758874297, "var": 0.00284324376844}, "barkbands_kurtosis": {"dmean": 2.73372125626, "dmean2": 4.26121234894, "dvar": 49.22864151, "dvar2": 114.540016174, "max": 186.219039917, "mean": 3.97073316574, "median": 0.679515182972, "min": -1.90945386887, "var": 132.358474731}, "barkbands_skewness": {"dmean": 0.51050978899, "dmean2": 0.788923978806, "dvar": 0.301686882973, "dvar2": 0.698621630669, "max": 10.0174150467, "mean": 1.22580480576, "median": 1.02049422264, "min": -3.69333457947, "var": 1.52035236359}, "barkbands_spread": {"dmean": 7.86176395416, "dmean2": 12.37429142, "dvar": 86.0966186523, "dvar2": 210.599517822, "max": 105.236038208, "mean": 28.8859996796, "median": 26.2036838531, "min": 0.750398755074, "var": 274.646697998}, "dissonance": {"dmean": 0.0160255488008, "dmean2": 0.0263290610164, "dvar": 0.000256558647379, "dvar2": 0.000642004888505, "max": 0.500000059605, "mean": 0.466588944197, "median": 0.473971873522, "min": 0.284482866526, "var": 0.000724096840713}, "dynamic_complexity": 3.76796746254, "erbbands": {"dmean": [0.0219140965492, 0.235022485256, 0.967383980751, 3.311242342, 4.27340126038, 8.21558189392, 6.51148033142, 10.8125772476, 7.59686326981, 9.25425624847, 7.44371747971, 20.1545734406, 17.7065391541, 12.7434835434, 25.8290233612, 15.4746694565, 22.4834270477, 21.6121501923, 29.498796463, 21.8053321838, 13.0003356934, 12.6385011673, 10.6464109421, 6.2713561058, 10.459569931, 9.0422372818, 10.2647542953, 7.92494630814, 8.47696590424, 6.49001407623, 4.2374548912, 2.70854663849, 1.8252414465, 0.88840174675, 0.47100430727, 0.326864123344, 0.225563809276, 0.106674715877, 0.01952091977, 0.000777116161771], "dmean2": [0.03435645625, 0.392885774374, 1.59987902641, 5.61580038071, 6.91581296921, 13.5750741959, 10.3746185303, 16.8063163757, 12.5052042007, 14.742017746, 11.7780628204, 31.4382801056, 26.7041015625, 19.0805835724, 41.179271698, 24.628818512, 34.1215553284, 33.377571106, 47.1100349426, 35.0725021362, 21.0616416931, 20.086648941, 16.6550559998, 9.59372329712, 16.1291790009, 13.6696634293, 15.3174152374, 11.6963148117, 12.524102211, 9.47348022461, 6.29878759384, 4.07633066177, 2.71044421196, 1.33039271832, 0.752293646336, 0.540769279003, 0.378695815802, 0.177924111485, 0.0325847119093, 0.00129998114426], "dvar": [0.00197551655583, 0.153868615627, 2.16337180138, 33.8856430054, 34.8798179626, 160.068145752, 97.0668106079, 267.706695557, 315.015228271, 539.264099121, 342.734771729, 2658.66943359, 1700.9185791, 998.772827148, 3396.68701172, 1554.34191895, 2725.39038086, 2648.35913086, 4692.08496094, 2601.2253418, 773.434448242, 706.242675781, 476.663696289, 240.586853027, 472.227844238, 299.455322266, 408.398193359, 335.679229736, 758.051269531, 437.585540771, 238.616210938, 152.573532104, 64.3002319336, 8.53092765808, 0.939711332321, 0.371676564217, 0.176965385675, 0.0408424437046, 0.00139204238076, 2.50445395977e-06], "dvar2": [0.00482474593446, 0.402303308249, 5.71344661713, 87.6650772095, 89.641708374, 426.876586914, 256.222869873, 653.416137695, 768.797546387, 1290.07299805, 827.497741699, 6540.88574219, 3605.76147461, 1749.7857666, 8160.91699219, 3636.77709961, 6007.57958984, 6070.89208984, 11774.5351563, 6334.69824219, 2048.81933594, 1705.28381348, 1115.0090332, 568.936035156, 1140.7611084, 663.319152832, 906.557983398, 670.960632324, 1473.18933105, 872.808654785, 542.515075684, 309.040466309, 128.412094116, 16.4515037537, 2.11515164375, 0.994909226894, 0.483931988478, 0.110903173685, 0.0037102799397, 6.69727387503e-06], "max": [0.57639926672, 4.53995084763, 15.4778347015, 66.9456253052, 78.4017868042, 174.580276489, 171.718658447, 266.945770264, 392.914154053, 346.25680542, 416.66418457, 1130.4552002, 859.391113281, 1119.0135498, 1793.17858887, 1069.62268066, 1053.1628418, 1619.12475586, 1259.32995605, 1306.00061035, 696.24798584, 863.706054688, 518.029541016, 697.077636719, 800.814025879, 428.998321533, 387.357208252, 431.606536865, 623.766601563, 393.145812988, 468.00982666, 326.409484863, 200.49822998, 73.1808395386, 32.4839859009, 7.04830551147, 4.3185505867, 1.81867408752, 0.330362409353, 0.0126751484349], "mean": [0.0261324383318, 0.314755827188, 1.70352292061, 4.99751138687, 7.38928699493, 12.9222278595, 11.4882173538, 17.6159114838, 11.1833524704, 15.1706466675, 12.0569295883, 34.6557159424, 33.9128990173, 22.7562427521, 45.899181366, 28.5274066925, 49.5832824707, 40.9249725342, 51.1044006348, 41.4293632507, 25.3995933533, 24.4501800537, 21.8099575043, 12.7608509064, 22.8611450195, 18.6543159485, 17.8874855042, 15.2228288651, 16.2179756165, 11.4348964691, 6.91024446487, 4.22904253006, 2.65242600441, 1.23462378979, 0.598991453648, 0.373464733362, 0.244642049074, 0.111526057124, 0.0201414283365, 0.000779060588684], "median": [0.00996699091047, 0.183350756764, 0.988539218903, 2.55565237999, 4.55665445328, 6.90532493591, 7.55619239807, 9.49797916412, 5.47372245789, 3.96497941017, 3.68372607231, 7.57747125626, 6.93400526047, 6.47577524185, 9.40280342102, 11.5118465424, 12.1168718338, 15.1543464661, 21.4202365875, 17.2702865601, 11.8197288513, 11.3727617264, 10.479309082, 6.37308359146, 10.6622219086, 8.48224925995, 8.00797843933, 7.39706802368, 6.80177593231, 4.32845687866, 2.27335357666, 1.11097514629, 0.61550194025, 0.327046841383, 0.187703505158, 0.115059919655, 0.0696228891611, 0.029032073915, 0.00424292124808, 0.00013653509086], "min": [4.68904930028e-22, 2.4686906498e-21, 7.8237408054e-21, 8.05702544831e-20, 1.8905719548e-19, 5.84371631131e-20, 1.85520029009e-19, 9.64622293572e-20, 1.50892697604e-19, 8.6552787857e-19, 2.00418645271e-18, 1.96510154838e-18, 1.61142579503e-18, 5.88542231836e-18, 2.41595261894e-18, 1.42082518392e-18, 1.98332371689e-18, 4.02028099751e-18, 8.38504880575e-18, 7.14266405755e-18, 6.27376583157e-18, 6.79297841667e-18, 1.45085907799e-17, 9.4204216795e-18, 9.00275006408e-18, 1.85337459391e-17, 2.2556843073e-17, 1.6682088903e-17, 1.88367372344e-17, 2.55129433912e-17, 1.350720014e-17, 1.6713776538e-17, 1.25332652791e-17, 1.50649789296e-17, 8.46736733877e-18, 5.17773084042e-18, 3.09984611065e-18, 1.09440348079e-18, 3.13633025574e-19, 3.58342299241e-20], "var": [0.00200920063071, 0.165625333786, 3.79194831848, 47.2328147888, 69.0707321167, 282.133453369, 164.174240112, 487.251220703, 421.182434082, 1139.71826172, 624.869384766, 4847.12890625, 5884.26074219, 3117.61279297, 11515.5878906, 3229.71826172, 13408.0205078, 5579.04931641, 8717.85449219, 6713.72167969, 1721.1171875, 1576.0057373, 1289.98400879, 480.169921875, 1342.61767578, 812.177001953, 802.043640137, 827.660461426, 1816.19311523, 895.433044434, 487.428253174, 282.038696289, 121.242179871, 17.6462936401, 1.8016346693, 0.431400239468, 0.187402948737, 0.0421757921576, 0.00146060553379, 2.49151139542e-06]}, "erbbands_crest": {"dmean": 2.63055849075, "dmean2": 4.22332572937, "dvar": 5.91378641129, "dvar2": 14.0108203888, "max": 31.3790092468, "mean": 8.95672988892, "median": 7.95276975632, "min": 2.27863883972, "var": 19.2857704163}, "erbbands_flatness_db": {"dmean": 0.0184023715556, "dmean2": 0.0266932863742, "dvar": 0.000252973550232, "dvar2": 0.000510994635988, "max": 0.289619147778, "mean": 0.134353727102, "median": 0.13146315515, "min": 0.0333991721272, "var": 0.00200066179968}, "erbbands_kurtosis": {"dmean": 1.25964081287, "dmean2": 1.82747638226, "dvar": 8.87823390961, "dvar2": 14.7418355942, "max": 71.9320983887, "mean": 1.22810304165, "median": -0.0556458979845, "min": -1.81820487976, "var": 30.7371807098}, "erbbands_skewness": {"dmean": 0.370774716139, "dmean2": 0.542926609516, "dvar": 0.162656277418, "dvar2": 0.306869089603, "max": 7.70999908447, "mean": 0.210208803415, "median": 0.154966130853, "min": -3.13674330711, "var": 1.13223838806}, "erbbands_spread": {"dmean": 8.67298698425, "dmean2": 13.5369939804, "dvar": 77.4145889282, "dvar2": 178.113967896, "max": 132.703720093, "mean": 40.3360824585, "median": 37.2362632751, "min": 3.40471529961, "var": 383.618743896}, "gfcc": {"cov": [[14020.4472656, -1742.25109863, -1360.76013184, 53.6102027893, -666.01574707, 595.508361816, 374.827911377, 147.832107544, -287.865600586, 13.3595647812, -252.709487915, -151.327941895, -334.333190918], [-1742.25109863, 1479.51330566, -193.757339478, 38.249961853, 163.482330322, -157.220809937, 1.73279893398, -37.9433135986, 22.1190700531, -2.80157780647, 4.43647813797, -28.8783779144, 56.5920677185], [-1360.76013184, -193.757339478, 1110.17932129, -44.5730628967, 128.232254028, -27.2249927521, -73.4570617676, -98.5383300781, 11.0066308975, -41.9684944153, 50.3419265747, 21.6438617706, -15.5782489777], [53.6102027893, 38.249961853, -44.5730628967, 533.573913574, 12.7234735489, 27.9102725983, -37.2390327454, -11.3503885269, -21.2129268646, 31.6917419434, -1.00123476982, -16.7888813019, 43.1151695251], [-666.01574707, 163.482330322, 128.232254028, 12.7234735489, 242.589111328, -58.8039703369, -42.3491172791, -11.8294754028, 39.2468681335, -0.122703395784, 2.67414999008, -2.79446864128, 24.9807910919], [595.508361816, -157.220809937, -27.2249927521, 27.9102725983, -58.8039703369, 220.231048584, 107.416053772, 21.9616699219, -35.4162750244, 8.31783294678, -4.15210580826, -14.5919933319, -31.4645404816], [374.827911377, 1.73279893398, -73.4570617676, -37.2390327454, -42.3491172791, 107.416053772, 209.655136108, 38.7993392944, -39.644153595, 5.84980106354, -13.0038022995, -19.494808197, -13.2182197571], [147.832107544, -37.9433135986, -98.5383300781, -11.3503885269, -11.8294754028, 21.9616699219, 38.7993392944, 97.7584075928, 34.89220047, 4.2058634758, -7.60135316849, -2.55109071732, -5.42116880417], [-287.865600586, 22.1190700531, 11.0066308975, -21.2129268646, 39.2468681335, -35.4162750244, -39.644153595, 34.89220047, 89.5596084595, 26.3169460297, 0.946436345577, -0.82568448782, 2.86221408844], [13.3595647812, -2.80157780647, -41.9684944153, 31.6917419434, -0.122703395784, 8.31783294678, 5.84980106354, 4.2058634758, 26.3169460297, 73.5213851929, 18.3451480865, -7.26756620407, 2.71390318871], [-252.709487915, 4.43647813797, 50.3419265747, -1.00123476982, 2.67414999008, -4.15210580826, -13.0038022995, -7.60135316849, 0.946436345577, 18.3451480865, 64.5634918213, 26.9125270844, -3.86440563202], [-151.327941895, -28.8783779144, 21.6438617706, -16.7888813019, -2.79446864128, -14.5919933319, -19.494808197, -2.55109071732, -0.82568448782, -7.26756620407, 26.9125270844, 63.433216095, 17.7213554382], [-334.333190918, 56.5920677185, -15.5782489777, 43.1151695251, 24.9807910919, -31.4645404816, -13.2182197571, -5.42116880417, 2.86221408844, 2.71390318871, -3.86440563202, 17.7213554382, 83.4177017212]], "icov": [[0.000138606788823, 0.000140026357258, 0.000154925292009, -2.11332117033e-05, 6.79948643665e-05, -9.17520956136e-05, -9.53313076479e-07, -3.22327687172e-05, 0.000366697553545, -0.00018457006081, 0.000490270555019, -3.87365616916e-05, 0.000467534555355], [0.000140026357258, 0.00105078855995, 0.000465518329293, -0.000120922115457, -0.000472949788673, 0.000564551795833, -0.000635170610622, 0.000765617412981, -0.00017856991326, 0.000475701031974, -0.000289699877612, 0.000705290352926, 0.000128861312987], [0.000154925292009, 0.000465518329293, 0.00146583444439, -4.2599884182e-05, -0.000594912737142, -0.000162258947967, -0.000298409926472, 0.00170927064028, -0.000797668995801, 0.00129141367506, -0.000853448233102, 0.000297699210932, 0.00066420272924], [-2.11332117033e-05, -0.000120922115457, -4.2599884182e-05, 0.00229333341122, -0.00016391047393, -0.000748309830669, 0.0012439803686, -0.000696697621606, 0.00157745822798, -0.00140426401049, 6.29388568996e-06, 0.00096429354744, -0.00149028282613], [6.79948643665e-05, -0.000472949788673, -0.000594912737142, -0.00016391047393, 0.00552188698202, 0.000365663232515, 0.000120118522318, 0.000331285991706, -0.00207729032263, 0.00045134415268, 0.000160772586241, 0.000719070783816, -0.000996855087578], [-9.17520956136e-05, 0.000564551795833, -0.000162258947967, -0.000748309830669, 0.000365663232515, 0.00750179216266, -0.00341046229005, -0.000444659322966, 0.00100259296596, -0.000584616442211, -0.000392981542973, 0.000215471140109, 0.00167717179283], [-9.53313076479e-07, -0.000635170610622, -0.000298409926472, 0.0012439803686, 0.000120118522318, -0.00341046229005, 0.00898056291044, -0.00507755065337, 0.00598156871274, -0.00314518157393, 0.00153634999879, 0.00120199844241, -0.000788004137576], [-3.22327687172e-05, 0.000765617412981, 0.00170927064028, -0.000696697621606, 0.000331285991706, -0.000444659322966, -0.00507755065337, 0.0182883832604, -0.0119279380888, 0.00533303804696, -0.00158936087973, -0.000388163054595, 0.000392321700929], [0.000366697553545, -0.00017856991326, -0.000797668995801, 0.00157745822798, -0.00207729032263, 0.00100259296596, 0.00598156871274, -0.0119279380888, 0.0247037243098, -0.011437760666, 0.0053552640602, -0.000764576543588, 0.00173446175177], [-0.00018457006081, 0.000475701031974, 0.00129141367506, -0.00140426401049, 0.00045134415268, -0.000584616442211, -0.00314518157393, 0.00533303804696, -0.011437760666, 0.0224154628813, -0.0106061901897, 0.00575786782429, -0.00265432498418], [0.000490270555019, -0.000289699877612, -0.000853448233102, 6.29388568996e-06, 0.000160772586241, -0.000392981542973, 0.00153634999879, -0.00158936087973, 0.0053552640602, -0.0106061901897, 0.0266809612513, -0.012483753264, 0.00599205680192], [-3.87365616916e-05, 0.000705290352926, 0.000297699210932, 0.00096429354744, 0.000719070783816, 0.000215471140109, 0.00120199844241, -0.000388163054595, -0.000764576543588, 0.00575786782429, -0.012483753264, 0.0244795996696, -0.00698525551707], [0.000467534555355, 0.000128861312987, 0.00066420272924, -0.00149028282613, -0.000996855087578, 0.00167717179283, -0.000788004137576, 0.000392321700929, 0.00173446175177, -0.00265432498418, 0.00599205680192, -0.00698525551707, 0.0172887556255]], "mean": [8.70089626312, 61.4744377136, -102.177711487, 22.4083480835, -45.4036483765, 1.95275402069, -33.9375305176, -11.7187223434, -24.8437385559, 0.750991940498, -22.3456439972, 2.11799097061, -12.8768396378]}, "hfc": {"dmean": 10.2495107651, "dmean2": 14.8892326355, "dvar": 230.781539917, "dvar2": 446.021484375, "max": 226.649215698, "mean": 29.2548789978, "median": 22.5018844604, "min": 1.13762255524e-16, "var": 792.230957031}, "melbands": {"dmean": [0.000230695775826, 0.000419358635554, 0.000543865433428, 0.000455526285805, 0.000250050914474, 0.000224929535761, 0.000116637849715, 0.000101954290585, 6.59699726384e-05, 0.000133388311951, 8.87895293999e-05, 5.14343628311e-05, 8.23425143608e-05, 5.07523873239e-05, 4.63839751319e-05, 5.95815690758e-05, 4.09754356951e-05, 4.93690604344e-05, 4.22612174589e-05, 2.86965059786e-05, 1.30083735712e-05, 1.44734558489e-05, 1.24422176668e-05, 7.96693348093e-06, 5.3047460824e-06, 8.17645559437e-06, 8.57059603732e-06, 6.06939374848e-06, 6.12246822129e-06, 7.08607240085e-06, 4.42355303676e-06, 5.45885541214e-06, 4.04519460062e-06, 3.78144477509e-06, 2.75598131338e-06, 1.75030118044e-06, 1.79568758085e-06, 1.45684987274e-06, 1.05738831735e-06, 6.55322423881e-07], "dmean2": [0.000374016963178, 0.000682914804202, 0.000908659247216, 0.000747536658309, 0.000398678093916, 0.000349887821358, 0.000193014639081, 0.000161240604939, 0.000103870952444, 0.000206622440601, 0.000133455760079, 7.67492310842e-05, 0.000131308508571, 8.0932804849e-05, 7.30202445993e-05, 8.93875549082e-05, 6.41097140033e-05, 7.85564843682e-05, 6.91179593559e-05, 4.66745659651e-05, 2.10417911148e-05, 2.31207814068e-05, 2.00348404178e-05, 1.23035297293e-05, 8.31617489894e-06, 1.29951113195e-05, 1.33623261718e-05, 9.21664013731e-06, 9.22734761843e-06, 1.08292961158e-05, 6.63768923914e-06, 8.31218949315e-06, 5.96740119363e-06, 5.74054320168e-06, 4.2215015128e-06, 2.64551954388e-06, 2.76951709566e-06, 2.21526011046e-06, 1.59911087394e-06, 1.00974000361e-06], "dvar": [1.87025733567e-07, 3.79177350851e-07, 8.14688689843e-07, 4.40030333948e-07, 1.27421543539e-07, 1.11724673957e-07, 7.60033813663e-08, 6.9405814429e-08, 2.65837982738e-08, 1.10934351483e-07, 4.37276064247e-08, 1.77540542268e-08, 3.28542100192e-08, 1.93110292201e-08, 1.38992248822e-08, 2.40723991851e-08, 1.17436567137e-08, 1.49923984338e-08, 9.58696855236e-09, 4.45359571444e-09, 7.45113415412e-10, 9.26794752054e-10, 7.79616926572e-10, 2.24093021917e-10, 2.04126701653e-10, 3.21270426928e-10, 2.80189454971e-10, 1.42898318178e-10, 1.35150640679e-10, 2.27343213699e-10, 1.38504013814e-10, 3.27393251398e-10, 1.46451836769e-10, 1.79148418322e-10, 1.17386877996e-10, 3.50906040336e-11, 9.43693526101e-11, 4.71140487734e-11, 1.9679634658e-11, 3.69263257124e-12], "dvar2": [4.66548812028e-07, 9.73423425421e-07, 2.09662084671e-06, 1.1803392681e-06, 3.39192695265e-07, 2.73792721828e-07, 1.87677940744e-07, 1.65143987374e-07, 6.40953601305e-08, 2.67065189519e-07, 9.13653934731e-08, 3.08022727324e-08, 7.7588921954e-08, 4.54324364796e-08, 3.2819109208e-08, 5.11457898256e-08, 2.74871982953e-08, 3.77555871012e-08, 2.42822313368e-08, 1.15031255632e-08, 1.94998972525e-09, 2.16990114765e-09, 1.95678495629e-09, 5.06194142158e-10, 4.79758621719e-10, 8.05945588045e-10, 6.44481967793e-10, 3.30121513459e-10, 3.07421615942e-10, 5.14130016338e-10, 2.85808321454e-10, 6.94808710566e-10, 2.72708938764e-10, 3.94357380085e-10, 2.86326518051e-10, 6.33717106568e-11, 2.08352668452e-10, 9.85967002487e-11, 3.87211131214e-11, 7.58867708256e-12], "max": [0.00516414502636, 0.00756431743503, 0.0105559304357, 0.00878600496799, 0.00495700957254, 0.00516993738711, 0.00571313081309, 0.00400676764548, 0.00345321442001, 0.00700273085386, 0.00453115673736, 0.004839731846, 0.00507697928697, 0.00374152022414, 0.00349923502654, 0.00307675357908, 0.00351772946306, 0.00247622234747, 0.00201942678541, 0.00170513684861, 0.00061368587194, 0.000756757857744, 0.000862061278895, 0.000498189765494, 0.000634973694105, 0.000579573970754, 0.000407087820349, 0.000236932493863, 0.000189854035852, 0.000350341084413, 0.000294028781354, 0.000410065200413, 0.000295236794045, 0.000243276634137, 0.000344333442627, 0.000178823698661, 0.000259164517047, 0.000158902636031, 0.000116320348752, 4.82438772451e-05], "mean": [0.000284189620288, 0.00075238669524, 0.000902671774384, 0.000759095826652, 0.000452507490991, 0.000369908259017, 0.000166515368619, 0.000164399985806, 0.000101357189124, 0.000229938552366, 0.000164045733982, 8.32732548588e-05, 0.000144218662172, 8.73840981512e-05, 7.84848816693e-05, 0.000127861014334, 6.7208573455e-05, 7.92469436419e-05, 6.90283632139e-05, 5.14550119988e-05, 2.31086505664e-05, 2.51553301496e-05, 2.37677595578e-05, 1.48455337694e-05, 8.91096533451e-06, 1.56077330757e-05, 1.71258689079e-05, 1.12211655505e-05, 1.04698365249e-05, 1.12888074e-05, 8.20350851427e-06, 9.77066883934e-06, 7.31974841983e-06, 6.09081916991e-06, 4.26914994023e-06, 2.7697378755e-06, 2.59040984929e-06, 2.06184927265e-06, 1.43249462781e-06, 8.78057960563e-07], "median": [0.000135975598823, 0.000475209089927, 0.000521076086443, 0.000441942800535, 0.000304788758513, 0.00021506936173, 7.2270486271e-05, 3.81195895898e-05, 2.42067217187e-05, 4.49227372883e-05, 3.05006542476e-05, 2.05267933779e-05, 2.9424783861e-05, 2.60655215243e-05, 2.75473557849e-05, 2.16778771573e-05, 2.45978480962e-05, 3.12125048367e-05, 2.34742656176e-05, 2.06825880014e-05, 1.01028708741e-05, 1.09213697215e-05, 9.99426811177e-06, 7.13193276169e-06, 3.73289867639e-06, 6.99790416547e-06, 6.87689998813e-06, 4.6578529691e-06, 4.62990055894e-06, 4.60128012492e-06, 3.91555295209e-06, 3.9367082536e-06, 2.92866593554e-06, 2.06798904401e-06, 1.36110736548e-06, 8.46679654387e-07, 5.98726956014e-07, 4.45784195335e-07, 3.38028172564e-07, 2.45089012196e-07], "min": [3.97771396873e-24, 3.57921851588e-24, 1.93156884047e-23, 8.22979612688e-24, 5.02618939229e-24, 2.83213272597e-24, 2.61247578742e-24, 9.38138079835e-24, 1.89730671809e-23, 1.17103080276e-23, 6.81704248666e-24, 2.24908472373e-23, 1.08208145032e-23, 4.38484705407e-24, 3.62160992877e-24, 4.13151699613e-24, 8.37204115873e-24, 1.34543856146e-23, 1.2837415134e-23, 7.90551986344e-24, 6.7724702678e-24, 5.95602644659e-24, 1.09872578434e-23, 1.34176704503e-23, 6.59882265547e-24, 7.75948829924e-24, 5.6203412823e-24, 1.3185525252e-23, 1.70520252159e-23, 7.50074823322e-24, 1.12683392391e-23, 1.12866068911e-23, 1.02870609596e-23, 1.52222733903e-23, 7.05170099583e-24, 9.64852775504e-24, 1.01940148158e-23, 6.75336405667e-24, 1.44050276919e-23, 1.19513089784e-23], "var": [1.91102984104e-07, 6.65463062433e-07, 1.22693154481e-06, 8.01697410679e-07, 2.30117493061e-07, 1.99720844307e-07, 9.88781465594e-08, 1.4846347085e-07, 5.16822069585e-08, 2.1769255909e-07, 1.50186139081e-07, 5.23897547566e-08, 1.07463755228e-07, 3.868224141e-08, 3.11476924253e-08, 1.27654232074e-07, 1.98472331903e-08, 2.5768860823e-08, 2.04091570311e-08, 1.0069243217e-08, 1.53206347608e-09, 1.93728788567e-09, 1.75366965394e-09, 6.06047378948e-10, 3.29248517339e-10, 7.32300442507e-10, 8.35359781348e-10, 3.17872145272e-10, 2.65155675194e-10, 4.01321448296e-10, 3.25291543701e-10, 7.19021786555e-10, 3.29185706471e-10, 3.15530102046e-10, 2.1216416124e-10, 7.94288176897e-11, 1.4598873499e-10, 8.44344316686e-11, 3.5107746571e-11, 7.35453451611e-12]}, "melbands_crest": {"dmean": 3.05504870415, "dmean2": 4.98181581497, "dvar": 6.80560827255, "dvar2": 17.7941226959, "max": 36.8596153259, "mean": 12.0617685318, "median": 11.3898477554, "min": 2.34650826454, "var": 18.798948288}, "melbands_flatness_db": {"dmean": 0.0228662807494, "dmean2": 0.0343344248831, "dvar": 0.000518121640198, "dvar2": 0.0011456143111, "max": 0.524690210819, "mean": 0.169563129544, "median": 0.153582200408, "min": 0.00940946675837, "var": 0.00548158492893}, "melbands_kurtosis": {"dmean": 5.48246717453, "dmean2": 8.84906005859, "dvar": 104.711257935, "dvar2": 266.985687256, "max": 177.734817505, "mean": 10.2350893021, "median": 4.7082657814, "min": -1.8306299448, "var": 248.693313599}, "melbands_skewness": {"dmean": 0.6435546875, "dmean2": 1.00872254372, "dvar": 0.488190501928, "dvar2": 1.12937688828, "max": 11.8906698227, "mean": 2.2375357151, "median": 2.0128633976, "min": -1.58714914322, "var": 2.24180173874}, "melbands_spread": {"dmean": 9.11117458344, "dmean2": 13.9635419846, "dvar": 168.252166748, "dvar2": 336.358825684, "max": 232.146087646, "mean": 32.234992981, "median": 27.51146698, "min": 0.602809011936, "var": 651.501708984}, "mfcc": {"cov": [[11769.9804688, -1317.58581543, -1094.73205566, -351.294799805, -664.528625488, 198.967788696, 175.924713135, 189.492034912, 26.0056743622, 177.984695435, 60.1581306458, -57.7622146606, -87.8418426514], [-1317.58581543, 1318.52819824, -83.9071426392, 56.2648544312, 62.9038925171, -31.1569442749, -20.8173046112, -51.9311180115, 27.0138111115, -54.4121894836, -11.6848649979, 16.3264045715, -17.7746181488], [-1094.73205566, -83.9071426392, 722.760620117, 31.1831207275, 132.910919189, 51.937713623, 17.2693481445, -2.44219565392, -71.1491317749, -35.448059082, -15.8524360657, 8.01700973511, 14.3361463547], [-351.294799805, 56.2648544312, 31.1831207275, 385.351867676, 122.976318359, 30.0767288208, -15.1912069321, -57.8246383667, 22.6062908173, -10.0323600769, -39.2204856873, -0.0752047896385, 3.08422684669], [-664.528625488, 62.9038925171, 132.910919189, 122.976318359, 278.010314941, -2.89680314064, -73.9148712158, -40.6286964417, -8.44045352936, -16.2574748993, -18.1981964111, 4.11611843109, 6.80440711975], [198.967788696, -31.1569442749, 51.937713623, 30.0767288208, -2.89680314064, 144.898544312, 78.7314300537, 3.92968702316, 6.34228515625, 11.4075984955, -3.24759101868, 8.9579076767, -7.77508640289], [175.924713135, -20.8173046112, 17.2693481445, -15.1912069321, -73.9148712158, 78.7314300537, 156.717971802, 46.2830429077, 16.8137283325, 16.2904529572, -4.25122690201, 12.1098594666, -1.72971391678], [189.492034912, -51.9311180115, -2.44219565392, -57.8246383667, -40.6286964417, 3.92968702316, 46.2830429077, 108.009155273, 12.9125528336, 4.03424835205, 17.3460769653, -8.99853992462, 10.1745643616], [26.0056743622, 27.0138111115, -71.1491317749, 22.6062908173, -8.44045352936, 6.34228515625, 16.8137283325, 12.9125528336, 92.9201049805, 41.4778518677, -10.4313364029, -3.76281762123, -8.09146976471], [177.984695435, -54.4121894836, -35.448059082, -10.0323600769, -16.2574748993, 11.4075984955, 16.2904529572, 4.03424835205, 41.4778518677, 82.3547973633, 26.1436214447, -0.691355109215, -4.68843507767], [60.1581306458, -11.6848649979, -15.8524360657, -39.2204856873, -18.1981964111, -3.24759101868, -4.25122690201, 17.3460769653, -10.4313364029, 26.1436214447, 88.5818557739, 21.3594055176, -0.214754924178], [-57.7622146606, 16.3264045715, 8.01700973511, -0.0752047896385, 4.11611843109, 8.9579076767, 12.1098594666, -8.99853992462, -3.76281762123, -0.691355109215, 21.3594055176, 59.9239425659, 18.7210674286], [-87.8418426514, -17.7746181488, 14.3361463547, 3.08422684669, 6.80440711975, -7.77508640289, -1.72971391678, 10.1745643616, -8.09146976471, -4.68843507767, -0.214754924178, 18.7210674286, 62.1103515625]], "icov": [[0.000140944102895, 0.000119750613521, 0.000222450209549, 1.57364611368e-05, 0.000202853829251, -0.000299735431327, 0.000160035764566, -0.000236730324104, 0.000283990171738, -0.000255198363448, 0.000179436261533, -7.71311824792e-05, 0.000206572687603], [0.000119750613521, 0.000961136363912, 0.000292587006697, 4.03870944865e-05, -8.18851331132e-05, 9.57437077886e-06, -0.000220423768042, 0.000375007366529, -0.000518839573488, 0.000883533153683, -0.000278601510217, -0.000112778470793, 0.000349609093973], [0.000222450209549, 0.000292587006697, 0.00211786688305, 0.000125293052406, -0.000695561757311, -0.000898457597941, -0.000251511955867, -0.000599678023718, 0.00183732924052, -0.000410268286942, 0.000635951990262, -0.000192528823391, 0.000226860618568], [1.57364611368e-05, 4.03870944865e-05, 0.000125293052406, 0.00348596856929, -0.00143211404793, -0.000627723522484, -0.00056326930644, 0.00178786832839, -0.00139409967232, 0.00087228952907, 0.000298369122902, 0.000599222257733, -0.000693816575222], [0.000202853829251, -8.18851331132e-05, -0.000695561757311, -0.00143211404793, 0.00595288025215, -0.00141157465987, 0.00361352507025, -0.000753218657337, 0.000330163282342, -0.000802024442237, 0.00115205661859, -0.00120638823137, 0.000240360415773], [-0.000299735431327, 9.57437077886e-06, -0.000898457597941, -0.000627723522484, -0.00141157465987, 0.0112885301933, -0.00658050645143, 0.00219531054609, -0.000597406469751, 0.000197107481654, -0.000973322021309, -3.7403719034e-05, 0.000787216238678], [0.000160035764566, -0.000220423768042, -0.000251511955867, -0.00056326930644, 0.00361352507025, -0.00658050645143, 0.0137052824721, -0.00618592742831, 0.000971904548351, -0.00319397309795, 0.00413518212736, -0.00471054296941, 0.00174431677442], [-0.000236730324104, 0.000375007366529, -0.000599678023718, 0.00178786832839, -0.000753218657337, 0.00219531054609, -0.00618592742831, 0.0155424904078, -0.00538446521387, 0.00521327601746, -0.0062794033438, 0.00653119431809, -0.00483713159338], [0.000283990171738, -0.000518839573488, 0.00183732924052, -0.00139409967232, 0.000330163282342, -0.000597406469751, 0.000971904548351, -0.00538446521387, 0.0196285881102, -0.0121588055044, 0.00730963936076, -0.00333574134856, 0.00336650107056], [-0.000255198363448, 0.000883533153683, -0.000410268286942, 0.00087228952907, -0.000802024442237, 0.000197107481654, -0.00319397309795, 0.00521327601746, -0.0121588055044, 0.0226064119488, -0.00999124534428, 0.0047818031162, -0.00224051228724], [0.000179436261533, -0.000278601510217, 0.000635951990262, 0.000298369122902, 0.00115205661859, -0.000973322021309, 0.00413518212736, -0.0062794033438, 0.00730963936076, -0.00999124534428, 0.0190500989556, -0.00922997109592, 0.00395420752466], [-7.71311824792e-05, -0.000112778470793, -0.000192528823391, 0.000599222257733, -0.00120638823137, -3.7403719034e-05, -0.00471054296941, 0.00653119431809, -0.00333574134856, 0.0047818031162, -0.00922997109592, 0.0245469808578, -0.00870466325432], [0.000206572687603, 0.000349609093973, 0.000226860618568, -0.000693816575222, 0.000240360415773, 0.000787216238678, 0.00174431677442, -0.00483713159338, 0.00336650107056, -0.00224051228724, 0.00395420752466, -0.00870466325432, 0.0202946960926]], "mean": [-642.400390625, 105.184165955, -1.01594984531, 24.9684429169, 1.91814768314, 16.3696098328, -5.48025512695, -4.17258787155, -3.8844666481, -4.06297874451, -6.90056037903, -6.88609933853, -4.23319101334]}, "pitch_salience": {"dmean": 0.0638026148081, "dmean2": 0.101392351091, "dvar": 0.00292451679707, "dvar2": 0.00744039658457, "max": 0.853357553482, "mean": 0.600130319595, "median": 0.604411065578, "min": 0.137592419982, "var": 0.0093363430351}, "silence_rate_20dB": {"dmean": 0, "dmean2": 0, "dvar": 0, "dvar2": 0, "max": 1, "mean": 1, "median": 1, "min": 1, "var": 0}, "silence_rate_30dB": {"dmean": 0, "dmean2": 0, "dvar": 0, "dvar2": 0, "max": 1, "mean": 1, "median": 1, "min": 1, "var": 0}, "silence_rate_60dB": {"dmean": 0.0197287295014, "dmean2": 0.0394655689597, "dvar": 0.0193393938243, "dvar2": 0.044073458761, "max": 1, "mean": 0.0922539532185, "median": 0, "min": 0, "var": 0.0837464183569}, "spectral_centroid": {"dmean": 284.516326904, "dmean2": 428.637054443, "dvar": 103802.804688, "dvar2": 194767.328125, "max": 11338.0449219, "mean": 1547.53466797, "median": 1484.25695801, "min": 158.092788696, "var": 600093.25}, "spectral_complexity": {"dmean": 3.96054244041, "dmean2": 5.8425488472, "dvar": 19.1756782532, "dvar2": 36.937877655, "max": 58, "mean": 20.0347232819, "median": 20, "min": 0, "var": 114.426124573}, "spectral_contrast_coeffs": {"dmean": [0.0523930452764, 0.0501959957182, 0.0394653603435, 0.0332984104753, 0.0224001295865, 0.0228489637375], "dmean2": [0.0856376066804, 0.0819501504302, 0.0634474903345, 0.0537728704512, 0.0357492007315, 0.0357336066663], "dvar": [0.00187123834621, 0.00164461112581, 0.00106517469976, 0.000723495730199, 0.000335052347509, 0.000463387084892], "dvar2": [0.00492342561483, 0.00435477262363, 0.00247487728484, 0.0018006429309, 0.000793303712271, 0.00108363106847], "max": [-0.351808726788, -0.44572237134, -0.41298815608, -0.571697890759, -0.628299593925, -0.546559631824], "mean": [-0.61784183979, -0.699250638485, -0.757648646832, -0.755092978477, -0.785921096802, -0.738289654255], "median": [-0.618875801563, -0.699376165867, -0.777218937874, -0.756124675274, -0.787279069424, -0.736899733543], "min": [-0.959744215012, -0.979417443275, -0.950305461884, -0.960658431053, -0.956557929516, -0.959458231926], "var": [0.00570627814159, 0.00491837365553, 0.00747083360329, 0.00409656064585, 0.00261244480498, 0.00305696157739]}, "spectral_contrast_valleys": {"dmean": [0.418070316315, 0.390188783407, 0.365210533142, 0.308442950249, 0.269898205996, 0.298070907593], "dmean2": [0.657468378544, 0.628676950932, 0.563802659512, 0.450329005718, 0.371952950954, 0.412522733212], "dvar": [0.160220965743, 0.139359369874, 0.142955303192, 0.108306795359, 0.101161330938, 0.0967090576887], "dvar2": [0.32616019249, 0.296277791262, 0.269387513399, 0.183720231056, 0.154799729586, 0.159907147288], "max": [-5.54345035553, -5.15562868118, -5.37702655792, -5.72540235519, -5.55772161484, -7.27964067459], "mean": [-7.46916437149, -7.20060300827, -7.59233760834, -7.65528202057, -7.62806987762, -10.0158653259], "median": [-7.28170108795, -7.05809640884, -7.39081382751, -7.38539981842, -7.3372297287, -9.72582149506], "min": [-27.0237503052, -26.7401371002, -27.6539325714, -27.1974239349, -27.4610824585, -27.2602462769], "var": [1.14536774158, 1.08587551117, 1.44411933422, 1.45217943192, 1.69429075718, 1.88372468948]}, "spectral_decrease": {"dmean": 1.44104772559e-09, "dmean2": 2.1805155459e-09, "dvar": 3.0564573856e-18, "dvar2": 6.78404776119e-18, "max": 2.68354052977e-29, "mean": -5.12445819112e-09, "median": -4.59813431775e-09, "min": -2.26120135949e-08, "var": 1.21375826059e-17}, "spectral_energy": {"dmean": 0.00595715129748, "dmean2": 0.00888762809336, "dvar": 5.04490781168e-05, "dvar2": 0.000109017630166, "max": 0.0913219973445, "mean": 0.0219943486154, "median": 0.0202042870224, "min": 1.02172840353e-20, "var": 0.000215921652853}, "spectral_energyband_high": {"dmean": 0.000908492365852, "dmean2": 0.00130761228502, "dvar": 3.51856920133e-06, "dvar2": 6.0551237766e-06, "max": 0.0311779286712, "mean": 0.00180806603748, "median": 0.000883338740095, "min": 7.66817188131e-21, "var": 1.00906781881e-05}, "spectral_energyband_low": {"dmean": 0.00231748493388, "dmean2": 0.00372119806707, "dvar": 1.39589401442e-05, "dvar2": 3.34637952619e-05, "max": 0.046776778996, "mean": 0.00417704088613, "median": 0.00256815669127, "min": 3.90866126605e-23, "var": 2.28883309319e-05}, "spectral_energyband_middle_high": {"dmean": 0.00225131306797, "dmean2": 0.00333201535977, "dvar": 9.57283009484e-06, "dvar2": 2.05756678042e-05, "max": 0.0451767109334, "mean": 0.00708736805245, "median": 0.00444822758436, "min": 1.30628509757e-21, "var": 5.32033118361e-05}, "spectral_energyband_middle_low": {"dmean": 0.00385159533471, "dmean2": 0.00605392595753, "dvar": 2.17792021431e-05, "dvar2": 5.24071183463e-05, "max": 0.0480463430285, "mean": 0.0101913446561, "median": 0.00857787299901, "min": 3.02999555186e-22, "var": 6.01546125836e-05}, "spectral_entropy": {"dmean": 0.159153729677, "dmean2": 0.229134261608, "dvar": 0.0274500697851, "dvar2": 0.0539414733648, "max": 9.800157547, "mean": 7.68848466873, "median": 7.76181936264, "min": 5.03384065628, "var": 0.257066398859}, "spectral_flux": {"dmean": 0.0193527694792, "dmean2": 0.0290332511067, "dvar": 0.00038898276398, "dvar2": 0.000785796029959, "max": 0.218864277005, "mean": 0.0787948146462, "median": 0.0772849991918, "min": 1.01080581405e-10, "var": 0.00158793025184}, "spectral_kurtosis": {"dmean": 1.14598441124, "dmean2": 1.86942088604, "dvar": 2.12124991417, "dvar2": 5.22607898712, "max": 34.4172515869, "mean": 4.52145910263, "median": 3.70096564293, "min": -1.1469014883, "var": 14.2806110382}, "spectral_rms": {"dmean": 0.000615814700723, "dmean2": 0.000899753184058, "dvar": 4.28819873832e-07, "dvar2": 8.94816366781e-07, "max": 0.00943899527192, "mean": 0.00429801363498, "median": 0.00443976325914, "min": 3.1572268671e-12, "var": 2.98505369756e-06}, "spectral_rolloff": {"dmean": 782.44152832, "dmean2": 1301.6439209, "dvar": 2294039.25, "dvar2": 5956173, "max": 18841.5527344, "mean": 2152.64672852, "median": 1679.58984375, "min": 21.533203125, "var": 3923904}, "spectral_skewness": {"dmean": 0.196918562055, "dmean2": 0.305867642164, "dvar": 0.0446672774851, "dvar2": 0.0965340211987, "max": 4.25109291077, "mean": 1.50145888329, "median": 1.43337988853, "min": -0.0547362305224, "var": 0.327784895897}, "spectral_spread": {"dmean": 726795.1875, "dmean2": 1119219.75, "dvar": 859545337856, "dvar2": 1851555708930.0, "max": 39969368, "mean": 5220325.5, "median": 4806238, "min": 1778321.375, "var": 3160084054020.0}, "