{"lowlevel": {"average_loudness": 0.802102208138, "barkbands": {"dmean": [1.77490881015e-06, 0.000457050366094, 0.00116941542365, 0.00167392520234, 0.00134866381995, 0.0009719406371, 0.00102969829459, 0.000770711689256, 0.000764807395171, 0.00038015563041, 0.000355825934093, 0.000187289639143, 0.000197803688934, 0.000174355576746, 0.000170794475707, 0.000172927233507, 0.000196490524104, 0.000201671384275, 0.000205165604712, 0.000125863662106, 0.00014438033395, 9.47621228988e-05, 8.18287444417e-05, 3.94906237489e-05, 1.32582663355e-05, 8.47091178002e-06, 1.01393379737e-06], "dmean2": [2.51803135143e-06, 0.000796436273959, 0.00203377683647, 0.00268675293773, 0.00221135304309, 0.00147637794726, 0.00151978514623, 0.00111743086018, 0.00114284339361, 0.000597072415985, 0.000580725434702, 0.000295347766951, 0.000308851624141, 0.000269839103566, 0.000265383452643, 0.000277337938314, 0.000309588678647, 0.000334518466843, 0.000328436348354, 0.00019957186305, 0.000221323702135, 0.000142304532346, 0.000119732605526, 5.84211593377e-05, 1.95461943804e-05, 1.22291312437e-05, 1.57321187544e-06], "dvar": [2.20959049668e-11, 2.7302073704e-06, 1.47376304085e-05, 2.56134717347e-05, 5.6988351389e-06, 3.29139652422e-06, 5.63404182685e-06, 3.04524178318e-06, 3.90415470974e-06, 8.35282662592e-07, 1.05125116079e-06, 2.38649590756e-07, 1.91335004729e-07, 2.19198881268e-07, 2.32492311625e-07, 1.4176467289e-07, 1.71998109977e-07, 1.35176080107e-07, 1.54246095008e-07, 6.72458568829e-08, 1.79101490971e-07, 6.3046606158e-08, 6.41741166874e-08, 8.87973072849e-09, 1.00680352944e-09, 5.39088162999e-10, 1.73598982411e-11], "dvar2": [4.19751108871e-11, 7.47815647628e-06, 4.13425477745e-05, 6.00044186285e-05, 1.53755263455e-05, 7.27620999896e-06, 1.22327110148e-05, 6.53644747217e-06, 9.19395188248e-06, 2.12885879591e-06, 2.89185163638e-06, 5.92872083871e-07, 4.44102056463e-07, 4.68193348979e-07, 4.73008498147e-07, 3.38108179676e-07, 3.68390175254e-07, 3.58171092785e-07, 3.75366255412e-07, 1.54919192141e-07, 3.96140336534e-07, 1.33156234483e-07, 1.29505721702e-07, 1.83791719621e-08, 2.21575313653e-09, 1.11877362929e-09, 3.76162295757e-11], "max": [9.39022647799e-05, 0.0201255325228, 0.0578726828098, 0.0956021547318, 0.0377561300993, 0.0564433000982, 0.0632816776633, 0.0636229217052, 0.050028745085, 0.036405030638, 0.0394203029573, 0.0155898714438, 0.0141033474356, 0.0114038223401, 0.0142333554104, 0.0117126246914, 0.0133950812742, 0.0127817578614, 0.00948021002114, 0.00946252886206, 0.0117587735876, 0.00586173543707, 0.00932775251567, 0.00178123661317, 0.00116027833428, 0.000655781652313, 0.000140634656418], "mean": [2.44673674388e-06, 0.000467052304884, 0.00148674938828, 0.00246385484934, 0.00278050825, 0.0021970088128, 0.00238924147561, 0.00165406393353, 0.00160450942349, 0.000686021929141, 0.000569098279811, 0.000308115937514, 0.000359803350875, 0.000310032599373, 0.000318130740197, 0.000344099767972, 0.000402373087127, 0.000436266826, 0.000459614704596, 0.000283911649603, 0.000304735731333, 0.000194168504095, 0.000156569833052, 8.09890334494e-05, 2.52306708717e-05, 1.10328364826e-05, 9.41227142448e-07], "median": [3.41259692505e-07, 9.32556940825e-05, 0.000344648724422, 0.000999441836029, 0.00165646569803, 0.00101340329275, 0.000623105675913, 0.000460747512989, 0.000397966388846, 0.000249418953899, 0.000167612568475, 0.000114716043754, 0.000115071998152, 0.000107720763481, 0.000102752557723, 0.000138944378705, 0.000178415939445, 0.000212946528336, 0.000242212947342, 0.00013967861014, 0.000125012229546, 7.80912669143e-05, 5.28122218384e-05, 2.92400545732e-05, 9.34186937229e-06, 1.44174191519e-06, 2.20800933093e-09], "min": [2.56806473283e-23, 3.31313944019e-23, 2.70166937118e-23, 3.31019351803e-23, 2.26656903683e-23, 3.44387357148e-23, 3.63997461065e-23, 6.1777142681e-23, 7.20420973915e-23, 1.05489799773e-22, 6.5115318042e-23, 4.64483225815e-23, 1.01001490456e-22, 9.50317003584e-23, 1.63975947286e-22, 1.77004862349e-22, 1.58028365201e-22, 2.11156821881e-22, 1.36584664551e-22, 3.61999737086e-22, 3.12990396509e-22, 6.667788615e-22, 7.75138310054e-22, 8.41053356349e-22, 9.57925737409e-22, 1.63469993358e-21, 2.38349104671e-21], "var": [4.80656799084e-11, 2.15683098759e-06, 1.25861815832e-05, 2.95581940009e-05, 1.17195822895e-05, 1.26773038573e-05, 2.83991867036e-05, 1.25007263705e-05, 1.26082895804e-05, 1.78647871962e-06, 1.89940101336e-06, 4.33136818856e-07, 4.96198254041e-07, 4.93454592743e-07, 6.93312813382e-07, 4.06788132068e-07, 5.99483826136e-07, 3.88447347177e-07, 4.38482686604e-07, 2.0071914264e-07, 4.44195393356e-07, 1.72688615407e-07, 1.44064188135e-07, 2.20372626814e-08, 2.02528882554e-09, 7.9777418005e-10, 2.01626770835e-11]}, "barkbands_crest": {"dmean": 2.22811603546, "dmean2": 3.57659506798, "dvar": 4.50179719925, "dvar2": 11.0608024597, "max": 26.4100131989, "mean": 10.0260238647, "median": 9.05013084412, "min": 2.44613862038, "var": 20.0790271759}, "barkbands_flatness_db": {"dmean": 0.0188590157777, "dmean2": 0.0282894074917, "dvar": 0.000306025816826, "dvar2": 0.000696567760315, "max": 0.431181699038, "mean": 0.147315442562, "median": 0.143189117312, "min": 0.034217916429, "var": 0.00229767686687}, "barkbands_kurtosis": {"dmean": 2.27761244774, "dmean2": 3.5928144455, "dvar": 17.7569828033, "dvar2": 40.3934135437, "max": 146.297317505, "mean": 4.37068796158, "median": 1.79562699795, "min": -1.89556527138, "var": 89.2301940918}, "barkbands_skewness": {"dmean": 0.440439045429, "dmean2": 0.680661320686, "dvar": 0.244027629495, "dvar2": 0.555662870407, "max": 10.121931076, "mean": 1.62688589096, "median": 1.49727606773, "min": -2.87006735802, "var": 1.48004114628}, "barkbands_spread": {"dmean": 4.83229064941, "dmean2": 7.37394618988, "dvar": 36.7819213867, "dvar2": 77.3476867676, "max": 138.11869812, "mean": 21.7912368774, "median": 19.9537677765, "min": 0.727540194988, "var": 160.92855835}, "dissonance": {"dmean": 0.0163590330631, "dmean2": 0.0270673707128, "dvar": 0.000254472834058, "dvar2": 0.000648254179396, "max": 0.499999970198, "mean": 0.459863513708, "median": 0.466956317425, "min": 0.248950794339, "var": 0.000830685079563}, "dynamic_complexity": 3.11928248405, "erbbands": {"dmean": [0.00466708326712, 0.141235440969, 1.06543707848, 3.73413062096, 5.17768144608, 4.446413517, 5.08428430557, 9.26284885406, 13.473695755, 17.3104286194, 14.0178041458, 19.7427501678, 10.7977390289, 12.7300834656, 12.4212150574, 6.55362510681, 8.6725692749, 8.29985809326, 8.41919708252, 7.59453439713, 8.79714298248, 10.0121002197, 11.6096401215, 11.2401294708, 7.96932888031, 5.41101264954, 5.65126800537, 5.49393892288, 3.45415782928, 3.09108734131, 2.22722458839, 1.20686209202, 0.457449704409, 0.188081070781, 0.0789356827736, 0.0363261587918, 0.0166147518903, 0.00310108065605, 0.000168322963873, 9.43983013713e-06], "dmean2": [0.00796185433865, 0.245584413409, 1.85847151279, 6.07033443451, 8.41909408569, 7.21679592133, 7.54650878906, 14.2259302139, 20.466999054, 24.7670040131, 19.8598003387, 29.3723144531, 16.2597408295, 20.8789043427, 20.0893135071, 10.2096967697, 13.5233726501, 12.6113243103, 12.9010066986, 11.9226875305, 14.0499296188, 15.8143949509, 19.28632164, 17.9049339294, 12.7662191391, 8.55402565002, 8.64289665222, 8.50138187408, 5.20251321793, 4.60138559341, 3.26054310799, 1.792709589, 0.668418288231, 0.279278188944, 0.115350224078, 0.0530006513, 0.0243511497974, 0.00454072328284, 0.000257489009527, 1.37808192449e-05], "dvar": [0.000208724784898, 0.262989640236, 13.1087932587, 106.335380554, 153.647994995, 65.5595245361, 106.429954529, 340.054840088, 1151.74645996, 1887.28063965, 886.543518066, 2907.69873047, 649.242614746, 1204.29455566, 1317.55224609, 296.005310059, 343.470306396, 449.411254883, 521.441589355, 297.071228027, 347.158966064, 516.970092773, 517.524719238, 433.577728271, 303.297790527, 133.415481567, 275.15411377, 265.260192871, 88.8287887573, 74.1888961792, 66.5147857666, 8.90836048126, 1.14961540699, 0.241136342287, 0.0284170825034, 0.00684017501771, 0.00259411660954, 0.000115840346552, 5.51115988401e-07, 4.43863223953e-10], "dvar2": [0.00055373396026, 0.722315907478, 36.8730926514, 254.594223022, 392.571807861, 172.061172485, 212.202301025, 773.446777344, 2731.84643555, 3889.10620117, 1809.82580566, 6982.76416016, 1486.75610352, 3323.47167969, 3652.6953125, 692.534057617, 789.78717041, 971.691772461, 1019.80908203, 645.869934082, 781.043518066, 1157.22900391, 1391.36352539, 1025.15112305, 755.779846191, 301.05480957, 585.155700684, 624.354431152, 188.82649231, 152.108291626, 136.572647095, 18.5295448303, 2.35309195518, 0.552789151669, 0.0585747174919, 0.014165032655, 0.0055441763252, 0.000245526869548, 1.22853009543e-06, 9.91608239964e-10], "max": [0.203477621078, 6.43779659271, 51.4862136841, 185.838363647, 228.65725708, 180.585098267, 313.053894043, 540.50982666, 770.700683594, 1843.85400391, 777.245605469, 1543.37438965, 746.510314941, 897.067810059, 1676.20056152, 704.557678223, 590.647216797, 533.747558594, 875.447387695, 587.725463867, 449.387054443, 882.090332031, 835.317993164, 496.091156006, 561.851806641, 430.015594482, 558.24407959, 505.056365967, 227.172607422, 300.414916992, 424.049591064, 65.3204345703, 29.4131011963, 18.8051681519, 3.09307050705, 2.02037930489, 1.51397430897, 0.285467177629, 0.0281761866063, 0.000867963943165], "mean": [0.0054898057133, 0.151088863611, 1.33754169941, 5.69486427307, 8.98551750183, 9.03896617889, 11.143491745, 20.7159919739, 30.5092735291, 41.8820266724, 31.3737239838, 40.3644447327, 22.988319397, 23.3860092163, 21.4081726074, 12.4005393982, 16.8283653259, 16.5440578461, 16.837978363, 16.2635726929, 19.779838562, 21.8238563538, 25.4909858704, 26.0345344543, 19.3280982971, 12.7073965073, 12.2888612747, 11.071097374, 7.13720464706, 5.93264532089, 4.26221227646, 2.44033408165, 0.948503196239, 0.364652127028, 0.141928687692, 0.0537847876549, 0.0198819451034, 0.00331744248979, 0.000172211235622, 2.92649947369e-05], "median": [0.00143300252967, 0.0355717763305, 0.362009972334, 2.30573272705, 4.8527879715, 5.05742692947, 5.38289308548, 9.42628288269, 9.40602874756, 11.069814682, 11.5694904327, 10.7505159378, 9.09943962097, 7.5158033371, 7.96855258942, 5.37791872025, 6.08265113831, 6.25123786926, 5.97510623932, 6.63415288925, 9.22936820984, 9.8985414505, 13.3713312149, 13.8296756744, 9.38977432251, 6.49887561798, 5.47217082977, 4.43766975403, 2.78605747223, 2.19311261177, 1.43551445007, 0.847295403481, 0.357623785734, 0.135868132114, 0.0503280088305, 0.0122217293829, 0.00161444605328, 0.000119701209769, 1.88666217582e-05, 2.34548242588e-05], "min": [1.72475679939e-21, 5.0509974648e-21, 3.07804762677e-20, 6.36319672199e-20, 1.36602674309e-19, 3.62755081627e-20, 9.1542404643e-20, 3.56722802386e-19, 3.96818495574e-19, 1.03956295714e-18, 1.47899604011e-18, 1.86933181783e-18, 2.91332308638e-18, 2.2807675254e-18, 3.62617534416e-18, 1.78683295944e-18, 3.91374964719e-18, 4.41173843214e-18, 6.58491974515e-18, 1.10655226176e-17, 9.45868126437e-18, 8.37817410768e-18, 9.9301154837e-18, 8.37064593692e-18, 9.09181094627e-18, 1.59655867108e-17, 1.40142726089e-17, 1.55049281733e-17, 2.14813163708e-17, 2.26284256289e-17, 2.42314768406e-17, 1.510742653e-17, 1.5945294316e-17, 9.94454730385e-18, 6.89689587626e-18, 6.05583062353e-18, 2.98366590528e-18, 1.26411995278e-18, 3.25509762357e-19, 3.45598806423e-20], "var": [0.000196179782506, 0.205113694072, 10.3683214188, 125.86895752, 193.255432129, 162.637496948, 387.898193359, 1283.9128418, 4276.38085938, 10960.0527344, 2985.25537109, 8611.69433594, 1998.14978027, 2469.99511719, 2324.87304688, 604.195251465, 977.087097168, 1136.43896484, 1616.85559082, 1043.81005859, 1175.80615234, 1797.12487793, 1292.50231934, 1325.8314209, 856.680297852, 402.971099854, 675.49407959, 597.905944824, 241.609695435, 175.949478149, 124.372306824, 22.6916160583, 2.77156233788, 0.458490759134, 0.0596369430423, 0.0118154576048, 0.00349139329046, 0.000147254075273, 6.08442348948e-07, 7.49195816496e-10]}, "erbbands_crest": {"dmean": 2.36167836189, "dmean2": 3.77236533165, "dvar": 5.46157550812, "dvar2": 13.205704689, "max": 30.1257820129, "mean": 9.41627693176, "median": 8.10064029694, "min": 2.47313761711, "var": 22.6963539124}, "erbbands_flatness_db": {"dmean": 0.0150947673246, "dmean2": 0.0206988230348, "dvar": 0.000208160359762, "dvar2": 0.000370446708985, "max": 0.321114510298, "mean": 0.173670321703, "median": 0.172216594219, "min": 0.0292685125023, "var": 0.00150299677625}, "erbbands_kurtosis": {"dmean": 0.774106442928, "dmean2": 1.1968382597, "dvar": 1.8471865654, "dvar2": 3.90094685555, "max": 43.2972869873, "mean": 0.252053081989, "median": -0.655095517635, "min": -1.79444682598, "var": 8.78002166748}, "erbbands_skewness": {"dmean": 0.333025842905, "dmean2": 0.505578577518, "dvar": 0.107566267252, "dvar2": 0.225305348635, "max": 5.63814258575, "mean": 0.411777883768, "median": 0.340263217688, "min": -3.58479833603, "var": 0.832543432713}, "erbbands_spread": {"dmean": 7.1655626297, "dmean2": 10.8487195969, "dvar": 61.0737495422, "dvar2": 131.818450928, "max": 136.984024048, "mean": 42.4307327271, "median": 41.6324996948, "min": 3.44112348557, "var": 289.981506348}, "gfcc": {"cov": [[7679.42236328, -748.111816406, -714.417358398, 349.479400635, -448.336914063, 521.915649414, 107.657936096, 188.229431152, -80.4479980469, 118.051834106, -121.8306427, -122.348617554, -189.082595825], [-748.111816406, 1036.6829834, -84.3295135498, 1.95219051838, 136.811065674, -163.582305908, 34.2564353943, -50.3620872498, 102.824943542, -95.3752288818, 109.038612366, -116.682052612, 88.0243606567], [-714.417358398, -84.3295135498, 782.672851563, 34.5172309875, 158.948120117, 4.16967773438, -11.6197338104, -16.0687999725, -31.3819217682, 51.6835441589, -76.5694885254, 93.3595275879, -84.7724380493], [349.479400635, 1.95219051838, 34.5172309875, 398.459350586, 50.1220321655, 54.4411430359, 28.4539871216, -22.2492446899, 1.63353300095, -28.3873386383, -13.1907958984, -39.0497817993, 30.7781963348], [-448.336914063, 136.811065674, 158.948120117, 50.1220321655, 262.761413574, 14.7011289597, 9.82372093201, 14.0178928375, 6.96745586395, 1.73161637783, -26.5201854706, 8.0561914444, -12.216053009], [521.915649414, -163.582305908, 4.16967773438, 54.4411430359, 14.7011289597, 208.314193726, 65.7696456909, 39.2624359131, -25.8482151031, 10.957110405, -24.4078216553, -9.11061859131, -23.6157093048], [107.657936096, 34.2564353943, -11.6197338104, 28.4539871216, 9.82372093201, 65.7696456909, 138.461883545, 39.7348556519, 5.82665634155, -4.04625225067, -6.27417182922, -18.421787262, -12.1118412018], [188.229431152, -50.3620872498, -16.0687999725, -22.2492446899, 14.0178928375, 39.2624359131, 39.7348556519, 101.540985107, 22.3074035645, 12.1432151794, -15.599439621, 2.40159463882, -18.325963974], [-80.4479980469, 102.824943542, -31.3819217682, 1.63353300095, 6.96745586395, -25.8482151031, 5.82665634155, 22.3074035645, 93.8788452148, 19.0400600433, 20.7589855194, -27.4802570343, 0.238520011306], [118.051834106, -95.3752288818, 51.6835441589, -28.3873386383, 1.73161637783, 10.957110405, -4.04625225067, 12.1432151794, 19.0400600433, 97.562538147, 11.4564714432, 19.828125, -33.1926078796], [-121.8306427, 109.038612366, -76.5694885254, -13.1907958984, -26.5201854706, -24.4078216553, -6.27417182922, -15.599439621, 20.7589855194, 11.4564714432, 100.898696899, 6.23995876312, 29.0362606049], [-122.348617554, -116.682052612, 93.3595275879, -39.0497817993, 8.0561914444, -9.11061859131, -18.421787262, 2.40159463882, -27.4802570343, 19.828125, 6.23995876312, 100.010742188, 6.64814186096], [-189.082595825, 88.0243606567, -84.7724380493, 30.7781963348, -12.216053009, -23.6157093048, -12.1118412018, -18.325963974, 0.238520011306, -33.1926078796, 29.0362606049, 6.64814186096, 98.6580734253]], "icov": [[0.000276339094853, -0.000220811547479, 0.000343267340213, -0.000416562979808, 0.000594105105847, -0.000629567133728, 0.000348948553437, -0.00042951782234, 0.00036672630813, -0.000556617742404, 0.000539373024367, -0.000303058681311, 0.000710978172719], [-0.000220811547479, 0.00279409601353, -0.000676299037877, 0.000973194255494, -0.00222215359099, 0.00218222755939, -0.00171059614513, 0.00117051484995, -0.00170886598062, 0.00258178659715, -0.0032444447279, 0.00338606187142, -0.00194676627871], [0.000343267340213, -0.000676299037877, 0.00258045759983, -0.000965923711192, 2.64673908532e-05, -0.000828805088531, 0.000480030459585, 0.000358496356057, 0.000441803073045, -0.00146538240369, 0.0023481475655, -0.00306910322979, 0.00273195351474], [-0.000416562979808, 0.000973194255494, -0.000965923711192, 0.00387089326978, -0.00175459345337, 0.000381216232199, -0.00124766433146, 0.00184553593863, -0.00127227266785, 0.00169587030541, -0.00119971833192, 0.00252158776857, -0.0028837879654], [0.000594105105847, -0.00222215359099, 2.64673908532e-05, -0.00175459345337, 0.00701069785282, -0.00260849809274, 0.0017054695636, -0.00219685118645, 0.00107777747326, -0.00226449384354, 0.00347327021882, -0.00262399669737, 0.00212650001049], [-0.000629567133728, 0.00218222755939, -0.000828805088531, 0.000381216232199, -0.00260849809274, 0.00937426649034, -0.00411043781787, -0.000682035344653, 0.00134638184682, 0.00107051618397, -0.00256651150994, 0.00346022984013, -0.00181598903146], [0.000348948553437, -0.00171059614513, 0.000480030459585, -0.00124766433146, 0.0017054695636, -0.00411043781787, 0.0107612824067, -0.00408635381609, 0.00107165717054, -0.000787747150753, 0.00124193564989, -0.000708746141754, 0.00220065005124], [-0.00042951782234, 0.00117051484995, 0.000358496356057, 0.00184553593863, -0.00219685118645, -0.000682035344653, -0.00408635381609, 0.015253122896, -0.00607137056068, 0.00146751396824, 0.00128217914607, -0.00181819067802, 1.46785187098e-05], [0.00036672630813, -0.00170886598062, 0.000441803073045, -0.00127227266785, 0.00107777747326, 0.00134638184682, 0.00107165717054, -0.00607137056068, 0.0172516442835, -0.00596373109147, -0.00105008354876, 0.00388215086423, 0.00046288248268], [-0.000556617742404, 0.00258178659715, -0.00146538240369, 0.00169587030541, -0.00226449384354, 0.00107051618397, -0.000787747150753, 0.00146751396824, -0.00596373109147, 0.0172488186508, -0.00596394063905, -0.000397781113861, 0.00259293988347], [0.000539373024367, -0.0032444447279, 0.0023481475655, -0.00119971833192, 0.00347327021882, -0.00256651150994, 0.00124193564989, 0.00128217914607, -0.00105008354876, -0.00596394063905, 0.0176113415509, -0.00629068817943, -0.000236532519921], [-0.000303058681311, 0.00338606187142, -0.00306910322979, 0.00252158776857, -0.00262399669737, 0.00346022984013, -0.000708746141754, -0.00181819067802, 0.00388215086423, -0.000397781113861, -0.00629068817943, 0.0198431443423, -0.00657603656873], [0.000710978172719, -0.00194676627871, 0.00273195351474, -0.0028837879654, 0.00212650001049, -0.00181598903146, 0.00220065005124, 1.46785187098e-05, 0.00046288248268, 0.00259293988347, -0.000236532519921, -0.00657603656873, 0.0179681759328]], "mean": [-18.0311412811, 92.0937194824, -138.667526245, 38.7128448486, -79.7393112183, -4.19014406204, -45.953754425, 0.976240575314, -26.6976947784, -10.2614984512, -17.9168300629, -7.72061777115, -14.0457391739]}, "hfc": {"dmean": 4.1830701828, "dmean2": 5.82212257385, "dvar": 43.683216095, "dvar2": 84.1892929077, "max": 146.439605713, "mean": 18.6425762177, "median": 14.1285648346, "min": 1.11883364393e-16, "var": 272.296661377}, "melbands": {"dmean": [8.19267588668e-05, 0.00042686323286, 0.000676663243212, 0.000337817793479, 0.000170344181242, 0.000202188079129, 0.000203415751457, 0.000186770557775, 0.000114948707051, 0.000122849087347, 5.41075387446e-05, 5.30732431798e-05, 4.42665987066e-05, 2.45705577981e-05, 1.58624861797e-05, 2.22604176088e-05, 1.62643173098e-05, 1.44993327922e-05, 1.27015855469e-05, 1.28678675537e-05, 1.04742885014e-05, 1.13657852125e-05, 1.12978304969e-05, 1.03071533886e-05, 1.01637770058e-05, 7.1229887908e-06, 5.29650560566e-06, 3.7246697957e-06, 3.64788957086e-06, 3.97192616219e-06, 3.22823257193e-06, 2.14173769564e-06, 1.8896552092e-06, 1.81010591405e-06, 1.45670549045e-06, 1.01450416423e-06, 6.98478743288e-07, 3.635822452e-07, 2.26717062901e-07, 1.46272810753e-07], "dmean2": [0.000141961674672, 0.000743681914173, 0.00109482486732, 0.000549071584828, 0.000260005006567, 0.000308900140226, 0.000306445290335, 0.000267583702225, 0.000162975426065, 0.000183932250366, 8.18024491309e-05, 8.67376220413e-05, 7.2163376899e-05, 3.90190252801e-05, 2.47309799306e-05, 3.44875406881e-05, 2.47727675742e-05, 2.23033985094e-05, 1.97376848519e-05, 2.05773194466e-05, 1.67112102645e-05, 1.79158032552e-05, 1.85560002137e-05, 1.69809536601e-05, 1.62472533702e-05, 1.15471557365e-05, 8.53065830597e-06, 5.92411242906e-06, 5.66609560337e-06, 6.22946163276e-06, 5.08543780597e-06, 3.32955687554e-06, 2.84786369775e-06, 2.73672890216e-06, 2.18154377762e-06, 1.5142815073e-06, 1.06607456019e-06, 5.44621400422e-07, 3.41428233241e-07, 2.21201318595e-07], "dvar": [8.09031064364e-08, 2.16207854464e-06, 3.36222592523e-06, 4.11010006474e-07, 9.79404006785e-08, 1.48867925986e-07, 2.40676314434e-07, 2.10198734862e-07, 6.32489189911e-08, 1.1262554267e-07, 1.73191239128e-08, 2.060497728e-08, 1.68030798164e-08, 4.00250366184e-09, 1.45732925727e-09, 2.94771629328e-09, 1.89920479343e-09, 1.54395130014e-09, 1.54672541441e-09, 8.41241687422e-10, 5.35461230911e-10, 7.10336123255e-10, 4.80671669134e-10, 3.74875130937e-10, 3.9003916763e-10, 2.76636130669e-10, 1.30783300856e-10, 6.88676130012e-11, 1.00929958835e-10, 1.5806882192e-10, 8.97598800842e-11, 3.63297447681e-11, 2.54291240842e-11, 3.15032618048e-11, 3.1725060079e-11, 7.18929993662e-12, 2.95758122854e-12, 7.41791014464e-13, 3.56337545191e-13, 1.34141653406e-13], "dvar2": [2.18007073727e-07, 6.04331853538e-06, 8.00728867034e-06, 1.08046117475e-06, 2.18163648924e-07, 3.36204635687e-07, 5.6372977042e-07, 4.4855954684e-07, 1.28016182543e-07, 2.75791876447e-07, 3.95817956189e-08, 5.65611983916e-08, 4.66278358147e-08, 1.03492396875e-08, 3.28989790965e-09, 6.9141878889e-09, 4.07506206557e-09, 3.15272052909e-09, 3.32123639701e-09, 2.05651029539e-09, 1.2052873144e-09, 1.59226531959e-09, 1.17760678986e-09, 1.00274899495e-09, 9.22414922222e-10, 7.11136260989e-10, 3.21160237293e-10, 1.63616717397e-10, 2.20198928536e-10, 3.88627269254e-10, 2.14972428747e-10, 8.02804697719e-11, 5.64492029509e-11, 6.58438720214e-11, 6.62963781095e-11, 1.52030037864e-11, 6.51140903349e-12, 1.62030491021e-12, 7.85276412039e-13, 3.12976126135e-13], "max": [0.00353731657378, 0.0208572428674, 0.0318206846714, 0.0112320194021, 0.00852641370147, 0.0125144878402, 0.0108300372958, 0.0171981714666, 0.00711008347571, 0.00996611546725, 0.00430707074702, 0.00357540044934, 0.0051921820268, 0.00206878315657, 0.00136654940434, 0.00195411220193, 0.00113377918024, 0.00149017223157, 0.00133842020296, 0.00099445017986, 0.000587591086514, 0.000898168946151, 0.000648572866339, 0.000758591166232, 0.000459664763184, 0.000508319935761, 0.000312614312861, 0.000297476042761, 0.000302649394143, 0.000432743370766, 0.000294817844406, 0.000158230410307, 0.000156427835464, 0.000261364941252, 0.000302683707559, 6.4690997533e-05, 4.80444941786e-05, 2.63874499069e-05, 2.93738612527e-05, 1.34741067086e-05], "mean": [8.73467870406e-05, 0.000528470962308, 0.0010894817533, 0.000660787452944, 0.000394159083953, 0.000457600719528, 0.000471296254545, 0.000445579615189, 0.000249657634413, 0.000245842064032, 0.000108227402961, 9.3917355116e-05, 7.41939948057e-05, 4.10922257288e-05, 2.88796964014e-05, 3.94709859393e-05, 2.96955149679e-05, 2.6386569516e-05, 2.32516104006e-05, 2.45680912485e-05, 2.21294594667e-05, 2.27705986617e-05, 2.2052157874e-05, 2.19811627176e-05, 2.13415823964e-05, 1.56415317178e-05, 1.11683430077e-05, 7.76896922616e-06, 7.50671188143e-06, 7.63997468312e-06, 5.92349033468e-06, 4.09080530517e-06, 3.47444688487e-06, 3.1872452837e-06, 2.58635850514e-06, 1.91705635189e-06, 1.33119999646e-06, 7.06633386471e-07, 4.22305845404e-07, 2.63714468929e-07], "median": [1.9519138732e-05, 0.00013631323236, 0.00053282600129, 0.000395111070247, 0.000206721641007, 0.00020882015815, 0.000139909476275, 0.000116187969979, 8.30945937196e-05, 6.04141787335e-05, 3.95211645809e-05, 2.82853961835e-05, 2.43555441557e-05, 1.59495812113e-05, 1.07499899968e-05, 1.18860552902e-05, 1.00808665593e-05, 8.96250639926e-06, 6.9548036663e-06, 9.02094143385e-06, 9.99096300802e-06, 9.00746545085e-06, 1.12134921437e-05, 1.07544092316e-05, 1.03330294223e-05, 6.98718213243e-06, 5.04431636728e-06, 3.64337392966e-06, 3.21326842823e-06, 3.07524646814e-06, 2.2596486815e-06, 1.54488145654e-06, 1.27222938318e-06, 1.10351595595e-06, 8.11742950191e-07, 6.38435267319e-07, 4.55397753285e-07, 2.59830613913e-07, 1.49264508309e-07, 9.5756313101e-08], "min": [1.29170593199e-23, 1.21442099244e-23, 1.45537248171e-23, 6.48042212777e-24, 2.46123221922e-24, 7.9488188608e-24, 6.04243827015e-24, 1.26172945425e-23, 1.24412010669e-23, 1.06621193549e-23, 1.41738157161e-23, 9.25301182983e-24, 1.04133347135e-23, 7.32228344177e-24, 6.16793381283e-24, 8.98179040656e-24, 8.31262178877e-24, 9.5033528938e-24, 1.5043217742e-23, 1.43501860818e-23, 1.05114248339e-23, 9.59371848821e-24, 7.2299677832e-24, 1.02517042138e-23, 6.3016177317e-24, 5.62690815491e-24, 8.33064568273e-24, 1.14650669493e-23, 1.02201963204e-23, 6.08900078508e-24, 1.07956735062e-23, 1.18142459739e-23, 1.30064987916e-23, 1.22704663234e-23, 1.40238690352e-23, 1.16373936141e-23, 8.58528603863e-24, 1.12922756455e-23, 1.0147264552e-23, 8.39486053814e-24], "var": [6.73637359228e-08, 1.72174190993e-06, 3.98726888307e-06, 7.09241021468e-07, 3.94206409737e-07, 5.82940572258e-07, 9.66127117863e-07, 1.14513954941e-06, 2.11333315292e-07, 3.2901974123e-07, 5.00840471318e-08, 4.19223162851e-08, 3.01182971896e-08, 7.26193016831e-09, 3.00133407016e-09, 7.04977720645e-09, 4.54130111294e-09, 4.19219103875e-09, 4.09683797997e-09, 2.31130115047e-09, 1.69151403995e-09, 2.24468421628e-09, 1.2097610691e-09, 1.02586605877e-09, 1.06842645842e-09, 7.28270721506e-10, 3.40325989612e-10, 1.83958848154e-10, 2.4060983761e-10, 3.13150089193e-10, 1.85145065945e-10, 8.95916882349e-11, 5.85672552122e-11, 6.25333881898e-11, 5.40905792379e-11, 1.74923062146e-11, 6.53745980961e-12, 1.57386538698e-12, 7.09268689787e-13, 2.41010851684e-13]}, "melbands_crest": {"dmean": 3.05264806747, "dmean2": 4.92207813263, "dvar": 8.79903888702, "dvar2": 21.9609565735, "max": 37.7468490601, "mean": 13.8612203598, "median": 12.9630460739, "min": 1.5066639185, "var": 28.3757724762}, "melbands_flatness_db": {"dmean": 0.0207550469786, "dmean2": 0.0318608768284, "dvar": 0.000497481843922, "dvar2": 0.00114552839659, "max": 0.548339426517, "mean": 0.178883194923, "median": 0.173619732261, "min": 0.00373151013628, "var": 0.00404105894268}, "melbands_kurtosis": {"dmean": 5.26382827759, "dmean2": 8.40143489838, "dvar": 81.2617111206, "dvar2": 201.645401001, "max": 217.338012695, "mean": 12.7895612717, "median": 8.07083892822, "min": -1.82792305946, "var": 253.400482178}, "melbands_skewness": {"dmean": 0.584235429764, "dmean2": 0.909079492092, "dvar": 0.484850287437, "dvar2": 1.1390607357, "max": 12.1355638504, "mean": 2.66232347488, "median": 2.44389367104, "min": -0.852198123932, "var": 2.06467247009}, "melbands_spread": {"dmean": 6.75279808044, "dmean2": 10.4235811234, "dvar": 106.51411438, "dvar2": 215.7212677, "max": 191.680862427, "mean": 25.2566413879, "median": 20.0255374908, "min": 0.618007302284, "var": 408.680419922}, "mfcc": {"cov": [[6386.11621094, -762.550964355, -429.800842285, -204.047409058, -282.747924805, 162.596313477, 101.070846558, 153.789215088, 51.1734962463, 237.912643433, 62.6358757019, 63.5887145996, 7.82200622559], [-762.550964355, 923.00012207, -76.6796875, 69.6266784668, 76.0237579346, -80.4069900513, -17.8990325928, -14.1606874466, 9.32151603699, -25.5243854523, 64.8446884155, 20.6330661774, 7.19581985474], [-429.800842285, -76.6796875, 486.310394287, 86.075630188, 65.4650344849, 72.5422897339, 14.2212953568, -1.24117600918, 0.205952689052, -19.2382259369, -27.5709056854, 15.2558584213, 21.8457145691], [-204.047409058, 69.6266784668, 86.075630188, 308.785888672, 93.5868530273, 50.5406074524, 3.65045690536, 4.80351305008, 28.894361496, -15.147485733, -14.9143190384, -2.4936273098, 1.46221470833], [-282.747924805, 76.0237579346, 65.4650344849, 93.5868530273, 217.761352539, 48.3340148926, 11.835559845, 5.22950363159, 22.9603042603, 1.10261678696, -6.62573480606, -12.5541477203, 11.6122751236], [162.596313477, -80.4069900513, 72.5422897339, 50.5406074524, 48.3340148926, 144.724197388, 63.0866928101, 19.2862873077, 23.5917129517, 13.0248355865, 6.41636800766, 0.702964842319, -2.23334813118], [101.070846558, -17.8990325928, 14.2212953568, 3.65045690536, 11.835559845, 63.0866928101, 127.478034973, 53.5054626465, 23.242898941, 13.3401088715, 7.1420674324, -1.85772061348, -6.5404381752], [153.789215088, -14.1606874466, -1.24117600918, 4.80351305008, 5.22950363159, 19.2862873077, 53.5054626465, 108.399345398, 40.4730377197, 17.7565517426, 1.69401502609, -4.3384308815, -4.11426401138], [51.1734962463, 9.32151603699, 0.205952689052, 28.894361496, 22.9603042603, 23.5917129517, 23.242898941, 40.4730377197, 92.4076766968, 33.0697059631, 10.1793308258, -2.42488956451, -6.89133214951], [237.912643433, -25.5243854523, -19.2382259369, -15.147485733, 1.10261678696, 13.0248355865, 13.3401088715, 17.7565517426, 33.0697059631, 90.1742019653, 34.1216049194, 11.7748699188, -1.76426005363], [62.6358757019, 64.8446884155, -27.5709056854, -14.9143190384, -6.62573480606, 6.41636800766, 7.1420674324, 1.69401502609, 10.1793308258, 34.1216049194, 93.9326324463, 33.8697090149, -4.73389291763], [63.5887145996, 20.6330661774, 15.2558584213, -2.4936273098, -12.5541477203, 0.702964842319, -1.85772061348, -4.3384308815, -2.42488956451, 11.7748699188, 33.8697090149, 84.7527770996, 30.4818325043], [7.82200622559, 7.19581985474, 21.8457145691, 1.46221470833, 11.6122751236, -2.23334813118, -6.5404381752, -4.11426401138, -6.89133214951, -1.76426005363, -4.73389291763, 30.4818325043, 82.2473144531]], "icov": [[0.000234182109125, 0.000139494746691, 0.000240079476498, 1.17453519124e-05, 0.0002502304269, -0.000387021835195, 0.000113069727377, -0.000295522040688, 0.00014829041902, -0.000495492247865, 7.40843097446e-05, -0.000149568048073, -8.8590219093e-05], [0.000139494746691, 0.00148569711018, 0.000308771879645, -0.000348974630469, -0.000494683044963, 0.00098951975815, -0.000338289159117, 4.2093310185e-05, -0.000256962550338, 0.000564447545912, -0.00130636279937, -0.000114576083433, -0.000189291502465], [0.000240079476498, 0.000308771879645, 0.00269372412004, -0.000377613439923, -0.000181716794032, -0.00141739775427, 0.000285531918053, -0.000296692829579, 0.000314412347507, -9.32865805225e-05, 0.000739081064239, -0.000920968945138, -0.000355377240339], [1.17453519124e-05, -0.000348974630469, -0.000377613439923, 0.00417859107256, -0.00120149820577, -0.00129705353174, 0.000731956213713, -3.48508510797e-05, -0.00117119448259, 0.00080363714369, 0.000759345421102, -0.000472732906928, 0.000384316110285], [0.0002502304269, -0.000494683044963, -0.000181716794032, -0.00120149820577, 0.00635836552829, -0.00223395647481, 0.000501980422996, -0.000170854415046, -0.000528524047695, -0.000979495467618, 0.000342386716511, 0.0013782751048, -0.00139429455157], [-0.000387021835195, 0.00098951975815, -0.00141739775427, -0.00129705353174, -0.00223395647481, 0.0123135242611, -0.00575018161908, 0.00197263131849, -0.00150215264875, 0.000701507320628, -0.00182081060484, 0.00027989258524, 0.000321604282362], [0.000113069727377, -0.000338289159117, 0.000285531918053, 0.000731956213713, 0.000501980422996, -0.00575018161908, 0.0127997901291, -0.00566835701466, 0.000503459537867, -0.000342181127053, 2.58688942267e-05, -4.45583718829e-05, 0.000490134290885], [-0.000295522040688, 4.2093310185e-05, -0.000296692829579, -3.48508510797e-05, -0.000170854415046, 0.00197263131849, -0.00566835701466, 0.0139861674979, -0.00509195635095, 0.000168358004885, 0.000390286033507, 0.00055163318757, -0.000174602944753], [0.00014829041902, -0.000256962550338, 0.000314412347507, -0.00117119448259, -0.000528524047695, -0.00150215264875, 0.000503459537867, -0.00509195635095, 0.0156980492175, -0.00532403076068, 0.000265886366833, 0.000316655961797, 0.000863891444169], [-0.000495492247865, 0.000564447545912, -9.32865805225e-05, 0.00080363714369, -0.000979495467618, 0.000701507320628, -0.000342181127053, 0.000168358004885, -0.00532403076068, 0.0166411809623, -0.00551605271176, -4.788323713e-05, -0.000242083187914], [7.40843097446e-05, -0.00130636279937, 0.000739081064239, 0.000759345421102, 0.000342386716511, -0.00182081060484, 2.58688942267e-05, 0.000390286033507, 0.000265886366833, -0.00551605271176, 0.0165405776352, -0.0067399754189, 0.00317513127811], [-0.000149568048073, -0.000114576083433, -0.000920968945138, -0.000472732906928, 0.0013782751048, 0.00027989258524, -4.45583718829e-05, 0.00055163318757, 0.000316655961797, -4.788323713e-05, -0.0067399754189, 0.0174436513335, -0.00671292329207], [-8.8590219093e-05, -0.000189291502465, -0.000355377240339, 0.000384316110285, -0.00139429455157, 0.000321604282362, 0.000490134290885, -0.000174602944753, 0.000863891444169, -0.000242083187914, 0.00317513127811, -0.00671292329207, 0.0152446590364]], "mean": [-647.247131348, 109.050727844, -6.41411447525, 28.638010025, -11.8320045471, -7.74908971786, -13.7252988815, -0.0972603634, -10.4184732437, -4.89776849747, -6.99254131317, -4.35574865341, -9.15569019318]}, "pitch_salience": {"dmean": 0.0610700212419, "dmean2": 0.0984232202172, "dvar": 0.003185687121, "dvar2": 0.00837949570268, "max": 0.825055837631, "mean": 0.545597195625, "median": 0.555622935295, "min": 0.0604851394892, "var": 0.0113153811544}, "silence_rate_20dB": {"dmean": 0, "dmean2": 0, "dvar": 0, "dvar2": 0, "max": 1, "mean": 1, "median": 1, "min": 1, "var": 0}, "silence_rate_30dB": {"dmean": 0, "dmean2": 0, "dvar": 0, "dvar2": 0, "max": 1, "mean": 1, "median": 1, "min": 1, "var": 0}, "silence_rate_60dB": {"dmean": 0.00993245933205, "dmean2": 0.0198668912053, "dvar": 0.00983426906168, "dvar2": 0.0226526968181, "max": 1, "mean": 0.0551196746528, "median": 0, "min": 0, "var": 0.0520803853869}, "spectral_centroid": {"dmean": 239.600784302, "dmean2": 369.06652832, "dvar": 84895.4296875, "dvar2": 168607.625, "max": 11105.0175781, "mean": 1455.44677734, "median": 1362.55480957, "min": 166.979064941, "var": 476639.75}, "spectral_complexity": {"dmean": 2.6769964695, "dmean2": 4.20582103729, "dvar": 7.52630805969, "dvar2": 16.143075943, "max": 49, "mean": 18.5143508911, "median": 18, "min": 0, "var": 81.0902938843}, "spectral_contrast_coeffs": {"dmean": [0.0487799979746, 0.0422182455659, 0.0370272174478, 0.028791712597, 0.0222582705319, 0.0166257787496], "dmean2": [0.0804446786642, 0.068022094667, 0.0597346350551, 0.0465930476785, 0.035814575851, 0.0263161826879], "dvar": [0.00169928569812, 0.00127996690571, 0.000906553817913, 0.000536703504622, 0.000344395957654, 0.000243669710471], "dvar2": [0.00441743712872, 0.0031704925932, 0.00226626335643, 0.00135634082835, 0.000846168317366, 0.000583394488785], "max": [-0.259195119143, -0.399277567863, -0.486061394215, -0.56361502409, -0.564316213131, -0.582688331604], "mean": [-0.54747313261, -0.69326877594, -0.732490956783, -0.754401624203, -0.751625597477, -0.736356914043], "median": [-0.547433674335, -0.698406338692, -0.737817466259, -0.757363379002, -0.752306759357, -0.735758781433], "min": [-0.943340659142, -0.95308226347, -0.963051557541, -0.959857404232, -0.962249875069, -0.960563063622], "var": [0.00588666228577, 0.00606151623651, 0.00398753443733, 0.00236761127599, 0.00186445086729, 0.00179695140105]}, "spectral_contrast_valleys": {"dmean": [0.42378655076, 0.3056204319, 0.279318094254, 0.239803686738, 0.198447600007, 0.234706506133], "dmean2": [0.696305215359, 0.494039982557, 0.450671941042, 0.380101084709, 0.299823313951, 0.313506126404], "dvar": [0.154477283359, 0.0830811560154, 0.0738083049655, 0.0649933815002, 0.0555315762758, 0.0894426107407], "dvar2": [0.357815802097, 0.19315867126, 0.15313051641, 0.125272497535, 0.100177153945, 0.134457200766], "max": [-5.77307510376, -4.86839056015, -4.77144050598, -5.95231628418, -5.85402774811, -8.00098419189], "mean": [-8.20082378387, -6.81052207947, -7.66716051102, -8.13631629944, -7.67887449265, -10.3117141724], "median": [-8.12176322937, -6.70459604263, -7.54066085815, -8.04167079926, -7.55472373962, -10.1789340973], "min": [-27.775800705, -27.4134426117, -27.7117061615, -27.3380279541, -27.1470165253, -27.2207374573], "var": [1.02111780643, 0.852762401104, 1.03369188309, 0.92548930645, 0.945640802383, 1.07928967476]}, "spectral_decrease": {"dmean": 1.37905575848e-09, "dmean2": 2.10750572549e-09, "dvar": 5.0580626212e-18, "dvar2": 1.17827502473e-17, "max": -1.29933751431e-29, "mean": -4.92964646881e-09, "median": -4.11998435368e-09, "min": -3.26457829658e-08, "var": 1.42944668065e-17}, "spectral_energy": {"dmean": 0.00546477362514, "dmean2": 0.00828179717064, "dvar": 7.55153669161e-05, "dvar2": 0.000173816079041, "max": 0.127680256963, "mean": 0.0202965829521, "median": 0.0170973036438, "min": 1.01971764378e-20, "var": 0.000232611404499}, "spectral_energyband_high": {"dmean": 0.000352326023858, "dmean2": 0.000495352840517, "dvar": 7.45050272144e-07, "dvar2": 1.3979375808e-06, "max": 0.0199350975454, "mean": 0.000906428846065, "median": 0.000434301648056, "min": 7.56719849324e-21, "var": 2.67285759037e-06}, "spectral_energyband_low": {"dmean": 0.00225048046559, "dmean2": 0.00376042863354, "dvar": 3.81646023015e-05, "dvar2": 0.000100616998679, "max": 0.0784277692437, "mean": 0.00324599444866, "median": 0.0011590301292, "min": 8.78583925097e-23, "var": 3.84981576644e-05}, "spectral_energyband_middle_high": {"dmean": 0.00114301859867, "dmean2": 0.00173956318758, "dvar": 3.54276471626e-06, "dvar2": 8.04707542557e-06, "max": 0.0474719256163, "mean": 0.00424107164145, "median": 0.00265132496133, "min": 1.37684233154e-21, "var": 2.09596892091e-05}, "spectral_energyband_middle_low": {"dmean": 0.00407674303278, "dmean2": 0.00619911821559, "dvar": 4.66444398626e-05, "dvar2": 0.000107515006675, "max": 0.106978788972, "mean": 0.0132915452123, "median": 0.0102993901819, "min": 3.04400875076e-22, "var": 0.000132759974804}, "spectral_entropy": {"dmean": 0.13270431757, "dmean2": 0.19378374517, "dvar": 0.0203791074455, "dvar2": 0.0391989164054, "max": 9.79441452026, "mean": 7.45639848709, "median": 7.50686120987, "min": 4.82957792282, "var": 0.179056704044}, "spectral_flux": {"dmean": 0.017915988341, "dmean2": 0.0281716082245, "dvar": 0.000547808071133, "dvar2": 0.00121565896552, "max": 0.311217546463, "mean": 0.0652435421944, "median": 0.0570941977203, "min": 1.00981070728e-10, "var": 0.00156879192218}, "spectral_kurtosis": {"dmean": 1.30414533615, "dmean2": 2.21322131157, "dvar": 2.02830386162, "dvar2": 5.39335632324, "max": 60.7205467224, "mean": 3.54577970505, "median": 2.83662486076, "min": -1.23505270481, "var": 8.80585861206}, "spectral_rms": {"dmean": 0.000549140735529, "dmean2": 0.00081474421313, "dvar": 4.80031417283e-07, "dvar2": 1.04361106423e-06, "max": 0.0111609185115, "mean": 0.00413713883609, "median": 0.00408415170386, "min": 3.15411867631e-12, "var": 2.68562871497e-06}, "spectral_rolloff": {"dmean": 502.415435791, "dmean2": 828.543579102, "dvar": 651247.5, "dvar2": 1384085.625, "max": 18561.6210938, "mean": 1696.81054688, "median": 1184.32617188, "min": 21.533203125, "var": 2106348.5}, "spectral_skewness": {"dmean": 0.183208569884, "dmean2": 0.297064751387, "dvar": 0.0317696779966, "dvar2": 0.0768622905016, "max": 6.64867734909, "mean": 1.29146707058, "median": 1.22261679173, "min": -0.10108024627, "var": 0.234484285116}, "spectral_spread": {"dmean": 381672.3125, "dmean2": 546775.9375, "dvar": 320183173120, "dvar2": 475874557952, "max": 41411924, "mean": 4228838, "median": 4053766.75, "min": 1570402, "var": 1191478427650.0}, "spectral_s