{"lowlevel": {"average_loudness": 0.474036306143, "barkbands": {"dmean": [6.19674974587e-05, 0.00219616224058, 0.0023738485761, 0.00192178005818, 0.00198008189909, 0.00125080288853, 0.00041792486445, 0.000508061493747, 0.000408962689107, 0.000347152759787, 0.000128209459945, 0.000221619513468, 0.000103551705251, 7.09225787432e-05, 9.8054886621e-05, 7.14520210749e-05, 9.05824053916e-05, 8.56052793097e-05, 8.43624293339e-05, 8.24694507173e-05, 6.33188974462e-05, 5.57399798709e-05, 5.55663318664e-05, 5.58065730729e-05, 5.12047117809e-05, 2.98990617011e-05, 9.36739888857e-06], "dmean2": [9.42220358411e-05, 0.00364566594362, 0.00383392348886, 0.00309554836713, 0.00304042664357, 0.00187387515325, 0.000603337306529, 0.000726076075807, 0.000623036234174, 0.000527913973201, 0.000199616100872, 0.000364222447388, 0.000165139121236, 0.000118257550639, 0.000166694328072, 0.000118686097267, 0.000146027392475, 0.00013927576947, 0.000136357935844, 0.000133968933369, 9.81333432719e-05, 8.3020539023e-05, 7.76905872044e-05, 7.77060413384e-05, 7.19284871593e-05, 4.35327601735e-05, 1.41029713632e-05], "dvar": [4.4172459468e-08, 3.06102629111e-05, 2.54698115896e-05, 1.9292710931e-05, 1.7073663912e-05, 1.55180332513e-05, 1.95144366444e-06, 3.59802311323e-06, 1.51843505591e-06, 9.76922478912e-07, 1.01116562234e-07, 4.41031431819e-07, 7.95044243773e-08, 4.05795042013e-08, 9.40760500612e-08, 4.3008835604e-08, 6.93896069492e-08, 3.59698724139e-08, 2.6148047283e-08, 2.53142502515e-08, 1.60570827745e-08, 1.35116877686e-08, 1.90833890912e-08, 1.98367313686e-08, 2.15651585478e-08, 5.21496801298e-09, 6.60417165399e-10], "dvar2": [9.92358550889e-08, 8.06250609457e-05, 7.05964484951e-05, 4.74944754387e-05, 3.96420873585e-05, 3.94762828364e-05, 3.83734413845e-06, 7.41601797927e-06, 3.78804202228e-06, 2.10072516893e-06, 2.33582156284e-07, 1.2847239077e-06, 1.92771821617e-07, 1.06199010474e-07, 2.72604125939e-07, 1.10575498979e-07, 1.72747832039e-07, 9.64215018939e-08, 6.87328451932e-08, 7.2074669788e-08, 3.80410405398e-08, 2.86997341448e-08, 3.29452305436e-08, 3.83897749145e-08, 4.39133955865e-08, 1.06605249073e-08, 1.49546630634e-09], "max": [0.0048292092979, 0.134921714664, 0.120165526867, 0.102062806487, 0.138315439224, 0.15453055501, 0.0489101111889, 0.0628689825535, 0.0314221195877, 0.0283698458225, 0.00895474292338, 0.0187044739723, 0.0106991203502, 0.00643125455827, 0.00652596447617, 0.00782123859972, 0.00752670876682, 0.0053180065006, 0.00563935795799, 0.0028265027795, 0.00319991749711, 0.00467972783372, 0.00714049860835, 0.00421337690204, 0.00476745143533, 0.00269661308266, 0.00054581213044], "mean": [9.08536094357e-05, 0.00533728022128, 0.00658413348719, 0.00483789481223, 0.00528696924448, 0.00288009992801, 0.000860497937538, 0.000944042869378, 0.000696746225003, 0.000607701600529, 0.000211609425605, 0.000379447796149, 0.000168570317328, 0.000109321415948, 0.000143573663081, 0.000120202144899, 0.000170494735357, 0.000164464654517, 0.000176344721694, 0.000166838683072, 0.00013358493743, 0.00013220073015, 0.000132719011162, 0.000103701175249, 8.37575571495e-05, 4.22209122917e-05, 1.06563265945e-05], "median": [3.93974460167e-06, 0.00270326249301, 0.00213613547385, 0.00120733166113, 0.00166153057944, 0.000509898702148, 0.000140689036925, 0.000126080383779, 8.99644292076e-05, 8.5267565737e-05, 3.30302864313e-05, 6.19431157247e-05, 4.5557579142e-05, 2.91665874101e-05, 3.80283563572e-05, 3.47153836628e-05, 4.69521801278e-05, 5.66730050195e-05, 6.84233455104e-05, 6.43749153824e-05, 5.52289748157e-05, 5.32981539436e-05, 5.17894914083e-05, 3.69576264347e-05, 2.47287262027e-05, 1.18740581456e-05, 1.36374490012e-06], "min": [2.72859985975e-25, 2.02842644459e-24, 1.1045373029e-24, 2.55189107268e-25, 7.4536729587e-24, 3.62389644211e-24, 6.70420855595e-24, 5.61983956677e-24, 9.66893874211e-24, 1.20063359709e-23, 1.7546637848e-23, 2.60766649691e-23, 2.86914327919e-23, 2.7084488418e-23, 3.80010958787e-23, 5.53265576393e-23, 6.48192301453e-23, 9.5396690522e-23, 1.25237285393e-22, 1.32066018799e-22, 2.1556135417e-22, 2.98852923615e-22, 3.34082845797e-22, 5.37451111432e-22, 8.53460762615e-22, 1.3108206565e-21, 1.91146071288e-21], "var": [1.07433720586e-07, 0.000100061501144, 0.000104583254142, 0.00010549685976, 0.000101439953141, 6.78844589856e-05, 6.52771950627e-06, 1.21959701573e-05, 3.49107062902e-06, 2.44970829044e-06, 2.35703751628e-07, 1.04623950392e-06, 1.67823898778e-07, 6.85157885982e-08, 1.35814147484e-07, 8.93868232765e-08, 1.77945622681e-07, 8.31634494602e-08, 7.55908473593e-08, 6.31908676496e-08, 4.0348183461e-08, 4.47037180606e-08, 7.17901471603e-08, 5.29244452707e-08, 4.72085730507e-08, 1.1121031207e-08, 8.03369759605e-10]}, "barkbands_crest": {"dmean": 2.09779715538, "dmean2": 3.36325240135, "dvar": 4.6854057312, "dvar2": 12.0624885559, "max": 26.3897476196, "mean": 12.2338142395, "median": 11.5490427017, "min": 2.14946007729, "var": 22.9324932098}, "barkbands_flatness_db": {"dmean": 0.021875564009, "dmean2": 0.0316422283649, "dvar": 0.000509400386363, "dvar2": 0.00104748713784, "max": 0.549528717995, "mean": 0.163527965546, "median": 0.15130661428, "min": 0.0178048871458, "var": 0.00513608008623}, "barkbands_kurtosis": {"dmean": 6.84563159943, "dmean2": 10.38169384, "dvar": 191.792739868, "dvar2": 400.495422363, "max": 612.861755371, "mean": 19.6223316193, "median": 8.31181526184, "min": -1.92743110657, "var": 1163.43786621}, "barkbands_skewness": {"dmean": 0.647403240204, "dmean2": 0.98109805584, "dvar": 0.590319037437, "dvar2": 1.3399657011, "max": 19.6917114258, "mean": 3.15305256844, "median": 2.75463938713, "min": -2.97948169708, "var": 4.8421049118}, "barkbands_spread": {"dmean": 5.23965454102, "dmean2": 7.73040533066, "dvar": 55.1875267029, "dvar2": 118.483856201, "max": 128.054763794, "mean": 18.7035923004, "median": 15.1709060669, "min": 0.138762935996, "var": 251.75541687}, "dissonance": {"dmean": 0.0163104627281, "dmean2": 0.0266699641943, "dvar": 0.000266020739218, "dvar2": 0.000690472486895, "max": 0.499997884035, "mean": 0.457124680281, "median": 0.464268535376, "min": 0.198390424252, "var": 0.000941421836615}, "dynamic_complexity": 4.99234628677, "erbbands": {"dmean": [0.0384741164744, 0.606388866901, 2.54573941231, 4.53407526016, 6.8590836525, 6.71961736679, 8.8943977356, 9.33341693878, 6.51921415329, 5.6775431633, 12.5659532547, 8.4202709198, 10.5987968445, 9.25242805481, 5.48030233383, 9.21157646179, 4.92963171005, 3.62755274773, 5.65246534348, 2.9100689888, 4.5165772438, 4.22201871872, 4.65346336365, 3.68215799332, 4.40632867813, 3.9558069706, 2.83496832848, 2.51024889946, 2.11003732681, 1.75490295887, 1.64559984207, 1.19287097454, 0.950116276741, 0.609992027283, 0.362229049206, 0.147971495986, 0.0528783686459, 0.0125428168103, 0.00156473787501, 8.35156897665e-05], "dmean2": [0.0611743032932, 1.02519154549, 4.14230871201, 7.28202533722, 10.9629020691, 10.2853145599, 13.0206041336, 14.0756912231, 9.35314941406, 8.37436485291, 17.4832801819, 12.4199514389, 16.7156791687, 14.012465477, 8.78626728058, 15.1323070526, 7.83683204651, 5.96219062805, 9.61253070831, 4.88709449768, 7.39905071259, 6.70729446411, 7.54903554916, 5.97289419174, 7.05671072006, 6.45221805573, 4.47651529312, 3.87954926491, 3.17851924896, 2.55905938148, 2.29940843582, 1.68435060978, 1.33083927631, 0.848063349724, 0.524235010147, 0.217761144042, 0.0769119113684, 0.0185669772327, 0.00236306036822, 0.00012443093874], "dvar": [0.0142370099202, 2.17924189568, 28.0707855225, 93.6171569824, 206.286972046, 236.550888062, 523.682067871, 1460.36364746, 451.397857666, 461.61819458, 1982.10766602, 587.052124023, 1309.02026367, 751.92980957, 153.702468872, 944.454589844, 190.225326538, 106.37953949, 376.408203125, 60.7160873413, 170.00944519, 147.196838379, 125.90222168, 52.7186775208, 79.3682174683, 68.6133346558, 33.1549758911, 29.5573062897, 20.1270599365, 14.0425338745, 21.7279376984, 10.176358223, 5.82168197632, 3.15333366394, 1.08557271957, 0.142656460404, 0.0169621892273, 0.000990501139313, 1.83740921784e-05, 5.52340253535e-08], "dvar2": [0.0347803160548, 5.96003007889, 77.1208572388, 225.466949463, 512.900634766, 524.46661377, 1148.88513184, 3705.01904297, 917.989562988, 907.832336426, 3784.55273438, 1367.52893066, 3292.27587891, 1515.53405762, 392.104217529, 2804.80322266, 453.547790527, 269.067687988, 1099.00708008, 171.219177246, 423.29119873, 373.615631104, 338.943786621, 141.131454468, 205.161636353, 198.769470215, 86.7485198975, 69.5009765625, 43.6971359253, 29.2385883331, 39.3381958008, 20.0938510895, 11.3418016434, 6.36765575409, 2.36125731468, 0.301371276379, 0.0344408228993, 0.00221072277054, 4.15167996834e-05, 1.23430851318e-07], "max": [2.52351355553, 35.2938690186, 115.379356384, 266.026916504, 315.423553467, 531.796875, 927.987487793, 1856.35754395, 675.499084473, 1480.4230957, 1496.00646973, 789.174438477, 873.399658203, 851.794921875, 285.764678955, 955.946350098, 567.176635742, 374.19708252, 378.683044434, 363.489685059, 492.283203125, 425.966400146, 349.55456543, 192.090377808, 332.389373779, 176.48576355, 95.9464187622, 190.508834839, 176.649505615, 131.856750488, 290.556182861, 115.972557068, 69.9825668335, 60.774433136, 27.18085289, 14.9282102585, 4.70385122299, 0.518782913685, 0.0891084745526, 0.0056037097238], "mean": [0.0782126560807, 1.52974879742, 7.27970981598, 13.1863594055, 16.5520591736, 17.5463752747, 20.6436805725, 21.7063064575, 14.0574369431, 10.3855142593, 24.5639820099, 15.7194900513, 18.8121814728, 16.8138561249, 10.4091787338, 16.1818943024, 8.55084991455, 6.18423223495, 8.35769367218, 5.05397081375, 8.69484233856, 8.61254119873, 9.26998901367, 7.81274604797, 9.55797290802, 8.10118770599, 5.81773996353, 5.28121709824, 4.85993671417, 4.50472736359, 3.63512897491, 2.33173084259, 1.67447376251, 1.01136219501, 0.560326099396, 0.217333942652, 0.0727550759912, 0.0152923893183, 0.00179540191311, 0.000125424427097], "median": [0.0275679770857, 0.782620191574, 2.80037522316, 5.21064472198, 5.69601726532, 5.06183433533, 4.21319961548, 3.00283789635, 2.51576328278, 2.27280521393, 3.97993326187, 2.72636032104, 1.99492418766, 3.03897404671, 2.24051332474, 2.6326174736, 2.50767660141, 1.84165084362, 1.84000062943, 1.98084032536, 2.68908858299, 2.65152668953, 3.15026807785, 3.2720079422, 3.52208089828, 3.10089564323, 2.31392931938, 2.20111012459, 1.96274590492, 1.72903466225, 1.46057069302, 0.871111989021, 0.575239539146, 0.306883484125, 0.160578742623, 0.0665725246072, 0.0179964248091, 0.00273100472987, 0.000259218097199, 5.43830537936e-05], "min": [9.35255755637e-23, 2.19100146326e-22, 2.0271139315e-21, 6.20301731612e-21, 8.06846913665e-21, 1.99544818134e-20, 4.54312666326e-20, 4.33132932924e-20, 9.52342538885e-20, 2.01626489231e-19, 2.40998140889e-19, 2.82303895915e-19, 4.39607618083e-19, 6.36657601329e-19, 7.11709559462e-19, 9.58006050668e-19, 1.76783654987e-18, 2.08935524332e-18, 2.17664120272e-18, 2.47345221806e-18, 3.28165213749e-18, 4.20459999905e-18, 5.15065225589e-18, 6.684379942e-18, 7.16703445275e-18, 7.96874617424e-18, 9.01057353831e-18, 8.04062072485e-18, 9.07518461596e-18, 1.21721355945e-17, 1.00339043167e-17, 1.13921911308e-17, 8.75770690659e-18, 8.1497746513e-18, 6.01388429467e-18, 3.67928282102e-18, 2.11204067162e-18, 9.56511748892e-19, 2.51051952548e-19, 2.7522160136e-20], "var": [0.0338413715363, 7.03554534912, 114.146133423, 617.418579102, 841.119934082, 1422.86828613, 2176.43774414, 7255.65869141, 1624.08996582, 1228.14013672, 7636.10791016, 1438.40649414, 3128.59179688, 1836.7824707, 383.434448242, 2164.30322266, 407.124206543, 199.470077515, 554.984863281, 90.2832717896, 455.225524902, 397.949249268, 296.153839111, 130.266708374, 226.466415405, 161.028030396, 82.669921875, 73.1212768555, 61.7554130554, 58.3651199341, 66.4371566772, 27.7969722748, 14.3895835876, 7.13648033142, 2.06143975258, 0.29375576973, 0.0375574529171, 0.00135603593662, 2.2260373953e-05, 6.9517128054e-08]}, "erbbands_crest": {"dmean": 2.20550465584, "dmean2": 3.37898254395, "dvar": 5.35491895676, "dvar2": 12.3897390366, "max": 31.319152832, "mean": 9.84280490875, "median": 8.30815601349, "min": 1.71400713921, "var": 30.6277236938}, "erbbands_flatness_db": {"dmean": 0.0153324464336, "dmean2": 0.0210820306093, "dvar": 0.000253000383964, "dvar2": 0.000471893581562, "max": 0.423796027899, "mean": 0.127774313092, "median": 0.121563725173, "min": 0.0260047931224, "var": 0.00203360454179}, "erbbands_kurtosis": {"dmean": 1.03865969181, "dmean2": 1.57082104683, "dvar": 10.9299545288, "dvar2": 20.8339805603, "max": 198.089202881, "mean": 1.052952528, "median": -0.318997532129, "min": -1.83561015129, "var": 47.5744667053}, "erbbands_skewness": {"dmean": 0.325254946947, "dmean2": 0.468204081059, "dvar": 0.147084131837, "dvar2": 0.275852501392, "max": 9.94223499298, "mean": 0.682382106781, "median": 0.553162813187, "min": -4.74714422226, "var": 1.19787120819}, "erbbands_spread": {"dmean": 9.73134899139, "dmean2": 14.4395217896, "dvar": 116.470420837, "dvar2": 251.251693726, "max": 164.699081421, "mean": 56.0300750732, "median": 53.9556083679, "min": 0.778381764889, "var": 548.890075684}, "gfcc": {"cov": [[25218.5742188, 687.697937012, -1737.10693359, 470.132110596, -1422.99108887, 45.6652183533, -703.550170898, 113.299751282, -756.97668457, -7.97324132919, -322.897766113, 93.6976547241, -284.146606445], [687.697937012, 1219.74682617, -59.4113960266, 90.6707458496, 136.97088623, 15.375287056, 19.8327484131, -43.1048316956, -19.9971828461, -151.640518188, 21.6235694885, -27.1566295624, 8.22250461578], [-1737.10693359, -59.4113960266, 775.749145508, 81.4824447632, 204.42640686, 93.7435073853, 68.5602035522, -14.8538827896, 34.2173042297, -12.3606071472, -19.9029560089, 6.96741437912, -7.11914110184], [470.132110596, 90.6707458496, 81.4824447632, 366.663848877, 6.09432506561, 40.1233940125, -22.0468463898, -3.98551988602, 33.0127868652, 6.30441999435, -3.78400039673, -23.2086925507, 16.018239975], [-1422.99108887, 136.97088623, 204.42640686, 6.09432506561, 349.335662842, 68.3411865234, 116.415542603, 28.5946311951, 50.9383926392, -27.9013748169, -8.57730102539, -36.0425682068, 21.6711654663], [45.6652183533, 15.375287056, 93.7435073853, 40.1233940125, 68.3411865234, 246.621505737, 110.868476868, 71.3936309814, -14.5854635239, -14.3123188019, -7.37363529205, -28.3912315369, -2.9777944088], [-703.550170898, 19.8327484131, 68.5602035522, -22.0468463898, 116.415542603, 110.868476868, 248.672866821, 86.9807815552, 26.8992614746, -0.0977277383208, -10.4711418152, -32.9825019836, 10.8044137955], [113.299751282, -43.1048316956, -14.8538827896, -3.98551988602, 28.5946311951, 71.3936309814, 86.9807815552, 151.627044678, 47.9798812866, 15.3121938705, -21.8331604004, -18.6481838226, -5.2128610611], [-756.97668457, -19.9971828461, 34.2173042297, 33.0127868652, 50.9383926392, -14.5854635239, 26.8992614746, 47.9798812866, 148.871139526, 62.040927887, 28.979631424, -15.4751186371, 1.39762222767], [-7.97324132919, -151.640518188, -12.3606071472, 6.30441999435, -27.9013748169, -14.3123188019, -0.0977277383208, 15.3121938705, 62.040927887, 137.325958252, 58.9332046509, 17.0245933533, -5.4011464119], [-322.897766113, 21.6235694885, -19.9029560089, -3.78400039673, -8.57730102539, -7.37363529205, -10.4711418152, -21.8331604004, 28.979631424, 58.9332046509, 127.706924438, 56.1762809753, 28.3642520905], [93.6976547241, -27.1566295624, 6.96741437912, -23.2086925507, -36.0425682068, -28.3912315369, -32.9825019836, -18.6481838226, -15.4751186371, 17.0245933533, 56.1762809753, 135.10446167, 45.164981842], [-284.146606445, 8.22250461578, -7.11914110184, 16.018239975, 21.6711654663, -2.9777944088, 10.8044137955, -5.2128610611, 1.39762222767, -5.4011464119, 28.3642520905, 45.164981842, 109.169212341]], "icov": [[0.000100677883893, -0.000132761546411, 0.000144556805026, -0.000169076927705, 0.000215657695662, -0.000104976104922, 0.00022000973695, -0.000315880635753, 0.000565029331483, -0.000443376891781, 0.000386758067179, -0.000184640215593, 0.000170480343513], [-0.000132761546411, 0.00133429351263, 8.29230775707e-05, -0.000163738426636, -0.000751928717364, 0.000215849213419, -0.000416606053477, 0.000654824136291, -0.000981036457233, 0.00236349343322, -0.00157657021191, 0.000336078403052, 0.000211110236705], [0.000144556805026, 8.29230775707e-05, 0.00202510342933, -0.000664349121507, -0.00076874543447, -0.000813196529634, 0.000121749144455, 0.00056767615024, 0.000194815482246, -0.000369104702258, 0.00113816873636, -0.00129712210037, 0.000965193263255], [-0.000169076927705, -0.000163738426636, -0.000664349121507, 0.00354956812225, 0.000129771113279, -0.000758932728786, 0.000417523522628, 0.000873439537827, -0.00190929602832, 0.000119488504424, -2.83796143776e-05, 0.00108902808279, -0.00145078497007], [0.000215657695662, -0.000751928717364, -0.00076874543447, 0.000129771113279, 0.00512763904408, -0.000581571832299, -0.00094135425752, -0.000281477579847, -0.00042147320346, -0.000158925249707, 0.00081522052642, 0.000670973327942, -0.000897116900887], [-0.000104976104922, 0.000215849213419, -0.000813196529634, -0.000758932728786, -0.000581571832299, 0.00664365990087, -0.00203646696173, -0.00274237827398, 0.00217045308091, 0.00091923767468, -0.00232869037427, 0.0014394975733, 0.000163289674674], [0.00022000973695, -0.000416606053477, 0.000121749144455, 0.000417523522628, -0.00094135425752, -0.00203646696173, 0.00722909066826, -0.00340182194486, 0.00145778781734, -0.00156878388952, 0.000716530310456, 0.000779785565101, -0.000800934969448], [-0.000315880635753, 0.000654824136291, 0.00056767615024, 0.000873439537827, -0.000281477579847, -0.00274237827398, -0.00340182194486, 0.0125347115099, -0.00643230229616, 0.000980923417956, 0.00240656384267, -0.00111467204988, -7.95864834799e-05], [0.000565029331483, -0.000981036457233, 0.000194815482246, -0.00190929602832, -0.00042147320346, 0.00217045308091, 0.00145778781734, -0.00643230229616, 0.0151006551459, -0.00695291720331, -0.000273009267403, 0.00144919333979, 0.000462915631942], [-0.000443376891781, 0.00236349343322, -0.000369104702258, 0.000119488504424, -0.000158925249707, 0.00091923767468, -0.00156878388952, 0.000980923417956, -0.00695291720331, 0.0163952652365, -0.00815390236676, 0.000715900154319, 0.00160761002917], [0.000386758067179, -0.00157657021191, 0.00113816873636, -2.83796143776e-05, 0.00081522052642, -0.00232869037427, 0.000716530310456, 0.00240656384267, -0.000273009267403, -0.00815390236676, 0.0162795614451, -0.00577977113426, -0.00121604057495], [-0.000184640215593, 0.000336078403052, -0.00129712210037, 0.00108902808279, 0.000670973327942, 0.0014394975733, 0.000779785565101, -0.00111467204988, 0.00144919333979, 0.000715900154319, -0.00577977113426, 0.0123784057796, -0.00457718223333], [0.000170480343513, 0.000211110236705, 0.000965193263255, -0.00145078497007, -0.000897116900887, 0.000163289674674, -0.000800934969448, -7.95864834799e-05, 0.000462915631942, 0.00160761002917, -0.00121604057495, -0.00457718223333, 0.0124049521983]], "mean": [-40.1992111206, 76.5165863037, -80.0994338989, 41.9221954346, -54.0748176575, 12.983537674, -33.1663398743, 5.71603965759, -27.2659931183, -5.73065376282, -19.5079498291, -2.50251150131, -15.3714313507]}, "hfc": {"dmean": 3.80947494507, "dmean2": 5.28166770935, "dvar": 37.3110733032, "dvar2": 72.6086044312, "max": 160.619216919, "mean": 14.6122369766, "median": 11.1043949127, "min": 1.04006672668e-16, "var": 201.507949829}, "melbands": {"dmean": [0.000460800656583, 0.00114784750622, 0.000805682269856, 0.000508318131324, 0.000274669873761, 0.000212467042729, 9.46065192693e-05, 6.83210528223e-05, 9.76772789727e-05, 5.4116055253e-05, 5.37634150533e-05, 4.0194750909e-05, 1.86419674719e-05, 2.71835251624e-05, 1.52334841914e-05, 8.72674263519e-06, 6.83885400576e-06, 9.51939455263e-06, 4.87323541165e-06, 4.09731455875e-06, 6.14808777755e-06, 5.05139314555e-06, 4.3298887249e-06, 4.60461751572e-06, 3.10944096782e-06, 3.88927628592e-06, 2.85288774649e-06, 2.87555212708e-06, 2.05836636269e-06, 1.53535438585e-06, 1.6194270529e-06, 1.29854026909e-06, 1.16941112083e-06, 1.02407534541e-06, 1.04751131857e-06, 8.72504642757e-07, 7.42231463846e-07, 7.5013838341e-07, 5.25207667579e-07, 5.47662921235e-07], "dmean2": [0.000750817649532, 0.00189048901666, 0.00129473232664, 0.000783064228017, 0.000407314859331, 0.000319606566336, 0.000134858535603, 0.000101274337794, 0.000135769703775, 8.19522392703e-05, 8.46731418278e-05, 6.06869180046e-05, 2.93439061352e-05, 4.45732293883e-05, 2.48245614785e-05, 1.39820494951e-05, 1.1293863281e-05, 1.62304513651e-05, 8.20857530925e-06, 6.87501278662e-06, 1.00289635157e-05, 8.05273157312e-06, 7.04754256731e-06, 7.51201559979e-06, 5.08497623741e-06, 6.343917903e-06, 4.57276246379e-06, 4.74258149552e-06, 3.31402566189e-06, 2.43699855673e-06, 2.55267696048e-06, 1.98871111934e-06, 1.80122913207e-06, 1.5215083522e-06, 1.50622076944e-06, 1.2789248558e-06, 1.07642006242e-06, 1.07380412828e-06, 7.51776610741e-07, 7.80154778113e-07], "dvar": [1.56585269906e-06, 5.60067564948e-06, 2.64372351921e-06, 1.13825285553e-06, 4.96140899031e-07, 6.35189564946e-07, 9.09839315e-08, 6.46341007382e-08, 1.0085155111e-07, 2.54432208635e-08, 3.22269961828e-08, 1.49788377257e-08, 1.99835814563e-09, 6.36847419244e-09, 1.75223358045e-09, 5.4823201534e-10, 4.16444545515e-10, 1.08069575511e-09, 1.43161857369e-10, 1.23305560207e-10, 3.42590816826e-10, 2.12397877064e-10, 1.35470801244e-10, 1.29227462065e-10, 4.42092681907e-11, 5.91076562695e-11, 3.48894940716e-11, 4.01624081214e-11, 2.10740279394e-11, 9.84437965174e-12, 1.4029312434e-11, 8.9631297176e-12, 5.7920101007e-12, 5.39913079523e-12, 8.83907964183e-12, 6.53215589258e-12, 3.95968457675e-12, 3.63385189994e-12, 2.14536157936e-12, 2.83547794619e-12], "dvar2": [3.9733158701e-06, 1.53883720486e-05, 6.5630761128e-06, 2.6139516649e-06, 1.1282010064e-06, 1.61709510849e-06, 1.78327965727e-07, 1.39509552355e-07, 1.88545200785e-07, 6.17675937065e-08, 8.07034297168e-08, 2.99651610192e-08, 4.79194195435e-09, 1.83229609263e-08, 4.83843143328e-09, 1.34532951446e-09, 1.05428754615e-09, 3.15396531114e-09, 3.97792410123e-10, 3.38575667502e-10, 8.27450552521e-10, 5.2008947149e-10, 3.69256764055e-10, 3.55678458908e-10, 1.205445882e-10, 1.52467719006e-10, 9.09437733454e-11, 1.18866375076e-10, 5.91893131729e-11, 2.41234168058e-11, 3.3823058937e-11, 1.94221218969e-11, 1.37401800007e-11, 1.16606741624e-11, 1.60791623072e-11, 1.3860111843e-11, 8.26750039956e-12, 7.32413435456e-12, 4.18286846132e-12, 6.00838562931e-12], "max": [0.0313825719059, 0.04630471766, 0.0376424714923, 0.039302777499, 0.0321744382381, 0.0361058413982, 0.0101294573396, 0.0141655374318, 0.0107564190403, 0.00426364224404, 0.00426552211866, 0.00402519479394, 0.00129708147142, 0.00196483777836, 0.00119040906429, 0.000899117498193, 0.000821205205284, 0.00071408925578, 0.000363486527931, 0.000285570393316, 0.000772781786509, 0.000486582226586, 0.000342899002135, 0.000234483944951, 0.000185794269782, 0.000279696687358, 0.000121861652588, 0.000142731383676, 0.000102422258351, 0.000100438548543, 0.000143873025081, 0.000136738133733, 8.09677658253e-05, 7.3996008723e-05, 0.000190507969819, 0.000116585601063, 7.86156451795e-05, 4.65345838165e-05, 5.66721537325e-05, 4.95114145451e-05], "mean": [0.00110807549208, 0.00322511629201, 0.00231715408154, 0.0013470913982, 0.000679036777001, 0.000492196530104, 0.000203165560379, 0.000123685254948, 0.000189449070604, 9.55154464464e-05, 9.39296587603e-05, 7.0137270086e-05, 3.22083251376e-05, 4.65641132905e-05, 2.66295664915e-05, 1.4409677533e-05, 1.08298809209e-05, 1.35477976073e-05, 7.60490365792e-06, 6.72803480484e-06, 1.13038040581e-05, 9.39572601055e-06, 7.8878201748e-06, 8.36316121422e-06, 5.74240084461e-06, 7.65617824072e-06, 5.70589554627e-06, 5.34311811862e-06, 3.78436425308e-06, 2.85525493382e-06, 3.17289595841e-06, 2.71599287771e-06, 2.57875126408e-06, 2.48528294833e-06, 2.21131199396e-06, 1.64155994753e-06, 1.34413346586e-06, 1.24902840071e-06, 9.03643410766e-07, 8.47978469665e-07], "median": [0.000521822075825, 0.00147516559809, 0.00103806902189, 0.000420124211814, 0.000169443126651, 7.42179836379e-05, 3.51114540535e-05, 2.41237703449e-05, 3.12780066452e-05, 1.36248690978e-05, 8.51420736581e-06, 1.20380045701e-05, 6.03901526119e-06, 8.03855255072e-06, 5.29451108378e-06, 4.25901362178e-06, 2.88969954454e-06, 2.51819869845e-06, 2.76680407296e-06, 2.03524973585e-06, 3.23985045725e-06, 2.53598909694e-06, 2.56628595707e-06, 2.57418469118e-06, 2.13194812204e-06, 2.81482948594e-06, 1.81346945283e-06, 1.91400022231e-06, 1.31671868076e-06, 1.16116882509e-06, 1.22112203371e-06, 1.02349895315e-06, 1.00858994756e-06, 8.99141241462e-07, 8.48119100283e-07, 6.34027742308e-07, 4.51267027302e-07, 4.06205430181e-07, 2.86746711708e-07, 2.37377847156e-07], "min": [9.38262581808e-25, 9.50932575414e-25, 9.09261688349e-25, 1.09002522048e-24, 2.29701879167e-24, 1.02298022796e-24, 1.27898896171e-24, 1.73874804272e-24, 1.9641652436e-24, 1.62811789355e-24, 1.86082840932e-24, 2.02774033282e-24, 1.97071140861e-24, 2.85239974592e-24, 2.68965853003e-24, 2.95759513649e-24, 3.05704978904e-24, 2.67187188598e-24, 2.29119818148e-24, 3.79939945529e-24, 3.12649203123e-24, 3.90943490194e-24, 4.29747676451e-24, 4.50826473712e-24, 4.10651957177e-24, 4.86910115365e-24, 3.98342058852e-24, 4.8543944198e-24, 3.11551680667e-24, 4.55190136695e-24, 4.30309700403e-24, 4.84827246474e-24, 4.92900843409e-24, 5.75274093562e-24, 4.88629398265e-24, 5.16480684727e-24, 6.27367903945e-24, 5.23306737583e-24, 5.40539719601e-24, 6.12889781979e-24], "var": [5.35913477506e-06, 1.92713850993e-05, 1.49557608893e-05, 7.13636791261e-06, 2.10361667996e-06, 3.02364173876e-06, 3.45034010252e-07, 1.69388613358e-07, 3.92172694319e-07, 6.07932335583e-08, 7.74731816477e-08, 3.55118139339e-08, 4.60621807363e-09, 1.46565382053e-08, 4.44035208602e-09, 1.0789016347e-09, 7.2916828131e-10, 1.57523916133e-09, 2.24041826757e-10, 2.0911362919e-10, 9.326690531e-10, 5.55560708548e-10, 2.90040463868e-10, 2.65768407282e-10, 8.68414923305e-11, 1.56800752937e-10, 9.06990038629e-11, 8.37825087086e-11, 4.61915262984e-11, 2.01229935493e-11, 3.25857500705e-11, 2.32286603147e-11, 1.74767075811e-11, 2.05595748759e-11, 2.63703538173e-11, 1.54904301192e-11, 9.66336732855e-12, 7.85215295562e-12, 5.90864770306e-12, 5.39880770298e-12]}, "melbands_crest": {"dmean": 2.67433977127, "dmean2": 4.26375389099, "dvar": 7.27071428299, "dvar2": 18.3831520081, "max": 33.9329185486, "mean": 18.3888626099, "median": 17.6514225006, "min": 1.35901427269, "var": 44.3325119019}, "melbands_flatness_db": {"dmean": 0.0251562278718, "dmean2": 0.0367383658886, "dvar": 0.000715814938303, "dvar2": 0.00150562438648, "max": 0.681913077831, "mean": 0.244237139821, "median": 0.233407333493, "min": 0.001754985773, "var": 0.00770473154262}, "melbands_kurtosis": {"dmean": 18.4098396301, "dmean2": 28.5521411896, "dvar": 1144.41455078, "dvar2": 2694.93701172, "max": 801.520690918, "mean": 55.280456543, "median": 30.9447879791, "min": -1.89810347557, "var": 5801.20605469}, "melbands_skewness": {"dmean": 0.985177338123, "dmean2": 1.51130759716, "dvar": 1.37458658218, "dvar2": 3.31095910072, "max": 22.3622570038, "mean": 5.09937238693, "median": 4.5830039978, "min": -0.602155685425, "var": 8.96639823914}, "melbands_spread": {"dmean": 4.60458898544, "dmean2": 6.92304086685, "dvar": 78.9919891357, "dvar2": 155.408615112, "max": 255.095245361, "mean": 15.5656776428, "median": 9.79633808136, "min": 0.189015731215, "var": 469.526092529}, "mfcc": {"cov": [[11325.7392578, 324.187591553, -102.988609314, 49.3846931458, -502.046081543, -237.574050903, -57.5811233521, -77.9665298462, -294.589416504, -152.14503479, -95.5597610474, -142.72517395, -32.9365234375], [324.187591553, 1212.98925781, 2.20656919479, 86.9977798462, 123.856086731, 49.8315925598, 79.0314178467, 141.39704895, -21.1151256561, -32.754573822, -19.6745147705, -61.2589836121, -14.4456176758], [-102.988609314, 2.20656919479, 512.371582031, 105.052032471, 97.246887207, 100.246643066, 27.231098175, 35.5243759155, 24.3705596924, -17.4372692108, 9.73436641693, 12.2026758194, 4.84590911865], [49.3846931458, 86.9977798462, 105.052032471, 296.576873779, 87.2089538574, 41.5208816528, -37.7034263611, -9.83950901031, 26.3401432037, -13.4196109772, 6.72021341324, 1.63119006157, 5.97421884537], [-502.046081543, 123.856086731, 97.246887207, 87.2089538574, 246.343002319, 68.2421035767, 15.7560272217, 30.1020298004, 33.357925415, 16.996553421, -3.64229297638, 1.06945431232, -5.28590011597], [-237.574050903, 49.8315925598, 100.246643066, 41.5208816528, 68.2421035767, 150.931289673, 87.0879440308, 32.6521720886, 28.8653373718, 20.9153423309, 7.57807254791, 16.6511096954, -6.55040359497], [-57.5811233521, 79.0314178467, 27.231098175, -37.7034263611, 15.7560272217, 87.0879440308, 217.277709961, 92.98097229, 65.6786193848, 46.7956237793, -8.90963935852, 12.754117012, -20.1671524048], [-77.9665298462, 141.39704895, 35.5243759155, -9.83950901031, 30.1020298004, 32.6521720886, 92.98097229, 164.642578125, 69.2601318359, 32.4565086365, -4.11354494095, -14.7144823074, -1.37817835808], [-294.589416504, -21.1151256561, 24.3705596924, 26.3401432037, 33.357925415, 28.8653373718, 65.6786193848, 69.2601318359, 167.81161499, 78.1985702515, 13.1737709045, 11.2231225967, -20.1154880524], [-152.14503479, -32.754573822, -17.4372692108, -13.4196109772, 16.996553421, 20.9153423309, 46.7956237793, 32.4565086365, 78.1985702515, 153.368804932, 50.8775901794, 26.5824565887, -18.2562847137], [-95.5597610474, -19.6745147705, 9.73436641693, 6.72021341324, -3.64229297638, 7.57807254791, -8.90963935852, -4.11354494095, 13.1737709045, 50.8775901794, 113.04801178, 55.7276229858, 21.1055908203], [-142.72517395, -61.2589836121, 12.2026758194, 1.63119006157, 1.06945431232, 16.6511096954, 12.754117012, -14.7144823074, 11.2231225967, 26.5824565887, 55.7276229858, 105.03440094, 40.940788269], [-32.9365234375, -14.4456176758, 4.84590911865, 5.97421884537, -5.28590011597, -6.55040359497, -20.1671524048, -1.37817835808, -20.1154880524, -18.2562847137, 21.1055908203, 40.940788269, 88.3708343506]], "icov": [[0.000108671942144, -3.84721934097e-05, -3.7817950215e-05, -0.000119832518976, 0.000240701207076, 0.000150891792146, -9.91979832179e-05, 4.44277657152e-06, 0.000195447108126, -5.62895220355e-05, 4.53531683888e-05, 7.32431435608e-05, 3.54985313606e-05], [-3.84721934097e-05, 0.00109576527029, 0.000232710852288, -0.000336530094501, -0.000556746032089, -3.26057706843e-05, -0.000276847800706, -0.00105418392923, 0.000617955636699, 0.000316541118082, -0.000388739368645, 0.000466433382826, 0.000142240067362], [-3.7817950215e-05, 0.000232710852288, 0.00252113002352, -0.000511438236572, -0.000576782040298, -0.00148066226393, 0.000291358388495, -0.00069329404505, -9.95086957118e-05, 0.000801331014372, -0.000416765076807, -0.000112844994874, 0.000126406783238], [-0.000119832518976, -0.000336530094501, -0.000511438236572, 0.00463075237349, -0.00116864894517, -0.00132988288533, 0.0015431670472, 0.00081792275887, -0.00177132745739, 0.000759412941989, -0.000291249802103, 8.81033411133e-05, -0.000405814644182], [0.000240701207076, -0.000556746032089, -0.000576782040298, -0.00116864894517, 0.00604553380981, -0.00175873097032, 0.000866841524839, -0.000379312608857, -7.91572383605e-05, -0.000923356856219, 0.00112012948375, -0.000277856423054, 0.000184926233487], [0.000150891792146, -3.26057706843e-05, -0.00148066226393, -0.00132988288533, -0.00175873097032, 0.0117632942274, -0.00510620418936, 0.000802400929388, 0.000947133230511, -0.000272732198937, -0.000672711641528, -0.000575788319111, 0.000422642624471], [-9.91979832179e-05, -0.000276847800706, 0.000291358388495, 0.0015431670472, 0.000866841524839, -0.00510620418936, 0.00952323246747, -0.00375052494928, -0.00132363394368, -0.000891259114724, 0.00234124087729, -0.00283286627382, 0.00185348722152], [4.44277657152e-06, -0.00105418392923, -0.00069329404505, 0.00081792275887, -0.000379312608857, 0.000802400929388, -0.00375052494928, 0.011109332554, -0.00372091075405, -0.000373359565856, -0.00060741865309, 0.00340542686172, -0.00319052743725], [0.000195447108126, 0.000617955636699, -9.95086957118e-05, -0.00177132745739, -7.91572383605e-05, 0.000947133230511, -0.00132363394368, -0.00372091075405, 0.0107320025563, -0.00410496350378, 0.000900383631233, -0.00118368584663, 0.00193263182882], [-5.62895220355e-05, 0.000316541118082, 0.000801331014372, 0.000759412941989, -0.000923356856219, -0.000272732198937, -0.000891259114724, -0.000373359565856, -0.00410496350378, 0.0113459359854, -0.00497212866321, -0.000682416721247, 0.00256399391219], [4.53531683888e-05, -0.000388739368645, -0.000416765076807, -0.000291249802103, 0.00112012948375, -0.000672711641528, 0.00234124087729, -0.00060741865309, 0.000900383631233, -0.00497212866321, 0.0147064067423, -0.00676938472316, -0.000660548335873], [7.32431435608e-05, 0.000466433382826, -0.000112844994874, 8.81033411133e-05, -0.000277856423054, -0.000575788319111, -0.00283286627382, 0.00340542686172, -0.00118368584663, -0.000682416721247, -0.00676938472316, 0.0176389683038, -0.00751443998888], [3.54985313606e-05, 0.000142240067362, 0.000126406783238, -0.000405814644182, 0.000184926233487, 0.000422642624471, 0.00185348722152, -0.00319052743725, 0.00193263182882, 0.00256399391219, -0.000660548335873, -0.00751443998888, 0.0163972359151]], "mean": [-685.266174316, 107.735267639, 28.3886756897, 33.1158828735, 7.62104558945, 8.40041351318, 3.63224840164, 8.95222377777, -1.74208140373, -0.49613109231, -3.27322340012, -2.95575213432, -2.48011016846]}, "pitch_salience": {"dmean": 0.0670997947454, "dmean2": 0.107492268085, "dvar": 0.00457442831248, "dvar2": 0.0118448128924, "max": 0.97863638401, "mean": 0.470394432545, "median": 0.485994338989, "min": 0.0413127876818, "var": 0.0251415576786}, "silence_rate_20dB": {"dmean": 0, "dmean2": 0, "dvar": 0, "dvar2": 0, "max": 1, "mean": 1, "median": 1, "min": 1, "var": 0}, "silence_rate_30dB": {"dmean": 0.00876322761178, "dmean2": 0.0175279043615, "dvar": 0.00868624076247, "dvar2": 0.0211883969605, "max": 1, "mean": 0.985533595085, "median": 1, "min": 0, "var": 0.0142578706145}, "silence_rate_60dB": {"dmean": 0.0271164029837, "dmean2": 0.0542372874916, "dvar": 0.0263785161078, "dvar2": 0.0587267912924, "max": 1, "mean": 0.134661480784, "median": 0, "min": 0, "var": 0.116524502635}, "spectral_centroid": {"dmean": 207.271377563, "dmean2": 307.20324707, "dvar": 79746.78125, "dvar2": 157004.40625, "max": 11905.7382813, "mean": 1147.14538574, "median": 876.718566895, "min": 130.573059082, "var": 1685456.75}, "spectral_complexity": {"dmean": 2.54629635811, "dmean2": 3.96279454231, "dvar": 12.2577753067, "dvar2": 26.6215381622, "max": 51, "mean": 11.7961473465, "median": 9, "min": 0, "var": 76.2839584351}, "spectral_contrast_coeffs": {"dmean": [0.0435969755054, 0.0426591448486, 0.0336133092642, 0.0275966227055, 0.0213034637272, 0.0175020154566], "dmean2": [0.0714124366641, 0.0678267553449, 0.0540181659162, 0.0442708767951, 0.0339039303362, 0.0274286344647], "dvar": [0.00147094519343, 0.00137024128344, 0.000839100859594, 0.000600271159783, 0.000403040350648, 0.000289622897981], "dvar2": [0.00370888458565, 0.00338386744261, 0.00202979845926, 0.00141993002035, 0.000944904051721, 0.000677979667671], "max": [-0.203445881605, -0.264668703079, -0.374982178211, -0.504463732243, -0.53007465601, -0.575010597706], "mean": [-0.593445777893, -0.711725473404, -0.773485302925, -0.787007808685, -0.788577079773, -0.771976828575], "median": [-0.60054397583, -0.724895954132, -0.776224553585, -0.788789093494, -0.792132973671, -0.771388351917], "min": [-0.981841862202, -0.976754724979, -0.976330459118, -0.972672045231, -0.967144072056, -0.964799106121], "var": [0.0134491184726, 0.0106401592493, 0.00492828153074, 0.00360714877024, 0.0029579102993, 0.00197362247854]}, "spectral_contrast_valleys": {"dmean": [0.386404693127, 0.390058487654, 0.347465515137, 0.322867900133, 0.285862922668, 0.327219873667], "dmean2": [0.630760490894, 0.617248237133, 0.538445174694, 0.480259954929, 0.398617714643, 0.412598788738], "dvar": [0.133673608303, 0.162522673607, 0.146183118224, 0.13355332613, 0.130100280046, 0.153253167868], "dvar2": [0.305203348398, 0.349585771561, 0.303971797228, 0.255010306835, 0.234442055225, 0.269265979528], "max": [-4.9840593338, -4.8437795639, -5.44997262955, -6.33971738815, -5.7997045517, -7.32648515701], "mean": [-7.7334523201, -7.64503288269, -8.24799251556, -8.85021305084, -8.34677314758, -10.4606990814], "median": [-7.30912303925, -7.26490020752, -7.95279407501, -8.44771671295, -7.89834403992, -10.031876564], "min": [-28.1015968323, -27.9846000671, -27.7933330536, -27.7123470306, -27.5270690918, -27.4105587006], "var": [6.02808856964, 5.92663812637, 5.87087249756, 5.40016937256, 5.7186665535, 4.8730340004]}, "spectral_decrease": {"dmean": 1.8635828436e-09, "dmean2": 2.91022628218e-09, "dvar": 7.89748539165e-18, "dvar2": 2.02460395856e-17, "max": 9.51048025207e-24, "mean": -7.75010278176e-09, "median": -6.36119024122e-09, "min": -4.37510259133e-08, "var": 4.74535187099e-17}, "spectral_energy": {"dmean": 0.00725018745288, "dmean2": 0.011268495582, "dvar": 0.000117442163173, "dvar2": 0.000299818551866, "max": 0.169475078583, "mean": 0.0305760651827, "median": 0.0255378317088, "min": 9.76991099422e-21, "var": 0.000716967042536}, "spectral_energyband_high": {"dmean": 0.000297193153528, "dmean2": 0.000398246600525, "dvar": 3.30387024405e-07, "dvar2": 5.9169690303e-07, "max": 0.0178097914904, "mean": 0.000730358588044, "median": 0.000366829684936, "min": 7.0798445174e-21, "var": 1.24798043544e-06}, "spectral_energyband_low": {"dmean": 0.00474304845557, "dmean2": 0.00764704402536, "dvar": 8.19732231321e-05, "dvar2": 0.000215592503082, "max": 0.151435896754, "mean": 0.0149989835918, "median": 0.00861060619354, "min": 9.36812556856e-24, "var": 0.000333159900038}, "spectral_energyband_middle_high": {"dmean": 0.000715097005013, "dmean2": 0.00110089138616, "dvar": 1.65131791618e-06, "dvar2": 3.91727144233e-06, "max": 0.0317015498877, "mean": 0.0022108789999, "median": 0.000827107869554, "min": 1.12472087162e-21, "var": 9.10431663215e-06}, "spectral_energyband_middle_low": {"dmean": 0.00445256009698, "dmean2": 0.00677323201671, "dvar": 5.24805291207e-05, "dvar2": 0.000129113846924, "max": 0.160252511501, "mean": 0.0157103147358, "median": 0.00928091909736, "min": 1.27718347604e-22, "var": 0.000343020190485}, "spectral_entropy": {"dmean": 0.185465857387, "dmean2": 0.256793916225, "dvar": 0.0467857010663, "dvar2": 0.0862523913383, "max": 9.82396602631, "mean": 7.4551987648, "median": 7.52773809433, "min": 3.45415258408, "var": 0.436851024628}, "spectral_flux": {"dmean": 0.0189298521727, "dmean2": 0.0292873419821, "dvar": 0.00060583447339, "dvar2": 0.00129912002012, "max": 0.31030908227, "mean": 0.05912797153, "median": 0.0514911487699, "min": 6.30418356407e-11, "var": 0.00192909571342}, "spectral_kurtosis": {"dmean": 1.02460432053, "dmean2": 1.60994648933, "dvar": 2.99593830109, "dvar2": 6.50816965103, "max": 70.3172073364, "mean": 3.56283688545, "median": 2.80515861511, "min": -1.26834917068, "var": 13.1234827042}, "spectral_rms": {"dmean": 0.000619609898422, "dmean2": 0.000945894804318, "dvar": 5.9774760075e-07, "dvar2": 1.45364049331e-06, "max": 0.0128585202619, "mean": 0.00483092619106, "median": 0.00499148853123, "min": 3.08733225617e-12, "var": 6.49240155326e-06}, "spectral_rolloff": {"dmean": 376.4012146, "dmean2": 619.536010742, "dvar": 920260.9375, "dvar2": 2073067.375, "max": 19638.28125, "mean": 1145.80395508, "median": 409.130859375, "min": 64.599609375, "var": 6170133.5}, "spectral_skewness": {"dmean": 0.166864052415, "dmean2": 0.250813782215, "dvar": 0.0416548587382, "dvar2": 0.0841249749064, "max": 7.23831558228, "mean": 1.4693864584, "median": 1.40448284149, "min": -0.245829895139, "var": 0.312649220228}, "spectral_spread": {"dmean": 656817, "dmean2": 940489.6875, "dvar": 724305248256, "dvar2": 1473957330940.0, "max": 42446272, "mean": 6237229, "median