{"lowlevel": {"average_loudness": 0.908584237099, "barkbands": {"dmean": [2.62191642832e-05, 0.000793919956777, 0.0030083488673, 0.00252081290819, 0.00245195440948, 0.00131018611137, 0.00114580127411, 0.00105027866084, 0.001133669517, 0.000670954235829, 0.000313354452373, 0.000239488348598, 0.000263194786385, 0.000219518886297, 0.000518282118719, 0.000370420515537, 0.000210748476093, 0.000103450664028, 8.34638631204e-05, 8.72201708262e-05, 0.000253764621448, 0.000408825289924, 0.000188457997865, 0.000125947757624, 0.000128225699882, 7.79961101216e-06, 8.52627053405e-08], "dmean2": [4.47771999461e-05, 0.00120126758702, 0.00479623721913, 0.00414393562824, 0.00391951855272, 0.00203094515018, 0.00168221362401, 0.00156953395344, 0.00169517239556, 0.000992396147922, 0.000477890920592, 0.000365077547031, 0.00039074558299, 0.000338372774422, 0.000786022748798, 0.000562697008718, 0.000329472706653, 0.000156127265655, 0.000126924365759, 0.000136389600812, 0.000411906396039, 0.000680605648085, 0.000314317614539, 0.000210673519177, 0.000214894680539, 1.24795078591e-05, 1.50065787352e-07], "dvar": [1.06373306608e-07, 1.15222678687e-06, 2.0317536837e-05, 1.2128823073e-05, 1.19868855109e-05, 5.67094048165e-06, 7.35764388082e-06, 7.10322092345e-06, 1.07296618808e-05, 3.9772207856e-06, 8.72564271504e-07, 6.39925417545e-07, 1.2589293874e-06, 5.38389656413e-07, 3.00667670672e-06, 1.35350774144e-06, 4.78266940718e-07, 1.0134460382e-07, 3.66254475637e-08, 2.88007040439e-08, 2.23175021574e-07, 6.8681100629e-07, 1.66307756899e-07, 7.01623648069e-08, 7.12488841259e-08, 2.61145022273e-10, 1.54190069458e-13], "dvar2": [2.30303072613e-07, 2.64827417595e-06, 5.93312470301e-05, 3.32101444656e-05, 3.13981145155e-05, 1.30936241476e-05, 1.44439027281e-05, 1.43016495713e-05, 2.14312422031e-05, 8.1159914771e-06, 2.06539584724e-06, 1.33623939291e-06, 2.65192420557e-06, 1.19398566767e-06, 6.73257818562e-06, 3.11739040626e-06, 1.19308572266e-06, 2.30741946439e-07, 8.21082934976e-08, 7.29834468416e-08, 5.72377189201e-07, 1.81855841674e-06, 4.44608758698e-07, 1.85977555134e-07, 1.89017981711e-07, 6.85667744804e-10, 4.2765991486e-13], "max": [0.0240353159606, 0.024129036814, 0.0565759837627, 0.042586222291, 0.0563990399241, 0.0426871813834, 0.0590737424791, 0.0659130513668, 0.066937096417, 0.072551317513, 0.0269507952034, 0.0228256247938, 0.0293275900185, 0.0219534933567, 0.0568291731179, 0.0299781691283, 0.0216371640563, 0.0068883751519, 0.00432847021148, 0.00434732018039, 0.00632662186399, 0.0112434467301, 0.0107189016417, 0.00525573967025, 0.00501467380673, 0.000351922557456, 1.4698225641e-05], "mean": [2.94133969874e-05, 0.00162372970954, 0.00548831326887, 0.00375326210633, 0.00427486328408, 0.0019907578826, 0.00203538686037, 0.00174071197398, 0.00195720023476, 0.00130076764617, 0.000426327402238, 0.000366832129657, 0.00036480394192, 0.000338498328347, 0.000681800767779, 0.000574253674131, 0.000276912469417, 0.000134700341732, 0.000140575008118, 0.000108255240775, 0.000260171538685, 0.000369372253772, 0.000169937848113, 0.000110257708002, 0.000111342589662, 8.1791613411e-06, 7.26477793478e-08], "median": [1.23058434838e-05, 0.00100971502252, 0.00328950630501, 0.00218431139365, 0.00262908823788, 0.000929327681661, 0.000524494971614, 0.00034524599323, 0.000210306199733, 0.000154097593622, 7.75450098445e-05, 3.70730485884e-05, 3.34612341248e-05, 3.14892240567e-05, 7.64558790252e-05, 8.16232641228e-05, 5.3858551837e-05, 3.04168424918e-05, 4.03905432904e-05, 5.31857731403e-05, 0.000107340965769, 0.000118250718515, 5.16525360581e-05, 2.99963521684e-05, 3.02088847093e-05, 2.72915076494e-06, 9.8766905765e-09], "min": [9.50582629321e-26, 1.14281549643e-24, 1.4773126362e-24, 2.08006488501e-24, 9.35121791278e-24, 9.51971623555e-24, 3.69964207736e-24, 6.99705817865e-24, 1.62779791184e-23, 1.00880589633e-23, 8.77316982929e-24, 2.37842383339e-23, 3.78128263351e-23, 3.25431818457e-23, 2.4648705246e-23, 4.78386394398e-23, 6.24735680208e-23, 9.56519722218e-23, 9.89331476492e-23, 1.42174482438e-22, 2.00579686512e-22, 2.37499866245e-22, 3.37103640327e-22, 5.10642310968e-22, 8.98119730938e-22, 1.31865403266e-21, 1.93637670156e-21], "var": [9.82647989645e-08, 3.82462121706e-06, 4.1122231778e-05, 2.08734727494e-05, 2.52760037256e-05, 1.02278299892e-05, 2.48807027674e-05, 2.42413170781e-05, 3.92002621084e-05, 1.88472895388e-05, 1.45316846556e-06, 1.40909071433e-06, 2.14580154534e-06, 1.03328204659e-06, 4.53276925327e-06, 3.15848524224e-06, 5.78855917865e-07, 1.31705405693e-07, 9.94572175728e-08, 3.03918135103e-08, 1.9798392259e-07, 5.3227790886e-07, 1.28293692114e-07, 5.81922741105e-08, 5.63218520711e-08, 2.28495292132e-10, 1.00826214511e-13]}, "barkbands_crest": {"dmean": 2.84287691116, "dmean2": 4.58140993118, "dvar": 6.17217063904, "dvar2": 16.1690921783, "max": 26.3752098083, "mean": 10.5762777328, "median": 9.92670440674, "min": 2.4738907814, "var": 16.559709549}, "barkbands_flatness_db": {"dmean": 0.0311157666147, "dmean2": 0.0442927367985, "dvar": 0.000821387919132, "dvar2": 0.00156761880498, "max": 0.500163793564, "mean": 0.170151099563, "median": 0.165366753936, "min": 0.0401523523033, "var": 0.00332712661475}, "barkbands_kurtosis": {"dmean": 7.47079181671, "dmean2": 11.0036849976, "dvar": 122.461875916, "dvar2": 253.867279053, "max": 173.553512573, "mean": 11.0043611526, "median": 5.28350448608, "min": -1.90823602676, "var": 250.836349487}, "barkbands_skewness": {"dmean": 0.902312636375, "dmean2": 1.3055793047, "dvar": 0.832540214062, "dvar2": 1.71307837963, "max": 10.8352508545, "mean": 2.37893676758, "median": 2.11167836189, "min": -4.01318216324, "var": 3.27306342125}, "barkbands_spread": {"dmean": 9.2583065033, "dmean2": 14.0752182007, "dvar": 128.159896851, "dvar2": 296.528991699, "max": 106.008056641, "mean": 18.578546524, "median": 14.6833181381, "min": 0.443263024092, "var": 198.396392822}, "dissonance": {"dmean": 0.0255200266838, "dmean2": 0.0418148562312, "dvar": 0.000709421234205, "dvar2": 0.00184874352999, "max": 0.500000059605, "mean": 0.444332718849, "median": 0.45632442832, "min": 0.143957510591, "var": 0.00195285130758}, "dynamic_complexity": 3.48592090607, "erbbands": {"dmean": [0.00927859172225, 0.260066777468, 2.68997311592, 6.73947572708, 8.89547157288, 6.72830963135, 8.48862266541, 10.6692657471, 17.1549568176, 16.7773914337, 24.2777442932, 22.2056217194, 23.8950634003, 13.3628911972, 8.95459938049, 9.12414360046, 11.1145648956, 9.80314159393, 14.5348472595, 29.1692123413, 17.0352058411, 11.4728269577, 6.30579853058, 4.93091726303, 3.19507145882, 4.24640226364, 7.40901994705, 11.9324150085, 14.1007547379, 12.1064500809, 4.12636089325, 2.73697447777, 2.07389760017, 1.64611041546, 0.77338629961, 0.0893507450819, 0.015483096242, 0.000809507619124, 3.42330677086e-05, 1.37903498398e-05], "dmean2": [0.0149319441989, 0.400593340397, 4.31363010406, 10.8719835281, 14.5554437637, 10.6780824661, 13.4891796112, 16.588060379, 25.5260868073, 25.1497440338, 35.7503089905, 32.4813117981, 34.3952102661, 19.557308197, 13.0049257278, 13.4759569168, 16.4042987823, 14.5568065643, 21.1434516907, 43.2417030334, 25.5333786011, 17.5813999176, 9.53928947449, 7.3538608551, 4.83473730087, 6.66676712036, 11.9375314713, 19.4424800873, 23.4501876831, 20.310792923, 6.81118965149, 4.58785200119, 3.46833109856, 2.74700808525, 1.30573451519, 0.145529985428, 0.0261340886354, 0.00134686252568, 5.55610276933e-05, 2.06310360227e-05], "dvar": [0.000197239598492, 0.118939742446, 15.5300378799, 87.7661209106, 195.037612915, 102.050170898, 214.780288696, 494.423309326, 1447.328125, 2125.99145508, 3544.2109375, 5474.83544922, 5462.76904297, 1202.07202148, 653.676086426, 976.39239502, 2365.82836914, 1029.78222656, 2092.90234375, 9320.48339844, 3019.37158203, 1428.24365234, 474.924255371, 146.294891357, 45.8652381897, 69.6295928955, 200.145126343, 505.890045166, 805.529724121, 679.632202148, 68.5897445679, 32.3738822937, 19.8449478149, 11.5255746841, 2.8820707798, 0.0338796824217, 0.00148971867748, 5.98152246312e-06, 7.20168191748e-09, 3.10564324257e-10], "dvar2": [0.000487750541652, 0.286255031824, 46.9538764954, 231.164413452, 540.750549316, 245.088439941, 524.919433594, 1114.79870605, 2798.62158203, 4454.17089844, 7033.86816406, 10934.421875, 10937.5673828, 2396.74023438, 1405.3260498, 1933.85925293, 5063.72460938, 2154.58422852, 4802.81201172, 20682.9121094, 7296.57910156, 3443.90625, 1110.17248535, 330.311737061, 98.9144668579, 176.062850952, 511.649017334, 1308.53430176, 2133.35375977, 1816.76721191, 180.076599121, 85.6493682861, 52.7579498291, 30.4344654083, 7.74751424789, 0.0892845466733, 0.00409309612587, 1.64562698046e-05, 1.94146050347e-08, 6.95959623265e-10], "max": [0.457644373178, 7.07965707779, 51.0109519958, 124.288703918, 260.682495117, 265.673065186, 347.995330811, 495.670440674, 813.958679199, 1134.62512207, 1808.84326172, 1989.64404297, 2416.390625, 1140.76208496, 793.860412598, 1133.74230957, 1418.71325684, 1018.54467773, 1422.72314453, 3215.17260742, 1743.95690918, 1100.09008789, 529.450073242, 322.587677002, 163.410263062, 208.432571411, 205.421310425, 265.671356201, 416.052001953, 462.868041992, 179.895599365, 78.8398666382, 108.137969971, 48.8799171448, 37.5575447083, 3.12436389923, 1.26713061333, 0.0806605666876, 0.00266016717069, 0.000307049951516], "mean": [0.019091071561, 0.530987203121, 4.96702194214, 11.8681335449, 14.0294189453, 11.8987789154, 13.4090557098, 16.6836490631, 32.1289901733, 28.4556655884, 40.6939315796, 36.574180603, 53.8670845032, 23.5293331146, 14.5009593964, 15.4084510803, 16.6742553711, 16.7710895538, 22.0205688477, 42.9940948486, 25.963306427, 16.077960968, 8.49733352661, 8.10319137573, 5.4176068306, 5.23275136948, 7.98459672928, 11.9292287827, 12.9273614883, 10.4962186813, 3.8637008667, 2.404317379, 1.81357777119, 1.457857728, 0.652742862701, 0.0870503261685, 0.0133704729378, 0.000734030618332, 4.30352301919e-05, 3.71065434592e-05], "median": [0.0130206700414, 0.332370758057, 3.16949725151, 7.08617305756, 8.59772872925, 7.23137283325, 7.21204185486, 6.97660207748, 8.81506347656, 7.3718419075, 8.62857437134, 5.07196903229, 5.27391052246, 4.848528862, 3.08248519897, 1.72534322739, 1.90467119217, 1.85739529133, 2.98789310455, 5.22532129288, 4.64343738556, 3.30787611008, 2.10033607483, 2.24336791039, 2.04180002213, 2.57014322281, 3.439640522, 4.78863668442, 4.30616426468, 3.01960706711, 1.25971007347, 0.677292823792, 0.476389884949, 0.402401655912, 0.17069414258, 0.0269710868597, 0.0037683560513, 0.000211496459087, 2.48821361311e-05, 3.35774093401e-05], "min": [4.361235185e-23, 5.29216514298e-22, 1.20493931666e-21, 5.98977960538e-21, 9.5596479833e-21, 1.66903641084e-20, 4.88502690606e-20, 6.43298620876e-20, 8.73602053153e-20, 1.39512463059e-19, 1.96226654193e-19, 4.7170481079e-19, 3.9359101777e-19, 9.9202385336e-19, 5.76969954387e-19, 9.84217232931e-19, 1.74633295587e-18, 1.50974544541e-18, 2.28998252422e-18, 2.35921340559e-18, 3.18008924752e-18, 4.07001564543e-18, 5.46463554075e-18, 5.4435821398e-18, 7.13366185094e-18, 8.12841519352e-18, 8.99195701144e-18, 9.0160395478e-18, 8.65557491636e-18, 1.06190990313e-17, 1.01678240307e-17, 1.11570203739e-17, 9.787889222e-18, 8.43525287867e-18, 6.72385093288e-18, 4.35455833153e-18, 2.27530151592e-18, 9.02855437688e-19, 2.5533935891e-19, 2.72423759873e-20], "var": [0.00048298962065, 0.394401967525, 31.587436676, 192.855728149, 297.569549561, 235.531463623, 371.456481934, 962.656555176, 6010.59375, 6251.4375, 11794.3222656, 15459.9238281, 30462.7011719, 3786.98339844, 1445.22949219, 2356.9855957, 4046.72387695, 2372.80541992, 3392.87719727, 16824.9707031, 4600.11083984, 1940.93164062, 569.080749512, 299.971618652, 139.63230896, 71.6319274902, 183.622268677, 435.470367432, 629.59979248, 504.763549805, 58.4637374878, 27.145898819, 16.2162132263, 9.50084114075, 2.13097119331, 0.0282706115395, 0.0010285541648, 4.09901622334e-06, 5.60679591644e-09, 7.50992212861e-10]}, "erbbands_crest": {"dmean": 2.81026721001, "dmean2": 4.46756887436, "dvar": 7.6537232399, "dvar2": 17.4065990448, "max": 32.6022605896, "mean": 9.90109443665, "median": 8.24018573761, "min": 2.32536220551, "var": 30.7022171021}, "erbbands_flatness_db": {"dmean": 0.0201154723763, "dmean2": 0.0289088468999, "dvar": 0.000378655880922, "dvar2": 0.000740600225981, "max": 0.415130734444, "mean": 0.161009594798, "median": 0.145066767931, "min": 0.0353977680206, "var": 0.00289447279647}, "erbbands_kurtosis": {"dmean": 1.60918366909, "dmean2": 2.48431682587, "dvar": 8.60244274139, "dvar2": 18.764503479, "max": 79.1798934937, "mean": 1.07582688332, "median": -0.228588938713, "min": -1.88740956783, "var": 18.565864563}, "erbbands_skewness": {"dmean": 0.579719483852, "dmean2": 0.847518205643, "dvar": 0.301071166992, "dvar2": 0.668406069279, "max": 7.16523933411, "mean": 0.646424770355, "median": 0.603540837765, "min": -3.67613816261, "var": 1.03546369076}, "erbbands_spread": {"dmean": 15.2526779175, "dmean2": 22.6515960693, "dvar": 228.48348999, "dvar2": 484.510986328, "max": 146.3568573, "mean": 54.7993736267, "median": 49.7215690613, "min": 1.81133210659, "var": 978.785766602}, "gfcc": {"cov": [[30028.1953125, 1391.36791992, -2762.57958984, 759.549865723, -1710.74804688, 461.503509521, -1280.37438965, 110.943603516, -355.811706543, -31.7122955322, -754.424072266, -192.544296265, -253.708770752], [1391.36791992, 959.757873535, -141.578765869, -46.2262496948, 45.3445014954, -97.6515426636, -11.4264698029, -31.2894096375, 29.1394577026, -124.762954712, 0.204943671823, -91.2919998169, -2.96771264076], [-2762.57958984, -141.578765869, 1495.96142578, 689.552307129, 10.3906087875, 1.20432114601, 177.387512207, -73.7186660767, -79.2670822144, 40.9233589172, -81.6083831787, -83.2562713623, -47.8268432617], [759.549865723, -46.2262496948, 689.552307129, 825.3515625, -22.9582920074, 13.7989883423, -76.0737304688, -58.2972259521, -38.7488632202, 42.459312439, -153.979095459, -88.1935195923, -23.9513988495], [-1710.74804688, 45.3445014954, 10.3906087875, -22.9582920074, 394.562408447, -38.3469238281, 11.2601327896, 0.339083522558, 107.09866333, -18.7080516815, 15.2208194733, -23.9656009674, 19.3544273376], [461.503509521, -97.6515426636, 1.20432114601, 13.7989883423, -38.3469238281, 156.455612183, 41.9109344482, 13.7485246658, -48.0870895386, 12.4211711884, -28.7561187744, -1.67565584183, -22.9292449951], [-1280.37438965, -11.4264698029, 177.387512207, -76.0737304688, 11.2601327896, 41.9109344482, 254.81628418, 38.6420478821, -48.0230903625, -24.2700538635, 62.648639679, 13.3213720322, -10.2713832855], [110.943603516, -31.2894096375, -73.7186660767, -58.2972259521, 0.339083522558, 13.7485246658, 38.6420478821, 115.063728333, 39.1891784668, -1.5139477253, -14.0712280273, 9.96059131622, 0.677999615669], [-355.811706543, 29.1394577026, -79.2670822144, -38.7488632202, 107.09866333, -48.0870895386, -48.0230903625, 39.1891784668, 158.063705444, 28.974521637, -3.57352662086, -15.0267028809, 21.8864555359], [-31.7122955322, -124.762954712, 40.9233589172, 42.459312439, -18.7080516815, 12.4211711884, -24.2700538635, -1.5139477253, 28.974521637, 99.4606323242, 22.3315124512, 6.51972341537, -8.49821853638], [-754.424072266, 0.204943671823, -81.6083831787, -153.979095459, 15.2208194733, -28.7561187744, 62.648639679, -14.0712280273, -3.57352662086, 22.3315124512, 150.253326416, 51.7131271362, 2.6715157032], [-192.544296265, -91.2919998169, -83.2562713623, -88.1935195923, -23.9656009674, -1.67565584183, 13.3213720322, 9.96059131622, -15.0267028809, 6.51972341537, 51.7131271362, 96.1977920532, 30.931022644], [-253.708770752, -2.96771264076, -47.8268432617, -23.9513988495, 19.3544273376, -22.9292449951, -10.2713832855, 0.677999615669, 21.8864555359, -8.49821853638, 2.6715157032, 30.931022644, 81.4560012817]], "icov": [[0.000191394938156, -0.000360849226126, 0.000508537690621, -0.000465461314889, 0.00063423224492, -0.000436390429968, 0.000487846584292, -0.000333402858814, 0.000278291438008, -0.000248684576945, 0.000475376204122, -0.000180652685231, 0.000487750337925], [-0.000360849226126, 0.00228787004016, -0.000725501857232, 0.000673264847137, -0.000913527794182, 0.00137179368176, -0.00102114048786, 0.00105513667222, -0.00116169184912, 0.00270618218929, -0.00180447043385, 0.00218691467308, -0.000979699427262], [0.000508537690621, -0.000725501857232, 0.00304964440875, -0.00257628504187, 0.00163200544193, -0.000203032279387, -0.000863413675688, 0.00030794707709, 0.000655460171402, -0.00124924094416, 0.00206507486291, -0.000409263331676, 0.00181542802602], [-0.000465461314889, 0.000673264847137, -0.00257628504187, 0.00405937759206, -0.00172404956538, 0.000951580586843, 0.00025508494582, 0.000693244219292, 0.000373267190298, -0.00078337820014, 0.00053987710271, 0.00102411769331, -0.00162898260169], [0.00063423224492, -0.000913527794182, 0.00163200544193, -0.00172404956538, 0.00571598485112, -0.00177040416747, 0.00108723924495, 5.83895998716e-05, -0.00251638353802, 0.00139210012276, 0.000568512303289, 0.000231482743402, 0.00138835667167], [-0.000436390429968, 0.00137179368176, -0.000203032279387, 0.000951580586843, -0.00177040416747, 0.0106552382931, -0.00402974057943, 0.000751212181058, 0.00239389738999, -0.00270512932912, 0.0030808870215, 1.82951698662e-05, 0.00072356214514], [0.000487846584292, -0.00102114048786, -0.000863413675688, 0.00025508494582, 0.00108723924495, -0.00402974057943, 0.0102774621919, -0.00585481896996, 0.00319069507532, 0.00216413638555, -0.00424406770617, 0.0015342195984, -7.2570212069e-05], [-0.000333402858814, 0.00105513667222, 0.00030794707709, 0.000693244219292, 5.83895998716e-05, 0.000751212181058, -0.00585481896996, 0.014666906558, -0.00643074186519, 0.000839893647935, 0.00392573606223, -0.00312945526093, 0.00159697432537], [0.000278291438008, -0.00116169184912, 0.000655460171402, 0.000373267190298, -0.00251638353802, 0.00239389738999, 0.00319069507532, -0.00643074186519, 0.0145176574588, -0.0068384706974, 0.00133379246108, 0.00288772839122, -0.00270779221319], [-0.000248684576945, 0.00270618218929, -0.00124924094416, -0.00078337820014, 0.00139210012276, -0.00270512932912, 0.00216413638555, 0.000839893647935, -0.0068384706974, 0.019076962024, -0.007822310552, 0.00171740190126, 0.000965961022303], [0.000475376204122, -0.00180447043385, 0.00206507486291, 0.00053987710271, 0.000568512303289, 0.0030808870215, -0.00424406770617, 0.00392573606223, 0.00133379246108, -0.007822310552, 0.0172652192414, -0.00801223516464, 0.00425221584737], [-0.000180652685231, 0.00218691467308, -0.000409263331676, 0.00102411769331, 0.000231482743402, 1.82951698662e-05, 0.0015342195984, -0.00312945526093, 0.00288772839122, 0.00171740190126, -0.00801223516464, 0.0201544892043, -0.00823965761811], [0.000487750337925, -0.000979699427262, 0.00181542802602, -0.00162898260169, 0.00138835667167, 0.00072356214514, -7.2570212069e-05, 0.00159697432537, -0.00270779221319, 0.000965961022303, 0.00425221584737, -0.00823965761811, 0.0180160421878]], "mean": [-42.3742370605, 91.3720855713, -98.5009002686, 48.9198493958, -78.7937698364, 15.4514503479, -44.9331626892, 4.01114559174, -21.0984134674, -0.673885166645, -26.9130992889, -6.49800491333, -4.83388328552]}, "hfc": {"dmean": 10.9543800354, "dmean2": 16.3673305511, "dvar": 302.764129639, "dvar2": 711.66809082, "max": 258.408721924, "mean": 20.4640769958, "median": 14.0796775818, "min": 1.05371785376e-16, "var": 478.263824463}, "melbands": {"dmean": [0.000137188661029, 0.00103356176987, 0.00110353063792, 0.000588398776017, 0.000276532548014, 0.000251986872172, 0.000245810108026, 0.00019109758432, 0.000215784282773, 0.000136792819831, 0.000121816468891, 5.91275311308e-05, 3.64783190889e-05, 2.45287101279e-05, 2.87831971946e-05, 2.39648106799e-05, 1.9365847038e-05, 2.06019212783e-05, 4.64296535938e-05, 3.17007652484e-05, 1.83038719115e-05, 1.26062896015e-05, 8.63866443979e-06, 4.61821537101e-06, 4.26206770499e-06, 2.86603540189e-06, 2.23605775318e-06, 2.95999893751e-06, 3.83098131351e-06, 6.54115501675e-06, 7.09284859113e-06, 7.55322798796e-06, 8.87380883796e-06, 5.97503276367e-06, 2.33928426496e-06, 1.75563297944e-06, 1.63165952927e-06, 1.44866123719e-06, 1.45162312037e-06, 1.38219411383e-06], "dmean2": [0.000209396748687, 0.00164340808988, 0.00177814648487, 0.000939872639719, 0.000438940420281, 0.000388798303902, 0.000364770850865, 0.000288824288873, 0.000319232436595, 0.000199356654775, 0.00017646078777, 8.72495947988e-05, 5.46992414456e-05, 3.65286759916e-05, 4.1745352064e-05, 3.66601125279e-05, 2.95767895295e-05, 3.06261026708e-05, 7.06407008693e-05, 4.65519879072e-05, 2.79535688605e-05, 1.95166103367e-05, 1.35643986141e-05, 6.99998645359e-06, 6.47324850434e-06, 4.38354254584e-06, 3.50077948497e-06, 4.69472615805e-06, 6.13173733655e-06, 1.07852738438e-05, 1.15799857667e-05, 1.25992901303e-05, 1.49598663484e-05, 1.00478382592e-05, 3.85686962545e-06, 2.93477933155e-06, 2.74738340522e-06, 2.4426865366e-06, 2.4157398002e-06, 2.31129092754e-06], "dvar": [3.4225870138e-08, 2.14727765524e-06, 2.15515683522e-06, 7.23636389921e-07, 2.02758343448e-07, 2.37262142377e-07, 3.02922813944e-07, 2.55800699733e-07, 2.74225783414e-07, 2.15935997971e-07, 1.38910522196e-07, 2.55696157581e-08, 1.15731397798e-08, 6.99712465746e-09, 1.28438983893e-08, 1.1687903978e-08, 4.24138457689e-09, 5.63907454065e-09, 2.49834606336e-08, 1.0052681354e-08, 3.45182527006e-09, 1.46264456102e-09, 1.42836709127e-09, 1.91087007329e-10, 1.17106366271e-10, 5.00983247942e-11, 1.93325355724e-11, 3.63177161955e-11, 5.41896839901e-11, 1.66578292826e-10, 1.8998007334e-10, 2.37694475214e-10, 3.53155227284e-10, 1.89923868299e-10, 2.23569669722e-11, 1.37249222404e-11, 1.20595599479e-11, 1.13293090187e-11, 9.22263480863e-12, 8.3909571999e-12], "dvar2": [7.92768446445e-08, 6.32374394627e-06, 5.67531560591e-06, 1.88422029623e-06, 4.90416084631e-07, 5.34589844392e-07, 5.94710513724e-07, 5.29430678853e-07, 5.56892700843e-07, 4.23257318971e-07, 2.7847659112e-07, 5.05153678887e-08, 2.68974762463e-08, 1.39111824282e-08, 2.48898892607e-08, 2.49209026748e-08, 9.11426489836e-09, 1.30641453211e-08, 5.55967467619e-08, 2.19596394402e-08, 8.42917113886e-09, 3.46520834249e-09, 3.68665165063e-09, 4.23230062108e-10, 2.69977457057e-10, 1.10788787866e-10, 4.74868824818e-11, 9.30286264689e-11, 1.37621011809e-10, 4.38860975338e-10, 4.94745522328e-10, 6.30675955904e-10, 9.42857569797e-10, 5.14283171604e-10, 5.87321788426e-11, 3.65385915968e-11, 3.22463826474e-11, 3.07247179088e-11, 2.41817659646e-11, 2.23313936787e-11], "max": [0.00418907264248, 0.0195836313069, 0.0171651560813, 0.0159284248948, 0.00926509592682, 0.00952609535307, 0.0109428791329, 0.0107381260023, 0.0136808268726, 0.0130282696337, 0.0125522091985, 0.00485327700153, 0.00293314107694, 0.00294370925985, 0.0033658919856, 0.00338816340081, 0.00158383708913, 0.00234044180252, 0.00552442390472, 0.00298692309298, 0.0019142550882, 0.000893537129741, 0.00137853273191, 0.000272869918263, 0.000327275804011, 0.000203249583137, 9.71343033598e-05, 0.000154399531311, 0.000114600217785, 0.000171123334439, 0.000181886425707, 0.000231913494645, 0.00026142160641, 0.000320551189361, 0.000106168241473, 7.3371338658e-05, 5.26664480276e-05, 9.9899196357e-05, 4.22396115027e-05, 4.7408258979e-05], "mean": [0.00029130911571, 0.00198773271404, 0.00204425747506, 0.00100853841286, 0.000454103224911, 0.00040762903518, 0.000451039290056, 0.000323480780935, 0.000342329120031, 0.00023783686629, 0.000272112403763, 0.000101038545836, 5.21886358911e-05, 3.87978689105e-05, 4.32249980804e-05, 3.41367194778e-05, 3.06128167722e-05, 2.94750207104e-05, 6.08671289228e-05, 5.05031784996e-05, 2.53169127973e-05, 1.71038282133e-05, 1.0392225704e-05, 6.21995695838e-06, 6.72033957017e-06, 4.7224230002e-06, 3.11865528602e-06, 3.45442640537e-06, 4.22618450102e-06, 6.50186302664e-06, 7.00643749951e-06, 7.00616010363e-06, 7.6387241279e-06, 5.12703218192e-06, 2.22188828047e-06, 1.57048259553e-06, 1.39995449899e-06, 1.2410769159e-06, 1.28201509142e-06, 1.21979837786e-06], "median": [0.000201691029361, 0.00128543679602, 0.00140681676567, 0.000604925269727, 0.000252405006904, 0.000176574190846, 0.000124973987113, 6.70135050314e-05, 6.44630490569e-05, 2.41539528361e-05, 2.40949957515e-05, 1.83747015399e-05, 9.83447898761e-06, 4.3735926738e-06, 4.10250049754e-06, 2.9983107197e-06, 2.86676140604e-06, 3.03290880765e-06, 6.78749483995e-06, 5.90934450884e-06, 4.49401977676e-06, 3.19010086969e-06, 2.01425359592e-06, 1.38102677738e-06, 1.76366359028e-06, 1.25990857214e-06, 1.40269753501e-06, 1.60469539878e-06, 1.84360430922e-06, 2.64274012807e-06, 2.71595263257e-06, 2.35985271502e-06, 2.21058280658e-06, 1.43182251122e-06, 7.28576480924e-07, 4.55272044064e-07, 3.71341513983e-07, 3.15042427701e-07, 3.41052498243e-07, 3.35224797254e-07], "min": [5.28551104602e-25, 8.95503855554e-25, 9.58900563595e-25, 1.78732018081e-24, 1.81850464125e-24, 1.68736164335e-24, 1.16011255368e-24, 1.53443316688e-24, 1.68336882388e-24, 2.66071916772e-24, 1.61943371827e-24, 3.6336909391e-24, 1.4618075751e-24, 2.26474688647e-24, 2.68825810471e-24, 2.80050216468e-24, 2.41737865264e-24, 2.54857016548e-24, 1.88354208137e-24, 2.89691457515e-24, 3.22693887359e-24, 2.62256847384e-24, 3.50437573193e-24, 3.49753551902e-24, 4.13735141139e-24, 4.62628108956e-24, 3.81051213886e-24, 4.48604962517e-24, 5.36901887537e-24, 3.55820562795e-24, 3.97563965898e-24, 4.55430226512e-24, 5.13313881509e-24, 5.03572672064e-24, 5.17657980742e-24, 5.05677865718e-24, 6.07444866796e-24, 5.69328646135e-24, 6.33023484433e-24, 6.82313880374e-24], "var": [1.06479276951e-07, 4.90221736982e-06, 4.6022701099e-06, 1.50803703036e-06, 3.92352916379e-07, 4.97404073485e-07, 1.14106217097e-06, 8.25992060527e-07, 7.93157710177e-07, 7.49149705825e-07, 7.84284964084e-07, 8.90723299563e-08, 2.06548200765e-08, 1.80732655508e-08, 2.75393450266e-08, 1.98239060722e-08, 8.84571171866e-09, 8.96007801288e-09, 3.81847797826e-08, 2.83709535864e-08, 4.30982272093e-09, 2.10306949633e-09, 1.34798627816e-09, 2.8288171805e-10, 2.36934138975e-10, 1.47141590578e-10, 3.35285757491e-11, 3.53836127065e-11, 5.18768188129e-11, 1.36648400928e-10, 1.60390006831e-10, 1.85809992392e-10, 2.62007443519e-10, 1.3607456828e-10, 1.93082945465e-11, 1.14006633994e-11, 9.82197396332e-12, 8.64419646973e-12, 7.82890766104e-12, 6.70644919806e-12]}, "melbands_crest": {"dmean": 3.65450787544, "dmean2": 5.89248609543, "dvar": 9.83469772339, "dvar2": 25.1795024872, "max": 35.5699424744, "mean": 15.5996770859, "median": 15.2569656372, "min": 1.57032048702, "var": 28.4292373657}, "melbands_flatness_db": {"dmean": 0.039017021656, "dmean2": 0.0540194585919, "dvar": 0.00127956329379, "dvar2": 0.00243388605304, "max": 0.643975555897, "mean": 0.22699701786, "median": 0.225657179952, "min": 0.00350484997034, "var": 0.00545903528109}, "melbands_kurtosis": {"dmean": 20.35597229, "dmean2": 30.2015094757, "dvar": 1054.49206543, "dvar2": 2158.82495117, "max": 644.305603027, "mean": 38.2918395996, "median": 18.0041351318, "min": -1.76808965206, "var": 2876.98364258}, "melbands_skewness": {"dmean": 1.2277854681, "dmean2": 1.81347167492, "dvar": 1.74822700024, "dvar2": 3.58161425591, "max": 19.5190372467, "mean": 4.09410142899, "median": 3.47912836075, "min": -1.94084227085, "var": 8.60885715485}, "melbands_spread": {"dmean": 8.23784160614, "dmean2": 12.7964792252, "dvar": 146.984664917, "dvar2": 362.479125977, "max": 201.864227295, "mean": 18.3564510345, "median": 12.4846630096, "min": 0.490390986204, "var": 450.32409668}, "mfcc": {"cov": [[12266.2265625, 656.98651123, -479.915405273, -182.701553345, -9.73317527771, 17.2423095703, -514.161865234, -40.5826759338, 128.40057373, -21.4951686859, -61.0508460999, -182.423522949, -87.2164993286], [656.98651123, 1107.39196777, -192.323516846, -62.9022903442, 9.82532405853, -81.0721435547, -27.6214370728, 59.3963012695, 9.43889808655, -48.0099868774, 19.9994735718, 7.3031001091, -22.5965843201], [-479.915405273, -192.323516846, 1344.80004883, 624.441101074, -43.8352088928, 196.229217529, 134.296112061, -58.2652854919, 74.1637115479, 29.0912265778, -117.008705139, 0.886277079582, 94.1980743408], [-182.701553345, -62.9022903442, 624.441101074, 623.138916016, 161.816009521, 118.70526886, 1.61234271526, -52.8544578552, 88.8095245361, 47.481502533, -99.7655944824, -22.4241886139, 77.4808120728], [-9.73317527771, 9.82532405853, -43.8352088928, 161.816009521, 290.696838379, 44.3810997009, -107.059738159, -40.4612045288, 61.2914619446, 56.2034454346, -39.0942573547, -25.9100456238, 16.4073066711], [17.2423095703, -81.0721435547, 196.229217529, 118.70526886, 44.3810997009, 151.506484985, 53.0523757935, -25.1784629822, 8.75114345551, 17.6897182465, -18.2610435486, -9.89181518555, 7.49644041061], [-514.161865234, -27.6214370728, 134.296112061, 1.61234271526, -107.059738159, 53.0523757935, 211.811859131, 60.0522384644, -47.5553245544, -15.7055702209, 19.1775112152, 4.05513954163, -10.6662445068], [-40.5826759338, 59.3963012695, -58.2652854919, -52.8544578552, -40.4612045288, -25.1784629822, 60.0522384644, 122.998146057, 21.7873020172, -4.16734838486, 7.68283987045, -12.1325979233, -13.6837377548], [128.40057373, 9.43889808655, 74.1637115479, 88.8095245361, 61.2914619446, 8.75114345551, -47.5553245544, 21.7873020172, 126.91293335, 56.2496376038, -37.4761886597, -25.0939044952, 14.4177293777], [-21.4951686859, -48.0099868774, 29.0912265778, 47.481502533, 56.2034454346, 17.6897182465, -15.7055702209, -4.16734838486, 56.2496376038, 123.398628235, 10.3643608093, -32.9919128418, -10.0364046097], [-61.0508460999, 19.9994735718, -117.008705139, -99.7655944824, -39.0942573547, -18.2610435486, 19.1775112152, 7.68283987045, -37.4761886597, 10.3643608093, 103.327262878, 38.5608291626, -19.2384929657], [-182.423522949, 7.3031001091, 0.886277079582, -22.4241886139, -25.9100456238, -9.89181518555, 4.05513954163, -12.1325979233, -25.0939044952, -32.9919128418, 38.5608291626, 104.688446045, 34.2850074768], [-87.2164993286, -22.5965843201, 94.1980743408, 77.4808120728, 16.4073066711, 7.49644041061, -10.6662445068, -13.6837377548, 14.4177293777, -10.0364046097, -19.2384929657, 34.2850074768, 81.1613464355]], "icov": [[0.000109436899947, -6.60991572659e-05, 4.40989788331e-05, -3.30414695782e-05, 0.000243430156843, -0.000332346971845, 0.000473921769299, -0.00012111786782, 7.38721837479e-06, 4.31895750808e-05, -2.51946275966e-05, 0.000204148571356, 1.47256569107e-05], [-6.60991572659e-05, 0.0010421195766, 4.8967616749e-05, -0.000113120331662, -0.000321063736919, 0.000623722793534, -0.000277300772723, -0.000275219412288, -0.000321750878356, 0.000600364932325, -0.000304024200886, -0.00013154381304, 0.000309619616019], [4.40989788331e-05, 4.8967616749e-05, 0.00222645956092, -0.00213836808689, 0.00197935197502, -0.00135876284912, -0.000370553869288, 0.000638548575807, -0.000586376001593, -0.000375667877961, 0.000984427635558, -0.000513075501658, -0.000189549798961], [-3.30414695782e-05, -0.000113120331662, -0.00213836808689, 0.00489776208997, -0.00296851643361, 0.000361895567039, -0.000840199238155, 0.000611958967056, -0.000709781772457, 9.48482484091e-05, 0.000536719744559, 0.000641709193587, -0.00170741020702], [0.000243430156843, -0.000321063736919, 0.00197935197502, -0.00296851643361, 0.00812500994653, -0.0040003368631, 0.00432979175821, -0.000566935632378, 0.000192013787455, -0.00220964266919, 0.0014554845402, 2.83660538116e-05, -6.51146838209e-05], [-0.000332346971845, 0.000623722793534, -0.00135876284912, 0.000361895567039, -0.0040003368631, 0.012402174063, -0.00631104269996, 0.0038188721519, -0.00156901497394, 0.000565227761399, -0.00045079519623, 6.02968611929e-05, 0.000741969561204], [0.000473921769299, -0.000277300772723, -0.000370553869288, -0.000840199238155, 0.00432979175821, -0.00631104269996, 0.0131320757791, -0.00747211556882, 0.00563191529363, -0.00163614901248, -0.000191606857697, 0.000557997904252, 0.000353967101546], [-0.00012111786782, -0.000275219412288, 0.000638548575807, 0.000611958967056, -0.000566935632378, 0.0038188721519, -0.00747211556882, 0.0146936764941, -0.00726367533207, 0.00263879285194, -0.00140901142731, 0.00165507220663, 0.000308639573632], [7.38721837479e-06, -0.000321750878356, -0.000586376001593, -0.000709781772457, 0.000192013787455, -0.00156901497394, 0.00563191529363, -0.00726367533207, 0.0169390775263, -0.00762880314142, 0.00501651782542, -0.000990209751762, -0.00144695292693], [4.31895750808e-05, 0.000600364932325, -0.000375667877961, 9.48482484091e-05, -0.00220964266919, 0.000565227761399, -0.00163614901248, 0.00263879285194, -0.00762880314142, 0.0147189497948, -0.00716695841402, 0.00523564219475, 0.000448184233392], [-2.51946275966e-05, -0.000304024200886, 0.000984427635558, 0.000536719744559, 0.0014554845402, -0.00045079519623, -0.000191606857697, -0.00140901142731, 0.00501651782542, -0.00716695841402, 0.0186656434089, -0.00905850250274, 0.00419168639928], [0.000204148571356, -0.00013154381304, -0.000513075501658, 0.000641709193587, 2.83660538116e-05, 6.02968611929e-05, 0.000557997904252, 0.00165507220663, -0.000990209751762, 0.00523564219475, -0.00905850250274, 0.0177084878087, -0.0082977777347], [1.47256569107e-05, 0.000309619616019, -0.000189549798961, -0.00170741020702, -6.51146838209e-05, 0.000741969561204, 0.000353967101546, 0.000308639573632, -0.00144695292693, 0.000448184233392, 0.00419168639928, -0.0082977777347, 0.0191276222467]], "mean": [-671.960021973, 105.985168457, 30.9359912872, 28.317232132, -2.33936190605, 8.35331439972, -12.4626245499, -1.48414587975, 9.15420246124, -5.00678157806, -3.52674746513, -7.78874206543, -1.28627407551]}, "pitch_salience": {"dmean": 0.0834054797888, "dmean2": 0.131867036223, "dvar": 0.00521978270262, "dvar2": 0.0128758875653, "max": 0.900212287903, "mean": 0.545761883259, "median": 0.550867557526, "min": 0.124032773077, "var": 0.0164340678602}, "silence_rate_20dB": {"dmean": 0, "dmean2": 0, "dvar": 0, "dvar2": 0, "max": 1, "mean": 1, "median": 1, "min": 1, "var": 0}, "silence_rate_30dB": {"dmean": 0.00260262633674, "dmean2": 0.0052058682777, "dvar": 0.00259596365504, "dvar2": 0.00636171875522, "max": 1, "mean": 0.997515976429, "median": 1, "min": 0, "var": 0.00247777299955}, "silence_rate_60dB": {"dmean": 0.0198746006936, "dmean2": 0.0397539027035, "dvar": 0.019481100142, "dvar2": 0.040781237185, "max": 1, "mean": 0.089425124228, "median": 0, "min": 0, "var": 0.08142708987}, "spectral_centroid": {"dmean": 356.52230835, "dmean2": 536.438232422, "dvar": 190525.546875, "dvar2": 427376.09375, "max": 11910.0810547, "mean": 1173.55737305, "median": 880.725952148, "min": 143.614120483, "var": 1937579.25}, "spectral_complexity": {"dmean": 3.72601437569, "dmean2": 5.14789390564, "dvar": 20.3514728546, "dvar2": 33.8617019653, "max": 53, "mean": 12.5501537323, "median": 11, "min": 0, "var": 70.1476516724}, "spectral_contrast_coeffs": {"dmean": [0.0507435537875, 0.0526007451117, 0.0419543981552, 0.0371574498713, 0.0260106567293, 0.0211897175759], "dmean2": [0.082995377481, 0.0848391056061, 0.065805144608, 0.0566379502416, 0.0410696640611, 0.0332953594625], "dvar": [0.00172582746018, 0.00212653935887, 0.001277244417, 0.00105784949847, 0.00051967886975, 0.000352231523721], "dvar2": [0.00442276103422, 0.00516296038404, 0.00283109862357, 0.00223128520884, 0.00119577511214, 0.000841258151922], "max": [-0.251838684082, -0.287259280682, -0.358088642359, -0.438247382641, -0.594352483749, -0.576555013657], "mean": [-0.594189405441, -0.721672475338, -0.760430932045, -0.76975518465, -0.801217377186, -0.754592835903], "median": [-0.586786746979, -0.737359404564, -0.778752267361, -0.78044718504, -0.808315753937, -0.750378489494], "min": [-0.978545188904, -0.979660749435, -0.976683497429, -0.971053123474, -0.968492925167, -0.964938700199], "var": [0.00858224090189, 0.010204997845, 0.00875781290233, 0.00707783643156, 0.00262212008238, 0.00168292736635]}, "spectral_contrast_valleys": {"dmean": [0.389470070601, 0.468621730804, 0.451340705156, 0.432030618191, 0.366186469793, 0.528054833412], "dmean2": [0.6412114501, 0.719481468201, 0.653264939785, 0.597249448299, 0.477170497179, 0.684250116348], "dvar": [0.119822047651, 0.206472441554, 0.208341315389, 0.20467954874, 0.137505441904, 0.216738343239], "dvar2": [0.280010163784, 0.409139752388, 0.355841487646, 0.328862041235, 0.207939445972, 0.409082382917], "max": [-5.75728368759, -4.48165750504, -5.30406999588, -5.59115743637, -5.53948020935, -7.44106292725], "mean": [-7.75664806366, -7.16047906876, -8.28855514526, -8.63606071472, -8.32508277893, -10.1628580093], "median": [-7.11101436615, -6.63298034668, -7.88138771057, -8.22505378723, -7.87722826004, -9.80251312256], "min": [-28.5574264526, -28.0011100769, -27.7848434448, -27.6021080017, -27.5210494995, -27.4253463745], "var": [7.60322189331, 8.0370798111, 7.2204823494, 7.0729060173, 7.01472854614, 6.11614227295]}, "spectral_decrease": {"dmean": 2.2569974778e-09, "dmean2": 3.36041505733e-09, "dvar": 6.42346815165e-18, "dvar2": 1.36355239772e-17, "max": 1.70643194937e-28, "mean": -7.09562097967e-09, "median": -6.57770460322e-09, "min": -3.96338535325e-08, "var": 2.36292661936e-17}, "spectral_energy": {"dmean": 0.00912076793611, "dmean2": 0.0135056516156, "dvar": 0.000108664156869, "dvar2": 0.000225924930419, "max": 0.160253375769, "mean": 0.028636675328, "median": 0.0264316350222, "min": 1.00092077215e-20, "var": 0.000390523666283}, "spectral_energyband_high": {"dmean": 0.00113052711822, "dmean2": 0.00184905773494, "dvar": 4.55795725429e-06, "dvar2": 1.17824174595e-05, "max": 0.0316660292447, "mean": 0.00109362939838, "median": 0.000395886483602, "min": 7.04909827865e-21, "var": 3.88600619772e-06}, "spectral_energyband_low": {"dmean": 0.00458495225757, "dmean2": 0.00724779861048, "dvar": 3.70694469893e-05, "dvar2": 0.000101291770989, "max": 0.0751250982285, "mean": 0.00971215125173, "median": 0.00679924804717, "min": 1.32664063717e-23, "var": 9.76460505626e-05}, "spectral_energyband_middle_high": {"dmean": 0.00196747691371, "dmean2": 0.00272140558809, "dvar": 1.79963662958e-05, "dvar2": 3.74671835743e-05, "max": 0.105423688889, "mean": 0.0043614548631, "median": 0.00141573930159, "min": 1.09683967471e-21, "var": 5.31962323294e-05}, "spectral_energyband_middle_low": {"dmean": 0.00622803531587, "dmean2": 0.00947141833603, "dvar": 5.34776554559e-05, "dvar2": 0.000117938492622, "max": 0.116399265826, "mean": 0.0162949822843, "median": 0.0131075931713, "min": 1.73880241101e-22, "var": 0.000185776618309}, "spectral_entropy": {"dmean": 0.285431951284, "dmean2": 0.386419475079, "dvar": 0.061732199043, "dvar2": 0.121733680367, "max": 9.83061313629, "mean": 7.511282444, "median": 7.53089761734, "min": 4.58301544189, "var": 0.339280158281}, "spectral_flux": {"dmean": 0.0255340486765, "dmean2": 0.0386807508767, "dvar": 0.00064315967029, "dvar2": 0.00133763637859, "max": 0.317994236946, "mean": 0.0848778262734, "median": 0.0791026055813, "min": 6.43261693911e-11, "var": 0.00216130143963}, "spectral_kurtosis": {"dmean": 1.53209519386, "dmean2": 2.34164071083, "dvar": 6.96425962448, "dvar2": 14.6506910324, "max": 126.986129761, "mean": 2.80004072189, "median": 1.91806602478, "min": -1.26118826866, "var": 21.9028549194}, "spectral_rms": {"dmean": 0.000845144561026, "dmean2": 0.00121772824787, "dvar": 7.47192814288e-07, "dvar2": 1.42162787142e-06, "max": 0.0125037897378, "mean": 0.00486542517319, "median": 0.00507808616385, "min": 3.12491287187e-12, "var": 4.26582346336e-06}, "spectral_rolloff": {"dmean": 710.716430664, "dmean2": 1262.54064941, "dvar": 1854538.75, "dvar2": 4705292.5, "max": 19745.9472656, "mean": 1391.28967285, "median": 624.462890625, "min": 64.599609375, "var": 6756206.5}, "spectral_skewness": {"dmean": 0.305355191231, "dmean2": 0.434070616961, "dvar": 0.0828387662768, "dvar2": 0.166602686048, "max": 9.49460601807, "mean": 1.31551826, "median": 1.2729254961, "min": -0.0923490002751, "var": 0.368502557278}, "spectral_spread": {"dmean": 844334.5625, "dmean2": 1221368.75, "dvar": 772930797568, "dvar2": 1598887952380.0, "max": 43097512, "mean": 6320046.5, "median": 5853041, "min": 880988.8