{"lowlevel": {"average_loudness": 0.362165391445, "barkbands": {"dmean": [1.91867275134e-06, 0.000680756522343, 0.00086842343444, 0.0005685777287, 0.00124928390142, 0.00116789387539, 0.00089915812714, 0.00100956019014, 0.000403437967179, 0.000383499544114, 0.000221122129005, 0.000209035366424, 0.000192811930901, 0.000153307730216, 8.99758015294e-05, 4.22781522502e-05, 3.79367738788e-05, 5.06307260366e-05, 2.87794409815e-05, 2.28207809414e-05, 1.62967007782e-05, 1.92014922504e-05, 1.54349363584e-05, 1.67416237673e-05, 9.8250402516e-06, 5.58593455935e-06, 2.98672262034e-07], "dmean2": [3.10746690957e-06, 0.00122994033154, 0.00157279451378, 0.00093764916528, 0.00184839393478, 0.00159805011936, 0.00119488569908, 0.00141704117414, 0.000561252352782, 0.000540855398867, 0.000303015694954, 0.000305923924316, 0.000274050340522, 0.000227845841437, 0.000136282629683, 6.57865894027e-05, 5.85576271988e-05, 7.53030180931e-05, 4.43925418949e-05, 3.46850683854e-05, 2.5150971851e-05, 2.95814570563e-05, 2.22097642109e-05, 2.34016770264e-05, 1.37160031954e-05, 7.38640619602e-06, 4.26366881356e-07], "dvar": [2.82000655466e-11, 1.00642955658e-05, 1.28502551888e-05, 2.96535563393e-06, 8.24818835099e-06, 7.93058552517e-06, 4.78770516565e-06, 7.51802735977e-06, 1.11121289592e-06, 8.22248125587e-07, 8.33280012102e-07, 3.73728880732e-07, 3.37512801707e-07, 3.34427625148e-07, 8.32866504652e-08, 1.01521528961e-08, 7.66084706783e-09, 1.79730470506e-08, 4.84413043012e-09, 3.165025797e-09, 1.67793134942e-09, 4.13070244676e-09, 4.90741447479e-09, 1.03559552045e-08, 1.78997383582e-09, 3.47169654136e-10, 1.77913803481e-12], "dvar2": [6.3673268047e-11, 2.88215596811e-05, 3.71062051272e-05, 7.47745389162e-06, 2.04214029509e-05, 1.65851670317e-05, 9.6248677437e-06, 1.82808598765e-05, 2.2876561161e-06, 1.54444421696e-06, 1.27983184939e-06, 7.87694546034e-07, 6.90082288202e-07, 6.86324199251e-07, 1.73925201352e-07, 2.09363388848e-08, 1.81170065616e-08, 3.62142138499e-08, 1.10944711196e-08, 7.43324601871e-09, 4.06556877053e-09, 9.48694989233e-09, 8.31709368043e-09, 1.83986959001e-08, 3.81457798682e-09, 6.18676221364e-10, 3.41283446816e-12], "max": [0.000146673279232, 0.038680691272, 0.0537822246552, 0.040585745126, 0.0635561048985, 0.1220562011, 0.0581227838993, 0.0737500190735, 0.0374182648957, 0.0282708462328, 0.0367378406227, 0.0193975847214, 0.02668245323, 0.0327500961721, 0.0106902197003, 0.00282677868381, 0.00258576800115, 0.00557650905102, 0.00262679392472, 0.00155940162949, 0.00155120296404, 0.00187576632015, 0.00464591803029, 0.00756734842435, 0.0014215806732, 0.000755569024477, 6.06085341133e-05], "mean": [3.48482058143e-06, 0.000872466480359, 0.00112122111022, 0.00101117172744, 0.00339249847457, 0.00330711412244, 0.00286685070023, 0.00215111789294, 0.000910181726795, 0.000848091265652, 0.000465938297566, 0.000445155601483, 0.000405402475735, 0.000295221048873, 0.000157211587066, 7.79607362347e-05, 7.84890144132e-05, 0.000106373830931, 6.18505146122e-05, 5.25217838003e-05, 3.50779191649e-05, 4.17281662521e-05, 3.10199138767e-05, 3.01174786728e-05, 1.55379038915e-05, 8.77688671608e-06, 3.98711790695e-07], "median": [7.32494982003e-07, 0.000265467853751, 0.000463904696517, 0.000209843332414, 0.00136752030812, 0.00110715639312, 0.00058266724227, 0.00057504104916, 0.0002551227808, 0.000242963636992, 2.88192932203e-05, 7.64337164583e-05, 7.41796466173e-05, 5.12967999384e-05, 3.50046757376e-05, 2.41052202909e-05, 2.30473651754e-05, 2.52579939115e-05, 1.76404082595e-05, 1.83227439265e-05, 1.29949348775e-05, 8.58537350723e-06, 8.77133970789e-06, 5.37888854524e-06, 2.90721300189e-06, 1.44356329201e-06, 4.41627499015e-08], "min": [9.38849297106e-25, 5.27929778032e-24, 1.38272002923e-24, 8.85357329376e-25, 1.57610243678e-23, 1.25478897712e-23, 7.9075969342e-24, 7.1109468164e-24, 2.06640205079e-23, 1.88892238884e-23, 2.22415419477e-23, 1.90638398275e-23, 3.93572834589e-23, 4.14396648339e-23, 5.98298048266e-23, 3.21241420883e-23, 5.86123400144e-23, 9.82081024358e-23, 1.5748386185e-22, 2.00060780119e-22, 2.56490083262e-22, 3.72921383791e-22, 4.12816616744e-22, 6.40372241258e-22, 8.28900152622e-22, 1.34103859825e-21, 1.99456530336e-21], "var": [4.852600613e-11, 6.73397653372e-06, 8.32096066006e-06, 5.74027853872e-06, 2.75344518741e-05, 3.72033100575e-05, 3.45366788679e-05, 1.981422065e-05, 3.71433657165e-06, 3.42565658684e-06, 4.71339080832e-06, 1.62156936767e-06, 9.8188525044e-07, 1.47495518377e-06, 2.0634369946e-07, 2.66987623121e-08, 2.65429207502e-08, 6.5652749015e-08, 1.67294942344e-08, 1.03933466278e-08, 4.37812008869e-09, 1.11575877426e-08, 1.6024673144e-08, 2.84650027993e-08, 3.08235281743e-09, 7.34532712432e-10, 2.82029542949e-12]}, "barkbands_crest": {"dmean": 1.96177411079, "dmean2": 2.96995854378, "dvar": 3.76617741585, "dvar2": 8.86726284027, "max": 26.4005470276, "mean": 10.9934282303, "median": 10.1746387482, "min": 2.73873329163, "var": 18.4766921997}, "barkbands_flatness_db": {"dmean": 0.0172618497163, "dmean2": 0.0250925384462, "dvar": 0.000375810544938, "dvar2": 0.00084642105503, "max": 0.397053360939, "mean": 0.177659109235, "median": 0.17751096189, "min": 0.0358038656414, "var": 0.00273840501904}, "barkbands_kurtosis": {"dmean": 3.2142457962, "dmean2": 4.83017635345, "dvar": 30.3118610382, "dvar2": 68.6138305664, "max": 114.428184509, "mean": 8.25100803375, "median": 5.13061237335, "min": -1.90648853779, "var": 109.065292358}, "barkbands_skewness": {"dmean": 0.443919152021, "dmean2": 0.648935675621, "dvar": 0.29038310051, "dvar2": 0.639646470547, "max": 9.83971691132, "mean": 1.91229462624, "median": 1.75879669189, "min": -4.03530740738, "var": 1.65739619732}, "barkbands_spread": {"dmean": 2.67555427551, "dmean2": 3.94531297684, "dvar": 25.0745544434, "dvar2": 52.9010658264, "max": 119.182907104, "mean": 11.7359733582, "median": 9.16379165649, "min": 0.374680250883, "var": 102.860244751}, "dissonance": {"dmean": 0.0266250465065, "dmean2": 0.043705496937, "dvar": 0.000547642935999, "dvar2": 0.0014321032213, "max": 0.500000119209, "mean": 0.429183959961, "median": 0.434352397919, "min": 0.228586316109, "var": 0.00164683081675}, "dynamic_complexity": 4.87348508835, "erbbands": {"dmean": [0.00783675163984, 0.198501586914, 0.915160000324, 1.46198070049, 2.01403570175, 4.37615728378, 10.2566270828, 9.54226970673, 12.512471199, 14.0261974335, 20.3362140656, 9.38283634186, 8.67574119568, 11.5972623825, 10.1481380463, 6.67491149902, 8.61944293976, 6.58074331284, 6.75444793701, 3.01242899895, 2.38725090027, 1.91102468967, 2.82138228416, 1.53726410866, 1.36800980568, 1.20072972775, 0.751931250095, 0.587996900082, 0.614624917507, 0.598841130733, 0.446029812098, 0.370375573635, 0.25929042697, 0.129958704114, 0.0602468028665, 0.0277547836304, 0.0100851012394, 0.00153846945614, 3.35363329214e-05, 5.98140968577e-06], "dmean2": [0.0135565325618, 0.360022872686, 1.65941572189, 2.50328159332, 3.28709936142, 6.66147279739, 14.9371232986, 12.4881095886, 16.905374527, 19.1255760193, 28.2358837128, 12.7832803726, 12.329158783, 16.1790714264, 13.7208681107, 9.887758255, 12.2963285446, 9.8742609024, 9.94568347931, 4.57576560974, 3.7047727108, 2.90101742744, 4.12428760529, 2.33209729195, 2.05564451218, 1.84356021881, 1.17955076694, 0.898134112358, 0.955600380898, 0.905844211578, 0.640288710594, 0.530822396278, 0.365301430225, 0.186943292618, 0.082832083106, 0.0368551015854, 0.0135268699378, 0.0020492002368, 4.43645767518e-05, 8.71584870765e-06], "dvar": [0.00114909920376, 0.859142124653, 15.758936882, 18.3912506104, 26.9503574371, 118.69707489, 648.045654297, 646.207458496, 924.0546875, 1458.96337891, 2960.81176758, 684.74432373, 451.380279541, 743.126831055, 1289.06164551, 377.267181396, 584.974365234, 898.820007324, 441.079193115, 75.749671936, 29.1891784668, 21.6903553009, 55.7046127319, 12.4132165909, 9.92543983459, 9.66573619843, 3.19861912727, 3.1328959465, 4.50288534164, 5.61822748184, 3.95205330849, 6.6301279068, 1.96894669533, 0.385163217783, 0.0544159151614, 0.00865026284009, 0.00127781007905, 3.75162017008e-05, 1.61652309316e-08, 1.09413623994e-10], "dvar2": [0.00314674992114, 2.46773862839, 45.2716674805, 49.9624176025, 69.8156051636, 300.248443604, 1555.93859863, 1286.45532227, 1908.50610352, 3282.22875977, 6838.95507813, 1368.28955078, 904.694641113, 1370.49145508, 1892.03393555, 863.370361328, 1147.77172852, 2138.93505859, 930.469970703, 155.168746948, 63.2867507935, 50.0681419373, 106.228729248, 28.2620353699, 21.2518482208, 23.6684761047, 7.90178203583, 7.5943145752, 10.6807937622, 11.7734937668, 6.51598215103, 13.036655426, 3.46702170372, 0.82381105423, 0.109462492168, 0.0144428638741, 0.00239649484865, 7.23910707165e-05, 2.95417770246e-08, 2.60773291849e-10], "max": [0.574016273022, 10.6838827133, 58.1554870605, 69.1894607544, 109.911682129, 276.601348877, 897.64630127, 801.207580566, 896.676940918, 975.749084473, 1568.52087402, 1102.94934082, 538.129211426, 1008.15447998, 1626.00891113, 595.367919922, 977.321655273, 1780.38037109, 656.446289063, 335.893493652, 127.308227539, 136.010299683, 361.393554688, 110.064781189, 97.4507904053, 102.322090149, 58.6920967102, 88.8500900269, 69.3586807251, 89.0257110596, 128.065887451, 212.921844482, 85.3944549561, 23.8578872681, 8.68672370911, 3.39009928703, 1.85287356377, 0.323618263006, 0.00632679462433, 0.00020916556241], "mean": [0.0132205355912, 0.24970819056, 1.21691024303, 2.46686244011, 4.20186519623, 11.2251052856, 26.7922458649, 28.4410152435, 41.7506980896, 36.4588775635, 45.2061195374, 22.5493717194, 19.871509552, 26.5776386261, 23.4221343994, 15.1130981445, 19.6301708221, 14.4841327667, 12.5336208344, 5.60111999512, 4.77306890488, 4.38812971115, 6.11357402802, 3.47823691368, 3.16404891014, 2.83913564682, 1.63337302208, 1.25660407543, 1.36098110676, 1.20273351669, 0.913556575775, 0.674622297287, 0.458189278841, 0.209083899856, 0.0920895189047, 0.0426704697311, 0.0155969150364, 0.00239690719172, 6.07305228186e-05, 2.34144954447e-05], "median": [0.00464326050133, 0.0833000317216, 0.558702766895, 0.798891782761, 1.40765440464, 4.34196710587, 9.84512519836, 8.48691558838, 9.43835067749, 10.9356117249, 13.5155649185, 7.58374357224, 6.60215330124, 7.31749773026, 3.77659988403, 3.40819096565, 3.83458328247, 2.71873664856, 2.99844312668, 1.62800168991, 1.54627990723, 1.33383321762, 1.53584051132, 1.05365109444, 1.06466829777, 0.989546120167, 0.621031761169, 0.444273859262, 0.293426781893, 0.241734415293, 0.274591624737, 0.13265453279, 0.081447571516, 0.0398575477302, 0.0159521512687, 0.00691940728575, 0.0025763057638, 0.000351741822669, 1.76288558578e-05, 1.59986593644e-05], "min": [2.39950409005e-22, 9.36498306226e-22, 3.39769121809e-21, 1.20638096564e-20, 1.07214078056e-20, 4.90668869835e-20, 5.9793021997e-20, 1.1702625604e-19, 1.33546901105e-19, 2.61170542789e-19, 2.88027365369e-19, 4.69584281591e-19, 4.79079229348e-19, 7.10355206305e-19, 9.23398985188e-19, 1.43700349253e-18, 1.72276471907e-18, 2.43667101174e-18, 2.42366876649e-18, 3.50750884066e-18, 1.79579525458e-18, 4.45037603855e-18, 5.62047347303e-18, 7.60690428709e-18, 7.12412942156e-18, 9.04835087689e-18, 9.66615387843e-18, 8.73672464318e-18, 1.22213503594e-17, 1.32909999433e-17, 1.25559134843e-17, 1.26169941551e-17, 1.00590696325e-17, 9.45871021569e-18, 5.89139952546e-18, 4.32743632001e-18, 2.42820523176e-18, 8.94603587294e-19, 2.59404951621e-19, 2.60618793933e-20], "var": [0.000992988818325, 0.559200882912, 10.0880289078, 24.7855243683, 59.6734580994, 342.288574219, 1937.3248291, 3431.92138672, 7868.19189453, 4748.15039063, 8159.15722656, 2234.82226563, 1704.09899902, 3264.09423828, 6772.40478516, 1313.6887207, 2013.92687988, 4584.44238281, 1089.16210938, 202.839080811, 89.2193145752, 83.4997634888, 215.206207275, 43.0020484924, 34.9021682739, 32.535068512, 9.62160015106, 6.25709247589, 12.4867868423, 14.270485878, 13.6194410324, 17.0405273438, 5.12368440628, 0.694592177868, 0.0960116013885, 0.0195010267198, 0.00245438795537, 6.65790066705e-05, 3.08427239304e-08, 5.36383049088e-10]}, "erbbands_crest": {"dmean": 2.22916603088, "dmean2": 3.27754282951, "dvar": 4.80778074265, "dvar2": 10.99609375, "max": 33.0310401917, "mean": 11.5601348877, "median": 10.6339502335, "min": 2.79012036324, "var": 23.7099380493}, "erbbands_flatness_db": {"dmean": 0.0146664399654, "dmean2": 0.0199265182018, "dvar": 0.000256568106124, "dvar2": 0.000495169544592, "max": 0.460051715374, "mean": 0.191338136792, "median": 0.191289529204, "min": 0.0461876578629, "var": 0.00205771368928}, "erbbands_kurtosis": {"dmean": 1.32366573811, "dmean2": 1.91573500633, "dvar": 3.08849740028, "dvar2": 6.27554321289, "max": 87.5946655273, "mean": 2.67841100693, "median": 1.86648786068, "min": -1.7905715704, "var": 14.4664125443}, "erbbands_skewness": {"dmean": 0.320329457521, "dmean2": 0.454505324364, "dvar": 0.108787491918, "dvar2": 0.227546617389, "max": 5.28761005402, "mean": 1.17872273922, "median": 1.15361702442, "min": -3.11462140083, "var": 0.723542869091}, "erbbands_spread": {"dmean": 4.95978403091, "dmean2": 7.16819095612, "dvar": 48.5944900513, "dvar2": 106.097106934, "max": 145.550415039, "mean": 26.0202140808, "median": 22.0598011017, "min": 0.465556770563, "var": 239.277084351}, "gfcc": {"cov": [[14603.2060547, 636.916625977, -1094.01953125, -21.8259296417, -593.22052002, 273.25189209, -306.573455811, 240.611785889, -7.48368310928, 76.872428894, 110.995033264, 2.84264206886, -243.927337646], [636.916625977, 1155.32019043, 108.328033447, 30.4197807312, 138.440032959, -127.125663757, 93.2601165771, -108.783248901, 72.8261260986, -42.8427238464, 45.4812850952, -96.5110092163, 49.7770233154], [-1094.01953125, 108.328033447, 745.079833984, 175.824813843, 106.156158447, 27.3755340576, 30.0257511139, 16.155878067, -9.95958995819, 34.1451454163, -55.4106864929, 1.43177115917, 30.0515327454], [-21.8259296417, 30.4197807312, 175.824813843, 394.833953857, 92.5682220459, 60.335308075, 84.0453262329, 34.3002281189, 44.4419746399, 23.1081848145, -60.870803833, -3.18295836449, 0.0753611624241], [-593.22052002, 138.440032959, 106.156158447, 92.5682220459, 237.908737183, 55.4271965027, 70.1446304321, 4.15579652786, 28.7980499268, 4.10055875778, -12.3764324188, -17.4435138702, 9.56719398499], [273.25189209, -127.125663757, 27.3755340576, 60.335308075, 55.4271965027, 254.201980591, 110.728225708, 58.540473938, 8.24861812592, 41.211517334, -6.15721845627, 16.3177623749, -30.287607193], [-306.573455811, 93.2601165771, 30.0257511139, 84.0453262329, 70.1446304321, 110.728225708, 265.017883301, 58.5413017273, 56.5914230347, 39.4845352173, -19.7527198792, 11.1007270813, -30.2549495697], [240.611785889, -108.783248901, 16.155878067, 34.3002281189, 4.15579652786, 58.540473938, 58.5413017273, 156.182540894, 40.8101196289, 21.4404220581, -5.21822071075, 13.8056745529, -14.4967889786], [-7.48368310928, 72.8261260986, -9.95958995819, 44.4419746399, 28.7980499268, 8.24861812592, 56.5914230347, 40.8101196289, 127.194892883, 57.0404510498, 12.8347349167, -6.57555961609, -3.37672901154], [76.872428894, -42.8427238464, 34.1451454163, 23.1081848145, 4.10055875778, 41.211517334, 39.4845352173, 21.4404220581, 57.0404510498, 124.988365173, 17.2883834839, 21.1825485229, -17.9005203247], [110.995033264, 45.4812850952, -55.4106864929, -60.870803833, -12.3764324188, -6.15721845627, -19.7527198792, -5.21822071075, 12.8347349167, 17.2883834839, 127.026397705, 23.2165527344, 7.98907423019], [2.84264206886, -96.5110092163, 1.43177115917, -3.18295836449, -17.4435138702, 16.3177623749, 11.1007270813, 13.8056745529, -6.57555961609, 21.1825485229, 23.2165527344, 90.1389007568, 21.4720363617], [-243.927337646, 49.7770233154, 30.0515327454, 0.0753611624241, 9.56719398499, -30.287607193, -30.2549495697, -14.4967889786, -3.37672901154, -17.9005203247, 7.98907423019, 21.4720363617, 94.2138214111]], "icov": [[0.000171247607796, -0.000425474805525, 0.000306092144456, -0.000209796693525, 0.000492857128847, -0.000527333875652, 0.000664683640935, -0.000553424819373, 0.000245702802204, -0.000255428283708, 0.000184385964531, -0.000370130437659, 0.000508418132085], [-0.000425474805525, 0.00256511918269, -0.00101488037035, 0.000560697983019, -0.00170149246696, 0.00213431892917, -0.00277382740751, 0.00244288844988, -0.00140765530523, 0.00124911952298, -0.00147320714314, 0.00251961057074, -0.00205196556635], [0.000306092144456, -0.00101488037035, 0.00227207434364, -0.000979745876975, 0.000363526691217, -0.000897991005331, 0.00141588854603, -0.00145061907824, 0.00148825452197, -0.00151965790428, 0.000940502912272, -0.000750088947825, 0.000366441177903], [-0.000209796693525, 0.000560697983019, -0.000979745876975, 0.00368412677199, -0.00131556938868, 0.000292054668535, -0.00117384374607, 0.000648599583656, -0.00145693693776, 0.000503767165355, 0.00114763074089, 0.00012793049973, -0.000662506266963], [0.000492857128847, -0.00170149246696, 0.000363526691217, -0.00131556938868, 0.00706609338522, -0.00279991701245, 0.00125862995628, -0.00116469047498, -9.2316622613e-05, -0.000133284003823, 0.000436691188952, -0.000235925574088, 0.000655537238345], [-0.000527333875652, 0.00213431892917, -0.000897991005331, 0.000292054668535, -0.00279991701245, 0.00776733923703, -0.00440397672355, 0.000701289798599, 0.00090163043933, -0.000604645756539, -0.001345579396, 0.00162273761816, -0.00107005343307], [0.000664683640935, -0.00277382740751, 0.00141588854603, -0.00117384374607, 0.00125862995628, -0.00440397672355, 0.00911440793425, -0.0035353472922, -0.000553307705559, -0.00122483284213, 0.00233247107826, -0.00390460132621, 0.00401464942843], [-0.000553424819373, 0.00244288844988, -0.00145061907824, 0.000648599583656, -0.00116469047498, 0.000701289798599, -0.0035353472922, 0.0106655675918, -0.00436443882063, 0.00235185516067, -0.000846455863211, 0.000767107994761, -0.00122444704175], [0.000245702802204, -0.00140765530523, 0.00148825452197, -0.00145693693776, -9.2316622613e-05, 0.00090163043933, -0.000553307705559, -0.00436443882063, 0.0142158847302, -0.00699127931148, -0.00079665944213, 0.00205640983768, -0.000863634457346], [-0.000255428283708, 0.00124911952298, -0.00151965790428, 0.000503767165355, -0.000133284003823, -0.000604645756539, -0.00122483284213, 0.00235185516067, -0.00699127931148, 0.0131750144064, -0.00154925032984, -0.00239328132011, 0.00188022654038], [0.000184385964531, -0.00147320714314, 0.000940502912272, 0.00114763074089, 0.000436691188952, -0.001345579396, 0.00233247107826, -0.000846455863211, -0.00079665944213, -0.00154925032984, 0.0104707656428, -0.00396616803482, 0.000789817248005], [-0.000370130437659, 0.00251961057074, -0.000750088947825, 0.00012793049973, -0.000235925574088, 0.00162273761816, -0.00390460132621, 0.000767107994761, 0.00205640983768, -0.00239328132011, -0.00396616803482, 0.0171483904123, -0.00659352075309], [0.000508418132085, -0.00205196556635, 0.000366441177903, -0.000662506266963, 0.000655537238345, -0.00107005343307, 0.00401464942843, -0.00122444704175, -0.000863634457346, 0.00188022654038, 0.000789817248005, -0.00659352075309, 0.0153505532071]], "mean": [-70.2801589966, 110.911712646, -113.145439148, 11.3233499527, -73.19506073, -0.274299651384, -41.1304321289, 2.02888774872, -25.5203495026, 2.0647957325, -14.5009241104, -0.895775794983, -13.3213787079]}, "hfc": {"dmean": 2.43252944946, "dmean2": 3.30264782906, "dvar": 17.7448711395, "dvar2": 34.7640953064, "max": 131.388183594, "mean": 10.6991539001, "median": 6.90348768234, "min": 1.07856609466e-16, "var": 129.383285522}, "melbands": {"dmean": [0.000128945772303, 0.000408894818975, 0.000264864851488, 0.000201520480914, 0.000329098838847, 0.000210086305742, 0.000188238991541, 0.000175419903826, 0.000147675033077, 5.57130479137e-05, 4.59248039988e-05, 5.16941618116e-05, 3.62411883543e-05, 2.83870977e-05, 1.38562345455e-05, 1.91341641766e-05, 1.21218190543e-05, 1.2555658941e-05, 5.21437686984e-06, 3.06651736537e-06, 2.97301266983e-06, 1.90157720681e-06, 2.97617657452e-06, 2.54421206591e-06, 1.19888261452e-06, 1.24270707147e-06, 9.29038094455e-07, 7.57866587264e-07, 6.18735498392e-07, 3.02330562363e-07, 3.84141713994e-07, 3.76760397103e-07, 4.06832981525e-07, 3.18738358374e-07, 2.87025841317e-07, 2.33215800449e-07, 2.35590576381e-07, 2.02824622875e-07, 1.54942469521e-07, 9.97282967319e-08], "dmean2": [0.000230421559536, 0.000744057178963, 0.00045200320892, 0.000312286050757, 0.00047943071695, 0.000277381826891, 0.000252652709605, 0.000241595655098, 0.000204718642635, 7.6957490819e-05, 6.56331831124e-05, 7.24606506992e-05, 4.86622666358e-05, 4.15817266912e-05, 2.00663380383e-05, 2.73974201264e-05, 1.83519423445e-05, 1.84967793757e-05, 7.96818130766e-06, 4.67729751108e-06, 4.6490481509e-06, 2.97309975394e-06, 4.34956746176e-06, 3.8740608943e-06, 1.85687554222e-06, 1.91874573829e-06, 1.39122255405e-06, 1.17603030958e-06, 9.89886643765e-07, 4.71174701033e-07, 5.97705081873e-07, 5.82257769111e-07, 6.43431917524e-07, 4.84434281134e-07, 4.26756457728e-07, 3.35574469545e-07, 3.47596397887e-07, 2.92918201694e-07, 2.27083717164e-07, 1.46662500811e-07], "dvar": [3.51500432316e-07, 3.29610952576e-06, 5.7243903484e-07, 2.3555432449e-07, 6.3122473648e-07, 2.80805267039e-07, 2.09592741385e-07, 2.15937163262e-07, 1.52996648239e-07, 2.49557938758e-08, 1.2721796061e-08, 1.47283936158e-08, 2.03081444994e-08, 7.26870963419e-09, 1.16119647231e-09, 4.60112525857e-09, 2.75843414776e-09, 1.60204116639e-09, 2.96541347033e-10, 7.80777179021e-11, 4.94964867703e-11, 2.78384797853e-11, 5.33902019817e-11, 5.05718106281e-11, 8.53604079781e-12, 9.00350193705e-12, 4.99921371661e-12, 3.84455097965e-12, 2.44675200239e-12, 8.68676387333e-13, 1.35397715175e-12, 1.77066477799e-12, 2.31320778504e-12, 1.73965930637e-12, 1.36287010323e-12, 2.30345842227e-12, 2.60704261998e-12, 1.18390562111e-12, 6.25371878848e-13, 2.0340330711e-13], "dvar2": [9.95537106974e-07, 9.44041130424e-06, 1.52351026372e-06, 5.87492309023e-07, 1.5275052192e-06, 5.54927851226e-07, 4.2567793912e-07, 5.18563126661e-07, 3.49048406179e-07, 5.16487652646e-08, 2.55031658014e-08, 2.70337778829e-08, 2.93505149074e-08, 1.54299986121e-08, 2.47027642786e-09, 9.9384838137e-09, 6.50738263275e-09, 3.37840688758e-09, 6.37366714962e-10, 1.51971213391e-10, 1.05342991275e-10, 6.82048445499e-11, 1.06197016458e-10, 1.10401743303e-10, 1.99771119785e-11, 2.05520236246e-11, 1.06756157733e-11, 9.51290001633e-12, 6.12204384409e-12, 2.22672379667e-12, 3.36814538933e-12, 4.22015460771e-12, 5.30162545809e-12, 3.6014440128e-12, 2.38580878144e-12, 4.31082339963e-12, 5.31797305844e-12, 2.19917356895e-12, 1.28144174959e-12, 4.49796775347e-13], "max": [0.00829498097301, 0.025524944067, 0.0136005580425, 0.0102284215391, 0.0238426048309, 0.0178810115904, 0.0138281323016, 0.012010444887, 0.0109646208584, 0.00693121366203, 0.00271554361098, 0.00444047199562, 0.00601093005389, 0.00258107180707, 0.00126401975285, 0.00328618171625, 0.00309559353627, 0.00142005970702, 0.000735784415156, 0.000291043979814, 0.000210248414078, 0.000164781304193, 0.000284756533802, 0.000220860369154, 0.000102959900687, 0.00010273992666, 6.74165785313e-05, 6.83239049977e-05, 5.69003459532e-05, 3.7275498471e-05, 5.70454030822e-05, 4.05007122026e-05, 4.51967680419e-05, 6.4023246523e-05, 6.8094341259e-05, 0.000118212810776, 0.000125019592815, 6.19608326815e-05, 3.61794991477e-05, 1.46698839671e-05], "mean": [0.000182109710295, 0.000535125145689, 0.000459457136458, 0.000516215688549, 0.000892561976798, 0.00062107515987, 0.000633874733467, 0.00043014792027, 0.00033105595503, 0.000126000246382, 0.000102031743154, 0.000114970549475, 8.10626224848e-05, 5.95828787482e-05, 3.09964525513e-05, 4.14277674281e-05, 2.43818722083e-05, 2.21551963477e-05, 9.19399735722e-06, 5.43457781532e-06, 5.57746488994e-06, 3.91462162952e-06, 6.1266546254e-06, 5.01383556184e-06, 2.47092975769e-06, 2.65616404249e-06, 2.07126845453e-06, 1.68750364082e-06, 1.20413346849e-06, 5.94361154072e-07, 7.40733469229e-07, 7.91405966538e-07, 7.92428579643e-07, 5.92048934323e-07, 5.61500087315e-07, 4.29895351317e-07, 4.01852474852e-07, 3.39714034681e-07, 2.52643502563e-07, 1.49133896343e-07], "median": [5.58997962798e-05, 0.000249559205258, 0.000160613024491, 0.000185836208402, 0.00034011650132, 0.000189081198187, 0.000143492070492, 0.000133737106808, 0.00010075631144, 3.60712292604e-05, 3.0889219488e-05, 3.10338618874e-05, 8.95129232958e-06, 9.81657558441e-06, 6.02934596827e-06, 7.23185166862e-06, 3.93208983951e-06, 4.87950728711e-06, 2.26184283747e-06, 1.60130412041e-06, 1.63639958828e-06, 1.13526118639e-06, 1.46824640979e-06, 1.14938939078e-06, 7.16454735539e-07, 7.61690330364e-07, 6.92113985679e-07, 5.80892958624e-07, 4.28823852872e-07, 2.18028546328e-07, 2.4061208137e-07, 1.63160805755e-07, 1.23949988051e-07, 1.21705411971e-07, 1.68285595237e-07, 1.01359368898e-07, 6.66799095939e-08, 5.67205233892e-08, 4.21417354346e-08, 2.80982472844e-08], "min": [2.74124589171e-24, 1.51383009218e-24, 2.29983680004e-24, 2.72067417424e-24, 2.9181828568e-24, 2.81561555633e-24, 2.0340103965e-24, 2.43770641488e-24, 2.50283891273e-24, 2.97922708301e-24, 2.20754283514e-24, 2.34314210829e-24, 3.24509588783e-24, 1.72562435549e-24, 3.79329840504e-24, 2.89689169818e-24, 4.14033567219e-24, 3.71874552748e-24, 4.48902994167e-24, 3.55035843409e-24, 1.62878467823e-24, 3.97250906448e-24, 4.31595504236e-24, 4.68338870264e-24, 5.67187717081e-24, 5.40739064752e-24, 4.28015377346e-24, 5.78140459104e-24, 4.72642264274e-24, 5.5810130163e-24, 4.24658143106e-24, 6.52823814268e-24, 5.91406969606e-24, 5.51022892171e-24, 6.39805361078e-24, 6.60480498214e-24, 6.90950881767e-24, 5.94684844439e-24, 4.84295909211e-24, 7.43658544263e-24], "var": [2.52242898569e-07, 2.09863878808e-06, 8.43256941607e-07, 7.78314756644e-07, 2.02198953048e-06, 1.51040126184e-06, 1.82327733e-06, 6.13850204445e-07, 4.25209719879e-07, 7.5255819354e-08, 4.82264042034e-08, 6.27107539231e-08, 1.15935542055e-07, 3.1004891099e-08, 4.28239843586e-09, 1.49327501475e-08, 1.35934676848e-08, 3.81233489222e-09, 6.36638186613e-10, 2.01112002052e-10, 1.51889459343e-10, 8.73647057476e-11, 2.01932692789e-10, 1.5658668806e-10, 2.60888897291e-11, 3.15699376363e-11, 1.63452567453e-11, 1.22741487113e-11, 6.73823843944e-12, 1.55663773971e-12, 2.48939584224e-12, 4.95360089753e-12, 5.7708282597e-12, 4.30486722658e-12, 4.43873540354e-12, 6.10201993101e-12, 6.54705543252e-12, 2.92476177825e-12, 1.31475722236e-12, 3.20707083936e-13]}, "melbands_crest": {"dmean": 2.44047045708, "dmean2": 3.77619314194, "dvar": 6.71631574631, "dvar2": 16.5209560394, "max": 34.2494850159, "mean": 13.8693628311, "median": 12.6746921539, "min": 1.62698721886, "var": 31.7434234619}, "melbands_flatness_db": {"dmean": 0.0186250284314, "dmean2": 0.0274177156389, "dvar": 0.000527700583916, "dvar2": 0.00121272634715, "max": 0.519890785217, "mean": 0.23701363802, "median": 0.240137532353, "min": 0.00310060521588, "var": 0.00392935145646}, "melbands_kurtosis": {"dmean": 5.20534038544, "dmean2": 7.89889860153, "dvar": 106.54309845, "dvar2": 252.912765503, "max": 277.389221191, "mean": 13.3195352554, "median": 8.22103786469, "min": -1.73073732853, "var": 314.905029297}, "melbands_skewness": {"dmean": 0.514446496964, "dmean2": 0.759050309658, "dvar": 0.445149034262, "dvar2": 1.00580000877, "max": 14.057267189, "mean": 2.24186182022, "median": 1.96057844162, "min": -4.86304807663, "var": 2.27287840843}, "melbands_spread": {"dmean": 3.19834184647, "dmean2": 4.69330024719, "dvar": 57.8640098572, "dvar2": 119.315246582, "max": 213.845947266, "mean": 14.2795648575, "median": 10.6732244492, "min": 0.891884922981, "var": 245.999343872}, "mfcc": {"cov": [[8172.24951172, 289.687164307, -144.150039673, -216.039672852, -84.3300628662, -63.7867774963, -43.1861839294, 179.934295654, -149.28678894, 111.446716309, 219.4634552, 105.461776733, 145.724884033], [289.687164307, 1155.76367188, 90.6468887329, 135.443283081, 12.4333200455, 17.413476944, 2.59709811211, -49.8465690613, -8.73530387878, 23.5489406586, -24.9314785004, 17.7703094482, 8.33892822266], [-144.150039673, 90.6468887329, 494.15411377, 134.114013672, 66.8850708008, 52.711315155, 28.3020477295, -11.3081264496, 67.9211959839, -3.42297124863, -28.2889614105, 19.7512149811, 8.00974369049], [-216.039672852, 135.443283081, 134.114013672, 358.574676514, 53.8066635132, 69.3531188965, 5.44634866714, 22.4592876434, 90.1684570313, 20.6912822723, -4.31702518463, 14.8470134735, 26.0118198395], [-84.3300628662, 12.4333200455, 66.8850708008, 53.8066635132, 211.365493774, 12.1912260056, 12.3850469589, -11.6787929535, 3.87528252602, 13.1113147736, -29.5346412659, -8.53850460052, -27.6611881256], [-63.7867774963, 17.413476944, 52.711315155, 69.3531188965, 12.1912260056, 232.223007202, 73.554145813, 37.3180122375, 73.6316833496, 23.9999198914, 49.2283172607, 23.5587100983, 38.5072059631], [-43.1861839294, 2.59709811211, 28.3020477295, 5.44634866714, 12.3850469589, 73.554145813, 150.791687012, 74.6516342163, 32.2653465271, 18.1395740509, 15.3740501404, 21.1654453278, 9.00256252289], [179.934295654, -49.8465690613, -11.3081264496, 22.4592876434, -11.6787929535, 37.3180122375, 74.6516342163, 143.246170044, 59.8776664734, 24.7746639252, 29.6700992584, 9.51035690308, 19.3593521118], [-149.28678894, -8.73530387878, 67.9211959839, 90.1684570313, 3.87528252602, 73.6316833496, 32.2653465271, 59.8776664734, 168.091430664, 47.9177284241, 12.5484428406, 14.0590515137, 23.3456115723], [111.446716309, 23.5489406586, -3.42297124863, 20.6912822723, 13.1113147736, 23.9999198914, 18.1395740509, 24.7746639252, 47.9177284241, 118.232299805, 53.720413208, 5.84900522232, 6.47168540955], [219.4634552, -24.9314785004, -28.2889614105, -4.31702518463, -29.5346412659, 49.2283172607, 15.3740501404, 29.6700992584, 12.5484428406, 53.720413208, 143.179916382, 38.6013565063, 24.6879787445], [105.461776733, 17.7703094482, 19.7512149811, 14.8470134735, -8.53850460052, 23.5587100983, 21.1654453278, 9.51035690308, 14.0590515137, 5.84900522232, 38.6013565063, 94.7188262939, 37.3584938049], [145.724884033, 8.33892822266, 8.00974369049, 26.0118198395, -27.6611881256, 38.5072059631, 9.00256252289, 19.3593521118, 23.3456115723, 6.47168540955, 24.6879787445, 37.3584938049, 113.325256348]], "icov": [[0.000149881234393, -5.92577926e-05, -2.86161703116e-05, 0.000105612358311, -2.52447043749e-05, 2.64559866991e-06, 0.000234260602156, -0.000384254992241, 0.000255741877481, -0.000143073528307, -0.000107117259176, -0.000106752653664, -0.000156605237862], [-5.92577926e-05, 0.000983479549177, -7.18306691851e-05, -0.00045820089872, 0.000181425159099, -4.93708321301e-05, -0.000289977004286, 0.000557300343644, 0.000243574162596, -0.000407317973441, 0.000374646595446, -0.000179023772944, 5.3454299632e-05], [-2.86161703116e-05, -7.18306691851e-05, 0.0025124005042, -0.000649637251627, -0.000525225594174, -5.33739948878e-05, -0.000667643907946, 0.000920127378777, -0.000996128888801, 0.000492170453072, 0.000295839476166, -0.000370604568161, 3.42343228112e-05], [0.000105612358311, -0.00045820089872, -0.000649637251627, 0.00393771147355, -0.000853352888953, -0.00063870329177, 0.00115277944133, -0.000848993309774, -0.00131897837855, 3.8208814658e-05, 0.000106118721305, -0.000226119183935, -0.000576856837142], [-2.52447043749e-05, 0.000181425159099, -0.000525225594174, -0.000853352888953, 0.00565548986197, -0.000492113118526, -0.000539131520782, 0.000480524380691, 0.000819494831376, -0.00153265206609, 0.0015691886656, -0.00028985622339, 0.00143290380947], [2.64559866991e-06, -4.93708321301e-05, -5.33739948878e-05, -0.00063870329177, -0.000492113118526, 0.00675369706005, -0.00338534382172, 0.00157575344201, -0.00252228439786, 0.00126801943406, -0.00268334778957, 0.000997225288302, -0.00156161189079], [0.000234260602156, -0.000289977004286, -0.000667643907946, 0.00115277944133, -0.000539131520782, -0.00338534382172, 0.0117309903726, -0.00671760318801, 0.00185542472173, -0.00142733345274, 0.00159169617109, -0.00261228648014, 0.000950762536377], [-0.000384254992241, 0.000557300343644, 0.000920127378777, -0.000848993309774, 0.000480524380691, 0.00157575344201, -0.00671760318801, 0.0130825508386, -0.00447081541643, 0.00097868044395, -0.00190917006694, 0.0018222942017, -0.000856140686665], [0.000255741877481, 0.000243574162596, -0.000996128888801, -0.00131897837855, 0.000819494831376, -0.00252228439786, 0.00185542472173, -0.00447081541643, 0.0108538269997, -0.00436394428834, 0.00227755610831, -0.00131191324908, -0.000350608723238], [-0.000143073528307, -0.000407317973441, 0.000492170453072, 3.8208814658e-05, -0.00153265206609, 0.00126801943406, -0.00142733345274, 0.00097868044395, -0.00436394428834, 0.012779195793, -0.00550727499649, 0.00198719021864, 2.55122231465e-05], [-0.000107117259176, 0.000374646595446, 0.000295839476166, 0.000106118721305, 0.0015691886656, -0.00268334778957, 0.00159169617109, -0.00190917006694, 0.00227755610831, -0.00550727499649, 0.0117169264704, -0.00425848923624, 0.00025602671667], [-0.000106752653664, -0.000179023772944, -0.000370604568161, -0.000226119183935, -0.00028985622339, 0.000997225288302, -0.00261228648014, 0.0018222942017, -0.00131191324908, 0.00198719021864, -0.00425848923624, 0.0143008641899, -0.00391473202035], [-0.000156605237862, 5.3454299632e-05, 3.42343228112e-05, -0.000576856837142, 0.00143290380947, -0.00156161189079, 0.000950762536377, -0.000856140686665, -0.000350608723238, 2.55122231465e-05, 0.00025602671667, -0.00391473202035, 0.011408210732]], "mean": [-711.991821289, 144.935653687, 5.65260124207, 11.6689071655, -11.4077415466, -6.45966863632, -8.72219944, -5.18955135345, -9.95312690735, -0.108008474112, -3.45053005219, -1.63440144062, -3.63520288467]}, "pitch_salience": {"dmean": 0.055544000119, "dmean2": 0.0861501321197, "dvar": 0.00344480713829, "dvar2": 0.00845966674387, "max": 0.95322728157, "mean": 0.560491204262, "median": 0.573316156864, "min": 0.0860685482621, "var": 0.0140825156122}, "silence_rate_20dB": {"dmean": 0, "dmean2": 0, "dvar": 0, "dvar2": 0, "max": 1, "mean": 1, "median": 1, "min": 1, "var": 0}, "silence_rate_30dB": {"dmean": 0.00154350767843, "dmean2": 0.00308731314726, "dvar": 0.00154105992988, "dvar2": 0.0040423758328, "max": 1, "mean": 0.998938918114, "median": 1, "min": 0, "var": 0.00105993670877}, "silence_rate_60dB": {"dmean": 0.0233455523849, "dmean2": 0.0466956086457, "dvar": 0.0228035524487, "dvar2": 0.0491354987025, "max": 1, "mean": 0.170541137457, "median": 0, "min": 0, "var": 0.141444563866}, "spectral_centroid": {"dmean": 115.748985291, "dmean2": 171.032653809, "dvar": 47429.4296875, "dvar2": 94896.171875, "max": 11709.7382813, "mean": 864.372131348, "median": 687.3203125, "min": 219.086029053, "var": 712322.875}, "spectral_complexity": {"dmean": 1.61913955212, "dmean2": 2.59083461761, "dvar": 3.12861919403, "dvar2": 7.0704126358, "max": 36, "mean": 10.9444389343, "median": 11, "min": 0, "var": 34.8085136414}, "spectral_contrast_coeffs": {"dmean": [0.0398655831814, 0.0364829748869, 0.0344920419157, 0.0296804234385, 0.0220263320953, 0.0163412261754], "dmean2": [0.0645973607898, 0.0572351254523, 0.0534331537783, 0.0445370301604, 0.0319345444441, 0.0238515269011], "dvar": [0.00128558417782, 0.0010485019302, 0.000934328418225, 0.000664440682158, 0.000383349775802, 0.000256731029367], "dvar2": [0.00322598591447, 0.00247820070945, 0.00212398730218, 0.00137606472708, 0.000739286129829, 0.0004726498737], "max": [-0.263809472322, -0.311617255211, -0.428776502609, -0.426991999149, -0.533482134342, -0.53280878067], "mean": [-0.601457357407, -0.6814468503, -0.716453969479, -0.745292246342, -0.761772871017, -0.772525131702], "median": [-0.611129105091, -0.685579001904, -0.721784949303, -0.753136634827, -0.766882061958, -0.782911837101], "min": [-0.978543102741, -0.977304458618, -0.972801268101, -0.970840930939, -0.965881824493, -0.964516162872], "var": [0.0104031097144, 0.00718625308946, 0.00549464160576, 0.00561033980921, 0.00368431280367, 0.00297056720592]}, "spectral_contrast_valleys": {"dmean": [0.382062017918, 0.286999493837, 0.300761401653, 0.28787741065, 0.231862366199, 0.266215085983], "dmean2": [0.627013325691, 0.461603939533, 0.479100823402, 0.435387462378, 0.332034528255, 0.346243679523], "dvar": [0.145127877593, 0.0783494412899, 0.10029284656, 0.0933511555195, 0.0749510079622, 0.121915668249], "dvar2": [0.334458529949, 0.177347734571, 0.226783722639, 0.195733174682, 0.139489769936, 0.20882357657], "max": [-5.35362195969, -4.60934734344, -4.97282409668, -5.88528108597, -6.23288726807, -7.60895967484], "mean": [-8.22820568085, -7.0496544838, -8.15064048767, -8.96481323242, -8.99546146393, -11.3654127121], "median": [-7.831635952, -6.78316068649, -7.88624429703, -8.73725509644, -8.75180625916, -11.1067247391], "min": [-28.0041561127, -27.7910423279, -27.6840419769, -27.8684120178, -27.6107025146, -27.4313220978], "var": [3.21320271492, 3.13586378098, 2.89497184753, 2.81551909447, 2.73505353928, 2.68766093254]}, "spectral_decrease": {"dmean": 1.21366350303e-09, "dmean2": 1.83330950421e-09, "dvar": 5.1818274524e-18, "dvar2": 1.3173112644e-17, "max": 2.68457421249e-28, "mean": -4.72215688774e-09, "median": -3.08695491391e-09, "min": -4.2636902009e-08, "var": 2.29970156555e-17}, "spectral_energy": {"dmean": 0.00477020675316, "dmean2": 0.00717589864507, "dvar": 7.76790111559e-05, "dvar2": 0.000196098699234, "max": 0.166327774525, "mean": 0.0187930036336, "median": 0.0123776458204, "min": 9.74339436259e-21, "var": 0.000358931371011}, "spectral_energyband_high": {"dmean": 7.27239894331e-05, "dmean2": 9.86937302514e-05, "dvar": 6.71286812803e-08, "dvar2": 1.20828062222e-07, "max": 0.015891816467, "mean": 0.000181143186637, "median": 6.05108216405e-05, "min": 7.15325195e-21, "var": 2.2201908223e-07}, "spectral_energyband_low": {"dmean": 0.00165706058033, "dmean2": 0.00295165972784, "dvar": 4.53404754808e-05, "dvar2": 0.000128071173094, "max": 0.0931022018194, "mean": 0.00251524173655, "median": 0.00126345397439, "min": 2.41825594485e-23, "var": 3.21913430525e-05}, "spectral_energyband_middle_high": {"dmean": 0.000904125685338, "dmean2": 0.00121787830722, "dvar": 3.78367849407e-06, "dvar2": 6.92675894243e-06, "max": 0.0527785532176, "mean": 0.00294944201596, "median": 0.00112377433106, "min": 1.10991502528e-21, "var": 2.41927336901e-05}, "spectral_energyband_middle_low": {"dmean": 0.00333695602603, "dmean2": 0.00478373095393, "dvar": 3.24741195072e-05, "dvar2": 7.56108347559e-05, "max": 0.138059914112, "mean": 0.0137057015672, "median": 0.00820665992796, "min": 1.96540138075e-22, "var": 0.000236186519032}, "spectral_entropy": {"dmean": 0.151987463236, "dmean2": 0.212546378374, "dvar": 0.032637797296, "dvar2": 0.0646827891469, "max": 9.82932758331, "mean": 6.95867443085, "median": 6.9279255867, "min": 4.83482885361, "var": 0.258226186037}, "spectral_flux": {"dmean": 0.0156920459121, "dmean2": 0.0250797253102, "dvar": 0.000610850693192, "dvar2": 0.00122793379705, "max": 0.280145734549, "mean": 0.0464773662388, "median": 0.0361916013062, "min": 6.4724864357e-11, "var": 0.00151236995589}, "spectral_kurtosis": {"dmean": 2.25070238113, "dmean2": 3.79838824272, "dvar": 6.76415681839, "dvar2": 19.4029102325, "max": 101.172317505, "mean": 7.56343841553, "median": 6.49234104156, "min": -1.23801124096, "var": 24.6779270172}, "spectral_rms": {"dmean": 0.000480754766613, "dmean2": 0.000702461984474, "dvar": 5.30366492058e-07, "dvar2": 1.27467842503e-06, "max": 0.0127385631204, "mean": 0.00373896560632, "median": 0.00347501831129, "min": 3.08313964636e-12, "var": 4.35478114014e-06}, "spectral_rolloff": {"dmean": 204.880828857, "dmean2": 343.655792236, "dvar": 450388.96875, "dvar2": 958482.5625, "max": 19724.4140625, "mean": 1016.80657959, "median": 667.529296875, "min": 107.666015625, "var": 2831148.75}, "spectral_skewness": {"dmean": 0.240026175976, "dmean2": 0.390102386475, "dvar": 0.0567726269364, "dvar2": 0.143068119884, "max": 8.71791744232, "mean": 2.11873364449, "median": 2.06623601913, "min": -0.102659709752, "var": 0.410317510366}, "spectral_spread": {"dmean": 446411.4375, "dmean2": 651115, "dvar": 596639547392, "dvar2": 1099219402750.0, "ma