{"lowlevel": {"average_loudness": 0.828773856163, "barkbands": {"dmean": [6.82225345372e-06, 0.000452923297416, 0.000337154022418, 0.000493725761771, 0.000749378930777, 0.000739863084164, 0.000522003218066, 0.000639412028249, 0.000678684737068, 0.000982552533969, 0.000476917397464, 0.000278496270766, 0.000488312041853, 0.000490214268211, 0.000449369108537, 0.000165399411344, 0.000138711824547, 0.000148293227539, 0.000192037143279, 9.96844391921e-05, 4.344788249e-05, 3.4538545151e-05, 2.68472449534e-05, 2.07983393921e-05, 1.26653776533e-05, 1.65398000718e-06, 1.63888074667e-07], "dmean2": [1.06423512989e-05, 0.000725694117136, 0.000527533120476, 0.000694577058312, 0.0011699659517, 0.00118807109538, 0.000788278062828, 0.000945344974753, 0.00104061805177, 0.00148427067325, 0.000732399988919, 0.000445001322078, 0.000749663508032, 0.000716781651136, 0.000675847986713, 0.00025806602207, 0.000221306589083, 0.000231074198382, 0.000306762376567, 0.000142563818372, 6.37048360659e-05, 5.02950970258e-05, 3.81616664527e-05, 2.88470819214e-05, 1.74007691385e-05, 2.30075443142e-06, 2.4168298296e-07], "dvar": [4.67972383067e-10, 7.23295499938e-07, 6.18439742084e-07, 2.09087374969e-06, 1.70159023583e-06, 2.76485297945e-06, 2.607325996e-06, 1.70877046912e-06, 5.64311130802e-06, 6.56352040096e-06, 1.17330296234e-06, 5.31451121333e-07, 1.33281855597e-06, 2.25598409997e-06, 1.93010941985e-06, 8.65367724145e-08, 1.0416393792e-07, 6.97416808748e-08, 2.78155823707e-07, 2.87760126838e-08, 8.06087907534e-09, 5.3333426564e-09, 2.74382983001e-09, 1.82691439754e-09, 1.69330449662e-09, 1.52067317072e-11, 1.36236413318e-13], "dvar2": [9.40428290797e-10, 1.76131368335e-06, 1.4080942492e-06, 3.64153697774e-06, 4.19549360231e-06, 6.81143183101e-06, 5.48026719116e-06, 3.4038450849e-06, 1.30068438011e-05, 1.46498896356e-05, 2.42475130108e-06, 1.28127908283e-06, 2.94460664918e-06, 4.813738542e-06, 3.85329167329e-06, 2.15985139107e-07, 2.74632355968e-07, 1.7312510181e-07, 6.9231236921e-07, 5.72299292401e-08, 1.67055045353e-08, 1.1366014796e-08, 5.58953150431e-09, 3.44502315563e-09, 3.19491011425e-09, 2.91844812206e-11, 2.58048113043e-13], "max": [0.00112920242827, 0.0169103890657, 0.0146098490804, 0.0334909185767, 0.0310201700777, 0.042736556381, 0.0695436000824, 0.0290423799306, 0.0799501389265, 0.0692265629768, 0.0460269041359, 0.038239043206, 0.044496897608, 0.0527578741312, 0.0543167702854, 0.00747909769416, 0.00914898887277, 0.00567619455978, 0.0179360471666, 0.0051178666763, 0.00302424700931, 0.00203976291232, 0.000748215941712, 0.0013882049825, 0.00188878877088, 0.000153335684445, 1.81408122444e-05], "mean": [7.68945210439e-06, 0.000837315397803, 0.000513234350365, 0.000875535595696, 0.00130240607541, 0.00125923985615, 0.000940923171584, 0.00121775257867, 0.00141880568117, 0.00240661925636, 0.000989673077129, 0.000546795199625, 0.0012878717389, 0.00105978315696, 0.00101817317773, 0.000307970680296, 0.000262392190052, 0.000321494269883, 0.000369503337424, 0.000263899797574, 7.6325959526e-05, 5.7904591813e-05, 5.35849612788e-05, 4.45920413767e-05, 2.60149936366e-05, 3.3302551401e-06, 3.83506346679e-07], "median": [2.11329825106e-06, 0.000239592103753, 0.000128428713651, 0.000179186317837, 0.000662571925204, 0.000412778055761, 0.000288036040729, 0.000376227544621, 0.000280134612694, 0.000407990679378, 0.000196898341528, 0.000147905666381, 0.000163630757015, 0.000164717421285, 0.000123103935039, 0.000132327637402, 0.000110379725811, 0.000163768912898, 0.000150997890159, 0.000101933284895, 2.78636107396e-05, 1.93206069525e-05, 1.84084074135e-05, 1.33087187351e-05, 8.74420766195e-06, 1.70777025232e-06, 2.56254111264e-07], "min": [1.80786667938e-25, 1.44166480075e-24, 2.08390348218e-24, 1.61734806865e-24, 1.39139270686e-23, 7.70193221874e-24, 8.0557994436e-24, 6.40805912807e-24, 1.73278946076e-23, 1.59934180573e-23, 6.63985012785e-24, 2.33409158602e-23, 2.83684131838e-23, 2.7437651979e-23, 4.29128278646e-23, 5.44744111568e-23, 7.04528708336e-23, 1.02197504562e-22, 1.50010837344e-22, 1.67246918009e-22, 2.01730249608e-22, 3.09618994326e-22, 3.96175715855e-22, 6.07486359302e-22, 8.68811869613e-22, 1.23259796644e-21, 1.92464915455e-21], "var": [7.38002770007e-10, 1.98460020329e-06, 1.16284672913e-06, 5.82652182857e-06, 3.28888472723e-06, 6.50103311273e-06, 5.54667713004e-06, 5.05615071233e-06, 1.65098081197e-05, 3.70060370187e-05, 7.28662507754e-06, 2.94044275506e-06, 8.95068751561e-06, 7.13383451512e-06, 1.09859684017e-05, 2.58934136355e-07, 2.50709604188e-07, 1.96387148321e-07, 5.97130906499e-07, 1.52623741201e-07, 1.88445934413e-08, 9.27548793328e-09, 6.47782494312e-09, 7.24107573902e-09, 4.01383681847e-09, 3.16649831356e-11, 2.71877301488e-13]}, "barkbands_crest": {"dmean": 2.22060251236, "dmean2": 3.48999261856, "dvar": 4.17917013168, "dvar2": 9.66293144226, "max": 26.9225502014, "mean": 9.55122756958, "median": 8.5122051239, "min": 2.88056921959, "var": 16.9029808044}, "barkbands_flatness_db": {"dmean": 0.0167321674526, "dmean2": 0.024088408798, "dvar": 0.000326932349708, "dvar2": 0.000604458444286, "max": 0.979090571404, "mean": 0.13055434823, "median": 0.126438319683, "min": 0.0420164577663, "var": 0.00154487858526}, "barkbands_kurtosis": {"dmean": 8.56322669983, "dmean2": 14.3267183304, "dvar": 133062.328125, "dvar2": 266545.4375, "max": 24865.6640625, "mean": 8.60561656952, "median": 0.685917615891, "min": -1.83659315109, "var": 138520.5}, "barkbands_skewness": {"dmean": 0.412968069315, "dmean2": 0.605495274067, "dvar": 1.22919380665, "dvar2": 2.08535528183, "max": 80.5544052124, "mean": 0.90693038702, "median": 0.748057961464, "min": -2.17477583885, "var": 3.25308179855}, "barkbands_spread": {"dmean": 4.23837423325, "dmean2": 6.32399368286, "dvar": 25.3276920319, "dvar2": 53.0325622559, "max": 132.777420044, "mean": 20.3718032837, "median": 18.5126953125, "min": 0.00363943655975, "var": 123.956062317}, "dissonance": {"dmean": 0.0212335456163, "dmean2": 0.0359349884093, "dvar": 0.000432596221799, "dvar2": 0.00120138016064, "max": 0.499993920326, "mean": 0.454352170229, "median": 0.459104001522, "min": 0, "var": 0.000863644876517}, "dynamic_complexity": 4.48143672943, "erbbands": {"dmean": [0.00946256797761, 0.115592673421, 0.348464012146, 0.9539757967, 2.66577649117, 2.28205156326, 4.1805357933, 6.23412418365, 7.32935905457, 11.0579328537, 11.6997900009, 18.8555469513, 21.1725978851, 27.0137691498, 21.1492710114, 11.6969337463, 24.5684738159, 20.3468780518, 29.069278717, 11.3545913696, 6.25109481812, 6.61089086533, 6.89166498184, 11.9296216965, 5.39802885056, 5.15294027328, 2.52018618584, 1.30087888241, 1.12540256977, 1.10784518719, 0.723507881165, 0.440471231937, 0.371725529432, 0.216205045581, 0.0472193956375, 0.011353504844, 0.00243777106516, 0.000370655179722, 2.65695380222e-05, 5.36376364835e-06], "dmean2": [0.0155147118494, 0.183349087834, 0.543472528458, 1.36890554428, 3.86550283432, 3.77753591537, 6.70270061493, 10.0337047577, 11.2262649536, 16.4812583923, 17.3273601532, 28.7191448212, 31.9074459076, 39.51146698, 32.827583313, 18.4612007141, 37.9797019958, 29.1965389252, 42.5689582825, 17.6568946838, 9.46699523926, 10.4551925659, 10.7536048889, 18.9615345001, 8.43453502655, 7.41303157806, 3.69312858582, 1.8986530304, 1.63405025005, 1.6190110445, 1.02350139618, 0.618400633335, 0.513644397259, 0.295803934336, 0.065467260778, 0.015913175419, 0.00345616554841, 0.000527282711118, 3.81964127882e-05, 7.59081285651e-06], "dvar": [0.000491705606692, 0.0458368882537, 0.498498976231, 7.16584396362, 26.9638462067, 18.1802043915, 111.540985107, 211.655654907, 391.810668945, 802.815307617, 575.909423828, 4651.43408203, 3645.75292969, 7417.87646484, 2323.49804688, 1031.02783203, 3462.42895508, 3114.0012207, 6908.77636719, 470.817169189, 142.95602417, 282.796813965, 130.488174438, 1256.35449219, 125.636566162, 80.5403137207, 25.3982067108, 6.97033214569, 6.44703769684, 5.4406247139, 1.95048451424, 0.76755875349, 0.742520213127, 0.452835053205, 0.0373843088746, 0.000930792302825, 3.03167853417e-05, 7.82765653184e-07, 3.07659320242e-09, 4.7492294819e-11], "dvar2": [0.0012869250495, 0.111193068326, 1.12011682987, 14.480266571, 50.7968864441, 49.9801445007, 270.690124512, 510.201965332, 828.03704834, 1669.94665527, 1183.97399902, 10524.0380859, 7651.58837891, 16151.0830078, 5206.55224609, 2484.83935547, 7661.08740234, 6109.91259766, 13324.0908203, 1116.42297363, 325.700683594, 734.641418457, 331.044342041, 3218.9465332, 312.769165039, 151.80355835, 53.7940216064, 14.6937713623, 13.650229454, 11.9204177856, 3.96015524864, 1.51100230217, 1.39563131332, 0.877205729485, 0.07022703439, 0.00187369051855, 5.77165847062e-05, 1.38588802656e-06, 5.33581934192e-09, 9.23998516589e-11], "max": [0.808914721012, 3.28848791122, 11.3015832901, 72.0792999268, 111.819747925, 79.3622131348, 271.894744873, 405.822052002, 839.883544922, 967.948730469, 674.617126465, 2518.71118164, 1756.19909668, 2582.625, 1872.40148926, 1978.77758789, 2445.60961914, 1828.24414062, 3389.7043457, 657.558654785, 297.967712402, 630.324707031, 256.798126221, 1304.24914551, 330.053070068, 306.741424561, 183.31149292, 60.0628509521, 82.5032577515, 32.4418945312, 21.5391521454, 13.8686733246, 32.991104126, 29.8566379547, 8.01777744293, 1.15528929234, 0.193166911602, 0.0420685596764, 0.0027162018232, 0.000163918477483], "mean": [0.0156837999821, 0.218720793724, 0.58713889122, 1.7308049202, 4.57665109634, 3.50225806236, 6.98824501038, 10.5326118469, 13.720032692, 19.9164466858, 24.1219959259, 41.2748832703, 43.8818435669, 75.6909637451, 45.77709198, 27.5824966431, 67.5701980591, 50.5605583191, 73.3507614136, 25.0479640961, 13.8215475082, 13.8765172958, 15.7952680588, 24.6760540009, 12.4012107849, 14.117313385, 5.55428552628, 2.26673316956, 1.860927701, 1.97968900204, 1.48013651371, 0.869663357735, 0.82063382864, 0.452214717865, 0.0924340113997, 0.0216476209462, 0.00516336224973, 0.000787905068137, 7.61709088692e-05, 2.4603714337e-05], "median": [0.00443569524214, 0.0630859583616, 0.187676161528, 0.470379799604, 1.61309421062, 1.78180158138, 2.35812282562, 3.5827126503, 4.60882568359, 6.59660959244, 9.325756073, 9.5230846405, 11.8196086884, 10.4159727097, 11.8825855255, 9.39021492004, 10.8248119354, 12.853849411, 10.0225801468, 10.3037452698, 6.45784759521, 6.40589046478, 9.23534393311, 9.94805717468, 6.55627679825, 5.50155258179, 2.3669219017, 0.933983802795, 0.63537812233, 0.617221176624, 0.505655407906, 0.317980587482, 0.220271140337, 0.14015763998, 0.0356536693871, 0.00979398004711, 0.00274261529557, 0.000461358344182, 5.57369348826e-05, 1.88971207535e-05], "min": [1.60409336739e-22, 4.11577360438e-22, 3.00741847897e-21, 7.34095974894e-21, 1.3306917522e-20, 3.28268790978e-20, 2.69653964979e-20, 1.04090424343e-19, 1.66341226122e-19, 1.75129180025e-19, 2.02170580204e-19, 4.81300416088e-19, 4.14922920093e-19, 1.00435784008e-18, 7.35074671731e-19, 1.42078030937e-18, 1.83792583792e-18, 1.63504324908e-18, 3.24707391993e-18, 2.69376474318e-18, 4.42490921544e-18, 4.68182282831e-18, 6.02032596369e-18, 6.42295943557e-18, 7.77878331939e-18, 8.86155116069e-18, 9.49652560457e-18, 9.97224958256e-18, 8.80020744647e-18, 1.21534131885e-17, 1.11714315146e-17, 1.11116511717e-17, 8.56903362632e-18, 8.13966898576e-18, 6.471656799e-18, 4.01875733083e-18, 2.16543414619e-18, 9.13554398526e-19, 2.53269830565e-19, 2.76535299882e-20], "var": [0.000924116175156, 0.129395291209, 1.03174459934, 17.3696784973, 68.5983123779, 25.3931293488, 254.212173462, 533.592895508, 999.776367188, 1920.5390625, 1852.57006836, 14071.7910156, 13023.5742188, 49653.234375, 12995.6386719, 7034.66015625, 24369.7011719, 13455.7109375, 39209.2929688, 2168.00976562, 464.827850342, 676.817382812, 394.955352783, 3010.12451172, 389.509918213, 451.195770264, 79.5814056396, 12.6475639343, 10.5945129395, 9.77548503876, 5.05418252945, 1.91085231304, 3.24749970436, 1.12854039669, 0.0717892423272, 0.00180399697274, 6.69688088237e-05, 1.68544204371e-06, 7.47810169344e-09, 4.18823170589e-10]}, "erbbands_crest": {"dmean": 2.75795674324, "dmean2": 4.37054538727, "dvar": 6.72156381607, "dvar2": 16.1193981171, "max": 35.3380584717, "mean": 11.0885744095, "median": 10.1398353577, "min": 2.17808794975, "var": 25.177526474}, "erbbands_flatness_db": {"dmean": 0.0153456106782, "dmean2": 0.0218388326466, "dvar": 0.000200445851078, "dvar2": 0.000381863646908, "max": 0.328214168549, "mean": 0.183475390077, "median": 0.182735860348, "min": 0.0199356116354, "var": 0.00201968569309}, "erbbands_kurtosis": {"dmean": 0.823470950127, "dmean2": 1.29410779476, "dvar": 2.46954536438, "dvar2": 6.45432472229, "max": 70.3580093384, "mean": 0.71506524086, "median": 0.185428261757, "min": -1.74852073193, "var": 4.50831699371}, "erbbands_skewness": {"dmean": 0.331183314323, "dmean2": 0.506220459938, "dvar": 0.110164277256, "dvar2": 0.255905002356, "max": 8.22576808929, "mean": 0.275736600161, "median": 0.314475685358, "min": -3.23842263222, "var": 0.512951910496}, "erbbands_spread": {"dmean": 5.53417301178, "dmean2": 8.16612148285, "dvar": 41.0656814575, "dvar2": 90.5222930908, "max": 156.335525513, "mean": 29.0066223145, "median": 26.9973239899, "min": 2.85301947594, "var": 253.024856567}, "gfcc": {"cov": [[26073.6992188, 2092.05126953, -3500.07543945, 242.606552124, -1507.35131836, 133.870315552, -726.983581543, -78.5016937256, -641.907836914, -125.245170593, -144.684967041, -381.354217529, -142.264450073], [2092.05126953, 787.817687988, -108.787002563, -21.9743976593, 43.3579063416, -37.1436920166, -62.7710227966, 2.56351208687, -20.296081543, -54.8484840393, 9.83416652679, -42.1519432068, -60.5649414062], [-3500.07543945, -108.787002563, 960.941467285, 142.330856323, 195.514343262, -14.3809432983, -8.90284442902, 46.7956428528, 118.81401062, -1.63015949726, -26.8249588013, 72.5095748901, -26.4123497009], [242.606552124, -21.9743976593, 142.330856323, 368.999237061, 76.8465957642, -71.6951599121, -34.8114967346, 46.6754798889, 35.4438667297, -30.3504943848, -69.0118560791, 40.2510948181, 5.23074817657], [-1507.35131836, 43.3579063416, 195.514343262, 76.8465957642, 354.488189697, 21.2925128937, 88.3470230103, 44.5107574463, 53.9713821411, -10.2534713745, -11.3918771744, 26.424539566, 9.15533256531], [133.870315552, -37.1436920166, -14.3809432983, -71.6951599121, 21.2925128937, 202.217330933, 82.4368133545, -5.23145723343, -15.4474048615, 17.5140724182, 20.4452800751, -25.0983943939, -0.617808043957], [-726.983581543, -62.7710227966, -8.90284442902, -34.8114967346, 88.3470230103, 82.4368133545, 203.535980225, 13.2043981552, -7.61256694794, 1.55040895939, 18.1093273163, 15.2690124512, 7.33755779266], [-78.5016937256, 2.56351208687, 46.7956428528, 46.6754798889, 44.5107574463, -5.23145723343, 13.2043981552, 115.237808228, 41.6976127625, -0.358817368746, -5.54381799698, 8.10929489136, 2.84124970436], [-641.907836914, -20.296081543, 118.81401062, 35.4438667297, 53.9713821411, -15.4474048615, -7.61256694794, 41.6976127625, 121.31967926, 31.926815033, -10.8527574539, 20.8595981598, 7.51118946075], [-125.245170593, -54.8484840393, -1.63015949726, -30.3504943848, -10.2534713745, 17.5140724182, 1.55040895939, -0.358817368746, 31.926815033, 99.2240219116, 38.6560821533, -8.52680778503, 1.29021883011], [-144.684967041, 9.83416652679, -26.8249588013, -69.0118560791, -11.3918771744, 20.4452800751, 18.1093273163, -5.54381799698, -10.8527574539, 38.6560821533, 106.705490112, 11.0636463165, 1.20423948765], [-381.354217529, -42.1519432068, 72.5095748901, 40.2510948181, 26.424539566, -25.0983943939, 15.2690124512, 8.10929489136, 20.8595981598, -8.52680778503, 11.0636463165, 100.456199646, 28.2659549713], [-142.264450073, -60.5649414062, -26.4123497009, 5.23074817657, 9.15533256531, -0.617808043957, 7.33755779266, 2.84124970436, 7.51118946075, 1.29021883011, 1.20423948765, 28.2659549713, 83.809677124]], "icov": [[0.00066874321783, -0.00167251913808, 0.00206680386327, -0.00175120763015, 0.00193008873612, -0.00221579312347, 0.00180011719931, -0.0011874261545, 0.00170344975777, -0.00121182436123, 0.00141610740684, -0.00094776932383, 0.00050793972332], [-0.00167251913808, 0.00578841706738, -0.00486319418997, 0.00450786296278, -0.00540466560051, 0.00567707279697, -0.00379770505242, 0.00291147758253, -0.0045148525387, 0.00425006682053, -0.00426213257015, 0.00277256802656, -0.000138629649882], [0.00206680386327, -0.00486319418997, 0.0078654345125, -0.00562966894358, 0.00523859914392, -0.00710883690044, 0.00608756626025, -0.00356065249071, 0.00419092504308, -0.00336835044436, 0.00429960247129, -0.00379202282056, 0.0026805489324], [-0.00175120763015, 0.00450786296278, -0.00562966894358, 0.00840705633163, -0.00573875103146, 0.0065902704373, -0.00406366214156, 0.00191703485325, -0.00404008990154, 0.00306152016856, -0.00147854327224, 0.00112617213745, -0.00109125557356], [0.00193008873612, -0.00540466560051, 0.00523859914392, -0.00573875103146, 0.00978280510753, -0.00645725149661, 0.00305461138487, -0.00380349392071, 0.00374326226301, -0.00312737911008, 0.00404431391507, -0.0024224712979, 0.000596498313826], [-0.00221579312347, 0.00567707279697, -0.00710883690044, 0.0065902704373, -0.00645725149661, 0.0140208732337, -0.00855888519436, 0.00397954182699, -0.00503751076758, 0.00327210687101, -0.00497306790203, 0.00511594675481, -0.00214005843736], [0.00180011719931, -0.00379770505242, 0.00608756626025, -0.00406366214156, 0.00305461138487, -0.00855888519436, 0.0123269353062, -0.0040820017457, 0.00551112275571, -0.00284122978337, 0.00337341986597, -0.00436507351696, 0.00211925129406], [-0.0011874261545, 0.00291147758253, -0.00356065249071, 0.00191703485325, -0.00380349392071, 0.00397954182699, -0.0040820017457, 0.0127862272784, -0.00693091843277, 0.00350238848478, -0.00356807908975, 0.0025136936456, -0.00101394520607], [0.00170344975777, -0.0045148525387, 0.00419092504308, -0.00404008990154, 0.00374326226301, -0.00503751076758, 0.00551112275571, -0.00693091843277, 0.0178010631353, -0.00915825273842, 0.0068493229337, -0.00473933061585, 0.000553840305656], [-0.00121182436123, 0.00425006682053, -0.00336835044436, 0.00306152016856, -0.00312737911008, 0.00327210687101, -0.00284122978337, 0.00350238848478, -0.00915825273842, 0.017839897424, -0.0090809231624, 0.00478413281962, -0.000679453660268], [0.00141610740684, -0.00426213257015, 0.00429960247129, -0.00147854327224, 0.00404431391507, -0.00497306790203, 0.00337341986597, -0.00356807908975, 0.0068493229337, -0.0090809231624, 0.0170197822154, -0.00591448228806, 0.00139435590245], [-0.00094776932383, 0.00277256802656, -0.00379202282056, 0.00112617213745, -0.0024224712979, 0.00511594675481, -0.00436507351696, 0.0025136936456, -0.00473933061585, 0.00478413281962, -0.00591448228806, 0.0156634878367, -0.00511790346354], [0.00050793972332, -0.000138629649882, 0.0026805489324, -0.00109125557356, 0.000596498313826, -0.00214005843736, 0.00211925129406, -0.00101394520607, 0.000553840305656, -0.000679453660268, 0.00139435590245, -0.00511790346354, 0.0150414695963]], "mean": [-48.6606254578, 88.2148971558, -136.91885376, 19.5946044922, -58.9854850769, 10.914434433, -36.9477844238, 10.2718172073, -24.9879894257, -1.88432383537, -8.77936077118, -7.16263055801, -10.521903038]}, "hfc": {"dmean": 4.01753091812, "dmean2": 5.62272691727, "dvar": 30.0210113525, "dvar2": 55.3567008972, "max": 122.784324646, "mean": 18.3110275269, "median": 12.1276741028, "min": 1.07457365781e-16, "var": 334.565063477}, "melbands": {"dmean": [0.000106490006146, 0.000167979116668, 0.000217821769184, 0.000182159783435, 0.000128907297039, 0.000140967254993, 0.000108023734356, 0.000126991406432, 9.97686074697e-05, 0.000113117050205, 0.000107357242086, 0.000114662550914, 7.12830151315e-05, 3.49359870597e-05, 4.04785751016e-05, 4.83494332002e-05, 4.14961978095e-05, 5.02939255966e-05, 2.62050107267e-05, 1.32003506224e-05, 7.09383539288e-06, 7.07999242877e-06, 8.94020831765e-06, 6.98233725416e-06, 1.13827363748e-05, 4.48468290415e-06, 3.38316499437e-06, 3.68003111362e-06, 2.05193737202e-06, 1.00340844256e-06, 7.46127227558e-07, 6.64469951062e-07, 6.79817730997e-07, 6.05511615959e-07, 4.56111308722e-07, 3.36395373779e-07, 2.59415770643e-07, 2.74996438066e-07, 2.59334058228e-07, 1.63066090408e-07], "dmean2": [0.000170439030626, 0.000263053691015, 0.000306665606331, 0.000282465363853, 0.000205894990359, 0.000225198280532, 0.00016389459779, 0.000189959682757, 0.000147920218296, 0.000172662985278, 0.000161439049407, 0.000168111058883, 0.000109290442197, 5.56606719329e-05, 6.2036444433e-05, 7.33223278075e-05, 5.99837585469e-05, 7.33260021661e-05, 3.96975483454e-05, 2.07372759178e-05, 1.07753539851e-05, 1.11767640192e-05, 1.45351386891e-05, 1.08257754619e-05, 1.81220711966e-05, 7.16935164746e-06, 4.94576624988e-06, 5.35998833584e-06, 3.07962432089e-06, 1.4804637658e-06, 1.1179562307e-06, 9.81255425359e-07, 1.01154137155e-06, 8.91247509571e-07, 6.52892765629e-07, 4.80981157125e-07, 3.6806056869e-07, 3.81361758173e-07, 3.62315574876e-07, 2.24841699037e-07], "dvar": [4.43139462902e-08, 9.93006068484e-08, 2.82586995581e-07, 1.09855371022e-07, 8.78447394825e-08, 1.01559074039e-07, 9.90920696609e-08, 9.49914209514e-08, 4.51842048221e-08, 1.72230514295e-07, 9.51564373963e-08, 1.39106518304e-07, 2.70725539764e-08, 6.97342183997e-09, 8.08424438503e-09, 1.26625634422e-08, 1.59519082388e-08, 2.04595309583e-08, 5.30340216187e-09, 5.87813631103e-10, 2.33376873382e-10, 3.48129247651e-10, 4.16095186084e-10, 1.74952122234e-10, 1.29644084357e-09, 1.29114025027e-10, 3.58929552746e-11, 4.2646143561e-11, 2.07702223476e-11, 5.18579623687e-12, 2.37128242389e-12, 2.50593773163e-12, 2.40072631913e-12, 1.58937880218e-12, 7.84382433137e-13, 4.44234194786e-13, 2.75964987624e-13, 4.31204768073e-13, 5.68236646972e-13, 2.94791019937e-13], "dvar2": [1.07872622834e-07, 2.3048575315e-07, 5.05069408518e-07, 2.6405632525e-07, 2.18176410272e-07, 2.45869244964e-07, 2.05259908626e-07, 1.94870111159e-07, 9.52932452947e-08, 3.95365191252e-07, 2.00748530688e-07, 3.03082401842e-07, 5.57425110514e-08, 1.70152372192e-08, 1.84246733426e-08, 2.82851573274e-08, 3.1662658273e-08, 3.96131234481e-08, 1.13299742921e-08, 1.48050305349e-09, 5.29963462004e-10, 9.06632213749e-10, 1.1423904045e-09, 4.40754016617e-10, 3.30591287678e-09, 3.06678321627e-10, 7.25165205662e-11, 8.48558653899e-11, 4.57746757165e-11, 1.09967087519e-11, 5.33898316182e-12, 5.4715225406e-12, 5.4300314245e-12, 3.47225048193e-12, 1.61288235372e-12, 9.28241099436e-13, 5.43231041747e-13, 8.17442630512e-13, 1.14472461458e-12, 5.68320076329e-13], "max": [0.00577210262418, 0.00493922643363, 0.0117684779689, 0.00798335857689, 0.00721161905676, 0.00791145768017, 0.0141946263611, 0.00864298921078, 0.00598220340908, 0.0149667710066, 0.00913921836764, 0.0114404205233, 0.00767779909074, 0.00370342982933, 0.00322991982102, 0.00363046955317, 0.00421122321859, 0.00634556403384, 0.0022393213585, 0.000689737964422, 0.000377127202228, 0.00066678825533, 0.000614150310867, 0.000264864851488, 0.00135562219657, 0.000481695955386, 0.000194490508875, 0.000177814930794, 0.000176083354745, 9.10120579647e-05, 2.13242201426e-05, 7.08498919266e-05, 2.77311810351e-05, 1.90800583368e-05, 1.59642822837e-05, 1.02275807876e-05, 1.15330985864e-05, 3.08896014758e-05, 3.55723859684e-05, 2.06335935218e-05], "mean": [0.00019517322653, 0.000309962604661, 0.000409035827033, 0.000295872509014, 0.000223043287406, 0.000241692658165, 0.000202382230782, 0.000228270233492, 0.000207998382393, 0.000238946653553, 0.000210480575333, 0.000312089629006, 0.000155443834956, 6.80052617099e-05, 9.91453271126e-05, 0.00013258861145, 9.01587409317e-05, 0.000120478143799, 5.80339219596e-05, 2.43775593844e-05, 1.4107466086e-05, 1.32882632897e-05, 1.6665117073e-05, 1.48254503074e-05, 2.18378118007e-05, 8.75605110195e-06, 8.16670763015e-06, 9.50896901486e-06, 4.1918046918e-06, 1.62460560205e-06, 1.1913199387e-06, 1.07249786652e-06, 1.04385003397e-06, 1.09074358079e-06, 9.08436277314e-07, 6.39004213099e-07, 4.74709452192e-07, 5.87260785778e-07, 5.31609487098e-07, 3.25006595858e-07], "median": [5.44395152247e-05, 0.000101724566775, 0.00014012583415, 0.000131213586428, 8.78580176504e-05, 8.37249972392e-05, 6.34734751657e-05, 7.38524540793e-05, 7.38624294172e-05, 4.74943626614e-05, 4.62632087874e-05, 3.42030616594e-05, 3.43735664501e-05, 2.11642745853e-05, 2.19972353079e-05, 1.91456492757e-05, 1.44994264701e-05, 1.46527954712e-05, 1.06707066152e-05, 1.0828845916e-05, 5.65169193578e-06, 5.22683558302e-06, 7.33827982913e-06, 6.58279714116e-06, 7.21579999663e-06, 3.54901385435e-06, 3.31857017954e-06, 3.2900431961e-06, 1.30883495331e-06, 4.8654328566e-07, 4.08618916481e-07, 3.351354394e-07, 3.17123351579e-07, 3.13015220854e-07, 2.80573573264e-07, 2.2838035818e-07, 1.6091465227e-07, 1.45129007478e-07, 1.39168236046e-07, 9.4501217518e-08], "min": [1.3499620871e-24, 1.58168682257e-24, 1.41462176145e-24, 1.95175153118e-24, 1.27717783568e-24, 2.385463707e-24, 2.85914943704e-24, 1.57396466317e-24, 1.61682012349e-24, 2.58131025963e-24, 1.38450196741e-24, 3.35553542848e-24, 1.57078308853e-24, 2.98239002081e-24, 3.70654421585e-24, 3.09417713311e-24, 2.62857052204e-24, 4.49194872702e-24, 3.44894681485e-24, 4.20287262045e-24, 3.48588956547e-24, 4.26595506603e-24, 4.55637026398e-24, 3.90833838528e-24, 4.79577574365e-24, 5.10491139975e-24, 5.34842447815e-24, 4.85772538497e-24, 4.94298626047e-24, 5.09278069118e-24, 5.06693208589e-24, 4.25912155844e-24, 5.54044308324e-24, 5.99864623472e-24, 5.7440638601e-24, 5.30831957859e-24, 6.45528901933e-24, 5.24740728936e-24, 5.94930101295e-24, 6.28509385675e-24], "var": [1.20312222407e-07, 2.29095903137e-07, 7.81166420438e-07, 2.01428790092e-07, 1.97360407128e-07, 2.55967648854e-07, 2.45039558422e-07, 2.44541666916e-07, 1.4915197255e-07, 4.9516290801e-07, 3.41247528013e-07, 9.1470769803e-07, 1.87649717986e-07, 3.08713445918e-08, 5.25831396203e-08, 8.18719172457e-08, 6.05727876746e-08, 9.78315597422e-08, 2.95884667878e-08, 1.84799797687e-09, 6.87425394386e-10, 7.95500887385e-10, 9.87625758953e-10, 5.1616927399e-10, 2.96440627601e-09, 3.10779402213e-10, 1.68063216122e-10, 2.23272747513e-10, 6.44639688852e-11, 1.0982022583e-11, 3.90391365068e-12, 4.25849850175e-12, 3.31884606602e-12, 3.04327548405e-12, 2.11351487527e-12, 1.01221082297e-12, 6.97603595983e-13, 2.19076926739e-12, 1.43725656376e-12, 7.42586547808e-13]}, "melbands_crest": {"dmean": 2.88898229599, "dmean2": 4.52963018417, "dvar": 7.15363073349, "dvar2": 16.3251171112, "max": 39.9999847412, "mean": 12.536491394, "median": 11.3628406525, "min": 1.55122351646, "var": 30.4111156464}, "melbands_flatness_db": {"dmean": 0.0196624267846, "dmean2": 0.0276563856751, "dvar": 0.000470662431326, "dvar2": 0.000851840304676, "max": 0.974422633648, "mean": 0.175355017185, "median": 0.171817108989, "min": 0.00339318485931, "var": 0.00255957199261}, "melbands_kurtosis": {"dmean": 490.151794434, "dmean2": 965.143615723, "dvar": 814913088, "dvar2": 2422108672, "max": 1722502.625, "mean": 257.48336792, "median": 2.57676720619, "min": -1.60187983513, "var": 419056064}, "melbands_skewness": {"dmean": 0.843008637428, "dmean2": 1.37068164349, "dvar": 384.213317871, "dvar2": 1085.58703613, "max": 1270.98303223, "mean": 1.8109152317, "median": 1.34876346588, "min": -1.68523180485, "var": 235.152709961}, "melbands_spread": {"dmean": 6.36776542664, "dmean2": 9.64197158813, "dvar": 58.4536094666, "dvar2": 130.730819702, "max": 203.286102295, "mean": 28.5156154633, "median": 25.0379199982, "min": 0.000543014146388, "var": 346.517822266}, "mfcc": {"cov": [[10784.8291016, 852.613525391, -860.268249512, -138.552597046, -454.194763184, -67.5827407837, -0.612596929073, -180.87387085, -260.829956055, 105.082389832, -89.9652709961, -240.501312256, -104.164573669], [852.613525391, 928.551574707, -48.5029220581, -0.736848473549, 104.442443848, -29.2395000458, 39.6840019226, 30.6308879852, -44.2447814941, 9.81915187836, 20.2000007629, 36.7992019653, 0.33939152956], [-860.268249512, -48.5029220581, 511.553741455, 86.6322631836, 91.1209030151, 3.02283024788, -74.2971801758, 15.9446277618, 20.2009849548, -33.2703666687, 6.05660057068, 66.2884521484, -8.94959068298], [-138.552597046, -0.736848473549, 86.6322631836, 398.52923584, 142.067504883, -16.2751235962, -85.7110214233, 50.2221298218, 91.1283874512, -60.2082061768, -40.1356620789, 45.5188407898, 31.0767288208], [-454.194763184, 104.442443848, 91.1209030151, 142.067504883, 248.57409668, 1.48987436295, -30.3925800323, 33.9682540894, 66.7383346558, 0.615439593792, -12.512471199, 32.1814041138, 19.2969703674], [-67.5827407837, -29.2395000458, 3.02283024788, -16.2751235962, 1.48987436295, 154.050247192, 57.6379089355, 27.1701717377, 17.490945816, 12.5355033875, 15.5351667404, -21.100151062, -3.00131845474], [-0.612596929073, 39.6840019226, -74.2971801758, -85.7110214233, -30.3925800323, 57.6379089355, 190.652374268, 38.550655365, -23.3391819, 34.0862312317, 21.8602542877, -26.0510597229, 4.85698366165], [-180.87387085, 30.6308879852, 15.9446277618, 50.2221298218, 33.9682540894, 27.1701717377, 38.550655365, 135.236831665, 53.3392372131, -23.8094367981, 3.66674613953, 9.46057796478, 5.93843460083], [-260.829956055, -44.2447814941, 20.2009849548, 91.1283874512, 66.7383346558, 17.490945816, -23.3391819, 53.3392372131, 142.210891724, 7.18383693695, -5.94297981262, 7.92278051376, 12.5838451385], [105.082389832, 9.81915187836, -33.2703666687, -60.2082061768, 0.615439593792, 12.5355033875, 34.0862312317, -23.8094367981, 7.18383693695, 112.837165833, 34.5696792603, -21.8723506927, -18.4237785339], [-89.9652709961, 20.2000007629, 6.05660057068, -40.1356620789, -12.512471199, 15.5351667404, 21.8602542877, 3.66674613953, -5.94297981262, 34.5696792603, 99.7759475708, 22.7566814423, -12.3554315567], [-240.501312256, 36.7992019653, 66.2884521484, 45.5188407898, 32.1814041138, -21.100151062, -26.0510597229, 9.46057796478, 7.92278051376, -21.8723506927, 22.7566814423, 123.362091064, 41.8007202148], [-104.164573669, 0.33939152956, -8.94959068298, 31.0767288208, 19.2969703674, -3.00131845474, 4.85698366165, 5.93843460083, 12.5838451385, -18.4237785339, -12.3554315567, 41.8007202148, 101.86000824]], "icov": [[0.000141200885992, -0.000163171556778, 0.000175271125045, -0.000139407173265, 0.000302092375932, -5.05686257384e-05, 0.000148662787979, 3.83055594284e-05, 0.000152369902935, -0.000197975823539, 0.000158320719493, 0.000132920089527, 4.48534010502e-05], [-0.000163171556778, 0.00146261323243, 5.81183667236e-05, 0.000250068958849, -0.00117561232764, 0.000337211851729, -0.000346819491824, -0.000511727994308, 0.000630710972473, 0.000110312881588, -0.000299281295156, -0.00057329935953, 0.000177096997504], [0.000175271125045, 5.81183667236e-05, 0.00266929226927, -0.000180106129847, -0.000511752674356, -0.000509893521667, 0.00093048583949, -0.000242726673605, 0.000600934028625, 0.00011230976088, 0.000106679930468, -0.00114161858801, 0.000947733584326], [-0.000139407173265, 0.000250068958849, -0.000180106129847, 0.00425064843148, -0.00197223178111, 0.000115455892228, 0.000930199923459, -0.00063504721038, -0.00157659256365, 0.00167124904692, 0.000543646805454, -0.000655123032629, -0.000254511280218], [0.000302092375932, -0.00117561232764, -0.000511752674356, -0.00197223178111, 0.00693905772641, -0.000319891260006, 0.000421095959609, -0.000123635269119, -0.00138730113395, -0.00189255364239, 0.00112651544623, -0.000125979102449, -0.000449861516245], [-5.05686257384e-05, 0.000337211851729, -0.000509893521667, 0.000115455892228, -0.000319891260006, 0.00799190625548, -0.00244551291689, -0.000469375954708, -0.00118650530931, 0.000420862255851, -0.00135331240017, 0.00148524472024, -0.000243758637225], [0.000148662787979, -0.000346819491824, 0.00093048583949, 0.000930199923459, 0.000421095959609, -0.00244551291689, 0.00866481475532, -0.00374108646065, 0.00257578864694, -0.00263620354235, -0.000198046604055, 0.00110803032294, -0.00166951562278], [3.83055594284e-05, -0.000511727994308, -0.000242726673605, -0.00063504721038, -0.000123635269119, -0.000469375954708, -0.00374108646065, 0.011636315845, -0.00483660493046, 0.00401438167319, -0.00115134194493, -0.000244922499405, 0.00100734678563], [0.000152369902935, 0.000630710972473, 0.000600934028625, -0.00157659256365, -0.00138730113395, -0.00118650530931, 0.00257578864694, -0.00483660493046, 0.0117569053546, -0.00360944285057, 0.000721771502867, 0.00027062089066, -0.0010542817181], [-0.000197975823539, 0.000110312881588, 0.00011230976088, 0.00167124904692, -0.00189255364239, 0.000420862255851, -0.00263620354235, 0.00401438167319, -0.00360944285057, 0.0137479584664, -0.00462457817048, 0.00171121233143, 0.00122912484221], [0.000158320719493, -0.000299281295156, 0.000106679930468, 0.000543646805454, 0.00112651544623, -0.00135331240017, -0.000198046604055, -0.00115134194493, 0.000721771502867, -0.00462457817048, 0.0138779086992, -0.00460455846041, 0.0024770128075], [0.000132920089527, -0.00057329935953, -0.00114161858801, -0.000655123032629, -0.000125979102449, 0.00148524472024, 0.00110803032294, -0.000244922499405, 0.00027062089066, 0.00171121233143, -0.00460455846041, 0.0128603354096, -0.00529351364821], [4.48534010502e-05, 0.000177096997504, 0.000947733584326, -0.000254511280218, -0.000449861516245, -0.000243758637225, -0.00166951562278, 0.00100734678563, -0.0010542817181, 0.00122912484221, 0.0024770128075, -0.00529351364821, 0.0129478555173]], "mean": [-676.17590332, 118.269798279, -16.298406601, 9.07615947723, 0.552387773991, -4.79755449295, 2.99159121513, 1.62716221809, -6.94664478302, 5.27302122116, -1.12816381454, -4.21431255341, -2.21394252777]}, "pitch_salience": {"dmean": 0.0610012188554, "dmean2": 0.0958158820868, "dvar": 0.00321674672887, "dvar2": 0.00719449156895, "max": 0.834851264954, "mean": 0.536386609077, "median": 0.537650823593, "min": 8.74566176208e-05, "var": 0.0128566427156}, "silence_rate_20dB": {"dmean": 0, "dmean2": 0, "dvar": 0, "dvar2": 0, "max": 1, "mean": 1, "median": 1, "min": 1, "var": 0}, "silence_rate_30dB": {"dmean": 0, "dmean2": 0, "dvar": 0, "dvar2": 0, "max": 1, "mean": 1, "median": 1, "min": 1, "var": 0}, "silence_rate_60dB": {"dmean": 0.0307779181749, "dmean2": 0.0615645311773, "dvar": 0.0298295151442, "dvar2": 0.0631353035569, "max": 1, "mean": 0.142010167241, "median": 0, "min": 0, "var": 0.121839299798}, "spectral_centroid": {"dmean": 214.655410767, "dmean2": 319.416046143, "dvar": 71004.0078125, "dvar2": 137458.609375, "max": 11637.8183594, "mean": 1608.4564209, "median": 1482.84082031, "min": 189.087905884, "var": 1214725.625}, "spectral_complexity": {"dmean": 2.55964994431, "dmean2": 3.78565382957, "dvar": 8.55531215668, "dvar2": 15.1857213974, "max": 44, "mean": 15.3479671478, "median": 15, "min": 0, "var": 57.0773658752}, "spectral_contrast_coeffs": {"dmean": [0.0481284670532, 0.0429476164281, 0.0375182181597, 0.0317254550755, 0.0252648834139, 0.0161476489156], "dmean2": [0.0772153884172, 0.0699275508523, 0.0594751276076, 0.0493710003793, 0.0373010784388, 0.0241392813623], "dvar": [0.00160567904823, 0.00140008272137, 0.00100886379369, 0.00070260593202, 0.000506146345288, 0.000222827729885], "dvar2": [0.00408414332196, 0.00348014850169, 0.00238727382384, 0.00158586422913, 0.000954065646511, 0.000434017187217], "max": [-0.366237342358, -0.364520817995, -0.381485819817, -0.456030964851, -0.53364443779, -0.625038862228], "mean": [-0.654596686363, -0.720645785332, -0.704122781754, -0.711062192917, -0.733884930611, -0.788292109966], "median": [-0.653700470924, -0.725674450397, -0.708143174648, -0.711741328239, -0.72844171524, -0.78554046154], "min": [-0.985294282436, -0.978723168373, -0.983805775642, -0.993104994297, -0.986485540867, -0.98074889183], "var": [0.00786145869642, 0.0070712743327, 0.00828269217163, 0.0064905397594, 0.0049700923264, 0.00214204750955]}, "spectral_contrast_valleys": {"dmean": [0.39846342802, 0.361046850681, 0.307893246412, 0.280172437429, 0.274929702282, 0.256625205278], "dmean2": [0.640997469425, 0.566398859024, 0.465971827507, 0.413460493088, 0.362773448229, 0.324556142092], "dvar": [0.145165473223, 0.148450121284, 0.117065779865, 0.106713153422, 0.116593368351, 0.0977086797357], "dvar2": [0.306227535009, 0.264087617397, 0.207560837269, 0.168757230043, 0.160339444876, 0.135391399264], "max": [-5.90262031555, -5.06609344482, -5.76467943192, -6.12621641159, -6.20007276535, -8.56100940704], "mean": [-8.25522422791, -7.37377691269, -8.01551151276, -8.45413970947, -8.4759645462, -10.8008880615], "median": [-7.95903158188, -7.02851676941, -7.65082979202, -8.098487854, -8.20140171051, -10.5689792633], "min": [-28.0505599976, -28.0898723602, -28.1588954926, -27.7050018311, -27.6433982849, -27.4040908813], "var": [5.09310102463, 5.6475982666, 5.28066253662, 5.01681661606, 4.9189658165, 3.79385471344]}, "spectral_decrease": {"dmean": 9.98983451517e-10, "dmean2": 1.44713929728e-09, "dvar": 1.72396040864e-18, "dvar2": 3.60749553797e-18, "max": 2.27397485577e-28, "mean": -4.18848866701e-09, "median": -3.13102921368e-09, "min": -2.73045621668e-08, "var": 1.37989963729e-17}, "spectral_energy": {"dmean": 0.00406993925571, "dmean2": 0.00587646616623, "dvar": 2.85026926576e-05, "dvar2": 5.88683396927e-05, "max": 0.112298823893, "mean": 0.0174691677094, "median": 0.0129660824314, "min": 1.02476611123e-20, "var": 0.000241573099629}, "spectral_energyband_high": {"dmean": 0.000166702302522, "dmean2": 0.000234582083067, "dvar": 7.95270338472e-08, "dvar2": 1.5198710912e-07, "max": 0.00500996503979, "mean": 0.000402290723287, "median": 0.000203156465432, "min": 7.15461469775e-21, "var": 2.5840350304e-07}, "spectral_energyband_low": {"dmean": 0.00080104515655, "dmean2": 0.00122436485253, "dvar": 2.41471752815e-06, "dvar2": 5.46264800505e-06, "max": 0.0376985892653, "mean": 0.00167106813751, "median": 0.000600663479418, "min": 1.38660369007e-23, "var": 6.82816107656e-06}, "spectral_energyband_middle_high": {"dmean": 0.00207345187664, "dmean2": 0.00300240376964, "dvar": 1.18909410958e-05, "dvar2": 2.36835312535e-05, "max": 0.0877792984247, "mean": 0.00851492863148, "median": 0.00408357847482, "min": 1.25783222578e-21, "var": 0.000132134053274}, "spectral_energyband_middle_low": {"dmean": 0.00273043755442, "dmean2": 0.00400473969057, "dvar": 1.69659160747e-05, "dvar2": 3.75138188247e-05, "max": 0.0956169962883, "mean": 0.00760309305042, "median": 0.00514839868993, "min": 1.53248524448e-22, "var": 6.45317486487e-05}, "spectral_entropy": {"dmean": 0.157716959715, "dmean2": 0.214003235102, "dvar": 0.0249955225736, "dvar2": 0.0403135828674, "max": 9.8198223114, "mean": 7.32617807388, "median": 7.27036952972, "min": 5.77197694778, "var": 0.211104094982}, "spectral_flux": {"dmean": 0.015283816494, "dmean2": 0.0240494329482, "dvar": 0.000300733343465, "dvar2": 0.000691870693117, "max": 0.253123581409, "mean": 0.0573650784791, "median": 0.0532109066844, "min": 6.4043964576e-11, "var": 0.00112929393072}, "spectral_kurtosis": {"dmean": 1.53398418427, "dmean2": 2.49311637878, "dvar": 2.02649879456, "dvar2": 5.31085014343, "max": 17.7340869904, "mean": 5.36754751205, "median": 5.14047718048, "min": -1.29222309589, "var": 6.5912437439}, "spectral_rms": {"dmean": 0.000474056520034, "dmean2": 0.000664666760713, "dvar": 2.62593289335e-07, "dvar2": 4.83322651235e-07, "max": 0.0104670831934, "mean": 0.00368394586258, "median": 0.00355666084215, "min": 3.16191669202e-12, "var": 3.47168270309e-06}, "spectral_rolloff": {"dmean": 368.352386475, "dmean2": 617.205688477, "dvar": 693357.75, "dvar2": 1576146, "max": 19810.546875, "mean": 1910.00830078, "median": 1593.45703125, "min": 21.533203125, "var": 4451890}, "spectral_skewness": {"dmean": 0.199395790696, "dmean2": 0.305906265974, "dvar": 0.0315043665469, "dvar2": 0.0691933631897, "max": 3.16964769363, "mean": 1.68535423279, "median": 1.67654180527, "min": -0.0713916495442, "var": 0.175850108266}, "spectral_spread": {"dmean": 389637.625, "dmean2": 556239.1875, "dvar": 500799799296, "dvar2": 742232948736, "max": 42162028, "mean": 4441952.5, "median": 3770609, "min": 2107522, "var": 14964501774300.0}, "spectral_strongpeak": {"dme