{"lowlevel": {"average_loudness": 0.882622897625, "barkbands": {"dmean": [0.000188848978723, 0.00411364622414, 0.00158919638488, 0.00126248423476, 0.00404962850735, 0.00105981924571, 0.000508400553372, 0.000638250960037, 0.000908350688405, 0.000487132347189, 0.000353422830813, 0.000283159140963, 0.000380593060981, 0.000329863250954, 0.000346688175341, 0.000268949195743, 0.00054762896616, 0.000222976115765, 0.000165003773873, 0.000130118613015, 0.000114469126856, 0.00010007036326, 6.2023405917e-05, 4.28927814937e-05, 2.84187135549e-05, 2.14737847273e-05, 1.07190553535e-05], "dmean2": [0.000312648509862, 0.00693697249517, 0.00280262134038, 0.00232903589495, 0.00691209873185, 0.00182945828419, 0.000832534278743, 0.00102725462057, 0.00141923036426, 0.000788292032667, 0.000600825762376, 0.000468175159767, 0.0006243995158, 0.000531324301846, 0.000543810427189, 0.000444851728389, 0.00088309700368, 0.000370049761841, 0.00028253212804, 0.00022327300394, 0.000195672953851, 0.000166228826856, 9.71902409219e-05, 6.41014921712e-05, 3.97744188376e-05, 3.4031800169e-05, 1.77831498149e-05], "dvar": [6.96627608932e-08, 6.60947916913e-05, 1.63088297995e-05, 1.06713323476e-05, 0.000141511802212, 7.01560475136e-06, 1.35793663958e-06, 4.78253059555e-06, 4.39327732238e-06, 1.19573314805e-06, 5.71563418816e-07, 4.45677613925e-07, 6.92286391768e-07, 5.92765672991e-07, 5.52262065412e-07, 2.62675825979e-07, 3.29001909449e-06, 1.68464652006e-07, 6.83751721908e-08, 5.13337390373e-08, 3.91398629063e-08, 4.67647964797e-08, 2.48339517839e-08, 2.57364298761e-08, 9.07226027635e-09, 1.76781489447e-09, 5.43737888048e-10], "dvar2": [1.82150031947e-07, 0.000175410095835, 4.68773723696e-05, 3.16555779136e-05, 0.000362034363206, 1.89045513252e-05, 3.38439372172e-06, 1.13627411338e-05, 9.77391573542e-06, 2.73036357612e-06, 1.50321216097e-06, 1.09978577711e-06, 1.70363523466e-06, 1.46879608565e-06, 1.26339000417e-06, 6.57474174659e-07, 7.45603938412e-06, 4.40374066102e-07, 1.89889874491e-07, 1.38525251714e-07, 1.06126847754e-07, 1.25169719922e-07, 5.33020880766e-08, 4.82242974442e-08, 1.61018505196e-08, 4.49079928799e-09, 1.40455691522e-09], "max": [0.00396765582263, 0.0715198889375, 0.0488256588578, 0.0371919907629, 0.106839083135, 0.0378956310451, 0.0265478566289, 0.0868804305792, 0.0481099113822, 0.030980957672, 0.0349624082446, 0.0213058777153, 0.0310877934098, 0.019806066528, 0.0228181090206, 0.0166719891131, 0.091391004622, 0.00747904833406, 0.00467961654067, 0.00505097163841, 0.00239364383742, 0.00323684210889, 0.00613626418635, 0.00598290376365, 0.00540775014088, 0.000762806972489, 0.000186200326425], "mean": [0.000247271207627, 0.00528426049277, 0.00180567044299, 0.00112863664981, 0.00364959379658, 0.00122268078849, 0.000698628020473, 0.000957811833359, 0.00147780356929, 0.000694926304277, 0.000450442603324, 0.00039466333692, 0.000572512275539, 0.000506400188897, 0.000559455307666, 0.000412795139709, 0.000768821977545, 0.000358626595698, 0.00028048697277, 0.000230830570217, 0.000215848805965, 0.000204831216251, 0.000126126935356, 8.69316863827e-05, 5.14523198945e-05, 2.51169312833e-05, 8.79477738636e-06], "median": [0.000147707745782, 0.00330927828327, 0.000887211179361, 0.000455315137515, 0.000905147870071, 0.000510540092364, 0.000282375549432, 0.000213207764318, 0.000425786827691, 0.000264451897237, 0.000188541627722, 0.000135542824864, 0.000238667882513, 0.000169049482793, 0.000229599594604, 0.000209110701689, 0.0003354762448, 0.000200043185032, 0.000176571891643, 0.000145266531035, 0.000126535785967, 0.000109545595478, 6.15255412413e-05, 4.50818624813e-05, 2.38317225012e-05, 7.1419226515e-06, 1.0030798876e-06], "min": [1.87102333626e-08, 2.39148771897e-08, 1.24472609997e-09, 2.46383025093e-09, 2.0055916039e-08, 1.54847086264e-08, 2.69797162389e-08, 2.38810944353e-08, 4.31167386239e-08, 1.09148977856e-07, 1.09700238227e-07, 4.40849809991e-08, 1.83095067996e-08, 1.58107891224e-08, 6.90557087069e-08, 1.86004712077e-07, 5.04553625547e-08, 1.16553371399e-08, 3.06650420612e-08, 2.59037999939e-08, 8.59701021483e-09, 4.479180582e-09, 3.362140788e-09, 1.60846058694e-09, 1.20489751509e-09, 1.52705326162e-09, 1.06561903745e-09], "var": [9.24883210018e-08, 6.0607544583e-05, 1.2039811736e-05, 6.75706314723e-06, 0.000110318389488, 6.55236226521e-06, 1.89636318737e-06, 1.10666396722e-05, 1.09111233542e-05, 2.1351443138e-06, 7.18523210708e-07, 8.79856486335e-07, 1.27889848045e-06, 1.21666801078e-06, 1.06322306692e-06, 4.06983957646e-07, 4.50954667031e-06, 2.70778286904e-07, 1.13883679376e-07, 9.08774353547e-08, 6.48726796726e-08, 7.58430402925e-08, 5.730075614e-08, 5.85248791651e-08, 2.02627656876e-08, 1.88373205923e-09, 4.30128294093e-10]}, "barkbands_crest": {"dmean": 3.39862966537, "dmean2": 5.67951059341, "dvar": 9.2699136734, "dvar2": 25.2453632355, "max": 25.2475318909, "mean": 10.2074642181, "median": 9.41761684418, "min": 2.22242450714, "var": 18.0548782349}, "barkbands_flatness_db": {"dmean": 0.0207294356078, "dmean2": 0.0326842106879, "dvar": 0.000353526120307, "dvar2": 0.000870131712873, "max": 0.34466356039, "mean": 0.104564093053, "median": 0.0969631075859, "min": 0.0261654369533, "var": 0.00160817999858}, "barkbands_kurtosis": {"dmean": 2.37995743752, "dmean2": 3.8129940033, "dvar": 21.2936420441, "dvar2": 51.1366691589, "max": 135.625076294, "mean": 2.70618486404, "median": 0.551157474518, "min": -1.93323481083, "var": 52.6652336121}, "barkbands_skewness": {"dmean": 0.558392286301, "dmean2": 0.863178670406, "dvar": 0.307008385658, "dvar2": 0.734409511089, "max": 9.85414981842, "mean": 1.28198599815, "median": 1.09441661835, "min": -5.08679008484, "var": 1.36372065544}, "barkbands_spread": {"dmean": 6.34575128555, "dmean2": 9.86464691162, "dvar": 43.2970924377, "dvar2": 92.3542861938, "max": 110.866714478, "mean": 27.9634742737, "median": 27.0527000427, "min": 0.859601438046, "var": 176.504852295}, "dissonance": {"dmean": 0.0146716376767, "dmean2": 0.0250091534108, "dvar": 0.000218224493437, "dvar2": 0.00058981042821, "max": 0.500000119209, "mean": 0.475733876228, "median": 0.480978876352, "min": 0.243480414152, "var": 0.000441901182057}, "dynamic_complexity": 3.08028721809, "erbbands": {"dmean": [0.105095908046, 0.989660918713, 1.77385175228, 3.41849899292, 9.54379558563, 15.2427082062, 6.94271183014, 10.0462284088, 7.70021438599, 9.25479793549, 15.5534324646, 22.6166172028, 16.4247188568, 13.2540054321, 12.5618371964, 12.775346756, 18.0320777893, 15.1008119583, 17.5764045715, 14.5711183548, 19.9991207123, 22.9696960449, 12.9944992065, 9.18706417084, 8.40396308899, 6.17703342438, 4.44847917557, 4.64633798599, 3.36276268959, 2.74085068703, 1.82472467422, 1.08120763302, 0.641898453236, 0.375045537949, 0.181301951408, 0.0766397789121, 0.0416743941605, 0.0158529803157, 0.00181600451469, 7.12002074579e-05], "dmean2": [0.173784613609, 1.68268060684, 3.01492094994, 6.29848194122, 16.6441631317, 26.256231308, 11.9122152328, 17.4259185791, 12.9543676376, 14.5965185165, 24.6055183411, 35.0621604919, 26.1594314575, 22.4855175018, 21.0372943878, 21.0968952179, 29.5086479187, 24.2448043823, 27.6357822418, 23.3492355347, 32.5568466187, 37.2617988586, 21.4928627014, 15.5155096054, 14.5771589279, 10.5585794449, 7.6675362587, 7.85860538483, 5.51643562317, 4.52984333038, 2.88103294373, 1.6340829134, 0.942209422588, 0.524953424931, 0.266253441572, 0.117198914289, 0.0673375278711, 0.0262796040624, 0.0030113842804, 0.000115873408504], "dvar": [0.0272138733417, 4.38531351089, 15.0127058029, 88.5934829712, 571.949951172, 2360.01928711, 280.01449585, 704.891906738, 349.660919189, 684.692199707, 2786.52539063, 3022.34179688, 1843.31213379, 835.841796875, 533.614135742, 830.831665039, 1513.14868164, 1537.19116211, 1618.30932617, 747.514648438, 3100.47167969, 4079.49023438, 587.493591309, 263.938751221, 196.684844971, 113.895431519, 68.4949111938, 71.3851318359, 43.6629600525, 38.9902534485, 25.9677410126, 13.9200372696, 6.2743897438, 2.24436926842, 0.2299439013, 0.0267775282264, 0.00731444358826, 0.00121933745686, 1.55354337039e-05, 1.98478034008e-08], "dvar2": [0.0728720575571, 11.6160840988, 41.0706100464, 261.555847168, 1459.05761719, 6243.8125, 766.014282227, 1900.17810059, 933.00982666, 1570.55505371, 6792.54736328, 6416.51611328, 4191.56787109, 2120.0690918, 1381.63806152, 2036.8704834, 3715.06201172, 3842.140625, 3754.57543945, 1806.16992188, 7238.00195313, 9473.80664063, 1540.17468262, 718.69720459, 553.87097168, 307.692932129, 187.100708008, 194.49281311, 113.951828003, 101.357788086, 56.3848838806, 26.244884491, 11.7276525497, 4.11300373077, 0.436151862144, 0.057265765965, 0.0191722754389, 0.00319028901868, 4.00936114602e-05, 5.01234325156e-08], "max": [1.61150157452, 18.0588207245, 47.3797645569, 102.006813049, 204.684326172, 453.751373291, 221.783950806, 433.620758057, 334.096191406, 1105.11120605, 2417.8984375, 1354.5300293, 1373.65893555, 1444.02246094, 526.371704102, 833.027832031, 1355.02355957, 1089.96008301, 1309.84765625, 803.930786133, 2411.07763672, 2886.72973633, 500.805267334, 346.929595947, 263.025421143, 247.206481934, 112.753128052, 121.718482971, 101.394126892, 120.368370056, 208.848327637, 183.925003052, 98.5223922729, 73.1052474976, 25.8402862549, 6.94549512863, 0.801963925362, 0.289332300425, 0.0296902637929, 0.00128615973517], "mean": [0.150505155325, 1.17514252663, 2.21455192566, 3.31405210495, 8.29999923706, 13.2684059143, 8.14549541473, 10.9835567474, 9.95036029816, 13.0886096954, 25.8928966522, 38.1578598022, 24.0113830566, 17.9763965607, 18.2464027405, 19.4756698608, 27.7114257813, 24.6029052734, 29.3098640442, 26.9228820801, 30.312494278, 34.7941207886, 22.2507915497, 15.7858781815, 14.2484874725, 11.1520709991, 7.79112815857, 9.26140785217, 7.25992870331, 5.27052545547, 3.60263729095, 2.16685414314, 1.25538957119, 0.714833021164, 0.291011750698, 0.112849697471, 0.0444975979626, 0.0133955618367, 0.00149734003935, 7.98822875367e-05], "median": [0.100553229451, 0.634660243988, 1.14578056335, 1.53549027443, 2.1364543438, 3.05406284332, 3.31656265259, 4.39734268188, 4.31388473511, 4.80274343491, 6.2368516922, 10.8048763275, 8.55018997192, 7.86131477356, 8.32750606537, 7.549036026, 11.8214359283, 9.32970428467, 13.0222454071, 11.9576320648, 14.6852769852, 17.1561183929, 13.5696430206, 10.1713829041, 8.68303871155, 6.98788261414, 4.698969841, 5.39309597015, 3.8780169487, 2.84436440468, 1.71578085423, 1.08234453201, 0.640280485153, 0.3440079391, 0.116846248507, 0.0421157032251, 0.0106906313449, 0.00178115372546, 0.000172285610461, 3.24913489749e-05], "min": [9.24979588035e-07, 4.62501247966e-06, 5.52919800612e-06, 1.59234423336e-05, 1.90786449821e-05, 8.24977323646e-05, 0.000121784963994, 0.000134235349833, 0.000348842120729, 0.000360478879884, 0.000800870475359, 0.000982051948085, 0.00172472675331, 0.00516759045422, 0.0033850541804, 0.00178391905501, 0.000940651574638, 0.000512893137056, 0.00326417805627, 0.00284574204125, 0.0125598683953, 0.00310376775451, 0.000767091929447, 0.00115538865793, 0.00164417305496, 0.00131847138982, 0.000663592654746, 0.00014217622811, 0.000149355037138, 0.000160165393027, 8.58488419908e-05, 4.50018014817e-05, 2.3027525458e-05, 1.24039934235e-05, 9.44541534409e-06, 6.09438984611e-06, 2.75778234027e-06, 8.18292107851e-07, 1.75395996393e-07, 1.475580369e-08], "var": [0.0312459133565, 3.85001826286, 13.4748039246, 55.5151100159, 453.848846436, 1712.2545166, 252.025024414, 620.459533691, 397.503051758, 981.236572266, 6982.13037109, 8217.7421875, 3265.76245117, 1090.6192627, 863.979980469, 1768.33435059, 2837.79931641, 3142.12060547, 2864.76269531, 2021.60241699, 4228.61181641, 5919.94335938, 959.207275391, 401.654449463, 322.313934326, 209.645202637, 90.4378356934, 126.671081543, 87.6542739868, 61.5681800842, 56.7966041565, 33.7580032349, 13.5139942169, 4.79391670227, 0.472221970558, 0.0453509800136, 0.00661898218095, 0.000951690191869, 1.23327135952e-05, 1.72968572798e-08]}, "erbbands_crest": {"dmean": 2.73595929146, "dmean2": 4.47095012665, "dvar": 7.14195203781, "dvar2": 17.7813224792, "max": 32.2078018188, "mean": 8.52668094635, "median": 7.21844959259, "min": 2.28600907326, "var": 21.6803646088}, "erbbands_flatness_db": {"dmean": 0.0170337595046, "dmean2": 0.0244808718562, "dvar": 0.000266542512691, "dvar2": 0.00054541870486, "max": 0.391286194324, "mean": 0.138238251209, "median": 0.12898594141, "min": 0.0274513568729, "var": 0.00213178852573}, "erbbands_kurtosis": {"dmean": 0.849843740463, "dmean2": 1.35522127151, "dvar": 2.74345231056, "dvar2": 6.24151134491, "max": 62.4001312256, "mean": 0.244797199965, "median": -0.281150877476, "min": -1.79790389538, "var": 5.06047916412}, "erbbands_skewness": {"dmean": 0.356860220432, "dmean2": 0.555138289928, "dvar": 0.114134199917, "dvar2": 0.260494112968, "max": 6.14234447479, "mean": 0.012766151689, "median": 0.0129778254777, "min": -5.38655567169, "var": 0.518059492111}, "erbbands_spread": {"dmean": 7.77354621887, "dmean2": 11.910738945, "dvar": 57.2731781006, "dvar2": 123.945808411, "max": 137.308898926, "mean": 38.7394294739, "median": 36.9978103638, "min": 1.75061070919, "var": 249.735290527}, "gfcc": {"cov": [[4255.12988281, -92.6129989624, 458.489318848, 437.315979004, -70.0634155273, -44.9416007996, -329.585662842, -265.46472168, -195.921966553, -88.77293396, -193.150543213, 60.2750396729, 14.2326660156], [-92.6129989624, 757.860168457, 236.548614502, 181.814300537, 88.0934448242, -47.6888008118, -42.440776825, -108.191093445, 24.1367321014, -34.8146476746, 19.6682891846, -24.4756031036, 33.7616195679], [458.489318848, 236.548614502, 975.580932617, 176.302780151, 127.695037842, -18.5751857758, -71.3403625488, -96.259727478, -96.283706665, 57.5396881104, -45.2998161316, 43.1870384216, -34.4496307373], [437.315979004, 181.814300537, 176.302780151, 447.510925293, 38.7314834595, 42.5087623596, -75.6404800415, -43.6073379517, -6.53807210922, -35.5815658569, 13.6946697235, 4.00553798676, 43.2702140808], [-70.0634155273, 88.0934448242, 127.695037842, 38.7314834595, 260.336517334, 22.6668186188, 70.3450546265, 56.179271698, 15.769569397, 24.9577541351, 2.74936509132, 21.7284660339, -1.99237012863], [-44.9416007996, -47.6888008118, -18.5751857758, 42.5087623596, 22.6668186188, 166.578292847, 74.5979766846, 50.6794776917, 21.9732513428, 21.8407917023, 13.7642335892, -6.30669021606, 12.169793129], [-329.585662842, -42.440776825, -71.3403625488, -75.6404800415, 70.3450546265, 74.5979766846, 205.472915649, 106.228050232, 35.1766777039, 23.7994441986, 26.1121711731, 1.24035048485, -14.2312717438], [-265.46472168, -108.191093445, -96.259727478, -43.6073379517, 56.179271698, 50.6794776917, 106.228050232, 173.994308472, 79.5395889282, 30.0723953247, 13.3124513626, -1.93961143494, -1.26546621323], [-195.921966553, 24.1367321014, -96.283706665, -6.53807210922, 15.769569397, 21.9732513428, 35.1766777039, 79.5395889282, 129.148681641, 38.1529998779, 9.7596540451, -12.2896413803, 15.7319440842], [-88.77293396, -34.8146476746, 57.5396881104, -35.5815658569, 24.9577541351, 21.8407917023, 23.7994441986, 30.0723953247, 38.1529998779, 90.2258834839, 20.6410560608, -0.253747940063, -6.92502403259], [-193.150543213, 19.6682891846, -45.2998161316, 13.6946697235, 2.74936509132, 13.7642335892, 26.1121711731, 13.3124513626, 9.7596540451, 20.6410560608, 87.7685928345, 21.3430843353, 6.69070339203], [60.2750396729, -24.4756031036, 43.1870384216, 4.00553798676, 21.7284660339, -6.30669021606, 1.24035048485, -1.93961143494, -12.2896413803, -0.253747940063, 21.3430843353, 74.9362564087, 18.6042156219], [14.2326660156, 33.7616195679, -34.4496307373, 43.2702140808, -1.99237012863, 12.169793129, -14.2312717438, -1.26546621323, 15.7319440842, -6.92502403259, 6.69070339203, 18.6042156219, 70.7171020508]], "icov": [[0.00036228474346, 0.000114682399726, 7.56175313654e-06, -0.000384816317819, 3.7629979488e-05, -6.47545384709e-05, 0.000230361940339, 0.000257680512732, 0.000219204710447, -0.000176814937731, 0.000863898778334, -0.00050134875346, 0.000158731621923], [0.000114682399726, 0.0025544562377, -0.000850071257446, -0.000362522754585, -0.00103596411645, 0.000764271011576, -0.000754900567699, 0.00272026401944, -0.00262923724949, 0.00228286231868, -0.00162459444255, 0.0020553781651, -0.00127742765471], [7.56175313654e-06, -0.000850071257446, 0.00206183549017, -0.000831632292829, -0.000289106363198, -6.58904464217e-05, 0.000367248547263, -0.000343635620084, 0.00222191750072, -0.00319338194095, 0.00224467529915, -0.0020226968918, 0.00150128977839], [-0.000384816317819, -0.000362522754585, -0.000831632292829, 0.00397287495434, -0.000690219458193, -0.00165175856091, 0.00155705877114, -0.000295387406368, -0.0010996380588, 0.00282725761645, -0.00273540616035, 0.00149785284884, -0.00162641087081], [3.7629979488e-05, -0.00103596411645, -0.000289106363198, -0.000690219458193, 0.00558521505445, 0.000280706124613, -0.00150342797861, -0.00228100945242, 0.00120927440003, -0.00175500556361, 0.00161973049399, -0.00219239806756, 0.000516834727023], [-6.47545384709e-05, 0.000764271011576, -6.58904464217e-05, -0.00165175856091, 0.000280706124613, 0.00876873545349, -0.00371544808149, -0.000241154062678, 0.000245152827119, -0.00174507591873, -0.000212535494938, 0.00180745997932, -0.0023072254844], [0.000230361940339, -0.000754900567699, 0.000367248547263, 0.00155705877114, -0.00150342797861, -0.00371544808149, 0.0101333102211, -0.00478946743533, 0.00149710988626, 0.000368169217836, -0.0012516604038, -0.000820241344627, 0.00212801015005], [0.000257680512732, 0.00272026401944, -0.000343635620084, -0.000295387406368, -0.00228100945242, -0.000241154062678, -0.00478946743533, 0.0148151349276, -0.0083569670096, 0.00209246692248, -0.000646282336675, 0.000859123189002, -0.000159567178343], [0.000219204710447, -0.00262923724949, 0.00222191750072, -0.0010996380588, 0.00120927440003, 0.000245152827119, 0.00149710988626, -0.0083569670096, 0.0172323975712, -0.00890069175512, 0.00359789305367, -0.000616379780695, -0.0017734374851], [-0.000176814937731, 0.00228286231868, -0.00319338194095, 0.00282725761645, -0.00175500556361, -0.00174507591873, 0.000368169217836, 0.00209246692248, -0.00890069175512, 0.0206114090979, -0.00787559524179, 0.0039052371867, -0.000261270732153], [0.000863898778334, -0.00162459444255, 0.00224467529915, -0.00273540616035, 0.00161973049399, -0.000212535494938, -0.0012516604038, -0.000646282336675, 0.00359789305367, -0.00787559524179, 0.0189908631146, -0.00819221697748, 0.00197453307919], [-0.00050134875346, 0.0020553781651, -0.0020226968918, 0.00149785284884, -0.00219239806756, 0.00180745997932, -0.000820241344627, 0.000859123189002, -0.000616379780695, 0.0039052371867, -0.00819221697748, 0.0204057916999, -0.00737845059484], [0.000158731621923, -0.00127742765471, 0.00150128977839, -0.00162641087081, 0.000516834727023, -0.0023072254844, 0.00212801015005, -0.000159567178343, -0.0017734374851, -0.000261270732153, 0.00197453307919, -0.00737845059484, 0.0194055326283]], "mean": [7.0422205925, 76.9597854614, -119.981956482, 36.1284408569, -50.6388816833, 17.1876163483, -29.6166667938, 11.3417463303, -15.7061100006, 3.05148625374, -16.0709857941, 2.11145281792, -10.2744531631]}, "hfc": {"dmean": 7.46438074112, "dmean2": 11.6466999054, "dvar": 159.187637329, "dvar2": 402.128387451, "max": 226.27911377, "mean": 18.5070228577, "median": 14.0469207764, "min": 0.00143742293585, "var": 282.506072998}, "melbands": {"dmean": [0.00105435005389, 0.0010357988067, 0.00065935292514, 0.001055314322, 0.000291866599582, 0.000214532497921, 0.000113923539175, 0.000107649379061, 0.000139243711601, 0.000135064212373, 8.00475827418e-05, 5.36912266398e-05, 4.48739592684e-05, 3.31346564053e-05, 4.21643562731e-05, 3.14544267894e-05, 3.03201595671e-05, 2.99320236081e-05, 2.36712876358e-05, 1.99145742954e-05, 2.8727159588e-05, 2.94060046144e-05, 1.86053475772e-05, 9.33960382099e-06, 7.98277687863e-06, 6.2907110987e-06, 5.90412219026e-06, 3.97683652409e-06, 2.94272672363e-06, 2.79491314359e-06, 3.1054230476e-06, 2.06435584005e-06, 2.05132528208e-06, 1.36877963541e-06, 1.17476099604e-06, 8.47251442337e-07, 6.40178825506e-07, 4.8873414471e-07, 3.93086111217e-07, 3.10963542915e-07], "dmean2": [0.0017597413389, 0.00173515605275, 0.00120020471513, 0.00181728566531, 0.000502028735355, 0.000370999478037, 0.000190201913938, 0.000168651429703, 0.000219854759052, 0.000210282232729, 0.000128081388539, 9.08701767912e-05, 7.61858609621e-05, 5.43878268218e-05, 6.90098167979e-05, 5.18157758052e-05, 4.8746347602e-05, 4.74186817883e-05, 3.70964407921e-05, 3.29266804329e-05, 4.67426580144e-05, 4.73929321743e-05, 3.09802562697e-05, 1.55349789566e-05, 1.35797999974e-05, 1.07694986582e-05, 1.02897583929e-05, 6.76625131746e-06, 5.09376332047e-06, 4.79629579786e-06, 5.28139526068e-06, 3.40001611221e-06, 3.47839863934e-06, 2.26116389968e-06, 1.89227898773e-06, 1.31310753204e-06, 9.83738232208e-07, 7.3218052421e-07, 5.81627148222e-07, 4.39619299186e-07], "dvar": [3.65821529158e-06, 4.63209380541e-06, 2.50786524703e-06, 1.00406487036e-05, 6.00595399192e-07, 3.08898847834e-07, 7.30829228246e-08, 9.98407330144e-08, 1.8371446231e-07, 1.06966766111e-07, 4.4806093058e-08, 1.30024231382e-08, 7.7314856739e-09, 6.33853503018e-09, 8.932176776e-09, 3.9749301628e-09, 6.67974076052e-09, 4.7340322773e-09, 2.95275759399e-09, 1.23526178175e-09, 9.33236155021e-09, 8.92653240214e-09, 1.50721635173e-09, 2.47926623675e-10, 2.14344000882e-10, 1.094137142e-10, 1.13406943558e-10, 5.76779145278e-11, 3.02733671464e-11, 2.37539467263e-11, 3.43706070549e-11, 1.49668766963e-11, 2.21585354232e-11, 8.88684525274e-12, 1.04170092691e-11, 7.30736304799e-12, 5.20938153725e-12, 3.72544746788e-12, 2.64719171063e-12, 1.40503505098e-12], "dvar2": [9.66161769611e-06, 1.20967879411e-05, 7.3274100032e-06, 2.58548825514e-05, 1.64393907198e-06, 8.3196681544e-07, 1.92763806695e-07, 2.25379963581e-07, 4.42699416681e-07, 2.3040743713e-07, 1.01830671895e-07, 3.28717035813e-08, 2.03819148226e-08, 1.54352868265e-08, 2.17109707989e-08, 9.85617720772e-09, 1.66116720379e-08, 1.11559712579e-08, 6.71937794294e-09, 3.08462877463e-09, 2.12455173454e-08, 2.01602183836e-08, 4.05259203973e-09, 6.48009368387e-10, 5.89434390186e-10, 3.14896192455e-10, 3.09800379794e-10, 1.54201817981e-10, 8.292054543e-11, 6.40380873329e-11, 9.53678108706e-11, 3.92778969072e-11, 5.98572372223e-11, 2.22877653833e-11, 2.34535949689e-11, 1.49822619588e-11, 9.8936900339e-12, 7.14614305231e-12, 5.35076410263e-12, 2.53069809032e-12], "max": [0.0174449365586, 0.0219433177263, 0.0165032371879, 0.0283004585654, 0.00940547604114, 0.00879685115069, 0.00482435524464, 0.0130736893043, 0.0193680860102, 0.00733432779089, 0.00665384205058, 0.00538650853559, 0.00237917527556, 0.00310010509565, 0.0033749025315, 0.00150116311852, 0.00248186569661, 0.00199430226348, 0.00248960684985, 0.00118494452909, 0.00457691121846, 0.00476609962061, 0.00134595890995, 0.000256144994637, 0.00031407183269, 0.000278690567939, 0.000255717575783, 0.00024028820917, 0.000102660589619, 5.37355554115e-05, 8.79571089172e-05, 6.77332791383e-05, 8.10037236079e-05, 6.26993205515e-05, 0.000109580047138, 0.000134894042276, 9.59999888437e-05, 6.85952909407e-05, 6.76559066051e-05, 6.27778717899e-05], "mean": [0.0014332261635, 0.00133584567811, 0.000647963955998, 0.000908163492568, 0.000326763489284, 0.000239428918576, 0.000149897212395, 0.000150726336869, 0.000235595085542, 0.000221048045205, 0.000112068017188, 7.05765924067e-05, 6.03732660238e-05, 4.72045212518e-05, 6.3729188696e-05, 4.82847062813e-05, 4.62343778054e-05, 4.67703903269e-05, 3.85381208616e-05, 3.23312451656e-05, 3.93036825699e-05, 4.04373167839e-05, 2.76964274235e-05, 1.52153870658e-05, 1.22816172734e-05, 1.02175063148e-05, 9.29099496716e-06, 6.90119486535e-06, 4.77439016322e-06, 4.71783187095e-06, 5.82189295528e-06, 4.30014051744e-06, 3.5262480651e-06, 2.60527144746e-06, 2.1413286504e-06, 1.64046025475e-06, 1.2057304275e-06, 8.99840756574e-07, 7.36468564355e-07, 5.60471562494e-07], "median": [0.000956581206992, 0.000744939781725, 0.000297632272122, 0.000202425260795, 0.000126470520627, 9.76012961473e-05, 6.36358454358e-05, 4.98582739965e-05, 5.5800381233e-05, 6.43017847324e-05, 3.64017032553e-05, 2.94030160148e-05, 2.59159787674e-05, 1.87050372915e-05, 2.40156368818e-05, 2.13674247789e-05, 1.49365496327e-05, 1.91594554053e-05, 1.48049202835e-05, 1.52554057422e-05, 1.58785915119e-05, 1.6620651877e-05, 1.42438802868e-05, 8.71785141499e-06, 7.36562651582e-06, 5.87527756579e-06, 5.36689958608e-06, 4.04977390644e-06, 2.77880167232e-06, 2.56943030763e-06, 3.23222593579e-06, 2.24319683184e-06, 1.76260959961e-06, 1.37486767926e-06, 9.68594349615e-07, 7.77836248744e-07, 5.92189792314e-07, 4.30318550571e-07, 3.75995057311e-07, 2.55491301004e-07], "min": [8.35074409622e-09, 6.56629284279e-09, 2.67751887328e-09, 3.34898153653e-09, 4.43462022659e-09, 3.13955195175e-09, 5.43686207166e-09, 3.76748499065e-09, 7.60867013838e-09, 5.64595525887e-09, 8.75194050565e-09, 2.10104520448e-08, 1.3342829952e-08, 5.3817759138e-09, 4.02728472793e-09, 1.02627251142e-09, 7.32646610047e-10, 4.82126649715e-09, 4.69960292904e-09, 4.61521176831e-09, 1.71951377581e-08, 3.27380922371e-09, 7.96130827929e-10, 4.54695975316e-10, 1.02276720426e-09, 9.04208041774e-10, 1.2602388022e-09, 7.95271459797e-10, 5.39816968903e-10, 9.4408668383e-11, 7.48490228131e-11, 9.12685413357e-11, 7.88770437854e-11, 8.82176345862e-11, 4.33430895341e-11, 3.50771980906e-11, 2.48307711198e-11, 1.18451923617e-11, 1.76672773633e-11, 8.2680910729e-12], "var": [3.63360095434e-06, 4.45454497822e-06, 1.63672427789e-06, 7.6461228673e-06, 4.88473233418e-07, 2.77510991964e-07, 8.76306174291e-08, 1.54843448286e-07, 4.63060700895e-07, 2.7351043741e-07, 7.83000189131e-08, 1.74839591693e-08, 1.13184661643e-08, 1.1397789379e-08, 1.79242309883e-08, 7.2206871593e-09, 1.36428246478e-08, 7.9854691748e-09, 5.70444180781e-09, 2.55084087186e-09, 1.23173782285e-08, 1.25053905009e-08, 2.024454826e-09, 4.16912337986e-10, 3.04023084485e-10, 1.86319390472e-10, 1.7323908974e-10, 1.06717988613e-10, 4.02599412141e-11, 3.4488883971e-11, 5.5874083138e-11, 3.13849467248e-11, 2.86656566539e-11, 1.57679338336e-11, 2.03870566262e-11, 1.725416858e-11, 1.17657992724e-11, 7.60146199458e-12, 5.04766107384e-12, 3.04041080507e-12]}, "melbands_crest": {"dmean": 3.97900223732, "dmean2": 6.63297224045, "dvar": 12.3571910858, "dvar2": 33.8704986572, "max": 33.7081222534, "mean": 14.1398630142, "median": 13.5534563065, "min": 3.63300442696, "var": 26.474319458}, "melbands_flatness_db": {"dmean": 0.0266546793282, "dmean2": 0.0420037470758, "dvar": 0.000592377677094, "dvar2": 0.00146267132368, "max": 0.453790068626, "mean": 0.171393185854, "median": 0.162682533264, "min": 0.0314428657293, "var": 0.00298607768491}, "melbands_kurtosis": {"dmean": 6.30497312546, "dmean2": 10.1633424759, "dvar": 101.970146179, "dvar2": 257.93572998, "max": 226.330871582, "mean": 10.698800087, "median": 5.7692565918, "min": -1.87348008156, "var": 241.906494141}, "melbands_skewness": {"dmean": 0.778666377068, "dmean2": 1.21724557877, "dvar": 0.604579508305, "dvar2": 1.48574137688, "max": 11.718791008, "mean": 2.47689032555, "median": 2.2457036972, "min": -2.72987771034, "var": 2.34488272667}, "melbands_spread": {"dmean": 8.7990064621, "dmean2": 13.7457132339, "dvar": 88.9325714111, "dvar2": 200.70249939, "max": 204.178482056, "mean": 29.6181087494, "median": 26.6322593689, "min": 0.928904950619, "var": 328.363739014}, "mfcc": {"cov": [[4351.46728516, -404.531616211, 314.429656982, 327.633880615, 146.909744263, 130.743560791, -172.305862427, -117.396713257, -68.4684677124, -252.862991333, -217.571090698, -47.9647293091, -76.0911331177], [-404.531616211, 626.289245605, 146.913497925, 102.882469177, 78.4255142212, 29.7925987244, 11.9576530457, -42.3092689514, -5.87483882904, -27.8481941223, 1.17983853817, 0.189962387085, 22.6328372955], [314.429656982, 146.913497925, 703.927185059, 239.390945435, 140.109939575, 102.697875977, 1.51541757584, -93.1531677246, -42.8675842285, -89.6141967773, -57.9269485474, 10.0802955627, 27.9834213257], [327.633880615, 102.882469177, 239.390945435, 336.672363281, 159.695220947, 51.8337402344, 4.03856658936, -15.8070230484, -6.79844760895, -61.221572876, -44.4689064026, 11.3814945221, 25.2081165314], [146.909744263, 78.4255142212, 140.109939575, 159.695220947, 205.759475708, 46.3803825378, 7.47084712982, -13.8336639404, 23.2965869904, -22.2379970551, -13.8331842422, 8.09129524231, 17.7808132172], [130.743560791, 29.7925987244, 102.697875977, 51.8337402344, 46.3803825378, 128.60710144, 41.8858718872, -3.32551550865, 6.10138893127, -6.26502180099, -14.1084842682, 11.0604400635, 4.93021583557], [-172.305862427, 11.9576530457, 1.51541757584, 4.03856658936, 7.47084712982, 41.8858718872, 160.032531738, 64.4313812256, 16.9995136261, 23.7416820526, 18.9128475189, 24.3837184906, 17.6531391144], [-117.396713257, -42.3092689514, -93.1531677246, -15.8070230484, -13.8336639404, -3.32551550865, 64.4313812256, 126.868667603, 54.4030151367, 32.4799232483, 30.5259418488, 16.7210102081, 4.95862197876], [-68.4684677124, -5.87483882904, -42.8675842285, -6.79844760895, 23.2965869904, 6.10138893127, 16.9995136261, 54.4030151367, 120.796012878, 64.3352355957, 28.5533981323, 18.0225811005, 0.915626704693], [-252.862991333, -27.8481941223, -89.6141967773, -61.221572876, -22.2379970551, -6.26502180099, 23.7416820526, 32.4799232483, 64.3352355957, 137.408966064, 54.4620933533, 12.0129232407, 6.50478935242], [-217.571090698, 1.17983853817, -57.9269485474, -44.4689064026, -13.8331842422, -14.1084842682, 18.9128475189, 30.5259418488, 28.5533981323, 54.4620933533, 103.345405579, 27.7870693207, 3.4571993351], [-47.9647293091, 0.189962387085, 10.0802955627, 11.3814945221, 8.09129524231, 11.0604400635, 24.3837184906, 16.7210102081, 18.0225811005, 12.0129232407, 27.7870693207, 82.024269104, 29.8793048859], [-76.0911331177, 22.6328372955, 27.9834213257, 25.2081165314, 17.7808132172, 4.93021583557, 17.6531391144, 4.95862197876, 0.915626704693, 6.50478935242, 3.4571993351, 29.8793048859, 67.4796142578]], "icov": [[0.00034482308547, 0.000292601238471, 1.81597170013e-06, -0.000273049809039, -1.11462777568e-05, -0.000344430940459, 0.000297343038255, 0.00010987962014, -0.000169565246324, 0.000431115709944, 0.000297117454465, -6.32454975857e-05, 0.000307703827275], [0.000292601238471, 0.00205072481185, -0.000125383754494, -0.000536825333256, -0.000230248260777, -0.000308453018079, -0.000142769160448, 0.000909118214622, -0.000512167229317, 0.00076121854363, -0.000384850456612, 0.000411233864725, -0.000280391861452], [1.81597170013e-06, -0.000125383754494, 0.00233446154743, -0.00114777020644, -0.000144552745041, -0.00110429537017, -0.000353649753379, 0.00160086958203, -0.00019473208522, 0.000740160350688, -6.10960632912e-05, -7.04333579051e-05, -0.000435955240391], [-0.000273049809039, -0.000536825333256, -0.00114777020644, 0.00615144195035, -0.00362687557936, 0.000214419880649, 0.000274920283118, -0.00163264595903, 0.000739653536584, 0.000420820724685, 0.00117901642807, -0.000624475593213, -0.000796272710431], [-1.11462777568e-05, -0.000230248260777, -0.000144552745041, -0.00362687557936, 0.0087389620021, -0.00129590148572, -0.000358564488124, 0.00165936665144, -0.00302786985412, 0.00104031525552, -0.00100029725581, 0.000866074464284, -0.00114811619278], [-0.000344430940459, -0.000308453018079, -0.00110429537017, 0.000214419880649, -0.00129590148572, 0.0107535691932, -0.00334840477444, 0.000868768896908, -0.000456853536889, -0.000909480440896, 0.00128832983319, -0.00116792286281, 0.0010058383923], [0.000297343038255, -0.000142769160448, -0.000353649753379, 0.000274920283118, -0.000358564488124, -0.00334840477444, 0.00994499679655, -0.00569118233398, 0.00220172456466, -0.00116522575263, 0.000270537508186, -0.00124395778403, -0.000797820801381], [0.00010987962014, 0.000909118214622, 0.00160086958203, -0.00163264595903, 0.00165936665144, 0.000868768896908, -0.00569118233398, 0.0150502705947, -0.00656997878104, 0.00236727716401, -0.00219214474782, 0.000492004095577, -0.000597387261223], [-0.000169565246324, -0.000512167229317, -0.00019473208522, 0.000739653536584, -0.00302786985412, -0.000456853536889, 0.00220172456466, -0.00656997878104, 0.0152133926749, -0.00694635603577, 0.00100136350375, -0.0025476985611, 0.00206300499849], [0.000431115709944, 0.00076121854363, 0.000740160350688, 0.000420820724685, 0.00104031525552, -0.000909480440896, -0.00116522575263, 0.00236727716401, -0.00694635603577, 0.0137250125408, -0.00472300872207, 0.00187600648496, -0.00212761224248], [0.000297117454465, -0.000384850456612, -6.10960632912e-05, 0.00117901642807, -0.00100029725581, 0.00128832983319, 0.000270537508186, -0.00219214474782, 0.00100136350375, -0.00472300872207, 0.0149253541604, -0.00509046856314, 0.00223979819566], [-6.32454975857e-05, 0.000411233864725, -7.04333579051e-05, -0.000624475593213, 0.000866074464284, -0.00116792286281, -0.00124395778403, 0.000492004095577, -0.0025476985611, 0.00187600648496, -0.00509046856314, 0.0172713175416, -0.00733339646831], [0.000307703827275, -0.000280391861452, -0.000435955240391, -0.000796272710431, -0.00114811619278, 0.0010058383923, -0.000797820801381, -0.000597387261223, 0.00206300499849, -0.00212761224248, 0.00223979819566, -0.00733339646831, 0.0195297114551]], "mean": [-634.510131836, 107.005851746, -6.39719200134, 23.3498859406, 4.45252799988, 9.96541118622, -0.858132243156, 9.01241397858, 5.04971551895, 3.85895252228, 3.45321655273, 1.59059035778, -0.907573282719]}, "pitch_salience": {"dmean": 0.0901060774922, "dmean2": 0.15224263072, "dvar": 0.00706740282476, "dvar2": 0.0209848433733, "max": 0.888259470463, "mean": 0.545252501965, "median": 0.547878265381, "min": 0.12633472681, "var": 0.0120798647404}, "silence_rate_20dB": {"dmean": 0, "dmean2": 0, "dvar": 0, "dvar2": 0, "max": 1, "mean": 1, "median": 1, "min": 1, "var": 0}, "silence_rate_30dB": {"dmean": 0.00191554205958, "dmean2": 0.00383141753264, "dvar": 0.00191193120554, "dvar2": 0.00555863929912, "max": 1, "mean": 0.998955249786, "median": 1, "min": 0, "var": 0.00104359118268}, "silence_rate_60dB": {"dmean": 0.0168915968388, "dmean2": 0.033786136657, "dvar": 0.0166058074683, "dvar2": 0.0375226251781, "max": 1, "mean": 0.0557200051844, "median": 0, "min": 0, "var": 0.0526157356799}, "spectral_centroid": {"dmean": 268.045623779, "dmean2": 421.54498291, "dvar": 69552.9765625, "dvar2": 149580.015625, "max": 4865.90625, "mean": 1658.9375, "median": 1640.37890625, "min": 223.166412354, "var": 367361.46875}, "spectral_complexity": {"dmean": 4.4969959259, "dmean2": 6.77986764908, "dvar": 27.2541770935, "dvar2": 58.3317604065, "max": 53, "mean": 20.2688484192, "median": 20, "min": 0, "var": 105.319572449}, "spectral_contrast_coeffs": {"dmean": [0.0614847615361, 0.0483319722116, 0.0404712110758, 0.0307246614248, 0.0227730292827, 0.0173059944063], "dmean2": [0.100228093565, 0.0802798718214, 0.0653159469366, 0.0496245920658, 0.0368358418345, 0.0280160587281], "dvar": [0.00341608840972, 0.00154756277334, 0.00104875396937, 0.00061022688169, 0.000356082106009, 0.000262578047113], "dvar2": [0.0081097567454, 0.00412113685161, 0.00265969079919, 0.0015127240913, 0.000878820195794, 0.00064932735404], "max": [-0.253768235445, -0.292054951191, -0.506615757942, -0.558833837509, -0.590499579906, -0.612443387508], "mean": [-0.697407603264, -0.760089635849, -0.780283153057, -0.78678137064, -0.785811960697, -0.747375309467], "median": [-0.714583039284, -0.770131826401, -0.789175868034, -0.793341398239, -0.787590265274, -0.743234753609], "min": [-0.934159040451, -0.960525810719, -0.938840568066, -0.936872422695, -0.896504223347, -0.944105148315], "var": [0.00885577592999, 0.00505153648555, 0.0038600305561, 0.00262863072567, 0.00182372424752, 0.00129132729489]}, "spectral_contrast_valleys": {"dmean": [0.407653063536, 0.398748159409, 0.399250239134, 0.303989589214, 0.269270062447, 0.26800391078], "dmean2": [0.671335101128, 0.650508821011, 0.635733127594, 0.468383163214, 0.410878121853, 0.360091805458], "dvar": [0.115122802556, 0.124839887023, 0.166618391871, 0.0942236557603, 0.108615793288, 0.120037429035], "dvar2": [0.299650579691, 0.316576063633, 0.408213704824, 0.201542377472, 0.236213982105, 0.234567329288], "max": [-5.12185001373, -4.55771970749, -5.07636499405, -5.66255521774, -5.64060592651, -7.36484861374], "mean": [-7.16342639923, -6.77885246277, -7.19316673279, -7.43847322464, -7.38325452805, -9.97190570831], "median": [-6.88615560532, -6.67411231995, -7.20467185974, -7.38749647141, -7.2705411911, -9.85292625427], "min": [-12.1123256683, -11.1535453796, -10.740945816, -11.2389249802, -11.4539995193, -13.1201200485], "var": [1.22430026531, 0.563995957375, 0.425858289003, 0.383139193058, 0.487746834755, 0.620136082172]}, "spectral_decrease": {"dmean": 2.95807622841e-09, "dmean2": 4.78464734499e-09, "dvar": 2.68181185925e-17, "dvar2": 6.59458824574e-17, "max": -1.98865175629e-13, "mean": -5.49596279598e-09, "median": -3.80321196758e-09, "min": -4.44165095814e-08, "var": 3.04994792913e-17}, "spectral_energy": {"dmean": 0.0117218717933, "dmean2": 0.0189158022404, "dvar": 0.000420582218794, "dvar2": 0.00103604339529, "max": 0.177437752485, "mean": 0.0224216207862, "median": 0.0157326236367, "min": 8.80942991444e-07, "var": 0.000485842261696}, "spectral_energyband_high": {"dmean": 0.000358452700311, "dmean2": 0.000558304251172, "dvar": 5.15233807619e-07, "dvar2": 1.23172674193e-06, "max": 0.0159694328904, "mean": 0.000822305155452, "median": 0.000503809307702, "min": 3.48556383756e-08, "var": 1.08356789497e-06}, "spectral_energyband_low": {"dmean": 0.0053747324273, "dmean2": 0.00888687279075, "dvar": 0.000108811924292, "dvar2": 0.000273621641099, "max": 0.0927363410592, "mean": 0.00795500352979, "median": 0.00511918915436, "min": 4.74877097645e-08, "var": 0.000116219329357}, "spectral_energyband_middle_high": {"dmean": 0.00207954109646, "dmean2": 0.00333545915782, "dvar": 1.09025850179e-05, "dvar2": 2.67261821136e-05, "max": 0.0934564992785, "mean": 0.00496011273935, "median": 0.00351468403824, "min": 6.53501558645e-07, "var": 2.46596828219e-05}, "spectral_energyband_middle_low": {"dmean": 0.00701236212626, "dmean2": 0.0116900941357, "dvar": 0.000238721870119, "dvar2": 0.000606136047281, "max": 0.144362419844, "mean": 0.00946789979935, "median": 0.00469492096454, "min": 1.47520779592e-07, "var": 0.000226275500609}, "spectral_entropy": {"dmean": 0.122894473374, "dmean2": 0.186106160283, "dvar": 0.0154379336163, "dvar2": 0.032496470958, "max": 8.77638244629, "mean": 7.79223871231, "median": 7.8449048996, "min": 5.63985729218, "var": 0.0839149653912}, "spectral_flux": {"dmean": 0.0287102013826, "dmean2": 0.0441712774336, "dvar": 0.00161833886523, "dvar2": 0.00316826254129, "max": 0.371368438005, "mean": 0.0859559997916, "median": 0.0703318715096, "min": 0.00580530473962, "var": 0.00317219388671}, "spectral_kurtosis": {"dmean": 1.04140102863, "dmean2": 1.75960528851, "dvar": 1.4202466011, "dvar2": 3.95684146881, "max": 19.8951950073, "mean": 3.73105502129, "median": 3.33026504517, "min": -1.17844581604, "var": 4.02274179459}, "spectral_rms": {"dmean": 0.00101743813138, "dmean2": 0.00157622585539, "dvar": 1.93253868019e-06, "dvar2": 4.41925885752e-06, "max": 0.0131571274251, "mean": 0.00426504621282, "median": 0.00391776766628, "min": 2.93164903269e-05, "var": 3.68413793694e-06}, "spectral_rolloff": {"dmean": 502.892150879, "dmean2": 827.804077148, "dvar": 501566.46875, "dvar2": 1059284.75, "max": 14362.6464844, "mean": 1693.42956543, "median": 1593.45703125, "min": 64.599609375, "var": 1470922.125}, "spectral_skewness": {"dmean": 0.166771009564, "dmean2": 0.269161820412, "dvar": 0.0292313527316, "dvar2": 0.0730284973979, "max": 3.58186459541, "mean": 1.3959723711, "median": 1.34714460373, "min": -0.0807869583368, "var": 0.13105276227}, "spectral_spread": {"dmean": 444065.59375, "dmean2": 630282.1875, "dvar": 282082672640, "dvar2": 518799818752, "max": 21037330, "mean": 4611842.5, "median": 4469590.5, "min": 2120125, "var": 13109