{"lowlevel": {"average_loudness": 0.59582555294, "barkbands": {"dmean": [8.18235057523e-05, 0.00135682278778, 0.000955097086262, 0.000378498487407, 0.000996163347736, 0.0014221239835, 0.00108680210542, 0.000330884126015, 0.000719185103662, 0.000472509069368, 0.000458800088381, 0.000526309595443, 0.000434566900367, 0.00037269454333, 0.000214842119021, 8.08937547845e-05, 4.29434694524e-05, 5.42367924936e-05, 8.07440592325e-05, 3.24330030708e-05, 2.00287213374e-05, 1.91853268916e-05, 2.129461609e-05, 2.35397892538e-05, 1.62585201906e-05, 4.92377830597e-06, 6.5254761239e-07], "dmean2": [8.92633906915e-05, 0.00222114543431, 0.00164582999423, 0.000630970578641, 0.00163570069708, 0.00216660206206, 0.00151992111932, 0.000493300787639, 0.00105065235402, 0.000650401343592, 0.000653642695397, 0.000711087719537, 0.000617690209765, 0.00052853761008, 0.000302914850181, 0.000124083788251, 6.79064542055e-05, 7.94361694716e-05, 0.000111487344839, 5.16372419952e-05, 3.34809592459e-05, 3.16289697366e-05, 3.17435114994e-05, 3.42363528034e-05, 2.37429358094e-05, 7.29683461032e-06, 1.06698496438e-06], "dvar": [1.61128070886e-08, 1.89201891772e-05, 7.99161261966e-06, 1.08314679892e-06, 4.85101327286e-06, 9.62680587691e-06, 1.08070316855e-05, 2.74109788734e-06, 5.84053168495e-06, 3.64775905837e-06, 3.03072715724e-06, 4.97975634062e-06, 2.89077479465e-06, 1.55958389314e-06, 9.66318452811e-07, 3.76760937115e-07, 2.9552889913e-08, 6.01612057949e-08, 1.02431449989e-07, 1.0040012377e-08, 5.00463226416e-09, 5.84502490852e-09, 5.27075005863e-09, 7.6001418492e-09, 2.64502908465e-09, 1.70149033751e-10, 6.03494901621e-12], "dvar2": [1.76234635774e-08, 4.76799723401e-05, 2.28366970987e-05, 3.07431650981e-06, 1.30252610688e-05, 2.15908748942e-05, 1.94701060536e-05, 5.84661347602e-06, 1.27644589156e-05, 6.45343970973e-06, 5.3021030908e-06, 9.17320085136e-06, 5.47251420357e-06, 2.81138318314e-06, 1.70099781371e-06, 8.5340292344e-07, 6.97660311744e-08, 1.37885677987e-07, 1.8133572155e-07, 2.39405100189e-08, 1.29065549359e-08, 1.49367878066e-08, 1.07268229854e-08, 1.4303161322e-08, 5.38718891718e-09, 3.65299346328e-10, 1.46870033496e-11], "max": [0.00518439756706, 0.0452460162342, 0.0647575855255, 0.0253703054041, 0.0471565723419, 0.0814686715603, 0.104857116938, 0.0674788430333, 0.0659238621593, 0.0744567811489, 0.0462610907853, 0.0647802427411, 0.044226963073, 0.0330959968269, 0.0417573414743, 0.0349429249763, 0.00558737572283, 0.0119867343456, 0.0160226281732, 0.00363033008762, 0.00248160515912, 0.00265229772776, 0.00363596971147, 0.00558598153293, 0.00180499663111, 0.000297735241475, 3.53047907993e-05], "mean": [0.000253431528108, 0.00165030406788, 0.00160199112725, 0.000654024130199, 0.00183700991329, 0.00304290372878, 0.0027527322527, 0.000604826840572, 0.00134179019369, 0.000872987438925, 0.000887570902705, 0.000973372661974, 0.000876084086485, 0.000647251436021, 0.000388162879972, 0.000129708569148, 6.13244919805e-05, 9.83766585705e-05, 0.000200815455173, 4.92314065923e-05, 2.78330244328e-05, 2.58814779954e-05, 3.46502638422e-05, 3.79337689083e-05, 2.46327854256e-05, 7.18537467037e-06, 6.18554679477e-07], "median": [0.000141591735883, 0.000686087179929, 0.000916121876799, 0.000255689490587, 0.000834785518236, 0.00126907590311, 0.00052903505275, 5.35394865437e-05, 0.000125116537674, 7.50848412281e-05, 7.69033722463e-05, 5.72496755922e-05, 5.91419739067e-05, 5.46800401935e-05, 3.07975351461e-05, 1.59057835845e-05, 1.08962476588e-05, 1.237610104e-05, 1.63978693308e-05, 1.10238570414e-05, 6.74479178997e-06, 4.92012713948e-06, 8.06683237897e-06, 7.52524510972e-06, 3.72720205633e-06, 1.89358593161e-06, 6.2379271526e-08], "min": [1.17003770576e-24, 7.64509084621e-24, 3.29690097512e-24, 9.87086662346e-24, 1.15924025101e-23, 2.05097840015e-23, 3.07825894556e-23, 2.02447614472e-23, 5.9526156487e-23, 7.37431339386e-23, 5.50949165231e-23, 4.25116258299e-23, 1.11512027032e-22, 8.31547620307e-23, 7.62931615246e-23, 1.57631877399e-22, 1.14485338447e-22, 1.36325716226e-22, 2.0591643782e-22, 2.74714612952e-22, 3.15332745417e-22, 4.19173926873e-22, 4.91700914974e-22, 5.77586183344e-22, 1.00617383352e-21, 1.69224028105e-21, 2.23282563152e-21], "var": [1.10121511909e-07, 1.5923194951e-05, 6.88890668243e-06, 1.62735398135e-06, 8.68047300173e-06, 2.67129580607e-05, 5.91863135924e-05, 7.27547057977e-06, 1.49234692799e-05, 1.26427576106e-05, 1.01466257547e-05, 1.44479963637e-05, 1.09201464511e-05, 4.83987651023e-06, 3.5410057535e-06, 5.61405613553e-07, 4.05752658139e-08, 1.70636440089e-07, 7.4061028954e-07, 1.95590903473e-08, 6.63676935631e-09, 8.25028845242e-09, 1.42240565992e-08, 2.1930885552e-08, 6.97390367677e-09, 2.71451638945e-10, 5.33145879875e-12]}, "barkbands_crest": {"dmean": 2.37741470337, "dmean2": 3.78161907196, "dvar": 5.59891080856, "dvar2": 13.904088974, "max": 26.3442516327, "mean": 10.9392337799, "median": 9.89933300018, "min": 3.42336177826, "var": 19.0421695709}, "barkbands_flatness_db": {"dmean": 0.0218832418323, "dmean2": 0.0335944108665, "dvar": 0.000669270171784, "dvar2": 0.00157684285659, "max": 0.407732099295, "mean": 0.180650681257, "median": 0.176134720445, "min": 0.0314790569246, "var": 0.00292377336882}, "barkbands_kurtosis": {"dmean": 3.53704380989, "dmean2": 5.45483922958, "dvar": 55.6190452576, "dvar2": 132.118682861, "max": 231.59513855, "mean": 7.1652007103, "median": 3.96966791153, "min": -1.89526414871, "var": 121.197296143}, "barkbands_skewness": {"dmean": 0.503070473671, "dmean2": 0.733462691307, "dvar": 0.38546282053, "dvar2": 0.836044847965, "max": 10.7720890045, "mean": 1.41581165791, "median": 1.37663066387, "min": -8.54046726227, "var": 1.84615004063}, "barkbands_spread": {"dmean": 3.56419157982, "dmean2": 5.33199262619, "dvar": 37.3060646057, "dvar2": 71.9047470093, "max": 142.270889282, "mean": 13.024939537, "median": 10.4513463974, "min": 0.629258751869, "var": 139.914199829}, "dissonance": {"dmean": 0.0296332277358, "dmean2": 0.0494755357504, "dvar": 0.000827193318401, "dvar2": 0.00218523107469, "max": 0.500000119209, "mean": 0.427261918783, "median": 0.436390250921, "min": 0.166011631489, "var": 0.00218904810026}, "dynamic_complexity": 5.86988544464, "erbbands": {"dmean": [0.0194557011127, 0.368666529655, 1.06167864799, 1.14723014832, 2.30785536766, 3.40095973015, 6.83537721634, 13.7540416718, 16.3162250519, 10.0785684586, 8.52308177948, 14.9240026474, 15.2154493332, 15.5756139755, 20.3751659393, 18.5944728851, 18.6749706268, 17.0977287292, 13.6305456161, 7.50701999664, 2.74377250671, 2.07546496391, 2.44188690186, 3.95397877693, 3.3835337162, 1.37195014954, 1.00625610352, 0.693560183048, 0.702861666679, 0.640916764736, 0.608526349068, 0.543511629105, 0.386845886707, 0.250187456608, 0.0713642463088, 0.0282680727541, 0.00780774839222, 0.00129656679928, 0.000120308199257, 8.6450472736e-06], "dmean2": [0.033035479486, 0.599511682987, 1.77450072765, 1.90971779823, 3.70966172218, 5.7582526207, 10.6071233749, 20.8672046661, 23.1017570496, 14.1477127075, 12.3129320145, 21.8715190887, 21.3412399292, 21.2594814301, 27.4217834473, 24.8255233765, 25.7658405304, 23.4237747192, 18.3741893768, 10.3802309036, 4.0785779953, 3.19702553749, 3.47265028954, 5.52127027512, 4.54787111282, 2.12189364433, 1.71136748791, 1.13493776321, 1.16260039806, 1.02029728889, 0.897321760654, 0.799026608467, 0.57517683506, 0.36786749959, 0.103077247739, 0.0416214726865, 0.0117434943095, 0.00200631655753, 0.000198062713025, 1.2757015611e-05], "dvar": [0.00420044129714, 1.36689603329, 10.2249202728, 9.27929782867, 35.1879844666, 66.9048080444, 246.006622314, 1026.86218262, 2359.89038086, 966.986877441, 1628.54528809, 2597.99902344, 3644.49487305, 3779.95385742, 4661.95898438, 5841.55566406, 5300.28466797, 3420.87475586, 3237.72216797, 1523.7755127, 158.745315552, 59.9322662354, 155.82749939, 294.41003418, 187.319274902, 13.4306344986, 12.985619545, 6.31913757324, 6.96310853958, 6.3716802597, 4.53827238083, 5.01571369171, 1.91804111004, 0.685373663902, 0.0450322516263, 0.00566561147571, 0.000444678735221, 1.80949664355e-05, 2.18839815602e-07, 2.11490394642e-10], "dvar2": [0.0107981851324, 3.43623900414, 28.2347240448, 26.3556118011, 88.3187255859, 192.546920776, 589.776855469, 2367.59448242, 4299.10986328, 1897.98840332, 3283.02026367, 5611.22119141, 6915.453125, 6827.02099609, 8368.4296875, 11307.1494141, 9455.29785156, 5793.89160156, 5155.69628906, 2982.23168945, 345.259429932, 139.102981567, 344.021331787, 584.117675781, 307.633331299, 29.8405742645, 34.719783783, 15.2448453903, 17.9095897675, 14.4595212936, 9.29778957367, 10.4430856705, 3.85103392601, 1.4243683815, 0.0872214064002, 0.0119490427896, 0.000981544028036, 4.21847507823e-05, 5.4091117363e-07, 4.91109708456e-10], "max": [0.708969950676, 12.0922317505, 69.2203063965, 75.9117584229, 115.003608704, 171.181243896, 384.629821777, 1013.90527344, 1574.69091797, 917.801818848, 1744.61315918, 1427.32617188, 2297.34033203, 1931.81933594, 1903.59179688, 2328.66674805, 2264.53051758, 2081.91992188, 2626.47387695, 2088.13208008, 788.09564209, 161.374008179, 635.433288574, 931.810852051, 647.831176758, 110.741752625, 119.635025024, 110.490875244, 68.0741882324, 133.551330566, 101.212799072, 161.702072144, 69.0607833862, 30.3424072266, 7.68500518799, 2.76432180405, 0.375384926796, 0.071587882936, 0.00689866952598, 0.000236424937611], "mean": [0.0253604911268, 0.461992204189, 1.72144186497, 2.205971241, 3.8839571476, 5.94276952744, 13.6634483337, 28.4713401794, 42.1326293945, 24.2967376709, 16.4060840607, 29.2206630707, 27.9352169037, 31.8560905457, 42.8268890381, 37.120223999, 41.274520874, 35.0053215027, 27.5888671875, 13.9252758026, 5.44417142868, 3.43825292587, 4.70054292679, 9.39979362488, 7.52398586273, 2.38317084312, 1.34842693806, 0.990497648716, 0.943139672279, 0.933318912983, 0.999889075756, 0.884662270546, 0.592307448387, 0.373658061028, 0.110182151198, 0.0421301908791, 0.0110142165795, 0.00155512441415, 0.000119506250485, 2.50524954026e-05], "median": [0.0126397283748, 0.195063114166, 0.920098185539, 1.20312011242, 1.49073183537, 2.71654343605, 5.27097940445, 12.0936689377, 10.7271795273, 4.55982780457, 2.4422416687, 3.1435739994, 3.27255272865, 4.50194740295, 4.82603549957, 3.43344759941, 3.81342720985, 3.39011240005, 2.64941859245, 1.48854291439, 0.954621136189, 0.679395020008, 0.713634431362, 0.824193537235, 0.82987844944, 0.578482508659, 0.328682273626, 0.22806315124, 0.181502386928, 0.189608708024, 0.22748285532, 0.177932292223, 0.102333471179, 0.0524015538394, 0.0196748655289, 0.01040297281, 0.00278701679781, 0.000305276014842, 2.09733934753e-05, 1.64380526257e-05], "min": [2.11820108752e-22, 1.25204791897e-21, 4.05104192518e-21, 2.44061271477e-20, 2.78852245703e-20, 5.26406949707e-20, 9.28258593739e-20, 1.78017345757e-19, 4.16869612116e-19, 2.9932735047e-19, 7.41177093302e-19, 1.4389333049e-18, 1.96988678822e-18, 2.15444505175e-18, 2.10555019895e-18, 1.99656791247e-18, 4.81171541349e-18, 4.38905259025e-18, 3.79250564891e-18, 4.69434592919e-18, 7.2250876425e-18, 6.8685641131e-18, 9.05265717915e-18, 7.89227911688e-18, 1.35267083676e-17, 1.21879951284e-17, 1.56145858528e-17, 1.5111443319e-17, 1.39323784195e-17, 1.518811469e-17, 1.38595038076e-17, 1.32090189e-17, 1.02259359503e-17, 8.51406912897e-18, 9.0713001758e-18, 6.17767019186e-18, 3.13743547243e-18, 1.14195954177e-18, 2.9069223111e-19, 3.5355524994e-20], "var": [0.00337996240705, 1.16565847397, 8.77066516876, 12.6097602844, 48.6482086182, 102.165031433, 609.531616211, 2521.8371582, 12709.5644531, 4179.25244141, 4097.53320312, 7465.75927734, 11016.0429688, 12556.5888672, 16313.9423828, 17068.2246094, 22550.359375, 14806.0732422, 14347.3691406, 4442.16455078, 359.74105835, 95.5336990356, 385.703887939, 1699.20922852, 804.832397461, 35.4469223022, 14.9334897995, 9.76445674896, 9.85669136047, 12.1909513474, 11.7831544876, 12.8457889557, 4.94337034225, 1.83850479126, 0.112662032247, 0.0105151133612, 0.00062923115911, 1.92287916434e-05, 1.85735558489e-07, 6.00507144011e-10]}, "erbbands_crest": {"dmean": 2.7745141983, "dmean2": 4.25072717667, "dvar": 7.23359251022, "dvar2": 17.3012390137, "max": 32.6270675659, "mean": 12.8883094788, "median": 11.8355340958, "min": 2.46600174904, "var": 32.6124572754}, "erbbands_flatness_db": {"dmean": 0.0189969725907, "dmean2": 0.0263529382646, "dvar": 0.000432836997788, "dvar2": 0.000796779233497, "max": 0.388172030449, "mean": 0.193969190121, "median": 0.193725645542, "min": 0.0290518756956, "var": 0.00300312764011}, "erbbands_kurtosis": {"dmean": 2.07547593117, "dmean2": 3.10464954376, "dvar": 18.5514335632, "dvar2": 38.3338127136, "max": 191.249526978, "mean": 3.96329045296, "median": 1.54429197311, "min": -1.81102049351, "var": 82.176574707}, "erbbands_skewness": {"dmean": 0.420305848122, "dmean2": 0.62705051899, "dvar": 0.201053619385, "dvar2": 0.436795562506, "max": 11.8667860031, "mean": 1.07362544537, "median": 0.901076436043, "min": -2.94672608376, "var": 1.48790836334}, "erbbands_spread": {"dmean": 6.26178216934, "dmean2": 9.01883506775, "dvar": 86.0335159302, "dvar2": 165.090194702, "max": 154.933517456, "mean": 26.3820037842, "median": 21.7046356201, "min": 1.01699507236, "var": 377.553436279}, "gfcc": {"cov": [[18360.921875, 747.675354004, -2203.50927734, 349.286499023, -806.823791504, 489.481658936, -499.991638184, 210.728622437, -426.884338379, -78.7739257812, 189.262359619, -312.49041748, -253.618209839], [747.675354004, 1427.50390625, -69.0695114136, -166.583999634, 251.133087158, -186.046554565, 43.8822212219, -57.9005279541, 65.8913955688, -68.4415817261, 49.3040885925, -60.9093475342, 23.727186203], [-2203.50927734, -69.0695114136, 1082.65393066, 189.386383057, -27.1873531342, 5.57153224945, -2.5588145256, -56.617565155, 93.2163543701, 89.4049301147, -95.3984680176, 92.0549621582, 68.2005996704], [349.286499023, -166.583999634, 189.386383057, 410.619445801, -66.0531692505, 12.9277877808, -36.8379516602, -16.3568058014, 20.47697258, 16.2038574219, -55.7748336792, 11.8439798355, 42.9462280273], [-806.823791504, 251.133087158, -27.1873531342, -66.0531692505, 360.635437012, -31.8046169281, 43.4096298218, 5.21852016449, 13.9887495041, -28.5743675232, -2.85713243484, -17.0422344208, 2.22257041931], [489.481658936, -186.046554565, 5.57153224945, 12.9277877808, -31.8046169281, 248.739395142, 58.167224884, 25.7818717957, -64.2280960083, -5.62878608704, 14.262802124, -21.5582275391, -27.7654151917], [-499.991638184, 43.8822212219, -2.5588145256, -36.8379516602, 43.4096298218, 58.167224884, 196.119689941, 30.0538291931, -19.2368888855, -20.7838344574, 10.2551584244, -13.346827507, -20.4526748657], [210.728622437, -57.9005279541, -56.617565155, -16.3568058014, 5.21852016449, 25.7818717957, 30.0538291931, 136.227539062, 31.356306076, -1.18574011326, -5.47645378113, -19.721868515, -20.1787471771], [-426.884338379, 65.8913955688, 93.2163543701, 20.47697258, 13.9887495041, -64.2280960083, -19.2368888855, 31.356306076, 179.310348511, 52.2680282593, -16.6460342407, 9.21588039398, 14.3938398361], [-78.7739257812, -68.4415817261, 89.4049301147, 16.2038574219, -28.5743675232, -5.62878608704, -20.7838344574, -1.18574011326, 52.2680282593, 114.668952942, 30.4487304688, 19.6152858734, -2.3058142662], [189.262359619, 49.3040885925, -95.3984680176, -55.7748336792, -2.85713243484, 14.262802124, 10.2551584244, -5.47645378113, -16.6460342407, 30.4487304688, 165.608764648, 22.0008487701, -15.6674919128], [-312.49041748, -60.9093475342, 92.0549621582, 11.8439798355, -17.0422344208, -21.5582275391, -13.346827507, -19.721868515, 9.21588039398, 19.6152858734, 22.0008487701, 106.918243408, 46.3220672607], [-253.618209839, 23.727186203, 68.2005996704, 42.9462280273, 2.22257041931, -27.7654151917, -20.4526748657, -20.1787471771, 14.3938398361, -2.3058142662, -15.6674919128, 46.3220672607, 113.14516449]], "icov": [[0.000211202670471, -0.000418771349359, 0.000475918524899, -0.000430458516348, 0.000523421680555, -0.000643831677735, 0.000723842473235, -0.000496895809192, 0.000474162632599, -0.000420220836531, 0.00019803646137, -0.000185565266293, 0.000346214190358], [-0.000418771349359, 0.00191073387396, -0.00105651665945, 0.00116208777763, -0.00152346433606, 0.00197452469729, -0.00171895918902, 0.00156600971241, -0.00146905146539, 0.0016243342543, -0.00109524349682, 0.00144130189437, -0.00118235172704], [0.000475918524899, -0.00105651665945, 0.00239809625782, -0.00138855574187, 0.00116564671043, -0.00182429561391, 0.00134600372985, -0.000575145764742, 0.000654826348182, -0.00194057275075, 0.00146341044456, -0.00157470698468, 0.000764536380302], [-0.000430458516348, 0.00116208777763, -0.00138855574187, 0.00388805335388, -0.000756068679038, 0.0011844135588, -0.00116415822413, 0.00129396549892, -0.00121926690917, 0.000925356638618, 5.1065468142e-05, 0.00107702717651, -0.00178144511301], [0.000523421680555, -0.00152346433606, 0.00116564671043, -0.000756068679038, 0.00459562242031, -0.00146096455865, 0.00122050696518, -0.00138258433435, 0.000985509948805, -0.000630405265838, 0.000680968689267, -0.000333104893798, 0.000694815535098], [-0.000643831677735, 0.00197452469729, -0.00182429561391, 0.0011844135588, -0.00146096455865, 0.00762587971985, -0.00363801047206, 0.000665999134071, 0.000374201539671, 0.00119266915135, -0.00149146071635, 0.00212094094604, -0.000944101600908], [0.000723842473235, -0.00171895918902, 0.00134600372985, -0.00116415822413, 0.00122050696518, -0.00363801047206, 0.00864263344556, -0.00297433068044, 0.0019198867958, -0.000537235871889, 0.000350567424903, -0.000851940480061, 0.00187077955343], [-0.000496895809192, 0.00156600971241, -0.000575145764742, 0.00129396549892, -0.00138258433435, 0.000665999134071, -0.00297433068044, 0.0103778075427, -0.00399516895413, 0.00176852301229, -0.00027235946618, 0.00138700567186, -0.000144188001286], [0.000474162632599, -0.00146905146539, 0.000654826348182, -0.00121926690917, 0.000985509948805, 0.000374201539671, 0.0019198867958, -0.00399516895413, 0.0096271885559, -0.00503945024684, 0.00157479604241, -0.000473760359455, 0.000230600402574], [-0.000420220836531, 0.0016243342543, -0.00194057275075, 0.000925356638618, -0.000630405265838, 0.00119266915135, -0.000537235871889, 0.00176852301229, -0.00503945024684, 0.0139105208218, -0.00388531456701, 0.000186349381693, 0.000369549525203], [0.00019803646137, -0.00109524349682, 0.00146341044456, 5.1065468142e-05, 0.000680968689267, -0.00149146071635, 0.000350567424903, -0.00027235946618, 0.00157479604241, -0.00388531456701, 0.00860316399485, -0.0034535722807, 0.0017332091229], [-0.000185565266293, 0.00144130189437, -0.00157470698468, 0.00107702717651, -0.000333104893798, 0.00212094094604, -0.000851940480061, 0.00138700567186, -0.000473760359455, 0.000186349381693, -0.0034535722807, 0.0147055806592, -0.00599211733788], [0.000346214190358, -0.00118235172704, 0.000764536380302, -0.00178144511301, 0.000694815535098, -0.000944101600908, 0.00187077955343, -0.000144188001286, 0.000230600402574, 0.000369549525203, 0.0017332091229, -0.00599211733788, 0.0128160584718]], "mean": [-84.7621612549, 115.351821899, -97.201210022, 13.6983203888, -59.4702301025, 12.8484916687, -40.5654792786, 1.6341496706, -27.0937976837, 4.60094547272, -4.99791812897, 0.745064616203, -10.5540437698]}, "hfc": {"dmean": 3.76106476784, "dmean2": 4.97720527649, "dvar": 35.7412071228, "dvar2": 62.9457931519, "max": 116.38646698, "mean": 12.8362665176, "median": 5.9573559761, "min": 1.1299640539e-16, "var": 266.95022583}, "melbands": {"dmean": [0.000284830020973, 0.000525384151842, 0.000217844426516, 0.00020536982629, 0.000218609115109, 0.000293219054583, 0.000244916009251, 9.9647033494e-05, 7.7671094914e-05, 9.75961229415e-05, 7.61128685554e-05, 6.36583499727e-05, 7.12583569111e-05, 6.74259936204e-05, 4.19808347942e-05, 4.16659822804e-05, 3.16809964716e-05, 2.49337554123e-05, 1.36073213071e-05, 7.13197186997e-06, 3.07298159896e-06, 2.46016406891e-06, 2.12888789974e-06, 2.76959076473e-06, 3.71980422642e-06, 3.61922843695e-06, 1.60254239745e-06, 8.39792448915e-07, 7.41435371765e-07, 4.43978223075e-07, 3.98455256345e-07, 4.1685629526e-07, 3.72237195734e-07, 3.71668534171e-07, 3.59885689249e-07, 3.56639674237e-07, 3.36511760679e-07, 2.75615320788e-07, 2.88341965415e-07, 1.92468633031e-07], "dmean2": [0.00047312118113, 0.00084043975221, 0.000358444929589, 0.000340368540492, 0.000343678722857, 0.000445106881671, 0.000345884705894, 0.000141297801747, 0.000111759814899, 0.000142695425893, 0.000107167652459, 8.76703052199e-05, 9.55561263254e-05, 8.71835072758e-05, 5.88594266446e-05, 5.69273906876e-05, 4.40763869847e-05, 3.39621692547e-05, 1.91651834029e-05, 1.03735856101e-05, 4.77929188492e-06, 3.8918797145e-06, 3.19172841046e-06, 4.03245985581e-06, 5.26030999026e-06, 4.86790304421e-06, 2.34207823269e-06, 1.34611968861e-06, 1.28697456603e-06, 7.41856524655e-07, 6.49251603591e-07, 6.99209408594e-07, 6.18865612978e-07, 5.92603100813e-07, 5.44689726212e-07, 5.27743225121e-07, 5.0945664043e-07, 4.16830914673e-07, 4.45496681323e-07, 2.81154740378e-07], "dvar": [8.69968744155e-07, 2.41991551775e-06, 2.68126854053e-07, 2.29670547469e-07, 2.38688812715e-07, 4.46651739594e-07, 5.2839880027e-07, 1.0207841683e-07, 1.1130516242e-07, 1.07935285598e-07, 9.24452265849e-08, 6.8708651213e-08, 6.09295014442e-08, 8.14375837876e-08, 3.50506930147e-08, 2.28094769739e-08, 1.25777033233e-08, 1.10272866394e-08, 3.93315735536e-09, 2.73986455746e-09, 1.53923901403e-10, 1.13616664688e-10, 1.21244680962e-10, 2.04055550235e-10, 3.20092230499e-10, 2.96353885876e-10, 3.3982965747e-11, 5.8499975697e-12, 7.334896579e-12, 2.78470280689e-12, 2.15661538107e-12, 2.32681365495e-12, 2.4235205856e-12, 2.06257493723e-12, 1.5934696054e-12, 2.32937367312e-12, 1.87536986808e-12, 1.00525826812e-12, 1.04138280031e-12, 4.05109187298e-13], "dvar2": [2.21289928959e-06, 6.23198047833e-06, 7.35880860248e-07, 6.28296675131e-07, 5.92286141909e-07, 9.95800633063e-07, 9.62335775512e-07, 2.07328881174e-07, 2.27419405974e-07, 2.35705243767e-07, 1.74742950776e-07, 1.21428612943e-07, 1.04031293802e-07, 1.381017114e-07, 6.73290188047e-08, 4.09040588067e-08, 2.16859845636e-08, 1.77824457381e-08, 7.71371766461e-09, 5.85956572152e-09, 3.25200505413e-10, 2.71732386592e-10, 2.72766143006e-10, 4.38156760874e-10, 6.40440867006e-10, 4.60339905084e-10, 6.97794808047e-11, 1.34573819102e-11, 2.01071000128e-11, 7.12829491614e-12, 5.04202929408e-12, 5.99687747377e-12, 6.2741391943e-12, 4.40830488432e-12, 3.22730123875e-12, 5.45901344962e-12, 3.806656379e-12, 2.02490585063e-12, 2.43493333135e-12, 8.06476738689e-13], "max": [0.0101119298488, 0.0293164309114, 0.0109797930345, 0.0118196094409, 0.0103690093383, 0.0198149234056, 0.0236221812665, 0.0109821436927, 0.0122961597517, 0.00836847256869, 0.0119681563228, 0.00844981800765, 0.00769266532734, 0.00949745997787, 0.00880316458642, 0.00486364495009, 0.00391104444861, 0.00474798679352, 0.00192215142306, 0.00306125706993, 0.000635359669104, 0.000252803205512, 0.000536427483894, 0.000955983297899, 0.000966450956184, 0.000940149184316, 0.000231500118389, 8.96889323485e-05, 6.5748266934e-05, 8.47157934913e-05, 7.38538292353e-05, 3.69893714378e-05, 5.37928681297e-05, 7.62451745686e-05, 6.10825445619e-05, 0.000102357706055, 9.60737233981e-05, 5.09883248014e-05, 4.36450609413e-05, 2.39924629568e-05], "mean": [0.000362740654964, 0.000833048019558, 0.000429915089626, 0.000350820162566, 0.00044516424532, 0.00061908486532, 0.000642808678094, 0.000226860778639, 0.00014339844347, 0.000185855256859, 0.000135980109917, 0.000124918617075, 0.000143912708154, 0.000126564904349, 8.3802791778e-05, 8.34291495266e-05, 6.03383741691e-05, 4.66524688818e-05, 2.2997484848e-05, 1.27186585814e-05, 5.34817445441e-06, 3.39364851243e-06, 3.55147199116e-06, 5.07057893628e-06, 7.91592628957e-06, 7.81283597462e-06, 2.82257474282e-06, 1.23090535453e-06, 8.92139723874e-07, 6.04149590799e-07, 5.50715355985e-07, 5.36209313395e-07, 4.85239070258e-07, 5.36849938726e-07, 5.66550795611e-07, 5.82733207466e-07, 5.19824538969e-07, 4.12058511756e-07, 3.9115417394e-07, 2.88590229047e-07], "median": [0.000169337377883, 0.00042944753659, 0.000234306746279, 0.000154889712576, 0.0001810809772, 0.000255427730735, 0.000162118521985, 3.85212006222e-05, 1.33150952024e-05, 1.7762195057e-05, 1.19454134619e-05, 1.40380889206e-05, 1.39825215228e-05, 7.76947399572e-06, 6.89365879225e-06, 6.60411524223e-06, 4.91998389407e-06, 3.25704104398e-06, 2.13036446439e-06, 1.16160674679e-06, 8.97246650311e-07, 5.71851956011e-07, 5.3923423593e-07, 5.32876356374e-07, 6.15123781245e-07, 6.14431485246e-07, 4.85992700305e-07, 2.62208146751e-07, 1.8559359205e-07, 1.42215043297e-07, 1.15909315923e-07, 9.67021378528e-08, 8.47609911148e-08, 1.01405909447e-07, 1.24359829101e-07, 1.20222182431e-07, 9.34005583986e-08, 6.54445102555e-08, 5.14831413057e-08, 3.65545744785e-08], "min": [2.12245767841e-24, 1.57978389285e-24, 4.30901543297e-24, 2.82100308189e-24, 3.28986196926e-24, 4.54055241954e-24, 6.57144957648e-24, 2.96654338295e-24, 5.73380275187e-24, 8.7454003477e-24, 1.01345299704e-23, 9.19926831408e-24, 8.38675735892e-24, 5.01595628863e-24, 4.80017088219e-24, 1.23460084326e-23, 7.15073853818e-24, 5.92220285199e-24, 6.27102097263e-24, 8.13749861211e-24, 9.02110644522e-24, 6.28519759196e-24, 9.36977586557e-24, 6.05443487237e-24, 6.11500045723e-24, 8.10362019168e-24, 1.29582220819e-23, 6.25560465839e-24, 8.35304933244e-24, 6.53598199576e-24, 8.42173466259e-24, 7.54914406089e-24, 8.06436805075e-24, 8.44389455428e-24, 7.53118879783e-24, 8.67126319983e-24, 7.19883223213e-24, 7.07686960302e-24, 6.74773553411e-24, 6.90252818752e-24], "var": [7.16138004009e-07, 2.23808524424e-06, 4.06983048151e-07, 3.17393698879e-07, 5.96342943027e-07, 1.20842003071e-06, 2.97885799228e-06, 3.90799328898e-07, 2.77647387747e-07, 2.88767267875e-07, 2.84389727767e-07, 2.33210542433e-07, 2.26341640541e-07, 2.54170515745e-07, 1.15501727294e-07, 8.65458034127e-08, 4.8281538767e-08, 4.47805277304e-08, 9.98171323374e-09, 6.19517548373e-09, 3.29873794946e-10, 1.41541292575e-10, 2.36368036255e-10, 6.69200861392e-10, 1.51672618909e-09, 1.28534916044e-09, 1.01410609077e-10, 1.17375874645e-11, 7.46704434396e-12, 3.55735601566e-12, 3.46867803577e-12, 3.31131498089e-12, 3.07664722692e-12, 4.48134845205e-12, 3.84221864394e-12, 5.28040111636e-12, 4.78814557447e-12, 2.55974386652e-12, 2.09747150204e-12, 1.16655610952e-12]}, "melbands_crest": {"dmean": 2.83815217018, "dmean2": 4.50887298584, "dvar": 7.30689048767, "dvar2": 18.7019062042, "max": 34.0060501099, "mean": 13.7375278473, "median": 12.8112716675, "min": 1.86452805996, "var": 25.3858394623}, "melbands_flatness_db": {"dmean": 0.0255136247724, "dmean2": 0.0387978889048, "dvar": 0.00101167173125, "dvar2": 0.00234109233133, "max": 0.518857717514, "mean": 0.261729717255, "median": 0.253846347332, "min": 0.00438112486154, "var": 0.00515051046386}, "melbands_kurtosis": {"dmean": 5.90552902222, "dmean2": 9.17951774597, "dvar": 196.276885986, "dvar2": 444.450195312, "max": 521.778686523, "mean": 12.6702423096, "median": 7.05659866333, "min": -1.71878731251, "var": 441.883148193}, "melbands_skewness": {"dmean": 0.596915245056, "dmean2": 0.87250995636, "dvar": 0.576889157295, "dvar2": 1.22832643986, "max": 18.4611263275, "mean": 1.97442853451, "median": 1.7949988842, "min": -1.95841670036, "var": 2.57190704346}, "melbands_spread": {"dmean": 3.91277766228, "dmean2": 5.92974948883, "dvar": 46.466091156, "dvar2": 96.6286239624, "max": 226.934692383, "mean": 15.0796728134, "median": 11.2351236343, "min": 0.532811939716, "var": 241.16998291}, "mfcc": {"cov": [[12318.8710938, 331.413391113, -1095.65112305, -395.529083252, -200.212341309, -181.318664551, 128.941452026, 19.1320133209, -512.881896973, 258.428833008, 72.9195022583, -174.378387451, -96.9745788574], [331.413391113, 1674.99499512, -222.296676636, 11.5343008041, 111.041351318, -55.7344360352, 2.62891125679, 0.0193147603422, -36.2166748047, 23.4369659424, 22.2797451019, -16.0255947113, -10.2590875626], [-1095.65112305, -222.296676636, 880.429016113, 133.707000732, -7.26354217529, 136.390518188, -68.8496398926, -54.9490661621, 128.474029541, -82.2195205688, -30.7482757568, 86.3639678955, 60.8310203552], [-395.529083252, 11.5343008041, 133.707000732, 310.337921143, 58.3263130188, 26.1961135864, -73.5939254761, -26.3398323059, 79.0142288208, -43.7213592529, -28.3074989319, 15.0205545425, 46.2773933411], [-200.212341309, 111.041351318, -7.26354217529, 58.3263130188, 223.623718262, 18.2886562347, -24.999464035, -4.50438594818, 26.321937561, -2.61042523384, -25.8525161743, -8.63816070557, 24.6514797211], [-181.318664551, -55.7344360352, 136.390518188, 26.1961135864, 18.2886562347, 159.685714722, 41.9504051208, -4.06744098663, 25.538816452, -28.6879940033, -11.1956281662, 8.4779253006, -4.66001176834], [128.941452026, 2.62891125679, -68.8496398926, -73.5939254761, -24.999464035, 41.9504051208, 241.950256348, 59.6224441528, -67.3070297241, 28.7109069824, 15.7971429825, -41.3545875549, -43.9461898804], [19.1320133209, 0.0193147603422, -54.9490661621, -26.3398323059, -4.50438594818, -4.06744098663, 59.6224441528, 128.366348267, 1.60909843445, 33.7034263611, -2.17988681793, -20.4348087311, -23.7678470612], [-512.881896973, -36.2166748047, 128.474029541, 79.0142288208, 26.321937561, 25.538816452, -67.3070297241, 1.60909843445, 225.761489868, -25.7204780579, -9.16059112549, 27.1630554199, 3.15902233124], [258.428833008, 23.4369659424, -82.2195205688, -43.7213592529, -2.61042523384, -28.6879940033, 28.7109069824, 33.7034263611, -25.7204780579, 150.042617798, 28.0586128235, -17.8736629486, -10.2706260681], [72.9195022583, 22.2797451019, -30.7482757568, -28.3074989319, -25.8525161743, -11.1956281662, 15.7971429825, -2.17988681793, -9.16059112549, 28.0586128235, 129.46105957, 38.7299995422, -18.6980342865], [-174.378387451, -16.0255947113, 86.3639678955, 15.0205545425, -8.63816070557, 8.4779253006, -41.3545875549, -20.4348087311, 27.1630554199, -17.8736629486, 38.7299995422, 122.135040283, 43.3728523254], [-96.9745788574, -10.2590875626, 60.8310203552, 46.2773933411, 24.6514797211, -4.66001176834, -43.9461898804, -23.7678470612, 3.15902233124, -10.2706260681, -18.6980342865, 43.3728523254, 118.706794739]], "icov": [[0.000100332443253, -9.32552393351e-06, 9.40062309382e-05, 3.71336318494e-05, 8.19512933958e-05, -4.47429229098e-05, 5.42482739547e-05, 4.23565470555e-05, 0.000152329783305, -0.000102502199297, -3.97228586735e-06, 6.03112894169e-05, -7.28713985154e-06], [-9.32552393351e-06, 0.000647319480777, 0.000123289049952, -7.41056792322e-05, -0.000354600400897, 0.000166587080457, -4.08178639191e-05, 5.32473422936e-05, 5.03737246618e-05, 1.21035582197e-05, -0.000113335416245, -5.39222128282e-05, 9.13215189939e-05], [9.40062309382e-05, 0.000123289049952, 0.00172842759639, -0.000292648008326, 0.000382675934816, -0.0012367721647, 0.000197244589799, 0.000360072270269, -0.00038556495565, 0.000100941564597, 0.000325735891238, -0.00067418726394, -0.000350458460161], [3.71336318494e-05, -7.41056792322e-05, -0.000292648008326, 0.00419334834442, -0.000645866966806, -0.000351347465767, 0.000715631176718, 9.60936886258e-05, -0.000896711309906, 0.000614736462012, 1.19143669508e-05, 0.000694445800036, -0.00123116583563], [8.19512933958e-05, -0.000354600400897, 0.000382675934816, -0.000645866966806, 0.00527853425592, -0.00101867155172, 0.0004374513519, 7.11042673629e-07, -0.000321151979733, -0.000408460298786, 0.000587785092648, 0.000674217008054, -0.00106264010537], [-4.47429229098e-05, 0.000166587080457, -0.0012367721647, -0.000351347465767, -0.00101867155172, 0.00854523293674, -0.00245057721622, 0.00059746747138, -0.000615728553385, 0.000981243676506, 0.000588606344536, -0.000775277090725, 0.000985269085504], [5.42482739547e-05, -4.08178639191e-05, 0.000197244589799, 0.000715631176718, 0.0004374513519, -0.00245057721622, 0.00635077245533, -0.00242157420143, 0.00163882237393, -0.00022528100817, -0.000957682030275, 0.00149064906873, 0.0005813279422], [4.23565470555e-05, 5.32473422936e-05, 0.000360072270269, 9.60936886258e-05, 7.11042673629e-07, 0.00059746747138, -0.00242157420143, 0.00977566093206, -0.00115509773605, -0.00182177126408, 0.00108046678361, -0.000129318214022, 0.000991915585473], [0.000152329783305, 5.03737246618e-05, -0.00038556495565, -0.000896711309906, -0.000321151979733, -0.000615728553385, 0.00163882237393, -0.00115509773605, 0.00601570494473, 7.70996921347e-05, 0.000118110889161, -0.000822739326395, 0.00125970179215], [-0.000102502199297, 1.21035582197e-05, 0.000100941564597, 0.000614736462012, -0.000408460298786, 0.000981243676506, -0.00022528100817, -0.00182177126408, 7.70996921347e-05, 0.00821765512228, -0.00208936817944, 0.00136913207825, -0.000819296983536], [-3.97228586735e-06, -0.000113335416245, 0.000325735891238, 1.19143669508e-05, 0.000587785092648, 0.000588606344536, -0.000957682030275, 0.00108046678361, 0.000118110889161, -0.00208936817944, 0.0105400513858, -0.00510656833649, 0.00292034959421], [6.03112894169e-05, -5.39222128282e-05, -0.00067418726394, 0.000694445800036, 0.000674217008054, -0.000775277090725, 0.00149064906873, -0.000129318214022, -0.000822739326395, 0.00136913207825, -0.00510656833649, 0.0129991378635, -0.00493872538209], [-7.28713985154e-06, 9.13215189939e-05, -0.000350458460161, -0.00123116583563, -0.00106264010537, 0.000985269085504, 0.0005813279422, 0.000991915585473, 0.00125970179215, -0.000819296983536, 0.00292034959421, -0.00493872538209, 0.0119188735262]], "mean": [-732.101257324, 148.40852356, 18.3134708405, 10.4944133759, 4.1774430275, 4.05355978012, 2.77051377296, -3.64828658104, -13.4209165573, 1.34551465511, -2.46815657616, -2.14446878433, 1.14925158024]}, "pitch_salience": {"dmean": 0.0661410912871, "dmean2": 0.105114601552, "dvar": 0.00439682463184, "dvar2": 0.0108901793137, "max": 0.967939674854, "mean": 0.54732966423, "median": 0.556959271431, "min": 0.11644705385, "var": 0.0139433275908}, "silence_rate_20dB": {"dmean": 0, "dmean2": 0, "dvar": 0, "dvar2": 0, "max": 1, "mean": 1, "median": 1, "min": 1, "var": 0}, "silence_rate_30dB": {"dmean": 0.000361271668226, "dmean2": 0.000722608645447, "dvar": 0.000361229031114, "dvar2": 0.00090308993822, "max": 1, "mean": 0.999729096889, "median": 1, "min": 0, "var": 0.000270796124823}, "silence_rate_60dB": {"dmean": 0.0211343932897, "dmean2": 0.0422726050019, "dvar": 0.0206885319203, "dvar2": 0.0473541468382, "max": 1, "mean": 0.139709204435, "median": 0, "min": 0, "var": 0.120199888945}, "spectral_centroid": {"dmean": 143.198348999, "dmean2": 214.26373291, "dvar": 61041.1054688, "dvar2": 128538.398438, "max": 11280.0527344, "mean": 810.379455566, "median": 663.20135498, "min": 142.498428345, "var": 301407.75}, "spectral_complexity": {"dmean": 1.67738437653, "dmean2": 2.69605278969, "dvar": 4.13256216049, "dvar2": 9.64572811127, "max": 36, "mean": 9.85071754456, "median": 9, "min": 0, "var": 30.3744983673}, "spectral_contrast_coeffs": {"dmean": [0.0406635478139, 0.044257838279, 0.0387728884816, 0.0325987413526, 0.0239250957966, 0.0164164137095], "dmean2": [0.0672436207533, 0.0709095448256, 0.0595848187804, 0.0501818545163, 0.0366978310049, 0.026264578104], "dvar": [0.00126998091582, 0.00168098858558, 0.00140250311233, 0.000987821025774, 0.000557484163437, 0.000274556485238], "dvar2": [0.0032339792233, 0.00416544731706, 0.00289440550841, 0.00207866891287, 0.00115158280823, 0.000687247258611], "max": [-0.298092126846, -0.267066091299, -0.376526325941, -0.440010368824, -0.499899327755, -0.655078291893], "mean": [-0.655227303505, -0.64091861248, -0.726938307285, -0.744251072407, -0.785937309265, -0.8129773736], "median": [-0.662386834621, -0.641911566257, -0.745300114155, -0.756171822548, -0.796822488308, -0.812658846378], "min": [-0.955371856689, -0.979379475117, -0.98613601923, -0.971166729927, -0.977310359478, -0.965576827526], "var": [0.00625062873587, 0.0100940633565, 0.00965090282261, 0.0078349346295, 0.00460140407085, 0.00131280708592]}, "spectral_contrast_valleys": {"dmean": [0.341385990381, 0.36248794198, 0.346603363752, 0.33069011569, 0.288466781378, 0.318768262863], "dmean2": [0.547018110752, 0.588332355022, 0.561866164207, 0.529566168785, 0.454311728477, 0.411084532738], "dvar": [0.13134123385, 0.139993607998, 0.14147631824, 0.158547013998, 0.157947897911, 0.179126441479], "dvar2": [0.261658549309, 0.325453281403, 0.320650547743, 0.354833215475, 0.356572329998, 0.31257635355], "max": [-5.45114135742, -4.59137058258, -5.61210489273, -5.47605276108, -6.19533395767, -7.73872041702], "mean": [-7.80416059494, -7.60992908478, -8.24442481995, -8.96696281433, -9.05695533752, -11.0978775024], "median": [-7.47667789459, -7.3975186348, -7.99611663818, -8.73845481873, -8.82351303101, -10.8696804047], "min": [-27.7985248566, -27.3929252625, -27.5467472076, -27.4201202393, -27.3276329041, -27.1985816956], "var": [2.03552031517, 2.05997657776, 2.0384414196, 1.96203482151, 1.78360688686, 1.90109741688]}, "spectral_decrease": {"dmean": 1.42909639678e-09, "dmean2": 2.08995154516e-09, "dvar": 4.75968037628e-18, "dvar2": 1.05581920685e-17, "max": 2.64193096729e-16, "mean": -4.74754013879e-09, "median": -3.18527426657e-09, "min": -3.21581339335e-08, "var": 2.00145828697e-17}, "spectral_energy": {"dmean": 0.0056799496524, "dmean2": 0.00826412066817, "dvar": 7.33382839826e-05, "dvar2": 0.000160772775416, "max": 0.123789951205, "mean": 0.0190825704485, "median": 0.0126644726843, "min": 1.00629962718e-20, "var": 0.00032702847966}, "spectral_energyband_high": {"dmean": 0.00010363268666, "dmean2": 0.000153367989697, "dvar": 1.00246111856e-07, "dvar2": 2.14541458377e-07, "max": 0.0120458314195, "mean": 0.000177251946297, "median": 5.16087056894e-05, "min": 7.39713936814e-21, "var": 2.4117653652e-07}, "spectral_energyband_low": {"dmean": 0.00210591964424, "dmean2": 0.00330627895892, "dvar": 3.52642673533e-05, "dvar2": 8.59733336256e-05, "max": 0.105409555137, "mean": 0.00367174786516, "median": 0.00213614944369, "min": 1.94804309607e-23, "var": 3.66713757103e-05}, "spectral_energyband_middle_high": {"dmean": 0.00170428410638, "dmean2": 0.00221520778723, "dvar": 1.42887602124e-05, "dvar2": 2.29761426453e-05, "max": 0.082378976047, "mean": 0.00502458680421, "median": 0.000850061594974, "min": 1.41295474295e-21, "var": 9.35792268137e-05}, "spectral_energyband_middle_low": {"dmean": 0.00344684533775, "dmean2": 0.00513860210776, "dvar": 3.32560412062e-05, "dvar2": 7.46756850276e-05, "max": 0.108229495585, "mean": 0.0104792155325, "median": 0.00663882726803, "min": 2.43317014913e-22, "var": 0.00014532165369}, "spectral_entropy": {"dmean": 0.215282082558, "dmean2": 0.320012181997, "dvar": 0.0709726214409, "dvar2": 0.150661483407, "max": 9.79707717896, "mean": 6.92012548447, "median": 6.89640474319, "min": 4.4938325882, "var": 0.373222947121}, "spectral_flux": {"dmean": 0.0210899375379, "dmean2": 0.0328712612391, "dvar": 0.000671037880238, "dvar2": 0.00150561402552, "max": 0.306281089783, "mean": 0.0588101968169, "median": 0.0459934137762, "min": 6.59732268815e-11, "var": 0.00223664776422}, "spectral_kurtosis": {"dmean": 2.90192008018, "dmean2": 4.69175434113, "dvar": 15.8475408554, "dvar2": 37.8152694702, "max": 78.1708755493, "mean": 9.01530170441, "median": 7.1887588501, "min": -1.28202903271, "var": 61.4172668457}, "spectral_rms": {"dmean": 0.000577071681619, "dmean2": 0.00082155840937, "dvar": 5.45114460238e-07, "dvar2": 1.10077087356e-06, "max": 0.0109895719215, "mean": 0.00379805942066, "median": 0.00351505097933, "min": 3.13329809147e-12, "var": 4.19188427259e-06}, "spectral_rolloff": {"dmean": 246.747680664, "dmean2": 421.966217041, "dvar": 583296.375, "dvar2": 1363443.625, "max": 20758.0078125, "mean": 1010.77844238, "median": 581.396484375, "min": 86.1328125, "var": 3020222.75}, "spectral_skewness": {"dmean": 0.318190872669, "dmean2": 0.499787598848, "dvar": 0.138750478625, "dvar2": 0.305027216673, "max": 7.20256948471, "mean": 2.30611038208, "median": 2.21223568916, "min": -0.170588970184, "var": 0.733055531979}, "spectral_spread": {"dmean": 597864.9375, "dmean2": 827020.375, "dvar": 775011303