{"lowlevel": {"average_loudness": 0.916564106941, "barkbands": {"dmean": [0.000959232333116, 0.00320638599806, 0.00177207880188, 0.000523280003108, 0.00152207748033, 0.00189979723655, 0.00129019131418, 0.00077669986058, 0.00136824476067, 0.000636486453004, 0.00063404586399, 0.000750737381168, 0.000466410856461, 0.000260895787505, 0.000232861319091, 0.000230765523156, 0.000661423197016, 0.000425589852966, 0.000229007666348, 6.74514958519e-05, 4.68721991638e-05, 3.76801508537e-05, 4.11396104028e-06, 2.63557581093e-06, 1.52585732849e-06, 2.46307513407e-06, 6.36179320281e-05], "dmean2": [0.00160747743212, 0.00529323238879, 0.00271348422393, 0.000874668709002, 0.00249088951387, 0.00302533665672, 0.00210876879282, 0.00127370364498, 0.00228031189181, 0.00104334950447, 0.00102511746809, 0.00121402891818, 0.000734048662707, 0.000419662363129, 0.000370924477465, 0.000366399326595, 0.0010090416763, 0.00065064674709, 0.000353349401848, 9.98106334009e-05, 6.68512220727e-05, 5.40874934813e-05, 6.30171962257e-06, 4.25370899393e-06, 2.61853529082e-06, 3.92226820622e-06, 8.67778799147e-05], "dvar": [1.85332135061e-06, 2.1061510779e-05, 1.33689618451e-05, 1.66322945461e-06, 7.92251194071e-06, 1.28399478854e-05, 6.29319310974e-06, 2.8712445328e-06, 6.85906661602e-06, 1.57588010552e-06, 2.43597037297e-06, 2.39818064074e-06, 6.78726109982e-07, 2.42075259393e-07, 2.4332217663e-07, 2.15440536522e-07, 1.10837856937e-06, 7.25178608718e-07, 2.21741387918e-07, 4.61922056161e-08, 2.38498216731e-08, 4.87060436427e-09, 5.24813734137e-11, 2.15046105922e-11, 5.69717103355e-12, 1.5737480763e-11, 1.04413286905e-08], "dvar2": [4.83398207507e-06, 5.43704591109e-05, 2.6361338314e-05, 4.19909247285e-06, 1.91844574147e-05, 2.99777511827e-05, 1.539173536e-05, 7.63696516515e-06, 1.83351639862e-05, 3.95028018829e-06, 5.96334348302e-06, 6.02502223046e-06, 1.57551266966e-06, 5.79658774313e-07, 5.7602517245e-07, 5.15545480084e-07, 2.56486327999e-06, 1.6358086441e-06, 5.17197634053e-07, 1.09902778433e-07, 4.85122093608e-08, 1.03706900845e-08, 1.19741744298e-10, 5.23432339139e-11, 1.52894381183e-11, 3.72685077243e-11, 2.05050572077e-08], "max": [0.0182673707604, 0.05075423792, 0.0845494568348, 0.0353959724307, 0.0519892647862, 0.0926442444324, 0.0572745464742, 0.0344734042883, 0.0634648054838, 0.0255569294095, 0.0296806879342, 0.0318794585764, 0.0157466195524, 0.0130207221955, 0.0174692869186, 0.0142540764064, 0.0167011395097, 0.0143992165104, 0.01013704855, 0.00644916063175, 0.00490842340514, 0.000960425182711, 0.000136205359013, 8.56417609612e-05, 2.12152390304e-05, 6.20810242253e-05, 0.00147914257832], "mean": [0.00131124362815, 0.00454604066908, 0.00260869739577, 0.00062448438257, 0.00213682185858, 0.00312137184665, 0.00184896658175, 0.00107416859828, 0.00203310488723, 0.00090382999042, 0.0009007875924, 0.0011017190991, 0.000726640690118, 0.000422873912612, 0.000376818090444, 0.000397815572796, 0.00105112756137, 0.00067757430952, 0.000342040439136, 9.56851290539e-05, 6.48686545901e-05, 5.15477840963e-05, 5.26254916622e-06, 3.0450974009e-06, 1.35662742196e-06, 2.96353505291e-06, 0.000129475520225], "median": [0.000611518335063, 0.00262112775818, 0.000557986437343, 0.000253241101746, 0.00111684924923, 0.00117224268615, 0.000808170123491, 0.000446895195637, 0.000850996584632, 0.000409021158703, 0.000289382558549, 0.000448356382549, 0.000379205390345, 0.000234970328165, 0.000201413000468, 0.000186920718988, 0.000488381832838, 0.000270792341325, 0.000149150844663, 3.11964176944e-05, 1.86828838196e-05, 1.93410269276e-05, 2.097387096e-06, 1.1653224874e-06, 4.45376656444e-07, 1.20250501823e-06, 7.28010345483e-05], "min": [8.66817816204e-25, 2.78830972775e-24, 1.68698910379e-24, 1.75154731091e-24, 7.07369049357e-24, 9.10268886231e-24, 5.19454453681e-24, 9.60010116179e-24, 1.66375545408e-23, 2.47963752743e-23, 1.60029301421e-23, 2.99809994908e-23, 2.41895708443e-23, 4.20897430178e-23, 5.58650656476e-23, 6.41094635899e-23, 3.66490356188e-23, 8.97519363613e-23, 1.35300171805e-22, 1.9176959957e-22, 2.95290553984e-22, 3.19058062156e-22, 4.31780050356e-22, 5.82247556122e-22, 9.39969395183e-22, 1.43008016852e-21, 1.96591751035e-21], "var": [3.06120955429e-06, 2.96326215903e-05, 4.1827246605e-05, 2.2058632112e-06, 1.17214813145e-05, 4.12379376939e-05, 1.19786791402e-05, 4.1559364945e-06, 1.25021178974e-05, 2.4496810056e-06, 4.05661967307e-06, 3.90721606891e-06, 1.20483719002e-06, 4.13989823755e-07, 3.95781285079e-07, 4.60080542553e-07, 2.24217228606e-06, 1.36088635827e-06, 3.78310517135e-07, 6.1328847778e-08, 3.22720445922e-08, 7.31375005003e-09, 7.65719640472e-11, 2.81833965887e-11, 5.49455749996e-12, 2.25202079207e-11, 2.70068447605e-08]}, "barkbands_crest": {"dmean": 2.98294639587, "dmean2": 4.9681353569, "dvar": 6.64106607437, "dvar2": 17.1568222046, "max": 24.8282527924, "mean": 9.17296218872, "median": 8.21424484253, "min": 2.63541603088, "var": 15.4280366898}, "barkbands_flatness_db": {"dmean": 0.0243898462504, "dmean2": 0.0379035696387, "dvar": 0.000429717620136, "dvar2": 0.00100632500835, "max": 0.364324897528, "mean": 0.134411856532, "median": 0.129460424185, "min": 0.0304406173527, "var": 0.00161832279991}, "barkbands_kurtosis": {"dmean": 2.32709336281, "dmean2": 3.70744514465, "dvar": 29.2137832642, "dvar2": 60.3778457642, "max": 193.473403931, "mean": 2.82090616226, "median": 0.966615915298, "min": -1.73375105858, "var": 83.2375488281}, "barkbands_skewness": {"dmean": 0.53503382206, "dmean2": 0.831846058369, "dvar": 0.300872445107, "dvar2": 0.64725112915, "max": 11.1840772629, "mean": 1.10344040394, "median": 0.9764316082, "min": -3.41183662415, "var": 1.21745276451}, "barkbands_spread": {"dmean": 6.29680919647, "dmean2": 9.75953292847, "dvar": 40.9696388245, "dvar2": 95.0860824585, "max": 108.583229065, "mean": 22.6444149017, "median": 20.8044528961, "min": 0.818308532238, "var": 123.444610596}, "dissonance": {"dmean": 0.0191031247377, "dmean2": 0.0325365588069, "dvar": 0.000356750562787, "dvar2": 0.00099927012343, "max": 0.499999880791, "mean": 0.469644278288, "median": 0.47628891468, "min": 0.285348892212, "var": 0.000608516391367}, "dynamic_complexity": 3.18905305862, "erbbands": {"dmean": [0.128561109304, 0.653141736984, 1.95207130909, 1.75144290924, 2.32548975945, 6.57430553436, 10.8151302338, 17.3607597351, 17.0807533264, 17.5530071259, 17.4749336243, 32.7175445557, 21.3001995087, 22.0876274109, 25.0354766846, 28.7798690796, 20.8528938293, 13.3897533417, 11.8216209412, 11.0746059418, 14.8259305954, 38.2636146545, 24.687379837, 16.6507072449, 6.70041704178, 3.07001948357, 2.1828789711, 1.77176320553, 1.64948987961, 0.273358345032, 0.107766479254, 0.0662470757961, 0.0374494455755, 0.0178385004401, 0.0107610300183, 0.00715404096991, 0.00522722955793, 0.00734121957794, 0.00535442121327, 0.00153890659567], "dmean2": [0.212531492114, 1.08868575096, 2.97953724861, 2.86670970917, 3.8303899765, 10.8517580032, 17.4813690186, 27.622341156, 27.6549034119, 28.8915195465, 28.6031112671, 54.8578300476, 35.1857528687, 35.4406929016, 39.611656189, 46.0734825134, 32.7631225586, 20.9083824158, 18.6531734467, 17.3808574677, 22.6559486389, 58.4786071777, 37.5090370178, 25.3466129303, 10.0146989822, 4.4842171669, 3.14016509056, 2.46887135506, 2.38062167168, 0.395116597414, 0.165734395385, 0.105663955212, 0.0611013174057, 0.0303860716522, 0.0184441171587, 0.011965405196, 0.00822388753295, 0.010256851092, 0.00726394169033, 0.00215780409053], "dvar": [0.0392308458686, 0.888909339905, 14.6413478851, 12.2142276764, 16.2619476318, 165.031280518, 474.796142578, 1324.27478027, 1282.06713867, 1270.87475586, 1242.03076172, 4603.70947266, 1686.7310791, 2234.8527832, 3125.69873047, 3814.96557617, 1244.0802002, 530.304931641, 536.438232422, 602.950439453, 724.603942871, 3804.90258789, 2213.62207031, 1047.9128418, 276.385223389, 73.1340789795, 58.9566879272, 19.4587516785, 9.63220119476, 0.208417713642, 0.0347595475614, 0.0137037038803, 0.00430371845141, 0.000751862186007, 0.000282652501483, 0.000124016849441, 7.85347001511e-05, 0.000157337985002, 0.000146905993461, 6.05078503213e-06], "dvar2": [0.101290404797, 2.30421805382, 27.6964550018, 30.0816707611, 40.9127159119, 407.381164551, 1153.20007324, 3046.29443359, 3115.55444336, 3314.98657227, 3289.19555664, 12288.5332031, 4441.56933594, 5491.71679688, 7621.8046875, 9690.04394531, 2902.55664062, 1219.31774902, 1244.94567871, 1391.45031738, 1715.53039551, 8764.53125, 5067.13183594, 2297.25048828, 621.226318359, 163.129089355, 119.566162109, 38.9027175903, 20.7261924744, 0.427251338959, 0.0791437104344, 0.0327937267721, 0.0107847619802, 0.00201223464683, 0.000758772192057, 0.000320978928357, 0.000183722338988, 0.000310752424411, 0.000275999627775, 1.24860389406e-05], "max": [2.2535469532, 10.0112848282, 86.5855331421, 87.6172790527, 79.6830749512, 221.990524292, 393.085754395, 1194.21643066, 1037.8984375, 887.550048828, 592.113708496, 1635.92370605, 640.254394531, 1221.60498047, 1075.10791016, 1582.96789551, 675.931640625, 617.503479004, 587.845031738, 958.120300293, 797.260986328, 1026.39575195, 788.591064453, 529.431030273, 459.931732178, 214.960357666, 243.372695923, 131.461837769, 45.3689193726, 7.32571458817, 3.50449490547, 1.80772805214, 1.17318499088, 0.270656019449, 0.149874553084, 0.14174169302, 0.140896305442, 0.185644179583, 0.299432247877, 0.0395441874862], "mean": [0.176876723766, 0.87047201395, 2.95695185661, 2.44710087776, 3.29889798164, 8.73783397675, 15.6665410995, 28.6176776886, 25.4176330566, 26.0156669617, 26.8162937164, 48.5808296204, 32.0626831055, 33.3885040283, 38.9259567261, 43.5364074707, 34.5161781311, 24.0536193848, 20.5184936523, 19.9634246826, 27.2877082825, 61.2260322571, 40.9768714905, 26.8345928192, 10.3883266449, 4.51171779633, 3.06274485588, 2.48828363419, 2.24528098106, 0.388934880495, 0.137992545962, 0.078629270196, 0.0419181846082, 0.0168592222035, 0.00967316981405, 0.00752326566726, 0.00644896598533, 0.0108132883906, 0.0091332225129, 0.00322137447074], "median": [0.0858549103141, 0.459178030491, 0.758124828339, 0.925701439381, 1.76220941544, 4.15311861038, 6.18970394135, 10.365694046, 10.9992790222, 12.5826206207, 12.8739519119, 20.7559146881, 15.6275119781, 15.0802793503, 14.1675739288, 19.1088542938, 19.4568214417, 14.319937706, 11.7481422424, 10.7788925171, 13.5561656952, 29.1014118195, 17.6769523621, 11.7949085236, 4.34420108795, 1.54530143738, 0.920760631561, 0.757539868355, 0.836567163467, 0.155442938209, 0.0555087327957, 0.0292617045343, 0.01623833552, 0.00628534518182, 0.00328618194908, 0.0030315881595, 0.00255671818741, 0.00438268249854, 0.00399209698662, 0.00183601514436], "min": [1.2269638335e-22, 6.18979646173e-22, 2.15350737144e-21, 6.4584893018e-21, 1.6206435985e-20, 2.08046344594e-20, 4.02190497278e-20, 7.87472647353e-20, 8.35515103459e-20, 1.90506674407e-19, 2.95401266939e-19, 3.60409313732e-19, 7.50147453455e-19, 6.86309686284e-19, 1.50457556658e-18, 1.45976833017e-18, 1.60298679502e-18, 2.10223134353e-18, 2.42599541876e-18, 3.15256915533e-18, 4.26961515442e-18, 2.84221409143e-18, 6.14296045258e-18, 7.07553173339e-18, 6.75772439256e-18, 9.56649681259e-18, 1.0417208232e-17, 1.20312584643e-17, 1.04499984987e-17, 1.19741788662e-17, 1.29261520818e-17, 1.05987851298e-17, 1.02969105284e-17, 8.66147767721e-18, 6.95814322394e-18, 4.64989861974e-18, 2.54340791644e-18, 9.18584794023e-19, 2.55542612696e-19, 2.669576793e-20], "var": [0.056745108217, 1.2345277071, 47.8765220642, 21.4477176666, 23.4585227966, 233.302963257, 819.503051758, 4915.61376953, 2714.56103516, 1879.66235352, 2015.32421875, 8161.98925781, 2416.67260742, 3754.62329102, 5972.85693359, 6084.36279297, 2244.50244141, 1042.72680664, 955.031616211, 1162.78222656, 1646.51489258, 7517.71777344, 4331.81494141, 2036.63989258, 469.362457275, 114.082984924, 80.7173843384, 29.0209941864, 14.2364025116, 0.358834654093, 0.0514778606594, 0.0186122022569, 0.00527980132028, 0.000754300912376, 0.00027368371957, 0.000141882992466, 0.000113618436444, 0.000277915387414, 0.000278452062048, 1.58771290444e-05]}, "erbbands_crest": {"dmean": 3.04434871674, "dmean2": 5.03824472427, "dvar": 7.6377530098, "dvar2": 19.7860984802, "max": 29.3980560303, "mean": 9.25743484497, "median": 8.2504863739, "min": 2.72348022461, "var": 17.3565368652}, "erbbands_flatness_db": {"dmean": 0.023665394634, "dmean2": 0.0369838327169, "dvar": 0.000378885190003, "dvar2": 0.000911787792575, "max": 0.373319923878, "mean": 0.182163357735, "median": 0.180788934231, "min": 0.0543919727206, "var": 0.00123871536925}, "erbbands_kurtosis": {"dmean": 1.05790221691, "dmean2": 1.70612287521, "dvar": 3.0919713974, "dvar2": 7.40178585052, "max": 42.6162567139, "mean": 0.249881237745, "median": -0.33071577549, "min": -1.80670452118, "var": 5.01602220535}, "erbbands_skewness": {"dmean": 0.439194887877, "dmean2": 0.676490843296, "dvar": 0.161806359887, "dvar2": 0.359138548374, "max": 3.85137462616, "mean": -0.00367209780961, "median": 0.00925026647747, "min": -4.12217283249, "var": 0.614497601986}, "erbbands_spread": {"dmean": 6.44075012207, "dmean2": 10.1049900055, "dvar": 33.6932373047, "dvar2": 81.8421859741, "max": 82.8016052246, "mean": 27.4147357941, "median": 26.8863296509, "min": 1.91761434078, "var": 103.106315613}, "gfcc": {"cov": [[20631.2363281, 1189.88171387, -1793.49707031, 28.7739772797, -53.0701942444, -539.346374512, 209.702713013, -238.000991821, 31.0577964783, -178.835159302, -75.5195770264, 58.4321594238, -81.8778457642], [1189.88171387, 872.633911133, -131.058334351, -182.660430908, 7.72052145004, -45.6250648499, 30.8873996735, -70.6409454346, 26.3799228668, -4.83853340149, 15.4526424408, -18.818447113, -2.63470435143], [-1793.49707031, -131.058334351, 434.38973999, 129.466690063, -15.3436079025, 151.616607666, -75.5166320801, 99.4833526611, -36.4962272644, 57.9648971558, -10.5451803207, -9.29710483551, -1.37147128582], [28.7739772797, -182.660430908, 129.466690063, 296.303100586, 124.292869568, -22.4353694916, 74.6818695068, -14.1334924698, 18.7847576141, -15.2921800613, -20.9358329773, 22.7702846527, -26.0613059998], [-53.0701942444, 7.72052145004, -15.3436079025, 124.292869568, 178.807388306, 4.01386928558, 86.9496536255, -45.1035079956, 18.831451416, -46.868927002, -0.963891208172, 8.38251113892, -7.23580789566], [-539.346374512, -45.6250648499, 151.616607666, -22.4353694916, 4.01386928558, 247.152633667, -33.1681900024, 75.2154006958, -73.8559188843, 24.8670330048, -16.2605171204, -18.0795383453, 12.0888128281], [209.702713013, 30.8873996735, -75.5166320801, 74.6818695068, 86.9496536255, -33.1681900024, 199.849365234, -45.2999649048, 42.5604133606, -33.487033844, -13.1624679565, 16.9187145233, -12.6786632538], [-238.000991821, -70.6409454346, 99.4833526611, -14.1334924698, -45.1035079956, 75.2154006958, -45.2999649048, 149.383468628, 18.9122104645, 40.8413352966, 15.7803668976, -6.12965297699, 16.3407764435], [31.0577964783, 26.3799228668, -36.4962272644, 18.7847576141, 18.831451416, -73.8559188843, 42.5604133606, 18.9122104645, 128.516357422, 39.7832107544, 13.7856559753, 18.3936920166, -4.79242563248], [-178.835159302, -4.83853340149, 57.9648971558, -15.2921800613, -46.868927002, 24.8670330048, -33.487033844, 40.8413352966, 39.7832107544, 100.572692871, 30.3957881927, -6.0559668541, 11.5959730148], [-75.5195770264, 15.4526424408, -10.5451803207, -20.9358329773, -0.963891208172, -16.2605171204, -13.1624679565, 15.7803668976, 13.7856559753, 30.3957881927, 68.0882034302, 27.3938236237, 7.28996706009], [58.4321594238, -18.818447113, -9.29710483551, 22.7702846527, 8.38251113892, -18.0795383453, 16.9187145233, -6.12965297699, 18.3936920166, -6.0559668541, 27.3938236237, 67.8096466064, 21.1987800598], [-81.8778457642, -2.63470435143, -1.37147128582, -26.0613059998, -7.23580789566, 12.0888128281, -12.6786632538, 16.3407764435, -4.79242563248, 11.5959730148, 7.28996706009, 21.1987800598, 62.3142929077]], "icov": [[0.000173832813744, -0.000391510286136, 0.00133627036121, -0.00121097406372, 0.000649457273539, -0.000285255053313, 0.00031502591446, -0.000526321353391, 0.000412347959355, -0.000298448838294, 0.000394123722799, -0.000316512974678, 0.000216490894672], [-0.000391510286136, 0.00244827708229, -0.00345578929409, 0.00479072378948, -0.00299138831906, 0.00146934471559, -0.00114229659084, 0.0014610827202, -0.000543981732335, -0.000341459963238, -0.000153453976964, 0.000218863540795, 0.000233867933275], [0.00133627036121, -0.00345578929409, 0.0155670437962, -0.0139568895102, 0.0076744328253, -0.00566776050255, 0.00424845423549, -0.00478874100372, 0.00249142944813, -0.00233665085398, 0.0020077265799, -0.00126546586398, 0.00104808108881], [-0.00121097406372, 0.00479072378948, -0.0139568895102, 0.0259867496789, -0.022757647559, 0.0144546693191, -0.00506552308798, -0.0042635970749, 0.0110930064693, -0.0154405906796, 0.0160494185984, -0.0149532137439, 0.0107489833608], [0.000649457273539, -0.00299138831906, 0.0076744328253, -0.022757647559, 0.0336210913956, -0.0191337857395, 0.00108357483987, 0.0130096059293, -0.0222784765065, 0.0290641784668, -0.0276190098375, 0.0238093417138, -0.016187697649], [-0.000285255053313, 0.00146934471559, -0.00566776050255, 0.0144546693191, -0.0191337857395, 0.0198978334665, -0.00302703725174, -0.0121109774336, 0.0203163791448, -0.0214709751308, 0.0207029692829, -0.0168644916266, 0.0109590953216], [0.00031502591446, -0.00114229659084, 0.00424845423549, -0.00506552308798, 0.00108357483987, -0.00302703725174, 0.00878675561398, 0.000933702511247, -0.0035879521165, 0.00243317917921, 0.000224711737246, -0.00022899704345, -8.05035961093e-05], [-0.000526321353391, 0.0014610827202, -0.00478874100372, -0.0042635970749, 0.0130096059293, -0.0121109774336, 0.000933702511247, 0.0213697999716, -0.0197615735233, 0.0184686835855, -0.0204713009298, 0.0177355483174, -0.0126672517508], [0.000412347959355, -0.000543981732335, 0.00249142944813, 0.0110930064693, -0.0222784765065, 0.0203163791448, -0.0035879521165, -0.0197615735233, 0.0385780781507, -0.0360030606389, 0.0305162835866, -0.028539724648, 0.0189424790442], [-0.000298448838294, -0.000341459963238, -0.00233665085398, -0.0154405906796, 0.0290641784668, -0.0214709751308, 0.00243317917921, 0.0184686835855, -0.0360030606389, 0.0521917119622, -0.0416036061943, 0.0353051945567, -0.0233480650932], [0.000394123722799, -0.000153453976964, 0.0020077265799, 0.0160494185984, -0.0276190098375, 0.0207029692829, 0.000224711737246, -0.0204713009298, 0.0305162835866, -0.0416036061943, 0.0558504611254, -0.0401078760624, 0.0226578060538], [-0.000316512974678, 0.000218863540795, -0.00126546586398, -0.0149532137439, 0.0238093417138, -0.0168644916266, -0.00022899704345, 0.0177355483174, -0.028539724648, 0.0353051945567, -0.0401078760624, 0.0494511500001, -0.026244873181], [0.000216490894672, 0.000233867933275, 0.00104808108881, 0.0107489833608, -0.016187697649, 0.0109590953216, -8.05035961093e-05, -0.0126672517508, 0.0189424790442, -0.0233480650932, 0.0226578060538, -0.026244873181, 0.032239459455]], "mean": [-28.0841789246, 116.57170105, -121.134422302, -0.142012581229, -13.5782928467, -27.0950756073, -3.98406767845, -7.62599182129, -0.480580449104, -9.49226760864, -2.27483272552, 6.55662965775, -7.07526016235]}, "hfc": {"dmean": 7.30111694336, "dmean2": 10.1750125885, "dvar": 78.9519271851, "dvar2": 157.552566528, "max": 128.24420166, "mean": 21.2877025604, "median": 18.1284122467, "min": 1.0991774503e-16, "var": 287.986175537}, "melbands": {"dmean": [0.000998944975436, 0.000920585880522, 0.000293555989629, 0.000322645239066, 0.000352185452357, 0.000378569791792, 0.000261106179096, 0.000185460594366, 0.000149773157318, 0.000216551416088, 0.000106780673377, 9.04973858269e-05, 8.61730150064e-05, 8.34917736938e-05, 6.6653941758e-05, 4.44819852419e-05, 2.4581402613e-05, 2.06909098779e-05, 1.80625156645e-05, 1.50673331518e-05, 1.94450112758e-05, 4.34981993749e-05, 2.90520038106e-05, 2.10775651794e-05, 1.39135599966e-05, 7.22109189155e-06, 3.10258178615e-06, 1.82426424544e-06, 1.45544993302e-06, 1.17057845728e-06, 1.06769255126e-06, 1.26615987028e-06, 2.62932502437e-07, 1.04919600119e-07, 6.32394261402e-08, 4.85629279012e-08, 3.77098565707e-08, 2.83947247937e-08, 1.88446485083e-08, 1.40668028337e-08], "dmean2": [0.00163866835646, 0.00143481616396, 0.000475293898489, 0.000529337790795, 0.000566016125958, 0.000601701845881, 0.00042393032345, 0.000304618588416, 0.000245659117354, 0.000363823695807, 0.000176780042239, 0.000145872370922, 0.000138062605402, 0.000134139423608, 0.000107362495328, 6.95386406733e-05, 3.91795983887e-05, 3.32214403898e-05, 2.89268755296e-05, 2.41672642005e-05, 3.05700486933e-05, 6.72456080792e-05, 4.43114804511e-05, 3.2822634239e-05, 2.16714379349e-05, 1.11134186227e-05, 4.70873101222e-06, 2.71967610388e-06, 2.1274536266e-06, 1.72526267761e-06, 1.53316102569e-06, 1.85383908047e-06, 3.83662381864e-07, 1.58233405045e-07, 9.84473089716e-08, 7.72985941921e-08, 6.05957097832e-08, 4.62801423851e-08, 3.17447792497e-08, 2.41390765154e-08], "dvar": [2.16691023525e-06, 2.37258632296e-06, 2.99417820315e-07, 3.38839157621e-07, 4.64473259854e-07, 5.59966792935e-07, 2.66951531103e-07, 1.47213626178e-07, 9.16418940733e-08, 2.06155746696e-07, 4.32105728976e-08, 3.64770649242e-08, 4.73234784693e-08, 3.15900230419e-08, 1.85634085881e-08, 7.05044422844e-09, 1.88530169254e-09, 1.80002102113e-09, 1.47589762634e-09, 1.06836972602e-09, 1.37170474979e-09, 5.14406250929e-09, 2.50362242049e-09, 1.88331883422e-09, 7.52020279382e-10, 2.7236518596e-10, 9.60787213677e-11, 2.75137412853e-11, 2.74972874331e-11, 1.56383447858e-11, 5.63076581889e-12, 6.08726740889e-12, 2.06715626062e-13, 3.37942191863e-14, 1.25533450686e-14, 7.74461451323e-15, 4.58467509426e-15, 2.79594140944e-15, 8.96236879402e-16, 4.84710104204e-16], "dvar2": [5.59285626878e-06, 4.78095444123e-06, 7.25573045202e-07, 8.51275501645e-07, 1.11622080112e-06, 1.29445720631e-06, 6.41722749606e-07, 3.89136971535e-07, 2.46993522524e-07, 5.51204379917e-07, 1.12951326514e-07, 8.99169876334e-08, 1.1783110665e-07, 7.71676695877e-08, 4.70570995503e-08, 1.56927768558e-08, 4.42641789888e-09, 4.27681312587e-09, 3.4594478393e-09, 2.53410381568e-09, 3.35872596402e-09, 1.21780550089e-08, 5.84679193949e-09, 4.31313873506e-09, 1.71404423988e-09, 6.42100650428e-10, 2.33406877159e-10, 6.33170668674e-11, 5.73776061386e-11, 3.2526425997e-11, 1.15416079471e-11, 1.34199656596e-11, 4.42924803822e-13, 7.47783386319e-14, 2.92217422135e-14, 1.83155001446e-14, 1.12252998983e-14, 7.03423381487e-15, 2.35095222708e-15, 1.30097230325e-15], "max": [0.0163715835661, 0.0316701978445, 0.0130833908916, 0.0110189029947, 0.0114278038964, 0.0229257885367, 0.0135041838512, 0.00943242758512, 0.00534011563286, 0.0114723583683, 0.00307751796208, 0.00468804500997, 0.00469042221084, 0.00346935400739, 0.00292145926505, 0.00196468667127, 0.00107132736593, 0.00104381307028, 0.0016689801123, 0.000865705660544, 0.000981759163551, 0.00109577330295, 0.000894276425242, 0.000695406808518, 0.000453785061836, 0.000560179469176, 0.000323203828884, 0.000150430074427, 0.00016193567717, 0.00013136540656, 5.23290509591e-05, 3.81673089578e-05, 6.65532706989e-06, 3.01204318021e-06, 2.11600149669e-06, 1.41957377764e-06, 1.09514735414e-06, 1.08413325961e-06, 3.99871453283e-07, 1.93732276443e-07], "mean": [0.00146126269829, 0.00140656065196, 0.000440471660113, 0.000440315401647, 0.000523250724655, 0.000626821594778, 0.000390658533433, 0.000272189907264, 0.000222297559958, 0.000314498553053, 0.000154881883645, 0.000132150235004, 0.000128127372591, 0.00012236321345, 9.70952605712e-05, 6.93546317052e-05, 4.09065905842e-05, 3.27483976434e-05, 2.91040778393e-05, 2.51088240475e-05, 3.28005735355e-05, 6.62346283207e-05, 4.61722192995e-05, 3.18339662044e-05, 2.11774149648e-05, 1.03851343738e-05, 4.31323314842e-06, 2.56431258094e-06, 1.96355108528e-06, 1.57124111411e-06, 1.44414491388e-06, 1.6696427565e-06, 3.61491771628e-07, 1.37959446533e-07, 7.9141564413e-08, 5.78793439843e-08, 4.35547882205e-08, 3.17733572786e-08, 1.92178060132e-08, 1.24700090254e-08], "median": [0.00085130170919, 0.00051347137196, 0.000179772352567, 0.000221876136493, 0.000225355208386, 0.000230619465583, 0.00017373423907, 0.000126299579279, 9.9116077763e-05, 0.000126655213535, 7.12278633728e-05, 5.78308354307e-05, 4.23697929364e-05, 4.81934148411e-05, 4.38005408796e-05, 3.49669426214e-05, 2.29264805967e-05, 1.72157197085e-05, 1.55001598614e-05, 1.1693664419e-05, 1.47032296809e-05, 2.96813996101e-05, 2.09511599678e-05, 1.22726642076e-05, 9.12770883588e-06, 4.41256224804e-06, 1.44910177369e-06, 8.33959120428e-07, 5.67421864162e-07, 4.3331345978e-07, 4.33655486631e-07, 6.12659050603e-07, 1.3880517713e-07, 5.42483604704e-08, 3.08462944076e-08, 2.12412185618e-08, 1.61785607133e-08, 1.20540120108e-08, 7.62821716904e-09, 4.08039557698e-09], "min": [8.08289366025e-25, 8.63449873177e-25, 1.72125584101e-24, 1.24993186191e-24, 1.61870274004e-24, 1.91904575248e-24, 1.18007822876e-24, 2.1498774974e-24, 2.16107892783e-24, 2.13896479007e-24, 3.88912291692e-24, 1.65020382953e-24, 3.26576877671e-24, 2.89987359241e-24, 3.64473538621e-24, 2.57841612619e-24, 3.58441355937e-24, 3.49625007017e-24, 3.41061961334e-24, 3.55975534519e-24, 3.62248122564e-24, 2.01414747056e-24, 4.25669778331e-24, 3.53299008354e-24, 4.70992795564e-24, 4.03095458566e-24, 4.55281881219e-24, 6.13006178406e-24, 5.15713320281e-24, 5.24505924488e-24, 5.52234976952e-24, 5.36269181648e-24, 6.37908387259e-24, 5.66472456898e-24, 6.38036340498e-24, 6.37972600537e-24, 5.49121461288e-24, 6.26850450634e-24, 5.85102827125e-24, 6.63265492754e-24], "var": [3.16758769259e-06, 7.07691424395e-06, 5.79186178129e-07, 4.85545967877e-07, 7.92873322553e-07, 2.0128959477e-06, 5.7125140529e-07, 2.1340493106e-07, 1.51367757439e-07, 3.65454042139e-07, 6.12583406223e-08, 6.06327219543e-08, 8.19571965849e-08, 5.06433508463e-08, 2.8436870636e-08, 1.33999638052e-08, 3.51313111935e-09, 3.00700886413e-09, 2.59390686708e-09, 2.05620453997e-09, 2.74159339675e-09, 9.2320293632e-09, 5.11923392565e-09, 3.24595594847e-09, 1.34242894578e-09, 4.32869851075e-10, 1.24317209305e-10, 3.98147279035e-11, 3.6046787083e-11, 2.06727690522e-11, 8.25701573087e-12, 8.48680674348e-12, 3.31961698798e-13, 5.13059511325e-14, 1.766597834e-14, 1.03901118598e-14, 5.96616677299e-15, 3.34633939516e-15, 9.68364699476e-16, 4.67088113132e-16]}, "melbands_crest": {"dmean": 4.21692562103, "dmean2": 6.90656661987, "dvar": 13.0143470764, "dvar2": 32.9042663574, "max": 35.0436401367, "mean": 13.7833604813, "median": 12.4938983917, "min": 1.59639036655, "var": 36.1628189087}, "melbands_flatness_db": {"dmean": 0.0312308799475, "dmean2": 0.0478211566806, "dvar": 0.00069591839565, "dvar2": 0.00156106974464, "max": 0.509230732918, "mean": 0.228359639645, "median": 0.225437819958, "min": 0.00382555229589, "var": 0.00332013354637}, "melbands_kurtosis": {"dmean": 4.45381355286, "dmean2": 7.03729200363, "dvar": 106.644645691, "dvar2": 217.160430908, "max": 335.907318115, "mean": 6.43049287796, "median": 2.79072260857, "min": -1.89828872681, "var": 283.625366211}, "melbands_skewness": {"dmean": 0.69395005703, "dmean2": 1.08660233021, "dvar": 0.523844003677, "dvar2": 1.16858875751, "max": 13.6838207245, "mean": 1.79530119896, "median": 1.55559873581, "min": -2.56735801697, "var": 1.86188781261}, "melbands_spread": {"dmean": 8.40203285217, "dmean2": 12.8942594528, "dvar": 92.6430206299, "dvar2": 204.293426514, "max": 265.715026855, "mean": 27.0057983398, "median": 22.8692131042, "min": 0.568896353245, "var": 389.544525146}, "mfcc": {"cov": [[8054.70898438, 983.946411133, -869.483520508, 458.3934021, -314.689178467, 123.780601501, -91.7261276245, 157.184127808, -38.4863929749, 28.6904392242, -79.0573654175, 111.913993835, -48.5697746277], [983.946411133, 1170.27929688, -152.472183228, -57.4062080383, -30.4313621521, -9.28408241272, -10.795501709, -21.6595306396, 3.29103207588, -32.6258621216, 73.2615509033, -30.4712238312, -2.11953258514], [-869.483520508, -152.472183228, 398.792694092, -78.0555038452, 96.0131225586, -22.8309860229, 28.9893302917, -28.5976295471, 12.2823238373, 21.5484218597, 25.6545162201, -6.89235591888, 12.3646869659], [458.3934021, -57.4062080383, -78.0555038452, 381.223480225, 1.85310065746, 62.5850105286, -9.84767436981, 50.1544876099, 24.1394062042, -24.06524086, 16.5147151947, 31.6876602173, -6.73659133911], [-314.689178467, -30.4313621521, 96.0131225586, 1.85310065746, 164.808273315, 14.237195015, 24.4696426392, 15.7696046829, 2.16605615616, -4.52824640274, 6.46039104462, -1.37449085712, 11.2532997131], [123.780601501, -9.28408241272, -22.8309860229, 62.5850105286, 14.237195015, 150.680007935, 65.9929122925, 27.6369228363, 19.1696987152, -10.0149650574, -25.2780513763, -1.99417901039, 0.521955609322], [-91.7261276245, -10.795501709, 28.9893302917, -9.84767436981, 24.4696426392, 65.9929122925, 129.445327759, 42.3054389954, 8.463804245, -9.19310379028, -29.693655014, -10.6800432205, 12.8666715622], [157.184127808, -21.6595306396, -28.5976295471, 50.1544876099, 15.7696046829, 27.6369228363, 42.3054389954, 112.358070374, 25.7184581757, -15.4616107941, -10.7079124451, 6.4535741806, 7.68982791901], [-38.4863929749, 3.29103207588, 12.2823238373, 24.1394062042, 2.16605615616, 19.1696987152, 8.463804245, 25.7184581757, 85.0577087402, 25.5195522308, 10.4699459076, 2.66503977776, 4.78977537155], [28.6904392242, -32.6258621216, 21.5484218597, -24.06524086, -4.52824640274, -10.0149650574, -9.19310379028, -15.4616107941, 25.5195522308, 94.048248291, 20.712852478, 10.6462097168, -3.46198177338], [-79.0573654175, 73.2615509033, 25.6545162201, 16.5147151947, 6.46039104462, -25.2780513763, -29.693655014, -10.7079124451, 10.4699459076, 20.712852478, 97.3434371948, 19.3614616394, -1.71311175823], [111.913993835, -30.4712238312, -6.89235591888, 31.6876602173, -1.37449085712, -1.99417901039, -10.6800432205, 6.4535741806, 2.66503977776, 10.6462097168, 19.3614616394, 65.8439483643, 22.8083095551], [-48.5697746277, -2.11953258514, 12.3646869659, -6.73659133911, 11.2532997131, 0.521955609322, 12.8666715622, 7.68982791901, 4.78977537155, -3.46198177338, -1.71311175823, 22.8083095551, 57.6636314392]], "icov": [[0.000221162481466, -0.000216552754864, 0.00023172024521, -0.000207293633139, 0.000214048850466, -0.000118313306302, 0.000201808288693, -0.0003531317343, 0.000314916251227, -0.000415657152189, 0.000437219394371, -0.000425916950917, 0.0001961238886], [-0.000216552754864, 0.00127968052402, 0.000373294751626, 0.000487197947223, -0.000258683605352, 7.70225669839e-05, -0.000450922612799, 0.000696843373589, -0.000615304568782, 0.00101384962909, -0.00173378631007, 0.00116482551675, -0.000501284375787], [0.00023172024521, 0.000373294751626, 0.00397073430941, 0.000356444652425, -0.0017336133169, 0.000678612210322, -0.00125439336989, 0.00116955500562, -0.000694269547239, -0.000303963024635, -0.00105507415719, 0.000143830111483, -0.00019360378792], [-0.000207293633139, 0.000487197947223, 0.000356444652425, 0.00372890965082, -0.000430058134953, -0.00152137316763, 0.000887322763447, -0.000751153042074, -0.00105353281833, 0.00164078956004, -0.00144707120489, -0.00108199031092, 0.000773385108914], [0.000214048850466, -0.000258683605352, -0.0017336133169, -0.000430058134953, 0.00773600442335, -0.000880517589394, 2.65213056991e-05, -0.00172550999559, 0.00112931546755, -0.00020209448121, -0.000166538069607, 0.000227793236263, -0.000986263970844], [-0.000118313306302, 7.70225669839e-05, 0.000678612210322, -0.00152137316763, -0.000880517589394, 0.0102759329602, -0.00553159881383, 0.00141553056892, -0.00231951894239, 0.000698257703334, 0.00134772679303, -0.000530254561454, 0.00118862930685], [0.000201808288693, -0.000450922612799, -0.00125439336989, 0.000887322763447, 2.65213056991e-05, -0.00553159881383, 0.0133893601596, -0.00495194131508, 0.00154708127957, -0.00103787193075, 0.0024702870287, 0.00163154792972, -0.00251906807534], [-0.0003531317343, 0.000696843373589, 0.00116955500562, -0.000751153042074, -0.00172550999559, 0.00141553056892, -0.00495194131508, 0.0134817892686, -0.00487302616239, 0.00322338286787, -0.00052919331938, -0.000859834137373, -5.67074130231e-05], [0.000314916251227, -0.000615304568782, -0.000694269547239, -0.00105353281833, 0.00112931546755, -0.00231951894239, 0.00154708127957, -0.00487302616239, 0.01596865803, -0.00571404583752, -0.000463159347419, 0.00134835008066, -0.00184288900346], [-0.000415657152189, 0.00101384962909, -0.000303963024635, 0.00164078956004, -0.00020209448121, 0.000698257703334, -0.00103787193075, 0.00322338286787, -0.00571404583752, 0.0146239735186, -0.00314388633706, -0.0019484834047, 0.00180879049003], [0.000437219394371, -0.00173378631007, -0.00105507415719, -0.00144707120489, -0.000166538069607, 0.00134772679303, 0.0024702870287, -0.00052919331938, -0.000463159347419, -0.00314388633706, 0.0153125803918, -0.00523369619623, 0.00227616820484], [-0.000425916950917, 0.00116482551675, 0.000143830111483, -0.00108199031092, 0.000227793236263, -0.000530254561454, 0.00163154792972, -0.000859834137373, 0.00134835008066, -0.0019484834047, -0.00523369619623, 0.0226196814328, -0.0100936917588], [0.0001961238886, -0.000501284375787, -0.00019360378792, 0.000773385108914, -0.000986263970844, 0.00118862930685, -0.00251906807534, -5.67074130231e-05, -0.00184288900346, 0.00180879049003, 0.00227616820484, -0.0100936917588, 0.0226937122643]], "mean": [-674.737426758, 172.171722412, -42.7925682068, 35.0897369385, -1.2601454258, 0.896167099476, -3.34720158577, 11.1823368073, 0.877706766129, -8.13836574554, 9.18486785889, 5.452937603, -3.09313035011]}, "pitch_salience": {"dmean": 0.0801468938589, "dmean2": 0.130640044808, "dvar": 0.00493967765942, "dvar2": 0.0124595016241, "max": 0.977976322174, "mean": 0.586145341396, "median": 0.601130843163, "min": 0.102117113769, "var": 0.0127736879513}, "silence_rate_20dB": {"dmean": 0, "dmean2": 0, "dvar": 0, "dvar2": 0, "max": 1, "mean": 1, "median": 1, "min": 1, "var": 0}, "silence_rate_30dB": {"dmean": 0, "dmean2": 0, "dvar": 0, "dvar2": 0, "max": 1, "mean": 1, "median": 1, "min": 1, "var": 0}, "silence_rate_60dB": {"dmean": 0.012727541849, "dmean2": 0.0254588518292, "dvar": 0.0125647978857, "dvar2": 0.0328014157712, "max": 1, "mean": 0.0556377619505, "median": 0, "min": 0, "var": 0.0525420531631}, "spectral_centroid": {"dmean": 281.070526123, "dmean2": 414.802856445, "dvar": 89293.71875, "dvar2": 176571.484375, "max": 11813.7431641, "mean": 1412.78857422, "median": 1254.16723633, "min": 160.589950562, "var": 1097717.625}, "spectral_complexity": {"dmean": 4.33180427551, "dmean2": 6.09236240387, "dvar": 17.6059551239, "dvar2": 30.4528274536, "max": 58, "mean": 22.7883987427, "median": 23, "min": 0, "var": 112.527442932}, "spectral_contrast_coeffs": {"dmean": [0.0572100654244, 0.0525562465191, 0.0421005748212, 0.0292683262378, 0.0294280573726, 0.0507312938571], "dmean2": [0.0936515256763, 0.0870596915483, 0.0706047788262, 0.0482375621796, 0.0470396131277, 0.0798897147179], "dvar": [0.0020548927132, 0.00169545225799, 0.00111268484034, 0.000551015371457, 0.000565644761082, 0.00176678912248], "dvar2": [0.0054898862727, 0.00467413570732, 0.00303865433671, 0.0014487063745, 0.00137492781505, 0.00415841350332], "max": [-0.374400943518, -0.427644044161, -0.526600003242, -0.605617642403, -0.59240925312, -0.491156846285], "mean": [-0.69622272253, -0.753885388374, -0.787773251534, -0.807045757771, -0.752340018749, -0.724860787392], "median": [-0.701948881149, -0.760241985321, -0.793557286263, -0.810008704662, -0.751147985458, -0.722826242447], "min": [-0.978600203991, -0.987832188606, -0.994135975838, -0.980452299118, -0.979609251022, -0.965083003044], "var": [0.00702698808163, 0.00518635846674, 0.00360683514737, 0.00181916716974, 0.00237154541537, 0.00513607310131]}, "spectral_contrast_valleys": {"dmean": [0.42245721817, 0.349538654089, 0.321411252022, 0.278678119183, 0.345967173576, 0.694390118122], "dmean2": [0.685055077076, 0.56500005722, 0.498738527298, 0.406478226185, 0.462717682123, 1.11509096622], "dvar": [0.124860905111, 0.0917967930436, 0.079336501658, 0.0674551874399, 0.123972475529, 0.329577416182], "dvar2": [0.290215700865, 0.205357387662, 0.159467622638, 0.115826539695, 0.200812131166, 0.895174920559], "max": [-5.28498458862, -4.84372711182, -5.21746969223, -5.77884531021, -5.366294384, -9.50993442535], "mean": [-7.33503055573, -6.58227014542, -7.02286624908, -7.48787307739, -7.81668376923, -11.6544036865], "median": [-7.01246643066, -6.23524856567, -6.69617938995, -7.15407133102, -7.52474784851, -11.4089336395], "min": [-28.1565113068, -28.0861854553, -27.8343925476, -27.6304225922, -27.4637413025, -27.3888969421], "var": [4.52440881729, 4.76632833481, 4.60431289673, 4.41102600098, 4.41626930237, 3.13917732239]}, "spectral_decrease": {"dmean": 2.0238311027e-09, "dmean2": 3.06858227717e-09, "dvar": 4.06848867002e-18, "dvar2": 9.05851940816e-18, "max": 1.77097383403e-28, "mean": -6.53512755022e-09, "median": -6.20565021592e-09, "min": -2.69339217596e-08, "var": 1.70667626295e-17}, "spectral_energy": {"dmean": 0.00805540569127, "dmean2": 0.0121060460806, "dvar": 6.26275796094e-05, "dvar2": 0.000137671988341, "max": 0.102904215455, "mean": 0.0265959184617, "median": 0.0255041588098, "min": 9.96798197684e-21, "var": 0.000274133024504}, "spectral_energyband_high": {"dmean": 0.000165782956174, "dmean2": 0.000224770337809, "dvar": 1.19344534255e-07, "dvar2": 2.27106582429e-07, "max": 0.00882970355451, "mean": 0.000287614151603, "median": 0.00013455899898, "min": 7.0394984599e-21, "var": 2.24146802452e-07}, "spectral_energyband_low": {"dmean": 0.00486503820866, "dmean2": 0.00766019010916, "dvar": 4.21865443059e-05, "dvar2": 9.57834927249e-05, "max": 0.0990562140942, "mean": 0.00850124843419, "median": 0.00490384362638, "min": 1.68269868654e-23, "var": 0.000102597339719}, "spectral_energyband_middle_high": {"dmean": 0.00269992719404, "dmean2": 0.00388306914829, "dvar": 1.16695982797e-05, "dvar2": 2.55481554632e-05, "max": 0.0409454703331, "mean": 0.00683741364628, "median": 0.00504059856758, "min": 1.23871740661e-21, "var": 4.00798380724e-05}, "spectral_energyband_middle_low": {"dmean": 0.00453368574381, "dmean2": 0.00713369110599, "dvar": 3.05494286295e-05, "dvar2": 7.44438220863e-05, "max": 0.096218302846, "mean": 0.0110851442441, "median": 0.00844197254628, "min": 1.48284935901e-22, "var": 0.000108605643618}, "spectral_entropy": {"dmean": 0.152235284448, "dmean2": 0.22949410975, "dvar": 0.0191577728838, "dvar2": 0.0419086329639, "max": 9.81867218018, "mean": 7.42635059357, "median": 7.42189121246, "min": 5.86843061447, "var": 0.118560232222}, "spectral_flux": {"dmean": 0.021061077714, "dmean2": 0.0335951596498, "dvar": 0.000392718531657, "dvar2": 0.000940415426157, "max": 0.223149418831, "mean": 0.0929400622845, "median": 0.0954239889979, "min": 6.49728881807e-11, "var": 0.00141915562563}, "spectral_kurtosis": {"dmean": 2.72845578194, "dmean2": 4.31562900543, "dvar": 6.94231987, "dvar2": 16.6349983215, "max": 60.4233856201, "mean": 13.5643081665, "median": 13.1043167114, "min": -1.25400102139, "var": 18.4214954376}, "spectral_rms": {"dmean": 0.000774581276346, "dmean2": 0.00114580662921, "dvar": 4.92825336096e-07, "dvar2": 1.01817431641e-06, "max": 0.0100196981803, "mean": 0.00476233754307, "median": 0.00498819630593, "min": 3.1184707594e-12, "var": 3.26730855704e-06}, "spectral_rolloff": {"dmean": 432.2628479, "dmean2": 706.619567871, "dvar": 280474.8125, "dvar2": 556451.75, "max": 19336.8164062, "mean": 1539.60876465, "median": 1184.32617188, "min": 64.599609375, "var": 3721770}, "spectral_skewness": {"dmean": 0.263437241316, "dmean2": 0.406802535057, "dvar": 0.06105119735, "dvar2": 0.134274855256, "max": 4.81269073486, "mean": 2.15071082115, "median": 2.14403510094, "min": -0.108457647264, "var": 0.21485003829}, "spectral_spread": {"dmean": 376870.875, "dmean2": 606703.3125, "dvar": 352127975424, "dvar2": 742442401792, "max": 42916568, "mean": 3030859, "median": 2640414, "min": 1172165, "var": 12366353793000.0}, "spectral_strongpeak": {"dmean": 0.614076793194, "dmean2": 1.0