{"lowlevel": {"average_loudness": 0.901648104191, "barkbands": {"dmean": [4.7309382353e-05, 0.000874558871146, 0.00066176452674, 0.000768459460232, 0.00097910745535, 0.00136915093753, 0.00154225260485, 0.00132493546698, 0.000938897021115, 0.000423067889642, 0.000268375501037, 0.000366059975931, 0.000348957342794, 0.000159442366567, 0.000110052264063, 0.000109581007564, 0.000113708265417, 6.24157837592e-05, 7.55129585741e-05, 2.04235293495e-05, 1.25809501696e-05, 1.13848955152e-05, 5.21333913639e-06, 3.94678227167e-06, 1.85651060747e-06, 3.02459028489e-07, 9.92246507181e-10], "dmean2": [7.03556797816e-05, 0.00119045062456, 0.00103845074773, 0.00123573944438, 0.0015178557951, 0.00211235322058, 0.00238658604212, 0.00193776038941, 0.00143435155042, 0.000674195354804, 0.000395603128709, 0.000539898057468, 0.000520352332387, 0.000238969005295, 0.000167295947904, 0.000173971813638, 0.000181263807463, 9.67597588897e-05, 0.000113818379759, 3.14133576467e-05, 1.8299322619e-05, 1.61885509442e-05, 7.94271909399e-06, 6.10432607573e-06, 2.84691282104e-06, 4.73482089092e-07, 1.82491077805e-09], "dvar": [5.60799140459e-09, 2.14296551349e-06, 1.63647382578e-06, 1.96165228772e-06, 4.42361033492e-06, 1.0097219274e-05, 1.31229626277e-05, 1.16393111966e-05, 4.92019580633e-06, 1.57430292802e-06, 1.00364911759e-06, 1.9723195237e-06, 2.11227074942e-06, 2.24170321417e-07, 7.56223599296e-08, 1.02316320749e-07, 3.8568674654e-07, 2.67369735241e-08, 2.79700262951e-08, 4.0321630479e-09, 2.49676235242e-09, 2.06919081869e-09, 5.91246274162e-10, 1.94855936941e-10, 1.04805927825e-10, 4.91246886919e-12, 2.18862146632e-18], "dvar2": [1.2458657217e-08, 4.09957419834e-06, 4.43772387371e-06, 5.45078319192e-06, 1.02508611235e-05, 2.37629301409e-05, 2.95649278996e-05, 2.39100645558e-05, 1.13098612928e-05, 4.00868111683e-06, 1.90797481991e-06, 3.8352577576e-06, 4.93473908136e-06, 4.36741601106e-07, 1.68676962176e-07, 2.6733388836e-07, 1.00294403182e-06, 6.46740261345e-08, 6.36309565039e-08, 7.51663797871e-09, 5.76503556005e-09, 3.77521747197e-09, 1.21381227292e-09, 4.40970149285e-10, 2.72978140092e-10, 1.26714767151e-11, 6.71719088818e-18], "max": [0.00169461639598, 0.0589230209589, 0.0213195607066, 0.0221055708826, 0.0598026700318, 0.0704875513911, 0.0657374635339, 0.0748265460134, 0.0621270164847, 0.0259952116758, 0.0326360352337, 0.0597502738237, 0.0502223894, 0.0149271599948, 0.0059206369333, 0.0131604978815, 0.0309796519578, 0.00547304702923, 0.00484443129972, 0.00336748478003, 0.00239291065373, 0.00196989299729, 0.00113145157229, 0.000664528575726, 0.000676737341564, 0.00014446960995, 1.5610551074e-08], "mean": [0.000153146131197, 0.00535353086889, 0.00175868649967, 0.00124898459762, 0.00200043106452, 0.00273144454695, 0.00307608558796, 0.00268512801267, 0.00210130563937, 0.00075611990178, 0.000508919591084, 0.000744292454328, 0.000774338783231, 0.000313518976327, 0.000266676419415, 0.000287688337266, 0.000218548433622, 0.000147172584548, 0.000215755586396, 4.43019525846e-05, 2.73270561593e-05, 2.61273507931e-05, 1.13963078547e-05, 9.51707534114e-06, 4.21047707277e-06, 4.87314309794e-07, 8.62160731696e-10], "median": [5.82086940994e-05, 0.00552166998386, 0.00111618707888, 0.000485941418447, 0.0007438751054, 0.000553881691303, 0.000475188193377, 0.000346499640727, 0.000294005934848, 6.9204288593e-05, 3.36465018336e-05, 6.66006599204e-05, 5.30077668373e-05, 6.02133804932e-05, 2.17476826947e-05, 2.94926958304e-05, 3.27357047354e-05, 2.15339841816e-05, 4.38501192548e-05, 1.37964443638e-05, 4.43270164396e-06, 2.6250056635e-06, 2.22655603466e-06, 1.38080497436e-06, 9.95793129732e-07, 9.29098433744e-08, 3.44539480279e-10], "min": [1.69255597687e-23, 2.90371999929e-23, 5.61020583962e-23, 6.80013561974e-23, 5.16539841406e-23, 1.06080271627e-22, 3.79855994951e-23, 8.22660313348e-23, 5.1876521802e-23, 1.43613427838e-22, 8.57087844083e-23, 3.32638220598e-23, 1.52763860929e-22, 1.95857842812e-22, 1.11497676075e-22, 7.21060266792e-23, 1.2006644731e-22, 2.14339414939e-22, 3.09802489684e-22, 3.28792252317e-22, 4.67809309516e-22, 3.92578661589e-22, 7.78788123338e-22, 1.13701235951e-21, 1.36302643622e-21, 1.54795512237e-21, 2.46556287311e-21], "var": [2.77949006033e-08, 1.26862996694e-05, 4.28449493484e-06, 3.78444406124e-06, 1.33651128635e-05, 3.52129172825e-05, 4.3476040446e-05, 4.09055392083e-05, 1.89327711269e-05, 3.99870395995e-06, 3.25507767229e-06, 6.3399170358e-06, 1.01892219391e-05, 7.84483063399e-07, 3.50786450554e-07, 4.41676604623e-07, 9.31803128879e-07, 1.40643180657e-07, 2.03114097985e-07, 1.21169279055e-08, 5.58827517594e-09, 8.46296543955e-09, 1.73570313677e-09, 8.09906752774e-10, 1.37168790215e-10, 4.70291947746e-12, 1.79874146512e-18]}, "barkbands_crest": {"dmean": 2.08335542679, "dmean2": 3.25563073158, "dvar": 3.64334702492, "dvar2": 8.93785190582, "max": 25.605304718, "mean": 11.9833097458, "median": 11.4269046783, "min": 3.62310814857, "var": 16.510471344}, "barkbands_flatness_db": {"dmean": 0.0166372284293, "dmean2": 0.0249529052526, "dvar": 0.000253405625699, "dvar2": 0.000516292348038, "max": 0.500734388828, "mean": 0.233343049884, "median": 0.22846737504, "min": 0.0634276121855, "var": 0.00289479806088}, "barkbands_kurtosis": {"dmean": 3.06759667397, "dmean2": 4.62474250793, "dvar": 52.8244781494, "dvar2": 78.8307037354, "max": 841.063110352, "mean": 7.96546554565, "median": 2.77975058556, "min": -1.91673469543, "var": 900.00402832}, "barkbands_skewness": {"dmean": 0.436026096344, "dmean2": 0.652535140514, "dvar": 0.226983368397, "dvar2": 0.461603492498, "max": 23.1094608307, "mean": 1.64116644859, "median": 1.40709614754, "min": -4.79597902298, "var": 2.68576622009}, "barkbands_spread": {"dmean": 2.74513840675, "dmean2": 4.24619245529, "dvar": 12.8856906891, "dvar2": 27.0271091461, "max": 82.013343811, "mean": 12.6381120682, "median": 10.6117238998, "min": 0.302033782005, "var": 81.5796813965}, "dissonance": {"dmean": 0.0342038311064, "dmean2": 0.0579308196902, "dvar": 0.000973352813162, "dvar2": 0.00272653298452, "max": 0.499813079834, "mean": 0.414515703917, "median": 0.424468010664, "min": 0.160186335444, "var": 0.00274595106021}, "dynamic_complexity": 4.54842281342, "erbbands": {"dmean": [0.0200096908957, 0.216690674424, 0.605659008026, 1.86557614803, 1.80381679535, 2.96676301956, 7.2756357193, 12.8558349609, 24.1910438538, 19.6971797943, 24.6224822998, 23.0476665497, 14.9646911621, 8.94898605347, 13.365571022, 12.7868919373, 15.9909725189, 8.31814098358, 5.91626214981, 5.18903446198, 5.81364154816, 6.81228923798, 2.89177703857, 4.30988264084, 2.35068869591, 0.831918537617, 0.481798827648, 0.526131510735, 0.41378352046, 0.229979768395, 0.138580814004, 0.0844658687711, 0.0679262056947, 0.0277068410069, 0.0111165298149, 0.00244023231789, 0.000407712825108, 2.54783553828e-05, 2.9996374451e-06, 6.27640156381e-06], "dmean2": [0.0287005379796, 0.295929014683, 0.95029348135, 2.97448134422, 2.79738283157, 4.60357666016, 11.6413431168, 19.8108901978, 38.7567825317, 29.4985656738, 34.8690567017, 35.406703949, 23.4481811523, 13.5326862335, 19.323802948, 18.6602516174, 23.7104358673, 11.9383621216, 8.85132980347, 7.90933132172, 9.02923774719, 10.7121601105, 4.65420246124, 6.40583133698, 3.47834587097, 1.27760839462, 0.708466053009, 0.746952116489, 0.575765252113, 0.339410573244, 0.205959096551, 0.126555636525, 0.10561029613, 0.0428140349686, 0.0172845683992, 0.00387023808435, 0.000635102041997, 3.97375952161e-05, 4.41223528469e-06, 9.2891687018e-06], "dvar": [0.00206217472441, 0.113858267665, 1.30343091488, 11.3808431625, 9.43600082397, 52.3199462891, 254.240768433, 1071.64807129, 3503.41357422, 2820.72143555, 4767.66992188, 3572.65625, 1449.10876465, 693.675476074, 2342.25097656, 3331.78637695, 4521.359375, 635.821594238, 221.336486816, 222.914916992, 306.086486816, 1734.27502441, 70.2414169312, 89.0777206421, 31.0848941803, 7.35078763962, 6.54739570618, 3.39234638214, 2.91158771515, 1.15438723564, 0.474185138941, 0.133439362049, 0.0533240474761, 0.0141651928425, 0.00410646013916, 0.000658696109895, 4.33676677858e-06, 2.40249384831e-08, 2.37808991249e-11, 6.27558213728e-11], "dvar2": [0.00415636366233, 0.215350016952, 3.38729453087, 31.7967510223, 23.1627826691, 116.766792297, 625.992614746, 2517.31176758, 8852.03710938, 6395.07617188, 9646.28710938, 8538.00097656, 3623.49511719, 1391.9342041, 4387.17333984, 6925.40380859, 11192.7089844, 1199.86364746, 447.14151001, 517.108093262, 814.366882324, 4524.05566406, 193.429656982, 192.359786987, 70.2367477417, 13.9214553833, 15.0277490616, 6.53272294998, 5.05740880966, 2.38825035095, 1.00641894341, 0.283822596073, 0.125517725945, 0.0351287126541, 0.0108546167612, 0.00182268163189, 1.00367324194e-05, 5.5209177674e-08, 5.47573375531e-11, 1.37286418345e-10], "max": [1.79175686836, 12.794760704, 18.6354064941, 51.012096405, 64.7386169434, 211.26385498, 428.781555176, 720.345703125, 1087.87573242, 1553.15429688, 1844.14575195, 1967.20898438, 998.842346191, 1299.74304199, 1617.85656738, 2829.75610352, 2268.98754883, 803.529418945, 505.449432373, 392.232543945, 898.575500488, 2141.13232422, 334.710754395, 256.239349365, 213.8230896, 164.785980225, 154.195220947, 54.386013031, 72.2539520264, 60.5900230408, 35.519985199, 20.4932899475, 8.61786842346, 7.22724103928, 4.20101499557, 1.67044270039, 0.120201528072, 0.00666930805892, 0.000216759406612, 0.000126311759232], "mean": [0.154022499919, 1.19372725487, 2.15060353279, 3.38597416878, 3.51975917816, 6.0620598793, 14.55311203, 26.996963501, 50.2324562073, 42.4094963074, 55.0076522827, 50.8887443542, 30.9084815979, 17.2290000916, 27.6523456573, 27.8419933319, 38.5911750793, 18.5399436951, 14.3461637497, 14.9424200058, 16.3632297516, 14.1772956848, 7.18975162506, 12.8193874359, 6.80905485153, 2.03860497475, 1.07093322277, 1.22153425217, 1.03753292561, 0.497435480356, 0.309234917164, 0.201787367463, 0.156350180507, 0.0646709799767, 0.0234830062836, 0.00434617651626, 0.000637621968053, 3.65086416423e-05, 1.38967052408e-05, 2.92014465231e-05], "median": [0.138784646988, 1.21589875221, 1.45752346516, 1.68542897701, 1.6838876009, 1.83335494995, 3.81680512428, 4.94272089005, 8.45165634155, 9.88430213928, 8.37877750397, 7.84343004227, 6.05162286758, 2.73763680458, 2.9458360672, 2.44936966896, 2.88972473145, 3.18691682816, 3.1208987236, 1.50475108624, 2.3673593998, 2.35532999039, 1.55962216854, 2.55330920219, 1.686429739, 0.631632387638, 0.259573429823, 0.168072968721, 0.0960877463222, 0.0906543210149, 0.0570479035378, 0.0286315642297, 0.0213533062488, 0.0130842551589, 0.00560887064785, 0.00109466759022, 8.21851426736e-05, 5.93851609665e-06, 1.12019815788e-05, 2.35180141317e-05], "min": [1.66573980529e-21, 4.03711919915e-21, 3.59113709786e-20, 2.08711989111e-19, 1.1599504616e-19, 2.61407116444e-19, 3.41514802481e-19, 1.01214708971e-18, 5.33438695772e-19, 8.91811749329e-19, 1.93676358136e-18, 9.9853976184e-19, 3.31400275765e-18, 4.46668059561e-18, 3.46353798725e-18, 1.70921436326e-18, 6.51151615118e-18, 1.04479512267e-17, 7.03262173912e-18, 4.97223229289e-18, 4.33644927997e-18, 6.80678116596e-18, 7.53357638015e-18, 2.0086309355e-17, 1.41909683139e-17, 1.62698750253e-17, 1.61318334703e-17, 1.73601751733e-17, 1.35329130494e-17, 1.72335933785e-17, 2.19258084904e-17, 1.97394692154e-17, 2.2464389096e-17, 1.66749552974e-17, 9.31775781213e-18, 5.87716498789e-18, 2.92150679777e-18, 1.05086410546e-18, 3.30955273275e-19, 4.02137409084e-20], "var": [0.0139076076448, 0.678379833698, 4.63922214508, 20.6776103973, 27.3588142395, 153.718795776, 773.077270508, 3988.37426758, 11543.1357422, 9629.61621094, 18893.6191406, 11883.0390625, 4772.14306641, 2027.35144043, 7564.60498047, 10170.1777344, 23376.7832031, 2403.94750977, 895.946105957, 1065.62353516, 1445.33789063, 4117.90869141, 301.931335449, 600.522644043, 201.268661499, 22.5392532349, 10.0754776001, 12.1767177582, 13.4322547913, 3.43882536888, 1.35674679279, 0.52303814888, 0.228457227349, 0.027923187241, 0.00489370711148, 0.000490746519063, 6.20274477114e-06, 3.1852081861e-08, 1.15863103833e-10, 4.60352422849e-10]}, "erbbands_crest": {"dmean": 3.13115096092, "dmean2": 5.09399652481, "dvar": 7.51768827438, "dvar2": 19.3732948303, "max": 33.6852149963, "mean": 13.0038843155, "median": 12.1597995758, "min": 2.48058247566, "var": 27.0121879578}, "erbbands_flatness_db": {"dmean": 0.0170878451318, "dmean2": 0.0258111432195, "dvar": 0.000243179238169, "dvar2": 0.000508108816575, "max": 0.392558127642, "mean": 0.229732379317, "median": 0.229128628969, "min": 0.0410431176424, "var": 0.00184177199844}, "erbbands_kurtosis": {"dmean": 1.51573705673, "dmean2": 2.42542862892, "dvar": 7.66090583801, "dvar2": 19.9442882538, "max": 78.7216567993, "mean": 1.86501955986, "median": 0.837228000164, "min": -1.80926692486, "var": 16.623790741}, "erbbands_skewness": {"dmean": 0.424566030502, "dmean2": 0.664313137531, "dvar": 0.155495241284, "dvar2": 0.390764445066, "max": 4.29966783524, "mean": 0.53601360321, "median": 0.612173378468, "min": -7.75277423859, "var": 1.066598773}, "erbbands_spread": {"dmean": 5.08851623535, "dmean2": 7.77637147903, "dvar": 35.8790512085, "dvar2": 72.4767227173, "max": 162.903213501, "mean": 25.6883792877, "median": 22.2433204651, "min": 2.22613072395, "var": 242.165817261}, "gfcc": {"cov": [[7548.7734375, -498.428222656, -1506.87414551, -38.5777854919, -798.09564209, -173.131576538, -318.65222168, -0.0149478707463, 178.527267456, 27.0039138794, -82.6143112183, 32.6800041199, -30.5230884552], [-498.428222656, 836.997253418, 312.861846924, -184.529220581, 167.728530884, 1.20499408245, 208.986999512, -55.949760437, 22.2734832764, -53.4314842224, 93.3666000366, -31.280254364, 42.4945602417], [-1506.87414551, 312.861846924, 903.760253906, 187.780105591, 192.860626221, 56.9523162842, 17.4298095703, -28.3320655823, 2.75573301315, 56.7256011963, 58.2869911194, 32.0310058594, 31.5629329681], [-38.5777854919, -184.529220581, 187.780105591, 496.769134521, 229.870864868, -23.8066272736, -136.385025024, 55.1099243164, 63.1881942749, 19.9885482788, 3.10681700706, 31.8463020325, 67.0936355591], [-798.09564209, 167.728530884, 192.860626221, 229.870864868, 554.856689453, 10.8251991272, -60.9358825684, 82.1478424072, 31.3428001404, -1.78949332237, -7.11717700958, -20.3078460693, 89.4532470703], [-173.131576538, 1.20499408245, 56.9523162842, -23.8066272736, 10.8251991272, 375.593780518, 311.8359375, 22.6375541687, -5.34013462067, -16.7668113708, 43.150806427, -21.4308128357, -76.7522354126], [-318.65222168, 208.986999512, 17.4298095703, -136.385025024, -60.9358825684, 311.8359375, 618.188720703, 82.8020706177, -34.6064186096, -94.7516860962, 62.2091026306, 22.6091423035, -86.8945159912], [-0.0149478707463, -55.949760437, -28.3320655823, 55.1099243164, 82.1478424072, 22.6375541687, 82.8020706177, 185.970581055, 38.1362724304, -31.1247348785, -25.2264976501, 5.68482160568, 19.4044094086], [178.527267456, 22.2734832764, 2.75573301315, 63.1881942749, 31.3428001404, -5.34013462067, -34.6064186096, 38.1362724304, 138.125396729, 46.175151825, -2.13005256653, -28.8638477325, 1.72252941132], [27.0039138794, -53.4314842224, 56.7256011963, 19.9885482788, -1.78949332237, -16.7668113708, -94.7516860962, -31.1247348785, 46.175151825, 160.162597656, 18.7084293365, -34.5252456665, -30.0548229218], [-82.6143112183, 93.3666000366, 58.2869911194, 3.10681700706, -7.11717700958, 43.150806427, 62.2091026306, -25.2264976501, -2.13005256653, 18.7084293365, 127.429611206, 41.6538314819, -29.7744312286], [32.6800041199, -31.280254364, 32.0310058594, 31.8463020325, -20.3078460693, -21.4308128357, 22.6091423035, 5.68482160568, -28.8638477325, -34.5252456665, 41.6538314819, 163.124130249, 23.4377250671], [-30.5230884552, 42.4945602417, 31.5629329681, 67.0936355591, 89.4532470703, -76.7522354126, -86.8945159912, 19.4044094086, 1.72252941132, -30.0548229218, -29.7744312286, 23.4377250671, 149.917205811]], "icov": [[0.000366838969057, -0.000778720655944, 0.000873323471751, -0.000791943748482, 0.000901568273548, -0.000621060316917, 0.000635633128695, -0.000505159085151, 0.000130928106955, -0.000499568879604, 0.000556738348678, -0.000523619586602, 0.00013465162192], [-0.000778720655944, 0.00612244335935, -0.0034896065481, 0.00454793684185, -0.00410786503926, 0.0039199385792, -0.00389849976636, 0.00385052664205, -0.00349479075521, 0.0034452159889, -0.00447248667479, 0.00309689785354, -0.0021363068372], [0.000873323471751, -0.0034896065481, 0.00405730167404, -0.00336320861243, 0.00256715784781, -0.00251147570089, 0.00215485040098, -0.00172858615406, 0.00170826923568, -0.00271913548931, 0.00225246162154, -0.00218150764704, 0.000696717528626], [-0.000791943748482, 0.00454793684185, -0.00336320861243, 0.00665438920259, -0.00419816887006, 0.00242764526047, -0.0020187580958, 0.00217784848064, -0.00340867927298, 0.00284075387754, -0.00349360704422, 0.00153379840776, -0.00174950156361], [0.000901568273548, -0.00410786503926, 0.00256715784781, -0.00419816887006, 0.00599631341174, -0.00321870762855, 0.0031399037689, -0.00370467850007, 0.00220126868226, -0.00226069358177, 0.00249120895751, -0.00135875155684, -1.13220967251e-05], [-0.000621060316917, 0.0039199385792, -0.00251147570089, 0.00242764526047, -0.00321870762855, 0.0078195957467, -0.00538384914398, 0.0031863716431, -0.00211707921699, 0.00180151232053, -0.00303797074594, 0.00295153702609, -8.36754625197e-05], [0.000635633128695, -0.00389849976636, 0.00215485040098, -0.0020187580958, 0.0031399037689, -0.00538384914398, 0.00667622964829, -0.00440190453082, 0.0022630058229, -0.000300558371237, 0.00153448060155, -0.00234600086696, 0.00207906705327], [-0.000505159085151, 0.00385052664205, -0.00172858615406, 0.00217784848064, -0.00370467850007, 0.0031863716431, -0.00440190453082, 0.0102616278455, -0.0045733358711, 0.00275141256861, -0.000738872389775, 0.0011504056165, -0.00156528374646], [0.000130928106955, -0.00349479075521, 0.00170826923568, -0.00340867927298, 0.00220126868226, -0.00211707921699, 0.0022630058229, -0.0045733358711, 0.0119589222595, -0.00459594326094, 0.00188978889491, -8.67976905283e-06, 0.00100731640123], [-0.000499568879604, 0.0034452159889, -0.00271913548931, 0.00284075387754, -0.00226069358177, 0.00180151232053, -0.000300558371237, 0.00275141256861, -0.00459594326094, 0.0112896068022, -0.00427172891796, 0.00317369867116, 0.000935298507102], [0.000556738348678, -0.00447248667479, 0.00225246162154, -0.00349360704422, 0.00249120895751, -0.00303797074594, 0.00153448060155, -0.000738872389775, 0.00188978889491, -0.00427172891796, 0.0140599850565, -0.00562613271177, 0.0032075191848], [-0.000523619586602, 0.00309689785354, -0.00218150764704, 0.00153379840776, -0.00135875155684, 0.00295153702609, -0.00234600086696, 0.0011504056165, -8.67976905283e-06, 0.00317369867116, -0.00562613271177, 0.00991760380566, -0.00242996774614], [0.00013465162192, -0.0021363068372, 0.000696717528626, -0.00174950156361, -1.13220967251e-05, -8.36754625197e-05, 0.00207906705327, -0.00156528374646, 0.00100731640123, 0.000935298507102, 0.0032075191848, -0.00242996774614, 0.0105040306225]], "mean": [-80.0265350342, 153.097427368, -118.774093628, 32.7134971619, -50.029964447, 6.37046480179, -30.2312812805, 15.0287904739, -11.6922664642, -0.0574626848102, 2.01441884041, -11.5202283859, -3.4755191803]}, "hfc": {"dmean": 3.09017443657, "dmean2": 4.41636180878, "dvar": 20.9844894409, "dvar2": 42.882232666, "max": 97.8538818359, "mean": 13.5377407074, "median": 8.58180999756, "min": 1.25606462809e-16, "var": 193.661315918}, "melbands": {"dmean": [0.000212857092265, 0.000290870695608, 0.000309404218569, 0.00013588136062, 0.000250762182986, 0.000303874869132, 0.000340304366546, 0.000236338280956, 0.000196633438463, 0.000142544493428, 7.76919550844e-05, 4.09677813877e-05, 4.0305647417e-05, 3.96171562898e-05, 3.32341296598e-05, 3.76388015866e-05, 1.44061168612e-05, 1.10007622425e-05, 8.80908010004e-06, 6.83708867655e-06, 7.03988052919e-06, 8.69080759003e-06, 2.8680858577e-06, 2.80909603134e-06, 4.07137667935e-06, 2.84153838948e-06, 1.076802846e-06, 5.47899901449e-07, 3.64865940128e-07, 2.54332803706e-07, 3.62214194638e-07, 2.86055666265e-07, 1.8094749521e-07, 1.22410966696e-07, 9.03781725015e-08, 7.23485982235e-08, 4.65268605865e-08, 4.89201674725e-08, 4.35664730958e-08, 2.14670716758e-08], "dmean2": [0.000290895608487, 0.000429188861744, 0.000494778738357, 0.000205739837838, 0.000401048688218, 0.000476491550216, 0.000538107997272, 0.000352429109626, 0.000278612104012, 0.000220520450966, 0.000121288656374, 6.27834961051e-05, 5.90474410274e-05, 5.86163478147e-05, 4.76067762065e-05, 5.50040058442e-05, 2.11200822378e-05, 1.65489454957e-05, 1.37382085086e-05, 1.0686439964e-05, 1.08984568215e-05, 1.37994829856e-05, 4.68225334771e-06, 4.34668027083e-06, 6.06910862189e-06, 4.26375117968e-06, 1.68126553035e-06, 8.59141152887e-07, 5.53393874725e-07, 3.75753245407e-07, 5.23375490502e-07, 4.09325451756e-07, 2.61129116552e-07, 1.8939887525e-07, 1.38412758588e-07, 1.09141865323e-07, 7.07860934313e-08, 7.5518002518e-08, 6.8934205899e-08, 3.34792709111e-08], "dvar": [1.63222964034e-07, 2.33497402746e-07, 2.75206247125e-07, 5.67397648865e-08, 3.12481404308e-07, 5.48467028239e-07, 6.51279719932e-07, 3.76936554858e-07, 3.17374855285e-07, 1.32232059968e-07, 3.93761965256e-08, 1.43101193117e-08, 2.15085709243e-08, 1.93938785031e-08, 2.96199278438e-08, 2.55368775015e-08, 2.2701100999e-09, 9.33449872953e-10, 5.10051223479e-10, 3.81458115095e-10, 5.41297784373e-10, 2.9533804291e-09, 8.90580248436e-11, 5.22214077536e-11, 8.40400804503e-11, 5.26611289298e-11, 9.44902142641e-12, 5.73619710759e-12, 3.51427003817e-12, 9.35025494531e-13, 1.82172224354e-12, 1.53173676e-12, 6.49720728607e-13, 3.50112896574e-13, 2.47411845785e-13, 8.15461860906e-14, 4.35369784928e-14, 2.81254799859e-14, 2.38878961235e-14, 1.01098184932e-14], "dvar2": [3.16351844276e-07, 5.48996922589e-07, 7.62853460401e-07, 1.19981251601e-07, 7.56978579375e-07, 1.3334306459e-06, 1.59521346177e-06, 8.34170464259e-07, 6.34801324395e-07, 3.19387027048e-07, 9.86364980804e-08, 3.08383398817e-08, 4.03991649023e-08, 4.07106774958e-08, 5.92056679238e-08, 5.72726719383e-08, 4.40583525219e-09, 1.89463378319e-09, 1.2524118409e-09, 9.71651981096e-10, 1.42720668617e-09, 7.77338904356e-09, 2.3067904531e-10, 1.20099652445e-10, 1.83001794274e-10, 1.21139556719e-10, 2.08865598428e-11, 1.09027543937e-11, 7.82515025e-12, 2.18330258386e-12, 3.56988332124e-12, 2.94577036375e-12, 1.29049624719e-12, 7.81343197608e-13, 5.90960440305e-13, 1.60484622011e-13, 9.9556647648e-14, 6.14404021908e-14, 6.22591645664e-14, 2.47221896953e-14], "max": [0.016990320757, 0.00964476447552, 0.00806129444391, 0.00607133703306, 0.013927590102, 0.0158922132105, 0.0140121011063, 0.0169309675694, 0.0165263041854, 0.0116073871031, 0.00499590206891, 0.00484796846285, 0.00495697790757, 0.00436745816842, 0.00753854587674, 0.00588518101722, 0.00139903731178, 0.00118980370462, 0.000556717975996, 0.00060246232897, 0.00124864140525, 0.00281708058901, 0.000349045702023, 0.000253250298556, 0.000241791800363, 0.000266807910521, 0.000160490584676, 0.000148304709001, 0.000103835023765, 4.62556781713e-05, 3.86366518796e-05, 4.25029102189e-05, 4.22835400968e-05, 3.17077974614e-05, 2.6407167752e-05, 1.54231347551e-05, 1.13491678349e-05, 5.30194984094e-06, 5.80492951485e-06, 6.51026857668e-06], "mean": [0.0014621198643, 0.00130807759706, 0.00060015078634, 0.000286720023723, 0.000504115479998, 0.000635247153696, 0.000711784407031, 0.000497043598443, 0.00044027925469, 0.000308604445308, 0.000149519953993, 7.13298213668e-05, 8.06400785223e-05, 8.1638325355e-05, 7.49112732592e-05, 8.21220019134e-05, 2.81175689452e-05, 2.31038629863e-05, 2.20564106712e-05, 1.82897347258e-05, 1.80615334102e-05, 1.64775283338e-05, 6.14829241385e-06, 6.63209857521e-06, 1.12083635031e-05, 7.37555728847e-06, 2.29293527809e-06, 1.10352061711e-06, 7.19784623016e-07, 5.06398578182e-07, 7.99221595571e-07, 6.66165931307e-07, 3.66975228872e-07, 2.3756926737e-07, 1.781958332e-07, 1.56887892899e-07, 1.02891981157e-07, 1.05300088649e-07, 9.334696216e-08, 4.3656442017e-08], "median": [0.00146692967974, 0.00117685901932, 0.000328079244355, 0.000140667849337, 0.000129540116177, 0.000114112379379, 0.000114336857223, 7.91077545728e-05, 5.68937393837e-05, 4.2291751015e-05, 2.41288089455e-05, 8.64882531459e-06, 7.16105114407e-06, 8.06532807474e-06, 3.89861452277e-06, 6.16689067101e-06, 4.6617674343e-06, 4.37041353507e-06, 1.55994257511e-06, 1.64591074281e-06, 2.18290892917e-06, 2.16616831494e-06, 8.93707408522e-07, 1.13623298148e-06, 1.93235632651e-06, 1.45159151543e-06, 6.14065584159e-07, 2.89029856049e-07, 1.64908570355e-07, 7.58717106919e-08, 8.89378526381e-08, 3.97160846433e-08, 4.49393589008e-08, 4.71923513601e-08, 3.20317603553e-08, 2.06524610746e-08, 1.2085060952e-08, 1.21167520462e-08, 1.39930680376e-08, 8.786225969e-09], "min": [1.20520433606e-23, 1.49315387036e-23, 3.14447592995e-23, 1.26435872764e-23, 1.27036653452e-23, 2.21529544458e-23, 8.41081761653e-24, 1.1257217878e-23, 1.49875541388e-23, 6.49784372643e-24, 1.69028311083e-23, 1.84916995233e-23, 1.12299043581e-23, 5.86636767155e-24, 4.03155806425e-24, 1.93076025804e-23, 2.03319936861e-23, 1.15324640696e-23, 8.97294096493e-24, 5.29040296971e-24, 5.05343704239e-24, 7.17367624672e-24, 6.1368972638e-24, 8.4409079269e-24, 1.77769142348e-23, 1.04776536986e-23, 9.38374343676e-24, 1.11484544696e-23, 8.41650135935e-24, 1.32974527815e-23, 9.13825228964e-24, 7.03374888821e-24, 8.51737773646e-24, 1.02603666954e-23, 1.12294515519e-23, 1.48744472622e-23, 1.09799963787e-23, 1.47724633244e-23, 1.59504282934e-23, 1.3964524607e-23], "var": [9.96851326818e-07, 9.43411578191e-07, 5.54948542231e-07, 1.89816759644e-07, 9.52745324412e-07, 1.96729592972e-06, 2.25316784963e-06, 1.3597649513e-06, 1.33897094656e-06, 4.35520746578e-07, 1.21481662063e-07, 3.55860727552e-08, 7.23352329146e-08, 5.67431968079e-08, 1.4318125352e-07, 1.19958102118e-07, 7.21188930797e-09, 3.37446759424e-09, 2.47306641832e-09, 1.78740866552e-09, 2.05996797398e-09, 6.93459645262e-09, 3.10618808452e-10, 2.66097033297e-10, 4.9507059563e-10, 2.93424007314e-10, 3.07959074908e-11, 1.24258971168e-11, 5.63473746829e-12, 1.94626237869e-12, 6.33417493803e-12, 6.03065384089e-12, 2.16272507715e-12, 8.37373410629e-13, 5.24081158245e-13, 3.13245279325e-13, 1.5958565578e-13, 1.22186711703e-13, 7.59500088147e-14, 1.55661040427e-14]}, "melbands_crest": {"dmean": 2.30569458008, "dmean2": 3.68073558807, "dvar": 5.14824151993, "dvar2": 12.6762857437, "max": 31.6345348358, "mean": 14.7753286362, "median": 14.5583105087, "min": 2.60376286507, "var": 20.810087204}, "melbands_flatness_db": {"dmean": 0.0187170561403, "dmean2": 0.0265228096396, "dvar": 0.000388334301533, "dvar2": 0.000697122479323, "max": 0.5844424963, "mean": 0.308302104473, "median": 0.302007824183, "min": 0.00673005031422, "var": 0.00567581504583}, "melbands_kurtosis": {"dmean": 5.28374576569, "dmean2": 8.04339313507, "dvar": 167.353866577, "dvar2": 245.357299805, "max": 1106.2923584, "mean": 14.4791660309, "median": 6.2876496315, "min": -1.89800834656, "var": 1428.77685547}, "melbands_skewness": {"dmean": 0.545564174652, "dmean2": 0.820910930634, "dvar": 0.388345479965, "dvar2": 0.7686804533, "max": 25.93176651, "mean": 2.33362054825, "median": 2.01620721817, "min": -2.92071604729, "var": 3.46061182022}, "melbands_spread": {"dmean": 3.35215187073, "dmean2": 5.09339618683, "dvar": 26.4861698151, "dvar2": 54.3132209778, "max": 151.883743286, "mean": 14.6611852646, "median": 11.8773708344, "min": 0.287608742714, "var": 141.450668335}, "mfcc": {"cov": [[7086.57128906, -679.786010742, -913.441650391, -359.043243408, -544.11151123, -262.696044922, -544.799316406, -126.858314514, 7.12331390381, -33.6251411438, 51.8076171875, -89.3132476807, 103.596336365], [-679.786010742, 1158.51367188, 107.115097046, -56.0682106018, -40.2776031494, 4.78897762299, 120.464195251, 16.0268344879, -17.408197403, -19.1188678741, -7.18231534958, 1.14787197113, 48.1208648682], [-913.441650391, 107.115097046, 624.732055664, 93.5570526123, 9.98239803314, 143.38218689, 88.5006942749, 23.5188484192, -36.7822799683, -14.223944664, 62.2422790527, 16.1912899017, 40.2860984802], [-359.043243408, -56.0682106018, 93.5570526123, 452.798797607, 347.179992676, -57.2261047363, -71.1734848022, -43.9189033508, 42.5423240662, 10.7894887924, -93.2527542114, -44.7308998108, 69.6578826904], [-544.11151123, -40.2776031494, 9.98239803314, 347.179992676, 681.148071289, -43.6382827759, -138.360809326, -158.461898804, 30.5787029266, 101.182365417, -131.331481934, -107.805305481, 54.5540084839], [-262.696044922, 4.78897762299, 143.38218689, -57.2261047363, -43.6382827759, 276.456512451, 158.322235107, 73.123374939, -5.50400018692, 15.4068126678, 93.9094238281, 64.9235687256, -26.895362854], [-544.799316406, 120.464195251, 88.5006942749, -71.1734848022, -138.360809326, 158.322235107, 370.641265869, 221.296951294, 44.656047821, -13.7630844116, 87.7155609131, 115.061607361, -77.1974487305], [-126.858314514, 16.0268344879, 23.5188484192, -43.9189033508, -158.461898804, 73.123374939, 221.296951294, 363.420288086, 87.1251983643, -55.2606201172, 58.7788925171, 112.04334259, -8.69820594788], [7.12331390381, -17.408197403, -36.7822799683, 42.5423240662, 30.5787029266, -5.50400018692, 44.656047821, 87.1251983643, 180.339859009, 54.4065818787, -35.2071762085, 10.8481712341, -9.37819194794], [-33.6251411438, -19.1188678741, -14.223944664, 10.7894887924, 101.182365417, 15.4068126678, -13.7630844116, -55.2606201172, 54.4065818787, 223.986343384, 46.4111061096, -38.9821548462, -56.8894958496], [51.8076171875, -7.18231534958, 62.2422790527, -93.2527542114, -131.331481934, 93.9094238281, 87.7155609131, 58.7788925171, -35.2071762085, 46.4111061096, 250.102630615, 82.7545089722, -65.2190628052], [-89.3132476807, 1.14787197113, 16.1912899017, -44.7308998108, -107.805305481, 64.9235687256, 115.061607361, 112.04334259, 10.8481712341, -38.9821548462, 82.7545089722, 209.762084961, 9.48128414154], [103.596336365, 48.1208648682, 40.2860984802, 69.6578826904, 54.5540084839, -26.895362854, -77.1974487305, -8.69820594788, -9.37819194794, -56.8894958496, -65.2190628052, 9.48128414154, 221.482070923]], "icov": [[0.000244604510954, 8.80204170244e-05, 0.000333057163516, -1.14095755634e-05, 0.000271410797723, -0.000103137659607, 0.000381906080293, -1.75233562913e-05, -0.000131782609969, 1.83525971806e-05, -0.000208795798244, 0.000148727820488, -0.000206195851206], [8.80204170244e-05, 0.00100931210909, -5.1018610975e-05, 0.000242792026256, 3.6140481825e-05, 0.000331512768753, -0.000582555949222, 0.000241911620833, 9.95521259028e-06, -1.28336778289e-05, -5.34202954441e-05, 0.000235578336287, -0.000518425891642], [0.000333057163516, -5.1018610975e-05, 0.00258919131011, -0.000892452953849, 0.000670519191772, -0.00123502069619, 0.000215725507587, 0.000124527927255, 0.000205961550819, 9.20111051528e-05, -0.000735514739063, 0.000625854649115, -0.000781043607276], [-1.14095755634e-05, 0.000242792026256, -0.000892452953849, 0.00436651846394, -0.00225456501357, 0.00104926002678, -0.000161476564244, -0.000196306573343, -0.000856522063259, 0.000695258902851, 5.04046220158e-05, -0.000121004028188, -0.00047729711514], [0.000271410797723, 3.6140481825e-05, 0.000670519191772, -0.00225456501357, 0.00347434193827, -0.000850657233968, 0.000659470213577, 0.000569585885387, 0.000105659819383, -0.00133545813151, 0.000728560786229, 0.000442633870989, -0.000397495809011], [-0.000103137659607, 0.000331512768753, -0.00123502069619, 0.00104926002678, -0.000850657233968, 0.00608920911327, -0.00265297526494, 0.000380690384191, 0.000201327100513, -0.000228874167078, -0.00107143225614, -0.00040704611456, -0.000438262795797], [0.000381906080293, -0.000582555949222, 0.000215725507587, -0.000161476564244, 0.000659470213577, -0.00265297526494, 0.00739419739693, -0.0030833191704, -0.000277381273918, -8.18190528662e-05, 0.000196105465875, -0.00130342622288, 0.00201182300225], [-1.75233562913e-05, 0.000241911620833, 0.000124527927255, -0.000196306573343, 0.000569585885387, 0.000380690384191, -0.0030833191704, 0.00596812786534, -0.00281717022881, 0.00161344429944, -0.00103623804171, -0.000485559052322, -0.000928858586121], [-0.000131782609969, 9.95521259028e-06, 0.000205961550819, -0.000856522063259, 0.000105659819383, 0.000201327100513, -0.000277381273918, -0.00281717022881, 0.00883970968425, -0.00346929882653, 0.00263480306603, -0.000764074502513, 0.000374251714675], [1.83525971806e-05, -1.28336778289e-05, 9.20111051528e-05, 0.000695258902851, -0.00133545813151, -0.000228874167078, -8.18190528662e-05, 0.00161344429944, -0.00346929882653, 0.0073382826522, -0.00276531977579, 0.00130722485483, 0.0009625419043], [-0.000208795798244, -5.34202954441e-05, -0.000735514739063, 5.04046220158e-05, 0.000728560786229, -0.00107143225614, 0.000196105465875, -0.00103623804171, 0.00263480306603, -0.00276531977579, 0.00732703739777, -0.00248269434087, 0.00161041331012], [0.000148727820488, 0.000235578336287, 0.000625854649115, -0.000121004028188, 0.000442633870989, -0.00040704611456, -0.00130342622288, -0.000485559052322, -0.000764074502513, 0.00130722485483, -0.00248269434087, 0.0074160695076, -0.00157348695211], [-0.000206195851206, -0.000518425891642, -0.000781043607276, -0.00047729711514, -0.000397495809011, -0.000438262795797, 0.00201182300225, -0.000928858586121, 0.000374251714675, 0.0009625419043, 0.00161041331012, -0.00157348695211, 0.00653038639575]], "mean": [-723.676757813, 174.021713257, -0.119860202074, 30.5104198456, 6.77189397812, -4.17529964447, 3.82441091537, 4.89535808563, -2.95839571953, 8.62358665466, 9.29437351227, 0.545736014843, 3.57812666893]}, "pitch_salience": {"dmean": 0.053503960371, "dmean2": 0.0860481709242, "dvar": 0.00221710768528, "dvar2": 0.00570505065843, "max": 0.834976196289, "mean": 0.476342827082, "median": 0.47180056572, "min": 0.123810589314, "var": 0.0111762816086}, "silence_rate_20dB": {"dmean": 0, "dmean2": 0, "dvar": 0, "dvar2": 0, "max": 1, "mean": 1, "median": 1, "min": 1, "var": 0}, "silence_rate_30dB": {"dmean": 0, "dmean2": 0, "dvar": 0, "dvar2": 0, "max": 1, "mean": 1, "median": 1, "min": 1, "var": 0}, "silence_rate_60dB": {"dmean": 0.0141414143145, "dmean2": 0.0282869096845, "dvar": 0.0139406425878, "dvar2": 0.0295056458563, "max": 1, "mean": 0.0595873594284, "median": 0, "min": 0, "var": 0.0560366213322}, "spectral_centroid": {"dmean": 131.171630859, "dmean2": 199.144424438, "dvar": 42203.2617188, "dvar2": 74670.03125, "max": 11096.6914063, "mean": 876.182861328, "median": 748.671264648, "min": 133.086013794, "var": 250282.65625}, "spectral_complexity": {"dmean": 1.60346317291, "dmean2": 2.60037517548, "dvar": 2.32302451134, "dvar2": 5.38555145264, "max": 33, "mean": 11.218006134, "median": 10, "min": 0, "var": 31.3977947235}, "spectral_contrast_coeffs": {"dmean": [0.0415825657547, 0.0437213145196, 0.0391212850809, 0.0300578586757, 0.024066189304, 0.0200706440955], "dmean2": [0.0665316358209, 0.0700549557805, 0.0631203949451, 0.048256944865, 0.0381043925881, 0.0305110216141], "dvar": [0.00117655226495, 0.00124241469894, 0.000977176241577, 0.000586250564083, 0.000391413166653, 0.000310083647491], "dvar2": [0.00299617694691, 0.00304656405933, 0.00252150581218, 0.00145849469118, 0.000907974084839, 0.000637908582576], "max": [-0.28158646822, -0.346744030714, -0.40974971652, -0.493405640125, -0.436677545309, -0.578561902046], "mean": [-0.665238559246, -0.658695936203, -0.703192830086, -0.726923644543, -0.746451258659, -0.767680823803], "median": [-0.685309290886, -0.666745781898, -0.712753891945, -0.727109789848, -0.749827206135, -0.775196611881], "min": [-0.957457780838, -0.974149644375, -0.962675035, -0.954481840134, -0.963715553284, -0.962775945663], "var": [0.00838629622012, 0.00982854887843, 0.00813480932266, 0.00449198577553, 0.00406436389312, 0.00358062773012]}, "spectral_contrast_valleys": {"dmean": [0.326277434826, 0.304694384336, 0.298419952393, 0.254837185144, 0.244869634509, 0.251442581415], "dmean2": [0.512268006802, 0.49266397953, 0.481160700321, 0.402226358652, 0.360602676868, 0.365280121565], "dvar": [0.126532867551, 0.0773518681526, 0.0764681100845, 0.0679143816233, 0.066906914115, 0.0802617147565], "dvar2": [0.220893219113, 0.153209045529, 0.147307962179, 0.115694820881, 0.0941430479288, 0.123166576028], "max": [-5.32704973221, -5.31336641312, -5.2932600975, -6.4467997551, -6.65504646301, -8.66715431213], "mean": [-7.33374786377, -7.24156188965, -8.24587345123, -8.75002288818, -8.83535289764, -11.8794851303], "median": [-7.07035684586, -7.0753493309, -8.17373561859, -8.63229656219, -8.76938247681, -11.9261474609], "min": [-27.4688930511, -26.8206825256, -26.8721542358, -27.5081977844, -27.2219314575, -27.1563816071], "var": [1.08269274235, 1.00575137138, 1.18108248711, 1.14563107491, 0.938544094563, 0.680085659027]}, "spectral_decrease": {"dmean": 1.40161904305e-09, "dmean2": 2.08531636403e-09, "dvar": 3.11013396273e-18, "dvar2": 6.89094596611e-18, "max": 5.46783172115e-31, "mean": -6.42177111487e-09, "median": -5.24829113502e-09, "min": -2.88538561932e-08, "var": 2.14118398168e-17}, "spectral_energy": {"dmean": 0.00553821306676, "dmean2": 0.00822519697249, "dvar": 4.87746583531e-05, "dvar2": 0.000107492109237, "max": 0.113039255142, "mean": 0.025465130806, "median": 0.0206620134413, "min": 1.13908093708e-20, "var": 0.000343448307831}, "spectral_energyband_high": {"dmean": 3.22828273056e-05, "dmean2": 4.35195506725e-05, "dvar": 1.33466313557e-08, "dvar2": 2.10969091086e-08, "max": 0.00391561351717, "mean": 9.71930712694e-05, "median": 2.48493033723e-05, "min": 8.12914251147e-21, "var": 5.49057723731e-08}, "spectral_energyband_low": {"dmean": 0.00157336809207, "dmean2": 0.00232272990979, "dvar": 6.23892628937e-06, "dvar2": 1.40646889122e-05, "max": 0.0718525126576, "mean": 0.00795387942344, "median": 0.00736957555637, "min": 1.48317891354e-22, "var": 2.94657093036e-05}, "spectral_energyband_middle_high": {"dmean": 0.00121331098489, "dmean2": 0.00176408677362, "dvar": 6.3825318648e-06, "dvar2": 1.37629922392e-05, "max": 0.0689845979214, "mean": 0.00416285311803, "median": 0.0018714905018, "min": 1.56021096637e-21, "var": 4.26705228165e-05}, "spectral_energyband_middle_low": {"dmean": 0.00457433331758, "dmean2": 0.00699496362358, "dvar": 4.10815628129e-05, "dvar2": 9.60992183536e-05, "max": 0.100306108594, "mean": 0.014065884985, "median": 0.00929421279579, "min": 4.35930493703e-22, "var": 0.000206485841773}, "spectral_entropy": {"dmean": 0.155587375164, "dmean2": 0.234082207084, "dvar": 0.0219333581626, "dvar2": 0.0427469201386, "max": 9.82007694244, "mean": 6.73068761826, "median": 6.74071455002, "min": 5.09965801239, "var": 0.174740582705}, "spectral_flux": {"dmean": 0.0170473251492, "dmean2": 0.0275359842926, "dvar": 0.000333027099259, "dvar2": 0.000830093456898, "max": 0.258478730917, "mean": 0.0593893863261, "median": 0.0541434139013, "min": 1.06727737759e-10, "var": 0.00126336177345}, "spectral_kurtosis": {"dmean": 3.79595971107, "dmean2": 6.45757055283, "dvar": 13.3930501938, "dvar2": 37.0421714783, "max": 57.4538421631, "mean": 10.316942215, "median": 8.71385669708, "min": -1.18595969677, "var": 42.3230857849}, "spectral_rms": {"dmean": 0.000515561900102, "dmean2": 0.000753220636398, "dvar": 3.14188696393e-07, "dvar2": 6.40902442228e-07, "max": 0.0105015328154, "mean": 0.00461769290268, "median": 0.00448977295309, "min": 3.3336144175e-12, "var": 3.52103597834e-06}, "spectral_rolloff": {"dmean": 174.483566284, "dmean2": 301.974945068, "dvar": 205612.828125, "dvar2": 419614.96875, "max": 19078.4179688, "mean": 781.148620605, "median": 559.86328125, "min": 21.533203125, "var": 494358.3125}, "spectral_skewness": {"dmean": 0.35221272707, "dmean2": 0.57928353548, "dvar": 0.0969457402825, "dvar2": 0.245998367667, "max": 6.01594161987, "mean": 2.23854470253, "median": 2.10660648346, "min": -0.0133019667119, "var": 0.538881421089}, "spectral_spread": {"dmean": 301337.59375, "dmean2": 459579, "dvar": 241898225664, "dvar2": 330064920576, "max": 40463296, "mean": 29