{"lowlevel": {"average_loudness": 0.70287168026, "barkbands": {"dmean": [1.02078999475e-07, 6.91385648679e-05, 0.000372528564185, 0.00092605088139, 0.00151344714686, 0.00147360865958, 0.00149652326945, 0.00100302905776, 0.000937332282774, 0.000561203807592, 0.000416798342485, 0.00039593980182, 0.000237002692302, 0.000137319060741, 7.73467836552e-05, 5.15794927196e-05, 5.99875529588e-05, 5.72346507397e-05, 6.31634175079e-05, 4.39114155597e-05, 3.04787372443e-05, 2.59727621597e-05, 1.1127702237e-05, 5.68914674659e-06, 2.58610680248e-06, 2.59309786088e-07, 1.04889430474e-08], "dmean2": [1.71503074853e-07, 9.97051247396e-05, 0.000596037658397, 0.00153806351591, 0.00241207680665, 0.00221592886373, 0.00223993463442, 0.00150095520075, 0.00139926827978, 0.000825040973723, 0.000648363435175, 0.00060061836848, 0.000350749818608, 0.000205778516829, 0.000123327990877, 8.08656404843e-05, 9.28792287596e-05, 9.1457630333e-05, 9.66895750025e-05, 6.70939916745e-05, 4.34522698924e-05, 3.59833720722e-05, 1.51565254782e-05, 7.73388637754e-06, 3.59606337952e-06, 3.54438100203e-07, 1.52405252862e-08], "dvar": [3.54062008119e-14, 3.73099027229e-08, 8.74152419783e-07, 5.65580285183e-06, 4.78665560877e-06, 6.67718677505e-06, 1.06384786704e-05, 5.04086392539e-06, 3.72803538085e-06, 2.73153682429e-06, 1.03944705643e-06, 8.18094179067e-07, 3.84717651514e-07, 1.02531835466e-07, 2.77619953692e-08, 1.20897070133e-08, 1.11560423122e-08, 1.07845341546e-08, 1.28314763259e-08, 2.25500365048e-08, 2.22171383513e-08, 1.25282841879e-08, 1.25601451462e-09, 2.79561540584e-10, 6.40650171801e-11, 7.11389497657e-13, 5.58264063063e-16], "dvar2": [9.52130084844e-14, 6.3553230234e-08, 2.31462490774e-06, 1.57799786393e-05, 1.21435077745e-05, 1.46731372297e-05, 2.07848479477e-05, 9.73420537775e-06, 7.60155671742e-06, 4.79544405607e-06, 2.32649108511e-06, 1.70242162767e-06, 8.0249549228e-07, 2.14826741285e-07, 6.8634413708e-08, 2.85614500939e-08, 2.48336640141e-08, 2.56537919796e-08, 2.94110833465e-08, 5.2971095954e-08, 4.27111075396e-08, 2.43482727313e-08, 2.03525107878e-09, 4.72213490532e-10, 1.23268006913e-10, 1.35894106298e-12, 1.06704244964e-15], "max": [3.65675805369e-06, 0.00561692100018, 0.0243752021343, 0.0533625818789, 0.0554453320801, 0.0673638731241, 0.0952546298504, 0.056409034878, 0.0499885641038, 0.063782453537, 0.0378612503409, 0.0280373506248, 0.0163412373513, 0.0085680661723, 0.00395580846816, 0.00401451252401, 0.00394360115752, 0.00310167181306, 0.00422685686499, 0.00713106524199, 0.00873383134604, 0.00504362070933, 0.00156484404579, 0.000475021690363, 0.000205752468901, 2.45831270149e-05, 9.12078689908e-07], "mean": [1.20186896879e-07, 0.000121058015793, 0.000574682839215, 0.00145929725841, 0.00341173284687, 0.00378689425997, 0.00336666428484, 0.0019257926615, 0.00211218022741, 0.00104499584995, 0.000750759907532, 0.000748135033064, 0.000446420017397, 0.000251195422607, 0.000147813916556, 9.89618347376e-05, 0.000130421947688, 0.000123672187328, 0.000150931227836, 9.13902622415e-05, 6.06150824751e-05, 5.14985003974e-05, 2.13975345105e-05, 1.03545107777e-05, 4.08781761507e-06, 4.49701843763e-07, 2.73812759133e-08], "median": [4.93607323904e-08, 1.94946278498e-05, 0.000124361133203, 0.000530128017999, 0.0019468870014, 0.00144444953185, 0.000828967895359, 0.000481251539895, 0.000461269228254, 0.000224004135816, 0.000166666693985, 0.000179134352948, 8.2703998487e-05, 7.09917658241e-05, 5.30347715539e-05, 4.29623214586e-05, 6.63599857944e-05, 6.82354657329e-05, 7.71482664277e-05, 3.90148488805e-05, 1.9881168555e-05, 1.50498208313e-05, 6.66411187922e-06, 3.19904756907e-06, 1.15916043342e-06, 1.61228697948e-07, 1.99577723237e-08], "min": [3.39140079232e-25, 3.39582058276e-24, 6.78456173054e-25, 5.10211666277e-25, 9.49193570991e-24, 4.45687597117e-24, 3.16203573704e-24, 5.17611832379e-24, 1.04424444698e-23, 1.1239392777e-23, 1.48390289853e-23, 2.71937898296e-23, 2.70357557468e-23, 3.66364737978e-23, 2.91847643139e-23, 6.09344751512e-23, 6.45579909679e-23, 8.59128343255e-23, 1.07404851128e-22, 1.54159172855e-22, 2.57798002021e-22, 2.99778907478e-22, 3.7562941075e-22, 5.42166404431e-22, 8.76665844516e-22, 1.11905874359e-21, 1.98827945772e-21], "var": [4.38776314273e-14, 1.23334658042e-07, 1.66401434853e-06, 8.01408350526e-06, 1.92811821762e-05, 4.53443462902e-05, 5.77769642405e-05, 1.77418241947e-05, 1.96157670871e-05, 8.429373338e-06, 3.96601808461e-06, 2.73114983429e-06, 1.24065070395e-06, 3.0284144259e-07, 8.22747239226e-08, 2.708847191e-08, 3.71887409756e-08, 3.0065905321e-08, 5.83369370588e-08, 4.05158679939e-08, 6.52759055697e-08, 3.11201269199e-08, 3.85562470839e-09, 7.22337412107e-10, 1.22503035493e-10, 1.36058287033e-12, 1.18066059045e-15]}, "barkbands_crest": {"dmean": 2.45888018608, "dmean2": 4.03314733505, "dvar": 4.5954785347, "dvar2": 12.2234106064, "max": 25.6071128845, "mean": 10.2889680862, "median": 9.53998661041, "min": 2.67759227753, "var": 15.4045858383}, "barkbands_flatness_db": {"dmean": 0.0179644469172, "dmean2": 0.027127083391, "dvar": 0.000273078185273, "dvar2": 0.000565978465602, "max": 0.403508245945, "mean": 0.189728558064, "median": 0.187279835343, "min": 0.0481320880353, "var": 0.00314835994504}, "barkbands_kurtosis": {"dmean": 2.93872141838, "dmean2": 4.58026218414, "dvar": 20.5642242432, "dvar2": 48.3395957947, "max": 131.475021362, "mean": 6.3803935051, "median": 3.4936413765, "min": -1.90168011189, "var": 75.6063232422}, "barkbands_skewness": {"dmean": 0.473089486361, "dmean2": 0.724227666855, "dvar": 0.217007130384, "dvar2": 0.485796540976, "max": 9.92061710358, "mean": 1.74115514755, "median": 1.61621725559, "min": -2.63751077652, "var": 1.60431194305}, "barkbands_spread": {"dmean": 2.99430704117, "dmean2": 4.57808494568, "dvar": 16.975030899, "dvar2": 35.5098800659, "max": 73.2874221802, "mean": 12.2916212082, "median": 9.83047103882, "min": 0.69490146637, "var": 83.2788848877}, "dissonance": {"dmean": 0.026493197307, "dmean2": 0.0443062819541, "dvar": 0.000655954005197, "dvar2": 0.00179953756742, "max": 0.500000119209, "mean": 0.437270015478, "median": 0.447948485613, "min": 0.0985911265016, "var": 0.00213782559149}, "dynamic_complexity": 4.01096773148, "erbbands": {"dmean": [0.000526069896296, 0.0238282121718, 0.310006290674, 1.85295367241, 4.35523748398, 5.74374389648, 8.11396026611, 12.6438522339, 19.7406902313, 21.6144695282, 21.0529384613, 21.268289566, 19.408575058, 13.5627470016, 14.5862922668, 15.2543821335, 9.86778259277, 6.97401189804, 4.19832134247, 3.4367723465, 2.60293984413, 3.32273364067, 3.15002441406, 3.57271003723, 2.25552392006, 1.9223664999, 1.59052050114, 0.981756329536, 1.01546740532, 0.589630842209, 0.30334854126, 0.154884055257, 0.0825846940279, 0.0402926839888, 0.0127521473914, 0.00226395810023, 0.000311077863444, 2.81538832496e-05, 3.57138401341e-06, 5.06832884639e-06], "dmean2": [0.000807323027402, 0.0342536866665, 0.478419005871, 3.09488868713, 7.11178350449, 9.06637573242, 12.4870052338, 18.8485374451, 29.7393035889, 31.5089950562, 31.5689411163, 30.9280719757, 27.7782878876, 20.1658420563, 22.458032608, 22.7822685242, 14.4708690643, 10.2942209244, 6.2339220047, 5.42671823502, 3.97536087036, 5.15538024902, 4.98475456238, 5.44623279572, 3.43410944939, 2.88859248161, 2.34501338005, 1.36537063122, 1.43688809872, 0.810080766678, 0.416975796223, 0.213036864996, 0.112478032708, 0.0561627671123, 0.0180244874209, 0.00306866457686, 0.00042194800335, 3.85554376408e-05, 4.96182519782e-06, 7.44292492527e-06], "dvar": [1.38760833579e-06, 0.00434288103133, 0.597347676754, 25.4015674591, 51.2247238159, 78.6134185791, 259.787567139, 544.006774902, 2068.74243164, 2271.42895508, 1694.97790527, 2244.53125, 3203.18115234, 1121.42614746, 1095.41308594, 1459.31884766, 625.927856445, 252.404907227, 83.6196365356, 61.3414497375, 24.6380729675, 35.8709182739, 35.236366272, 38.4733543396, 16.8328227997, 34.6300086975, 65.6820983887, 19.1397609711, 20.6374130249, 5.18064260483, 0.973020136356, 0.206425338984, 0.0592238344252, 0.0155301932245, 0.00173754058778, 5.14985986229e-05, 1.29869977172e-06, 5.94726534686e-09, 3.17153629747e-11, 3.61353273692e-11], "dvar2": [3.0478959161e-06, 0.00742884818465, 1.44176805019, 71.3073730469, 136.930847168, 189.740112305, 630.597595215, 1095.98669434, 4069.91210938, 4349.44628906, 3401.17773438, 4617.49462891, 5167.47412109, 2333.05664063, 2502.1328125, 2889.19238281, 1215.43652344, 537.584594727, 167.559677124, 160.688781738, 56.6479644775, 81.3517684937, 85.8773345947, 84.0058822632, 37.8711090088, 75.4025192261, 121.557403564, 36.9775238037, 42.5546455383, 8.80841064453, 1.67468965054, 0.371013879776, 0.102193854749, 0.0300678517669, 0.00329341320321, 9.39079618547e-05, 2.73943692264e-06, 1.16088401114e-08, 5.86597159735e-11, 7.48835854436e-11], "max": [0.0245715137571, 1.91647088528, 17.6866607666, 112.691741943, 140.974136353, 192.855865479, 480.73336792, 863.17175293, 1409.35595703, 1287.44970703, 971.308837891, 1271.99365234, 2033.625, 1018.32019043, 1091.09240723, 1128.49560547, 745.025024414, 423.837554932, 359.627044678, 256.090667725, 131.139312744, 247.883560181, 181.975967407, 234.757705688, 119.14175415, 243.840881348, 429.76184082, 209.110992432, 194.108779907, 102.904037476, 44.9744033813, 12.1779460907, 6.40341424942, 3.11535143852, 1.04196465015, 0.176154628396, 0.0521700270474, 0.00234797107987, 0.000171927240444, 0.00012823844736], "mean": [0.00101648084819, 0.0440929606557, 0.527010500431, 3.10907077789, 8.93007183075, 11.8150959015, 19.6684589386, 30.7312202454, 46.565120697, 43.8755874634, 45.670375824, 48.949180603, 40.2102928162, 29.6274776459, 27.0193271637, 30.2451839447, 21.5152416229, 14.7280988693, 9.01113796234, 7.13370800018, 5.93074226379, 7.48355817795, 7.02298879623, 8.8546037674, 5.52949428558, 4.17091226578, 3.15261173248, 2.01035428047, 1.94991540909, 1.16081190109, 0.576129198074, 0.280444651842, 0.146087482572, 0.0632515475154, 0.0202061384916, 0.00387921696529, 0.000549375661649, 6.10594070167e-05, 1.59612282005e-05, 2.44253023993e-05], "median": [0.000319145328831, 0.00951616093516, 0.141148030758, 1.25991356373, 4.68036365509, 6.10261106491, 6.31157302856, 12.4833993912, 13.8358354568, 13.4927740097, 14.9690732956, 11.4223566055, 8.61151981354, 6.93406820297, 7.15312004089, 7.36134338379, 4.68451499939, 4.08824539185, 3.59237599373, 3.04658484459, 2.74705529213, 4.07154512405, 4.10514450073, 4.62014865875, 2.99924373627, 1.89880263805, 1.03498804569, 0.689444303513, 0.568716228008, 0.357330471277, 0.178698882461, 0.0861172899604, 0.0448746979237, 0.0170700848103, 0.00603824807331, 0.00128890038468, 0.00021830809419, 3.50871086994e-05, 1.32124068841e-05, 1.96629480342e-05], "min": [7.75541588371e-23, 4.39433288557e-22, 1.18487069523e-21, 5.05158028785e-21, 1.66511037254e-20, 2.61474667373e-20, 4.21993556571e-20, 5.06532836891e-20, 7.09880650203e-20, 1.26676855925e-19, 1.64503140328e-19, 2.47665604367e-19, 4.5830562224e-19, 6.76504597495e-19, 7.56333523666e-19, 1.63824061234e-18, 1.59746153872e-18, 1.96502937687e-18, 2.35970640524e-18, 2.84134948089e-18, 3.06752588937e-18, 4.81585669322e-18, 4.04961695794e-18, 6.20918081011e-18, 5.3071329075e-18, 7.27881054175e-18, 9.34320685086e-18, 1.04087883606e-17, 1.10931190172e-17, 1.03479641158e-17, 1.10748714129e-17, 1.04674586271e-17, 9.66380882139e-18, 8.66637458644e-18, 6.21391807348e-18, 3.61789485263e-18, 2.2229939227e-18, 9.59953544023e-19, 2.47331526797e-19, 2.71434277377e-20], "var": [3.73878447135e-06, 0.0142666744068, 1.36365902424, 36.6171073914, 148.007949829, 278.843017578, 1750.75488281, 2645.05322266, 10004.5527344, 9103.31445313, 7001.71826172, 11411.4208984, 10832.9091797, 5502.58642578, 3000.99609375, 4757.30322266, 2499.23193359, 879.209228516, 290.338012695, 175.767974854, 80.9956817627, 106.915763855, 86.1112594604, 197.034225464, 64.4031066895, 78.1769866943, 172.542068481, 51.9449768066, 46.4833374023, 14.9528932571, 2.73507022858, 0.507216751575, 0.14838051796, 0.0304422099143, 0.00316154514439, 0.000103855760244, 2.14826218325e-06, 1.09738316212e-08, 1.49166623498e-10, 4.02072791728e-10]}, "erbbands_crest": {"dmean": 2.79863262177, "dmean2": 4.54667711258, "dvar": 6.42419052124, "dvar2": 16.1453151703, "max": 29.054599762, "mean": 10.3551883698, "median": 9.49482727051, "min": 2.39568066597, "var": 20.3868560791}, "erbbands_flatness_db": {"dmean": 0.0154434069991, "dmean2": 0.0227282401174, "dvar": 0.000219817855395, "dvar2": 0.00039361132076, "max": 0.434961438179, "mean": 0.218738883734, "median": 0.218751907349, "min": 0.0656711682677, "var": 0.00262257526629}, "erbbands_kurtosis": {"dmean": 1.23976039886, "dmean2": 1.94190204144, "dvar": 3.20091557503, "dvar2": 6.72125148773, "max": 45.8020896912, "mean": 1.63908469677, "median": 0.686312019825, "min": -1.8308891058, "var": 10.3209724426}, "erbbands_skewness": {"dmean": 0.367843717337, "dmean2": 0.564788758755, "dvar": 0.115266650915, "dvar2": 0.239960342646, "max": 4.39673852921, "mean": 0.864329695702, "median": 0.828173339367, "min": -4.06325292587, "var": 0.723819255829}, "erbbands_spread": {"dmean": 5.71841049194, "dmean2": 8.71632289886, "dvar": 45.0163993835, "dvar2": 93.1749420166, "max": 126.483673096, "mean": 27.8102455139, "median": 24.6420688629, "min": 2.19011831284, "var": 241.137054443}, "gfcc": {"cov": [[22802.3359375, 2057.21484375, -2867.44165039, 384.916168213, -1876.09289551, -160.796478271, -846.163208008, -259.213592529, -443.797027588, -439.516143799, -159.798904419, -390.614715576, -321.533630371], [2057.21484375, 1080.37304688, -136.941802979, -243.170379639, 16.9273948669, -234.677490234, -60.1954307556, -118.92124939, 23.1648750305, -95.5278930664, 38.9651069641, -72.2205047607, -69.4911575317], [-2867.44165039, -136.941802979, 976.059631348, 176.597137451, 208.343734741, 57.0958862305, -11.1582107544, 12.6552209854, 42.8369140625, 77.6899337769, 11.9781808853, 56.7658576965, 63.70885849], [384.916168213, -243.170379639, 176.597137451, 515.345397949, 70.8997268677, 96.4883499146, -85.8497085571, 63.7940673828, -7.70676517487, 75.1923065186, -41.6747169495, -2.42895889282, 52.9370193481], [-1876.09289551, 16.9273948669, 208.343734741, 70.8997268677, 465.382965088, 14.7036819458, 47.6018829346, 52.73645401, 72.7990264893, 82.5185852051, 11.3066959381, 5.16744947433, 33.3088226318], [-160.796478271, -234.677490234, 57.0958862305, 96.4883499146, 14.7036819458, 284.393096924, 126.520385742, 74.4918289185, -48.9110870361, 12.7486858368, -15.5194797516, 17.9129276276, 9.12402248383], [-846.163208008, -60.1954307556, -11.1582107544, -85.8497085571, 47.6018829346, 126.520385742, 282.207824707, 67.4209213257, -12.4459428787, -31.2625675201, 14.141960144, 30.0937614441, -5.08738422394], [-259.213592529, -118.92124939, 12.6552209854, 63.7940673828, 52.73645401, 74.4918289185, 67.4209213257, 138.839981079, 16.3166446686, 25.8178672791, -10.7942914963, 10.2220230103, 3.42406749725], [-443.797027588, 23.1648750305, 42.8369140625, -7.70676517487, 72.7990264893, -48.9110870361, -12.4459428787, 16.3166446686, 121.799430847, 39.0663871765, 12.742641449, -17.8434429169, -4.02753686905], [-439.516143799, -95.5278930664, 77.6899337769, 75.1923065186, 82.5185852051, 12.7486858368, -31.2625675201, 25.8178672791, 39.0663871765, 110.117835999, 12.2573518753, -4.12824678421, 9.72737026215], [-159.798904419, 38.9651069641, 11.9781808853, -41.6747169495, 11.3066959381, -15.5194797516, 14.141960144, -10.7942914963, 12.742641449, 12.2573518753, 73.659324646, 14.48640728, -15.4035778046], [-390.614715576, -72.2205047607, 56.7658576965, -2.42895889282, 5.16744947433, 17.9129276276, 30.0937614441, 10.2220230103, -17.8434429169, -4.12824678421, 14.48640728, 79.9431915283, 31.288520813], [-321.533630371, -69.4911575317, 63.70885849, 52.9370193481, 33.3088226318, 9.12402248383, -5.08738422394, 3.42406749725, -4.02753686905, 9.72737026215, -15.4035778046, 31.288520813, 73.6653366089]], "icov": [[0.000613116484601, -0.00157119426876, 0.0014774214942, -0.00142782251351, 0.00190647237469, -0.00136078882497, 0.0015608133981, -0.00050727481721, 0.000439802068286, 0.000105108607386, 0.000133672743686, 7.0233734732e-05, 0.000388440763345], [-0.00157119426876, 0.00549565115944, -0.00378278200515, 0.00392874982208, -0.00534225720912, 0.00433755712584, -0.00393789215013, 0.00171977130231, -0.000982627621852, 0.00100433023181, -0.00102272094227, 0.000942307757214, -0.000499422312714], [0.0014774214942, -0.00378278200515, 0.00486332876608, -0.00376385496929, 0.00415303651243, -0.00357686518691, 0.00385786266997, -0.000743917596992, 0.000619838770945, -2.70730515695e-06, 0.000218115921598, -0.000742131378502, 0.00064019189449], [-0.00142782251351, 0.00392874982208, -0.00376385496929, 0.00644870102406, -0.00463864114136, 0.00220379396342, -0.00209330534562, -6.26225446467e-05, -0.000423821620643, -0.00103327515535, 0.000243927948759, 0.000787449418567, -0.00239237607457], [0.00190647237469, -0.00534225720912, 0.00415303651243, -0.00463864114136, 0.00907273776829, -0.00410129548982, 0.00390819925815, -0.00214271200821, 0.000379328121198, -0.00165874219965, 0.000440942909336, 0.000482785486383, -7.4488511018e-05], [-0.00136078882497, 0.00433755712584, -0.00357686518691, 0.00220379396342, -0.00410129548982, 0.00969479698688, -0.00639355694875, -9.43628620007e-05, 0.0017566261813, -0.00108892587014, 0.000159050468937, 0.000762406154536, -0.000172248794115], [0.0015608133981, -0.00393789215013, 0.00385786266997, -0.00209330534562, 0.00390819925815, -0.00639355694875, 0.0105082709342, -0.00366595899686, 0.00067362957634, 0.00292737199925, -0.00104767561425, -0.000949298613705, 0.00102096621413], [-0.00050727481721, 0.00171977130231, -0.000743917596992, -6.26225446467e-05, -0.00214271200821, -9.43628620007e-05, -0.00366595899686, 0.0113469604403, -0.00251852138899, -0.00162730040029, 0.00220854510553, -0.00201886915602, 0.00169298495166], [0.000439802068286, -0.000982627621852, 0.000619838770945, -0.000423821620643, 0.000379328121198, 0.0017566261813, 0.00067362957634, -0.00251852138899, 0.0122259054333, -0.00300845270976, -0.0013348859502, 0.00330599327572, -8.19253255031e-05], [0.000105108607386, 0.00100433023181, -2.70730515695e-06, -0.00103327515535, -0.00165874219965, -0.00108892587014, 0.00292737199925, -0.00162730040029, -0.00300845270976, 0.0153206801042, -0.00419865222648, 0.00195745704696, -0.000583137094509], [0.000133672743686, -0.00102272094227, 0.000218115921598, 0.000243927948759, 0.000440942909336, 0.000159050468937, -0.00104767561425, 0.00220854510553, -0.0013348859502, -0.00419865222648, 0.0184796601534, -0.00658305874094, 0.00600232742727], [7.0233734732e-05, 0.000942307757214, -0.000742131378502, 0.000787449418567, 0.000482785486383, 0.000762406154536, -0.000949298613705, -0.00201886915602, 0.00330599327572, 0.00195745704696, -0.00658305874094, 0.0202485043555, -0.0090676099062], [0.000388440763345, -0.000499422312714, 0.00064019189449, -0.00239237607457, -7.4488511018e-05, -0.000172248794115, 0.00102096621413, 0.00169298495166, -8.19253255031e-05, -0.000583137094509, 0.00600232742727, -0.0090676099062, 0.0211905967444]], "mean": [-79.3329849243, 122.201301575, -145.03465271, 16.9919662476, -81.1306533813, -14.4529905319, -41.3490219116, -9.85164165497, -27.9701347351, -14.9600343704, -12.6878919601, -11.329741478, -12.5741100311]}, "hfc": {"dmean": 2.52706170082, "dmean2": 3.41694331169, "dvar": 10.1597270966, "dvar2": 17.2358760834, "max": 76.9057540894, "mean": 12.7790622711, "median": 9.43440914154, "min": 1.07365720786e-16, "var": 122.113304138}, "melbands": {"dmean": [1.10460432552e-05, 0.000115431997983, 0.000373734597815, 0.000370319612557, 0.000254455400864, 0.000287007685984, 0.000297373946523, 0.000235761050135, 0.000181952826097, 0.000132010784, 0.000100240264146, 5.67974711885e-05, 5.03748633491e-05, 4.19903335569e-05, 4.03218582505e-05, 1.88963276742e-05, 1.41160107887e-05, 8.1142234194e-06, 5.74118803343e-06, 3.84130453313e-06, 3.261136726e-06, 3.79736479772e-06, 2.95238555736e-06, 3.01410318571e-06, 3.29995555148e-06, 2.08757273867e-06, 1.59970682034e-06, 1.35300695092e-06, 1.2264772522e-06, 8.07706612704e-07, 5.4339949429e-07, 6.10203414908e-07, 5.39680456768e-07, 2.7120302093e-07, 1.95239394429e-07, 1.2907489122e-07, 8.70944987241e-08, 6.21448776883e-08, 4.74413184293e-08, 3.13942187802e-08], "dmean2": [1.62047836056e-05, 0.000176517103682, 0.000619896512944, 0.000590418057982, 0.000390669010812, 0.000429305218859, 0.000451038707979, 0.000343837222317, 0.000272738281637, 0.000192865481949, 0.000143135825056, 8.4691309894e-05, 7.75661101216e-05, 6.35877149762e-05, 5.97196049057e-05, 2.7705276807e-05, 2.10493344639e-05, 1.20791301015e-05, 9.14792963158e-06, 6.05257537245e-06, 5.01964632349e-06, 5.9183121266e-06, 4.62542448076e-06, 4.83701660414e-06, 5.0640351219e-06, 3.20438221024e-06, 2.51529058914e-06, 2.04864886655e-06, 1.85282442544e-06, 1.18072250643e-06, 7.77498144089e-07, 8.86597206318e-07, 7.62406273225e-07, 3.77544722596e-07, 2.81873269614e-07, 1.84716029139e-07, 1.2313094544e-07, 8.72211316505e-08, 6.69816131449e-08, 4.49121024815e-08], "dvar": [8.38555003213e-10, 8.3672297535e-08, 7.11754864824e-07, 3.13723035106e-07, 1.98933037154e-07, 2.52943237911e-07, 4.41179054178e-07, 2.68743690413e-07, 1.22197505448e-07, 8.97726195603e-08, 8.3992738098e-08, 1.97597813667e-08, 1.37052342808e-08, 9.26580590033e-09, 1.23960361975e-08, 2.34312902414e-09, 1.16398934935e-09, 3.53183593482e-10, 1.52029819289e-10, 6.72008143576e-11, 4.29013456704e-11, 5.4723631876e-11, 2.3810897698e-11, 3.84901728545e-11, 3.51753452754e-11, 1.84196703029e-11, 1.08007752048e-11, 2.48441354295e-11, 3.9445176292e-11, 1.95152592003e-11, 4.46614143237e-12, 7.71566924934e-12, 5.14556192793e-12, 9.37473514616e-13, 4.78066425422e-13, 1.33323121423e-13, 7.74450626241e-14, 3.47632553711e-14, 2.18470210591e-14, 1.03640291743e-14], "dvar2": [1.54274260034e-09, 1.96934166752e-07, 1.98141788132e-06, 7.92440403075e-07, 4.84744703044e-07, 5.19950901889e-07, 8.84841142579e-07, 5.1252504818e-07, 2.46161022233e-07, 1.9063554646e-07, 1.36670436746e-07, 4.06332887337e-08, 3.05820435642e-08, 1.98990672828e-08, 2.39516086964e-08, 4.64850202775e-09, 2.49856446644e-09, 6.80968004207e-10, 3.84922010932e-10, 1.63964855582e-10, 9.77384492784e-11, 1.24650720301e-10, 5.55244010492e-11, 9.30856711157e-11, 7.80521897115e-11, 4.48197243208e-11, 2.56173571939e-11, 5.63457579206e-11, 8.47870385012e-11, 4.0737579976e-11, 8.58606154924e-12, 1.68515323223e-11, 9.84146358157e-12, 1.60700131587e-12, 9.58869377128e-13, 2.55819372847e-13, 1.51985113947e-13, 6.28593788891e-14, 4.17847993619e-14, 2.13801348045e-14], "max": [0.000786215125117, 0.00668204715475, 0.0183398183435, 0.0155042260885, 0.0126103805378, 0.0166371427476, 0.0199606046081, 0.0133121823892, 0.00663870247081, 0.00879353377968, 0.0106337703764, 0.00462177721784, 0.00485295196995, 0.00241233548149, 0.00474464008585, 0.00128802028485, 0.000956923991907, 0.000732001906727, 0.000373124494217, 0.000329630973283, 0.000208857745747, 0.000347867870005, 0.000141509037348, 0.000232517631957, 0.000227813579841, 0.000168275219039, 8.52699158713e-05, 0.000218258879613, 0.000275252183201, 0.000231293059187, 8.96063284017e-05, 0.000115951290354, 9.60322795436e-05, 3.92232068407e-05, 3.34974683938e-05, 1.293475907e-05, 8.38310825202e-06, 5.28051077708e-06, 4.26864744441e-06, 2.42046849053e-06], "mean": [1.96402215806e-05, 0.000193304615095, 0.00068161287345, 0.000805462885182, 0.000624688516837, 0.000726734811906, 0.000713141809683, 0.000459961796878, 0.000379507459002, 0.000302869942971, 0.000195510845515, 0.000116858165711, 9.24926716834e-05, 7.91650163592e-05, 7.14392081136e-05, 3.91778703488e-05, 2.62847406702e-05, 1.5351575712e-05, 1.09344537123e-05, 7.45005945646e-06, 6.84593669575e-06, 7.87027875049e-06, 6.25068105364e-06, 6.2537355916e-06, 7.54061011321e-06, 4.7228954827e-06, 3.24975303556e-06, 2.64364325631e-06, 2.13501380131e-06, 1.49546360717e-06, 1.0316192629e-06, 1.10278108423e-06, 9.89096520243e-07, 5.04613296926e-07, 3.46911349425e-07, 2.33772595948e-07, 1.45190156786e-07, 1.08170219448e-07, 7.34325951157e-08, 4.66982896796e-08], "median": [3.53516452378e-06, 4.49496110377e-05, 0.000365615764167, 0.000434019719251, 0.000250141776633, 0.000295512756566, 0.000201071568881, 0.000130531567265, 0.000111846049549, 6.06336725468e-05, 3.94643830077e-05, 2.6453686587e-05, 2.36742307607e-05, 1.93996293092e-05, 1.43298984767e-05, 6.81005758452e-06, 6.38293477095e-06, 5.29033832208e-06, 3.85253224522e-06, 3.4402298752e-06, 2.75983438769e-06, 3.89105480281e-06, 3.65388109458e-06, 3.19015634886e-06, 3.55161387233e-06, 2.14870397031e-06, 1.46596494233e-06, 1.0625366258e-06, 5.98515896399e-07, 4.63177201482e-07, 3.17125000038e-07, 3.18259338883e-07, 2.68929085223e-07, 1.53811740233e-07, 1.02587286221e-07, 7.64708047996e-08, 4.0282991165e-08, 3.37521832705e-08, 1.96264728913e-08, 1.22294654403e-08], "min": [1.22456002444e-24, 8.64283107508e-25, 1.5846676321e-24, 1.82508571335e-24, 1.42549650485e-24, 7.96858574293e-25, 9.86799418369e-25, 1.52475630876e-24, 1.61135824779e-24, 1.32189905065e-24, 1.88626345427e-24, 2.54115171753e-24, 2.95604324987e-24, 2.34600054578e-24, 2.63570458563e-24, 2.83886880924e-24, 3.01084383924e-24, 2.44876624477e-24, 2.2805594061e-24, 3.81498182475e-24, 2.5469060634e-24, 3.95351842148e-24, 2.83993613804e-24, 4.3382166971e-24, 4.57973080197e-24, 3.40698020355e-24, 4.57265748066e-24, 4.89858601328e-24, 4.53418039558e-24, 4.70637058739e-24, 4.91927941254e-24, 5.38081589578e-24, 6.11331032274e-24, 5.40251469827e-24, 5.72417549338e-24, 4.5754685865e-24, 5.51950632039e-24, 5.70958353879e-24, 5.96490113178e-24, 6.1356149704e-24], "var": [2.63551380719e-09, 1.99560901137e-07, 1.10250482521e-06, 1.24063797102e-06, 1.36194034894e-06, 1.42214514653e-06, 2.30956129599e-06, 9.8652003544e-07, 5.02273451275e-07, 4.73767187259e-07, 2.73954810837e-07, 8.8004959764e-08, 4.45423147255e-08, 2.96709021796e-08, 3.528687742e-08, 1.03572288523e-08, 3.42422490363e-09, 1.06326869531e-09, 4.61835569787e-10, 1.62820104621e-10, 1.33585822959e-10, 1.45730844059e-10, 6.68694266626e-11, 9.1890821341e-11, 1.62618640775e-10, 6.66577140707e-11, 2.55291066065e-11, 4.7930454744e-11, 7.71286923218e-11, 4.90128042319e-11, 1.13769072288e-11, 1.53229269551e-11, 1.2331058917e-11, 2.728825629e-12, 1.13048806427e-12, 3.29884313225e-13, 1.59036046593e-13, 8.24792301514e-14, 4.50811195557e-14, 1.76164218304e-14]}, "melbands_crest": {"dmean": 3.10360908508, "dmean2": 5.12677669525, "dvar": 7.53707456589, "dvar2": 19.843334198, "max": 33.1313400269, "mean": 12.6598100662, "median": 11.931180954, "min": 1.45053946972, "var": 21.7404460907}, "melbands_flatness_db": {"dmean": 0.0205189213157, "dmean2": 0.0302605517209, "dvar": 0.000380183628295, "dvar2": 0.00077298557153, "max": 0.497611194849, "mean": 0.229621931911, "median": 0.230720102787, "min": 0.0033134308178, "var": 0.00472307996824}, "melbands_kurtosis": {"dmean": 4.64640712738, "dmean2": 7.33640861511, "dvar": 50.3800544739, "dvar2": 124.844993591, "max": 150.182785034, "mean": 10.8478536606, "median": 7.01407670975, "min": -1.86875355244, "var": 152.893920898}, "melbands_skewness": {"dmean": 0.550892114639, "dmean2": 0.854907572269, "dvar": 0.319025874138, "dvar2": 0.762555718422, "max": 10.6105213165, "mean": 2.16466641426, "median": 2.06786084175, "min": -2.05260491371, "var": 1.81447970867}, "melbands_spread": {"dmean": 4.29889249802, "dmean2": 6.51489448547, "dvar": 52.7919654846, "dvar2": 92.8421096802, "max": 176.550338745, "mean": 17.1048164368, "median": 12.4925413132, "min": 0.894885063171, "var": 400.742034912}, "mfcc": {"cov": [[7716.87158203, 1025.10253906, -413.096954346, -9.8296546936, -496.251586914, -133.295227051, -249.412719727, 7.41171741486, -282.731658936, -35.8993644714, 33.0050964355, -79.3298110962, -177.588180542], [1025.10253906, 1444.14477539, -146.042190552, -54.1964416504, -43.4506607056, -147.362915039, -118.226753235, -48.6002197266, -150.553619385, -71.1047058105, 30.6305427551, -61.3677062988, -38.4949150085], [-413.096954346, -146.042190552, 640.518493652, 129.603897095, 83.561630249, 77.0200500488, 18.2436618805, -14.4867401123, 34.5863685608, -19.1540794373, -45.567489624, 23.6353797913, 34.7750930786], [-9.8296546936, -54.1964416504, 129.603897095, 363.085754395, 216.686965942, 34.5127182007, -24.7268276215, -49.3429756165, 55.4912567139, 46.9361076355, -28.0899448395, 5.00658988953, 43.5650634766], [-496.251586914, -43.4506607056, 83.561630249, 216.686965942, 383.79586792, 62.0575447083, -17.590587616, -74.3207321167, 59.4950180054, 78.07787323, -6.12618160248, 13.0617313385, 31.6190376282], [-133.295227051, -147.362915039, 77.0200500488, 34.5127182007, 62.0575447083, 167.47052002, 103.6251297, 37.0778427124, 56.2426338196, 27.907377243, 6.06716299057, 19.0920791626, 12.1800613403], [-249.412719727, -118.226753235, 18.2436618805, -24.7268276215, -17.590587616, 103.6251297, 241.638183594, 124.107170105, 64.1187667847, 26.1646194458, 7.05079174042, 34.5034713745, 23.0284042358], [7.41171741486, -48.6002197266, -14.4867401123, -49.3429756165, -74.3207321167, 37.0778427124, 124.107170105, 181.050231934, 55.4292526245, 4.29736709595, 23.0988731384, 13.827246666, 9.33546638489], [-282.731658936, -150.553619385, 34.5863685608, 55.4912567139, 59.4950180054, 56.2426338196, 64.1187667847, 55.4292526245, 142.905639648, 52.3686637878, -1.44958245754, 8.70238780975, 20.4887809753], [-35.8993644714, -71.1047058105, -19.1540794373, 46.9361076355, 78.07787323, 27.907377243, 26.1646194458, 4.29736709595, 52.3686637878, 139.801040649, 44.1707344055, 8.40169143677, -0.153016060591], [33.0050964355, 30.6305427551, -45.567489624, -28.0899448395, -6.12618160248, 6.06716299057, 7.05079174042, 23.0988731384, -1.44958245754, 44.1707344055, 106.889183044, 36.8643798828, -9.16897964478], [-79.3298110962, -61.3677062988, 23.6353797913, 5.00658988953, 13.0617313385, 19.0920791626, 34.5034713745, 13.827246666, 8.70238780975, 8.40169143677, 36.8643798828, 101.907844543, 30.8056735992], [-177.588180542, -38.4949150085, 34.7750930786, 43.5650634766, 31.6190376282, 12.1800613403, 23.0284042358, 9.33546638489, 20.4887809753, -0.153016060591, -9.16897964478, 30.8056735992, 77.9615097046]], "icov": [[0.000198429479497, -0.000126955041196, 0.00010967640992, -0.000305659981677, 0.00040124123916, -0.000305524619762, 0.000315810844768, -0.000231240977882, 0.000324273540173, -0.0002945655433, 0.000234868639382, -0.000196311797481, 0.000349996378645], [-0.000126955041196, 0.000948078755755, 1.08676131276e-05, 0.000148996594362, -0.000477223657072, 0.000739482464269, -0.000269238167675, 3.43391839124e-05, 0.000471137173008, 0.000588607101236, -0.000760515686125, 0.000735909678042, -0.000258625223069], [0.00010967640992, 1.08676131276e-05, 0.00193069607485, -0.000711642380338, 0.000235048413742, -0.00100984692108, 0.000404168269597, -0.000117762559967, 0.000138508548844, 0.000276916398434, 0.000770033802837, -0.000609299517237, 4.42912278231e-05], [-0.000305659981677, 0.000148996594362, -0.000711642380338, 0.00517990067601, -0.00273510231636, 0.000487468962092, 0.000163336866535, 0.000462903553853, -0.00125214725267, -0.000185414668522, 0.000541967863683, 0.000451207102742, -0.0020561942365], [0.00040124123916, -0.000477223657072, 0.000235048413742, -0.00273510231636, 0.00576114933938, -0.0020833236631, 0.000868013885338, 0.00146761501674, -0.000396590941818, -0.00221281894483, 0.000670256791636, -0.000810072408058, 0.000157471629791], [-0.000305524619762, 0.000739482464269, -0.00100984692108, 0.000487468962092, -0.0020833236631, 0.0106973359361, -0.00496449135244, 0.00135532126296, -0.00196113227867, 0.00119576475117, -0.00190090120304, 0.000848276016768, 0.000284025270957], [0.000315810844768, -0.000269238167675, 0.000404168269597, 0.000163336866535, 0.000868013885338, -0.00496449135244, 0.00979537051171, -0.00563341705129, 0.000588928174693, -0.00218244828284, 0.00287089427002, -0.00257418933325, -0.000284595356788], [-0.000231240977882, 3.43391839124e-05, -0.000117762559967, 0.000462903553853, 0.00146761501674, 0.00135532126296, -0.00563341705129, 0.0115265902132, -0.00438516726717, 0.00205704709515, -0.00352326687425, 0.00156290223822, -0.00111458182801], [0.000324273540173, 0.000471137173008, 0.000138508548844, -0.00125214725267, -0.000396590941818, -0.00196113227867, 0.000588928174693, -0.00438516726717, 0.0125443078578, -0.00401685759425, 0.00226856954396, 3.57653766514e-06, -0.000611624098383], [-0.0002945655433, 0.000588607101236, 0.000276916398434, -0.000185414668522, -0.00221281894483, 0.00119576475117, -0.00218244828284, 0.00205704709515, -0.00401685759425, 0.0121926805004, -0.00632395129651, 0.00215675402433, 0.000192327002878], [0.000234868639382, -0.000760515686125, 0.000770033802837, 0.000541967863683, 0.000670256791636, -0.00190090120304, 0.00287089427002, -0.00352326687425, 0.00226856954396, -0.00632395129651, 0.016083991155, -0.00717069581151, 0.00322862528265], [-0.000196311797481, 0.000735909678042, -0.000609299517237, 0.000451207102742, -0.000810072408058, 0.000848276016768, -0.00257418933325, 0.00156290223822, 3.57653766514e-06, 0.00215675402433, -0.00717069581151, 0.0150851765648, -0.00609572371468], [0.000349996378645, -0.000258625223069, 4.42912278231e-05, -0.0020561942365, 0.000157471629791, 0.000284025270957, -0.000284595356788, -0.00111458182801, -0.000611624098383, 0.000192327002878, 0.00322862528265, -0.00609572371468, 0.0176844280213]], "mean": [-699.355651855, 142.822860718, -16.267572403, 17.2008800507, -22.9380283356, -12.2787179947, -14.4648208618, -5.79284143448, -17.3123683929, -10.4556512833, -7.76029968262, -8.50794124603, -7.92831611633]}, "pitch_salience": {"dmean": 0.0646814703941, "dmean2": 0.106440171599, "dvar": 0.00307575217448, "dvar2": 0.00832605548203, "max": 0.897588133812, "mean": 0.621029734612, "median": 0.632610857487, "min": 0.148903369904, "var": 0.00965817645192}, "silence_rate_20dB": {"dmean": 0, "dmean2": 0, "dvar": 0, "dvar2": 0, "max": 1, "mean": 1, "median": 1, "min": 1, "var": 0}, "silence_rate_30dB": {"dmean": 0.000282007909846, "dmean2": 0.000564095331356, "dvar": 0.000281960645225, "dvar2": 0.000563712208532, "max": 1, "mean": 0.999295055866, "median": 1, "min": 0, "var": 0.000704407051671}, "silence_rate_60dB": {"dmean": 0.0282007902861, "dmean2": 0.0564095340669, "dvar": 0.0274040680379, "dvar2": 0.0591488294303, "max": 1, "mean": 0.135062739253, "median": 0, "min": 0, "var": 0.116826608777}, "spectral_centroid": {"dmean": 168.621551514, "dmean2": 252.386993408, "dvar": 65719.90625, "dvar2": 117747.617188, "max": 11694.7109375, "mean": 1124.44897461, "median": 855.64251709, "min": 231.43598938, "var": 1777008}, "spectral_complexity": {"dmean": 2.2267343998, "dmean2": 3.44521212578, "dvar": 4.78260755539, "dvar2": 9.78911495209, "max": 38, "mean": 12.9520654678, "median": 12, "min": 0, "var": 39.6763267517}, "spectral_contrast_coeffs": {"dmean": [0.0473936162889, 0.0457948185503, 0.038381267339, 0.0282371677458, 0.0196869745851, 0.0158042646945], "dmean2": [0.0785874649882, 0.0750408023596, 0.0619038902223, 0.0453977137804, 0.031187472865, 0.0248867627233], "dvar": [0.00156812474597, 0.00138154905289, 0.000947557913605, 0.000516855798196, 0.000277566636214, 0.000195086133317], "dvar2": [0.00422901334241, 0.00350928516127, 0.00234345439821, 0.00126167561393, 0.000646921107545, 0.000446944701253], "max": [-0.254545241594, -0.357104867697, -0.415943473577, -0.528441846371, -0.597869217396, -0.555710673332], "mean": [-0.515560925007, -0.692700028419, -0.749277174473, -0.774329304695, -0.78735011816, -0.747507929802], "median": [-0.50538277626, -0.70277094841, -0.757839262486, -0.778334200382, -0.788391947746, -0.745409429073], "min": [-0.985432863235, -0.978786766529, -0.9767614007, -0.971385955811, -0.966854393482, -0.965675354004], "var": [0.0133789842948, 0.010784146376, 0.00650384416804, 0.00371057749726, 0.00230540265329, 0.00194814847782]}, "spectral_contrast_valleys": {"dmean": [0.425665229559, 0.333539158106, 0.291660010815, 0.239021524787, 0.196930393577, 0.224489495158], "dmean2": [0.70591199398, 0.544748306274, 0.462109565735, 0.368086904287, 0.282843649387, 0.297248840332], "dvar": [0.159527465701, 0.103592909873, 0.0868610218167, 0.0672724172473, 0.0684820339084, 0.0895541459322], "dvar2": [0.376012265682, 0.22067438066, 0.171759605408, 0.117278859019, 0.102999605238, 0.136352345347], "max": [-6.27832317352, -4.90392827988, -5.43984556198, -6.16753196716, -6.33834314346, -8.63933467865], "mean": [-9.07682704926, -6.98568677902, -7.81891489029, -8.46770381927, -8.34924316406, -11.4595737457], "median": [-8.74622058868, -6.53921222687, -7.4723405838, -8.10453033447, -8.0042514801, -11.1768808365], "min": [-28.1057453156, -27.8597793579, -27.7560768127, -27.7082767487, -27.6124362946, -27.3713150024], "var": [6.01364564896, 6.93297290802, 6.41112279892, 5.98816776276, 6.0597910881, 4.63409519196]}, "spectral_decrease": {"dmean": 1.13047626815e-09, "dmean2": 1.67776503801e-09, "dvar": 1.84922677945e-18, "dvar2": 3.92680958829e-18, "max": 1.6804893119e-28, "mean": -5.22820231552e-09, "median": -4.16925427515e-09, "min": -2.8782096706e-08, "var": 1.96117277134e-17}, "spectral_energy": {"dmean": 0.00445189746097, "dmean2": 0.00658556446433, "dvar": 2.84099187411e-05, "dvar2": 5.97541402385e-05, "max": 0.113526754081, "mean": 0.0208915472031, "median": 0.0166852660477, "min": 1.01418829681e-20, "var": 0.000308731105179}, "spectral_energyband_high": {"dmean": 8.33245285321e-05, "dmean2": 0.000109184249595, "dvar": 1.0446163401e-07, "dvar2": 1.66208209862e-07, "max": 0.0137247005478, "mean": 0.000194985375856, "median": 7.13373519829e-05, "min": 7.11333240751e-21, "var": 3.4998765841e-07}, "spectral_energyband_low": {"dmean": 0.000803251226898, "dmean2": 0.00129096559249, "dvar": 4.32104798165e-06, "dvar2": 1.18444359032e-05, "max": 0.0461805090308, "mean": 0.00138876866549, "median": 0.000455820874777, "min": 1.78350359286e-23, "var": 7.31628915673e-06}, "spectral_energyband_middle_high": {"dmean": 0.00108711642679, "dmean2": 0.00152006663848, "dvar": 3.50042705577e-06, "dvar2": 6.72346232022e-06, "max": 0.0622089542449, "mean": 0.00370054738596, "median": 0.00187876517884, "min": 1.15554314394e-21, "var": 2.66637362074e-05}, "spectral_energyband_middle_low": {"dmean": 0.00410747062415, "dmean2": 0.00618582079187, "dvar": 2.58179406956e-05, "dvar2": 5.54600846954e-05, "max": 0.110684499145, "mean": 0.0165593028069, "median": 0.0120889982209, "min": 1.42791447397e-22, "var": 0.000240150271566}, "spectral_entropy": {"dmean": 0.14242400229, "dmean2": 0.207292169333, "dvar": 0.0207029394805, "dvar2": 0.0364773496985, "max": 9.82634735107, "mean": 7.17439031601, "median": 7.18122148514, "min": 5.05248403549, "var": 0.328065693378}, "spectral_flux": {"dmean": 0.0158520974219, "dmean2": 0.0251143574715, "dvar": 0.000275160273304, "dvar2": 0.000672442722134, "max": 0.272959262133, "mean": 0.0634522140026, "median": 0.0592653527856, "min": 6.34878954964e-11, "var": 0.00118722941261}, "spectral_kurtosis": {"dmean": 2.65906119347, "dmean2": 4.63395929337, "dvar": 9.11563491821, "dvar2": 27.3650150299, "max": 75.3314819336, "mean": 6.29932546616, "median": 5.13832998276, "min": -1.33053719997, "var": 23.2809123993}, "spectral_rms": {"dmean": 0.000485876196763, "dmean2": 0.000709317973815, "dvar": 2.42136678708e-07, "dvar2": 4.79076561533e-07, "max": 0.0105241537094, "mean": 0.00405224459246, "median": 0.00403463887051, "min": 3.14555564755e-12, "var": 3.96129553337e-06}, "spectral_rolloff": {"dmean": 260.612609863, "dmean2": 431.863800049, "dvar": 290694.65625, "dvar2": 588380.75, "max": 19724.4140625, "mean": 1316.07263184, "median": 839.794921875, "min": 172.265625, "var": 5314051.5}, "spectral_skewness": {"dmean": 0.27602365613, "dmean2": 0.457104235888, "dvar": 0.0710831135511, "dvar2": 0.188898533583, "max": 6.62233257294, "mean": 1.70719301701, "median": 1.65399324894, "min": -0.337605059147, "var": 0.421439319849}, "spectral_spread": {"dmean": 31