{"lowlevel": {"average_loudness": 0.836268663406, "barkbands": {"dmean": [1.47712034959e-05, 0.000869988172781, 0.000459845556179, 0.00113166752271, 0.000814339378849, 0.000128195839352, 0.000176038520294, 0.000206982382224, 0.000141585056554, 8.57543054735e-05, 8.39592976263e-05, 0.000105627819721, 0.00015172942949, 0.000108490021375, 0.000143556128023, 0.000136516333441, 0.000105394072307, 8.36314939079e-05, 0.000419315940235, 0.000443142169388, 0.0002226508077, 0.000196993845748, 0.000175031338586, 0.000152125532622, 5.92547876295e-05, 7.50159051677e-06, 1.88641720911e-07], "dmean2": [2.17214055738e-05, 0.00141316675581, 0.000774523767177, 0.00194124202244, 0.00132258003578, 0.000201153277885, 0.000270328484476, 0.000315208890243, 0.000204358395422, 0.000128407162265, 0.000127495775814, 0.000161047821166, 0.000233060825849, 0.000171054314706, 0.000222949456656, 0.000218558532652, 0.000166299083503, 0.000132724206196, 0.000636175682303, 0.000666131090838, 0.000331166258547, 0.000287539005512, 0.000258499960182, 0.000226796764764, 9.07106004888e-05, 1.16209521366e-05, 3.38079161111e-07], "dvar": [1.24680843427e-09, 3.08261087412e-06, 6.74083253216e-07, 1.62355408975e-05, 4.58309568785e-06, 5.74263800956e-08, 1.951276829e-07, 2.64036913222e-07, 1.3557814782e-07, 4.97728080973e-08, 6.44921129833e-08, 1.08714587554e-07, 1.51810795046e-07, 9.22814464843e-08, 2.14187991787e-07, 4.64613236772e-08, 3.8089442711e-08, 1.69441367603e-08, 7.03250748302e-07, 8.70015810506e-07, 1.28094981733e-07, 1.37895696639e-07, 2.08298033044e-07, 1.79901647357e-07, 1.15648726151e-08, 2.35256203407e-10, 3.86489722604e-13], "dvar2": [2.732833293e-09, 7.67541405367e-06, 1.7742977434e-06, 4.33263594459e-05, 1.19372862173e-05, 1.46466859974e-07, 4.61314130007e-07, 5.96183838297e-07, 2.69795151553e-07, 1.0932919281e-07, 1.41111556218e-07, 2.46201835807e-07, 3.52899320433e-07, 2.27785207585e-07, 5.06640844833e-07, 1.0924082261e-07, 9.16228302117e-08, 4.0486906272e-08, 1.49066215727e-06, 1.86791191936e-06, 2.67492538342e-07, 2.88055389319e-07, 4.4405496169e-07, 4.13388789866e-07, 2.61083350495e-08, 5.12688336229e-10, 1.04925378282e-12], "max": [0.000911379233003, 0.0266001727432, 0.0135324653238, 0.0558356791735, 0.0318320654333, 0.00477638468146, 0.0072043412365, 0.0121339391917, 0.0086482539773, 0.00573633890599, 0.00728826457635, 0.00695459358394, 0.0106202922761, 0.00861919112504, 0.0141150634736, 0.00460750004277, 0.00529655301943, 0.00252148113213, 0.0200668387115, 0.020039524883, 0.011229368858, 0.00844167545438, 0.0128270490095, 0.0115367099643, 0.00142212782521, 0.000375135015929, 1.13125897769e-05], "mean": [1.88294507097e-05, 0.00231418712065, 0.00104749540333, 0.00110530469101, 0.00141313357744, 0.000273940589977, 0.000306580594042, 0.000374991243007, 0.000332505034748, 0.00016175773635, 0.000135974201839, 0.000182584510185, 0.000258139538346, 0.000174780012458, 0.000254705693806, 0.000237678206759, 0.000208185098018, 0.000171138977748, 0.000860467960592, 0.00101669796277, 0.000521284993738, 0.000369105808204, 0.000278037245153, 0.000235011335462, 7.71443010308e-05, 8.88667818799e-06, 1.31276223669e-07], "median": [3.55350812242e-06, 0.000867588678375, 0.000725253717974, 0.000276828126516, 0.000887214031536, 0.000171633146238, 0.000134949339554, 6.09293383604e-05, 4.13270754507e-05, 4.63016767753e-05, 4.82873110741e-05, 7.4539326306e-05, 9.83140562312e-05, 5.24209463038e-05, 6.86969724484e-05, 0.000135017136927, 9.92043860606e-05, 0.000110124310595, 0.00033939621062, 0.00035096539068, 0.000334478390869, 0.000179715905688, 0.000104186205135, 7.01828757883e-05, 2.14612555283e-05, 2.42142459683e-06, 5.40592992593e-09], "min": [2.86454450607e-25, 2.76879764769e-24, 1.92559645344e-24, 1.87097641462e-25, 8.54434889081e-24, 9.18394705758e-24, 4.93156118798e-24, 9.52764349879e-24, 1.11442829731e-23, 1.66375087869e-23, 1.97570592366e-23, 4.27074873709e-23, 3.35888579963e-23, 3.95804206545e-23, 5.43487298374e-23, 5.39451233547e-23, 6.83319646474e-23, 1.19983421278e-22, 1.46698303118e-22, 1.56190697945e-22, 2.59824074505e-22, 3.23952937762e-22, 3.99330124491e-22, 5.97119237638e-22, 8.60549555062e-22, 1.29374299172e-21, 2.01959943185e-21], "var": [2.24503682311e-09, 9.16494354897e-06, 1.22579376693e-06, 1.17384561236e-05, 4.26799306297e-06, 1.01465616353e-07, 2.96422001611e-07, 5.83375651786e-07, 6.78659262121e-07, 1.34167663646e-07, 1.16112246928e-07, 1.98298465648e-07, 3.30389980263e-07, 1.69591075405e-07, 5.73010026983e-07, 1.07473326239e-07, 9.76882432724e-08, 3.79256483996e-08, 1.66722395534e-06, 3.27170505443e-06, 3.54341381126e-07, 3.03599762219e-07, 3.74254284452e-07, 3.17510000514e-07, 1.82287518413e-08, 3.52960133343e-10, 2.66027895242e-13]}, "barkbands_crest": {"dmean": 1.9401204586, "dmean2": 3.17753648758, "dvar": 4.04537200928, "dvar2": 9.98151493073, "max": 24.662437439, "mean": 8.98801994324, "median": 7.96018743515, "min": 2.73183941841, "var": 16.188331604}, "barkbands_flatness_db": {"dmean": 0.01617670618, "dmean2": 0.0242409445345, "dvar": 0.000234115068452, "dvar2": 0.000535944767762, "max": 0.364908754826, "mean": 0.11287368834, "median": 0.108829714358, "min": 0.0316601619124, "var": 0.00116711750161}, "barkbands_kurtosis": {"dmean": 0.948351979256, "dmean2": 1.53514790535, "dvar": 2.87917280197, "dvar2": 6.86493349075, "max": 58.6149978638, "mean": 0.15686711669, "median": -0.969442486763, "min": -1.94563293457, "var": 13.4110622406}, "barkbands_skewness": {"dmean": 0.407836347818, "dmean2": 0.616602778435, "dvar": 0.186765372753, "dvar2": 0.421557933092, "max": 6.74339485168, "mean": 0.719816327095, "median": 0.633048176765, "min": -3.49658179283, "var": 1.0971788168}, "barkbands_spread": {"dmean": 7.79761600494, "dmean2": 12.1362600327, "dvar": 71.1254653931, "dvar2": 165.721435547, "max": 112.197921753, "mean": 47.0050735474, "median": 47.1179771423, "min": 1.6958425045, "var": 212.379074097}, "dissonance": {"dmean": 0.00688363611698, "dmean2": 0.0114710154012, "dvar": 4.89893463964e-05, "dvar2": 0.000131425782456, "max": 0.5, "mean": 0.484273582697, "median": 0.486469238997, "min": 0.356488019228, "var": 0.000103749778646}, "dynamic_complexity": 3.31126928329, "erbbands": {"dmean": [0.0209770929068, 0.212340921164, 0.503935515881, 2.06905722618, 4.20975351334, 1.99380409718, 1.31438016891, 0.887118041515, 1.77869617939, 3.8690340519, 3.9459643364, 3.28104710579, 2.6141872406, 2.6856982708, 2.98386311531, 4.27686786652, 6.76521492004, 5.12001800537, 5.56339025497, 7.81023693085, 5.35759449005, 6.05747365952, 4.86214876175, 9.42879199982, 28.3713779449, 18.1258144379, 8.98202419281, 8.75780487061, 7.32598400116, 6.07196140289, 4.94072389603, 3.93726110458, 2.06970953941, 0.926464617252, 0.284478932619, 0.0605711564422, 0.00927912350744, 0.000847278162837, 3.66687090718e-05, 7.38809922041e-06], "dmean2": [0.0344294458628, 0.344245493412, 0.836739361286, 3.54876708984, 6.99140119553, 3.19745182991, 2.04291176796, 1.41985821724, 2.78740286827, 5.94206809998, 5.85465955734, 4.72815656662, 3.86576294899, 4.12196922302, 4.47830438614, 6.43292856216, 10.2289113998, 7.88429784775, 8.6776638031, 12.0765571594, 8.45942115784, 9.49992465973, 7.73641824722, 14.3638019562, 42.1988868713, 26.8980045319, 13.3062200546, 13.1296854019, 10.7762174606, 8.87043952942, 7.3685631752, 5.93904876709, 3.08502101898, 1.41060590744, 0.439086049795, 0.0931031107903, 0.0147668402642, 0.00143038551323, 6.03175139986e-05, 1.03419897641e-05], "dvar": [0.00241907592863, 0.170987084508, 0.751084268093, 44.381603241, 176.748718262, 21.0734272003, 5.18042182922, 3.37221670151, 14.4380731583, 88.2571105957, 97.6270294189, 80.5204620361, 47.4017562866, 65.0938034058, 77.0766601563, 199.354385376, 322.994720459, 201.605438232, 210.408126831, 428.372619629, 73.557723999, 120.981460571, 56.9614257813, 278.312927246, 3405.83374023, 1238.00598145, 231.183914185, 171.370651245, 174.269821167, 180.898696899, 182.801147461, 152.284057617, 22.4648418427, 2.89304208755, 0.296663820744, 0.0146406004205, 0.000451661646366, 4.68503822049e-06, 9.11479158816e-09, 1.42825515304e-10], "dvar2": [0.00632976973429, 0.418294131756, 1.96941792965, 119.029174805, 462.685058594, 52.9356613159, 12.8666772842, 8.79210472107, 35.2115707397, 206.244628906, 218.075683594, 160.403045654, 100.63898468, 152.468704224, 174.143630981, 440.812652588, 730.415893555, 494.968658447, 502.583526611, 941.968566895, 164.302902222, 294.334381104, 139.299240112, 594.340698242, 7261.68310547, 2505.16381836, 484.444396973, 358.734191895, 370.509490967, 355.705749512, 418.446990967, 359.981628418, 48.4181060791, 6.54018211365, 0.664563238621, 0.0318428203464, 0.0010129539296, 1.1715902474e-05, 2.38385613471e-08, 2.92090102105e-10], "max": [0.825379252434, 5.848279953, 16.946352005, 90.2468566895, 157.743759155, 94.9060440063, 39.0661621094, 28.6509819031, 80.6419448853, 198.487426758, 306.293579102, 265.993133545, 196.899536133, 184.77822876, 275.981689453, 312.829833984, 550.000244141, 486.958984375, 439.417572021, 621.565795898, 237.412384033, 292.024383545, 171.992889404, 398.010375977, 1387.13122559, 720.820922852, 497.892608643, 229.70715332, 307.127990723, 330.754882813, 392.810943604, 369.45614624, 100.259681702, 22.3432979584, 9.04575634003, 2.33931183815, 0.501585960388, 0.0669359192252, 0.00156562437769, 0.000157848946401], "mean": [0.0440213270485, 0.597947359085, 1.32902503014, 2.50324487686, 5.27528715134, 3.80207777023, 2.98984289169, 1.86303699017, 3.44042658806, 6.71112966537, 7.99450874329, 7.75051164627, 5.5538444519, 4.77839612961, 5.36180591583, 7.75376081467, 12.1191997528, 8.98197364807, 10.2697105408, 15.2936563492, 11.2369499207, 12.3088541031, 10.1939220428, 20.6979503632, 63.0042457581, 43.6358108521, 21.2447433472, 20.0566749573, 13.9917182922, 10.0967540741, 7.70656776428, 5.92319202423, 3.12593483925, 1.25109672546, 0.355273753405, 0.0748693048954, 0.0102148773149, 0.00080033915583, 4.51716077805e-05, 2.06558488571e-05], "median": [0.010169332847, 0.262060165405, 1.09996533394, 1.03340506554, 2.45769143105, 2.51714587212, 2.07678318024, 1.21084964275, 1.87173950672, 1.97419524193, 1.31208646297, 0.996393322945, 1.43212449551, 1.57249379158, 2.13222384453, 3.31500983238, 4.75224733353, 3.3300588131, 3.65848636627, 6.14898729324, 6.18623590469, 6.34482383728, 6.61053180695, 12.0127506256, 18.7431354523, 16.537519455, 12.4083690643, 13.0502443314, 7.0671954155, 4.10934877396, 2.85741758347, 1.71559083462, 0.978431999683, 0.356750488281, 0.0949937030673, 0.0214741230011, 0.00267292372882, 0.000188654128578, 1.86542310985e-05, 1.48327062561e-05], "min": [4.40189780922e-23, 7.20116612445e-22, 2.89709609205e-21, 1.61204112208e-21, 7.56992721991e-21, 3.58938450893e-20, 6.19887600084e-20, 5.03540511025e-20, 1.20894501551e-19, 2.37382405185e-19, 3.14543648031e-19, 2.30891157026e-19, 6.42349741316e-19, 7.90421946902e-19, 1.41429138766e-18, 1.56992200779e-18, 1.57260900061e-18, 2.27683076607e-18, 3.20910922495e-18, 3.29536989397e-18, 3.69119587621e-18, 4.70653112679e-18, 5.68892887257e-18, 5.97949550147e-18, 8.32328240223e-18, 7.43016391433e-18, 8.95690192427e-18, 1.26149253764e-17, 1.02236008194e-17, 1.12073567957e-17, 1.18239934726e-17, 1.10321731769e-17, 1.13233151099e-17, 6.64018947214e-18, 6.18289880051e-18, 4.86105177394e-18, 2.43049941719e-18, 9.33335595694e-19, 2.50437822642e-19, 2.791840873e-20], "var": [0.00584145495668, 0.532456338406, 1.28444230556, 33.2639846802, 138.808990479, 23.7620277405, 9.7461643219, 4.65040874481, 22.7816810608, 147.864624023, 254.117370605, 409.182312012, 156.463272095, 124.277496338, 136.496810913, 358.719726563, 744.531494141, 378.244659424, 414.316986084, 1273.60827637, 241.929870605, 295.284240723, 126.759864807, 693.526428223, 9947.32128906, 5041.88476563, 668.986694336, 465.573760986, 395.936767578, 381.909362793, 290.372283936, 235.092910767, 46.3643913269, 4.96700716019, 0.427133888006, 0.0220534875989, 0.000592505093664, 4.41199608758e-06, 7.89176457516e-09, 3.49551748657e-10]}, "erbbands_crest": {"dmean": 1.90102732182, "dmean2": 3.06772637367, "dvar": 3.56516051292, "dvar2": 8.5267829895, "max": 23.6825332642, "mean": 7.40841150284, "median": 6.43850898743, "min": 2.33801984787, "var": 11.4859342575}, "erbbands_flatness_db": {"dmean": 0.0143461041152, "dmean2": 0.0214599855244, "dvar": 0.000204727213713, "dvar2": 0.000407568295486, "max": 0.283109664917, "mean": 0.144237786531, "median": 0.139099851251, "min": 0.0547306612134, "var": 0.000927934830543}, "erbbands_kurtosis": {"dmean": 0.870075881481, "dmean2": 1.34396362305, "dvar": 1.80043053627, "dvar2": 4.39363479614, "max": 29.0893363953, "mean": 0.704154312611, "median": 0.152382612228, "min": -1.72949516773, "var": 4.74073791504}, "erbbands_skewness": {"dmean": 0.282141238451, "dmean2": 0.434156179428, "dvar": 0.0820835754275, "dvar2": 0.195589497685, "max": 1.12904334068, "mean": -0.990000963211, "median": -0.953886985779, "min": -5.0709695816, "var": 0.321450531483}, "erbbands_spread": {"dmean": 8.28868198395, "dmean2": 12.9502019882, "dvar": 79.0755310059, "dvar2": 186.176254272, "max": 123.59236908, "mean": 47.3623046875, "median": 46.0171775818, "min": 7.79472398758, "var": 265.871551514}, "gfcc": {"cov": [[14089.1123047, 114.340614319, -1143.04309082, 489.057617188, -893.422729492, 242.922454834, -310.320404053, 158.616485596, -320.318786621, 101.348754883, -204.462356567, -191.281387329, -193.547744751], [114.340614319, 709.528137207, -220.929229736, 86.0523452759, 123.295730591, -78.4607391357, 167.793197632, -13.9826660156, 95.3538131714, -28.3978843689, 61.6241493225, -42.9794654846, 65.9472122192], [-1143.04309082, -220.929229736, 538.408508301, 1.21060180664, 134.866363525, 98.0039138794, -74.7005615234, 6.15972471237, -26.0812263489, 5.40709495544, 7.13327264786, 127.074630737, 10.4696874619], [489.057617188, 86.0523452759, 1.21060180664, 252.090042114, 65.4127502441, 40.4435920715, -32.04895401, -18.3925952911, 33.6943855286, -14.3425588608, 28.6812057495, 10.0416278839, 45.3029212952], [-893.422729492, 123.295730591, 134.866363525, 65.4127502441, 246.562606812, 15.4270582199, 37.5572242737, -1.86403644085, 48.8869590759, 14.550743103, 24.4545669556, 52.4541664124, 53.0370826721], [242.922454834, -78.4607391357, 98.0039138794, 40.4435920715, 15.4270582199, 142.264083862, 0.987368285656, 15.2563562393, -17.8119678497, 1.07461392879, 15.1510667801, 30.6714706421, 5.41879463196], [-310.320404053, 167.793197632, -74.7005615234, -32.04895401, 37.5572242737, 0.987368285656, 205.696777344, 56.8493652344, 61.4181137085, 15.4448976517, 31.3094787598, -37.4491043091, 9.35169219971], [158.616485596, -13.9826660156, 6.15972471237, -18.3925952911, -1.86403644085, 15.2563562393, 56.8493652344, 94.6244735718, 37.3855323792, 30.7647075653, -4.69700717926, -6.69557666779, -2.11350512505], [-320.318786621, 95.3538131714, -26.0812263489, 33.6943855286, 48.8869590759, -17.8119678497, 61.4181137085, 37.3855323792, 132.04598999, 16.7631835938, 23.0379199982, -27.2830276489, 30.7576656342], [101.348754883, -28.3978843689, 5.40709495544, -14.3425588608, 14.550743103, 1.07461392879, 15.4448976517, 30.7647075653, 16.7631835938, 77.9999694824, 10.1178913116, 5.04937744141, -12.3954629898], [-204.462356567, 61.6241493225, 7.13327264786, 28.6812057495, 24.4545669556, 15.1510667801, 31.3094787598, -4.69700717926, 23.0379199982, 10.1178913116, 81.7398529053, 18.9348125458, 11.4858531952], [-191.281387329, -42.9794654846, 127.074630737, 10.0416278839, 52.4541664124, 30.6714706421, -37.4491043091, -6.69557666779, -27.2830276489, 5.04937744141, 18.9348125458, 109.432754517, 22.3319034576], [-193.547744751, 65.9472122192, 10.4696874619, 45.3029212952, 53.0370826721, 5.41879463196, 9.35169219971, -2.11350512505, 30.7576656342, -12.3954629898, 11.4858531952, 22.3319034576, 69.943145752]], "icov": [[0.000254156941082, -0.00040627841372, 0.00046938250307, -0.000698442512657, 0.000844690483063, -0.000745629251469, 0.000562451721635, -0.000818888715003, 0.00055434263777, -0.000705906015355, 0.000710704014637, -0.000281613902189, 0.000390133063775], [-0.00040627841372, 0.00354654388502, 0.00031896692235, 0.00044045157847, -0.00275123585016, 0.00246755010448, -0.00279339007102, 0.00201869779266, -0.00105166446883, 0.00239290832542, -0.00221406854689, 0.000349192530848, -0.0013330266811], [0.00046938250307, 0.00031896692235, 0.0047623468563, -0.000666938722134, -0.000943120394368, -0.00283235521056, 0.00189409253653, -0.00218421267346, 0.000373354065232, 7.49366372474e-05, 0.00106411881279, -0.00327617302537, 0.00205298420042], [-0.000698442512657, 0.00044045157847, -0.000666938722134, 0.00789902638644, -0.00364612438716, -0.000465897930553, 0.00128006213345, 0.00216051470488, -0.00268127350137, 0.00257605873048, -0.00355573161505, 0.00190208107233, -0.00305720092729], [0.000844690483063, -0.00275123585016, -0.000943120394368, -0.00364612438716, 0.0109079629183, -0.00209820107557, -8.05968447821e-05, -0.000307224749122, 0.000229131997912, -0.00519388541579, 0.00415905890986, -0.00299393571913, -0.00142132746987], [-0.000745629251469, 0.00246755010448, -0.00283235521056, -0.000465897930553, -0.00209820107557, 0.0124484961852, -0.00374948885292, 0.00044507032726, 0.000929226807784, 0.00274284277111, -0.00396500900388, 0.000444617995527, -0.00193615606986], [0.000562451721635, -0.00279339007102, 0.00189409253653, 0.00128006213345, -8.05968447821e-05, -0.00374948885292, 0.0116035174578, -0.00739766750485, 0.000407908053603, -0.000813795719296, -0.00196183822118, 0.00247988244519, 0.000860991538502], [-0.000818888715003, 0.00201869779266, -0.00218421267346, 0.00216051470488, -0.000307224749122, 0.00044507032726, -0.00739766750485, 0.0209802016616, -0.00683051301166, -0.00337269483134, 0.00270697451197, -0.00133051606826, -0.00103399076033], [0.00055434263777, -0.00105166446883, 0.000373354065232, -0.00268127350137, 0.000229131997912, 0.000929226807784, 0.000407908053603, -0.00683051301166, 0.0150994816795, -0.00311610521749, -0.00205293903127, 0.00494974525645, -0.00473584467545], [-0.000705906015355, 0.00239290832542, 7.49366372474e-05, 0.00257605873048, -0.00519388541579, 0.00274284277111, -0.000813795719296, -0.00337269483134, -0.00311610521749, 0.0195089373738, -0.00517185591161, -0.000943597056903, 0.00382181885652], [0.000710704014637, -0.00221406854689, 0.00106411881279, -0.00355573161505, 0.00415905890986, -0.00396500900388, -0.00196183822118, 0.00270697451197, -0.00205293903127, -0.00517185591161, 0.0195184890181, -0.00606769369915, 0.00241385330446], [-0.000281613902189, 0.000349192530848, -0.00327617302537, 0.00190208107233, -0.00299393571913, 0.000444617995527, 0.00247988244519, -0.00133051606826, 0.00494974525645, -0.000943597056903, -0.00606769369915, 0.0182811506093, -0.00717047182843], [0.000390133063775, -0.0013330266811, 0.00205298420042, -0.00305720092729, -0.00142132746987, -0.00193615606986, 0.000860991538502, -0.00103399076033, -0.00473584467545, 0.00382181885652, 0.00241385330446, -0.00717047182843, 0.0240410156548]], "mean": [-27.7060375214, 63.9454841614, -127.159988403, 78.3400268555, -67.0504074097, 19.9073848724, -37.5754966736, 4.61528253555, -28.2754383087, 1.26499688625, -12.1794500351, -9.71166706085, -9.7563457489]}, "hfc": {"dmean": 7.44487285614, "dmean2": 10.1396856308, "dvar": 134.827346802, "dvar2": 247.917861938, "max": 232.292755127, "mean": 21.0151042938, "median": 13.0785417557, "min": 1.0695329515e-16, "var": 489.235595703}, "melbands": {"dmean": [0.000219545399887, 0.000255121529335, 0.00043830749928, 0.000231272002566, 4.47102102044e-05, 2.09257614188e-05, 2.99393850582e-05, 4.54194159829e-05, 3.11308431264e-05, 2.0194451281e-05, 1.33102348627e-05, 1.11095559987e-05, 9.91516935755e-06, 1.11587123683e-05, 1.34443944262e-05, 1.59925039043e-05, 9.72499128693e-06, 8.91065974429e-06, 1.3011066585e-05, 1.22316050692e-05, 5.39491611562e-06, 6.75299543218e-06, 5.45536204299e-06, 3.68572136722e-06, 7.94787229097e-06, 1.95207630895e-05, 2.40945246333e-05, 1.09730672193e-05, 5.4156053011e-06, 6.88784120939e-06, 4.86106546305e-06, 4.44441820946e-06, 3.97559415433e-06, 3.44191698787e-06, 3.04874697576e-06, 2.63112474386e-06, 2.42534292738e-06, 1.64550033332e-06, 1.0169799225e-06, 7.26869586742e-07], "dmean2": [0.000356872478733, 0.00041693271487, 0.000747541896999, 0.000372662150767, 6.99859956512e-05, 3.33246571245e-05, 4.66568526463e-05, 6.95716880728e-05, 4.60410774394e-05, 2.92461045319e-05, 1.97917033802e-05, 1.70717430592e-05, 1.50262121679e-05, 1.71617939486e-05, 2.00264221348e-05, 2.45861647272e-05, 1.51715830725e-05, 1.40557312989e-05, 2.02841129067e-05, 1.95134543901e-05, 8.55194684846e-06, 1.06829056676e-05, 8.71018983162e-06, 5.89458068134e-06, 1.23584359244e-05, 2.97626393149e-05, 3.59943005606e-05, 1.68978185684e-05, 8.21497815195e-06, 1.05589024315e-05, 7.35357662052e-06, 6.67506992613e-06, 5.97237249167e-06, 5.11485040988e-06, 4.65553966933e-06, 4.02214391215e-06, 3.70287602891e-06, 2.50367770604e-06, 1.54930273766e-06, 1.1320195199e-06], "dvar": [2.22150944751e-07, 1.77915481459e-07, 2.15029490391e-06, 4.02986330528e-07, 6.086431803e-09, 1.71247138692e-09, 4.61771421101e-09, 1.11002504966e-08, 6.06092154243e-09, 3.09159631229e-09, 1.23546284314e-09, 1.05294295505e-09, 9.56188128676e-10, 1.34017963394e-09, 1.36605682322e-09, 1.84090931388e-09, 8.30649493633e-10, 5.95734461761e-10, 2.27105001471e-09, 4.06023187294e-10, 8.61982013545e-11, 1.4896291145e-10, 9.13354530896e-11, 3.25928624367e-11, 2.05917838336e-10, 1.70227465457e-09, 2.79806022796e-09, 4.58918264501e-10, 7.78243719468e-11, 1.54844165268e-10, 5.38206146317e-11, 6.15491338452e-11, 8.00857158367e-11, 6.38512853701e-11, 6.22728743571e-11, 7.66202865043e-11, 5.64243339551e-11, 1.60162508256e-11, 4.10601934397e-12, 1.80595664291e-12], "dvar2": [5.63541107113e-07, 4.52227936876e-07, 5.6963899624e-06, 1.03524075712e-06, 1.48904417685e-08, 4.47162662454e-09, 1.10218216776e-08, 2.56571404122e-08, 1.30468293946e-08, 6.18233109151e-09, 2.63499866371e-09, 2.47209741566e-09, 2.04485695043e-09, 3.18455484205e-09, 2.78442713331e-09, 4.5085131184e-09, 2.01127137167e-09, 1.39962152979e-09, 5.43589218083e-09, 9.38670474682e-10, 1.94007671039e-10, 3.68112929028e-10, 2.20939183615e-10, 7.93106066932e-11, 4.56965437712e-10, 3.6717746621e-09, 6.2975420434e-09, 9.68196856022e-10, 1.7296268584e-10, 3.339291621e-10, 1.15620776842e-10, 1.36492470104e-10, 1.81329493087e-10, 1.27055033161e-10, 1.44614722974e-10, 1.82809753446e-10, 1.33258321044e-10, 3.52725695874e-11, 9.10569623175e-12, 4.23199236071e-12], "max": [0.00750506017357, 0.00722083076835, 0.019174233079, 0.00925189070404, 0.00149029982276, 0.000732291664463, 0.00104192120489, 0.00209380988963, 0.00211703288369, 0.00174082093872, 0.000956675212365, 0.000688657921273, 0.00113719212823, 0.000966278545093, 0.000919400248677, 0.00104774674401, 0.00094536843244, 0.000639684789348, 0.00156607234385, 0.000417788221966, 0.000247459684033, 0.00027190320543, 0.00024970373488, 0.000127639112179, 0.000359304482117, 0.000818211527076, 0.00124214147218, 0.000494531937875, 0.000168019760167, 0.000457817193819, 0.000131226464873, 0.000151347077917, 0.000229575263802, 0.000241284549702, 0.000222219110583, 0.000263526133494, 0.000207777353353, 0.0001007577157, 4.54581240774e-05, 1.96465225599e-05], "mean": [0.000544962589629, 0.000753839442041, 0.000525726762135, 0.00036100242869, 0.000106195140688, 4.52888452855e-05, 5.51595840079e-05, 8.01826827228e-05, 6.53137467452e-05, 4.67287245556e-05, 2.67864816124e-05, 1.92512143258e-05, 1.70271832758e-05, 1.88068297575e-05, 2.43718750426e-05, 2.57586052612e-05, 1.59109349624e-05, 1.45945587064e-05, 2.2992850063e-05, 2.03110685106e-05, 1.09225948108e-05, 1.27853245431e-05, 1.06970710476e-05, 7.44128647057e-06, 1.54803274199e-05, 3.95541537728e-05, 5.22539703525e-05, 2.33097853197e-05, 1.16140799946e-05, 1.46438369484e-05, 1.01607793113e-05, 8.16486863187e-06, 6.40009102426e-06, 5.39018719792e-06, 4.61097033622e-06, 3.83324049835e-06, 3.5223465602e-06, 2.42013334173e-06, 1.4085002249e-06, 9.27694486563e-07], "median": [0.000158930837642, 0.000626497145277, 0.00023778754985, 0.000200649577891, 7.65539880376e-05, 3.01917189063e-05, 2.74761841865e-05, 2.00736303668e-05, 9.88319061435e-06, 5.58831879971e-06, 6.89217040417e-06, 6.16683382759e-06, 6.58486578686e-06, 6.64314075038e-06, 1.08099784484e-05, 8.56776023284e-06, 4.97877499583e-06, 5.13468785357e-06, 5.51498987988e-06, 1.06384904939e-05, 5.50482218387e-06, 6.21098979536e-06, 6.08713480688e-06, 4.9912268878e-06, 8.96066467249e-06, 1.42222861541e-05, 1.3260745618e-05, 9.62574904406e-06, 6.49520279694e-06, 8.94663480722e-06, 6.40474263491e-06, 4.07562947657e-06, 2.64293862529e-06, 2.05240917239e-06, 1.75883496922e-06, 1.12603390789e-06, 9.55454765972e-07, 7.53265794629e-07, 3.99339455726e-07, 2.58522305785e-07], "min": [5.99753541996e-25, 1.25037786415e-24, 2.77251130901e-25, 1.55072363761e-24, 2.15942409486e-24, 1.1896233471e-24, 1.60471278492e-24, 2.31642772817e-24, 2.66217027736e-24, 1.39958262133e-24, 2.67841509276e-24, 2.79286756884e-24, 3.84379181387e-24, 3.63222168567e-24, 3.55974035684e-24, 4.17037352331e-24, 3.47961733241e-24, 5.28007796375e-24, 3.87534743337e-24, 3.92251342689e-24, 3.90607593221e-24, 4.17802310751e-24, 3.62138628671e-24, 4.19867864145e-24, 4.06031243867e-24, 5.53272250156e-24, 4.17014909238e-24, 3.92120825652e-24, 5.14410595382e-24, 5.41494596284e-24, 6.12143835107e-24, 4.80277215102e-24, 4.64078311401e-24, 6.41680680665e-24, 5.83801995492e-24, 6.36286370909e-24, 6.40384621641e-24, 7.519691939e-24, 6.51123976789e-24, 4.40425184905e-24], "var": [6.21363653863e-07, 3.88405197782e-07, 1.59894523222e-06, 3.6584077634e-07, 1.12018234688e-08, 2.53122478533e-09, 7.25048243666e-09, 2.07391970264e-08, 1.87105086979e-08, 1.57165640502e-08, 3.90804766326e-09, 2.04164773976e-09, 1.67467639756e-09, 2.5064370579e-09, 2.61588639638e-09, 3.88522192196e-09, 1.58511281878e-09, 9.37412925062e-10, 5.89527138217e-09, 8.77197203764e-10, 2.882861172e-10, 3.53096718531e-10, 1.96541768971e-10, 6.72663383328e-11, 4.5598361198e-10, 3.84351972471e-09, 9.5355865426e-09, 1.51086720912e-09, 2.03190256287e-10, 3.77084363734e-10, 1.32661284735e-10, 1.35036273829e-10, 1.35563810177e-10, 1.28958843604e-10, 9.61795712517e-11, 1.08449416114e-10, 8.83768683235e-11, 3.09445316593e-11, 7.88302756405e-12, 2.68955083899e-12]}, "melbands_crest": {"dmean": 2.60255789757, "dmean2": 4.27663040161, "dvar": 7.84516048431, "dvar2": 20.3142032623, "max": 34.0589828491, "mean": 13.7119140625, "median": 13.5002994537, "min": 1.54227781296, "var": 22.0064792633}, "melbands_flatness_db": {"dmean": 0.0197327211499, "dmean2": 0.0298342760652, "dvar": 0.000416273571318, "dvar2": 0.000916827353649, "max": 0.477419793606, "mean": 0.137043654919, "median": 0.129668533802, "min": 0.00173383380752, "var": 0.0025497933384}, "melbands_kurtosis": {"dmean": 4.44816160202, "dmean2": 7.09596347809, "dvar": 48.2206230164, "dvar2": 121.011222839, "max": 139.329193115, "mean": 9.51534843445, "median": 5.30879688263, "min": -1.93632602692, "var": 166.632339478}, "melbands_skewness": {"dmean": 0.608618438244, "dmean2": 0.933718502522, "dvar": 0.455235123634, "dvar2": 1.05463445187, "max": 10.4696540833, "mean": 2.65920424461, "median": 2.43651819229, "min": -0.817207694054, "var": 2.34962058067}, "melbands_spread": {"dmean": 13.4703893661, "dmean2": 20.5748939514, "dvar": 267.684570313, "dvar2": 592.436218262, "max": 246.327880859, "mean": 54.00522995, "median": 48.1524963379, "min": 1.33207142353, "var": 1106.47705078}, "mfcc": {"cov": [[6180.30810547, -106.985046387, 32.4860687256, -9.65079689026, -283.117889404, -9.15365123749, 22.4547863007, -51.8687400818, -3.38180351257, 205.412414551, 28.7726783752, -97.0392379761, 4.66149950027], [-106.985046387, 593.413696289, -165.839508057, 138.0756073, -30.2580070496, 19.8056030273, 53.5562515259, 37.7935218811, 55.5554962158, 19.8546867371, 32.2820892334, 25.4929504395, 11.3509635925], [32.4860687256, -165.839508057, 324.611083984, -33.4309806824, 118.391792297, 37.3005256653, 7.18793582916, 28.7609634399, -32.8399925232, -69.4896240234, -17.9524154663, 28.6120185852, -6.11992025375], [-9.65079689026, 138.0756073, -33.4309806824, 216.403076172, 81.3547286987, 45.4520492554, -1.27071678638, 11.7835884094, 28.8433456421, 3.39242982864, -4.78166055679, 23.7955608368, 13.0851507187], [-283.117889404, -30.2580070496, 118.391792297, 81.3547286987, 246.830886841, 70.2498245239, -13.927854538, 9.88006210327, 3.04933738708, -68.5999755859, -36.9557037354, 38.4960327148, -8.2982006073], [-9.15365123749, 19.8056030273, 37.3005256653, 45.4520492554, 70.2498245239, 104.999557495, 35.1183929443, 22.3494796753, -0.441876590252, -19.911075592, -1.45717489719, 18.1924514771, -9.33427715302], [22.4547863007, 53.5562515259, 7.18793582916, -1.27071678638, -13.927854538, 35.1183929443, 110.63874054, 34.1327438354, 4.12920665741, 1.03422486782, 20.1674308777, 12.3700380325, 2.9045855999], [-51.8687400818, 37.7935218811, 28.7609634399, 11.7835884094, 9.88006210327, 22.3494796753, 34.1327438354, 87.260925293, 26.970161438, 2.48777890205, 11.8262815475, 9.46686077118, 4.46445083618], [-3.38180351257, 55.5554962158, -32.8399925232, 28.8433456421, 3.04933738708, -0.441876590252, 4.12920665741, 26.970161438, 98.7593460083, 48.4251937866, 11.448217392, 2.70352697372, 5.31834793091], [205.412414551, 19.8546867371, -69.4896240234, 3.39242982864, -68.5999755859, -19.911075592, 1.03422486782, 2.48777890205, 48.4251937866, 145.745040894, 47.6777229309, -19.9132099152, 13.969833374], [28.7726783752, 32.2820892334, -17.9524154663, -4.78166055679, -36.9557037354, -1.45717489719, 20.1674308777, 11.8262815475, 11.448217392, 47.6777229309, 77.1383056641, 10.0895690918, 3.62564492226], [-97.0392379761, 25.4929504395, 28.6120185852, 23.7955608368, 38.4960327148, 18.1924514771, 12.3700380325, 9.46686077118, 2.70352697372, -19.9132099152, 10.0895690918, 77.4187240601, 26.7129058838], [4.66149950027, 11.3509635925, -6.11992025375, 13.0851507187, -8.2982006073, -9.33427715302, 2.9045855999, 4.46445083618, 5.31834793091, 13.969833374, 3.62564492226, 26.7129058838, 70.0294723511]], "icov": [[0.000189589496586, 1.97847930394e-05, -0.000195557920961, -0.000139986965223, 0.000327935034875, -0.000172179061337, -3.40359947586e-05, 0.000173309716047, 2.86330759991e-05, -0.000275849626632, 0.000154067689436, 0.00011598286801, 1.46996910644e-07], [1.97847930394e-05, 0.00263264216483, 0.00121099851094, -0.00154515856411, 0.000431731517892, 0.000200740338187, -0.000963573984336, -0.000692112196703, -0.000739594455808, 0.000841138185933, -0.000699059921317, -0.000602282001637, 0.000282820139546], [-0.000195557920961, 0.00121099851094, 0.00538886431605, 0.0010559548391, -0.00258424715139, 0.000132998655317, -0.000349802809069, -0.00231314427219, 0.00101736444049, 0.0012436977122, -0.00069367303513, -0.00101385684684, 6.11258074059e-05], [-0.000139986965223, -0.00154515856411, 0.0010559548391, 0.00746417464688, -0.00280176778324, -0.00199174531735, 0.00115689157974, -0.000166137324413, -0.000479561713291, -0.000762167619541, 0.000411243905546, -0.000421712524258, -0.00134948384948], [0.000327935034875, 0.000431731517892, -0.00258424715139, -0.00280176778324, 0.00894576031715, -0.00396028906107, 0.00182906514965, 0.000949670909904, -0.00189167179633, 0.00152117456309, 0.00206365389749, -0.00203606719151, 0.00111166026909], [-0.000172179061337, 0.000200740338187, 0.000132998655317, -0.00199174531735, -0.00396028906107, 0.0154128586873, -0.00480613252148, -0.00200119800866, 0.00148331990931, -0.000263745838311, -0.000157493472216, -0.00141060526948, 0.00276093743742], [-3.40359947586e-05, -0.000963573984336, -0.000349802809069, 0.00115689157974, 0.00182906514965, -0.00480613252148, 0.0127797769383, -0.00337435817346, 0.000367738597561, 0.000624505802989, -0.00194607872982, -0.000755972112529, -0.000590491865296], [0.000173309716047, -0.000692112196703, -0.00231314427219, -0.000166137324413, 0.000949670909904, -0.00200119800866, -0.00337435817346, 0.0160094033927, -0.00489138625562, 0.00103190529626, -0.00146113766823, 0.000985070480965, -0.00123981107026], [2.86330759991e-05, -0.000739594455808, 0.00101736444049, -0.000479561713291, -0.00189167179633, 0.00148331990931, 0.000367738597561, -0.00489138625562, 0.0151131339371, -0.00600411836058, 0.00189613003749, -0.00151527707931, 0.00109643582255], [-0.000275849626632, 0.000841138185933, 0.0012436977122, -0.000762167619541, 0.00152117456309, -0.000263745838311, 0.000624505802989, 0.00103190529626, -0.00600411836058, 0.0137592181563, -0.00760028837249, 0.00409997068346, -0.00327269802801], [0.000154067689436, -0.000699059921317, -0.00069367303513, 0.000411243905546, 0.00206365389749, -0.000157493472216, -0.00194607872982, -0.00146113766823, 0.00189613003749, -0.00760028837249, 0.0197868999094, -0.00551751907915, 0.00281538371928], [0.00011598286801, -0.000602282001637, -0.00101385684684, -0.000421712524258, -0.00203606719151, -0.00141060526948, -0.000755972112529, 0.000985070480965, -0.00151527707931, 0.00409997068346, -0.00551751907915, 0.0198194384575, -0.00835794955492], [1.46996910644e-07, 0.000282820139546, 6.11258074059e-05, -0.00134948384948, 0.00111166026909, 0.00276093743742, -0.000590491865296, -0.00123981107026, 0.00109643582255, -0.00327269802801, 0.00281538371928, -0.00835794955492, 0.0187065955251]], "mean": [-649.503479004, 67.4481201172, 6.39798593521, 47.1568183899, 2.78920054436, 14.473025322, 6.08221817017, 0.288614571095, -3.93212461472, 4.04465389252, -3.4833483696, 0.314858585596, 0.0086022214964]}, "pitch_salience": {"dmean": 0.0557769350708, "dmean2": 0.0886078923941, "dvar": 0.00289963302203, "dvar2": 0.00754282157868, "max": 0.989732861519, "mean": 0.535917758942, "median": 0.53857499361, "min": 0.115828081965, "var": 0.00968087092042}, "silence_rate_20dB": {"dmean": 0, "dmean2": 0, "dvar": 0, "dvar2": 0, "max": 1, "mean": 1, "median": 1, "min": 1, "var": 0}, "silence_rate_30dB": {"dmean": 0, "dmean2": 0, "dvar": 0, "dvar2": 0, "max": 1, "mean": 1, "median": 1, "min": 1, "var": 0}, "silence_rate_60dB": {"dmean": 0.0356177836657, "dmean2": 0.0712443217635, "dvar": 0.0343509800732, "dvar2": 0.0791839286685, "max": 1, "mean": 0.0833844989538, "median": 0, "min": 0, "var": 0.0764360129833}, "spectral_centroid": {"dmean": 285.051208496, "dmean2": 442.767822266, "dvar": 100095.765625, "dvar2": 232169.1875, "max": 11545.5048828, "mean": 2754.58813477, "median": 2753.41992188, "min": 331.547729492, "var": 776358.9375}, "spectral_complexity": {"dmean": 3.36403822899, "dmean2": 4.83576965332, "dvar": 13.9793167114, "dvar2": 23.3010063171, "max": 54, "mean": 17.1207180023, "median": 16, "min": 0, "var": 89.0268249512}, "spectral_contrast_coeffs": {"dmean": [0.0458621941507, 0.0365581288934, 0.0326846987009, 0.0296784155071, 0.0244179759175, 0.0262733064592], "dmean2": [0.074349462986, 0.0581361874938, 0.0514884442091, 0.0472807921469, 0.0377005934715, 0.0399305149913], "dvar": [0.00179083482362, 0.000987389474176, 0.000779124093242, 0.000562527100556, 0.000436379370512, 0.000538355496246], "dvar2": [0.00438672909513, 0.00241347402334, 0.00185775151476, 0.00135579518974, 0.000951779016759, 0.00110345054418], "max": [-0.308706462383, -0.474989980459, -0.516845166683, -0.558896660805, -0.575566411018, -0.470717668533], "mean": [-0.655561745167, -0.738800346851, -0.775317668915, -0.759993314743, -0.746350705624, -0.711916923523], "median": [-0.659742116928, -0.74126213789, -0.783563256264, -0.760297834873, -0.753824114799, -0.711056947708], "min": [-0.988814651966, -0.975575685501, -0.982279837132, -0.969550788403, -0.965912520885, -0.964560389519], "var": [0.00596113828942, 0.00410330668092, 0.00364453019574, 0.00224271998741, 0.0026994922664, 0.00273738591932]}, "spectral_contrast_valleys": {"dmean": [0.397852182388, 0.328475803137, 0.320194959641, 0.259417682886, 0.229411587119, 0.455950647593], "dmean2": [0.63217741251, 0.512800395489, 0.492312699556, 0.386589318514, 0.320827841759, 0.595634520054], "dvar": [0.158609822392, 0.127432912588, 0.126719042659, 0.0932016000152, 0.0895694047213, 0.229479551315], "dvar2": [0.338908851147, 0.257948070765, 0.250717550516, 0.168394833803, 0.148642942309, 0.37044146657], "max": [-5.83128166199, -5.50956249237, -5.95098686218, -6.46684598923, -5.54539680481, -7.40923929214], "mean": [-7.73039197922, -7.72231817245, -8.42309093475, -8.27887058258, -7.57525587082, -10.0147190094], "median": [-7.53025102615, -7.56109619141, -8.29672145844, -8.12066459656, -7.38531398773, -9.85743427277], "min": [-27.7933101654, -27.7472915649, -28.0929012299, -27.6495761871, -27.4378051758, -27.3907680511], "var": [3.22423291206, 3.1227247715, 2.97301912308, 2.89957165718, 3.12052583694, 3.13488197327]}, "spectral_decrease": {"dmean": 9.11697828343e-10, "dmean2": 1.3710745872e-09, "dvar": 3.33059041727e-18, "dvar2": 7.90156835516e-18, "max": 1.17997743425e-28, "mean": -2.76414735545e-09, "median": -2.07486339221e-09, "min": -2.61682835401e-08, "var": 5.85226312914e-18}, "spectral_energy": {"dmean": 0.00398196652532, "dmean2": 0.00584753090516, "dvar": 5.59516811336e-05, "dvar2": 0.000127583698486, "max": 0.105283141136, "mean": 0.0123386858031, "median": 0.00930497515947, "min": 1.00375685459e-20, "var": 0.000113303853141}, "spectral_energyband_high": {"dmean": 0.000789267825894, "dmean2": 0.00110393820796, "dvar": 1.79504638709e-06, "dvar2": 3.46548040397e-06, "max": 0.0298170354217, "mean": 0.00180161069147, "median": 0.0010348445503, "min": 7.16147771189e-21, "var": 4.92488607051e-06}, "spectral_energyband_low": {"dmean": 0.0014853180619, "dmean2": 0.00240078382194, "dvar": 6.79124423186e-06, "dvar2": 1.71877945832e-05, "max": 0.0408442728221, "mean": 0.0038819371257, "median": 0.00260604941286, "min": 1.1943343061e-23, "var": 1.4792906768e-05}, "spectral_energyband_middle_high": {"dmean": 0.00105420616455, "dmean2": 0.00147878192365, "dvar": 3.13295777232e-06, "dvar2": 5.86076612308e-06, "max": 0.0334922410548, "mean": 0.00334154395387, "median": 0.00168574170675, "min": 1.22386591993e-21, "var": 1.5066018932e-05}, "spectral_energyband_middle_low": {"dmean": 0.00211644591764, "dmean2": 0.00340844783932, "dvar": 3.655607361e-05, "dvar2": 9.26692373469e-05, "max": 0.0756952911615, "mean": 0.00386725366116, "median": 0.00240047741681, "min": 1.48833919982e-22, "var": 3.38075697073e-05}, "spectral_entropy": {"dmean": 0.14338183403, "dmean2": 0.205479174852, "dvar": 0.0208733957261, "dvar2": 0.0402088649571, "max": 9.82452392578, "mean": 7.84315776825, "median": 7.81140327454, "min": 6.47469997406, "var": 0.106113627553}, "spectral_flux": {"dmean": 0.0157554522157, "dmean2": 0.022961800918, "dvar": 0.000439733063104, "dvar2": 0.000886622292455, "max": 0.269163966179, "mean": 0.0541842393577, "median": 0.0447405017912, "min": 6.42014497121e-11, "var": 0.0012473850511}, "spectral_kurtosis": {"dmean": 0.82027900219, "dmean2": 1.39434194565, "dvar": 0.646281421185, "dvar2": 1.90117132664, "max": 17.1432952881, "mean": 1.76200520992, "median": 1.62027812004, "min": -1.2368530035, "var": 1.39946424961}, "spectral_rms": {"dmean": 0.000490400998387, "dmean2": 0.000688052212354, "dvar": 5.0314292821e-07, "dvar2": 1.03386162209e-06, "max": 0.0101348534226, "mean": 0.00319912633859, "median": 0.00301297614351, "min": 3.12933685041e-12, "var": 1.80331142019e-06}, "spectral_rolloff": {"dmean": 804.417053223, "dmean2": 1316.29455566, "dvar": 1185633.375, "dvar2": 2683615.25, "max": 19401.4160156, "mean": 3599.21166992, "median": 3746.77734375, "min": 21.533203125, "var": 4672344}, "spectral_skewness": {"dmean": 0.146660223603, "dmean2": 0.245300486684, "dvar": 0.0173089951277, "dvar2": 0.0463954471052, "max": 2.6776444912, "mean": 0.720452725887, "median": 0.729815661907, "min": -0.399229258299, "var": 0.0458194799721}, "spectral_spread": {"dmean": 588440.1875, "dmean2": 880580, "dvar": 652310347776, "dvar2": 1310261641220.0, "max": 42091932, "mean": 4881486.5, "median": 4425215.5, "min": 2094506.75, "var": 9