{"lowlevel": {"average_loudness": 0.87937104702, "barkbands": {"dmean": [0.00056511699222, 0.00245767994784, 0.00111208215822, 0.000803815026302, 0.00118289969396, 0.00236170133576, 0.00141903629992, 0.00126973562874, 0.00122955429833, 0.000901864201296, 0.00060623063473, 0.000435027235653, 0.000403641839512, 0.000410763605032, 0.000251995254075, 9.34390991461e-05, 7.50020335545e-05, 7.30671090423e-05, 4.92015497002e-05, 2.46532836172e-05, 1.39079238579e-05, 8.00286125013e-06, 7.39752704249e-06, 7.0075120675e-06, 1.70045836967e-06, 8.33489830256e-05, 0.000365962216165], "dmean2": [0.000901572930161, 0.0041020475328, 0.00193588447291, 0.00138363544829, 0.00196931930259, 0.003598700976, 0.00222712056711, 0.00207574875094, 0.00197295611724, 0.00144774257205, 0.000968346197624, 0.000701178098097, 0.000670125009492, 0.00067809788743, 0.000402860081522, 0.000155235931743, 0.000122533354443, 0.000116111594252, 7.59097383707e-05, 3.76733551093e-05, 2.08208493859e-05, 1.17912159112e-05, 1.08137792267e-05, 9.94030415313e-06, 3.13549435305e-06, 0.000108276981337, 0.000516380590852], "dvar": [8.49613513765e-07, 1.42184135257e-05, 2.60768433691e-06, 1.58538978212e-06, 3.71409919353e-06, 2.06978093047e-05, 9.86192117125e-06, 8.34325874166e-06, 7.19343415767e-06, 4.80258631796e-06, 2.18726722778e-06, 5.64248409773e-07, 4.72980872246e-07, 5.07103891323e-07, 3.29571122393e-07, 2.0144957702e-08, 1.0647341675e-08, 1.22962422466e-08, 6.38069286296e-09, 1.79264159073e-09, 6.60089094495e-10, 2.44015502249e-10, 2.48216114329e-10, 2.76058564896e-10, 1.2843645418e-11, 2.90083441712e-08, 2.10129911693e-07], "dvar2": [1.99164242076e-06, 3.72871181753e-05, 7.36848505767e-06, 4.28642624684e-06, 9.51249057835e-06, 4.55913759652e-05, 2.38158354477e-05, 2.20962465391e-05, 1.75101395143e-05, 1.25205006043e-05, 5.85734051128e-06, 1.45346928093e-06, 1.32331388158e-06, 1.39552059863e-06, 8.32740170154e-07, 5.40208660027e-08, 2.77867702181e-08, 3.15157606678e-08, 1.56151553909e-08, 4.10323597322e-09, 1.44101630628e-09, 5.21261978026e-10, 4.8167347888e-10, 5.12776987538e-10, 3.54446645645e-11, 5.03640507077e-08, 4.18689211301e-07], "max": [0.0116309151053, 0.0523603521287, 0.0291486941278, 0.0278831776232, 0.0396542809904, 0.110864281654, 0.0531509257853, 0.0577338002622, 0.0605536811054, 0.0474297963083, 0.0355437546968, 0.018845519051, 0.0151904318482, 0.0170714706182, 0.0161549132317, 0.00309870229103, 0.0014634791296, 0.00158384582028, 0.00154712260701, 0.00107071991079, 0.000417017057771, 0.000364779669326, 0.000380646029953, 0.000254202517681, 5.09016681463e-05, 0.00224989466369, 0.00654283352196], "mean": [0.000696158909705, 0.00333068077452, 0.00140994915273, 0.0010260384297, 0.00177333387546, 0.0040381369181, 0.0023034021724, 0.00188595522195, 0.00194671715144, 0.00141947658267, 0.000994486385025, 0.000773477717303, 0.000713661080226, 0.00075763562927, 0.000488628691528, 0.000170965227881, 0.0001482161897, 0.000142715245602, 9.54263159656e-05, 4.83790681756e-05, 2.62999328697e-05, 1.32423956529e-05, 1.09738593892e-05, 1.01730238384e-05, 1.43264594499e-06, 0.000135772163048, 0.00104141514748], "median": [0.000267565017566, 0.00190943689086, 0.000834775739349, 0.000550535565708, 0.00100784748793, 0.0013608642621, 0.000618857156951, 0.000592249096371, 0.000658426259179, 0.000427930033766, 0.000314523960697, 0.00041953541222, 0.000388342130464, 0.000399602635298, 0.000193194820895, 0.000113424532174, 0.000100621960883, 8.78654464032e-05, 4.69262013212e-05, 2.16368734982e-05, 7.62034051149e-06, 3.32810486725e-06, 1.85295994015e-06, 6.46118223813e-07, 4.19791774675e-08, 9.35917523748e-06, 0.000784998177551], "min": [4.36138071011e-25, 1.92324998668e-24, 9.81809971751e-25, 1.05729469126e-24, 1.26694548144e-23, 8.44081799675e-24, 7.495429733e-24, 5.12559138838e-24, 7.95274896583e-24, 1.33810878147e-23, 2.04590681339e-23, 1.980043712e-23, 3.27430381783e-23, 3.54531950617e-23, 4.06647194351e-23, 5.35142917045e-23, 7.71884618541e-23, 8.70519999597e-23, 1.39928412425e-22, 1.67565365379e-22, 2.50381220143e-22, 3.62478001365e-22, 3.3939103403e-22, 5.65675671097e-22, 8.05634334742e-22, 1.27485314306e-21, 1.8412087239e-21], "var": [1.22099993405e-06, 1.70313669514e-05, 3.19794935422e-06, 2.58926229435e-06, 5.96665313424e-06, 5.83071050642e-05, 2.29170327657e-05, 1.54439021571e-05, 1.40968795677e-05, 9.33476530918e-06, 4.91924311063e-06, 1.28046212922e-06, 1.01292403087e-06, 1.1341710433e-06, 1.03260242668e-06, 3.73748783034e-08, 2.50312091055e-08, 2.6691374444e-08, 1.40801414972e-08, 4.60855842377e-09, 1.620841239e-09, 5.14693399012e-10, 5.20023857309e-10, 6.23514351261e-10, 1.04378493695e-11, 7.25725115558e-08, 8.65582137521e-07]}, "barkbands_crest": {"dmean": 2.61410403252, "dmean2": 4.33845853806, "dvar": 5.24849176407, "dvar2": 13.8249759674, "max": 23.7833213806, "mean": 8.43503856659, "median": 7.59352874756, "min": 2.55670642853, "var": 12.145070076}, "barkbands_flatness_db": {"dmean": 0.0256192069501, "dmean2": 0.0418531857431, "dvar": 0.000602849759161, "dvar2": 0.00130183727015, "max": 0.341392815113, "mean": 0.138516038656, "median": 0.13311187923, "min": 0.0213192347437, "var": 0.00214097835124}, "barkbands_kurtosis": {"dmean": 2.88921189308, "dmean2": 4.53479099274, "dvar": 21.2466468811, "dvar2": 52.7693138123, "max": 125.458312988, "mean": 5.70671844482, "median": 3.63017606735, "min": -1.80163109303, "var": 54.0526847839}, "barkbands_skewness": {"dmean": 0.46400988102, "dmean2": 0.72776299715, "dvar": 0.210740983486, "dvar2": 0.520907282829, "max": 10.1510038376, "mean": 1.85623836517, "median": 1.72913813591, "min": -2.04816365242, "var": 0.936385929585}, "barkbands_spread": {"dmean": 8.75826931, "dmean2": 13.248790741, "dvar": 83.8539810181, "dvar2": 175.432144165, "max": 126.498825073, "mean": 33.3106422424, "median": 29.2236728668, "min": 1.5617030859, "var": 374.206298828}, "dissonance": {"dmean": 0.0237099938095, "dmean2": 0.0400065109134, "dvar": 0.000497977656778, "dvar2": 0.00133083539549, "max": 0.500000119209, "mean": 0.45869332552, "median": 0.466724842787, "min": 0.259312152863, "var": 0.00104018754791}, "dynamic_complexity": 3.49063396454, "erbbands": {"dmean": [0.0931006446481, 0.524104177952, 1.18965435028, 2.10903096199, 2.8368332386, 4.27779245377, 9.96773147583, 21.5712680817, 21.5559978485, 25.6745319366, 23.4139938354, 29.0240058899, 30.0153560638, 21.6988639832, 22.6338787079, 16.2522926331, 18.2390823364, 18.1175117493, 17.6785335541, 8.06134033203, 4.34088754654, 3.85653996468, 3.84549498558, 3.20573377609, 1.86267900467, 1.12099409103, 0.735550165176, 0.424372494221, 0.283908426762, 0.278298735619, 0.197809800506, 0.148287639022, 0.113554336131, 0.0270049590617, 0.0115033835173, 0.0615328662097, 0.163316264749, 0.17060212791, 0.0361719988286, 0.00635735830292], "dmean2": [0.155236452818, 0.892438948154, 2.05139493942, 3.58190965652, 4.87740707397, 7.12703084946, 15.7948436737, 33.3644599915, 33.0669059753, 41.410369873, 37.7407951355, 46.1644325256, 48.5199317932, 34.5048866272, 36.6118583679, 26.3122768402, 30.0766677856, 29.7699775696, 28.6379299164, 13.0618896484, 7.07543420792, 6.26636981964, 6.14942073822, 4.95997047424, 2.84486103058, 1.68957459927, 1.11507332325, 0.628547251225, 0.42022305727, 0.410972684622, 0.287867307663, 0.213034048676, 0.162805482745, 0.0445199683309, 0.021111914888, 0.0823854058981, 0.21096932888, 0.217869386077, 0.04704426229, 0.00920876394957], "dvar": [0.0194731447846, 0.757122397423, 2.92440724373, 9.74492740631, 20.1481552124, 51.4164428711, 504.08291626, 1750.89038086, 2169.14038086, 3940.33227539, 2590.77929688, 4186.37646484, 6371.87695312, 2437.42724609, 2653.0859375, 694.059631348, 1012.08349609, 929.06439209, 1210.86096191, 275.9659729, 43.7372016907, 29.9286346436, 32.8788642883, 27.5649528503, 9.42471408844, 3.71244287491, 1.76439809799, 0.669199168682, 0.298658043146, 0.295756131411, 0.201418533921, 0.12953029573, 0.0695661604404, 0.00279559683986, 0.000606632675044, 0.0174393318594, 0.114407524467, 0.103395178914, 0.00333453156054, 6.28949856036e-05], "dvar2": [0.0504230260849, 2.01401114464, 8.19433021545, 25.8988494873, 55.1399383545, 133.049972534, 1178.61132812, 4068.14428711, 5158.63476562, 10518.9775391, 6329.81542969, 9989.16894531, 17159.2558594, 6201.80664062, 7141.08007812, 1856.33312988, 2879.09863281, 2547.37768555, 3114.13696289, 708.235656738, 115.360366821, 77.8843536377, 83.8938903809, 67.0091705322, 22.518951416, 8.27341461182, 3.90403723717, 1.47789525986, 0.627489566803, 0.611990272999, 0.383135765791, 0.246115595102, 0.1324442029, 0.00651299301535, 0.0016785946209, 0.030838470906, 0.199068069458, 0.176777124405, 0.00623203348368, 0.000139008479891], "max": [1.67542350292, 13.736746788, 26.6918182373, 68.9044113159, 86.5696487427, 140.190963745, 530.953491211, 1223.38708496, 863.741210938, 1220.88513184, 1559.09448242, 1435.48449707, 1816.00512695, 1138.48156738, 1232.76489258, 532.15020752, 809.883361816, 549.828308105, 1000.51300049, 676.931213379, 123.343353271, 79.6665267944, 93.6920623779, 89.7764816284, 56.1440505981, 43.8424224854, 24.3361816406, 16.157793045, 11.1080389023, 7.92919015884, 13.621723175, 5.93529939651, 4.2169251442, 0.642763257027, 0.369320958853, 1.59312415123, 4.51670885086, 3.80060815811, 0.899495303631, 0.115626111627], "mean": [0.123028337955, 0.634823739529, 1.57068550587, 2.91198182106, 3.79360437393, 6.37579202652, 15.8336277008, 35.7253303528, 36.4809799194, 40.2233047485, 38.7365760803, 46.93409729, 47.6853218079, 38.1068344116, 40.251209259, 31.4511604309, 33.9720573425, 35.9894332886, 35.5987586975, 16.6184158325, 9.01184558868, 8.13812065125, 7.91969966888, 6.38031578064, 3.71699428558, 2.27392196655, 1.43589317799, 0.779474437237, 0.481496483088, 0.426727324724, 0.291413813829, 0.214378654957, 0.161166355014, 0.0311251226813, 0.0102332960814, 0.0945458933711, 0.268113136292, 0.291779875755, 0.081864066422, 0.022760771215], "median": [0.0604281947017, 0.359210342169, 0.986319482327, 1.72487568855, 2.17095279694, 3.40976786613, 6.03241825104, 12.0584869385, 10.464720726, 11.4743003845, 14.3568477631, 16.8491668701, 14.8246154785, 12.7870931625, 16.5141677856, 18.154045105, 19.8203430176, 20.3905887604, 16.2678108215, 8.94118022919, 5.99912643433, 5.55912733078, 5.22627592087, 3.31795787811, 1.79492664337, 1.0625847578, 0.504510462284, 0.21981780231, 0.124412752688, 0.0918773263693, 0.0434147976339, 0.0188059210777, 0.00809481181204, 0.0014208102366, 0.000539062544703, 0.00500117521733, 0.0184555836022, 0.0380063541234, 0.0347051918507, 0.0194081328809], "min": [1.04364549645e-22, 2.95637248886e-22, 2.23140896355e-21, 6.72602972338e-21, 7.80989441587e-21, 2.61303221266e-20, 3.8195145564e-20, 5.61671662548e-20, 1.39349999617e-19, 1.56816137971e-19, 1.61184776054e-19, 2.18647513943e-19, 3.89351406937e-19, 7.8744182195e-19, 1.10167532895e-18, 1.16955532098e-18, 1.75721534401e-18, 2.30684439422e-18, 2.04478385679e-18, 3.24504112357e-18, 4.50211122278e-18, 4.70497147775e-18, 5.31815715711e-18, 6.90470528842e-18, 7.32380668553e-18, 7.87805740061e-18, 7.80277652024e-18, 1.04550550538e-17, 1.12098019416e-17, 1.16406844586e-17, 9.87135091862e-18, 1.01959142571e-17, 8.30332087969e-18, 7.3797083785e-18, 6.08685527318e-18, 3.93393119978e-18, 2.12244474257e-18, 9.26681858244e-19, 2.50771150579e-19, 2.84615917426e-20], "var": [0.0261897183955, 0.752925395966, 3.36695742607, 16.2010002136, 25.1190280914, 84.6136550903, 1130.32458496, 4399.25927734, 5180.66113281, 7374.47070312, 5804.84277344, 8124.72558594, 12404.8134766, 5716.00048828, 5929.16796875, 1640.8996582, 2125.67041016, 2217.54833984, 3477.19458008, 919.334716797, 99.1136703491, 74.7400741577, 74.9460144043, 61.1596221924, 22.0624160767, 9.80426502228, 4.45769548416, 1.50545561314, 0.655121922493, 0.612663030624, 0.426045358181, 0.283222049475, 0.153164237738, 0.00444748299196, 0.000472767103929, 0.0420020669699, 0.287638932467, 0.27162066102, 0.0103998929262, 0.000304864865029]}, "erbbands_crest": {"dmean": 2.7212369442, "dmean2": 4.50171232224, "dvar": 6.42290782928, "dvar2": 16.4630126953, "max": 29.6374664307, "mean": 8.90206241608, "median": 8.02854061127, "min": 2.51110649109, "var": 15.7596311569}, "erbbands_flatness_db": {"dmean": 0.0277882665396, "dmean2": 0.044029366225, "dvar": 0.000760136521421, "dvar2": 0.00149718776811, "max": 0.357191205025, "mean": 0.171138003469, "median": 0.170172393322, "min": 0.0305140111595, "var": 0.0035356823355}, "erbbands_kurtosis": {"dmean": 0.980463266373, "dmean2": 1.571398139, "dvar": 1.3180782795, "dvar2": 3.38938260078, "max": 29.9990310669, "mean": 0.89456897974, "median": 0.383944511414, "min": -1.58243608475, "var": 3.27074098587}, "erbbands_skewness": {"dmean": 0.363655418158, "dmean2": 0.574323356152, "dvar": 0.0973524153233, "dvar2": 0.237158432603, "max": 4.72901725769, "mean": 0.297786921263, "median": 0.289776772261, "min": -2.40880060196, "var": 0.469909578562}, "erbbands_spread": {"dmean": 5.171667099, "dmean2": 7.86146736145, "dvar": 27.9390068054, "dvar2": 59.1335945129, "max": 96.0654144287, "mean": 23.9434967041, "median": 21.4768123627, "min": 2.88081908226, "var": 128.918533325}, "gfcc": {"cov": [[24110.703125, 452.158569336, -1085.14672852, -587.059875488, -160.059753418, -376.850067139, -146.232208252, 11.3050022125, -150.712234497, 132.667282104, -128.421432495, 168.338394165, -306.793670654], [452.158569336, 1802.83325195, -603.236755371, -425.867492676, 201.144744873, -416.821838379, 245.652893066, -416.668579102, 241.007965088, -171.417617798, 96.4569396973, -140.008087158, 18.0557022095], [-1085.14672852, -603.236755371, 592.413269043, 276.986358643, -145.478546143, 276.767852783, -150.495956421, 212.58493042, -103.316429138, 54.8764419556, -30.5177707672, 57.2679634094, -13.6990633011], [-587.059875488, -425.867492676, 276.986358643, 384.164398193, 40.3662834167, 100.171089172, 27.2409801483, 54.2348899841, -41.7245368958, -6.79480648041, -38.7352142334, 50.2497444153, -31.2644844055], [-160.059753418, 201.144744873, -145.478546143, 40.3662834167, 262.606292725, -55.2773399353, 121.80292511, -97.6511383057, 21.5696964264, -60.55443573, 4.20352602005, -19.6224479675, -5.88151264191], [-376.850067139, -416.821838379, 276.767852783, 100.171089172, -55.2773399353, 338.214599609, -90.7470092773, 144.577011108, -94.869972229, 6.21504545212, -5.67033958435, 24.2599639893, 14.4849061966], [-146.232208252, 245.652893066, -150.495956421, 27.2409801483, 121.80292511, -90.7470092773, 225.783691406, -97.2732315063, 54.1154708862, -52.4078788757, -7.69307184219, 7.98835468292, -14.2009134293], [11.3050022125, -416.668579102, 212.58493042, 54.2348899841, -97.6511383057, 144.577011108, -97.2732315063, 215.145996094, -41.6541481018, 67.894493103, -20.1612567902, 14.2325820923, 5.49738788605], [-150.712234497, 241.007965088, -103.316429138, -41.7245368958, 21.5696964264, -94.869972229, 54.1154708862, -41.6541481018, 148.197235107, 2.60918998718, 31.6027317047, -23.5635223389, -19.2999172211], [132.667282104, -171.417617798, 54.8764419556, -6.79480648041, -60.55443573, 6.21504545212, -52.4078788757, 67.894493103, 2.60918998718, 119.282188416, 5.70767879486, 20.3530006409, -6.78926515579], [-128.421432495, 96.4569396973, -30.5177707672, -38.7352142334, 4.20352602005, -5.67033958435, -7.69307184219, -20.1612567902, 31.6027317047, 5.70767879486, 75.6403808594, 2.77187681198, 11.9871301651], [168.338394165, -140.008087158, 57.2679634094, 50.2497444153, -19.6224479675, 24.2599639893, 7.98835468292, 14.2325820923, -23.5635223389, 20.3530006409, 2.77187681198, 82.5287399292, 4.56573057175], [-306.793670654, 18.0557022095, -13.6990633011, -31.2644844055, -5.88151264191, 14.4849061966, -14.2009134293, 5.49738788605, -19.2999172211, -6.78926515579, 11.9871301651, 4.56573057175, 72.3391036987]], "icov": [[7.53733402235e-05, -0.000170248240465, 0.000468006328447, -0.000207695935387, 0.000108165870188, -7.85129814176e-05, 0.000278290477581, -0.00041475056787, 0.000303121021716, -3.67264401575e-05, 0.000139133742778, -0.000487347773742, 0.000556813145522], [-0.000170248240465, 0.00284398905933, -0.002573950449, 0.00315134599805, -0.000773620151449, 0.00126548483968, -0.00200957688503, 0.00392363220453, -0.00249725789763, 0.00153655942995, -0.0012163631618, 0.0030652587302, -0.00208025868051], [0.000468006328447, -0.002573950449, 0.0102417375892, -0.00685101142153, 0.00302156270482, -0.00341056310572, 0.00442958576605, -0.00644984934479, 0.00346505409107, -0.00100217922591, 0.00104614451993, -0.00491981999949, 0.00486172409728], [-0.000207695935387, 0.00315134599805, -0.00685101142153, 0.00952763110399, -0.00306624849327, 0.00194979575463, -0.00367762963288, 0.00479482999071, -0.00304638897069, 0.00215640291572, 0.000224818766583, 0.00161359691992, -0.00132257514633], [0.000108165870188, -0.000773620151449, 0.00302156270482, -0.00306624849327, 0.00689463736489, -0.00111735926475, -0.00136566080619, -0.000370080117136, 0.00171246135142, 0.000296773883747, -0.00081267330097, 0.000787979923189, 0.0010128201684], [-7.85129814176e-05, 0.00126548483968, -0.00341056310572, 0.00194979575463, -0.00111735926475, 0.00689538661391, -0.000900412269402, -0.00114017899614, 0.00116338732187, 0.00272484193556, -0.00250327424146, 0.00128350616433, -0.00111375772394], [0.000278290477581, -0.00200957688503, 0.00442958576605, -0.00367762963288, -0.00136566080619, -0.000900412269402, 0.0103746261448, -0.00244623539038, -0.000539197411854, 0.000930185604375, 0.00325203477405, -0.00611303560436, 0.00301341991872], [-0.00041475056787, 0.00392363220453, -0.00644984934479, 0.00479482999071, -0.000370080117136, -0.00114017899614, -0.00244623539038, 0.0166422147304, -0.00502133369446, -0.00265587051399, 0.00123017805163, 0.00616310862824, -0.00561594823375], [0.000303121021716, -0.00249725789763, 0.00346505409107, -0.00304638897069, 0.00171246135142, 0.00116338732187, -0.000539197411854, -0.00502133369446, 0.0135972341523, -0.00200237543322, -0.00427232217044, -0.000210842350498, 0.0055914898403], [-3.67264401575e-05, 0.00153655942995, -0.00100217922591, 0.00215640291572, 0.000296773883747, 0.00272484193556, 0.000930185604375, -0.00265587051399, -0.00200237543322, 0.0137491319329, -0.00207262882032, -0.00226360256784, 0.00130836199969], [0.000139133742778, -0.0012163631618, 0.00104614451993, 0.000224818766583, -0.00081267330097, -0.00250327424146, 0.00325203477405, 0.00123017805163, -0.00427232217044, -0.00207262882032, 0.0184730086476, -0.00441583199427, -0.00194773240946], [-0.000487347773742, 0.0030652587302, -0.00491981999949, 0.00161359691992, 0.000787979923189, 0.00128350616433, -0.00611303560436, 0.00616310862824, -0.000210842350498, -0.00226360256784, -0.00441583199427, 0.0210484080017, -0.00579304294661], [0.000556813145522, -0.00208025868051, 0.00486172409728, -0.00132257514633, 0.0010128201684, -0.00111375772394, 0.00301341991872, -0.00561594823375, 0.0055914898403, 0.00130836199969, -0.00194773240946, -0.00579304294661, 0.0206802394241]], "mean": [-34.3351097107, 111.116195679, -92.6375198364, -29.2402629852, -1.20591795444, -31.6396541595, 5.45361804962, -22.497127533, 3.11961150169, -8.02690410614, -2.29451227188, 0.864178180695, -15.9483633041]}, "hfc": {"dmean": 20.8823261261, "dmean2": 29.7155361176, "dvar": 431.531005859, "dvar2": 859.296325684, "max": 442.368164062, "mean": 90.2934799194, "median": 82.4806442261, "min": 1.08891280064e-16, "var": 3172.13964844}, "melbands": {"dmean": [0.000731517386157, 0.000623870233539, 0.000355802680133, 0.000236286636209, 0.000318705308018, 0.000481284310808, 0.000318999693263, 0.000285225483822, 0.000199789632461, 0.000173968452145, 0.000150196923641, 9.00431186892e-05, 8.21464200271e-05, 5.34799546585e-05, 3.92221772927e-05, 3.82684738724e-05, 3.72299364244e-05, 3.38051759172e-05, 1.53766814037e-05, 8.17322597868e-06, 5.10558447786e-06, 4.38955976279e-06, 4.35610581917e-06, 3.53520749741e-06, 2.74033504866e-06, 1.79722394478e-06, 1.0555412473e-06, 7.59009367357e-07, 5.23998721746e-07, 3.81348030487e-07, 2.20301615173e-07, 1.71361548951e-07, 1.56332518486e-07, 1.59595046512e-07, 1.19403523513e-07, 1.05779335513e-07, 8.52512513916e-08, 8.94631568826e-08, 5.31161497008e-08, 1.40711096108e-08], "dmean2": [0.00121324963402, 0.00106019014493, 0.000603864900768, 0.000399215496145, 0.000501749454997, 0.000735258799978, 0.000489914265927, 0.000462889176561, 0.000320999184623, 0.000277646060567, 0.000242741123657, 0.000143535493407, 0.000132002416649, 8.676530706e-05, 6.34883908788e-05, 6.38569617877e-05, 6.16435718257e-05, 5.53188947379e-05, 2.47752868745e-05, 1.3610764654e-05, 8.36213803268e-06, 7.23869743524e-06, 7.13003328201e-06, 5.64622496313e-06, 4.2890678742e-06, 2.83272356683e-06, 1.64869572927e-06, 1.17303250136e-06, 8.16549345473e-07, 5.79727611694e-07, 3.34461304874e-07, 2.58599442304e-07, 2.35817068983e-07, 2.39388526779e-07, 1.7687386844e-07, 1.56298483489e-07, 1.25006607732e-07, 1.29865043164e-07, 8.00313841864e-08, 2.64613166934e-08], "dvar": [1.19062235626e-06, 8.71521933732e-07, 2.59663607949e-07, 1.36899714676e-07, 4.25595345632e-07, 8.32640921544e-07, 4.63271902618e-07, 4.7086689392e-07, 1.75951683445e-07, 1.40941267546e-07, 1.59740054073e-07, 4.41982344057e-08, 3.82471974092e-08, 9.69574465159e-09, 3.77382125549e-09, 4.45342074329e-09, 4.22099155628e-09, 4.1641778914e-09, 1.10074982462e-09, 1.79444459292e-10, 6.05571218171e-11, 3.87981938244e-11, 4.16460581298e-11, 3.2268354655e-11, 2.03722507613e-11, 8.89348924366e-12, 3.49495432594e-12, 1.86100700822e-12, 9.13767542535e-13, 5.35315932207e-13, 1.91201831386e-13, 1.17283285406e-13, 9.26404271221e-14, 1.06625002068e-13, 7.62348219491e-14, 7.46534385416e-14, 4.22064083173e-14, 4.65969900469e-14, 1.36955876327e-14, 9.90739921811e-16], "dvar2": [3.06908077619e-06, 2.36508844864e-06, 7.01063527231e-07, 3.70414028339e-07, 9.85501628747e-07, 1.88295257431e-06, 1.09233235435e-06, 1.27142266138e-06, 4.20658210487e-07, 3.39167826269e-07, 4.30574885968e-07, 1.1290137536e-07, 1.02945882929e-07, 2.54924046317e-08, 1.00974819617e-08, 1.24732260076e-08, 1.1667867561e-08, 1.09227480394e-08, 2.81716050488e-09, 4.76935213545e-10, 1.60920402004e-10, 1.03677934293e-10, 1.09157405337e-10, 8.38632427391e-11, 5.03402215746e-11, 2.21857636429e-11, 8.56299753327e-12, 4.33484151352e-12, 2.12763444016e-12, 1.23705603053e-12, 4.37143648103e-13, 2.62456560391e-13, 1.97368583608e-13, 2.28463813623e-13, 1.50845712332e-13, 1.49274527201e-13, 8.2213031413e-14, 9.30516311248e-14, 2.77643745939e-14, 2.77064731157e-15], "max": [0.0128287551925, 0.0163155011833, 0.0102231893688, 0.00408747280017, 0.0147789968178, 0.024794921279, 0.0126004414633, 0.0137300044298, 0.0133039616048, 0.00769169442356, 0.00880904123187, 0.00488536059856, 0.00509611330926, 0.00256758765317, 0.00099165935535, 0.00167481834069, 0.00121236208361, 0.00156774348579, 0.00101686932612, 0.000446230784291, 0.000152097112732, 9.08059228095e-05, 0.000125471022329, 9.30280948523e-05, 7.75564112701e-05, 5.89249539189e-05, 5.38790845894e-05, 3.04901222989e-05, 1.50814785229e-05, 1.38334007715e-05, 9.55747873377e-06, 8.04409137345e-06, 4.99150974065e-06, 5.56095938009e-06, 9.49464265432e-06, 5.73710121898e-06, 3.28760734192e-06, 3.75350009563e-06, 1.77891661224e-06, 4.67361900292e-07], "mean": [0.00102725019678, 0.000851967895869, 0.000526294868905, 0.000341962033417, 0.000519980909303, 0.000815933162812, 0.000543712638319, 0.000441343901912, 0.000324842985719, 0.000278753839666, 0.000230671590543, 0.000150262290845, 0.000138730596518, 9.56433505053e-05, 7.2362840001e-05, 6.94940681569e-05, 6.7876331741e-05, 6.31910079392e-05, 3.03107644868e-05, 1.46703978317e-05, 9.74370504991e-06, 8.35514583741e-06, 8.18707667349e-06, 6.44814554107e-06, 5.08638458996e-06, 3.29480280925e-06, 1.89388106264e-06, 1.42787678215e-06, 9.66299126048e-07, 6.59396278024e-07, 3.76799363266e-07, 2.76938607158e-07, 2.38498813587e-07, 2.32706980796e-07, 1.6942588843e-07, 1.49564840513e-07, 1.20082518151e-07, 1.2439538466e-07, 7.08766023649e-08, 1.10041682433e-08], "median": [0.000562740839086, 0.000548126699869, 0.000334273965564, 0.00020265110652, 0.000219316600123, 0.000274369958788, 0.000154257329996, 0.000127416467876, 0.000119801406981, 9.66301959124e-05, 6.521440082e-05, 4.7785557399e-05, 4.92161634611e-05, 4.94327432534e-05, 4.31276566815e-05, 3.87465115637e-05, 3.5527828004e-05, 2.79848063656e-05, 1.33446119435e-05, 8.9194818429e-06, 6.15978206042e-06, 5.64103265788e-06, 5.2761824918e-06, 3.69101144315e-06, 2.49467848334e-06, 1.54019960519e-06, 8.3918217797e-07, 6.40092707727e-07, 3.3855732795e-07, 1.89757813018e-07, 1.00746440523e-07, 7.24247826156e-08, 5.40403490845e-08, 4.76285535456e-08, 2.53871412781e-08, 1.57437813897e-08, 9.63042889879e-09, 6.18505335837e-09, 2.70893174559e-09, 2.98779667673e-10], "min": [7.86071690275e-25, 1.15441766819e-24, 1.18031922576e-24, 6.10876776582e-25, 1.06960989468e-24, 1.19843778303e-24, 2.0548893753e-24, 1.82095780145e-24, 1.23468012378e-24, 1.08452814187e-24, 1.36092321077e-24, 2.70269425927e-24, 3.636365572e-24, 2.41264292341e-24, 2.86015760127e-24, 3.40328517907e-24, 2.86762081708e-24, 2.75975335741e-24, 3.28467658931e-24, 4.13327536709e-24, 4.62612331737e-24, 3.97595954208e-24, 4.10790915025e-24, 3.04686658083e-24, 4.19908135494e-24, 3.99823815733e-24, 2.78578182298e-24, 4.2808704536e-24, 4.1866686286e-24, 4.8916322044e-24, 5.53080359741e-24, 5.24837443283e-24, 5.89979959671e-24, 6.2244130982e-24, 4.48092912903e-24, 5.82563247213e-24, 6.10560354612e-24, 5.20337307363e-24, 6.42195609621e-24, 5.02102471995e-24], "var": [1.60767888246e-06, 9.64069727161e-07, 4.39190358748e-07, 1.78652101113e-07, 1.01112686934e-06, 2.25350527217e-06, 1.14598890377e-06, 8.68057895786e-07, 3.92509605263e-07, 2.78958850686e-07, 3.06756930968e-07, 9.58002104312e-08, 8.45175165409e-08, 2.12954720524e-08, 8.43886915902e-09, 9.6966994434e-09, 9.06388564204e-09, 1.09288018635e-08, 3.80713771619e-09, 4.03387934167e-10, 1.28275792766e-10, 8.35381139264e-11, 8.70374952666e-11, 6.16786968721e-11, 4.220507277e-11, 1.80027884961e-11, 7.26752772545e-12, 4.2595536473e-12, 2.14254005163e-12, 1.11062526363e-12, 3.80545909454e-13, 2.27826573796e-13, 1.87287454967e-13, 2.01706029266e-13, 1.50524707174e-13, 1.48384790241e-13, 8.92351784913e-14, 9.54093371691e-14, 2.79901596963e-14, 6.93039075191e-16]}, "melbands_crest": {"dmean": 3.54659056664, "dmean2": 5.92653036118, "dvar": 9.44886684418, "dvar2": 24.7318019867, "max": 35.1085281372, "mean": 12.2119283676, "median": 11.2145910263, "min": 1.66958284378, "var": 24.340965271}, "melbands_flatness_db": {"dmean": 0.0325555801392, "dmean2": 0.0532974675298, "dvar": 0.000942861835938, "dvar2": 0.00209513865411, "max": 0.505838513374, "mean": 0.251603722572, "median": 0.248521655798, "min": 0.00267232349142, "var": 0.00399909587577}, "melbands_kurtosis": {"dmean": 3.31332349777, "dmean2": 5.37184381485, "dvar": 33.9105567932, "dvar2": 88.2215499878, "max": 196.293457031, "mean": 5.20350408554, "median": 2.84390974045, "min": -1.67531335354, "var": 71.8116760254}, "melbands_skewness": {"dmean": 0.556439518929, "dmean2": 0.884823203087, "dvar": 0.298211395741, "dvar2": 0.744896948338, "max": 13.0087137222, "mean": 1.63470971584, "median": 1.42180919647, "min": -1.18039906025, "var": 1.27968394756}, "melbands_spread": {"dmean": 4.98459672928, "dmean2": 8.00322723389, "dvar": 24.8722801208, "dvar2": 64.4383544922, "max": 167.931594849, "mean": 20.0408172607, "median": 17.7790813446, "min": 1.01005768776, "var": 244.874252319}, "mfcc": {"cov": [[8189.68652344, 846.537597656, -501.849304199, 153.390029907, -231.986068726, -26.6082572937, -132.622024536, 75.0030441284, -136.57409668, 210.259750366, -51.9133300781, 161.244155884, -122.614639282], [846.537597656, 1914.89099121, -537.044372559, -124.730422974, -99.6442260742, -60.499671936, -71.7134780884, -163.009155273, -18.4346904755, -43.1013450623, 87.2051467896, -81.0182876587, 7.53287935257], [-501.849304199, -537.044372559, 650.033447266, -44.3692512512, 107.908729553, -2.41118383408, 24.0065841675, 81.2385559082, -8.75171661377, 16.2499008179, -8.12644386292, 35.819984436, -2.87931370735], [153.390029907, -124.730422974, -44.3692512512, 359.559082031, -27.7984638214, 66.3899459839, 3.22011780739, 37.9821014404, 17.6780033112, -3.44500875473, -2.72611308098, 11.8245353699, 10.7374210358], [-231.986068726, -99.6442260742, 107.908729553, -27.7984638214, 205.245376587, 21.6200428009, 55.6292686462, 27.309513092, 1.43743371964, 1.91371572018, -13.6634559631, 14.7064704895, -2.02218055725], [-26.6082572937, -60.499671936, -2.41118383408, 66.3899459839, 21.6200428009, 149.664321899, 58.2903785706, 57.5485992432, -2.69702243805, -19.0150413513, -19.8522224426, -5.07635116577, 18.4059658051], [-132.622024536, -71.7134780884, 24.0065841675, 3.22011780739, 55.6292686462, 58.2903785706, 144.10168457, 52.4835357666, 18.9884166718, -22.7071781158, -36.1853713989, -8.3530254364, 2.58556818962], [75.0030441284, -163.009155273, 81.2385559082, 37.9821014404, 27.309513092, 57.5485992432, 52.4835357666, 129.471969604, 18.0511741638, 12.2790250778, -30.400598526, 5.88748121262, 3.72790145874], [-136.57409668, -18.4346904755, -8.75171661377, 17.6780033112, 1.43743371964, -2.69702243805, 18.9884166718, 18.0511741638, 73.6794509888, 12.7415809631, 9.29884815216, -10.1395435333, -0.848377227783], [210.259750366, -43.1013450623, 16.2499008179, -3.44500875473, 1.91371572018, -19.0150413513, -22.7071781158, 12.2790250778, 12.7415809631, 76.3037948608, 20.845375061, 21.58659935, -9.73553848267], [-51.9133300781, 87.2051467896, -8.12644386292, -2.72611308098, -13.6634559631, -19.8522224426, -36.1853713989, -30.400598526, 9.29884815216, 20.845375061, 81.472366333, 25.2349395752, 5.37674713135], [161.244155884, -81.0182876587, 35.819984436, 11.8245353699, 14.7064704895, -5.07635116577, -8.3530254364, 5.88748121262, -10.1395435333, 21.58659935, 25.2349395752, 79.2570800781, 14.6379480362], [-122.614639282, 7.53287935257, -2.87931370735, 10.7374210358, -2.02218055725, 18.4059658051, 2.58556818962, 3.72790145874, -0.848377227783, -9.73553848267, 5.37674713135, 14.6379480362, 54.8600921631]], "icov": [[0.000195950677153, -0.000137618117151, 8.78844948602e-05, -8.7817585154e-05, 0.000200680020498, -2.93783723464e-05, 7.18665978638e-05, -0.000236270367168, 0.000338682555594, -0.000535715778824, 0.00051353755407, -0.000654504052363, 0.000543051806744], [-0.000137618117151, 0.00092923513148, 0.000572547665797, 0.000333521340508, -0.000213748309761, 0.000169021688635, -6.31256116321e-05, 0.000302465545246, 0.000170426865225, 0.000687573163304, -0.00150246836711, 0.00137522339355, -0.00064760359237], [8.78844948602e-05, 0.000572547665797, 0.00243193143979, 0.000390439876355, -0.000839762738906, 0.000620132894255, 0.0002691775735, -0.00153401645366, 0.00090489978902, 0.000230901729083, -0.000883408240043, -0.000114646572911, 0.000193712025066], [-8.7817585154e-05, 0.000333521340508, 0.000390439876355, 0.00341280573048, 0.000343386200257, -0.00153167149983, 0.000768612662796, -0.000446002639364, -0.00116855208762, 0.000816591316834, -0.000326059787767, -0.000465955788968, -8.57934137457e-05], [0.000200680020498, -0.000213748309761, -0.000839762738906, 0.000343386200257, 0.00633181491867, -0.000566952279769, -0.00214643939398, 0.000215470558032, 0.000282834022073, -0.00110823055729, 0.00112573802471, -0.00197569816373, 0.0011012632167], [-2.93783723464e-05, 0.000169021688635, 0.000620132894255, -0.00153167149983, -0.000566952279769, 0.0107050286606, -0.00304024247453, -0.00402973778546, 0.00280254287645, 0.00142704101745, -0.00163421512116, 0.00200015609153, -0.00302887056023], [7.18665978638e-05, -6.31256116321e-05, 0.0002691775735, 0.000768612662796, -0.00214643939398, -0.00304024247453, 0.0115222623572, -0.00236876239069, -0.00362724415027, 0.00310663785785, 0.00328215677291, -0.00141969928518, 0.00114415143616], [-0.000236270367168, 0.000302465545246, -0.00153401645366, -0.000446002639364, 0.000215470558032, -0.00402973778546, -0.00236876239069, 0.0138235911727, -0.00341493403539, -0.00325101404451, 0.00401163939387, -0.000693191133905, -0.00086854188703], [0.000338682555594, 0.000170426865225, 0.00090489978902, -0.00116855208762, 0.000282834022073, 0.00280254287645, -0.00362724415027, -0.00341493403539, 0.0183272045106, -0.00405834661797, -0.00438667368144, 0.00421544257551, -0.000648693472613], [-0.000535715778824, 0.000687573163304, 0.000230901729083, 0.000816591316834, -0.00110823055729, 0.00142704101745, 0.00310663785785, -0.00325101404451, -0.00405834661797, 0.0197967085987, -0.00471111899242, -0.00247499975376, 0.00268790475093], [0.00051353755407, -0.00150246836711, -0.000883408240043, -0.000326059787767, 0.00112573802471, -0.00163421512116, 0.00328215677291, 0.00401163939387, -0.00438667368144, -0.00471111899242, 0.0211604144424, -0.00856942124665, 0.000842776382342], [-0.000654504052363, 0.00137522339355, -0.000114646572911, -0.000465955788968, -0.00197569816373, 0.00200015609153, -0.00141969928518, -0.000693191133905, 0.00421544257551, -0.00247499975376, -0.00856942124665, 0.0211774688214, -0.00738116726279], [0.000543051806744, -0.00064760359237, 0.000193712025066, -8.57934137457e-05, 0.0011012632167, -0.00302887056023, 0.00114415143616, -0.00086854188703, -0.000648693472613, 0.00268790475093, 0.000842776382342, -0.00738116726279, 0.0229735448956]], "mean": [-694.73638916, 186.031173706, -29.9982414246, 19.0022659302, -1.00246763229, 7.46278905869, -1.15075850487, 3.97474622726, -6.29322338104, 5.71157693863, 3.00591373444, 2.70968604088, -1.47309017181]}, "pitch_salience": {"dmean": 0.0718001723289, "dmean2": 0.12093757093, "dvar": 0.00365211698227, "dvar2": 0.00987457856536, "max": 0.838374316692, "mean": 0.612594842911, "median": 0.621710836887, "min": 0.0713322237134, "var": 0.00832490250468}, "silence_rate_20dB": {"dmean": 0, "dmean2": 0, "dvar": 0, "dvar2": 0, "max": 1, "mean": 1, "median": 1, "min": 1, "var": 0}, "silence_rate_30dB": {"dmean": 0.00579557428136, "dmean2": 0.0115926759318, "dvar": 0.00576247274876, "dvar2": 0.0143579617143, "max": 1, "mean": 0.99420517683, "median": 1, "min": 0, "var": 0.00576190417632}, "silence_rate_60dB": {"dmean": 0.00974710192531, "dmean2": 0.0194967724383, "dvar": 0.00965230446309, "dvar2": 0.02227932401, "max": 1, "mean": 0.0476754903793, "median": 0, "min": 0, "var": 0.0454030893743}, "spectral_centroid": {"dmean": 168.587173462, "dmean2": 258.298980713, "dvar": 55510.6445312, "dvar2": 123058.148438, "max": 11677.5625, "mean": 1060.19482422, "median": 874.364257812, "min": 186.366500854, "var": 1271332.5}, "spectral_complexity": {"dmean": 3.07191777229, "dmean2": 4.59386110306, "dvar": 8.99753856659, "dvar2": 17.129989624, "max": 42, "mean": 17.971157074, "median": 18, "min": 0, "var": 61.9408798218}, "spectral_contrast_coeffs": {"dmean": [0.0522777028382, 0.0526452437043, 0.0409730374813, 0.0307164806873, 0.0208303052932, 0.0461795888841], "dmean2": [0.0877416431904, 0.0872230157256, 0.0681122764945, 0.0514207035303, 0.0352525673807, 0.0831181630492], "dvar": [0.00178804865573, 0.0018029238563, 0.00106125569437, 0.000592579250224, 0.000320546270814, 0.00219353334978], "dvar2": [0.00501687824726, 0.00475928047672, 0.00284125027247, 0.00161059387028, 0.000885840621777, 0.00554578425363], "max": [-0.387879997492, -0.441139698029, -0.548619627953, -0.59552526474, -0.68840098381, -0.544242203236], "mean": [-0.69856095314, -0.745996594429, -0.780216038227, -0.792409062386, -0.806053876877, -0.735705912113], "median": [-0.702395319939, -0.755002200603, -0.784255981445, -0.793708086014, -0.805065155029, -0.725777328014], "min": [-0.980853557587, -0.979662775993, -0.987012803555, -0.98713696003, -0.988690435886, -0.965189278126], "var": [0.00538302725181, 0.00652342941612, 0.00375312846154, 0.00237163272686, 0.00125799817033, 0.00417992705479]}, "spectral_contrast_valleys": {"dmean": [0.402436077595, 0.395464152098, 0.341939985752, 0.293243676424, 0.304384350777, 0.877989292145], "dmean2": [0.659254133701, 0.65101146698, 0.552111804485, 0.468886077404, 0.465544641018, 1.56350421906], "dvar": [0.123399600387, 0.124165259302, 0.0999495759606, 0.0901183187962, 0.140993997455, 0.93840277195], "dvar2": [0.302369713783, 0.290258437395, 0.220967978239, 0.1743927598, 0.246200367808, 2.11368370056], "max": [-5.48833322525, -4.34357595444, -4.97309446335, -5.70398902893, -6.26675128937, -9.1541519165], "mean": [-7.31999349594, -6.63412809372, -7.15397644043, -7.64065361023, -8.24621391296, -12.233912468], "median": [-6.9779958725, -6.2855682373, -6.78540754318, -7.22994852066, -7.88935375214, -12.1422834396], "min": [-28.2051944733, -28.3774471283, -27.793806076, -27.7187957764, -27.4718017578, -27.3681545258], "var": [5.43714427948, 5.90841531754, 5.5810880661, 5.36002922058, 5.12506484985, 4.41476869583]}, "spectral_decrease": {"dmean": 1.83501602802e-09, "dmean2": 2.76521294751e-09, "dvar": 4.32362012226e-18, "dvar2": 1.01953906518e-17, "max": 3.8996087609e-11, "mean": -5.23551069165e-09, "median": -4.09676470525e-09, "min": -3.83923328684e-08, "var": 2.03353817092e-17}, "spectral_energy": {"dmean": 0.00800346583128, "dmean2": 0.0116719016805, "dvar": 7.8688863141e-05, "dvar2": 0.000175702007255, "max": 0.166353732347, "mean": 0.0279500037432, "median": 0.023455504328, "min": 1.0096769313e-20, "var": 0.00045022010454}, "spectral_energyband_high": {"dmean": 0.000386095809517, "dmean2": 0.000484165822854, "dvar": 3.26863897726e-07, "dvar2": 5.42256429981e-07, "max": 0.00621845852584, "mean": 0.000925378408283, "median": 0.00045929645421, "min": 7.11245272031e-21, "var": 1.13253850031e-06}, "spectral_energyband_low": {"dmean": 0.0034899127204, "dmean2": 0.00570526346564, "dvar": 2.22937360377e-05, "dvar2": 5.70985394006e-05, "max": 0.0749798491597, "mean": 0.00592749845237, "median": 0.00410584220663, "min": 8.85330074232e-24, "var": 3.45038461091e-05}, "spectral_energyband_middle_high": {"dmean": 0.00177189917304, "dmean2": 0.00266677886248, "dvar": 6.66415053274e-06, "dvar2": 1.63230106409e-05, "max": 0.0589995346963, "mean": 0.00537318224087, "median": 0.00360628217459, "min": 1.28079365695e-21, "var": 3.3624288335e-05}, "spectral_energyband_middle_low": {"dmean": 0.00527540640905, "dmean2": 0.00794436130673, "dvar": 5.25469731656e-05, "dvar2": 0.000121507408039, "max": 0.146821692586, "mean": 0.0136293945834, "median": 0.00832553114742, "min": 1.35896777842e-22, "var": 0.00023024607799}, "spectral_entropy": {"dmean": 0.191183894873, "dmean2": 0.2974858284, "dvar": 0.0387087874115, "dvar2": 0.0757066383958, "max": 9.82625102997, "mean": 7.32861566544, "median": 7.3129940033, "min": 5.90015649796, "var": 0.237871989608}, "spectral_flux": {"dmean": 0.0193382054567, "dmean2": 0.0298710204661, "dvar": 0.000339720019838, "dvar2": 0.00073835143121, "max": 0.279091328382, "mean": 0.0902216136456, "median": 0.089167997241, "min": 6.30331689622e-11, "var": 0.00163459137548}, "spectral_kurtosis": {"dmean": 7.66858768463, "dmean2": 12.7016792297, "dvar": 99.896484375, "dvar2": 230.704116821, "max": 102.116065979, "mean": 30.8944797516, "median": 27.5217094421, "min": -1.2464812994, "var": 282.909118652}, "spectral_rms": {"dmean": 0.000722762721125, "dmean2": 0.00103696656879, "dvar": 4.5387352543e-07, "dvar2": 9.39952201406e-07, "max": 0.0127395568416, "mean": 0.00481871701777, "median": 0.0047836615704, "min": 3.13855170152e-12, "var": 4.04825686928e-06}, "spectral_rolloff": {"dmean": 4757.16455078, "dmean2": 8950.90722656, "dvar": 49456888, "dvar2": 117162312, "max": 22050, "mean": 10447.9091797, "median": 4306.640625, "min": 64.599609375, "var": 82045200}, "spectral_skewness": {"dmean": 0.457557529211, "dmean2": 0.737232208252, "dvar": 0.306783467531, "dvar2": 0.68726593256, "max": 7.88783884048, "mean": 3.93143796921, "median": 3.83436536789, "min": -0.0790034458041, "var": 1.20778083801}, "spectral_spread": {"dmean": 597226.75, "dmean2": 929549.5625, "dvar": 648574599168, "dvar2": 1160566931460.0, "max": 42331328, "mean": 4161524.25, "median": 3458391.25, "min"