{"lowlevel": {"average_loudness": 0.897695302963, "barkbands": {"dmean": [1.27324055939e-05, 0.0018837202806, 0.00312493252568, 0.00213554408401, 0.00174802797846, 0.000794708204921, 0.000499684654642, 0.000956969044637, 0.000981720746495, 0.000599604740273, 0.000358861201676, 0.000475268927403, 0.000647576816846, 0.000451457482995, 0.00036081043072, 0.00024924025638, 0.00022217084188, 0.000131580731249, 0.000179636990651, 0.000150386578753, 0.000243657603278, 0.000268077506917, 0.000146309961565, 8.73507451615e-05, 8.10647470644e-05, 3.97033800255e-05, 1.9479415414e-07], "dmean2": [2.1119527446e-05, 0.00337843294255, 0.0054174172692, 0.00369356689043, 0.00284932670183, 0.0012894627871, 0.000764702097513, 0.00145208952017, 0.00152557820547, 0.000953421171289, 0.000569084542803, 0.000749933649786, 0.000989766209386, 0.000703486206476, 0.000549983698875, 0.000396041810745, 0.000355872092769, 0.000215769541683, 0.000280261039734, 0.000235354615143, 0.000371810339857, 0.000405065482482, 0.000218609595322, 0.000130520144012, 0.000123846461065, 6.2090344727e-05, 3.33902477223e-07], "dvar": [5.82937753624e-10, 1.34993370011e-05, 4.05306236644e-05, 2.14476331166e-05, 9.13109579415e-06, 2.0597171897e-06, 9.18571060993e-07, 3.40472388416e-06, 4.26768656325e-06, 2.01352281692e-06, 8.87013413831e-07, 9.13915584988e-07, 1.7586244212e-06, 1.24950497593e-06, 8.43818042995e-07, 3.28685985096e-07, 1.59948854161e-07, 6.56318377423e-08, 2.91394712804e-07, 8.28635435823e-08, 3.67406016721e-07, 2.75156935459e-07, 8.46186196668e-08, 5.53600933983e-08, 6.01847460757e-08, 9.26404464252e-09, 4.75333856477e-13], "dvar2": [1.55202262153e-09, 3.7838894059e-05, 0.000110118089651, 5.77982209506e-05, 2.39620021603e-05, 5.28671853317e-06, 2.12189729609e-06, 7.53813492338e-06, 1.03919774119e-05, 5.10970357936e-06, 2.12433974411e-06, 2.19938601731e-06, 3.83622455047e-06, 2.8894796742e-06, 1.7261264702e-06, 7.93593244452e-07, 3.7737535763e-07, 1.70685382272e-07, 6.6092849238e-07, 2.03017691547e-07, 7.96290976268e-07, 6.44655358428e-07, 1.94086240413e-07, 1.24798219758e-07, 1.42896254829e-07, 2.33570442987e-08, 1.29793387409e-12], "max": [0.000409817090258, 0.0366843119264, 0.0512482523918, 0.0531055405736, 0.0448040626943, 0.0294575244188, 0.0224143639207, 0.0343994274735, 0.0527936518192, 0.041447520256, 0.0187311116606, 0.0188110265881, 0.0240625012666, 0.0326040647924, 0.021990949288, 0.0192937515676, 0.0096052987501, 0.00530540524051, 0.018688287586, 0.00732389837503, 0.00934719201177, 0.00974302459508, 0.00816846452653, 0.00503450958058, 0.00499632582068, 0.00111280137207, 1.55104971782e-05], "mean": [1.5003095541e-05, 0.00220871227793, 0.00394841656089, 0.00269649829715, 0.00297922547907, 0.00139946630225, 0.00102683599107, 0.00177877943497, 0.00191643915605, 0.00106255244464, 0.000620165490545, 0.000936806958634, 0.00118431181181, 0.000736146525014, 0.000666495703626, 0.000446574791567, 0.000404016900575, 0.000222436079639, 0.000292125245323, 0.000277371349512, 0.000462210096885, 0.000524014700204, 0.000274995662039, 0.00014607940102, 0.000108714353701, 4.99931848026e-05, 1.5832658562e-07], "median": [6.29271335129e-06, 0.00112335057929, 0.00183827313595, 0.00152354710735, 0.00187684956472, 0.000717998947948, 0.000448739621788, 0.000564177986234, 0.000583841290791, 0.000301066436805, 0.00011847064161, 0.000311667332426, 0.000387865235098, 0.000220084286411, 0.000169193503098, 0.000183621916221, 0.000177794019692, 0.00012198989134, 0.000126672646729, 0.000158966140589, 0.000186336721526, 0.000228376753512, 0.000139404059155, 6.28025809419e-05, 3.17201047437e-05, 1.27171651911e-05, 1.94237714801e-09], "min": [2.43590820644e-24, 1.71687261427e-23, 1.77501118967e-23, 2.21603460724e-23, 5.15869593626e-23, 1.93427021575e-23, 1.11614591572e-22, 2.26565522036e-22, 5.26694532294e-23, 3.74453402156e-23, 7.68853120745e-23, 5.63006809504e-23, 4.01466618569e-23, 1.28421380442e-22, 2.12389476999e-22, 1.15399685034e-22, 1.40586877778e-22, 1.01874570151e-22, 3.43934166025e-22, 2.5675551918e-22, 4.53090401958e-22, 3.78043274632e-22, 7.50575933012e-22, 6.25335012548e-22, 1.39114562931e-21, 1.50781485029e-21, 2.85529216911e-21], "var": [6.03898653306e-10, 1.08336853373e-05, 3.57711978722e-05, 1.8236489268e-05, 1.21148659673e-05, 4.07570723837e-06, 2.71835074273e-06, 8.61414628162e-06, 1.05469207483e-05, 3.74793921765e-06, 2.21888080887e-06, 2.49579602496e-06, 4.53757184005e-06, 2.44700436269e-06, 2.98485429084e-06, 6.39619088361e-07, 3.86686025422e-07, 9.32287420596e-08, 4.41399606643e-07, 1.54286610154e-07, 7.74362831635e-07, 6.06461128427e-07, 1.51709699026e-07, 8.33145747947e-08, 7.39281986739e-08, 9.97568250227e-09, 3.36547657147e-13]}, "barkbands_crest": {"dmean": 2.05800199509, "dmean2": 3.4108748436, "dvar": 3.71882939339, "dvar2": 9.95359802246, "max": 23.84126091, "mean": 8.07427406311, "median": 7.50091362, "min": 2.49151992798, "var": 9.26241207123}, "barkbands_flatness_db": {"dmean": 0.0179819706827, "dmean2": 0.027970103547, "dvar": 0.000313226715662, "dvar2": 0.000751711137127, "max": 0.315055340528, "mean": 0.123920686543, "median": 0.119002252817, "min": 0.0303905699402, "var": 0.00138046126813}, "barkbands_kurtosis": {"dmean": 1.71681213379, "dmean2": 2.72542333603, "dvar": 8.20179748535, "dvar2": 19.4014225006, "max": 57.6031646729, "mean": 2.16188383102, "median": 0.684743106365, "min": -1.8991547823, "var": 21.8411884308}, "barkbands_skewness": {"dmean": 0.449567109346, "dmean2": 0.702947378159, "dvar": 0.241258025169, "dvar2": 0.572661995888, "max": 6.57360744476, "mean": 1.25810372829, "median": 1.05745744705, "min": -3.98744320869, "var": 0.890469551086}, "barkbands_spread": {"dmean": 6.32680940628, "dmean2": 9.69212722778, "dvar": 57.4650840759, "dvar2": 126.39630127, "max": 115.013053894, "mean": 27.4099655151, "median": 24.7706451416, "min": 1.77827644348, "var": 196.39906311}, "dissonance": {"dmean": 0.0178513061255, "dmean2": 0.0296706277877, "dvar": 0.000275139173027, "dvar2": 0.000741412455682, "max": 0.500000119209, "mean": 0.461813807487, "median": 0.466807097197, "min": 0.285588175058, "var": 0.000637575925793}, "dynamic_complexity": 3.10993528366, "erbbands": {"dmean": [0.0225836765021, 0.56200927496, 3.20570921898, 5.6070728302, 6.07297992706, 6.2858247757, 6.49262809753, 6.33870887756, 7.0508518219, 7.99958181381, 22.9305801392, 24.2634506226, 16.8738117218, 17.2796287537, 15.69789505, 18.0539474487, 29.6052455902, 20.2645130157, 21.3542575836, 15.265335083, 12.621670723, 11.2253217697, 7.87715387344, 7.04411506653, 9.58437919617, 6.32523298264, 7.68873977661, 10.7323417664, 9.47706413269, 7.11020565033, 3.91102480888, 2.16940760612, 1.32077550888, 0.980354428291, 0.546556413174, 0.288774043322, 0.0430907793343, 0.00140808871947, 6.21783110546e-05, 1.43845782077e-05], "dmean2": [0.0377210639417, 1.01147949696, 5.60504484177, 9.7011423111, 10.1854381561, 10.1132268906, 10.7604408264, 10.1898155212, 10.961977005, 12.065205574, 34.9417419434, 37.2393379211, 26.1343688965, 27.3301315308, 24.8450469971, 27.7967967987, 44.8877792358, 31.4000892639, 32.9171485901, 22.9066028595, 19.939874649, 17.7833919525, 12.7614192963, 11.2453994751, 14.8963670731, 9.78096103668, 11.6271390915, 16.6111164093, 14.5325908661, 10.6349964142, 5.83154916763, 3.21609950066, 2.02917218208, 1.50904917717, 0.856002151966, 0.454464972019, 0.0663466528058, 0.00219082948752, 9.83136997093e-05, 2.09705649468e-05], "dvar": [0.00147913675755, 1.25159823895, 43.4194259644, 127.400489807, 158.262939453, 117.673377991, 129.912750244, 142.600021362, 157.602386475, 295.552246094, 1864.50012207, 2985.39379883, 1614.86071777, 2106.89453125, 1251.83190918, 1347.81787109, 3733.49243164, 2169.09130859, 2249.63574219, 1919.20007324, 683.14630127, 414.810913086, 204.291091919, 447.209960938, 652.897094727, 149.516357422, 290.576751709, 744.695129395, 371.181915283, 179.673065186, 62.0213699341, 24.0395565033, 18.0346260071, 9.60200023651, 2.66703534126, 0.541795730591, 0.0108250351623, 1.07563337224e-05, 3.05791978406e-08, 4.63307725518e-10], "dvar2": [0.00382140395232, 3.51258468628, 118.242370605, 345.51940918, 432.984924316, 295.886199951, 346.569580078, 358.21484375, 378.158752441, 650.603393555, 4181.29150391, 7116.19873047, 3815.10009766, 5416.65380859, 3056.57885742, 3100.48413086, 8180.95947266, 5067.06835938, 4976.88574219, 3964.44897461, 1632.74926758, 945.852172852, 527.28527832, 1100.24353027, 1497.73120117, 370.769561768, 650.567565918, 1693.84631348, 882.639282227, 399.438079834, 144.204681396, 53.623046875, 41.3595924377, 22.8290328979, 6.42392587662, 1.3770378828, 0.026633027941, 2.65044309344e-05, 8.14998628584e-08, 1.04863251416e-09], "max": [0.416382014751, 10.4564342499, 57.4261894226, 113.410682678, 158.061019897, 169.573913574, 176.34916687, 224.003936768, 270.499725342, 455.739349365, 839.78704834, 1148.80432129, 963.303588867, 1771.05273438, 685.055786133, 972.577270508, 1092.32580566, 1069.33911133, 1258.29040527, 1162.76074219, 1128.94445801, 494.642578125, 227.954498291, 726.264831543, 753.749755859, 237.331161499, 323.005065918, 414.817077637, 396.026519775, 262.731689453, 217.515045166, 104.761360168, 96.1703109741, 72.6530380249, 31.6362228394, 9.97386741638, 1.49254310131, 0.0425175502896, 0.00392459519207, 0.00027372315526], "mean": [0.0333622805774, 0.657502174377, 4.08793592453, 7.05957365036, 9.03039455414, 10.3866567612, 11.4104394913, 11.2865095139, 14.1232271194, 18.0302276611, 44.6597213745, 48.026348114, 31.9843101501, 32.379322052, 32.0787086487, 39.3161125183, 56.9445800781, 38.3021659851, 38.9091911316, 29.8434238434, 24.3524093628, 21.8511619568, 14.8439292908, 11.4947891235, 17.5094642639, 12.1258239746, 14.7006034851, 19.7204837799, 18.2196750641, 13.9386672974, 7.37597703934, 3.87808203697, 1.98853254318, 1.37219953537, 0.686629951, 0.35986751318, 0.0531720891595, 0.00165378989186, 8.31140423543e-05, 3.89597698813e-05], "median": [0.0192615035921, 0.359450787306, 1.93896770477, 4.20743274689, 5.90763998032, 5.95085716248, 6.09901571274, 5.51696300507, 6.69598722458, 8.47319030762, 17.8104324341, 15.9848070145, 10.2213659286, 11.3564014435, 11.712474823, 15.0557899475, 22.3384895325, 13.9975118637, 13.2407302856, 8.73150348663, 10.6970424652, 10.5491580963, 8.35931873322, 5.52805376053, 8.95611000061, 6.83595705032, 6.71715593338, 7.6113152504, 7.6642332077, 6.71561002731, 3.75455856323, 1.77297198772, 0.757821381092, 0.433811992407, 0.188974782825, 0.0964438170195, 0.0114569021389, 0.000367716507753, 3.19476021104e-05, 3.21425286529e-05], "min": [5.55429314571e-22, 3.80370361291e-21, 1.55295599059e-20, 4.59176294458e-20, 1.31938732747e-19, 1.45404599809e-19, 2.07342863026e-19, 1.86467952142e-19, 8.45582020761e-19, 4.39917149068e-18, 3.5903087928e-18, 1.02858596022e-18, 7.20618863346e-19, 3.29386483884e-18, 1.95728386441e-18, 2.79538367464e-18, 2.04187879847e-18, 4.13772410088e-18, 1.08328772432e-17, 9.97924008592e-18, 6.36087498111e-18, 8.24461173571e-18, 6.7166652149e-18, 1.16802865576e-17, 1.55124770236e-17, 1.36369583084e-17, 1.63095135203e-17, 1.85684726356e-17, 1.51802730178e-17, 1.24745817777e-17, 2.36307087966e-17, 1.2894162526e-17, 1.26112502129e-17, 1.20308266761e-17, 1.15178423474e-17, 4.83562424191e-18, 3.48786909138e-18, 1.43609380065e-18, 3.92514261257e-19, 4.14575200505e-20], "var": [0.00181430345401, 0.963433504105, 37.4703559875, 106.237243652, 142.013473511, 174.672180176, 236.952896118, 291.622131348, 459.63848877, 829.92401123, 4655.50976563, 6840.29736328, 3879.99633789, 3685.70239258, 3288.38818359, 4162.78564453, 9964.63378906, 5184.32177734, 5452.55810547, 5953.70849609, 1593.67700195, 1083.92675781, 360.017059326, 552.757385254, 1089.9888916, 264.037506104, 574.753173828, 1405.54699707, 783.281799316, 386.868255615, 109.601585388, 43.3911857605, 23.3807640076, 12.0670118332, 3.01958322525, 0.564217448235, 0.0119969192892, 1.14435651994e-05, 2.6097948691e-08, 9.11982434015e-10]}, "erbbands_crest": {"dmean": 2.40735197067, "dmean2": 3.82084274292, "dvar": 5.21536397934, "dvar2": 12.8776941299, "max": 29.3364582062, "mean": 8.620677948, "median": 7.74013757706, "min": 2.1499569416, "var": 14.9642572403}, "erbbands_flatness_db": {"dmean": 0.0163103509694, "dmean2": 0.0231901090592, "dvar": 0.000271560711553, "dvar2": 0.00052769202739, "max": 0.280308663845, "mean": 0.150236099958, "median": 0.148829519749, "min": 0.0276152659208, "var": 0.00130272679962}, "erbbands_kurtosis": {"dmean": 0.657937586308, "dmean2": 1.02690029144, "dvar": 0.626127421856, "dvar2": 1.46526050568, "max": 13.7769994736, "mean": 0.0802316665649, "median": -0.244716465473, "min": -1.87176406384, "var": 1.73465311527}, "erbbands_skewness": {"dmean": 0.304072082043, "dmean2": 0.453705042601, "dvar": 0.0800497755408, "dvar2": 0.173067823052, "max": 3.31192660332, "mean": 0.271397233009, "median": 0.309225916862, "min": -2.95353102684, "var": 0.404929935932}, "erbbands_spread": {"dmean": 8.8763885498, "dmean2": 13.4030189514, "dvar": 90.1944122314, "dvar2": 199.776931763, "max": 139.861557007, "mean": 44.2420768738, "median": 39.5380554199, "min": 7.24936532974, "var": 429.527740479}, "gfcc": {"cov": [[11325.7509766, -50.1786766052, -384.744049072, 114.867233276, -313.295196533, 218.82119751, -230.866241455, 35.5193099976, -220.812362671, 16.539888382, -345.190368652, 2.45480108261, -180.080673218], [-50.1786766052, 1132.2454834, -264.371032715, -43.9497566223, 148.555633545, -139.171737671, 109.05342865, -128.170257568, 134.225128174, -162.274368286, 162.648880005, -122.807678223, 64.4440002441], [-384.744049072, -264.371032715, 764.364013672, 262.781433105, 87.5279922485, 104.477371216, -30.2925052643, 72.9944992065, -73.2405090332, 72.1545333862, -69.5315933228, 33.6657218933, -79.0352706909], [114.867233276, -43.9497566223, 262.781433105, 344.898864746, 74.8610153198, 27.8413448334, 18.408493042, -11.6414642334, -1.69239926338, 15.4102487564, -17.9607315063, -27.3359394073, -4.74571752548], [-313.295196533, 148.555633545, 87.5279922485, 74.8610153198, 253.200485229, 17.7655582428, -0.355176389217, 7.64513921738, 37.4308700562, 3.25460529327, -1.19297647476, -31.549665451, -0.22811254859], [218.82119751, -139.171737671, 104.477371216, 27.8413448334, 17.7655582428, 186.024475098, 75.2884140015, 52.8505210876, -28.9076976776, 11.5341377258, -35.4974136353, 9.40233516693, -33.7193069458], [-230.866241455, 109.05342865, -30.2925052643, 18.408493042, -0.355176389217, 75.2884140015, 219.22088623, 16.961057663, -2.69421982765, -40.190612793, 19.787191391, -7.36036014557, -9.74419307709], [35.5193099976, -128.170257568, 72.9944992065, -11.6414642334, 7.64513921738, 52.8505210876, 16.961057663, 115.853492737, 1.87091469765, 12.9311218262, -25.85962677, 11.3585567474, -10.1449213028], [-220.812362671, 134.225128174, -73.2405090332, -1.69239926338, 37.4308700562, -28.9076976776, -2.69421982765, 1.87091469765, 123.858222961, 7.22801923752, 20.1030578613, -32.5995635986, 28.4525547028], [16.539888382, -162.274368286, 72.1545333862, 15.4102487564, 3.25460529327, 11.5341377258, -40.190612793, 12.9311218262, 7.22801923752, 108.476280212, -12.8732566833, 18.5306529999, -22.3247642517], [-345.190368652, 162.648880005, -69.5315933228, -17.9607315063, -1.19297647476, -35.4974136353, 19.787191391, -25.85962677, 20.1030578613, -12.8732566833, 125.408996582, -5.31904983521, 19.0301265717], [2.45480108261, -122.807678223, 33.6657218933, -27.3359394073, -31.549665451, 9.40233516693, -7.36036014557, 11.3585567474, -32.5995635986, 18.5306529999, -5.31904983521, 89.9630966187, 4.17064285278], [-180.080673218, 64.4440002441, -79.0352706909, -4.74571752548, -0.22811254859, -33.7193069458, -9.74419307709, -10.1449213028, 28.4525547028, -22.3247642517, 19.0301265717, 4.17064285278, 85.5227890015]], "icov": [[0.000171189691173, -0.000365308776964, 0.000379242410418, -0.00044794139103, 0.000379497651011, -0.000464439537609, 0.000551424163859, -0.000409193569794, 0.00046339086839, -0.000293961638818, 0.000609730952419, -0.000258833693806, 0.000439585041022], [-0.000365308776964, 0.00330522004515, -0.00108833564445, 0.00171945767943, -0.00215491186827, 0.00212595751509, -0.00238293665461, 0.00284177926369, -0.00273868185468, 0.00337039632723, -0.00309677887708, 0.00209167762659, -0.000894091033842], [0.000379242410418, -0.00108833564445, 0.00352104147896, -0.00306221330538, 0.000466508266982, -0.00164509215392, 0.00211013993248, -0.0025242283009, 0.00217836629599, -0.00144088733941, 0.00168242445216, -0.00185268174391, 0.00261142244563], [-0.00044794139103, 0.00171945767943, -0.00306221330538, 0.00620730593801, -0.00192819023505, 0.00159347103909, -0.00278223701753, 0.00337634934112, -0.0018651210703, 0.00105810316745, -0.00173011119477, 0.00303243519738, -0.00288390531205], [0.000379497651011, -0.00215491186827, 0.000466508266982, -0.00192819023505, 0.00624380959198, -0.00217886269093, 0.00211426056921, -0.00194563076366, 0.0004440471821, -0.00182070396841, 0.00213518412784, -0.000252693105722, 0.000828894146252], [-0.000464439537609, 0.00212595751509, -0.00164509215392, 0.00159347103909, -0.00217886269093, 0.0101927956566, -0.00507587427273, -0.000498309149407, -0.000715262838639, 0.000996084650978, -0.000883372675162, 0.00131652224809, -5.96552217758e-06], [0.000551424163859, -0.00238293665461, 0.00211013993248, -0.00278223701753, 0.00211426056921, -0.00507587427273, 0.00886089075357, -0.00289745302871, 0.00180502282456, 0.000382551545044, 0.00121453183237, -0.00202069221996, 0.00275027798489], [-0.000409193569794, 0.00284177926369, -0.0025242283009, 0.00337634934112, -0.00194563076366, -0.000498309149407, -0.00289745302871, 0.0138395745307, -0.00427244370803, 0.00246750656515, -0.00132435548585, 0.00119207939133, -0.00173640740104], [0.00046339086839, -0.00273868185468, 0.00217836629599, -0.0018651210703, 0.0004440471821, -0.000715262838639, 0.00180502282456, -0.00427244370803, 0.0140823023394, -0.00568670779467, 0.0020185385365, 0.00228768424131, -0.00236313929781], [-0.000293961638818, 0.00337039632723, -0.00144088733941, 0.00105810316745, -0.00182070396841, 0.000996084650978, 0.000382551545044, 0.00246750656515, -0.00568670779467, 0.0157491508871, -0.00309825921431, -0.00118216185365, 0.00304272421636], [0.000609730952419, -0.00309677887708, 0.00168242445216, -0.00173011119477, 0.00213518412784, -0.000883372675162, 0.00121453183237, -0.00132435548585, 0.0020185385365, -0.00309825921431, 0.0128518352285, -0.00218443758786, 0.000481360621052], [-0.000258833693806, 0.00209167762659, -0.00185268174391, 0.00303243519738, -0.000252693105722, 0.00131652224809, -0.00202069221996, 0.00119207939133, 0.00228768424131, -0.00118216185365, -0.00218443758786, 0.0162077639252, -0.00460945768282], [0.000439585041022, -0.000894091033842, 0.00261142244563, -0.00288390531205, 0.000828894146252, -5.96552217758e-06, 0.00275027798489, -0.00173640740104, -0.00236313929781, 0.00304272421636, 0.000481360621052, -0.00460945768282, 0.0173508003354]], "mean": [6.76490163803, 85.8458404541, -125.546180725, 41.8932914734, -73.4032669067, 23.8359870911, -39.0861625671, 2.91161847115, -25.6685276031, 1.98858737946, -22.4127788544, -3.92325520515, -16.2638015747]}, "hfc": {"dmean": 8.22643280029, "dmean2": 11.4385643005, "dvar": 150.182815552, "dvar2": 318.865264893, "max": 154.670562744, "mean": 26.5613059998, "median": 21.2305107117, "min": 1.20322538935e-16, "var": 491.21987915}, "melbands": {"dmean": [0.000356223870767, 0.00134168483783, 0.000967909989413, 0.000446048274171, 0.000220616944716, 0.000141108190292, 0.000107871084765, 0.000111536632176, 0.000185501645319, 0.000148057093611, 8.53139354149e-05, 7.58862370276e-05, 5.54394500796e-05, 5.66058661207e-05, 5.5371572671e-05, 6.23486484983e-05, 3.72466201952e-05, 3.80009478249e-05, 2.52323934546e-05, 1.69774921233e-05, 1.62274318427e-05, 1.19342666949e-05, 1.21819939523e-05, 5.77416358283e-06, 5.97243979428e-06, 7.68460631662e-06, 6.82570180288e-06, 4.10994198319e-06, 4.57799887954e-06, 7.07082790541e-06, 6.15936551185e-06, 5.04109630128e-06, 6.84497626935e-06, 3.41181589647e-06, 2.59167404693e-06, 1.60328181664e-06, 1.33537855618e-06, 9.95858044917e-07, 8.48846411827e-07, 8.40333939323e-07], "dmean2": [0.000626892317086, 0.00235558720306, 0.00165176938754, 0.000720024108887, 0.000363396888133, 0.00022704633011, 0.000165990291862, 0.000168171827681, 0.00028470455436, 0.000228510063607, 0.000132819332066, 0.000120276279631, 8.74645920703e-05, 8.9283043053e-05, 8.56609403854e-05, 9.44939456531e-05, 5.84125409659e-05, 5.89432747802e-05, 3.73395123461e-05, 2.65420621872e-05, 2.59197004198e-05, 1.89543898159e-05, 1.97443969228e-05, 9.59164663072e-06, 9.64672381087e-06, 1.19416117741e-05, 1.06997458715e-05, 6.5056897256e-06, 7.08996503818e-06, 1.09254269773e-05, 9.71719782683e-06, 7.93392518972e-06, 1.0551773812e-05, 5.19144032296e-06, 3.96659561375e-06, 2.41633711084e-06, 2.02170554076e-06, 1.55448890382e-06, 1.315239615e-06, 1.30864509629e-06], "dvar": [4.39786731476e-07, 7.47175909055e-06, 3.84148825106e-06, 6.57947452964e-07, 1.34656076511e-07, 6.92314756634e-08, 3.74823940774e-08, 5.26640242526e-08, 1.14478282853e-07, 1.06637173758e-07, 4.13937293331e-08, 4.0109561894e-08, 2.07202148772e-08, 1.37701192671e-08, 1.3681773936e-08, 1.7358436466e-08, 8.61974047695e-09, 8.60059845564e-09, 6.14246831177e-09, 2.2491510876e-09, 1.08552944411e-09, 5.42251077373e-10, 5.51481582622e-10, 1.46296905146e-10, 3.72187419773e-10, 6.96782742615e-10, 2.22608431688e-10, 7.40772582164e-11, 9.34304716926e-11, 3.96154914428e-10, 2.20084006575e-10, 1.08547219824e-10, 2.14993092773e-10, 4.63835740649e-11, 2.79025084288e-11, 1.29845838942e-11, 1.01697660709e-11, 1.02048092199e-11, 8.14641236413e-12, 7.01285340562e-12], "dvar2": [1.20928245906e-06, 2.04724146897e-05, 1.0350338016e-05, 1.70183204773e-06, 3.58090062491e-07, 1.74730843128e-07, 8.80286066263e-08, 1.1519274068e-07, 2.59553644355e-07, 2.51924518579e-07, 9.88031274574e-08, 1.03117713479e-07, 5.00826118355e-08, 3.33138316932e-08, 2.91687918264e-08, 3.78029518799e-08, 2.03847019264e-08, 1.89730098299e-08, 1.11642322054e-08, 5.29063859389e-09, 2.57195864606e-09, 1.22221432974e-09, 1.38976585795e-09, 3.87579801586e-10, 9.32995125602e-10, 1.66369273913e-09, 5.20178622399e-10, 1.86674620206e-10, 2.20539683737e-10, 8.88006002064e-10, 5.22045406903e-10, 2.7024787963e-10, 5.02505037581e-10, 1.06743502926e-10, 6.74544586854e-11, 3.02243056971e-11, 2.32846068815e-11, 2.38927350127e-11, 1.89122658506e-11, 1.70893212775e-11], "max": [0.00711645232514, 0.0235374402255, 0.0197585225105, 0.0124806128442, 0.00629667658359, 0.00523341726512, 0.004618790932, 0.00518513517454, 0.00714035565034, 0.00698267156258, 0.00464816950262, 0.00753222825006, 0.00299483095296, 0.00269264355302, 0.00205465615727, 0.00253814063035, 0.00216050934978, 0.00294627994299, 0.00242892303504, 0.00129958265461, 0.00128193420824, 0.000727906823158, 0.00046781115816, 0.000398500909796, 0.000713245070074, 0.00107152247801, 0.000457164569525, 0.000197696339455, 0.000169682229171, 0.000365993008018, 0.000227958473261, 0.000196360982955, 0.000306218047626, 0.000132264540298, 0.000177044523298, 0.00012934912229, 7.77210298111e-05, 8.36134277051e-05, 7.43444543332e-05, 6.36789627606e-05], "mean": [0.000454509310657, 0.00170659273863, 0.00131068623159, 0.000726972823031, 0.000406311562983, 0.000248596974416, 0.000218047396629, 0.000238999855355, 0.000366041087545, 0.00028500641929, 0.000154604567797, 0.000134528861963, 0.000104039914731, 0.00011180339061, 0.000105539300421, 0.000118300318718, 6.30968206679e-05, 6.23974628979e-05, 4.87907091156e-05, 2.93803786917e-05, 2.89824492938e-05, 2.12650065805e-05, 2.08655892493e-05, 9.38000812312e-06, 8.89868897502e-06, 1.22901328723e-05, 1.24223888633e-05, 6.89510852681e-06, 7.89745536167e-06, 1.23250219985e-05, 1.06608131318e-05, 9.05370779947e-06, 1.21765342556e-05, 6.21066919848e-06, 4.63880451207e-06, 2.72292413683e-06, 2.24725522457e-06, 1.42511282775e-06, 1.17364834296e-06, 1.1411215155e-06], "median": [0.000237994419876, 0.000922438222915, 0.000821493333206, 0.000459044094896, 0.000235722240177, 0.000121581011626, 0.000101873054518, 0.000103938749817, 0.000157034868607, 8.4856263129e-05, 3.98850024794e-05, 4.25006728619e-05, 2.81643751805e-05, 3.61547899956e-05, 3.62902865163e-05, 3.88962143916e-05, 1.84521886695e-05, 2.01266557269e-05, 1.19594860735e-05, 9.85424503597e-06, 1.18594252854e-05, 9.17915349419e-06, 9.1673246061e-06, 5.22589471075e-06, 3.77645824301e-06, 5.24619827047e-06, 6.84583164912e-06, 3.42633347827e-06, 3.70388920601e-06, 4.19984553446e-06, 4.03263766202e-06, 3.60660851584e-06, 4.72796637041e-06, 3.00991337099e-06, 2.23083611672e-06, 1.27160672037e-06, 9.27272594708e-07, 5.1297945447e-07, 3.86904417837e-07, 3.34537446633e-07], "min": [4.91876507523e-24, 7.23901996208e-24, 1.13683384029e-23, 9.76604278637e-24, 7.21779250399e-24, 4.61502207229e-24, 1.43084190523e-23, 5.23464777976e-23, 2.52908427561e-23, 5.68139241105e-24, 3.00870819555e-24, 1.23574327162e-23, 7.8598795269e-24, 7.33278396928e-24, 5.26431533957e-24, 4.35512948048e-24, 7.58257835264e-24, 1.91577679178e-23, 1.16848341312e-23, 1.17061160207e-23, 6.63309747851e-24, 9.31544543731e-24, 5.60464097814e-24, 5.85263912522e-24, 9.32456466937e-24, 1.47280551886e-23, 6.04876335689e-24, 9.99757030661e-24, 1.01537955314e-23, 7.86725537637e-24, 1.27604002215e-23, 9.1531507167e-24, 5.95329935444e-24, 7.30121296699e-24, 1.38462790905e-23, 1.17998255965e-23, 6.23981442408e-24, 8.73038753581e-24, 9.0720061174e-24, 1.03598909649e-23], "var": [4.0270288082e-07, 6.19609363639e-06, 3.32172771778e-06, 8.0583623685e-07, 2.55269497984e-07, 1.40478178423e-07, 1.1484301865e-07, 1.48758999785e-07, 2.8780550565e-07, 2.54343461847e-07, 9.85377894835e-08, 6.90404888815e-08, 5.37441557924e-08, 3.82663500886e-08, 3.53120697127e-08, 4.52259456551e-08, 1.8372585231e-08, 1.74056786761e-08, 2.54337635397e-08, 4.61516380668e-09, 2.49829468224e-09, 1.32600219693e-09, 1.08447018032e-09, 1.69811525952e-10, 4.28235363836e-10, 8.7835960727e-10, 4.67846983376e-10, 1.11632494915e-10, 1.52945170417e-10, 7.72141406369e-10, 3.69879182838e-10, 2.0779133969e-10, 4.23359375334e-10, 8.26402002385e-11, 4.62683537317e-11, 2.0471339901e-11, 1.71018720019e-11, 1.26123556043e-11, 1.03351468009e-11, 8.58644839258e-12]}, "melbands_crest": {"dmean": 3.16144967079, "dmean2": 5.29141044617, "dvar": 9.88490867615, "dvar2": 26.6432151794, "max": 30.2881698608, "mean": 12.2347612381, "median": 11.4960718155, "min": 1.55019879341, "var": 21.3209476471}, "melbands_flatness_db": {"dmean": 0.0235342569649, "dmean2": 0.0368690304458, "dvar": 0.000612138246652, "dvar2": 0.00150514254346, "max": 0.41982614994, "mean": 0.16419172287, "median": 0.157470181584, "min": 0.0008250407991, "var": 0.00262859952636}, "melbands_kurtosis": {"dmean": 5.50963163376, "dmean2": 8.89813804626, "dvar": 90.3779144287, "dvar2": 220.563858032, "max": 169.459747314, "mean": 10.8492555618, "median": 5.19135570526, "min": -1.78701162338, "var": 256.922180176}, "melbands_skewness": {"dmean": 0.689967215061, "dmean2": 1.08154475689, "dvar": 0.611902952194, "dvar2": 1.47727119923, "max": 11.5361480713, "mean": 2.42957258224, "median": 2.00216245651, "min": -1.34264838696, "var": 2.50146579742}, "melbands_spread": {"dmean": 8.18973922729, "dmean2": 12.9623775482, "dvar": 135.058303833, "dvar2": 312.506256104, "max": 217.750915527, "mean": 29.0068225861, "median": 26.5453643799, "min": 1.53999173641, "var": 315.930328369}, "mfcc": {"cov": [[7425.33203125, 42.5355606079, -91.8663787842, -75.9123687744, -90.1455078125, 123.916946411, -39.1545753479, 76.2831344604, 99.1142730713, 3.83950686455, 31.4240188599, -64.2161865234, -87.1807174683], [42.5355606079, 1005.43676758, -256.77923584, 28.3707237244, 20.3103675842, -10.9109239578, -22.2832603455, 31.8595581055, -54.478931427, 3.83600187302, 11.0318555832, 11.692278862, 10.2170381546], [-91.8663787842, -256.77923584, 576.524353027, 156.015350342, 90.1068572998, 72.4124984741, 80.6990814209, 25.7268867493, 14.8495664597, 7.49251127243, 0.534602820873, 19.1423664093, 14.1648731232], [-75.9123687744, 28.3707237244, 156.015350342, 309.63973999, 107.211410522, 67.924446106, 11.3114175797, -19.2333259583, 7.40891218185, 18.8934307098, -17.6221160889, 12.3740444183, -1.20561730862], [-90.1455078125, 20.3103675842, 90.1068572998, 107.211410522, 274.79598999, 20.5700130463, -17.9058856964, -34.5407485962, 20.4772319794, 42.254901886, -4.95355176926, -9.56388759613, 15.4993476868], [123.916946411, -10.9109239578, 72.4124984741, 67.924446106, 20.5700130463, 151.690795898, 55.2362937927, 26.9730396271, 26.4580669403, 11.1313438416, 22.748544693, 8.97856235504, -18.2376995087], [-39.1545753479, -22.2832603455, 80.6990814209, 11.3114175797, -17.9058856964, 55.2362937927, 170.727478027, 79.7322311401, 3.25834965706, 7.21759176254, 19.4290313721, 2.43915438652, -6.31743860245], [76.2831344604, 31.8595581055, 25.7268867493, -19.2333259583, -34.5407485962, 26.9730396271, 79.7322311401, 134.98008728, 34.7512588501, 1.5754597187, 5.32018327713, -1.90590560436, -5.50240755081], [99.1142730713, -54.478931427, 14.8495664597, 7.40891218185, 20.4772319794, 26.4580669403, 3.25834965706, 34.7512588501, 112.020851135, 35.129737854, -0.834256350994, -5.99348068237, -12.602812767], [3.83950686455, 3.83600187302, 7.49251127243, 18.8934307098, 42.254901886, 11.1313438416, 7.21759176254, 1.5754597187, 35.129737854, 90.5744171143, 15.6274633408, -1.76463341713, -3.97695326805], [31.4240188599, 11.0318555832, 0.534602820873, -17.6221160889, -4.95355176926, 22.748544693, 19.4290313721, 5.32018327713, -0.834256350994, 15.6274633408, 88.6177215576, 17.1192111969, 1.5407269001], [-64.2161865234, 11.692278862, 19.1423664093, 12.3740444183, -9.56388759613, 8.97856235504, 2.43915438652, -1.90590560436, -5.99348068237, -1.76463341713, 17.1192111969, 78.0290527344, 16.3360939026], [-87.1807174683, 10.2170381546, 14.1648731232, -1.20561730862, 15.4993476868, -18.2376995087, -6.31743860245, -5.50240755081, -12.602812767, -3.97695326805, 1.5407269001, 16.3360939026, 76.7550735474]], "icov": [[0.000142911405419, -9.34154104471e-06, 2.43594308813e-06, 3.61224228982e-05, 4.2238534661e-05, -0.000148782579345, 0.000127054081531, -8.18618791527e-05, -7.52884152462e-05, 2.10655889532e-05, -5.32503217983e-05, 0.000116681316285, 8.93564647413e-05], [-9.34154104471e-06, 0.00130678352434, 0.000752785941586, -0.000460881157778, -0.000309869647026, -7.90222766227e-05, 0.000323526270222, -0.00102590338793, 0.00100813107565, -0.000248659722274, -0.000158849623404, -0.000246190029429, -0.000125609978568], [2.43594308813e-06, 0.000752785941586, 0.00267426599748, -0.00113298359793, -0.000640619720798, -0.000339699530741, -0.000799326517154, -0.000588559661992, 0.000330291048158, 0.000240452616708, -1.23164354591e-05, -0.000477934721857, -0.000499437621329], [3.61224228982e-05, -0.000460881157778, -0.00113298359793, 0.00487096561119, -0.00117292709183, -0.00186477100942, 5.13223130838e-05, 0.000967557076365, 8.06195093901e-05, -0.000450588209787, 0.00157872890122, -0.000730492291041, 0.000369001849322], [4.2238534661e-05, -0.000309869647026, -0.000640619720798, -0.00117292709183, 0.00499524036422, -0.00022244140564, 0.000350414135028, 0.00131710921414, -0.000824201037176, -0.00176661415026, 6.32004375802e-05, 0.00122554099653, -0.00123823969625], [-0.000148782579345, -7.90222766227e-05, -0.000339699530741, -0.00186477100942, -0.00022244140564, 0.00956773757935, -0.00259803468361, 0.000133128618472, -0.00201842444949, 0.000798288441729, -0.00224763969891, -0.000820835819468, 0.00191870075651], [0.000127054081531, 0.000323526270222, -0.000799326517154, 5.13223130838e-05, 0.000350414135028, -0.00259803468361, 0.0101001299918, -0.0059732105583, 0.0027307223063, -0.00136214599479, -0.00107166031376, 0.00048374326434, 0.000260936707491], [-8.18618791527e-05, -0.00102590338793, -0.000588559661992, 0.000967557076365, 0.00131710921414, 0.000133128618472, -0.0059732105583, 0.0130203617737, -0.00499890232459, 0.00133792473935, 0.000578608072829, 0.000344136642525, -0.000461504649138], [-7.52884152462e-05, 0.00100813107565, 0.000330291048158, 8.06195093901e-05, -0.000824201037176, -0.00201842444949, 0.0027307223063, -0.00499890232459, 0.0131864584982, -0.00482259970158, 0.00103318423498, 5.17541338922e-05, 0.0011573578231], [2.10655889532e-05, -0.000248659722274, 0.000240452616708, -0.000450588209787, -0.00176661415026, 0.000798288441729, -0.00136214599479, 0.00133792473935, -0.00482259970158, 0.0143141373992, -0.00278863986023, 0.000298973405734, 0.0004779555602], [-5.32503217983e-05, -0.000158849623404, -1.23164354591e-05, 0.00157872890122, 6.32004375802e-05, -0.00224763969891, -0.00107166031376, 0.000578608072829, 0.00103318423498, -0.00278863986023, 0.0134724834934, -0.00284127471969, -0.000246377545409], [0.000116681316285, -0.000246190029429, -0.000477934721857, -0.000730492291041, 0.00122554099653, -0.000820835819468, 0.00048374326434, 0.000344136642525, 5.17541338922e-05, 0.000298973405734, -0.00284127471969, 0.014721265994, -0.00318816537037], [8.93564647413e-05, -0.000125609978568, -0.000499437621329, 0.000369001849322, -0.00123823969625, 0.00191870075651, 0.000260936707491, -0.000461504649138, 0.0011573578231, 0.0004779555602, -0.000246377545409, -0.00318816537037, 0.0148372612894]], "mean": [-625.648803711, 104.347229004, 4.52759981155, 18.9522953033, -6.85706186295, 15.1648626328, -5.8636674881, 3.51561617851, -2.97894978523, 0.196117997169, 1.37797546387, -1.40741026402, -2.95451664925]}, "pitch_salience": {"dmean": 0.0655655637383, "dmean2": 0.107425481081, "dvar": 0.00378748006187, "dvar2": 0.0103998081759, "max": 0.98595392704, "mean": 0.559937119484, "median": 0.561554729939, "min": 0.166783928871, "var": 0.00841051992029}, "silence_rate_20dB": {"dmean": 0, "dmean2": 0, "dvar": 0, "dvar2": 0, "max": 1, "mean": 1, "median": 1, "min": 1, "var": 0}, "silence_rate_30dB": {"dmean": 0, "dmean2": 0, "dvar": 0, "dvar2": 0, "max": 1, "mean": 1, "median": 1, "min": 1, "var": 0}, "silence_rate_60dB": {"dmean": 0.0186590123922, "dmean2": 0.0373218506575, "dvar": 0.0183133855462, "dvar2": 0.0424986258149, "max": 1, "mean": 0.0556637607515, "median": 0, "min": 0, "var": 0.0525648221374}, "spectral_centroid": {"dmean": 268.940826416, "dmean2": 406.07434082, "dvar": 93472.265625, "dvar2": 204828.171875, "max": 10740.1865234, "mean": 1514.27026367, "median": 1450.5032959, "min": 220.275115967, "var": 385006.28125}, "spectral_complexity": {"dmean": 3.82017636299, "dmean2": 5.66061735153, "dvar": 20.751247406, "dvar2": 39.999797821, "max": 57, "mean": 19.4477710724, "median": 18, "min": 0, "var": 93.4003295898}, "spectral_contrast_coeffs": {"dmean": [0.0528494231403, 0.0438810177147, 0.0391231551766, 0.0325546339154, 0.0230689030141, 0.0197236686945], "dmean2": [0.0872756019235, 0.0711251720786, 0.0618241503835, 0.051830470562, 0.0371149368584, 0.0301692150533], "dvar": [0.00200040033087, 0.00131156353746, 0.000970759196207, 0.000717572576832, 0.000363740429748, 0.000313225231366], "dvar2": [0.0052322470583, 0.0034109740518, 0.00243338034488, 0.00172612897586, 0.000867112132255, 0.000665875559207], "max": [-0.346282362938, -0.452613979578, -0.471512526274, -0.543163836002, -0.579921543598, -0.566409885883], "mean": [-0.615778684616, -0.714738309383, -0.730992019176, -0.751534998417, -0.781266927719, -0.719561815262], "median": [-0.615925133228, -0.716203391552, -0.732740879059, -0.754821896553, -0.783597707748, -0.717383980751], "min": [-0.96775251627, -0.989035189152, -0.983952879906, -0.978725135326, -0.982203722, -0.958955705166], "var": [0.00540907587856, 0.00501200882718, 0.00482600182295, 0.00339014874771, 0.00166593224276, 0.00244804355316]}, "spectral_contrast_valleys": {"dmean": [0.480032742023, 0.350328117609, 0.326631098986, 0.310725241899, 0.277915269136, 0.326340466738], "dmean2": [0.735393166542, 0.55275374651, 0.505928993225, 0.466756612062, 0.396694034338, 0.417828500271], "dvar": [0.190280675888, 0.0978597924113, 0.0866340175271, 0.0856902673841, 0.101028747857, 0.162710264325], "dvar2": [0.381168425083, 0.214401885867, 0.177904352546, 0.160732269287, 0.180088862777, 0.269844681025], "max": [-5.45177745819, -4.88136768341, -5.55030488968, -5.61818647385, -5.4305934906, -7.42933511734], "mean": [-7.41674280167, -6.84205198288, -7.47457075119, -7.76939249039, -7.5627617836, -9.97946453094], "median": [-7.17815113068, -6.70830917358, -7.35583209991, -7.64448213577, -7.44650125504, -9.77363491058], "min": [-26.8527202606, -27.3343582153, -27.4025421143, -27.2820053101, -27.2079334259, -27.3094902039], "var": [1.35248398781, 1.13491988182, 1.20474696159, 1.13978600502, 1.09224665165, 1.37438118458]}, "spectral_decrease": {"dmean": 2.31958963148e-09, "dmean2": 3.50355189305e-09, "dvar": 1.12094255744e-17, "dvar2": 2.64098586381e-17, "max": 2.29206965601e-20, "mean": -6.35236130364e-09, "median": -5.45656719808e-09, "min": -3.35935865792e-08, "var": 2.12325732345e-17}, "spectral_energy": {"dmean": 0.00927180051804, "dmean2": 0.0138339083642, "dvar": 0.000172533036675, "dvar2": 0.000397841911763, "max": 0.133776262403, "mean": 0.0263844821602, "median": 0.0227609742433, "min": 1.06434848069e-20, "var": 0.000355085503543}, "spectral_energyband_high": {"dmean": 0.00076991377864, "dmean2": 0.00109229341615, "dvar": 2.0777017653e-06, "dvar2": 4.44956231149e-06, "max": 0.0203899592161, "mean": 0.00168131326791, "median": 0.000894948025234, "min": 7.96466443213e-21, "var": 4.77438379676e-06}, "spectral_energyband_low": {"dmean": 0.00548766646534, "dmean2": 0.00936394091696, "dvar": 0.000107829568151, "dvar2": 0.000288890209049, "max": 0.0879416167736, "mean": 0.00753590697423, "median": 0.0046939458698, "min": 4.16495491664e-23, "var": 9.74876311375e-05}, "spectral_energyband_middle_high": {"dmean": 0.00209181988612, "dmean2": 0.00313608744182, "dvar": 9.15292002901e-06, "dvar2": 2.01304865186e-05, "max": 0.0532220192254, "mean": 0.00660408660769, "median": 0.0046838466078, "min": 1.31032871021e-21, "var": 4.00162134611e-05}, "spectral_energyband_middle_low": {"dmean": 0.00480398815125, "dmean2": 0.00754307908937, "dvar": 5.18115230079e-05, "dvar2": 0.000129910200485, "max": 0.0846698060632, "mean": 0.0120095359161, "median": 0.0098915360868, "min": 4.89024139529e-22, "var": 9.027060878e-05}, "spectral_entropy": {"dmean": 0.137468904257, "dmean2": 0.199458047748, "dvar": 0.0225680079311, "dvar2": 0.0435725003481, "max": 9.80123806, "mean": 7.7260389328, "median": 7.76278209686, "min": 6.10200452805, "var": 0.116708293557}, "spectral_flux": {"dmean": 0.0263406932354, "dmean2": 0.0379250198603, "dvar": 0.000963519443758, "dvar2": 0.00184871966485, "max": 0.306285649538, "mean": 0.0840410068631, "median": 0.0742119327188, "min": 1.03167266396e-10, "var": 0.00250731408596}, "spectral_kurtosis": {"dmean": 1.02030384541, "dmean2": 1.70002162457, "dvar": 1.53330254555, "dvar2": 4.12796497345, "max": 27.9676589966, "mean": 2.51664304733, "median": 2.08900332451, "min": -1.18430924416, "var": 3.97769784927}, "spectral_rms": {"dmean": 0.000828964053653, "dmean2": 0.00118047511205, "dvar": 1.02425838122e-06, "dvar2": 2.16534999709e-06, "max": 0.0114242471755, "mean": 0.00471201958135, "median": 0.00471230596304, "min": 3.22240389754e-12, "var": 3.53783116225e-06}, "spectral_rolloff": {"dmean": 684.724182129, "dmean2": 1148.01123047, "dvar": 1308472.375, "dvar2": 3045208, "max": 19035.3515625, "mean": 1921.21008301, "median": 1421.19140625, "min": 86.1328125, "var": 2832291.75}, "spectral_skewness": {"dmean": 0.17210868001, "dmean2": 0.27010345459, "dvar": 0.0294987801462, "dvar2": 0.066943526268, "max": 3.79080820084, "mean": 1.21728658676, "median": 1.20274162292, "min": -0.0070032319054, "var": 0.157291024923}, "spectral_spread": {"dmean": 522364.875, "dmean2": 737290.5625, "dvar": 544149045248, "dvar2": 989877239808, "max": 40532408, "mean": 5176041.5, "median": 5030536.5, "min": 1961168.75, "var": 2087301939200.0}, "spectral_strongpeak": {"dmean": 0.671918690205, "dmean2