{"lowlevel": {"average_loudness": 0.911914050579, "barkbands": {"dmean": [1.55902489496e-05, 0.000225171243073, 0.000600415980443, 0.00099872238934, 0.00137279799674, 0.00142911891453, 0.00074796914123, 0.000982898753136, 0.00124695186969, 0.00126010237727, 0.000819552340545, 0.00109316536691, 0.000682704849169, 0.000684307946358, 0.000692404457368, 0.000439243594883, 0.000184675547644, 0.000175748733454, 0.000128225219669, 8.27837429824e-05, 7.88709294284e-05, 4.57279529655e-05, 7.90385820437e-05, 6.0848051362e-05, 3.52951137756e-05, 1.44419327626e-05, 8.64961158253e-10], "dmean2": [2.43078538915e-05, 0.000379251461709, 0.00105564703699, 0.00162296521012, 0.00215516122989, 0.00219305162318, 0.00119312829338, 0.00154825963546, 0.00197001430206, 0.00192892318591, 0.00126243173145, 0.00163755484391, 0.00107050011866, 0.00108719815034, 0.001087927958, 0.00066777021857, 0.000287132163066, 0.000270873802947, 0.000197772416868, 0.000123920632177, 0.000118751609989, 6.55213952996e-05, 0.000111455185106, 8.64023750182e-05, 5.09415840497e-05, 2.1134803319e-05, 1.59941793143e-09], "dvar": [1.68462355177e-09, 1.44130197555e-07, 2.5105525765e-06, 6.74344209983e-06, 5.07787535753e-06, 7.762045243e-06, 4.125038231e-06, 1.1474031453e-05, 1.16058417916e-05, 1.12850757432e-05, 6.73216800351e-06, 7.55173005018e-06, 4.25994994657e-06, 3.23556650983e-06, 2.92593608719e-06, 1.45731803514e-06, 2.34824057088e-07, 1.15305091697e-07, 8.05139350746e-08, 3.67631436404e-08, 2.66293884721e-08, 4.22913295495e-08, 2.621358135e-07, 1.67671856843e-07, 2.59129215863e-08, 6.09728756373e-09, 1.60906243662e-18], "dvar2": [3.76107012201e-09, 3.95385995944e-07, 6.98502299201e-06, 1.62147243827e-05, 1.23793734019e-05, 1.73293847183e-05, 9.55434006755e-06, 2.69825541181e-05, 2.80135900539e-05, 2.50907305599e-05, 1.36063017635e-05, 1.5038384845e-05, 9.09954997041e-06, 7.63404386817e-06, 6.60513114781e-06, 3.10827044814e-06, 5.14725343237e-07, 2.6033134759e-07, 1.83284214472e-07, 8.82883455233e-08, 6.05235683793e-08, 8.17458243318e-08, 5.49886749468e-07, 3.41663024983e-07, 5.80249484017e-08, 1.2902344082e-08, 5.14708876181e-18], "max": [0.000566299655475, 0.00643460685387, 0.0274237990379, 0.0448194295168, 0.0307944249362, 0.0435788556933, 0.04835473001, 0.0654899030924, 0.072948217392, 0.0866556018591, 0.0637434199452, 0.0907089561224, 0.086295671761, 0.0360079817474, 0.0360493473709, 0.0278593618423, 0.0109712695703, 0.00695668067783, 0.0077940095216, 0.00485983071849, 0.00276805297472, 0.01043090038, 0.0216386411339, 0.0150109007955, 0.00577828101814, 0.00308378855698, 1.41468623482e-08], "mean": [1.59538649314e-05, 0.000380629004212, 0.000672433525324, 0.00112154893577, 0.00254019512795, 0.00248067080975, 0.00114307552576, 0.00125821935944, 0.00181164476089, 0.00182291166857, 0.00114541163202, 0.00160916452296, 0.000979817355983, 0.00108612398617, 0.00110791134648, 0.000683349207975, 0.000301974883769, 0.000293661869364, 0.000224845440243, 0.000145110068843, 0.000134962887387, 6.8418441515e-05, 0.000103261765616, 8.40787761263e-05, 5.00943388033e-05, 1.7653874238e-05, 7.46494643877e-10], "median": [1.67081725522e-06, 0.000249490287388, 0.000219938301598, 0.000375210162019, 0.00147877912968, 0.000888770562597, 0.000366961641703, 0.00022461534536, 0.000558726314921, 0.000345064152498, 0.000279720756225, 0.000468291225843, 0.000251860677963, 0.000357275013812, 0.000275843049167, 0.000208661163924, 0.000108598389488, 0.000105689498014, 7.92507853475e-05, 6.28862107988e-05, 5.40219225513e-05, 2.14323772525e-05, 1.79343187483e-05, 1.48355275087e-05, 1.27298344523e-05, 3.20193930747e-06, 2.9867536222e-10], "min": [1.44282454461e-23, 4.93909725509e-23, 1.26398228322e-23, 5.21531287786e-24, 2.069008605e-23, 6.79298096688e-23, 3.08068485062e-23, 4.73055840381e-23, 5.00686356229e-23, 6.99475012942e-23, 3.02234637787e-23, 3.22962746932e-23, 1.05460100737e-22, 7.51866357992e-23, 7.86706494534e-23, 4.88627828432e-23, 1.61903691729e-22, 1.81156908661e-22, 2.95455217654e-22, 4.06727948464e-22, 3.16727123332e-22, 4.19747132139e-22, 5.30155574319e-22, 7.21381617171e-22, 8.48671556505e-22, 1.29250333152e-21, 2.24694465138e-21], "var": [1.95088456501e-09, 2.09836215959e-07, 2.06095819522e-06, 6.67801168674e-06, 1.03089569166e-05, 1.94268832274e-05, 6.63614673613e-06, 1.56288897415e-05, 2.0911475076e-05, 2.00426256924e-05, 1.22934889077e-05, 1.70406783582e-05, 6.46104308544e-06, 5.23104654349e-06, 6.10081542618e-06, 2.8891877264e-06, 4.92990466228e-07, 2.59895557519e-07, 1.72008881805e-07, 5.97504836719e-08, 5.09011073291e-08, 7.4069923528e-08, 3.703761422e-07, 2.59515871903e-07, 3.50842377372e-08, 7.71764252505e-09, 1.32848339323e-18]}, "barkbands_crest": {"dmean": 2.73965501785, "dmean2": 4.44540023804, "dvar": 6.17375946045, "dvar2": 14.5233287811, "max": 26.175283432, "mean": 9.4907951355, "median": 8.48614501953, "min": 2.74839711189, "var": 16.9751434326}, "barkbands_flatness_db": {"dmean": 0.0198459867388, "dmean2": 0.0300986152142, "dvar": 0.000321291794535, "dvar2": 0.000668530061375, "max": 0.351612210274, "mean": 0.149160131812, "median": 0.143871858716, "min": 0.0291701536626, "var": 0.00157741107978}, "barkbands_kurtosis": {"dmean": 1.78393721581, "dmean2": 2.83297657967, "dvar": 14.4507360458, "dvar2": 40.3709220886, "max": 153.45324707, "mean": 1.75416791439, "median": 0.56592053175, "min": -1.91509246826, "var": 19.5795230865}, "barkbands_skewness": {"dmean": 0.496579766273, "dmean2": 0.743251860142, "dvar": 0.261460006237, "dvar2": 0.588637471199, "max": 12.1544322968, "mean": 0.823081433773, "median": 0.737426459789, "min": -4.46475076675, "var": 0.972716867924}, "barkbands_spread": {"dmean": 4.42242860794, "dmean2": 6.74696016312, "dvar": 34.6313400269, "dvar2": 73.484413147, "max": 98.1942214966, "mean": 18.1001911163, "median": 16.6689109802, "min": 1.25714576244, "var": 98.6704559326}, "dissonance": {"dmean": 0.023713150993, "dmean2": 0.0403364896774, "dvar": 0.000521624227986, "dvar2": 0.00141069514211, "max": 0.500000059605, "mean": 0.455789923668, "median": 0.462644845247, "min": 0.249605804682, "var": 0.000985103193671}, "dynamic_complexity": 4.36973571777, "erbbands": {"dmean": [0.00414194073528, 0.0665031597018, 0.523985922337, 1.93564641476, 3.50182628632, 5.36787414551, 9.06174182892, 12.9164628983, 10.9891138077, 13.4546813965, 22.9498100281, 23.5224685669, 37.3025016785, 37.6821594238, 31.563331604, 38.0440254211, 28.3084983826, 28.046579361, 36.4442443848, 30.4142284393, 17.3883399963, 9.78506183624, 8.33627414703, 8.53000259399, 4.16337823868, 3.82353925705, 4.01942825317, 2.1004884243, 1.33509147167, 2.12768292427, 2.36774778366, 1.62942886353, 0.844940721989, 0.447577953339, 0.230388149619, 0.109633527696, 0.0148248560727, 0.000309468217893, 1.65144792845e-05, 9.30232181418e-06], "dmean2": [0.00684325955808, 0.113615266979, 0.91381251812, 3.08560180664, 5.587413311, 8.61868286133, 14.0667791367, 19.6439533234, 17.3930149078, 20.8690986633, 35.5817451477, 36.636806488, 58.5178260803, 55.9771766663, 46.8921546936, 56.1114578247, 43.1662635803, 44.4883460999, 55.9626350403, 46.6048851013, 25.7761135101, 14.7913980484, 12.5168418884, 12.9642524719, 6.27607917786, 5.69038009644, 6.04843473434, 3.19013237953, 1.90842461586, 3.09060645103, 3.32183861732, 2.29489421844, 1.20602560043, 0.649144470692, 0.333661824465, 0.159253463149, 0.0220037773252, 0.000452183390735, 2.25021431106e-05, 1.26567347252e-05], "dvar": [6.22168299742e-05, 0.0140695180744, 1.61834228039, 25.2213497162, 50.9904708862, 86.8878479004, 348.977874756, 739.670043945, 905.954650879, 1459.70385742, 6396.96289063, 4012.92431641, 9769.10839844, 11916.96875, 7191.01171875, 10385.4912109, 5492.79541016, 5823.46484375, 7387.21142578, 6157.68457031, 1925.5748291, 508.652160645, 270.688964844, 281.978271484, 70.5857696533, 82.7757492065, 84.48487854, 19.3575325012, 26.7932701111, 147.91583252, 272.548248291, 131.088058472, 26.479642868, 5.18518638611, 0.918981254101, 0.378736048937, 0.00421930430457, 1.79472715445e-06, 4.04336875093e-09, 1.83791482034e-10], "dvar2": [0.000163763354067, 0.0393550544977, 4.45215463638, 55.006690979, 128.036056519, 217.6925354, 813.399047852, 1645.265625, 2147.23706055, 3228.25366211, 15126.5898438, 9191.94824219, 23540.4003906, 24357.3027344, 14344.5126953, 19817.8691406, 11191.6679688, 14221.6582031, 16108.3251953, 13434.1132813, 4025.27368164, 1066.14611816, 585.871154785, 620.700927734, 161.659225464, 197.742767334, 196.110961914, 42.8329162598, 50.6291618347, 315.043823242, 561.979736328, 270.472930908, 53.1091423035, 11.620215416, 2.04890203476, 0.810658574104, 0.00880741793662, 3.72756881006e-06, 8.16058953745e-09, 3.52095019807e-10], "max": [0.0990968719125, 2.02495598793, 21.0809726715, 88.0878372192, 121.749252319, 158.383102417, 346.06652832, 414.83895874, 626.47833252, 971.672912598, 1602.20800781, 1899.02954102, 1732.5501709, 3603.69238281, 2614.20483398, 3850.85522461, 2879.09448242, 1983.21496582, 1766.1673584, 2205.23095703, 1012.33001709, 622.914733887, 378.280517578, 349.44909668, 222.422088623, 243.445877075, 172.472244263, 78.0936813354, 192.913223267, 595.666381836, 738.866699219, 372.907928467, 204.903793335, 74.0776290894, 38.8446617126, 25.7458286285, 2.80610704422, 0.0545019693673, 0.00245119142346, 0.000406677980209], "mean": [0.00655842199922, 0.106458358467, 0.64010155201, 2.39064526558, 4.91716957092, 9.5526304245, 15.6648988724, 21.3420734406, 16.9995269775, 20.7628002167, 30.9354419708, 35.2739562988, 54.395149231, 60.8677902222, 47.5074615479, 60.8231811523, 48.480014801, 46.9302787781, 64.2911376953, 52.4435539246, 29.5637226105, 17.8585929871, 15.5554208755, 15.5100975037, 8.33431053162, 6.88866233826, 7.0741353035, 3.47817397118, 2.10047864914, 2.98029184341, 3.0437374115, 2.18668580055, 1.16962337494, 0.626629590988, 0.321819335222, 0.137836202979, 0.0179727133363, 0.000386896252166, 3.04775276163e-05, 2.82425298792e-05], "median": [0.00343824503943, 0.066527582705, 0.270645469427, 0.867208957672, 2.41688585281, 5.36394405365, 6.40549230576, 7.42881298065, 5.82306575775, 6.88997840881, 7.05789613724, 12.2691478729, 17.2214832306, 15.5798873901, 16.835319519, 20.0525188446, 16.7103424072, 18.9319152832, 18.4625797272, 20.0009346008, 10.5647649765, 7.0642375946, 6.13352584839, 5.5677075386, 3.70277690887, 2.93970990181, 2.75160360336, 1.49245035648, 0.743206620216, 0.713310062885, 0.506155312061, 0.361255258322, 0.215886607766, 0.138717755675, 0.0879036039114, 0.0284677892923, 0.00329374684952, 8.24009257485e-05, 1.67189573403e-05, 2.33222181123e-05], "min": [1.53611296965e-21, 1.08372227848e-20, 1.40968378485e-20, 2.78814537899e-20, 5.06664798048e-20, 4.39882565164e-20, 2.08602103337e-19, 4.5741516231e-19, 5.1884324896e-19, 7.03673499811e-19, 1.16259862863e-18, 1.06971131232e-18, 1.94717034065e-18, 2.42447816272e-18, 1.28188779233e-18, 1.46154956022e-18, 3.84225394531e-18, 5.3917774724e-18, 5.3019659238e-18, 2.41023845527e-18, 3.71809082664e-18, 9.7985127026e-18, 9.7268300579e-18, 9.81640461925e-18, 1.79877107819e-17, 1.9888912628e-17, 1.76262460891e-17, 9.8930941882e-18, 1.73242589911e-17, 1.60579397718e-17, 1.47798100678e-17, 1.41082237829e-17, 1.14880092514e-17, 7.99757259141e-18, 7.7820300033e-18, 4.28560414207e-18, 2.85663164271e-18, 1.21561883794e-18, 3.24921817887e-19, 3.11096359903e-20], "var": [8.57760678628e-05, 0.0177104286849, 1.42695593834, 28.9147377014, 62.2484779358, 167.570800781, 752.633728027, 1615.9942627, 1456.86486816, 2550.01660156, 8798.80761719, 7515.8203125, 14485.5068359, 25768.3925781, 13901.296875, 26037.5292969, 11430.2128906, 8567.78027344, 18843.5117188, 12017.4355469, 4129.69775391, 1380.06323242, 728.93359375, 671.528991699, 176.172470093, 138.41986084, 153.899108887, 32.8865585327, 48.6811218262, 247.023788452, 368.28137207, 194.164413452, 41.409412384, 7.0890789032, 1.22675943375, 0.471700340509, 0.00548727856949, 2.39358701037e-06, 5.97374461009e-09, 5.63075364113e-10]}, "erbbands_crest": {"dmean": 3.07185220718, "dmean2": 4.9075050354, "dvar": 7.92171478271, "dvar2": 18.9433288574, "max": 32.0884437561, "mean": 10.4975242615, "median": 9.39897537231, "min": 2.628657341, "var": 22.205991745}, "erbbands_flatness_db": {"dmean": 0.0202916376293, "dmean2": 0.0289246421307, "dvar": 0.000373224494979, "dvar2": 0.000650687725283, "max": 0.383046597242, "mean": 0.194944724441, "median": 0.192757815123, "min": 0.0320158675313, "var": 0.00206094514579}, "erbbands_kurtosis": {"dmean": 1.0963716507, "dmean2": 1.70402669907, "dvar": 2.97228193283, "dvar2": 6.88889217377, "max": 60.2366714478, "mean": 0.950203895569, "median": 0.315707683563, "min": -1.80536937714, "var": 7.50999927521}, "erbbands_skewness": {"dmean": 0.407860904932, "dmean2": 0.626126050949, "dvar": 0.149944603443, "dvar2": 0.330525934696, "max": 5.53233242035, "mean": 0.209579437971, "median": 0.191259935498, "min": -5.38012981415, "var": 0.527141153812}, "erbbands_spread": {"dmean": 6.01937866211, "dmean2": 9.00878810883, "dvar": 46.8550491333, "dvar2": 99.4560852051, "max": 141.40284729, "mean": 26.4556694031, "median": 24.5245380402, "min": 1.66443324089, "var": 180.563156128}, "gfcc": {"cov": [[14121.6298828, -231.216003418, -488.104248047, 179.395889282, -280.826049805, 273.507141113, -166.329071045, 26.8313522339, -324.981140137, 131.513473511, -120.971946716, -9.10541725159, -6.22171163559], [-231.216003418, 844.669250488, -71.8095779419, -73.9398269653, 164.763748169, -119.047668457, 93.155456543, -62.4388160706, 83.8229370117, -97.1567306519, 53.1219444275, -45.1141929626, 53.1920661926], [-488.104248047, -71.8095779419, 662.305664063, 152.2734375, -58.418636322, 90.4103240967, -85.9701919556, 38.4932403564, -5.33382081985, 51.5106201172, -50.9781341553, 42.4494857788, -73.0835266113], [179.395889282, -73.9398269653, 152.2734375, 300.00668335, 41.9202384949, 9.85202026367, -17.0992870331, 24.0286540985, 11.2141599655, 4.81235742569, -19.027633667, 25.0202980042, -5.91521120071], [-280.826049805, 164.763748169, -58.418636322, 41.9202384949, 218.870346069, 15.3263187408, 45.7625694275, 16.0025844574, 23.3015365601, -11.1200723648, -4.87795734406, -5.56456518173, 17.747877121], [273.507141113, -119.047668457, 90.4103240967, 9.85202026367, 15.3263187408, 217.921661377, 38.7830467224, -11.8803777695, -15.1074752808, 27.8874092102, -21.7929534912, -11.0711774826, -40.1413345337], [-166.329071045, 93.155456543, -85.9701919556, -17.0992870331, 45.7625694275, 38.7830467224, 180.947540283, 8.8891954422, 2.56644248962, -32.2624206543, 12.1404914856, -16.4076538086, 5.44886636734], [26.8313522339, -62.4388160706, 38.4932403564, 24.0286540985, 16.0025844574, -11.8803777695, 8.8891954422, 161.067153931, 6.70981121063, -2.85246777534, -17.5594768524, 6.35204267502, -10.177652359], [-324.981140137, 83.8229370117, -5.33382081985, 11.2141599655, 23.3015365601, -15.1074752808, 2.56644248962, 6.70981121063, 95.7745666504, 3.47512173653, -1.09423840046, -12.7244243622, 4.9893245697], [131.513473511, -97.1567306519, 51.5106201172, 4.81235742569, -11.1200723648, 27.8874092102, -32.2624206543, -2.85246777534, 3.47512173653, 95.7438583374, 4.03714227676, -2.00763368607, -14.9071931839], [-120.971946716, 53.1219444275, -50.9781341553, -19.027633667, -4.87795734406, -21.7929534912, 12.1404914856, -17.5594768524, -1.09423840046, 4.03714227676, 99.8632278442, 10.066198349, 15.2658882141], [-9.10541725159, -45.1141929626, 42.4494857788, 25.0202980042, -5.56456518173, -11.0711774826, -16.4076538086, 6.35204267502, -12.7244243622, -2.00763368607, 10.066198349, 85.3711776733, 15.7157850266], [-6.22171163559, 53.1920661926, -73.0835266113, -5.91521120071, 17.747877121, -40.1413345337, 5.44886636734, -10.177652359, 4.9893245697, -14.9071931839, 15.2658882141, 15.7157850266, 82.6374816895]], "icov": [[0.000121314747958, -0.000283478118945, 0.00034132678411, -0.000311994808726, 0.000435234018369, -0.000414095498854, 0.000268741860054, -0.000246258045081, 0.000555334147066, -0.000405091734137, 0.000304617657093, -0.000131443797727, -9.41595499171e-06], [-0.000283478118945, 0.00334602314979, -0.00182943255641, 0.0018053323729, -0.00318338605575, 0.00265344441868, -0.00161980895791, 0.0019716413226, -0.00298069883138, 0.00319228996523, -0.00200137100182, 0.00176547805313, -0.000551777775399], [0.00034132678411, -0.00182943255641, 0.0036935582757, -0.0022833312396, 0.00266193109564, -0.00263701728545, 0.0019308187766, -0.00160422676709, 0.00198427634314, -0.00246732938103, 0.00196053017862, -0.00206262688152, 0.00159403658472], [-0.000311994808726, 0.0018053323729, -0.0022833312396, 0.00531807728112, -0.00300833233632, 0.00193564558867, -0.00100589275826, 0.00100259541068, -0.00244114128873, 0.00207459833473, -0.000985594815575, 0.000154461551574, -0.000373756833142], [0.000435234018369, -0.00318338605575, 0.00266193109564, -0.00300833233632, 0.00874480418861, -0.0035253923852, 0.00079488242045, -0.00251655373722, 0.00220436463133, -0.00318821892142, 0.00252841832116, -0.00155692687258, -0.000611444236711], [-0.000414095498854, 0.00265344441868, -0.00263701728545, 0.00193564558867, -0.0035253923852, 0.00867011491209, -0.00357824098319, 0.00268384069204, -0.00188328616787, 0.000922662962694, -0.000746895442717, 0.00162307149731, 0.00171186530497], [0.000268741860054, -0.00161980895791, 0.0019308187766, -0.00100589275826, 0.00079488242045, -0.00357824098319, 0.00821936968714, -0.0018482604064, 0.00168319663499, 0.000804516195785, -0.000118195770483, 8.33432059153e-05, 6.95032940712e-05], [-0.000246258045081, 0.0019716413226, -0.00160422676709, 0.00100259541068, -0.00251655373722, 0.00268384069204, -0.0018482604064, 0.00794653687626, -0.00230500940233, 0.00190592918079, -0.000141919095768, 0.000335955875926, 0.000755393877625], [0.000555334147066, -0.00298069883138, 0.00198427634314, -0.00244114128873, 0.00220436463133, -0.00188328616787, 0.00168319663499, -0.00230500940233, 0.0148806395009, -0.00411390094087, 0.00222863466479, 0.000538875348866, -0.000397286989028], [-0.000405091734137, 0.00319228996523, -0.00246732938103, 0.00207459833473, -0.00318821892142, 0.000922662962694, 0.000804516195785, 0.00190592918079, -0.00411390094087, 0.015588093549, -0.00375473126769, 0.00228865956888, 0.000514445127919], [0.000304617657093, -0.00200137100182, 0.00196053017862, -0.000985594815575, 0.00252841832116, -0.000746895442717, -0.000118195770483, -0.000141919095768, 0.00222863466479, -0.00375473126769, 0.0127576552331, -0.00280981627293, -0.000575300655328], [-0.000131443797727, 0.00176547805313, -0.00206262688152, 0.000154461551574, -0.00155692687258, 0.00162307149731, 8.33432059153e-05, 0.000335955875926, 0.000538875348866, 0.00228865956888, -0.00280981627293, 0.0148646375164, -0.00372826377861], [-9.41595499171e-06, -0.000551777775399, 0.00159403658472, -0.000373756833142, -0.000611444236711, 0.00171186530497, 6.95032940712e-05, 0.000755393877625, -0.000397286989028, 0.000514445127919, -0.000575300655328, -0.00372826377861, 0.0158219076693]], "mean": [-34.6877212524, 100.86214447, -146.861450195, 17.0551204681, -66.7907485962, 13.5677852631, -50.121471405, 3.15984487534, -33.1190185547, -1.11629295349, -17.5360126495, -5.33379507065, -4.62835884094]}, "hfc": {"dmean": 7.10812664032, "dmean2": 9.55601978302, "dvar": 133.715454102, "dvar2": 248.102523804, "max": 293.285003662, "mean": 21.5252609253, "median": 15.4034023285, "min": 1.13569237891e-16, "var": 444.378051758}, "melbands": {"dmean": [4.66290730401e-05, 0.000210965386941, 0.000390646368032, 0.000269376963843, 0.000303544016788, 0.00028160950751, 0.000165114965057, 0.000160735813552, 0.000187882571481, 0.000161303236382, 0.000194334512344, 0.000162219803315, 0.000112549911137, 0.000111749832286, 9.92301283986e-05, 5.97372491029e-05, 5.51233642909e-05, 6.49904905003e-05, 4.90932907269e-05, 3.7254547351e-05, 1.88857866306e-05, 1.13983242045e-05, 7.63901061873e-06, 9.65105937212e-06, 7.46553541831e-06, 4.15804879594e-06, 2.85576243186e-06, 2.73730029221e-06, 2.69931751973e-06, 2.28394878832e-06, 9.76442493084e-07, 7.24646668004e-07, 1.04810351331e-06, 1.2529031892e-06, 1.43847648815e-06, 1.27877740397e-06, 9.18965838537e-07, 6.12914334397e-07, 5.08631785578e-07, 3.4566511431e-07], "dmean2": [7.7789358329e-05, 0.000370138412109, 0.000621735292953, 0.000429186387919, 0.000467804435175, 0.000429857551353, 0.000261029897956, 0.000249123637332, 0.00029069033917, 0.000253479811363, 0.000305825233227, 0.000242559064645, 0.000168170619872, 0.00016977461928, 0.000150964071508, 9.5107643574e-05, 8.76696649357e-05, 0.000100431010651, 7.62757626944e-05, 5.70644988329e-05, 2.86803497147e-05, 1.7579557607e-05, 1.17379686344e-05, 1.472861004e-05, 1.14977001431e-05, 6.47718252367e-06, 4.44037550551e-06, 4.11616883866e-06, 4.07250809076e-06, 3.53920222551e-06, 1.49394554683e-06, 1.07797529836e-06, 1.53350106302e-06, 1.83635893336e-06, 2.06042568607e-06, 1.85420026355e-06, 1.34857668854e-06, 8.95496384601e-07, 7.35582375455e-07, 5.11035693762e-07], "dvar": [6.25832852208e-09, 2.4939481591e-07, 8.56234521507e-07, 1.95542980919e-07, 3.34039953032e-07, 3.29115408704e-07, 1.89293061226e-07, 2.24834309392e-07, 3.98267189894e-07, 2.08764021181e-07, 2.58356408267e-07, 2.17391914248e-07, 1.08946544231e-07, 8.65774509862e-08, 9.6665146998e-08, 2.98913604979e-08, 2.33390871074e-08, 2.5522030711e-08, 1.54823656118e-08, 1.2914634695e-08, 2.47698528355e-09, 8.1179141187e-10, 3.26921184568e-10, 4.00985161741e-10, 2.43000897182e-10, 1.10487306804e-10, 5.09027403561e-11, 4.16564838179e-11, 3.86906097438e-11, 2.39023974224e-11, 4.94881349442e-12, 8.16297463652e-12, 2.88468936238e-11, 5.37323380234e-11, 1.12604328639e-10, 8.01693433861e-11, 4.37507113871e-11, 1.47663253153e-11, 8.04432041812e-12, 2.77629069907e-12], "dvar2": [1.66913931565e-08, 7.00162956946e-07, 1.93810933524e-06, 4.90668185193e-07, 7.89387684108e-07, 7.33510489681e-07, 4.4803482524e-07, 5.0558469411e-07, 9.31664999371e-07, 4.89844012463e-07, 6.1903307369e-07, 4.46265175924e-07, 2.11496256952e-07, 1.8540603719e-07, 1.81156650569e-07, 7.22317352597e-08, 5.68137075163e-08, 5.49868950372e-08, 3.5217194494e-08, 2.74567089065e-08, 5.3542996703e-09, 1.69027336572e-09, 7.31872007442e-10, 8.92226847959e-10, 5.38584621346e-10, 2.53863208233e-10, 1.31124472391e-10, 9.62242646674e-11, 9.07741104506e-11, 5.55464008123e-11, 1.1228184181e-11, 1.80053645604e-11, 5.36735482448e-11, 1.19414478306e-10, 2.37933811542e-10, 1.65288768783e-10, 9.21078976979e-11, 2.98740719662e-11, 1.76602239776e-11, 6.50634841143e-12], "max": [0.0011741447961, 0.00789295043796, 0.0157030597329, 0.00646191649139, 0.0107787642628, 0.00956634618342, 0.0102508300915, 0.010537834838, 0.0129582555965, 0.0134425731376, 0.00871971622109, 0.0154335740954, 0.00985146407038, 0.00674448627979, 0.0121758608148, 0.0044839605689, 0.00350013142452, 0.00370867806487, 0.00322188949212, 0.0024296073243, 0.000989192747511, 0.000900732469745, 0.000573162571527, 0.000544733484276, 0.000328311987687, 0.000366959488019, 0.000246783194598, 0.000156204143423, 0.000137929047924, 7.84960793681e-05, 4.27011291322e-05, 0.000104825565359, 0.000296014302876, 0.000330232374836, 0.000498713925481, 0.000321961968439, 0.000253049220191, 0.000165374367498, 8.21506400825e-05, 5.58920110052e-05], "mean": [8.15794846858e-05, 0.000272521167062, 0.000507308461238, 0.000474762025988, 0.000550436379854, 0.000478198955534, 0.000256014900515, 0.000235577041167, 0.000251112156548, 0.000237829110119, 0.000279369356576, 0.000254524173215, 0.000160521958605, 0.000160277326358, 0.000160683877766, 8.893267659e-05, 8.43660891405e-05, 0.000107323452539, 8.02916838438e-05, 5.93111544731e-05, 2.84604466287e-05, 1.85273529496e-05, 1.30117587105e-05, 1.5872208678e-05, 1.24722446344e-05, 7.31395539333e-06, 4.83649500893e-06, 4.47178490504e-06, 4.44729903393e-06, 3.59274781658e-06, 1.45975241139e-06, 1.06119557586e-06, 1.48292201629e-06, 1.67147595675e-06, 1.79993969596e-06, 1.62531262049e-06, 1.20959430205e-06, 8.26934524412e-07, 6.80429423028e-07, 4.7145380222e-07], "median": [5.77194259677e-05, 0.000133541034302, 0.00021307868883, 0.000282118504401, 0.000261242676061, 0.000167979000253, 9.28633744479e-05, 6.39124918962e-05, 5.71474993194e-05, 7.21920223441e-05, 7.67059027567e-05, 5.58164028917e-05, 4.92705949e-05, 4.40328840341e-05, 3.86216088373e-05, 2.80453532469e-05, 2.92461427307e-05, 2.49478234764e-05, 2.24071754928e-05, 1.59100054589e-05, 8.246212019e-06, 6.36423919786e-06, 4.87482884637e-06, 5.57427938475e-06, 4.06818799092e-06, 2.83926260636e-06, 2.07097900784e-06, 1.72291822764e-06, 1.64089613008e-06, 1.32036166178e-06, 5.97490782184e-07, 3.51616250782e-07, 4.01830618557e-07, 3.57124690709e-07, 2.9780497357e-07, 2.39617349962e-07, 1.99564581749e-07, 1.44161575122e-07, 1.29155282025e-07, 1.06960023061e-07], "min": [1.44925234104e-23, 1.2166546521e-23, 5.70706273377e-24, 3.15888463215e-24, 6.2592184302e-24, 1.14392270215e-23, 8.18564437088e-24, 7.65983150109e-24, 9.29489166642e-24, 6.32324987544e-24, 1.02767529141e-23, 9.55056700783e-24, 3.77692086379e-24, 4.26537485883e-24, 3.49337309445e-24, 1.05513427735e-23, 9.65098584562e-24, 8.2886656608e-24, 4.87550907079e-24, 2.342555393e-24, 4.50550135737e-24, 9.261285403e-24, 1.07716306035e-23, 7.22686124895e-24, 7.07143514024e-24, 1.16547848416e-23, 1.07176385966e-23, 1.3359495114e-23, 9.80129855795e-24, 6.85127983881e-24, 5.61057360658e-24, 8.97588972699e-24, 7.90817990241e-24, 9.52357770968e-24, 8.73574232364e-24, 8.03248544841e-24, 8.31313612608e-24, 7.3168347795e-24, 7.43255120796e-24, 6.61676253574e-24], "var": [9.38441857556e-09, 2.16119900642e-07, 9.93350454337e-07, 3.54381256784e-07, 7.18669355138e-07, 7.60088994411e-07, 2.93598333201e-07, 3.5372360685e-07, 5.65853326862e-07, 3.9541686192e-07, 3.91907121866e-07, 4.59343198145e-07, 2.09988002098e-07, 1.8134720392e-07, 2.49470360814e-07, 4.20931201006e-08, 3.3104733177e-08, 6.17033037997e-08, 3.2284752649e-08, 2.62507438009e-08, 4.95370988673e-09, 1.93887084166e-09, 7.05487668284e-10, 9.5320118465e-10, 5.14385867234e-10, 1.99334174167e-10, 7.48099429626e-11, 6.95775381754e-11, 6.47864262238e-11, 4.21330643985e-11, 7.40721112918e-12, 1.14397319742e-11, 5.19154476353e-11, 8.56560170015e-11, 1.43498504745e-10, 1.10020832722e-10, 6.37762689881e-11, 2.2725531526e-11, 1.10844328507e-11, 3.56380246494e-12]}, "melbands_crest": {"dmean": 3.36007404327, "dmean2": 5.45048141479, "dvar": 9.40195178986, "dvar2": 22.7210597992, "max": 36.7004547119, "mean": 11.7666053772, "median": 10.5697889328, "min": 2.06835246086, "var": 24.4252147675}, "melbands_flatness_db": {"dmean": 0.0213025603443, "dmean2": 0.0314820595086, "dvar": 0.000406088598538, "dvar2": 0.000823810521979, "max": 0.468560606241, "mean": 0.179788380861, "median": 0.174705594778, "min": 0.00401331158355, "var": 0.0023180602584}, "melbands_kurtosis": {"dmean": 3.21245121956, "dmean2": 5.13382053375, "dvar": 67.6927261353, "dvar2": 203.790664673, "max": 335.46685791, "mean": 4.44179916382, "median": 2.11734962463, "min": -1.8501983881, "var": 76.8231506348}, "melbands_skewness": {"dmean": 0.563744902611, "dmean2": 0.84632641077, "dvar": 0.372189134359, "dvar2": 0.85517770052, "max": 15.9424705505, "mean": 1.40144169331, "median": 1.28331744671, "min": -2.98907089233, "var": 1.3992524147}, "melbands_spread": {"dmean": 7.31401634216, "dmean2": 10.9745397568, "dvar": 122.403884888, "dvar2": 235.62437439, "max": 246.011505127, "mean": 26.3611049652, "median": 23.3717250824, "min": 1.88140058517, "var": 324.846862793}, "mfcc": {"cov": [[10432.109375, 502.325408936, -435.408203125, -56.3863143921, -101.214073181, 123.630455017, 103.449943542, -72.5988998413, -82.6680755615, 76.3433990479, -116.578155518, -71.2412490845, -117.972297668], [502.325408936, 1034.73486328, -224.100265503, 25.0720806122, 14.8896284103, -17.5071144104, -4.13495254517, 17.2795848846, 7.24129867554, -39.3375091553, 6.25979423523, -11.7253694534, -0.705595254898], [-435.408203125, -224.100265503, 639.882995605, 26.0919704437, 70.1906738281, 58.4948921204, -37.1813163757, -4.08315658569, -5.41714859009, -8.92463779449, 39.2765464783, 13.5048875809, 7.71442365646], [-56.3863143921, 25.0720806122, 26.0919704437, 275.68951416, 67.4331665039, -33.9762611389, -5.51958703995, 27.5328369141, 36.7714653015, -27.5304584503, -17.3441791534, 24.3352470398, 32.2675514221], [-101.214073181, 14.8896284103, 70.1906738281, 67.4331665039, 181.410079956, 11.6087141037, -12.2140340805, 2.13232064247, 24.0225944519, 2.3855843544, 5.60749053955, 5.36252307892, 27.253988266], [123.630455017, -17.5071144104, 58.4948921204, -33.9762611389, 11.6087141037, 213.742614746, 35.0207138062, -5.06166315079, -3.16384100914, 30.3646125793, 7.61420249939, -22.0320415497, -2.57331156731], [103.449943542, -4.13495254517, -37.1813163757, -5.51958703995, -12.2140340805, 35.0207138062, 140.578811646, 39.1906700134, -1.41435706615, 21.7006130219, 1.51900660992, 3.52206635475, -4.96581602097], [-72.5988998413, 17.2795848846, -4.08315658569, 27.5328369141, 2.13232064247, -5.06166315079, 39.1906700134, 134.127227783, 35.7775726318, -4.59766626358, 5.05997371674, 0.22290968895, 11.1371603012], [-82.6680755615, 7.24129867554, -5.41714859009, 36.7714653015, 24.0225944519, -3.16384100914, -1.41435706615, 35.7775726318, 104.561698914, 17.5991153717, -2.11882686615, 1.97289073467, -0.363083034754], [76.3433990479, -39.3375091553, -8.92463779449, -27.5304584503, 2.3855843544, 30.3646125793, 21.7006130219, -4.59766626358, 17.5991153717, 107.008995056, 27.5333900452, -20.5815486908, -17.6751022339], [-116.578155518, 6.25979423523, 39.2765464783, -17.3441791534, 5.60749053955, 7.61420249939, 1.51900660992, 5.05997371674, -2.11882686615, 27.5333900452, 89.0349731445, 15.0785093307, -18.3984298706], [-71.2412490845, -11.7253694534, 13.5048875809, 24.3352470398, 5.36252307892, -22.0320415497, 3.52206635475, 0.22290968895, 1.97289073467, -20.5815486908, 15.0785093307, 86.9994888306, 16.4330883026], [-117.972297668, -0.705595254898, 7.71442365646, 32.2675514221, 27.253988266, -2.57331156731, -4.96581602097, 11.1371603012, -0.363083034754, -17.6751022339, -18.3984298706, 16.4330883026, 88.0730361938]], "icov": [[0.000107054911496, -5.0527327403e-05, 4.42867130914e-05, -2.22694034164e-05, 1.42415628943e-05, -6.62372694933e-05, -3.41279628628e-05, 2.3171714929e-05, 0.000110162800411, -0.000120537173643, 0.000202513023396, -3.25929395331e-05, 0.000160726616741], [-5.0527327403e-05, 0.00112721859477, 0.000438614137238, -7.21394317225e-05, -0.000230938705499, -5.94723351242e-05, 8.80072111613e-05, -8.47823757795e-05, -0.000126871105749, 0.000708746083546, -0.000617846788373, 0.00034300624975, -3.65844389307e-05], [4.42867130914e-05, 0.000438614137238, 0.00198477227241, -0.000156183756189, -0.000664564373437, -0.00066584663, 0.000584241002798, -0.000148211605847, 0.000247083109571, 0.000532983685844, -0.000905936933123, -6.41409133095e-05, 0.00011478360102], [-2.22694034164e-05, -7.21394317225e-05, -0.000156183756189, 0.00455069215968, -0.00141885166522, 0.000618921534624, -0.000135235255584, -0.000471942825243, -0.00121524487622, 0.000748252903577, 0.000723215576727, -0.00080908468226, -0.000727581442334], [1.42415628943e-05, -0.000230938705499, -0.000664564373437, -0.00141885166522, 0.00682810787112, -0.0003850084031, 0.000254717015196, 0.000615278026089, -0.00125110649969, -0.000433452747529, -0.000735996174626, 0.000363744358765, -0.00190613314044], [-6.62372694933e-05, -5.94723351242e-05, -0.00066584663, 0.000618921534624, -0.0003850084031, 0.00554371019825, -0.00160029251128, 0.000573264609557, -0.000149026585859, -0.000855402089655, -0.000207936100196, 0.00130917946808, -0.00059923180379], [-3.41279628628e-05, 8.80072111613e-05, 0.000584241002798, -0.000135235255584, 0.000254717015196, -0.00160029251128, 0.00904610566795, -0.00330231362022, 0.0016115057515, -0.00217120186426, 0.000999970710836, -0.00173335836735, 0.000858643907122], [2.3171714929e-05, -8.47823757795e-05, -0.000148211605847, -0.000471942825243, 0.000615278026089, 0.000573264609557, -0.00330231362022, 0.0098137203604, -0.00372568913735, 0.00183654064313, -0.00184911175165, 0.00153984804638, -0.00170495477505], [0.000110162800411, -0.000126871105749, 0.000247083109571, -0.00121524487622, -0.00125110649969, -0.000149026585859, 0.0016115057515, -0.00372568913735, 0.0123173110187, -0.00336985383183, 0.00196844059974, -0.00135267502628, 0.00155300926417], [-0.000120537173643, 0.000708746083546, 0.000532983685844, 0.000748252903577, -0.000433452747529, -0.000855402089655, -0.00217120186426, 0.00183654064313, -0.00336985383183, 0.0132833020762, -0.00502930535004, 0.00365121639334, 0.000197888701223], [0.000202513023396, -0.000617846788373, -0.000905936933123, 0.000723215576727, -0.000735996174626, -0.000207936100196, 0.000999970710836, -0.00184911175165, 0.00196844059974, -0.00502930535004, 0.0153732346371, -0.00461301626638, 0.00366356573068], [-3.25929395331e-05, 0.00034300624975, -6.41409133095e-05, -0.00080908468226, 0.000363744358765, 0.00130917946808, -0.00173335836735, 0.00153984804638, -0.00135267502628, 0.00365121639334, -0.00461301626638, 0.014391258359, -0.00302729732357], [0.000160726616741, -3.65844389307e-05, 0.00011478360102, -0.000727581442334, -0.00190613314044, -0.00059923180379, 0.000858643907122, -0.00170495477505, 0.00155300926417, 0.000197888701223, 0.00366356573068, -0.00302729732357, 0.0140383541584]], "mean": [-665.558166504, 127.39805603, -20.2919960022, 4.76515054703, -2.18088722229, -0.253644615412, -3.23474216461, -5.27326107025, -7.15738153458, -2.79049968719, -9.16611003876, -6.45956802368, -6.16897058487]}, "pitch_salience": {"dmean": 0.0737207680941, "dmean2": 0.118887834251, "dvar": 0.00413529761136, "dvar2": 0.0100874174386, "max": 0.886846601963, "mean": 0.581428050995, "median": 0.592890739441, "min": 0.111444458365, "var": 0.0115418862551}, "silence_rate_20dB": {"dmean": 0, "dmean2": 0, "dvar": 0, "dvar2": 0, "max": 1, "mean": 1, "median": 1, "min": 1, "var": 0}, "silence_rate_30dB": {"dmean": 0.000641025661025, "dmean2": 0.00128225679509, "dvar": 0.000640607264359, "dvar2": 0.00160125060938, "max": 1, "mean": 0.99951928854, "median": 1, "min": 0, "var": 0.000480466085719}, "silence_rate_60dB": {"dmean": 0.0195512827486, "dmean2": 0.0391088314354, "dvar": 0.0191683284938, "dvar2": 0.0420639924705, "max": 1, "mean": 0.102227203548, "median": 0, "min": 0, "var": 0.0917782559991}, "spectral_centroid": {"dmean": 219.249343872, "dmean2": 323.407226563, "dvar": 83788.6640625, "dvar2": 150387.375, "max": 11412.3837891, "mean": 1304.6307373, "median": 1228.89074707, "min": 226.418930054, "var": 350664.25}, "spectral_complexity": {"dmean": 2.91378211975, "dmean2": 4.33274555206, "dvar": 7.72461080551, "dvar2": 15.5015392303, "max": 47, "mean": 17.0503120422, "median": 17, "min": 0, "var": 56.8238754272}, "spectral_contrast_coeffs": {"dmean": [0.0509389080107, 0.0509626381099, 0.0472873486578, 0.0375060066581, 0.0278273634613, 0.0226849261671], "dmean2": [0.0837966054678, 0.0823714286089, 0.0745133385062, 0.0595722794533, 0.0434985384345, 0.0345305353403], "dvar": [0.00174057437107, 0.00183821469545, 0.00151527090929, 0.000972966488916, 0.000561747001484, 0.000427417224273], "dvar2": [0.00460462644696, 0.00447438051924, 0.00358427432366, 0.0022445472423, 0.00121507386211, 0.000918759149499], "max": [-0.321827799082, -0.394187748432, -0.424212098122, -0.490329653025, -0.56348502636, -0.47575378418], "mean": [-0.604932069778, -0.71844369173, -0.730007410049, -0.72738713026, -0.765494585037, -0.763827383518], "median": [-0.607214272022, -0.727332651615, -0.738129079342, -0.729092717171, -0.771774351597, -0.76596724987], "min": [-0.976424396038, -0.988523900509, -0.969005227089, -0.969856262207, -0.963836848736, -0.960440635681], "var": [0.00632145721465, 0.00715335831046, 0.00662881229073, 0.00506250467151, 0.00287467357703, 0.00216072215699]}, "spectral_contrast_valleys": {"dmean": [0.446828752756, 0.362846791744, 0.367522835732, 0.312201052904, 0.291756391525, 0.372374385595], "dmean2": [0.730549752712, 0.579487144947, 0.581818282604, 0.47313901782, 0.405163019896, 0.452532678843], "dvar": [0.183986395597, 0.110771857202, 0.11238604039, 0.0848103091121, 0.0863934084773, 0.15426915884], "dvar2": [0.411425441504, 0.238519132137, 0.24276997149, 0.165275588632, 0.144988700747, 0.217445209622], "max": [-6.22005367279, -5.03231906891, -5.11635780334, -5.58252859116, -5.79074382782, -7.30902242661], "mean": [-8.10048389435, -6.9322810173, -7.39926767349, -7.82902622223, -8.07488250732, -10.7452144623], "median": [-7.77605676651, -6.74033927917, -7.17787837982, -7.61606884003, -7.84278678894, -10.5228490829], "min": [-27.9933757782, -27.771188736, -27.5047512054, -27.3207263947, -27.5595378876, -27.2707653046], "var": [1.61048817635, 1.41382586956, 1.448351264, 1.45986831188, 1.47996819019, 1.78345990181]}, "spectral_decrease": {"dmean": 1.65808811126e-09, "dmean2": 2.32576424786e-09, "dvar": 4.27740885015e-18, "dvar2": 8.01842002439e-18, "max": -1.74534075972e-29, "mean": -5.12176390188e-09, "median": -4.25574819829e-09, "min": -2.63160107039e-08, "var": 1.55212931146e-17}, "spectral_energy": {"dmean": 0.00678010238335, "dmean2": 0.00944584328681, "dvar": 6.97756404406e-05, "dvar2": 0.000129550142447, "max": 0.111904367805, "mean": 0.0212831255049, "median": 0.0177280660719, "min": 1.03669334481e-20, "var": 0.000265605573077}, "spectral_energyband_high": {"dmean": 0.000304956454784, "dmean2": 0.000409246247727, "dvar": 1.41602981785e-06, "dvar2": 2.66045321951e-06, "max": 0.0363810844719, "mean": 0.000537110026926, "median": 0.000206497745239, "min": 7.56793923994e-21, "var": 2.60856427303e-06}, "spectral_energyband_low": {"dmean": 0.00102282699663, "dmean2": 0.00165149883833, "dvar": 6.08623531662e-06, "dvar2": 1.3754608517e-05, "max": 0.0484416745603, "mean": 0.00154137273785, "median": 0.000774494314101, "min": 1.13717038413e-22, "var": 7.49125274524e-06}, "spectral_energyband_middle_high": {"dmean": 0.00331411277875, "dmean2": 0.00458139134571, "dvar": 2.8765958632e-05, "dvar2": 4.82709365315e-05, "max": 0.104289703071, "mean": 0.0091505786404, "median": 0.00505681615323, "min": 1.49736967557e-21, "var": 0.00012515403796}, "spectral_energyband_middle_low": {"dmean": 0.00467108609155, "dmean2": 0.00697134854272, "dvar": 4.54967666883e-05, "dvar2": 0.000100409342849, "max": 0.0781460925937, "mean": 0.0107067190111, "median": 0.00758608104661, "min": 2.68280259512e-22, "var": 0.0001058641501}, "spectral_entropy": {"dmean": 0.166397452354, "dmean2": 0.237632662058, "dvar": 0.0252643357962, "dvar2": 0.045559823513, "max": 9.80165195465, "mean": 7.37090921402, "median": 7.38890361786, "min": 5.6777381897, "var": 0.151686891913}, "spectral_flux": {"dmean": 0.0248372573406, "dmean2": 0.0387173630297, "dvar": 0.000669161090627, "dvar2": 0.00149508879986, "max": 0.293664932251, "mean": 0.0818403661251, "median": 0.0745675414801, "min": 6.42212394375e-11, "var": 0.00221715960652}, "spectral_kurtosis": {"dmean": 2.06541800499, "dmean2": 3.4213283062, "dvar": 5.91258382797, "dvar2": 15.965634346, "max": 68.0934677124, "mean": 6.24173069, "median": 5.61305713654, "min": -1.22887837887, "var": 14.3864870071}, "spectral_rms": {"dmean": 0.00069321366027, "dmean2": 0.00094183330657, "dvar": 5.48287118818e-07, "dvar2": 9.1641373956e-07, "max": 0.0104486839846, "mean": 0.00414668116719, "median": 0.00415880652145, "min": 3.1802642117e-12, "var": 3.56907730747e-06}, "spectral_rolloff": {"dmean": 385.565185547, "dmean2": 622.525390625, "dvar": 604740.75, "dvar2": 1080354.125, "max": 18669.2871094, "mean": 1682.93017578, "median": 1528.85742188, "min": 21.533203125, "var": 1521687.5}, "spectral_skewness": {"dmean": 0.244573891163, "dmean2": 0.388472825289, "dvar": 0.0565532334149, "dvar2": 0.135811164975, "max": 6.47320318222, "mean": 1.8319272995, "median": 1.82525861263, "min": -0.132717117667, "var": 0.23364713788}, "spectral_spread": {"dmean": 493037.34375, "dmean2": 690870.9375, "dvar": 472373755904, "dvar2": 869560090624, "max": 41560740, "mean": 3908351.2