{"lowlevel": {"average_loudness": 0.925907194614, "barkbands": {"dmean": [0.0084120053798, 0.0109990173951, 0.00168622029014, 0.00088665029034, 0.000951062131207, 0.000799568835646, 0.000819840352051, 0.000538687047083, 0.0007458285545, 0.000589493080042, 0.000499263347592, 0.000434981571743, 0.000355294614565, 0.000437397859059, 0.000421116332291, 0.000344933680026, 0.000289958639769, 0.000323540531099, 0.00028824977926, 0.000309156370349, 0.000385022984119, 0.00034047261579, 0.000134430738399, 2.23855768127e-05, 1.91938283933e-06, 4.513598833e-05, 0.000635860138573], "dmean2": [0.0145904738456, 0.0182278305292, 0.00293093407527, 0.00148080079816, 0.00154340569861, 0.00130966189317, 0.00130686641205, 0.000866254558787, 0.0011752435239, 0.00094084138982, 0.000806606258266, 0.000693948823027, 0.000562743633054, 0.000707748229615, 0.00065260543488, 0.000541263842024, 0.00041776674334, 0.00052294525085, 0.000417929404648, 0.000429317908129, 0.000535600061994, 0.000483570154756, 0.000187456986168, 3.28676214849e-05, 3.19148807648e-06, 6.27072004136e-05, 0.000847809191328], "dvar": [0.000273497804301, 0.000365586485714, 1.55485122377e-05, 2.22308267439e-06, 2.72058991868e-06, 3.4771310311e-06, 4.80187873109e-06, 1.54751330683e-06, 2.72721445072e-06, 1.41272414567e-06, 1.17705246794e-06, 6.8350800575e-07, 4.32322650568e-07, 5.81884023632e-07, 7.30196688892e-07, 2.91489442361e-07, 2.8026110499e-07, 4.95396079714e-07, 2.1943866102e-07, 2.35064646859e-07, 3.38277715173e-07, 3.66137868468e-07, 4.96801142447e-08, 1.67796954109e-09, 1.41411838836e-11, 4.01976008035e-09, 1.2017227391e-06], "dvar2": [0.000734082364943, 0.000939349818509, 4.3733518396e-05, 5.94137009102e-06, 6.70770077704e-06, 8.30549106468e-06, 1.14288050099e-05, 3.80352912543e-06, 6.7354994826e-06, 3.38659242516e-06, 2.90103935185e-06, 1.61297123213e-06, 1.02857040929e-06, 1.37805216127e-06, 1.72648049102e-06, 6.52783171518e-07, 6.02158138463e-07, 1.33063679186e-06, 4.62252586431e-07, 4.7095784339e-07, 6.68505265367e-07, 7.81854737397e-07, 1.00994284935e-07, 3.59960683483e-09, 3.45349270015e-11, 7.88681120412e-09, 2.36467303694e-06], "max": [0.214861825109, 0.19335784018, 0.0709187686443, 0.0238202158362, 0.0312543287873, 0.0599052496254, 0.0835164859891, 0.0311313122511, 0.0656843483448, 0.0288487989455, 0.0165193062276, 0.0198169946671, 0.0119658000767, 0.0165073666722, 0.0266735553741, 0.0102856708691, 0.00917609967291, 0.0109347971156, 0.0112430257723, 0.0135785322636, 0.00907638389617, 0.00731389038265, 0.00282042636536, 0.000496971071698, 8.98089056136e-05, 0.000674909970257, 0.028370840475], "mean": [0.00739577086642, 0.011097477749, 0.00179045100231, 0.0010861037299, 0.00122818606906, 0.000949232373387, 0.00104328349698, 0.000643179169856, 0.000922357663512, 0.000687511579599, 0.000536217819899, 0.000499007292092, 0.000417536153691, 0.000501189380884, 0.000521727197338, 0.000437876849901, 0.000388371292502, 0.000389387598261, 0.00041177807725, 0.000418740673922, 0.00048626831267, 0.000375329720555, 0.000149224884808, 2.34280760196e-05, 1.84930945579e-06, 5.13311388204e-05, 0.00105298403651], "median": [0.00137560465373, 0.00362049438991, 0.000808589567896, 0.000538426102139, 0.000626734865364, 0.000352167815436, 0.000283217028482, 0.000164014141774, 0.000255727762124, 0.000195536864339, 0.000131661086925, 0.000140250980621, 0.000157672810019, 0.000192315259483, 0.000188650214113, 0.000158224705956, 0.00012977469305, 0.000127788312966, 0.000182632822543, 0.000165989389643, 0.0001324826153, 7.93585204519e-05, 3.20030594594e-05, 5.39344046047e-06, 6.24632150448e-07, 1.53009532369e-05, 0.0005884586717], "min": [7.87965942524e-24, 9.80162356864e-24, 1.20368159785e-23, 2.36080320513e-23, 2.26715689598e-23, 1.19807429565e-23, 3.12298862107e-23, 4.67629045333e-23, 4.68506605758e-23, 1.29034380586e-23, 4.15812432783e-23, 1.55356651087e-22, 5.55101350383e-23, 4.65013561224e-23, 2.75312607383e-22, 1.57069400641e-22, 1.30004302424e-22, 1.70809603183e-22, 2.76285190838e-22, 3.46526249363e-22, 3.6816140971e-22, 5.9991384997e-22, 5.80310467149e-22, 9.17174066569e-22, 9.75446375979e-22, 1.76135489669e-21, 2.76116624515e-21], "var": [0.000236950756516, 0.000351395632606, 1.17676609079e-05, 2.55402801486e-06, 3.37871642841e-06, 4.18975014327e-06, 7.13701638233e-06, 2.276000032e-06, 4.01730449084e-06, 1.92178003999e-06, 1.34400283969e-06, 8.91737101938e-07, 5.22119535162e-07, 7.18330568361e-07, 9.13330723051e-07, 4.76323066323e-07, 4.62089531084e-07, 5.40771566193e-07, 3.71153163314e-07, 4.37123986785e-07, 5.80857090426e-07, 4.79179504964e-07, 7.07787393139e-08, 2.063253568e-09, 1.36883256466e-11, 6.12781292375e-09, 2.40854183176e-06]}, "barkbands_crest": {"dmean": 3.18712282181, "dmean2": 5.28755426407, "dvar": 7.56799459457, "dvar2": 19.8884048462, "max": 26.6229763031, "mean": 9.51713752747, "median": 8.88235282898, "min": 1.90037596226, "var": 18.0995941162}, "barkbands_flatness_db": {"dmean": 0.035047378391, "dmean2": 0.0563170462847, "dvar": 0.0010891687125, "dvar2": 0.00280828610994, "max": 0.423613101244, "mean": 0.118422463536, "median": 0.107066899538, "min": 0.0241529718041, "var": 0.0031042159535}, "barkbands_kurtosis": {"dmean": 8.02673339844, "dmean2": 13.5378646851, "dvar": 295.254150391, "dvar2": 772.263793945, "max": 352.834411621, "mean": 7.92784023285, "median": 1.84970211983, "min": -1.82686567307, "var": 358.200531006}, "barkbands_skewness": {"dmean": 1.07727313042, "dmean2": 1.70842909813, "dvar": 1.41316401958, "dvar2": 3.55601167679, "max": 14.9669532776, "mean": 1.89573585987, "median": 1.51019477844, "min": -2.50163006783, "var": 3.42103147507}, "barkbands_spread": {"dmean": 14.9022789001, "dmean2": 23.4128189087, "dvar": 194.053863525, "dvar2": 438.834381104, "max": 122.610107422, "mean": 39.516746521, "median": 37.2101135254, "min": 0.533415973186, "var": 512.701599121}, "dissonance": {"dmean": 0.0143114868551, "dmean2": 0.0238729193807, "dvar": 0.000239528235397, "dvar2": 0.000631369301118, "max": 0.500000178814, "mean": 0.479730933905, "median": 0.485766291618, "min": 0.324488997459, "var": 0.000384081766242}, "dynamic_complexity": 3.51206588745, "erbbands": {"dmean": [0.639126956463, 1.38830554485, 2.01821136475, 2.39285492897, 3.05951690674, 3.30345749855, 4.10281991959, 7.50725412369, 11.460767746, 11.1964817047, 12.6935024261, 16.0416946411, 18.021484375, 19.0020332336, 19.3775291443, 17.4071540833, 15.6619024277, 21.128578186, 21.4319953918, 21.4840126038, 17.9493217468, 15.828959465, 16.742023468, 15.8168315887, 14.4770059586, 14.6654682159, 16.0951900482, 15.3559570312, 11.684800148, 7.27494478226, 3.33936715126, 1.16017389297, 0.0763997063041, 0.0225700363517, 0.0137611329556, 0.0122603988275, 0.0997924208641, 0.148209631443, 0.0802787020802, 0.0118597252294], "dmean2": [1.06611955166, 2.36357879639, 3.49744534492, 4.0207567215, 5.00669670105, 5.41684103012, 6.74956226349, 12.3139791489, 18.2690963745, 17.8187828064, 20.0875301361, 25.3037471771, 28.3409576416, 30.2200050354, 31.0205230713, 27.5041637421, 24.5401172638, 33.6765136719, 33.0222816467, 33.7775764465, 27.5925064087, 22.4499855042, 26.5907897949, 23.7396125793, 20.6186542511, 20.3767223358, 22.5111923218, 21.3705692291, 16.4606170654, 10.1722307205, 4.64508295059, 1.65947175026, 0.11526363343, 0.0370498895645, 0.0227265618742, 0.0187307186425, 0.139050647616, 0.202220842242, 0.108167149127, 0.0157511122525], "dvar": [1.34199774265, 7.80401277542, 23.582490921, 20.0839767456, 25.8285884857, 46.7989234924, 77.6042633057, 370.553405762, 1061.13793945, 896.585571289, 859.67364502, 1233.28491211, 1480.40905762, 1420.09716797, 1796.10571289, 1056.12524414, 804.036315918, 1538.41821289, 2175.5246582, 1132.93762207, 897.573974609, 760.008483887, 1281.83996582, 857.609191895, 569.375549316, 543.196838379, 614.240905762, 578.931945801, 371.256652832, 139.891616821, 30.9209213257, 4.31387901306, 0.0155049758032, 0.0018487458583, 0.000702310120687, 0.000329670845531, 0.020655868575, 0.0365227982402, 0.0170557741076, 0.000528560136445], "dvar2": [3.4324529171, 20.8148403168, 65.8491134644, 53.9744873047, 64.8939361572, 116.066879272, 196.570404053, 900.33807373, 2562.21630859, 2116.28662109, 2108.29467773, 3056.32788086, 3589.31201172, 3426.18310547, 4375.59863281, 2438.82958984, 1890.75671387, 3564.39282227, 5183.93554688, 2610.38696289, 1938.52856445, 1557.1784668, 3382.47290039, 2039.41687012, 1191.5723877, 1081.27197266, 1243.81335449, 1162.76538086, 769.685302734, 284.109222412, 62.9543685913, 8.98811721802, 0.0332586951554, 0.0044911634177, 0.00170968461316, 0.000734726025257, 0.040670979768, 0.0691017583013, 0.0339677669108, 0.00103301706258], "max": [13.1968297958, 42.6354522705, 98.1877746582, 75.6534347534, 107.04901886, 161.815460205, 169.827880859, 657.75567627, 1496.90246582, 1106.15466309, 723.411010742, 1097.20349121, 985.184692383, 1060.08447266, 768.096313477, 928.641418457, 526.02545166, 861.204956055, 1651.20458984, 637.484741211, 656.446228027, 569.419494629, 612.044799805, 559.018310547, 589.666931152, 602.218933105, 382.267120361, 266.714813232, 229.05380249, 183.90864563, 59.1282272339, 23.4207305908, 1.55861639977, 1.02359247208, 0.628994882107, 0.344990611076, 1.69829595089, 2.52468657494, 2.98811841011, 0.632981836796], "mean": [0.618063807487, 1.36808991432, 2.20072841644, 2.98428678513, 4.10419797897, 3.87849807739, 4.78575801849, 8.86912059784, 14.3118925095, 14.6501321793, 15.6953372955, 19.9349002838, 21.6301994324, 22.8310813904, 21.86277771, 20.4036617279, 19.0725040436, 24.9091129303, 26.2764568329, 27.072019577, 23.7281551361, 21.9908428192, 20.9070091248, 21.6457538605, 20.4744091034, 19.9932918549, 20.6619224548, 18.5721130371, 13.2345752716, 8.05458164215, 3.70808601379, 1.24545955658, 0.0838014408946, 0.0228540729731, 0.0137174623087, 0.0142989279702, 0.112729005516, 0.18086630106, 0.117810577154, 0.0224303491414], "median": [0.149301201105, 0.491718351841, 0.999116897583, 1.5737183094, 2.09323501587, 1.68815159798, 1.89880228043, 3.1441245079, 4.07584095001, 4.15537595749, 4.24567890167, 5.7168006897, 6.26338768005, 7.21415996552, 6.25232124329, 6.15433502197, 7.49928379059, 9.74723529816, 10.3703737259, 9.99329853058, 8.65653800964, 7.64571857452, 7.11887741089, 8.59293937683, 9.37379455566, 7.60206317902, 6.25864505768, 4.59116744995, 2.91211533546, 1.7001157999, 0.820964097977, 0.262116014957, 0.0298627968878, 0.00896062143147, 0.00506156636402, 0.00692506833002, 0.0324443653226, 0.0596036687493, 0.0524402335286, 0.0116711901501], "min": [2.94646717268e-22, 2.48797853875e-21, 8.94027549702e-21, 5.50668544814e-20, 6.27593562971e-20, 1.11273486299e-19, 5.64931982008e-20, 1.03831161382e-19, 4.70407636493e-19, 3.81635957322e-19, 1.40993969385e-18, 9.68656414645e-19, 4.42774892649e-19, 9.82135736317e-19, 2.70397897618e-18, 6.59956125558e-18, 2.76996131249e-18, 2.53364098136e-18, 9.73871416176e-18, 1.38489440199e-17, 8.15802577791e-18, 7.11826388384e-18, 7.39487721658e-18, 1.23773731665e-17, 1.68106691662e-17, 1.70033244939e-17, 1.66441643263e-17, 1.44798379818e-17, 1.82831019417e-17, 2.18273574539e-17, 1.70431234619e-17, 1.69312853344e-17, 1.70873776247e-17, 1.05029091066e-17, 6.74197983678e-18, 5.93078614392e-18, 3.21501777606e-18, 1.55922211638e-18, 3.07852015369e-19, 4.39010632788e-20], "var": [1.29182839394, 6.46386766434, 18.0753669739, 19.8579616547, 36.2347679138, 52.5259094238, 86.5898132324, 428.509887695, 1470.76525879, 1779.32922363, 1250.22497559, 1758.34472656, 2016.30993652, 1906.51171875, 2009.43249512, 1412.50634766, 1017.60668945, 1906.13342285, 2528.43579102, 1728.32434082, 1524.55834961, 1370.35144043, 1494.27380371, 1201.40881348, 960.156494141, 1021.80493164, 1045.89807129, 912.385864258, 529.195251465, 201.384689331, 43.8565826416, 5.61048269272, 0.0196019224823, 0.00182639691047, 0.000689799140673, 0.000414728157921, 0.0308366008103, 0.0630100741982, 0.0324277468026, 0.0011516524246]}, "erbbands_crest": {"dmean": 2.5946855545, "dmean2": 4.21444702148, "dvar": 6.7319893837, "dvar2": 16.2650508881, "max": 31.052740097, "mean": 7.20639419556, "median": 6.13514900208, "min": 2.1565117836, "var": 13.2866821289}, "erbbands_flatness_db": {"dmean": 0.0235415194184, "dmean2": 0.0354230925441, "dvar": 0.000431671796832, "dvar2": 0.000930964190047, "max": 0.316385835409, "mean": 0.128901138902, "median": 0.122839614749, "min": 0.0292046405375, "var": 0.00135318585671}, "erbbands_kurtosis": {"dmean": 1.3953602314, "dmean2": 2.2387509346, "dvar": 4.32292890549, "dvar2": 9.50498867035, "max": 52.4171066284, "mean": 0.710942864418, "median": -0.0631172657013, "min": -1.82454621792, "var": 7.88097286224}, "erbbands_skewness": {"dmean": 0.548244595528, "dmean2": 0.83863735199, "dvar": 0.262026935816, "dvar2": 0.576296448708, "max": 6.68186569214, "mean": -0.205643951893, "median": -0.182361423969, "min": -4.45472002029, "var": 0.790172576904}, "erbbands_spread": {"dmean": 12.1062440872, "dmean2": 18.9265727997, "dvar": 139.674804688, "dvar2": 339.119384766, "max": 130.626373291, "mean": 37.8463401794, "median": 35.2310562134, "min": 2.45535349846, "var": 304.6484375}, "gfcc": {"cov": [[13245.6367188, 425.710296631, -609.735656738, 190.173965454, 14.1824703217, -83.7079315186, 326.195495605, -252.936965942, 218.197601318, -38.4484214783, -14.3912858963, 191.037750244, -176.125991821], [425.710296631, 1338.06604004, 215.25239563, -303.652313232, 209.279968262, 89.4801864624, -89.5467071533, 110.816253662, -27.2083816528, 25.3920650482, 60.4514808655, -116.509353638, 145.168380737], [-609.735656738, 215.25239563, 631.253173828, 301.6328125, 17.766204834, 191.869812012, -38.707950592, 94.4118041992, -44.4990005493, 70.7417068481, 7.7960896492, 10.9860162735, 28.6419219971], [190.173965454, -303.652313232, 301.6328125, 616.987548828, 111.87121582, 121.027908325, 103.897201538, -16.7947692871, 30.9385490417, 29.1361103058, 3.25277233124, 113.542221069, -89.4430847168], [14.1824703217, 209.279968262, 17.766204834, 111.87121582, 304.536560059, 120.106033325, 25.2085399628, 19.042350769, 8.40969085693, 8.39836215973, 46.7301483154, 3.23607730865, 32.8591308594], [-83.7079315186, 89.4801864624, 191.869812012, 121.027908325, 120.106033325, 313.42956543, 0.663403630257, 94.6319122314, -11.0707464218, 53.8816719055, 24.0702266693, 42.3665733337, 26.8597793579], [326.195495605, -89.5467071533, -38.707950592, 103.897201538, 25.2085399628, 0.663403630257, 188.145629883, -19.7341690063, 70.4056167603, -5.21106624603, -6.2049612999, 39.7641105652, -42.3135185242], [-252.936965942, 110.816253662, 94.4118041992, -16.7947692871, 19.042350769, 94.6319122314, -19.7341690063, 187.454238892, 20.9322662354, 41.760559082, 8.7427482605, -31.2120170593, 51.2060585022], [218.197601318, -27.2083816528, -44.4990005493, 30.9385490417, 8.40969085693, -11.0707464218, 70.4056167603, 20.9322662354, 132.150634766, 31.4611816406, -4.82486057281, 20.4367637634, -30.3874511719], [-38.4484214783, 25.3920650482, 70.7417068481, 29.1361103058, 8.39836215973, 53.8816719055, -5.21106624603, 41.760559082, 31.4611816406, 90.3637390137, 44.2863388062, 9.71970462799, 17.721124649], [-14.3912858963, 60.4514808655, 7.7960896492, 3.25277233124, 46.7301483154, 24.0702266693, -6.2049612999, 8.7427482605, -4.82486057281, 44.2863388062, 85.7070083618, 41.3922080994, 20.916311264], [191.037750244, -116.509353638, 10.9860162735, 113.542221069, 3.23607730865, 42.3665733337, 39.7641105652, -31.2120170593, 20.4367637634, 9.71970462799, 41.3922080994, 113.112861633, -9.83030128479], [-176.125991821, 145.168380737, 28.6419219971, -89.4430847168, 32.8591308594, 26.8597793579, -42.3135185242, 51.2060585022, -30.3874511719, 17.721124649, 20.916311264, -9.83030128479, 102.089767456]], "icov": [[0.000104653947346, -0.000204618598218, 0.000325783708831, -0.00028055216535, 0.000241516172537, -0.000101512043329, -5.86741298321e-05, 0.000101638761407, 3.0586631965e-06, -0.000134875386721, 0.000145257348777, -0.000100491823105, -7.12868131814e-06], [-0.000204618598218, 0.00215698289685, -0.00232790131122, 0.00237055122852, -0.00214714673348, 0.000448220176622, -3.39945290762e-05, -0.000110957582365, -0.0008950252668, 0.00133256637491, -0.00149267632514, 0.000866205024067, -0.000183932294021], [0.000325783708831, -0.00232790131122, 0.00632815575227, -0.00572660472244, 0.00479094823822, -0.00289991265163, 0.000689992739353, 0.000677538919263, 0.000415090762544, -0.000794461520854, -0.000804650597274, 0.00310375564732, -0.00302811036818], [-0.00028055216535, 0.00237055122852, -0.00572660472244, 0.00955237541348, -0.00810841843486, 0.00428026309237, -0.00150154507719, -0.00299460603856, 0.0040133506991, -0.00567756639794, 0.00800590217113, -0.0102550154552, 0.00803658179939], [0.000241516172537, -0.00214714673348, 0.00479094823822, -0.00810841843486, 0.0129254693165, -0.00745414290577, 0.00031448120717, 0.00479207048193, -0.00675501767546, 0.0100772455335, -0.0137776043266, 0.0132930381224, -0.00910771824419], [-0.000101512043329, 0.000448220176622, -0.00289991265163, 0.00428026309237, -0.00745414290577, 0.00995477847755, -0.000696339702699, -0.00583167746663, 0.00703833857551, -0.00986923463643, 0.0114524038509, -0.0123159084469, 0.00644353264943], [-5.86741298321e-05, -3.39945290762e-05, 0.000689992739353, -0.00150154507719, 0.00031448120717, -0.000696339702699, 0.00809687003493, 0.000613263691776, -0.0044667981565, 0.00255674682558, -0.00104363833088, 4.93712650496e-05, 1.35263762786e-05], [0.000101638761407, -0.000110957582365, 0.000677538919263, -0.00299460603856, 0.00479207048193, -0.00583167746663, 0.000613263691776, 0.0115836793557, -0.00742945773527, 0.00539603829384, -0.00837549287826, 0.0108932759613, -0.00842780433595], [3.0586631965e-06, -0.0008950252668, 0.000415090762544, 0.0040133506991, -0.00675501767546, 0.00703833857551, -0.0044667981565, -0.00742945773527, 0.0212954301387, -0.0186621900648, 0.0183937866241, -0.0159244947135, 0.0111514087766], [-0.000134875386721, 0.00133256637491, -0.000794461520854, -0.00567756639794, 0.0100772455335, -0.00986923463643, 0.00255674682558, 0.00539603829384, -0.0186621900648, 0.0379860289395, -0.0320369713008, 0.0221087411046, -0.0126286456361], [0.000145257348777, -0.00149267632514, -0.000804650597274, 0.00800590217113, -0.0137776043266, 0.0114524038509, -0.00104363833088, -0.00837549287826, 0.0183937866241, -0.0320369713008, 0.0477102510631, -0.0324856713414, 0.0129359131679], [-0.000100491823105, 0.000866205024067, 0.00310375564732, -0.0102550154552, 0.0132930381224, -0.0123159084469, 4.93712650496e-05, 0.0108932759613, -0.0159244947135, 0.0221087411046, -0.0324856713414, 0.0385954231024, -0.0159477479756], [-7.12868131814e-06, -0.000183932294021, -0.00302811036818, 0.00803658179939, -0.00910771824419, 0.00644353264943, 1.35263762786e-05, -0.00842780433595, 0.0111514087766, -0.0126286456361, 0.0129359131679, -0.0159477479756, 0.0247295498848]], "mean": [-6.98038673401, 63.4327507019, -99.3853225708, 16.3985462189, -15.3800935745, -23.6922073364, 14.0941057205, -24.8403129578, 7.51862192154, -7.61410665512, -8.91914653778, 1.58679699898, -13.8046884537]}, "hfc": {"dmean": 44.0254821777, "dmean2": 60.4865150452, "dvar": 3512.78979492, "dvar2": 6596.8203125, "max": 1824.17443848, "mean": 106.968536377, "median": 76.6889038086, "min": 1.19668351567e-16, "var": 11306.9179688}, "melbands": {"dmean": [0.00462489714846, 0.00123527506366, 0.000418367970269, 0.000224314950174, 0.000139140116517, 0.000167176767718, 0.000171072402736, 0.000118110976473, 0.000108051543066, 0.00010377518629, 9.19780868571e-05, 7.86720192991e-05, 6.76082781865e-05, 5.18180713698e-05, 4.18779673055e-05, 3.48205285263e-05, 4.03458761866e-05, 3.56269592885e-05, 3.14901590173e-05, 2.66463903245e-05, 2.05199812626e-05, 1.72640175151e-05, 1.64110315382e-05, 1.52371203512e-05, 1.31708102344e-05, 1.09324755613e-05, 1.05746667032e-05, 9.96958715405e-06, 1.02227968455e-05, 9.19960530155e-06, 9.79891956376e-06, 7.53425592848e-06, 4.95252015753e-06, 3.61755246558e-06, 2.05360925065e-06, 1.29428690343e-06, 4.60265624724e-07, 2.55175560682e-08, 2.00777918735e-08, 1.76040835242e-08], "dmean2": [0.00771025754511, 0.00210056896321, 0.000694252434187, 0.00036459430703, 0.00022810518567, 0.000273253419437, 0.000271892000455, 0.000187672601896, 0.000171696359757, 0.000164354234585, 0.000145424462971, 0.000125624312204, 0.00010850437684, 8.30464778119e-05, 6.77273128531e-05, 5.45217699255e-05, 6.51613736409e-05, 5.60238950129e-05, 4.93911866215e-05, 4.23677702202e-05, 3.18846177834e-05, 2.50541706919e-05, 2.59504358837e-05, 2.47066745942e-05, 2.00172235054e-05, 1.61170901265e-05, 1.52980555868e-05, 1.41408918353e-05, 1.45431722558e-05, 1.31367805807e-05, 1.40576930789e-05, 1.09024886115e-05, 7.00054624758e-06, 5.15465990247e-06, 2.90332195618e-06, 1.85135615993e-06, 6.85060513206e-07, 4.23136867767e-08, 3.34481562447e-08, 2.931134091e-08], "dvar": [6.64035978843e-05, 7.89162822912e-06, 5.35992569439e-07, 1.597644399e-07, 7.86934393204e-08, 1.69865131738e-07, 2.13779344449e-07, 8.84865869466e-08, 6.00287748398e-08, 5.62487869615e-08, 3.8663927171e-08, 2.48296796457e-08, 2.14049151737e-08, 1.15434257708e-08, 5.64614932586e-09, 4.83081130653e-09, 5.36112887417e-09, 5.65367397343e-09, 3.29117177955e-09, 1.68875136097e-09, 1.34614486225e-09, 9.74929914577e-10, 1.11349951482e-09, 1.22352361576e-09, 5.98426808107e-10, 3.39374334191e-10, 3.2810965056e-10, 2.6790128449e-10, 2.53855880761e-10, 2.17610360287e-10, 2.88729817832e-10, 1.76482467529e-10, 6.39536687497e-11, 3.70934394311e-11, 1.21422368687e-11, 5.26797919523e-12, 8.48089122801e-13, 2.36904442732e-15, 1.57920579164e-15, 1.20658286913e-15], "dvar2": [0.000169347811607, 2.15483687498e-05, 1.42419605709e-06, 3.9577798816e-07, 1.97290162873e-07, 4.10283178098e-07, 5.14544979069e-07, 2.09741770618e-07, 1.48093477037e-07, 1.40684051075e-07, 9.38821713703e-08, 5.99586158501e-08, 5.19945828614e-08, 2.76271521216e-08, 1.37037243775e-08, 1.1295471225e-08, 1.25802399609e-08, 1.36176012688e-08, 7.9938855535e-09, 3.88678911278e-09, 2.96508950726e-09, 2.10033102022e-09, 2.74409384105e-09, 3.33367977667e-09, 1.43213485515e-09, 7.32367000378e-10, 7.13088810222e-10, 5.57889789921e-10, 5.24462695495e-10, 4.61931576323e-10, 6.16197148862e-10, 3.82854553616e-10, 1.31989710828e-10, 7.74054015329e-11, 2.53034780628e-11, 1.12999288746e-11, 1.85466290763e-12, 5.7457374599e-15, 3.86163506499e-15, 2.95056092121e-15], "max": [0.088605850935, 0.0559909194708, 0.0116286855191, 0.00804847571999, 0.00449415715411, 0.0133074726909, 0.0197146441787, 0.00971153192222, 0.00496051507071, 0.00927105732262, 0.00517295952886, 0.00449844822288, 0.00223474064842, 0.00263467850164, 0.00173005275428, 0.00137993891258, 0.00146824470721, 0.00247384188697, 0.000967305502854, 0.000715530535672, 0.000833495345432, 0.000738972914405, 0.000477813620819, 0.000503682589624, 0.000498704961501, 0.000401299534133, 0.000598454964347, 0.000412967725424, 0.000232138423598, 0.000327451591147, 0.000198631008971, 0.000152970475028, 0.00011165565229, 0.000111458917672, 3.61291786248e-05, 3.41940431099e-05, 1.03342408693e-05, 1.07507878511e-06, 9.47852981881e-07, 8.32674459161e-07], "mean": [0.00457212934271, 0.00135200901423, 0.000564422400203, 0.000291898992145, 0.000164923229022, 0.000200907074031, 0.000216232234379, 0.000152179942233, 0.000131544016767, 0.000127423569211, 0.000108022657514, 9.26619541133e-05, 7.43159689591e-05, 5.89501178183e-05, 4.74219013995e-05, 4.14727401221e-05, 4.61373820144e-05, 4.17300943809e-05, 3.87308573409e-05, 3.25638138747e-05, 2.65107901214e-05, 2.28361695918e-05, 2.05305259442e-05, 1.78937079909e-05, 1.75308559847e-05, 1.51208751049e-05, 1.4051164726e-05, 1.30273656396e-05, 1.2940599845e-05, 1.13571968541e-05, 1.11412327897e-05, 8.26278210297e-06, 5.50553431822e-06, 3.9240321712e-06, 2.24979385166e-06, 1.4073480088e-06, 4.62852341343e-07, 2.47194105185e-08, 1.90676612277e-08, 1.68342637608e-08], "median": [0.00132984865922, 0.000620680511929, 0.000317659112625, 0.000147906452185, 6.81083474774e-05, 7.18454102753e-05, 6.23357191216e-05, 4.20240940002e-05, 3.40121696354e-05, 3.52431088686e-05, 2.9667002309e-05, 2.75232414424e-05, 1.93149462575e-05, 1.61371553986e-05, 1.53395267262e-05, 1.57639806275e-05, 1.75175227923e-05, 1.6110305296e-05, 1.37354272738e-05, 1.14848444355e-05, 8.93671676749e-06, 7.5310590546e-06, 6.64876097289e-06, 5.92249625697e-06, 6.81551500747e-06, 6.82076597514e-06, 6.11280029261e-06, 4.57163150713e-06, 4.150271252e-06, 2.96330154015e-06, 2.50357174991e-06, 1.73806301973e-06, 1.20078561849e-06, 8.06999878478e-07, 4.92350295644e-07, 3.06496872327e-07, 8.77857928572e-08, 8.5130800187e-09, 6.15887518762e-09, 5.54909984629e-09], "min": [4.05625138273e-24, 4.41932579765e-24, 9.98960596691e-24, 5.85790950492e-24, 2.79593564612e-24, 2.13200250094e-24, 7.37596858181e-24, 5.38931744975e-24, 1.18591763356e-23, 5.45840312682e-24, 2.0332240994e-24, 3.44182616189e-24, 6.73280949693e-24, 2.02334128942e-23, 8.38330214815e-24, 5.49602153681e-24, 3.92464887336e-24, 1.31393224576e-23, 2.00495451944e-23, 1.47326889575e-23, 8.38368080139e-24, 8.17438022601e-24, 4.90013139179e-24, 8.56788850023e-24, 9.84545820256e-24, 1.2253477415e-23, 1.04880784955e-23, 1.18457404566e-23, 9.261705077e-24, 9.30763098118e-24, 8.72057095071e-24, 1.02665584647e-23, 1.20170644792e-23, 1.13324199881e-23, 9.98520412306e-24, 8.77592847587e-24, 1.04722941776e-23, 1.25131333485e-23, 1.08868382167e-23, 8.44447278933e-24], "var": [6.45306863589e-05, 6.34113484921e-06, 5.98802671448e-07, 1.98291871811e-07, 8.98462175769e-08, 2.05510175988e-07, 3.01111526824e-07, 1.75001503067e-07, 8.82796982182e-08, 8.01551678364e-08, 5.22080867427e-08, 3.32304850303e-08, 2.48052014484e-08, 1.42095686329e-08, 6.92187107632e-09, 5.73318326147e-09, 6.57694876338e-09, 6.43761355335e-09, 4.29525615075e-09, 2.58566701383e-09, 2.18525930684e-09, 1.60469415533e-09, 1.43670220165e-09, 1.23847543332e-09, 8.13055900384e-10, 5.34465416369e-10, 5.26567345283e-10, 4.66742533511e-10, 4.1071759882e-10, 3.49276302325e-10, 3.89474230644e-10, 2.28312965755e-10, 9.1518355394e-11, 5.06163895519e-11, 1.66253521366e-11, 6.75803423639e-12, 9.76632403421e-13, 2.31918277409e-15, 1.51518100638e-15, 1.16093054613e-15]}, "melbands_crest": {"dmean": 5.80844306946, "dmean2": 9.4987859726, "dvar": 26.4891738892, "dvar2": 66.9426879883, "max": 39.5913734436, "mean": 17.8181495667, "median": 16.3169631958, "min": 2.23716473579, "var": 71.4168548584}, "melbands_flatness_db": {"dmean": 0.0451795086265, "dmean2": 0.0708720311522, "dvar": 0.00161884562112, "dvar2": 0.0039675575681, "max": 0.574924588203, "mean": 0.207060039043, "median": 0.20005941391, "min": 0.0090120639652, "var": 0.00559207890183}, "melbands_kurtosis": {"dmean": 16.1214962006, "dmean2": 27.1543159485, "dvar": 973.583251953, "dvar2": 2611.91723633, "max": 551.724060059, "mean": 18.7107944489, "median": 6.56958675385, "min": -1.91611099243, "var": 1268.3034668}, "melbands_skewness": {"dmean": 1.40223550797, "dmean2": 2.23561429977, "dvar": 2.50367569923, "dvar2": 6.53943157196, "max": 19.6096057892, "mean": 3.02029681206, "median": 2.41504955292, "min": -3.80079507828, "var": 5.56699848175}, "melbands_spread": {"dmean": 15.2947120667, "dmean2": 23.9509124756, "dvar": 338.594970703, "dvar2": 741.555175781, "max": 184.609725952, "mean": 31.6426143646, "median": 23.4753952026, "min": 0.300155431032, "var": 801.664306641}, "mfcc": {"cov": [[8239.74023438, 256.01449585, -754.699829102, 438.660339355, -476.945861816, 530.937072754, -293.283782959, 400.370452881, -138.856872559, 185.054885864, 3.17201375961, 172.216461182, 50.8941764832], [256.01449585, 1404.77661133, 26.0092258453, -306.515289307, 228.456192017, -158.027557373, 134.758087158, -132.066131592, 117.535881042, -9.33528804779, 49.4040184021, -77.307220459, 56.1302261353], [-754.699829102, 26.0092258453, 694.003356934, 97.083694458, 151.715759277, 41.0032997131, 102.269386292, -5.5755109787, 55.0425262451, 4.42471265793, 41.1391792297, 11.6065587997, -1.43117582798], [438.660339355, -306.515289307, 97.083694458, 522.90612793, -35.9002342224, 209.847930908, -35.1876945496, 127.615325928, -58.3521728516, 42.7992362976, 0.55833119154, 59.6699981689, -6.94340991974], [-476.945861816, 228.456192017, 151.715759277, -35.9002342224, 393.114501953, 25.3118858337, 164.747879028, -26.17004776, 72.1287841797, -35.4828643799, 50.8016204834, 7.17091798782, 38.239238739], [530.937072754, -158.027557373, 41.0032997131, 209.847930908, 25.3118858337, 322.745910645, 15.748093605, 130.590515137, -43.9047470093, 30.1165237427, -2.38520646095, 69.1770858765, 12.9684276581], [-293.283782959, 134.758087158, 102.269386292, -35.1876945496, 164.747879028, 15.748093605, 191.019088745, -6.47207307816, 51.6270561218, -31.9280757904, 29.6835250854, -3.68077754974, 29.465675354], [400.370452881, -132.066131592, -5.5755109787, 127.615325928, -26.17004776, 130.590515137, -6.47207307816, 170.308639526, 6.27352619171, 37.1406135559, 3.09245038033, 40.5032730103, -4.64137887955], [-138.856872559, 117.535881042, 55.0425262451, -58.3521728516, 72.1287841797, -43.9047470093, 51.6270561218, 6.27352619171, 129.958816528, 40.9071578979, 33.080783844, -18.2380447388, 2.7701215744], [185.054885864, -9.33528804779, 4.42471265793, 42.7992362976, -35.4828643799, 30.1165237427, -31.9280757904, 37.1406135559, 40.9071578979, 111.710723877, 36.8054389954, 5.03669786453, -12.4503927231], [3.17201375961, 49.4040184021, 41.1391792297, 0.55833119154, 50.8016204834, -2.38520646095, 29.6835250854, 3.09245038033, 33.080783844, 36.8054389954, 78.8661422729, 22.7873134613, 13.6764230728], [172.216461182, -77.307220459, 11.6065587997, 59.6699981689, 7.17091798782, 69.1770858765, -3.68077754974, 40.5032730103, -18.2380447388, 5.03669786453, 22.7873134613, 83.9255371094, 32.8532905579], [50.8941764832, 56.1302261353, -1.43117582798, -6.94340991974, 38.239238739, 12.9684276581, 29.465675354, -4.64137887955, 2.7701215744, -12.4503927231, 13.6764230728, 32.8532905579, 66.2181930542]], "icov": [[0.000199316564249, -0.000160775976838, 0.000188377904124, -9.05083070393e-05, 0.000218726214371, -0.000273237092188, 0.00016744864115, -0.000245469273068, -3.28437613462e-06, 3.57375961357e-06, -0.000160081923241, -0.000104296392237, -0.00010122362437], [-0.000160775976838, 0.00113648164552, -0.000127801380586, 0.000433847948443, -0.000555005273782, 0.000232723366935, -0.000231992715271, 0.000440611329395, -0.000188113990589, -0.000290502386633, -0.000147732003825, 0.00110907922499, -0.000954501563683], [0.000188377904124, -0.000127801380586, 0.00194477976765, -0.000587095157243, -0.000122173674754, -0.000373083195882, -0.000469658523798, 0.00036880892003, -0.000683302700054, 0.000138796996907, -0.000453474989627, -0.000563975831028, 0.000750625506043], [-9.05083070393e-05, 0.000433847948443, -0.000587095157243, 0.00319524109364, -0.000252529571299, -0.000992696150206, 0.00026199160493, -0.00101308769081, 0.00124438211787, -0.00087120255921, -4.11991168221e-05, 0.000100349949207, -8.03240618552e-05], [0.000218726214371, -0.000555005273782, -0.000122173674754, -0.000252529571299, 0.00512787420303, -0.00148115237243, -0.00222655222751, 0.000770419894252, -0.0020256859716, 0.0022945147939, -0.00222148606554, -0.000343847495969, -0.000207574194064], [-0.000273237092188, 0.000232723366935, -0.000373083195882, -0.000992696150206, -0.00148115237243, 0.00711656641215, -0.00184649950825, -0.00305105722509, 0.00313053792343, -0.00302181369625, 0.00294097093865, -0.00276640802622, 3.59467303497e-05], [0.00016744864115, -0.000231992715271, -0.000469658523798, 0.00026199160493, -0.00222655222751, -0.00184649950825, 0.0105638587847, -0.000944955041632, -0.00285120913759, 0.00446520885453, -0.00347059615888, 0.00315168476664, -0.00292228977196], [-0.000245469273068, 0.000440611329395, 0.00036880892003, -0.00101308769081, 0.000770419894252, -0.00305105722509, -0.000944955041632, 0.0111487843096, -0.00350351096131, -0.00079570437083, 0.00127734104171, -0.00343694468029, 0.00250981329009], [-3.28437613462e-06, -0.000188113990589, -0.000683302700054, 0.00124438211787, -0.0020256859716, 0.00313053792343, -0.00285120913759, -0.00350351096131, 0.0149124572054, -0.00721213454381, -0.000302033004118, 0.00245803571306, -0.00127947423607], [3.57375961357e-06, -0.000290502386633, 0.000138796996907, -0.00087120255921, 0.0022945147939, -0.00302181369625, 0.00446520885453, -0.00079570437083, -0.00721213454381, 0.0182483810931, -0.00961914006621, 0.0024028623011, 0.00190656422637], [-0.000160081923241, -0.000147732003825, -0.000453474989627, -4.11991168221e-05, -0.00222148606554, 0.00294097093865, -0.00347059615888, 0.00127734104171, -0.000302033004118, -0.00961914006621, 0.0228175446391, -0.00851648394018, 0.000291632371955], [-0.000104296392237, 0.00110907922499, -0.000563975831028, 0.000100349949207, -0.000343847495969, -0.00276640802622, 0.00315168476664, -0.00343694468029, 0.00245803571306, 0.0024028623011, -0.00851648394018, 0.0246122237295, -0.011867727153], [-0.00010122362437, -0.000954501563683, 0.000750625506043, -8.03240618552e-05, -0.000207574194064, 3.59467303497e-05, -0.00292228977196, 0.00250981329009, -0.00127947423607, 0.00190656422637, 0.000291632371955, -0.011867727153, 0.0238251648843]], "mean": [-665.778381348, 125.051826477, -26.0177555084, 51.298286438, -16.3558864594, 28.2085399628, -7.78466463089, 13.7496061325, -1.39952135086, 11.3464183807, -0.369551867247, 2.09454226494, 1.16612541676]}, "pitch_salience": {"dmean": 0.10390034318, "dmean2": 0.17139980197, "dvar": 0.00914250407368, "dvar2": 0.0243523996323, "max": 0.88414722681, "mean": 0.543969154358, "median": 0.568072319031, "min": 0.0168895572424, "var": 0.0224390104413}, "silence_rate_20dB": {"dmean": 0, "dmean2": 0, "dvar": 0, "dvar2": 0, "max": 1, "mean": 1, "median": 1, "min": 1, "var": 0}, "silence_rate_30dB": {"dmean": 0.0708686485887, "dmean2": 0.141746342182, "dvar": 0.0658382475376, "dvar2": 0.163962811232, "max": 1, "mean": 0.949974536896, "median": 1, "min": 0, "var": 0.0475232899189}, "silence_rate_60dB": {"dmean": 0.0359441712499, "dmean2": 0.0718929246068, "dvar": 0.0346473194659, "dvar2": 0.0854626819491, "max": 1, "mean": 0.0619423910975, "median": 0, "min": 0, "var": 0.0581077337265}, "spectral_centroid": {"dmean": 475.833435059, "dmean2": 683.262695312, "dvar": 231542.015625, "dvar2": 436691.46875, "max": 11226.4765625, "mean": 1909.39599609, "median": 1792.13427734, "min": 163.545959473, "var": 831075.5625}, "spectral_complexity": {"dmean": 8.35510826111, "dmean2": 11.1938810349, "dvar": 69.7705459595, "dvar2": 99.3665542603, "max": 64, "mean": 21.2919960022, "median": 18, "min": 0, "var": 224.302383423}, "spectral_contrast_coeffs": {"dmean": [0.0565233267844, 0.0530540645123, 0.0440974272788, 0.0318781733513, 0.0248621664941, 0.0692135319114], "dmean2": [0.0923817306757, 0.086948774755, 0.0715333297849, 0.0514141209424, 0.0399451181293, 0.101094253361], "dvar": [0.00199464196339, 0.00176755804569, 0.00122755463235, 0.000676318362821, 0.000438994233264, 0.00307743693702], "dvar2": [0.00518718501553, 0.00460415752605, 0.00316814589314, 0.00169885705691, 0.00108602154069, 0.00647294707596], "max": [-0.309269279242, -0.451190650463, -0.463212460279, -0.594243466854, -0.618299603462, -0.355835676193], "mean": [-0.714007914066, -0.782761394978, -0.807952404022, -0.821720957756, -0.816728949547, -0.634367525578], "median": [-0.722103595734, -0.791839301586, -0.816172719002, -0.825070858002, -0.817567110062, -0.633287489414], "min": [-0.968010306358, -0.967772841454, -0.975127756596, -0.962695419788, -0.958351612091, -0.960531532764], "var": [0.00645534135401, 0.00479962397367, 0.00368465739302, 0.00177895464003, 0.00121716642752, 0.010225655511]}, "spectral_contrast_valleys": {"dmean": [0.533673703671, 0.477670192719, 0.52490913868, 0.546558737755, 0.479138761759, 0.677219450474], "dmean2": [0.787671208382, 0.727040827274, 0.772280871868, 0.783530950546, 0.631302595139, 1.06195175648], "dvar": [0.223874434829, 0.180763751268, 0.242469802499, 0.273658216, 0.199131518602, 0.332614958286], "dvar2": [0.430393755436, 0.359369546175, 0.499789834023, 0.598340213299, 0.346376955509, 0.787157058716], "max": [-4.98623132706, -4.44743156433, -4.705057621, -5.29989004135, -5.29800605774, -8.80511856079], "mean": [-7.27697086334, -6.89660263062, -7.28610372543, -7.44531679153, -7.25164031982, -11.4397611618], "median": [-6.93281459808, -6.74294424057, -7.1644487381, -7.30636692047, -7.10079669952, -11.3286190033], "min": [-27.5046691895, -27.5549125671, -27.1407337189, -27.1592197418, -27.280248642, -27.2152786255], "var": [2.06383419037, 1.43445551395, 1.47565770149, 1.43484640121, 1.37170529366, 1.17587840557]}, "spectral_decrease": {"dmean": 5.90308379955e-09, "dmean2": 9.37721722494e-09, "dvar": 7.9294896713e-17, "dvar2": 1.93459267893e-16, "max": 5.06639130649e-09, "mean": -7.13400538643e-09, "median": -3.6369907086e-09, "min": -8.91421478855e-08, "var": 9.15769075354e-17}, "spectral_energy": {"dmean": 0.0247281845659, "dmean2": 0.0380464196205, "dvar": 0.00122040463611, "dvar2": 0.00292466720566, "max": 0.343832880259, "mean": 0.0366275832057, "median": 0.0234065949917, "min": 1.0472646161e-20, "var": 0.00155103288125}, "spectral_energyband_high": {"dmean": 0.001526946784, "dmean2": 0.00200464343652, "dvar": 4.31378111898e-06, "dvar2": 7.83862742537e-06, "max": 0.0294776242226, "mean": 0.00214033946395, "median": 0.000872192555107, "min": 7.95933703355e-21, "var": 8.36401522974e-06}, "spectral_energyband_low": {"dmean": 0.0176023747772, "dmean2": 0.0292092356831, "dvar": 0.000884482054971, "dvar2": 0.00224036187865, "max": 0.308512568474, "mean": 0.0188168250024, "median": 0.00745446141809, "min": 4.18593924781e-23, "var": 0.000893627526239}, "spectral_energyband_middle_high": {"dmean": 0.00305170752108, "dmean2": 0.00426414981484, "dvar": 1.91026447283e-05, "dvar2": 3.7181762309e-05, "max": 0.0604215189815, "mean": 0.00489377044141, "median": 0.00277244020253, "min": 1.46328321043e-21, "var": 3.80451965611e-05}, "spectral_energyband_middle_low": {"dmean": 0.00340123893693, "dmean2": 0.00513644283637, "dvar": 2.16512780753e-05, "dvar2": 4.90713973704e-05, "max": 0.0953889265656, "mean": 0.00606037350371, "median": 0.00397787755355, "min": 1.85521972662e-22, "var": 4.27532795584e-05}, "spectral_entropy": {"dmean": 0.176017731428, "dmean2": 0.257146865129, "dvar": 0.0329502485693, "dvar2": 0.0672969520092, "max": 9.79546642303, "mean": 7.82043600082, "median": 7.86938381195, "min": 6.01662302017, "var": 0.0827338770032}, "spectral_flux": {"dmean": 0.0449853911996, "dmean2": 0.0701555386186, "dvar": 0.0026320705656, "dvar2": 0.00601620459929, "max": 0.492838084698, "mean": 0.120569825172, "median": 0.10521248728, "min": 1.02335945273e-10, "var": 0.00498470338061}, "spectral_kurtosis": {"dmean": 3.27121305466, "dmean2": 4.88920354843, "dvar": 12.7776374817, "dvar2": 28.2131252289, "max": 63.8161239624, "mean": 12.3820323944, "median": 11.2752285004, "min": -1.17585062981, "var": 32.4266281128}, "spectral_rms": {"dmean": 0.00178457191214, "dmean2": 0.00255923275836, "dvar": 3.70225802726e-06, "dvar2": 8.0980862549e-06, "max": 0.0183152034879, "mean": 0.0052576190792, "median": 0.00477867154405, "min": 3.19643812287e-12, "var": 8.09173707239e-06}, "spectral_rolloff": {"dmean": 4370.90283203, "dmean2": 7995.35449219, "dvar": 46292232, "dvar2": 100011624, "max": 22050, "mean": 10821.7998047, "median": 5953.93066406, "min": 43.06640625, "var": 89395752}, "spectral_skewness": {"dmean": 0.3544485569, "dmean2": 0.516378104687, "dvar": 0.118407726288, "dvar2": 0.248109713197, "max": 5.92010498047, "mean": 2.08084201813, "median": 2.01661205292, "min": -0.0114724887535, "var": 0.424381047487}, "spectral_spread": {"dmean": 569885.125, "dmean2": 875825.125, "dvar": 314043498496, "dvar2": 665834553344, "max": 38766256, "mean": 4282557.5, "median": 4292411.5, "min": 1520154.625, "var": 784766861312}, "spectral_strongpeak": {"dmean": 2.70549178123, "dmean2": 5.04168701172, "dvar": 77.4837036133, "