{"lowlevel": {"average_loudness": 0.269731163979, "barkbands": {"dmean": [0.000273073179414, 0.00084121292457, 0.000499853573274, 0.000686475716066, 0.00280942185782, 0.00224893353879, 0.000727361359168, 0.00053816853324, 0.000618179095909, 0.000257654144662, 7.98601540737e-05, 4.60100272903e-05, 3.45365442627e-05, 3.66287276847e-05, 4.28193307016e-05, 1.58184557222e-05, 2.20215879381e-05, 1.52389238792e-05, 8.4000539573e-06, 7.05824186298e-06, 2.68637722911e-06, 1.43289207699e-06, 1.02613557829e-06, 9.85985934676e-07, 1.0240901247e-06, 1.29237059809e-06, 2.77887975244e-05], "dmean2": [0.000442273129011, 0.001344179851, 0.000835838378407, 0.00117267423775, 0.00426528090611, 0.00336572062224, 0.00105593493208, 0.00079096481204, 0.000926711596549, 0.000369134475477, 0.000126932674902, 7.18220762792e-05, 5.40056280443e-05, 5.81409803999e-05, 6.5169770096e-05, 2.53227462963e-05, 3.35088989232e-05, 2.30171408475e-05, 1.25987608044e-05, 1.03573611341e-05, 4.20159312853e-06, 2.36215896621e-06, 1.74526542196e-06, 1.67989855981e-06, 1.7385607407e-06, 2.16965850086e-06, 4.16628172388e-05], "dvar": [5.64980041418e-07, 3.07362461172e-06, 6.91945729159e-07, 1.8162725155e-06, 3.81253048545e-05, 3.60810117854e-05, 5.92282731304e-06, 4.63686956209e-06, 6.55078156342e-06, 1.34116851314e-06, 7.57835465492e-08, 2.27629008975e-08, 1.46463010608e-08, 1.03631885295e-08, 4.22944488321e-08, 1.55619239717e-09, 5.85645620887e-09, 2.45875875216e-09, 7.39958483376e-10, 5.21835574752e-10, 1.38167685626e-10, 1.35616691488e-11, 6.73285082201e-12, 6.29329227619e-12, 6.32484125837e-12, 8.37870398063e-12, 2.50638021448e-09], "dvar2": [1.32456125357e-06, 7.63904427004e-06, 1.82159965334e-06, 5.06003561895e-06, 8.56218175613e-05, 7.47315934859e-05, 1.29058125822e-05, 8.62108572619e-06, 1.34652909765e-05, 2.74004673884e-06, 1.70587753701e-07, 4.96596790356e-08, 3.3273209965e-08, 2.3534228788e-08, 1.01425086996e-07, 3.68379793336e-09, 1.31201023379e-08, 5.65297852972e-09, 1.57398349909e-09, 1.02839337046e-09, 3.24745341729e-10, 3.42196375402e-11, 1.91697231006e-11, 1.78839547338e-11, 1.78505023263e-11, 2.30435427684e-11, 5.47304201959e-09], "max": [0.0191538203508, 0.0301797296852, 0.0176893081516, 0.0260671935976, 0.212072566152, 0.286476820707, 0.109854482114, 0.0688878968358, 0.109129041433, 0.0329467318952, 0.0142785841599, 0.00775119382888, 0.00394017063081, 0.0026945383288, 0.0117275323719, 0.00124522042461, 0.00244378275238, 0.00175287318416, 0.000879358674865, 0.000953634793404, 0.000851826625876, 0.000131983702886, 6.28029956715e-05, 6.10376519035e-05, 6.03844018769e-05, 6.09865928709e-05, 0.00109011749737], "mean": [0.000458088878077, 0.00161129876506, 0.00071045581717, 0.00093767006183, 0.0050610313192, 0.00472692353651, 0.00137692689896, 0.00090989592718, 0.000981308170594, 0.00040116274613, 0.00012088213407, 7.46369114495e-05, 5.5738582887e-05, 5.92870164837e-05, 6.91164605087e-05, 2.59758071479e-05, 3.6214463762e-05, 2.46214585786e-05, 1.45700614667e-05, 1.18144698718e-05, 3.84122540709e-06, 1.68619999386e-06, 1.03622551251e-06, 9.41515907016e-07, 9.93376488623e-07, 1.38665916438e-06, 6.63192768116e-05], "median": [6.26726978226e-05, 0.00054891849868, 0.000329849339323, 0.00033622875344, 0.00167617446277, 0.000639950158074, 0.000151543747052, 6.28442940069e-05, 6.0424565163e-05, 2.99857929349e-05, 2.67777395493e-05, 1.80762035598e-05, 1.15745324365e-05, 1.41769596667e-05, 1.32530685732e-05, 8.47699720907e-06, 6.75944329487e-06, 5.03567025589e-06, 3.30928082803e-06, 2.38356074078e-06, 1.08752658434e-06, 5.30748252459e-07, 2.84758129965e-07, 2.18700790811e-07, 2.36325590208e-07, 4.23974427122e-07, 3.18530728691e-05], "min": [1.55151511161e-25, 3.96261240999e-24, 1.18741739619e-24, 1.20589537821e-24, 7.27260808171e-24, 6.93469162435e-24, 8.03158378039e-24, 6.1504258339e-24, 9.09259380931e-24, 1.36669599627e-23, 1.93690059355e-23, 2.90258782612e-23, 3.22258862124e-23, 2.67952320568e-23, 4.5693082928e-23, 5.57900796854e-23, 6.53696089325e-23, 8.580019761e-23, 1.07921170057e-22, 1.82978508398e-22, 2.02505908137e-22, 2.70856818068e-22, 3.6738872992e-22, 5.8031410222e-22, 8.51281739468e-22, 1.20039194375e-21, 1.99789159532e-21], "var": [1.21334994674e-06, 8.5229976321e-06, 1.1091539136e-06, 3.18896354656e-06, 9.75769435172e-05, 0.000172364540049, 2.37743752223e-05, 1.20356980915e-05, 1.49359502757e-05, 3.23081485476e-06, 1.58561888952e-07, 6.5380490355e-08, 3.33365228755e-08, 2.2570308289e-08, 7.47881117036e-08, 3.144322136e-09, 1.27438841702e-08, 5.46670531065e-09, 1.92714066927e-09, 1.45963663378e-09, 2.76005052147e-10, 1.88134438583e-11, 6.00424744646e-12, 5.56910420557e-12, 5.80019929655e-12, 8.61276761716e-12, 9.11217945543e-09]}, "barkbands_crest": {"dmean": 2.9565217495, "dmean2": 4.80168008804, "dvar": 6.50601100922, "dvar2": 16.936750412, "max": 26.2828426361, "mean": 12.7727279663, "median": 12.1054677963, "min": 3.06982159615, "var": 20.5421142578}, "barkbands_flatness_db": {"dmean": 0.0316806845367, "dmean2": 0.0503683686256, "dvar": 0.000740553776268, "dvar2": 0.00186873564962, "max": 0.414607703686, "mean": 0.215492099524, "median": 0.21326674521, "min": 0.0562722757459, "var": 0.00336791970767}, "barkbands_kurtosis": {"dmean": 13.5116415024, "dmean2": 21.7672920227, "dvar": 524.012390137, "dvar2": 1394.06848145, "max": 699.717468262, "mean": 29.328660965, "median": 20.4668636322, "min": -1.6604501009, "var": 1129.98522949}, "barkbands_skewness": {"dmean": 0.967204213142, "dmean2": 1.52194309235, "dvar": 1.02744138241, "dvar2": 2.65282940865, "max": 22.034412384, "mean": 3.42890715599, "median": 3.28817534447, "min": -2.14353513718, "var": 3.8456890583}, "barkbands_spread": {"dmean": 3.74504160881, "dmean2": 5.82075929642, "dvar": 33.1306648254, "dvar2": 71.9661407471, "max": 117.34752655, "mean": 10.672375679, "median": 6.67300081253, "min": 0.347207099199, "var": 129.779891968}, "dissonance": {"dmean": 0.0343014523387, "dmean2": 0.0572864934802, "dvar": 0.000943943217862, "dvar2": 0.00252754241228, "max": 0.500000059605, "mean": 0.42797845602, "median": 0.437707185745, "min": 0.189384713769, "var": 0.00234051700681}, "dynamic_complexity": 5.65601825714, "erbbands": {"dmean": [0.0335561335087, 0.169607371092, 0.455283463001, 1.57660341263, 3.66479349136, 11.8666419983, 20.8594837189, 16.4215755463, 9.50020122528, 10.7209711075, 12.7753305435, 13.766242981, 11.1154098511, 5.00132799149, 2.6842854023, 1.46540391445, 1.53129935265, 1.87393522263, 1.99904179573, 1.59276092052, 0.665500700474, 1.21683979034, 0.943642199039, 0.44009244442, 0.422676980495, 0.334235161543, 0.141414955258, 0.0914327204227, 0.0540723130107, 0.0374827608466, 0.0283242370933, 0.0215536355972, 0.01596952416, 0.0112477792427, 0.00741033861414, 0.00448585022241, 0.00246367719956, 0.00151537556667, 0.00152106164023, 0.00149212381802], "dmean2": [0.0527422837913, 0.277442008257, 0.759791195393, 2.6684551239, 5.92546319962, 18.0755996704, 30.9374275208, 24.9958324432, 13.9186954498, 15.8576097488, 18.0600643158, 20.5203895569, 15.3524341583, 7.55007314682, 4.18288564682, 2.30710148811, 2.35279273987, 2.92554593086, 3.03517246246, 2.42142271996, 1.02412593365, 1.82284891605, 1.38497018814, 0.653982102871, 0.630077660084, 0.490879237652, 0.214770942926, 0.14495497942, 0.0889658853412, 0.0631609261036, 0.0481731854379, 0.0367474704981, 0.0272013489157, 0.0191157814115, 0.0125694619492, 0.00758077437058, 0.00413248129189, 0.00239077559672, 0.00215777009726, 0.00231330143288], "dvar": [0.00727757299319, 0.110266797245, 0.515649974346, 8.18602180481, 67.1482315063, 792.741516113, 3218.50170898, 1990.55041504, 761.054931641, 2107.19946289, 2775.38452148, 3898.94262695, 2463.6809082, 550.129150391, 59.6388969421, 16.6642341614, 27.7936115265, 25.8007545471, 171.717926025, 29.6219024658, 2.28175091743, 18.7713356018, 9.09065151215, 2.28766083717, 2.02239823341, 1.17192792892, 0.19145205617, 0.3156247437, 0.0226650368422, 0.00865423493087, 0.0051618036814, 0.0030236155726, 0.00163544667885, 0.000783536233939, 0.000323614891386, 0.000110880006105, 3.0281373256e-05, 1.79073704203e-05, 2.08817255043e-05, 6.07162428423e-06], "dvar2": [0.0172830801457, 0.289267927408, 1.35285794735, 22.8089866638, 174.977828979, 1831.65637207, 6174.48046875, 4858.35351562, 1567.56225586, 4649.83837891, 4919.37988281, 8672.09863281, 4368.82324219, 1184.7286377, 139.81930542, 38.1301574707, 59.9227867126, 59.1925621033, 443.371520996, 66.9351959229, 5.29677438736, 41.5235061646, 20.1054553986, 4.61856174469, 4.61431789398, 2.28475427628, 0.381661653519, 0.82365578413, 0.0536096058786, 0.0244290940464, 0.0147031210363, 0.0085991518572, 0.00464236410335, 0.00221755634993, 0.00091065018205, 0.000309165596263, 8.30763601698e-05, 3.93950213038e-05, 4.12130721088e-05, 1.50226487676e-05], "max": [2.21496009827, 7.42730998993, 12.5975675583, 61.3948478699, 197.421127319, 851.955871582, 2836.15844727, 1239.37487793, 1286.12902832, 1478.65441895, 1762.76794434, 2442.85302734, 2171.5859375, 1155.30273438, 270.691314697, 168.969436646, 205.364639282, 119.822235107, 863.698425293, 211.619567871, 37.3136482239, 148.748382568, 105.014198303, 60.9575157166, 42.9314422607, 38.710269928, 17.3481998444, 43.9408073425, 6.23075866699, 2.29603290558, 1.72779631615, 1.33078229427, 0.982961058617, 0.678189873695, 0.427696824074, 0.239136680961, 0.11562191695, 0.259511649609, 0.27539908886, 0.0484165288508], "mean": [0.0689842998981, 0.276349008083, 0.720474720001, 2.34264993668, 5.77022409439, 20.436006546, 41.55809021, 31.5687408447, 19.4958343506, 19.3964080811, 22.3359336853, 21.8488101959, 19.0186481476, 7.84921264648, 4.46354341507, 2.62951517105, 2.68493199348, 3.21192646027, 3.37952589989, 2.80870485306, 1.22667133808, 2.1057612896, 1.63351166248, 0.780797541142, 0.727113723755, 0.565943479538, 0.229353398085, 0.120492950082, 0.0655020549893, 0.0402429774404, 0.0284253563732, 0.0208206381649, 0.015196448192, 0.0108217997476, 0.00725996633992, 0.00449911039323, 0.00270432443358, 0.00223550037481, 0.00334086106159, 0.00503143947572], "median": [0.0133209461346, 0.117499545217, 0.392266720533, 1.06881392002, 2.08295679092, 5.95888853073, 8.2254114151, 4.40232610703, 2.94034147263, 1.69484627247, 1.54467642307, 1.43888390064, 1.13855814934, 0.980761826038, 1.08866262436, 0.782114088535, 0.673594295979, 0.733367741108, 0.814009189606, 0.70437681675, 0.438182830811, 0.39976426959, 0.325083762407, 0.197303697467, 0.151344448328, 0.110741280019, 0.0646911337972, 0.0326031260192, 0.0203663296998, 0.0119534796104, 0.00773538835347, 0.00503732729703, 0.00348742725328, 0.00253528286703, 0.0017842828529, 0.00115796783939, 0.000866883783601, 0.000902162573766, 0.00145899248309, 0.00291723432019], "min": [7.84720836973e-23, 7.03828919293e-22, 1.49736684829e-21, 3.71808557275e-21, 1.26400063843e-20, 2.41787057936e-20, 4.32045804342e-20, 7.42620717342e-20, 1.69151468855e-19, 2.1578925596e-19, 2.30447814068e-19, 1.46144771361e-19, 5.80603035035e-19, 7.56427098473e-19, 9.17976609478e-19, 1.33526368931e-18, 1.55988872055e-18, 1.76175801314e-18, 2.54702228213e-18, 2.75686890455e-18, 3.13089805726e-18, 4.41251970423e-18, 4.56027814987e-18, 4.14572169664e-18, 6.62304615394e-18, 8.51813224014e-18, 9.37695085676e-18, 8.68241279134e-18, 8.90966742975e-18, 1.15178390387e-17, 1.10473023103e-17, 1.08986546455e-17, 9.48976919333e-18, 7.23238006678e-18, 6.61074142874e-18, 3.87521874708e-18, 2.13081208806e-18, 9.37921278215e-19, 2.49404803304e-19, 2.88716212949e-20], "var": [0.0232671592385, 0.216939121485, 0.897915244102, 15.4122543335, 119.036056519, 1793.4317627, 12696.7714844, 6141.37646484, 3601.37866211, 4938.44677734, 7775.16601562, 7858.68310547, 7197.97265625, 1054.00341797, 149.690155029, 56.3496551514, 67.1461715698, 62.8034744263, 233.743591309, 65.1438064575, 5.86606693268, 42.8249473572, 21.9550800323, 6.16136693954, 4.75643253326, 3.38928365707, 0.472312659025, 0.482425630093, 0.0359661914408, 0.00829359516501, 0.00458804471418, 0.00267135584727, 0.00145296601113, 0.000708937470336, 0.000300809420878, 0.000107156316517, 3.14984899887e-05, 3.75631498173e-05, 6.03404296271e-05, 3.50938134943e-05]}, "erbbands_crest": {"dmean": 3.21750330925, "dmean2": 5.1580619812, "dvar": 7.88771390915, "dvar2": 19.7625694275, "max": 31.2188415527, "mean": 12.2331676483, "median": 11.4327392578, "min": 1.64821410179, "var": 28.9518737793}, "erbbands_flatness_db": {"dmean": 0.0302386488765, "dmean2": 0.0472842752934, "dvar": 0.000665857864078, "dvar2": 0.00166662258562, "max": 0.388328224421, "mean": 0.194374993443, "median": 0.191736847162, "min": 0.0234347637743, "var": 0.00333662703633}, "erbbands_kurtosis": {"dmean": 3.69794607162, "dmean2": 5.71758317947, "dvar": 54.0693893433, "dvar2": 123.107261658, "max": 227.661468506, "mean": 6.28217983246, "median": 2.14611387253, "min": -1.88911044598, "var": 164.48789978}, "erbbands_skewness": {"dmean": 0.567704975605, "dmean2": 0.863034307957, "dvar": 0.309468179941, "dvar2": 0.696597993374, "max": 12.6200723648, "mean": 1.51784574986, "median": 1.28951394558, "min": -3.46415281296, "var": 2.07259654999}, "erbbands_spread": {"dmean": 5.56120347977, "dmean2": 8.49273300171, "dvar": 36.5082206726, "dvar2": 79.4425048828, "max": 126.824935913, "mean": 21.7957134247, "median": 19.2536849976, "min": 0.961647510529, "var": 224.431991577}, "gfcc": {"cov": [[25046.9492188, 2649.55908203, -2020.23803711, -949.347473145, -740.963623047, -1048.67663574, -587.62298584, -116.627784729, -267.662475586, -146.674163818, -59.8417472839, -316.98348999, 286.284820557], [2649.55908203, 969.674316406, -165.111282349, -243.835403442, 25.3827209473, -218.755584717, 29.3780498505, -93.3317642212, 47.4397239685, -49.2617263794, 20.7143802643, -86.4240264893, 47.8227462769], [-2020.23803711, -165.111282349, 810.320922852, 261.898529053, -66.3231277466, 218.082092285, -59.928855896, 29.275144577, -6.15225601196, 26.6022262573, 1.65046787262, 42.9070854187, -31.0239868164], [-949.347473145, -243.835403442, 261.898529053, 379.687652588, 121.892944336, 90.7548904419, 48.4290237427, -9.9924697876, -43.8802490234, -19.2822265625, -24.9534759521, 36.6723670959, -33.0517997742], [-740.963623047, 25.3827209473, -66.3231277466, 121.892944336, 430.860534668, 76.0531921387, 164.249328613, -64.3020172119, 19.805929184, -49.2082023621, 41.7750396729, 17.4516239166, 19.1123504639], [-1048.67663574, -218.755584717, 218.082092285, 90.7548904419, 76.0531921387, 352.070373535, 34.2882614136, 59.6555290222, -5.76816415787, 23.599445343, 3.28262138367, 37.2110710144, -11.6398706436], [-587.62298584, 29.3780498505, -59.928855896, 48.4290237427, 164.249328613, 34.2882614136, 215.417877197, 9.94840526581, 41.3098907471, -7.62324094772, 12.2976875305, 5.95158910751, 0.942479729652], [-116.627784729, -93.3317642212, 29.275144577, -9.9924697876, -64.3020172119, 59.6555290222, 9.94840526581, 144.283569336, 52.6634216309, 45.3832550049, -2.89998197556, -1.38158559799, -6.34146499634], [-267.662475586, 47.4397239685, -6.15225601196, -43.8802490234, 19.805929184, -5.76816415787, 41.3098907471, 52.6634216309, 144.301467896, 75.2625274658, 32.2029953003, -4.84533309937, -17.8239154816], [-146.674163818, -49.2617263794, 26.6022262573, -19.2822265625, -49.2082023621, 23.599445343, -7.62324094772, 45.3832550049, 75.2625274658, 111.313865662, 42.4149665833, 5.35339641571, -16.6128997803], [-59.8417472839, 20.7143802643, 1.65046787262, -24.9534759521, 41.7750396729, 3.28262138367, 12.2976875305, -2.89998197556, 32.2029953003, 42.4149665833, 84.9727478027, 37.4324188232, 13.9558935165], [-316.98348999, -86.4240264893, 42.9070854187, 36.6723670959, 17.4516239166, 37.2110710144, 5.95158910751, -1.38158559799, -4.84533309937, 5.35339641571, 37.4324188232, 77.9550247192, 27.3718299866], [286.284820557, 47.8227462769, -31.0239868164, -33.0517997742, 19.1123504639, -11.6398706436, 0.942479729652, -6.34146499634, -17.8239154816, -16.6128997803, 13.9558935165, 27.3718299866, 82.5031814575]], "icov": [[0.000115795555757, -0.00038712983951, 0.000399471551646, -0.000364043924492, 0.000242686510319, -0.000117685296573, 0.00036634868593, -0.00021225749515, 0.000234518854995, -5.82757966185e-05, -0.000206914453884, 0.0001682661823, -0.000248252472375], [-0.00038712983951, 0.00320361321792, -0.0016685804585, 0.00201577390544, -0.000566359434742, 0.000931839225814, -0.00175635807682, 0.0018647845136, -0.00206961086951, 0.00187787786126, -0.000881234591361, 0.00215242034756, -0.000541486369912], [0.000399471551646, -0.0016685804585, 0.00391148868948, -0.00374194816686, 0.00251715932973, -0.00229906849563, 0.00203306344338, -6.03552434768e-05, -0.000896856421605, 0.00131362408865, -0.00261875940487, 0.0013311856892, -0.00131044024602], [-0.000364043924492, 0.00201577390544, -0.00374194816686, 0.00805827975273, -0.00436412170529, 0.00247026490979, -0.00210690335371, -0.000323404296068, 0.00307678128593, -0.00333562889136, 0.00604115147144, -0.00485892547294, 0.00385781261139], [0.000242686510319, -0.000566359434742, 0.00251715932973, -0.00436412170529, 0.00771229621023, -0.00318968482316, -0.0017246841453, 0.00319181778468, -0.00436281319708, 0.00649044010788, -0.0076290210709, 0.00512762973085, -0.00333349430002], [-0.000117685296573, 0.000931839225814, -0.00229906849563, 0.00247026490979, -0.00318968482316, 0.00569306220859, -0.000823647482321, -0.00249937199987, 0.00304110604338, -0.00338643393479, 0.00350250210613, -0.00322062545456, 0.00180385890417], [0.00036634868593, -0.00175635807682, 0.00203306344338, -0.00210690335371, -0.0017246841453, -0.000823647482321, 0.00870615057647, -0.00219224160537, -0.00108667335007, 0.000460729555925, 3.25898326992e-05, -0.000522080808878, -0.000291630334686], [-0.00021225749515, 0.0018647845136, -6.03552434768e-05, -0.000323404296068, 0.00319181778468, -0.00249937199987, -0.00219224160537, 0.0123922266066, -0.00623710732907, 0.00111105595715, -0.000488364137709, 0.00294939731248, -0.00263075577095], [0.000234518854995, -0.00206961086951, -0.000896856421605, 0.00307678128593, -0.00436281319708, 0.00304110604338, -0.00108667335007, -0.00623710732907, 0.0186393484473, -0.0133922379464, 0.00438719103113, -0.00432757055387, 0.00427773129195], [-5.82757966185e-05, 0.00187787786126, 0.00131362408865, -0.00333562889136, 0.00649044010788, -0.00338643393479, 0.000460729555925, 0.00111105595715, -0.0133922379464, 0.0267311986536, -0.0163919534534, 0.00845366436988, -0.00117228808813], [-0.000206914453884, -0.000881234591361, -0.00261875940487, 0.00604115147144, -0.0076290210709, 0.00350250210613, 3.25898326992e-05, -0.000488364137709, 0.00438719103113, -0.0163919534534, 0.0311191044748, -0.0178607814014, 0.00319650722668], [0.0001682661823, 0.00215242034756, 0.0013311856892, -0.00485892547294, 0.00512762973085, -0.00322062545456, -0.000522080808878, 0.00294939731248, -0.00432757055387, 0.00845366436988, -0.0178607814014, 0.0294002313167, -0.0106525197625], [-0.000248252472375, -0.000541486369912, -0.00131044024602, 0.00385781261139, -0.00333349430002, 0.00180385890417, -0.000291630334686, -0.00263075577095, 0.00427773129195, -0.00117228808813, 0.00319650722668, -0.0106525197625, 0.0188581589609]], "mean": [-136.209838867, 125.466583252, -61.4630661011, -10.1115493774, -17.6898841858, -30.3781433105, -17.7671699524, -18.7415122986, -8.61940288544, -12.2212247849, -3.12534952164, -6.88345909119, 1.14068806171]}, "hfc": {"dmean": 40.3687782288, "dmean2": 63.9231758118, "dvar": 5023.44970703, "dvar2": 12500.2509766, "max": 1400.43920898, "mean": 120.6407547, "median": 56.5432243347, "min": 1.07975617595e-16, "var": 25166.4296875}, "melbands": {"dmean": [0.000264903414063, 0.000222766771913, 0.000292074575555, 0.000530917255674, 0.000682467129081, 0.000370156252757, 0.00014737402671, 0.000113460926514, 0.000109892753244, 8.74669640325e-05, 5.45495604456e-05, 2.11107872019e-05, 9.37115510169e-06, 5.47730132894e-06, 3.33457956003e-06, 3.81165204999e-06, 3.65366804544e-06, 3.27028260472e-06, 3.11628673444e-06, 1.52535608322e-06, 7.33012370802e-07, 1.26341967643e-06, 1.32454397317e-06, 5.83300050039e-07, 3.61288499562e-07, 3.29495463802e-07, 3.14574350568e-07, 2.14123744513e-07, 1.00997091579e-07, 6.43730331262e-08, 4.91758598287e-08, 3.22523412422e-08, 2.40896991244e-08, 1.96317344603e-08, 1.66102651633e-08, 1.4393985559e-08, 1.27007799833e-08, 1.13131273238e-08, 1.01685442289e-08, 9.24532894686e-09], "dmean2": [0.000415237853304, 0.000369714311091, 0.000493201368954, 0.000823723501526, 0.00101496686693, 0.000559217121918, 0.000215500156628, 0.000168204074726, 0.000155373956659, 0.000130857762997, 7.57557354518e-05, 3.23083877447e-05, 1.46550873978e-05, 8.58291059558e-06, 5.29112321601e-06, 5.96680774834e-06, 5.77802575208e-06, 5.06579135617e-06, 4.77194453197e-06, 2.42070859713e-06, 1.15369675768e-06, 1.91526896742e-06, 1.97498138732e-06, 8.93091680609e-07, 5.50557274437e-07, 4.98717952269e-07, 4.73504542242e-07, 3.20101094076e-07, 1.54759547399e-07, 1.01783960815e-07, 7.89203866702e-08, 5.29107104796e-08, 4.01678903472e-08, 3.32953398186e-08, 2.82331704682e-08, 2.45271518651e-08, 2.16577173973e-08, 1.92760971629e-08, 1.73019412131e-08, 1.57066093465e-08], "dvar": [3.70160591956e-07, 1.21472936598e-07, 2.839044555e-07, 1.48635729147e-06, 2.84671386908e-06, 9.42907661283e-07, 1.85706326761e-07, 2.16242867168e-07, 2.15171354512e-07, 1.47304405118e-07, 6.02020193696e-08, 1.04181090421e-08, 7.8064343878e-10, 3.5916961072e-10, 7.32113258906e-11, 1.98962499254e-10, 1.00396524427e-10, 5.2912380033e-10, 1.15008516599e-10, 2.02932479848e-11, 3.49257320113e-12, 2.09251088679e-11, 1.82871027349e-11, 4.3009064192e-12, 1.65739405707e-12, 1.16573070641e-12, 1.20970681389e-12, 5.61509985644e-13, 9.52845048414e-14, 9.16064302864e-14, 8.69997094657e-14, 8.25280209433e-15, 3.5418259173e-15, 2.41528332063e-15, 1.77816144309e-15, 1.33084217898e-15, 1.05319451975e-15, 8.2435978108e-16, 6.52704636792e-16, 5.26075964035e-16], "dvar2": [8.75722093951e-07, 3.21670967196e-07, 7.78759670084e-07, 3.64818788512e-06, 5.54580401513e-06, 2.20810852625e-06, 3.86057564583e-07, 4.62801978074e-07, 3.74955249072e-07, 3.28850404685e-07, 1.07637212921e-07, 2.34639827568e-08, 1.82029746831e-09, 7.84176112933e-10, 1.66270761048e-10, 4.57741039517e-10, 2.31498584191e-10, 1.40075717692e-09, 2.38349229242e-10, 4.91362332766e-11, 8.59762174649e-12, 4.68269312215e-11, 4.00095165332e-11, 1.02065318003e-11, 3.43575948941e-12, 2.64248497216e-12, 2.85034799583e-12, 1.18020187807e-12, 1.9836537198e-13, 2.18239665163e-13, 2.23008284474e-13, 1.95485717457e-14, 9.58366534325e-15, 6.87837297631e-15, 5.0692372324e-15, 3.78158240467e-15, 2.99577998686e-15, 2.34063536578e-15, 1.85051457393e-15, 1.48802767119e-15], "max": [0.0141387917101, 0.00624310830608, 0.00921709928662, 0.0294533614069, 0.0731170251966, 0.030669696629, 0.0223020575941, 0.0144691476598, 0.016967009753, 0.0131104029715, 0.0104454634711, 0.00450803758577, 0.00119167403318, 0.00104884174652, 0.000285321380943, 0.000473826949019, 0.000260958215222, 0.00156691716984, 0.000365049403626, 0.00019818166038, 4.80093513033e-05, 0.000156281064847, 0.000129823936732, 7.10659587639e-05, 5.34784812771e-05, 3.45988264598e-05, 4.52364292869e-05, 3.06995607389e-05, 1.12507423182e-05, 2.26494521485e-05, 2.28690605582e-05, 4.13584757553e-06, 1.54355370796e-06, 1.2183814988e-06, 1.01719399481e-06, 8.68633833306e-07, 7.889589142e-07, 6.97954249063e-07, 6.20914249794e-07, 5.55134874958e-07], "mean": [0.000544745300431, 0.000375714909751, 0.000451644358691, 0.00089330697665, 0.00136758142617, 0.00074258382665, 0.000298351165839, 0.00020178896375, 0.00018559525779, 0.000136938382639, 9.08071524464e-05, 3.06443726004e-05, 1.50922978719e-05, 9.16782664717e-06, 5.5379632613e-06, 6.17825708105e-06, 5.88727652939e-06, 5.11012922289e-06, 5.22015989191e-06, 2.47704770118e-06, 1.17431750368e-06, 2.07923221751e-06, 2.20938909479e-06, 9.1906963462e-07, 5.93990705511e-07, 5.46312946881e-07, 4.96383506743e-07, 3.45503195831e-07, 1.57412358703e-07, 8.739279167e-08, 6.19424866954e-08, 3.865563869e-08, 2.67126427644e-08, 2.04259062997e-08, 1.6640166578e-08, 1.41476590443e-08, 1.21113092888e-08, 1.07339763744e-08, 9.69747215862e-09, 8.90499141093e-09], "median": [0.000150748848682, 0.000214600440813, 0.000214172701817, 0.00027016873355, 0.000326720823068, 0.000101274752524, 3.92870388168e-05, 1.66234567587e-05, 1.22202991406e-05, 8.4281200543e-06, 5.1340994105e-06, 3.50330446963e-06, 3.57720500688e-06, 2.26323390962e-06, 1.59136823186e-06, 1.16243791126e-06, 1.28733984184e-06, 1.17841182146e-06, 9.78496245807e-07, 6.87901092533e-07, 3.84155441679e-07, 4.05792945912e-07, 3.36167516934e-07, 2.06390112112e-07, 1.43661324614e-07, 1.11873177389e-07, 9.34148332021e-08, 6.50731095675e-08, 4.26474677795e-08, 2.35122925574e-08, 1.61070499161e-08, 1.1986511339e-08, 8.1777500327e-09, 5.85518877827e-09, 4.49851933482e-09, 3.62655017128e-09, 2.80284395693e-09, 2.44218845147e-09, 2.21912954679e-09, 2.08927430911e-09], "min": [1.41473713236e-24, 9.11403347099e-25, 1.50057141113e-24, 1.20513708566e-24, 1.19240378597e-24, 1.73800730233e-24, 2.48448527491e-24, 1.7236531893e-24, 1.68590757549e-24, 1.02494439301e-24, 2.51024217511e-24, 2.92757148486e-24, 3.18608573946e-24, 3.14357323641e-24, 2.82178878735e-24, 3.85837706314e-24, 2.65070595904e-24, 3.21956499627e-24, 3.36683586095e-24, 2.84379386508e-24, 3.51003935879e-24, 4.07014558986e-24, 4.28272703774e-24, 2.82734690407e-24, 3.05398368391e-24, 4.09226761622e-24, 4.29914086659e-24, 4.7077708155e-24, 5.14035570908e-24, 4.6209038192e-24, 5.42019425444e-24, 4.6139937921e-24, 5.18631671757e-24, 5.93641930879e-24, 5.24020538373e-24, 5.28542170752e-24, 5.81160849738e-24, 6.5351083323e-24, 4.77301513438e-24, 6.25887212026e-24], "var": [1.15797922717e-06, 2.30804872103e-07, 5.22475886555e-07, 3.24731740875e-06, 1.06083771243e-05, 3.5295993257e-06, 9.3529121159e-07, 5.21065430803e-07, 6.08876746355e-07, 2.88627461487e-07, 1.72149867694e-07, 1.82541608496e-08, 1.80325143706e-09, 1.04695052627e-09, 2.0180615512e-10, 4.23402424232e-10, 2.26728594233e-10, 6.49928943997e-10, 2.93163632259e-10, 3.76018417791e-11, 6.73513068233e-12, 4.64882785045e-11, 4.20024605374e-11, 8.21652294813e-12, 4.12321652515e-12, 2.66949917033e-12, 2.57441290508e-12, 1.3837337309e-12, 2.15626046749e-13, 1.81184928172e-13, 1.33339425113e-13, 1.25279679615e-14, 3.93458831867e-15, 2.19733327298e-15, 1.57711404378e-15, 1.18357163093e-15, 9.27466348893e-16, 7.30244520943e-16, 5.84551412944e-16, 4.77343988057e-16]}, "melbands_crest": {"dmean": 3.6252822876, "dmean2": 5.89039373398, "dvar": 9.7899684906, "dvar2": 24.8782634735, "max": 39.6704673767, "mean": 16.1576690674, "median": 15.3802976608, "min": 1.66844713688, "var": 34.2235794067}, "melbands_flatness_db": {"dmean": 0.0372891202569, "dmean2": 0.0593193918467, "dvar": 0.00101716874633, "dvar2": 0.00258367159404, "max": 0.570584535599, "mean": 0.338464587927, "median": 0.340320765972, "min": 0.0025691492483, "var": 0.0057772193104}, "melbands_kurtosis": {"dmean": 9.95380306244, "dmean2": 16.0257663727, "dvar": 322.283447266, "dvar2": 842.241333008, "max": 940.011962891, "mean": 20.0754966736, "median": 12.6146392822, "min": -1.73108005524, "var": 775.854370117}, "melbands_skewness": {"dmean": 0.820489525795, "dmean2": 1.27902781963, "dvar": 0.697380781174, "dvar2": 1.66040956974, "max": 29.1526889801, "mean": 2.54521918297, "median": 2.31427001953, "min": -1.83653259277, "var": 3.26195430756}, "melbands_spread": {"dmean": 2.44805932045, "dmean2": 3.82920145988, "dvar": 21.299829483, "dvar2": 46.6558685303, "max": 153.271392822, "mean": 8.64134693146, "median": 5.08492088318, "min": 0.421395719051, "var": 281.584014893}, "mfcc": {"cov": [[9019.56738281, 2049.51293945, -956.897949219, 80.7985839844, -591.759094238, -580.037658691, -367.73248291, -277.485351562, -95.6517410278, 15.0373487473, -88.9607391357, -110.376647949, -152.088729858], [2049.51293945, 1581.67016602, -116.520233154, 28.1542491913, -50.316493988, -122.702064514, -79.2933502197, -95.5226287842, -21.8454685211, 19.4980335236, -10.5041475296, -26.869720459, -37.4778785706], [-956.897949219, -116.520233154, 816.056030273, 18.4517097473, 87.219619751, 74.267906189, -30.3606739044, 17.4367465973, -18.5006923676, -5.47237014771, 29.1223602295, 25.7994537354, -11.7654266357], [80.7985839844, 28.1542491913, 18.4517097473, 336.56060791, 65.4505615234, 26.1683483124, 50.2789878845, 7.29697656631, 0.714136898518, -30.4109344482, -24.4040126801, -19.8206367493, -5.95872068405], [-591.759094238, -50.316493988, 87.219619751, 65.4505615234, 233.907089233, 147.430786133, 79.9447860718, 61.8945846558, 4.03773021698, -20.0398521423, -8.38382530212, 7.47134065628, 31.5313434601], [-580.037658691, -122.702064514, 74.267906189, 26.1683483124, 147.430786133, 220.873092651, 128.442306519, 66.0862350464, 21.7607002258, -8.70217132568, -7.13706064224, -2.39659523964, 35.9835205078], [-367.73248291, -79.2933502197, -30.3606739044, 50.2789878845, 79.9447860718, 128.442306519, 170.994766235, 89.6384048462, 22.5262584686, -10.903175354, -29.9391307831, -16.5209751129, 22.6447944641], [-277.485351562, -95.5226287842, 17.4367465973, 7.29697656631, 61.8945846558, 66.0862350464, 89.6384048462, 112.808418274, 49.5023803711, -1.84042310715, -7.96937894821, 0.858161091805, 12.7813653946], [-95.6517410278, -21.8454685211, -18.5006923676, 0.714136898518, 4.03773021698, 21.7607002258, 22.5262584686, 49.5023803711, 85.7413711548, 49.9005393982, 15.0413675308, 9.52733802795, 2.85408163071], [15.0373487473, 19.4980335236, -5.47237014771, -30.4109344482, -20.0398521423, -8.70217132568, -10.903175354, -1.84042310715, 49.9005393982, 96.5227661133, 62.7266998291, 22.436214447, 6.5556230545], [-88.9607391357, -10.5041475296, 29.1223602295, -24.4040126801, -8.38382530212, -7.13706064224, -29.9391307831, -7.96937894821, 15.0413675308, 62.7266998291, 103.621322632, 62.0213546753, 15.9301700592], [-110.376647949, -26.869720459, 25.7994537354, -19.8206367493, 7.47134065628, -2.39659523964, -16.5209751129, 0.858161091805, 9.52733802795, 22.436214447, 62.0213546753, 77.8113708496, 39.7360496521], [-152.088729858, -37.4778785706, -11.7654266357, -5.95872068405, 31.5313434601, 35.9835205078, 22.6447944641, 12.7813653946, 2.85408163071, 6.5556230545, 15.9301700592, 39.7360496521, 71.277381897]], "icov": [[0.000266163406195, -0.000309463823214, 0.000316053105053, -0.00034474208951, 0.000730803003535, -0.000510199693963, 0.00103080971166, -0.00108930910937, 0.00125655590091, -0.00110775942449, 0.0011231979588, -0.000730567611754, 0.000438505492639], [-0.000309463823214, 0.00106435618363, -0.000322988373227, 0.00040346730384, -0.00120370986406, 0.0011581442086, -0.00151659257244, 0.00210291775875, -0.00179549003951, 0.00124501506798, -0.00135074171703, 0.00109624606557, -0.000419588410296], [0.000316053105053, -0.000322988373227, 0.00196896935813, -0.000845774484333, 0.00104202644434, -0.00240425928496, 0.00351300649345, -0.00353171932511, 0.00403009541333, -0.00329894712195, 0.00299113779329, -0.00294098234735, 0.0021419620607], [-0.00034474208951, 0.00040346730384, -0.000845774484333, 0.00454417429864, -0.00320607237518, 0.00361950369552, -0.00551165407524, 0.0061656832695, -0.00672033568844, 0.0066506639123, -0.00549743697047, 0.00437259953469, -0.0015983133344], [0.000730803003535, -0.00120370986406, 0.00104202644434, -0.00320607237518, 0.0119691807777, -0.0097092539072, 0.00822913181037, -0.0110554685816, 0.0108058415353, -0.00808249413967, 0.00839741807431, -0.00686002708972, 0.0020634746179], [-0.000510199693963, 0.0011581442086, -0.00240425928496, 0.00361950369552, -0.0097092539072, 0.0192311443388, -0.0167132206261, 0.0142037132755, -0.0160390753299, 0.0144892949611, -0.014945032075, 0.0128707876429, -0.00775016006082], [0.00103080971166, -0.00151659257244, 0.00351300649345, -0.00551165407524, 0.00822913181037, -0.0167132206261, 0.0296968240291, -0.026410413906, 0.0222965050489, -0.0202042851597, 0.0193445086479, -0.0108682205901, 0.00432041008025], [-0.00108930910937, 0.00210291775875, -0.00353171932511, 0.0061656832695, -0.0110554685816, 0.0142037132755, -0.026410413906, 0.0424227491021, -0.0364472456276, 0.0289819519967, -0.02304103598, 0.0156922098249, -0.0075873946771], [0.00125655590091, -0.00179549003951, 0.00403009541333, -0.00672033568844, 0.0108058415353, -0.0160390753299, 0.0222965050489, -0.0364472456276, 0.0545488484204, -0.0443124771118, 0.0341853089631, -0.0263515654951, 0.0135511690751], [-0.00110775942449, 0.00124501506798, -0.00329894712195, 0.0066506639123, -0.00808249413967, 0.0144892949611, -0.0202042851597, 0.0289819519967, -0.0443124771118, 0.0566573254764, -0.0462500154972, 0.0319329127669, -0.0151170268655], [0.0011231979588, -0.00135074171703, 0.00299113779329, -0.00549743697047, 0.00839741807431, -0.014945032075, 0.0193445086479, -0.02304103598, 0.0341853089631, -0.0462500154972, 0.0595295391977, -0.0460707768798, 0.0188006144017], [-0.000730567611754, 0.00109624606557, -0.00294098234735, 0.00437259953469, -0.00686002708972, 0.0128707876429, -0.0108682205901, 0.0156922098249, -0.0263515654951, 0.0319329127669, -0.0460707768798, 0.0577455684543, -0.0277038607746], [0.000438505492639, -0.000419588410296, 0.0021419620607, -0.0015983133344, 0.0020634746179, -0.00775016006082, 0.00432041008025, -0.0075873946771, 0.0135511690751, -0.0151170268655, 0.0188006144017, -0.0277038607746, 0.0300427768379]], "mean": [-798.817565918, 188.069091797, 10.4633331299, 29.1753330231, 10.1724948883, -1.62102138996, -2.39771199226, -5.56368589401, -4.39816617966, -3.05909085274, -5.17495155334, -4.77765607834, -2.69512605667]}, "pitch_salience": {"dmean": 0.0760541781783, "dmean2": 0.122998028994, "dvar": 0.00422720331699, "dvar2": 0.0106578283012, "max": 0.866985023022, "mean": 0.544115066528, "median": 0.5554459095, "min": 0.036996845156, "var": 0.0153177985922}, "silence_rate_20dB": {"dmean": 0.000260552362306, "dmean2": 0.000521172652952, "dvar": 0.000260521832388, "dvar2": 0.000781636626925, "max": 1, "mean": 0.999869763851, "median": 1, "min": 0, "var": 0.000130229906063}, "silence_rate_30dB": {"dmean": 0.0104220947251, "dmean2": 0.0208469051868, "dvar": 0.0103121576831, "dvar2": 0.0237974282354, "max": 1, "mean": 0.981372952461, "median": 1, "min": 0, "var": 0.0182788558304}, "silence_rate_60dB": {"dmean": 0.0315268374979, "dmean2": 0.0630618855357, "dvar": 0.030531976372, "dvar2": 0.067680478096, "max": 1, "mean": 0.17337501049, "median": 0, "min": 0, "var": 0.143306255341}, "spectral_centroid": {"dmean": 99.7104797363, "dmean2": 148.940429688, "dvar": 42305.4804688, "dvar2": 76874.7265625, "max": 11531.0332031, "mean": 657.024169922, "median": 415.340270996, "min": 173.835388184, "var": 1769208}, "spectral_complexity": {"dmean": 1.45648777485, "dmean2": 2.36091208458, "dvar": 2.17635178566, "dvar2": 4.83915138245, "max": 36, "mean": 6.76644515991, "median": 6, "min": 0, "var": 18.2907409668}, "spectral_contrast_coeffs": {"dmean": [0.0546550825238, 0.0485610701144, 0.0390340276062, 0.0289044175297, 0.0235170107335, 0.0273496881127], "dmean2": [0.0882684588432, 0.0787655487657, 0.0623658560216, 0.0468760691583, 0.0378206633031, 0.044371843338], "dvar": [0.0018809348112, 0.00152782257646, 0.00105620373506, 0.00056470616255, 0.00042120978469, 0.000804738665465], "dvar2": [0.00496815750375, 0.00404181657359, 0.00257734837942, 0.00146938418038, 0.00106842559762, 0.00196324032731], "max": [-0.29182228446, -0.409591734409, -0.46036991477, -0.634140610695, -0.647569298744, -0.448105603456], "mean": [-0.637986123562, -0.731389582157, -0.80145740509, -0.831566751003, -0.846400558949, -0.834577560425], "median": [-0.635929942131, -0.738558351994, -0.811689019203, -0.832460522652, -0.848938941956, -0.845296382904], "min": [-0.982426702976, -0.98223400116, -0.984604358673, -0.975637972355, -0.968191802502, -0.965614259243], "var": [0.0127059584484, 0.00780588714406, 0.00576511584222, 0.00273240706883, 0.00204732874408, 0.00212812446989]}, "spectral_contrast_valleys": {"dmean": [0.392713546753, 0.368880391121, 0.367773711681, 0.333233654499, 0.364812642336, 0.690403997898], "dmean2": [0.651558101177, 0.587900996208, 0.574782550335, 0.518953502178, 0.553410351276, 1.12742352486], "dvar": [0.123313605785, 0.109332047403, 0.110497169197, 0.108819954097, 0.138568684459, 0.362472683191], "dvar2": [0.29726561904, 0.24257735908, 0.255138456821, 0.245136454701, 0.309098869562, 0.932404398918], "max": [-5.53904485703, -4.47520971298, -5.53645515442, -6.40976810455, -6.64305448532, -8.98534202576], "mean": [-7.87267017365, -7.50499773026, -8.54306793213, -9.09283733368, -9.38369560242, -12.1927366257], "median": [-7.48042821884, -7.17920064926, -8.1756811142, -8.72743415833, -9.03261566162, -11.8992300034], "min": [-28.1057834625, -28.2456378937, -27.7120723724, -27.6441345215, -27.5630912781, -27.4105148315], "var": [6.66768836975, 7.49106550217, 6.54077005386, 6.16893768311, 5.96161794662, 4.7200050354]}, "spectral_decrease": {"dmean": 1.37175026893e-09, "dmean2": 2.01988026305e-09, "dvar": 6.25201180864e-18, "dvar2": 1.23049460593e-17, "max": 3.04330760592e-09, "mean": -3.17693227281e-09, "median": -1.15490239594e-09, "min": -8.53892601071e-08, "var": 2.94992756556e-17}, "spectral_energy": {"dmean": 0.00703078601509, "dmean2": 0.0103851715103, "dvar": 0.000128193933051, "dvar2": 0.000272490433417, "max": 0.372665405273, "mean": 0.0229330249131, "median": 0.0128617780283, "min": 9.94781217926e-21, "var": 0.000783813069575}, "spectral_energyband_high": {"dmean": 2.59556636593e-05, "dmean2": 3.9013204514e-05, "dvar": 2.89197399361e-09, "dvar2": 6.14890982575e-09, "max": 0.00227024359629, "mean": 5.33280544914e-05, "median": 2.37689127971e-05, "min": 6.96863315365e-21, "var": 8.67220961709e-09}, "spectral_energyband_low": {"dmean": 0.00147244217806, "dmean2": 0.00237836618908, "dvar": 6.05271770837e-06, "dvar2": 1.48637409438e-05, "max": 0.0480282269418, "mean": 0.00321652111597, "median": 0.00172931677662, "min": 1.60069028456e-23, "var": 1.87099940376e-05}, "spectral_energyband_middle_high": {"dmean": 0.000328226044076, "dmean2": 0.000471992680104, "dvar": 1.18064167509e-06, "dvar2": 2.60769843408e-06, "max": 0.0368026271462, "mean": 0.00073542422615, "median": 0.000204832045711, "min": 1.05533100032e-21, "var": 3.22503842654e-06}, "spectral_energyband_middle_low": {"dmean": 0.00531477853656, "dmean2": 0.00779475877061, "dvar": 9.91307970253e-05, "dvar2": 0.000201963906875, "max": 0.346250355244, "mean": 0.0142188090831, "median": 0.00544586312026, "min": 1.08952040866e-22, "var": 0.000501209811773}, "spectral_entropy": {"dmean": 0.302656173706, "dmean2": 0.473653256893, "dvar": 0.0779848471284, "dvar2": 0.193321987987, "max": 9.82495212555, "mean": 6.67765617371, "median": 6.67750787735, "min": 4.65277290344, "var": 0.468019515276}, "spectral_flux": {"dmean": 0.0166878011078, "dmean2": 0.0275555700064, "dvar": 0.000388494721847, "dvar2": 0.000998004106805, "max": 0.347268432379, "mean": 0.0629416257143, "median": 0.054407749325, "min": 6.43710917902e-11, "var": 0.0017125433078}, "spectral_kurtosis": {"dmean": 9.41230869293, "dmean2": 15.2475471497, "dvar": 94.8473052979, "dvar2": 252.246780396, "max": 126.273712158, "mean": 27.5409526825, "median": 25.3875160217, "min": -1.26877832413, "var": 200.829071045}, "spectral_rms": {"dmean": 0.000643217470497, "dmean2": 0.000933114613872, "dvar": 5.34597177193e-07, "dvar2": 1.08850247216e-06, "max": 0.0190676692873, "mean": 0.0040067974478, "median": 0.00354232639074, "min": 3.1153142132e-12, "var": 6.31922193861e-06}, "spectral_rolloff": {"dmean": 2137.44018555, "dmean2": 4185.76953125, "dvar": 36884888, "dvar2": 93964408, "max": 22050, "mean": 15920.0898438, "median": 21770.0683594, "min": 21.533203125, "var": 88639192}, "spectral_skewness": {"dmean": 0.631782233715, "dmean2": 1.00580644608, "dvar": 0.377369344234, "dvar2": 0.991337299347, "max": 9.01856613159, "mean": 3.81716156006, "median": 3.7783434391, "min": -0.079705581069, "var": 1.25189065933}, "spectral_spread": {"dmean": 682360.625, "dmean2": 1