{"lowlevel": {"average_loudness": 0.86110419035, "barkbands": {"dmean": [3.07985174004e-05, 0.0022796089761, 0.00130036158953, 0.000930834561586, 0.00133773940615, 0.00051912246272, 0.000329904927639, 0.000604614033364, 0.000790029531345, 0.000731819192879, 0.000638731929939, 0.000419558462454, 0.000432548200479, 0.000442104937974, 0.000399201031541, 0.00036052800715, 0.000351404072717, 0.000221475376748, 0.000150541600306, 0.000117345865874, 8.30827921163e-05, 9.086317732e-05, 0.000122530051158, 0.00016011185653, 0.000144674064359, 9.67238156591e-05, 9.18209570955e-06], "dmean2": [5.17216940352e-05, 0.00382407172583, 0.00224149040878, 0.00167068117298, 0.0023493161425, 0.000836228544358, 0.000513666018378, 0.00094162626192, 0.00126898742747, 0.00112050410826, 0.00100281857885, 0.000659355078824, 0.000685904698912, 0.000686833227519, 0.000630245718639, 0.000572888180614, 0.000548437354155, 0.000337851291988, 0.000231100144447, 0.000178094123839, 0.000124555095681, 0.000127581748529, 0.0001672924991, 0.000218289918848, 0.000191935570911, 0.000138654140756, 1.33400062623e-05], "dvar": [7.78222997155e-09, 3.23420754285e-05, 1.33331386678e-05, 8.56834685692e-06, 1.82677922567e-05, 1.83409076726e-06, 7.30314013708e-07, 5.69131088923e-06, 6.84870929035e-06, 4.46776266472e-06, 3.23998187923e-06, 1.62263961556e-06, 1.61678951827e-06, 1.15661282507e-06, 1.23900269955e-06, 1.10093833428e-06, 7.6214615774e-07, 2.64241634795e-07, 1.04755343955e-07, 6.11335408962e-08, 4.01054975896e-08, 6.53032898867e-08, 1.02829204707e-07, 1.94759522287e-07, 2.49312904543e-07, 3.71633568363e-08, 4.4654571707e-10], "dvar2": [2.03552961153e-08, 8.22888396215e-05, 3.67061365978e-05, 2.42748465098e-05, 5.15221436217e-05, 4.37948165199e-06, 1.6232594362e-06, 1.35645423143e-05, 1.80616989383e-05, 1.07253490569e-05, 7.82313782111e-06, 3.78855997951e-06, 4.01448141929e-06, 2.69402607955e-06, 3.15321949529e-06, 2.81894540421e-06, 1.88288777281e-06, 5.67763834169e-07, 2.43441206749e-07, 1.37730538086e-07, 8.7658165171e-08, 1.14402197937e-07, 1.8625598841e-07, 3.34428960969e-07, 3.68006340068e-07, 8.27358732636e-08, 9.64032076389e-10], "max": [0.00226772390306, 0.0629465207458, 0.0547486320138, 0.0396948978305, 0.0617445744574, 0.0317333117127, 0.0249146912247, 0.0691283792257, 0.0478345863521, 0.0493147820234, 0.0510351397097, 0.0299977771938, 0.0268766023219, 0.0230997204781, 0.0308950524777, 0.0239045321941, 0.0290455967188, 0.0159377995878, 0.0089367441833, 0.00646455446258, 0.00541562493891, 0.00871682725847, 0.0103302821517, 0.0158661864698, 0.0293796602637, 0.00220865081064, 0.000319734972436], "mean": [3.14092212648e-05, 0.00225563650019, 0.00143691326957, 0.000826585746836, 0.00124889658764, 0.000734194996767, 0.000470717088319, 0.000862080603838, 0.00106369575951, 0.00114185048733, 0.000972213514615, 0.000625252607279, 0.000633451447356, 0.000708739622496, 0.000605103967246, 0.000569362775423, 0.000669208820909, 0.000405683967983, 0.00028000184102, 0.000215755819227, 0.000135374823003, 0.000138639690704, 0.000184410775546, 0.000236866195337, 0.000209911697311, 0.000118477961223, 1.18146444947e-05], "median": [8.02588510851e-06, 0.000530394667294, 0.000450016057584, 0.000216126500163, 0.000286911032163, 0.000183124357136, 7.97538523329e-05, 0.000131910666823, 0.000139415351441, 0.000171343388502, 0.000135378591949, 9.92283894448e-05, 0.000104122176708, 0.000120166587294, 0.000131655018777, 0.000156413967488, 0.000178650923772, 0.000117072457215, 7.97546817921e-05, 5.43157439097e-05, 2.27724522119e-05, 2.4116710847e-05, 3.51768176188e-05, 3.86802203138e-05, 3.94586168113e-05, 3.18936181429e-05, 2.71411363428e-06], "min": [9.35230732969e-24, 1.21234904928e-23, 9.29141436755e-24, 2.79620519989e-23, 1.48302871443e-22, 1.7292517667e-22, 4.45141965695e-23, 4.95225861043e-23, 7.66418569774e-23, 5.11705954214e-23, 3.43273674877e-23, 7.07409123491e-23, 1.06385314672e-22, 1.11496615846e-22, 9.68934120947e-23, 1.13269318828e-22, 1.85114857326e-22, 1.76994424141e-22, 1.42771883646e-22, 2.77034545589e-22, 6.92889879784e-22, 4.18480814749e-22, 5.74377172913e-22, 7.14985204785e-22, 1.20888659992e-21, 1.51461132244e-21, 2.87702484529e-21], "var": [6.82208600722e-09, 2.90683656203e-05, 1.02403591882e-05, 5.56851045985e-06, 1.25947535707e-05, 2.84744987766e-06, 1.36984681376e-06, 7.95831056166e-06, 8.28391603136e-06, 8.47760475153e-06, 6.12607573203e-06, 2.91830178867e-06, 2.66773326985e-06, 2.6739767236e-06, 2.55656664194e-06, 1.93953678718e-06, 2.18347281589e-06, 7.33939486963e-07, 2.51508822657e-07, 1.61373918672e-07, 8.90966802558e-08, 1.67639186088e-07, 2.31846868815e-07, 4.90710647227e-07, 6.20116225036e-07, 5.53087886601e-08, 6.39580388651e-10]}, "barkbands_crest": {"dmean": 2.76458740234, "dmean2": 4.58130502701, "dvar": 6.89227104187, "dvar2": 17.8720359802, "max": 25.9806957245, "mean": 9.41988658905, "median": 8.48608207703, "min": 1.90856873989, "var": 19.3843708038}, "barkbands_flatness_db": {"dmean": 0.0249783731997, "dmean2": 0.0378293469548, "dvar": 0.000824618677143, "dvar2": 0.00187921861652, "max": 0.482015520334, "mean": 0.124595396221, "median": 0.105599299073, "min": 0.0163826905191, "var": 0.00536470673978}, "barkbands_kurtosis": {"dmean": 7.78700447083, "dmean2": 12.3901891708, "dvar": 1198.66870117, "dvar2": 3278.42358398, "max": 998.678649902, "mean": 10.7647848129, "median": 0.848212361336, "min": -1.96295952797, "var": 2102.3972168}, "barkbands_skewness": {"dmean": 0.740269184113, "dmean2": 1.13264501095, "dvar": 1.41938769817, "dvar2": 3.37201166153, "max": 28.6138362885, "mean": 1.29761683941, "median": 0.768817782402, "min": -9.44917678833, "var": 5.44741439819}, "barkbands_spread": {"dmean": 8.07681274414, "dmean2": 12.2614011765, "dvar": 102.265090942, "dvar2": 247.895004272, "max": 126.199172974, "mean": 27.2624607086, "median": 24.0006484985, "min": 0.295607179403, "var": 380.483642578}, "dissonance": {"dmean": 0.0213660243899, "dmean2": 0.0349625870585, "dvar": 0.000700056320056, "dvar2": 0.00177846883889, "max": 0.500000119209, "mean": 0.458332151175, "median": 0.474823832512, "min": 0.111999705434, "var": 0.00224118656479}, "dynamic_complexity": 5.24710464478, "erbbands": {"dmean": [0.0414900109172, 0.597548425198, 1.4560135603, 2.46299552917, 4.55768966675, 4.16050338745, 3.26616168022, 4.63367128372, 4.25165081024, 7.08556604385, 15.9140815735, 17.979013443, 18.3630065918, 24.6994171143, 21.7731342316, 17.7500591278, 18.7799072266, 20.7624073029, 18.8094272614, 20.1804389954, 19.2661361694, 16.8845672607, 12.6318912506, 8.3692445755, 7.13597249985, 5.29450321198, 3.93897891045, 2.95838117599, 3.20768857002, 3.43328118324, 3.62281012535, 3.37762737274, 2.68041849136, 1.75974440575, 0.996349453926, 0.605723917484, 0.122575849295, 0.0158699210733, 0.00148896547034, 8.62161250552e-05], "dmean2": [0.0668003931642, 1.01769697666, 2.45067238808, 4.39211034775, 8.07231616974, 7.38227033615, 5.1216135025, 7.52350568771, 6.61149358749, 10.6328372955, 24.780330658, 28.3470916748, 27.7295417786, 37.8678474426, 33.0231018066, 27.4326992035, 29.4116325378, 32.4029197693, 29.4323444366, 31.3942584991, 30.1957130432, 25.9598693848, 18.9656066895, 12.8670406342, 10.9112701416, 8.00267028809, 5.91457557678, 4.40597629547, 4.54495763779, 4.82947444916, 4.913418293, 4.61500501633, 3.72848963737, 2.35194754601, 1.38556814194, 0.871144473553, 0.173623904586, 0.0228650718927, 0.00212993239984, 0.000122403173009], "dvar": [0.0103432759643, 2.28794813156, 15.0790185928, 57.5986862183, 215.776733398, 179.681152344, 55.5692939758, 179.962142944, 118.60458374, 390.284820557, 4556.91552734, 3741.07519531, 2529.31811523, 5126.67333984, 3228.7890625, 2919.59619141, 3246.86669922, 2460.95361328, 2324.20288086, 3380.36474609, 3663.11401367, 1415.72766113, 838.338989258, 346.618469238, 240.547073364, 121.3491745, 77.2718963623, 66.4177780151, 94.0239486694, 88.4676818848, 85.6764373779, 73.8480606079, 69.9521484375, 45.2722969055, 9.52347278595, 1.49911236763, 0.0604859516025, 0.00117148738354, 1.13049218271e-05, 3.76358535448e-08], "dvar2": [0.0237352345139, 5.97410535812, 39.9610404968, 163.822921753, 601.734619141, 513.351196289, 138.964660645, 418.907989502, 277.087249756, 824.723876953, 11222.53125, 9761.48339844, 5861.90625, 11654.8164063, 7593.515625, 6880.16845703, 8135.93408203, 5851.88623047, 5716.19580078, 8497.19921875, 9473.2890625, 3306.19067383, 1723.93395996, 798.884765625, 543.39239502, 275.137268066, 168.600479126, 140.363845825, 169.541213989, 171.587005615, 157.614517212, 135.501159668, 116.801925659, 61.9744987488, 17.7319889069, 3.32754206657, 0.133678659797, 0.00262868194841, 2.34329399973e-05, 7.81248559178e-08], "max": [1.70004594326, 15.1495866776, 51.970993042, 95.4930038452, 224.568832397, 189.760681152, 134.174621582, 377.693725586, 311.691314697, 883.202209473, 2135.9831543, 1352.07775879, 1345.7989502, 1803.72680664, 1537.65136719, 1407.36669922, 1358.42236328, 980.207641602, 1318.4453125, 1951.16723633, 1446.12670898, 1082.92663574, 1115.11645508, 605.546447754, 373.741394043, 203.041610718, 183.87411499, 308.619720459, 358.610107422, 243.448410034, 308.580749512, 268.4168396, 315.615875244, 376.84161377, 157.097671509, 25.9467735291, 3.29573869705, 0.450279861689, 0.0603250600398, 0.00327054341324], "mean": [0.0453675836325, 0.572145700455, 1.5995194912, 2.52548837662, 3.76912522316, 3.93658018112, 4.65749788284, 5.99823379517, 6.43383216858, 10.4278936386, 22.5123176575, 24.7960796356, 28.8155403137, 40.484588623, 35.3863983154, 28.2949028015, 28.9215354919, 35.1808052063, 31.6316490173, 32.8714294434, 35.8579521179, 34.5624008179, 24.9010906219, 16.0130653381, 13.6192960739, 10.0176744461, 6.95501995087, 4.58461427689, 4.89498233795, 5.13252687454, 5.36647891998, 4.9319229126, 3.92969250679, 2.54680323601, 1.39597737789, 0.746193408966, 0.152521088719, 0.0205738786608, 0.00196984084323, 0.000121176162793], "median": [0.00925732776523, 0.136954367161, 0.460284888744, 0.807238996029, 0.705548942089, 0.812246441841, 1.1082521677, 1.39817333221, 1.43923056126, 2.21039676666, 4.07933855057, 4.43464565277, 5.97122383118, 6.00423336029, 7.19642162323, 5.56425237656, 5.74896240234, 7.03951072693, 7.06562328339, 9.64045524597, 9.22109794617, 9.88114738464, 7.60104894638, 4.79408693314, 3.80142831802, 2.60073208809, 1.40341877937, 0.741419672966, 0.80679756403, 0.870112538338, 1.05367302895, 0.852039515972, 0.61677479744, 0.427046716213, 0.298147678375, 0.18332926929, 0.0418075472116, 0.00569232273847, 0.000456199632026, 4.0694969357e-05], "min": [6.23508136909e-22, 1.7557904107e-21, 7.84826945706e-21, 4.9784133354e-20, 2.4820265138e-19, 5.83987651306e-19, 1.20144582193e-18, 1.30808480913e-18, 4.61440326568e-19, 1.04434623243e-18, 1.31577303933e-18, 2.15991809227e-18, 1.00717480365e-18, 1.82665219335e-18, 1.73748233011e-18, 3.01486054054e-18, 5.26024169293e-18, 6.14243271135e-18, 3.20157588431e-18, 6.1484380426e-18, 7.57144967167e-18, 1.05820140429e-17, 8.49118269579e-18, 1.0547230271e-17, 7.45455581623e-18, 1.21558533713e-17, 1.93505967202e-17, 2.94882311401e-17, 1.34979605326e-17, 1.66265321444e-17, 1.57984896096e-17, 1.34554781907e-17, 1.34389205164e-17, 1.26621094129e-17, 9.40198713236e-18, 5.12011109331e-18, 3.00043595823e-18, 1.16861078412e-18, 4.11257424305e-19, 4.44121574998e-20], "var": [0.0115940468386, 1.92266178131, 12.5013427734, 38.6825637817, 146.807098389, 123.155441284, 86.1836853027, 242.256896973, 229.187515259, 898.038635254, 5774.34716797, 4344.13671875, 4533.47753906, 10715.4726563, 6601.18652344, 5079.5, 5253.61523438, 5623.28759766, 5670.48095703, 6829.25683594, 8431.84570313, 4992.15234375, 2534.72387695, 913.129394531, 600.139892578, 339.169158936, 192.715270996, 135.053573608, 236.3074646, 198.541030884, 186.474578857, 163.711135864, 185.317245483, 117.414855957, 19.5306930542, 2.35818266869, 0.0914192125201, 0.0016712108627, 1.75725672307e-05, 5.62048647623e-08]}, "erbbands_crest": {"dmean": 3.11631917953, "dmean2": 4.97039222717, "dvar": 8.84449291229, "dvar2": 21.5270042419, "max": 32.5731964111, "mean": 10.4004735947, "median": 9.21496486664, "min": 1.95410466194, "var": 26.4568538666}, "erbbands_flatness_db": {"dmean": 0.0240656714886, "dmean2": 0.0335040800273, "dvar": 0.000592562893871, "dvar2": 0.00110534066334, "max": 0.409938663244, "mean": 0.15540343523, "median": 0.151978045702, "min": 0.0218309499323, "var": 0.00331958546303}, "erbbands_kurtosis": {"dmean": 1.97385692596, "dmean2": 3.03211426735, "dvar": 13.6981363297, "dvar2": 28.4075641632, "max": 114.951217651, "mean": 2.56926727295, "median": 0.968391060829, "min": -1.7810151577, "var": 36.2848167419}, "erbbands_skewness": {"dmean": 0.492766737938, "dmean2": 0.729542136192, "dvar": 0.312128067017, "dvar2": 0.672162532806, "max": 9.0794210434, "mean": 0.337324440479, "median": 0.237479060888, "min": -5.61851453781, "var": 1.51830375195}, "erbbands_spread": {"dmean": 9.82013893127, "dmean2": 14.5130691528, "dvar": 151.588653564, "dvar2": 332.758575439, "max": 149.090835571, "mean": 33.30519104, "median": 26.3783493042, "min": 2.22614407539, "var": 582.201049805}, "gfcc": {"cov": [[26304.6621094, -217.474258423, -2919.8203125, -205.061630249, -993.060119629, 425.249572754, -677.300476074, 363.107391357, -302.765716553, 156.079421997, -377.197875977, -49.6393508911, -154.210510254], [-217.474258423, 2016.25708008, 213.137741089, -352.760131836, 232.490020752, -172.158340454, -86.99269104, 82.9302062988, 63.5891799927, -69.9553756714, 31.0348377228, -130.16104126, -78.9447402954], [-2919.8203125, 213.137741089, 1723.63256836, 568.55267334, 155.223083496, 156.522064209, 92.2171936035, -80.3938751221, 79.4604187012, -35.2366065979, -37.8824653625, 19.1574363708, -51.1598854065], [-205.061630249, -352.760131836, 568.55267334, 840.823791504, 205.660980225, 84.9245071411, -29.4643115997, -94.7892684937, 70.7023925781, 14.5308542252, 2.27181959152, 14.568022728, 27.5491390228], [-993.060119629, 232.490020752, 155.223083496, 205.660980225, 507.395721436, 88.4303436279, 99.7191390991, -5.62638902664, 54.3668365479, -47.8730621338, -6.91134643555, 7.55609512329, 1.00298976898], [425.249572754, -172.158340454, 156.522064209, 84.9245071411, 88.4303436279, 365.563262939, 188.775772095, 11.3988466263, -14.6098966599, -39.1612930298, -24.6738891602, 8.47974300385, -10.1410312653], [-677.300476074, -86.99269104, 92.2171936035, -29.4643115997, 99.7191390991, 188.775772095, 341.067962646, 48.333240509, -35.5134773254, -52.9650230408, -4.1318898201, 13.557847023, 14.3497066498], [363.107391357, 82.9302062988, -80.3938751221, -94.7892684937, -5.62638902664, 11.3988466263, 48.333240509, 149.584701538, 26.0460891724, -5.04492664337, -17.4012527466, -8.43809986115, -3.99479866028], [-302.765716553, 63.5891799927, 79.4604187012, 70.7023925781, 54.3668365479, -14.6098966599, -35.5134773254, 26.0460891724, 136.358016968, 35.9210662842, -4.16445493698, -9.28369522095, 0.428637981415], [156.079421997, -69.9553756714, -35.2366065979, 14.5308542252, -47.8730621338, -39.1612930298, -52.9650230408, -5.04492664337, 35.9210662842, 115.114151001, 27.8030529022, -3.91958093643, -5.83820199966], [-377.197875977, 31.0348377228, -37.8824653625, 2.27181959152, -6.91134643555, -24.6738891602, -4.1318898201, -17.4012527466, -4.16445493698, 27.8030529022, 110.44152832, 13.9955921173, 4.33372592926], [-49.6393508911, -130.16104126, 19.1574363708, 14.568022728, 7.55609512329, 8.47974300385, 13.557847023, -8.43809986115, -9.28369522095, -3.91958093643, 13.9955921173, 100.729072571, 30.2343635559], [-154.210510254, -78.9447402954, -51.1598854065, 27.5491390228, 1.00298976898, -10.1410312653, 14.3497066498, -3.99479866028, 0.428637981415, -5.83820199966, 4.33372592926, 30.2343635559, 115.059707642]], "icov": [[0.000109125292511, -0.000165046119946, 0.00029775488656, -0.00032346486114, 0.000301424151985, -0.000416577997385, 0.000251733203186, -0.000273614714388, 0.000327880261466, -0.000259849592112, 0.000531376979779, -0.000332081661327, 0.000215459236642], [-0.000165046119946, 0.00119282037485, -0.000839411921334, 0.00124612369109, -0.00119109661318, 0.000966894673184, 0.000151338113938, -3.19836799463e-05, -0.000665604136884, 0.00106442463584, -0.00156859157141, 0.00172321568243, -0.000336009194143], [0.00029775488656, -0.000839411921334, 0.00182372448035, -0.001751480042, 0.00127186253667, -0.00130910484586, 9.86680825008e-05, -0.000193540705368, 0.000421105825808, -0.000625948887318, 0.00201287562959, -0.00168397161178, 0.00124125438742], [-0.00032346486114, 0.00124612369109, -0.001751480042, 0.00350871495903, -0.00213080504909, 0.00102526077535, 0.000269040145213, 0.0012227128027, -0.0014532286441, 0.000862848770339, -0.00230703433044, 0.00208397395909, -0.00149109819904], [0.000301424151985, -0.00119109661318, 0.00127186253667, -0.00213080504909, 0.00405622366816, -0.00144109991379, -0.000578349572606, -7.45414727135e-05, -0.000432330387412, 0.000107682062662, 0.00191832834389, -0.00205103587359, 0.00104339886457], [-0.000416577997385, 0.000966894673184, -0.00130910484586, 0.00102526077535, -0.00144109991379, 0.00589432381094, -0.00311991944909, 0.00110837817192, -0.00129321287386, 0.00144843454473, -0.00147224077955, 0.00141119002365, 1.20594663144e-07], [0.000251733203186, 0.000151338113938, 9.86680825008e-05, 0.000269040145213, -0.000578349572606, -0.00311991944909, 0.00604925071821, -0.00259679649025, 0.00214431900531, 0.000426013430115, -6.56271658954e-05, -4.01916186092e-05, -0.000667191925459], [-0.000273614714388, -3.19836799463e-05, -0.000193540705368, 0.0012227128027, -7.45414727135e-05, 0.00110837817192, -0.00259679649025, 0.00949763599783, -0.00362716126256, 0.000790109799709, 0.000238375214394, 0.000429716688814, -8.38159830892e-05], [0.000327880261466, -0.000665604136884, 0.000421105825808, -0.0014532286441, -0.000432330387412, -0.00129321287386, 0.00214431900531, -0.00362716126256, 0.0113836470991, -0.00445806933567, 0.00228424021043, -0.000389886612538, -0.000237818501773], [-0.000259849592112, 0.00106442463584, -0.000625948887318, 0.000862848770339, 0.000107682062662, 0.00144843454473, 0.000426013430115, 0.000790109799709, -0.00445806933567, 0.0127224223688, -0.00455245701596, 0.00172345538158, 0.000378909753636], [0.000531376979779, -0.00156859157141, 0.00201287562959, -0.00230703433044, 0.00191832834389, -0.00147224077955, -6.56271658954e-05, 0.000238375214394, 0.00228424021043, -0.00455245701596, 0.0135684516281, -0.00403646146879, 0.00126341066789], [-0.000332081661327, 0.00172321568243, -0.00168397161178, 0.00208397395909, -0.00205103587359, 0.00141119002365, -4.01916186092e-05, 0.000429716688814, -0.000389886612538, 0.00172345538158, -0.00403646146879, 0.0137985395268, -0.00373320817016], [0.000215459236642, -0.000336009194143, 0.00124125438742, -0.00149109819904, 0.00104339886457, 1.20594663144e-07, -0.000667191925459, -8.38159830892e-05, -0.000237818501773, 0.000378909753636, 0.00126341066789, -0.00373320817016, 0.0106830159202]], "mean": [-52.5131797791, 53.0318107605, -104.685089111, 15.7189483643, -41.8015937805, 19.1797847748, -39.1665878296, 18.8959751129, -26.1904335022, -0.298030287027, -18.2044487, 1.82639634609, -13.6138486862]}, "hfc": {"dmean": 9.2145614624, "dmean2": 12.2279262543, "dvar": 230.419433594, "dvar2": 381.09866333, "max": 406.541534424, "mean": 22.8150424957, "median": 11.7042818069, "min": 1.22250862379e-16, "var": 850.590454102}, "melbands": {"dmean": [0.000508714409079, 0.000773489649873, 0.000474419794045, 0.000338081823429, 0.000116965631605, 0.000101826197351, 6.48431232548e-05, 8.43225352583e-05, 0.000140560034197, 0.000112099311082, 9.488791693e-05, 0.000103088073956, 8.29292766866e-05, 5.21605397807e-05, 4.14613969042e-05, 4.21433651354e-05, 4.20309188485e-05, 3.37946657964e-05, 2.80076073977e-05, 2.48456417467e-05, 2.62458597717e-05, 2.02651317522e-05, 1.56918376888e-05, 1.06521347334e-05, 6.99257589076e-06, 6.01630654273e-06, 4.88210707772e-06, 3.43284636983e-06, 2.76610194305e-06, 2.07747689274e-06, 1.72006843968e-06, 1.85256328677e-06, 1.91322533283e-06, 2.02249225367e-06, 2.10403936762e-06, 2.15943555304e-06, 2.16197713598e-06, 2.02289083973e-06, 1.69130896666e-06, 1.46669083279e-06], "dmean2": [0.000840544467792, 0.00127854617313, 0.000840751978103, 0.000601223146077, 0.000187807410839, 0.000164468816365, 0.000100735225715, 0.000126593076857, 0.000220465633902, 0.000177504698513, 0.000143439465319, 0.000157942995429, 0.000127704741317, 8.00425113994e-05, 6.41410661046e-05, 6.69093133183e-05, 6.57548735035e-05, 5.32382582605e-05, 4.3894375267e-05, 3.87142754334e-05, 4.17449628003e-05, 3.12596239382e-05, 2.44276652666e-05, 1.62581236509e-05, 1.10224964374e-05, 9.21171886148e-06, 7.60707416703e-06, 5.26637768417e-06, 4.22777247877e-06, 3.17887452184e-06, 2.62287267105e-06, 2.68786652668e-06, 2.7177593438e-06, 2.91633250527e-06, 2.9425257253e-06, 3.01287423099e-06, 3.03202409668e-06, 2.91084711534e-06, 2.34314370573e-06, 2.000056611e-06], "dvar": [1.5697330582e-06, 3.85136718251e-06, 2.05361493499e-06, 1.22458254737e-06, 7.2255815553e-08, 7.81552316198e-08, 2.70902109634e-08, 5.58967165887e-08, 3.3351969364e-07, 1.47726126443e-07, 6.80834588707e-08, 9.27652479277e-08, 5.641905787e-08, 2.4671409804e-08, 1.5628208061e-08, 1.53451793494e-08, 1.09950555327e-08, 8.38761149424e-09, 7.39168681818e-09, 3.79294684549e-09, 7.89335263818e-09, 2.32250174648e-09, 1.48255396848e-09, 7.05882463592e-10, 2.74161360281e-10, 1.63476024384e-10, 1.36390454486e-10, 5.06269644263e-11, 4.07164128802e-11, 2.53776218789e-11, 2.55898947865e-11, 3.53446785728e-11, 2.68505859907e-11, 3.67076855023e-11, 2.94949897839e-11, 3.23346315001e-11, 3.27225468943e-11, 4.46897380213e-11, 4.00277692936e-11, 3.38984708359e-11], "dvar2": [3.84619715987e-06, 9.9408598544e-06, 5.77057880946e-06, 3.46065485246e-06, 1.88606435358e-07, 1.83440391766e-07, 6.20695743692e-08, 1.17753593543e-07, 8.41676182972e-07, 3.84294793321e-07, 1.57598904593e-07, 2.13038973129e-07, 1.34705629762e-07, 5.62630795287e-08, 3.61225502843e-08, 3.83215557065e-08, 2.58519019525e-08, 2.02824548268e-08, 1.86692190596e-08, 9.27636722992e-09, 2.05783390328e-08, 5.40723776865e-09, 3.49019568802e-09, 1.55360235787e-09, 6.59960863736e-10, 3.72011976779e-10, 3.24857807321e-10, 1.16592124844e-10, 9.26432541792e-11, 5.76128832142e-11, 5.47110794169e-11, 6.62735699652e-11, 5.05638829418e-11, 7.75962974431e-11, 5.59424416513e-11, 6.43555833624e-11, 6.31417418351e-11, 8.39361219418e-11, 5.79898559727e-11, 4.93947660551e-11], "max": [0.016869591549, 0.0222001019865, 0.0170846022666, 0.0162799470127, 0.00390726188198, 0.00745246838778, 0.00506825977936, 0.0106092747301, 0.0183805972338, 0.0088073220104, 0.00683142477646, 0.00802855473012, 0.00657145911828, 0.00461640721187, 0.00269313203171, 0.00317815388553, 0.00209448020905, 0.00238633411936, 0.00254727411084, 0.0016375958221, 0.00219747400843, 0.00167422078084, 0.00131674611475, 0.00090440758504, 0.000571282929741, 0.00029966144939, 0.000396376650315, 0.000112773261208, 0.000135145513923, 0.000140723830555, 0.000187451048987, 0.000224136689212, 0.000171449413756, 0.000198537163669, 0.000180608942173, 0.000145742029417, 0.000201374219614, 0.000257716630585, 0.000282549648546, 0.000334484851919], "mean": [0.000526253599674, 0.000849774864037, 0.000471576669952, 0.000290080177365, 0.000162607902894, 0.000136675254907, 9.70498658717e-05, 0.00012481379963, 0.000192693099962, 0.000150575811858, 0.000143630692037, 0.000163998265634, 0.000128404513816, 8.05173986009e-05, 6.1281323724e-05, 6.34452226222e-05, 6.64914477966e-05, 5.31464393134e-05, 4.2787167331e-05, 3.82890611945e-05, 4.57600326627e-05, 3.78676340915e-05, 2.81118336716e-05, 1.87468067452e-05, 1.20769791465e-05, 1.07636415123e-05, 8.45988506626e-06, 6.12709709458e-06, 4.68227926831e-06, 3.21916490975e-06, 2.43284262069e-06, 2.72137936008e-06, 2.76828859569e-06, 2.90454067908e-06, 3.01644149658e-06, 3.07267441713e-06, 3.0215537663e-06, 2.82579276245e-06, 2.42701548814e-06, 2.05211381399e-06], "median": [0.000120386510389, 0.000257323990809, 0.000146949023474, 5.48633543076e-05, 4.09664135077e-05, 3.31081791956e-05, 2.00697795663e-05, 2.41778670897e-05, 3.11041876557e-05, 2.179724288e-05, 2.54108708759e-05, 1.96157016035e-05, 1.99920723389e-05, 1.53216660692e-05, 1.15685907076e-05, 1.13840424092e-05, 1.15527636808e-05, 9.86434679362e-06, 9.91716115095e-06, 1.26572285808e-05, 9.6191333796e-06, 9.95730079012e-06, 7.66578887124e-06, 5.05802927364e-06, 3.27947122969e-06, 2.79520372715e-06, 2.16290027311e-06, 1.37430254199e-06, 8.70907570061e-07, 4.99774614582e-07, 3.39405460181e-07, 4.06009064591e-07, 4.55941886912e-07, 4.42294435743e-07, 5.63657749808e-07, 5.48271145817e-07, 4.96794996252e-07, 4.17132440589e-07, 3.65804254443e-07, 3.30344107624e-07], "min": [4.57457559595e-24, 3.46705985009e-24, 1.34607501443e-23, 3.09595057131e-23, 3.78068215259e-23, 2.92322695176e-23, 7.67834369995e-24, 1.15290451465e-23, 1.13304746571e-23, 1.2163806807e-23, 5.05402711035e-24, 7.95326961403e-24, 5.09477374825e-24, 7.98073775075e-24, 7.90270757431e-24, 1.23400288669e-23, 1.16250487298e-23, 3.95720516292e-24, 9.73649600117e-24, 5.19764397131e-24, 1.02269268816e-23, 1.15591236239e-23, 8.10780194333e-24, 8.98544204369e-24, 8.77161025128e-24, 4.33630252611e-24, 7.81140323542e-24, 7.84904925554e-24, 9.2513536442e-24, 2.23465787772e-23, 1.37525135056e-23, 6.59502902337e-24, 9.08782514514e-24, 9.37925481821e-24, 8.53589782394e-24, 8.94401028009e-24, 8.47378686056e-24, 1.0395155414e-23, 8.10115026818e-24, 1.15016298634e-23], "var": [1.54527833729e-06, 3.41912027579e-06, 1.41278599131e-06, 8.15171688373e-07, 9.63733981507e-08, 1.1175057324e-07, 5.32359365479e-08, 1.26890427055e-07, 4.0787853095e-07, 1.67752418179e-07, 1.19391955877e-07, 1.94379168761e-07, 1.02694734494e-07, 4.9622151721e-08, 2.40350406244e-08, 2.69427680166e-08, 2.38421975496e-08, 1.94283185095e-08, 1.48885881401e-08, 6.63405419488e-09, 1.7887352044e-08, 6.99404090199e-09, 3.50123108284e-09, 1.69720948406e-09, 5.91660276328e-10, 3.99050986699e-10, 2.8097682514e-10, 1.33749969433e-10, 9.52181805625e-11, 5.10457405511e-11, 4.73882599827e-11, 8.57663454146e-11, 6.06336994502e-11, 7.18899662022e-11, 6.06303687811e-11, 6.52304529836e-11, 6.52098097742e-11, 9.71328087407e-11, 1.0241770626e-10, 8.1734938262e-11]}, "melbands_crest": {"dmean": 3.37669253349, "dmean2": 5.4937005043, "dvar": 9.43817520142, "dvar2": 24.0972690582, "max": 38.1612739563, "mean": 13.148106575, "median": 12.2246894836, "min": 2.26102232933, "var": 32.3770599365}, "melbands_flatness_db": {"dmean": 0.0304204113781, "dmean2": 0.0460788160563, "dvar": 0.00126461719628, "dvar2": 0.00276012578979, "max": 0.649319052696, "mean": 0.188670367002, "median": 0.163961678743, "min": 0.0106518277898, "var": 0.00942489691079}, "melbands_kurtosis": {"dmean": 11.4595155716, "dmean2": 18.0665397644, "dvar": 1323.58813477, "dvar2": 3524.19458008, "max": 1057.4597168, "mean": 18.8475761414, "median": 2.85744738579, "min": -1.9650323391, "var": 3133.88842773}, "melbands_skewness": {"dmean": 0.901088237762, "dmean2": 1.36045467854, "dvar": 1.51657700539, "dvar2": 3.52433252335, "max": 24.0839653015, "mean": 2.11531949043, "median": 1.35564506054, "min": -5.8402762413, "var": 6.26911973953}, "melbands_spread": {"dmean": 10.6231784821, "dmean2": 16.4260234833, "dvar": 316.69921875, "dvar2": 614.167053223, "max": 311.17364502, "mean": 34.3468856812, "median": 28.2224197388, "min": 0.285881459713, "var": 1032.3302002}, "mfcc": {"cov": [[18798.6503906, -344.221099854, -1746.29418945, -680.516418457, -344.311859131, -367.844390869, -294.202911377, -153.916229248, -172.807281494, 152.703491211, -207.307235718, -60.3543281555, -182.146820068], [-344.221099854, 2263.41333008, -121.810630798, -194.609695435, 154.856811523, -251.142547607, -24.7020111084, 30.1256046295, -11.6892175674, 42.8855857849, 84.3241195679, 32.9338798523, -33.8277168274], [-1746.29418945, -121.810630798, 1435.21911621, 413.663604736, 183.488479614, 295.035003662, 54.5910186768, 89.5994567871, 74.2641677856, -43.6071128845, 35.0462379456, 19.7242965698, 34.6651992798], [-680.516418457, -194.609695435, 413.663604736, 624.66229248, 299.603027344, 149.123062134, -22.7413692474, -10.149263382, 31.1136436462, -22.8868751526, -26.4617614746, 37.4146194458, 54.3538551331], [-344.311859131, 154.856811523, 183.488479614, 299.603027344, 414.50177002, 143.427688599, -29.7628974915, 28.8281803131, 33.0169410706, 13.7642841339, -3.45686984062, 28.1582069397, 27.7184562683], [-367.844390869, -251.142547607, 295.035003662, 149.123062134, 143.427688599, 364.625488281, 137.574478149, 101.731338501, 57.2064247131, 10.7708072662, 3.10199213028, -7.95490121841, 3.67572259903], [-294.202911377, -24.7020111084, 54.5910186768, -22.7413692474, -29.7628974915, 137.574478149, 275.230682373, 127.534973145, 44.8479385376, 11.3284397125, -0.508351147175, -23.9871807098, 6.89732885361], [-153.916229248, 30.1256046295, 89.5994567871, -10.149263382, 28.8281803131, 101.731338501, 127.534973145, 217.038116455, 79.609916687, 20.0272293091, -12.9763746262, -30.9651184082, 11.3933506012], [-172.807281494, -11.6892175674, 74.2641677856, 31.1136436462, 33.0169410706, 57.2064247131, 44.8479385376, 79.609916687, 159.734283447, 32.9458236694, -10.241440773, -25.292131424, -5.96853733063], [152.703491211, 42.8855857849, -43.6071128845, -22.8868751526, 13.7642841339, 10.7708072662, 11.3284397125, 20.0272293091, 32.9458236694, 121.455825806, 34.6556129456, -2.89565396309, -21.1002349854], [-207.307235718, 84.3241195679, 35.0462379456, -26.4617614746, -3.45686984062, 3.10199213028, -0.508351147175, -12.9763746262, -10.241440773, 34.6556129456, 115.768188477, 34.961643219, -11.9895515442], [-60.3543281555, 32.9338798523, 19.7242965698, 37.4146194458, 28.1582069397, -7.95490121841, -23.9871807098, -30.9651184082, -25.292131424, -2.89565396309, 34.961643219, 102.762619019, 23.8649730682], [-182.146820068, -33.8277168274, 34.6651992798, 54.3538551331, 27.7184562683, 3.67572259903, 6.89732885361, 11.3933506012, -5.96853733063, -21.1002349854, -11.9895515442, 23.8649730682, 101.378631592]], "icov": [[6.48076311336e-05, 1.1970028936e-05, 6.18330741418e-05, 2.92067343253e-05, 1.36196968015e-05, -2.39866058109e-05, 7.6313597674e-05, -3.10855357384e-05, 6.42719460302e-05, -0.000106231767859, 0.000153782704729, -4.57455316791e-05, 8.97084901226e-05], [1.1970028936e-05, 0.00063896359643, -9.5478259027e-05, 0.000412581081036, -0.000801927177235, 0.00084032403538, -0.000322244828567, -0.000185498676728, 4.09960157413e-05, 5.22505524714e-06, -0.000323515501805, -0.000118567833852, 0.00027087162016], [6.18330741418e-05, -9.5478259027e-05, 0.00112326734234, -0.000703983241692, 0.000431894965004, -0.000834008387756, 0.000415660266299, -0.00035119795939, -0.00017580333224, 0.000461681338493, -0.00049053854309, 4.97779183206e-05, 1.19385113067e-05], [2.92067343253e-05, 0.000412581081036, -0.000703983241692, 0.00344194611534, -0.00239254906774, 0.000328276393702, -0.000321774103213, 0.000881992746145, -0.000330031878548, 7.1611480962e-05, 0.000828800781164, -0.000578712206334, -0.000619775382802], [1.36196968015e-05, -0.000801927177235, 0.000431894965004, -0.00239254906774, 0.00541028147563, -0.00250811479054, 0.00184797297698, -0.000717990391422, -9.27872752072e-05, -0.000654013419989, 0.000353860930772, -0.000445544486865, -0.00053624145221], [-2.39866058109e-05, 0.00084032403538, -0.000834008387756, 0.000328276393702, -0.00250811479054, 0.00607638061047, -0.00273950491101, -0.000702259305399, -0.000180297283805, -4.96131087857e-06, -0.000559096806683, -2.40048466367e-05, 0.00100510555785], [7.6313597674e-05, -0.000322244828567, 0.000415660266299, -0.000321774103213, 0.00184797297698, -0.00273950491101, 0.00648130476475, -0.00283910403959, 0.000168721904629, -0.000104227452539, -0.000101617079054, 0.000329785456415, -0.000569259631447], [-3.10855357384e-05, -0.000185498676728, -0.00035119795939, 0.000881992746145, -0.000717990391422, -0.000702259305399, -0.00283910403959, 0.0081961741671, -0.00266575720161, -0.000497029977851, 0.00070669624256, 0.00115750124678, -0.00142602168489], [6.42719460302e-05, 4.09960157413e-05, -0.00017580333224, -0.000330031878548, -9.27872752072e-05, -0.000180297283805, 0.000168721904629, -0.00266575720161, 0.00854645390064, -0.00223130011, 0.000950102228671, 0.00100387539715, 0.000601034262218], [-0.000106231767859, 5.22505524714e-06, 0.000461681338493, 7.1611480962e-05, -0.000654013419989, -4.96131087857e-06, -0.000104227452539, -0.000497029977851, -0.00223130011, 0.0106515707448, -0.00380578637123, 0.000555605511181, 0.00136125739664], [0.000153782704729, -0.000323515501805, -0.00049053854309, 0.000828800781164, 0.000353860930772, -0.000559096806683, -0.000101617079054, 0.00070669624256, 0.000950102228671, -0.00380578637123, 0.0122862290591, -0.00436327513307, 0.00148673099466], [-4.57455316791e-05, -0.000118567833852, 4.97779183206e-05, -0.000578712206334, -0.000445544486865, -2.40048466367e-05, 0.000329785456415, 0.00115750124678, 0.00100387539715, 0.000555605511181, -0.00436327513307, 0.0129933189601, -0.00325829861686], [8.97084901226e-05, 0.00027087162016, 1.19385113067e-05, -0.000619775382802, -0.00053624145221, 0.00100510555785, -0.000569259631447, -0.00142602168489, 0.000601034262218, 0.00136125739664, 0.00148673099466, -0.00325829861686, 0.0120145026594]], "mean": [-699.704711914, 99.0425491333, -3.42186546326, 7.86946487427, 16.9524230957, -0.17040412128, 5.14442396164, 10.4477567673, 1.5499818325, 3.45810461044, -2.55686378479, -0.337914764881, -0.131818562746]}, "pitch_salience": {"dmean": 0.0763083770871, "dmean2": 0.122921541333, "dvar": 0.00543170329183, "dvar2": 0.01388043724, "max": 0.915554761887, "mean": 0.558756113052, "median": 0.569092392921, "min": 0.0861494094133, "var": 0.0154817001894}, "silence_rate_20dB": {"dmean": 0, "dmean2": 0, "dvar": 0, "dvar2": 0, "max": 1, "mean": 1, "median": 1, "min": 1, "var": 0}, "silence_rate_30dB": {"dmean": 0, "dmean2": 0, "dvar": 0, "dvar2": 0, "max": 1, "mean": 1, "median": 1, "min": 1, "var": 0}, "silence_rate_60dB": {"dmean": 0.0600195713341, "dmean2": 0.120052196085, "dvar": 0.0564163327217, "dvar2": 0.119117431343, "max": 1, "mean": 0.19547727704, "median": 0, "min": 0, "var": 0.157262161374}, "spectral_centroid": {"dmean": 286.009918213, "dmean2": 434.954711914, "dvar": 176670.015625, "dvar2": 324432.1875, "max": 11625.7451172, "mean": 1620.98156738, "median": 1590.3380127, "min": 112.591934204, "var": 756964.4375}, "spectral_complexity": {"dmean": 3.96607589722, "dmean2": 5.6385383606, "dvar": 28.7156486511, "dvar2": 51.6220092773, "max": 56, "mean": 15.3451833725, "median": 13, "min": 0, "var": 143.24256897}, "spectral_contrast_coeffs": {"dmean": [0.0508670918643, 0.0497815012932, 0.0430544875562, 0.034981161356, 0.0279251541942, 0.0184559673071], "dmean2": [0.0842244699597, 0.0794570073485, 0.066653393209, 0.0549525171518, 0.0432656221092, 0.0284878779203], "dvar": [0.00216550170444, 0.00204505235888, 0.0015760269016, 0.00100404652767, 0.000679577991832, 0.000303159438772], "dvar2": [0.00587465986609, 0.00471988972276, 0.00341441389173, 0.00223105004989, 0.00147828669287, 0.000690428249072], "max": [-0.344473481178, -0.301519989967, -0.372039318085, -0.474081873894, -0.558937191963, -0.632446348667], "mean": [-0.685035645962, -0.737815022469, -0.749851047993, -0.769785940647, -0.771794736385, -0.818461298943], "median": [-0.686918735504, -0.753609836102, -0.764057040215, -0.773854911327, -0.773573637009, -0.823366224766], "min": [-0.957830369473, -0.969731211662, -0.965018868446, -0.962180256844, -0.960036933422, -0.963267087936], "var": [0.00657419441268, 0.00999589730054, 0.0101862587035, 0.00565229356289, 0.00402856105939, 0.00197043339722]}, "spectral_contrast_valleys": {"dmean": [0.496415108442, 0.476245701313, 0.447694718838, 0.414221554995, 0.398059397936, 0.439675629139], "dmean2": [0.771903216839, 0.726233363152, 0.653111755848, 0.57994800806, 0.528280436993, 0.514806807041], "dvar": [0.252636194229, 0.269892722368, 0.248403921723, 0.244787991047, 0.230845227838, 0.263149797916], "dvar2": [0.487594425678, 0.536227881908, 0.453596830368, 0.434865534306, 0.394677102566, 0.406769126654], "max": [-5.1334271431, -4.88204717636, -5.15134048462, -5.67407131195, -5.61549329758, -7.12017059326], "mean": [-8.11234664917, -7.80946874619, -8.06922149658, -8.27907276154, -8.25030326843, -10.2932367325], "median": [-7.79613780975, -7.4708776474, -7.72917842865, -7.82372522354, -7.84538507462, -9.99433135986], "min": [-27.1232128143, -27.6430187225, -27.2076568604, -27.3333778381, -27.2844429016, -27.2092666626], "var": [2.49688506126, 2.63902068138, 2.73776912689, 2.90519618988, 2.84698534012, 2.79265332222]}, "spectral_decrease": {"dmean": 1.92136773158e-09, "dmean2": 2.91179746981e-09, "dvar": 1.24582664673e-17, "dvar2": 3.00053910765e-17, "max": 1.00814903406e-28, "mean": -3.90095289404e-09, "median": -2.35718333741e-09, "min": -3.63120307156e-08, "var": 1.9368123023e-17}, "spectral_energy": {"dmean": 0.00792205613106, "dmean2": 0.0118004279211, "dvar": 0.000195922839339, "dvar2": 0.000462549971417, "max": 0.142116382718, "mean": 0.016792466864, "median": 0.010377695784, "min": 1.07080170116e-20, "var": 0.000336696946761}, "spectral_energyband_high": {"dmean": 0.000657237309497, "dmean2": 0.000855254533235, "dvar": 2.02446426556e-06, "dvar2": 3.17073681799e-06, "max": 0.0399060584605, "mean": 0.00113337882794, "median": 0.000301469030092, "min": 7.83608954566e-21, "var": 6.12706253378e-06}, "spectral_energyband_low": {"dmean": 0.00349369738251, "dmean2": 0.0056594950147, "dvar": 7.48019956518e-05, "dvar2": 0.000185895842151, "max": 0.098051905632, "mean": 0.00420180335641, "median": 0.00144654139876, "min": 3.26648620626e-23, "var": 7.47033773223e-05}, "spectral_energyband_middle_high": {"dmean": 0.00237787235528, "dmean2": 0.00343539263122, "dvar": 1.47482887769e-05, "dvar2": 3.06884576275e-05, "max": 0.0618412494659, "mean": 0.0065620704554, "median": 0.00307964091189, "min": 1.22403070982e-21, "var": 7.26626312826e-05}, "spectral_energyband_middle_low": {"dmean": 0.00368194561452, "dmean2": 0.00598193984479, "dvar": 6.43218081677e-05, "dvar2": 0.000169591119629, "max": 0.100368186831, "mean": 0.00553153688088, "median": 0.0027859644033, "min": 5.21932993114e-22, "var": 7.12146284059e-05}, "spectral_entropy": {"dmean": 0.220821380615, "dmean2": 0.304610460997, "dvar": 0.0607006475329, "dvar2": 0.116095967591, "max": 9.80668449402, "mean": 7.58659553528, "median": 7.6627779007, "min": 4.65699863434, "var": 0.394020617008}, "spectral_flux": {"dmean": 0.0258581116796, "dmean2": 0.0385064892471, "dvar": 0.00116361596156, "dvar2": 0.00229827710427, "max": 0.367091566324, "mean": 0.0746282041073, "median": 0.0629741549492, "min": 1.03479551317e-10, "var": 0.00308804004453}, "spectral_kurtosis": {"dmean": 1.69522047043, "dmean2": 2.46758174896, "dvar": 4.44357156754, "dvar2": 9.57437324524, "max": 38.4169502258, "mean": 5.76355600357, "median": 5.03326940536, "min": -1.17889451981, "var": 18.218996048}, "spectral_rms": {"dmean": 0.000822933448944, "dmean2": 0.00115426245611, "dvar": 1.32058426061e-06, "dvar2": 2.79150208371e-06, "max": 0.0117749786004, "mean": 0.00347958994098, "median": 0.00318191479892, "min": 3.2321580308e-12, "var": 4.275239462e-06}, "spectral_rolloff": {"dmean": 791.875183105, "dmean2": 1349.18469238, "dvar": 2473321.5, "dvar2": 5948602.5, "max": 18992.2851563, "mean": 2246.02075195, "median": 1744.18945313, "min": 43.06640625, "var": 5066343}, "spectral_skewness": {"dmean": 0.240534096956, "dmean2": 0.346714824438, "dvar": 0.0751621574163, "dvar2": 0.148696228862, "max": 5.33271408081, "mean": 1.87564897537, "median": 1.83466291428, "min": -0.32967621088, "var": 0.400738686323}, "spectral_spread": {"dmean": 888241.8125, "dmean2": 1232448.75, "dvar": 1001019473920.0, "dvar2": 1984632193020.0, "max": 39983328, "mean": 5593503.5, "median": 5280010, "min": 1462532.875, "var": 4320686243840.0}, "spectral_strongpeak": {