{"lowlevel": {"average_loudness": 0.911535680294, "barkbands": {"dmean": [4.72236433779e-06, 0.00140317808837, 0.00044968421571, 0.000140654927236, 0.000419569114456, 0.000216683925828, 0.000644201820251, 0.000555005099159, 0.000519160181284, 0.00032559785177, 0.000379926292226, 0.000352058734279, 0.000333781325025, 0.000262183923041, 0.000409396510804, 0.00027549196966, 0.000353531591827, 0.000231428042753, 0.000365133106243, 7.95098239905e-05, 3.35014592565e-05, 4.9499241868e-05, 4.92420367664e-05, 4.15895628976e-05, 6.17618570686e-05, 4.32840606663e-05, 2.34600315707e-06], "dmean2": [7.76259184931e-06, 0.00225885817781, 0.000763702148106, 0.000234853898291, 0.000665800878778, 0.000357938173693, 0.000922449631616, 0.000823782000225, 0.000739809533115, 0.000460434326669, 0.000532549398486, 0.000520744477399, 0.000507080694661, 0.000381789839594, 0.000600973144174, 0.000413180096075, 0.000514559564181, 0.000331391725922, 0.000491584301926, 0.000121805147501, 5.15739629918e-05, 7.89018158684e-05, 7.57552479627e-05, 6.77671050653e-05, 0.000104467238998, 7.42927586543e-05, 4.06653634855e-06], "dvar": [1.07955297479e-10, 4.39419818576e-06, 3.93654971731e-07, 4.59438247447e-08, 4.67524444048e-07, 1.84972719808e-07, 3.35995969181e-06, 3.06766401081e-06, 1.90141031453e-06, 1.63712661561e-06, 1.71287615558e-06, 8.37313336888e-07, 7.19591866982e-07, 4.43428461949e-07, 9.02760859844e-07, 7.70519534399e-07, 4.75116166854e-07, 2.51444276955e-07, 4.9089391041e-07, 3.17636903446e-08, 7.17704207176e-09, 1.21718466417e-08, 1.48430903124e-08, 7.37353378355e-09, 2.43305908754e-08, 1.29845423302e-08, 6.66626892576e-11], "dvar2": [2.77659284453e-10, 1.13268188215e-05, 1.04938760614e-06, 1.17072495698e-07, 1.16450553378e-06, 4.48719930546e-07, 6.25089205641e-06, 6.19391857981e-06, 3.40122733178e-06, 2.92735717267e-06, 3.01461636809e-06, 1.77344793428e-06, 1.48121705479e-06, 8.70311737344e-07, 1.83945235221e-06, 1.49747199885e-06, 9.21385947095e-07, 4.85289660901e-07, 8.64292587721e-07, 6.81632954525e-08, 1.80279098316e-08, 2.75898113244e-08, 2.62939412465e-08, 1.8486268516e-08, 6.39379180711e-08, 3.44293908938e-08, 1.8557613779e-10], "max": [0.000113987523946, 0.0243153814226, 0.00789312645793, 0.00465735932812, 0.013991387561, 0.0111305499449, 0.0461527183652, 0.0423427037895, 0.0256308503449, 0.0426031388342, 0.054587688297, 0.0171744786203, 0.0207057371736, 0.0147385569289, 0.0360367670655, 0.0367272272706, 0.0188951231539, 0.0118297887966, 0.0128579605371, 0.00434034364298, 0.00149590184446, 0.00356306717731, 0.0045149079524, 0.000991506269202, 0.00193702825345, 0.00152486702427, 0.000211762511753], "mean": [1.13953101391e-05, 0.00337790627964, 0.00074330624193, 0.000207966528251, 0.000841738947202, 0.000395754206693, 0.00113029812928, 0.00090472510783, 0.000978792202659, 0.000672455353197, 0.000734765082598, 0.000658206292428, 0.000653543742374, 0.000444624078227, 0.000911619164981, 0.000598937389441, 0.000814436760265, 0.000531787110958, 0.000943768711295, 0.000129715277581, 4.11828877986e-05, 5.72777134948e-05, 6.7670000135e-05, 4.07478146371e-05, 4.70824525109e-05, 3.01825511997e-05, 1.79749224571e-06], "median": [9.52324398895e-07, 0.00171359174419, 0.000462241325295, 0.0001234744268, 0.000463106232928, 0.000190009464859, 0.000221630747546, 0.000141421376611, 0.000233710044995, 5.18688539159e-05, 0.00011036345677, 0.000163801989402, 0.000162304117111, 0.000103354432213, 0.000290855939966, 0.000170643790625, 0.000289410469122, 0.000156043388415, 0.000170119950781, 4.91680111736e-05, 1.31067999973e-05, 1.80948336492e-05, 1.68849292095e-05, 8.97107020137e-06, 3.52944971382e-06, 8.96178335097e-07, 2.79763298749e-07], "min": [1.10889487194e-24, 3.29916895022e-24, 1.78539969893e-24, 1.86575149302e-24, 1.07010283414e-23, 1.07968110436e-23, 5.09118127569e-24, 6.99754490583e-24, 1.22694289714e-23, 3.46864853707e-23, 1.72875727713e-23, 3.29663079026e-23, 4.14738225111e-23, 4.97495476976e-23, 4.59346195154e-23, 6.39867357657e-23, 6.32198367481e-23, 9.02134957215e-23, 1.2105877122e-22, 1.63811674891e-22, 2.48137699728e-22, 3.10132018972e-22, 3.74045908166e-22, 6.41919064964e-22, 7.15314330176e-22, 1.3610543092e-21, 1.90807161497e-21], "var": [4.07565647897e-10, 1.37388369694e-05, 7.6782657743e-07, 7.42430330547e-08, 1.18574155294e-06, 4.8802701258e-07, 8.32607292978e-06, 6.1910873228e-06, 5.16447380505e-06, 7.6334890764e-06, 6.83677217239e-06, 2.1392211238e-06, 2.18967966248e-06, 1.10590667646e-06, 3.03626779896e-06, 2.23149345402e-06, 1.74577598955e-06, 9.63889533523e-07, 2.66024130724e-06, 6.6834488166e-08, 7.46576489519e-09, 1.70237157704e-08, 5.26388177491e-08, 6.92017421144e-09, 1.81340933381e-08, 9.26456067418e-09, 4.2146799939e-11]}, "barkbands_crest": {"dmean": 2.28356122971, "dmean2": 3.61144566536, "dvar": 5.11033535004, "dvar2": 11.5548677444, "max": 26.9159488678, "mean": 9.82631587982, "median": 8.7542963028, "min": 2.15441274643, "var": 19.7988529205}, "barkbands_flatness_db": {"dmean": 0.0240364056081, "dmean2": 0.0347953327, "dvar": 0.000588344584685, "dvar2": 0.00114924903028, "max": 0.770734965801, "mean": 0.134543582797, "median": 0.13591453433, "min": 0.0216464456171, "var": 0.00243830843829}, "barkbands_kurtosis": {"dmean": 18.3002681732, "dmean2": 35.5461730957, "dvar": 350974.1875, "dvar2": 1203263, "max": 29891.1679688, "mean": 13.377872467, "median": -0.394142270088, "min": -1.89890384674, "var": 248010.828125}, "barkbands_skewness": {"dmean": 0.520739376545, "dmean2": 0.799247443676, "dvar": 6.40021181107, "dvar2": 20.2581996918, "max": 154.795196533, "mean": 0.667952895164, "median": 0.459047168493, "min": -2.9290189743, "var": 12.119509697}, "barkbands_spread": {"dmean": 7.27280902863, "dmean2": 11.3397722244, "dvar": 81.625793457, "dvar2": 192.967254639, "max": 129.517227173, "mean": 30.106470108, "median": 28.2150421143, "min": 0.0151961268857, "var": 202.0650177}, "dissonance": {"dmean": 0.0150717394426, "dmean2": 0.0251226853579, "dvar": 0.000261719222181, "dvar2": 0.000706796941813, "max": 0.500000059605, "mean": 0.471461445093, "median": 0.478465497494, "min": 0.313315749168, "var": 0.000593215692788}, "dynamic_complexity": 3.57040596008, "erbbands": {"dmean": [0.0240927170962, 0.367026239634, 0.645881056786, 0.353167593479, 0.686618328094, 1.81915867329, 2.03339672089, 1.79192960262, 5.22508907318, 12.5972471237, 12.4022932053, 10.6558179855, 10.366276741, 12.6500291824, 11.8720417023, 12.5737295151, 14.3513803482, 12.4376516342, 13.3047351837, 19.9025630951, 17.0865058899, 20.6065979004, 11.5576848984, 14.7791805267, 15.8291110992, 2.77919816971, 1.44542121887, 1.46424102783, 1.91295742989, 1.49425530434, 1.43198883533, 0.81470054388, 0.769851207733, 0.627527534962, 0.474126756191, 0.242990553379, 0.069769077003, 0.00816926453263, 0.000414343783632, 1.73186654138e-05], "dmean2": [0.0364300869405, 0.598056077957, 1.08513343334, 0.582840740681, 1.08799862862, 2.86682915688, 3.30568480492, 2.91269230843, 7.47116231918, 18.2634544373, 18.2563552856, 15.1619577408, 13.8317499161, 17.1835861206, 16.9625415802, 18.4148960114, 21.4946804047, 17.9808712006, 19.3442401886, 29.4188289642, 25.0521335602, 29.5528869629, 16.0495910645, 19.9292984009, 21.1940689087, 4.03500938416, 2.19006109238, 2.28106713295, 3.09818601608, 2.26511788368, 2.24614739418, 1.28824782372, 1.28418731689, 1.05591678619, 0.807956576347, 0.416611641645, 0.119984768331, 0.0141249038279, 0.000715744739864, 2.86201666313e-05], "dvar": [0.00167533068452, 0.294882446527, 0.781998574734, 0.213121503592, 1.27144432068, 10.6057901382, 18.5596084595, 12.1367235184, 244.344970703, 1338.5045166, 1451.59216309, 879.049743652, 1258.27893066, 2258.93920898, 1253.99536133, 1155.00048828, 1407.51733398, 1177.80651855, 898.427368164, 2037.5357666, 3536.37329102, 1792.74523926, 545.129882812, 826.258239746, 941.054321289, 23.7464790344, 10.6366052628, 14.1418161392, 19.1443214417, 13.7136974335, 13.1423444748, 2.82764911652, 2.83933854103, 2.55821537971, 1.42841434479, 0.396199643612, 0.0364934653044, 0.000615213532001, 1.79189726168e-06, 2.02126049231e-09], "dvar2": [0.00316876033321, 0.792437851429, 2.06143283844, 0.532511472702, 3.21729850769, 25.5272083282, 48.2728996277, 27.3744182587, 448.610961914, 2624.73706055, 3002.62768555, 1633.98937988, 2134.94799805, 3993.93774414, 2362.97412109, 2348.42382812, 2930.0456543, 2254.40185547, 1822.95715332, 4050.78295898, 6733.70556641, 3421.18579102, 988.035217285, 1523.62658691, 1614.03894043, 49.1141700745, 26.204366684, 35.6572608948, 44.6874046326, 26.8509101868, 24.8528137207, 6.48842859268, 7.25382041931, 6.71466588974, 3.77009344101, 1.04809343815, 0.0974766761065, 0.00167672906537, 4.94081723446e-06, 5.54683809995e-09], "max": [0.475016444921, 6.27539539337, 11.6001205444, 8.16110420227, 27.3000087738, 72.6833267212, 133.954193115, 102.802932739, 456.955413818, 1075.76965332, 830.159118652, 741.606628418, 1158.7689209, 1846.36083984, 909.393127441, 889.243164062, 738.907714844, 941.587341309, 856.236328125, 1698.74108887, 2491.51147461, 1275.84460449, 736.926208496, 653.522827148, 639.993896484, 77.2756195068, 54.3091926575, 73.3120803833, 140.888671875, 159.069290161, 150.194473267, 43.3427619934, 18.6473960876, 22.2078018188, 16.1139602661, 9.50081825256, 2.95868515968, 0.42728587985, 0.028578447178, 0.000788212404586], "mean": [0.0739206820726, 0.826352000237, 1.16772651672, 0.657931625843, 1.21503686905, 3.43844079971, 3.93690776825, 3.30492138863, 9.01026916504, 23.1071205139, 21.2920074463, 20.5834445953, 21.4120388031, 29.4349498749, 24.5687179565, 24.9942035675, 30.3466434479, 24.1732578278, 26.9150333405, 48.8381958008, 40.3343238831, 49.9222068787, 29.416721344, 39.9817886353, 40.0244483948, 6.05867624283, 2.09910202026, 1.72431600094, 2.09709715843, 2.04204797745, 1.91904520988, 0.981288135052, 0.648241698742, 0.488035321236, 0.354451596737, 0.17288993299, 0.0481345281005, 0.00568799953908, 0.000321280036587, 3.24114917021e-05], "median": [0.0154389198869, 0.47736081481, 0.804372549057, 0.49577242136, 0.702662944794, 1.47207248211, 1.57635390759, 1.76914513111, 2.26874494553, 5.03727579117, 4.57259988785, 5.079870224, 3.09079408646, 3.79033946991, 5.4311413765, 7.02645015717, 9.48472976685, 6.38346385956, 10.2695102692, 18.1670837402, 13.6956386566, 18.8399353027, 10.8919591904, 10.4514713287, 8.39275550842, 2.91998529434, 0.95182621479, 0.543986558914, 0.627633929253, 0.628216981888, 0.448249995708, 0.262240767479, 0.0998985245824, 0.0430187284946, 0.0241389125586, 0.0066140498966, 0.00127249117941, 0.000277354614809, 5.68382238271e-05, 2.28051958402e-05], "min": [5.05604304439e-23, 6.13030549475e-22, 2.7695111566e-21, 9.45741524505e-21, 1.28613192035e-20, 2.3104886418e-20, 4.07259886586e-20, 6.97871086308e-20, 1.2237315152e-19, 1.22448114763e-19, 2.37830245938e-19, 3.18173730149e-19, 6.8381434087e-19, 8.51363392857e-19, 1.02763811463e-18, 1.65895569642e-18, 2.10160620178e-18, 2.59107523322e-18, 3.05544781166e-18, 2.92707000098e-18, 4.01763236519e-18, 4.59933265531e-18, 4.89551170467e-18, 6.84945624095e-18, 6.58527956871e-18, 7.16797330275e-18, 1.0377436561e-17, 1.08667875124e-17, 1.10151109224e-17, 1.07554481748e-17, 9.89383534203e-18, 1.1872395119e-17, 9.74170855558e-18, 8.45907237159e-18, 4.72268513698e-18, 4.26899146024e-18, 2.6594818291e-18, 1.01984224755e-18, 2.61269856161e-19, 2.61228710388e-20], "var": [0.0108699910343, 0.771239995956, 1.66586899757, 0.406608849764, 2.38238477707, 26.7275905609, 48.3652572632, 30.226398468, 584.405212402, 3219.08789062, 2987.09008789, 2387.12988281, 5067.25146484, 11586.0009766, 4379.27148438, 3027.91210938, 4076.75708008, 3449.02832031, 2327.02734375, 8198.22167969, 9963.87890625, 6629.91210938, 2459.88012695, 4512.39257812, 4679.88427734, 75.2402496338, 12.442691803, 14.5096445084, 23.6106376648, 32.2897109985, 47.3305244446, 4.42996644974, 2.3253068924, 1.91954803467, 1.04766762257, 0.284691005945, 0.0255818162113, 0.000410260574427, 1.1634740531e-06, 1.5833835354e-09]}, "erbbands_crest": {"dmean": 2.53781175613, "dmean2": 3.94463610649, "dvar": 6.40033149719, "dvar2": 14.3564815521, "max": 31.3173847198, "mean": 10.4436254501, "median": 9.53325462341, "min": 2.20083546638, "var": 22.6931190491}, "erbbands_flatness_db": {"dmean": 0.0263210888952, "dmean2": 0.0361704677343, "dvar": 0.000761773146223, "dvar2": 0.00137215596624, "max": 0.373380035162, "mean": 0.180850014091, "median": 0.184595406055, "min": 0.029784489423, "var": 0.00308306422085}, "erbbands_kurtosis": {"dmean": 1.10068261623, "dmean2": 1.6784876585, "dvar": 2.24977326393, "dvar2": 4.76046943665, "max": 34.5912590027, "mean": 1.49521255493, "median": 0.521342039108, "min": -1.81380736828, "var": 9.05030536652}, "erbbands_skewness": {"dmean": 0.37588378787, "dmean2": 0.547641277313, "dvar": 0.154391765594, "dvar2": 0.327006697655, "max": 3.8383128643, "mean": -0.522349715233, "median": -0.49377784133, "min": -4.61445808411, "var": 0.945956945419}, "erbbands_spread": {"dmean": 6.87237787247, "dmean2": 10.5769433975, "dvar": 74.9591827393, "dvar2": 169.070053101, "max": 182.823364258, "mean": 28.3250980377, "median": 25.6675033569, "min": 2.1318256855, "var": 235.210632324}, "gfcc": {"cov": [[27478.7070312, 1938.96484375, -2976.51147461, 587.353393555, -1116.58435059, 81.7642974854, -641.95489502, 614.25378418, -440.642791748, -89.1364059448, -50.429309845, 55.7296791077, -480.033630371], [1938.96484375, 1401.20703125, -634.441955566, 42.6159439087, 147.678863525, -189.71963501, 181.792312622, 26.6183223724, 99.5065307617, -170.067550659, 206.928009033, -104.643608093, -12.62550354], [-2976.51147461, -634.441955566, 1065.08459473, 2.71966767311, -36.211517334, 174.327377319, 10.6914319992, -36.9568824768, -40.9109802246, 179.269393921, -104.335678101, 89.1556091309, 69.7231292725], [587.353393555, 42.6159439087, 2.71966767311, 319.252075195, 72.608215332, 5.61469888687, -47.6190910339, 6.01798868179, 54.3651809692, 20.5654716492, 24.1165828705, -11.7548294067, 17.0214977264], [-1116.58435059, 147.678863525, -36.211517334, 72.608215332, 418.178314209, 11.2628297806, 11.4922971725, -22.6049575806, 95.3522262573, 17.7616291046, -4.85733222961, -24.6280021667, 60.2843742371], [81.7642974854, -189.71963501, 174.327377319, 5.61469888687, 11.2628297806, 236.233123779, 25.8690242767, -2.54230332375, -17.1667022705, 66.5685501099, -70.7989959717, 30.71185112, 34.7569541931], [-641.95489502, 181.792312622, 10.6914319992, -47.6190910339, 11.4922971725, 25.8690242767, 263.491485596, 61.2328033447, -6.72899961472, -63.7185821533, 93.4413452148, -21.9003829956, -12.9162063599], [614.25378418, 26.6183223724, -36.9568824768, 6.01798868179, -22.6049575806, -2.54230332375, 61.2328033447, 160.218444824, 12.1366271973, -21.3918418884, 50.1699333191, 10.9667310715, -42.20570755], [-440.642791748, 99.5065307617, -40.9109802246, 54.3651809692, 95.3522262573, -17.1667022705, -6.72899961472, 12.1366271973, 154.985336304, 12.7378177643, 28.3887138367, -17.4438438416, 28.7991333008], [-89.1364059448, -170.067550659, 179.269393921, 20.5654716492, 17.7616291046, 66.5685501099, -63.7185821533, -21.3918418884, 12.7378177643, 150.115844727, -44.2148361206, 7.11499071121, 19.2469062805], [-50.429309845, 206.928009033, -104.335678101, 24.1165828705, -4.85733222961, -70.7989959717, 93.4413452148, 50.1699333191, 28.3887138367, -44.2148361206, 162.733596802, -10.5832538605, -42.8811264038], [55.7296791077, -104.643608093, 89.1556091309, -11.7548294067, -24.6280021667, 30.71185112, -21.9003829956, 10.9667310715, -17.4438438416, 7.11499071121, -10.5832538605, 83.9764404297, 19.9012985229], [-480.033630371, -12.62550354, 69.7231292725, 17.0214977264, 60.2843742371, 34.7569541931, -12.9162063599, -42.20570755, 28.7991333008, 19.2469062805, -42.8811264038, 19.9012985229, 110.546905518]], "icov": [[0.000326458772179, -0.000694937363733, 0.000967643398326, -0.000826088886242, 0.000931147718802, -0.000801126589067, 0.000809753255453, -0.00137342093512, 0.00108011404518, -0.00107856828254, 0.000987603212707, -0.000979305594228, 0.000635268283077], [-0.000694937363733, 0.00285423663445, -0.00143664854113, 0.00164301495533, -0.00221664551646, 0.00213059247471, -0.00245158537291, 0.0032092477195, -0.00252692797221, 0.00251735793427, -0.00295037124306, 0.00263996864669, -0.00196051201783], [0.000967643398326, -0.00143664854113, 0.00466833030805, -0.00275508733466, 0.00286145228893, -0.00214170943946, 0.000952514063101, -0.00358376069926, 0.00321614486165, -0.00499628810212, 0.00344105088152, -0.00426791002974, 0.00150875514373], [-0.000826088886242, 0.00164301495533, -0.00275508733466, 0.0059230402112, -0.00281212292612, 0.00114657834638, -0.000218803383177, 0.00285784294829, -0.00317813130096, 0.00311566144228, -0.00431687850505, 0.00377695867792, -0.00240426464006], [0.000931147718802, -0.00221664551646, 0.00286145228893, -0.00281212292612, 0.00577918346971, -0.00233237701468, 0.00181612651795, -0.00363701069728, 0.00160687044263, -0.00350353866816, 0.00340851559304, -0.00243903580122, 0.000776472035795], [-0.000801126589067, 0.00213059247471, -0.00214170943946, 0.00114657834638, -0.00233237701468, 0.00914248730987, -0.00546317268163, 0.00335536594503, -0.00259040971287, -0.000425299542258, 0.0013857325539, -0.00019428091764, -0.00169963331427], [0.000809753255453, -0.00245158537291, 0.000952514063101, -0.000218803383177, 0.00181612651795, -0.00546317268163, 0.0108647989109, -0.00587940542027, 0.00418668612838, 0.0012697391212, -0.00311367074028, 0.00197492376901, -0.000453903514426], [-0.00137342093512, 0.0032092477195, -0.00358376069926, 0.00285784294829, -0.00363701069728, 0.00335536594503, -0.00587940542027, 0.0144500415772, -0.00633331760764, 0.0042940559797, -0.00435248576105, 0.000929682864808, 0.00102788000368], [0.00108011404518, -0.00252692797221, 0.00321614486165, -0.00317813130096, 0.00160687044263, -0.00259040971287, 0.00418668612838, -0.00633331760764, 0.0128814056516, -0.0044756452553, 0.000692151952535, -0.0009452002123, -0.00126603548415], [-0.00107856828254, 0.00251735793427, -0.00499628810212, 0.00311566144228, -0.00350353866816, -0.000425299542258, 0.0012697391212, 0.0042940559797, -0.0044756452553, 0.0151198431849, -0.00487362593412, 0.00622852100059, -0.00237071909942], [0.000987603212707, -0.00295037124306, 0.00344105088152, -0.00431687850505, 0.00340851559304, 0.0013857325539, -0.00311367074028, -0.00435248576105, 0.000692151952535, -0.00487362593412, 0.0166999232024, -0.00723704742268, 0.00657492922619], [-0.000979305594228, 0.00263996864669, -0.00426791002974, 0.00377695867792, -0.00243903580122, -0.00019428091764, 0.00197492376901, 0.000929682864808, -0.0009452002123, 0.00622852100059, -0.00723704742268, 0.0207371544093, -0.00724252918735], [0.000635268283077, -0.00196051201783, 0.00150875514373, -0.00240426464006, 0.000776472035795, -0.00169963331427, -0.000453903514426, 0.00102788000368, -0.00126603548415, -0.00237071909942, 0.00657492922619, -0.00724252918735, 0.0160463768989]], "mean": [-48.5531616211, 88.0593185425, -133.35369873, 30.0296478271, -36.8195152283, 10.9054479599, -36.0027923584, 17.1625080109, -13.8401870728, 0.752044558525, -8.64712047577, 0.850386500359, -14.6537628174]}, "hfc": {"dmean": 5.7835931778, "dmean2": 8.17333221436, "dvar": 64.465423584, "dvar2": 132.527587891, "max": 130.290237427, "mean": 18.6633090973, "median": 13.4709663391, "min": 1.10001349828e-16, "var": 279.522583008}, "melbands": {"dmean": [0.000315881916322, 0.000396441493649, 6.92330431775e-05, 8.16350438981e-05, 7.60830735089e-05, 4.08274427173e-05, 9.58937307587e-05, 0.000137029142934, 0.000101448888017, 6.79506701999e-05, 5.37242740393e-05, 5.20526082255e-05, 4.59649672848e-05, 3.61283018719e-05, 3.76195821445e-05, 3.29108806909e-05, 2.30608566198e-05, 2.02905666811e-05, 3.59597979696e-05, 1.87914447451e-05, 2.06552231248e-05, 2.53455054917e-05, 1.30688304125e-05, 1.0680007108e-05, 1.27676339616e-05, 1.58603597811e-05, 6.2024091676e-06, 1.3087434354e-06, 1.00834324712e-06, 8.08866275293e-07, 8.75992782312e-07, 1.14793601824e-06, 9.17112913612e-07, 8.53953167734e-07, 9.03999762158e-07, 6.33541560546e-07, 4.61777375449e-07, 5.53301276796e-07, 4.97299708968e-07, 5.55633960175e-07], "dmean2": [0.000496578926686, 0.000656231481116, 0.000112238201837, 0.000129348845803, 0.000122259851196, 6.57638302073e-05, 0.000136617352837, 0.000198863664991, 0.000149410741869, 9.61837722571e-05, 7.18808951206e-05, 7.05169222783e-05, 6.42615996185e-05, 5.35449762538e-05, 5.62968089071e-05, 4.93278421345e-05, 3.34620963258e-05, 2.97108326777e-05, 5.25260220456e-05, 2.80292206298e-05, 3.04262757709e-05, 3.67117172573e-05, 1.88280628208e-05, 1.48817989611e-05, 1.76644571184e-05, 2.13785297092e-05, 8.72027976584e-06, 2.03343506655e-06, 1.55127247581e-06, 1.26588929561e-06, 1.38767745739e-06, 1.8921539322e-06, 1.43686020238e-06, 1.30125465603e-06, 1.41259795328e-06, 9.98063569568e-07, 7.38045571325e-07, 9.33069316034e-07, 8.26633538509e-07, 9.44979603901e-07], "dvar": [2.40228075654e-07, 2.91929836749e-07, 8.4961069291e-09, 1.745337741e-08, 2.16048281487e-08, 7.2951524821e-09, 7.35091063575e-08, 1.39189836545e-07, 8.9443560114e-08, 3.63886023536e-08, 3.4257126913e-08, 3.65081262999e-08, 2.08146850866e-08, 1.09995887954e-08, 9.2845455768e-09, 7.49982476123e-09, 3.9586853795e-09, 2.72525069178e-09, 8.22549317547e-09, 1.70384628628e-09, 5.65547964015e-09, 3.16476067574e-09, 7.88825615938e-10, 6.61327437257e-10, 6.77432998586e-10, 1.04510933241e-09, 1.61028315682e-10, 7.96708012063e-12, 5.31741577853e-12, 4.4494971943e-12, 5.16066052739e-12, 6.67590592182e-12, 5.01107749046e-12, 5.07126849195e-12, 5.81726854187e-12, 2.534988712e-12, 9.18238358613e-13, 1.42950267509e-12, 1.5398307629e-12, 2.2049324172e-12], "dvar2": [5.57703231152e-07, 7.96529548097e-07, 2.03151770961e-08, 4.27987778551e-08, 5.52264296516e-08, 1.55715458305e-08, 1.34029363608e-07, 2.72456276207e-07, 1.83678523058e-07, 6.41925197442e-08, 5.59217134821e-08, 6.46055511311e-08, 3.66310501931e-08, 2.32438548409e-08, 1.99532372847e-08, 1.51444989882e-08, 7.71633690277e-09, 5.5496469642e-09, 1.72054992476e-08, 3.25433791026e-09, 1.06748219153e-08, 6.07492367521e-09, 1.55327639639e-09, 1.18672816019e-09, 1.31859756447e-09, 1.91982141295e-09, 2.86876106204e-10, 1.9260834247e-11, 1.30980955249e-11, 1.12773679284e-11, 1.31092697461e-11, 1.6202176753e-11, 1.0847858202e-11, 1.00588556581e-11, 1.11330519456e-11, 5.17089019172e-12, 2.27305305654e-12, 3.68765174646e-12, 3.97387634951e-12, 5.8834681918e-12], "max": [0.00590122956783, 0.00602005515248, 0.0021397373639, 0.00240709027275, 0.00441691232845, 0.00308484607376, 0.00681420508772, 0.00980179570615, 0.00686900597066, 0.00409531360492, 0.0062057110481, 0.00752310268581, 0.00562319066375, 0.00211609411053, 0.00185754848644, 0.00278179859743, 0.00158356060274, 0.00113858748227, 0.00380259426311, 0.00134769373108, 0.00310454866849, 0.00177000742406, 0.000746452307794, 0.000936678203288, 0.000620262580924, 0.000678617798258, 0.000269252952421, 6.86763087288e-05, 5.07654331159e-05, 3.41248196492e-05, 4.18868949055e-05, 6.69906439725e-05, 9.48753513512e-05, 8.95166085684e-05, 0.000106656101707, 7.19159725122e-05, 1.46491720443e-05, 1.48145300045e-05, 1.70684888872e-05, 2.37968069996e-05], "mean": [0.000836482387967, 0.000816916115582, 0.000133517169161, 0.00015764409909, 0.000151853862917, 7.49465325498e-05, 0.000166392768733, 0.000246727431659, 0.000172274507349, 0.000129375897814, 0.000106655825221, 0.000118579002446, 9.26579377847e-05, 6.53227034491e-05, 7.48134407331e-05, 6.364370347e-05, 4.08914856962e-05, 3.45988773915e-05, 7.88632387412e-05, 4.44157994934e-05, 4.42670279881e-05, 5.70562333451e-05, 2.94778765237e-05, 2.48239120992e-05, 3.22488231177e-05, 3.9710492274e-05, 1.32245722853e-05, 2.01792909138e-06, 1.41487635119e-06, 9.41947064348e-07, 9.83783365882e-07, 1.19058302062e-06, 1.11404244763e-06, 1.1640216826e-06, 1.2055239722e-06, 7.85459121744e-07, 5.2727966704e-07, 4.59993202639e-07, 3.95124345687e-07, 4.22174878167e-07], "median": [0.000317127269227, 0.00067458167905, 0.000101830330095, 8.62550077727e-05, 6.6562613938e-05, 3.73329239665e-05, 3.82506041205e-05, 5.05342759425e-05, 3.42839557561e-05, 2.92736658594e-05, 1.38141758725e-05, 1.41498503581e-05, 1.73165244632e-05, 1.65689525602e-05, 1.87484729395e-05, 1.59207465913e-05, 9.16094177228e-06, 1.04665541585e-05, 2.38091870415e-05, 1.40012052725e-05, 1.22197461678e-05, 1.81854011316e-05, 8.95208086149e-06, 6.71408224662e-06, 7.30010606276e-06, 6.71145244269e-06, 3.1661356843e-06, 9.1680612968e-07, 5.87954389175e-07, 2.67138261734e-07, 2.88272190119e-07, 3.37839821896e-07, 3.38186168847e-07, 3.26163501541e-07, 2.6146975074e-07, 1.81799862276e-07, 1.4279119398e-07, 6.79303440165e-08, 3.83020548611e-08, 3.30066782794e-08], "min": [8.64185683186e-25, 8.60134586615e-25, 1.64573000212e-24, 1.55001662102e-24, 2.65391386191e-24, 1.69093005566e-24, 1.84598539975e-24, 1.43335296782e-24, 1.64226926933e-24, 1.8659106457e-24, 3.57169633272e-24, 3.24091827769e-24, 3.18304980826e-24, 2.39640796877e-24, 3.74141462888e-24, 4.27244818014e-24, 4.23985520855e-24, 3.05020425132e-24, 3.5129782601e-24, 3.50763136088e-24, 4.36351231089e-24, 3.20960996608e-24, 2.90766004397e-24, 4.19318383082e-24, 3.77467182135e-24, 4.55539049874e-24, 4.48822885342e-24, 4.68754008315e-24, 5.12025553321e-24, 6.1897813156e-24, 5.82599416485e-24, 4.68272566505e-24, 3.92067893085e-24, 6.55875404351e-24, 6.09968393389e-24, 4.942949184e-24, 6.27883542876e-24, 6.59369505958e-24, 5.69423664431e-24, 5.96398447541e-24], "var": [1.02418175629e-06, 6.24882886768e-07, 1.71664424897e-08, 4.30854676381e-08, 5.75206797748e-08, 1.9206504831e-08, 1.79350294616e-07, 3.27648649545e-07, 1.92980081692e-07, 1.01903623317e-07, 1.42670174341e-07, 1.90081749452e-07, 8.20255436906e-08, 2.61067167884e-08, 2.62008938989e-08, 2.28798935353e-08, 1.07007886996e-08, 5.91719695464e-09, 2.60058570234e-08, 6.80266509789e-09, 1.59640620723e-08, 1.1056595639e-08, 2.9745454988e-09, 2.51836151932e-09, 3.32847682749e-09, 5.06926012278e-09, 6.86804890737e-10, 1.10404654169e-11, 6.28994903037e-12, 4.38894450297e-12, 5.17329495214e-12, 7.33431371192e-12, 8.06136234155e-12, 1.2573074526e-11, 2.21460523531e-11, 5.67928126402e-12, 1.03227279155e-12, 1.15180347898e-12, 1.20495573155e-12, 1.58155270564e-12]}, "melbands_crest": {"dmean": 2.94342446327, "dmean2": 4.65062904358, "dvar": 8.24052524567, "dvar2": 19.5544052124, "max": 39.9991416931, "mean": 13.7212057114, "median": 12.8287887573, "min": 1.66880130768, "var": 34.7098922729}, "melbands_flatness_db": {"dmean": 0.0285699460655, "dmean2": 0.0425044372678, "dvar": 0.000886098074261, "dvar2": 0.0018280337099, "max": 0.752644598484, "mean": 0.183621153235, "median": 0.183427274227, "min": 0.00366661208682, "var": 0.00365597847849}, "melbands_kurtosis": {"dmean": 47.1362113953, "dmean2": 91.8065643311, "dvar": 2544578.75, "dvar2": 8680841, "max": 81319.46875, "mean": 34.8186645508, "median": 1.6524310112, "min": -1.87480807304, "var": 1589530.5}, "melbands_skewness": {"dmean": 0.72442394495, "dmean2": 1.13103938103, "dvar": 22.1960906982, "dvar2": 73.1391601562, "max": 276.22644043, "mean": 1.84160614014, "median": 1.40083551407, "min": -1.7259721756, "var": 29.3933601379}, "melbands_spread": {"dmean": 9.59764671326, "dmean2": 14.760602951, "dvar": 128.768783569, "dvar2": 269.539733887, "max": 213.170471191, "mean": 41.0234336853, "median": 37.4819259644, "min": 0.0114928456023, "var": 575.739685059}, "mfcc": {"cov": [[8799.87011719, 923.856140137, -355.917388916, 232.006790161, -29.8587799072, -267.645690918, 38.0960769653, 402.720428467, -307.718505859, 200.047393799, 176.302154541, -72.8017349243, 58.456199646], [923.856140137, 1329.24462891, -419.039672852, 160.738540649, 27.8304729462, -73.0262298584, 82.1878585815, 164.704360962, -75.0944671631, 75.0826263428, 90.435585022, -7.15720033646, 23.6982727051], [-355.917388916, -419.039672852, 700.734985352, -67.8353881836, -81.8894195557, 107.500717163, 30.8151493073, -100.795700073, 73.6292877197, -42.943321228, -29.7927722931, -0.0964525640011, 20.9647827148], [232.006790161, 160.738540649, -67.8353881836, 282.254577637, 123.110458374, -14.1108579636, -24.1563796997, 23.2742576599, -24.1430854797, 44.0986213684, 21.2357635498, 15.9213342667, 27.58543396], [-29.8587799072, 27.8304729462, -81.8894195557, 123.110458374, 312.036956787, 84.4892807007, -74.3706207275, -63.1759872437, 93.4911575317, 3.0207490921, -0.305352479219, 43.5635032654, 6.60265684128], [-267.645690918, -73.0262298584, 107.500717163, -14.1108579636, 84.4892807007, 240.889633179, 15.8693647385, -104.914367676, 124.35206604, -35.8251953125, -44.5524291992, 46.3182640076, -4.91787290573], [38.0960769653, 82.1878585815, 30.8151493073, -24.1563796997, -74.3706207275, 15.8693647385, 208.732513428, 68.2565307617, 6.69776773453, -7.99915456772, 41.3527488708, 8.44919776917, -22.1923427582], [402.720428467, 164.704360962, -100.795700073, 23.2742576599, -63.1759872437, -104.914367676, 68.2565307617, 262.550506592, -91.8837890625, 69.0744400024, 41.4539489746, -27.497631073, 15.7600860596], [-307.718505859, -75.0944671631, 73.6292877197, -24.1430854797, 93.4911575317, 124.35206604, 6.69776773453, -91.8837890625, 222.18057251, -46.0360069275, -51.0844612122, 43.5373878479, 2.54700875282], [200.047393799, 75.0826263428, -42.943321228, 44.0986213684, 3.0207490921, -35.8251953125, -7.99915456772, 69.0744400024, -46.0360069275, 160.309555054, 52.2619285583, -27.0192489624, 2.06062340736], [176.302154541, 90.435585022, -29.7927722931, 21.2357635498, -0.305352479219, -44.5524291992, 41.3527488708, 41.4539489746, -51.0844612122, 52.2619285583, 137.831253052, 14.6853971481, -24.002828598], [-72.8017349243, -7.15720033646, -0.0964525640011, 15.9213342667, 43.5635032654, 46.3182640076, 8.44919776917, -27.497631073, 43.5373878479, -27.0192489624, 14.6853971481, 96.6721038818, 10.8507585526], [58.456199646, 23.6982727051, 20.9647827148, 27.58543396, 6.60265684128, -4.91787290573, -22.1923427582, 15.7600860596, 2.54700875282, 2.06062340736, -24.002828598, 10.8507585526, 96.0600662231]], "icov": [[0.000131981039885, -6.57091077301e-05, -1.03363308881e-05, -3.36429584422e-05, -2.10943126149e-05, 1.69701706909e-05, 3.21368679579e-05, -0.000117451832921, 8.46745824674e-05, -1.87493988051e-05, -6.49720604997e-05, 3.68080072803e-05, -4.54103719676e-05], [-6.57091077301e-05, 0.00113344576675, 0.000668017193675, -0.000517618085723, 0.00023207560298, -0.000285090587568, -0.000371844711481, -0.000189524085727, -0.000176774716238, 7.64041906223e-05, -0.000581540341955, 0.000377168529667, -0.000507012300659], [-1.03363308881e-05, 0.000668017193675, 0.00219564046711, -0.000345886393916, 0.000995857059024, -0.00096834852593, -0.000306556554278, 0.000440242234617, -0.000524920062162, 0.000199521455215, -0.000791800790466, 0.000801514775958, -0.00107820017729], [-3.36429584422e-05, -0.000517618085723, -0.000345886393916, 0.00532043352723, -0.00267635378987, 0.000711134285666, -0.000475730805192, 0.000175804787432, 0.00140162440948, -0.0011240222957, 0.000678604526911, -0.000923872226849, -0.000961714133155], [-2.10943126149e-05, 0.00023207560298, 0.000995857059024, -0.00267635378987, 0.00636041583493, -0.00186348403804, 0.00237177242525, -7.44254648453e-05, -0.00261196237989, 0.000335621763952, -0.00181642035022, -0.000231626909226, 0.000168718150235], [1.69701706909e-05, -0.000285090587568, -0.00096834852593, 0.000711134285666, -0.00186348403804, 0.00776690524071, -0.0018723087851, 0.00190988869872, -0.00157458544709, -0.00121487805154, 0.00262260506861, -0.00242465757765, 0.000843964517117], [3.21368679579e-05, -0.000371844711481, -0.000306556554278, -0.000475730805192, 0.00237177242525, -0.0018723087851, 0.00765027897432, -0.00273235933855, -0.00164842919912, 0.0017024007393, -0.00284560956061, -6.47710257908e-05, 0.00153598026372], [-0.000117451832921, -0.000189524085727, 0.000440242234617, 0.000175804787432, -7.44254648453e-05, 0.00190988869872, -0.00273235933855, 0.00666987290606, 0.00119259662461, -0.00216769613326, 0.000783774768934, 2.34005347011e-05, -0.0014429007424], [8.46745824674e-05, -0.000176774716238, -0.000524920062162, 0.00140162440948, -0.00261196237989, -0.00157458544709, -0.00164842919912, 0.00119259662461, 0.00836869794875, -0.000261765584582, 0.00269888760522, -0.0020080790855, -8.8500448328e-05], [-1.87493988051e-05, 7.64041906223e-05, 0.000199521455215, -0.0011240222957, 0.000335621763952, -0.00121487805154, 0.0017024007393, -0.00216769613326, -0.000261765584582, 0.00912863016129, -0.0040700417012, 0.00320081482641, -0.000631957896985], [-6.49720604997e-05, -0.000581540341955, -0.000791800790466, 0.000678604526911, -0.00181642035022, 0.00262260506861, -0.00284560956061, 0.000783774768934, 0.00269888760522, -0.0040700417012, 0.0125403152779, -0.00480222376063, 0.0033257433679], [3.68080072803e-05, 0.000377168529667, 0.000801514775958, -0.000923872226849, -0.000231626909226, -0.00242465757765, -6.47710257908e-05, 2.34005347011e-05, -0.0020080790855, 0.00320081482641, -0.00480222376063, 0.0146995913237, -0.00302788498811], [-4.54103719676e-05, -0.000507012300659, -0.00107820017729, -0.000961714133155, 0.000168718150235, 0.000843964517117, 0.00153598026372, -0.0014429007424, -8.8500448328e-05, -0.000631957896985, 0.0033257433679, -0.00302788498811, 0.0128864878789]], "mean": [-677.385375977, 121.784805298, -25.7892742157, 22.5339202881, 15.2774801254, 0.889107108116, -1.91141760349, 13.3879375458, -3.62315249443, 8.09883785248, 5.24140405655, 0.749701619148, 6.95054149628]}, "pitch_salience": {"dmean": 0.0661226063967, "dmean2": 0.10506670177, "dvar": 0.00408150488511, "dvar2": 0.00950895156711, "max": 0.859059929848, "mean": 0.498626738787, "median": 0.500762701035, "min": 0.000338690209901, "var": 0.0156290065497}, "silence_rate_20dB": {"dmean": 0, "dmean2": 0, "dvar": 0, "dvar2": 0, "max": 1, "mean": 1, "median": 1, "min": 1, "var": 0}, "silence_rate_30dB": {"dmean": 0, "dmean2": 0, "dvar": 0, "dvar2": 0, "max": 1, "mean": 1, "median": 1, "min": 1, "var": 0}, "silence_rate_60dB": {"dmean": 0.0385721549392, "dmean2": 0.0771573632956, "dvar": 0.0370881333947, "dvar2": 0.0837228745222, "max": 1, "mean": 0.0899864658713, "median": 0, "min": 0, "var": 0.0818881839514}, "spectral_centroid": {"dmean": 228.214141846, "dmean2": 339.92300415, "dvar": 87627.609375, "dvar2": 171219.921875, "max": 11711.7177734, "mean": 2018.98168945, "median": 1947.21240234, "min": 451.444885254, "var": 1149520.5}, "spectral_complexity": {"dmean": 2.84249711037, "dmean2": 4.29678487778, "dvar": 10.0628433228, "dvar2": 20.1328487396, "max": 44, "mean": 15.648680687, "median": 15, "min": 0, "var": 51.5546607971}, "spectral_contrast_coeffs": {"dmean": [0.0434640012681, 0.0433867126703, 0.0373928807676, 0.0328624583781, 0.0316643863916, 0.0205559600145], "dmean2": [0.073034696281, 0.0690480023623, 0.0578006692231, 0.0501402840018, 0.0447484478354, 0.0308263115585], "dvar": [0.00125621433835, 0.00146894028876, 0.00105831655674, 0.000860530126374, 0.00092600035714, 0.000386554573197], "dvar2": [0.0034868826624, 0.00327047449537, 0.00229252455756, 0.00174788304139, 0.00159534509294, 0.000815369945485], "max": [-0.430495619774, -0.414862930775, -0.434118181467, -0.520624816418, -0.521034061909, -0.618811011314], "mean": [-0.69503903389, -0.747439086437, -0.762531280518, -0.736421942711, -0.713039696217, -0.783045351505], "median": [-0.692738771439, -0.76083958149, -0.773326158524, -0.737304210663, -0.713838458061, -0.779070854187], "min": [-0.977359294891, -0.998557269573, -0.998109281063, -0.986370682716, -0.987179458141, -0.963279545307], "var": [0.00517871463671, 0.00719614187256, 0.00620855484158, 0.00501380162314, 0.00674956664443, 0.0017948448658]}, "spectral_contrast_valleys": {"dmean": [0.40320661664, 0.328431785107, 0.326281547546, 0.288461118937, 0.331238806248, 0.577718198299], "dmean2": [0.65454107523, 0.53564375639, 0.515991508961, 0.449537664652, 0.469459831715, 0.762642025948], "dvar": [0.142657935619, 0.104131162167, 0.109513342381, 0.0988726913929, 0.137269467115, 0.434106230736], "dvar2": [0.305262446404, 0.214290469885, 0.215640589595, 0.181705713272, 0.239087671041, 0.868551135063], "max": [-6.09637546539, -5.41490793228, -5.16832351685, -6.01182317734, -5.98818492889, -8.02674198151], "mean": [-7.9434762001, -7.40300130844, -8.01458644867, -8.15955924988, -8.33615493774, -10.9266147614], "median": [-7.57744264603, -7.03228378296, -7.72731113434, -7.85009670258, -8.03095054626, -10.89884758], "min": [-28.3870067596, -27.8440933228, -27.7098712921, -27.6221961975, -27.576007843, -27.3656101227], "var": [5.45869922638, 5.63650083542, 5.42507076263, 5.16865873337, 5.13687753677, 4.35100698471]}, "spectral_decrease": {"dmean": 9.63320645475e-10, "dmean2": 1.34535516061e-09, "dvar": 1.38720018862e-18, "dvar2": 2.42150155328e-18, "max": 1.88456108955e-28, "mean": -3.78326614481e-09, "median": -3.06572878195e-09, "min": -1.90145712509e-08, "var": 8.52829994423e-18}, "spectral_energy": {"dmean": 0.00401847343892, "dmean2": 0.00558966491371, "dvar": 2.41457473749e-05, "dvar2": 4.16383809352e-05, "max": 0.0794798657298, "mean": 0.0159716904163, "median": 0.0128460312262, "min": 1.02169754581e-20, "var": 0.000150527892401}, "spectral_energyband_high": {"dmean": 0.000286265480099, "dmean2": 0.00045448335004, "dvar": 3.74420494609e-07, "dvar2": 9.14242434646e-07, "max": 0.00971490330994, "mean": 0.000319229235174, "median": 0.000101552621345, "min": 7.03004565958e-21, "var": 4.35683830347e-07}, "spectral_energyband_low": {"dmean": 0.00172552664299, "dmean2": 0.00276488577947, "dvar": 5.55062888452e-06, "dvar2": 1.42394246723e-05, "max": 0.0266366247088, "mean": 0.00422106171027, "median": 0.00286087440327, "min": 1.23641577554e-23, "var": 1.65520341397e-05}, "spectral_energyband_middle_high": {"dmean": 0.00197509024292, "dmean2": 0.00262851058505, "dvar": 9.07830599317e-06, "dvar2": 1.51268895934e-05, "max": 0.0671881139278, "mean": 0.00701218936592, "median": 0.00397135363892, "min": 1.22961145265e-21, "var": 6.28787965979e-05}, "spectral_energyband_middle_low": {"dmean": 0.00170002749655, "dmean2": 0.00241157226264, "dvar": 8.80433981365e-06, "dvar2": 1.64126540767e-05, "max": 0.0600136481225, "mean": 0.00457470584661, "median": 0.00246430560946, "min": 2.03363696553e-22, "var": 3.04713048536e-05}, "spectral_entropy": {"dmean": 0.249164655805, "dmean2": 0.343569993973, "dvar": 0.0739230066538, "dvar2": 0.144147828221, "max": 9.82446575165, "mean": 7.424243927, "median": 7.33217811584, "min": 5.73982000351, "var": 0.299172759056}, "spectral_flux": {"dmean": 0.0180258452892, "dmean2": 0.027657115832, "dvar": 0.000363007944543, "dvar2": 0.000763789284974, "max": 0.24849794805, "mean": 0.0598253197968, "median": 0.0520779043436, "min": 6.54259355026e-11, "var": 0.00127051724121}, "spectral_kurtosis": {"dmean": 2.53193259239, "dmean2": 4.13958120346, "dvar": 6.04415559769, "dvar2": 16.0366783142, "max": 29.435256958, "mean": 6.37766599655, "median": 5.93727207184, "min": -1.2635371685, "var": 13.9327983856}, "spectral_rms": {"dmean": 0.000503354938701, "dmean2": 0.000693375302944, "dvar": 3.05126860667e-07, "dvar2": 4.93942025059e-07, "max": 0.00880575552583, "mean": 0.00362495263107, "median": 0.00354015734047, "min": 3.1571791622e-12, "var": 2.44188072429e-06}, "spectral_rolloff": {"dmean": 631.054504395, "dmean2": 1091.76525879, "dvar": 1588502.75, "dvar2": 4017017.25, "max": 19595.2148438, "mean": 2414.00634766, "median": 2217.91992188, "min": 21.533203125, "var": 5020066.5}, "spectral_skewness": {"dmean": 0.271256804466, "dmean2": 0.448328197002, "dvar": 0.0593893788755, "dvar2": 0.158142581582, "max": 3.6374104023, "mean": 1.62682592869, "median": 1.62330937386, "min": -0.129629701376, "var": 0.190771609545}, "spectral_spread": {"dmean": 1004253.75, "dmean2": 1480884.25, "dvar": 1882090373120.0, "dvar2": 4011659100160.0, "max": 42766164, "mean": 4293040.5, "median": 3224517, "min": 1560568, "var": 17278344101900.0}, "spectral_strongpeak": {"dm