{"lowlevel": {"average_loudness": 0.879700481892, "barkbands": {"dmean": [5.61727392778e-05, 0.00286265043542, 0.00177832157351, 0.00211325008422, 0.000975189264864, 0.000547539268155, 0.000434947549365, 0.000541181128938, 0.000622563879006, 0.000453787884908, 0.000444944394985, 0.000704206817318, 0.000747478741687, 0.000512391387019, 0.000533364072908, 0.000260886678007, 0.000295236619422, 0.000285048707156, 0.000197808156372, 0.000156538182637, 7.52767082304e-05, 9.24729756662e-05, 3.95823153667e-05, 3.60051926691e-05, 2.57670435531e-05, 1.95937827812e-05, 7.94590141595e-06], "dmean2": [9.34528725338e-05, 0.00422819051892, 0.00324748829007, 0.00359634496272, 0.00165159103926, 0.00087221886497, 0.000684774830006, 0.0008103356231, 0.000932299008127, 0.000666049891151, 0.000648918212391, 0.00104398850817, 0.00114601815585, 0.000791247526649, 0.000798876513727, 0.000417098082835, 0.000442871649284, 0.000451979663922, 0.000298270984786, 0.000232140577282, 0.000111593923066, 0.000134874528158, 5.73348334001e-05, 5.30234901817e-05, 3.82041034754e-05, 2.71026292467e-05, 1.13426776807e-05], "dvar": [2.61133710211e-08, 5.76781094423e-05, 3.00006449834e-05, 4.80266280647e-05, 6.61456033413e-06, 1.04667697087e-06, 1.01151533727e-06, 1.82123972081e-06, 2.51078699876e-06, 1.27025884922e-06, 1.22255130464e-06, 2.82927294393e-06, 3.33132629748e-06, 1.91408230421e-06, 2.25210101235e-06, 3.73282944111e-07, 4.16494032152e-07, 2.64498879687e-07, 1.37247567977e-07, 9.98313396394e-08, 2.98652977904e-08, 1.12374785033e-07, 1.3652075026e-08, 1.43265168617e-08, 8.18293344196e-09, 2.03796179932e-09, 4.32117563953e-10], "dvar2": [6.72961490977e-08, 0.000122089244542, 8.75796249602e-05, 0.000120119751955, 1.82776184374e-05, 2.66385814029e-06, 2.54713518189e-06, 3.87746149499e-06, 5.44066188013e-06, 2.68982853413e-06, 2.07564016819e-06, 5.72391854803e-06, 6.92020921633e-06, 4.34423827755e-06, 4.58318481833e-06, 9.24107382616e-07, 8.08685740594e-07, 5.99623433573e-07, 3.09571674961e-07, 2.18140442598e-07, 6.45329336635e-08, 2.48221937227e-07, 3.11803241004e-08, 3.43125492464e-08, 2.09864712275e-08, 4.09605416252e-09, 8.66169247438e-10], "max": [0.00232956325635, 0.0911969542503, 0.0653216093779, 0.0876262560487, 0.0495608747005, 0.0220961235464, 0.0204716343433, 0.0336017943919, 0.0379408672452, 0.0223174635321, 0.036239951849, 0.0319077186286, 0.0474370196462, 0.0303996261209, 0.0432351864874, 0.0135697722435, 0.0207885690033, 0.0105183646083, 0.00854164361954, 0.00552646908909, 0.00441621197388, 0.00830340944231, 0.00234530423768, 0.00292729353532, 0.0033910733182, 0.000989670632407, 0.000414278591052], "mean": [6.09100025031e-05, 0.00330793415196, 0.00180908932816, 0.00207001925446, 0.00143923051655, 0.000955005409196, 0.000663364829961, 0.000912723189685, 0.0010713271331, 0.000901422870811, 0.000775028776843, 0.00111472490244, 0.0013379730517, 0.000698605959769, 0.000790376507211, 0.000432950124377, 0.000522490765434, 0.000523598631844, 0.000364091072697, 0.000288830604404, 0.000132780827698, 0.000136051094159, 6.41851656837e-05, 6.12598378211e-05, 4.60920127807e-05, 3.17345802614e-05, 1.07915566332e-05], "median": [3.91641560782e-06, 0.000813606835436, 0.000561582157388, 0.000323445856338, 0.000678568263538, 0.000431749387644, 0.000187497586012, 0.000200289796339, 0.000276435137494, 0.000165438905242, 0.000203827774385, 0.000271848693956, 0.000331071903929, 0.000171067396877, 0.000194647989701, 0.000186760997167, 0.000207464414416, 0.000277494691545, 0.000190948019736, 0.000115914110211, 3.84776576539e-05, 3.30603579641e-05, 1.77106503543e-05, 1.56902751769e-05, 1.16329865705e-05, 7.75927219365e-06, 1.55702537086e-06], "min": [5.21476402789e-25, 2.9521190613e-24, 1.2738933147e-24, 8.94158946318e-25, 6.29531986066e-24, 7.25977647022e-24, 7.3910681684e-24, 5.59589369399e-24, 1.76332184878e-23, 1.42209990645e-23, 1.50100950503e-23, 2.2649630738e-23, 3.22278173439e-23, 1.9911971008e-23, 3.25193298473e-23, 6.64736734119e-23, 5.98346894533e-23, 5.86492713265e-23, 1.1992866802e-22, 1.8662709737e-22, 2.75006478865e-22, 2.53375786626e-22, 4.26734319301e-22, 5.74882750711e-22, 8.24286237716e-22, 1.37959680663e-21, 1.90020451343e-21], "var": [2.40447288746e-08, 6.81892488501e-05, 1.92701245396e-05, 4.23053243139e-05, 6.32975161352e-06, 1.95679581338e-06, 1.70911812347e-06, 4.54557675766e-06, 5.42947736903e-06, 4.79624350191e-06, 3.90494597013e-06, 5.86156693316e-06, 9.95399932435e-06, 2.97011843031e-06, 4.6384984671e-06, 6.41535052637e-07, 1.0290756336e-06, 6.04160732109e-07, 2.71147115427e-07, 2.15622819155e-07, 6.60239223294e-08, 1.58266971084e-07, 2.00297609609e-08, 1.89303062115e-08, 1.0765470293e-08, 3.59674556805e-09, 6.48396392133e-10]}, "barkbands_crest": {"dmean": 2.58859920502, "dmean2": 4.11706447601, "dvar": 6.33992481232, "dvar2": 14.470079422, "max": 25.8265113831, "mean": 8.7017660141, "median": 7.80756092072, "min": 2.55618047714, "var": 14.7063035965}, "barkbands_flatness_db": {"dmean": 0.0185142364353, "dmean2": 0.027934262529, "dvar": 0.000367845001165, "dvar2": 0.000776951783337, "max": 0.34646192193, "mean": 0.113544598222, "median": 0.104290708899, "min": 0.0239497497678, "var": 0.00222682952881}, "barkbands_kurtosis": {"dmean": 1.81420707703, "dmean2": 2.83495664597, "dvar": 17.3144950867, "dvar2": 35.2277030945, "max": 109.628433228, "mean": 1.65104758739, "median": 0.216560661793, "min": -1.84470260143, "var": 30.0605983734}, "barkbands_skewness": {"dmean": 0.499748051167, "dmean2": 0.738954842091, "dvar": 0.360452890396, "dvar2": 0.695214629173, "max": 9.86176681519, "mean": 0.79339402914, "median": 0.663498878479, "min": -2.92832016945, "var": 1.26870179176}, "barkbands_spread": {"dmean": 5.56744241714, "dmean2": 8.53739738464, "dvar": 40.5856132507, "dvar2": 90.3493652344, "max": 113.005981445, "mean": 24.1080169678, "median": 23.0330314636, "min": 1.54991710186, "var": 137.207870483}, "dissonance": {"dmean": 0.0186008568853, "dmean2": 0.0312940664589, "dvar": 0.000369967456209, "dvar2": 0.000994144938886, "max": 0.499999940395, "mean": 0.464291661978, "median": 0.472018301487, "min": 0.266261130571, "var": 0.000852209399454}, "dynamic_complexity": 5.41269636154, "erbbands": {"dmean": [0.0849815681577, 0.64431142807, 1.7303788662, 4.88202095032, 5.18914175034, 2.75692772865, 4.32740354538, 4.73841667175, 5.29081439972, 7.92646169662, 11.3699455261, 14.9652585983, 13.2027864456, 13.6277933121, 22.4135570526, 25.5266132355, 30.6749248505, 29.5648365021, 31.0158348083, 14.7178096771, 12.3439617157, 15.5190534592, 17.5448684692, 8.84361934662, 10.0294742584, 7.00638246536, 3.97314071655, 3.45022892952, 3.16244029999, 1.2513011694, 1.29320514202, 0.637304663658, 0.714700102806, 0.344408869743, 0.159882470965, 0.0822634771466, 0.0355713441968, 0.0122023755684, 0.00141687062569, 4.72726242151e-05], "dmean2": [0.133812993765, 0.935903191566, 3.06202864647, 8.51035118103, 8.69806957245, 4.57501268387, 6.93307781219, 7.58476829529, 8.19755458832, 12.3214101791, 16.798160553, 22.310092926, 18.5943584442, 19.774553299, 31.6502952576, 37.9199714661, 46.6547393799, 44.4376869202, 47.2356567383, 22.1555347443, 18.7879009247, 22.8945541382, 27.7229557037, 13.400803566, 15.025343895, 10.3485355377, 5.8232421875, 4.96047115326, 4.60231971741, 1.84886717796, 1.87521910667, 0.933294057846, 1.06096172333, 0.518836140633, 0.234834238887, 0.116643182933, 0.0499612390995, 0.0172042343765, 0.00203704135492, 6.57120253891e-05], "dvar": [0.0617525726557, 2.73391771317, 24.0711688995, 247.139251709, 275.706970215, 43.8137359619, 81.8596496582, 88.5745620728, 158.060546875, 350.737304688, 863.948181152, 1642.60119629, 1113.0690918, 1271.84338379, 2583.30102539, 4556.640625, 5453.77734375, 5101.203125, 7661.66113281, 1433.57678223, 859.857543945, 1141.77661133, 955.559020996, 300.686309814, 390.873565674, 194.9659729, 73.0362625122, 113.414215088, 128.96257019, 11.5584850311, 15.6891946793, 3.91180825233, 6.10496330261, 2.15630459785, 0.196444898844, 0.0386577919126, 0.00739400088787, 0.000945647771005, 1.38490804602e-05, 1.24520198597e-08], "dvar2": [0.144810065627, 5.64665460587, 68.5081710815, 660.483215332, 693.70098877, 119.543861389, 208.869110107, 226.034942627, 398.814758301, 771.143310547, 1777.58190918, 3714.67773438, 2214.50317383, 2724.95361328, 4481.62695313, 9643.85058594, 11427.4326172, 10427.2783203, 16573.0546875, 3036.40478516, 2054.42236328, 2186.89990234, 2210.8894043, 697.305053711, 840.387817383, 435.424804688, 160.975418091, 243.596908569, 283.8956604, 27.6634960175, 35.7005004883, 8.852435112, 14.9573421478, 5.67172384262, 0.465183645487, 0.0850186347961, 0.014510249719, 0.00188226473983, 2.79475316347e-05, 2.44766589219e-08], "max": [3.10178494453, 19.7470703125, 50.8304138184, 193.994445801, 319.626525879, 149.983093262, 193.601882935, 233.426376343, 271.140625, 450.675262451, 722.957824707, 1040.74377441, 766.952331543, 784.16394043, 1762.96472168, 1612.37194824, 1620.23022461, 1566.9362793, 2519.22900391, 1002.90740967, 888.927612305, 1002.18994141, 723.268127441, 398.813659668, 508.008544922, 239.641784668, 209.442581177, 231.899688721, 323.642791748, 88.5772857666, 88.3325119019, 39.7622337341, 70.4811553955, 59.1098022461, 12.9289293289, 4.27471923828, 2.23684716225, 0.614125669003, 0.0739523470402, 0.00195496110246], "mean": [0.0889626666903, 0.772213637829, 1.95675480366, 4.85486650467, 5.71305990219, 4.39279031754, 7.23465156555, 7.96566867828, 8.79733943939, 13.1019268036, 19.899066925, 26.9027690887, 26.1923942566, 26.0157794952, 46.0416259766, 45.095993042, 57.7972373962, 48.0098609924, 48.3389434814, 25.7147464752, 23.0774745941, 29.4568557739, 33.5885734558, 17.4826488495, 18.5901432037, 13.4725236893, 7.57741689682, 5.56377744675, 4.72953367233, 2.18758368492, 2.03478312492, 1.02048361301, 1.2304391861, 0.617839336395, 0.276284098625, 0.137764811516, 0.0554053485394, 0.017225779593, 0.00194369547535, 7.99095068942e-05], "median": [0.0164535939693, 0.195258438587, 0.697473824024, 1.11905825138, 1.54654216766, 1.85086798668, 2.88330316544, 3.45222997665, 3.18712162971, 3.69841241837, 5.19816160202, 8.3180770874, 6.37156200409, 7.72918653488, 12.3662376404, 12.5335121155, 17.7556800842, 14.9587936401, 12.5702505112, 10.1089544296, 10.3320293427, 12.8723316193, 18.3166561127, 9.60926818848, 9.40146636963, 5.77954101563, 2.60686469078, 1.36796617508, 1.18273210526, 0.843933701515, 0.501370668411, 0.280553609133, 0.290852338076, 0.13435614109, 0.0764929354191, 0.0357608944178, 0.012262343429, 0.00293953274377, 0.000314970122417, 3.26798544847e-05], "min": [6.89978011167e-23, 7.99369542221e-22, 2.53803811194e-21, 3.38122394233e-21, 9.4248748968e-21, 2.49427298739e-20, 3.13801854429e-20, 8.80573505506e-20, 6.28523818043e-20, 2.50228313302e-19, 2.49572281529e-19, 3.93796468754e-19, 5.6807827979e-19, 5.50352833238e-19, 4.86853331239e-19, 9.66894830133e-19, 1.7479062534e-18, 1.39921726177e-18, 1.8671315174e-18, 2.70423622935e-18, 4.34829946942e-18, 4.3468113715e-18, 3.1737840633e-18, 5.3553194869e-18, 5.10145982486e-18, 9.0549550869e-18, 9.29093565359e-18, 1.16434704029e-17, 1.02649854926e-17, 1.05501030692e-17, 1.13444181417e-17, 1.05881475872e-17, 9.98199956044e-18, 6.53738457048e-18, 5.94962063288e-18, 3.86974157065e-18, 2.3733952104e-18, 9.92645066e-19, 2.22424472319e-19, 2.71574025665e-20], "var": [0.0598131306469, 3.44632411003, 18.0940380096, 191.674163818, 245.631530762, 55.5368461609, 162.731567383, 146.637390137, 284.487335205, 738.263793945, 2311.13842773, 3329.83032227, 3709.0480957, 4061.9284668, 11703.6337891, 9833.72363281, 15806.4609375, 9764.90234375, 14657.7363281, 2963.15112305, 1681.82971191, 2916.80834961, 2203.53442383, 601.171142578, 790.395568848, 426.264068604, 169.395797729, 195.936477661, 183.717041016, 16.2694969177, 23.4220867157, 5.24693250656, 8.29405879974, 2.60343599319, 0.29998382926, 0.0658240839839, 0.0128960581496, 0.00148078973871, 2.06168806471e-05, 2.01766425789e-08]}, "erbbands_crest": {"dmean": 2.81692314148, "dmean2": 4.48960494995, "dvar": 7.15760040283, "dvar2": 17.1040725708, "max": 31.1686820984, "mean": 9.541847229, "median": 8.3997297287, "min": 2.44065666199, "var": 22.2878551483}, "erbbands_flatness_db": {"dmean": 0.0181960128248, "dmean2": 0.0252409707755, "dvar": 0.000338362646289, "dvar2": 0.000593497534283, "max": 0.388919383287, "mean": 0.164400294423, "median": 0.15591648221, "min": 0.0416413806379, "var": 0.0030927809421}, "erbbands_kurtosis": {"dmean": 0.875823497772, "dmean2": 1.35161745548, "dvar": 1.21704030037, "dvar2": 2.80338907242, "max": 19.8028049469, "mean": 0.628365635872, "median": 0.142537117004, "min": -1.80909502506, "var": 3.05959320068}, "erbbands_skewness": {"dmean": 0.339497298002, "dmean2": 0.50879150629, "dvar": 0.111472949386, "dvar2": 0.239338561893, "max": 3.26789021492, "mean": 0.0201081112027, "median": -0.0155739011243, "min": -3.51409506798, "var": 0.546272218227}, "erbbands_spread": {"dmean": 6.91892194748, "dmean2": 10.4003429413, "dvar": 63.1928939819, "dvar2": 137.912628174, "max": 180.792358398, "mean": 29.9739074707, "median": 27.7607345581, "min": 3.49293637276, "var": 212.433410645}, "gfcc": {"cov": [[36081.9726563, 1138.17529297, -2121.25048828, 980.770263672, -602.618713379, 779.221008301, -499.194000244, 212.61328125, -381.057769775, 86.5790710449, -414.124664307, -108.657264709, -268.373504639], [1138.17529297, 1126.5012207, -305.760955811, 25.7903633118, 77.7703781128, -68.5487289429, 29.0274810791, 8.94785118103, -17.5324020386, -36.8862266541, 22.0409965515, -9.10823631287, -18.0361328125], [-2121.25048828, -305.760955811, 1315.14892578, 268.272460938, 170.429611206, 152.640686035, 71.1831588745, -31.9031963348, 86.0045318604, 44.6652145386, -34.9729766846, 58.582359314, 2.96726775169], [980.770263672, 25.7903633118, 268.272460938, 462.28894043, 103.672584534, 118.602775574, -42.6249504089, 1.48952889442, 80.3971405029, 17.5397472382, -44.512588501, 0.0347640551627, 18.8923912048], [-602.618713379, 77.7703781128, 170.429611206, 103.672584534, 327.62789917, 63.9339332581, 46.2587280273, 30.8072166443, 87.2006759644, 8.09634494781, -13.1217947006, -5.82853078842, 5.59839773178], [779.221008301, -68.5487289429, 152.640686035, 118.602775574, 63.9339332581, 237.714889526, 63.6347770691, 32.2098007202, 6.68118906021, 12.0325813293, -24.9721775055, 14.0743103027, 8.56040668488], [-499.194000244, 29.0274810791, 71.1831588745, -42.6249504089, 46.2587280273, 63.6347770691, 217.09211731, 43.2748947144, -1.88324594498, -24.4888000488, 21.5511932373, 23.3353633881, -12.4281244278], [212.61328125, 8.94785118103, -31.9031963348, 1.48952889442, 30.8072166443, 32.2098007202, 43.2748947144, 114.391220093, 31.7708702087, 1.32883238792, 9.47243309021, 2.75966000557, 2.44110441208], [-381.057769775, -17.5324020386, 86.0045318604, 80.3971405029, 87.2006759644, 6.68118906021, -1.88324594498, 31.7708702087, 146.983413696, 37.329864502, 2.36697006226, -3.72325348854, 12.7138671875], [86.5790710449, -36.8862266541, 44.6652145386, 17.5397472382, 8.09634494781, 12.0325813293, -24.4888000488, 1.32883238792, 37.329864502, 95.3714141846, 26.9209804535, 4.6329460144, 8.47553634644], [-414.124664307, 22.0409965515, -34.9729766846, -44.512588501, -13.1217947006, -24.9721775055, 21.5511932373, 9.47243309021, 2.36697006226, 26.9209804535, 94.521446228, 29.3847618103, 10.3303346634], [-108.657264709, -9.10823631287, 58.582359314, 0.0347640551627, -5.82853078842, 14.0743103027, 23.3353633881, 2.75966000557, -3.72325348854, 4.6329460144, 29.3847618103, 91.931312561, 21.1999988556], [-268.373504639, -18.0361328125, 2.96726775169, 18.8923912048, 5.59839773178, 8.56040668488, -12.4281244278, 2.44110441208, 12.7138671875, 8.47553634644, 10.3303346634, 21.1999988556, 81.8819961548]], "icov": [[5.43919304619e-05, -4.75631932204e-05, 0.000114286936878, -0.000144353383803, 0.000103183934698, -0.000205488991924, 0.000113848196634, -0.000136492963065, 0.000146871767356, -0.000183677475434, 0.000229582103202, -0.000110915636469, 0.000228698423598], [-4.75631932204e-05, 0.00110863009468, 0.000220870089834, -0.000253183738096, -0.000544101523701, 0.000618767691776, -0.000393750029616, 0.000166581579833, 0.000192797670024, 0.000326833018335, -0.000446717167506, 4.04183583669e-06, 3.80462370231e-05], [0.000114286936878, 0.000220870089834, 0.00136165204458, -0.000832503894344, -0.000190161561477, -0.000535547267646, -0.00027905969182, 0.000375995383365, 0.000132992165163, -0.000816145271529, 0.000871032942086, -0.000995742855594, 0.00079314148752], [-0.000144353383803, -0.000253183738096, -0.000832503894344, 0.00380934006535, -0.000427291466622, -0.00119189207908, 0.00105173583142, 0.000609291426372, -0.00197880109772, 0.00101236102637, 1.34305773827e-05, 0.000288564711809, -0.000956300238613], [0.000103183934698, -0.000544101523701, -0.000190161561477, -0.000427291466622, 0.00447725132108, -0.0011256946018, -0.000340774888173, -0.000466054974822, -0.00200857315212, 0.00011618622375, 0.000622122664936, 0.000411019369494, 0.000212504295632], [-0.000205488991924, 0.000618767691776, -0.000535547267646, -0.00119189207908, -0.0011256946018, 0.00739480694756, -0.00266857957467, -0.00103823968675, 0.00149029062595, -0.00142328906804, 0.00132462021429, -0.000282235967461, -0.00149113195948], [0.000113848196634, -0.000393750029616, -0.00027905969182, 0.00105173583142, -0.000340774888173, -0.00266857957467, 0.00711647234857, -0.00200429768302, -5.14483763254e-05, 0.00229985080659, -0.00170635862742, -0.00106400228105, 0.00175673689228], [-0.000136492963065, 0.000166581579833, 0.000375995383365, 0.000609291426372, -0.000466054974822, -0.00103823968675, -0.00200429768302, 0.0112673453987, -0.00322657846846, 0.00112128199544, -0.0015036650002, 0.000342137442203, -0.000578538572881], [0.000146871767356, 0.000192797670024, 0.000132992165163, -0.00197880109772, -0.00200857315212, 0.00149029062595, -5.14483763254e-05, -0.00322657846846, 0.0111791202798, -0.00440298393369, 0.00109878496733, 0.000289909570711, -0.000448222039267], [-0.000183677475434, 0.000326833018335, -0.000816145271529, 0.00101236102637, 0.00011618622375, -0.00142328906804, 0.00229985080659, 0.00112128199544, -0.00440298393369, 0.0151978684589, -0.00620039040223, 0.00113707454875, -0.000679141085129], [0.000229582103202, -0.000446717167506, 0.000871032942086, 1.34305773827e-05, 0.000622122664936, 0.00132462021429, -0.00170635862742, -0.0015036650002, 0.00109878496733, -0.00620039040223, 0.0162439234555, -0.00482405163348, -0.000104949584056], [-0.000110915636469, 4.04183583669e-06, -0.000995742855594, 0.000288564711809, 0.000411019369494, -0.000282235967461, -0.00106400228105, 0.000342137442203, 0.000289909570711, 0.00113707454875, -0.00482405163348, 0.0140743050724, -0.00376149942167], [0.000228698423598, 3.80462370231e-05, 0.00079314148752, -0.000956300238613, 0.000212504295632, -0.00149113195948, 0.00175673689228, -0.000578538572881, -0.000448222039267, -0.000679141085129, -0.000104949584056, -0.00376149942167, 0.0147148221731]], "mean": [-50.8258018494, 77.9514923096, -129.040969849, 17.8072834015, -42.1095352173, 6.24772930145, -32.2396774292, 8.02343273163, -28.3012809753, 2.7183380127, -13.2214345932, 0.536613166332, -16.1777973175]}, "hfc": {"dmean": 6.23963451385, "dmean2": 8.49621009827, "dvar": 88.1042861938, "dvar2": 158.371795654, "max": 124.62638855, "mean": 19.8283863068, "median": 13.4528255463, "min": 1.05699282724e-16, "var": 386.601593018}, "melbands": {"dmean": [0.000799149100203, 0.000773174979258, 0.000874910503626, 0.000256914790953, 0.000141006254125, 0.000102287369373, 8.51317236084e-05, 9.22576218727e-05, 9.21832615859e-05, 9.97632305371e-05, 6.68775610393e-05, 5.68329232919e-05, 6.25952452538e-05, 7.84755393397e-05, 5.43010173715e-05, 8.85408298927e-05, 5.52132078155e-05, 5.17384032719e-05, 3.15609977406e-05, 2.18724926526e-05, 1.38044815685e-05, 1.76097237272e-05, 1.97673816729e-05, 1.19891374197e-05, 7.5084594755e-06, 8.12582220533e-06, 6.26053633823e-06, 4.77467483506e-06, 3.06052152155e-06, 1.80783547421e-06, 2.47248522101e-06, 2.43975523517e-06, 8.81866981217e-07, 6.03659429999e-07, 7.86555517607e-07, 5.77615139719e-07, 3.59529195748e-07, 5.41455733583e-07, 4.31540001955e-07, 2.63842395043e-07], "dmean2": [0.00121712696273, 0.00126092461869, 0.00149821816012, 0.000430531770689, 0.000225550378673, 0.000163478645845, 0.00013314645912, 0.000143542318256, 0.000134688525577, 0.000148731589434, 9.35899661272e-05, 8.25664319564e-05, 8.93964606803e-05, 0.000114324546303, 8.34319798741e-05, 0.000134701622301, 8.32094956422e-05, 7.99449771876e-05, 4.68199141324e-05, 3.51295821019e-05, 2.09527443076e-05, 2.63336787611e-05, 3.06202600768e-05, 1.92083207367e-05, 1.15856646516e-05, 1.23873151097e-05, 9.40319660003e-06, 7.2485581768e-06, 4.59455895907e-06, 2.74296075986e-06, 3.60358217222e-06, 3.61726779374e-06, 1.33987521167e-06, 9.16832902931e-07, 1.15437967452e-06, 8.56147494233e-07, 5.46542253232e-07, 8.07909771083e-07, 6.59170495965e-07, 4.01009771167e-07], "dvar": [4.94437381349e-06, 3.89197066397e-06, 7.67458550399e-06, 5.45227862858e-07, 8.08585198797e-08, 3.90841918829e-08, 3.87853518191e-08, 5.07855730802e-08, 5.74379761531e-08, 7.35561371812e-08, 2.82139946961e-08, 2.33540173866e-08, 2.21509157683e-08, 3.19813793226e-08, 1.9159347886e-08, 5.21984091506e-08, 2.00607157552e-08, 2.1061049793e-08, 8.65063221056e-09, 2.86103629676e-09, 1.26625587793e-09, 1.7619713466e-09, 1.45310075084e-09, 4.47391096392e-10, 2.52116383326e-10, 2.30887989283e-10, 2.05611846993e-10, 9.17092721209e-11, 4.18384459022e-11, 2.01793581844e-11, 8.43602201983e-11, 9.87057865998e-11, 5.00239346474e-12, 3.22417895333e-12, 5.74280900612e-12, 3.02056925479e-12, 1.54488986708e-12, 3.08055794415e-12, 3.26753901714e-12, 1.20100977774e-12], "dvar2": [1.09757302198e-05, 9.7856263892e-06, 1.9797060304e-05, 1.4394313439e-06, 2.08234268939e-07, 9.98501974436e-08, 9.84567307682e-08, 1.10092187811e-07, 1.17866477467e-07, 1.63800962127e-07, 5.56651933437e-08, 4.93145257963e-08, 3.85079843568e-08, 6.46380016178e-08, 4.22494288443e-08, 1.08824018241e-07, 4.12982714693e-08, 4.76558597029e-08, 1.75459131668e-08, 6.9107346512e-09, 2.93285951081e-09, 3.39300321173e-09, 3.06142244888e-09, 1.06283093437e-09, 6.05633210249e-10, 5.19061849058e-10, 4.32164526387e-10, 2.16910225892e-10, 9.60918983273e-11, 4.22945949097e-11, 1.8776420696e-10, 2.21623053243e-10, 1.17148625869e-11, 7.89211924979e-12, 1.31000037207e-11, 7.01342412965e-12, 3.58098576833e-12, 7.27912608661e-12, 8.72042195399e-12, 3.09484013937e-12], "max": [0.0267371945083, 0.0193226952106, 0.0314532667398, 0.0144218113273, 0.00553505122662, 0.00478548556566, 0.0037622677628, 0.00559026282281, 0.00606549624354, 0.00722203170881, 0.00384033587761, 0.00340677076019, 0.00485360249877, 0.00324378907681, 0.00318582681939, 0.00616847071797, 0.00359043618664, 0.00358429481275, 0.00287013384514, 0.00128627277445, 0.0010786728235, 0.00117795122787, 0.000856447790284, 0.000500543683302, 0.000353285053279, 0.000285955378786, 0.000305112509523, 0.000183358308277, 0.00013266132737, 0.000154194669449, 0.000201536124223, 0.0002893236815, 5.26028416061e-05, 4.81356983073e-05, 5.2681145462e-05, 3.37166675308e-05, 2.82420060103e-05, 4.81316019432e-05, 5.94008852204e-05, 4.45657024102e-05], "mean": [0.000877444806974, 0.00103852560278, 0.000906616041902, 0.000339425110724, 0.000243126196438, 0.000174755899934, 0.000137655864819, 0.000153357308591, 0.000157850503456, 0.0001743126777, 0.000128695071908, 0.000102767233329, 0.00012406805763, 0.00013510316785, 9.3371309049e-05, 0.000153191023855, 7.82467686804e-05, 7.64514843468e-05, 4.6531764383e-05, 3.47975001205e-05, 2.40127337747e-05, 3.04062014038e-05, 3.46879896824e-05, 2.19210251089e-05, 1.31488477564e-05, 1.40409647429e-05, 1.11336094051e-05, 8.6377176558e-06, 5.42039651918e-06, 3.14957765113e-06, 3.48403500539e-06, 3.32397712555e-06, 1.48729725424e-06, 9.96078824755e-07, 1.22072026443e-06, 8.49105049383e-07, 5.38216966106e-07, 9.07197318156e-07, 7.22889581084e-07, 4.57365871398e-07], "median": [0.000201195245609, 0.00037768232869, 0.000224052550038, 0.000140981108416, 0.000107437343104, 7.75379303377e-05, 4.58485046693e-05, 4.13050256611e-05, 3.70384877897e-05, 4.58317153971e-05, 2.60176184383e-05, 2.3446387786e-05, 3.15697689075e-05, 3.70528323401e-05, 2.40183744609e-05, 3.77637261408e-05, 2.10095458897e-05, 1.88272206287e-05, 1.27172097564e-05, 1.48275694301e-05, 1.01358091342e-05, 1.16600604088e-05, 1.64332159329e-05, 1.24607768157e-05, 6.04549859418e-06, 6.71082489134e-06, 4.60683895653e-06, 3.47494801645e-06, 1.69138138517e-06, 8.95671405488e-07, 6.15415842731e-07, 6.70463805363e-07, 5.45398165741e-07, 3.8055881646e-07, 2.85726230231e-07, 2.00974042741e-07, 1.39132737331e-07, 2.17532630131e-07, 1.41501388384e-07, 9.51061167598e-08], "min": [9.75199613188e-25, 1.10207359169e-24, 8.94650406662e-25, 1.30450082199e-24, 1.31256820665e-24, 1.98362782264e-24, 1.02318740256e-24, 2.51457262705e-24, 2.26648001388e-24, 2.04702896802e-24, 2.74892348047e-24, 2.07197235542e-24, 1.54908754009e-24, 2.23666974913e-24, 1.59206320309e-24, 3.4701218137e-24, 1.76528078762e-24, 2.89355244997e-24, 3.25830220824e-24, 3.36976963465e-24, 3.50000228707e-24, 3.84885038442e-24, 3.28335820553e-24, 3.03244580905e-24, 2.85663060416e-24, 3.08440038548e-24, 4.61635051405e-24, 4.19629943696e-24, 4.98482192085e-24, 5.34443599741e-24, 6.24352167591e-24, 5.44075196963e-24, 4.96347297817e-24, 5.27976084167e-24, 6.11481704707e-24, 6.15475746913e-24, 5.61640210537e-24, 5.70798688432e-24, 5.40419221098e-24, 5.36585830415e-24], "var": [5.31798286829e-06, 4.28758676208e-06, 6.43290604785e-06, 4.98681174577e-07, 1.59340402206e-07, 6.69390232133e-08, 6.88888377454e-08, 1.12355323267e-07, 1.59988019277e-07, 1.52789638719e-07, 9.59213437568e-08, 7.69144392621e-08, 9.0314536294e-08, 7.37009457907e-08, 4.72808814322e-08, 1.41664941111e-07, 3.44781838635e-08, 3.63486627464e-08, 1.66394062973e-08, 4.62313565208e-09, 2.28587704321e-09, 4.23861790111e-09, 3.26778537563e-09, 9.4494656544e-10, 4.41809783203e-10, 4.44957404255e-10, 4.03090671952e-10, 1.86977808236e-10, 8.71930444513e-11, 4.6413522331e-11, 1.23806520591e-10, 1.2854746434e-10, 7.37632177561e-12, 3.96952219359e-12, 8.6196874291e-12, 4.12508959283e-12, 1.86197888705e-12, 4.4383646064e-12, 3.75878321524e-12, 1.51969376753e-12]}, "melbands_crest": {"dmean": 3.23357224464, "dmean2": 5.14303398132, "dvar": 9.7016658783, "dvar2": 22.1330623627, "max": 34.5108528137, "mean": 11.8891611099, "median": 10.7994155884, "min": 1.70488154888, "var": 25.9497070313}, "melbands_flatness_db": {"dmean": 0.0236916132271, "dmean2": 0.0350501984358, "dvar": 0.000679372926243, "dvar2": 0.00139767327346, "max": 0.458107948303, "mean": 0.169026792049, "median": 0.164228618145, "min": 0.00337615935132, "var": 0.0033831524197}, "melbands_kurtosis": {"dmean": 4.42927694321, "dmean2": 6.835105896, "dvar": 189.053192139, "dvar2": 411.100006104, "max": 710.360351563, "mean": 5.94184064865, "median": 2.02424240112, "min": -1.73311519623, "var": 247.269973755}, "melbands_skewness": {"dmean": 0.652961432934, "dmean2": 0.961437284946, "dvar": 0.708141505718, "dvar2": 1.35891854763, "max": 23.9436073303, "mean": 1.64134347439, "median": 1.35429286957, "min": -1.8742069006, "var": 2.20125985146}, "melbands_spread": {"dmean": 8.65025901794, "dmean2": 13.2750492096, "dvar": 118.737785339, "dvar2": 269.971679688, "max": 175.849258423, "mean": 33.333404541, "median": 29.8991165161, "min": 1.11020946503, "var": 464.638092041}, "mfcc": {"cov": [[17570.5898438, 687.036621094, -162.499328613, 468.264648438, 277.606140137, 553.69152832, 192.621505737, 150.409927368, 323.490844727, 52.3730354309, 126.1978302, 163.900436401, -140.619796753], [687.036621094, 1238.95068359, -274.345794678, 78.2184753418, -1.13756203651, -42.5165061951, 62.7168159485, 42.3792037964, -48.2960777283, -12.7243461609, 19.0085315704, 13.0996837616, 34.4844551086], [-162.499328613, -274.345794678, 869.744140625, 162.418243408, 99.145652771, 181.816543579, 14.272983551, 8.04095840454, 69.1272888184, -27.6256999969, 6.95477485657, 35.2575683594, -14.934428215], [468.264648438, 78.2184753418, 162.418243408, 302.711456299, 142.876785278, 96.6455917358, -27.1935691833, 34.1657524109, 47.303062439, 25.166847229, 0.690897166729, 26.1470279694, -11.1090936661], [277.606140137, -1.13756203651, 99.145652771, 142.876785278, 304.219146729, 97.2974090576, -27.9486999512, 5.01767683029, 90.0289382935, 31.8583145142, 16.7403297424, 26.3116779327, -21.0907230377], [553.69152832, -42.5165061951, 181.816543579, 96.6455917358, 97.2974090576, 223.702301025, 40.252948761, 36.8778457642, 76.7388305664, -7.0718665123, 20.8457984924, 30.3624534607, -24.389125824], [192.621505737, 62.7168159485, 14.272983551, -27.1935691833, -27.9486999512, 40.252948761, 173.857467651, 64.4075317383, 15.9382505417, -13.4404678345, 18.7091026306, 8.81892871857, 6.01441478729], [150.409927368, 42.3792037964, 8.04095840454, 34.1657524109, 5.01767683029, 36.8778457642, 64.4075317383, 156.037963867, 48.5216026306, -6.12010860443, 20.430847168, 13.1989784241, 5.06168842316], [323.490844727, -48.2960777283, 69.1272888184, 47.303062439, 90.0289382935, 76.7388305664, 15.9382505417, 48.5216026306, 145.039978027, 23.8848323822, 10.0573453903, 29.1637897491, -15.7386388779], [52.3730354309, -12.7243461609, -27.6256999969, 25.166847229, 31.8583145142, -7.0718665123, -13.4404678345, -6.12010860443, 23.8848323822, 102.965400696, 20.5353832245, -0.623909652233, 2.0505259037], [126.1978302, 19.0085315704, 6.95477485657, 0.690897166729, 16.7403297424, 20.8457984924, 18.7091026306, 20.430847168, 10.0573453903, 20.5353832245, 79.0479736328, 32.4785499573, 5.33197116852], [163.900436401, 13.0996837616, 35.2575683594, 26.1470279694, 26.3116779327, 30.3624534607, 8.81892871857, 13.1989784241, 29.1637897491, -0.623909652233, 32.4785499573, 91.6832351685, 20.3169612885], [-140.619796753, 34.4844551086, -14.934428215, -11.1090936661, -21.0907230377, -24.389125824, 6.01441478729, 5.06168842316, -15.7386388779, 2.0505259037, 5.33197116852, 20.3169612885, 79.7557220459]], "icov": [[6.84422193444e-05, -2.85833575617e-05, 5.86989226576e-05, -9.16619683267e-05, 4.59222246718e-05, -0.000145882426295, -4.79648042528e-05, 5.08376178914e-05, -9.8979093309e-05, 3.55035558641e-06, -5.26498297404e-05, -5.3546140407e-05, 9.67160158325e-05], [-2.85833575617e-05, 0.00100313639268, 0.000370562629541, -0.000574534991756, -7.38402231946e-05, 0.000214657658944, -0.000462902098661, -4.28216917499e-05, 0.000335169839673, 0.000330371229211, -0.000243633650825, -1.42536591738e-05, -0.000333459378453], [5.86989226576e-05, 0.000370562629541, 0.00169253651984, -0.00093490886502, 0.000142665347084, -0.000998277566396, -0.000287598202704, 0.000476624671137, -0.000304199027596, 0.000700768083334, -0.000251232733717, -6.03552398388e-05, -0.000192000763491], [-9.16619683267e-05, -0.000574534991756, -0.00093490886502, 0.00582846067846, -0.00196965271607, -0.0012584424112, 0.00156116008293, -0.00192098494153, 0.00133944873232, -0.0017966858577, 0.00193562428467, -0.00113722321112, 0.000292886252282], [4.59222246718e-05, -7.38402231946e-05, 0.000142665347084, -0.00196965271607, 0.00537915015593, -0.00100644142367, 0.000651648908388, 0.00113070232328, -0.00267897173762, -0.000271591386991, -0.00104066636413, 0.000135877606226, 0.000372344336938], [-0.000145882426295, 0.000214657658944, -0.000998277566396, -0.0012584424112, -0.00100644142367, 0.00805078074336, -0.00166989210993, 0.000117096227768, -0.002143205842, 0.00152426259592, -0.00131454097573, -0.000397363764932, 0.00132900942117], [-4.79648042528e-05, -0.000462902098661, -0.000287598202704, 0.00156116008293, 0.000651648908388, -0.00166989210993, 0.00792303681374, -0.0029949019663, 0.000133660898427, 0.000165098987054, -0.000692571105901, 0.000153118904564, -0.00043712957995], [5.08376178914e-05, -4.28216917499e-05, 0.000476624671137, -0.00192098494153, 0.00113070232328, 0.000117096227768, -0.0029949019663, 0.00945290829986, -0.00379905360751, 0.00180325249676, -0.00250080903061, 0.0011806092225, -0.00103905284777], [-9.8979093309e-05, 0.000335169839673, -0.000304199027596, 0.00133944873232, -0.00267897173762, -0.002143205842, 0.000133660898427, -0.00379905360751, 0.0122294891626, -0.00328807183541, 0.00275489059277, -0.00342465448193, 0.00186345481779], [3.55035558641e-06, 0.000330371229211, 0.000700768083334, -0.0017966858577, -0.000271591386991, 0.00152426259592, 0.000165098987054, 0.00180325249676, -0.00328807183541, 0.0124527402222, -0.00477709947154, 0.00259796949103, -0.00129967404064], [-5.26498297404e-05, -0.000243633650825, -0.000251232733717, 0.00193562428467, -0.00104066636413, -0.00131454097573, -0.000692571105901, -0.00250080903061, 0.00275489059277, -0.00477709947154, 0.017693946138, -0.00654658582062, 0.000920068123378], [-5.3546140407e-05, -1.42536591738e-05, -6.03552398388e-05, -0.00113722321112, 0.000135877606226, -0.000397363764932, 0.000153118904564, 0.0011806092225, -0.00342465448193, 0.00259796949103, -0.00654658582062, 0.0157377291471, -0.00474396860227], [9.67160158325e-05, -0.000333459378453, -0.000192000763491, 0.000292886252282, 0.000372344336938, 0.00132900942117, -0.00043712957995, -0.00103905284777, 0.00186345481779, -0.00129967404064, 0.000920068123378, -0.00474396860227, 0.0150097189471]], "mean": [-683.23626709, 117.258140564, -25.7793712616, 17.847574234, 4.91114711761, 1.14281618595, 5.86202859879, 1.99133324623, -5.80695056915, 0.0834440663457, 1.13086032867, -0.885276436806, -1.20708239079]}, "pitch_salience": {"dmean": 0.069159694016, "dmean2": 0.109113447368, "dvar": 0.00412297574803, "dvar2": 0.00972755253315, "max": 0.9252820611, "mean": 0.574239134789, "median": 0.578813612461, "min": 0.110847108066, "var": 0.0110508874059}, "silence_rate_20dB": {"dmean": 0, "dmean2": 0, "dvar": 0, "dvar2": 0, "max": 1, "mean": 1, "median": 1, "min": 1, "var": 0}, "silence_rate_30dB": {"dmean": 0.00129011448007, "dmean2": 0.00258064526133, "dvar": 0.00128834578209, "dvar2": 0.00386388925835, "max": 1, "mean": 0.999355018139, "median": 1, "min": 0, "var": 0.000644562300295}, "silence_rate_60dB": {"dmean": 0.0390259623528, "dmean2": 0.0780645161867, "dvar": 0.0375054553151, "dvar2": 0.0813320800662, "max": 1, "mean": 0.209771037102, "median": 0, "min": 0, "var": 0.165767610073}, "spectral_centroid": {"dmean": 277.363037109, "dmean2": 419.597686768, "dvar": 110815.757813, "dvar2": 241133.171875, "max": 11884.6015625, "mean": 1805.0838623, "median": 1672.73022461, "min": 242.668792725, "var": 1625565.125}, "spectral_complexity": {"dmean": 3.67876148224, "dmean2": 5.24935483932, "dvar": 21.924943924, "dvar2": 37.2011451721, "max": 64, "mean": 18.2399234772, "median": 18, "min": 0, "var": 132.853378296}, "spectral_contrast_coeffs": {"dmean": [0.0492585301399, 0.0461014360189, 0.039535459131, 0.0360300987959, 0.0268807075918, 0.0182188525796], "dmean2": [0.0797741636634, 0.07336037606, 0.0609395615757, 0.0551206916571, 0.0411342382431, 0.0275749545544], "dvar": [0.00227181729861, 0.00152903562412, 0.00123441463802, 0.00101504195482, 0.000607592985034, 0.000291800417472], "dvar2": [0.00556410755962, 0.00373278791085, 0.00263168360107, 0.00208834069781, 0.00116435601376, 0.000606257002801], "max": [-0.285238087177, -0.446909666061, -0.41265308857, -0.500187814236, -0.554233074188, -0.569398462772], "mean": [-0.666762590408, -0.728830218315, -0.745801746845, -0.748392164707, -0.764311790466, -0.774517595768], "median": [-0.66736638546, -0.72981262207, -0.757531344891, -0.752548575401, -0.764660358429, -0.772707939148], "min": [-0.978242337704, -0.977861642838, -0.975355505943, -0.97608178854, -0.967311799526, -0.963661968708], "var": [0.00751628587022, 0.00644277594984, 0.00770149473101, 0.00566735072061, 0.00358052016236, 0.00240506813861]}, "spectral_contrast_valleys": {"dmean": [0.404858648777, 0.375763118267, 0.342133820057, 0.340682774782, 0.304690957069, 0.30692088604], "dmean2": [0.622001230717, 0.595291733742, 0.524903774261, 0.500626862049, 0.427142202854, 0.398723572493], "dvar": [0.147226765752, 0.138134419918, 0.118558116257, 0.13130646944, 0.128368973732, 0.143653348088], "dvar2": [0.280165016651, 0.293693065643, 0.229085728526, 0.232313945889, 0.216968461871, 0.220304057002], "max": [-5.31059837341, -5.05050325394, -5.54076766968, -5.54680299759, -5.45039463043, -7.99702548981], "mean": [-8.27187824249, -7.69881486893, -7.99630975723, -8.22989749908, -8.14523601532, -10.9674911499], "median": [-7.47185230255, -7.07746553421, -7.38630485535, -7.65937232971, -7.56500530243, -10.3881931305], "min": [-28.0735664368, -27.9803771973, -27.8496303558, -27.7301139832, -27.5334320068, -27.3842449188], "var": [8.1485490799, 7.6117310524, 7.36259365082, 7.33033132553, 7.28921031952, 5.9571018219]}, "spectral_decrease": {"dmean": 1.9005188534e-09, "dmean2": 2.78539147303e-09, "dvar": 1.25270986476e-17, "dvar2": 2.69758437374e-17, "max": 8.08040832557e-21, "mean": -4.96102936509e-09, "median": -3.26857740873e-09, "min": -3.66911763194e-08, "var": 2.82131917828e-17}, "spectral_energy": {"dmean": 0.00760528352112, "dmean2": 0.0110307876021, "dvar": 0.000189729238627, "dvar2": 0.000402284320444, "max": 0.142097622156, "mean": 0.0205226168036, "median": 0.0136774852872, "min": 9.96913550605e-21, "var": 0.000458588037873}, "spectral_energyband_high": {"dmean": 0.000311390933348, "dmean2": 0.000431708525866, "dvar": 4.75668883837e-07, "dvar2": 9.95223899736e-07, "max": 0.011751158163, "mean": 0.000628742447589, "median": 0.000235992454691, "min": 6.87711902825e-21, "var": 1.0321867876e-06}, "spectral_energyband_low": {"dmean": 0.00416035717353, "dmean2": 0.00646280776709, "dvar": 0.000103748119727, "dvar2": 0.000229260302149, "max": 0.109645262361, "mean": 0.00620601186529, "median": 0.00204280950129, "min": 1.24825697216e-23, "var": 0.00014806035324}, "spectral_energyband_middle_high": {"dmean": 0.00248921918683, "dmean2": 0.0035147597082, "dvar": 1.33290559461e-05, "dvar2": 2.46016297751e-05, "max": 0.0613378100097, "mean": 0.00748317316175, "median": 0.00431718677282, "min": 1.0976106127e-21, "var": 6.86369457981e-05}, "spectral_energyband_middle_low": {"dmean": 0.00390104600228, "dmean2": 0.00622873846442, "dvar": 7.91870843386e-05, "dvar2": 0.000195794782485, "max": 0.122617729008, "mean": 0.00741090113297, "median": 0.00446153245866, "min": 1.60314294778e-22, "var": 9.99922704068e-05}, "spectral_entropy": {"dmean": 0.150808304548, "dmean2": 0.219054073095, "dvar": 0.0272900089622, "dvar2": 0.0534237772226, "max": 9.82340717316, "mean": 7.56985855103, "median": 7.58510065079, "min": 5.89309692383, "var": 0.231087639928}, "spectral_flux": {"dmean": 0.0266846548766, "dmean2": 0.0418017543852, "dvar": 0.0012650359422, "dvar2": 0.00259590847418, "max": 0.336686939001, "mean": 0.0770309269428, "median": 0.0647238716483, "min": 6.30706042948e-11, "var": 0.00353811820969}, "spectral_kurtosis": {"dmean": 1.67432832718, "dmean2": 2.76657342911, "dvar": 5.08983516693, "dvar2": 14.373216629, "max": 52.9207420349, "mean": 6.00956916809, "median": 5.43873786926, "min": -1.2516438961, "var": 12.807765007}, "spectral_rms": {"dmean": 0.000720973010175, "dmean2": 0.000991354114376, "dvar": 1.10726330149e-06, "dvar2": 2.03923832487e-06, "max": 0.0117742018774, "mean": 0.003813438816, "median": 0.00365292862989, "min": 3.11865138748e-12, "var": 5.47973331777e-06}, "spectral_rolloff": {"dmean": 526.969848633, "dmean2": 852.746826172, "dvar": 847464.3125, "dvar2": 1859408, "max": 19681.3476563, "mean": 2135.80957031, "median": 1658.05664063, "min": 86.1328125, "var": 6220064}, "spectral_skewness": {"dmean": 0.208448693156, "dmean2": 0.332133978605, "dvar": 0.0520169883966, "dvar2": 0.130574554205, "max": 4.34401226044, "mean": 1.64478480816, "median": 1.65878403187, "min": -0.0864629819989, "var": 0.185645878315}, "spectral_spread": {"dmean": 477903.75, "dmean2": 687259.125, "dvar": 650458628096, "dvar2": 1258457661440.0, "max": 42675472, "mean": 4560063.5, "median": 3910750