{"lowlevel": {"average_loudness": 0.844949245453, "barkbands": {"dmean": [1.10973032861e-05, 0.00138030806556, 0.000647136883345, 0.000725419202354, 0.000979622011073, 0.000501600210555, 0.00105821480975, 0.00115062145051, 0.000986596453004, 0.000392253918108, 0.000353172945324, 0.000477344205137, 0.000395637413021, 0.000248324358836, 0.000314527831506, 0.000292531854939, 0.00029679533327, 0.000261491717538, 0.000170733357663, 0.000157441114425, 3.94190537918e-05, 3.80217315978e-05, 1.93461200979e-05, 1.16080191219e-05, 7.65090044297e-06, 2.6538837119e-06, 3.42996457903e-07], "dmean2": [1.87759123946e-05, 0.00209944951348, 0.00101382797584, 0.00119128380902, 0.00155703141354, 0.000776720873546, 0.00163605180569, 0.00181970838457, 0.00152679427993, 0.000603585795034, 0.000552351062652, 0.000756671128329, 0.000625608488917, 0.000382689351682, 0.000470637052786, 0.000461112766061, 0.000465682154754, 0.000422186916694, 0.000265130278422, 0.000243947171839, 5.77217542741e-05, 5.46113842574e-05, 2.77228064078e-05, 1.65695382748e-05, 1.05816425275e-05, 3.76843809136e-06, 5.73985403207e-07], "dvar": [6.48915365886e-10, 9.45614556258e-06, 2.33854552789e-06, 2.3720133413e-06, 2.48868968811e-06, 1.28162218971e-06, 4.89135254611e-06, 5.81807171329e-06, 3.91791127186e-06, 1.10534858777e-06, 1.53765142841e-06, 1.8403343347e-06, 1.75773038791e-06, 4.29954496894e-07, 4.7985213314e-07, 7.09109713171e-07, 3.07270994426e-07, 3.469970693e-07, 1.15046482563e-07, 3.07414751433e-07, 1.12593072643e-08, 2.27995666791e-08, 1.99506922094e-09, 8.10441991295e-10, 3.28722604692e-10, 4.99037790258e-11, 1.10511426399e-12], "dvar2": [1.69783498372e-09, 2.16583975998e-05, 5.46330556972e-06, 6.04888828093e-06, 6.27817871646e-06, 2.86917133963e-06, 1.09338197944e-05, 1.35458558361e-05, 9.33951378101e-06, 2.63789524979e-06, 4.23833625973e-06, 4.67831841888e-06, 4.79199206893e-06, 9.78293201115e-07, 1.00656791346e-06, 1.91180743059e-06, 7.22476954707e-07, 9.30979297209e-07, 2.73156672392e-07, 8.76258866356e-07, 2.47293208133e-08, 5.80760115554e-08, 4.27438751061e-09, 1.65106328609e-09, 5.76154179921e-10, 8.60128634983e-11, 2.84920871618e-12], "max": [0.000400581979193, 0.0600582584739, 0.0409303605556, 0.0261278599501, 0.0275904592127, 0.0229400098324, 0.040013384074, 0.0509889908135, 0.0387968681753, 0.0224835574627, 0.052361626178, 0.0289568733424, 0.0362936705351, 0.0175521820784, 0.0202446244657, 0.02693804726, 0.0126501964405, 0.0177996624261, 0.0164681188762, 0.0304078347981, 0.00336645636708, 0.00727084605023, 0.00103497400414, 0.00115432403982, 0.000743932730984, 0.000339209364029, 3.92210349673e-05], "mean": [1.41040782182e-05, 0.00212847045623, 0.000997133902274, 0.00108503678348, 0.00188356847502, 0.000946855347138, 0.00191068800632, 0.00183730316348, 0.00180972507223, 0.000690234475769, 0.000601744861342, 0.000810294761322, 0.000657346798107, 0.00044950080337, 0.000600939674769, 0.000588589638937, 0.000613760261331, 0.000485867552925, 0.000359390163794, 0.000282972236164, 6.80616722093e-05, 6.49495705147e-05, 3.37707206199e-05, 2.27859145525e-05, 1.61797725013e-05, 5.20118192071e-06, 4.81341771774e-07], "median": [2.70433315563e-06, 0.000527405587491, 0.000218626431888, 0.000312737829518, 0.000967185187619, 0.000262597808614, 0.000596544705331, 0.000540891953278, 0.000499792862684, 0.000184354677913, 0.000131638240418, 0.000181958414032, 0.000139689727803, 9.49764653342e-05, 0.000144828183693, 0.000164959754329, 0.000236221414525, 0.000210868951399, 0.000169645776623, 0.000100471603218, 2.03424060601e-05, 1.83668562386e-05, 1.07038595161e-05, 7.26053258404e-06, 5.84471854381e-06, 1.98744464797e-06, 2.01786903631e-07], "min": [2.43494579614e-24, 4.33308989008e-23, 3.54866427641e-23, 6.70532242754e-24, 1.23891160523e-22, 7.66309328316e-23, 2.57208745013e-23, 7.67496027553e-23, 3.84328173641e-23, 1.72862875591e-22, 3.79877104869e-23, 6.4333102501e-23, 1.19005120159e-22, 1.24167173487e-22, 8.11660058233e-23, 1.12043580443e-22, 8.99566426107e-23, 1.6321845149e-22, 3.89342034715e-22, 4.47415046305e-22, 4.12853724761e-22, 7.2834232385e-22, 7.59709957796e-22, 6.40873477166e-22, 1.26952190746e-21, 1.61872985476e-21, 2.37017921457e-21], "var": [1.00562846939e-09, 1.92148145288e-05, 5.13487702847e-06, 4.85754435431e-06, 6.79583581586e-06, 4.2153656068e-06, 1.25489168568e-05, 1.27855746541e-05, 1.00998668131e-05, 2.43059866989e-06, 3.63883668797e-06, 4.09665926782e-06, 3.61483239431e-06, 1.19412470667e-06, 1.3827652765e-06, 1.50683308675e-06, 1.03004197172e-06, 6.69365988415e-07, 2.95336860745e-07, 4.35139696719e-07, 2.59230130695e-08, 3.26970734932e-08, 4.42201830708e-09, 2.19587037442e-09, 1.25682930729e-09, 1.44775691435e-10, 1.47962490784e-12]}, "barkbands_crest": {"dmean": 2.57864308357, "dmean2": 4.21101427078, "dvar": 5.01364421844, "dvar2": 12.6237974167, "max": 25.4562282562, "mean": 9.68671226501, "median": 8.92567825317, "min": 2.66217660904, "var": 15.3015623093}, "barkbands_flatness_db": {"dmean": 0.0196921937168, "dmean2": 0.0294185616076, "dvar": 0.000331388873747, "dvar2": 0.000704800826497, "max": 0.334281295538, "mean": 0.142740830779, "median": 0.138514384627, "min": 0.0443565100431, "var": 0.00189086492173}, "barkbands_kurtosis": {"dmean": 1.81266748905, "dmean2": 2.81625843048, "dvar": 19.3662548065, "dvar2": 43.7289237976, "max": 237.577194214, "mean": 2.2059211731, "median": 0.533965706825, "min": -1.83645510674, "var": 35.0436058044}, "barkbands_skewness": {"dmean": 0.450694292784, "dmean2": 0.68712157011, "dvar": 0.201415613294, "dvar2": 0.451819896698, "max": 13.714050293, "mean": 1.09027826786, "median": 0.950293362141, "min": -2.21917939186, "var": 1.10633325577}, "barkbands_spread": {"dmean": 4.62107419968, "dmean2": 7.01929759979, "dvar": 23.5927505493, "dvar2": 52.7032012939, "max": 120.582267761, "mean": 20.4699897766, "median": 18.3382816315, "min": 1.33289062977, "var": 126.454910278}, "dissonance": {"dmean": 0.0196477565914, "dmean2": 0.0325384773314, "dvar": 0.000350533751771, "dvar2": 0.000930635724217, "max": 0.5, "mean": 0.458244591951, "median": 0.465991139412, "min": 0.237751767039, "var": 0.00104321714025}, "dynamic_complexity": 3.33057880402, "erbbands": {"dmean": [0.0275551117957, 0.352416455746, 0.777295470238, 1.48643088341, 2.8167655468, 3.64369297028, 3.627202034, 4.5973982811, 12.0707674026, 17.4702682495, 26.0673599243, 22.4250392914, 14.4845438004, 11.8215875626, 16.091217041, 16.7813110352, 17.8556632996, 11.9912691116, 15.0925960541, 12.944984436, 17.1592082977, 13.6591453552, 15.5996704102, 7.37804222107, 10.7564706802, 5.4971113205, 2.12913799286, 1.37655043602, 1.5848493576, 0.762606859207, 0.528883337975, 0.292928367853, 0.17490465939, 0.104639299214, 0.0470900386572, 0.0165510494262, 0.00389454863034, 0.000748913385905, 4.65343109681e-05, 7.03701789462e-06], "dmean2": [0.0408219732344, 0.54074048996, 1.18844306469, 2.41517782211, 4.53428602219, 5.78360509872, 5.80667209625, 6.99722957611, 18.7179031372, 27.0229606628, 40.9079475403, 34.3959007263, 21.9981956482, 18.0429859161, 25.623216629, 26.3369503021, 28.2275829315, 18.1149864197, 23.0159053802, 19.2723960876, 26.7800502777, 21.229467392, 25.0906848907, 11.3276529312, 16.4487075806, 8.25187778473, 3.12862706184, 1.98481917381, 2.29683184624, 1.09800684452, 0.759124755859, 0.417371958494, 0.253713101149, 0.149563804269, 0.065606854856, 0.0233132168651, 0.00563348736614, 0.00112727680244, 7.8376950114e-05, 1.02058884295e-05], "dvar": [0.0038139638491, 0.63622546196, 3.29495835304, 10.8029956818, 25.1206016541, 42.380405426, 46.6830101013, 126.911857605, 820.433044434, 1087.6854248, 3244.2199707, 2128.70385742, 1718.10986328, 1047.99047852, 3190.0793457, 2067.15356445, 3827.49560547, 1098.68127441, 1131.99829102, 742.349609375, 2759.37646484, 581.60144043, 1374.00549316, 184.854309082, 1000.66473389, 177.533584595, 33.5188293457, 12.3660430908, 52.4335136414, 2.52069163322, 1.63589990139, 0.563054025173, 0.178966924548, 0.0632604807615, 0.0143205160275, 0.00182172167115, 0.000114117661724, 4.69416045235e-06, 2.19778097943e-08, 7.8887139876e-11], "dvar2": [0.0079663656652, 1.4813170433, 7.42188310623, 27.2342090607, 67.7171401978, 101.843605042, 121.657913208, 271.928894043, 1848.9095459, 2481.33032227, 7435.52294922, 5143.23535156, 4169.97607422, 2337.23535156, 8978.62597656, 5023.45410156, 10506.9931641, 2531.78857422, 2504.58984375, 1568.38830566, 7640.27734375, 1379.78979492, 3757.1940918, 438.55859375, 2611.84838867, 442.876678467, 72.6432876587, 28.1974391937, 132.450653076, 5.6895904541, 3.4806265831, 1.13889980316, 0.374335885048, 0.122625730932, 0.0249296370894, 0.00310652004555, 0.000217685868847, 1.03878837763e-05, 5.65296431887e-08, 1.78496217806e-10], "max": [1.12989675999, 16.1748027802, 48.1787643433, 70.248916626, 75.3599090576, 139.242050171, 121.243530273, 268.135070801, 562.992553711, 801.999450684, 1380.71716309, 1041.33215332, 896.293334961, 788.579772949, 1917.53125, 1098.62780762, 1748.61621094, 1054.01635742, 856.01776123, 780.303588867, 1793.77966309, 514.155151367, 1196.47851563, 379.433227539, 1439.33630371, 553.627929688, 192.697799683, 116.275787354, 340.885650635, 43.1176567078, 34.414604187, 27.8571186066, 15.6205148697, 9.43230628967, 4.84595870972, 1.97089791298, 0.483153730631, 0.098254725337, 0.00416599866003, 0.000150840452989], "mean": [0.0437209680676, 0.536740005016, 1.24989533424, 2.45023989677, 4.66123580933, 7.11976861954, 6.35749053955, 8.86082744598, 22.0056800842, 32.4390106201, 44.2541656494, 41.4556655884, 26.9595050812, 22.8872375488, 30.2551727295, 31.0487689972, 31.4122276306, 23.3897285461, 30.3318500519, 29.8343544006, 35.3380851746, 32.4170875549, 30.2616081238, 16.3486804962, 22.5876178741, 10.9263715744, 3.75558662415, 2.41575574875, 2.5853562355, 1.39909040928, 0.920340716839, 0.538561344147, 0.350081562996, 0.211131766438, 0.0969957485795, 0.0334131084383, 0.00732950121164, 0.00138366303872, 6.80310331518e-05, 2.47517364187e-05], "median": [0.010318716988, 0.124417699873, 0.307936698198, 0.859012961388, 2.06392550468, 2.98030877113, 2.93124556541, 2.47255396843, 6.20785856247, 13.072760582, 14.7693481445, 12.7128486633, 6.77714061737, 7.68054628372, 6.8408241272, 8.32826328278, 7.46961450577, 6.00026273727, 8.27058601379, 7.55025053024, 12.3844232559, 13.4026155472, 13.1106901169, 7.72731876373, 10.280049324, 4.51830482483, 1.21778678894, 0.745729625225, 0.647640585899, 0.503576517105, 0.296266078949, 0.174200743437, 0.109833739698, 0.0683289766312, 0.0361188165843, 0.0126318912953, 0.00279211509041, 0.00058693671599, 2.78769566648e-05, 2.09425106732e-05], "min": [7.29684725297e-22, 1.16759346506e-20, 4.4506055424e-20, 2.35299473929e-20, 1.39275126847e-19, 6.74974209964e-19, 4.47199223251e-19, 6.78000915525e-19, 1.61520585533e-19, 1.12645528196e-18, 1.50098674009e-18, 9.91869480778e-19, 4.77241813053e-18, 3.36096428257e-18, 1.92018171201e-18, 3.4342926031e-18, 4.90419379238e-18, 6.43931072833e-18, 6.428906037e-18, 3.99919947242e-18, 6.05685053723e-18, 6.49354730673e-18, 9.04399990686e-18, 1.9834522194e-17, 1.50486024079e-17, 2.18187266514e-17, 1.52260012164e-17, 2.06031599258e-17, 2.68351932547e-17, 1.99268669832e-17, 2.0485984829e-17, 1.38542371486e-17, 1.26765875551e-17, 1.51055240146e-17, 8.5965878397e-18, 6.00334187776e-18, 2.55877093516e-18, 1.27340784689e-18, 3.14657411214e-19, 3.70211727108e-20], "var": [0.00858524534851, 1.27303934097, 7.51972818375, 23.4993057251, 45.1807785034, 137.978164673, 101.538772583, 400.18762207, 2025.62792969, 2644.19921875, 7326.53955078, 5471.08203125, 3735.39208984, 2734.92236328, 7939.00097656, 5038.37597656, 8153.29833984, 3120.92993164, 3065.42163086, 3184.52807617, 5145.40576172, 2320.5012207, 2592.44555664, 558.596618652, 1930.14050293, 358.629058838, 73.0496368408, 26.9024829865, 70.4596405029, 5.61094808578, 3.63263010979, 1.3372066021, 0.503203630447, 0.2144343853, 0.0494813583791, 0.00569677678868, 0.000286138645606, 9.6576204669e-06, 2.75340727995e-08, 3.32386035362e-10]}, "erbbands_crest": {"dmean": 2.67790007591, "dmean2": 4.33666849136, "dvar": 5.98720216751, "dvar2": 15.0811786652, "max": 30.5039367676, "mean": 9.70484924316, "median": 8.78659629822, "min": 2.53634905815, "var": 17.4232654572}, "erbbands_flatness_db": {"dmean": 0.017541276291, "dmean2": 0.0254143793136, "dvar": 0.00030065048486, "dvar2": 0.000584459805395, "max": 0.352698624134, "mean": 0.188637703657, "median": 0.19000223279, "min": 0.0221245475113, "var": 0.00187585037202}, "erbbands_kurtosis": {"dmean": 0.809462487698, "dmean2": 1.27841043472, "dvar": 1.15155303478, "dvar2": 2.8536529541, "max": 20.7319908142, "mean": 0.189293563366, "median": -0.435587018728, "min": -1.78108656406, "var": 3.49282479286}, "erbbands_skewness": {"dmean": 0.362145274878, "dmean2": 0.563539683819, "dvar": 0.0943645089865, "dvar2": 0.225376278162, "max": 3.60673165321, "mean": 0.204355508089, "median": 0.211027264595, "min": -3.64709162712, "var": 0.617027878761}, "erbbands_spread": {"dmean": 6.01044750214, "dmean2": 8.98869228363, "dvar": 40.2743263245, "dvar2": 88.1388015747, "max": 130.618225098, "mean": 31.6907901764, "median": 29.6796016693, "min": 3.24734282494, "var": 225.791137695}, "gfcc": {"cov": [[7552.23632813, -205.992172241, -1017.39868164, 241.158157349, -466.639923096, 284.05090332, -303.031951904, 142.441085815, 16.4276447296, 72.9756088257, -57.2999267578, -65.3001785278, -66.8728179932], [-205.992172241, 968.565368652, 215.506362915, -91.6901702881, 245.02355957, -83.0509185791, 158.852722168, -17.7570705414, 57.500919342, -28.2689361572, 97.9446258545, -15.7372703552, 15.1953144073], [-1017.39868164, 215.506362915, 820.129272461, 287.235992432, 135.802062988, 66.3307647705, 53.8152198792, -22.6554546356, 27.7614040375, 42.5424308777, 35.0234642029, 52.6076164246, 22.5924320221], [241.158157349, -91.6901702881, 287.235992432, 552.34765625, 93.2353439331, 48.8875274658, -7.75500583649, -15.9488391876, 39.9069747925, 21.9465675354, -16.492225647, 31.6562595367, 44.0627593994], [-466.639923096, 245.02355957, 135.802062988, 93.2353439331, 348.445220947, 58.3283576965, 122.483345032, 83.0812911987, 53.4398345947, 27.5708770752, 10.8377380371, -3.44310855865, 30.870677948], [284.05090332, -83.0509185791, 66.3307647705, 48.8875274658, 58.3283576965, 320.841278076, 167.782928467, 84.8053512573, 10.9302911758, 16.7358112335, 23.7005004883, 12.6192312241, -12.964509964], [-303.031951904, 158.852722168, 53.8152198792, -7.75500583649, 122.483345032, 167.782928467, 358.34777832, 90.7621459961, -14.6851234436, -41.9023399353, 30.5132827759, 32.787902832, -11.6645460129], [142.441085815, -17.7570705414, -22.6554546356, -15.9488391876, 83.0812911987, 84.8053512573, 90.7621459961, 187.972427368, 64.6085662842, 24.8321609497, -1.54776120186, -3.14085030556, 6.75310325623], [16.4276447296, 57.500919342, 27.7614040375, 39.9069747925, 53.4398345947, 10.9302911758, -14.6851234436, 64.6085662842, 153.261520386, 54.860874176, 4.58232307434, -21.5210342407, 13.780957222], [72.9756088257, -28.2689361572, 42.5424308777, 21.9465675354, 27.5708770752, 16.7358112335, -41.9023399353, 24.8321609497, 54.860874176, 103.976844788, 20.424041748, -7.50919628143, -0.484156012535], [-57.2999267578, 97.9446258545, 35.0234642029, -16.492225647, 10.8377380371, 23.7005004883, 30.5132827759, -1.54776120186, 4.58232307434, 20.424041748, 94.1174163818, 24.5600624084, -10.8911943436], [-65.3001785278, -15.7372703552, 52.6076164246, 31.6562595367, -3.44310855865, 12.6192312241, 32.787902832, -3.14085030556, -21.5210342407, -7.50919628143, 24.5600624084, 76.7696990967, 18.9298152924], [-66.8728179932, 15.1953144073, 22.5924320221, 44.0627593994, 30.870677948, -12.964509964, -11.6645460129, 6.75310325623, 13.780957222, -0.484156012535, -10.8911943436, 18.9298152924, 71.2283096313]], "icov": [[0.000452092965133, -0.000955887953751, 0.000970137421973, -0.000965905899648, 0.00110641855281, -0.00114878150634, 0.000982261844911, -0.00100645038765, 0.000728965096641, -0.000860423780978, 0.000963991566096, -0.000650935748126, 0.000659347162582], [-0.000955887953751, 0.00439102156088, -0.00272485124879, 0.0028583840467, -0.00378645537421, 0.00367927644402, -0.00321541586891, 0.00324605498463, -0.00283909472637, 0.00334718637168, -0.00468211807311, 0.00308529590257, -0.00222554663196], [0.000970137421973, -0.00272485124879, 0.00394702423364, -0.00301211909391, 0.00230075931177, -0.00295578246005, 0.0022832560353, -0.00189434667118, 0.00178836914711, -0.00280208839104, 0.0025861277245, -0.00272231409326, 0.00187575176824], [-0.000965905899648, 0.0028583840467, -0.00301211909391, 0.00486227404326, -0.00333354715258, 0.00231702718884, -0.00210634362884, 0.00318554230034, -0.00268871244043, 0.00243789353408, -0.00200022710487, 0.00103811337613, -0.00239452091046], [0.00110641855281, -0.00378645537421, 0.00230075931177, -0.00333354715258, 0.00786164961755, -0.00307218474336, 0.00143309729174, -0.00425397139043, 0.00237346114591, -0.00404173368588, 0.00350467977114, -0.000847638235427, 0.000124974976643], [-0.00114878150634, 0.00367927644402, -0.00295578246005, 0.00231702718884, -0.00307218474336, 0.00830608047545, -0.0052564162761, 0.00174404634163, -0.00194000848569, 0.00153689796571, -0.00424042809755, 0.00301973870955, -0.00160722923465], [0.000982261844911, -0.00321541586891, 0.0022832560353, -0.00210634362884, 0.00143309729174, -0.0052564162761, 0.00817402359098, -0.00428388314322, 0.00252933125012, 0.000660148798488, 0.0023346899543, -0.00404497329146, 0.00330096669495], [-0.00100645038765, 0.00324605498463, -0.00189434667118, 0.00318554230034, -0.00425397139043, 0.00174404634163, -0.00428388314322, 0.0113916434348, -0.00553907873109, 0.00143616262358, -0.00172634329647, 0.00128247344401, -0.00215096329339], [0.000728965096641, -0.00283909472637, 0.00178836914711, -0.00268871244043, 0.00237346114591, -0.00194000848569, 0.00252933125012, -0.00553907873109, 0.0121450340375, -0.00610281340778, 0.00187892152462, 0.00137600849848, -0.000525964540429], [-0.000860423780978, 0.00334718637168, -0.00280208839104, 0.00243789353408, -0.00404173368588, 0.00153689796571, 0.000660148798488, 0.00143616262358, -0.00610281340778, 0.0172467138618, -0.00681078899652, 0.002501813462, -0.00054614036344], [0.000963991566096, -0.00468211807311, 0.0025861277245, -0.00200022710487, 0.00350467977114, -0.00424042809755, 0.0023346899543, -0.00172634329647, 0.00187892152462, -0.00681078899652, 0.0189723558724, -0.0088458834216, 0.00541829224676], [-0.000650935748126, 0.00308529590257, -0.00272231409326, 0.00103811337613, -0.000847638235427, 0.00301973870955, -0.00404497329146, 0.00128247344401, 0.00137600849848, 0.002501813462, -0.0088458834216, 0.0212622154504, -0.00816754996777], [0.000659347162582, -0.00222554663196, 0.00187575176824, -0.00239452091046, 0.000124974976643, -0.00160722923465, 0.00330096669495, -0.00215096329339, -0.000525964540429, -0.00054614036344, 0.00541829224676, -0.00816754996777, 0.0195144657046]], "mean": [-31.0530910492, 101.319511414, -138.427993774, 23.0634803772, -53.0199546814, -2.66274523735, -37.8096733093, 15.1989011765, -22.5090713501, -1.57002484798, -15.5472126007, -3.84873819351, -16.1248340607]}, "hfc": {"dmean": 4.22435712814, "dmean2": 5.69092226028, "dvar": 35.2422027588, "dvar2": 67.9554443359, "max": 151.510421753, "mean": 17.0239830017, "median": 11.9263696671, "min": 1.16787327816e-16, "var": 260.086181641}, "melbands": {"dmean": [0.00032783386996, 0.000422460638219, 0.000291801610729, 0.000225697294809, 0.000135826529004, 0.000102065219835, 0.000196801585844, 0.00019991127192, 0.000215102714719, 0.000136605391162, 7.18000592315e-05, 4.90133570565e-05, 5.08863522555e-05, 5.72864810238e-05, 4.41030169895e-05, 3.43325991707e-05, 2.3201755539e-05, 2.53670459642e-05, 2.26088613999e-05, 1.82364474313e-05, 2.25570875045e-05, 1.64532666531e-05, 1.64192406373e-05, 1.10910368676e-05, 6.10904044152e-06, 7.80765731179e-06, 8.3406603153e-06, 3.00597412206e-06, 1.63823790444e-06, 8.80941399828e-07, 8.66298648816e-07, 1.10819712518e-06, 5.55122085188e-07, 4.11396570144e-07, 3.49516398046e-07, 2.32678374346e-07, 1.7658622653e-07, 1.34137337682e-07, 1.13911696076e-07, 8.60301767602e-08], "dmean2": [0.000494835607242, 0.000637700490188, 0.000472045707284, 0.000356766482582, 0.000217010747292, 0.000155846297275, 0.000303991982946, 0.000309952942189, 0.000336771510774, 0.000209786230698, 0.000109362852527, 7.47041704017e-05, 8.0741054262e-05, 9.04896805878e-05, 6.90070228302e-05, 5.47018789803e-05, 3.53135219484e-05, 3.92722686229e-05, 3.37680830853e-05, 2.81427455775e-05, 3.5689357901e-05, 2.59167136392e-05, 2.63424026343e-05, 1.7877715436e-05, 9.47460193856e-06, 1.21505345305e-05, 1.3010379007e-05, 4.54296832686e-06, 2.47154093813e-06, 1.33779587941e-06, 1.28708302327e-06, 1.64649668477e-06, 8.13592350823e-07, 6.17277976289e-07, 5.14639737048e-07, 3.34487879172e-07, 2.59809809222e-07, 1.99965413117e-07, 1.68758859331e-07, 1.25627835246e-07], "dvar": [5.22030234151e-07, 8.70678206866e-07, 3.24655132999e-07, 1.39293462098e-07, 5.71585125897e-08, 5.78548871033e-08, 1.98216980607e-07, 1.39485123896e-07, 2.1474502887e-07, 7.82636746521e-08, 4.18005789982e-08, 1.85756174886e-08, 3.47368782627e-08, 3.02921279172e-08, 2.06991330742e-08, 1.38037412611e-08, 4.39046399237e-09, 3.37338845746e-09, 3.20601922787e-09, 1.85109860773e-09, 4.08548528341e-09, 9.81144943069e-10, 1.06474329353e-09, 7.58348495111e-10, 1.4290200967e-10, 2.90402868419e-10, 1.11313924744e-09, 4.79923566166e-11, 2.23040735187e-11, 6.85265039158e-12, 6.64066501441e-12, 3.5520562186e-11, 2.61956688979e-12, 7.45986714241e-13, 7.24315139117e-13, 4.72972355725e-13, 1.94095621194e-13, 1.05914856421e-13, 8.99912333237e-14, 4.55619903242e-14], "dvar2": [1.18074922284e-06, 1.93405026039e-06, 8.28629765692e-07, 3.42546314869e-07, 1.49495235746e-07, 1.25789114236e-07, 4.43947641315e-07, 3.19557329931e-07, 4.88053160552e-07, 1.8893150866e-07, 1.01441173683e-07, 4.18307664063e-08, 9.90657156308e-08, 7.92010226291e-08, 5.6896485745e-08, 3.70848560749e-08, 9.93874404998e-09, 7.76081332532e-09, 6.76508626896e-09, 4.57344295768e-09, 1.10046851631e-08, 2.35104802293e-09, 2.85154655444e-09, 1.94022220512e-09, 3.39591937903e-10, 7.09762637552e-10, 3.11010395215e-09, 1.11878090125e-10, 5.1488781988e-11, 1.47811849566e-11, 1.53647945061e-11, 9.1909133082e-11, 6.53307963283e-12, 1.71786760164e-12, 1.62327269682e-12, 9.27214251559e-13, 4.23813057131e-13, 2.32393206241e-13, 2.00434639589e-13, 9.02867732834e-14], "max": [0.0116805694997, 0.0208037495613, 0.010323131457, 0.00763949099928, 0.00530370604247, 0.00543470447883, 0.0081883110106, 0.00972512364388, 0.010117280297, 0.00594876380637, 0.0043270168826, 0.0034133172594, 0.00837559066713, 0.00433928053826, 0.00439940812066, 0.00382890808396, 0.00219567981549, 0.00131836754736, 0.00225543323904, 0.0010105734691, 0.00202235532925, 0.00061099184677, 0.000946120999288, 0.000716273498256, 0.00032882305095, 0.000863102846779, 0.00190169434063, 0.000162656055181, 0.000189547572518, 0.000100439974631, 9.48161832639e-05, 0.0003064313496, 7.24807978258e-05, 1.7355700038e-05, 2.60791439359e-05, 2.2381922463e-05, 1.55229572556e-05, 1.20414078992e-05, 9.77366107691e-06, 9.37894128583e-06], "mean": [0.000506940821651, 0.000694674206898, 0.000490743317641, 0.000440221396275, 0.000246956537012, 0.000194698615815, 0.000358767574653, 0.000364591454854, 0.000367100466974, 0.000249470263952, 0.000127880935906, 8.8776476332e-05, 9.29661691771e-05, 9.81098273769e-05, 7.41871845094e-05, 5.75280100747e-05, 4.14331334468e-05, 4.70903760288e-05, 4.38151000708e-05, 3.83807528124e-05, 4.29077445006e-05, 3.49799884134e-05, 3.19714599755e-05, 1.99856458494e-05, 1.185923702e-05, 1.56698733917e-05, 1.59596493177e-05, 5.18380602443e-06, 2.55681356975e-06, 1.44752698361e-06, 1.3952090967e-06, 1.68005351497e-06, 9.51379774961e-07, 6.97503253377e-07, 5.67114284422e-07, 3.85399800962e-07, 3.08743352662e-07, 2.51339855595e-07, 2.14932356357e-07, 1.645365586e-07], "median": [0.000126513972646, 0.000177379901288, 0.000189758604392, 0.000208197307074, 0.000121066535939, 5.24838687852e-05, 0.000103870428575, 0.000143446435686, 0.000114424059575, 7.08588122507e-05, 2.8800639484e-05, 2.77166327578e-05, 2.09449062822e-05, 2.15474392462e-05, 1.88360809261e-05, 1.25278693304e-05, 9.01932799025e-06, 1.16579740279e-05, 9.33662977332e-06, 9.61353907769e-06, 1.43816032505e-05, 1.30920134325e-05, 1.29756526803e-05, 8.62826163939e-06, 4.91152968607e-06, 6.96265487932e-06, 5.70919974052e-06, 1.83506290341e-06, 6.76458853377e-07, 4.17273071207e-07, 3.84238404649e-07, 3.57942695928e-07, 3.17183577181e-07, 2.35252841208e-07, 1.75904858679e-07, 1.16087683466e-07, 9.42542115467e-08, 7.8124791969e-08, 5.92912456909e-08, 5.42570504081e-08], "min": [9.32333010206e-24, 2.10934195867e-23, 6.49320522431e-24, 2.9159905729e-23, 1.9535039068e-23, 1.45701236576e-23, 2.76737809249e-24, 1.39647170891e-23, 1.06434596391e-23, 6.49067534739e-24, 2.3746863682e-23, 1.37708324335e-23, 5.58378507353e-24, 6.27355282171e-24, 1.22494494912e-23, 1.05289919774e-23, 1.19245744823e-23, 1.1639832772e-23, 4.06740982024e-24, 6.29086358541e-24, 6.86712016579e-24, 6.72692538343e-24, 7.63894640862e-24, 6.95032921407e-24, 1.81493181133e-23, 1.12547574209e-23, 1.26817681442e-23, 1.53686970183e-23, 7.6567904423e-24, 1.15464900165e-23, 1.25204161124e-23, 1.75729905354e-23, 1.24751110418e-23, 1.03057348749e-23, 1.07187887558e-23, 1.2520968315e-23, 7.0199674882e-24, 8.81695318725e-24, 9.09673375134e-24, 1.41951433595e-23], "var": [1.06213644813e-06, 2.0192253487e-06, 6.96336826422e-07, 4.26128366371e-07, 1.25510410953e-07, 1.88441390492e-07, 4.96577683862e-07, 3.39614501854e-07, 5.06375727127e-07, 2.01581272563e-07, 9.02128434177e-08, 4.48443131518e-08, 8.86531168476e-08, 6.69967050726e-08, 3.81095368596e-08, 2.88961707895e-08, 1.17671108413e-08, 8.34300095676e-09, 9.05058694656e-09, 6.19167916938e-09, 8.20122103562e-09, 3.27253713017e-09, 2.50810927582e-09, 1.35047861782e-09, 3.7324618396e-10, 6.73351430169e-10, 1.73891079314e-09, 9.44757813648e-11, 4.20676896096e-11, 1.33747821845e-11, 1.23271349725e-11, 4.3567850716e-11, 4.06009167259e-12, 1.49891470763e-12, 1.44896085148e-12, 9.90718574886e-13, 4.21948229395e-13, 2.60249016348e-13, 2.29321444646e-13, 1.44372036028e-13]}, "melbands_crest": {"dmean": 3.25191926956, "dmean2": 5.24763393402, "dvar": 7.75791072845, "dvar2": 19.8220596313, "max": 36.386428833, "mean": 12.9011182785, "median": 12.1328468323, "min": 1.92226779461, "var": 23.864107132}, "melbands_flatness_db": {"dmean": 0.0241047665477, "dmean2": 0.0353090874851, "dvar": 0.000506992917508, "dvar2": 0.00106290983967, "max": 0.458537906408, "mean": 0.198957741261, "median": 0.191691830754, "min": 0.00417848210782, "var": 0.00378138851374}, "melbands_kurtosis": {"dmean": 4.15398931503, "dmean2": 6.49577665329, "dvar": 192.658432007, "dvar2": 468.787872314, "max": 861.575195313, "mean": 7.52907323837, "median": 3.51099014282, "min": -1.83355891705, "var": 281.683166504}, "melbands_skewness": {"dmean": 0.562670946121, "dmean2": 0.861681461334, "dvar": 0.386499553919, "dvar2": 0.876965403557, "max": 21.6798801422, "mean": 1.91928005219, "median": 1.69432616234, "min": -1.29869246483, "var": 1.96431708336}, "melbands_spread": {"dmean": 6.88339233398, "dmean2": 10.6193819046, "dvar": 60.4993972778, "dvar2": 140.515472412, "max": 172.604568481, "mean": 25.9905662537, "median": 22.7060146332, "min": 0.414166539907, "var": 276.895263672}, "mfcc": {"cov": [[5739.89111328, -554.358032227, -394.375976563, -206.415817261, -80.9555587769, -10.6784906387, -148.344100952, -3.18472552299, 2.38527011871, 64.7414779663, 87.1867980957, 65.261428833, -9.48834705353], [-554.358032227, 1234.44616699, -60.1818618774, 26.425617218, 44.7827301025, -35.3815116882, 110.719909668, 57.0085220337, -24.7577896118, 50.9213676453, 30.6607875824, -1.81499147415, 64.9207763672], [-394.375976563, -60.1818618774, 647.874938965, 220.258789063, 77.7921600342, 146.818527222, 32.4594192505, 3.97254490852, -2.35014748573, -34.0196037292, -19.7275218964, 61.7724113464, -6.06840372086], [-206.415817261, 26.425617218, 220.258789063, 470.340393066, 156.850372314, 73.176109314, -23.9642925262, -4.61629390717, 43.7961997986, -20.3233985901, -47.4521026611, -4.43531560898, 34.7072792053], [-80.9555587769, 44.7827301025, 77.7921600342, 156.850372314, 289.02520752, 42.1772689819, -38.3645896912, -28.0148487091, 57.5682296753, 78.3348007202, 16.9095897675, -7.22778701782, 39.9744720459], [-10.6784906387, -35.3815116882, 146.818527222, 73.176109314, 42.1772689819, 212.520965576, 117.724876404, 54.1998825073, 39.1607933044, 2.29134225845, 19.3103523254, 37.7893714905, -2.78818082809], [-148.344100952, 110.719909668, 32.4594192505, -23.9642925262, -38.3645896912, 117.724876404, 291.332122803, 168.339935303, 54.4060707092, -3.49391841888, 43.7305526733, 43.3018875122, 11.3828544617], [-3.18472552299, 57.0085220337, 3.97254490852, -4.61629390717, -28.0148487091, 54.1998825073, 168.339935303, 216.222915649, 83.4502258301, 18.3342475891, 38.896938324, 31.8092021942, 20.3304843903], [2.38527011871, -24.7577896118, -2.35014748573, 43.7961997986, 57.5682296753, 39.1607933044, 54.4060707092, 83.4502258301, 164.50479126, 72.5939178467, 24.4391460419, 5.08753681183, 9.41836071014], [64.7414779663, 50.9213676453, -34.0196037292, -20.3233985901, 78.3348007202, 2.29134225845, -3.49391841888, 18.3342475891, 72.5939178467, 155.916717529, 57.2077636719, -0.761072695255, 14.3260698318], [87.1867980957, 30.6607875824, -19.7275218964, -47.4521026611, 16.9095897675, 19.3103523254, 43.7305526733, 38.896938324, 24.4391460419, 57.2077636719, 109.312843323, 46.9509468079, 6.35303497314], [65.261428833, -1.81499147415, 61.7724113464, -4.43531560898, -7.22778701782, 37.7893714905, 43.3018875122, 31.8092021942, 5.08753681183, -0.761072695255, 46.9509468079, 113.349700928, 24.1993408203], [-9.48834705353, 64.9207763672, -6.06840372086, 34.7072792053, 39.9744720459, -2.78818082809, 11.3828544617, 20.3304843903, 9.41836071014, 14.3260698318, 6.35303497314, 24.1993408203, 96.2937011719]], "icov": [[0.000203886040254, 8.57460909174e-05, 0.000159678500495, 1.12269453894e-05, 4.27601880801e-05, -0.000166557438206, 0.000226358111831, -0.000138534014695, 8.37198604131e-05, -8.67942944751e-05, -7.35186767997e-05, -0.000165704608662, -5.68511666188e-07], [8.57460909174e-05, 0.000994260422885, 0.000122334909975, -0.000187001904123, -0.000126325365272, 0.000403040961828, -0.000618011923507, -7.57077432354e-05, 0.000666184583679, -0.000554678554181, -5.5814805819e-05, 8.98772050277e-05, -0.000435156078311], [0.000159678500495, 0.000122334909975, 0.00242141447961, -0.000844791065902, -0.000233806917095, -0.00131231965497, 0.000306329457089, -0.000243808710366, 0.000662445265334, -0.000158243608894, 0.000697609910276, -0.00155224488117, 0.000767484481912], [1.12269453894e-05, -0.000187001904123, -0.000844791065902, 0.00353877269663, -0.00160256121308, -0.00066447869176, 0.000779441208579, -0.000367173284758, -0.00107212201692, 0.00141067884397, 0.00102125597186, 0.000324525142787, -0.000824069429655], [4.27601880801e-05, -0.000126325365272, -0.000233806917095, -0.00160256121308, 0.00601806445047, -0.0011106042657, 0.000666795589495, 0.00140370812733, -0.00112106418237, -0.00225897599012, -0.00115394918248, 0.00108439940959, -0.00200402387418], [-0.000166557438206, 0.000403040961828, -0.00131231965497, -0.00066447869176, -0.0011106042657, 0.00843755993992, -0.00414292141795, 0.00116821355186, -0.000634969153907, -2.87840430246e-05, -4.80024682474e-05, -0.00103400473017, 0.00114650884643], [0.000226358111831, -0.000618011923507, 0.000306329457089, 0.000779441208579, 0.000666795589495, -0.00414292141795, 0.00903019309044, -0.00552281783894, -0.000145499318023, 0.00139218661934, -0.00123826076742, -0.000184370583156, -0.000185717581189], [-0.000138534014695, -7.57077432354e-05, -0.000243808710366, -0.000367173284758, 0.00140370812733, 0.00116821355186, -0.00552281783894, 0.0108264917508, -0.00428042793646, 0.000515247927979, -0.00139416218735, 8.65979745868e-05, -0.00161525001749], [8.37198604131e-05, 0.000666184583679, 0.000662445265334, -0.00107212201692, -0.00112106418237, -0.000634969153907, -0.000145499318023, -0.00428042793646, 0.0111880265176, -0.0050410409458, 0.00153008289635, -0.000430661108112, 0.0010181866819], [-8.67942944751e-05, -0.000554678554181, -0.000158243608894, 0.00141067884397, -0.00225897599012, -2.87840430246e-05, 0.00139218661934, 0.000515247927979, -0.0050410409458, 0.0125337028876, -0.00597103498876, 0.00238291849382, -0.00106597715057], [-7.35186767997e-05, -5.5814805819e-05, 0.000697609910276, 0.00102125597186, -0.00115394918248, -4.80024682474e-05, -0.00123826076742, -0.00139416218735, 0.00153008289635, -0.00597103498876, 0.0166023317724, -0.00690545234829, 0.00200335774571], [-0.000165704608662, 8.98772050277e-05, -0.00155224488117, 0.000324525142787, 0.00108439940959, -0.00103400473017, -0.000184370583156, 8.65979745868e-05, -0.000430661108112, 0.00238291849382, -0.00690545234829, 0.0140189994127, -0.00414819549769], [-5.68511666188e-07, -0.000435156078311, 0.000767484481912, -0.000824069429655, -0.00200402387418, 0.00114650884643, -0.000185717581189, -0.00161525001749, 0.0010181866819, -0.00106597715057, 0.00200335774571, -0.00414819549769, 0.0132210208103]], "mean": [-668.594787598, 133.713729858, -25.8269062042, 23.8241653442, 1.1309864521, -11.2969198227, -4.1522808075, 5.59090518951, -4.00603580475, 2.95145797729, 1.57406508923, -2.30603861809, 2.38898420334]}, "pitch_salience": {"dmean": 0.0649895817041, "dmean2": 0.105189986527, "dvar": 0.00309464521706, "dvar2": 0.0078659625724, "max": 0.920454084873, "mean": 0.549897015095, "median": 0.555862367153, "min": 0.136398866773, "var": 0.010469856672}, "silence_rate_20dB": {"dmean": 0, "dmean2": 0, "dvar": 0, "dvar2": 0, "max": 1, "mean": 1, "median": 1, "min": 1, "var": 0}, "silence_rate_30dB": {"dmean": 0, "dmean2": 0, "dvar": 0, "dvar2": 0, "max": 1, "mean": 1, "median": 1, "min": 1, "var": 0}, "silence_rate_60dB": {"dmean": 0.0266429837793, "dmean2": 0.0532938577235, "dvar": 0.0259346794337, "dvar2": 0.0563734471798, "max": 1, "mean": 0.0720734074712, "median": 0, "min": 0, "var": 0.0668759271502}, "spectral_centroid": {"dmean": 227.365951538, "dmean2": 345.858886719, "dvar": 57933.0546875, "dvar2": 115656.335938, "max": 10991.5039063, "mean": 1467.05480957, "median": 1434.62158203, "min": 268.99395752, "var": 381557.21875}, "spectral_complexity": {"dmean": 2.9221432209, "dmean2": 4.30762386322, "dvar": 9.17803382874, "dvar2": 17.0878047943, "max": 50, "mean": 17.5634155273, "median": 16, "min": 0, "var": 78.4259033203}, "spectral_contrast_coeffs": {"dmean": [0.0504549667239, 0.049708943814, 0.0378684923053, 0.0326562561095, 0.0262716114521, 0.0194885153323], "dmean2": [0.0823490396142, 0.0805744454265, 0.0612051412463, 0.0512918308377, 0.040836378932, 0.03003070876], "dvar": [0.00173029408325, 0.00164648564532, 0.000934737967327, 0.000715480651706, 0.000506053329445, 0.000289961695671], "dvar2": [0.00447023659945, 0.00413967482746, 0.00225388980471, 0.00163228169549, 0.0011095815571, 0.00066452275496], "max": [-0.322961956263, -0.414691746235, -0.43500494957, -0.522632718086, -0.512095332146, -0.598444879055], "mean": [-0.627869069576, -0.700624704361, -0.740283429623, -0.743859529495, -0.740910768509, -0.766631245613], "median": [-0.634022533894, -0.704442739487, -0.750472962856, -0.747495412827, -0.740805327892, -0.768794238567], "min": [-0.963494122028, -0.957091987133, -0.970290005207, -0.957173883915, -0.96306091547, -0.960536003113], "var": [0.00853848922998, 0.0071979300119, 0.00556698674336, 0.0042065968737, 0.0033604442142, 0.00181360158604]}, "spectral_contrast_valleys": {"dmean": [0.443401545286, 0.341715723276, 0.290844678879, 0.281366497278, 0.274220377207, 0.350432217121], "dmean2": [0.68683809042, 0.553776919842, 0.465697407722, 0.429747313261, 0.377061218023, 0.453606873751], "dvar": [0.155385226011, 0.100894287229, 0.0798666700721, 0.0825975239277, 0.0938176214695, 0.16605874896], "dvar2": [0.313807040453, 0.202706560493, 0.145121306181, 0.141656398773, 0.139111295342, 0.278453379869], "max": [-5.73443937302, -5.06848144531, -5.31005096436, -6.02830839157, -5.8085770607, -8.220495224], "mean": [-7.8779258728, -6.92526340485, -7.58008003235, -8.00953960419, -7.84780693054, -10.9068174362], "median": [-7.7138466835, -6.81935405731, -7.50033760071, -7.95914459229, -7.81045246124, -10.8126239777], "min": [-27.3686161041, -27.3887863159, -26.7523899078, -27.3564052582, -27.1498661041, -27.3112678528], "var": [1.23040890694, 0.874872326851, 0.949724376202, 0.972911715508, 0.975817322731, 1.23930466175]}, "spectral_decrease": {"dmean": 1.31861899177e-09, "dmean2": 1.91139948313e-09, "dvar": 2.32082002425e-18, "dvar2": 4.76610963759e-18, "max": 7.91436302574e-22, "mean": -4.61572291499e-09, "median": -3.97053989687e-09, "min": -2.41872619711e-08, "var": 1.12906538834e-17}, "spectral_energy": {"dmean": 0.00527646904811, "dmean2": 0.0075869821012, "dvar": 3.67190914403e-05, "dvar2": 7.45004945202e-05, "max": 0.0965659096837, "mean": 0.0189649742097, "median": 0.016243506223, "min": 1.07851394868e-20, "var": 0.000191362400074}, "spectral_energyband_high": {"dmean": 0.000135565220262, "dmean2": 0.000179306880455, "dvar": 9.04016772552e-08, "dvar2": 1.95392317437e-07, "max": 0.00997755117714, "mean": 0.000279116735328, "median": 0.000102272693766, "min": 7.7506597214e-21, "var": 2.4943489052e-07}, "spectral_energyband_low": {"dmean": 0.00201792316511, "dmean2": 0.00301156169735, "dvar": 1.5631372662e-05, "dvar2": 3.44922082149e-05, "max": 0.0710449665785, "mean": 0.00364723498933, "median": 0.00121072644833, "min": 8.1481739512e-23, "var": 3.92746769649e-05}, "spectral_energyband_middle_high": {"dmean": 0.00167879427318, "dmean2": 0.00238047819585, "dvar": 8.20453715278e-06, "dvar2": 1.78705777216e-05, "max": 0.0803142637014, "mean": 0.00589951639995, "median": 0.00319814635441, "min": 1.49118076516e-21, "var": 5.64995971217e-05}, "spectral_energyband_middle_low": {"dmean": 0.00341535243206, "dmean2": 0.00524643715471, "dvar": 1.73664284375e-05, "dvar2": 3.9746544644e-05, "max": 0.0610664449632, "mean": 0.00973404850811, "median": 0.00793893821537, "min": 4.39474587003e-22, "var": 6.16877732682e-05}, "spectral_entropy": {"dmean": 0.157021015882, "dmean2": 0.227604031563, "dvar": 0.0276625268161, "dvar2": 0.0525816828012, "max": 9.80674648285, "mean": 7.31982326508, "median": 7.34039115906, "min": 5.6087679863, "var": 0.16180498898}, "spectral_flux": {"dmean": 0.0167439393699, "dmean2": 0.0264140143991, "dvar": 0.000273187033599, "dvar2": 0.000634183932561, "max": 0.230704367161, "mean": 0.0671062096953, "median": 0.0607782714069, "min": 1.03851524602e-10, "var": 0.00113120302558}, "spectral_kurtosis": {"dmean": 2.18564176559, "dmean2": 3.70606446266, "dvar": 5.5445432663, "dvar2": 15.2248296738, "max": 49.0649185181, "mean": 6.5617685318, "median": 5.81914997101, "min": -1.23077237606, "var": 14.9724445343}, "spectral_rms": {"dmean": 0.000586428097449, "dmean2": 0.000827590469271, "dvar": 3.26952147134e-07, "dvar2": 6.20914761384e-07, "max": 0.00970621686429, "mean": 0.00399738876149, "median": 0.00398086942732, "min": 3.24377677496e-12, "var": 2.52327799899e-06}, "spectral_rolloff": {"dmean": 382.972259521, "dmean2": 638.234924316, "dvar": 378824.15625, "dvar2": 813350.625, "max": 18992.2851563, "mean": 1637.41809082, "median": 1485.79101563, "min": 43.06640625, "var": 1442886.5}, "spectral_skewness": {"dmean": 0.247041478753, "dmean2": 0.397367626429, "dvar": 0.0539484061301, "dvar2": 0.133575543761, "max": 5.34940910339, "mean": 1.67504835129, "median": 1.63560056686, "min": -0.00846416130662, "var": 0.24619024992}, "spectral_spread": {"dmean": 381005.21875, "dmean2": 569889.4375, "dvar": 385430159360, "dvar2": 628594900992, "max": 41148412, "mean": 3445830.5, "median": 3205905.75, "min": 1518926.875, "var": 1501331062780.0}, "spectral_str