{"lowlevel": {"average_loudness": 0.587218821049, "barkbands": {"dmean": [0.000215076011955, 0.0036623601336, 0.00113727280404, 0.00105564761907, 0.00315253413282, 0.00150442717131, 0.00115490111057, 0.00100428937003, 0.000840192951728, 0.000405790982768, 0.000280442007352, 0.000216807602555, 0.000235736515606, 0.000265459617367, 0.000184852775419, 0.000157050119014, 0.000136519069201, 0.000122723722598, 8.83993998286e-05, 0.000126998711494, 6.55900512356e-05, 5.87960639677e-05, 5.75629092054e-05, 4.79896589241e-05, 3.39159450959e-05, 1.58645580086e-05, 1.56260807671e-06], "dmean2": [0.000310496106977, 0.00591187924147, 0.00190144241787, 0.00177573598921, 0.00528834806755, 0.00233513442799, 0.00178952794522, 0.00154593505431, 0.00135628308635, 0.000661735830363, 0.000459484785097, 0.000345822772942, 0.000364314415492, 0.000420488562668, 0.000297559628962, 0.000250074575888, 0.000220014888328, 0.000194240608835, 0.000137419352541, 0.000196109729586, 9.59073222475e-05, 8.20316417958e-05, 8.01853602752e-05, 6.55140829622e-05, 4.79016925965e-05, 2.19144021685e-05, 2.0667928311e-06], "dvar": [2.13691421891e-07, 5.19433597219e-05, 3.3501848975e-06, 2.46414265348e-06, 2.8708793252e-05, 9.25155472942e-06, 6.21272147328e-06, 5.63630555916e-06, 4.62790421807e-06, 1.14169233711e-06, 1.94048470803e-06, 4.64893304297e-07, 4.54568663599e-07, 1.01239049854e-06, 2.03018373668e-07, 1.6385071433e-07, 7.37956398211e-08, 6.99198423604e-08, 2.34845050073e-08, 6.85914045562e-08, 1.54747681336e-08, 1.39151197232e-08, 1.58281245888e-08, 1.40171971807e-08, 6.33005337036e-09, 1.78467707279e-09, 1.42652894705e-11], "dvar2": [4.20113167365e-07, 0.000128484141896, 8.90517731023e-06, 6.57429745843e-06, 7.48108577682e-05, 2.34260623984e-05, 1.49546676766e-05, 1.24172174765e-05, 1.1886694665e-05, 3.03324191009e-06, 5.29553290107e-06, 1.02797685031e-06, 9.56241592576e-07, 2.75835486718e-06, 4.87715396957e-07, 4.13107159147e-07, 1.87655274431e-07, 1.84596117947e-07, 5.8477208853e-08, 1.62281537541e-07, 3.23869073782e-08, 2.73731313172e-08, 3.22424185129e-08, 2.7929569768e-08, 1.31527526648e-08, 3.59801144434e-09, 2.63004236445e-11], "max": [0.0060518682003, 0.0609109997749, 0.0254106000066, 0.0234171394259, 0.0662724897265, 0.0770177990198, 0.0643361583352, 0.0633580386639, 0.0506019666791, 0.037223264575, 0.0566404461861, 0.0326927676797, 0.0339630916715, 0.0312972441316, 0.0204568747431, 0.0141282882541, 0.00619357824326, 0.00622178055346, 0.00313361221924, 0.0110548641533, 0.00219407072291, 0.00228787725791, 0.00498072430491, 0.00417512841523, 0.00177340721712, 0.000739387935027, 6.35225442238e-05], "mean": [0.000282231572783, 0.0052004372701, 0.0019581054803, 0.00165629212279, 0.00487051578239, 0.00312888599001, 0.00191660248674, 0.00165110244416, 0.0013038147008, 0.000593713426497, 0.000432313012425, 0.000321798230289, 0.000398460862925, 0.000398676347686, 0.000324128835928, 0.000278454332147, 0.000255867547821, 0.00023398961639, 0.000180057730176, 0.000275367405266, 0.000115136099339, 0.000102347534266, 9.88193933154e-05, 7.86396558397e-05, 4.73987020086e-05, 1.93735486391e-05, 2.52582549365e-06], "median": [4.79945229017e-05, 0.00215287553146, 0.00122898595873, 0.000992299290374, 0.00311378063634, 0.00116184342187, 0.00057936029043, 0.000320007558912, 0.00030099140713, 0.000152903317939, 7.87200042396e-05, 8.63719760673e-05, 0.000113742207759, 7.95501473476e-05, 0.00011292975978, 8.01494024927e-05, 9.63235434028e-05, 9.52920381678e-05, 9.4594892289e-05, 0.000117658957606, 4.34299727203e-05, 4.09465901612e-05, 3.76246098313e-05, 1.92894258362e-05, 8.95421180758e-06, 2.30470914175e-06, 8.60789498347e-07], "min": [1.05476658928e-24, 2.9364260541e-24, 9.75624710608e-25, 8.35505165863e-25, 1.11231801551e-23, 1.46788839106e-23, 1.22263484885e-23, 1.34144014107e-23, 9.29970845111e-24, 2.28696424668e-23, 2.2188257549e-23, 2.55488681141e-23, 2.5337581187e-23, 3.44663647792e-23, 6.32419627187e-23, 9.11799323719e-23, 5.9274131205e-23, 9.02296579037e-23, 1.29078861297e-22, 2.19115418673e-22, 2.48118666093e-22, 2.57343693871e-22, 4.42265917674e-22, 6.6390523686e-22, 8.60734640763e-22, 1.34486047156e-21, 2.00008435096e-21], "var": [3.79882436619e-07, 6.91456443747e-05, 4.90378852191e-06, 3.86745068681e-06, 3.40893238899e-05, 3.60495287168e-05, 1.75900659087e-05, 1.59229584824e-05, 1.0324507457e-05, 2.34618005379e-06, 3.51321727976e-06, 1.03612694602e-06, 1.4100678527e-06, 1.65827850651e-06, 4.89475098675e-07, 4.06040697953e-07, 1.93153752548e-07, 1.84178873042e-07, 6.07491870142e-08, 2.10957637137e-07, 3.22961746235e-08, 2.64922963567e-08, 3.51268347742e-08, 3.84395306696e-08, 1.08263362719e-08, 2.63075738971e-09, 2.48837964123e-11]}, "barkbands_crest": {"dmean": 2.82135629654, "dmean2": 4.73338794708, "dvar": 6.94922971725, "dvar2": 18.7534828186, "max": 25.2565784454, "mean": 10.3027200699, "median": 9.56958770752, "min": 2.87915992737, "var": 15.0704593658}, "barkbands_flatness_db": {"dmean": 0.0222694147378, "dmean2": 0.0329498425126, "dvar": 0.000457477173768, "dvar2": 0.000944668368902, "max": 0.393274843693, "mean": 0.139579489827, "median": 0.133865311742, "min": 0.0246273744851, "var": 0.00247051636688}, "barkbands_kurtosis": {"dmean": 3.96251726151, "dmean2": 6.16022729874, "dvar": 52.6807594299, "dvar2": 126.629379272, "max": 254.937667847, "mean": 7.79605007172, "median": 3.82499098778, "min": -1.89989852905, "var": 148.098403931}, "barkbands_skewness": {"dmean": 0.557910263538, "dmean2": 0.862087547779, "dvar": 0.324459820986, "dvar2": 0.743317425251, "max": 12.9554681778, "mean": 2.05821084976, "median": 1.89509689808, "min": -2.21224045753, "var": 1.68451476097}, "barkbands_spread": {"dmean": 5.10775279999, "dmean2": 7.84049081802, "dvar": 35.4648971558, "dvar2": 77.0679550171, "max": 130.990005493, "mean": 19.2829456329, "median": 17.0713386536, "min": 0.449346899986, "var": 215.55708313}, "dissonance": {"dmean": 0.0191006567329, "dmean2": 0.032332804054, "dvar": 0.000318400649121, "dvar2": 0.00087907910347, "max": 0.500000119209, "mean": 0.462544411421, "median": 0.468765556812, "min": 0.2782343328, "var": 0.000731592532247}, "dynamic_complexity": 3.82528948784, "erbbands": {"dmean": [0.127545550466, 0.790075540543, 1.22061526775, 2.48332810402, 5.95254802704, 14.4959440231, 10.0645694733, 13.5446548462, 14.161895752, 20.8854598999, 20.0722198486, 19.56199646, 14.9278917313, 12.3915309906, 7.84550905228, 8.89674949646, 9.78415107727, 13.4337062836, 9.90228462219, 9.22824954987, 7.16518163681, 6.47822189331, 6.82519197464, 3.94693517685, 5.42891168594, 5.6609787941, 2.69626283646, 2.60317444801, 1.95456314087, 2.19673442841, 1.57688653469, 1.10665297508, 0.737691760063, 0.414800435305, 0.230280801654, 0.0883368179202, 0.0254028048366, 0.00372545863502, 0.000263787864242, 2.04675307032e-05], "dmean2": [0.194357588887, 1.32637834549, 1.99819457531, 4.11036062241, 10.1899328232, 24.2235870361, 16.1787567139, 20.8407421112, 21.5911026001, 32.6213264465, 31.1569366455, 31.4373035431, 24.1625080109, 19.9598655701, 12.6834106445, 14.1230869293, 15.1725406647, 20.988489151, 15.7413225174, 14.5358190536, 11.4889478683, 10.2230787277, 10.7517900467, 6.13641262054, 8.34646224976, 8.74246788025, 3.97301769257, 3.78211975098, 2.74239397049, 3.11511468887, 2.19487667084, 1.5463732481, 1.01514291763, 0.592707574368, 0.325786650181, 0.123246259987, 0.0353456512094, 0.0050610830076, 0.000345183070749, 2.75582624454e-05], "dvar": [0.0637503713369, 2.55962491035, 4.00081157684, 14.4750480652, 116.133811951, 619.87677002, 334.559448242, 1013.4274292, 1070.40246582, 2110.45751953, 2614.99926758, 2373.1628418, 1633.13525391, 2725.44384766, 586.802734375, 875.223571777, 624.609375, 2181.7980957, 734.3515625, 550.29901123, 275.989715576, 140.571411133, 227.143325806, 67.1239013672, 85.0604782104, 131.477050781, 24.5878181458, 26.3848781586, 16.2663192749, 21.4287700653, 13.9483575821, 9.23467063904, 3.11587977409, 1.00732135773, 0.298662275076, 0.0520946457982, 0.00489617232233, 0.000100604869658, 3.95499398564e-07, 1.21647325546e-09], "dvar2": [0.138154119253, 6.78434038162, 10.2067737579, 37.4594345093, 311.089538574, 1610.23425293, 898.327636719, 2607.55029297, 2357.03979492, 5058.86962891, 6003.61621094, 6160.1328125, 4283.75244141, 7343.68115234, 1560.50170898, 1909.47216797, 1400.86779785, 5472.28857422, 1917.85388184, 1232.00524902, 746.385009766, 357.003051758, 609.558898926, 167.544174194, 209.793960571, 309.597442627, 52.840927124, 54.4280548096, 33.3295211792, 43.1255722046, 29.1802482605, 19.7237663269, 6.17549514771, 2.15571284294, 0.616748392582, 0.105592288077, 0.0100127141923, 0.000198766894755, 7.25929055534e-07, 2.23003593369e-09], "max": [2.92516040802, 13.8869686127, 25.2011833191, 46.1963386536, 158.162460327, 324.832641602, 503.41607666, 910.626159668, 905.208496094, 1139.21899414, 1232.94189453, 1127.8236084, 1357.59143066, 1977.12597656, 641.660339355, 1573.03161621, 784.540161133, 1258.72424316, 979.835083008, 1296.69091797, 483.690612793, 284.35546875, 400.991699219, 284.473419189, 255.116241455, 401.495483398, 122.154930115, 100.441772461, 72.5689086914, 131.427978516, 171.426925659, 140.477523804, 54.2152938843, 26.1363735199, 10.156791687, 3.41742157936, 1.34715020657, 0.214349269867, 0.0120755247772, 0.000555848877411], "mean": [0.178926363587, 1.0425144434, 2.24623322487, 4.25677442551, 9.41647720337, 19.9197444916, 19.1657714844, 28.0847434998, 26.6821956635, 33.6029090881, 33.7151832581, 30.8702526093, 22.7200698853, 20.1975212097, 12.9997911453, 14.0891675949, 17.9309120178, 22.4239616394, 17.0541000366, 17.5605640411, 14.1924467087, 13.5716028214, 14.0291204453, 8.56663036346, 11.9214019775, 12.5868825912, 5.56899642944, 4.41066884995, 3.41067862511, 3.75155162811, 2.68172311783, 1.81964802742, 1.16128802299, 0.599713921547, 0.306919038296, 0.110123179853, 0.0302431751043, 0.00488502718508, 0.000426345999585, 5.34425234946e-05], "median": [0.0556428395212, 0.476216375828, 1.47914028168, 2.90678977966, 5.93566942215, 11.051117897, 10.4599199295, 8.71971893311, 8.55461502075, 9.41385555267, 8.43026065826, 7.94640779495, 6.10575771332, 5.09714174271, 4.14848709106, 3.7891690731, 5.52313661575, 5.92590522766, 5.86952543259, 7.32897281647, 5.42047166824, 5.93918275833, 6.12198591232, 4.19237232208, 6.44385623932, 5.49813747406, 2.21674466133, 1.61220514774, 1.31824266911, 1.54004096985, 0.953582763672, 0.469530165195, 0.269705116749, 0.122883535922, 0.0551787987351, 0.0142554249614, 0.00338698970154, 0.000788152217865, 0.000146252874401, 3.82356265618e-05], "min": [1.84784027995e-22, 2.25424942763e-22, 2.28405226446e-21, 8.78390766509e-21, 1.48680383669e-20, 2.37575513084e-20, 8.23400591024e-20, 1.45598457341e-19, 2.16614782211e-19, 2.4681216077e-19, 4.91301029694e-19, 2.42089243816e-19, 7.4145280294e-19, 7.52440449812e-19, 1.12814707311e-18, 1.1061360038e-18, 1.52288820797e-18, 2.31144910189e-18, 2.68282920869e-18, 5.02244587839e-18, 6.23823925144e-18, 4.10134593831e-18, 4.36832633923e-18, 6.52813751841e-18, 6.58960324178e-18, 1.00614361962e-17, 1.04880901659e-17, 1.05119783148e-17, 8.46655587459e-18, 1.19654181963e-17, 1.25729500962e-17, 1.16356642995e-17, 1.12684713809e-17, 9.47071756946e-18, 6.39794508026e-18, 4.43965370986e-18, 2.40262694607e-18, 9.90437837933e-19, 2.78173266129e-19, 2.53556222466e-20], "var": [0.104598931968, 2.73375916481, 6.04338026047, 21.1821613312, 139.436340332, 721.841491699, 798.77355957, 3705.35522461, 3904.45605469, 5088.41796875, 6841.99316406, 5290.73583984, 3422.06469727, 5148.55419922, 1240.8458252, 1999.72302246, 2007.34228516, 4942.89941406, 1306.49108887, 1598.45715332, 775.017883301, 429.792633057, 598.638305664, 202.152770996, 252.571990967, 418.325927734, 67.3254394531, 51.595451355, 29.7127075195, 38.4997024536, 30.5914993286, 24.3620014191, 7.64951038361, 1.76583194733, 0.483102083206, 0.0793505832553, 0.00687758484855, 0.00015312852338, 6.99367546986e-07, 2.50895748621e-09]}, "erbbands_crest": {"dmean": 2.58217525482, "dmean2": 4.20449447632, "dvar": 5.91607189178, "dvar2": 15.0573682785, "max": 30.1419239044, "mean": 8.87216091156, "median": 7.83881378174, "min": 2.27906513214, "var": 17.2854099274}, "erbbands_flatness_db": {"dmean": 0.0173551794142, "dmean2": 0.024407075718, "dvar": 0.000270698685199, "dvar2": 0.000513411301654, "max": 0.356518566608, "mean": 0.144930541515, "median": 0.14319974184, "min": 0.0340979658067, "var": 0.0017112881178}, "erbbands_kurtosis": {"dmean": 0.954296946526, "dmean2": 1.49619519711, "dvar": 2.2398018837, "dvar2": 5.03615236282, "max": 32.8205986023, "mean": 0.518900036812, "median": -0.378768205643, "min": -1.87359547615, "var": 7.29167175293}, "erbbands_skewness": {"dmean": 0.377030462027, "dmean2": 0.579893171787, "dvar": 0.118132911623, "dvar2": 0.276871025562, "max": 5.0190372467, "mean": 0.611511766911, "median": 0.506916940212, "min": -2.8586909771, "var": 0.731500148773}, "erbbands_spread": {"dmean": 8.56453227997, "dmean2": 12.8057909012, "dvar": 81.5588378906, "dvar2": 171.268035889, "max": 171.469314575, "mean": 43.925453186, "median": 41.630191803, "min": 5.33974742889, "var": 394.105682373}, "gfcc": {"cov": [[17912.9550781, 1453.32666016, -1474.4876709, 810.65423584, -1108.7598877, 408.857147217, -371.191864014, 41.4933624268, -331.523376465, 19.5138568878, -80.0666656494, -39.406414032, -135.366378784], [1453.32666016, 1091.62072754, -113.931922913, 92.1047363281, 103.130805969, -101.087051392, 72.6888809204, -111.281028748, -10.6008405685, -76.4101486206, 79.9750900269, -27.2374134064, 16.4177970886], [-1474.4876709, -113.931922913, 959.852050781, 88.2710571289, 61.1116485596, 125.300994873, -47.6424560547, -47.05884552, -34.5458869934, 9.89488601685, -1.57430005074, 72.3329925537, -16.6098041534], [810.65423584, 92.1047363281, 88.2710571289, 389.278808594, 48.7781906128, 37.6272773743, 3.60786366463, 5.8752822876, 17.2444248199, -28.0409793854, -19.2358608246, -9.6147813797, 25.5970916748], [-1108.7598877, 103.130805969, 61.1116485596, 48.7781906128, 288.635009766, -29.3910617828, 78.9975662231, 13.9316129684, 54.7417488098, -10.1178274155, -7.71752595901, -12.0169181824, 26.7234706879], [408.857147217, -101.087051392, 125.300994873, 37.6272773743, -29.3910617828, 248.358840942, 48.6685791016, 32.1790847778, -8.74742221832, 27.7657909393, -4.415163517, -4.9910531044, -27.3385887146], [-371.191864014, 72.6888809204, -47.6424560547, 3.60786366463, 78.9975662231, 48.6685791016, 204.666427612, 50.7957687378, 26.4925670624, -1.45774781704, -1.72504961491, -7.28896093369, -0.024529716], [41.4933624268, -111.281028748, -47.05884552, 5.8752822876, 13.9316129684, 32.1790847778, 50.7957687378, 123.506088257, 57.8524131775, 17.3557262421, -23.9826221466, -9.33041000366, -1.78750538826], [-331.523376465, -10.6008405685, -34.5458869934, 17.2444248199, 54.7417488098, -8.74742221832, 26.4925670624, 57.8524131775, 114.194198608, 30.7947978973, -0.449042975903, -20.2725124359, 8.47588062286], [19.5138568878, -76.4101486206, 9.89488601685, -28.0409793854, -10.1178274155, 27.7657909393, -1.45774781704, 17.3557262421, 30.7947978973, 91.3492736816, 32.7372322083, 5.25497293472, -12.7019701004], [-80.0666656494, 79.9750900269, -1.57430005074, -19.2358608246, -7.71752595901, -4.415163517, -1.72504961491, -23.9826221466, -0.449042975903, 32.7372322083, 115.778999329, 42.8485031128, 1.03001022339], [-39.406414032, -27.2374134064, 72.3329925537, -9.6147813797, -12.0169181824, -4.9910531044, -7.28896093369, -9.33041000366, -20.2725124359, 5.25497293472, 42.8485031128, 96.0279922485, 33.6017036438], [-135.366378784, 16.4177970886, -16.6098041534, 25.5970916748, 26.7234706879, -27.3385887146, -0.024529716, -1.78750538826, 8.47588062286, -12.7019701004, 1.03001022339, 33.6017036438, 77.2602767944]], "icov": [[0.000457882299088, -0.00116401177365, 0.000945175997913, -0.00114186573774, 0.00130345590878, -0.00111304875463, 0.00135277560912, -0.00141329108737, 0.00145236786921, -0.00164566875901, 0.00179110502359, -0.00165786326397, 0.00102140090894], [-0.00116401177365, 0.00435656914487, -0.00231199385598, 0.00258774519898, -0.00348543236032, 0.00318542681634, -0.00417980505154, 0.00491468701512, -0.00405319361016, 0.00542879523709, -0.00598660390824, 0.00510358111933, -0.00267712492496], [0.000945175997913, -0.00231199385598, 0.00340966740623, -0.00264076888561, 0.00198872527108, -0.0031474919524, 0.00333261978813, -0.00207851710729, 0.0028125019744, -0.00345929269679, 0.00440907478333, -0.0052939420566, 0.00327298068441], [-0.00114186573774, 0.00258774519898, -0.00264076888561, 0.00584519049153, -0.00350302481093, 0.00203059869818, -0.00293408962898, 0.00319069065154, -0.00409743515775, 0.00495948828757, -0.00430441414937, 0.00469881063327, -0.00377308460884], [0.00130345590878, -0.00348543236032, 0.00198872527108, -0.00350302481093, 0.00867589283735, -0.00220135808922, 0.00176366697997, -0.0033765649423, 0.0020038485527, -0.00430447980762, 0.00512885302305, -0.00362236076035, 0.00133467582054], [-0.00111304875463, 0.00318542681634, -0.0031474919524, 0.00203059869818, -0.00220135808922, 0.00839263293892, -0.00518929585814, 0.00221029995009, -0.00203149439767, 0.00239695236087, -0.00469928281382, 0.00515449326485, -0.00175800756551], [0.00135277560912, -0.00417980505154, 0.00333261978813, -0.00293408962898, 0.00176366697997, -0.00518929585814, 0.0111911194399, -0.00721168937162, 0.00474938051775, -0.00441827485338, 0.00531276362017, -0.00568229844794, 0.00349044590257], [-0.00141329108737, 0.00491468701512, -0.00207851710729, 0.00319069065154, -0.0033765649423, 0.00221029995009, -0.00721168937162, 0.0193463712931, -0.0119898794219, 0.00540615618229, -0.00263748969883, 0.00260682264343, -0.00152361823712], [0.00145236786921, -0.00405319361016, 0.0028125019744, -0.00409743515775, 0.0020038485527, -0.00203149439767, 0.00474938051775, -0.0119898794219, 0.0206696968526, -0.0104758990929, 0.00406214874238, -0.000578129023779, -0.00011229590018], [-0.00164566875901, 0.00542879523709, -0.00345929269679, 0.00495948828757, -0.00430447980762, 0.00239695236087, -0.00441827485338, 0.00540615618229, -0.0104758990929, 0.0226785168052, -0.0119889127091, 0.00620839139447, -0.00162564998027], [0.00179110502359, -0.00598660390824, 0.00440907478333, -0.00430441414937, 0.00512885302305, -0.00469928281382, 0.00531276362017, -0.00263748969883, 0.00406214874238, -0.0119889127091, 0.0219101738185, -0.0149043630809, 0.00706146890298], [-0.00165786326397, 0.00510358111933, -0.0052939420566, 0.00469881063327, -0.00362236076035, 0.00515449326485, -0.00568229844794, 0.00260682264343, -0.000578129023779, 0.00620839139447, -0.0149043630809, 0.0262523069978, -0.0136834671721], [0.00102140090894, -0.00267712492496, 0.00327298068441, -0.00377308460884, 0.00133467582054, -0.00175800756551, 0.00349044590257, -0.00152361823712, -0.00011229590018, -0.00162564998027, 0.00706146890298, -0.0136834671721, 0.0217396356165]], "mean": [-23.9840984344, 95.7411575317, -99.6875534058, 36.1910820007, -56.2876319885, 3.3396654129, -37.367893219, 4.46333551407, -18.4607372284, 1.20654034615, -13.0346546173, -2.69356870651, -9.81119632721]}, "hfc": {"dmean": 4.89872407913, "dmean2": 6.85568857193, "dvar": 52.2750091553, "dvar2": 101.846458435, "max": 142.800430298, "mean": 15.7010421753, "median": 11.5410757065, "min": 1.07529727541e-16, "var": 210.326156616}, "melbands": {"dmean": [0.00106683943886, 0.000716606562492, 0.000467322621262, 0.000766852346715, 0.000385592487874, 0.000294101424515, 0.000222258197027, 0.00022808938229, 0.000164072349435, 0.000121025230328, 7.46413570596e-05, 5.07265503984e-05, 3.04009790852e-05, 2.32772235904e-05, 2.24398809223e-05, 2.46300623985e-05, 2.6801655622e-05, 1.72827312781e-05, 1.30607922983e-05, 1.34391557367e-05, 8.26854284242e-06, 7.08200832378e-06, 8.92607749847e-06, 4.94402320328e-06, 3.31832825395e-06, 3.67752409147e-06, 5.66596099816e-06, 3.51939957e-06, 1.92695097212e-06, 1.65515473327e-06, 1.56154010256e-06, 1.15805812584e-06, 1.15845625714e-06, 1.29421573547e-06, 1.00082411336e-06, 7.63679508964e-07, 6.64106437398e-07, 5.27104248249e-07, 4.73469725648e-07, 3.26213722701e-07], "dmean2": [0.00169453152921, 0.00116190535482, 0.000778200512286, 0.00129652884789, 0.000624340376817, 0.000452245061751, 0.000340922793839, 0.000354844465619, 0.000257220730418, 0.00019485464145, 0.000121283112094, 8.22841539048e-05, 4.95218300784e-05, 3.7366811739e-05, 3.5481305531e-05, 3.79624689231e-05, 4.2308227421e-05, 2.75897000392e-05, 2.08809942706e-05, 2.13926796278e-05, 1.33791954795e-05, 1.13901651275e-05, 1.4306927369e-05, 7.80843947723e-06, 5.24039614902e-06, 5.72473254579e-06, 8.85087320057e-06, 5.45703824173e-06, 2.94013807434e-06, 2.49343042924e-06, 2.306104534e-06, 1.67418920682e-06, 1.65415247011e-06, 1.87630280379e-06, 1.4286026726e-06, 1.09736072318e-06, 9.52514369601e-07, 7.34107970857e-07, 6.84742872181e-07, 4.80054836771e-07], "dvar": [4.44623992735e-06, 1.53838459482e-06, 4.4416037781e-07, 1.92505808627e-06, 3.94268113268e-07, 4.28581387268e-07, 2.33702053265e-07, 2.50909749866e-07, 1.85265307096e-07, 9.56145385089e-08, 4.17852596968e-08, 3.91974346314e-08, 1.27777965986e-08, 5.52982726276e-09, 5.33962785099e-09, 4.52045378907e-09, 1.04259942901e-08, 3.20913096097e-09, 1.17357856766e-09, 1.29592470088e-09, 3.50834777896e-10, 1.96035437883e-10, 4.53035331471e-10, 1.1687187329e-10, 5.35739543006e-11, 4.1029176584e-11, 1.59016591561e-10, 5.0550098829e-11, 1.45554852893e-11, 1.06752592877e-11, 1.02816080302e-11, 5.88437328378e-12, 5.4839995392e-12, 7.4988956017e-12, 5.2569875536e-12, 4.83235326754e-12, 3.45829614945e-12, 1.65086423264e-12, 1.24044741492e-12, 6.83769664153e-13], "dvar2": [1.0581737115e-05, 3.74394426217e-06, 1.17136266908e-06, 5.02734246766e-06, 1.05242793325e-06, 1.08651454411e-06, 5.38679159945e-07, 5.79706181725e-07, 4.31682934732e-07, 2.4940945309e-07, 1.10050649482e-07, 1.0516509974e-07, 3.46290178754e-08, 1.12550884168e-08, 1.37498297192e-08, 9.23086140858e-09, 2.72365898724e-08, 8.53854764671e-09, 2.64353983148e-09, 3.12031200878e-09, 9.3745189389e-10, 4.96284957574e-10, 1.20717225105e-09, 3.00431790556e-10, 1.35592800876e-10, 1.03199414292e-10, 3.85425719118e-10, 1.15408446688e-10, 3.34082761455e-11, 2.29739977042e-11, 2.19556178793e-11, 1.27385506657e-11, 1.11024930569e-11, 1.56700694087e-11, 1.12349270512e-11, 1.05113018983e-11, 7.69207787743e-12, 3.32032296622e-12, 2.62323214366e-12, 1.51122560646e-12], "max": [0.0202022455633, 0.0124576929957, 0.00948860868812, 0.0179795566946, 0.0146411601454, 0.0184240546077, 0.0115103796124, 0.0138393519446, 0.0100115574896, 0.0071842414327, 0.0067055686377, 0.00729780178517, 0.00420020427555, 0.00419812835753, 0.0025954444427, 0.00333813996986, 0.00288978009485, 0.002389121335, 0.0019320276333, 0.00148675683886, 0.000574908743147, 0.000434501154814, 0.000505197152961, 0.00032746559009, 0.000244403257966, 0.000131428838358, 0.000614536576904, 0.000336975965183, 0.000126156475744, 5.67954302824e-05, 7.2102091508e-05, 4.34854628111e-05, 4.99837369716e-05, 7.29071325622e-05, 8.85639165062e-05, 0.000118195588584, 8.36083490867e-05, 4.53235988971e-05, 2.69664051302e-05, 2.41034613282e-05], "mean": [0.00150196976028, 0.00126258248929, 0.000846734328661, 0.00110107159708, 0.000721638672985, 0.000617233279627, 0.000407287006965, 0.00036839072709, 0.00026710779639, 0.000188240170246, 0.000109561347927, 7.99576155259e-05, 4.8045458243e-05, 3.54127369064e-05, 3.6037825339e-05, 4.24394966103e-05, 4.18678901042e-05, 2.69164011115e-05, 2.31295398407e-05, 2.37808835664e-05, 1.49486431837e-05, 1.33387657115e-05, 1.67390389834e-05, 9.34119452722e-06, 6.41178803562e-06, 7.22981121726e-06, 1.10610217234e-05, 7.51939887778e-06, 3.71685973732e-06, 2.74213311968e-06, 2.45448154601e-06, 1.88962860648e-06, 1.95232951228e-06, 2.12617806028e-06, 1.63767481354e-06, 1.22668609492e-06, 1.04546688817e-06, 8.17334580461e-07, 6.8151882715e-07, 4.50228867521e-07], "median": [0.000554674945306, 0.000820175744593, 0.000623660744168, 0.000664213963319, 0.000423755700467, 0.000199356130906, 0.000130877480842, 9.65817816905e-05, 6.22578590992e-05, 4.51239429822e-05, 2.66516417469e-05, 1.85407679965e-05, 1.21237517305e-05, 1.05110721051e-05, 9.3674452728e-06, 1.22659575936e-05, 8.34696584207e-06, 7.47365675124e-06, 8.58694875205e-06, 6.9803641054e-06, 5.08953735334e-06, 5.23630069438e-06, 5.61655360798e-06, 4.11865539718e-06, 2.62754747382e-06, 3.73828083866e-06, 4.88664136356e-06, 2.99166754303e-06, 1.27991870613e-06, 1.00018587545e-06, 8.44121359478e-07, 6.68892027988e-07, 8.23261757432e-07, 8.57056932091e-07, 5.99230190801e-07, 3.24350736491e-07, 2.63094875663e-07, 1.90459985561e-07, 1.42804751135e-07, 8.87210376277e-08], "min": [2.43795786429e-24, 7.52509750974e-25, 2.06543624839e-24, 1.27187264749e-24, 2.76363849737e-24, 3.08400378566e-24, 3.81523544353e-24, 2.36935299795e-24, 3.98604039559e-24, 1.29592560813e-24, 3.72017888774e-24, 2.96965405871e-24, 3.13679416022e-24, 3.44096117591e-24, 3.77468838743e-24, 2.80915005236e-24, 3.92865510347e-24, 3.63329335321e-24, 5.81848697005e-24, 4.99135408358e-24, 6.57911927664e-24, 3.82240737245e-24, 3.27653929186e-24, 4.91480144361e-24, 5.26829790385e-24, 4.09393408489e-24, 4.8084708822e-24, 4.91799593585e-24, 4.84355389324e-24, 4.70058468708e-24, 6.25819369988e-24, 4.09498721419e-24, 4.57113142924e-24, 6.13662116249e-24, 6.29019699795e-24, 5.74997913359e-24, 6.67935470427e-24, 7.08527649368e-24, 6.46953071968e-24, 7.18910242172e-24], "var": [6.37502080281e-06, 2.15184104491e-06, 6.86809755734e-07, 2.05784817808e-06, 8.66616062467e-07, 1.70076532413e-06, 8.06943319276e-07, 6.37922994429e-07, 4.55885384554e-07, 2.20542759166e-07, 8.6878735317e-08, 7.49566950731e-08, 2.50419383008e-08, 1.27664456784e-08, 1.12664579888e-08, 1.71040284158e-08, 2.07484180947e-08, 4.75970152181e-09, 3.01239233558e-09, 3.1312752391e-09, 9.38629840519e-10, 5.42272671211e-10, 1.17697152024e-09, 2.90895585398e-10, 1.49336307209e-10, 1.05444805665e-10, 4.18264811675e-10, 1.64679908599e-10, 4.05101195644e-11, 2.08968380794e-11, 1.86151875164e-11, 9.96424904393e-12, 9.89217388558e-12, 1.29009979782e-11, 1.0298017647e-11, 1.24054750847e-11, 8.26508132767e-12, 3.95688993723e-12, 2.44531218191e-12, 1.05120231096e-12]}, "melbands_crest": {"dmean": 3.41575813293, "dmean2": 5.62334728241, "dvar": 9.16404056549, "dvar2": 23.8119468689, "max": 33.9578704834, "mean": 13.6362428665, "median": 12.9808998108, "min": 1.69290852547, "var": 22.0967445374}, "melbands_flatness_db": {"dmean": 0.0273839607835, "dmean2": 0.039898134768, "dvar": 0.00073532393435, "dvar2": 0.0014661924215, "max": 0.523386478424, "mean": 0.217304691672, "median": 0.211182758212, "min": 0.00107533903793, "var": 0.00464452337474}, "melbands_kurtosis": {"dmean": 8.40749073029, "dmean2": 13.2623844147, "dvar": 165.875518799, "dvar2": 381.078857422, "max": 325.551300049, "mean": 19.2041511536, "median": 12.5543756485, "min": -1.71166217327, "var": 474.577514648}, "melbands_skewness": {"dmean": 0.740909278393, "dmean2": 1.15480935574, "dvar": 0.575244486332, "dvar2": 1.31300330162, "max": 14.8859510422, "mean": 3.09980797768, "median": 2.90362739563, "min": -0.933526575565, "var": 2.39843559265}, "melbands_spread": {"dmean": 5.47396707535, "dmean2": 8.49640369415, "dvar": 58.6249237061, "dvar2": 133.599090576, "max": 187.759765625, "mean": 18.3257694244, "median": 14.6874217987, "min": 0.430141717196, "var": 279.237762451}, "mfcc": {"cov": [[10786.1660156, 516.964599609, -96.1699981689, 92.8604125977, -306.982818604, 64.6840744019, -22.9230632782, 8.10990524292, -133.786239624, 87.8643035889, -34.3828620911, -68.0351028442, -36.6823692322], [516.964599609, 1106.62426758, -36.1923294067, 161.876861572, 30.2648124695, 32.5674705505, 40.5740280151, 3.43545055389, -76.2650222778, -45.7470970154, -17.1319293976, -13.0221776962, 24.5240306854], [-96.1699981689, -36.1923294067, 725.228759766, 13.8775348663, 109.47227478, 101.844894409, 22.2347049713, 4.7130484581, -42.3240394592, -66.2525100708, 6.6274023056, 9.85649013519, 0.629139006138], [92.8604125977, 161.876861572, 13.8775348663, 368.496185303, 93.3699798584, 22.083322525, -4.32986593246, 32.4271812439, 39.4831581116, -0.209919646382, -51.3818435669, -3.89313912392, 17.7229118347], [-306.982818604, 30.2648124695, 109.47227478, 93.3699798584, 204.552490234, 35.9744529724, -16.0854187012, 0.983397305012, 15.646777153, 16.8502788544, -15.0896463394, -18.2344779968, 8.67228889465], [64.6840744019, 32.5674705505, 101.844894409, 22.083322525, 35.9744529724, 149.693893433, 71.8575820923, 25.4993228912, 15.1992444992, 12.8496637344, 23.5904598236, -3.98903465271, -8.72055625916], [-22.9230632782, 40.5740280151, 22.2347049713, -4.32986593246, -16.0854187012, 71.8575820923, 127.369636536, 53.437297821, 9.95887088776, 6.25622081757, 18.7428665161, 11.2455768585, -1.12375342846], [8.10990524292, 3.43545055389, 4.7130484581, 32.4271812439, 0.983397305012, 25.4993228912, 53.437297821, 108.404434204, 51.9423065186, 13.0310087204, 10.3790988922, 9.47976970673, -1.06360185146], [-133.786239624, -76.2650222778, -42.3240394592, 39.4831581116, 15.646777153, 15.1992444992, 9.95887088776, 51.9423065186, 148.911712646, 54.2188415527, 8.13018608093, -0.082265548408, -25.818775177], [87.8643035889, -45.7470970154, -66.2525100708, -0.209919646382, 16.8502788544, 12.8496637344, 6.25622081757, 13.0310087204, 54.2188415527, 133.795928955, 48.8804283142, -8.15520763397, -9.68229675293], [-34.3828620911, -17.1319293976, 6.6274023056, -51.3818435669, -15.0896463394, 23.5904598236, 18.7428665161, 10.3790988922, 8.13018608093, 48.8804283142, 105.533309937, 30.0567150116, -12.3792352676], [-68.0351028442, -13.0221776962, 9.85649013519, -3.89313912392, -18.2344779968, -3.98903465271, 11.2455768585, 9.47976970673, -0.082265548408, -8.15520763397, 30.0567150116, 86.9583206177, 35.427570343], [-36.6823692322, 24.5240306854, 0.629139006138, 17.7229118347, 8.67228889465, -8.72055625916, -1.12375342846, -1.06360185146, -25.818775177, -9.68229675293, -12.3792352676, 35.427570343, 87.1521224976]], "icov": [[0.00010975299665, -4.94078230986e-05, -2.11943024624e-05, -5.07367367391e-05, 0.00026674993569, -0.000170496263308, 0.000193990548723, -0.000128695101012, 0.000197761648451, -0.000248935772106, 0.000168354861671, 7.18063745353e-07, 8.24482121971e-05], [-4.94078230986e-05, 0.00109691172838, 0.000181797382538, -0.000546317140106, -0.000192322942894, -2.15093259612e-05, -0.000475928682135, 4.57478708995e-05, 0.000562413828447, 0.000490893959068, -0.000464318349259, 0.000388870539609, -0.000211146034417], [-2.11943024624e-05, 0.000181797382538, 0.00185808958486, 9.7738513432e-05, -0.00106872804463, -0.00122369686142, 0.000282940047327, -0.000278186867945, 0.000518684566487, 0.00120615551714, -0.000426161946962, -0.000322661915561, 0.00024907864281], [-5.07367367391e-05, -0.000546317140106, 9.7738513432e-05, 0.00384973967448, -0.00148744648322, -0.000546361785382, 0.000676345312968, -0.00101043563336, -0.000831537880003, -0.00029794240254, 0.00211471156217, -0.00097552506486, -0.000143978875712], [0.00026674993569, -0.000192322942894, -0.00106872804463, -0.00148744648322, 0.00748204533011, -0.00195696344599, 0.00221741292626, -0.000234479375649, 5.64563852095e-05, -0.0019582118839, 0.000916065531783, 0.00138956238516, -0.00107358256355], [-0.000170496263308, -2.15093259612e-05, -0.00122369686142, -0.000546361785382, -0.00195696344599, 0.0118889287114, -0.00720349047333, 0.00180058926344, -0.00160570291337, 0.000538281165063, -0.00279644923285, 0.00196254672483, -0.000243204354774], [0.000193990548723, -0.000475928682135, 0.000282940047327, 0.000676345312968, 0.00221741292626, -0.00720349047333, 0.0151015222073, -0.0068372040987, 0.00217002490535, -0.00113698036876, 0.00115014845505, -0.00175724341534, 0.00064008042682], [-0.000128695101012, 4.57478708995e-05, -0.000278186867945, -0.00101043563336, -0.000234479375649, 0.00180058926344, -0.0068372040987, 0.0151052623987, -0.00559558812529, 0.0015255631879, -0.00183144502807, 0.000559893087484, -0.00153581378981], [0.000197761648451, 0.000562413828447, 0.000518684566487, -0.000831537880003, 5.64563852095e-05, -0.00160570291337, 0.00217002490535, -0.00559558812529, 0.0118739902973, -0.00481128366664, 0.0028903123457, -0.0028329489287, 0.00442903162912], [-0.000248935772106, 0.000490893959068, 0.00120615551714, -0.00029794240254, -0.0019582118839, 0.000538281165063, -0.00113698036876, 0.0015255631879, -0.00481128366664, 0.0134667810053, -0.00806318130344, 0.00453213322908, -0.00285521498881], [0.000168354861671, -0.000464318349259, -0.000426161946962, 0.00211471156217, 0.000916065531783, -0.00279644923285, 0.00115014845505, -0.00183144502807, 0.0028903123457, -0.00806318130344, 0.0179300960153, -0.00887651275843, 0.0055116713047], [7.18063745353e-07, 0.000388870539609, -0.000322661915561, -0.00097552506486, 0.00138956238516, 0.00196254672483, -0.00175724341534, 0.000559893087484, -0.0028329489287, 0.00453213322908, -0.00887651275843, 0.0193980485201, -0.00934808608145], [8.24482121971e-05, -0.000211146034417, 0.00024907864281, -0.000143978875712, -0.00107358256355, -0.000243204354774, 0.00064008042682, -0.00153581378981, 0.00442903162912, -0.00285521498881, 0.0055116713047, -0.00934808608145, 0.0172455962747]], "mean": [-666.666503906, 124.730575562, 12.6824607849, 32.2003517151, 3.97811222076, 2.74856162071, -5.75490045547, 0.446545869112, -4.48109054565, 4.71276283264, -1.82868552208, -1.89266550541, 0.140852212906]}, "pitch_salience": {"dmean": 0.077374830842, "dmean2": 0.12832121551, "dvar": 0.00470435386524, "dvar2": 0.0125906737521, "max": 0.966259479523, "mean": 0.582594633102, "median": 0.590893447399, "min": 0.100652962923, "var": 0.0119706355035}, "silence_rate_20dB": {"dmean": 0, "dmean2": 0, "dvar": 0, "dvar2": 0, "max": 1, "mean": 1, "median": 1, "min": 1, "var": 0}, "silence_rate_30dB": {"dmean": 0.00135538086761, "dmean2": 0.00271112914197, "dvar": 0.00135355989914, "dvar2": 0.0029749055393, "max": 1, "mean": 0.998373746872, "median": 1, "min": 0, "var": 0.00162361678667}, "silence_rate_60dB": {"dmean": 0.0127405803651, "dmean2": 0.0254846140742, "dvar": 0.0125770764425, "dvar2": 0.0291774682701, "max": 1, "mean": 0.0665401816368, "median": 0, "min": 0, "var": 0.0621102117002}, "spectral_centroid": {"dmean": 227.99156189, "dmean2": 354.257293701, "dvar": 80240.4140625, "dvar2": 183177.984375, "max": 11603.4599609, "mean": 1165.13293457, "median": 1052.99902344, "min": 161.410568237, "var": 762303.375}, "spectral_complexity": {"dmean": 3.29818367958, "dmean2": 4.82418346405, "dvar": 16.2647418976, "dvar2": 27.6039447784, "max": 52, "mean": 15.651714325, "median": 15, "min": 0, "var": 79.2099761963}, "spectral_contrast_coeffs": {"dmean": [0.0537227988243, 0.0476832762361, 0.0405700355768, 0.0329806767404, 0.0228895172477, 0.0176784321666], "dmean2": [0.0891597941518, 0.0772110447288, 0.0660339444876, 0.0518047809601, 0.0349309891462, 0.0277279466391], "dvar": [0.00220722006634, 0.00153520726599, 0.00105453131255, 0.000783836294431, 0.00040811256622, 0.000293784192763], "dvar2": [0.00556956650689, 0.0039504901506, 0.00278844777495, 0.0017987000756, 0.0008359804051, 0.000696689996403], "max": [-0.303169935942, -0.4081389606, -0.434505105019, -0.531512320042, -0.577195525169, -0.626261413097], "mean": [-0.644387245178, -0.722326040268, -0.762679278851, -0.769639730453, -0.783644318581, -0.774896800518], "median": [-0.648217082024, -0.732830226421, -0.77285015583, -0.772682547569, -0.783851385117, -0.774305343628], "min": [-0.97773784399, -0.976135313511, -0.983540892601, -0.973278701305, -0.965463042259, -0.965686023235], "var": [0.00834813062102, 0.00781587976962, 0.00543237477541, 0.00450513511896, 0.00288723921403, 0.00203558849171]}, "spectral_contrast_valleys": {"dmean": [0.383605152369, 0.416793644428, 0.401477515697, 0.351647853851, 0.296765506268, 0.368709862232], "dmean2": [0.605699539185, 0.638176977634, 0.599429786205, 0.508693873882, 0.399287253618, 0.450291246176], "dvar": [0.13686928153, 0.172964096069, 0.162762731314, 0.146151855588, 0.124907448888, 0.199638158083], "dvar2": [0.276543676853, 0.345720022917, 0.304630160332, 0.255654513836, 0.199407562613, 0.338069289923], "max": [-5.17297935486, -4.45612955093, -5.64698791504, -6.00877475739, -5.72604942322, -7.59307479858], "mean": [-7.2226266861, -6.83052587509, -7.86278533936, -8.23274040222, -7.99814891815, -10.4112653732], "median": [-6.88250398636, -6.57116937637, -7.62889289856, -8.0434513092, -7.7838435173, -10.3041849136], "min": [-27.8013896942, -27.8364067078, -27.6863803864, -27.8173999786, -27.4276123047, -27.3316478729], "var": [3.4770591259, 3.25628852844, 3.03562426567, 2.83286142349, 2.88156890869, 2.59715008736]}, "spectral_decrease": {"dmean": 2.29804153484e-09, "dmean2": 3.4396043791e-09, "dvar": 8.51853673146e-18, "dvar2": 1.85007629394e-17, "max": 2.01926101683e-22, "mean": -6.54468701455e-09, "median": -5.45083533865e-09, "min": -3.53515581253e-08, "var": 2.36620225459e-17}, "spectral_energy": {"dmean": 0.00900503713638, "dmean2": 0.0134223494679, "dvar": 0.000130884043756, "dvar2": 0.000282119086478, "max": 0.138878658414, "mean": 0.0261252466589, "median": 0.0216756705195, "min": 1.03108588421e-20, "var": 0.000374302297132}, "spectral_energyband_high": {"dmean": 0.000280713400571, "dmean2": 0.000372309819795, "dvar": 2.84739286371e-07, "dvar2": 5.2128035577e-07, "max": 0.0143344169483, "mean": 0.00056660809787, "median": 0.000251869874774, "min": 7.43629473792e-21, "var": 7.17613261259e-07}, "spectral_energyband_low": {"dmean": 0.00445694848895, "dmean2": 0.00682395976037, "dvar": 5.93740114709e-05, "dvar2": 0.000132389322971, "max": 0.0695151910186, "mean": 0.00827501993626, "median": 0.00499071739614, "min": 1.80324862355e-23, "var": 0.000102525234979}, "spectral_energyband_middle_high": {"dmean": 0.001248180517, "dmean2": 0.00187876156997, "dvar": 5.54492271476e-06, "dvar2": 1.33011990329e-05, "max": 0.0680213794112, "mean": 0.00348134431988, "median": 0.00195632595569, "min": 1.21623943989e-21, "var": 2.29366232816e-05}, "spectral_energyband_middle_low": {"dmean": 0.00605091592297, "dmean2": 0.00956244114786, "dvar": 7.77319000917e-05, "dvar2": 0.00019193290791, "max": 0.110885813832, "mean": 0.0147673944011, "median": 0.0110359955579, "min": 2.35833211412e-22, "var": 0.000191831408301}, "spectral_entropy": {"dmean": 0.185817077756, "dmean2": 0.257668167353, "dvar": 0.0369235575199, "dvar2": 0.0672788843513, "max": 9.82048797607, "mean": 7.45322227478, "median": 7.47667360306, "min": 5.2733092308, "var": 0.247859284282}, "spectral_flux": {"dmean": 0.0246500819921, "dmean2": 0.0378705114126, "dvar": 0.000777314242441, "dvar2": 0.00169176259078, "max": 0.27544850111, "mean": 0.0788413360715, "median": 0.0708782747388, "min": 6.42662173478e-11, "var": 0.00201034685597}, "spectral_kurtosis": {"dmean": 1.34120345116, "dmean2": 2.14430594444, "dvar": 2.61282229424, "dvar2": 6.13357782364, "max": 31.4973163605, "mean": 4.36182022095, "median": 3.54230570793, "min": -1.29138946533, "var": 9.44132423401}, "spectral_rms": {"dmean": 0.000833523052279, "dmean2": 0.00121633021627, "dvar": 9.080084169e-07, "dvar2": 1.83578083579e-06, "max": 0.0116400755942, "mean": 0.00465231109411, "median": 0.0045985863544, "min": 3.17165174332e-12, "var": 3.84413442589e-06}, "spectral_rolloff": {"dmean": 402.320098877, "dmean2": 681.778686523, "dvar": 612168.9375, "dvar2": 1345160.5, "max": 19466.015625, "mean": 1317.82971191, "median": 667.529296875, "min": 43.06640625, "var": 5757003}, "spectral_skewness": {"dmean": 0.200839355588, "dmean2": 0.306063055992, "dvar": 0.0441540144384, "dvar2": 0.0947502404451, "max": 4.61434602737, "mean": 1.55758333206, "median": 1.46131289005, "min": -0.0639246180654, "var": 0.267573803663}, "spectral_spread": {"dmean": 586619.6875, "dmean2": 819098.125, "dvar": 858392559616, "dvar2": 1786004635650.0, "max": 51081748, "mean": 4981285.5, "median": 4372202, "min": 1696702.75, "var": 8522182426620.0}, "spectral_strongpeak": {"dmean": 0.4