{"lowlevel": {"average_loudness": 0.431074470282, "barkbands": {"dmean": [2.87956208922e-05, 0.00153427291662, 0.000811609614175, 0.00057245005155, 0.000829938042443, 0.000499564397614, 0.000532156205736, 0.000789714977145, 0.000664196384605, 0.000620385631919, 0.000862378801685, 0.000545094488189, 0.000346387678292, 0.000286952388706, 0.000182680072612, 0.000102229860204, 7.19755189493e-05, 8.17529071355e-05, 0.000136748931254, 0.000105181126855, 0.000106841405795, 0.000101161378552, 8.97718200576e-05, 8.21254288894e-05, 8.06387179182e-05, 3.94739909098e-05, 4.3407191697e-05], "dmean2": [4.49991894129e-05, 0.00257149036042, 0.00148007390089, 0.000952025642619, 0.00136306462809, 0.00073445495218, 0.000768300029449, 0.00114514748566, 0.00100024766289, 0.000890107941814, 0.00127347069792, 0.00082026218297, 0.000535613740794, 0.000451382104075, 0.000290399824735, 0.000163923134096, 0.000113916037662, 0.000129994674353, 0.00022257497767, 0.000166139623616, 0.000174299668288, 0.00015643160441, 0.00013679836411, 0.000124685684568, 0.000116908886412, 6.16023316979e-05, 6.94994669175e-05], "dvar": [9.96097249129e-09, 5.68684226891e-05, 2.05611395359e-05, 1.03480333564e-05, 1.32879304147e-05, 1.07472237687e-06, 2.97200426758e-06, 9.10545531951e-06, 1.02363974293e-05, 5.13915983902e-06, 1.02028789115e-05, 5.41513372809e-06, 1.76228627424e-06, 1.12976749733e-06, 6.22057029886e-07, 1.04141648194e-07, 4.27339763576e-08, 5.57479431507e-08, 1.25765950543e-07, 7.56071045771e-08, 1.86319979889e-07, 1.33111939249e-07, 7.49847544057e-08, 8.7707945795e-08, 1.0621688773e-07, 1.83611064131e-08, 2.475609584e-08], "dvar2": [2.22627392077e-08, 0.000150461608428, 5.95505989622e-05, 2.66735332843e-05, 3.58533070539e-05, 2.29961733567e-06, 5.94529319642e-06, 2.09264653677e-05, 2.33712653426e-05, 1.22181590996e-05, 2.47601856245e-05, 1.37101324071e-05, 4.67164181828e-06, 3.13704072141e-06, 1.53671646785e-06, 2.52395011557e-07, 1.03152046904e-07, 1.35058670026e-07, 3.17308376907e-07, 1.91134404304e-07, 4.85123678118e-07, 2.78843657497e-07, 1.71479342725e-07, 2.02972671559e-07, 2.01236986186e-07, 4.24277821764e-08, 6.01668617151e-08], "max": [0.00169461185578, 0.112926416099, 0.0946626514196, 0.0633102804422, 0.0818313062191, 0.0320772007108, 0.0627078935504, 0.113005027175, 0.123916991055, 0.0667159706354, 0.0897767096758, 0.060782443732, 0.0470540225506, 0.0337088666856, 0.0265962127596, 0.0119591634721, 0.00544297741726, 0.00625882390887, 0.00966530200094, 0.00822758302093, 0.0186487212777, 0.0177455265075, 0.00725432066247, 0.0076531143859, 0.0147786717862, 0.00276215956546, 0.00239551113918], "mean": [4.22364028054e-05, 0.00175869569648, 0.000962250691373, 0.000647796900012, 0.00137730827555, 0.00114567042328, 0.00102426845115, 0.00143996207044, 0.00118488213047, 0.00122038240079, 0.0014595881803, 0.000960302772, 0.000571126060095, 0.000451621745015, 0.000306052010274, 0.000152137828991, 0.000114008806122, 0.000129917723825, 0.000243414964643, 0.000198137262487, 0.000173373133293, 0.000170655883267, 0.000153512024553, 0.000124151454656, 0.000118140058476, 4.2597126594e-05, 3.61107595381e-05], "median": [1.30337266455e-05, 0.000626992667094, 0.000189779617358, 0.00014560771524, 0.000731563137379, 0.00043187852134, 0.000202346942388, 0.000257329375017, 0.000205379546969, 0.000229405777645, 0.000129978929181, 7.49535101932e-05, 7.57996167522e-05, 4.64867553092e-05, 3.17482699757e-05, 2.49007589446e-05, 2.19796238525e-05, 2.07439770747e-05, 4.1764931666e-05, 4.02839905291e-05, 2.51471174124e-05, 2.78092811641e-05, 3.97605253966e-05, 2.8691112675e-05, 1.89811798919e-05, 3.42365774486e-06, 2.81462604335e-07], "min": [1.63940615784e-23, 2.4882684546e-23, 6.24492269287e-24, 3.65914803272e-23, 4.29193943427e-23, 1.94597533386e-23, 1.57529117222e-23, 9.21993741643e-23, 6.6784629759e-23, 1.00976997902e-22, 8.99428280786e-23, 8.95829371118e-23, 7.7460694597e-23, 9.59361262308e-23, 1.14812204541e-22, 2.02970503034e-22, 1.22747905434e-22, 2.3026299514e-22, 2.12167964857e-22, 3.66317444189e-22, 4.31886881055e-22, 5.54944739405e-22, 7.47747443838e-22, 1.00362393216e-21, 1.26749959627e-21, 1.66428870512e-21, 2.46497318381e-21], "var": [1.09344497901e-08, 4.15269605583e-05, 1.25803853734e-05, 8.19192064228e-06, 1.05854687718e-05, 3.986207048e-06, 9.58453074418e-06, 1.87995246961e-05, 2.14218835026e-05, 1.32159111672e-05, 2.2337280825e-05, 1.41422970046e-05, 3.59643718184e-06, 1.91587560039e-06, 1.25995609324e-06, 1.83674529808e-07, 1.00501047484e-07, 1.12565871291e-07, 3.57359425607e-07, 2.00830626795e-07, 2.98201030091e-07, 2.93129602369e-07, 1.2437178043e-07, 1.15648305155e-07, 2.09449055433e-07, 2.14630944129e-08, 2.27270131603e-08]}, "barkbands_crest": {"dmean": 2.48268222809, "dmean2": 3.89126491547, "dvar": 6.39440774918, "dvar2": 15.0384302139, "max": 25.859960556, "mean": 10.2268381119, "median": 9.16885757446, "min": 2.41359043121, "var": 20.3427963257}, "barkbands_flatness_db": {"dmean": 0.0217972192913, "dmean2": 0.0316099710763, "dvar": 0.00062994658947, "dvar2": 0.00132647017017, "max": 0.423855096102, "mean": 0.145117133856, "median": 0.13094997406, "min": 0.0224021803588, "var": 0.00416709901765}, "barkbands_kurtosis": {"dmean": 2.50380969048, "dmean2": 3.91697406769, "dvar": 26.1799297333, "dvar2": 65.2498550415, "max": 126.512115479, "mean": 3.88868069649, "median": 1.78936946392, "min": -1.92156374454, "var": 53.6055145264}, "barkbands_skewness": {"dmean": 0.494471311569, "dmean2": 0.724405109882, "dvar": 0.390094846487, "dvar2": 0.839984059334, "max": 10.0772666931, "mean": 1.25849735737, "median": 1.16301572323, "min": -9.55780220032, "var": 1.32502579689}, "barkbands_spread": {"dmean": 6.75137996674, "dmean2": 10.0921850204, "dvar": 111.103233337, "dvar2": 238.661743164, "max": 112.929039001, "mean": 21.8051223755, "median": 17.3087978363, "min": 0.573174893856, "var": 279.159423828}, "dissonance": {"dmean": 0.026389317587, "dmean2": 0.0435775816441, "dvar": 0.000666578824166, "dvar2": 0.00171439931728, "max": 0.500000119209, "mean": 0.442451357841, "median": 0.450022280216, "min": 0.0302870552987, "var": 0.00151435891166}, "dynamic_complexity": 6.12498950958, "erbbands": {"dmean": [0.033156555146, 0.390472441912, 0.975537776947, 1.28000855446, 2.92494893074, 2.44299006462, 3.45488786697, 4.37081384659, 6.32616090775, 12.4556741714, 15.9636821747, 17.2440261841, 14.0839147568, 19.859910965, 38.8943595886, 25.9071521759, 17.1132488251, 15.8225240707, 11.6655845642, 5.60362815857, 4.631690979, 3.41126060486, 3.39454507828, 6.72013425827, 6.01501750946, 4.90033245087, 4.9353313446, 3.68699455261, 3.53666853905, 3.33534884453, 2.55753517151, 2.13208341599, 1.1535462141, 1.02511358261, 0.502389371395, 0.193312332034, 0.0727752670646, 0.0192295461893, 0.00559800956398, 0.000706855847966], "dmean2": [0.0532500632107, 0.675984501839, 1.78887248039, 2.17332077026, 4.98667097092, 3.9617202282, 5.05391550064, 6.58637523651, 9.2728471756, 17.6569652557, 23.2898292542, 25.7639083862, 20.9338264465, 28.2638530731, 57.7829017639, 38.6026344299, 26.139497757, 24.9994487762, 18.5386066437, 8.75327777863, 7.41021203995, 5.39750289917, 5.34458780289, 10.5870141983, 9.74970817566, 7.65519952774, 7.96169042587, 5.8014330864, 5.38726139069, 5.16040754318, 3.93181300163, 3.27853274345, 1.73734772205, 1.50067806244, 0.742145240307, 0.296212762594, 0.114667832851, 0.030660064891, 0.0089816916734, 0.00113100686576], "dvar": [0.0242445413023, 3.9846394062, 29.9265708923, 31.2971305847, 366.27835083, 62.4196052551, 43.7102928162, 108.070320129, 407.610626221, 1586.5489502, 4940.68945313, 7153.05712891, 2962.87963867, 5053.06494141, 22138.6660156, 11809.4091797, 4228.53808594, 2960.25976563, 2295.43115234, 244.811233521, 249.206771851, 103.435279846, 119.648452759, 317.996826172, 271.95916748, 161.185272217, 255.389556885, 270.655883789, 178.461715698, 108.613449097, 63.9486503601, 62.268825531, 16.7848911285, 17.2478904724, 4.23731470108, 0.403274327517, 0.0669049918652, 0.00502775330096, 0.000403327023378, 6.72573014526e-06], "dvar2": [0.0576950274408, 10.9866046906, 86.3804016113, 84.0419845581, 978.063537598, 171.092636108, 91.4091033936, 237.646209717, 851.544311523, 3176.80078125, 11764.9804688, 15935.7421875, 8237.13867188, 10599.9111328, 53668.1914063, 29873.3261719, 11664.6748047, 8296.06835938, 5707.94140625, 543.369628906, 614.148132324, 251.974838257, 289.120605469, 705.031188965, 695.800537109, 394.36227417, 652.606201172, 656.796569824, 362.593109131, 247.790878296, 148.928359985, 149.580230713, 37.2374343872, 33.9762992859, 8.24114513397, 0.876176357269, 0.157466724515, 0.0122873047367, 0.000986632774584, 1.63772529049e-05], "max": [1.90632331371, 30.9567165375, 92.9692230225, 99.9453887939, 397.615570068, 164.75718689, 164.636444092, 301.34375, 862.020629883, 1114.48620605, 2944.58203125, 3447.70263672, 2182.41674805, 2609.94726563, 4193.77636719, 3131.81811523, 1968.60974121, 1788.90161133, 1867.82751465, 570.669067383, 812.280273438, 351.166778564, 353.776916504, 691.630615234, 564.166015625, 373.840393066, 584.529602051, 683.089477539, 714.064880371, 239.374298096, 228.22567749, 235.524475098, 99.5328140259, 179.35585022, 89.9041671753, 13.4792251587, 5.28865289688, 1.4958088398, 0.292994946241, 0.0380874797702], "mean": [0.0423576794565, 0.42326644063, 1.12570011616, 1.66681814194, 3.18358469009, 4.61818265915, 7.83432912827, 9.60606098175, 12.3971376419, 24.2153110504, 29.9776802063, 31.904542923, 27.9305839539, 40.465965271, 67.1753158569, 47.8768310547, 30.3603038788, 26.5902748108, 20.0344409943, 9.9430065155, 7.60175657272, 5.73570680618, 5.9026761055, 11.8147516251, 10.9015312195, 9.77512645721, 8.40653991699, 6.01251506805, 5.81169319153, 5.69740819931, 4.30274152756, 3.16297292709, 1.76293468475, 1.50499939919, 0.709264278412, 0.232366517186, 0.0747603997588, 0.0171233098954, 0.00467240391299, 0.000600589788519], "median": [0.0148610565811, 0.149061232805, 0.228883892298, 0.474719762802, 1.15940070152, 2.38845992088, 3.41557025909, 3.45190858841, 3.10374093056, 5.29699611664, 6.13309288025, 5.92575025558, 7.42663764954, 7.25649118423, 7.89425563812, 5.32068061829, 5.44597530365, 4.14321804047, 2.52280664444, 2.18998908997, 1.58048391342, 1.14587664604, 1.20340800285, 2.20169973373, 1.97851490974, 2.07512235641, 1.33300185204, 0.940371751785, 0.957449615002, 1.10097694397, 1.12247431278, 0.745894193649, 0.397408694029, 0.255284905434, 0.100385352969, 0.0245112739503, 0.00508069386706, 0.000605082313996, 5.43926726095e-05, 2.07581106224e-05], "min": [8.70804292446e-22, 4.74012780408e-21, 1.10279606174e-20, 5.77702487443e-20, 1.22346591267e-19, 1.29787740037e-19, 1.98735557614e-19, 1.59360235342e-19, 1.21632889495e-19, 9.21565746156e-19, 2.35062334172e-18, 1.14336326727e-18, 1.89838178056e-18, 4.76247790111e-18, 3.33355606656e-18, 3.62419424659e-18, 3.34845069426e-18, 3.88669008782e-18, 6.31110269647e-18, 9.29844231765e-18, 9.56351565366e-18, 8.47465810869e-18, 1.26863309156e-17, 9.55096070632e-18, 1.17155542302e-17, 1.56463727493e-17, 1.69456898576e-17, 1.99825048055e-17, 2.21645841004e-17, 1.73308234964e-17, 2.44846387758e-17, 1.94003020032e-17, 1.67186552492e-17, 1.29522860261e-17, 9.93087897141e-18, 7.1051927758e-18, 2.97830577491e-18, 1.15281711449e-18, 3.27008096639e-19, 3.96294993644e-20], "var": [0.0212451163679, 2.64302873611, 18.1926174164, 24.4742431641, 256.510742188, 66.6742324829, 147.924545288, 372.978118896, 1051.37890625, 5235.11376953, 9728.76171875, 15826.1230469, 5602.68798828, 15316.0585938, 48317.0117188, 32444.3261719, 8944.34375, 5220.68066406, 4588.74902344, 587.572387695, 428.856414795, 241.367599487, 241.512619019, 842.544433594, 699.002746582, 484.404602051, 487.211669922, 480.815216064, 402.80960083, 205.325073242, 99.9325332642, 73.4482955933, 25.1351108551, 31.4263935089, 8.31562805176, 0.585223674774, 0.072467751801, 0.00464003160596, 0.000367504602764, 6.1523783188e-06]}, "erbbands_crest": {"dmean": 3.05850362778, "dmean2": 4.74871778488, "dvar": 8.98767375946, "dvar2": 21.0473041534, "max": 33.8063735962, "mean": 12.0398015976, "median": 10.6813049316, "min": 2.16409683228, "var": 34.4557876587}, "erbbands_flatness_db": {"dmean": 0.0226478409022, "dmean2": 0.0307498574257, "dvar": 0.000640200043563, "dvar2": 0.00113953684922, "max": 0.50902056694, "mean": 0.175015881658, "median": 0.170042380691, "min": 0.0348575673997, "var": 0.00391792086884}, "erbbands_kurtosis": {"dmean": 1.63239300251, "dmean2": 2.49790620804, "dvar": 8.21040916443, "dvar2": 17.4800205231, "max": 102.846824646, "mean": 1.95659828186, "median": 0.874264121056, "min": -1.84285414219, "var": 21.4530105591}, "erbbands_skewness": {"dmean": 0.441186487675, "dmean2": 0.653433740139, "dvar": 0.248791128397, "dvar2": 0.503433406353, "max": 7.39726924896, "mean": 0.70554703474, "median": 0.723471164703, "min": -5.89065074921, "var": 0.94697278738}, "erbbands_spread": {"dmean": 9.46854019165, "dmean2": 14.1008243561, "dvar": 170.601165771, "dvar2": 382.47265625, "max": 158.330963135, "mean": 34.0037193298, "median": 28.0634040833, "min": 0.501184046268, "var": 506.514892578}, "gfcc": {"cov": [[26604.5625, -954.291259766, -1414.28295898, 885.348205566, -620.351074219, 278.233612061, -374.537261963, 269.992797852, -373.231933594, 107.733108521, -207.229431152, -230.713989258, -410.794311523], [-954.291259766, 2969.46191406, 391.18850708, -50.485370636, 463.617248535, 121.842681885, 294.54675293, -73.3470001221, 81.2657470703, -146.132095337, 50.1360740662, -137.583099365, -16.6407470703], [-1414.28295898, 391.18850708, 1712.04663086, 317.154022217, 285.611114502, 85.3335571289, 218.331863403, 1.70637857914, 56.5596466064, -45.8787994385, -70.0882110596, -17.2820987701, -12.2766981125], [885.348205566, -50.485370636, 317.154022217, 747.214416504, -16.7377738953, 28.2646389008, -9.55696296692, 150.131835938, -11.1794605255, 10.2677936554, -19.2969341278, -3.93989944458, -6.18244600296], [-620.351074219, 463.617248535, 285.611114502, -16.7377738953, 488.65447998, 101.445343018, 169.741165161, 6.66841840744, 93.6243362427, -13.8094472885, -10.8096284866, -30.9692897797, -30.4235992432], [278.233612061, 121.842681885, 85.3335571289, 28.2646389008, 101.445343018, 311.380310059, 126.706375122, 12.2817621231, 12.1479005814, 45.7375831604, -11.7759056091, -45.2222290039, -29.4362354279], [-374.537261963, 294.54675293, 218.331863403, -9.55696296692, 169.741165161, 126.706375122, 294.360443115, 10.1034078598, 32.6564674377, -2.3096344471, -6.58162069321, -45.2170715332, -19.6123256683], [269.992797852, -73.3470001221, 1.70637857914, 150.131835938, 6.66841840744, 12.2817621231, 10.1034078598, 224.074005127, 46.2896881104, 15.418759346, 8.34249401093, 18.9949798584, -11.663851738], [-373.231933594, 81.2657470703, 56.5596466064, -11.1794605255, 93.6243362427, 12.1479005814, 32.6564674377, 46.2896881104, 148.45274353, 10.4959573746, -16.9782829285, 9.77889347076, 6.67807531357], [107.733108521, -146.132095337, -45.8787994385, 10.2677936554, -13.8094472885, 45.7375831604, -2.3096344471, 15.418759346, 10.4959573746, 122.902000427, 38.4290733337, -4.58508777618, -9.87390422821], [-207.229431152, 50.1360740662, -70.0882110596, -19.2969341278, -10.8096284866, -11.7759056091, -6.58162069321, 8.34249401093, -16.9782829285, 38.4290733337, 128.747558594, 27.7707901001, -4.1898226738], [-230.713989258, -137.583099365, -17.2820987701, -3.93989944458, -30.9692897797, -45.2222290039, -45.2170715332, 18.9949798584, 9.77889347076, -4.58508777618, 27.7707901001, 108.545043945, 36.7474861145], [-410.794311523, -16.6407470703, -12.2766981125, -6.18244600296, -30.4235992432, -29.4362354279, -19.6123256683, -11.663851738, 6.67807531357, -9.87390422821, -4.1898226738, 36.7474861145, 101.073951721]], "icov": [[4.98562585562e-05, -3.57969111064e-06, 4.90470556542e-05, -6.372507778e-05, 2.82506207441e-05, -5.0483369705e-05, 4.10213688156e-05, -3.24216707668e-05, 9.85771330306e-05, -2.97648093692e-05, 0.000127253486426, 7.98247219791e-06, 0.000195072017959], [-3.57969111064e-06, 0.00050271616783, -3.29102877004e-05, -1.55493362399e-05, -0.000303930457449, -7.72587882238e-05, -0.000164579818374, 0.00014788628323, -0.000261657260126, 0.000816368788946, -0.000719673058484, 0.000743608805351, -0.000268731790129], [4.90470556542e-05, -3.29102877004e-05, 0.000836557883304, -0.000471936597023, -0.000266261020442, 2.25076437346e-05, -0.000430445419624, 0.000284338457277, 2.13166331378e-05, 4.35908514191e-05, 0.000488233170472, -0.000339904654538, 0.00028903313796], [-6.372507778e-05, -1.55493362399e-05, -0.000471936597023, 0.00190416164696, 8.57833510963e-05, -8.48390336614e-05, 0.00033972930396, -0.00135388772469, 0.000493845553137, -0.000171576350112, 7.71725099185e-05, 0.000284263078356, -0.000441151700215], [2.82506207441e-05, -0.000303930457449, -0.000266261020442, 8.57833510963e-05, 0.0033123602625, -0.000437033653725, -0.000978905824013, 0.000159429182531, -0.00158323673531, 0.000201520568226, 1.56568567036e-05, -0.000206936325412, 0.000936068070587], [-5.0483369705e-05, -7.72587882238e-05, 2.25076437346e-05, -8.48390336614e-05, -0.000437033653725, 0.00450857216492, -0.001645056298, -6.08353184361e-05, 0.000381891208235, -0.00202938681468, 0.000811781210359, 0.000451362400781, 0.000280989304883], [4.10213688156e-05, -0.000164579818374, -0.000430445419624, 0.00033972930396, -0.000978905824013, -0.001645056298, 0.00544171780348, -0.000587127171457, -4.2386513087e-05, 0.000429726671427, -0.000412991154008, 0.00140996964183, -0.000162436132086], [-3.24216707668e-05, 0.00014788628323, 0.000284338457277, -0.00135388772469, 0.000159429182531, -6.08353184361e-05, -0.000587127171457, 0.00612169271335, -0.00229886570014, 0.000118550153275, -0.000633189745713, -0.00115349981934, 0.00102368358057], [9.85771330306e-05, -0.000261657260126, 2.13166331378e-05, 0.000493845553137, -0.00158323673531, 0.000381891208235, -4.2386513087e-05, -0.00229886570014, 0.00941422674805, -0.00216495082714, 0.00258282385767, -0.00145865872037, -0.000444599601906], [-2.97648093692e-05, 0.000816368788946, 4.35908514191e-05, -0.000171576350112, 0.000201520568226, -0.00202938681468, 0.000429726671427, 0.000118550153275, -0.00216495082714, 0.0116943661124, -0.00480533391237, 0.00232302537188, -0.000183388110599], [0.000127253486426, -0.000719673058484, 0.000488233170472, 7.71725099185e-05, 1.56568567036e-05, 0.000811781210359, -0.000412991154008, -0.000633189745713, 0.00258282385767, -0.00480533391237, 0.0113876089454, -0.0042859679088, 0.00194087589625], [7.98247219791e-06, 0.000743608805351, -0.000339904654538, 0.000284263078356, -0.000206936325412, 0.000451362400781, 0.00140996964183, -0.00115349981934, -0.00145865872037, 0.00232302537188, -0.0042859679088, 0.0139217153192, -0.00457526417449], [0.000195072017959, -0.000268731790129, 0.00028903313796, -0.000441151700215, 0.000936068070587, 0.000280989304883, -0.000162436132086, 0.00102368358057, -0.000444599601906, -0.000183388110599, 0.00194087589625, -0.00457526417449, 0.0128560066223]], "mean": [-73.7324447632, 78.3173599243, -105.097618103, 11.3785486221, -72.9558868408, 15.6730270386, -30.7077198029, 3.38423490524, -25.8260631561, 0.829887270927, -8.67205619812, -1.48598098755, -7.50427389145]}, "hfc": {"dmean": 6.95368814468, "dmean2": 10.2133693695, "dvar": 193.591400146, "dvar2": 425.241516113, "max": 207.698730469, "mean": 17.8943958282, "median": 7.70032119751, "min": 1.24746128797e-16, "var": 613.395263672}, "melbands": {"dmean": [0.000365876912838, 0.000515776860993, 0.000289039686322, 0.000187686615391, 0.000118315227155, 9.64108112385e-05, 9.98568648356e-05, 0.000143143741298, 0.000132877437863, 0.000101806115708, 6.99783558957e-05, 7.94336447143e-05, 0.000121709403174, 7.99138942966e-05, 5.00952774019e-05, 3.16174191539e-05, 3.19224964187e-05, 1.93066061911e-05, 1.00188317447e-05, 8.23132722871e-06, 5.32067451786e-06, 4.14308806285e-06, 2.95552831631e-06, 4.26131509812e-06, 6.11826635577e-06, 5.312625035e-06, 3.51448761648e-06, 3.6117135096e-06, 3.56915097655e-06, 2.73653358818e-06, 2.04057050723e-06, 2.02160390472e-06, 2.26922361435e-06, 1.77190622708e-06, 1.51178801389e-06, 1.55490761244e-06, 1.24468544982e-06, 7.58530347866e-07, 9.17732563721e-07, 8.97922745935e-07], "dmean2": [0.000599272898398, 0.000925549073145, 0.000490405946039, 0.000312837277306, 0.000175426102942, 0.000144743098645, 0.000144416917465, 0.00020443466201, 0.000196818582481, 0.000152077162056, 0.000103664118797, 0.000112282701593, 0.000180513801752, 0.000119900360005, 7.47822414269e-05, 4.91737991979e-05, 5.04624549649e-05, 3.08323142235e-05, 1.57776084961e-05, 1.29621066662e-05, 8.49227399158e-06, 6.57049395159e-06, 4.77780804431e-06, 6.67487256578e-06, 9.59366661846e-06, 8.66032678459e-06, 5.70142674405e-06, 5.61780962016e-06, 5.7556462707e-06, 4.41535712525e-06, 3.20736876347e-06, 3.09100050799e-06, 3.59184082299e-06, 2.71511339633e-06, 2.34930689658e-06, 2.43404861067e-06, 1.92287711798e-06, 1.167343612e-06, 1.40073893817e-06, 1.32418301746e-06], "dvar": [3.05142475554e-06, 7.91620641394e-06, 2.17921547119e-06, 9.27929647787e-07, 4.817717425e-08, 4.76239243596e-08, 1.06711745218e-07, 2.19475865038e-07, 3.46131770357e-07, 2.53124255778e-07, 7.78879538643e-08, 9.5837300762e-08, 2.07720830758e-07, 7.66065753055e-08, 3.9084699921e-08, 1.44225458243e-08, 1.44465621688e-08, 5.97892402254e-09, 1.58793889149e-09, 5.76626080218e-10, 3.77314207656e-10, 1.77261511025e-10, 9.99670832225e-11, 2.05177708157e-10, 3.00323182989e-10, 2.23678617295e-10, 1.02270573954e-10, 9.69378188831e-11, 1.16338473577e-10, 1.61705190904e-10, 8.34496846625e-11, 6.47090089845e-11, 6.44680836492e-11, 2.76704752861e-11, 2.22440139225e-11, 2.92144156089e-11, 2.18391832396e-11, 7.53156738365e-12, 1.18086998513e-11, 1.39704237762e-11], "dvar2": [7.7260128819e-06, 2.24451123358e-05, 5.75399872105e-06, 2.48254582402e-06, 1.0771725556e-07, 1.04050705829e-07, 2.16773813122e-07, 4.51963416026e-07, 8.10344374713e-07, 5.71386124193e-07, 2.16812992448e-07, 2.00915849291e-07, 5.02760713061e-07, 1.83152707223e-07, 9.61960395784e-08, 3.91943117961e-08, 4.05814049032e-08, 1.47820848895e-08, 3.72865160969e-09, 1.31097377398e-09, 9.48990774852e-10, 4.34598135257e-10, 2.43047443282e-10, 4.88825813161e-10, 6.48075426657e-10, 5.6013915728e-10, 2.66435373764e-10, 2.33140173833e-10, 2.9470403895e-10, 4.06531780461e-10, 1.8972706739e-10, 1.30641691909e-10, 1.51145915228e-10, 6.287791815e-11, 5.28735839833e-11, 7.07333636107e-11, 5.29124695448e-11, 1.74401847131e-11, 2.55938985283e-11, 2.74886988172e-11], "max": [0.023832121864, 0.0472119115293, 0.0258622448891, 0.0218846648932, 0.00450331205502, 0.00645511690527, 0.0138537762687, 0.0151596665382, 0.0213650222868, 0.0187212284654, 0.0111981853843, 0.0113911703229, 0.0134589811787, 0.00659443158656, 0.0060649025254, 0.00375535571948, 0.00407014926895, 0.00309238117188, 0.00165195099544, 0.000614706717897, 0.000977242365479, 0.000417153059971, 0.000318139384035, 0.000495899585076, 0.000728603336029, 0.000562769768294, 0.000423167133704, 0.000308129820041, 0.000247696763836, 0.000580021878704, 0.000497538363561, 0.00048577299458, 0.000250186218182, 0.000120401782624, 0.000161766714882, 0.000161558011314, 0.000145192403579, 6.39249556116e-05, 0.00011122313299, 0.000167420643265], "mean": [0.000438938703155, 0.000595789519139, 0.000343760446412, 0.000271219265414, 0.000272696430329, 0.000213581588469, 0.000194972599274, 0.000272980163572, 0.00024584721541, 0.000185815631994, 0.000134817775688, 0.0001575077913, 0.000206499302294, 0.000141075899592, 8.88448776095e-05, 5.29400385858e-05, 5.04346789967e-05, 3.14092867484e-05, 1.69758895936e-05, 1.26556806208e-05, 8.13035512692e-06, 6.4239711719e-06, 4.34575485997e-06, 6.85553868607e-06, 9.84490543487e-06, 9.06209788809e-06, 5.83226346862e-06, 6.72577425576e-06, 5.71754480916e-06, 4.27747909271e-06, 3.10542782245e-06, 3.19193941323e-06, 3.44747331837e-06, 2.99264024761e-06, 2.48723654295e-06, 2.29813940678e-06, 1.76006074071e-06, 1.12973373234e-06, 1.32110017148e-06, 1.26306713355e-06], "median": [0.000163279619301, 0.000160316179972, 0.000107468862552, 0.000136472910526, 0.000132400804432, 7.69255275372e-05, 4.23340025009e-05, 5.79108491365e-05, 4.82391151309e-05, 3.32674244419e-05, 3.27466041199e-05, 2.13365528907e-05, 2.14222600334e-05, 1.22003621073e-05, 1.11726512841e-05, 7.05196089257e-06, 5.21335732628e-06, 3.45858529727e-06, 2.19707499127e-06, 2.18629566007e-06, 1.43007832776e-06, 1.1172073755e-06, 7.58647502153e-07, 1.06159802726e-06, 1.61627383477e-06, 1.29010038563e-06, 1.23894301396e-06, 1.28972430957e-06, 8.04773890195e-07, 5.56116447115e-07, 4.5605474952e-07, 5.14308226229e-07, 4.88570947255e-07, 6.00428222697e-07, 6.27213694315e-07, 5.45236673588e-07, 3.74321075469e-07, 2.39012905467e-07, 2.43261126798e-07, 1.89915255078e-07], "min": [6.91776819135e-24, 5.71105910311e-24, 1.30566916444e-23, 8.57847816902e-24, 7.32261239677e-24, 3.49684684345e-24, 2.16847587932e-24, 1.19956697826e-23, 1.90669794939e-23, 6.93192114485e-24, 9.98259851549e-24, 1.97985470093e-23, 1.09972014351e-23, 9.6006478424e-24, 9.50992331627e-24, 6.54134782763e-24, 6.8616920139e-24, 1.09556126881e-23, 8.55022432684e-24, 1.3408325604e-23, 1.14697867041e-23, 8.5463226208e-24, 9.28876300605e-24, 1.16771080275e-23, 7.09943733579e-24, 8.2186755547e-24, 8.44546438748e-24, 1.1535405732e-23, 1.13505969211e-23, 9.9445060001e-24, 1.2065992788e-23, 1.3609126992e-23, 9.02671524625e-24, 1.00073300937e-23, 1.74563464065e-23, 1.06010441659e-23, 1.09395641019e-23, 1.09534835526e-23, 1.24782696408e-23, 1.05027994288e-23], "var": [2.42091709879e-06, 4.99272482557e-06, 1.63763036198e-06, 6.97905875313e-07, 1.48149368329e-07, 1.682168147e-07, 2.9444078109e-07, 6.46336388854e-07, 6.96090808106e-07, 5.66050516682e-07, 1.45579647892e-07, 2.8937421348e-07, 4.51754232245e-07, 2.00883064849e-07, 8.97494061292e-08, 2.96972597624e-08, 2.448001446e-08, 1.1410194567e-08, 3.36470451501e-09, 1.18362097901e-09, 6.29478913439e-10, 4.09304146132e-10, 1.50763249107e-10, 4.19123957762e-10, 7.38790140176e-10, 6.63793076061e-10, 1.75262540592e-10, 2.70423822224e-10, 2.44884196254e-10, 2.51828391473e-10, 1.56076929159e-10, 1.48895396013e-10, 1.07041028818e-10, 5.25250086481e-11, 3.41344522092e-11, 3.57722566846e-11, 2.53352581969e-11, 1.06144849854e-11, 1.76673883856e-11, 2.58220077265e-11]}, "melbands_crest": {"dmean": 2.90434551239, "dmean2": 4.56226682663, "dvar": 8.85501384735, "dvar2": 20.4387397766, "max": 33.5660858154, "mean": 13.1042156219, "median": 11.9534931183, "min": 1.94738519192, "var": 28.2120113373}, "melbands_flatness_db": {"dmean": 0.0252703912556, "dmean2": 0.0360457971692, "dvar": 0.00102126924321, "dvar2": 0.00213962444104, "max": 0.571952044964, "mean": 0.20637126267, "median": 0.184727370739, "min": 0.00491429166868, "var": 0.00743938330561}, "melbands_kurtosis": {"dmean": 5.96423625946, "dmean2": 9.3329372406, "dvar": 265.922912598, "dvar2": 662.722839355, "max": 445.912597656, "mean": 10.4201231003, "median": 5.32335758209, "min": -1.90143764019, "var": 366.393737793}, "melbands_skewness": {"dmean": 0.650675356388, "dmean2": 0.971674919128, "dvar": 0.852981626987, "dvar2": 1.94453895092, "max": 17.6861343384, "mean": 2.00287032127, "median": 1.75317823887, "min": -3.12951254845, "var": 2.43781614304}, "melbands_spread": {"dmean": 7.96585130692, "dmean2": 11.9995260239, "dvar": 256.13482666, "dvar2": 537.518615723, "max": 275.533935547, "mean": 24.6169128418, "median": 20.0975933075, "min": 0.967169582844, "var": 511.198974609}, "mfcc": {"cov": [[17435.6582031, -879.03515625, -1103.78967285, -61.3768577576, -375.389312744, -129.263839722, -94.102394104, -141.963623047, -327.347808838, 209.790435791, -43.491973877, -47.2299232483, 189.983825684], [-879.03515625, 2812.63598633, 279.765075684, -61.5930366516, 195.31803894, 197.10357666, 245.760681152, 142.672241211, 48.0628051758, 39.9032554626, 79.2107543945, -0.825937688351, -92.9246826172], [-1103.78967285, 279.765075684, 1159.86340332, 349.418762207, 151.860702515, 135.745681763, 130.894134521, 92.5242843628, 99.3182373047, 19.1947631836, 24.9729003906, 0.0651643127203, -83.788482666], [-61.3768577576, -61.5930366516, 349.418762207, 566.297973633, 160.909393311, -17.1735858917, 40.6036605835, 77.6037063599, 62.7531280518, 10.4033546448, -3.82070374489, 31.8201236725, 7.05287408829], [-375.389312744, 195.31803894, 151.860702515, 160.909393311, 305.688720703, 49.4579811096, 24.3037052155, 75.1398239136, 69.9390258789, 12.2297410965, 25.7391700745, 35.670463562, 3.88439893723], [-129.263839722, 197.10357666, 135.745681763, -17.1735858917, 49.4579811096, 296.568725586, 122.520812988, 20.409658432, 64.1723098755, 51.9880447388, 49.5239448547, -14.6990833282, -40.7573280334], [-94.102394104, 245.760681152, 130.894134521, 40.6036605835, 24.3037052155, 122.520812988, 245.504150391, 61.3051681519, 15.9009695053, 64.7230300903, 49.982131958, 7.27512931824, -8.56613540649], [-141.963623047, 142.672241211, 92.5242843628, 77.6037063599, 75.1398239136, 20.409658432, 61.3051681519, 170.792526245, 84.2809906006, 8.74177360535, 22.4904937744, 32.8483467102, 20.6292457581], [-327.347808838, 48.0628051758, 99.3182373047, 62.7531280518, 69.9390258789, 64.1723098755, 15.9009695053, 84.2809906006, 183.212051392, 39.144241333, 12.4645547867, 11.4456386566, -4.73636102676], [209.790435791, 39.9032554626, 19.1947631836, 10.4033546448, 12.2297410965, 51.9880447388, 64.7230300903, 8.74177360535, 39.144241333, 142.42880249, 48.0910720825, -16.4723434448, -3.50113415718], [-43.491973877, 79.2107543945, 24.9729003906, -3.82070374489, 25.7391700745, 49.5239448547, 49.982131958, 22.4904937744, 12.4645547867, 48.0910720825, 123.532409668, 26.8298931122, -6.11865282059], [-47.2299232483, -0.825937688351, 0.0651643127203, 31.8201236725, 35.670463562, -14.6990833282, 7.27512931824, 32.8483467102, 11.4456386566, -16.4723434448, 26.8298931122, 128.089355469, 56.6681480408], [189.983825684, -92.9246826172, -83.788482666, 7.05287408829, 3.88439893723, -40.7573280334, -8.56613540649, 20.6292457581, -4.73636102676, -3.50113415718, -6.11865282059, 56.6681480408, 141.998901367]], "icov": [[6.80593875586e-05, 8.50709875522e-06, 6.21556973783e-05, -5.87643990002e-05, 6.67425629217e-05, -5.71102027607e-05, 5.79625520913e-05, -7.33372289687e-05, 0.000161713454872, -0.000176335859578, 5.22656882822e-05, 3.23299673255e-06, -4.79555492348e-05], [8.50709875522e-06, 0.000439422467025, -4.99626694364e-05, 0.000200464361114, -0.000284648151137, -5.09644414706e-05, -0.000328208727296, -0.000274144957075, 0.000138513903948, 3.98827069148e-05, -1.75596105692e-05, 2.76586388281e-06, 0.000253669422818], [6.21556973783e-05, -4.99626694364e-05, 0.00130164460279, -0.000767679826822, -5.05831212649e-06, -0.000380746874725, -0.000275594298728, -0.000147917715367, -9.73668138613e-05, 8.96697747521e-05, 7.21777541912e-05, -3.78085387638e-05, 0.000603207852691], [-5.87643990002e-05, 0.000200464361114, -0.000767679826822, 0.00275087566115, -0.001216483186, 0.000786229327787, -0.000507109856699, -0.000268857518677, -0.000323738029692, -7.44405115256e-05, 0.000395051611122, -0.000233444850892, -1.48420722326e-05], [6.67425629217e-05, -0.000284648151137, -5.05831212649e-06, -0.001216483186, 0.00470718648285, -0.000792614475358, 0.000885155575816, -0.00103879917879, -0.000386621599318, -0.000234365725191, -0.000380552839488, -0.000725429330487, -0.000115661903692], [-5.71102027607e-05, -5.09644414706e-05, -0.000380746874725, 0.000786229327787, -0.000792614475358, 0.00544585194439, -0.00263769505545, 0.00154412002303, -0.00225884071551, 0.000361451064236, -0.00112745375372, 0.000588378112298, 0.000630857713986], [5.79625520913e-05, -0.000328208727296, -0.000275594298728, -0.000507109856699, 0.000885155575816, -0.00263769505545, 0.00725136697292, -0.00287344120443, 0.00243447371759, -0.00277315196581, -0.000328061258188, -0.000517436477821, -0.000150987267261], [-7.33372289687e-05, -0.000274144957075, -0.000147917715367, -0.000268857518677, -0.00103879917879, 0.00154412002303, -0.00287344120443, 0.010221096687, -0.00485919462517, 0.00210392614827, -0.00123967311811, -0.000392235815525, -0.00134891632479], [0.000161713454872, 0.000138513903948, -9.73668138613e-05, -0.000323738029692, -0.000386621599318, -0.00225884071551, 0.00243447371759, -0.00485919462517, 0.00952325668186, -0.0033561703749, 0.00140815798659, -0.000767740653828, 0.000649893539958], [-0.000176335859578, 3.98827069148e-05, 8.96697747521e-05, -7.44405115256e-05, -0.000234365725191, 0.000361451064236, -0.00277315196581, 0.00210392614827, -0.0033561703749, 0.0108383493498, -0.00399211421609, 0.00271449261345, -0.00114417262375], [5.22656882822e-05, -1.75596105692e-05, 7.21777541912e-05, 0.000395051611122, -0.000380552839488, -0.00112745375372, -0.000328061258188, -0.00123967311811, 0.00140815798659, -0.00399211421609, 0.0112585891038, -0.00347528001294, 0.00160921865609], [3.23299673255e-06, 2.76586388281e-06, -3.78085387638e-05, -0.000233444850892, -0.000725429330487, 0.000588378112298, -0.000517436477821, -0.000392235815525, -0.000767740653828, 0.00271449261345, -0.00347528001294, 0.0113794412464, -0.00444841058925], [-4.79555492348e-05, 0.000253669422818, 0.000603207852691, -1.48420722326e-05, -0.000115661903692, 0.000630857713986, -0.000150987267261, -0.00134891632479, 0.000649893539958, -0.00114417262375, 0.00160921865609, -0.00444841058925, 0.00983828864992]], "mean": [-715.266174316, 112.636512756, 17.9241847992, 3.23208141327, -11.9507694244, 2.1450278759, 3.37421560287, 0.653291046619, -6.99594783783, 2.95794653893, -2.42315983772, -3.78399372101, 0.594272613525]}, "pitch_salience": {"dmean": 0.0642892867327, "dmean2": 0.101073466241, "dvar": 0.00410181377083, "dvar2": 0.00995990075171, "max": 0.89252603054, "mean": 0.533034801483, "median": 0.539460897446, "min": 0.131595090032, "var": 0.0121810445562}, "silence_rate_20dB": {"dmean": 0, "dmean2": 0, "dvar": 0, "dvar2": 0, "max": 1, "mean": 1, "median": 1, "min": 1, "var": 0}, "silence_rate_30dB": {"dmean": 0.00562271568924, "dmean2": 0.0112464856356, "dvar": 0.00559104653075, "dvar2": 0.0150565635413, "max": 1, "mean": 0.996158182621, "median": 1, "min": 0, "var": 0.00382727338001}, "silence_rate_60dB": {"dmean": 0.0431074872613, "dmean2": 0.0862230584025, "dvar": 0.0412523634732, "dvar2": 0.0868567600846, "max": 1, "mean": 0.219452768564, "median": 0, "min": 0, "var": 0.171306312084}, "spectral_centroid": {"dmean": 260.572357178, "dmean2": 385.549285889, "dvar": 170181.46875, "dvar2": 330132.1875, "max": 11077.234375, "mean": 1274.32836914, "median": 1138.4432373, "min": 165.626861572, "var": 565658.5}, "spectral_complexity": {"dmean": 2.16661977768, "dmean2": 3.44461107254, "dvar": 11.5905790329, "dvar2": 27.8922386169, "max": 55, "mean": 11.9219455719, "median": 11, "min": 0, "var": 59.6503410339}, "spectral_contrast_coeffs": {"dmean": [0.0390780903399, 0.0406991653144, 0.0390452109277, 0.0327858328819, 0.0237058941275, 0.016701431945], "dmean2": [0.0626390650868, 0.0636854693294, 0.0593886263669, 0.0505975671113, 0.0364154800773, 0.025943916291], "dvar": [0.00134018424433, 0.00135278142989, 0.0012382089626, 0.000877408601809, 0.000527226366103, 0.000294193276204], "dvar2": [0.00318937283009, 0.00305225979537, 0.00277140527032, 0.00196690415032, 0.00108058389742, 0.000663296377752], "max": [-0.281165122986, -0.389721363783, -0.36530828476, -0.464597344398, -0.527936279774, -0.583446919918], "mean": [-0.662509322166, -0.70615029335, -0.69017380476, -0.734688162804, -0.782109797001, -0.795486927032], "median": [-0.67991733551, -0.710919439793, -0.691864788532, -0.734018921852, -0.789363265038, -0.797812581062], "min": [-0.948865175247, -0.976496517658, -0.995325982571, -0.963789403439, -0.958857059479, -0.963518202305], "var": [0.0107663813978, 0.00754241924733, 0.00767065398395, 0.00653886655346, 0.00461978837848, 0.00203690608032]}, "spectral_contrast_valleys": {"dmean": [0.34697675705, 0.315567314625, 0.334864974022, 0.335151255131, 0.297586381435, 0.344324886799], "dmean2": [0.53804153204, 0.504865586758, 0.515204250813, 0.505548536777, 0.429002672434, 0.434933125973], "dvar": [0.196341499686, 0.118142530322, 0.136816799641, 0.182009786367, 0.18956412375, 0.267155885696], "dvar2": [0.352768331766, 0.241678893566, 0.26509141922, 0.357710689306, 0.369285702705, 0.453384369612], "max": [-4.98944854736, -4.88117647171, -5.41923999786, -5.59692573547, -5.79046630859, -7.26692914963], "mean": [-8.28315734863, -7.54454135895, -8.35440540314, -9.07765102386, -8.78992080688, -10.5670976639], "median": [-7.55580425262, -7.20417308807, -8.01605033875, -8.7790145874, -8.41516113281, -10.1107788086], "min": [-27.5331115723, -27.341173172, -27.0635948181, -27.075340271, -27.3239765167, -27.1505889893], "var": [3.89679765701, 2.39822745323, 2.37712049484, 2.42457389832, 2.59640789032, 2.92899489403]}, "spectral_decrease": {"dmean": 1.57596635741e-09, "dmean2": 2.45530662468e-09, "dvar": 1.45372608599e-17, "dvar2": 3.70378126379e-17, "max": 5.08653385382e-29, "mean": -3.86493370641e-09, "median": -2.20519202898e-09, "min": -5.58347998947e-08, "var": 2.49254830289e-17}, "spectral_energy": {"dmean": 0.00647686840966, "dmean2": 0.0100243678316, "dvar": 0.000228080069064, "dvar2": 0.000577020866331, "max": 0.217812776566, "mean": 0.0162101890892, "median": 0.00922540575266, "min": 1.11228682836e-20, "var": 0.000422935117967}, "spectral_energyband_high": {"dmean": 0.000498553621583, "dmean2": 0.000727845705114, "dvar": 1.84139094017e-06, "dvar2": 3.8514717744e-06, "max": 0.032280202955, "mean": 0.000937860400882, "median": 0.000224767660256, "min": 8.19630650759e-21, "var": 4.15132080889e-06}, "spectral_energyband_low": {"dmean": 0.0023429878056, "dmean2": 0.00394005328417, "dvar": 0.000127613457153, "dvar2": 0.000339220918249, "max": 0.184472113848, "mean": 0.00304950308055, "median": 0.00100736448076, "min": 4.5545944592e-23, "var": 9.60620091064e-05}, "spectral_energyband_middle_high": {"dmean": 0.00212429999374, "dmean2": 0.00315280677751, "dvar": 2.34783874475e-05, "dvar2": 5.71193886572e-05, "max": 0.110019177198, "mean": 0.00550694251433, "median": 0.00175299448892, "min": 1.44232843945e-21, "var": 9.04081389308e-05}, "spectral_energyband_middle_low": {"dmean": 0.00304061290808, "dmean2": 0.00462833372876, "dvar": 6.92367830197e-05, "dvar2": 0.000174312895979, "max": 0.150977522135, "mean": 0.00720858899876, "median": 0.00427941605449, "min": 2.81402411623e-22, "var": 0.000111741195724}, "spectral_entropy": {"dmean": 0.208489373326, "dmean2": 0.286353141069, "dvar": 0.0738551393151, "dvar2": 0.132677748799, "max": 9.8068189621, "mean": 7.35920143127, "median": 7.44063282013, "min": 4.74487400055, "var": 0.430990874767}, "spectral_flux": {"dmean": 0.0192958954722, "dmean2": 0.0296357180923, "dvar": 0.000990718719549, "dvar2": 0.00198386912234, "max": 0.413160800934, "mean": 0.0546888262033, "median": 0.0404847934842, "min": 1.05465011724e-10, "var": 0.00263753486797}, "spectral_kurtosis": {"dmean": 2.34108948708, "dmean2": 3.70198082924, "dvar": 33.3695068359, "dvar2": 77.9081192017, "max": 137.168579102, "mean": 6.48412847519, "median": 3.20684909821, "min": -1.47348713875, "var": 127.261329651}, "spectral_rms": {"dmean": 0.000619137659669, "dmean2": 0.000901308201719, "dvar": 1.05587741928e-06, "dvar2": 2.42746341428e-06, "max": 0.0145773887634, "mean": 0.00335649750195, "median": 0.00300006614998, "min": 3.29417331087e-12, "var": 4.5487636271e-06}, "spectral_rolloff": {"dmean": 708.08782959, "dmean2": 1159.64404297, "dvar": 2560051.5, "dvar2": 5326150, "max": 19207.6171875, "mean": 1756.5925293, "median": 1162.79296875, "min": 21.533203125, "var": 4242976.5}, "spectral_skewness": {"dmean": 0.281257122755, "dmean2": 0.416852295399, "dvar": 0.202391847968, "dvar2": 0.423539876938, "max": 9.33697414398, "mean": 1.80683648586, "median": 1.52273750305, "min": -0.728555679321, "var": 1.13768708706}, "spectral_spread": {"dmean": 806951.8125, "dmean2": 1107902.875, "dvar": 1395769737220.0, "dvar2": 2510602