{"lowlevel": {"average_loudness": 0.71322286129, "barkbands": {"dmean": [1.72798099811e-05, 0.00185997062363, 0.00127725419588, 0.000668707769364, 0.00173323287163, 0.000387981563108, 0.000704029458575, 0.000682100479025, 0.000801113550551, 0.00121562788263, 0.000824999704491, 0.000549302261788, 0.000313545111567, 0.000434124376625, 0.0004080561921, 0.000326707813656, 0.000220534551772, 0.00014216832642, 6.81265300955e-05, 6.31504590274e-05, 2.37563217524e-05, 3.41826780641e-05, 4.42628988822e-05, 3.05396533804e-05, 5.58146057301e-05, 1.16463061204e-05, 1.68217302416e-05], "dmean2": [2.8130985811e-05, 0.00296501326375, 0.00207461998798, 0.0011432247702, 0.00289296312258, 0.000629023066722, 0.00114003883209, 0.00108693097718, 0.00125085667241, 0.0019316249527, 0.00134290626738, 0.000863008142915, 0.000511583290063, 0.00070297595812, 0.000645219522994, 0.000530878081918, 0.000351036869688, 0.000223056413233, 0.000104454629763, 9.75584916887e-05, 3.50929949491e-05, 4.80677881569e-05, 6.26633409411e-05, 4.36233058281e-05, 7.94611478341e-05, 1.47052815009e-05, 2.36398573179e-05], "dvar": [6.78621558947e-09, 2.61911209236e-05, 9.70520704868e-06, 4.37324479208e-06, 3.84469203709e-05, 7.67958113101e-07, 3.26142526319e-06, 2.32668458011e-06, 6.14027931078e-06, 1.46054335346e-05, 5.79475317863e-06, 4.02051455239e-06, 2.27087707572e-06, 2.02973546948e-06, 1.47596006173e-06, 1.05930973859e-06, 5.87879185332e-07, 1.24762578935e-07, 2.10467323569e-08, 2.45359448314e-08, 4.1489167657e-09, 1.06486117701e-08, 2.05764916217e-08, 1.25627126479e-08, 2.70097455513e-08, 6.54467091632e-10, 2.70477529263e-09], "dvar2": [1.67911764493e-08, 6.47534252494e-05, 2.58232994383e-05, 1.18411098811e-05, 0.000102132638858, 1.97245299205e-06, 8.5891888375e-06, 5.74034766032e-06, 1.46191259773e-05, 3.78182267013e-05, 1.54458321049e-05, 9.36615379032e-06, 5.65663958696e-06, 5.32177364221e-06, 3.69908821085e-06, 3.00078295368e-06, 1.58164891673e-06, 3.21402580994e-07, 5.02911028377e-08, 6.08910610822e-08, 9.62503410307e-09, 2.280336453e-08, 4.62804976564e-08, 2.91426740517e-08, 6.06545924597e-08, 1.19772691765e-09, 6.07527717023e-09], "max": [0.00198590289801, 0.0820725411177, 0.0461153164506, 0.0316360406578, 0.0776613652706, 0.0200906470418, 0.0377547591925, 0.0294457264245, 0.0688328072429, 0.124457515776, 0.0562437847257, 0.0642934963107, 0.0667022243142, 0.0363069586456, 0.0312807448208, 0.0284508094192, 0.0264683961868, 0.0087864426896, 0.0046539157629, 0.00519152451307, 0.00238680932671, 0.00482374150306, 0.00562055874616, 0.00423343945295, 0.00247699441388, 0.000683517195284, 0.000890722090844], "mean": [2.38708526012e-05, 0.00377078633755, 0.00281523051672, 0.000841118046083, 0.00237120036036, 0.00058256770717, 0.00108134932816, 0.00105037435424, 0.00122187146917, 0.00187096337322, 0.00135379715357, 0.000935460906476, 0.000461337680463, 0.000697246927302, 0.000660439778585, 0.000573978701141, 0.000390076747863, 0.00028673117049, 0.000153016575496, 0.000136502276291, 4.87911966047e-05, 6.41584047116e-05, 7.14383786544e-05, 5.39051725355e-05, 7.73638312239e-05, 2.55843242485e-05, 2.64759582933e-05], "median": [4.55638200947e-06, 0.00176523975097, 0.0012092855759, 0.000237748405198, 0.00103112636134, 0.000241444766289, 0.000301742780721, 0.000239658344071, 0.000187251833268, 0.00018394907238, 8.88865615707e-05, 9.37633594731e-05, 0.000100277429738, 0.000101416721009, 7.20757234376e-05, 8.91607269295e-05, 5.21782640135e-05, 5.22484697285e-05, 3.77324031433e-05, 2.59780499619e-05, 1.44070727401e-05, 2.18470668187e-05, 2.56080020336e-05, 2.24833256652e-05, 2.48654068855e-05, 8.63319928612e-06, 3.33436946676e-06], "min": [1.0246683903e-24, 4.22451817483e-24, 1.19348856832e-24, 8.40962801428e-25, 6.99735400149e-24, 1.67315062969e-23, 9.32731148305e-24, 8.26572716339e-24, 2.33300185356e-23, 2.95912738047e-23, 2.64525887449e-23, 3.12074888718e-23, 2.79764439772e-23, 5.8502492711e-23, 4.06475790653e-23, 9.45043626205e-23, 9.81398123249e-23, 1.57505457706e-22, 1.54208890024e-22, 1.94196956129e-22, 3.18388653725e-22, 3.78039715292e-22, 3.98898762726e-22, 6.49456586738e-22, 9.08576012817e-22, 1.23817537712e-21, 1.96625415832e-21], "var": [7.14526615653e-09, 3.54345720552e-05, 1.54551344167e-05, 3.92163519791e-06, 3.01784693875e-05, 1.14809051865e-06, 6.04394472248e-06, 4.49965045846e-06, 1.19354426715e-05, 2.86472477455e-05, 1.29075015138e-05, 1.07252762973e-05, 3.97204576075e-06, 4.31550279245e-06, 3.02682838083e-06, 2.93321795652e-06, 1.25592430322e-06, 3.53918608198e-07, 7.24915523165e-08, 8.12312634935e-08, 1.19317862257e-08, 2.23649809783e-08, 3.48743114387e-08, 1.84728907726e-08, 3.4928643089e-08, 1.92270799282e-09, 4.11718570348e-09]}, "barkbands_crest": {"dmean": 2.52935385704, "dmean2": 4.07066345215, "dvar": 5.98977518082, "dvar2": 15.5365123749, "max": 26.6409664154, "mean": 10.7577009201, "median": 9.95753002167, "min": 3.11846041679, "var": 17.8992328644}, "barkbands_flatness_db": {"dmean": 0.0216748602688, "dmean2": 0.0315073803067, "dvar": 0.000442160817329, "dvar2": 0.000923673855141, "max": 0.468821257353, "mean": 0.147393226624, "median": 0.134534060955, "min": 0.0295186359435, "var": 0.00373877957463}, "barkbands_kurtosis": {"dmean": 4.29632949829, "dmean2": 6.62201023102, "dvar": 96.9831237793, "dvar2": 226.036148071, "max": 404.451324463, "mean": 7.73423433304, "median": 2.15149092674, "min": -1.9494458437, "var": 288.828765869}, "barkbands_skewness": {"dmean": 0.633003652096, "dmean2": 0.938865363598, "dvar": 0.543306410313, "dvar2": 1.21258187294, "max": 16.4284553528, "mean": 1.63819563389, "median": 1.25337016582, "min": -4.97165393829, "var": 3.00429010391}, "barkbands_spread": {"dmean": 5.56269407272, "dmean2": 8.32699298859, "dvar": 50.3052253723, "dvar2": 107.119674683, "max": 100.432052612, "mean": 19.4659252167, "median": 17.8685264587, "min": 0.378929138184, "var": 168.187316895}, "dissonance": {"dmean": 0.0239121299237, "dmean2": 0.0400324724615, "dvar": 0.000499163463246, "dvar2": 0.00137440045364, "max": 0.500000119209, "mean": 0.449975967407, "median": 0.456380397081, "min": 0.258235752583, "var": 0.00111742003355}, "dynamic_complexity": 5.74825811386, "erbbands": {"dmean": [0.0281760860234, 0.503051519394, 1.47569262981, 1.74346554279, 5.02655220032, 5.11453437805, 3.36518549919, 3.44754195213, 6.95142412186, 14.4304800034, 15.0656042099, 17.4091777802, 36.7638168335, 28.4923248291, 28.7781143188, 25.6564426422, 13.9257583618, 22.873796463, 19.0246334076, 17.9484195709, 18.0516147614, 9.57395744324, 7.71457624435, 4.36155700684, 3.31203842163, 3.10346031189, 1.11187672615, 0.912576019764, 1.16527116299, 1.35756778717, 1.28196895123, 0.80801820755, 0.441143721342, 0.702902376652, 0.364716827869, 0.0699574500322, 0.0207350105047, 0.0107855126262, 0.00355711719021, 0.000118415235193], "dmean2": [0.0462378486991, 0.803352415562, 2.35620880127, 2.93024682999, 8.6265630722, 8.39879894257, 5.46697854996, 5.59881830215, 11.1186857224, 23.4767189026, 23.7676029205, 27.1362037659, 59.8686065674, 45.2463722229, 45.2527122498, 39.7075538635, 22.2606239319, 36.8455619812, 29.6953392029, 28.7377758026, 29.282623291, 14.9359035492, 12.0706768036, 6.62084102631, 5.10139083862, 4.79538631439, 1.63373291492, 1.29219019413, 1.62699735165, 1.91934716702, 1.83162999153, 1.16635084152, 0.618356049061, 1.02704834938, 0.523411989212, 0.0936434790492, 0.0269296523184, 0.0142438430339, 0.00509419105947, 0.000175452936674], "dvar": [0.00622660154477, 1.88525390625, 12.7796201706, 23.686372757, 415.168518066, 255.681381226, 111.365814209, 61.7258338928, 300.625091553, 1628.80493164, 1150.51708984, 3904.57788086, 14593.8808594, 7854.37158203, 7137.06054688, 8464.06347656, 3773.13867188, 5977.63964844, 4602.31884766, 2095.46386719, 4521.34521484, 845.761230469, 339.367736816, 106.515098572, 46.8927230835, 69.2604980469, 10.4955005646, 5.25475072861, 10.8230628967, 24.2141971588, 17.7371177673, 9.69333934784, 1.82546520233, 5.98280334473, 1.04717028141, 0.0284573808312, 0.00203063082881, 0.000860011845361, 0.000143996425322, 1.44029840499e-07], "dvar2": [0.0157041922212, 4.6368470192, 32.6202087402, 61.2099761963, 1140.12219238, 660.999938965, 280.657653809, 156.103775024, 755.969482422, 4337.80126953, 2818.9909668, 9195.71289062, 39492.0703125, 20013.4296875, 17818.0195312, 19105.921875, 9416.33007812, 15750.1533203, 11554.3085938, 5217.61376953, 13006.9902344, 2270.11279297, 867.383666992, 246.80859375, 113.254096985, 174.00302124, 25.0055198669, 11.0172958374, 21.112033844, 58.16588974, 39.8097343445, 22.774274826, 4.10335683823, 13.7242174149, 2.37793779373, 0.0598124489188, 0.00361197791062, 0.00162876734976, 0.00034097165917, 3.48447827037e-07], "max": [1.0672467947, 22.0017433167, 59.9911575317, 111.605606079, 269.971862793, 204.901062012, 227.494567871, 205.764801025, 633.432006836, 760.674560547, 715.424926758, 1997.59619141, 3266.12841797, 2526.9753418, 1701.23474121, 3068.33496094, 2615.46386719, 1779.53771973, 2007.31335449, 1041.72387695, 1941.6583252, 753.218566895, 462.734558105, 424.033447266, 177.498886108, 277.703582764, 138.340286255, 107.351020813, 188.648483276, 273.602722168, 146.5962677, 129.729370117, 35.9076461792, 44.5242271423, 17.4387531281, 5.7811961174, 0.999648272991, 0.520993292332, 0.222046777606, 0.0117611717433], "mean": [0.0530324578285, 1.04201948643, 3.50347971916, 2.83519697189, 5.9619269371, 8.0094909668, 4.44319248199, 5.23693704605, 11.4174804688, 22.2318935394, 24.3936347961, 27.7494029999, 57.8852958679, 50.0886802673, 48.3126716614, 45.178024292, 23.0703315735, 37.2944755554, 32.5210189819, 31.5718765259, 34.3830604553, 19.8512477875, 16.2739543915, 10.0625171661, 7.84737682343, 6.70770931244, 2.50129723549, 1.84107601643, 2.23288798332, 2.34001946449, 2.01205396652, 1.34127497673, 0.794649958611, 0.92818659544, 0.51353341341, 0.133298054338, 0.0456960648298, 0.0196492746472, 0.00547679467127, 0.000192774139578], "median": [0.026103168726, 0.512100338936, 1.83557760715, 1.51937127113, 2.48776578903, 3.62704443932, 1.86173963547, 2.04031777382, 3.71736121178, 5.86370801926, 6.07839012146, 6.01219511032, 5.04187011719, 6.54360675812, 4.92208576202, 5.23546504974, 5.88195133209, 6.55908870697, 5.06418228149, 5.84423351288, 4.44946861267, 3.03422212601, 3.35663318634, 2.41328549385, 1.7968351841, 1.24366188049, 0.713491499424, 0.61051440239, 0.729353249073, 0.831591367722, 0.706518292427, 0.529920220375, 0.332740724087, 0.279073476791, 0.16646116972, 0.0505585446954, 0.0136286411434, 0.00380044314079, 0.000621709157713, 4.78586662211e-05], "min": [1.3170753516e-22, 7.95774456951e-22, 3.28277026434e-21, 4.41191521938e-21, 1.44989962602e-20, 2.82553232709e-20, 7.37695438405e-20, 1.05854626106e-19, 1.60202848043e-19, 3.06024127161e-19, 2.59176003537e-19, 4.06281054041e-19, 8.13890973735e-19, 1.03307444902e-18, 1.48805821731e-18, 1.74696678302e-18, 1.74440934736e-18, 2.80902408973e-18, 3.4182928621e-18, 3.29040970543e-18, 4.09165593103e-18, 5.42121186732e-18, 7.53378482966e-18, 6.16533237943e-18, 8.16652174998e-18, 9.7110350441e-18, 1.18994579871e-17, 1.41118848843e-17, 1.39036487825e-17, 1.38292753192e-17, 1.19104619708e-17, 1.10571068821e-17, 1.00567634529e-17, 7.75026792213e-18, 6.78957208691e-18, 4.42837427503e-18, 2.19202076505e-18, 1.03744775291e-18, 2.64891744021e-19, 3.09065986928e-20], "var": [0.00783093180507, 2.59497761726, 21.2683830261, 25.5683364868, 285.921844482, 239.42376709, 129.603927612, 95.3782272339, 544.3203125, 2985.28466797, 2449.90551758, 7238.90673828, 27426.8066406, 18316.3359375, 15814.3359375, 24113.3359375, 7015.29980469, 12050.3876953, 9841.234375, 4378.11181641, 11913.9316406, 2267.93457031, 1027.49499512, 369.900970459, 168.427032471, 217.445144653, 34.0116386414, 13.9476613998, 27.21600914, 35.9455566406, 28.4873390198, 13.9569997787, 2.85683250427, 6.94909143448, 1.3858705759, 0.0587511770427, 0.00642264494672, 0.00184197560884, 0.000194171690964, 1.85240168094e-07]}, "erbbands_crest": {"dmean": 3.08411598206, "dmean2": 5.03649711609, "dvar": 8.43470573425, "dvar2": 22.1523895264, "max": 31.231803894, "mean": 10.8801956177, "median": 9.83028125763, "min": 2.11977815628, "var": 22.8965816498}, "erbbands_flatness_db": {"dmean": 0.0206982679665, "dmean2": 0.029119649902, "dvar": 0.000385139137506, "dvar2": 0.000707958999556, "max": 0.344263494015, "mean": 0.159071594477, "median": 0.155016869307, "min": 0.0225972663611, "var": 0.00279424153268}, "erbbands_kurtosis": {"dmean": 1.45407772064, "dmean2": 2.34390473366, "dvar": 4.2680606842, "dvar2": 10.1556653976, "max": 48.9665870667, "mean": 1.66896116734, "median": 0.921594619751, "min": -1.86897587776, "var": 11.3357162476}, "erbbands_skewness": {"dmean": 0.464473724365, "dmean2": 0.716103613377, "dvar": 0.186967134476, "dvar2": 0.43150857091, "max": 6.11949157715, "mean": 0.519729316235, "median": 0.532591640949, "min": -4.53078126907, "var": 0.857207655907}, "erbbands_spread": {"dmean": 9.04070472717, "dmean2": 13.3971061707, "dvar": 141.168930054, "dvar2": 298.855682373, "max": 193.663146973, "mean": 33.7692222595, "median": 27.6220397949, "min": 1.82289040089, "var": 547.106384277}, "gfcc": {"cov": [[19410.1269531, -775.588989258, -1159.49206543, -3.4898879528, -241.854003906, 201.890960693, -35.2525558472, 484.070495605, -43.401008606, 38.0003356934, -118.252258301, 32.1016616821, -112.303779602], [-775.588989258, 1127.76965332, 46.3751220703, 66.0547332764, 179.1512146, 55.4868125916, 51.7444992065, -126.178771973, 3.00916171074, -50.5848045349, 68.0067138672, -71.152053833, -20.0442657471], [-1159.49206543, 46.3751220703, 1448.46203613, 306.961364746, -8.30656242371, 100.623580933, -53.572933197, -182.292831421, 1.00216698647, 53.3190460205, 21.9748401642, -9.80677986145, -64.244468689], [-3.4898879528, 66.0547332764, 306.961364746, 773.881530762, 48.2722167969, 23.4499187469, -104.465339661, -43.60962677, 4.49032306671, -49.963344574, -5.51112556458, 23.522895813, 36.6342468262], [-241.854003906, 179.1512146, -8.30656242371, 48.2722167969, 370.902496338, 93.2206268311, 140.163604736, 17.7187633514, 25.8668842316, 9.87907028198, 10.5189943314, -3.14431190491, 25.5238723755], [201.890960693, 55.4868125916, 100.623580933, 23.4499187469, 93.2206268311, 346.081634521, 127.059425354, -14.0108127594, -7.22771263123, 34.9415435791, 17.144859314, -17.5175743103, -31.472951889], [-35.2525558472, 51.7444992065, -53.572933197, -104.465339661, 140.163604736, 127.059425354, 261.177459717, 54.9058151245, 0.714835047722, 23.8576145172, 11.6239614487, -8.96524333954, -14.3303613663], [484.070495605, -126.178771973, -182.292831421, -43.60962677, 17.7187633514, -14.0108127594, 54.9058151245, 198.436294556, 58.6860694885, 22.506942749, -0.221063494682, 12.1223134995, 13.7880315781], [-43.401008606, 3.00916171074, 1.00216698647, 4.49032306671, 25.8668842316, -7.22771263123, 0.714835047722, 58.6860694885, 133.562210083, 55.2685546875, 8.04267501831, 4.81387281418, -4.67801952362], [38.0003356934, -50.5848045349, 53.3190460205, -49.963344574, 9.87907028198, 34.9415435791, 23.8576145172, 22.506942749, 55.2685546875, 124.358009338, 40.472492218, 1.04700064659, -27.3419342041], [-118.252258301, 68.0067138672, 21.9748401642, -5.51112556458, 10.5189943314, 17.144859314, 11.6239614487, -0.221063494682, 8.04267501831, 40.472492218, 96.9797439575, 21.9403610229, -23.5246696472], [32.1016616821, -71.152053833, -9.80677986145, 23.522895813, -3.14431190491, -17.5175743103, -8.96524333954, 12.1223134995, 4.81387281418, 1.04700064659, 21.9403610229, 81.4290618896, 25.7753181458], [-112.303779602, -20.0442657471, -64.244468689, 36.6342468262, 25.5238723755, -31.472951889, -14.3303613663, 13.7880315781, -4.67801952362, -27.3419342041, -23.5246696472, 25.7753181458, 82.4296646118]], "icov": [[6.2967883423e-05, 5.85598581893e-06, 5.1680868637e-05, -2.96856342175e-05, 1.45306585182e-05, -7.41885378375e-05, 7.81439302955e-05, -0.000172953587025, 0.000121242635942, -7.23811899661e-05, 0.000154357112478, -9.9779885204e-05, 0.000208499361179], [5.85598581893e-06, 0.00136255682446, 6.85128688929e-05, -4.43146091129e-05, -0.000505914504174, 1.94287968043e-05, -0.000226878371905, 0.00104753661435, -0.000883455446456, 0.00129334512167, -0.00178382988088, 0.00161592802033, -0.000273706857115], [5.1680868637e-05, 6.85128688929e-05, 0.000971338129602, -0.000407094456023, 3.83127990062e-05, -0.000181242765393, 1.50954119817e-05, 0.000742609496228, -8.37958432385e-05, -0.000532572623342, 0.000253612786764, -0.000171653198777, 0.000767029938288], [-2.96856342175e-05, -4.43146091129e-05, -0.000407094456023, 0.00171121268068, -0.00043428389472, -0.000362755003152, 0.000930143753067, -0.000147808255861, -0.000320157210808, 0.000928696594201, -0.00028054669383, -0.000249680218985, -0.000658734003082], [1.45306585182e-05, -0.000505914504174, 3.83127990062e-05, -0.00043428389472, 0.00412623491138, -0.000349255336914, -0.00221810839139, 0.00019914477889, -0.000820434070192, -0.000267235940555, -0.000113102018076, 0.000188025587704, -0.00193657644559], [-7.41885378375e-05, 1.94287968043e-05, -0.000181242765393, -0.000362755003152, -0.000349255336914, 0.00404885131866, -0.00199845945463, 0.00074251065962, 0.000330352340825, -0.000861052423716, -0.000139357056469, 0.000479679903947, 0.000649411405902], [7.81439302955e-05, -0.000226878371905, 1.50954119817e-05, 0.000930143753067, -0.00221810839139, -0.00199845945463, 0.00702083017677, -0.0024922832381, 0.00161914923228, -0.000493564177305, 0.00062328542117, -0.000601176172495, 0.00150494894478], [-0.000172953587025, 0.00104753661435, 0.000742609496228, -0.000147808255861, 0.00019914477889, 0.00074251065962, -0.0024922832381, 0.00872305314988, -0.00421619322151, 0.000769074191339, -0.00155078817625, 0.000911317416467, -0.00171870854683], [0.000121242635942, -0.000883455446456, -8.37958432385e-05, -0.000320157210808, -0.000820434070192, 0.000330352340825, 0.00161914923228, -0.00421619322151, 0.0119999488816, -0.00599104305729, 0.00284718233161, -0.00174983264878, 0.0014477520017], [-7.23811899661e-05, 0.00129334512167, -0.000532572623342, 0.000928696594201, -0.000267235940555, -0.000861052423716, -0.000493564177305, 0.000769074191339, -0.00599104305729, 0.0143010048196, -0.00629682093859, 0.00204560835846, 0.000894540455192], [0.000154357112478, -0.00178382988088, 0.000253612786764, -0.00028054669383, -0.000113102018076, -0.000139357056469, 0.00062328542117, -0.00155078817625, 0.00284718233161, -0.00629682093859, 0.0172288361937, -0.00783632881939, 0.00588870095089], [-9.9779885204e-05, 0.00161592802033, -0.000171653198777, -0.000249680218985, 0.000188025587704, 0.000479679903947, -0.000601176172495, 0.000911317416467, -0.00174983264878, 0.00204560835846, -0.00783632881939, 0.0181713942438, -0.00723713263869], [0.000208499361179, -0.000273706857115, 0.000767029938288, -0.000658734003082, -0.00193657644559, 0.000649411405902, 0.00150494894478, -0.00171870854683, 0.0014477520017, 0.000894540455192, 0.00588870095089, -0.00723713263869, 0.0189588386565]], "mean": [-46.7841186523, 82.5497970581, -99.40990448, 12.934094429, -44.210483551, 15.7866544724, -34.3588752747, 9.99140071869, -19.7085990906, -2.7860763073, -16.8705425262, -3.51537704468, -14.3580846786]}, "hfc": {"dmean": 5.23209857941, "dmean2": 7.55799818039, "dvar": 56.406124115, "dvar2": 131.096008301, "max": 139.02796936, "mean": 17.5959777832, "median": 10.0857696533, "min": 1.06788348719e-16, "var": 379.68182373}, "melbands": {"dmean": [0.00039194925921, 0.000724065350369, 0.000372018839698, 0.000414220208768, 0.000130479587824, 7.77175810072e-05, 0.00011526975868, 0.000153837783728, 0.000127272956888, 0.000113453294034, 0.000184894626727, 0.000118421696243, 0.000116248069389, 6.58582575852e-05, 5.42511734238e-05, 2.46305844485e-05, 4.8258309107e-05, 3.16381374432e-05, 2.53248090303e-05, 2.36498926824e-05, 2.2515976525e-05, 1.12001371235e-05, 1.04956870928e-05, 6.10858842265e-06, 3.68674909623e-06, 2.7645537557e-06, 2.77212370747e-06, 1.94016774913e-06, 8.60834859395e-07, 5.25630696302e-07, 5.76026081944e-07, 6.55789619941e-07, 7.86186546975e-07, 8.06018306321e-07, 7.9959085042e-07, 6.23384778464e-07, 4.83462827106e-07, 3.2724520338e-07, 2.73607668078e-07, 7.77692548581e-07], "dmean2": [0.000631669303402, 0.00114137714263, 0.000628818932455, 0.000694812624715, 0.000211027276237, 0.000126092505525, 0.0001846349478, 0.00024902363657, 0.000199732996407, 0.000177599897142, 0.000300496059936, 0.000186026576557, 0.000186078817933, 0.000101930279925, 8.37394400151e-05, 4.01939578296e-05, 7.77618406573e-05, 4.9725669669e-05, 4.00877543143e-05, 3.81989157177e-05, 3.65377600247e-05, 1.75897421286e-05, 1.67995112861e-05, 9.4442812042e-06, 5.68946370549e-06, 4.34912908531e-06, 4.32898241343e-06, 3.02067678604e-06, 1.31376725676e-06, 7.82623885698e-07, 8.36607796373e-07, 9.34431398036e-07, 1.14889326142e-06, 1.16650960535e-06, 1.17105344088e-06, 9.0681879783e-07, 7.17013165286e-07, 4.7621045951e-07, 3.90770082959e-07, 1.16270859962e-06], "dvar": [1.18624450351e-06, 3.18300180879e-06, 1.21425728139e-06, 2.32201432482e-06, 1.62997267239e-07, 3.13110319894e-08, 7.6535656035e-08, 1.58997821131e-07, 8.83893207515e-08, 1.42930758784e-07, 3.68106015003e-07, 1.57201014872e-07, 1.25063010614e-07, 5.36031272702e-08, 5.3244075815e-08, 2.07666186469e-08, 2.8788827322e-08, 1.36914994897e-08, 4.45058256915e-09, 3.14308734595e-09, 6.92488155707e-09, 1.52536727693e-09, 8.80273742787e-10, 2.08164513404e-10, 8.77908509778e-11, 3.5752054095e-11, 4.52123165295e-11, 2.66201297117e-11, 8.07034907652e-12, 1.47480899021e-12, 2.27600121909e-12, 3.6787647581e-12, 6.03286127651e-12, 9.86037380218e-12, 8.23215020457e-12, 3.74156174793e-12, 4.39931771568e-12, 1.27384940703e-12, 4.4979083934e-13, 8.6742245331e-12], "dvar2": [3.00021883959e-06, 7.62945364841e-06, 3.24707752952e-06, 6.25772145213e-06, 4.04763085271e-07, 7.89427971881e-08, 1.92301087054e-07, 4.17241409423e-07, 2.15748642063e-07, 3.33314886802e-07, 9.93708908936e-07, 3.9680566033e-07, 3.18371661479e-07, 1.17200606553e-07, 1.26252814425e-07, 5.79504870757e-08, 7.56406137725e-08, 3.40114567621e-08, 1.10665689945e-08, 7.97471955138e-09, 1.95331804065e-08, 4.08788158879e-09, 2.35316832686e-09, 4.80629258615e-10, 2.090341511e-10, 9.02361449451e-11, 1.11539957826e-10, 6.60515322992e-11, 1.99711410603e-11, 3.27631411584e-12, 4.84145969842e-12, 7.48672564915e-12, 1.36962533329e-11, 2.40186915496e-11, 1.95306566059e-11, 8.65879937195e-12, 1.062911998e-11, 2.96568932606e-12, 9.46816952098e-13, 2.00413557278e-11], "max": [0.0170573983341, 0.0315198712051, 0.0155675355345, 0.0198425091803, 0.00703900214285, 0.00444647669792, 0.0088107669726, 0.00788137689233, 0.00545949488878, 0.0135543644428, 0.0178449656814, 0.0117274932563, 0.00781616568565, 0.00838871020824, 0.00801074970514, 0.00903560779989, 0.00410114740953, 0.00365925324149, 0.00117761059664, 0.00149190146476, 0.00235396972857, 0.00116306182463, 0.00106656458229, 0.000457504094811, 0.000394137401599, 0.00014782276412, 0.000219236986595, 0.000183128810022, 0.000116231029097, 3.11440380756e-05, 7.36083602533e-05, 0.000116685660032, 0.000105734419776, 0.000166289188201, 0.000112488771265, 6.35494434391e-05, 8.29376367619e-05, 3.18552629324e-05, 1.96657165361e-05, 5.2441846492e-05], "mean": [0.000768885889556, 0.00174089160282, 0.000566842209082, 0.000583492685109, 0.000181756840902, 0.00011749596888, 0.000188683159649, 0.000238660039031, 0.000199424379389, 0.000177087451448, 0.0002869561431, 0.000195328058908, 0.000184584685485, 0.000114181581012, 8.3449165686e-05, 3.86023348256e-05, 7.45792713133e-05, 5.06575488544e-05, 4.3231248128e-05, 3.93021982745e-05, 4.03086669394e-05, 1.99572823476e-05, 1.9423861886e-05, 1.19683272715e-05, 7.59557224228e-06, 5.76961838306e-06, 5.72329736315e-06, 3.92395577364e-06, 1.69746169831e-06, 1.02306137251e-06, 1.05868878109e-06, 1.20299546325e-06, 1.3450375036e-06, 1.30011846977e-06, 1.19819412703e-06, 9.6242069958e-07, 7.67708513649e-07, 5.60234298064e-07, 4.77760011108e-07, 9.38046127885e-07], "median": [0.000354553892976, 0.0011290886905, 0.000299282895867, 0.000243804373895, 8.40797583805e-05, 4.48558239441e-05, 5.99036502535e-05, 6.33352465229e-05, 4.52740569017e-05, 3.02256739815e-05, 2.23358256335e-05, 2.26209540415e-05, 1.40284391819e-05, 1.24887446873e-05, 1.18918305816e-05, 1.05784783955e-05, 1.02475114545e-05, 7.11808115739e-06, 4.74193802802e-06, 7.84039912105e-06, 3.46094088854e-06, 2.50299217441e-06, 3.52181154994e-06, 2.29877241509e-06, 1.76347930392e-06, 1.34569847887e-06, 1.00144416137e-06, 6.98115968589e-07, 4.15041938595e-07, 2.95093883551e-07, 3.34506808031e-07, 3.72405907001e-07, 4.38037830008e-07, 4.39273719621e-07, 3.91444785919e-07, 3.60484762041e-07, 2.87355049977e-07, 2.26871321729e-07, 1.85398135955e-07, 2.33278683481e-07], "min": [1.6215050698e-24, 1.58202908959e-24, 7.94737918965e-25, 1.44732931509e-24, 2.26486265181e-24, 2.6266078361e-24, 2.34750766454e-24, 2.79920133305e-24, 1.96364597591e-24, 3.21729938775e-24, 4.00980128048e-24, 3.72481817872e-24, 4.64268269107e-24, 3.1189611706e-24, 4.12833867554e-24, 3.88626881817e-24, 5.69171307827e-24, 4.38013045472e-24, 3.54024878716e-24, 6.46008844908e-24, 3.59860556148e-24, 5.09278857979e-24, 5.0852699465e-24, 6.65932079272e-24, 3.77521021892e-24, 5.75034043189e-24, 5.49161298764e-24, 5.00454344348e-24, 4.31710559599e-24, 6.25089515879e-24, 6.86716749744e-24, 5.57109624586e-24, 6.55452062146e-24, 6.7651496386e-24, 6.17222876603e-24, 5.55916235809e-24, 6.78394109422e-24, 6.00188056443e-24, 7.09012483281e-24, 5.53124614838e-24], "var": [1.53164489802e-06, 5.08291668666e-06, 1.08661060949e-06, 1.78448215138e-06, 1.78492982172e-07, 4.9071317676e-08, 1.46879315821e-07, 2.94530593692e-07, 1.76196692792e-07, 2.79154988903e-07, 6.86922930981e-07, 3.43336779451e-07, 2.64511868409e-07, 1.53236697997e-07, 9.51851575337e-08, 3.05772900333e-08, 5.70362850283e-08, 2.87617574202e-08, 9.91444615295e-09, 8.33793478705e-09, 1.71662328796e-08, 3.23656990098e-09, 2.27414020948e-09, 5.78598779999e-10, 2.53252807614e-10, 1.04364406006e-10, 1.32331867686e-10, 8.05294997352e-11, 2.09734781625e-11, 4.25877345542e-12, 5.39222139162e-12, 8.81139518988e-12, 1.04280802743e-11, 1.39292709311e-11, 1.23391557388e-11, 5.50925407725e-12, 5.65497518604e-12, 1.76749804029e-12, 8.21729132221e-13, 9.57965477777e-12]}, "melbands_crest": {"dmean": 2.93250441551, "dmean2": 4.66058683395, "dvar": 7.86770009995, "dvar2": 19.7981281281, "max": 32.4057693481, "mean": 15.3840885162, "median": 14.5683040619, "min": 1.57529211044, "var": 33.6936988831}, "melbands_flatness_db": {"dmean": 0.024796275422, "dmean2": 0.0352620705962, "dvar": 0.000656245509163, "dvar2": 0.0013646123698, "max": 0.599762022495, "mean": 0.222378522158, "median": 0.206269487739, "min": 0.00340342661366, "var": 0.00601415336132}, "melbands_kurtosis": {"dmean": 9.5608663559, "dmean2": 14.7034873962, "dvar": 377.651275635, "dvar2": 860.7578125, "max": 451.411071777, "mean": 18.8175849915, "median": 5.29030799866, "min": -1.88942337036, "var": 1170.3404541}, "melbands_skewness": {"dmean": 0.823479235172, "dmean2": 1.23510861397, "dvar": 1.02637112141, "dvar2": 2.28346204758, "max": 18.3145065308, "mean": 2.55614471436, "median": 1.95863389969, "min": -2.36799788475, "var": 5.35244226456}, "melbands_spread": {"dmean": 6.59341335297, "dmean2": 10.0465326309, "dvar": 121.312431335, "dvar2": 279.253204346, "max": 255.654998779, "mean": 21.9345817566, "median": 19.0465946198, "min": 0.419041395187, "var": 348.485321045}, "mfcc": {"cov": [[14250.8369141, -52.0747032166, -1088.48327637, -219.833404541, -114.567611694, -328.376342773, 49.8966941833, 333.283233643, 184.764205933, 246.640518188, 69.6571960449, -108.933509827, 168.403778076], [-52.0747032166, 1197.35644531, -34.8297767639, -119.106948853, 56.52526474, 110.521606445, 107.166481018, -11.3836803436, -41.8831939697, 14.6182956696, 60.3726921082, 6.78500413895, -6.45882940292], [-1088.48327637, -34.8297767639, 1215.87353516, 258.27822876, 144.416809082, 223.776489258, -47.7524452209, -87.5138320923, -106.945953369, -60.9991111755, 33.826587677, 50.7720565796, -50.7390136719], [-219.833404541, -119.106948853, 258.27822876, 542.276977539, 190.712142944, 29.9133281708, -41.7975311279, 13.9988269806, 4.33497953415, -63.0241127014, -44.7007980347, 31.8099460602, -23.8163318634], [-114.567611694, 56.52526474, 144.416809082, 190.712142944, 243.946746826, 100.94972229, 9.43534469604, 18.3917636871, 15.8450937271, -4.48036384583, 2.61453008652, 25.7098197937, -3.98053455353], [-328.376342773, 110.521606445, 223.776489258, 29.9133281708, 100.94972229, 344.395629883, 132.974914551, 24.7969779968, 0.635317325592, -1.13629853725, 51.3005332947, 12.363776207, -19.0448703766], [49.8966941833, 107.166481018, -47.7524452209, -41.7975311279, 9.43534469604, 132.974914551, 237.060562134, 75.3804244995, 28.3434448242, 38.0501098633, 33.2168655396, -12.4090738297, 18.9090499878], [333.283233643, -11.3836803436, -87.5138320923, 13.9988269806, 18.3917636871, 24.7969779968, 75.3804244995, 144.079330444, 55.5155487061, 14.9266052246, 2.97279429436, -7.53419017792, 18.4827651978], [184.764205933, -41.8831939697, -106.945953369, 4.33497953415, 15.8450937271, 0.635317325592, 28.3434448242, 55.5155487061, 156.617523193, 46.9107208252, -0.776974320412, -3.63462805748, 24.3570232391], [246.640518188, 14.6182956696, -60.9991111755, -63.0241127014, -4.48036384583, -1.13629853725, 38.0501098633, 14.9266052246, 46.9107208252, 130.057571411, 52.0394592285, -6.55902910233, 8.84035110474], [69.6571960449, 60.3726921082, 33.826587677, -44.7007980347, 2.61453008652, 51.3005332947, 33.2168655396, 2.97279429436, -0.776974320412, 52.0394592285, 118.737182617, 49.8516159058, 17.3465423584], [-108.933509827, 6.78500413895, 50.7720565796, 31.8099460602, 25.7098197937, 12.363776207, -12.4090738297, -7.53419017792, -3.63462805748, -6.55902910233, 49.8516159058, 133.591674805, 54.5766792297], [168.403778076, -6.45882940292, -50.7390136719, -23.8163318634, -3.98053455353, -19.0448703766, 18.9090499878, 18.4827651978, 24.3570232391, 8.84035110474, 17.3465423584, 54.5766792297, 108.63658905]], "icov": [[8.28805132187e-05, -1.96738051272e-06, 5.08537232236e-05, -1.55144953169e-05, -1.44762952914e-06, 3.41661907441e-05, 7.12212204235e-05, -0.000182507908903, 4.42274613306e-05, -0.000106286373921, -8.54173267726e-05, 0.00012893092935, -0.000136054004543], [-1.96738051272e-06, 0.000962476362474, 7.48775564716e-05, 0.000314264936605, -0.000515990657732, -2.12581308006e-05, -0.000438672490418, 0.000265158538241, 0.000251091929385, 0.000213512641494, -0.00037604701356, 1.8037713744e-05, 0.000150061547174], [5.08537232236e-05, 7.48775564716e-05, 0.00125873333309, -0.000499882095028, -5.90812560404e-05, -0.000893197953701, 0.000480140908621, 0.000374753668439, 0.000629745831247, -4.61497256765e-05, -0.000337116216542, -3.40655060427e-05, 3.13514574373e-05], [-1.55144953169e-05, 0.000314264936605, -0.000499882095028, 0.0032458298374, -0.00243354262784, 0.000726998609025, -0.000209535020986, -0.000414137961343, -0.000397157069528, 0.00107984931674, 0.000783000898082, -0.000911912880838, 0.0010003275238], [-1.44762952914e-06, -0.000515990657732, -5.90812560404e-05, -0.00243354262784, 0.00711211143062, -0.00215469347313, 0.00107093178667, -0.000675766146742, -0.000317712256219, -0.00137477298267, 0.000806980882771, -0.000707848987076, -0.000368247070583], [3.41661907441e-05, -2.12581308006e-05, -0.000893197953701, 0.000726998609025, -0.00215469347313, 0.0057287029922, -0.00329859508201, 0.000276035367278, -0.000743149488699, 0.00173222308513, -0.00196554674767, -2.18735003727e-05, 0.00149099936243], [7.12212204235e-05, -0.000438672490418, 0.000480140908621, -0.000209535020986, 0.00107093178667, -0.00329859508201, 0.00778066087514, -0.00326497061178, 0.000660985009745, -0.00179218908306, -0.000242405134486, 0.00140998687129, -0.00196800101548], [-0.000182507908903, 0.000265158538241, 0.000374753668439, -0.000414137961343, -0.000675766146742, 0.000276035367278, -0.00326497061178, 0.0104402406141, -0.00279026106, 0.00128857570235, -0.000486052042106, 0.000548096082639, -0.000478400470456], [4.42274613306e-05, 0.000251091929385, 0.000629745831247, -0.000397157069528, -0.000317712256219, -0.000743149488699, 0.000660985009745, -0.00279026106, 0.00913297291845, -0.00374330417253, 0.00165814708453, 3.4045708162e-05, -0.00165375496726], [-0.000106286373921, 0.000213512641494, -4.61497256765e-05, 0.00107984931674, -0.00137477298267, 0.00173222308513, -0.00179218908306, 0.00128857570235, -0.00374330417253, 0.012825794518, -0.00663776090369, 0.0025504026562, 0.000312833988573], [-8.54173267726e-05, -0.00037604701356, -0.000337116216542, 0.000783000898082, 0.000806980882771, -0.00196554674767, -0.000242405134486, -0.000486052042106, 0.00165814708453, -0.00663776090369, 0.0155131109059, -0.00658290460706, 0.00093257491244], [0.00012893092935, 1.8037713744e-05, -3.40655060427e-05, -0.000911912880838, -0.000707848987076, -2.18735003727e-05, 0.00140998687129, 0.000548096082639, 3.4045708162e-05, 0.0025504026562, -0.00658290460706, 0.0134392147884, -0.00669867917895], [-0.000136054004543, 0.000150061547174, 3.13514574373e-05, 0.0010003275238, -0.000368247070583, 0.00149099936243, -0.00196800101548, -0.000478400470456, -0.00165375496726, 0.000312833988573, 0.00093257491244, -0.00669867917895, 0.0138922901824]], "mean": [-697.244445801, 125.719024658, 4.22459745407, 9.45224761963, 11.3943138123, 4.23851013184, 1.20267999172, 8.56757259369, 0.647413551807, 4.58744239807, 0.995817184448, -3.25334763527, 0.887284517288]}, "pitch_salience": {"dmean": 0.0642867311835, "dmean2": 0.103574126959, "dvar": 0.00391557998955, "dvar2": 0.0100804651156, "max": 0.940519154072, "mean": 0.498690724373, "median": 0.496470034122, "min": 0.0448358543217, "var": 0.0109988460317}, "silence_rate_20dB": {"dmean": 0, "dmean2": 0, "dvar": 0, "dvar2": 0, "max": 1, "mean": 1, "median": 1, "min": 1, "var": 0}, "silence_rate_30dB": {"dmean": 0.00175489904359, "dmean2": 0.00351014034823, "dvar": 0.00175182893872, "dvar2": 0.00466759223491, "max": 1, "mean": 0.998830199242, "median": 1, "min": 0, "var": 0.00116840586998}, "silence_rate_60dB": {"dmean": 0.0329531058669, "dmean2": 0.0659126341343, "dvar": 0.0318689383566, "dvar2": 0.0670207589865, "max": 1, "mean": 0.166114255786, "median": 0, "min": 0, "var": 0.138513550162}, "spectral_centroid": {"dmean": 208.781814575, "dmean2": 308.887207031, "dvar": 80499.65625, "dvar2": 169243.34375, "max": 11488.5556641, "mean": 1146.5612793, "median": 1102.38085938, "min": 127.822341919, "var": 610732.4375}, "spectral_complexity": {"dmean": 2.4102563858, "dmean2": 3.54426670074, "dvar": 7.29122400284, "dvar2": 13.1931991577, "max": 46, "mean": 13.8425617218, "median": 12, "min": 0, "var": 90.5581741333}, "spectral_contrast_coeffs": {"dmean": [0.0448851138353, 0.0461108870804, 0.0394920445979, 0.0334155000746, 0.0224587991834, 0.0150615451857], "dmean2": [0.0720865577459, 0.0741643980145, 0.0627288371325, 0.0526702441275, 0.0341603383422, 0.0229061469436], "dvar": [0.00200002128258, 0.00149970361963, 0.00118477491196, 0.000769226753619, 0.000376125448383, 0.000188804246136], "dvar2": [0.00484571186826, 0.0037383234594, 0.00275510060601, 0.00182045437396, 0.000794931896962, 0.000387715030229], "max": [-0.274384200573, -0.437075853348, -0.374797612429, -0.509449899197, -0.53656578064, -0.649066507816], "mean": [-0.645546317101, -0.735194563866, -0.734831988811, -0.761907696724, -0.786362409592, -0.80855691433], "median": [-0.650811970234, -0.740280747414, -0.746415376663, -0.765803098679, -0.789988100529, -0.809719204903], "min": [-0.970911681652, -0.974367082119, -0.97417730093, -0.968934118748, -0.965410649776, -0.96308028698], "var": [0.00749541539699, 0.00581819890067, 0.00749218137935, 0.00452073663473, 0.003240511287, 0.00125895068049]}, "spectral_contrast_valleys": {"dmean": [0.410630047321, 0.366103738546, 0.335159361362, 0.284082084894, 0.24126842618, 0.286837011576], "dmean2": [0.636913001537, 0.574519753456, 0.5106741786, 0.412813454866, 0.317348092794, 0.327750265598], "dvar": [0.184815227985, 0.136145204306, 0.11034232378, 0.0826360359788, 0.0728191286325, 0.11532150209], "dvar2": [0.347438812256, 0.284361183643, 0.205726131797, 0.139997020364, 0.103799127042, 0.151054412127], "max": [-5.34066772461, -4.69608783722, -5.31334924698, -5.86383485794, -6.02677106857, -7.86766433716], "mean": [-7.809466362, -7.38401889801, -7.96441888809, -8.26618862152, -8.42046737671, -10.5461788177], "median": [-7.38339042664, -7.0817861557, -7.7468919754, -8.01692581177, -8.1825466156, -10.0937232971], "min": [-27.808347702, -27.7725105286, -27.5785713196, -27.8078098297, -27.4302692413, -27.4248085022], "var": [2.68833327293, 2.50634074211, 2.63662648201, 2.49501538277, 2.63480877876, 2.51405072212]}, "spectral_decrease": {"dmean": 1.78534709239e-09, "dmean2": 2.78187606284e-09, "dvar": 8.8612947347e-18, "dvar2": 2.15615810144e-17, "max": 1.73028663803e-28, "mean": -5.31224308986e-09, "median": -4.16377243795e-09, "min": -3.88775234228e-08, "var": 2.4437320736e-17}, "spectral_energy": {"dmean": 0.00711077870801, "dmean2": 0.0110226683319, "dvar": 0.000135050344397, "dvar2": 0.000327330781147, "max": 0.159342870116, "mean": 0.02164561674, "median": 0.0166035033762, "min": 9.97599528902e-21, "var": 0.000405128434068}, "spectral_energyband_high": {"dmean": 0.000195930770133, "dmean2": 0.000253389967838, "dvar": 1.82796242143e-07, "dvar2": 3.54323816509e-07, "max": 0.0117209171876, "mean": 0.000412273278926, "median": 0.000187767960597, "min": 6.76807335906e-21, "var": 4.58844453988e-07}, "spectral_energyband_low": {"dmean": 0.00292059918866, "dmean2": 0.0045550595969, "dvar": 5.14605053468e-05, "dvar2": 0.000120295124361, "max": 0.115069180727, "mean": 0.00704319542274, "median": 0.00499457400292, "min": 2.5974035743e-23, "var": 8.03178991191e-05}, "spectral_energyband_middle_high": {"dmean": 0.00246368534863, "dmean2": 0.00379537860863, "dvar": 2.30468704103e-05, "dvar2": 5.87229660596e-05, "max": 0.139153108001, "mean": 0.00692772399634, "median": 0.00204559671693, "min": 1.31136167624e-21, "var": 0.000113131507533}, "spectral_energyband_middle_low": {"dmean": 0.00418857904151, "dmean2": 0.00675148237497, "dvar": 7.92966020526e-05, "dvar2": 0.000208990779356, "max": 0.11251732707, "mean": 0.00809351075441, "median": 0.00530959153548, "min": 1.74638355364e-22, "var": 0.000104278959043}, "spectral_entropy": {"dmean": 0.184171944857, "dmean2": 0.253832429647, "dvar": 0.0373928323388, "dvar2": 0.0677775070071, "max": 9.81578159332, "mean": 7.38073253632, "median": 7.44808006287, "min": 4.82930135727, "var": 0.265300065279}, "spectral_flux": {"dmean": 0.0207483228296, "dmean2": 0.0323704183102, "dvar": 0.000781492446549, "dvar2": 0.00174836022779, "max": 0.308960348368, "mean": 0.067440085113, "median": 0.0581599026918, "min": 6.4839057734e-11, "var": 0.00252637686208}, "spectral_kurtosis": {"dmean": 1.71699905396, "dmean2": 2.54537796974, "dvar": 4.79780197144, "dvar2": 10.8017292023, "max": 51.9463157654, "mean": 6.47827291489, "median": 5.92660284042, "min": -1.24073135853, "var": 17.9243240356}, "spectral_rms": {"dmean": 0.000666730455123, "dmean2": 0.000992911634967, "dvar": 8.2539406776e-07, "dvar2": 1.82783992386e-06, "max": 0.0124682178721, "mean": 0.00403873063624, "median": 0.00402474123985, "min": 3.11972409711e-12, "var": 4.80635208078e-06}, "spectral_rolloff": {"dmean": 413.063903809, "dmean2": 694.580505371, "dvar": 930223.8125, "dvar2": 2056238.375, "max": 19745.9472656, "mean": 1346.31005859, "median": 1055.12695312, "min": 86.1328125, "var": 2468027.25}, "spectral_skewness": {"dmean": 0.225007042289, "dmean2": 0.320675343275, "dvar": 0.0600930117071, "dvar2": 0.117304027081, "max": 5.62094640732, "mean": 1.99003517628, "median": 1.97729837894, "min": -0.200012922287, "var": 0.342502832413}, "spectral_spread": {"dmean": 715069.3125, "dmean2": 938878.1875, "dvar": 864701251584, "dvar2": 1507200860160.0, "max": 42484556, 