{"lowlevel": {"average_loudness": 0.948102176189, "barkbands": {"dmean": [2.48183232543e-06, 0.000604896107689, 0.00118016032502, 0.00188034283929, 0.00188094866462, 0.00104720261879, 0.00140960060526, 0.000696798786521, 0.000559384177905, 0.000301282474538, 0.000501505739521, 0.000400714139687, 0.000405132828746, 0.000243795278948, 0.000176558911335, 0.000197055167519, 0.000287286267849, 0.000232295395108, 0.000208678931813, 0.000275057653198, 0.000326964072883, 0.000374503637431, 0.00032208574703, 0.000227908763918, 0.000236286447034, 8.96034034668e-05, 7.21260846603e-07], "dmean2": [4.14285887018e-06, 0.00100472779013, 0.00198250962421, 0.00309703918174, 0.00301579688676, 0.00157280499116, 0.00218249065802, 0.00107773125637, 0.000858391576912, 0.000462826690637, 0.000802458089311, 0.000626429391559, 0.000648021174129, 0.000389353721403, 0.000280327512883, 0.000307132897433, 0.000445716606919, 0.000361080863513, 0.000316543271765, 0.000413246045355, 0.000473473482998, 0.000519784283824, 0.000442353717517, 0.000302830419969, 0.000309562601615, 0.000115933704365, 1.10244377538e-06], "dvar": [2.15299705147e-11, 1.86283125458e-06, 4.40867006546e-06, 1.08603153421e-05, 7.65462846175e-06, 2.22424614549e-06, 4.58445902041e-06, 1.35891616537e-06, 9.54482629822e-07, 3.2851130527e-07, 1.16089120183e-06, 8.80537811554e-07, 7.03711350525e-07, 3.302585867e-07, 7.66308971833e-08, 1.05626284608e-07, 1.71251414827e-07, 1.2312446529e-07, 8.19218328729e-08, 1.75322028895e-07, 3.27898419528e-07, 4.75058158145e-07, 6.23296045887e-07, 1.90256841393e-07, 1.74125389663e-07, 2.4111256991e-08, 2.88693049501e-12], "dvar2": [5.38326744293e-11, 4.70402483188e-06, 1.21630127978e-05, 2.91096948786e-05, 2.01406564884e-05, 5.22971049577e-06, 1.12588868433e-05, 3.13246414407e-06, 2.23631536755e-06, 7.34327272767e-07, 3.25358087139e-06, 1.98222141989e-06, 1.79154244506e-06, 8.44301496272e-07, 1.93144629179e-07, 2.5433402584e-07, 4.02611959771e-07, 2.93463727985e-07, 1.86553918979e-07, 3.86714191336e-07, 7.12767644018e-07, 9.41148812217e-07, 1.25394205952e-06, 3.48957030383e-07, 3.30451342734e-07, 4.42215366547e-08, 7.28272997463e-12], "max": [7.26755970391e-05, 0.0285003557801, 0.0297459885478, 0.0533057935536, 0.0360652133822, 0.0316355749965, 0.0307276621461, 0.0215653479099, 0.0230771657079, 0.0128758810461, 0.0217475946993, 0.0281154997647, 0.0232890322804, 0.0146154295653, 0.00520840054378, 0.00575217511505, 0.00715535134077, 0.0105882566422, 0.00478584971279, 0.012447360903, 0.0111813414842, 0.0138242468238, 0.0234604608268, 0.00944853946567, 0.00790339801461, 0.00215889443643, 4.89196936542e-05], "mean": [2.61604895968e-06, 0.000783978961408, 0.0017587535549, 0.00309619889595, 0.00325735565275, 0.00220208335668, 0.00247270916589, 0.00123710662592, 0.00110625871457, 0.000551562814508, 0.000897981750313, 0.000759991933592, 0.000717965594959, 0.000400521763368, 0.000289377028821, 0.00032376148738, 0.000526888470631, 0.000419769145083, 0.00043636574992, 0.000604645698331, 0.00064691650914, 0.00068650621688, 0.000574354431592, 0.000439428258687, 0.000405948841944, 0.000152767592226, 9.37340871587e-07], "median": [8.80465449882e-07, 0.000309584662318, 0.000826485163998, 0.00134859746322, 0.00202473951504, 0.00125262187794, 0.00125851877965, 0.000534502090886, 0.000439891038695, 0.000231914018514, 0.000297021178994, 0.000283223140286, 0.000260455359239, 0.000166692829225, 0.000167721591424, 0.000170267885551, 0.000310572533635, 0.000265977752861, 0.000293509743642, 0.00040085738874, 0.000285687739961, 0.000318160571624, 0.000251028046478, 0.000207564022276, 0.000136630769703, 4.53228349215e-05, 1.97744185471e-07], "min": [1.70947908447e-25, 2.17361412483e-24, 1.05762206854e-24, 1.11783848384e-24, 7.23337250686e-24, 9.32746767751e-24, 4.95529446274e-24, 7.79415084742e-24, 6.50151981825e-24, 1.12360700949e-23, 1.30382157331e-23, 1.42802046532e-23, 2.53064574688e-23, 3.25428883894e-23, 4.19646044347e-23, 5.54314508961e-23, 6.20431024021e-23, 8.93113228358e-23, 7.68851416806e-23, 1.81884023846e-22, 2.23072546922e-22, 3.10145145618e-22, 3.34049347607e-22, 6.02883198148e-22, 8.85433736866e-22, 1.29758243455e-21, 1.80261477065e-21], "var": [2.41365365194e-11, 2.06017898563e-06, 6.20240462013e-06, 2.16491334868e-05, 1.38664108817e-05, 7.44819044485e-06, 1.02441954368e-05, 3.64920560969e-06, 3.81325844501e-06, 1.04685011593e-06, 3.25341170537e-06, 2.86730869448e-06, 1.76042908606e-06, 6.49399510166e-07, 1.43884093973e-07, 2.21097366193e-07, 4.31799435319e-07, 2.52750965046e-07, 2.20128470119e-07, 5.33416880444e-07, 8.49346065479e-07, 1.00178203866e-06, 1.14835324894e-06, 4.54724897736e-07, 3.79198667133e-07, 5.72475471472e-08, 3.51879463067e-12]}, "barkbands_crest": {"dmean": 2.12565851212, "dmean2": 3.38823628426, "dvar": 3.68499088287, "dvar2": 9.31293678284, "max": 22.8003463745, "mean": 7.78075933456, "median": 7.21921825409, "min": 2.13926839828, "var": 9.42908096313}, "barkbands_flatness_db": {"dmean": 0.0161841399968, "dmean2": 0.0236244238913, "dvar": 0.000216456784983, "dvar2": 0.000451948755654, "max": 0.264011353254, "mean": 0.0951944962144, "median": 0.0905808359385, "min": 0.0213990285993, "var": 0.000939237419516}, "barkbands_kurtosis": {"dmean": 1.32927000523, "dmean2": 2.03978347778, "dvar": 3.6685667038, "dvar2": 8.70889949799, "max": 35.0716743469, "mean": 1.01946783066, "median": 0.205359339714, "min": -1.94413435459, "var": 8.26528167725}, "barkbands_skewness": {"dmean": 0.405986607075, "dmean2": 0.603455364704, "dvar": 0.156253531575, "dvar2": 0.348614126444, "max": 5.51667404175, "mean": 1.03519773483, "median": 1.02547907829, "min": -3.69622564316, "var": 0.793363928795}, "barkbands_spread": {"dmean": 7.34963703156, "dmean2": 10.4117259979, "dvar": 53.4577064514, "dvar2": 99.1167602539, "max": 93.7124557495, "mean": 35.7416419983, "median": 33.291343689, "min": 4.62620782852, "var": 226.514450073}, "dissonance": {"dmean": 0.0143056707457, "dmean2": 0.0238155052066, "dvar": 0.000165993682458, "dvar2": 0.000450713792816, "max": 0.500000119209, "mean": 0.470305919647, "median": 0.473850429058, "min": 0.377072066069, "var": 0.000350757909473}, "dynamic_complexity": 3.35823273659, "erbbands": {"dmean": [0.0084161022678, 0.175914496183, 1.07086884975, 4.09117174149, 6.1494102478, 6.92901515961, 6.45094156265, 9.3714056015, 17.2289428711, 18.7614154816, 14.5014781952, 12.2320146561, 8.62391471863, 12.5284729004, 19.2992916107, 16.0485725403, 18.0835266113, 12.5049829483, 9.31599330902, 7.78566074371, 12.5962562561, 14.5838117599, 13.5234527588, 9.81638240814, 11.7300195694, 13.1789560318, 11.6025981903, 14.1874008179, 13.2031421661, 11.8085241318, 9.23909473419, 5.88582372665, 3.3974802494, 2.67313885689, 1.64638864994, 0.656355321407, 0.116280451417, 0.00665404740721, 0.000183965152246, 1.97794888663e-05], "dmean2": [0.0135464062914, 0.293702185154, 1.79242229462, 6.74628210068, 9.95486354828, 11.2277288437, 9.93389129639, 14.084353447, 26.7626590729, 29.3056907654, 22.4182605743, 18.6980571747, 13.1607017517, 19.4323596954, 31.2443752289, 25.3566684723, 28.7689590454, 20.0134487152, 14.519952774, 11.9991788864, 19.2385025024, 22.3663024902, 20.8515167236, 14.9408788681, 17.5582389832, 19.7631492615, 16.9306964874, 20.4693527222, 18.4793777466, 16.404914856, 12.7307596207, 7.93690776825, 4.53601646423, 3.58089351654, 2.1683447361, 0.85348379612, 0.151250183582, 0.00864043924958, 0.000235863903072, 2.44280181505e-05], "dvar": [0.000354691670509, 0.152719244361, 4.1829328537, 44.8452148438, 90.2245101929, 127.385887146, 98.2864761353, 211.297607422, 688.443847656, 934.552734375, 603.97076416, 456.084655762, 233.687286377, 613.995666504, 2382.2097168, 1435.37219238, 1293.2578125, 723.219055176, 380.415313721, 128.088562012, 424.029602051, 425.681732178, 433.015777588, 175.333129883, 275.273254395, 476.468139648, 405.275787354, 640.375305176, 600.950317383, 514.190246582, 541.597839355, 185.344467163, 38.8679046631, 24.2274246216, 8.35014915466, 1.27825558186, 0.042132165283, 0.000145122059621, 1.29394777559e-07, 7.94285748285e-10], "dvar2": [0.000848383817356, 0.39180201292, 11.5182704926, 120.06401062, 237.267471313, 339.245910645, 238.44291687, 473.954956055, 1714.92810059, 2264.74169922, 1480.72058105, 1038.10070801, 529.197631836, 1494.23864746, 6770.91113281, 3421.48730469, 3306.07470703, 1923.14123535, 934.723754883, 302.59375, 995.516357422, 995.238830566, 1026.27441406, 415.736236572, 607.977722168, 1053.20422363, 881.417602539, 1410.83447266, 1208.28466797, 1039.08374023, 1109.39440918, 356.449554443, 71.946434021, 47.5906486511, 15.9359579086, 2.35221195221, 0.0790858417749, 0.000276635139016, 2.75893029311e-07, 1.35096112075e-09], "max": [0.299387097359, 8.12840366364, 30.1792087555, 121.608413696, 151.888458252, 168.995956421, 222.591949463, 402.753662109, 366.190612793, 553.39239502, 519.601196289, 649.26184082, 409.005401611, 527.426818848, 1069.67895508, 1084.95654297, 948.015075684, 677.153625488, 761.03918457, 187.555328369, 396.982421875, 312.883911133, 726.141845703, 219.679428101, 339.19934082, 594.397460938, 415.132202148, 531.924255371, 493.437286377, 605.555908203, 713.742675781, 373.801055908, 165.015899658, 135.366775513, 32.7400054932, 16.097568512, 3.00685620308, 0.194838911295, 0.00938354060054, 0.000362280756235], "mean": [0.0113661903888, 0.237653210759, 1.64798057079, 7.08286046982, 10.2726240158, 11.2707681656, 13.0448293686, 19.6711406708, 30.5357933044, 34.6124572754, 28.8166236877, 24.3809432983, 17.0308151245, 23.737657547, 36.9913406372, 31.6341972351, 33.7375640869, 23.1119670868, 17.1246395111, 14.2938365936, 22.6115550995, 27.7609443665, 25.1969146729, 20.3096675873, 26.1927204132, 28.7590312958, 22.8687114716, 27.3140048981, 24.3073101044, 21.2182769775, 16.3902416229, 11.2586555481, 6.23876523972, 4.61354446411, 2.73764753342, 1.12322676182, 0.192948102951, 0.0110059604049, 0.000318715057801, 5.5227723351e-05], "median": [0.0043180519715, 0.107772246003, 0.845315277576, 3.66174507141, 5.99774074554, 6.60453176498, 7.98674964905, 10.630645752, 17.1101894379, 16.7034225464, 14.026391983, 10.6635961533, 8.48253440857, 10.5692558289, 12.5506401062, 13.5031757355, 14.6346073151, 12.0943098068, 10.0208377838, 9.23818969727, 12.3911647797, 17.4233322144, 16.4389419556, 14.1187295914, 18.1811561584, 18.1086120605, 11.2546806335, 12.2074241638, 11.5175209045, 9.37794303894, 7.08550882339, 5.378865242, 2.74751091003, 1.6481897831, 0.881310045719, 0.339726567268, 0.0559651516378, 0.0031081950292, 0.000105961313238, 4.10325083067e-05], "min": [8.82693637978e-23, 3.50783523409e-22, 2.39242382992e-21, 9.24670794767e-21, 9.45620597808e-21, 1.6699803984e-20, 3.09440059973e-20, 7.04999444483e-20, 5.686100923e-20, 1.70803762129e-19, 2.30143747644e-19, 3.52232529979e-19, 4.94782684591e-19, 6.67974814416e-19, 7.28542323036e-19, 8.45804222153e-19, 1.45826162069e-18, 1.9518912672e-18, 2.61800327088e-18, 2.94191768618e-18, 3.41146035024e-18, 4.48286272993e-18, 5.17167546475e-18, 4.42607678088e-18, 4.90555615885e-18, 8.22443597339e-18, 8.34369970129e-18, 1.04525288442e-17, 1.04622109933e-17, 9.82732753924e-18, 9.82492375238e-18, 9.91961608018e-18, 9.66760392604e-18, 8.43790233817e-18, 6.63593486866e-18, 4.14815029891e-18, 2.20932724462e-18, 8.99458103514e-19, 2.29255950202e-19, 2.31528742027e-20], "var": [0.00043030854431, 0.165591433644, 5.32697248459, 91.6437988281, 166.695358276, 213.923721313, 262.038269043, 777.928039551, 1480.42663574, 2095.07543945, 1912.69665527, 1538.46923828, 766.717651367, 1649.48913574, 6778.79833984, 4510.36865234, 3215.84179688, 1551.85925293, 739.165527344, 265.466125488, 1028.23864746, 954.256347656, 914.038024902, 444.25402832, 789.867675781, 1395.44311523, 985.905578613, 1542.98376465, 1239.49291992, 1014.51000977, 995.386962891, 401.755615234, 88.5539932251, 50.4115600586, 17.5698223114, 3.0364048481, 0.094146810472, 0.000314469274599, 2.47062530434e-07, 2.41101716369e-09]}, "erbbands_crest": {"dmean": 2.20941901207, "dmean2": 3.50372838974, "dvar": 4.75661039352, "dvar2": 11.4014148712, "max": 26.9100341797, "mean": 7.39557504654, "median": 6.42381954193, "min": 2.2393116951, "var": 13.7511234283}, "erbbands_flatness_db": {"dmean": 0.0130955968052, "dmean2": 0.018689641729, "dvar": 0.000167789927218, "dvar2": 0.00030559222796, "max": 0.261221826077, "mean": 0.125777617097, "median": 0.121222510934, "min": 0.0580699294806, "var": 0.000751844840124}, "erbbands_kurtosis": {"dmean": 0.55923050642, "dmean2": 0.865472912788, "dvar": 0.907882928848, "dvar2": 1.73361802101, "max": 27.942773819, "mean": -0.425213545561, "median": -0.737687110901, "min": -1.71036207676, "var": 1.86071228981}, "erbbands_skewness": {"dmean": 0.313617140055, "dmean2": 0.456978946924, "dvar": 0.0875065624714, "dvar2": 0.172583699226, "max": 3.23857855797, "mean": 0.106392033398, "median": 0.122668176889, "min": -4.82431840897, "var": 0.406067967415}, "erbbands_spread": {"dmean": 8.74160575867, "dmean2": 13.2468252182, "dvar": 65.922454834, "dvar2": 143.87487793, "max": 116.946548462, "mean": 53.2681846619, "median": 52.5291213989, "min": 5.42015123367, "var": 243.213562012}, "gfcc": {"cov": [[43071.5820312, 1137.20422363, -2972.92797852, 1016.0357666, -2258.65039062, 431.280883789, -1513.36437988, 277.338500977, -945.567871094, 330.320678711, -687.97253418, 9.56387424469, -660.305603027], [1137.20422363, 767.860107422, -285.166778564, 25.193113327, -9.82295608521, -32.5914573669, -19.1819839478, -2.06614255905, -1.06087708473, -58.4555740356, 75.0418548584, -91.9144363403, -47.1636886597], [-2972.92797852, -285.166778564, 614.552246094, -49.8625793457, 253.474746704, -13.5311536789, 108.372055054, 28.2570858002, 84.3876800537, 28.4915447235, -12.1367321014, 31.90350914, 43.0683059692], [1016.0357666, 25.193113327, -49.8625793457, 199.510467529, -32.2271957397, 21.2894821167, -42.6020317078, 2.5806581974, -5.56747436523, -17.8528804779, -27.274148941, -5.26310157776, 6.94649839401], [-2258.65039062, -9.82295608521, 253.474746704, -32.2271957397, 314.37878418, -4.40413427353, 92.7766113281, 27.0260868073, 65.8657913208, -10.5886039734, 24.0531005859, 7.82058238983, 37.8781700134], [431.280883789, -32.5914573669, -13.5311536789, 21.2894821167, -4.40413427353, 137.030883789, 50.8640785217, 4.7751698494, -20.9424266815, -0.660266757011, -16.557094574, 14.401517868, 7.3427362442], [-1513.36437988, -19.1819839478, 108.372055054, -42.6020317078, 92.7766113281, 50.8640785217, 173.553665161, 9.92623615265, 36.0555114746, -15.6544361115, 33.123588562, -3.77230405807, 29.0506439209], [277.338500977, -2.06614255905, 28.2570858002, 2.5806581974, 27.0260868073, 4.7751698494, 9.92623615265, 104.531181335, 25.9182224274, 11.2459869385, -31.4725952148, 4.26438570023, 0.466337323189], [-945.567871094, -1.06087708473, 84.3876800537, -5.56747436523, 65.8657913208, -20.9424266815, 36.0555114746, 25.9182224274, 119.697441101, 18.0463275909, 20.4955825806, -24.9715595245, 12.2530431747], [330.320678711, -58.4555740356, 28.4915447235, -17.8528804779, -10.5886039734, -0.660266757011, -15.6544361115, 11.2459869385, 18.0463275909, 86.89112854, 11.6243143082, 9.60424613953, -17.6867485046], [-687.97253418, 75.0418548584, -12.1367321014, -27.274148941, 24.0531005859, -16.557094574, 33.123588562, -31.4725952148, 20.4955825806, 11.6243143082, 104.688667297, 10.8272647858, 7.54742336273], [9.56387424469, -91.9144363403, 31.90350914, -5.26310157776, 7.82058238983, 14.401517868, -3.77230405807, 4.26438570023, -24.9715595245, 9.60424613953, 10.8272647858, 94.3277587891, 38.5360946655], [-660.305603027, -47.1636886597, 43.0683059692, 6.94649839401, 37.8781700134, 7.3427362442, 29.0506439209, 0.466337323189, 12.2530431747, -17.6867485046, 7.54742336273, 38.5360946655, 80.903755188]], "icov": [[0.000111225541332, -0.000169189792359, 0.000200429363758, -0.000306957983412, 0.000342182727763, -0.000352393457433, 0.000428090570495, -0.000351754773874, 0.000336087250616, -0.000525548413862, 0.000412637164118, -0.000257524137851, 0.000367271713912], [-0.000169189792359, 0.00257340609096, 0.000745081051718, 0.000270627671853, -0.00132590439171, 0.00058920722222, -0.000160307710757, -0.000585660047363, -0.000130166532472, 0.00222636666149, -0.00299689709209, 0.00242824223824, -4.29193933087e-05], [0.000200429363758, 0.000745081051718, 0.00392243266106, -0.000561565044336, -0.00180808629375, 0.000439326366177, -0.000599557417445, -0.000116216790047, -0.000353096314939, -0.00182488607243, 0.00204645749182, -0.00116931181401, 0.00107352354098], [-0.000306957983412, 0.000270627671853, -0.000561565044336, 0.00685519445688, -0.000695975846611, -0.000888930691872, 0.00110500690062, 0.000891833158676, -0.00183142989408, 0.00275812158361, -0.000467165838927, 0.00130435707979, -0.00232992810197], [0.000342182727763, -0.00132590439171, -0.00180808629375, -0.000695975846611, 0.00701287342235, -0.00112052133773, 0.000305255583953, -0.00195069948677, -6.5859487222e-05, -0.000480491173221, 0.000510604353622, -0.00116159603931, 0.000172667132574], [-0.000352393457433, 0.00058920722222, 0.000439326366177, -0.000888930691872, -0.00112052133773, 0.0117591405287, -0.00699565233663, 0.00182282063179, 0.00071502890205, -0.000483859272208, 0.00205730390735, -0.00147239980288, -0.000435988040408], [0.000428090570495, -0.000160307710757, -0.000599557417445, 0.00110500690062, 0.000305255583953, -0.00699565233663, 0.0132362591103, -0.00345894927159, 0.000346918473952, 0.00135451485403, -0.00366091844626, 0.00270684668794, -0.00132036942523], [-0.000351754773874, -0.000585660047363, -0.000116216790047, 0.000891833158676, -0.00195069948677, 0.00182282063179, -0.00345894927159, 0.0144963283092, -0.00498458324, -0.000878350052517, 0.00591805297881, -0.00339022371918, 0.000304963177769], [0.000336087250616, -0.000130166532472, -0.000353096314939, -0.00183142989408, -6.5859487222e-05, 0.00071502890205, 0.000346918473952, -0.00498458324, 0.0150860995054, -0.00503696035594, -0.00249074352905, 0.00607784092426, -0.00316616357304], [-0.000525548413862, 0.00222636666149, -0.00182488607243, 0.00275812158361, -0.000480491173221, -0.000483859272208, 0.00135451485403, -0.000878350052517, -0.00503696035594, 0.0191660318524, -0.00651487428695, -0.000743265438359, 0.00344539689831], [0.000412637164118, -0.00299689709209, 0.00204645749182, -0.000467165838927, 0.000510604353622, 0.00205730390735, -0.00366091844626, 0.00591805297881, -0.00249074352905, -0.00651487428695, 0.0195110179484, -0.00757072074339, 0.00216498225927], [-0.000257524137851, 0.00242824223824, -0.00116931181401, 0.00130435707979, -0.00116159603931, -0.00147239980288, 0.00270684668794, -0.00339022371918, 0.00607784092426, -0.000743265438359, -0.00757072074339, 0.0210280641913, -0.0108435302973], [0.000367271713912, -4.29193933087e-05, 0.00107352354098, -0.00232992810197, 0.000172667132574, -0.000435988040408, -0.00132036942523, 0.000304963177769, -0.00316616357304, 0.00344539689831, 0.00216498225927, -0.0108435302973, 0.0215882938355]], "mean": [1.60137331486, 53.686706543, -113.039413452, 37.7590026855, -80.0401992798, 13.6967248917, -50.0696640015, 7.04297208786, -35.3664474487, 2.5795981884, -20.9259281158, 0.322562873363, -19.383972168]}, "hfc": {"dmean": 13.2255163193, "dmean2": 16.2033233643, "dvar": 393.496734619, "dvar2": 676.80871582, "max": 369.493927002, "mean": 37.5635566711, "median": 27.6539764404, "min": 1.05889779111e-16, "var": 1193.29211426}, "melbands": {"dmean": [0.000121697259601, 0.000439164723502, 0.000733811582904, 0.000477045949083, 0.000224687173613, 0.000211120670428, 0.00027478786069, 0.000192957959371, 0.000123242949485, 7.53666754463e-05, 4.35577167082e-05, 4.99235829921e-05, 6.0284313804e-05, 5.27282427356e-05, 3.64524785255e-05, 4.414551222e-05, 2.35189363593e-05, 1.60998570209e-05, 1.52042821355e-05, 1.14656422738e-05, 1.65306501003e-05, 1.66214140336e-05, 1.45955209518e-05, 1.10923583634e-05, 8.27504936751e-06, 8.77746333572e-06, 9.99861367745e-06, 9.56855546974e-06, 7.39024108043e-06, 8.00447287475e-06, 9.05529304873e-06, 7.74091768108e-06, 7.88340003055e-06, 6.26321434538e-06, 5.66468452234e-06, 4.72477904623e-06, 3.3748142414e-06, 2.40526901507e-06, 2.359298378e-06, 2.2950928269e-06], "dmean2": [0.000199038098799, 0.000732477637939, 0.00120123720262, 0.000774547224864, 0.000349120848114, 0.000317920261296, 0.000425669772085, 0.000300456013065, 0.000192071005586, 0.000115249655209, 6.66169507895e-05, 7.7138945926e-05, 9.74034628598e-05, 8.24894304969e-05, 5.82255743211e-05, 7.06106002326e-05, 3.79234188586e-05, 2.52636746154e-05, 2.43395406869e-05, 1.81264022103e-05, 2.54337228398e-05, 2.56211151282e-05, 2.29190754908e-05, 1.73480239027e-05, 1.28519859572e-05, 1.34428955789e-05, 1.53669770953e-05, 1.45912363223e-05, 1.12516863737e-05, 1.17241543194e-05, 1.34210195029e-05, 1.11388453661e-05, 1.13747883006e-05, 8.90870796866e-06, 8.06386560726e-06, 6.6597112891e-06, 4.65498169433e-06, 3.32746890308e-06, 3.25965061165e-06, 3.16283308166e-06], "dvar": [7.41931671655e-08, 7.15143869456e-07, 1.42131534631e-06, 5.22707182427e-07, 1.06929526567e-07, 9.77213758802e-08, 1.65607048075e-07, 9.47360945247e-08, 4.9629708343e-08, 1.74341643344e-08, 6.29050056489e-09, 9.66339452901e-09, 1.94945890541e-08, 1.58257069671e-08, 5.16547515872e-09, 1.05073691969e-08, 3.30844573959e-09, 1.6963250804e-09, 6.88585966024e-10, 3.23996357521e-10, 7.36497196563e-10, 5.51968193374e-10, 4.87514140168e-10, 3.15417442165e-10, 1.33225472321e-10, 1.75714762185e-10, 2.07627526283e-10, 2.91364293803e-10, 1.56528415229e-10, 2.28407265324e-10, 3.00544533705e-10, 2.16000217712e-10, 2.03404487698e-10, 1.63563385058e-10, 1.86579973693e-10, 1.83308243584e-10, 5.13724236761e-11, 1.93025716938e-11, 2.49435871263e-11, 1.72252212494e-11], "dvar2": [1.79642086096e-07, 1.9438207346e-06, 3.81867812393e-06, 1.37799725053e-06, 2.70223836196e-07, 2.26576204909e-07, 4.11759287999e-07, 2.266739898e-07, 1.24444412108e-07, 3.91758661067e-08, 1.4028239903e-08, 2.33538237637e-08, 5.58526238592e-08, 3.56067531015e-08, 1.26076225015e-08, 2.68563429273e-08, 8.8109324281e-09, 4.1385082028e-09, 1.72335190562e-09, 7.96447408025e-10, 1.71647307479e-09, 1.29476618316e-09, 1.19324583547e-09, 7.78793196599e-10, 3.2693986407e-10, 4.01213090528e-10, 4.90323392999e-10, 6.5132310656e-10, 3.53495316352e-10, 4.92321239332e-10, 7.2649020133e-10, 4.5277198657e-10, 4.31046670579e-10, 3.38794464705e-10, 3.85543680315e-10, 3.9159106513e-10, 1.00898657485e-10, 3.73718174462e-11, 5.1927174366e-11, 3.44379282036e-11], "max": [0.00484572118148, 0.0132914427668, 0.0205206107348, 0.00888606905937, 0.00677899550647, 0.00773027865216, 0.00545065291226, 0.0049889460206, 0.0040974849835, 0.00351307191886, 0.00197802740149, 0.00202362216078, 0.00298563670367, 0.00383499264717, 0.00208619330078, 0.00322850211523, 0.0014807942789, 0.00167941360269, 0.000501281640027, 0.000435436581029, 0.000498591922224, 0.000416485971073, 0.000573639641516, 0.000376679934561, 0.000185571218026, 0.000214068306377, 0.000268310686806, 0.000453956105048, 0.000291009608191, 0.000369043817045, 0.00038178160321, 0.000301579333609, 0.000268954434432, 0.000378665805329, 0.000394843518734, 0.00047467785771, 0.000178170041181, 0.000106897365185, 0.000205810691114, 7.4337971455e-05], "mean": [0.000162320997333, 0.00066948676249, 0.00131942110602, 0.000788070203271, 0.000460244395072, 0.000441274925834, 0.000491693906952, 0.000355457392288, 0.00023974708165, 0.000145075682667, 8.21737194201e-05, 9.12718460313e-05, 0.000111825844215, 0.000100059223769, 6.87913852744e-05, 7.59274989832e-05, 3.97058502131e-05, 2.73356072285e-05, 2.39795026573e-05, 1.86973356904e-05, 2.812085404e-05, 2.96042962873e-05, 2.5769286367e-05, 1.92993848032e-05, 1.55854122568e-05, 1.76429730345e-05, 2.06751137739e-05, 1.88334197446e-05, 1.34723250085e-05, 1.47004184328e-05, 1.64036337083e-05, 1.35008685902e-05, 1.34988749778e-05, 1.08475260276e-05, 9.55452742346e-06, 8.30017597764e-06, 6.30861995887e-06, 4.30090631198e-06, 3.9659767026e-06, 3.85699149774e-06], "median": [6.27683621133e-05, 0.000345826032571, 0.000756041670684, 0.000488436082378, 0.000303371722111, 0.000244652328547, 0.000266171758994, 0.000170999905095, 0.000104394304799, 6.01033716521e-05, 3.64618026651e-05, 3.65719679394e-05, 4.00931676268e-05, 3.41409904649e-05, 2.88089540845e-05, 2.34280305449e-05, 1.78980590135e-05, 1.33890152938e-05, 1.31687538669e-05, 1.04793216451e-05, 1.42378603414e-05, 1.75709756149e-05, 1.54010303959e-05, 1.19804826682e-05, 1.01417872429e-05, 1.10934015538e-05, 1.38041013997e-05, 1.0399697203e-05, 6.61577541905e-06, 6.42415761831e-06, 6.73555723552e-06, 6.00246903559e-06, 6.08803429714e-06, 4.53192296845e-06, 4.05876880905e-06, 3.61464208254e-06, 2.98079930872e-06, 1.8556802388e-06, 1.51025324158e-06, 1.31806291392e-06], "min": [6.96383185036e-25, 1.59676796953e-24, 1.59767496236e-24, 1.11060305162e-24, 1.09351198568e-24, 1.84259172013e-24, 8.10563158977e-25, 1.93033454925e-24, 1.68679524122e-24, 1.07332888081e-24, 2.00628154126e-24, 2.58561783461e-24, 1.92991842512e-24, 2.10116474486e-24, 2.26235170755e-24, 2.54954776136e-24, 3.4359097051e-24, 3.39769215526e-24, 4.09858954752e-24, 2.41800303605e-24, 2.47959729553e-24, 4.30480449346e-24, 3.59436819513e-24, 4.32666027927e-24, 3.01244522687e-24, 2.48961444852e-24, 4.759785937e-24, 4.57686920904e-24, 4.00522785938e-24, 5.04113870088e-24, 4.72045214898e-24, 5.42677059338e-24, 4.64316823495e-24, 4.46495706229e-24, 4.89279735195e-24, 4.4804585735e-24, 5.81067843038e-24, 6.18782494055e-24, 5.80006115145e-24, 6.85550655554e-24], "var": [8.83578437083e-08, 8.81267169461e-07, 2.77481558442e-06, 8.69422933647e-07, 2.75299640862e-07, 3.38710464121e-07, 3.70756964685e-07, 2.23799020205e-07, 1.68204095985e-07, 5.61856694503e-08, 2.11354524993e-08, 2.61370765031e-08, 5.48176082305e-08, 5.05088770808e-08, 1.5426916633e-08, 2.5974388862e-08, 6.77161038354e-09, 3.10358116984e-09, 1.18730514309e-09, 5.90890558705e-10, 1.83906945228e-09, 1.26297217129e-09, 9.83664150134e-10, 5.77061565199e-10, 3.09662157028e-10, 4.46977926893e-10, 5.6274929161e-10, 7.81661735338e-10, 3.50601853105e-10, 5.13383779932e-10, 6.57868204357e-10, 4.15415202237e-10, 3.90650928273e-10, 2.95268420825e-10, 3.27574634085e-10, 3.25220211872e-10, 1.12722019219e-10, 4.27624428923e-11, 4.43538643313e-11, 3.54265471125e-11]}, "melbands_crest": {"dmean": 3.07071614265, "dmean2": 5.05211782455, "dvar": 7.6353392601, "dvar2": 20.2896499634, "max": 31.9146976471, "mean": 11.8187828064, "median": 11.067694664, "min": 1.55370330811, "var": 21.3102283478}, "melbands_flatness_db": {"dmean": 0.020958147943, "dmean2": 0.0307577755302, "dvar": 0.000373929855414, "dvar2": 0.000829048629384, "max": 0.345593035221, "mean": 0.127229228616, "median": 0.125512033701, "min": 0.00290131825022, "var": 0.00198388285935}, "melbands_kurtosis": {"dmean": 3.90797066689, "dmean2": 6.17827177048, "dvar": 29.2296543121, "dvar2": 72.0066375732, "max": 103.517349243, "mean": 8.19011974335, "median": 6.14301252365, "min": -1.88558602333, "var": 67.0819320679}, "melbands_skewness": {"dmean": 0.540164113045, "dmean2": 0.844058334827, "dvar": 0.28875413537, "dvar2": 0.701020359993, "max": 8.47480583191, "mean": 2.36872935295, "median": 2.27647781372, "min": -1.84445989132, "var": 1.07229101658}, "melbands_spread": {"dmean": 10.3929014206, "dmean2": 15.23965168, "dvar": 161.029281616, "dvar2": 317.859100342, "max": 232.243835449, "mean": 39.6323127747, "median": 32.7611923218, "min": 3.47879171371, "var": 748.286682129}, "mfcc": {"cov": [[16238.6318359, 1081.29772949, 151.73991394, 308.727050781, -167.357055664, 6.75759840012, -226.748550415, -137.674346924, -133.606155396, -77.5087280273, 40.8779525757, 68.2269210815, -22.8659954071], [1081.29772949, 779.821350098, -91.5668563843, 55.2643470764, 23.9120941162, -50.0719451904, 22.673707962, 17.0194950104, -84.6702957153, 40.0442810059, 28.774597168, -3.95689034462, 11.4396524429], [151.73991394, -91.5668563843, 227.551010132, 29.2612800598, 1.03342485428, 33.2440376282, -7.11769580841, -2.41884422302, 30.4099197388, -6.02851438522, 2.62228894234, 3.15121817589, -4.66196680069], [308.727050781, 55.2643470764, 29.2612800598, 157.468994141, 61.334728241, -9.50774478912, -21.2683048248, 1.56519162655, 2.7941300869, 5.13650226593, -13.2991952896, -2.72158241272, 10.604932785], [-167.357055664, 23.9120941162, 1.03342485428, 61.334728241, 162.21043396, 0.681680083275, -8.04834079742, 15.6765899658, 37.246723175, 11.0317640305, -4.85785198212, -5.15894603729, 2.33237481117], [6.75759840012, -50.0719451904, 33.2440376282, -9.50774478912, 0.681680083275, 114.292610168, 44.9741821289, 16.6219425201, 16.5258903503, -13.3755464554, -5.78116989136, 12.8320922852, -6.72834014893], [-226.748550415, 22.673707962, -7.11769580841, -21.2683048248, -8.04834079742, 44.9741821289, 111.725654602, 43.8945465088, 11.2603330612, -5.15680551529, -2.71084427834, 0.727816879749, 3.10369539261], [-137.674346924, 17.0194950104, -2.41884422302, 1.56519162655, 15.6765899658, 16.6219425201, 43.8945465088, 93.1533966064, 43.0624771118, 3.69750237465, -16.0993556976, -0.61953151226, -3.44379758835], [-133.606155396, -84.6702957153, 30.4099197388, 2.7941300869, 37.246723175, 16.5258903503, 11.2603330612, 43.0624771118, 123.322990417, 23.3684577942, -6.17074298859, -0.988322615623, -9.93771839142], [-77.5087280273, 40.0442810059, -6.02851438522, 5.13650226593, 11.0317640305, -13.3755464554, -5.15680551529, 3.69750237465, 23.3684577942, 105.334442139, 36.835521698, -8.47827339172, -11.3425722122], [40.8779525757, 28.774597168, 2.62228894234, -13.2991952896, -4.85785198212, -5.78116989136, -2.71084427834, -16.0993556976, -6.17074298859, 36.835521698, 87.2793655396, 16.4717140198, 1.74290406704], [68.2269210815, -3.95689034462, 3.15121817589, -2.72158241272, -5.15894603729, 12.8320922852, 0.727816879749, -0.61953151226, -0.988322615623, -8.47827339172, 16.4717140198, 59.7703971863, 20.5176372528], [-22.8659954071, 11.4396524429, -4.66196680069, 10.604932785, 2.33237481117, -6.72834014893, 3.10369539261, -3.44379758835, -9.93771839142, -11.3425722122, 1.74290406704, 20.5176372528, 62.0281181335]], "icov": [[8.03778093541e-05, -0.000144155754242, -4.67511672468e-05, -0.000161624891916, 0.000177933543455, -0.00011866222485, 0.000201145856408, 8.02520371508e-05, -0.000102028629044, 0.000134076675749, -4.30222062278e-05, -6.76187846693e-05, 8.69114155648e-05], [-0.000144155754242, 0.00192820571829, 0.000514032901265, -0.000343975349097, -0.000594640092459, 0.000801397778559, -0.000922467152122, -0.000958621385507, 0.00168679957278, -0.000907921930775, -0.000327352900058, 5.58581814403e-05, -0.000114142319944], [-4.67511672468e-05, 0.000514032901265, 0.00523317884654, -0.00139181443956, 0.000598757527769, -0.00150241877418, 0.000510755460709, 0.000322355830576, -0.00122601585463, 0.000524495902937, -0.000889122718945, 0.000375217961846, 0.000126452709083], [-0.000161624891916, -0.000343975349097, -0.00139181443956, 0.0088392291218, -0.00340962200426, 0.000385265710065, 0.00107673276216, -0.000495462620165, 0.00094389152946, -0.00105194177013, 0.0018679627683, 0.000168107726495, -0.0016726066824], [0.000177933543455, -0.000594640092459, 0.000598757527769, -0.00340962200426, 0.00844647642225, -0.000878547027241, 0.00120266235899, -0.000162483964232, -0.00291093043052, 0.00049510912504, -0.00055520638125, 0.000745176104829, -0.000285616377369], [-0.00011866222485, 0.000801397778559, -0.00150241877418, 0.000385265710065, -0.000878547027241, 0.0124071761966, -0.00566988112405, 0.000522808928508, -0.000168636353919, 0.000583794608247, 0.000924500869587, -0.00341425440274, 0.00250439392403], [0.000201145856408, -0.000922467152122, 0.000510755460709, 0.00107673276216, 0.00120266235899, -0.00566988112405, 0.0145448166877, -0.00600734679028, 0.000214215760934, 0.000904416083358, -0.00131136318669, 0.00201055919752, -0.00205147755332], [8.02520371508e-05, -0.000958621385507, 0.000322355830576, -0.000495462620165, -0.000162483964232, 0.000522808928508, -0.00600734679028, 0.0170643851161, -0.00582141522318, -0.000121502860566, 0.00306036742404, -0.00138602999505, 0.00104373251088], [-0.000102028629044, 0.00168679957278, -0.00122601585463, 0.00094389152946, -0.00291093043052, -0.000168636353919, 0.000214215760934, -0.00582141522318, 0.0131411664188, -0.00357387401164, 0.00100310519338, -0.000797544082161, 0.000842502631713], [0.000134076675749, -0.000907921930775, 0.000524495902937, -0.00105194177013, 0.00049510912504, 0.000583794608247, 0.000904416083358, -0.000121502860566, -0.00357387401164, 0.0134918345138, -0.00634966092184, 0.00266473181546, 0.00162038765848], [-4.30222062278e-05, -0.000327352900058, -0.000889122718945, 0.0018679627683, -0.00055520638125, 0.000924500869587, -0.00131136318669, 0.00306036742404, 0.00100310519338, -0.00634966092184, 0.0162379201502, -0.00553155085072, 0.000388071523048], [-6.76187846693e-05, 5.58581814403e-05, 0.000375217961846, 0.000168107726495, 0.000745176104829, -0.00341425440274, 0.00201055919752, -0.00138602999505, -0.000797544082161, 0.00266473181546, -0.00553155085072, 0.0219756290317, -0.00736585678533], [8.69114155648e-05, -0.000114142319944, 0.000126452709083, -0.0016726066824, -0.000285616377369, 0.00250439392403, -0.00205147755332, 0.00104373251088, 0.000842502631713, 0.00162038765848, 0.000388071523048, -0.00736585678533, 0.0197701323777]], "mean": [-621.211975098, 78.0126266479, 13.408164978, 18.5116634369, -5.82517528534, -0.311309069395, -6.36824560165, -1.63150072098, -9.58201694489, -6.22394561768, -4.34819078445, -0.556310713291, -1.54465556145]}, "pitch_salience": {"dmean": 0.0596461184323, "dmean2": 0.0943453833461, "dvar": 0.00260133179836, "dvar2": 0.00651541352272, "max": 0.916708648205, "mean": 0.591444015503, "median": 0.594944655895, "min": 0.181599721313, "var": 0.00950617343187}, "silence_rate_20dB": {"dmean": 0, "dmean2": 0, "dvar": 0, "dvar2": 0, "max": 1, "mean": 1, "median": 1, "min": 1, "var": 0}, "silence_rate_30dB": {"dmean": 0, "dmean2": 0, "dvar": 0, "dvar2": 0, "max": 1, "mean": 1, "median": 1, "min": 1, "var": 0}, "silence_rate_60dB": {"dmean": 0.00894729513675, "dmean2": 0.0178970918059, "dvar": 0.00886729359627, "dvar2": 0.0220511648804, "max": 1, "mean": 0.0953312814236, "median": 0, "min": 0, "var": 0.0862416625023}, "spectral_centroid": {"dmean": 317.145477295, "dmean2": 467.330078125, "dvar": 100679.601562, "dvar2": 202017.3125, "max": 11708.7265625, "mean": 2021.91064453, "median": 1774.40551758, "min": 362.300384521, "var": 2237274.5}, "spectral_complexity": {"dmean": 4.93415355682, "dmean2": 6.62416124344, "dvar": 26.4818611145, "dvar2": 43.1346702576, "max": 58, "mean": 23.4744205475, "median": 23, "min": 0, "var": 147.314147949}, "spectral_contrast_coeffs": {"dmean": [0.0523941665888, 0.0468670874834, 0.0380490124226, 0.0310479141772, 0.0217431522906, 0.0159743186086], "dmean2": [0.0863557308912, 0.0766283646226, 0.0615006200969, 0.0499619618058, 0.0347978360951, 0.0251998603344], "dvar": [0.00178119179327, 0.0014436977217, 0.000927190179937, 0.000620691571385, 0.00031476674485, 0.000211201608181], "dvar2": [0.00484040658921, 0.00376887083985, 0.00234085158445, 0.00159398675896, 0.000779712339863, 0.000482737028506], "max": [-0.325187474489, -0.473189115524, -0.515047848225, -0.564796507359, -0.63699054718, -0.59356456995], "mean": [-0.587549269199, -0.722797513008, -0.762761235237, -0.77195161581, -0.783468544483, -0.765881180763], "median": [-0.582321226597, -0.719336271286, -0.765680611134, -0.772637486458, -0.781053006649, -0.763534069061], "min": [-0.98273563385, -0.976598203182, -0.97772872448, -0.971237957478, -0.967238128185, -0.965457141399], "var": [0.00958808045834, 0.00604838319123, 0.00488235102966, 0.0035456570331, 0.00227489438839, 0.00212454213761]}, "spectral_contrast_valleys": {"dmean": [0.441449582577, 0.348708808422, 0.321186244488, 0.30640566349, 0.266910254955, 0.292132496834], "dmean2": [0.712631940842, 0.553260087967, 0.494457930326, 0.4361795187, 0.346990704536, 0.349002480507], "dvar": [0.159616157413, 0.10465425998, 0.0889259502292, 0.0854371190071, 0.0813138410449, 0.114307679236], "dvar2": [0.355006664991, 0.216214030981, 0.166133508086, 0.138580650091, 0.112853981555, 0.168937876821], "max": [-5.68635368347, -4.55070257187, -5.43529224396, -6.0911564827, -5.57835197449, -7.32937717438], "mean": [-8.2105474472, -7.06111812592, -7.8477807045, -8.21809101105, -7.65806531906, -9.58789920807], "median": [-7.55568408966, -6.38034105301, -7.19860363007, -7.59589290619, -7.03033733368, -9.05395126343], "min": [-28.1773986816, -28.0253448486, -27.9343681335, -27.7254257202, -27.5861377716, -27.5179538727], "var": [9.79778385162, 10.6916513443, 9.78091239929, 9.48439121246, 9.93396472931, 8.51701545715]}, "spectral_decrease": {"dmean": 1.48481804629e-09, "dmean2": 2.22362550595e-09, "dvar": 3.06153751533e-18, "dvar2": 6.94342354494e-18, "max": 2.17505548271e-28, "mean": -5.65562130461e-09, "median": -5.4731157384e-09, "min": -2.40593678313e-08, "var": 1.14832281475e-17}, "spectral_energy": {"dmean": 0.00638913363218, "dmean2": 0.00920927990228, "dvar": 5.54589569219e-05, "dvar2": 0.00011737197201, "max": 0.094427190721, "mean": 0.0247527267784, "median": 0.0236372817308, "min": 9.7911979703e-21, "var": 0.000220279573114}, "spectral_energyband_high": {"dmean": 0.0014996600803, "dmean2": 0.00189291301649, "dvar": 6.54052200844e-06, "dvar2": 1.15987841127e-05, "max": 0.0533939041197, "mean": 0.0032124153804, "median": 0.00163001497276, "min": 6.92020350593e-21, "var": 1.69442173501e-05}, "spectral_energyband_low": {"dmean": 0.00233071576804, "dmean2": 0.00382998608984, "dvar": 1.42652461363e-05, "dvar2": 3.71400892618e-05, "max": 0.0551663264632, "mean": 0.00421313988045, "median": 0.0026708454825, "min": 1.45202124282e-23, "var": 2.41281977651e-05}, "spectral_energyband_middle_high": {"dmean": 0.00168548966758, "dmean2": 0.00244012684561, "dvar": 3.82811504096e-06, "dvar2": 8.52226639836e-06, "max": 0.0328366085887, "mean": 0.00556267984211, "median": 0.00478430185467, "min": 1.17897491291e-21, "var": 1.94399744942e-05}, "spectral_energyband_middle_low": {"dmean": 0.00439758691937, "dmean2": 0.0068162381649, "dvar": 2.66340503003e-05, "dvar2": 6.6565873567e-05, "max": 0.0642368271947, "mean": 0.0135216182098, "median": 0.0123835131526, "min": 1.55221320421e-22, "var": 8.94273980521e-05}, "spectral_entropy": {"dmean": 0.133585914969, "dmean2": 0.177333399653, "dvar": 0.0176299456507, "dvar2": 0.0297259520739, "max": 9.82988262177, "mean": 7.99769067764, "median": 7.96610927582, "min": 6.59541845322, "var": 0.16152022779}, "spectral_flux": {"dmean": 0.0169590879232, "dmean2": 0.0252738408744, "dvar": 0.000334735115757, "dvar2": 0.000698825577274, "max": 0.249075680971, "mean": 0.0781062468886, "median": 0.0780825167894, "min": 6.23612134154e-11, "var": 0.00139619014226}, "spectral_kurtosis": {"dmean": 0.569205462933, "dmean2": 0.886692881584, "dvar": 0.343198210001, "dvar2": 0.815263390541, "max": 9.22571372986, "mean": 1.86926829815, "median": 1.78242492676, "min": -1.26466655731, "var": 1.31023395061}, "spectral_rms": {"dmean": 0.000607797061093, "dmean2": 0.000862525659613, "dvar": 4.17435160216e-07, "dvar2": 8.32052478472e-07, "max": 0.00959812942892, "mean": 0.00456856377423, "median": 0.00480216182768, "min": 3.09069393342e-12, "var": 3.27724728777e-06}, "spectral_rolloff": {"dmean": 948.528320312, "dmean2": 1420.46496582, "dvar": 1235462.625, "dvar2": 2193160.25, "max": 19659.8144531, "mean": 3331.97045898, "median": 2497.8515625, "min": 150.732421875, "var": 9778998}, "spectral_skewness": {"dmean": 0.125279933214, "dmean2": 0.184011444449, "dvar": 0.0156385432929, "dvar2": 0.0298762340099, "max": 2.41885948181, "mean": 1.11797893047, "median": 1.13614153862, "min": -0.383628368378, "var": 0.103138893843}, "spectral_spread": {"dmean": 557099.9375, "dmean2": 790813.6875, "dvar": 572148613120, "dvar2": 1115074068480.0, "max": 42562584, "mean": 6875629, "median": 6004685, "min": 2811231, "var": 271905508557