{"lowlevel": {"average_loudness": 0.817313194275, "barkbands": {"dmean": [8.46877924232e-07, 0.000117213334306, 0.000235219165916, 0.000322437816067, 0.000661856669467, 0.000385791208828, 0.000316671736073, 0.000217949229409, 0.000452641863376, 0.000310227187583, 0.000387788953958, 0.000527773518115, 0.000276783568552, 0.000298383005429, 0.00016967584088, 0.000130851534777, 0.000171236635651, 0.0003487332433, 0.000153580884216, 0.000164480661624, 7.14643829269e-05, 2.67120612989e-05, 2.49297081609e-05, 2.55334689427e-05, 7.4435042734e-06, 2.37153585658e-06, 8.28610069448e-08], "dmean2": [1.30666558107e-06, 0.000183795578778, 0.000368888024241, 0.000543858506717, 0.00106729532126, 0.000582536391448, 0.000486810167786, 0.000334427662892, 0.000698007410392, 0.000464305368951, 0.000585672562011, 0.000766960554756, 0.000418733630795, 0.000448102480732, 0.000261067820247, 0.000194839332835, 0.000247452262556, 0.000514389190357, 0.000224688672461, 0.000232876060181, 0.000105679282569, 3.98928677896e-05, 3.74460105377e-05, 3.92742185795e-05, 1.11995987027e-05, 3.41410986948e-06, 1.22909298739e-07], "dvar": [1.23076659975e-10, 1.22020566096e-07, 6.79916126956e-07, 6.70921735946e-07, 1.90755099538e-06, 1.66534255186e-06, 4.76661057291e-07, 2.70749524134e-07, 2.48098854172e-06, 1.1371397477e-06, 2.99108023682e-06, 4.64017784907e-06, 1.38572909236e-06, 1.01093064586e-06, 5.097384701e-07, 2.70408861525e-07, 3.33742349312e-07, 1.35909181154e-06, 3.00191402403e-07, 5.15162071224e-07, 4.43988170673e-08, 9.04288022241e-09, 1.38141418304e-08, 2.57382417601e-08, 5.86262871582e-10, 6.44634831626e-11, 6.65852328786e-14], "dvar2": [2.52325021988e-10, 2.73933494555e-07, 1.41749660543e-06, 1.85416467957e-06, 4.9055170166e-06, 4.25925054515e-06, 1.10932353437e-06, 5.83803114296e-07, 5.85491989114e-06, 2.26730185204e-06, 7.10177528163e-06, 9.36790365813e-06, 3.24374082084e-06, 2.32052707361e-06, 1.19569108392e-06, 6.00802138706e-07, 6.3984685994e-07, 2.88794399239e-06, 6.39568440874e-07, 1.00068291431e-06, 9.47832248244e-08, 2.13044213382e-08, 3.61558250006e-08, 7.41668841897e-08, 1.44653444778e-09, 1.65487970549e-10, 1.68134305307e-13], "max": [0.000768395839259, 0.00633007660508, 0.0250716581941, 0.0120401158929, 0.0291205029935, 0.0426018089056, 0.0180345661938, 0.0146681386977, 0.037848778069, 0.0381064116955, 0.0491192042828, 0.0552618317306, 0.0278262160718, 0.0219468083233, 0.0200434103608, 0.013614628464, 0.0224733352661, 0.0406649075449, 0.014684648253, 0.0259150154889, 0.00534733757377, 0.00307177309878, 0.00478204991668, 0.00805454421788, 0.000855061225593, 0.000270371354418, 9.91679917206e-06], "mean": [8.79067101778e-07, 0.000177407462616, 0.00039595621638, 0.000368068373064, 0.00115672301035, 0.0006947699585, 0.000592939613853, 0.000391118577681, 0.000685894279741, 0.000581885047723, 0.000592925702222, 0.000934941228479, 0.000384958519135, 0.000455962494016, 0.000244297116296, 0.000215183928958, 0.000306293688482, 0.000671223097015, 0.000280968204606, 0.000304044078803, 0.000128100800794, 5.05045973114e-05, 4.06132385251e-05, 3.9042053686e-05, 1.17611662063e-05, 3.3978628835e-06, 1.02899811338e-07], "median": [9.01934669173e-08, 2.8280679544e-05, 4.79638474644e-05, 9.79387914413e-05, 0.000537563930266, 0.000301272899378, 0.000295395031571, 0.00017068372108, 0.000248473719694, 0.000112314737635, 0.000107944084448, 0.00012493666145, 8.38728155941e-05, 0.00011723631178, 4.99301895616e-05, 4.92981707794e-05, 5.83607725275e-05, 9.99868061626e-05, 5.1672643167e-05, 5.48885618628e-05, 4.12015942857e-05, 1.74398046511e-05, 1.48567505676e-05, 1.55770158017e-05, 4.52806034446e-06, 1.19577839541e-06, 2.70008477798e-08], "min": [8.26676530435e-24, 3.99470295607e-23, 2.70868108245e-23, 4.11110285363e-24, 4.39046279708e-23, 1.10566290092e-22, 2.53334112682e-23, 2.17919764287e-23, 7.53251471524e-23, 5.69217732292e-23, 8.28092914413e-23, 8.96027848522e-23, 1.29655335603e-22, 1.20573375639e-22, 1.2174239177e-22, 1.89650189064e-22, 8.16384072878e-23, 2.84613290078e-22, 1.33339505357e-22, 3.12101369201e-22, 4.58084535199e-22, 5.60386289307e-22, 6.5109812424e-22, 9.77355091203e-22, 1.15125032697e-21, 1.65949222887e-21, 2.45100320186e-21], "var": [1.37440600567e-10, 1.99658003908e-07, 2.22969424613e-06, 6.43044813842e-07, 2.96907569464e-06, 2.51209121416e-06, 1.09764550871e-06, 5.88406464885e-07, 3.42910107065e-06, 3.52831011696e-06, 6.32238379694e-06, 1.25340638988e-05, 1.99399892153e-06, 1.79636322173e-06, 7.8112969959e-07, 5.83188636938e-07, 1.08238532448e-06, 4.375061053e-06, 8.18092814825e-07, 1.58975240083e-06, 8.81374120354e-08, 1.68065206196e-08, 1.31675852444e-08, 1.6826747995e-08, 6.55648146886e-10, 6.26645957347e-11, 6.35206473466e-14]}, "barkbands_crest": {"dmean": 2.17808127403, "dmean2": 3.49314975739, "dvar": 4.14442253113, "dvar2": 10.3964948654, "max": 25.2378730774, "mean": 8.69680213928, "median": 7.77102184296, "min": 2.32456040382, "var": 13.9016914368}, "barkbands_flatness_db": {"dmean": 0.0162773057818, "dmean2": 0.0242087654769, "dvar": 0.000240404886426, "dvar2": 0.000539404689334, "max": 0.328520148993, "mean": 0.13119147718, "median": 0.122190058231, "min": 0.0424737557769, "var": 0.00207674712874}, "barkbands_kurtosis": {"dmean": 1.33669197559, "dmean2": 2.09049034119, "dvar": 3.87261295319, "dvar2": 8.88774394989, "max": 72.0160751343, "mean": 1.88373613358, "median": 0.840678930283, "min": -1.83747756481, "var": 15.7171001434}, "barkbands_skewness": {"dmean": 0.373756557703, "dmean2": 0.567105412483, "dvar": 0.148136988282, "dvar2": 0.330900728703, "max": 7.18729305267, "mean": 1.08824133873, "median": 1.10697436333, "min": -3.53135585785, "var": 0.851892113686}, "barkbands_spread": {"dmean": 4.14238929749, "dmean2": 6.33678388596, "dvar": 24.7857322693, "dvar2": 57.1929969788, "max": 122.228637695, "mean": 21.0880832672, "median": 20.0460567474, "min": 1.7891176939, "var": 111.670951843}, "dissonance": {"dmean": 0.0153234414756, "dmean2": 0.0255763810128, "dvar": 0.000334692187607, "dvar2": 0.000877676066011, "max": 0.500000059605, "mean": 0.469895780087, "median": 0.477095216513, "min": 0.136920914054, "var": 0.00070485228207}, "dynamic_complexity": 4.32706069946, "erbbands": {"dmean": [0.0012627816759, 0.0360703505576, 0.236473456025, 0.589602589607, 2.18740868568, 2.18645763397, 2.01165223122, 3.47363567352, 4.35010910034, 4.98507261276, 5.25616455078, 9.33960056305, 9.90450191498, 11.6215620041, 15.0290555954, 19.4269580841, 12.4402704239, 14.6425848007, 8.29089260101, 8.54623031616, 6.39044427872, 9.68820667267, 18.5132579803, 10.3868131638, 7.95338916779, 6.76685190201, 4.34432315826, 1.54780077934, 1.07406413555, 0.630936741829, 0.75819504261, 0.614715754986, 0.378119051456, 0.125882178545, 0.0349734202027, 0.0138398474082, 0.00378315104172, 0.000366507272702, 1.70393086592e-05, 4.18888521381e-06], "dmean2": [0.00199287035502, 0.0557651780546, 0.365821659565, 0.98244959116, 3.60227513313, 3.47297787666, 3.08912014961, 5.32904243469, 6.70753574371, 7.53833818436, 8.06088542938, 14.7034606934, 14.9667415619, 17.3435268402, 21.9921798706, 27.8586063385, 18.576253891, 21.8740596771, 12.4801988602, 12.9465141296, 9.35106372833, 13.9551525116, 27.4605045319, 15.2986526489, 11.4505939484, 9.29798412323, 6.30783557892, 2.26360654831, 1.59613573551, 0.931066513062, 1.14212465286, 0.960709691048, 0.579279661179, 0.191027656198, 0.0515436567366, 0.0199910067022, 0.00550162186846, 0.000527629745193, 2.37891435972e-05, 5.65181517231e-06], "dvar": [2.16993503273e-05, 0.0108278207481, 0.645823895931, 2.2899954319, 31.9620857239, 15.5471172333, 11.2322721481, 196.047897339, 138.638519287, 97.5353164673, 175.789123535, 1401.82751465, 842.534179688, 2292.36572266, 4529.20751953, 6367.19677734, 2663.84228516, 2674.93286133, 1088.54589844, 1159.4810791, 573.150939941, 968.396789551, 4077.6027832, 1303.06811523, 912.612243652, 717.307128906, 174.797042847, 20.0596218109, 12.9768362045, 6.82804965973, 14.1059646606, 21.4717178345, 2.50142288208, 0.177091538906, 0.0148004414514, 0.00209970120341, 0.000176598827238, 1.37335746331e-06, 2.5286370775e-09, 4.89825922878e-11], "dvar2": [4.79406771774e-05, 0.0236187055707, 1.27780079842, 6.34565544128, 83.9031524658, 39.8163948059, 26.5443668365, 503.893188477, 316.494110107, 224.864944458, 363.993041992, 3383.76733398, 1867.48986816, 5294.42382812, 9626.859375, 12557.4873047, 6188.92871094, 6206.05126953, 2522.30932617, 2533.4206543, 1235.35437012, 1854.94421387, 8508.71875, 2720.87866211, 1831.8248291, 1247.296875, 365.954650879, 45.1868438721, 29.9305534363, 16.6450023651, 37.2085914612, 62.1639862061, 6.8414888382, 0.444454669952, 0.0371570922434, 0.00538570247591, 0.000454406603239, 3.44216687154e-06, 6.38295150068e-09, 1.02618413766e-10], "max": [0.225391387939, 1.75985741615, 24.4976673126, 23.9689884186, 86.0515289307, 79.1883926392, 46.2997436523, 472.664794922, 348.994384766, 202.1434021, 393.714050293, 944.662719727, 674.115905762, 1844.47558594, 2172.48291016, 2382.23706055, 1407.37402344, 1321.35681152, 1026.37561035, 858.507141113, 840.038146973, 1540.04150391, 1777.41040039, 913.298400879, 1208.84545898, 996.473510742, 372.174682617, 156.831466675, 114.524116516, 76.6902313232, 161.440139771, 245.028366089, 58.8537254333, 14.8325977325, 4.72242498398, 1.65424132347, 0.507825255394, 0.0474939867854, 0.001951696584, 0.000146629943629], "mean": [0.00174090825021, 0.0571810342371, 0.405467182398, 0.806864917278, 2.75273108482, 4.18628120422, 4.0758471489, 6.06402254105, 7.91521120071, 9.59539890289, 9.49865150452, 13.5163078308, 19.1404762268, 23.2866268158, 25.7284240723, 36.4582176208, 20.3051433563, 24.0164203644, 13.8106737137, 13.8083658218, 11.9822692871, 19.284734726, 37.0573158264, 21.012506485, 15.6568670273, 13.4264965057, 8.03698253632, 2.99905872345, 2.02180552483, 1.13157117367, 1.21064257622, 0.939734280109, 0.571932017803, 0.197496518493, 0.0543877258897, 0.020716516301, 0.00516375899315, 0.000491262238938, 2.7443136787e-05, 1.33123030537e-05], "median": [0.000348085479345, 0.0102599421516, 0.0642530024052, 0.233343213797, 0.709264159203, 2.18937921524, 2.21625709534, 2.45131897926, 3.30147981644, 5.16434574127, 3.68103861809, 4.79637241364, 6.25680446625, 3.84483146667, 5.18784999847, 5.12852573395, 4.75800514221, 6.25880050659, 3.45718359947, 3.31612229347, 2.90176844597, 3.78454017639, 4.66467094421, 4.23513412476, 2.50880551338, 2.58768057823, 2.4286608696, 1.12965750694, 0.684993088245, 0.398466587067, 0.416710615158, 0.38390314579, 0.205080971122, 0.0747547522187, 0.0213853679597, 0.00776534480974, 0.00165011256468, 0.000148342252942, 1.10229539132e-05, 7.04624471837e-06], "min": [1.30434881639e-21, 8.40182211572e-21, 2.9564145951e-20, 2.40581700687e-20, 6.2275811068e-20, 1.82525661041e-19, 7.02304567596e-19, 6.56153989872e-19, 5.89006879865e-19, 2.31758740242e-19, 6.27337653969e-19, 1.57455184108e-18, 1.89845602002e-18, 1.78463079785e-18, 4.71840613167e-18, 3.39574991566e-18, 4.62763794869e-18, 8.68789948034e-18, 5.01427581548e-18, 6.52987252974e-18, 1.20889692013e-17, 6.73520853628e-18, 1.61350958707e-17, 7.31032198718e-18, 7.55137978847e-18, 1.41267046521e-17, 1.61383218751e-17, 2.03558974428e-17, 1.91146765377e-17, 1.6091597751e-17, 2.34376680027e-17, 1.56881337898e-17, 2.10516192037e-17, 9.78932934344e-18, 9.22722372127e-18, 6.00244521398e-18, 2.87585780169e-18, 1.54226088131e-18, 3.30598965226e-19, 3.47244055736e-20], "var": [2.7304275136e-05, 0.0208053570241, 2.17337965965, 2.76531457901, 34.8987388611, 32.5359039307, 24.6400413513, 275.564727783, 358.013916016, 191.507400513, 404.107635498, 1632.10534668, 2168.06298828, 7882.66308594, 9979.89355469, 19078.2285156, 4323.21289062, 5114.49267578, 1757.98803711, 2152.7175293, 1535.76525879, 3953.85644531, 14505.28125, 4183.24414062, 2983.90991211, 2735.88061523, 405.492858887, 37.3832740784, 26.6053981781, 9.67251300812, 12.8833141327, 13.3549432755, 2.13128256798, 0.195792391896, 0.0147092174739, 0.00210642628372, 0.000164645316545, 1.36407447826e-06, 2.67882871441e-09, 2.26564267347e-10]}, "erbbands_crest": {"dmean": 2.05205154419, "dmean2": 3.2448143959, "dvar": 4.57057094574, "dvar2": 11.464884758, "max": 31.4941864014, "mean": 8.08263874054, "median": 6.82169246674, "min": 2.5922665596, "var": 18.6690597534}, "erbbands_flatness_db": {"dmean": 0.0145070031285, "dmean2": 0.0209434200078, "dvar": 0.000241996269324, "dvar2": 0.000468030077172, "max": 0.409923553467, "mean": 0.179590553045, "median": 0.163558572531, "min": 0.0468832664192, "var": 0.00303887249902}, "erbbands_kurtosis": {"dmean": 0.736107468605, "dmean2": 1.11074459553, "dvar": 1.64605140686, "dvar2": 3.46291399002, "max": 37.5316429138, "mean": 0.467669039965, "median": -0.37643122673, "min": -1.72078728676, "var": 7.86352109909}, "erbbands_skewness": {"dmean": 0.284410953522, "dmean2": 0.417230129242, "dvar": 0.0798982083797, "dvar2": 0.162778332829, "max": 4.08075666428, "mean": 0.254496127367, "median": 0.266488194466, "min": -4.21696090698, "var": 0.690029263496}, "erbbands_spread": {"dmean": 5.69985103607, "dmean2": 8.79379844666, "dvar": 38.0381813049, "dvar2": 85.859046936, "max": 93.0135498047, "mean": 34.7895965576, "median": 34.7001419067, "min": 2.31113290787, "var": 207.910751343}, "gfcc": {"cov": [[6656.74951172, -337.188995361, -606.349853516, 144.768875122, -119.037117004, 124.756904602, -202.411254883, 100.158058167, -108.417488098, -72.8365707397, -84.5706329346, -3.2835996151, -40.6541633606], [-337.188995361, 1132.81799316, 494.580047607, 161.036590576, 173.165328979, 39.888584137, 33.0697288513, -37.3386154175, 43.142375946, -38.5282478333, -77.1235656738, -140.988510132, -44.5864753723], [-606.349853516, 494.580047607, 962.049438477, 374.857757568, 149.794937134, 131.680664062, -38.2245521545, 44.5532608032, 11.808093071, 54.4272918701, -131.899429321, -72.8617706299, -98.5473022461], [144.768875122, 161.036590576, 374.857757568, 399.277832031, 148.022689819, 25.7576141357, -69.4505310059, 54.4410591125, 37.7960853577, 34.9326324463, -57.3621368408, -35.6729125977, -28.7000312805], [-119.037117004, 173.165328979, 149.794937134, 148.022689819, 261.749511719, 64.8154830933, -31.3049945831, 34.5125541687, 49.3369140625, 27.6271781921, -33.7489471436, -20.7821464539, -3.96696138382], [124.756904602, 39.888584137, 131.680664062, 25.7576141357, 64.8154830933, 207.3959198, 90.5130462646, 15.4551925659, -4.77919578552, 31.8011112213, -8.2458152771, -6.77162647247, -17.8862533569], [-202.411254883, 33.0697288513, -38.2245521545, -69.4505310059, -31.3049945831, 90.5130462646, 234.111297607, 39.8110427856, -22.8570690155, -2.98981928825, 51.9095420837, 6.47602128983, 3.9274263382], [100.158058167, -37.3386154175, 44.5532608032, 54.4410591125, 34.5125541687, 15.4551925659, 39.8110427856, 116.466064453, 30.8754062653, 11.0090904236, 0.506480336189, -0.0426278822124, -3.00857901573], [-108.417488098, 43.142375946, 11.808093071, 37.7960853577, 49.3369140625, -4.77919578552, -22.8570690155, 30.8754062653, 110.983924866, 50.2372932434, 4.68689155579, 9.04807281494, 15.976023674], [-72.8365707397, -38.5282478333, 54.4272918701, 34.9326324463, 27.6271781921, 31.8011112213, -2.98981928825, 11.0090904236, 50.2372932434, 118.536949158, 28.5826568604, 19.5306549072, 4.75407934189], [-84.5706329346, -77.1235656738, -131.899429321, -57.3621368408, -33.7489471436, -8.2458152771, 51.9095420837, 0.506480336189, 4.68689155579, 28.5826568604, 123.614341736, 57.2338371277, 27.7545394897], [-3.2835996151, -140.988510132, -72.8617706299, -35.6729125977, -20.7821464539, -6.77162647247, 6.47602128983, -0.0426278822124, 9.04807281494, 19.5306549072, 57.2338371277, 96.661567688, 40.0267486572], [-40.6541633606, -44.5864753723, -98.5473022461, -28.7000312805, -3.96696138382, -17.8862533569, 3.9274263382, -3.00857901573, 15.976023674, 4.75407934189, 27.7545394897, 40.0267486572, 76.0025482178]], "icov": [[0.000302500120597, -0.000341701845173, 0.000790332094766, -0.000613793963566, 0.000613376847468, -0.000917017168831, 0.000797196698841, -0.000874482269865, 0.000720770447515, -0.000252873229329, 0.000548601790797, -0.00065478758188, 0.000503550458234], [-0.000341701845173, 0.0024470561184, -0.00233325222507, 0.00117677671369, -0.00187826121692, 0.00187060073949, -0.00201929197647, 0.00289755826816, -0.00261770328507, 0.00194621493574, -0.00193239573855, 0.00376107031479, -0.00161357235629], [0.000790332094766, -0.00233325222507, 0.00527969514951, -0.00371270091273, 0.00254475022666, -0.00377845647745, 0.00262985797599, -0.00344569468871, 0.00343397189863, -0.00264837266877, 0.0040157600306, -0.00438045617193, 0.00375343160704], [-0.000613793963566, 0.00117677671369, -0.00371270091273, 0.00651959842071, -0.00321901543066, 0.00267550023273, -0.000680350756738, 0.000477047957247, -0.00174759351648, 0.000587922288105, -0.00200687721372, 0.00287426169962, -0.00192466634326], [0.000613376847468, -0.00187826121692, 0.00254475022666, -0.00321901543066, 0.00779544422403, -0.00461949780583, 0.00333859724924, -0.00349343218841, 0.000610416056588, -0.00102645845618, 0.00196078117006, -0.00215012673289, 0.000671423505992], [-0.000917017168831, 0.00187060073949, -0.00377845647745, 0.00267550023273, -0.00461949780583, 0.0112040312961, -0.00668656174093, 0.00428762333468, -0.00175734923687, -0.000957327778451, -0.000444397388492, 0.00205637607723, -0.000862638989929], [0.000797196698841, -0.00201929197647, 0.00262985797599, -0.000680350756738, 0.00333859724924, -0.00668656174093, 0.0104509470984, -0.00669874250889, 0.00400733435526, -0.000374509982066, -0.00180114759132, -0.00113278848585, 0.000625691493042], [-0.000874482269865, 0.00289755826816, -0.00344569468871, 0.000477047957247, -0.00349343218841, 0.00428762333468, -0.00669874250889, 0.0157210081816, -0.00712316762656, 0.00283487839624, -0.00190604291856, 0.00344029255211, -0.00105619942769], [0.000720770447515, -0.00261770328507, 0.00343397189863, -0.00174759351648, 0.000610416056588, -0.00175734923687, 0.00400733435526, -0.00712316762656, 0.0171878114343, -0.00776987057179, 0.00312284682877, -0.0037961138878, -0.000496306805871], [-0.000252873229329, 0.00194621493574, -0.00264837266877, 0.000587922288105, -0.00102645845618, -0.000957327778451, -0.000374509982066, 0.00283487839624, -0.00776987057179, 0.0144928283989, -0.00563302496448, 0.00223201885819, -0.0007445019437], [0.000548601790797, -0.00193239573855, 0.0040157600306, -0.00200687721372, 0.00196078117006, -0.000444397388492, -0.00180114759132, -0.00190604291856, 0.00312284682877, -0.00563302496448, 0.0173519998789, -0.01046477817, 0.00249493913725], [-0.00065478758188, 0.00376107031479, -0.00438045617193, 0.00287426169962, -0.00215012673289, 0.00205637607723, -0.00113278848585, 0.00344029255211, -0.0037961138878, 0.00223201885819, -0.01046477817, 0.0236237645149, -0.0101334592327], [0.000503550458234, -0.00161357235629, 0.00375343160704, -0.00192466634326, 0.000671423505992, -0.000862638989929, 0.000625691493042, -0.00105619942769, -0.000496306805871, -0.0007445019437, 0.00249493913725, -0.0101334592327, 0.0209547132254]], "mean": [-63.8711700439, 80.2545471191, -152.081298828, 22.3498439789, -79.0925292969, 1.12347149849, -45.6418380737, 2.06706523895, -34.2285614014, -5.03084087372, -12.1573791504, -6.20774841309, -11.960308075]}, "hfc": {"dmean": 4.02617788315, "dmean2": 5.22716760635, "dvar": 66.0354003906, "dvar2": 123.793708801, "max": 149.631607056, "mean": 12.4531564713, "median": 4.7031955719, "min": 1.24751502163e-16, "var": 370.524108887}, "melbands": {"dmean": [2.18004515773e-05, 9.60809047683e-05, 0.000151924861711, 0.000157820060849, 7.25101708667e-05, 7.75208536652e-05, 6.49379726383e-05, 5.18530432601e-05, 4.61754170828e-05, 6.28334237263e-05, 5.09085512022e-05, 4.77692847198e-05, 4.84941228933e-05, 6.16861070739e-05, 4.34037829109e-05, 2.37628046307e-05, 2.98554950859e-05, 1.52392449309e-05, 1.39092180689e-05, 9.83661266218e-06, 7.91325874161e-06, 9.88018018688e-06, 1.59612354764e-05, 1.79453254532e-05, 8.31497527543e-06, 5.94304401602e-06, 6.87495639795e-06, 4.34413641415e-06, 3.12000088343e-06, 1.69083511992e-06, 7.66171012856e-07, 6.94391872003e-07, 4.3646267045e-07, 3.556514514e-07, 4.41379398808e-07, 4.49537537861e-07, 3.76315995254e-07, 3.05521098198e-07, 1.64559210702e-07, 9.32165988843e-08], "dmean2": [3.43113788404e-05, 0.00014765621745, 0.000250685377978, 0.000254535960266, 0.000112548288598, 0.000118418436614, 0.00010041682981, 7.84129297244e-05, 6.97776486049e-05, 9.86306986306e-05, 7.69276666688e-05, 7.19741146895e-05, 7.26739599486e-05, 8.7701882876e-05, 6.34222960798e-05, 3.62549253623e-05, 4.47709826403e-05, 2.3544576834e-05, 2.0799041522e-05, 1.46512938954e-05, 1.18064062917e-05, 1.43810157169e-05, 2.4106755518e-05, 2.65086764557e-05, 1.24186944959e-05, 8.73285898706e-06, 1.00809338619e-05, 6.12687153989e-06, 4.64938102596e-06, 2.51707410825e-06, 1.15734508199e-06, 1.05650144633e-06, 6.50714184758e-07, 5.39505947472e-07, 6.76024001223e-07, 7.02504678429e-07, 5.90902459408e-07, 4.76613337241e-07, 2.53722475918e-07, 1.43353375393e-07], "dvar": [4.43420544727e-09, 9.40228659374e-08, 1.45574929888e-07, 1.20426420835e-07, 1.33116495604e-08, 8.50964738675e-08, 2.72882392238e-08, 1.03997983558e-08, 1.54705919186e-08, 6.02901835123e-08, 2.22243699e-08, 3.77360258597e-08, 4.25554667061e-08, 7.82331213145e-08, 3.1069227191e-08, 9.03623931237e-09, 1.20155760897e-08, 3.73990172164e-09, 3.25756444042e-09, 2.14402962051e-09, 9.2569274468e-10, 1.03127917317e-09, 3.45578676786e-09, 4.2264356459e-09, 9.52170786661e-10, 5.15007314572e-10, 1.21028664868e-09, 3.27875171457e-10, 9.56259862961e-11, 2.53321495725e-11, 4.95403110895e-12, 4.8506502634e-12, 3.26471944097e-12, 2.08015137233e-12, 3.88551994399e-12, 9.68323164707e-12, 7.31641743718e-12, 1.69429010752e-12, 2.95003306722e-13, 9.59719025713e-14], "dvar2": [9.80803616102e-09, 1.87586408629e-07, 3.91368018882e-07, 3.08219853196e-07, 3.28038467501e-08, 2.16497937799e-07, 6.29646521588e-08, 2.36244019902e-08, 3.10210133136e-08, 1.48390341792e-07, 4.87744742372e-08, 8.55919708442e-08, 9.355105135e-08, 1.58102380965e-07, 6.67768915719e-08, 2.08844177507e-08, 2.77311347219e-08, 8.4077678153e-09, 7.42215489069e-09, 4.66053551307e-09, 1.93070470722e-09, 2.00136551776e-09, 8.16586176455e-09, 9.06150887658e-09, 2.0164929726e-09, 1.16597342892e-09, 2.41987430094e-09, 5.74967407019e-10, 2.0921356314e-10, 5.54219517501e-11, 1.16520491172e-11, 1.14472068977e-11, 7.57923585004e-12, 5.15930961148e-12, 1.00970091663e-11, 2.70444881767e-11, 2.14059360515e-11, 4.62736489751e-12, 7.70699964351e-13, 2.33132090022e-13], "max": [0.00150309037417, 0.00889747589827, 0.00542541220784, 0.00742960860953, 0.00142251362558, 0.00986810866743, 0.00461747590452, 0.00191820692271, 0.0033789544832, 0.00674471352249, 0.00343244918622, 0.00681212870404, 0.00615285942331, 0.00832174252719, 0.00408530281857, 0.00231269723736, 0.00263751554303, 0.00139914196916, 0.00143661210313, 0.00134828896262, 0.00119778118096, 0.0014423498651, 0.00170916318893, 0.00178526772652, 0.000788919336628, 0.000483411218738, 0.00157968176063, 0.000842215144075, 0.00028847361682, 0.00013724542805, 7.16760187061e-05, 7.07431026967e-05, 5.00713431393e-05, 4.28723724326e-05, 8.00895722932e-05, 0.000155211266247, 0.000144057630678, 4.79977097712e-05, 1.79610942723e-05, 1.14786944323e-05], "mean": [3.18658530887e-05, 0.000166057448951, 0.000201394286705, 0.000260735832853, 0.000155401561642, 0.000139600539114, 0.000118779302284, 9.93286521407e-05, 7.89230689406e-05, 9.03158943402e-05, 9.53385751927e-05, 9.23455518205e-05, 7.91361235315e-05, 0.000104164319055, 7.36328511266e-05, 3.72055728803e-05, 4.53024222224e-05, 2.18681634578e-05, 2.05534361157e-05, 1.50481700985e-05, 1.369256006e-05, 1.73364514922e-05, 2.93254233839e-05, 3.27039706463e-05, 1.53220244101e-05, 1.05788012661e-05, 1.20306349345e-05, 8.23925256555e-06, 5.42907855561e-06, 2.8806591672e-06, 1.38474717915e-06, 1.24537393731e-06, 7.49964669922e-07, 5.89272929119e-07, 6.86664691329e-07, 6.59645820633e-07, 5.54414043563e-07, 4.40944205593e-07, 2.55805559846e-07, 1.36336666401e-07], "median": [5.45584589418e-06, 2.85866044578e-05, 5.85071866226e-05, 0.000108880907646, 9.16784629226e-05, 5.6515520555e-05, 5.36452826054e-05, 5.25488940184e-05, 2.63962301688e-05, 3.17156082019e-05, 2.8669146559e-05, 1.36928429129e-05, 1.610275649e-05, 1.36166163429e-05, 1.21969114844e-05, 9.33028422878e-06, 1.07347841549e-05, 4.70942450193e-06, 4.72666488349e-06, 2.81993516182e-06, 3.4249565033e-06, 3.51078824679e-06, 3.70865427612e-06, 4.33096101915e-06, 3.1458966987e-06, 1.91306276065e-06, 1.49546406192e-06, 1.60857837272e-06, 1.68547376234e-06, 8.71411430126e-07, 5.51438517959e-07, 4.47224522304e-07, 1.89747922263e-07, 2.21458066108e-07, 2.29337018709e-07, 2.28560651294e-07, 2.29458322565e-07, 1.47279422436e-07, 9.54852765744e-08, 4.57565718648e-08], "min": [1.12515633231e-23, 1.43287669305e-23, 4.37233926999e-24, 9.60330709251e-24, 1.94542186905e-23, 1.74344807599e-23, 7.6850782055e-24, 2.79322472562e-24, 5.61367895753e-24, 1.09011063439e-23, 9.55399303074e-24, 7.03545677207e-24, 1.3046309446e-23, 1.24341297177e-23, 5.95259687381e-24, 1.30672339815e-23, 1.71660187721e-23, 6.28502838129e-24, 1.06055801161e-23, 8.99033140358e-24, 1.40797188096e-23, 4.36380497828e-24, 1.71703291081e-23, 9.04137228187e-24, 5.7244192514e-24, 4.86747688905e-24, 7.60996602555e-24, 9.82834780953e-24, 8.64079344736e-24, 1.42561712169e-23, 1.0145495137e-23, 1.14434931813e-23, 1.0667336881e-23, 7.07125133565e-24, 1.38352839472e-23, 1.04868210512e-23, 8.71733267669e-24, 1.53521987813e-23, 1.16435128081e-23, 6.9672116263e-24], "var": [6.791280871e-09, 3.00418292909e-07, 1.67730064504e-07, 1.78349395696e-07, 3.15944213014e-08, 1.31326459041e-07, 6.72034659033e-08, 2.10049648786e-08, 3.48122348726e-08, 6.95434323461e-08, 5.75679308668e-08, 1.27882543666e-07, 9.36772934779e-08, 1.79926900046e-07, 8.15473839566e-08, 1.59814259604e-08, 2.08494945753e-08, 5.83987924685e-09, 5.25424193043e-09, 3.89438437054e-09, 2.28643037836e-09, 3.56363005771e-09, 9.78909397986e-09, 1.19401626364e-08, 2.69478905857e-09, 1.24991061945e-09, 3.51485018868e-09, 1.29729527121e-09, 1.9502670312e-10, 4.87475892985e-11, 8.28818871174e-12, 9.32725337938e-12, 5.82537316995e-12, 2.66280183667e-12, 3.84478039683e-12, 6.80385435492e-12, 4.43843009221e-12, 1.43619155197e-12, 3.17430841812e-13, 1.0806060094e-13]}, "melbands_crest": {"dmean": 2.74488902092, "dmean2": 4.3809671402, "dvar": 6.75853061676, "dvar2": 16.6081047058, "max": 34.0220069885, "mean": 11.5141639709, "median": 10.4178352356, "min": 1.90035128593, "var": 21.8935527802}, "melbands_flatness_db": {"dmean": 0.0188787095249, "dmean2": 0.0286982096732, "dvar": 0.000355303665856, "dvar2": 0.000808421056718, "max": 0.349142819643, "mean": 0.160306364298, "median": 0.154461100698, "min": 0.00607643369585, "var": 0.00205285218544}, "melbands_kurtosis": {"dmean": 2.88874125481, "dmean2": 4.5440659523, "dvar": 21.5031929016, "dvar2": 52.6306343079, "max": 146.949829102, "mean": 6.41843318939, "median": 4.73350572586, "min": -1.82504057884, "var": 56.9533538818}, "melbands_skewness": {"dmean": 0.469169795513, "dmean2": 0.725080609322, "dvar": 0.255319297314, "dvar2": 0.604187786579, "max": 10.641708374, "mean": 1.87676680088, "median": 1.8620480299, "min": -2.09747362137, "var": 1.19927048683}, "melbands_spread": {"dmean": 6.20339107513, "dmean2": 9.44061660767, "dvar": 60.7620201111, "dvar2": 130.98815918, "max": 166.139068604, "mean": 27.3136405945, "median": 23.7801399231, "min": 1.93362462521, "var": 266.478820801}, "mfcc": {"cov": [[5008.40673828, -532.575073242, -453.82711792, -100.769485474, 90.9010925293, -56.6541671753, -6.94077253342, 64.9642868042, 15.1519479752, -26.5014247894, -54.1511077881, 20.7341823578, -2.74371504784], [-532.575073242, 985.879333496, 333.839141846, 139.1668396, 141.375411987, 100.251174927, 39.9120101929, 3.33671736717, 68.3886108398, 68.7157440186, 13.896528244, 5.11361694336, -43.6801452637], [-453.82711792, 333.839141846, 778.603881836, 275.247680664, 178.610626221, 118.963439941, 43.6332550049, -4.70621538162, 70.9548797607, 65.0884933472, 7.27979135513, 39.0765762329, 2.24427819252], [-100.769485474, 139.1668396, 275.247680664, 359.162109375, 221.422637939, 11.9760084152, -27.9455013275, -14.7621870041, 63.8874778748, 37.1839370728, 3.13233757019, 38.2430343628, 13.5776090622], [90.9010925293, 141.375411987, 178.610626221, 221.422637939, 382.317138672, 64.9039916992, -62.4576339722, -27.9598674774, 78.868637085, 41.6728019714, 4.31062364578, 41.6308021545, -2.15858244896], [-56.6541671753, 100.251174927, 118.963439941, 11.9760084152, 64.9039916992, 189.846008301, 63.000213623, 4.42806482315, 39.8711776733, 31.3726634979, 26.6462535858, 25.3642864227, 13.0515642166], [-6.94077253342, 39.9120101929, 43.6332550049, -27.9455013275, -62.4576339722, 63.000213623, 193.269943237, 68.8328857422, 7.57083272934, 21.3105258942, 31.9792613983, 0.174695760012, 12.8201847076], [64.9642868042, 3.33671736717, -4.70621538162, -14.7621870041, -27.9598674774, 4.42806482315, 68.8328857422, 117.885185242, 24.0381774902, 6.06503725052, 16.6068553925, -6.37904071808, 3.18934702873], [15.1519479752, 68.3886108398, 70.9548797607, 63.8874778748, 78.868637085, 39.8711776733, 7.57083272934, 24.0381774902, 115.859642029, 47.2111053467, 3.8985748291, 15.0369930267, 10.9702444077], [-26.5014247894, 68.7157440186, 65.0884933472, 37.1839370728, 41.6728019714, 31.3726634979, 21.3105258942, 6.06503725052, 47.2111053467, 103.827140808, 32.9025306702, 10.8190593719, 7.52139234543], [-54.1511077881, 13.896528244, 7.27979135513, 3.13233757019, 4.31062364578, 26.6462535858, 31.9792613983, 16.6068553925, 3.8985748291, 32.9025306702, 86.6436004639, 26.2548732758, 5.20747470856], [20.7341823578, 5.11361694336, 39.0765762329, 38.2430343628, 41.6308021545, 25.3642864227, 0.174695760012, -6.37904071808, 15.0369930267, 10.8190593719, 26.2548732758, 81.8700714111, 32.8457641602], [-2.74371504784, -43.6801452637, 2.24427819252, 13.5776090622, -2.15858244896, 13.0515642166, 12.8201847076, 3.18934702873, 10.9702444077, 7.52139234543, 5.20747470856, 32.8457641602, 92.5149841309]], "icov": [[0.000233189915889, 0.000113636167953, 0.000129569816636, 4.48458376923e-05, -0.000183601965546, 1.65510446095e-05, -8.79520739545e-05, -0.000160550858709, -2.10325060834e-06, -8.948474715e-05, 0.000268522358965, -0.000196770750335, 0.000124216894619], [0.000113636167953, 0.00134125945624, -0.000335181714036, -3.96604045818e-05, -0.000241529502091, -0.000274603487924, -0.000207937511732, -2.86582016997e-05, -0.000202613155125, -0.000434125511674, 0.000192657811567, -9.79271703727e-07, 0.000762315583415], [0.000129569816636, -0.000335181714036, 0.00225996226072, -0.00159732298926, 0.000140672345879, -0.00105016201269, -0.000361995626008, -4.57647693111e-05, 0.000208571000258, -0.000575015961658, 0.00078577210661, -0.000455253291875, 0.000367782369722], [4.48458376923e-05, -3.96604045818e-05, -0.00159732298926, 0.00597088038921, -0.00283790915273, 0.00211605010554, -0.000376392214093, 0.000352047500201, -0.00102352339309, 0.00012629077537, -0.000244210474193, -0.000637923192699, -0.000828326039482], [-0.000183601965546, -0.000241529502091, 0.000140672345879, -0.00283790915273, 0.00540680158883, -0.00193143158685, 0.00193193159066, 0.000216501823161, -0.00139769038651, -0.000283565750578, -3.19239989039e-05, -0.000883315689862, 0.000921242812183], [1.65510446095e-05, -0.000274603487924, -0.00105016201269, 0.00211605010554, -0.00193143158685, 0.00828722957522, -0.00305475015193, 0.00177973741665, -0.00198751222342, 0.000347752764355, -0.00132925738581, -0.000902745698113, -0.000663743296172], [-8.79520739545e-05, -0.000207937511732, -0.000361995626008, -0.000376392214093, 0.00193193159066, -0.00305475015193, 0.0088105937466, -0.00450361520052, 0.00110560841858, -0.00100697681773, -0.00134480604902, 0.000676486932207, -0.000840113498271], [-0.000160550858709, -2.86582016997e-05, -4.57647693111e-05, 0.000352047500201, 0.000216501823161, 0.00177973741665, -0.00450361520052, 0.0123766269535, -0.00403563305736, 0.00189655681606, -0.00236719287932, 0.00154576788191, -0.000208662939258], [-2.10325060834e-06, -0.000202613155125, 0.000208571000258, -0.00102352339309, -0.00139769038651, -0.00198751222342, 0.00110560841858, -0.00403563305736, 0.0139744048938, -0.00558935338631, 0.00296522048302, -0.00109806773253, -0.000696582719684], [-8.948474715e-05, -0.000434125511674, -0.000575015961658, 0.00012629077537, -0.000283565750578, 0.000347752764355, -0.00100697681773, 0.00189655681606, -0.00558935338631, 0.0145814791322, -0.00580501370132, 0.00182985235006, -0.00103931571357], [0.000268522358965, 0.000192657811567, 0.00078577210661, -0.000244210474193, -3.19239989039e-05, -0.00132925738581, -0.00134480604902, -0.00236719287932, 0.00296522048302, -0.00580501370132, 0.0167578067631, -0.00599930388853, 0.00187746097799], [-0.000196770750335, -9.79271703727e-07, -0.000455253291875, -0.000637923192699, -0.000883315689862, -0.000902745698113, 0.000676486932207, 0.00154576788191, -0.00109806773253, 0.00182985235006, -0.00599930388853, 0.0179111398757, -0.00598181411624], [0.000124216894619, 0.000762315583415, 0.000367782369722, -0.000828326039482, 0.000921242812183, -0.000663743296172, -0.000840113498271, -0.000208662939258, -0.000696582719684, -0.00103931571357, 0.00187746097799, -0.00598181411624, 0.0137092033401]], "mean": [-691.539123535, 105.02494812, -21.0616550446, 11.1508216858, -14.2285556793, -10.098279953, -3.10604214668, -5.29324007034, -14.4255523682, -4.89893293381, -8.41421127319, 0.671136319637, -12.3495073318]}, "pitch_salience": {"dmean": 0.0601346418262, "dmean2": 0.0952641814947, "dvar": 0.00291686458513, "dvar2": 0.007314927876, "max": 0.963768303394, "mean": 0.628447175026, "median": 0.640652120113, "min": 0.128913328052, "var": 0.00927660241723}, "silence_rate_20dB": {"dmean": 0, "dmean2": 0, "dvar": 0, "dvar2": 0, "max": 1, "mean": 1, "median": 1, "min": 1, "var": 0}, "silence_rate_30dB": {"dmean": 0, "dmean2": 0, "dvar": 0, "dvar2": 0, "max": 1, "mean": 1, "median": 1, "min": 1, "var": 0}, "silence_rate_60dB": {"dmean": 0.0909799039364, "dmean2": 0.181988164783, "dvar": 0.0826999619603, "dvar2": 0.162895873189, "max": 1, "mean": 0.32024922967, "median": 0, "min": 0, "var": 0.217677265406}, "spectral_centroid": {"dmean": 228.742126465, "dmean2": 344.752349854, "dvar": 67642.765625, "dvar2": 133011.75, "max": 10917.9013672, "mean": 1579.2623291, "median": 1466.89599609, "min": 304.200653076, "var": 396536.875}, "spectral_complexity": {"dmean": 3.00576424599, "dmean2": 4.27890300751, "dvar": 11.9975633621, "dvar2": 20.6011657715, "max": 49, "mean": 13.9051399231, "median": 12, "min": 0, "var": 61.8979721069}, "spectral_contrast_coeffs": {"dmean": [0.0480580702424, 0.0410412326455, 0.0346599891782, 0.0286892149597, 0.0217943191528, 0.015990562737], "dmean2": [0.0783151835203, 0.0664560347795, 0.0547992140055, 0.0447972752154, 0.0342202857137, 0.0256944298744], "dvar": [0.00166314328089, 0.00124930334277, 0.000949780282099, 0.000662925245706, 0.000426369777415, 0.000214999367017], "dvar2": [0.00427557062358, 0.00317785539664, 0.00212301383726, 0.00141675455961, 0.00085357693024, 0.000517938518897], "max": [-0.254759192467, -0.305647194386, -0.396041631699, -0.4472874403, -0.497627586126, -0.61958116293], "mean": [-0.595016241074, -0.741001725197, -0.759645700455, -0.769600093365, -0.78537017107, -0.765094637871], "median": [-0.595191717148, -0.757398247719, -0.774621844292, -0.781894743443, -0.804816603661, -0.768321990967], "min": [-0.970725417137, -0.966758608818, -0.967346966267, -0.961217463017, -0.955897986889, -0.96069163084], "var": [0.00868056435138, 0.00737432716414, 0.00563088199124, 0.00434944359586, 0.00367015600204, 0.00108789152]}, "spectral_contrast_valleys": {"dmean": [0.440617322922, 0.345329999924, 0.308805644512, 0.281078308821, 0.239488393068, 0.307424992323], "dmean2": [0.719566822052, 0.541813194752, 0.478556752205, 0.415798455477, 0.334152787924, 0.396941363811], "dvar": [0.169035643339, 0.118940010667, 0.104043349624, 0.0971439108253, 0.084759183228, 0.143850952387], "dvar2": [0.378895074129, 0.237842783332, 0.187170624733, 0.157780379057, 0.121939353645, 0.258437812328], "max": [-6.08408689499, -5.25833463669, -5.1238360405, -5.96785068512, -5.64446115494, -7.63693904877], "mean": [-8.95304203033, -7.22251224518, -7.69109916687, -8.2077922821, -7.80835485458, -10.6418275833], "median": [-8.77699565887, -7.06627321243, -7.62680530548, -8.19519519806, -7.78167247772, -10.5585851669], "min": [-27.2820529938, -27.1555423737, -26.9512939453, -27.1164455414, -27.3464736938, -27.1939029694], "var": [1.4907053709, 1.00375008583, 0.878150463104, 0.78954231739, 0.778797209263, 0.870620369911]}, "spectral_decrease": {"dmean": 7.09815928257e-10, "dmean2": 9.89002324481e-10, "dvar": 1.23344757867e-18, "dvar2": 2.46835368356e-18, "max": 9.89482439559e-29, "mean": -2.27341834247e-09, "median": -1.25485788427e-09, "min": -1.58274495732e-08, "var": 5.84586033761e-18}, "spectral_energy": {"dmean": 0.00299721793272, "dmean2": 0.0041392208077, "dvar": 2.20553465624e-05, "dvar2": 4.31100015703e-05, "max": 0.0677954778075, "mean": 0.00970994308591, "median": 0.00521570816636, "min": 1.09418684025e-20, "var": 0.000112850932055}, "spectral_energyband_high": {"dmean": 0.000193582760403, "dmean2": 0.000269321026281, "dvar": 4.09050869621e-07, "dvar2": 9.3003643542e-07, "max": 0.0198664143682, "mean": 0.000409986532759, "median": 0.000143884652061, "min": 7.8277967369e-21, "var": 9.47731280121e-07}, "spectral_energyband_low": {"dmean": 0.000401194905862, "dmean2": 0.00062773830723, "dvar": 1.24068401419e-06, "dvar2": 2.70385066869e-06, "max": 0.028884453699, "mean": 0.000690204615239, "median": 0.000177828536835, "min": 7.41786861325e-23, "var": 3.47040509041e-06}, "spectral_energyband_middle_high": {"dmean": 0.00158030400053, "dmean2": 0.00213363114744, "dvar": 1.15468628792e-05, "dvar2": 2.08581932384e-05, "max": 0.0618103221059, "mean": 0.00474676163867, "median": 0.00131251290441, "min": 1.41627750082e-21, "var": 7.1317255788e-05}, "spectral_energyband_middle_low": {"dmean": 0.00169457076117, "dmean2": 0.00253771268763, "dvar": 8.55701637192e-06, "dvar2": 2.00608592422e-05, "max": 0.0451149642467, "mean": 0.00404418958351, "median": 0.0026698242873, "min": 2.97225446769e-22, "var": 1.70911134774e-05}, "spectral_entropy": {"dmean": 0.123819768429, "dmean2": 0.183314904571, "dvar": 0.0160936433822, "dvar2": 0.0326088368893, "max": 9.79478645325, "mean": 7.59039735794, "median": 7.64119386673, "min": 5.97748804092, "var": 0.117911621928}, "spectral_flux": {"dmean": 0.0151547798887, "dmean2": 0.0227592308074, "dvar": 0.00036253061262, "dvar2": 0.00080086995149, "max": 0.261366963387, "mean": 0.0502240508795, "median": 0.0368421152234, "min": 1.04603388451e-10, "var": 0.00155075686052}, "spectral_kurtosis": {"dmean": 1.3032720089, "dmean2": 2.24566292763, "dvar": 1.76037478447, "dvar2": 4.93232393265, "max": 22.4375457764, "mean": 4.01142597198, "median": 3.48731136322, "min": -1.18619096279, "var": 4.63364601135}, "spectral_rms": {"dmean": 0.000438433635281, "dmean2": 0.000582301698159, "dvar": 3.056275375e-07, "dvar2": 5.30884733507e-07, "max": 0.00813276879489, "mean": 0.00269309198484, "median": 0.00225576944649, "min": 3.26726081086e-12, "var": 2.22039693654e-06}, "spectral_rolloff": {"dmean": 414.168762207, "dmean2": 668.73626709, "dvar": 419642.1875, "dvar2": 868568.75, "max": 19573.6816406, "mean": 1837.22277832, "median": 1507.32421875, "min": 129.19921875, "var": 1467531.25}, "spectral_skewness": {"dmean": 0.170454233885, "dmean2": 0.283099651337, "dvar": 0.0236055385321, "dvar2": 0.0618113428354, "max": 3.08572173119, "mean": 1.38523936272, "median": 1.36054944992, "min": 0.0220442824066, "var": 0.0987539216876}, "spectral_spread": {"dmean": 380188.625, "dmean2": 585531.0625, "dvar": 434123112448, "dvar2": 676320837632, "max": 40341684, "mean": 402