{"lowlevel": {"average_loudness": 0.879169404507, "barkbands": {"dmean": [3.2967639072e-06, 0.000578663370106, 0.00199773255736, 0.0027861634735, 0.00258293678053, 0.00121748237871, 0.000517856737133, 0.000367598608136, 0.000384129321901, 0.000437821843661, 0.000332839903422, 0.000544272945262, 0.000431349297287, 0.000458430498838, 0.000676795782056, 0.000706757127773, 0.000606640183832, 0.000297037127893, 0.000197464687517, 0.000124435828184, 6.46597181913e-05, 3.04651712213e-05, 1.95946249733e-05, 1.27863813759e-05, 1.40696056405e-05, 2.63338297373e-05, 6.3515481088e-06], "dmean2": [5.40666633242e-06, 0.00101347279269, 0.00349410506897, 0.00490401266143, 0.00448443228379, 0.0021243004594, 0.000832648016512, 0.000584085006267, 0.000619614322204, 0.000695197551977, 0.000522271846421, 0.000816480198409, 0.000665313622449, 0.000731304462533, 0.00107142480556, 0.00112529506441, 0.000981739256531, 0.000479020556668, 0.000313814467518, 0.000193197818589, 9.89439649857e-05, 4.54189212178e-05, 2.79592604784e-05, 1.72621694219e-05, 1.63915756275e-05, 2.94572000712e-05, 7.47096692066e-06], "dvar": [3.86539238117e-11, 9.19713613712e-07, 1.4758317775e-05, 3.16938821925e-05, 2.13895618799e-05, 7.63183925301e-06, 1.00416741589e-06, 5.45838986454e-07, 8.26522295938e-07, 1.45035960486e-06, 6.48399350212e-07, 1.27208932099e-06, 7.84411042787e-07, 9.68444396676e-07, 2.21789946409e-06, 2.1889513846e-06, 8.69346081345e-07, 2.05326102787e-07, 7.86760878668e-08, 3.7265678543e-08, 1.11402735925e-08, 3.41614203592e-09, 1.75088843424e-09, 2.01576999537e-09, 6.82716327916e-10, 3.38690564483e-09, 2.17439191652e-10], "dvar2": [9.23446319412e-11, 2.5787519462e-06, 4.21920958615e-05, 9.31768299779e-05, 6.13996089669e-05, 2.18914392462e-05, 2.49268509833e-06, 1.24929329104e-06, 2.03706667889e-06, 3.36255106959e-06, 1.39061444315e-06, 2.49146796705e-06, 1.60371189395e-06, 2.38944539888e-06, 5.37267533218e-06, 5.50732556803e-06, 2.16750800064e-06, 5.16789441463e-07, 1.95316147256e-07, 9.11740727361e-08, 2.57000731807e-08, 8.12161093933e-09, 4.03025790519e-09, 4.12539113981e-09, 1.21724164082e-09, 5.67042635069e-09, 3.5994041081e-10], "max": [0.000114777867566, 0.0124899968505, 0.0493120327592, 0.0551359131932, 0.0821866989136, 0.0580510534346, 0.0273533221334, 0.0254065077752, 0.0378530845046, 0.0584577396512, 0.0192314498127, 0.0353000611067, 0.0225187893957, 0.0230417959392, 0.0646249055862, 0.087337449193, 0.0262822899967, 0.0137164602056, 0.00942403264344, 0.00663306890056, 0.00420424155891, 0.00267291697673, 0.00184015696868, 0.00265977159142, 0.000783833733294, 0.00216381321661, 0.000623821921181], "mean": [3.81868903787e-06, 0.000775003689341, 0.00238376925699, 0.00332232704386, 0.00356534053572, 0.00154040334746, 0.000782275106758, 0.000548390904441, 0.000542325840797, 0.000686629675329, 0.000585949339438, 0.00104636885226, 0.000868362374604, 0.000823230599053, 0.00130675686523, 0.00140013301279, 0.00118750787806, 0.000605430977885, 0.000447505299235, 0.000298711674986, 0.000165073404787, 8.13793085399e-05, 4.90067068313e-05, 3.05661342281e-05, 3.03875149257e-05, 4.4402317144e-05, 9.94101992546e-06], "median": [1.39372559715e-06, 0.000349378446117, 0.00100969255436, 0.00129938335158, 0.00196626177058, 0.000735530513339, 0.000336592493113, 0.000211685983231, 0.000214792089537, 0.000271847122349, 0.000156550551765, 0.000462493568193, 0.000392392161302, 0.000344408268575, 0.000591038842686, 0.000773376086727, 0.000738063477911, 0.000402966106776, 0.000312252843287, 0.000196119595785, 9.91340348264e-05, 3.5512886825e-05, 2.07259290619e-05, 1.30468170028e-05, 1.23436429931e-05, 8.45948125061e-06, 1.1798883861e-06], "min": [2.87797313735e-25, 1.06181565311e-24, 2.52604542563e-24, 5.47985817129e-24, 1.46387119579e-23, 1.06895275382e-23, 1.82872630643e-23, 9.80478611201e-24, 2.1105089995e-23, 2.3062479515e-23, 2.64160660627e-23, 3.19034503614e-23, 4.97552306516e-23, 4.80865658006e-23, 7.45152962362e-23, 9.72282930153e-23, 6.24865305832e-23, 1.10410335446e-22, 1.15657383804e-22, 2.41363265197e-22, 3.13951797071e-22, 2.06352961891e-22, 4.08729938602e-22, 6.25700034266e-22, 1.05131303512e-21, 1.42916100042e-21, 2.06697531286e-21], "var": [4.79481385152e-11, 1.07469668365e-06, 1.50185087477e-05, 2.9790246117e-05, 2.34445087699e-05, 7.66323137213e-06, 1.99802821044e-06, 1.15283989999e-06, 1.4816471321e-06, 2.56965699919e-06, 1.78898517333e-06, 3.9602346078e-06, 2.90282468995e-06, 2.28398153013e-06, 6.37831226413e-06, 4.80795506519e-06, 2.41163775172e-06, 4.99870452586e-07, 2.58032486045e-07, 1.31467359665e-07, 4.67424285944e-08, 1.73275012116e-08, 7.3944601553e-09, 5.44842704286e-09, 2.32049757187e-09, 7.98343080533e-09, 4.7746778753e-10]}, "barkbands_crest": {"dmean": 2.31830763817, "dmean2": 3.92123222351, "dvar": 4.49922370911, "dvar2": 12.398768425, "max": 23.7232151031, "mean": 7.86047172546, "median": 7.22241020203, "min": 2.58580040932, "var": 9.10091495514}, "barkbands_flatness_db": {"dmean": 0.0191727504134, "dmean2": 0.0301847346127, "dvar": 0.000365024839994, "dvar2": 0.000912261428311, "max": 0.301877588034, "mean": 0.117662638426, "median": 0.112427316606, "min": 0.023255225271, "var": 0.00134623178747}, "barkbands_kurtosis": {"dmean": 1.69771015644, "dmean2": 2.79186582565, "dvar": 11.2849140167, "dvar2": 25.0961837769, "max": 102.566886902, "mean": 1.44131863117, "median": -0.463192343712, "min": -1.86701583862, "var": 49.6959190369}, "barkbands_skewness": {"dmean": 0.55727738142, "dmean2": 0.899152219296, "dvar": 0.343133449554, "dvar2": 0.843402028084, "max": 8.55697631836, "mean": 0.716724812984, "median": 0.527401208878, "min": -4.5920290947, "var": 1.44297850132}, "barkbands_spread": {"dmean": 5.199655056, "dmean2": 8.25255298615, "dvar": 26.3099498749, "dvar2": 63.8089790344, "max": 120.112136841, "mean": 25.522108078, "median": 25.9126167297, "min": 1.53579592705, "var": 97.0147247314}, "dissonance": {"dmean": 0.0106526659802, "dmean2": 0.0181173160672, "dvar": 0.000130866988911, "dvar2": 0.000361863523722, "max": 0.500000178814, "mean": 0.480625778437, "median": 0.485251963139, "min": 0.229547321796, "var": 0.000311262148898}, "dynamic_complexity": 2.76127457619, "erbbands": {"dmean": [0.0045745591633, 0.190107837319, 1.76500332355, 6.69791507721, 8.93085479736, 9.19538402557, 7.07577037811, 10.5275917053, 8.28921699524, 6.68552017212, 7.6988568306, 9.1686296463, 12.9937047958, 12.4661769867, 13.2339372635, 24.3237819672, 19.4990940094, 20.9647674561, 24.3203849792, 39.1985931396, 33.827331543, 27.861366272, 17.3379230499, 12.7963838577, 6.94023609161, 6.21099376678, 3.42366933823, 2.0052986145, 1.30238187313, 0.728975296021, 0.470379263163, 0.318038970232, 0.209063723683, 0.157536655664, 0.105317160487, 0.0794611498713, 0.0564975962043, 0.0149025954306, 0.000990478554741, 2.84371453745e-05], "dmean2": [0.00776736810803, 0.334269225597, 3.07509183884, 11.681055069, 15.4494113922, 16.2431106567, 12.3539066315, 18.42537117, 13.4042024612, 10.5623626709, 12.2257041931, 14.6768016815, 20.3206615448, 19.6587581635, 20.435426712, 35.744354248, 29.7283687592, 33.0939292908, 38.186630249, 62.0696868896, 53.1704788208, 45.072063446, 27.8840141296, 20.4446296692, 10.7688617706, 9.70166110992, 5.22929000854, 3.08329367638, 1.9704233408, 1.06042587757, 0.660089492798, 0.448997676373, 0.280356138945, 0.20132240653, 0.122177608311, 0.0893866196275, 0.0664298087358, 0.0174003336579, 0.00113426067401, 3.26945628331e-05], "dvar": [6.50342117297e-05, 0.104508303106, 10.9065790176, 186.077758789, 172.797042847, 354.617218018, 201.376327515, 558.780212402, 345.276580811, 191.153549194, 221.430709839, 497.255706787, 1064.5748291, 1357.94055176, 1007.51745605, 2184.79150391, 1669.65612793, 1965.5357666, 2136.09130859, 7092.4453125, 3393.80419922, 1763.81530762, 699.717834473, 329.946777344, 101.949432373, 108.632301331, 27.4005432129, 14.3707885742, 6.46458816528, 2.14747691154, 1.01508700848, 1.01083779335, 0.5134755373, 0.127724036574, 0.0351159982383, 0.0256830845028, 0.0170134454966, 0.00124244694598, 5.19994910064e-06, 2.99636226941e-09], "dvar2": [0.000168436294189, 0.294371962547, 31.1068019867, 542.100952148, 481.261016846, 1039.74719238, 583.867370605, 1594.77697754, 852.920227051, 469.484649658, 529.077392578, 1225.69494629, 2388.56420898, 3283.50170898, 2076.64331055, 4183.53417969, 3347.49755859, 4971.58789063, 4980.74169922, 16996.25, 8329.61328125, 4524.46240234, 1777.54284668, 823.538330078, 253.940307617, 278.047851563, 64.6486434937, 33.1928710938, 15.5418481827, 4.88237667084, 2.23099446297, 2.18936276436, 1.06991291046, 0.263123512268, 0.0563134513795, 0.0407610051334, 0.0303870402277, 0.00218581594527, 8.53966866998e-06, 5.12263387265e-09], "max": [0.129037335515, 3.89886069298, 31.7056255341, 148.769989014, 151.747848511, 372.282073975, 211.423278809, 519.606384277, 789.469970703, 472.839111328, 351.421417236, 1141.63818359, 1143.4486084, 1322.90649414, 750.199035645, 1755.38818359, 1223.92834473, 1370.53515625, 1584.7869873, 3618.98266602, 1744.55627441, 1247.40319824, 833.24786377, 495.300415039, 352.224304199, 370.976165771, 159.167236328, 212.153488159, 110.092330933, 65.5509796143, 42.289768219, 54.5275001526, 40.3361816406, 12.7314968109, 5.58533525467, 6.39428281784, 4.78869485855, 1.60131657124, 0.0948528796434, 0.00241874856874], "mean": [0.00644918717444, 0.253860861063, 2.20337080956, 8.42949771881, 12.4617509842, 11.0251455307, 8.85513019562, 13.0751962662, 12.7831506729, 10.9418430328, 11.5630617142, 13.3107404709, 21.5292396545, 20.5289344788, 26.8200778961, 48.8387794495, 42.2128944397, 41.6948890686, 50.5534744263, 83.3121566772, 75.5177764893, 58.9612579346, 37.1017074585, 29.0400333405, 16.9690189362, 14.7100057602, 8.79219245911, 5.15627098083, 3.42181491852, 1.92937648296, 1.18489444256, 0.753804802895, 0.472569018602, 0.340425789356, 0.214831799269, 0.143844768405, 0.091095648706, 0.0235050432384, 0.00159630237613, 6.59746947349e-05], "median": [0.00340991932899, 0.121433675289, 1.04251599312, 3.17711400986, 6.80352067947, 5.05851078033, 4.59762334824, 5.64527130127, 5.93926477432, 4.8221783638, 5.06478691101, 5.77563762665, 8.54919433594, 7.22126245499, 10.4365005493, 22.2769699097, 20.7386074066, 20.2301826477, 28.0807952881, 43.1162490845, 48.3575782776, 40.069694519, 25.3339385986, 20.259853363, 12.4864587784, 9.56822776794, 5.80439853668, 2.82741308212, 1.53177380562, 0.78267121315, 0.534082829952, 0.326715260744, 0.192845612764, 0.137867391109, 0.0829456821084, 0.0402467511594, 0.0145916584879, 0.00281811272725, 0.000207669334486, 3.87489417335e-05], "min": [3.55755505436e-23, 3.52658387035e-22, 2.58916478043e-21, 1.42068657947e-20, 1.53464007925e-20, 5.22653456119e-20, 7.88884541261e-20, 1.0851424442e-19, 2.1178590859e-19, 3.30577277585e-19, 2.95878756948e-19, 3.7131220044e-19, 1.06788644849e-18, 8.9996258029e-19, 1.5492544866e-18, 1.70470850367e-18, 2.48329442658e-18, 2.96626533392e-18, 2.82722309719e-18, 5.73858452474e-18, 5.07217763118e-18, 5.1193008699e-18, 6.32608086941e-18, 6.15957023928e-18, 9.76918832271e-18, 1.05487886792e-17, 1.20158563613e-17, 1.32050401613e-17, 8.00656818057e-18, 1.34571623304e-17, 1.24062492145e-17, 1.29896340579e-17, 1.15844833263e-17, 9.07307365103e-18, 7.86501193517e-18, 4.67629643463e-18, 2.45751968549e-18, 9.86712113056e-19, 2.69574232523e-19, 2.91618873729e-20], "var": [8.44257301651e-05, 0.114795528352, 10.8794603348, 184.806030273, 237.597427368, 331.822570801, 193.654800415, 578.913757324, 672.901367188, 462.177276611, 370.704864502, 884.071716309, 2468.16723633, 2406.58984375, 3257.26367188, 8017.29052734, 6517.15820313, 5004.08740234, 5698.05126953, 19846.2929688, 9149.08886719, 4786.25097656, 1743.05957031, 1105.48339844, 325.265533447, 347.815704346, 110.3020401, 57.0384063721, 31.3579730988, 10.7291193008, 4.03898715973, 2.83326745033, 1.3128349781, 0.370103418827, 0.115459322929, 0.0697818174958, 0.0361584350467, 0.00262229028158, 1.17018616947e-05, 7.69807062539e-09]}, "erbbands_crest": {"dmean": 2.52287983894, "dmean2": 4.10542011261, "dvar": 5.93922901154, "dvar2": 14.6191778183, "max": 31.2004337311, "mean": 9.20726966858, "median": 8.24284172058, "min": 2.19881844521, "var": 16.9125328064}, "erbbands_flatness_db": {"dmean": 0.0184539444745, "dmean2": 0.0245860181749, "dvar": 0.000311154581141, "dvar2": 0.000522603048012, "max": 0.386107593775, "mean": 0.171723425388, "median": 0.168288514018, "min": 0.0321611464024, "var": 0.0021528925281}, "erbbands_kurtosis": {"dmean": 1.14357924461, "dmean2": 1.82695269585, "dvar": 2.9044919014, "dvar2": 6.94605255127, "max": 54.6093330383, "mean": 1.18354547024, "median": 0.446946561337, "min": -1.73790037632, "var": 9.85447788239}, "erbbands_skewness": {"dmean": 0.353568345308, "dmean2": 0.551284492016, "dvar": 0.11599996686, "dvar2": 0.266802728176, "max": 5.6774187088, "mean": -0.504536569118, "median": -0.570782899857, "min": -4.60988616943, "var": 0.751690685749}, "erbbands_spread": {"dmean": 7.39672803879, "dmean2": 11.7786369324, "dvar": 56.509765625, "dvar2": 132.326782227, "max": 122.431434631, "mean": 30.5465393066, "median": 28.1258411407, "min": 1.48798751831, "var": 218.102157593}, "gfcc": {"cov": [[10542.0615234, -163.67086792, -948.344055176, -30.2436313629, 49.2639312744, 146.783935547, -29.3612251282, 150.475646973, -204.316452026, 36.1121139526, -256.682891846, -20.1223430634, -185.21723938], [-163.67086792, 871.483093262, -264.237792969, 86.8433990479, 69.9848098755, -49.331905365, 121.419372559, -28.9800224304, 84.0844650269, -61.6730155945, 60.6630973816, -78.1491622925, 73.336151123], [-948.344055176, -264.237792969, 1206.27734375, 98.0090942383, 103.12474823, 84.5193786621, -53.0846061707, 68.0681304932, -51.4206199646, 23.415725708, -91.1326828003, 77.4029922485, -111.364624023], [-30.2436313629, 86.8433990479, 98.0090942383, 363.466949463, 1.14012420177, 19.4966907501, -2.82356142998, 47.6010742188, 53.8388023376, -22.4868774414, 18.1964302063, -43.0194244385, 2.58121418953], [49.2639312744, 69.9848098755, 103.12474823, 1.14012420177, 327.364959717, -2.43578505516, 36.6283798218, 35.6208076477, -26.3948745728, 20.1911849976, -36.713180542, 19.0318431854, -23.2752571106], [146.783935547, -49.331905365, 84.5193786621, 19.4966907501, -2.43578505516, 185.598144531, 50.559753418, -9.50238418579, -13.5237464905, -6.4404001236, -10.6692352295, -19.7014255524, -19.0021972656], [-29.3612251282, 121.419372559, -53.0846061707, -2.82356142998, 36.6283798218, 50.559753418, 157.712814331, 25.5973911285, 4.55386781693, -1.15176701546, 2.18211531639, -21.8948726654, -2.9330906868], [150.475646973, -28.9800224304, 68.0681304932, 47.6010742188, 35.6208076477, -9.50238418579, 25.5973911285, 124.580673218, 22.3154430389, -11.4900112152, -12.9609870911, -2.50727844238, -20.9663829803], [-204.316452026, 84.0844650269, -51.4206199646, 53.8388023376, -26.3948745728, -13.5237464905, 4.55386781693, 22.3154430389, 106.236335754, 10.5682563782, 9.64496898651, -23.1228084564, 12.0777397156], [36.1121139526, -61.6730155945, 23.415725708, -22.4868774414, 20.1911849976, -6.4404001236, -1.15176701546, -11.4900112152, 10.5682563782, 84.6585159302, 12.481710434, 4.99223661423, -18.7725849152], [-256.682891846, 60.6630973816, -91.1326828003, 18.1964302063, -36.713180542, -10.6692352295, 2.18211531639, -12.9609870911, 9.64496898651, 12.481710434, 92.6540222168, 1.34474289417, 4.34973621368], [-20.1223430634, -78.1491622925, 77.4029922485, -43.0194244385, 19.0318431854, -19.7014255524, -21.8948726654, -2.50727844238, -23.1228084564, 4.99223661423, 1.34474289417, 77.5396575928, 10.6631259918], [-185.21723938, 73.336151123, -111.364624023, 2.58121418953, -23.2752571106, -19.0021972656, -2.9330906868, -20.9663829803, 12.0777397156, -18.7725849152, 4.34973621368, 10.6631259918, 81.3971710205]], "icov": [[0.000207077042433, -0.000277637824183, 0.000458704133052, -0.000243927104748, 0.000241468776949, -0.000457048270619, 0.000457905698568, -0.000598130747676, 0.000754090724513, -0.000660566089209, 0.00117994565517, -0.000769123143982, 0.000954904127866], [-0.000277637824183, 0.00272571411915, -0.000793202838395, 0.000290347030386, -0.00144459435251, 0.00184103578795, -0.00250842073001, 0.00239935657009, -0.00274101947434, 0.00322899082676, -0.00342517951503, 0.00322861946188, -0.00272612390108], [0.000458704133052, -0.000793202838395, 0.00239613954909, -0.00119195133448, 0.000595644232817, -0.00174415332731, 0.0016048575053, -0.00176699308213, 0.00205624173395, -0.00199919613078, 0.00405591633171, -0.00379929458722, 0.00395515374839], [-0.000243927104748, 0.000290347030386, -0.00119195133448, 0.00406851479784, -0.000642260769382, 0.000167845515534, 0.000131614433485, -0.000444965233328, -0.00226410687901, 0.00184245361015, -0.00308999721892, 0.00348397810012, -0.00236119376495], [0.000241468776949, -0.00144459435251, 0.000595644232817, -0.000642260769382, 0.00451139034703, -0.000693221983965, 0.000351508584572, -0.0021788594313, 0.00275494484231, -0.00312341167592, 0.00378940301016, -0.00296127819456, 0.00232221186161], [-0.000457048270619, 0.00184103578795, -0.00174415332731, 0.000167845515534, -0.000693221983965, 0.00851361826062, -0.0045842397958, 0.00375229213387, -0.00185764860362, 0.00335376989096, -0.00311534386128, 0.00426891958341, -0.00184334849473], [0.000457905698568, -0.00250842073001, 0.0016048575053, 0.000131614433485, 0.000351508584572, -0.0045842397958, 0.0107560828328, -0.00491460599005, 0.00311806611717, -0.00363058759831, 0.00320938066579, -0.00152969267219, 0.00237439572811], [-0.000598130747676, 0.00239935657009, -0.00176699308213, -0.000444965233328, -0.0021788594313, 0.00375229213387, -0.00491460599005, 0.0137102911249, -0.00622964277864, 0.00611965870485, -0.00347954779863, 0.002143119229, -7.79214096838e-05], [0.000754090724513, -0.00274101947434, 0.00205624173395, -0.00226410687901, 0.00275494484231, -0.00185764860362, 0.00311806611717, -0.00622964277864, 0.0166013948619, -0.00755028799176, 0.00551559682935, -0.00122280034702, 0.00159317604266], [-0.000660566089209, 0.00322899082676, -0.00199919613078, 0.00184245361015, -0.00312341167592, 0.00335376989096, -0.00363058759831, 0.00611965870485, -0.00755028799176, 0.0190928261727, -0.00800220295787, 0.00360412383452, -0.000391513487557], [0.00117994565517, -0.00342517951503, 0.00405591633171, -0.00308999721892, 0.00378940301016, -0.00311534386128, 0.00320938066579, -0.00347954779863, 0.00551559682935, -0.00800220295787, 0.0217251535505, -0.00920539908111, 0.00837473571301], [-0.000769123143982, 0.00322861946188, -0.00379929458722, 0.00348397810012, -0.00296127819456, 0.00426891958341, -0.00152969267219, 0.002143119229, -0.00122280034702, 0.00360412383452, -0.00920539908111, 0.0241991896182, -0.0109863616526], [0.000954904127866, -0.00272612390108, 0.00395515374839, -0.00236119376495, 0.00232221186161, -0.00184334849473, 0.00237439572811, -7.79214096838e-05, 0.00159317604266, -0.000391513487557, 0.00837473571301, -0.0109863616526, 0.0233648102731]], "mean": [-1.12301230431, 80.8010787964, -136.563949585, 25.4365196228, -37.1464424133, -3.80059337616, -45.8968429565, -3.33415937424, -32.4123916626, -3.31199574471, -25.7754592896, -2.75681996346, -16.1314277649]}, "hfc": {"dmean": 5.65058088303, "dmean2": 7.81222200394, "dvar": 39.5743522644, "dvar2": 77.188293457, "max": 208.058456421, "mean": 23.8352622986, "median": 21.8432865143, "min": 1.11263124517e-16, "var": 257.648529053}, "melbands": {"dmean": [9.38165976549e-05, 0.000687844643835, 0.00113338092342, 0.000678336771671, 0.00025173384347, 0.000233988466789, 0.000123010118841, 7.46268488001e-05, 6.1256418121e-05, 5.96148565819e-05, 6.54042669339e-05, 5.15911306138e-05, 4.13249290432e-05, 6.36541444692e-05, 4.70814266009e-05, 4.47080637969e-05, 4.35446381744e-05, 3.94853086618e-05, 5.53594072699e-05, 5.85633715673e-05, 4.23422861786e-05, 3.48185421899e-05, 2.349254828e-05, 1.2233713278e-05, 1.16153487397e-05, 6.48313107376e-06, 4.51515779787e-06, 4.42472901341e-06, 2.58188379121e-06, 1.76693276899e-06, 1.11207100417e-06, 8.54220672863e-07, 4.93162644943e-07, 4.70751359671e-07, 3.2398776284e-07, 2.16456570001e-07, 2.09113835581e-07, 1.5131539044e-07, 1.55551873604e-07, 1.2783389991e-07], "dmean2": [0.000163814824191, 0.00119960517623, 0.00197433447465, 0.00118485302664, 0.000440552335931, 0.000408059131587, 0.000197821325855, 0.000117580806545, 9.77063245955e-05, 9.58122400334e-05, 0.000102314428659, 8.17685213406e-05, 6.48480054224e-05, 9.526728536e-05, 7.00739692547e-05, 6.85134073137e-05, 6.97038340149e-05, 6.26004693913e-05, 8.74420875334e-05, 9.4102913863e-05, 6.72646929161e-05, 5.68369905523e-05, 3.83628648706e-05, 1.95240390894e-05, 1.88345202332e-05, 1.03293486973e-05, 7.08040897734e-06, 7.03560317561e-06, 4.04355796491e-06, 2.75986781162e-06, 1.74280501142e-06, 1.31984268137e-06, 7.53635731598e-07, 7.08157472218e-07, 4.768028532e-07, 3.15906788728e-07, 3.06841087649e-07, 2.14216981931e-07, 2.10938480905e-07, 1.67430329157e-07], "dvar": [2.46710332164e-08, 1.62356946021e-06, 4.82819450554e-06, 1.52919528773e-06, 2.26042388363e-07, 2.78384220564e-07, 6.65767601049e-08, 2.3226512269e-08, 1.41841800527e-08, 2.16745057458e-08, 2.81737726482e-08, 2.47487825789e-08, 9.48898470909e-09, 1.86537718605e-08, 7.25107129895e-09, 8.77109851416e-09, 9.50718082038e-09, 6.01504179798e-09, 1.87980759847e-08, 1.98458689482e-08, 5.94642379781e-09, 3.18132920007e-09, 1.47830492292e-09, 4.22613360973e-10, 2.88145701743e-10, 1.10442169299e-10, 5.0016189107e-11, 5.6630589107e-11, 1.56722551603e-11, 1.11236766326e-11, 4.80833255156e-12, 2.71369905713e-12, 1.1129359153e-12, 1.10070177799e-12, 4.83198604826e-13, 3.09490416151e-13, 5.24500256595e-13, 2.97642552965e-13, 2.00524763894e-13, 7.79806381686e-14], "dvar2": [6.87624464035e-08, 4.62647903987e-06, 1.40236734296e-05, 4.37998460256e-06, 6.59545946746e-07, 7.88062891388e-07, 1.63370813766e-07, 5.53319345897e-08, 3.39493269053e-08, 5.34942401487e-08, 6.2781531085e-08, 5.98786797923e-08, 2.0346732299e-08, 3.57497782488e-08, 1.50203263161e-08, 1.71781593394e-08, 2.41796733746e-08, 1.38322384657e-08, 4.64074645379e-08, 4.94908576343e-08, 1.42650913304e-08, 8.13731393379e-09, 3.72609232357e-09, 1.05490782776e-09, 7.28569593544e-10, 2.86790841075e-10, 1.16068335498e-10, 1.4752224442e-10, 3.84150107557e-11, 2.69340730275e-11, 1.1447694355e-11, 6.61541958366e-12, 2.6976444082e-12, 2.68885131174e-12, 1.16023748768e-12, 6.73971187019e-13, 1.18520904896e-12, 6.3830879601e-13, 4.30162903995e-13, 1.68313456163e-13], "max": [0.00192880537361, 0.0123284356669, 0.0218327026814, 0.0222879573703, 0.00623722933233, 0.0133499028161, 0.0106702269986, 0.00593309896067, 0.00265738763846, 0.00746827432886, 0.00571999000385, 0.00673746084794, 0.00257980590686, 0.00412677554414, 0.00242313812487, 0.00276648718864, 0.00289322668687, 0.00236972980201, 0.00654881540686, 0.00932342000306, 0.00210061529651, 0.0018926615594, 0.000908673857339, 0.00096816936275, 0.000483362004161, 0.000505073578097, 0.000276055245195, 0.000273090874543, 0.000123274105135, 0.000123159057694, 0.000121699413285, 5.31419136678e-05, 6.24375534244e-05, 5.06405413034e-05, 3.14562275889e-05, 2.1086741981e-05, 4.14458882005e-05, 3.05665525957e-05, 2.08271012525e-05, 9.64891933108e-06], "mean": [0.000126947707031, 0.000879577361047, 0.00153867073823, 0.000893704593182, 0.000322692620102, 0.000296391983284, 0.000191783314222, 0.000120732831419, 8.93428950803e-05, 8.50035285112e-05, 0.000105537939817, 7.93789949967e-05, 7.69003163441e-05, 0.000124430123833, 9.7144045867e-05, 8.84798573679e-05, 7.81588532845e-05, 7.27286605979e-05, 0.000107674968604, 0.000114198803203, 8.48278723424e-05, 6.66646519676e-05, 4.41156807938e-05, 2.50445755228e-05, 2.39342971327e-05, 1.39266894621e-05, 1.01373771031e-05, 9.60084707913e-06, 5.86846635997e-06, 4.03501871915e-06, 2.58766203842e-06, 2.06825779969e-06, 1.22851372453e-06, 1.076782155e-06, 7.40017753742e-07, 4.9037981853e-07, 4.45694809059e-07, 3.22128983044e-07, 3.18631293794e-07, 2.67454623781e-07], "median": [6.24213716947e-05, 0.000420266616857, 0.00071923492942, 0.000467021513032, 0.000170111859916, 0.000131724853418, 8.8550223154e-05, 5.0889688282e-05, 3.8179117837e-05, 3.55620177288e-05, 3.94028902519e-05, 2.50569555647e-05, 2.43563827098e-05, 5.25173527421e-05, 5.02593247802e-05, 3.61651036656e-05, 3.24070715578e-05, 3.82846774301e-05, 4.5602901082e-05, 5.80574087508e-05, 5.13340419275e-05, 4.20497635787e-05, 2.77511499007e-05, 1.64767734532e-05, 1.55672023539e-05, 9.69047687249e-06, 6.64082563162e-06, 5.98425958742e-06, 3.84057011615e-06, 2.21676373258e-06, 1.31397882797e-06, 9.17572322123e-07, 4.58307027884e-07, 4.13967683244e-07, 3.33782736561e-07, 1.96939566877e-07, 1.96128496555e-07, 1.28014519873e-07, 1.29272109461e-07, 1.06397820332e-07], "min": [5.06638372896e-25, 9.39189986409e-25, 2.9737494301e-24, 2.04459513492e-24, 2.50783240226e-24, 2.35004286628e-24, 3.54011349751e-24, 3.46849084378e-24, 2.40349253134e-24, 2.61950651023e-24, 4.92745595583e-24, 3.01815539654e-24, 4.58885752821e-24, 3.35937678666e-24, 3.38546599452e-24, 5.99738800158e-24, 5.29657225642e-24, 4.52369761744e-24, 6.54640324274e-24, 5.46645384679e-24, 4.10093404213e-24, 3.47083218294e-24, 4.22595232396e-24, 5.67190517537e-24, 4.43738282377e-24, 5.04956886294e-24, 5.81375380462e-24, 5.45321360535e-24, 6.43687187821e-24, 5.38844536402e-24, 6.56470718233e-24, 4.51992291801e-24, 3.58402110107e-24, 7.37646714191e-24, 6.39317963368e-24, 7.40133440422e-24, 7.70804589075e-24, 8.23466418753e-24, 6.15481229496e-24, 7.67551721133e-24], "var": [2.89822690291e-08, 1.65560049936e-06, 5.05913931192e-06, 1.60707327268e-06, 2.30619619401e-07, 3.06270266037e-07, 1.35223857001e-07, 5.76413476949e-08, 2.31114327676e-08, 3.89785590471e-08, 6.44485922408e-08, 4.07407405589e-08, 2.85991088589e-08, 6.00804810347e-08, 2.47471270143e-08, 3.43633992372e-08, 2.2946045064e-08, 1.29110322433e-08, 5.53041665796e-08, 4.17196233116e-08, 1.43339189407e-08, 8.09392908252e-09, 3.13732617663e-09, 1.00198083164e-09, 8.9034679629e-10, 2.82039253063e-10, 1.66007638192e-10, 1.64435853822e-10, 4.99187184644e-11, 3.70904765234e-11, 1.66990431899e-11, 1.15693999519e-11, 4.89728830405e-12, 3.89928410741e-12, 1.59284293654e-12, 9.7410187555e-13, 1.18184542014e-12, 7.06649474179e-13, 4.56336899692e-13, 2.23101065074e-13]}, "melbands_crest": {"dmean": 3.51612854004, "dmean2": 5.98429489136, "dvar": 9.60215187073, "dvar2": 26.7247486115, "max": 30.7725467682, "mean": 12.220041275, "median": 11.6624326706, "min": 1.53238165379, "var": 20.6206264496}, "melbands_flatness_db": {"dmean": 0.0248410776258, "dmean2": 0.0404221117496, "dvar": 0.000637999444734, "dvar2": 0.0017033702461, "max": 0.424590110779, "mean": 0.170443877578, "median": 0.163434565067, "min": 0.0042163557373, "var": 0.00246747909114}, "melbands_kurtosis": {"dmean": 4.38875007629, "dmean2": 7.23914384842, "dvar": 73.1826477051, "dvar2": 166.028106689, "max": 261.886749268, "mean": 5.83538484573, "median": 1.47797858715, "min": -1.86870086193, "var": 191.089431763}, "melbands_skewness": {"dmean": 0.738175570965, "dmean2": 1.19518530369, "dvar": 0.630026340485, "dvar2": 1.57063472271, "max": 12.2540178299, "mean": 1.72158408165, "median": 1.49426043034, "min": -3.01812028885, "var": 2.16157984734}, "melbands_spread": {"dmean": 9.52165126801, "dmean2": 15.4287366867, "dvar": 89.8323287964, "dvar2": 225.998321533, "max": 156.504882813, "mean": 35.8503036499, "median": 35.4655609131, "min": 0.947538077831, "var": 311.234100342}, "mfcc": {"cov": [[6540.18847656, 167.164901733, -572.571044922, 58.9550857544, -104.629722595, -6.59140920639, 34.7145957947, 16.1682167053, 30.0029964447, 43.2301254272, 13.8000259399, -18.319890976, 6.64515638351], [167.164901733, 768.929748535, -208.132278442, 63.3579368591, 22.3549156189, 18.5685367584, 50.3718719482, 10.819275856, 55.4568443298, -11.8600845337, -17.5548057556, 42.8653259277, 0.925360023975], [-572.571044922, -208.132278442, 827.918579102, 52.5609474182, 107.005882263, 64.9170074463, 8.82221221924, 77.7803726196, 0.0596450120211, 13.0946264267, 39.1763763428, -30.6375732422, -5.59567928314], [58.9550857544, 63.3579368591, 52.5609474182, 305.241851807, 105.573776245, -24.8810768127, 11.1979780197, 37.2322158813, 42.4205474854, 25.5640239716, 7.98247671127, 21.8008785248, 26.9164810181], [-104.629722595, 22.3549156189, 107.005882263, 105.573776245, 234.696273804, 18.4299449921, 21.43592453, 28.0142288208, 16.0338497162, 9.51018810272, -4.84751176834, -0.509270608425, 15.3884620667], [-6.59140920639, 18.5685367584, 64.9170074463, -24.8810768127, 18.4299449921, 164.742156982, 51.8045768738, -4.28400707245, 16.3813304901, 1.22975361347, 10.4903488159, 1.76002204418, -2.22692513466], [34.7145957947, 50.3718719482, 8.82221221924, 11.1979780197, 21.43592453, 51.8045768738, 149.991317749, 44.1680259705, 5.93883657455, 13.4980163574, 11.053650856, 7.54908943176, -0.445338189602], [16.1682167053, 10.819275856, 77.7803726196, 37.2322158813, 28.0142288208, -4.28400707245, 44.1680259705, 117.840278625, 38.8454971313, 12.8921108246, 5.98061656952, -0.13290694356, 4.70027685165], [30.0029964447, 55.4568443298, 0.0596450120211, 42.4205474854, 16.0338497162, 16.3813304901, 5.93883657455, 38.8454971313, 107.783805847, 27.871805191, -5.51769161224, 1.73270153999, -0.527797400951], [43.2301254272, -11.8600845337, 13.0946264267, 25.5640239716, 9.51018810272, 1.22975361347, 13.4980163574, 12.8921108246, 27.871805191, 88.5152816772, 37.0885658264, -3.62331914902, -8.59642791748], [13.8000259399, -17.5548057556, 39.1763763428, 7.98247671127, -4.84751176834, 10.4903488159, 11.053650856, 5.98061656952, -5.51769161224, 37.0885658264, 78.7076644897, 26.453578949, -2.59532785416], [-18.319890976, 42.8653259277, -30.6375732422, 21.8008785248, -0.509270608425, 1.76002204418, 7.54908943176, -0.13290694356, 1.73270153999, -3.62331914902, 26.453578949, 76.8623809814, 26.2999973297], [6.64515638351, 0.925360023975, -5.59567928314, 26.9164810181, 15.3884620667, -2.22692513466, -0.445338189602, 4.70027685165, -0.527797400951, -8.59642791748, -2.59532785416, 26.2999973297, 65.782989502]], "icov": [[0.000168013531948, -7.14548332326e-06, 0.000138515504659, -7.52291598474e-05, 6.54648829368e-05, -6.81298479321e-05, 7.63513435231e-06, -0.000106368825072, 2.29757461057e-05, -2.89500931103e-05, -0.000121048782603, 0.000184087533853, -6.62486781948e-05], [-7.14548332326e-06, 0.00158257293515, 0.000394004164264, -0.000268769596005, -0.000164260447491, -0.000143689103425, -0.000459987728391, 4.10070642829e-05, -0.000731358770281, 0.000439798779553, 0.000305636931444, -0.000862429151312, 0.00055792578496], [0.000138515504659, 0.000394004164264, 0.00176288071088, -0.000281803659163, -0.000538686814252, -0.000886675261427, 0.000515528372489, -0.00133252923843, 0.000355998286977, 0.000408271414926, -0.00115313462447, 0.000942336628214, 7.43934942875e-05], [-7.52291598474e-05, -0.000268769596005, -0.000281803659163, 0.0045471903868, -0.00179780216422, 0.00121208338533, -0.000176125889993, -0.000118378266052, -0.00129579822533, -0.000754636479542, -8.80972947925e-05, -0.000868538627401, -0.00116956059355], [6.54648829368e-05, -0.000164260447491, -0.000538686814252, -0.00179780216422, 0.0055587971583, -0.00069717632141, -0.00029202530277, -0.000401952129323, 0.000408679654356, -0.000577220227569, 0.00106773071457, 0.00034624314867, -0.000780185102485], [-6.81298479321e-05, -0.000143689103425, -0.000886675261427, 0.00121208338533, -0.00069717632141, 0.00821700319648, -0.00347000057809, 0.00285767996684, -0.00280541880056, 0.00136634963565, -0.00152287457604, 0.000298853236018, -0.000372408219846], [7.63513435231e-06, -0.000459987728391, 0.000515528372489, -0.000176125889993, -0.00029202530277, -0.00347000057809, 0.00944017246366, -0.0045056687668, 0.0024552620016, -0.00170606921893, 0.000388997985283, -0.000817681429908, 0.000597313453909], [-0.000106368825072, 4.10070642829e-05, -0.00133252923843, -0.000118378266052, -0.000401952129323, 0.00285767996684, -0.0045056687668, 0.0129765663296, -0.00513555062935, 0.0011738591129, -0.00128761515953, 0.000840449647512, -0.00109628750943], [2.29757461057e-05, -0.000731358770281, 0.000355998286977, -0.00129579822533, 0.000408679654356, -0.00280541880056, 0.0024552620016, -0.00513555062935, 0.013970493339, -0.00567865883932, 0.00450343871489, -0.00173614127561, 0.00100323522929], [-2.89500931103e-05, 0.000439798779553, 0.000408271414926, -0.000754636479542, -0.000577220227569, 0.00136634963565, -0.00170606921893, 0.0011738591129, -0.00567865883932, 0.0181322414428, -0.0106141362339, 0.00474654044956, 0.000433612498455], [-0.000121048782603, 0.000305636931444, -0.00115313462447, -8.80972947925e-05, 0.00106773071457, -0.00152287457604, 0.000388997985283, -0.00128761515953, 0.00450343871489, -0.0106141362339, 0.0225181709975, -0.0101214721799, 0.00332325370982], [0.000184087533853, -0.000862429151312, 0.000942336628214, -0.000868538627401, 0.00034624314867, 0.000298853236018, -0.000817681429908, 0.000840449647512, -0.00173614127561, 0.00474654044956, -0.0101214721799, 0.020632179454, -0.0077491030097], [-6.62486781948e-05, 0.00055792578496, 7.43934942875e-05, -0.00116956059355, -0.000780185102485, -0.000372408219846, 0.000597313453909, -0.00109628750943, 0.00100323522929, 0.000433612498455, 0.00332325370982, -0.0077491030097, 0.0192314069718]], "mean": [-639.977294922, 119.26914978, -35.2898483276, 29.378112793, 12.3368644714, 3.62401866913, -4.99058675766, -4.72718095779, -4.01886415482, -7.1723408699, -9.48712539673, -3.93928265572, -4.03678131104]}, "pitch_salience": {"dmean": 0.0712772831321, "dmean2": 0.119203530252, "dvar": 0.00366093614139, "dvar2": 0.0101755717769, "max": 0.909181833267, "mean": 0.588007509708, "median": 0.593806266785, "min": 0.124933496118, "var": 0.00827852264047}, "silence_rate_20dB": {"dmean": 0, "dmean2": 0, "dvar": 0, "dvar2": 0, "max": 1, "mean": 1, "median": 1, "min": 1, "var": 0}, "silence_rate_30dB": {"dmean": 0, "dmean2": 0, "dvar": 0, "dvar2": 0, "max": 1, "mean": 1, "median": 1, "min": 1, "var": 0}, "silence_rate_60dB": {"dmean": 0.0195223260671, "dmean2": 0.0390473566949, "dvar": 0.019139142707, "dvar2": 0.0419545583427, "max": 1, "mean": 0.0583552531898, "median": 0, "min": 0, "var": 0.0549586825073}, "spectral_centroid": {"dmean": 269.772247314, "dmean2": 431.211273193, "dvar": 79968.21875, "dvar2": 189358.453125, "max": 11707.3554688, "mean": 1677.51708984, "median": 1725.29199219, "min": 191.574554443, "var": 426974.5625}, "spectral_complexity": {"dmean": 4.3551402092, "dmean2": 6.159927845, "dvar": 15.9112701416, "dvar2": 27.0834217072, "max": 54, "mean": 25.3044433594, "median": 26, "min": 0, "var": 112.255897522}, "spectral_contrast_coeffs": {"dmean": [0.0576396360993, 0.0521110482514, 0.0412944816053, 0.033812828362, 0.0226895771921, 0.0184441972524], "dmean2": [0.0975897312164, 0.0868626013398, 0.0666244626045, 0.053775832057, 0.0371283553541, 0.0279269199818], "dvar": [0.00218887371011, 0.00177631492261, 0.00113507825881, 0.00077503034845, 0.000355911935912, 0.000300241808873], "dvar2": [0.00590450875461, 0.00494462903589, 0.00282609439455, 0.00184101692867, 0.000876789621543, 0.000597730278969], "max": [-0.279423981905, -0.409122407436, -0.470748543739, -0.451891809702, -0.575637996197, -0.55688726902], "mean": [-0.579889655113, -0.74988669157, -0.776447355747, -0.755829691887, -0.774110674858, -0.750019848347], "median": [-0.582567334175, -0.754661202431, -0.783766150475, -0.758022665977, -0.773927211761, -0.751781463623], "min": [-0.981983423233, -0.971967458725, -0.973696231842, -0.971217393875, -0.965136528015, -0.964381158352], "var": [0.00562009075657, 0.00453382590786, 0.00417372630909, 0.00350142898969, 0.00168653181754, 0.00216037477367]}, "spectral_contrast_valleys": {"dmean": [0.508917629719, 0.41445940733, 0.36063683033, 0.309697002172, 0.240958616138, 0.248763918877], "dmean2": [0.841861844063, 0.662171900272, 0.558690965176, 0.461289137602, 0.345422655344, 0.277400821447], "dvar": [0.208476811647, 0.149135395885, 0.125382229686, 0.103713817894, 0.0715085938573, 0.0731389448047], "dvar2": [0.476737588644, 0.316060394049, 0.249589011073, 0.186541646719, 0.120743975043, 0.107597783208], "max": [-5.72997665405, -4.80093288422, -5.33017873764, -5.6309709549, -5.63681507111, -8.13487148285], "mean": [-7.78299045563, -6.90074777603, -7.30201339722, -7.25051164627, -7.20396661758, -10.4528093338], "median": [-7.57609844208, -6.76017808914, -7.1143116951, -7.03706169128, -6.95920753479, -10.3035793304], "min": [-27.975063324, -28.3572750092, -27.6849536896, -27.4374198914, -27.4265422821, -27.4196376801], "var": [1.65078830719, 1.58631706238, 1.62365615368, 1.6430863142, 1.60118091106, 1.33432281017]}, "spectral_decrease": {"dmean": 2.04608907595e-09, "dmean2": 3.37177286092e-09, "dvar": 8.54033624933e-18, "dvar2": 2.23847481466e-17, "max": 1.29759657255e-18, "mean": -5.55585488726e-09, "median": -4.72355665693e-09, "min": -2.63626649399e-08, "var": 1.5859444549e-17}, "spectral_energy": {"dmean": 0.0080729322508, "dmean2": 0.0131831737235, "dvar": 0.000126341881696, "dvar2": 0.00032708173967, "max": 0.102966234088, "mean": 0.0231309961528, "median": 0.019989784807, "min": 1.02364755948e-20, "var": 0.000256277271546}, "spectral_energyband_high": {"dmean": 0.000179529306479, "dmean2": 0.000233368002228, "dvar": 6.10701036408e-08, "dvar2": 1.15023013336e-07, "max": 0.0106912497431, "mean": 0.00056172296172, "median": 0.000374505005311, "min": 7.06632447647e-21, "var": 4.1854104893e-07}, "spectral_energyband_low": {"dmean": 0.00383662804961, "dmean2": 0.00667478563264, "dvar": 5.83052824368e-05, "dvar2": 0.00016851988039, "max": 0.0722233876586, "mean": 0.00518947746605, "median": 0.00218863878399, "min": 9.71551230109e-24, "var": 6.06573776167e-05}, "spectral_energyband_middle_high": {"dmean": 0.00250816182233, "dmean2": 0.00363299320452, "dvar": 9.88781084743e-06, "dvar2": 2.04373245651e-05, "max": 0.0962486341596, "mean": 0.00895603373647, "median": 0.00731466710567, "min": 1.40934683396e-21, "var": 5.30823745066e-05}, "spectral_energyband_middle_low": {"dmean": 0.00555271655321, "dmean2": 0.00938916578889, "dvar": 7.17163493391e-05, "dvar2": 0.000190990496776, "max": 0.09128677845, "mean": 0.0106087932363, "median": 0.00715150497854, "min": 1.56838207598e-22, "var": 0.000108460480988}, "spectral_entropy": {"dmean": 0.115070842206, "dmean2": 0.177366554737, "dvar": 0.0124629996717, "dvar2": 0.0281866192818, "max": 9.81556510925, "mean": 7.6014342308, "median": 7.62312412262, "min": 6.02083444595, "var": 0.0809777528048}, "spectral_flux": {"dmean": 0.0236562546343, "dmean2": 0.0376779809594, "dvar": 0.000843617017381, "dvar2": 0.00188411213458, "max": 0.286785632372, "mean": 0.0859355255961, "median": 0.0801748782396, "min": 6.3451494059e-11, "var": 0.001774254255}, "spectral_kurtosis": {"dmean": 1.69607388973, "dmean2": 2.88161277771, "dvar": 3.6332757473, "dvar2": 10.7054462433, "max": 34.0849876404, "mean": 6.38566684723, "median": 6.10981369019, "min": -1.2452121973, "var": 8.03653240204}, "spectral_rms": {"dmean": 0.000789636746049, "dmean2": 0.00124274974223, "dvar": 9.21418404687e-07, "dvar2": 2.18501145355e-06, "max": 0.010022717528, "mean": 0.00443062419072, "median": 0.00441613281146, "min": 3.16019064216e-12, "var": 2.93635935122e-06}, "spectral_rolloff": {"dmean": 421.716156006, "dmean2": 712.495666504, "dvar": 339609.875, "dvar2": 806049.125, "max": 19422.9492188, "mean": 2028.60888672, "median": 2131.78710938, "min": 150.732421875, "var": 1219864}, "spectral_skewness": {"dmean": 0.214922964573, "dmean2": 0.336891740561, "dvar": 0.0429340600967, "dvar2": 0.108297586441, "max": 4.2207274437, "mean": 1.62578606606, "median": 1.62620389462, "min": -0.0609364286065, "var": 0.164508342743}, "spectral_spread": {"dmean": 412206, "dmean2": 532793.75, "dvar": 334987329536, "dvar2": 603681587200, "max": 42216488, "mean": 3684768, "median": 3401126.75, "min": 1329562.125, "var": 3372489113600.0}, "spectral_strongpeak": {"dmean": 0