{"lowlevel": {"average_loudness": 0.921409785748, "barkbands": {"dmean": [6.56338215776e-06, 0.00100368820131, 0.0014262071345, 0.00205412460491, 0.00141986226663, 0.000817833119072, 0.000764177646488, 0.000510220706929, 0.000807240838185, 0.000665497325826, 0.000486242119223, 0.000505326956045, 0.000559428124689, 0.000563151668757, 0.000573035678826, 0.00031481240876, 0.000340355647495, 0.000279464875348, 0.000159516988788, 9.45392312133e-05, 6.30146678304e-05, 4.50548759545e-05, 3.22948762914e-05, 3.16771256621e-05, 1.98979669221e-05, 1.01810092019e-05, 5.51924586034e-06], "dmean2": [1.13847390821e-05, 0.00165459420532, 0.00237793731503, 0.00349334371276, 0.00237351888791, 0.00133700843435, 0.0012485946063, 0.000821029767394, 0.0012499607401, 0.00102738442365, 0.000757037079893, 0.000794441206381, 0.000878314429428, 0.000878117221873, 0.000932072172873, 0.000509470526595, 0.00056132953614, 0.000446338381153, 0.000254441023571, 0.000150565174408, 9.49693931034e-05, 6.45586987957e-05, 4.54574364994e-05, 4.22758021159e-05, 2.67889809038e-05, 1.44786890814e-05, 9.74531849351e-06], "dvar": [2.77918826841e-10, 2.67323503067e-06, 4.32832121078e-06, 1.01639616332e-05, 6.28453244644e-06, 2.71828639598e-06, 1.91308663489e-06, 1.83099291462e-06, 2.93102675641e-06, 2.4098560516e-06, 1.46624392983e-06, 1.42092005717e-06, 1.10178984869e-06, 8.65048946253e-07, 7.61706814956e-07, 2.52881278584e-07, 2.86436034003e-07, 2.30480793562e-07, 7.29380857933e-08, 2.46138878168e-08, 1.43525937801e-08, 7.21561566053e-09, 3.87070464569e-09, 4.74389594274e-09, 1.77682357716e-09, 6.69937050279e-10, 4.90236573558e-10], "dvar2": [7.43148986793e-10, 6.86653402227e-06, 1.1334473129e-05, 2.69242918876e-05, 1.686750511e-05, 6.5429821916e-06, 4.92841309097e-06, 4.0618060666e-06, 6.42945087748e-06, 5.32844796908e-06, 3.05696403302e-06, 3.33476691594e-06, 2.613311608e-06, 1.96659289031e-06, 2.00945805773e-06, 6.36434776879e-07, 7.56346764774e-07, 5.73867055209e-07, 1.79893461905e-07, 6.28323988394e-08, 3.19638076007e-08, 1.49129757432e-08, 7.82070674887e-09, 8.55822435142e-09, 3.08753422829e-09, 1.5374482798e-09, 1.38107381087e-09], "max": [0.00035783421481, 0.0188596956432, 0.0246288403869, 0.0415263622999, 0.0359404832125, 0.0323756784201, 0.0229855440557, 0.0315003022552, 0.0281733740121, 0.0418783538043, 0.0303107444197, 0.0264098383486, 0.0204890053719, 0.0199160277843, 0.0145018622279, 0.00994611904025, 0.00967433024198, 0.0108272461221, 0.0110476668924, 0.00295622460544, 0.00423050997779, 0.00132587691769, 0.0015979175223, 0.00254145730287, 0.00186907919124, 0.000655243813526, 0.000454404565971], "mean": [5.8624355006e-06, 0.00169637717772, 0.00230553280562, 0.00298245809972, 0.0021833574865, 0.00135225884151, 0.00124060525559, 0.000709141895641, 0.00136685359757, 0.00110809563193, 0.000844024005346, 0.000908353773411, 0.00102372991387, 0.00107146124355, 0.00118832767475, 0.000665819796268, 0.000707103521563, 0.000614086689893, 0.000372303125914, 0.000207495235372, 0.000128963001771, 8.58331623022e-05, 5.53440622753e-05, 5.348794366e-05, 3.34306932928e-05, 1.29556465254e-05, 3.94863809561e-06], "median": [1.55434725002e-06, 0.00125677685719, 0.00126919732429, 0.00190984923393, 0.00133479665965, 0.000767147634178, 0.000668000837322, 0.000276151986327, 0.000469355785754, 0.000434003392002, 0.000247867079452, 0.000291703967378, 0.000411866523791, 0.000570263946429, 0.00075730291428, 0.000427683349699, 0.000419233459979, 0.000275649596006, 0.000203385949135, 9.90610569715e-05, 5.74365767534e-05, 3.45516455127e-05, 2.15014406422e-05, 1.88149642781e-05, 1.16533010441e-05, 2.72118040812e-06, 2.09790414374e-07], "min": [3.34835701917e-13, 2.51547968653e-13, 1.0389036128e-14, 1.196148842e-14, 1.72633327582e-14, 2.29918487677e-14, 2.43535626507e-14, 6.57015928614e-15, 4.3065408146e-15, 3.4480904985e-15, 6.56614646756e-15, 3.20393981596e-15, 6.62491446047e-15, 3.15815937922e-15, 1.740817031e-14, 1.09653827563e-14, 2.00648362095e-15, 1.46864459274e-15, 1.44686762978e-14, 1.32339021604e-14, 1.38838364701e-14, 1.21141364626e-14, 3.51975427157e-14, 6.43247120066e-14, 8.08258015096e-14, 1.91090510928e-13, 1.81097175559e-13], "var": [2.19307169647e-10, 3.35815570907e-06, 6.98200619809e-06, 1.24809512272e-05, 7.42489919503e-06, 3.82242933483e-06, 3.04193054035e-06, 3.24463212564e-06, 7.08694688001e-06, 4.90886031912e-06, 3.61656202585e-06, 4.26469568993e-06, 2.77412414107e-06, 2.36823802879e-06, 1.88706178506e-06, 6.10320057604e-07, 7.00497082562e-07, 7.05605259554e-07, 2.33724165355e-07, 7.33754745852e-08, 4.14161966944e-08, 2.00592147337e-08, 9.11078590349e-09, 1.1031436209e-08, 4.11647826937e-09, 9.22599330266e-10, 3.02808500496e-10]}, "barkbands_crest": {"dmean": 1.94640779495, "dmean2": 3.23145222664, "dvar": 3.29691076279, "dvar2": 8.58893203735, "max": 23.3287086487, "mean": 7.59196853638, "median": 6.93643093109, "min": 2.21928715706, "var": 9.47569084167}, "barkbands_flatness_db": {"dmean": 0.0171840507537, "dmean2": 0.0250101685524, "dvar": 0.000277897372143, "dvar2": 0.000581762229558, "max": 0.300393640995, "mean": 0.122079797089, "median": 0.113937042654, "min": 0.0148365562782, "var": 0.00187200249638}, "barkbands_kurtosis": {"dmean": 1.23885059357, "dmean2": 1.97939920425, "dvar": 6.12485694885, "dvar2": 14.9309558868, "max": 90.4610290527, "mean": 0.874787926674, "median": -0.337976574898, "min": -1.84203183651, "var": 16.440536499}, "barkbands_skewness": {"dmean": 0.402063161135, "dmean2": 0.620911717415, "dvar": 0.163610264659, "dvar2": 0.379988074303, "max": 8.24196052551, "mean": 0.834163844585, "median": 0.691077828407, "min": -2.01715397835, "var": 0.833098173141}, "barkbands_spread": {"dmean": 4.38832759857, "dmean2": 6.79345273972, "dvar": 18.2104225159, "dvar2": 42.7335968018, "max": 137.974121094, "mean": 24.6946659088, "median": 24.1735954285, "min": 1.50977313519, "var": 137.093978882}, "dissonance": {"dmean": 0.0134790809825, "dmean2": 0.0227680318058, "dvar": 0.000224555231398, "dvar2": 0.000602849177085, "max": 0.500000119209, "mean": 0.474844098091, "median": 0.480534821749, "min": 0.285702288151, "var": 0.000455442757811}, "dynamic_complexity": 3.39734101295, "erbbands": {"dmean": [0.0163369178772, 0.270582616329, 1.16356050968, 5.18350744247, 4.47282457352, 5.64665651321, 4.53631353378, 7.86732959747, 10.848482132, 11.0307893753, 12.6127557755, 19.7712879181, 20.7011508942, 17.2550697327, 17.8724422455, 21.7235240936, 24.5462493896, 24.2300853729, 25.2473239899, 30.6377773285, 16.1275596619, 15.9000473022, 15.472111702, 9.74200630188, 6.53729009628, 4.52697849274, 3.11363625526, 2.10635638237, 1.69881296158, 1.16784632206, 0.903530955315, 0.652504742146, 0.541311442852, 0.279554188251, 0.116299837828, 0.0491298399866, 0.0170401334763, 0.00682271225378, 0.000943490420468, 3.9376271161e-05], "dmean2": [0.0269800443202, 0.446707993746, 1.93216991425, 8.7343454361, 7.57757377625, 9.40219974518, 7.56937456131, 12.8869276047, 17.6967010498, 17.8878059387, 19.7745037079, 30.3713226318, 32.447971344, 26.5347080231, 26.7656860352, 33.7408409119, 38.0869827271, 37.1370010376, 40.043926239, 49.7794837952, 26.07787323, 26.1289291382, 24.7232170105, 15.2237462997, 10.3377027512, 7.2282948494, 4.77588176727, 3.04722499847, 2.46104764938, 1.67496681213, 1.27166104317, 0.890350580215, 0.731420695782, 0.380528658628, 0.158754006028, 0.067172922194, 0.0243557635695, 0.0114604635164, 0.00165994768031, 6.60818186589e-05], "dvar": [0.00105282664299, 0.178055167198, 2.62634420395, 63.2320747375, 65.5830917358, 88.499420166, 68.4127044678, 311.825500488, 392.289978027, 515.425048828, 1226.42346191, 2011.52832031, 2532.23242188, 1802.46850586, 1770.27294922, 2321.53149414, 2099.06640625, 2205.38867188, 1349.29638672, 2788.83569336, 598.083190918, 678.200927734, 712.605529785, 292.815826416, 107.027297974, 58.1946144104, 33.5921554565, 16.5673751831, 10.3615961075, 5.51143741608, 3.14231324196, 1.86729717255, 1.54108405113, 0.350618988276, 0.0661664828658, 0.011317698285, 0.00218066805974, 0.000651867361739, 1.39704443427e-05, 1.97183123163e-08], "dvar2": [0.00261896895245, 0.461875081062, 6.96971702576, 163.848022461, 176.639923096, 232.137817383, 178.242034912, 754.519958496, 981.648376465, 1333.17810059, 2680.78271484, 4482.86816406, 5759.26904297, 3993.03857422, 3528.42871094, 5594.92529297, 4952.91113281, 4835.37646484, 3303.82861328, 7403.22802734, 1524.86645508, 1795.39208984, 1760.85974121, 657.064758301, 279.520202637, 149.081802368, 78.2632217407, 35.172328949, 21.689622879, 11.6380977631, 6.36349534988, 3.35016655922, 2.87472081184, 0.620603442192, 0.120735272765, 0.0233884882182, 0.00502291321754, 0.00178933620919, 3.93015434383e-05, 5.50021219681e-08], "max": [0.431959301233, 4.8507361412, 22.7080802917, 106.1614151, 138.059387207, 181.972396851, 138.563110352, 363.331726074, 400.945648193, 611.517944336, 825.025756836, 868.168579102, 1399.7565918, 812.878601074, 1355.3894043, 1112.37695312, 985.605834961, 1267.12890625, 591.006347656, 1108.80273438, 596.032775879, 612.737731934, 581.093261719, 761.084350586, 195.903045654, 178.960525513, 204.813842773, 95.1784286499, 54.8910293579, 45.535484314, 51.5591468811, 62.9429321289, 54.2865905762, 21.7571239471, 13.2548475266, 2.23917078972, 1.23150384426, 0.551346838474, 0.0891140699387, 0.00356839969754], "mean": [0.0234933104366, 0.481936514378, 2.19760632515, 7.56692218781, 7.24698448181, 8.38670063019, 7.28505849838, 12.1955184937, 17.0884609222, 17.5746746063, 19.4622840881, 33.3869247437, 35.3432502747, 31.2018375397, 33.7067985535, 42.6888198853, 48.4904632568, 49.3096809387, 56.9003372192, 63.1349716187, 38.6034355164, 36.5010986328, 35.3028297424, 23.8140830994, 15.6624660492, 10.0758876801, 6.49584913254, 4.30316066742, 3.25218462944, 2.06381464005, 1.52861201763, 1.12370204926, 0.88099783659, 0.458014130592, 0.192850336432, 0.0740971416235, 0.0201399791986, 0.005515598692, 0.000694085261784, 5.32674930582e-05], "median": [0.0148245301098, 0.366631448269, 1.45687842369, 4.81075191498, 4.95483779907, 4.6892490387, 4.59529018402, 6.56012010574, 9.12859916687, 8.22991371155, 7.45281982422, 11.8299674988, 15.6114406586, 12.1014900208, 12.1471366882, 16.3845214844, 21.4090652466, 25.4003658295, 38.6991119385, 38.2526702881, 26.6802558899, 22.5558872223, 17.40858078, 12.4846115112, 8.35267353058, 4.77620601654, 3.12538433075, 1.79361081123, 1.32807970047, 0.77944880724, 0.59241515398, 0.418304473162, 0.290342330933, 0.163109451532, 0.0627208054066, 0.0203476436436, 0.00336121045984, 0.000456360896351, 5.31973964826e-05, 2.98584818665e-05], "min": [1.25524937666e-11, 2.6399538805e-11, 1.16975786696e-11, 2.95048326049e-11, 5.50010419154e-11, 7.530291668e-11, 1.46769554843e-10, 2.1161931929e-10, 3.28129717841e-10, 2.99260699554e-10, 1.11136058689e-10, 1.09609953058e-10, 6.65192970151e-11, 2.29663038587e-10, 1.97410615632e-10, 1.54482149295e-10, 2.6643665052e-10, 2.12797252042e-10, 5.12080877701e-10, 1.03181119204e-09, 4.27378576973e-10, 1.40762582146e-10, 9.30175172997e-11, 2.36215325078e-10, 1.08317865788e-09, 5.58744606138e-10, 5.01650443407e-10, 5.7311633217e-10, 4.33706376368e-10, 7.28225368896e-10, 9.61110080411e-10, 9.87104842309e-10, 1.33456079521e-09, 8.03510535885e-10, 5.64223168187e-10, 3.00559216404e-10, 4.02981509273e-10, 1.45522260908e-10, 3.60319621362e-11, 2.53761530018e-12], "var": [0.00110802007839, 0.233488023281, 4.46973848343, 77.6499252319, 72.7808990479, 117.765274048, 84.7978591919, 380.285064697, 589.969543457, 788.256347656, 2394.64233398, 4573.96826172, 5038.52539062, 3833.10620117, 5014.90380859, 7547.90380859, 5523.85839844, 6611.28564453, 3735.87011719, 6420.00976562, 1669.91125488, 1836.12670898, 2137.69091797, 1051.00244141, 363.092712402, 178.140457153, 93.2075424194, 47.2136764526, 28.29621315, 13.1618051529, 7.20174121857, 4.65903520584, 3.1911008358, 0.77729588747, 0.150275304914, 0.0217664446682, 0.00272431084886, 0.000453449494671, 8.69705581863e-06, 1.34328876911e-08]}, "erbbands_crest": {"dmean": 2.38623046875, "dmean2": 3.82751655579, "dvar": 5.6711473465, "dvar2": 13.4486865997, "max": 31.4206542969, "mean": 8.64630699158, "median": 7.39785194397, "min": 2.30107069016, "var": 19.7432842255}, "erbbands_flatness_db": {"dmean": 0.0187553074211, "dmean2": 0.0258131735027, "dvar": 0.000350870977854, "dvar2": 0.000671363144647, "max": 0.38079598546, "mean": 0.168600276113, "median": 0.167032957077, "min": 0.038529202342, "var": 0.00205324380659}, "erbbands_kurtosis": {"dmean": 0.756690979004, "dmean2": 1.18106245995, "dvar": 1.29633450508, "dvar2": 2.71642231941, "max": 47.8820991516, "mean": 0.502413988113, "median": 0.0278172492981, "min": -1.66525232792, "var": 4.61313009262}, "erbbands_skewness": {"dmean": 0.308136820793, "dmean2": 0.471529215574, "dvar": 0.084352299571, "dvar2": 0.184241473675, "max": 3.38479709625, "mean": -0.251133978367, "median": -0.26790574193, "min": -5.07795953751, "var": 0.431118160486}, "erbbands_spread": {"dmean": 5.76485538483, "dmean2": 8.79853439331, "dvar": 33.2169876099, "dvar2": 73.3593521118, "max": 114.849761963, "mean": 30.0941333771, "median": 28.1729698181, "min": 1.98544645309, "var": 163.550628662}, "gfcc": {"cov": [[13159.6650391, -18.1484775543, -925.498657227, 339.765930176, -547.427612305, 197.082427979, -143.543884277, 190.288574219, -297.507232666, 86.3217163086, -98.5649261475, 35.4259300232, -109.294532776], [-18.1484775543, 1179.06628418, -290.21572876, -89.160484314, 209.546707153, -89.3202209473, 27.7939910889, -55.5250015259, 91.575881958, -111.216995239, 72.3233413696, -86.3809509277, 77.4607696533], [-925.498657227, -290.21572876, 667.817321777, 14.7505912781, -74.1477355957, 85.0706558228, -37.2717399597, 1.46294915676, 33.4009208679, 38.5095443726, -68.0368804932, 29.7939605713, -32.1060562134], [339.765930176, -89.160484314, 14.7505912781, 195.262115479, -31.0930690765, 29.8060951233, -27.353603363, 16.4399280548, -0.362120777369, 25.6398353577, -2.39541459084, -4.13410520554, 1.17893588543], [-547.427612305, 209.546707153, -74.1477355957, -31.0930690765, 233.273986816, -15.4622879028, 24.8848323822, -22.731136322, 27.9912490845, -24.0059566498, 25.8858699799, -5.9350271225, 11.17100811], [197.082427979, -89.3202209473, 85.0706558228, 29.8060951233, -15.4622879028, 167.254348755, 15.1756496429, 30.4310245514, -18.2395858765, 10.172410965, -2.85848331451, 5.17644166946, -3.92735338211], [-143.543884277, 27.7939910889, -37.2717399597, -27.353603363, 24.8848323822, 15.1756496429, 119.357971191, 23.3750324249, -2.57168483734, -16.1570529938, 14.3952188492, -2.27076268196, -0.401911854744], [190.288574219, -55.5250015259, 1.46294915676, 16.4399280548, -22.731136322, 30.4310245514, 23.3750324249, 94.1863327026, 15.8757181168, 11.4607219696, -5.96381235123, -1.93722498417, 0.437525898218], [-297.507232666, 91.575881958, 33.4009208679, -0.362120777369, 27.9912490845, -18.2395858765, -2.57168483734, 15.8757181168, 86.9950714111, 17.9267940521, -2.77750873566, -16.9265289307, 7.52370786667], [86.3217163086, -111.216995239, 38.5095443726, 25.6398353577, -24.0059566498, 10.172410965, -16.1570529938, 11.4607219696, 17.9267940521, 86.3900146484, 19.058681488, 11.5940237045, -15.7990789413], [-98.5649261475, 72.3233413696, -68.0368804932, -2.39541459084, 25.8858699799, -2.85848331451, 14.3952188492, -5.96381235123, -2.77750873566, 19.058681488, 83.6323699951, 18.4019203186, 5.1835694313], [35.4259300232, -86.3809509277, 29.7939605713, -4.13410520554, -5.9350271225, 5.17644166946, -2.27076268196, -1.93722498417, -16.9265289307, 11.5940237045, 18.4019203186, 71.7453765869, 14.1791477203], [-109.294532776, 77.4607696533, -32.1060562134, 1.17893588543, 11.17100811, -3.92735338211, -0.401911854744, 0.437525898218, 7.52370786667, -15.7990789413, 5.1835694313, 14.1791477203, 55.7172698975]], "icov": [[0.000153458211571, -0.000233098617173, 0.000318970938679, -0.000210854908801, 0.000366208754713, -0.00023916720238, 0.000174665532541, -0.000300164334476, 0.000468871177873, -0.00037634265027, 0.00065173994517, -0.000578935316298, 0.000643353385385], [-0.000233098617173, 0.00221183919348, -0.00017021856911, 0.000759793794714, -0.00120404292829, 0.000413108209614, 6.99105203239e-06, 0.00121799309272, -0.00261689443141, 0.00268049910665, -0.0030335620977, 0.00307153700851, -0.00277138827369], [0.000318970938679, -0.00017021856911, 0.00291497027501, -0.000273909041425, 0.00118650111835, -0.00180745823309, 0.000663543352857, 0.000364640989574, -0.00117857567966, -0.000700608710758, 0.0029368842952, -0.00275596347637, 0.00257306802087], [-0.000210854908801, 0.000759793794714, -0.000273909041425, 0.00620613479987, -0.000295240955893, -0.000584451714531, 0.00119476742111, -0.000236327803577, -0.000622042280156, -0.000583021144848, -0.00135100877378, 0.0022814089898, -0.00226680911146], [0.000366208754713, -0.00120404292829, 0.00118650111835, -0.000295240955893, 0.00650705955923, -0.00111278390978, -0.000477381079691, 0.000785635085776, -0.00114992179442, 0.00023720653553, 0.000825832656119, -0.00252676918171, 0.0024782679975], [-0.00023916720238, 0.000413108209614, -0.00180745823309, -0.000584451714531, -0.00111278390978, 0.00803748611361, -0.00120242242701, -0.00214008847252, 0.00238783587702, -0.000214468032937, -0.00163553410675, 0.00197925418615, -0.00200962182134], [0.000174665532541, 6.99105203239e-06, 0.000663543352857, 0.00119476742111, -0.000477381079691, -0.00120242242701, 0.0104944007471, -0.00336700445041, 0.000516371219419, 0.00216543162242, -0.00171820539981, -8.56215046952e-05, 0.00152901257388], [-0.000300164334476, 0.00121799309272, 0.000364640989574, -0.000236327803577, 0.000785635085776, -0.00214008847252, -0.00336700445041, 0.0146127585322, -0.00566192576662, 0.000425656675361, -0.000195163898752, 0.000969652610365, -0.00185774825513], [0.000468871177873, -0.00261689443141, -0.00117857567966, -0.000622042280156, -0.00114992179442, 0.00238783587702, 0.000516371219419, -0.00566192576662, 0.0207718089223, -0.00875145383179, 0.00407746061683, 0.00231505790725, -0.00191598024685], [-0.00037634265027, 0.00268049910665, -0.000700608710758, -0.000583021144848, 0.00023720653553, -0.000214468032937, 0.00216543162242, 0.000425656675361, -0.00875145383179, 0.020645737648, -0.00897211302072, 0.000105315128167, 0.00293734925799], [0.00065173994517, -0.0030335620977, 0.0029368842952, -0.00135100877378, 0.000825832656119, -0.00163553410675, -0.00171820539981, -0.000195163898752, 0.00407746061683, -0.00897211302072, 0.0215929783881, -0.00908857211471, 0.00413435650989], [-0.000578935316298, 0.00307153700851, -0.00275596347637, 0.0022814089898, -0.00252676918171, 0.00197925418615, -8.56215046952e-05, 0.000969652610365, 0.00231505790725, 0.000105315128167, -0.00908857211471, 0.0240963883698, -0.0119736418128], [0.000643353385385, -0.00277138827369, 0.00257306802087, -0.00226680911146, 0.0024782679975, -0.00200962182134, 0.00152901257388, -0.00185774825513, -0.00191598024685, 0.00293734925799, 0.00413435650989, -0.0119736418128, 0.0277344975621]], "mean": [-8.60082435608, 104.993179321, -134.837417603, 27.7371330261, -42.9330101013, 11.515253067, -43.3293075562, 4.9690952301, -22.9593353271, -3.6213862896, -18.1737251282, -8.44645786285, -11.9752759933]}, "hfc": {"dmean": 4.66385364532, "dmean2": 6.51476049423, "dvar": 34.6692581177, "dvar2": 64.987411499, "max": 90.5610122681, "mean": 21.4691848755, "median": 18.0212287903, "min": 9.4159720021e-09, "var": 274.145599365}, "melbands": {"dmean": [0.000218688437599, 0.000509682809934, 0.000811858102679, 0.000331164861564, 0.000179704002221, 0.000176540081156, 0.000160905052326, 0.000114740651043, 0.000112935063953, 0.000121232566016, 0.000104638711491, 7.23433404346e-05, 6.79766235407e-05, 5.50059812667e-05, 5.90942727285e-05, 5.27836309629e-05, 4.93052975798e-05, 4.62442912976e-05, 4.05495375162e-05, 3.23233289237e-05, 2.1284489776e-05, 1.98282577912e-05, 1.58658112923e-05, 1.45309995787e-05, 8.27556323202e-06, 6.25174106972e-06, 3.87003365176e-06, 2.96645771414e-06, 2.20620063374e-06, 1.6770595721e-06, 1.18536183891e-06, 1.08453298253e-06, 8.06010632459e-07, 6.3649480353e-07, 5.58702367925e-07, 4.55472900285e-07, 4.00091010988e-07, 4.08951024156e-07, 3.13941399099e-07, 2.18892111548e-07], "dmean2": [0.000361646787496, 0.000837890664116, 0.00135927181691, 0.000556447193958, 0.000298252765788, 0.000288486073259, 0.000261729815975, 0.000186253862921, 0.000177303983946, 0.00018576833827, 0.000164314566064, 0.00011082895071, 0.000102647194581, 8.55581456563e-05, 9.23867119127e-05, 8.21440116852e-05, 7.61324045015e-05, 7.31653708499e-05, 6.57192213112e-05, 5.25500799995e-05, 3.48317917087e-05, 3.27990310325e-05, 2.57609390246e-05, 2.34390681726e-05, 1.3047633729e-05, 1.01937948784e-05, 6.22928473604e-06, 4.76614377476e-06, 3.46974775312e-06, 2.57740475718e-06, 1.73708190232e-06, 1.60696447438e-06, 1.19908600027e-06, 9.24894095533e-07, 8.07546086889e-07, 6.56837812585e-07, 5.60708770081e-07, 5.67781341942e-07, 4.36811745885e-07, 3.06449464915e-07], "dvar": [1.49009764527e-07, 4.57707386659e-07, 1.52517452534e-06, 3.19414908745e-07, 9.85116912489e-08, 1.38030159746e-07, 8.3659145389e-08, 5.37738102935e-08, 8.62800746404e-08, 7.37386329774e-08, 6.50206999353e-08, 3.19949400307e-08, 2.6166460998e-08, 1.80382642156e-08, 1.3631152207e-08, 1.02922550482e-08, 8.87835138741e-09, 4.65382221648e-09, 3.88465704049e-09, 2.84220647018e-09, 1.17347409567e-09, 1.17624276985e-09, 7.25993876127e-10, 7.04851843558e-10, 2.40326480938e-10, 1.08559390644e-10, 4.37587154012e-11, 2.48904907102e-11, 1.52457196173e-11, 1.29355076997e-11, 5.64192529501e-12, 4.42068257001e-12, 2.587072917e-12, 1.65134973838e-12, 1.24737524997e-12, 8.17737262453e-13, 7.91063503765e-13, 9.68811077369e-13, 4.78266514933e-13, 2.14530921239e-13], "dvar2": [3.76080350861e-07, 1.19250432817e-06, 3.92502624891e-06, 8.63872799073e-07, 2.55437754504e-07, 3.3392919363e-07, 2.10469323747e-07, 1.36981213927e-07, 1.89084829572e-07, 1.62176064578e-07, 1.47855544697e-07, 7.04952398678e-08, 5.25903480764e-08, 4.13756566786e-08, 3.0956101682e-08, 2.42134596817e-08, 1.96165821365e-08, 1.12858105084e-08, 1.02051620487e-08, 7.33775662454e-09, 3.04121661188e-09, 3.15416492924e-09, 1.79510450948e-09, 1.8597438034e-09, 5.37470457029e-10, 2.92885882214e-10, 1.14378097271e-10, 6.3393151839e-11, 3.68042644971e-11, 3.03491086429e-11, 1.22730801216e-11, 9.77162448179e-12, 5.74295255448e-12, 3.56557903862e-12, 2.62421421399e-12, 1.61454757983e-12, 1.49944466565e-12, 1.87754260923e-12, 9.04848624413e-13, 3.99744365213e-13], "max": [0.00475989375263, 0.00895159691572, 0.0160293895751, 0.00890127662569, 0.00436358526349, 0.00748461997136, 0.00542682874948, 0.00637603504583, 0.00671552587301, 0.00545936170965, 0.00727733550593, 0.00347676174715, 0.00487547833472, 0.00326083763503, 0.00362706999294, 0.00222656968981, 0.00244131986983, 0.00106658798177, 0.00102538790088, 0.00109432986937, 0.000942385639064, 0.000882287567947, 0.000539691594895, 0.000523044262081, 0.000759615737479, 0.000179939481313, 0.000121327248053, 0.000111287539767, 0.000142103803228, 0.000143714656588, 5.56118502573e-05, 3.96545910917e-05, 3.00032570522e-05, 3.06594338326e-05, 3.08770104311e-05, 3.23226740875e-05, 4.07834813814e-05, 4.66266283183e-05, 2.16744247155e-05, 1.83738502528e-05], "mean": [0.00034870748641, 0.00101129419636, 0.00130200164858, 0.000530909979716, 0.000295847014058, 0.000283561210381, 0.000258472631685, 0.00017731844855, 0.000175627690624, 0.000202139824978, 0.00017168901104, 0.000122061275761, 0.000120923730719, 9.72117704805e-05, 0.000114703245345, 9.81194825727e-05, 9.18509249459e-05, 9.38045559451e-05, 8.47666960908e-05, 6.55583135085e-05, 4.35871370428e-05, 4.02408259106e-05, 3.25942710333e-05, 2.9928609365e-05, 1.80695733434e-05, 1.32936120281e-05, 8.48770014272e-06, 6.0303632381e-06, 4.24791005571e-06, 3.18832212542e-06, 2.26118413593e-06, 1.98479961e-06, 1.36998107791e-06, 1.06231402697e-06, 9.05984222754e-07, 7.45419129089e-07, 6.65876200401e-07, 6.43972725811e-07, 5.02957504978e-07, 3.45866340012e-07], "median": [0.000251836987445, 0.000773716717958, 0.000904091401026, 0.000350742484443, 0.000189708312973, 0.000156760244863, 0.000140129268402, 8.22863294161e-05, 6.1686601839e-05, 7.13099652785e-05, 6.98488365742e-05, 4.35896290583e-05, 3.70989582734e-05, 3.23950480379e-05, 4.57730420749e-05, 4.03410303988e-05, 4.43490789621e-05, 5.94834709773e-05, 5.41185654583e-05, 4.00697354053e-05, 2.73901496257e-05, 2.26834381465e-05, 1.72170839505e-05, 1.29170202854e-05, 9.25450876821e-06, 6.7691453296e-06, 4.10891789215e-06, 2.75606112154e-06, 2.04624757316e-06, 1.29636578095e-06, 8.91940658221e-07, 7.80482878326e-07, 5.18173806086e-07, 3.82834031143e-07, 3.42651730989e-07, 2.86115778181e-07, 2.3654359893e-07, 2.08397437973e-07, 1.61797814258e-07, 1.24785458411e-07], "min": [1.07008491152e-13, 3.92321139564e-15, 1.04292947569e-14, 4.26803469682e-15, 5.22658376675e-15, 4.72730485467e-15, 5.09292874393e-15, 2.88874022156e-15, 7.74917091521e-16, 6.64665694919e-16, 3.00384141118e-16, 8.85059750267e-16, 8.12605822509e-16, 2.900396189e-16, 5.62160573439e-16, 6.53926164181e-16, 3.10513755194e-16, 6.31365018114e-16, 1.45818913568e-15, 1.04539281691e-15, 3.88194670331e-16, 1.34514575966e-16, 8.4959224407e-17, 8.03970255437e-17, 1.51093194501e-16, 6.75689934607e-16, 7.73204708539e-16, 2.71775947431e-16, 3.65397599119e-16, 2.42661042754e-16, 3.34048380345e-16, 1.86243076578e-16, 3.27086378324e-16, 4.95957748831e-16, 6.00374464855e-16, 5.01129202612e-16, 6.97190595424e-16, 8.92624389761e-16, 1.00466228473e-15, 6.06313806941e-16], "var": [1.69989704091e-07, 7.7522798847e-07, 1.9395763502e-06, 3.81618150413e-07, 1.27507391312e-07, 1.8216870501e-07, 1.29041922037e-07, 8.11793938738e-08, 1.74233505845e-07, 1.65647762174e-07, 1.28748638417e-07, 6.68832811357e-08, 7.28742932665e-08, 4.9354731857e-08, 4.65141845041e-08, 2.6932241326e-08, 2.3873889532e-08, 1.17767244845e-08, 9.85789050389e-09, 6.89450985192e-09, 2.62635801995e-09, 2.70120903423e-09, 1.93188065545e-09, 1.80730463928e-09, 7.29914961806e-10, 2.93799290452e-10, 1.23915114281e-10, 6.80676487397e-11, 3.79485713686e-11, 3.32493789446e-11, 1.39969112689e-11, 1.13419594897e-11, 5.72040895555e-12, 3.6712000627e-12, 2.6226837542e-12, 1.87425747665e-12, 1.78008465173e-12, 1.84687942023e-12, 9.90649728048e-13, 4.46027465179e-13]}, "melbands_crest": {"dmean": 2.97861766815, "dmean2": 4.9951710701, "dvar": 7.35890436172, "dvar2": 20.2839698792, "max": 33.4131164551, "mean": 11.752363205, "median": 11.0082464218, "min": 3.15474867821, "var": 20.0690574646}, "melbands_flatness_db": {"dmean": 0.0211896989495, "dmean2": 0.0320895016193, "dvar": 0.000423979683546, "dvar2": 0.000946934975218, "max": 0.435830771923, "mean": 0.177673771977, "median": 0.167006582022, "min": 0.0336149185896, "var": 0.00306236324832}, "melbands_kurtosis": {"dmean": 3.05533218384, "dmean2": 4.86136293411, "dvar": 32.4951553345, "dvar2": 79.7741775513, "max": 184.528961182, "mean": 5.06185340881, "median": 2.17256259918, "min": -1.8598395586, "var": 89.8992233276}, "melbands_skewness": {"dmean": 0.523551106453, "dmean2": 0.816409409046, "dvar": 0.286195337772, "dvar2": 0.670343279839, "max": 10.8787765503, "mean": 1.77925646305, "median": 1.58647978306, "min": -1.51936209202, "var": 1.35590052605}, "melbands_spread": {"dmean": 6.61694955826, "dmean2": 10.3756141663, "dvar": 44.2733345032, "dvar2": 106.646095276, "max": 129.193878174, "mean": 31.1859531403, "median": 30.3734931946, "min": 1.16432201862, "var": 225.014892578}, "mfcc": {"cov": [[8960.37011719, -290.217773438, -448.144317627, 129.354904175, -284.039215088, -42.5824432373, 128.82321167, 35.2514686584, -76.2404251099, 47.2499847412, -1.66318285465, -6.12466859818, 36.7609634399], [-290.217773438, 1118.58093262, -259.168395996, 15.8119001389, 134.298522949, -8.86045742035, -7.02475404739, 30.471157074, 11.0978507996, 4.98958110809, -7.80123806, -5.92087554932, -11.7405366898], [-448.144317627, -259.168395996, 615.987731934, -36.0278320312, -0.864378988743, 49.4159126282, -50.566696167, -10.1964797974, 39.365852356, -1.8059694767, 16.9472484589, 12.027926445, -17.8194465637], [129.354904175, 15.8119001389, -36.0278320312, 152.226089478, 19.1664409637, -6.02088022232, -17.4147205353, -12.9927892685, -0.0106251649559, 11.5395565033, 4.51804542542, 0.0224662553519, 7.67561864853], [-284.039215088, 134.298522949, -0.864378988743, 19.1664409637, 167.783782959, 34.7693214417, -17.3838634491, -1.87651181221, 13.2046604156, 1.72675395012, 1.95617473125, -1.04666388035, 2.76992535591], [-42.5824432373, -8.86045742035, 49.4159126282, -6.02088022232, 34.7693214417, 98.395980835, 24.7611179352, 5.63264369965, 2.5922358036, -3.91205859184, 5.92549657822, 4.83852577209, 2.17544150352], [128.82321167, -7.02475404739, -50.566696167, -17.4147205353, -17.3838634491, 24.7611179352, 106.81627655, 42.8622550964, -14.8155603409, 2.39297676086, 4.94816637039, 2.44867110252, 3.21723794937], [35.2514686584, 30.471157074, -10.1964797974, -12.9927892685, -1.87651181221, 5.63264369965, 42.8622550964, 84.6776123047, 23.3978767395, 2.64631652832, -4.92285823822, -4.62092113495, -1.38572764397], [-76.2404251099, 11.0978507996, 39.365852356, -0.0106251649559, 13.2046604156, 2.5922358036, -14.8155603409, 23.3978767395, 76.7567367554, 29.6467075348, -1.91970169544, -5.47714948654, -7.82434129715], [47.2499847412, 4.98958110809, -1.8059694767, 11.5395565033, 1.72675395012, -3.91205859184, 2.39297676086, 2.64631652832, 29.6467075348, 74.5720062256, 26.070230484, -2.81618118286, -2.1239233017], [-1.66318285465, -7.80123806, 16.9472484589, 4.51804542542, 1.95617473125, 5.92549657822, 4.94816637039, -4.92285823822, -1.91970169544, 26.070230484, 65.2962188721, 27.6628475189, -3.78136134148], [-6.12466859818, -5.92087554932, 12.027926445, 0.0224662553519, -1.04666388035, 4.83852577209, 2.44867110252, -4.62092113495, -5.47714948654, -2.81618118286, 27.6628475189, 60.2020721436, 21.1010932922], [36.7609634399, -11.7405366898, -17.8194465637, 7.67561864853, 2.76992535591, 2.17544150352, 3.21723794937, -1.38572764397, -7.82434129715, -2.1239233017, -3.78136134148, 21.1010932922, 67.5328063965]], "icov": [[0.000127592400531, 3.20576255035e-05, 9.23094921745e-05, -0.000119302669191, 0.000206468306715, -6.4757943619e-05, -3.67725588148e-05, -6.64801846142e-05, 0.000100417084468, -0.000122335535707, 4.20150754508e-05, -5.97708867645e-06, -1.99517653527e-05], [3.20576255035e-05, 0.00115276116412, 0.000533774320502, 7.10050589987e-05, -0.00087525480194, 9.23721236177e-05, 0.000369778979803, -0.00058002845617, 6.58106873743e-05, -0.000136600574479, 0.000142845514347, -0.000285358430119, 0.000419625022914], [9.23094921745e-05, 0.000533774320502, 0.00225236476399, 0.000422743964009, 0.00017359245976, -0.00134613004047, 0.00142775697168, -0.000340900151059, -0.000847881718073, 0.000306862260913, -0.000520050874911, -0.000378072203603, 0.000550474913325], [-0.000119302669191, 7.10050589987e-05, 0.000422743964009, 0.0072006159462, -0.000971431727521, 0.000170189872733, 0.00122606824152, 0.000472729414469, 0.000238595093833, -0.00102584797423, -0.000394060014514, 0.00028454879066, -0.000759513350204], [0.000206468306715, -0.00087525480194, 0.00017359245976, -0.000971431727521, 0.00807528663427, -0.0033615634311, 0.00169558927882, -0.000155475718202, -0.000773729814682, 0.000191424434888, -0.000596504192799, 0.000706904334947, -0.000753134663682], [-6.4757943619e-05, 9.23721236177e-05, -0.00134613004047, 0.000170189872733, -0.0033615634311, 0.0133852148429, -0.00508366711438, 0.00177775486372, -0.00158366165124, 0.00187242159154, -0.00113724218681, 0.000146957099787, -0.000572057848331], [-3.67725588148e-05, 0.000369778979803, 0.00142775697168, 0.00122606824152, 0.00169558927882, -0.00508366711438, 0.0165025200695, -0.00942535419017, 0.00629185186699, -0.00312242400832, -0.000167309117387, -0.000816076237243, 0.000312714895699], [-6.64801846142e-05, -0.00058002845617, -0.000340900151059, 0.000472729414469, -0.000155475718202, 0.00177775486372, -0.00942535419017, 0.019091354683, -0.00874886009842, 0.00332903442904, -0.000276504462818, 0.00147594010923, -0.000804050650913], [0.000100417084468, 6.58106873743e-05, -0.000847881718073, 0.000238595093833, -0.000773729814682, -0.00158366165124, 0.00629185186699, -0.00874886009842, 0.0219865646213, -0.0107300179079, 0.00539491325617, -0.00252290815115, 0.00260970019735], [-0.000122335535707, -0.000136600574479, 0.000306862260913, -0.00102584797423, 0.000191424434888, 0.00187242159154, -0.00312242400832, 0.00332903442904, -0.0107300179079, 0.0223701391369, -0.0119968615472, 0.00675981212407, -0.00293421954848], [4.20150754508e-05, 0.000142845514347, -0.000520050874911, -0.000394060014514, -0.000596504192799, -0.00113724218681, -0.000167309117387, -0.000276504462818, 0.00539491325617, -0.0119968615472, 0.0270709786564, -0.0145192490891, 0.00627309922129], [-5.97708867645e-06, -0.000285358430119, -0.000378072203603, 0.00028454879066, 0.000706904334947, 0.000146957099787, -0.000816076237243, 0.00147594010923, -0.00252290815115, 0.00675981212407, -0.0145192490891, 0.0268682856113, -0.00943088531494], [-1.99517653527e-05, 0.000419625022914, 0.000550474913325, -0.000759513350204, -0.000753134663682, -0.000572057848331, 0.000312714895699, -0.000804050650913, 0.00260970019735, -0.00293421954848, 0.00627309922129, -0.00943088531494, 0.0186489988118]], "mean": [-642.234558105, 133.510925293, -23.1010608673, 19.2955780029, 15.3394498825, 4.85313749313, -2.54333114624, 0.581154048443, -0.742528617382, 1.34525823593, -2.13950133324, -3.4471578598, -5.91331243515]}, "pitch_salience": {"dmean": 0.0608067922294, "dmean2": 0.100241713226, "dvar": 0.00284265517257, "dvar2": 0.00750019773841, "max": 0.884054899216, "mean": 0.595361292362, "median": 0.605185508728, "min": 0.120916984975, "var": 0.0092300856486}, "silence_rate_20dB": {"dmean": 0, "dmean2": 0, "dvar": 0, "dvar2": 0, "max": 1, "mean": 1, "median": 1, "min": 1, "var": 0}, "silence_rate_30dB": {"dmean": 0, "dmean2": 0, "dvar": 0, "dvar2": 0, "max": 1, "mean": 1, "median": 1, "min": 1, "var": 0}, "silence_rate_60dB": {"dmean": 0.00808534491807, "dmean2": 0.0161725059152, "dvar": 0.00801961217076, "dvar2": 0.0186047237366, "max": 1, "mean": 0.062542103231, "median": 0, "min": 0, "var": 0.0586253292859}, "spectral_centroid": {"dmean": 209.405426025, "dmean2": 323.833770752, "dvar": 46587.2382812, "dvar2": 99828.71875, "max": 10064.9746094, "mean": 1429.46496582, "median": 1426.26220703, "min": 221.523971558, "var": 283701.40625}, "spectral_complexity": {"dmean": 3.43043231964, "dmean2": 5.21069192886, "dvar": 12.009185791, "dvar2": 23.6289081573, "max": 59, "mean": 24.7130031586, "median": 26, "min": 0, "var": 145.220413208}, "spectral_contrast_coeffs": {"dmean": [0.0506801642478, 0.0465814135969, 0.0370922125876, 0.0291373226792, 0.0225770007819, 0.0165248885751], "dmean2": [0.0848534926772, 0.0771482139826, 0.0601316578686, 0.0474782176316, 0.0361311547458, 0.0264105740935], "dvar": [0.00190283416305, 0.00143300741911, 0.000939212506637, 0.000557709194254, 0.000364516134141, 0.000235720988712], "dvar2": [0.0051730456762, 0.00386086828075, 0.00236680544913, 0.00142514100298, 0.000881673942786, 0.000564435787965], "max": [-0.352190345526, -0.429055452347, -0.453085780144, -0.531926393509, -0.584886491299, -0.635497689247], "mean": [-0.623397827148, -0.75129956007, -0.768838703632, -0.770163714886, -0.777841508389, -0.774711847305], "median": [-0.627638220787, -0.756541669369, -0.776559174061, -0.772375106812, -0.777990221977, -0.775757908821], "min": [-0.980419874191, -0.968157947063, -0.956988453865, -0.962356686592, -0.951814889908, -0.960785388947], "var": [0.00501665798947, 0.00413288967684, 0.00397821934894, 0.00258367648348, 0.00189611245878, 0.00130697130226]}, "spectral_contrast_valleys": {"dmean": [0.410373300314, 0.364530742168, 0.309670984745, 0.252418398857, 0.248725146055, 0.334733068943], "dmean2": [0.67521905899, 0.591924071312, 0.493258446455, 0.396481841803, 0.364037543535, 0.41352981329], "dvar": [0.140152201056, 0.112176097929, 0.0963374227285, 0.0746118873358, 0.0952094942331, 0.145481571555], "dvar2": [0.320449024439, 0.24704580009, 0.191402971745, 0.140849739313, 0.166700199246, 0.249105140567], "max": [-5.54819726944, -4.68980169296, -5.07830238342, -5.34666824341, -5.80087184906, -7.91369009018], "mean": [-7.38713979721, -6.74490118027, -7.17297172546, -7.22167682648, -7.50253152847, -10.4339847565], "median": [-7.15173816681, -6.56874704361, -6.95139503479, -6.93335723877, -7.18265199661, -10.2181758881], "min": [-27.5640792847, -27.092924118, -27.5709877014, -26.9748458862, -27.3507289886, -27.1942234039], "var": [1.4225564003, 1.36450660229, 1.40535068512, 1.4338234663, 1.52262532711, 1.52855527401]}, "spectral_decrease": {"dmean": 1.44146661274e-09, "dmean2": 2.16879869619e-09, "dvar": 3.52619360993e-18, "dvar2": 7.52790688423e-18, "max": -1.70061729421e-19, "mean": -5.55872237129e-09, "median": -5.0903934401e-09, "min": -2.16712638945e-08, "var": 1.22860822054e-17}, "spectral_energy": {"dmean": 0.00572414742783, "dmean2": 0.00853351410478, "dvar": 5.48438583792e-05, "dvar2": 0.000115202361485, "max": 0.0864747613668, "mean": 0.0229272171855, "median": 0.020961176604, "min": 1.49590832343e-12, "var": 0.000210385624086}, "spectral_energyband_high": {"dmean": 0.000211773833144, "dmean2": 0.000280439591734, "dvar": 1.2942705041e-07, "dvar2": 2.34326947179e-07, "max": 0.00673505337909, "mean": 0.000460603594547, "median": 0.000228437769692, "min": 5.77168087629e-13, "var": 4.33518152931e-07}, "spectral_energyband_low": {"dmean": 0.00300044636242, "dmean2": 0.00489009171724, "dvar": 1.76230096258e-05, "dvar2": 4.31026492151e-05, "max": 0.0485674217343, "mean": 0.00578515697271, "median": 0.00450751837343, "min": 4.81400455523e-13, "var": 2.60698179773e-05}, "spectral_energyband_middle_high": {"dmean": 0.00201557925902, "dmean2": 0.00300218933262, "dvar": 7.35538469598e-06, "dvar2": 1.58586135512e-05, "max": 0.0572458095849, "mean": 0.00838521216065, "median": 0.00635238084942, "min": 7.77990004234e-14, "var": 5.41767658433e-05}, "spectral_energyband_middle_low": {"dmean": 0.00404276140034, "dmean2": 0.00630550831556, "dvar": 3.30449038302e-05, "dvar2": 7.36358997528e-05, "max": 0.0642840638757, "mean": 0.01033492852, "median": 0.0083548463881, "min": 1.3067047173e-13, "var": 7.1090151323e-05}, "spectral_entropy": {"dmean": 0.132538035512, "dmean2": 0.18895868957, "dvar": 0.0200072471052, "dvar2": 0.0411885119975, "max": 9.79552078247, "mean": 7.58367061615, "median": 7.63696670532, "min": 5.92359733582, "var": 0.131596654654}, "spectral_flux": {"dmean": 0.0183749627322, "dmean2": 0.0281756222248, "dvar": 0.000378632248612, "dvar2": 0.000811424048152, "max": 0.23136420548, "mean": 0.0788224115968, "median": 0.0776470005512, "min": 5.6470275922e-06, "var": 0.00173346640076}, "spectral_kurtosis": {"dmean": 2.0320186615, "dmean2": 3.41361689568, "dvar": 7.11366224289, "dvar2": 20.283411026, "max": 69.6110610962, "mean": 6.34227657318, "median": 5.5945892334, "min": -1.2388163805, "var": 14.222486496}, "spectral_rms": {"dmean": 0.000563824374694, "dmean2": 0.000833588303067, "dvar": 4.06948714726e-07, "dvar2": 8.30469844004e-07, "max": 0.00918507575989, "mean": 0.00443726917729, "median": 0.00452215969563, "min": 3.82023905843e-08, "var": 2.67859468295e-06}, "spectral_rolloff": {"dmean": 335.090637207, "dmean2": 545.897888184, "dvar": 194189.71875, "dvar2": 434200.53125, "max": 17721.8261719, "mean": 1770.8638916, "median": 1744.18945312, "min": 150.732421875, "var": 2202637.5}, "spectral_skewness": {"dmean": 0.226482093334, "dmean2": 0.369721859694, "dvar": 0.0592015646398, "dvar2": 0.15900336206, "max": 6.18618965149, "mean": 1.71234869957, "median": 1.66257536411, "min": 0.0841253846884, "var": 0.170843482018}, "spectral_spread": {"dmean": 464232.1875, "dmean2": 645951.1875, "dvar": 376106123264, "dvar2": 659183632384, "max": 41029528, "mean": 3642496.75, "median": 3414116, "