{"lowlevel": {"average_loudness": 0.567237555981, "barkbands": {"dmean": [0.000875233847182, 0.00240439595655, 0.00170276826248, 0.00253427610733, 0.00166314793751, 0.00163565552793, 0.000708130944986, 0.000425028760219, 0.000556079554372, 0.000172952830326, 0.000127773819258, 8.70283474796e-05, 0.000118648880743, 5.89778683207e-05, 0.000132652014145, 0.000187939484022, 0.000145367244841, 0.000184152377187, 0.000164221099112, 7.83150389907e-05, 5.43649075553e-05, 3.85816310882e-05, 4.97082364745e-05, 2.85942442133e-05, 1.87448642919e-06, 8.21764551802e-05, 0.000206898301258], "dmean2": [0.00145607476588, 0.00388694019057, 0.00283450493589, 0.00431363610551, 0.00268451287411, 0.00245718145743, 0.00106476363726, 0.000625405635219, 0.000789530575275, 0.000271143246209, 0.000201028960873, 0.000139093244798, 0.000189545782632, 9.04137486941e-05, 0.000204425567063, 0.000288517388981, 0.00021221692441, 0.000273710640613, 0.00025277415989, 0.00012046937627, 8.35142491269e-05, 5.8831894421e-05, 7.81162962085e-05, 4.42615637439e-05, 3.0569383398e-06, 0.000127502877149, 0.000281830521999], "dvar": [1.16608334793e-05, 4.49350154668e-05, 7.71228405938e-06, 2.11461629078e-05, 1.22872170323e-05, 2.85403020825e-05, 3.72241561308e-06, 5.23104745298e-06, 7.70262522565e-06, 1.10231133021e-06, 3.62799738696e-07, 6.14399695564e-08, 1.80754895496e-07, 2.99062676845e-08, 2.43397806798e-07, 6.17928037627e-07, 7.79660581429e-07, 1.53219025378e-06, 7.61658213833e-07, 4.68042813395e-08, 1.55395003532e-08, 1.85672881514e-08, 4.63642280124e-08, 1.63717075452e-08, 1.7474556524e-11, 1.36031530928e-07, 4.38361837496e-07], "dvar2": [2.91017677228e-05, 0.000118176147225, 2.07079501706e-05, 6.07807050983e-05, 3.13196433126e-05, 5.36439183634e-05, 8.25020561024e-06, 1.14961731015e-05, 1.54103145178e-05, 2.71796693596e-06, 7.92798743987e-07, 1.45094730897e-07, 4.38790465296e-07, 6.64361365921e-08, 6.01045996973e-07, 1.45114495353e-06, 1.63489062288e-06, 3.51861012859e-06, 1.81419216005e-06, 9.7088140194e-08, 3.60041525482e-08, 4.29697806226e-08, 1.11778248879e-07, 3.85512919365e-08, 4.31109141441e-11, 3.20559166767e-07, 7.22089737337e-07], "max": [0.0741030350327, 0.133536145091, 0.04807825014, 0.0796668827534, 0.082860596478, 0.28431174159, 0.0677337646484, 0.129617646337, 0.0990992113948, 0.0575162023306, 0.0388287343085, 0.00755494320765, 0.0168359801173, 0.00714015262201, 0.0166750252247, 0.0306978337467, 0.0522111393511, 0.0610361099243, 0.0465757101774, 0.0068320161663, 0.00273971329443, 0.00228908518329, 0.00363182811998, 0.00213407562114, 0.00010691377247, 0.00687485421076, 0.028475433588], "mean": [0.000908765010536, 0.0035377505701, 0.00256806169637, 0.00340108573437, 0.00283328350633, 0.00282995286398, 0.00118274928536, 0.000596031488385, 0.000900437298696, 0.000231930520386, 0.000190900100279, 0.000146816208144, 0.000189401369425, 9.73619753495e-05, 0.000208472818485, 0.000305243622279, 0.000245343835559, 0.000320024439134, 0.000283809786197, 0.000156079986482, 0.000102480873466, 5.6892644352e-05, 5.25948125869e-05, 2.90822226816e-05, 2.01313832804e-06, 8.43564339448e-05, 0.000583561020903], "median": [0.00018975380226, 0.00132316153031, 0.00124239758588, 0.00122426333837, 0.00116926967166, 0.000551713979803, 0.000278433202766, 8.13376245787e-05, 9.05473571038e-05, 3.62229548045e-05, 2.47126426984e-05, 2.78038824035e-05, 3.32497584168e-05, 2.5804998586e-05, 3.70061279682e-05, 3.29747381329e-05, 3.37029632647e-05, 5.36354709766e-05, 6.77939970046e-05, 4.31371372542e-05, 3.00147039525e-05, 8.20766945253e-06, 3.93784330299e-06, 1.81318978321e-06, 6.97702716934e-07, 5.27582324139e-06, 0.000255764985923], "min": [1.07592714211e-25, 1.31094897103e-24, 8.80223718428e-25, 6.36915793165e-25, 5.55525789104e-24, 5.87563520946e-24, 8.74939987249e-24, 8.90276863196e-24, 1.21400628827e-23, 1.65036170032e-23, 1.99143005142e-24, 2.16716593634e-23, 2.83223689505e-23, 3.05011712163e-23, 5.04944438069e-23, 5.71307330166e-23, 5.77919057403e-23, 1.00296873584e-22, 1.44444167791e-22, 1.80302452394e-22, 2.68411424993e-22, 3.13014403124e-22, 4.19988081814e-22, 5.88452369971e-22, 9.33011768217e-22, 1.24484997342e-21, 2.01896713143e-21], "var": [1.01639307104e-05, 5.15028004884e-05, 1.46415686686e-05, 3.33060743287e-05, 2.46554045589e-05, 8.9871318778e-05, 1.00792267403e-05, 1.12976349556e-05, 2.06125896511e-05, 1.21651316931e-06, 6.46115950076e-07, 1.40430273632e-07, 3.52113914914e-07, 7.64920287111e-08, 4.88628302264e-07, 1.33540277147e-06, 2.67393215836e-06, 4.1227717702e-06, 1.33241519507e-06, 1.22293670302e-07, 3.68749475399e-08, 2.65269903821e-08, 4.65149874174e-08, 1.71376264291e-08, 1.78073094464e-11, 1.39451401537e-07, 1.78533332473e-06]}, "barkbands_crest": {"dmean": 2.69574165344, "dmean2": 4.41123819351, "dvar": 5.42483043671, "dvar2": 14.7615203857, "max": 25.5585231781, "mean": 10.3003177643, "median": 9.67770385742, "min": 2.5009431839, "var": 14.9988355637}, "barkbands_flatness_db": {"dmean": 0.0290492065251, "dmean2": 0.0449128299952, "dvar": 0.000780829228461, "dvar2": 0.00189044349827, "max": 0.57569783926, "mean": 0.161870971322, "median": 0.151742905378, "min": 0.0211961027235, "var": 0.00481101265177}, "barkbands_kurtosis": {"dmean": 8.23870849609, "dmean2": 12.9078207016, "dvar": 197.421447754, "dvar2": 494.501922607, "max": 346.790985107, "mean": 15.9395694733, "median": 9.24095249176, "min": -1.87148535252, "var": 473.905334473}, "barkbands_skewness": {"dmean": 0.809723138809, "dmean2": 1.24183702469, "dvar": 0.693607747555, "dvar2": 1.69203519821, "max": 14.5616903305, "mean": 2.79961252213, "median": 2.71447324753, "min": -5.05487203598, "var": 3.52480077744}, "barkbands_spread": {"dmean": 7.17228126526, "dmean2": 11.1387720108, "dvar": 79.817024231, "dvar2": 175.735473633, "max": 134.803161621, "mean": 24.9513969421, "median": 18.9026908875, "min": 0.52108669281, "var": 454.942077637}, "dissonance": {"dmean": 0.0210315864533, "dmean2": 0.0351780615747, "dvar": 0.000701451732311, "dvar2": 0.00190401612781, "max": 0.500000059605, "mean": 0.458389371634, "median": 0.471382558346, "min": 0.114197999239, "var": 0.0018209941918}, "dynamic_complexity": 4.83752393723, "erbbands": {"dmean": [0.0981140360236, 0.468029350042, 1.58091819286, 5.41625118256, 6.28389072418, 5.82576990128, 14.8986749649, 9.16662502289, 7.37615442276, 11.9785137177, 10.2469139099, 12.5712041855, 6.52791452408, 5.06474590302, 4.08646965027, 3.04047012329, 4.86840295792, 3.57265686989, 3.60779285431, 9.04546928406, 9.01811027527, 8.24398708344, 9.8816947937, 7.99773931503, 6.85553121567, 3.615421772, 2.78791093826, 1.69417691231, 1.22582662106, 1.46838998795, 1.44343006611, 0.97429484129, 0.258338719606, 0.0314434617758, 0.014803561382, 0.0902861505747, 0.21351608634, 0.0713948458433, 0.0211916863918, 0.0056835883297], "dmean2": [0.167114078999, 0.746870994568, 2.59862852097, 9.25207328796, 10.465297699, 9.38385105133, 22.7873401642, 14.0076379776, 11.2113552094, 17.8814411163, 15.4434671402, 17.4493408203, 9.85838317871, 7.98351716995, 6.38676452637, 4.80961036682, 7.73397159576, 5.48541545868, 5.5095281601, 13.7472000122, 13.6615915298, 11.4805374146, 14.4670209885, 11.5783634186, 10.3403720856, 5.51941394806, 4.35084724426, 2.59756755829, 1.86669170856, 2.29269075394, 2.25477981567, 1.50923252106, 0.397748559713, 0.0495662800968, 0.0236545726657, 0.140486076474, 0.33022493124, 0.108104556799, 0.0292351525277, 0.00811507552862], "dvar": [0.135764807463, 1.10436320305, 6.45144987106, 82.7590103149, 139.498519897, 237.699523926, 1944.3347168, 671.591186523, 312.626403809, 1600.30773926, 4541.26220703, 3869.12890625, 993.71661377, 1468.2980957, 157.936080933, 76.8476715088, 299.712890625, 125.242080688, 129.127182007, 1067.85559082, 1464.9498291, 2405.08251953, 4317.37255859, 1819.80859375, 909.508422852, 109.941200256, 39.0907020569, 21.3458633423, 16.5739097595, 35.3970413208, 41.5752716064, 19.2343959808, 1.24928927422, 0.0073275314644, 0.000989705789834, 0.160918906331, 0.938286006451, 0.081371113658, 0.003980377689, 0.000286352209514], "dvar2": [0.371421545744, 2.8271818161, 16.8891487122, 238.110687256, 385.56652832, 609.036865234, 3672.69970703, 1382.47912598, 691.220336914, 3460.83642578, 10259.9033203, 7429.79248047, 2152.91064453, 3041.78198242, 360.76184082, 186.303726196, 720.681640625, 261.790130615, 295.956176758, 2459.91015625, 3405.75317383, 4435.76953125, 9030.74023438, 2726.84912109, 1923.6328125, 224.31489563, 91.2008209229, 50.0256881714, 38.3722305298, 84.2485733032, 101.12437439, 45.7767982483, 2.88005423546, 0.016554011032, 0.00233064522035, 0.380890846252, 2.22449326515, 0.186609908938, 0.00652756309137, 0.000505200878251], "max": [8.05757045746, 21.9991111755, 39.961769104, 137.700256348, 225.843383789, 303.073455811, 2319.1652832, 1078.69824219, 553.697753906, 1988.84423828, 3765.97998047, 2287.45654297, 1325.5435791, 2709.45849609, 581.968139648, 226.214553833, 725.935119629, 404.351470947, 558.721984863, 1077.29284668, 1670.15185547, 2963.26586914, 3850.23120117, 2622.76000977, 1560.65319824, 435.755462646, 172.126296997, 125.438667297, 69.6349563599, 95.381439209, 118.085365295, 70.8855743408, 20.9783782959, 1.80384027958, 0.613961815834, 7.39076280594, 18.2590198517, 5.32898950577, 1.790843606, 0.789006590843], "mean": [0.110316634178, 0.766804099083, 2.63046479225, 7.87678909302, 9.23816680908, 9.39348316193, 25.7770366669, 15.6448278427, 12.8278570175, 19.0325775146, 16.1101741791, 20.2121086121, 10.0918188095, 7.82307195663, 6.94157791138, 5.70311164856, 8.36555671692, 6.39835357666, 6.5777425766, 15.3272409439, 15.358379364, 14.8642463684, 18.0319747925, 15.1998519897, 12.4577226639, 7.35023450851, 5.34141588211, 3.15765237808, 1.95207059383, 1.75508749485, 1.49139666557, 0.974884927273, 0.272816032171, 0.0352285206318, 0.0168347898871, 0.089871391654, 0.215159624815, 0.0989479124546, 0.0548402480781, 0.0184975266457], "median": [0.0358432531357, 0.290953338146, 1.39110207558, 3.4053902626, 4.03272247314, 3.13976073265, 5.11739873886, 3.71476459503, 3.67425012589, 3.53386235237, 2.16143512726, 2.02322387695, 1.50692486763, 1.27651715279, 1.25911879539, 1.15014231205, 1.58943748474, 1.59731853008, 1.71575117111, 2.22348499298, 1.84207439423, 2.1469950676, 2.74031543732, 3.45278215408, 3.27834630013, 1.99725711346, 1.45416331291, 0.909195899963, 0.329600930214, 0.187698319554, 0.104962207377, 0.055925577879, 0.0200628973544, 0.00873229280114, 0.00561893824488, 0.00629627052695, 0.0114966230467, 0.0156851634383, 0.0236563310027, 0.0111072808504], "min": [3.22222258978e-23, 4.51210060483e-22, 1.78237429114e-21, 3.04236605205e-21, 1.07790721493e-20, 2.07327537566e-20, 4.7094032142e-20, 6.74906872293e-20, 1.04327256492e-19, 2.45373822932e-19, 2.61343862976e-19, 3.31895596686e-19, 6.18800788156e-19, 5.54784815262e-19, 3.35787688263e-19, 9.9720645009e-19, 1.40383417036e-18, 1.64360281066e-18, 2.15000826174e-18, 3.48349950979e-18, 3.36559856195e-18, 3.88615366119e-18, 5.78218728278e-18, 5.83221599341e-18, 8.60519134525e-18, 8.67954495615e-18, 8.29486047638e-18, 9.56948872486e-18, 9.45891370212e-18, 9.67565487494e-18, 1.08292641183e-17, 1.00439479437e-17, 9.93740459926e-18, 9.01181100051e-18, 6.92885399922e-18, 4.37100640442e-18, 2.36956743211e-18, 8.80753068323e-19, 2.1788180319e-19, 2.69997842701e-20], "var": [0.105723172426, 1.85379934311, 13.135055542, 142.863708496, 227.838409424, 419.151397705, 6778.42578125, 1677.0435791, 766.399230957, 4179.04638672, 10844.4296875, 9726.49023438, 2172.88574219, 2214.15112305, 373.297302246, 203.852584839, 653.238525391, 343.287628174, 347.942962646, 2741.00561523, 3213.95507812, 9622.44335938, 15374.2207031, 4700.21044922, 1915.30126953, 288.012237549, 96.3125915527, 45.5467720032, 26.5653381348, 38.9826164246, 40.5345535278, 19.5950107574, 1.37919449806, 0.00859219860286, 0.0011513089994, 0.16288767755, 0.953031122684, 0.09877512604, 0.0132652390748, 0.00120717356913]}, "erbbands_crest": {"dmean": 2.76270318031, "dmean2": 4.38664007187, "dvar": 6.30951786041, "dvar2": 15.1383857727, "max": 31.6263065338, "mean": 9.59178447723, "median": 8.30272293091, "min": 2.18183159828, "var": 25.2791881561}, "erbbands_flatness_db": {"dmean": 0.023246968165, "dmean2": 0.034718722105, "dvar": 0.00054708623793, "dvar2": 0.00121879950166, "max": 0.462226808071, "mean": 0.139012739062, "median": 0.129039883614, "min": 0.036011364311, "var": 0.00265093613416}, "erbbands_kurtosis": {"dmean": 2.30841946602, "dmean2": 3.60130429268, "dvar": 35.7606124878, "dvar2": 87.2031784058, "max": 180.62852478, "mean": 2.72047829628, "median": -0.0825035572052, "min": -1.86892175674, "var": 73.4067077637}, "erbbands_skewness": {"dmean": 0.500935614109, "dmean2": 0.760487914085, "dvar": 0.29547688365, "dvar2": 0.669271051884, "max": 11.504565239, "mean": 0.697787106037, "median": 0.645333111286, "min": -5.22311353683, "var": 1.57732927799}, "erbbands_spread": {"dmean": 9.05184364319, "dmean2": 13.8397750854, "dvar": 88.4439163208, "dvar2": 198.696350098, "max": 131.733688354, "mean": 42.0453605652, "median": 41.5890884399, "min": 0.45766466856, "var": 476.339752197}, "gfcc": {"cov": [[32089.1210938, 1253.86376953, -2638.46972656, 856.992736816, 403.113220215, -1395.54785156, 6.54120016098, -907.649658203, -256.621704102, -265.299316406, -112.215827942, 3.52040815353, -368.915679932], [1253.86376953, 1311.93896484, 418.1746521, -133.463348389, 9.3332490921, -111.674552917, -76.2552490234, -1.08686304092, -7.9207201004, -85.9814453125, 4.56241703033, -187.94380188, 70.9534606934], [-2638.46972656, 418.1746521, 1161.96459961, 140.175643921, -158.910827637, 221.950790405, -129.86680603, 205.115859985, 1.84548902512, 7.80131578445, -5.86419630051, -68.1811218262, -10.0379753113], [856.992736816, -133.463348389, 140.175643921, 537.118774414, 245.626190186, -91.3874053955, -2.24795365334, -51.3510284424, -39.0619697571, -6.41726493835, 11.187122345, 18.6998939514, -58.201499939], [403.113220215, 9.3332490921, -158.910827637, 245.626190186, 369.629547119, -81.4745941162, 29.2832126617, -100.349266052, -41.1199111938, -39.678276062, 19.4803314209, -14.8966007233, 15.473493576], [-1395.54785156, -111.674552917, 221.950790405, -91.3874053955, -81.4745941162, 361.317016602, -16.9059486389, 92.6960144043, -27.6484012604, 38.5041885376, -0.245789334178, 42.5235404968, 9.59117031097], [6.54120016098, -76.2552490234, -129.86680603, -2.24795365334, 29.2832126617, -16.9059486389, 185.842529297, -4.26814556122, 26.8402481079, -4.78884077072, 6.34250926971, 16.1457481384, -18.313621521], [-907.649658203, -1.08686304092, 205.115859985, -51.3510284424, -100.349266052, 92.6960144043, -4.26814556122, 225.565872192, 69.1820220947, 23.3862171173, -16.5255451202, -39.592502594, 0.252317517996], [-256.621704102, -7.9207201004, 1.84548902512, -39.0619697571, -41.1199111938, -27.6484012604, 26.8402481079, 69.1820220947, 137.531951904, 39.9083595276, -8.80388641357, -4.96023702621, -17.9255313873], [-265.299316406, -85.9814453125, 7.80131578445, -6.41726493835, -39.678276062, 38.5041885376, -4.78884077072, 23.3862171173, 39.9083595276, 93.3255386353, 32.7387657166, 17.3863391876, -8.00841808319], [-112.215827942, 4.56241703033, -5.86419630051, 11.187122345, 19.4803314209, -0.245789334178, 6.34250926971, -16.5255451202, -8.80388641357, 32.7387657166, 77.6732254028, 45.3455963135, 9.07833194733], [3.52040815353, -187.94380188, -68.1811218262, 18.6998939514, -14.8966007233, 42.5235404968, 16.1457481384, -39.592502594, -4.96023702621, 17.3863391876, 45.3455963135, 137.518875122, 16.9307022095], [-368.915679932, 70.9534606934, -10.0379753113, -58.201499939, 15.473493576, 9.59117031097, -18.313621521, 0.252317517996, -17.9255313873, -8.00841808319, 9.07833194733, 16.9307022095, 94.2126312256]], "icov": [[9.93922003545e-05, -0.000376510142814, 0.000467183621367, -0.000442328251665, 0.000319100246998, 5.42177767784e-05, 0.000142243268783, -0.000125615493744, 0.000289111718303, -0.000132516768645, 0.000431907654274, -0.000437198177679, 0.000500026682857], [-0.000376510142814, 0.00313153862953, -0.00256391055882, 0.00219840928912, -0.00117733224761, 5.03720802953e-05, -0.000424990459578, 0.00169202208053, -0.00221721152775, 0.00247584306635, -0.00406667636707, 0.00446360558271, -0.00326841440983], [0.000467183621367, -0.00256391055882, 0.00454220129177, -0.00437687430531, 0.00360502139665, -0.00168594962452, 0.00146412244067, -0.00126829918008, 0.00049169867998, 0.000819426844828, 0.000442660733825, -0.000730199972168, 0.00165970693342], [-0.000442328251665, 0.00219840928912, -0.00437687430531, 0.00830215029418, -0.00692149857059, 0.0032243502792, -0.000703609373886, -0.000978137482889, 0.00228360947222, -0.00344212376513, 0.00235728244297, -0.00277963466942, 0.0023633944802], [0.000319100246998, -0.00117733224761, 0.00360502139665, -0.00692149857059, 0.0095064882189, -0.00294875376858, 0.000165285848198, 0.0026956947986, -0.00279934215359, 0.00541014270857, -0.0052515710704, 0.00518605625257, -0.00349049200304], [5.42177767784e-05, 5.03720802953e-05, -0.00168594962452, 0.0032243502792, -0.00294875376858, 0.00656648166478, -0.000460653944174, -0.0031757906545, 0.00528081785887, -0.00553275132552, 0.00553820561618, -0.00569117441773, 0.00274495407939], [0.000142243268783, -0.000424990459578, 0.00146412244067, -0.000703609373886, 0.000165285848198, -0.000460653944174, 0.00669150007889, -0.000484121905174, -0.00144625687972, 0.00184783898294, -0.00100222975016, -0.000732826534659, 0.00203033932485], [-0.000125615493744, 0.00169202208053, -0.00126829918008, -0.000978137482889, 0.0026956947986, -0.0031757906545, -0.000484121905174, 0.0100397467613, -0.00706049101427, 0.00419410411268, -0.00517222378403, 0.00752652762458, -0.00458704121411], [0.000289111718303, -0.00221721152775, 0.00049169867998, 0.00228360947222, -0.00279934215359, 0.00528081785887, -0.00144625687972, -0.00706049101427, 0.0170093923807, -0.0116148330271, 0.0110514387488, -0.00930040050298, 0.00678044045344], [-0.000132516768645, 0.00247584306635, 0.000819426844828, -0.00344212376513, 0.00541014270857, -0.00553275132552, 0.00184783898294, 0.00419410411268, -0.0116148330271, 0.0247785616666, -0.0177042298019, 0.0104097314179, -0.00466836104169], [0.000431907654274, -0.00406667636707, 0.000442660733825, 0.00235728244297, -0.0052515710704, 0.00553820561618, -0.00100222975016, -0.00517222378403, 0.0110514387488, -0.0177042298019, 0.0322529226542, -0.0181994661689, 0.00713559286669], [-0.000437198177679, 0.00446360558271, -0.000730199972168, -0.00277963466942, 0.00518605625257, -0.00569117441773, -0.000732826534659, 0.00752652762458, -0.00930040050298, 0.0104097314179, -0.0181994661689, 0.0236384887248, -0.0106825577095], [0.000500026682857, -0.00326841440983, 0.00165970693342, 0.0023633944802, -0.00349049200304, 0.00274495407939, 0.00203033932485, -0.00458704121411, 0.00678044045344, -0.00466836104169, 0.00713559286669, -0.0106825577095, 0.0194968543947]], "mean": [-74.0516433716, 81.5634002686, -61.3764152527, 13.2256364822, -17.5066623688, -32.9103431702, -5.83067941666, -17.5986175537, -5.80014324188, -10.2194404602, -6.84385919571, -6.24529361725, -10.875951767]}, "hfc": {"dmean": 78.8315734863, "dmean2": 128.755096436, "dvar": 13861.8369141, "dvar2": 37857.0820312, "max": 1905.22521973, "mean": 205.604858398, "median": 150.026824951, "min": 1.0506808436e-16, "var": 41264.0742188}, "melbands": {"dmean": [0.00077150092693, 0.000726573634893, 0.00096095300978, 0.000369607965695, 0.000451736239484, 0.000231285957852, 0.000119619253383, 0.000120654782222, 9.20713428059e-05, 7.57088564569e-05, 3.19771934301e-05, 2.09666832234e-05, 1.60902964126e-05, 1.02829508251e-05, 9.38366338232e-06, 1.21112725537e-05, 6.09418202657e-06, 4.97490464113e-06, 1.1486034964e-05, 1.40035817822e-05, 1.07723162728e-05, 8.43484758661e-06, 1.0152329196e-05, 8.41423843667e-06, 6.8106605795e-06, 6.5447252382e-06, 3.699898798e-06, 2.3125419375e-06, 1.95810707737e-06, 1.33849016493e-06, 9.54351662585e-07, 7.09927348908e-07, 7.72990972564e-07, 8.46609736982e-07, 8.48992954161e-07, 7.76224112542e-07, 5.31674459125e-07, 2.16166569089e-07, 5.51255148196e-08, 1.54931854013e-08], "dmean2": [0.00127334217541, 0.00117453874554, 0.00163295562379, 0.000602636137046, 0.000697103561834, 0.000350469286786, 0.000181060677278, 0.000178316186066, 0.000137413808261, 0.000106490304461, 4.89608210046e-05, 3.29531540046e-05, 2.52638910752e-05, 1.65321343957e-05, 1.51339600052e-05, 1.90714235941e-05, 9.48600700212e-06, 7.77106015448e-06, 1.76815301529e-05, 2.16641637962e-05, 1.67153139046e-05, 1.23064701256e-05, 1.50325886352e-05, 1.25320721054e-05, 1.01692658063e-05, 1.00795032267e-05, 5.71941063754e-06, 3.59887712875e-06, 3.11717485602e-06, 2.0755130663e-06, 1.4934888668e-06, 1.10246139684e-06, 1.21098298678e-06, 1.33708897465e-06, 1.33605158226e-06, 1.23244126371e-06, 8.28192128211e-07, 3.36379400778e-07, 8.60970530425e-08, 2.53033416442e-08], "dvar": [6.68349230182e-06, 1.3621411199e-06, 2.71517887995e-06, 5.53652739654e-07, 1.49804907323e-06, 4.73970175108e-07, 8.53932249356e-08, 1.62496348821e-07, 3.5925373254e-07, 1.38460762855e-07, 2.60932608853e-08, 2.56473917659e-08, 3.44009110087e-09, 8.3883500146e-10, 1.01035912969e-09, 2.32691355073e-09, 3.42134820475e-10, 2.08936326573e-10, 1.85268012043e-09, 3.37936101324e-09, 2.41534814371e-09, 2.44032771768e-09, 5.59241586373e-09, 2.86347456857e-09, 1.36414357588e-09, 8.30501611926e-10, 1.69340735878e-10, 4.0739675522e-11, 1.98823544434e-11, 9.5803295852e-12, 7.51229894264e-12, 5.15289894087e-12, 9.22439642032e-12, 1.20218583352e-11, 1.43992057861e-11, 1.24523386394e-11, 5.89481024757e-12, 9.11160903672e-13, 4.21820307091e-14, 1.17666598307e-15], "dvar2": [1.77945166797e-05, 3.47854506799e-06, 7.83105042501e-06, 1.40111626479e-06, 2.98188251691e-06, 9.40204927247e-07, 1.89941033568e-07, 3.48254815208e-07, 7.64593266922e-07, 2.75123795745e-07, 5.69343256984e-08, 5.50678720401e-08, 7.64271490539e-09, 2.03170813506e-09, 2.57114995961e-09, 5.49235723568e-09, 7.21794013447e-10, 4.71953420789e-10, 4.60470594987e-09, 8.0414466197e-09, 5.68695224246e-09, 4.81205697511e-09, 1.24929737666e-08, 6.3378018389e-09, 2.20580775867e-09, 1.80508474834e-09, 3.64286267818e-10, 8.93919313572e-11, 4.84870719963e-11, 2.24166223778e-11, 1.78238430959e-11, 1.2162946865e-11, 2.21218859203e-11, 2.90823719273e-11, 3.52971991913e-11, 3.01937884417e-11, 1.40905715915e-11, 2.13197406777e-12, 9.59684195718e-14, 2.92117840706e-15], "max": [0.0570920482278, 0.0187376346439, 0.0287981089205, 0.0186681803316, 0.0599439367652, 0.0322415530682, 0.00831652618945, 0.0190721862018, 0.0365471616387, 0.0150134880096, 0.00680014444515, 0.0113492626697, 0.00274083623663, 0.000986104481854, 0.00113259023055, 0.00191675510723, 0.000690220622346, 0.0006885076873, 0.00152892700862, 0.00277706584893, 0.00236937496811, 0.00304902414791, 0.00513973552734, 0.00267143780366, 0.00218952540308, 0.00126621732488, 0.000613506359514, 0.000227546872338, 0.000121097902593, 7.19542586012e-05, 6.98249423294e-05, 4.04087513743e-05, 6.35140750092e-05, 4.64935947093e-05, 7.18737646821e-05, 5.71697310079e-05, 3.88084554288e-05, 1.82147578016e-05, 3.88972011933e-06, 8.060219443e-07], "mean": [0.00102769641671, 0.00128439813852, 0.0014620560687, 0.000602110056207, 0.000793486367911, 0.000401781027904, 0.000207083096029, 0.000188578662346, 0.000143949117046, 0.000120382588648, 4.70284358016e-05, 3.09088027279e-05, 2.55065333477e-05, 1.66200425156e-05, 1.58978109539e-05, 1.94762942556e-05, 1.03175352706e-05, 8.37640254758e-06, 1.80160113814e-05, 2.2180902306e-05, 1.66899517353e-05, 1.41369773701e-05, 1.78127847903e-05, 1.4177250705e-05, 1.21006087284e-05, 1.07995256258e-05, 6.64151457386e-06, 4.38264351033e-06, 3.5629964259e-06, 2.40407712226e-06, 1.64613936704e-06, 1.1257194501e-06, 9.89170075627e-07, 9.49423792918e-07, 8.69517691626e-07, 7.66178914091e-07, 5.29779299541e-07, 2.24700329454e-07, 5.92904250141e-08, 1.65246785144e-08], "median": [0.000388150394429, 0.000676887459122, 0.000667645828798, 0.000267593102762, 0.000173325461219, 9.16968638194e-05, 5.65912814636e-05, 3.42216735589e-05, 1.64990360645e-05, 1.20697150123e-05, 6.33818581264e-06, 4.81499228044e-06, 3.97820167564e-06, 3.17901435665e-06, 2.67904260909e-06, 3.50028540197e-06, 2.57619831245e-06, 2.21743948714e-06, 2.95658219329e-06, 2.39266182689e-06, 1.82842188678e-06, 1.947591727e-06, 2.0915508685e-06, 2.47968955591e-06, 2.57799092651e-06, 2.51110805038e-06, 1.80398797056e-06, 1.1027882465e-06, 8.96258939065e-07, 6.79802610648e-07, 4.03027343054e-07, 1.76257657358e-07, 1.18612831557e-07, 8.58165947193e-08, 6.01775695941e-08, 4.59405811171e-08, 2.61935113599e-08, 1.42686609195e-08, 9.00321506236e-09, 5.8825651017e-09], "min": [3.20027458613e-25, 1.44850895796e-24, 7.7087847576e-25, 1.12158941884e-24, 2.33681031624e-24, 1.36737007791e-24, 1.46099287901e-24, 2.18325499116e-24, 1.78028235824e-24, 1.93754809058e-24, 2.6734095731e-24, 2.49914467711e-24, 4.48992460854e-25, 2.03722973786e-24, 1.69675184914e-24, 2.83866469148e-24, 2.21254086062e-24, 2.49640003281e-24, 3.61307405935e-24, 4.01973225042e-24, 3.5014533967e-24, 3.75890130856e-24, 4.25886438978e-24, 4.00105439077e-24, 3.6124776805e-24, 5.31701598121e-24, 4.12989075938e-24, 4.71431757215e-24, 3.79977574194e-24, 4.49958332286e-24, 4.83278515302e-24, 4.23999325921e-24, 5.58846538528e-24, 5.06240678531e-24, 5.36302432135e-24, 5.11793194342e-24, 6.11954784592e-24, 6.28960732442e-24, 6.52879350076e-24, 6.6133179746e-24], "var": [6.14785267317e-06, 3.01528348245e-06, 4.66192250315e-06, 1.06100026187e-06, 5.02965849591e-06, 1.29897250645e-06, 2.29017430797e-07, 4.15595081904e-07, 9.46015688896e-07, 3.49578783698e-07, 5.36941833218e-08, 3.60969956148e-08, 7.37889527258e-09, 1.60612589895e-09, 2.34349362138e-09, 4.33490177087e-09, 9.12373676609e-10, 5.18768028535e-10, 3.74339403919e-09, 7.55636797578e-09, 4.6336463555e-09, 8.39144576048e-09, 2.05550421128e-08, 6.82429135423e-09, 3.15750137148e-09, 1.68198321937e-09, 3.56368684562e-10, 9.9133957987e-11, 4.60957140513e-11, 2.10513100007e-11, 1.47276375123e-11, 8.56764659218e-12, 1.09079733093e-11, 1.25234917922e-11, 1.38136412031e-11, 1.20464740613e-11, 6.01102284267e-12, 9.84031974828e-13, 4.71054537607e-14, 1.19499831715e-15]}, "melbands_crest": {"dmean": 3.68606925011, "dmean2": 6.11438417435, "dvar": 10.5757703781, "dvar2": 29.2115268707, "max": 34.637928009, "mean": 15.1834459305, "median": 14.7812776566, "min": 1.0002310276, "var": 30.1870918274}, "melbands_flatness_db": {"dmean": 0.0357575118542, "dmean2": 0.0549686662853, "dvar": 0.00111060310155, "dvar2": 0.00267622177489, "max": 0.744273602962, "mean": 0.271019548178, "median": 0.267756581306, "min": -6.47146293886e-07, "var": 0.00920035969466}, "melbands_kurtosis": {"dmean": 13.0461578369, "dmean2": 20.8936042786, "dvar": 422.630004883, "dvar2": 1113.63415527, "max": 506.163879395, "mean": 26.9441928864, "median": 18.0472068787, "min": -1.90368044376, "var": 1019.84387207}, "melbands_skewness": {"dmean": 0.939137995243, "dmean2": 1.47072720528, "dvar": 0.874582290649, "dvar2": 2.19591569901, "max": 15.2287464142, "mean": 3.47697949409, "median": 3.32959890366, "min": -3.81432652473, "var": 4.34835100174}, "melbands_spread": {"dmean": 5.08545160294, "dmean2": 7.91702890396, "dvar": 72.7857971191, "dvar2": 155.042877197, "max": 187.362915039, "mean": 16.041765213, "median": 9.00916481018, "min": 0.431357175112, "var": 500.238555908}, "mfcc": {"cov": [[15119.1064453, 615.805480957, -2259.03271484, 1311.99060059, -326.096954346, 395.792114258, -177.012130737, 0.224668815732, -481.320495605, 107.806137085, -340.412506104, 14.0862064362, 1.45419299603], [615.805480957, 1533.81530762, 351.393951416, 65.6035079956, 100.28981781, -107.581466675, 24.629529953, -85.0688018799, 50.5122718811, 14.1773109436, 34.0125198364, -62.8845291138, 2.44221925735], [-2259.03271484, 351.393951416, 1262.46472168, -119.136306763, 139.98336792, -89.4324188232, 11.3276996613, 48.1384925842, 68.1122283936, 50.8684158325, 112.030853271, 19.5341243744, -26.2884540558], [1311.99060059, 65.6035079956, -119.136306763, 730.489501953, 154.541549683, 60.8611831665, 18.6647014618, -1.15572726727, -67.4453201294, 0.595326840878, -3.06356501579, -17.3062496185, -10.3513250351], [-326.096954346, 100.28981781, 139.98336792, 154.541549683, 290.433837891, 34.0303459167, 47.4481773376, -7.76977109909, 8.58933258057, -23.5634822845, 7.62118577957, -30.9623279572, 7.76474618912], [395.792114258, -107.581466675, -89.4324188232, 60.8611831665, 34.0303459167, 222.439651489, 60.6649017334, 19.8321266174, -55.5165672302, -35.5432701111, -40.1419029236, 0.79796564579, 8.02405166626], [-177.012130737, 24.629529953, 11.3276996613, 18.6647014618, 47.4481773376, 60.6649017334, 161.638061523, 20.9586811066, -3.29728388786, -34.5600509644, -1.91400432587, -22.1740837097, 6.67602014542], [0.224668815732, -85.0688018799, 48.1384925842, -1.15572726727, -7.76977109909, 19.8321266174, 20.9586811066, 126.558410645, 22.9613056183, 13.8734350204, 5.31073188782, 22.1819229126, -15.9140415192], [-481.320495605, 50.5122718811, 68.1122283936, -67.4453201294, 8.58933258057, -55.5165672302, -3.29728388786, 22.9613056183, 120.598312378, 44.3034477234, 29.6279602051, -0.626553237438, -10.0488204956], [107.806137085, 14.1773109436, 50.8684158325, 0.595326840878, -23.5634822845, -35.5432701111, -34.5600509644, 13.8734350204, 44.3034477234, 128.71635437, 41.0368728638, 22.4418869019, -13.2404537201], [-340.412506104, 34.0125198364, 112.030853271, -3.06356501579, 7.62118577957, -40.1419029236, -1.91400432587, 5.31073188782, 29.6279602051, 41.0368728638, 97.3446960449, 31.1134490967, -3.12907981873], [14.0862064362, -62.8845291138, 19.5341243744, -17.3062496185, -30.9623279572, 0.79796564579, -22.1740837097, 22.1819229126, -0.626553237438, 22.4418869019, 31.1134490967, 93.27293396, 19.0411624908], [1.45419299603, 2.44221925735, -26.2884540558, -10.3513250351, 7.76474618912, 8.02405166626, 6.67602014542, -15.9140415192, -10.0488204956, -13.2404537201, -3.12907981873, 19.0411624908, 64.8883895874]], "icov": [[0.00017276906874, -0.000188681573491, 0.000283992791083, -0.000220582573093, 0.000146782462252, -0.000143173951074, 0.000173230670043, -0.000275374972261, 0.000548486772459, -0.000446234946139, 0.00034119017073, -0.000107991902041, 3.99062628276e-05], [-0.000188681573491, 0.000996748101898, -0.000537113868631, 0.000103233425762, -0.000182764633792, 0.000431968161138, -0.000401956960559, 0.000868564762641, -0.000867199560162, 0.000439311086666, -0.000342243612977, 0.000513938313816, -0.000223566952627], [0.000283992791083, -0.000537113868631, 0.00155674887355, -1.6450021576e-05, -0.00045873678755, 4.21173399445e-06, 0.000322654057527, -0.00101561483461, 0.00115162949078, -0.000845529371873, -0.000384353275876, -0.000330507900799, 0.000498278939631], [-0.000220582573093, 0.000103233425762, -1.6450021576e-05, 0.00211115949787, -0.00138551287819, 0.000105561266537, -0.000124184196466, -4.44449469796e-05, 0.000674178416375, -4.37629241787e-05, -0.000806473777629, 0.000203853662242, 0.000482559582451], [0.000146782462252, -0.000182764633792, -0.00045873678755, -0.00138551287819, 0.00509137474, -0.000997061724775, -0.000425808597356, 0.000309433031362, -0.00102615705691, 0.000651681621093, -0.000213114733924, 0.00137147528585, -0.00120820757002], [-0.000143173951074, 0.000431968161138, 4.21173399445e-06, 0.000105561266537, -0.000997061724775, 0.00666240835562, -0.0024473478552, -0.000642253668047, 0.00201828684658, 5.65954032936e-05, 0.00189234653953, -0.00114682374988, 0.000147109341924], [0.000173230670043, -0.000401956960559, 0.000322654057527, -0.000124184196466, -0.000425808597356, -0.0024473478552, 0.008464503102, -0.00214598374441, -7.52434498281e-05, 0.00153016392142, -0.00180350302253, 0.00254430738278, -0.00145443715155], [-0.000275374972261, 0.000868564762641, -0.00101561483461, -4.44449469796e-05, 0.000309433031362, -0.000642253668047, -0.00214598374441, 0.0108408201486, -0.00352592207491, 0.000440496020019, 0.000993437832221, -0.0032250136137, 0.00301496894099], [0.000548486772459, -0.000867199560162, 0.00115162949078, 0.000674178416375, -0.00102615705691, 0.00201828684658, -7.52434498281e-05, -0.00352592207491, 0.0142418844625, -0.00495590688661, -0.000546792463865, 0.00105379964225, 0.00046936457511], [-0.000446234946139, 0.000439311086666, -0.000845529371873, -4.37629241787e-05, 0.000651681621093, 5.65954032936e-05, 0.00153016392142, 0.000440496020019, -0.00495590688661, 0.012220364064, -0.00408875290304, -0.000866154790856, 0.0012926266063], [0.00034119017073, -0.000342243612977, -0.000384353275876, -0.000806473777629, -0.000213114733924, 0.00189234653953, -0.00180350302253, 0.000993437832221, -0.000546792463865, -0.00408875290304, 0.016557764262, -0.00596744101495, 0.00157214410137], [-0.000107991902041, 0.000513938313816, -0.000330507900799, 0.000203853662242, 0.00137147528585, -0.00114682374988, 0.00254430738278, -0.0032250136137, 0.00105379964225, -0.000866154790856, -0.00596744101495, 0.0165293589234, -0.00634507928044], [3.99062628276e-05, -0.000223566952627, 0.000498278939631, 0.000482559582451, -0.00120820757002, 0.000147109341924, -0.00145443715155, 0.00301496894099, 0.00046936457511, 0.0012926266063, 0.00157214410137, -0.00634507928044, 0.0189870931208]], "mean": [-735.396179199, 143.305786133, 8.22475719452, 52.4632263184, 1.45014190674, 6.14153814316, -2.62095451355, 1.94817590714, -5.48468589783, 3.60206770897, -3.2468111515, 0.869131624699, -2.68246841431]}, "pitch_salience": {"dmean": 0.0714188069105, "dmean2": 0.117483250797, "dvar": 0.00381958810613, "dvar2": 0.0105813881382, "max": 0.996095776558, "mean": 0.570432603359, "median": 0.580018699169, "min": 0.118390053511, "var": 0.0140345878899}, "silence_rate_20dB": {"dmean": 0.000256443134276, "dmean2": 0.000512952043209, "dvar": 0.00025638344232, "dvar2": 0.000512686092407, "max": 1, "mean": 0.999743580818, "median": 1, "min": 0, "var": 0.000256350584095}, "silence_rate_30dB": {"dmean": 0.0169252473861, "dmean2": 0.0338548347354, "dvar": 0.0166398622096, "dvar2": 0.0393775030971, "max": 1, "mean": 0.977948725224, "median": 1, "min": 0, "var": 0.0215658172965}, "silence_rate_60dB": {"dmean": 0.0153865879402, "dmean2": 0.0307771228254, "dvar": 0.0151496334001, "dvar2": 0.0347017906606, "max": 1, "mean": 0.116794869304, "median": 0, "min": 0, "var": 0.103152252734}, "spectral_centroid": {"dmean": 229.279693604, "dmean2": 354.814910889, "dvar": 82467.78125, "dvar2": 169718.328125, "max": 11663.4228516, "mean": 1137.6739502, "median": 833.710571289, "min": 127.190994263, "var": 1748143.125}, "spectral_complexity": {"dmean": 2.72958064079, "dmean2": 4.03770208359, "dvar": 12.202624321, "dvar2": 23.5224285126, "max": 54, "mean": 11.763589859, "median": 8, "min": 0, "var": 93.2526473999}, "spectral_contrast_coeffs": {"dmean": [0.0531237311661, 0.0490235947073, 0.0384262874722, 0.0297041498125, 0.0211156010628, 0.0305473096669], "dmean2": [0.0887393131852, 0.0805785730481, 0.0620609559119, 0.0482927151024, 0.0344808213413, 0.0478473193944], "dvar": [0.00180610781536, 0.00153400970157, 0.0010013153078, 0.0006205640384, 0.00033745347173, 0.000800766050816], "dvar2": [0.00513933692127, 0.00409579789266, 0.00249805860221, 0.00154056993779, 0.000845993985422, 0.00193104927894], "max": [-0.356565356255, -0.381174325943, -0.484386980534, -0.562870919704, -0.615684151649, -0.495087504387], "mean": [-0.654752254486, -0.748956978321, -0.815840184689, -0.835821926594, -0.828071534634, -0.756014049053], "median": [-0.654329836369, -0.754220366478, -0.823040902615, -0.832634449005, -0.815981686115, -0.748577654362], "min": [-0.981088101864, -0.996866941452, -0.999026715755, -0.991216182709, -0.988629519939, -0.965371131897], "var": [0.0089273462072, 0.00694410363212, 0.00526711065322, 0.00482039013878, 0.00379445310682, 0.00648170756176]}, "spectral_contrast_valleys": {"dmean": [0.385160297155, 0.39105835557, 0.422430574894, 0.374150454998, 0.309799402952, 0.510517597198], "dmean2": [0.637386023998, 0.620656967163, 0.658068180084, 0.57341247797, 0.451447457075, 0.774738430977], "dvar": [0.112732708454, 0.118179187179, 0.153460890055, 0.155231595039, 0.146930292249, 0.203407511115], "dvar2": [0.261641830206, 0.247453048825, 0.33656296134, 0.344079554081, 0.302092880011, 0.455700159073], "max": [-5.14241838455, -4.2740983963, -5.52968406677, -5.73595237732, -5.05344152451, -8.54194641113], "mean": [-7.60182762146, -7.36690711975, -8.32016849518, -8.63247203827, -8.33026885986, -11.5220308304], "median": [-7.11129283905, -6.96359014511, -7.90728235245, -8.13704872131, -7.78679847717, -11.2626981735], "min": [-28.4966773987, -27.8549804688, -27.7171974182, -27.5998058319, -27.4795570374, -27.4511623383], "var": [6.94496202469, 6.7024679184, 6.11333227158, 6.15947675705, 6.58766031265, 4.36944103241]}, "spectral_decrease": {"dmean": 2.37557795657e-09, "dmean2": 3.71548081191e-09, "dvar": 1.36566303177e-17, "dvar2": 3.28752743594e-17, "max": 2.06413854897e-08, "mean": -3.11988657131e-09, "median": -1.35985789296e-09, "min": -8.57664659293e-08, "var": 3.21780041164e-17}, "spectral_energy": {"dmean": 0.00938182789832, "dmean2": 0.0143524734303, "dvar": 0.000201549526537, "dvar2": 0.000461322022602, "max": 0.360213220119, "mean": 0.0304241478443, "median": 0.0225817784667, "min": 9.96199541871e-21, "var": 0.000907211680897}, "spectral_energyband_high": {"dmean": 0.000430084444815, "dmean2": 0.000614939839579, "dvar": 1.59690932833e-06, "dvar2": 3.24639745486e-06, "max": 0.0302080046386, "mean": 0.000905990484171, "median": 0.000321060069837, "min": 6.99195980849e-21, "var": 3.82278358302e-06}, "spectral_energyband_low": {"dmean": 0.00481744017452, "dmean2": 0.00784082245082, "dvar": 9.27658693399e-05, "dvar2": 0.000240366251091, "max": 0.197687283158, "mean": 0.00845426134765, "median": 0.00494291353971, "min": 1.52922264199e-23, "var": 0.00013619485253}, "spectral_energyband_middle_high": {"dmean": 0.000875597121194, "dmean2": 0.00119403703138, "dvar": 8.37151765154e-06, "dvar2": 1.39081757879e-05, "max": 0.11213645339, "mean": 0.00226406287402, "median": 0.000693556270562, "min": 1.17524795534e-21, "var": 3.60010562872e-05}, "spectral_energyband_middle_low": {"dmean": 0.00512824347243, "dmean2": 0.00791497249156, "dvar": 8.11903664726e-05, "dvar2": 0.000181015377166, "max": 0.312023788691, "mean": 0.0118200229481, "median": 0.00591441057622, "min": 1.54100330142e-22, "var": 0.000311700772727}, "spectral_entropy": {"dmean": 0.240456908941, "dmean2": 0.367933303118, "dvar": 0.0755032002926, "dvar2": 0.17741407454, "max": 9.82766819, "mean": 7.3146033287, "median": 7.38527822495, "min": 4.35418844223, "var": 0.458016037941}, "spectral_flux": {"dmean": 0.0185400564224, "dmean2": 0.03004623577, "dvar": 0.000505983596668, "dvar2": 0.00121073331684, "max": 0.348650872707, "mean": 0.0834610238671, "median": 0.0791687518358, "min": 6.25455104375e-11, "var": 0.00266627897508}, "spectral_kurtosis": {"dmean": 3.93644571304, "dmean2": 6.03790473938, "dvar": 56.2672424316, "dvar2": 141.901916504, "max": 139.217910767, "mean": 15.1487779617, "median": 13.1500205994, "min": -1.26788663864, "var": 106.576316833}, "spectral_rms": {"dmean": 0.000736037851311, "dmean2": 0.00110787514132, "dvar": 7.07162826075e-07, "dvar2": 1.59698095104e-06, "max": 0.018746400252, "mean": 0.00478885229677, "median": 0.00469371955842, "min": 3.11753422556e-12, "var": 6.74894317854e-06}, "spectral_rolloff": {"dmean": 2496.19824219, "dmean2": 4792.74658203, "dvar": 37878292, "dvar2": 98791576, "max": 22006.9335938, "mean": 19400.3242188, "median": 21834.6679688, "min": 64.599609375, "var": 38981612}, "spectral_skewness": {"dmean": 0.346943944693, "dmean2": 0.52489054203, "dvar": 0.277563214302, "dvar2": 0.673883020878, "max": 10.1497421265, "mean": 2.61192727089, "median": 2.46528911591, "min": -0.0721006467938, "var": 0.96580439806}, "spectral_spread": {"dmean": 578321.25, "dmean2": 873923.3125, "dvar": 615283818496, "dvar2": 1330075402240.0, "ma