{"lowlevel": {"average_loudness": 0.915552139282, "barkbands": {"dmean": [9.79873657343e-05, 0.00227253930643, 0.00107645371463, 0.00113601551857, 0.0015395822702, 0.000975554226898, 0.000956714677159, 0.00117213174235, 0.000759324932005, 0.000665971601848, 0.000418855983298, 0.000530268298462, 0.000451609143056, 0.000519674737006, 0.00041931468877, 0.000162420939887, 0.000198552996153, 0.000170281273313, 0.000130141124828, 0.00013561527885, 0.000179177135578, 0.000203239978873, 0.000153163971845, 0.000124093654449, 9.77755989879e-05, 0.00015834554506, 2.79830746877e-05], "dmean2": [0.00016017613234, 0.00374019471928, 0.00191052409355, 0.00200107693672, 0.00265103229322, 0.0015637378674, 0.00151382933836, 0.00174212607089, 0.00117968465202, 0.000993164023384, 0.000650927133393, 0.00082455429947, 0.000721472664736, 0.000826854666229, 0.000656009709928, 0.000257156003499, 0.000315452052746, 0.000268324365607, 0.000198740846827, 0.000198352659936, 0.000254252983723, 0.000287238304736, 0.000215393883991, 0.000180745351827, 0.000143859957461, 0.000258695043158, 4.79398986499e-05], "dvar": [4.03301712026e-08, 2.67712930508e-05, 6.82028939991e-06, 8.88233535079e-06, 1.78861173481e-05, 2.98764484796e-06, 3.93465097659e-06, 6.42996656097e-06, 4.69067526865e-06, 1.52257609898e-06, 1.71871624843e-06, 1.40972144891e-06, 1.51031429141e-06, 2.71792623607e-06, 1.3086699937e-06, 1.36536471018e-07, 1.14802560347e-07, 6.96128026334e-08, 3.96535888569e-08, 7.12206471576e-08, 1.59915188647e-07, 1.97014500714e-07, 1.5120649266e-07, 1.13623578102e-07, 5.59765638286e-08, 1.90376383102e-07, 6.20036377796e-09], "dvar2": [1.01221964144e-07, 6.70386871207e-05, 1.98721409106e-05, 2.46230029006e-05, 4.98391200381e-05, 7.35235016691e-06, 9.68842687143e-06, 1.38850446092e-05, 1.14643362394e-05, 3.51100607077e-06, 4.68266398457e-06, 3.2994596495e-06, 3.86381861972e-06, 6.9494226409e-06, 3.05217804453e-06, 3.48801989958e-07, 2.80237031802e-07, 1.66746161767e-07, 8.86875994865e-08, 1.53051885832e-07, 3.18735004612e-07, 4.0014009528e-07, 3.04610409785e-07, 2.4367017204e-07, 1.18166063601e-07, 5.00660235048e-07, 1.67718017252e-08], "max": [0.00407647714019, 0.0591049939394, 0.032678976655, 0.0350769795477, 0.0516871102154, 0.0285948757082, 0.0382108651102, 0.043335750699, 0.0557624995708, 0.0360768996179, 0.0552021190524, 0.0339917726815, 0.0321976207197, 0.0565625354648, 0.0283024385571, 0.0147723918781, 0.011162779294, 0.00590297672898, 0.00435612536967, 0.00639852602035, 0.00893806573004, 0.00870443880558, 0.0109630059451, 0.00969997234643, 0.00523250270635, 0.00534399040043, 0.00115642615128], "mean": [0.000155365298269, 0.00394534878433, 0.00147875235416, 0.0011848337017, 0.00196586525999, 0.00181033462286, 0.00160604878329, 0.00209325947799, 0.00136683497112, 0.00132659298833, 0.000700017204508, 0.000949709967244, 0.00076618330786, 0.000904128246475, 0.000859534193296, 0.000363092956832, 0.000459275383037, 0.000359259516699, 0.00028334534727, 0.00026166124735, 0.000327864632709, 0.000378487893613, 0.000266680406639, 0.000205478732823, 0.000147407336044, 0.000165723540704, 2.87702641799e-05], "median": [8.24056696729e-05, 0.00299994298257, 0.000849768868648, 0.000422449898906, 0.000826351926662, 0.00103648379445, 0.000654479896184, 0.000699697528034, 0.000613078242168, 0.000788914621808, 0.000329305155901, 0.000495508254971, 0.00034732313361, 0.000357036711648, 0.000319970946293, 0.000203220421099, 0.00025565631222, 0.000218834044063, 0.000164239070727, 0.000120395059639, 0.00012387172319, 0.00014908076264, 8.45806280267e-05, 6.5443382482e-05, 3.54170479113e-05, 2.81275060843e-05, 3.41065538123e-06], "min": [2.50215635083e-23, 2.44515799499e-23, 4.81537672834e-23, 2.01236870755e-23, 1.2019348547e-22, 3.68791337231e-23, 7.34471596379e-23, 5.64018507837e-23, 3.40388274121e-23, 7.59720762035e-23, 1.94774124633e-22, 8.52077883137e-23, 9.79595292091e-23, 1.67965778553e-22, 6.52400464175e-23, 1.70635662509e-22, 1.51573425647e-22, 1.53363609787e-22, 2.89760752635e-22, 1.7247728038e-22, 3.90343824955e-22, 6.3232994948e-22, 6.11851221354e-22, 1.07981239606e-21, 1.46818187256e-21, 1.70942649308e-21, 2.33068962021e-21], "var": [6.15151520833e-08, 2.64938244072e-05, 5.05447997057e-06, 6.622692581e-06, 1.43032129927e-05, 5.67896995562e-06, 7.67591336626e-06, 1.56752485054e-05, 7.77098739491e-06, 3.99927694161e-06, 2.34261210608e-06, 3.01780664813e-06, 2.71003773378e-06, 4.59610373582e-06, 3.47535683431e-06, 2.931876395e-07, 4.34782350567e-07, 1.90019790125e-07, 1.21281146903e-07, 1.69207623912e-07, 3.25167036408e-07, 4.10576888044e-07, 3.02852299683e-07, 2.21422894242e-07, 1.12885651049e-07, 1.68123932553e-07, 5.37643751741e-09]}, "barkbands_crest": {"dmean": 2.15717458725, "dmean2": 3.50819444656, "dvar": 4.76872158051, "dvar2": 12.4222517014, "max": 26.7103748322, "mean": 8.29662704468, "median": 7.44155025482, "min": 2.18123912811, "var": 14.7003965378}, "barkbands_flatness_db": {"dmean": 0.0155165791512, "dmean2": 0.0232100021094, "dvar": 0.000230353674851, "dvar2": 0.00051745242672, "max": 0.371721178293, "mean": 0.0927001461387, "median": 0.0852378904819, "min": 0.0152833368629, "var": 0.00228111236356}, "barkbands_kurtosis": {"dmean": 1.24665665627, "dmean2": 1.95713722706, "dvar": 4.88101005554, "dvar2": 11.2123584747, "max": 149.586837769, "mean": 2.27115774155, "median": 0.527038455009, "min": -1.84471595287, "var": 115.583503723}, "barkbands_skewness": {"dmean": 0.354167461395, "dmean2": 0.546372115612, "dvar": 0.142369881272, "dvar2": 0.330955386162, "max": 12.1941108704, "mean": 1.05333054066, "median": 0.93905299902, "min": -2.1517136097, "var": 1.3520731926}, "barkbands_spread": {"dmean": 6.10196638107, "dmean2": 9.22239017487, "dvar": 61.7665710449, "dvar2": 137.400726318, "max": 97.6091995239, "mean": 28.9400272369, "median": 26.6253623962, "min": 2.44908809662, "var": 219.363693237}, "dissonance": {"dmean": 0.01580026187, "dmean2": 0.02605509758, "dvar": 0.000222934017074, "dvar2": 0.000575392332394, "max": 0.500000059605, "mean": 0.464677542448, "median": 0.471632182598, "min": 0.266840726137, "var": 0.000702865014318}, "dynamic_complexity": 2.71187615395, "erbbands": {"dmean": [0.065743111074, 0.538933157921, 1.22930467129, 2.40942716599, 5.82696962357, 3.78712797165, 6.41723871231, 8.63536643982, 12.9595890045, 15.3261938095, 26.872800827, 17.124124527, 16.9343357086, 20.6259231567, 16.5258693695, 20.5919532776, 18.6614780426, 26.7028465271, 21.4317722321, 16.7202854156, 8.50694561005, 8.7708940506, 8.75773525238, 7.24037218094, 6.46700429916, 6.22120714188, 6.76494932175, 7.69627952576, 7.57495880127, 5.92651224136, 4.10800170898, 2.93887138367, 1.94214761257, 1.25070500374, 0.605013370514, 0.285114347935, 0.425961196423, 0.0846848934889, 0.00526601122692, 0.000126123253722], "dmean2": [0.106731139123, 0.898758769035, 2.16407465935, 4.25944852829, 10.1952447891, 6.47921133041, 10.3268613815, 13.8680095673, 20.5241031647, 23.392036438, 40.0397109985, 26.1639842987, 25.9893493652, 30.5706958771, 25.4560852051, 31.7856521606, 29.5508537292, 42.3843421936, 33.4507369995, 26.364774704, 13.1250457764, 13.7653541565, 13.7508821487, 11.2004070282, 9.66942977905, 9.13230991364, 9.66959953308, 11.0086393356, 10.8520584106, 8.3645401001, 5.8562669754, 4.28556871414, 2.86820697784, 1.84791100025, 0.914296746254, 0.423865348101, 0.715182483196, 0.141840010881, 0.00915760081261, 0.000212432423723], "dvar": [0.0219591539353, 1.59000480175, 8.34690189362, 29.9381046295, 385.27243042, 80.7763137817, 145.168029785, 281.880279541, 736.762268066, 1406.76782227, 3302.17993164, 2195.09008789, 2029.63525391, 1116.05273438, 1824.26904297, 2137.41381836, 2543.98950195, 7485.23388672, 2967.05444336, 2365.39111328, 181.065139771, 243.840072632, 180.308700562, 133.813079834, 113.354248047, 144.282211304, 236.226760864, 304.743530273, 275.15234375, 219.826217651, 108.770271301, 61.3023223877, 30.7910747528, 10.954750061, 2.09757494926, 0.445145040751, 1.57198047638, 0.0607892945409, 0.000224515315495, 1.15115945221e-07], "dvar2": [0.0552001819015, 4.12299776077, 23.9248828888, 83.4488983154, 1072.08569336, 225.436340332, 383.492736816, 686.587158203, 1784.43896484, 3267.45214844, 7179.48974609, 5155.21435547, 5073.77832031, 2669.90527344, 4711.04980469, 5119.42529297, 6356.40576172, 19179.8261719, 7101.87402344, 5584.35986328, 429.495330811, 580.628662109, 422.935943604, 315.375213623, 247.638168335, 308.646087646, 474.649810791, 630.369506836, 573.102050781, 426.226470947, 224.615447998, 135.832077026, 66.8407440186, 23.4300460815, 4.75531291962, 0.984063148499, 4.24345207214, 0.163572221994, 0.000613808457274, 3.05178730287e-07], "max": [2.00558042526, 14.0081691742, 33.9759140015, 75.4024276733, 223.761444092, 125.322189331, 221.414016724, 310.565917969, 620.568359375, 1076.14892578, 1004.19647217, 1330.99206543, 1252.94604492, 1062.48022461, 1480.38012695, 1582.25, 1283.6932373, 2598.53930664, 1726.4440918, 1700.50598145, 302.441314697, 711.433349609, 350.85836792, 370.342285156, 268.08694458, 212.024185181, 469.409240723, 304.914123535, 322.633270264, 449.738861084, 233.670639038, 244.591033936, 149.319091797, 88.1863098145, 28.064043045, 11.8981113434, 16.0536766052, 3.18234014511, 0.228971257806, 0.00727740861475], "mean": [0.119507737458, 0.853763639927, 1.79419314861, 2.93820095062, 5.7248468399, 5.30737781525, 11.5259151459, 15.1406211853, 21.7215690613, 28.3353443146, 48.8331031799, 32.0073661804, 34.4749794006, 42.3391265869, 32.3988265991, 38.9113044739, 34.6028556824, 49.9778251648, 43.7799491882, 34.7454872131, 22.2342681885, 22.1741714478, 20.3518848419, 16.7199001312, 13.8086690903, 12.3478355408, 12.62895298, 13.9424915314, 14.0701789856, 10.3026847839, 7.16318798065, 4.75698423386, 3.20736575127, 1.93063616753, 0.859333992004, 0.407454013824, 0.400983691216, 0.0835289135575, 0.00503878248855, 0.000150083418703], "median": [0.0864650979638, 0.591957688332, 1.16515791416, 1.50127267838, 1.56314444542, 2.2421040535, 6.09613895416, 8.0385055542, 10.1843452454, 9.81175804138, 18.8518161774, 15.5350818634, 18.7232513428, 27.1880149841, 18.9189910889, 20.6685943604, 17.1033287048, 20.1224632263, 18.6726493835, 14.0611562729, 13.3785352707, 13.3335876465, 13.1892557144, 9.99942207336, 7.85946750641, 5.76915454865, 5.04804182053, 5.06007385254, 5.71342372894, 3.37718653679, 2.28147220612, 1.4930062294, 1.01386833191, 0.484667152166, 0.181531906128, 0.0813463255763, 0.0625452697277, 0.0120368897915, 0.000593482982367, 4.57066598756e-05], "min": [7.99963169518e-22, 6.11540039077e-21, 5.07349613122e-20, 4.99913097857e-20, 3.63159430775e-19, 3.3067946024e-19, 1.0654948367e-19, 3.99004397891e-19, 4.26138687868e-19, 1.98347633171e-18, 1.07435489749e-18, 6.9076286481e-19, 1.99552669887e-18, 4.1911665859e-18, 7.46939130052e-18, 2.51880074079e-18, 4.93522712742e-18, 8.66513877861e-18, 3.83180251827e-18, 3.90898550046e-18, 1.11775873927e-17, 9.03575870642e-18, 7.69761787615e-18, 1.18493424225e-17, 1.4893977536e-17, 8.10786968147e-18, 1.01355863207e-17, 1.87260836295e-17, 2.43730587286e-17, 1.95855739168e-17, 1.60819826035e-17, 2.39108814875e-17, 1.62601225659e-17, 1.68473496633e-17, 1.10854378181e-17, 6.29215529736e-18, 2.82929642539e-18, 1.27257694396e-18, 3.62428875197e-19, 3.31019457321e-20], "var": [0.0240320563316, 1.43774545193, 6.30459690094, 23.1235103607, 264.034851074, 82.373374939, 271.62387085, 515.190490723, 1392.26696777, 3263.93652344, 7726.44140625, 3886.92700195, 4090.0222168, 2659.65576172, 2932.86889648, 4607.32080078, 4696.70556641, 13636.0957031, 7004.55029297, 5373.94384766, 747.299316406, 855.363525391, 547.180297852, 401.445953369, 333.127685547, 339.065765381, 482.682037354, 598.430053711, 557.758422852, 422.80657959, 222.003433228, 109.903526306, 61.1712875366, 22.6093559265, 3.48461675644, 0.729805648327, 1.21919298172, 0.0489107817411, 0.000183154799743, 1.05770915582e-07]}, "erbbands_crest": {"dmean": 2.30005645752, "dmean2": 3.61364388466, "dvar": 5.38577032089, "dvar2": 12.5147457123, "max": 28.4544353485, "mean": 8.25501060486, "median": 7.17511367798, "min": 2.24401021004, "var": 16.6286811829}, "erbbands_flatness_db": {"dmean": 0.0164943896234, "dmean2": 0.0232865270227, "dvar": 0.000310633215122, "dvar2": 0.000567890005186, "max": 0.318835139275, "mean": 0.132841870189, "median": 0.130377605557, "min": 0.0308900345117, "var": 0.00157776428387}, "erbbands_kurtosis": {"dmean": 0.738110840321, "dmean2": 1.12669813633, "dvar": 0.947403252125, "dvar2": 2.12355327606, "max": 17.1020088196, "mean": 0.563406229019, "median": 0.20818349719, "min": -1.75830173492, "var": 2.71488380432}, "erbbands_skewness": {"dmean": 0.285961776972, "dmean2": 0.422975450754, "dvar": 0.0756000876427, "dvar2": 0.157675996423, "max": 3.70168375969, "mean": 0.382694900036, "median": 0.358972847462, "min": -3.01625943184, "var": 0.446096241474}, "erbbands_spread": {"dmean": 7.31617021561, "dmean2": 10.9085083008, "dvar": 78.1073532104, "dvar2": 166.469284058, "max": 125.507217407, "mean": 36.1203079224, "median": 32.2118225098, "min": 6.55868434906, "var": 305.613861084}, "gfcc": {"cov": [[12245.7880859, -945.166625977, -707.665222168, 12.1550779343, -355.741210938, -12.0019989014, -401.123565674, -157.568023682, -202.770782471, 100.621688843, -258.021087646, -3.00222444534, -275.75378418], [-945.166625977, 1337.49926758, -294.315887451, 37.912525177, 76.1243591309, -57.8475227356, 120.994560242, 45.1026344299, 100.200653076, -96.2638549805, 105.410392761, -69.1949157715, 68.1242599487], [-707.665222168, -294.315887451, 734.426635742, -10.2017011642, -71.532333374, 16.5239562988, 11.0555782318, -5.04023313522, -53.239566803, 27.1894607544, -26.1452827454, 48.6324691772, -50.4706878662], [12.1550779343, 37.912525177, -10.2017011642, 215.729507446, -3.24781417847, 13.1774644852, -15.815246582, -4.46313142776, 15.9514446259, -4.24010133743, 0.580970287323, -15.1673192978, 16.553232193], [-355.741210938, 76.1243591309, -71.532333374, -3.24781417847, 282.073577881, 58.4886741638, 45.8241119385, 44.5393714905, 25.8938503265, -2.4584569931, 1.61697697639, 24.3657512665, 31.8215255737], [-12.0019989014, -57.8475227356, 16.5239562988, 13.1774644852, 58.4886741638, 150.076248169, 36.9557914734, 37.636013031, 5.70116758347, 6.4273815155, 4.62919807434, 15.9206418991, 7.0326590538], [-401.123565674, 120.994560242, 11.0555782318, -15.815246582, 45.8241119385, 36.9557914734, 121.05241394, 37.5799064636, 17.6638317108, -6.12445449829, 19.4780139923, 3.13698863983, 4.70660638809], [-157.568023682, 45.1026344299, -5.04023313522, -4.46313142776, 44.5393714905, 37.636013031, 37.5799064636, 94.622756958, 39.2037506104, 3.71095657349, 10.5662536621, 10.7146482468, 11.653591156], [-202.770782471, 100.200653076, -53.239566803, 15.9514446259, 25.8938503265, 5.70116758347, 17.6638317108, 39.2037506104, 91.6045532227, 16.5242938995, 16.7661495209, -12.0517911911, 22.7894763947], [100.621688843, -96.2638549805, 27.1894607544, -4.24010133743, -2.4584569931, 6.4273815155, -6.12445449829, 3.71095657349, 16.5242938995, 71.7741928101, 12.9502706528, 8.20353317261, -3.83107256889], [-258.021087646, 105.410392761, -26.1452827454, 0.580970287323, 1.61697697639, 4.62919807434, 19.4780139923, 10.5662536621, 16.7661495209, 12.9502706528, 74.8954391479, 13.446803093, 17.0558338165], [-3.00222444534, -69.1949157715, 48.6324691772, -15.1673192978, 24.3657512665, 15.9206418991, 3.13698863983, 10.7146482468, -12.0517911911, 8.20353317261, 13.446803093, 74.8673324585, 20.1874790192], [-275.75378418, 68.1242599487, -50.4706878662, 16.553232193, 31.8215255737, 7.0326590538, 4.70660638809, 11.653591156, 22.7894763947, -3.83107256889, 17.0558338165, 20.1874790192, 72.8804779053]], "icov": [[0.000136820002808, -6.64312983645e-06, 0.000246440031333, -5.18398737768e-05, 0.000171750376467, -0.000138929201057, 0.000294547557132, -3.24249667756e-05, 0.000159206334502, -0.000297176709864, 0.000455623288872, -0.00038113372284, 0.000564443296753], [-6.64312983645e-06, 0.00138592277654, 0.000194868203835, -0.000125341801322, -0.00025886829826, 0.000790363061242, -0.00105453305878, -1.50720261445e-05, -0.000868380477186, 0.00199241563678, -0.00191322120372, 0.00122946221381, -0.000566460017581], [0.000246440031333, 0.000194868203835, 0.00215905765072, -0.000307389942463, 0.000773558334913, -0.000232672624406, -0.000157728645718, -0.000224450763199, 0.000731049047317, -0.000941859732848, 0.00129932037089, -0.00199449667707, 0.00201633921824], [-5.18398737768e-05, -0.000125341801322, -0.000307389942463, 0.00507974531502, 3.4513133869e-05, -0.000911042559892, 0.000940024969168, 0.000569740310311, -0.000879936211277, 0.000443479744717, -0.000197297777049, 0.00144360784907, -0.00157980725635], [0.000171750376467, -0.00025886829826, 0.000773558334913, 3.4513133869e-05, 0.0047674686648, -0.00146370532457, -0.00062103610253, -0.000849468808156, -0.000124712722027, -0.000717176764738, 0.00207605282776, -0.00206563156098, -0.00025712835486], [-0.000138929201057, 0.000790363061242, -0.000232672624406, -0.000911042559892, -0.00146370532457, 0.00892821326852, -0.00257776118815, -0.00261178449728, 0.00074284337461, 0.000325167871779, -0.00122366577853, 0.000288192532025, -0.000865645764861], [0.000294547557132, -0.00105453305878, -0.000157728645718, 0.000940024969168, -0.00062103610253, -0.00257776118815, 0.0123055418953, -0.00277865212411, 0.000243059985223, -8.2160178863e-05, -0.00064615329029, -0.000451205298305, 0.00214283633977], [-3.24249667756e-05, -1.50720261445e-05, -0.000224450763199, 0.000569740310311, -0.000849468808156, -0.00261178449728, -0.00277865212411, 0.0161293614656, -0.00702821789309, 0.00121733138803, 0.000105287101178, -0.0026107809972, 0.000790072663222], [0.000159206334502, -0.000868380477186, 0.000731049047317, -0.000879936211277, -0.000124712722027, 0.00074284337461, 0.000243059985223, -0.00702821789309, 0.0184417702258, -0.00635493034497, 6.3118081016e-05, 0.00417779991403, -0.00406163651496], [-0.000297176709864, 0.00199241563678, -0.000941859732848, 0.000443479744717, -0.000717176764738, 0.000325167871779, -8.2160178863e-05, 0.00121733138803, -0.00635493034497, 0.0199469067156, -0.00658448925242, 0.000268111150945, 0.000855010061059], [0.000455623288872, -0.00191322120372, 0.00129932037089, -0.000197297777049, 0.00207605282776, -0.00122366577853, -0.00064615329029, 0.000105287101178, 6.3118081016e-05, -0.00658448925242, 0.020410252735, -0.00603139633313, 0.000221698835958], [-0.00038113372284, 0.00122946221381, -0.00199449667707, 0.00144360784907, -0.00206563156098, 0.000288192532025, -0.000451205298305, -0.0026107809972, 0.00417779991403, 0.000268111150945, -0.00603139633313, 0.0211467556655, -0.00871802400798], [0.000564443296753, -0.000566460017581, 0.00201633921824, -0.00157980725635, -0.00025712835486, -0.000865645764861, 0.00214283633977, 0.000790072663222, -0.00406163651496, 0.000855010061059, 0.000221698835958, -0.00871802400798, 0.0217504501343]], "mean": [25.0293979645, 72.9742584229, -112.772468567, 21.2005977631, -56.4096755981, 17.6288452148, -28.5344238281, 10.3164463043, -17.2624053955, 7.39919996262, -15.3758974075, 6.89185285568, -13.5887918472]}, "hfc": {"dmean": 9.87330627441, "dmean2": 13.5189228058, "dvar": 284.486358643, "dvar2": 573.379699707, "max": 243.890777588, "mean": 28.2153816223, "median": 18.8200149536, "min": 1.17819490401e-16, "var": 782.067932129}, "melbands": {"dmean": [0.000606208515819, 0.000651746231597, 0.000533224316314, 0.000350896996679, 0.000203743256861, 0.000192550724023, 0.000198555004317, 0.00018316929345, 0.000210609912756, 0.000103797574411, 8.65826877998e-05, 8.85575791472e-05, 6.18678532192e-05, 6.40964426566e-05, 4.21412732976e-05, 4.62471834908e-05, 5.24686620338e-05, 3.61714082828e-05, 2.81911397906e-05, 1.66055851878e-05, 1.11484196168e-05, 9.90688113234e-06, 1.05903354779e-05, 9.22430808714e-06, 6.1233931774e-06, 5.1759152484e-06, 4.70839131594e-06, 4.27082250098e-06, 4.58759313915e-06, 4.41542533736e-06, 4.87719898956e-06, 4.66453548142e-06, 3.80707388103e-06, 3.31803857989e-06, 2.57846545537e-06, 1.95721850105e-06, 1.88518674804e-06, 1.3912998611e-06, 1.40836709761e-06, 9.53729227149e-07], "dmean2": [0.000987190986052, 0.00111267738976, 0.000940643774811, 0.000608962378465, 0.000330630107783, 0.000308715942083, 0.00031452960684, 0.00027771355235, 0.000314661854645, 0.000159924049512, 0.000133125446155, 0.000131241424242, 9.57775337156e-05, 0.000100074947113, 6.67805143166e-05, 7.3653551226e-05, 8.27377516543e-05, 5.66705712117e-05, 4.41494412371e-05, 2.67597424681e-05, 1.75091936399e-05, 1.56818114192e-05, 1.6784597392e-05, 1.4803628801e-05, 9.56750864134e-06, 7.99865028966e-06, 7.09616369932e-06, 6.38604751657e-06, 6.78254946251e-06, 6.44480905976e-06, 7.21026071915e-06, 6.80542279952e-06, 5.59962336411e-06, 4.77233697893e-06, 3.78017784897e-06, 2.86945692096e-06, 2.84663360617e-06, 2.10240932574e-06, 2.11943552131e-06, 1.4278616618e-06], "dvar": [1.89276181572e-06, 2.24816676564e-06, 1.90615139672e-06, 1.19941546473e-06, 1.39362214213e-07, 1.30857046088e-07, 1.62638627899e-07, 1.8633528498e-07, 2.09594617218e-07, 8.25205006549e-08, 5.17422265034e-08, 1.99090397501e-08, 3.41872024023e-08, 2.24337632915e-08, 1.58297250863e-08, 1.52457566571e-08, 2.94954052293e-08, 8.55517434672e-09, 7.12402270509e-09, 2.10787698407e-09, 3.11675324438e-10, 2.97022295648e-10, 3.29320515302e-10, 2.4501151108e-10, 1.02271989488e-10, 6.91690524302e-11, 8.40855857165e-11, 7.29957760903e-11, 1.08624977069e-10, 1.10691601718e-10, 1.19513829389e-10, 9.64543514503e-11, 8.46769598883e-11, 7.36013680558e-11, 4.47425534122e-11, 2.84094362618e-11, 2.5191059308e-11, 1.88632772596e-11, 1.43324241364e-11, 6.69729549596e-12], "dvar2": [4.70527174912e-06, 6.14972032054e-06, 5.29449062014e-06, 3.34677724823e-06, 3.7575028955e-07, 3.18834707969e-07, 4.00723564553e-07, 4.21813410867e-07, 4.65476574618e-07, 1.95761856503e-07, 1.2884578382e-07, 4.67555665296e-08, 9.2164590626e-08, 5.27369152792e-08, 4.17068832803e-08, 3.96700450267e-08, 7.37335170697e-08, 2.08575183791e-08, 1.66307767557e-08, 5.16768894343e-09, 7.44318884305e-10, 7.19261428195e-10, 7.91947118994e-10, 6.25748119987e-10, 2.44864850618e-10, 1.58827950791e-10, 1.88484172714e-10, 1.61106433749e-10, 2.30550509239e-10, 2.37982078488e-10, 2.56656529363e-10, 2.02662039928e-10, 1.82967418993e-10, 1.47387838045e-10, 9.54488987848e-11, 6.2552539537e-11, 5.80964512609e-11, 4.34982501407e-11, 3.19104950797e-11, 1.45770912702e-11], "max": [0.0161423813552, 0.016523975879, 0.0158620420843, 0.013660040684, 0.00657453760505, 0.00627862801775, 0.00877991504967, 0.011289710179, 0.010216332972, 0.00727570801973, 0.00647236267105, 0.00446617789567, 0.00733920093626, 0.00482102483511, 0.00418286770582, 0.00342449755408, 0.005114661064, 0.00297939521261, 0.00243219709955, 0.00160988850985, 0.000549250748008, 0.000649021298159, 0.000441525771748, 0.000325892237015, 0.000318644626532, 0.000176476998604, 0.000307429436361, 0.000161007774295, 0.000314890261507, 0.000191570739844, 0.000170439234353, 0.000209275312955, 0.000221375245019, 0.000304715766106, 0.000161971605849, 0.000154275112436, 0.000163298027474, 0.000124544385471, 8.27185212984e-05, 8.03173170425e-05], "mean": [0.00108552223537, 0.00102214585058, 0.000608165224548, 0.000391246547224, 0.000370155117707, 0.000343821273418, 0.000334475800628, 0.00033970180084, 0.000378701457521, 0.000189479833352, 0.000172085492522, 0.000176055182237, 0.000109445507405, 0.000114873153507, 7.39814495319e-05, 8.13439764897e-05, 9.34898343985e-05, 6.71363304718e-05, 5.82053980906e-05, 3.33650896209e-05, 2.58906657109e-05, 2.3029595468e-05, 2.15859654418e-05, 1.80019706022e-05, 1.28485444293e-05, 1.03526981547e-05, 9.06846071302e-06, 7.82903771324e-06, 8.00346424512e-06, 7.41522399039e-06, 8.37952120492e-06, 8.51056120155e-06, 6.31983039057e-06, 5.46120645595e-06, 4.32387651017e-06, 3.18637466989e-06, 2.82110909211e-06, 2.2002679998e-06, 2.16957846533e-06, 1.41966677347e-06], "median": [0.000849707168527, 0.000762248993851, 0.0002869348682, 0.000133663430461, 0.000198230321985, 0.000184949356481, 0.000154419220053, 0.000109537650133, 0.000148959894432, 8.86655470822e-05, 9.07329304027e-05, 0.000110540750029, 5.59859327041e-05, 5.90335403103e-05, 3.63717626897e-05, 3.7846781197e-05, 3.49841429852e-05, 2.79368032352e-05, 2.10660273297e-05, 1.52262346091e-05, 1.47987511809e-05, 1.29341115098e-05, 1.29704012579e-05, 1.03981292341e-05, 7.11095844963e-06, 5.95658184466e-06, 4.46372951046e-06, 3.4935419535e-06, 3.13677151098e-06, 2.66053393716e-06, 2.89648255603e-06, 3.48581284015e-06, 2.15221007238e-06, 1.70972998603e-06, 1.34419587994e-06, 9.89778300209e-07, 8.66495156515e-07, 6.96117410826e-07, 5.97475775521e-07, 3.30536920501e-07], "min": [7.69151452162e-24, 1.98902426232e-23, 1.74858718925e-23, 3.02807950338e-23, 4.69183582521e-24, 8.32145072002e-24, 9.28581187741e-24, 2.08102768975e-23, 7.25516715595e-24, 4.51117168956e-24, 1.02823522488e-23, 1.64150389676e-23, 2.8334962326e-23, 1.18372957006e-23, 6.69078766537e-24, 1.20228704954e-23, 1.66808708931e-23, 6.01046928754e-24, 5.05323036083e-24, 6.44347464398e-24, 1.42075584524e-23, 8.74768331116e-24, 8.85842360504e-24, 6.30552732635e-24, 9.15918944693e-24, 1.36688626952e-23, 6.9827166874e-24, 4.98254881815e-24, 5.19737141986e-24, 9.18117736694e-24, 1.12613404651e-23, 1.28906451013e-23, 1.35325301758e-23, 9.82737435517e-24, 7.99181414672e-24, 1.34933017007e-23, 1.49315560586e-23, 1.21926546615e-23, 9.81911103719e-24, 1.58896481384e-23], "var": [1.96186556423e-06, 1.82301732821e-06, 1.38102507208e-06, 8.60062584707e-07, 2.65102187313e-07, 2.44864509114e-07, 3.0289132269e-07, 4.45455697218e-07, 4.54319206256e-07, 1.43553279486e-07, 1.05962129737e-07, 4.90377729534e-08, 4.74020218633e-08, 4.74269690187e-08, 2.39018351778e-08, 2.84478698376e-08, 5.40876001764e-08, 1.70504232955e-08, 1.90112956489e-08, 4.26800106368e-09, 1.24964494308e-09, 1.12518494522e-09, 8.01890776003e-10, 5.48021517055e-10, 2.75729217236e-10, 1.79993048244e-10, 2.40297448606e-10, 1.49608214706e-10, 2.10851225368e-10, 1.94020688404e-10, 2.23529722509e-10, 2.02317634868e-10, 1.44992559625e-10, 1.33039718131e-10, 8.48983383595e-11, 5.20414648875e-11, 3.97855637324e-11, 3.25293646186e-11, 2.74402982975e-11, 1.33274224989e-11]}, "melbands_crest": {"dmean": 2.76641488075, "dmean2": 4.50562953949, "dvar": 7.24323797226, "dvar2": 18.4999961853, "max": 39.6902122498, "mean": 11.8670797348, "median": 10.9750757217, "min": 2.63817977905, "var": 25.2148017883}, "melbands_flatness_db": {"dmean": 0.0193947516382, "dmean2": 0.0293414033949, "dvar": 0.000375186908059, "dvar2": 0.000869825773407, "max": 0.44207021594, "mean": 0.155974924564, "median": 0.149799928069, "min": 0.00829285476357, "var": 0.00337430043146}, "melbands_kurtosis": {"dmean": 3.28896379471, "dmean2": 5.26760435104, "dvar": 38.4061203003, "dvar2": 95.2379226685, "max": 248.379776001, "mean": 7.20767068863, "median": 3.93136024475, "min": -1.71468257904, "var": 268.943054199}, "melbands_skewness": {"dmean": 0.509025454521, "dmean2": 0.782722532749, "dvar": 0.361222505569, "dvar2": 0.863205194473, "max": 15.2857894897, "mean": 1.902759552, "median": 1.71506619453, "min": -1.26028716564, "var": 1.98923146725}, "melbands_spread": {"dmean": 7.12278938293, "dmean2": 11.0586309433, "dvar": 99.4398574829, "dvar2": 218.950805664, "max": 241.120117188, "mean": 31.8568401337, "median": 28.5689506531, "min": 2.23452472687, "var": 350.489196777}, "mfcc": {"cov": [[7171.91162109, -467.909698486, -285.436767578, -52.5249519348, -111.551307678, 62.2970199585, -140.417251587, -143.331253052, -83.3771972656, -47.0329246521, 16.8518371582, -50.2275390625, -54.6926460266], [-467.909698486, 991.271728516, -204.162643433, 64.5146636963, 16.6291370392, -35.5672073364, 47.8524742126, 89.2400741577, 23.1307086945, 32.1293296814, 16.7592468262, 35.5247421265, 4.92953920364], [-285.436767578, -204.162643433, 637.307312012, 18.2820911407, -62.7865524292, -6.84539985657, -8.21900463104, -25.4559745789, -45.7756538391, -33.4625244141, 13.0100231171, -10.3312225342, 18.140827179], [-52.5249519348, 64.5146636963, 18.2820911407, 171.910171509, 18.1376171112, 2.33634591103, -15.7761144638, -7.78791809082, 3.48627901077, 0.504812777042, -15.1460142136, -1.60408043861, 8.80085086823], [-111.551307678, 16.6291370392, -62.7865524292, 18.1376171112, 163.283187866, 35.5015029907, 16.6491317749, 29.5600357056, 35.7146110535, 18.2382488251, -14.7566719055, 0.696459293365, 5.62630367279], [62.2970199585, -35.5672073364, -6.84539985657, 2.33634591103, 35.5015029907, 99.617477417, 32.6320152283, 13.341958046, 10.8000135422, 7.83796024323, -2.25475335121, -0.50208067894, -2.75829362869], [-140.417251587, 47.8524742126, -8.21900463104, -15.7761144638, 16.6491317749, 32.6320152283, 103.788284302, 45.4074211121, 6.50119495392, 2.07228183746, 9.3522605896, 11.2438135147, 2.4831507206], [-143.331253052, 89.2400741577, -25.4559745789, -7.78791809082, 29.5600357056, 13.341958046, 45.4074211121, 107.631912231, 37.2541275024, 8.43405818939, 0.556688725948, 13.9538898468, 5.81054496765], [-83.3771972656, 23.1307086945, -45.7756538391, 3.48627901077, 35.7146110535, 10.8000135422, 6.50119495392, 37.2541275024, 82.4042434692, 31.9206695557, 1.7929970026, 1.24435555935, 3.05461978912], [-47.0329246521, 32.1293296814, -33.4625244141, 0.504812777042, 18.2382488251, 7.83796024323, 2.07228183746, 8.43405818939, 31.9206695557, 77.4749755859, 21.863899231, 1.28140664101, -1.63917958736], [16.8518371582, 16.7592468262, 13.0100231171, -15.1460142136, -14.7566719055, -2.25475335121, 9.3522605896, 0.556688725948, 1.7929970026, 21.863899231, 71.529876709, 18.4268722534, -0.208267793059], [-50.2275390625, 35.5247421265, -10.3312225342, -1.60408043861, 0.696459293365, -0.50208067894, 11.2438135147, 13.9538898468, 1.24435555935, 1.28140664101, 18.4268722534, 55.5830802917, 14.2211914063], [-54.6926460266, 4.92953920364, 18.140827179, 8.80085086823, 5.62630367279, -2.75829362869, 2.4831507206, 5.81054496765, 3.05461978912, -1.63917958736, -0.208267793059, 14.2211914063, 52.7711410522]], "icov": [[0.000161036339705, 7.24465862731e-05, 0.000125381018734, 3.30981902152e-06, 0.000115424147225, -0.000206250449992, 0.000225205963943, 1.69487939274e-05, 0.000126056547742, 9.68431195361e-05, -0.000147915474372, 0.000100982149888, 4.88432524435e-05], [7.24465862731e-05, 0.00132780778222, 0.000465398683446, -0.00066629727371, 0.000161673408002, 0.000635635282379, -0.000320382445352, -0.00102876452729, 0.000488342891913, -0.000405325379688, -0.000253515900113, -0.0003306401195, 9.37664080993e-05], [0.000125381018734, 0.000465398683446, 0.00197326485068, -0.000464974931674, 0.00064349884633, -0.000146915132063, 9.82968485914e-05, -0.000360906153219, 0.000853708537761, 0.000492033606861, -0.000824902381282, 0.000671541900374, -0.000773854670115], [3.30981902152e-06, -0.00066629727371, -0.000464974931674, 0.0065207593143, -0.00072792568244, -0.000592886004597, 0.00109842105303, 0.000940861529671, -0.000419117772253, -9.72984416876e-05, 0.00137335166801, -0.000135520211188, -0.000907463487238], [0.000115424147225, 0.000161673408002, 0.00064349884633, -0.00072792568244, 0.00787906162441, -0.00231925514527, -7.07220897311e-05, -0.000978412223049, -0.00185275403783, -0.000919725280255, 0.00156427058391, -2.30490877584e-05, -0.000754434673581], [-0.000206250449992, 0.000635635282379, -0.000146915132063, -0.000592886004597, -0.00231925514527, 0.012838665396, -0.00448017567396, 0.000279437954305, -0.000533683749381, -0.00106013531331, 0.000676852534525, -0.000100324250525, 0.00100229680538], [0.000225205963943, -0.000320382445352, 9.82968485914e-05, 0.00109842105303, -7.07220897311e-05, -0.00448017567396, 0.0141265224665, -0.00540273077786, 0.00207298272289, 0.000657860364299, -0.00185675488319, -0.000469710328616, -0.000230422796449], [1.69487939274e-05, -0.00102876452729, -0.000360906153219, 0.000940861529671, -0.000978412223049, 0.000279437954305, -0.00540273077786, 0.0150891859084, -0.00643691560254, 0.00131233897991, 0.00125149544328, -0.00230558007024, -0.000167850943399], [0.000126056547742, 0.000488342891913, 0.000853708537761, -0.000419117772253, -0.00185275403783, -0.000533683749381, 0.00207298272289, -0.00643691560254, 0.0187457185239, -0.00644045788795, 0.000215330466744, 0.00105802307371, -0.000927104789298], [9.68431195361e-05, -0.000405325379688, 0.000492033606861, -9.72984416876e-05, -0.000919725280255, -0.00106013531331, 0.000657860364299, 0.00131233897991, -0.00644045788795, 0.0178585834801, -0.00607646396384, 0.00164129550103, 0.000313741038553], [-0.000147915474372, -0.000253515900113, -0.000824902381282, 0.00137335166801, 0.00156427058391, 0.000676852534525, -0.00185675488319, 0.00125149544328, 0.000215330466744, -0.00607646396384, 0.0185999907553, -0.00641206512228, 0.00134325353429], [0.000100982149888, -0.0003306401195, 0.000671541900374, -0.000135520211188, -2.30490877584e-05, -0.000100324250525, -0.000469710328616, -0.00230558007024, 0.00105802307371, 0.00164129550103, -0.00641206512228, 0.0226730853319, -0.00594521826133], [4.88432524435e-05, 9.37664080993e-05, -0.000773854670115, -0.000907463487238, -0.000754434673581, 0.00100229680538, -0.000230422796449, -0.000167850943399, -0.000927104789298, 0.000313741038553, 0.00134325353429, -0.00594521826133, 0.0212420038879]], "mean": [-616.680053711, 110.033180237, -1.0552983284, 11.673374176, -2.47912073135, 8.13074398041, -1.25887465477, 6.76007175446, 2.13469386101, 2.93946886063, 4.16610431671, 2.35156488419, -0.609116792679]}, "pitch_salience": {"dmean": 0.0596699826419, "dmean2": 0.0967287346721, "dvar": 0.00296438392252, "dvar2": 0.00764580350369, "max": 0.852719068527, "mean": 0.567655146122, "median": 0.57589828968, "min": 0.0149891469628, "var": 0.0110528832301}, "silence_rate_20dB": {"dmean": 0, "dmean2": 0, "dvar": 0, "dvar2": 0, "max": 1, "mean": 1, "median": 1, "min": 1, "var": 0}, "silence_rate_30dB": {"dmean": 0, "dmean2": 0, "dvar": 0, "dvar2": 0, "max": 1, "mean": 1, "median": 1, "min": 1, "var": 0}, "silence_rate_60dB": {"dmean": 0.0044915783219, "dmean2": 0.00898427795619, "dvar": 0.00447105942294, "dvar2": 0.0104025648907, "max": 1, "mean": 0.0311876256019, "median": 0, "min": 0, "var": 0.0302150659263}, "spectral_centroid": {"dmean": 221.780349731, "dmean2": 335.663116455, "dvar": 77681.4765625, "dvar2": 155761.75, "max": 11058.0947266, "mean": 1560.65869141, "median": 1526.86962891, "min": 340.310638428, "var": 360966.8125}, "spectral_complexity": {"dmean": 3.71203994751, "dmean2": 5.26877975464, "dvar": 16.5014476776, "dvar2": 27.2518310547, "max": 60, "mean": 22.9815368652, "median": 22, "min": 0, "var": 92.6040496826}, "spectral_contrast_coeffs": {"dmean": [0.0492431931198, 0.042712688446, 0.0362038239837, 0.0295380800962, 0.0205929707736, 0.0197081938386], "dmean2": [0.081621080637, 0.0683780834079, 0.057844247669, 0.0470798797905, 0.033683270216, 0.0304278992116], "dvar": [0.00217623962089, 0.00128704949748, 0.000861483276822, 0.000586134323385, 0.000300200743368, 0.000360336940503], "dvar2": [0.00573963951319, 0.00324799818918, 0.00217258138582, 0.00143935135566, 0.000727660721168, 0.000835730927065], "max": [-0.34315392375, -0.445963770151, -0.495100349188, -0.500877082348, -0.631374061108, -0.619261205196], "mean": [-0.687599480152, -0.723038375378, -0.745763838291, -0.759301006794, -0.781657516956, -0.748385906219], "median": [-0.696733474731, -0.730329334736, -0.747583985329, -0.763051629066, -0.782892823219, -0.744830608368], "min": [-0.952244818211, -0.959488928318, -0.965886890888, -0.969301521778, -0.954900205135, -0.961088776588], "var": [0.00618731509894, 0.00519251264632, 0.00320733850822, 0.00293322396465, 0.00163872633129, 0.00169892737176]}, "spectral_contrast_valleys": {"dmean": [0.353501260281, 0.328113496304, 0.289638280869, 0.26225233078, 0.233261823654, 0.327776104212], "dmean2": [0.570547997952, 0.520659506321, 0.453389048576, 0.395153582096, 0.328314423561, 0.418565630913], "dvar": [0.120171122253, 0.110033392906, 0.0808300822973, 0.0761151760817, 0.0802250653505, 0.163564920425], "dvar2": [0.261246651411, 0.23052175343, 0.151886358857, 0.130306616426, 0.12136618793, 0.259564131498], "max": [-5.52793502808, -4.66030979156, -5.21318864822, -5.82452344894, -5.55741882324, -7.1179265976], "mean": [-7.23825263977, -6.6082906723, -7.06352615356, -7.59434175491, -7.48028898239, -9.86322593689], "median": [-7.05864429474, -6.48433685303, -6.91868114471, -7.45281982422, -7.35228204727, -9.74096488953], "min": [-27.4545288086, -27.5488395691, -27.018825531, -26.9821834564, -27.4225082397, -27.2435455322], "var": [1.0639384985, 1.1938188076, 1.22272264957, 1.29432785511, 1.26555776596, 1.59567630291]}, "spectral_decrease": {"dmean": 1.95958227422e-09, "dmean2": 3.05643799159e-09, "dvar": 9.22430956397e-18, "dvar2": 2.27619491234e-17, "max": -6.67131540121e-29, "mean": -5.77617642605e-09, "median": -4.78608486176e-09, "min": -3.23678150949e-08, "var": 1.51685419423e-17}, "spectral_energy": {"dmean": 0.00807331409305, "dmean2": 0.0123350210488, "dvar": 0.000152110660565, "dvar2": 0.000365992513252, "max": 0.138277262449, "mean": 0.0243599172682, "median": 0.0203031748533, "min": 1.09383512693e-20, "var": 0.000272125907941}, "spectral_energyband_high": {"dmean": 0.00083476601867, "dmean2": 0.00112423032988, "dvar": 2.96618782158e-06, "dvar2": 5.53897007194e-06, "max": 0.0275748651475, "mean": 0.00165671366267, "median": 0.000655617041048, "min": 8.12126329301e-21, "var": 7.15574560672e-06}, "spectral_energyband_low": {"dmean": 0.00327152153477, "dmean2": 0.00535829272121, "dvar": 4.77105641039e-05, "dvar2": 0.000118664916954, "max": 0.0772582218051, "mean": 0.00613793218508, "median": 0.00486307544634, "min": 8.36630724435e-23, "var": 4.85591190227e-05}, "spectral_energyband_middle_high": {"dmean": 0.00194514193572, "dmean2": 0.00282300356776, "dvar": 9.97793540591e-06, "dvar2": 2.27953823924e-05, "max": 0.0735665634274, "mean": 0.00693016359583, "median": 0.00493221916258, "min": 1.52579219515e-21, "var": 4.66381170554e-05}, "spectral_energyband_middle_low": {"dmean": 0.00473116338253, "dmean2": 0.00760847888887, "dvar": 8.17246327642e-05, "dvar2": 0.00021433767688, "max": 0.0965531095862, "mean": 0.0103618837893, "median": 0.00704196561128, "min": 3.64906052122e-22, "var": 0.000108164807898}, "spectral_entropy": {"dmean": 0.131201863289, "dmean2": 0.183182343841, "dvar": 0.020811771974, "dvar2": 0.0370601862669, "max": 9.81193351746, "mean": 7.79042100906, "median": 7.79834079742, "min": 6.12445640564, "var": 0.145369157195}, "spectral_flux": {"dmean": 0.0224149990827, "dmean2": 0.0330459550023, "dvar": 0.000803564558737, "dvar2": 0.00153645745013, "max": 0.321880221367, "mean": 0.0785111859441, "median": 0.0668720602989, "min": 1.04586575511e-10, "var": 0.00211939774454}, "spectral_kurtosis": {"dmean": 1.09326732159, "dmean2": 1.75865972042, "dvar": 1.78222560883, "dvar2": 4.77635765076, "max": 32.6477355957, "mean": 3.94280219078, "median": 3.44700717926, "min": -1.1570879221, "var": 7.60571908951}, "spectral_rms": {"dmean": 0.000720766372979, "dmean2": 0.00106385501567, "dvar": 8.42937311063e-07, "dvar2": 1.88437536508e-06, "max": 0.0116148460656, "mean": 0.00460438989103, "median": 0.00445061502978, "min": 3.26673562333e-12, "var": 2.56534190157e-06}, "spectral_rolloff": {"dmean": 633.916503906, "dmean2": 1043.44848633, "dvar": 1632107.625, "dvar2": 4093495, "max": 18217.0898438, "mean": 1967.44226074, "median": 1507.32421875, "min": 21.533203125, "var": 2933958.5}, "spectral_skewness": {"dmean": 0.172661677003, "dmean2": 0.263614654541, "dvar": 0.0296011511236, "dvar2": 0.0666732564569, "max": 4.61954784393, "mean": 1.4978659153, "median": 1.47514474392, "min": -0.0668293908238, "var": 0.190227881074}, "spectral_spread": {"dmean": 622438.25, "dmean2": 890212.6875, "dvar": 774401228800, "dvar2": 1457276846080.0, "max": 39522172, "mean": 5119757.5, "median": 4872452, "min": 1385708.75, "var": 2905298436100.0}, "spectral_strongpea