{"lowlevel": {"average_loudness": 0.513611912727, "barkbands": {"dmean": [7.09099276719e-06, 0.00105424399953, 0.000617311219685, 0.000483325915411, 0.00102269556373, 0.000982597353868, 0.000878683407791, 0.000775226100814, 0.000892822106835, 0.000737617374398, 0.000346815446392, 0.000416777736973, 0.000296901445836, 0.000137909853947, 9.01510647964e-05, 0.000111284170998, 0.000146654681885, 8.25658644317e-05, 0.00011579412967, 9.62990234257e-05, 4.29631509178e-05, 5.59082363907e-05, 8.40269276523e-05, 7.78745379648e-05, 1.72829968506e-05, 3.52656616087e-06, 3.67060124518e-07], "dmean2": [1.16301607704e-05, 0.00161580601707, 0.000968598760664, 0.000771998253185, 0.0016023964854, 0.00149918103125, 0.00134385772981, 0.0011461727554, 0.00133810960688, 0.00108295714017, 0.00053849775577, 0.000665706815198, 0.000459541333839, 0.000221091497224, 0.000136816539452, 0.000180706279934, 0.000223231414566, 0.000126181315864, 0.000176373738213, 0.000145614700159, 6.32794690318e-05, 8.33901067381e-05, 0.000126729588374, 0.000122189085232, 2.666776345e-05, 5.56349186809e-06, 5.76039553835e-07], "dvar": [9.0372515027e-10, 6.98561279933e-06, 1.41533791975e-06, 7.29950784262e-07, 2.28430189964e-06, 3.60418971468e-06, 4.34757021139e-06, 3.82926782549e-06, 5.5024561334e-06, 7.43429063732e-06, 1.34181618705e-06, 2.19430626203e-06, 1.5197359744e-06, 1.6462135477e-07, 8.21456822564e-08, 8.06120752372e-08, 9.40301774222e-08, 3.04208924717e-08, 1.70654431031e-07, 1.39460439641e-07, 3.94960757433e-08, 4.73877541651e-08, 1.95167928041e-07, 1.66772636589e-07, 4.5834185336e-09, 8.96526811123e-11, 8.83598695513e-13], "dvar2": [1.77294268155e-09, 1.7475862478e-05, 3.72667682313e-06, 1.75672732894e-06, 5.53045538254e-06, 8.6248955995e-06, 1.02739077192e-05, 8.26872474136e-06, 1.15621351142e-05, 1.5785704818e-05, 3.25215637531e-06, 5.40949258721e-06, 2.97303586194e-06, 3.97360508941e-07, 1.61144356525e-07, 1.90251100207e-07, 2.01375044639e-07, 6.90167212269e-08, 3.69986452142e-07, 2.76673574717e-07, 6.31043377552e-08, 9.01701824318e-08, 3.76994108819e-07, 3.54215956122e-07, 1.02041841643e-08, 1.78102727011e-10, 1.8441667464e-12], "max": [0.00188309489749, 0.0412642210722, 0.0180829036981, 0.0177065841854, 0.0260534696281, 0.0336001738906, 0.0415497869253, 0.0469077005982, 0.0800922513008, 0.0939527675509, 0.0299735981971, 0.0380383841693, 0.0523410029709, 0.0177811942995, 0.0099283894524, 0.0102457478642, 0.0213139858097, 0.00545065710321, 0.0133397337049, 0.0161053054035, 0.0115692252293, 0.00671233842149, 0.0145947663113, 0.0115276323631, 0.00214701215737, 0.000348759116605, 3.00190640701e-05], "mean": [9.99863004836e-06, 0.00239987974055, 0.00123968697153, 0.00107878656127, 0.00247390195727, 0.00218430603854, 0.00185356615111, 0.00159716990311, 0.00209034001455, 0.00158930604812, 0.000667170446832, 0.000746112316847, 0.000576229882427, 0.000226845455472, 0.000169499558979, 0.000243481612415, 0.000366534892237, 0.000175497189048, 0.000221120601054, 0.000171291627339, 6.29044589004e-05, 7.2422415542e-05, 0.000106599858555, 8.95663979463e-05, 2.01888178708e-05, 4.02045861847e-06, 5.90659283262e-07], "median": [2.05954347621e-06, 0.000353897426976, 0.000587291200645, 0.000444263569079, 0.00142936757766, 0.000809740042314, 0.00054817344062, 0.000315999641316, 0.000501788628753, 0.000176025103428, 0.000129943306092, 0.000125323189422, 6.3377636252e-05, 5.19774548593e-05, 6.26677210676e-05, 8.99640581338e-05, 0.000143303026562, 7.4753035733e-05, 7.30949104764e-05, 3.83758233511e-05, 1.22016444948e-05, 8.89481816557e-06, 7.68831159803e-06, 5.04216313857e-06, 2.77798881143e-06, 8.22213507945e-07, 2.92743379759e-07], "min": [3.18963147201e-24, 2.66507742701e-24, 2.76865604715e-24, 2.35172511216e-24, 8.01864488383e-24, 1.77821712039e-23, 1.69627277391e-23, 1.30330179286e-23, 2.69440143789e-23, 7.85586185831e-24, 3.50721910217e-23, 2.87836758752e-23, 2.34261286151e-23, 3.94935386699e-23, 6.23818897619e-23, 7.28362720638e-23, 8.84503915983e-23, 1.2995804362e-22, 1.14048069692e-22, 2.67775110854e-22, 2.32818399602e-22, 3.38813764552e-22, 4.3192610953e-22, 7.22109186739e-22, 9.62787947862e-22, 1.33633744164e-21, 2.14095971201e-21], "var": [1.27339705447e-09, 1.81622181117e-05, 3.19714854413e-06, 2.93774360216e-06, 9.04113949218e-06, 1.28388273879e-05, 1.50490332089e-05, 1.29759264382e-05, 2.36481591855e-05, 3.32240379066e-05, 3.47033687831e-06, 5.02762031829e-06, 5.37231744602e-06, 4.34089315604e-07, 2.74956875046e-07, 3.99367877435e-07, 7.43967746075e-07, 9.24612280073e-08, 3.04682572505e-07, 3.14688151093e-07, 1.17786967735e-07, 1.00105594925e-07, 4.1038495624e-07, 2.99914262314e-07, 7.07508140962e-09, 1.57978019555e-10, 1.35561917594e-12]}, "barkbands_crest": {"dmean": 2.07283520699, "dmean2": 3.30676412582, "dvar": 3.94315719604, "dvar2": 9.74622344971, "max": 24.1288738251, "mean": 9.56433200836, "median": 8.82399272919, "min": 2.23804926872, "var": 13.0363731384}, "barkbands_flatness_db": {"dmean": 0.0208722166717, "dmean2": 0.0306099038571, "dvar": 0.000465879711555, "dvar2": 0.00092928687809, "max": 0.320685446262, "mean": 0.157314017415, "median": 0.158981978893, "min": 0.0291752610356, "var": 0.00213501253165}, "barkbands_kurtosis": {"dmean": 2.08911776543, "dmean2": 3.25382757187, "dvar": 7.60311889648, "dvar2": 17.8535308838, "max": 52.9277114868, "mean": 4.05673313141, "median": 2.59371447563, "min": -1.89861404896, "var": 26.8897380829}, "barkbands_skewness": {"dmean": 0.423953771591, "dmean2": 0.64379131794, "dvar": 0.188853874803, "dvar2": 0.408816367388, "max": 6.31034326553, "mean": 1.44080579281, "median": 1.40060019493, "min": -2.55063343048, "var": 1.02332174778}, "barkbands_spread": {"dmean": 4.44377326965, "dmean2": 6.85148334503, "dvar": 51.0055580139, "dvar2": 111.673309326, "max": 98.0967025757, "mean": 16.5446796417, "median": 12.6875457764, "min": 1.1586483717, "var": 153.336273193}, "dissonance": {"dmean": 0.0221769828349, "dmean2": 0.0365034416318, "dvar": 0.000540567387361, "dvar2": 0.00139300897717, "max": 0.499999433756, "mean": 0.448383837938, "median": 0.457878053188, "min": 0.227923855186, "var": 0.00142882741056}, "dynamic_complexity": 4.73597335815, "erbbands": {"dmean": [0.0171093959361, 0.280107170343, 0.712291538715, 0.981141507626, 2.94591927528, 3.68774986267, 4.54138708115, 9.48061275482, 10.0853204727, 15.812541008, 17.7396068573, 16.8218078613, 23.8266868591, 15.4823246002, 13.0771694183, 14.8980360031, 12.9816541672, 7.71555995941, 5.22177267075, 4.23978948593, 6.61437416077, 8.45496559143, 4.52195072174, 4.70185232162, 6.20157527924, 4.10465431213, 2.09952425957, 1.62884283066, 1.7096670866, 2.38105773926, 2.65389513969, 2.43232107162, 0.7682980299, 0.264537125826, 0.0888977348804, 0.0247976221144, 0.00452710688114, 0.000711990986019, 6.37718912913e-05, 6.88180352881e-06], "dmean2": [0.0259735994041, 0.431776314974, 1.11246657372, 1.55540525913, 4.74209785461, 5.69354963303, 6.87973880768, 14.639538765, 15.6850004196, 23.5869922638, 26.3624801636, 25.0812511444, 34.9487419128, 23.513671875, 19.9812660217, 23.5002288818, 19.8587322235, 12.3571500778, 7.93836545944, 6.34407091141, 10.6302690506, 12.8886814117, 6.80035591125, 7.12926959991, 9.23216438293, 6.28522396088, 3.0862159729, 2.42159223557, 2.47291445732, 3.65803933144, 4.02445363998, 3.91257166862, 1.14726173878, 0.407769054174, 0.13703738153, 0.0391531400383, 0.00701058888808, 0.00109965424053, 9.99070107355e-05, 1.03706170194e-05], "dvar": [0.00188495055772, 0.495331913233, 2.22444868088, 2.5522069931, 27.4006481171, 33.228225708, 63.2639122009, 452.399291992, 544.663757324, 2056.72485352, 1783.51989746, 1799.80322266, 7770.81689453, 2037.99645996, 2029.06762695, 2909.47607422, 3124.18164062, 533.803833008, 214.307312012, 193.466659546, 226.95463562, 329.770019531, 78.5442199707, 196.412063599, 521.391113281, 285.735931396, 103.286087036, 46.0507278442, 47.0366363525, 105.130462646, 195.878875732, 163.676239014, 19.5587062836, 1.29605221748, 0.109693542123, 0.00475338147953, 0.000166029582033, 4.06232447858e-06, 2.67302642243e-08, 1.11220810339e-10], "dvar2": [0.00422030547634, 1.25138092041, 5.61343669891, 6.39421653748, 68.2425842285, 79.0089111328, 146.466674805, 1090.99304199, 1328.84094238, 4689.04003906, 3963.74438477, 3852.828125, 16071.7353516, 4681.92822266, 4955.42724609, 6840.39648438, 6289.28710938, 1311.2902832, 461.400482178, 337.295074463, 556.130187988, 687.584289551, 175.867614746, 411.380859375, 1035.25390625, 565.204528809, 166.602874756, 81.1523208618, 83.347076416, 211.569717407, 382.911743164, 359.792022705, 42.0096092224, 2.81985664368, 0.242870286107, 0.00978161208332, 0.000316963734804, 8.10889650893e-06, 5.44845342176e-08, 2.19397236489e-10], "max": [0.757765889168, 10.4682970047, 25.4516410828, 39.2681274414, 99.4939880371, 116.488204956, 158.481658936, 413.65032959, 492.593658447, 1082.77856445, 949.459899902, 1053.83947754, 3335.28930664, 1710.19995117, 1604.33361816, 1665.30493164, 2353.4387207, 1018.49493408, 475.829071045, 661.074890137, 795.510864258, 1305.87121582, 201.265487671, 593.738586426, 820.583251953, 746.956054688, 656.354492188, 310.663970947, 237.272094727, 297.48324585, 488.328338623, 344.189605713, 129.655715942, 32.6906166077, 10.0734052658, 2.44784235954, 0.525039970875, 0.0675787553191, 0.00549579504877, 0.000288909533992], "mean": [0.0447543598711, 0.622432351112, 1.49576044083, 2.50989723206, 6.58821296692, 8.32077598572, 10.8386211395, 20.5611095428, 21.459897995, 34.8076820374, 39.8746185303, 40.0708465576, 58.0319671631, 35.1224479675, 27.3914165497, 29.4275836945, 26.8807239532, 14.1916122437, 9.8612575531, 9.52018451691, 15.5523118973, 22.0923309326, 11.2312316895, 9.85436916351, 12.8597488403, 6.73727321625, 3.18862366676, 2.28596377373, 2.35614395142, 2.85404729843, 3.27056717873, 2.71300244331, 0.947571277618, 0.314810216427, 0.105597391725, 0.0279546752572, 0.00537582533434, 0.000917798257433, 0.000108727064799, 2.96861198876e-05], "median": [0.0049101896584, 0.114089518785, 0.681455850601, 1.42696714401, 3.12445235252, 4.72492313385, 5.34941291809, 6.85548782349, 6.94530105591, 9.92264556885, 10.7238445282, 10.3486337662, 6.2872543335, 7.02239084244, 5.43355560303, 4.55896711349, 3.4766702652, 3.15335679054, 3.38847970963, 3.53223371506, 6.38667011261, 8.97515296936, 5.47882938385, 3.97497558594, 3.64852190018, 1.74142456055, 0.70933508873, 0.432300299406, 0.325759530067, 0.266652464867, 0.201637476683, 0.135308325291, 0.0712180733681, 0.0358146801591, 0.0165406037122, 0.00524476449937, 0.0012313676998, 0.000267970928689, 5.86016467423e-05, 2.31389858527e-05], "min": [1.68901683131e-22, 6.35337263955e-22, 2.62313149018e-21, 6.79823071629e-21, 8.44951828688e-21, 2.21021981128e-20, 7.48529113361e-20, 1.4716409052e-19, 2.64503356874e-19, 3.19015308874e-19, 4.21000603794e-19, 5.4956685656e-19, 5.41128166746e-19, 9.7358837565e-19, 1.46239380144e-18, 1.56633597304e-18, 1.73040559318e-18, 2.54562930998e-18, 3.9804874062e-18, 3.68364950748e-18, 4.83111362603e-18, 5.93531992086e-18, 7.59528818975e-18, 6.39168704533e-18, 6.59776710083e-18, 1.15598068742e-17, 9.84179575534e-18, 1.21923072209e-17, 1.29934572867e-17, 1.21239804479e-17, 1.13295057296e-17, 1.15306752274e-17, 1.12272223653e-17, 9.6614108248e-18, 7.05897075035e-18, 4.81267411582e-18, 2.6023782427e-18, 1.12202531619e-18, 2.77859015045e-19, 2.82456879092e-20], "var": [0.00716945435852, 1.23534274101, 5.32888460159, 11.5167713165, 94.2099075317, 127.506752014, 252.43862915, 1520.88110352, 1532.5904541, 7479.16113281, 6150.84960938, 7018.34912109, 36701.0859375, 7701.65087891, 5298.9921875, 8163.20117188, 11093.8056641, 1653.28417969, 555.911254883, 983.745117188, 1459.98413086, 2911.72070312, 262.682861328, 421.680389404, 1113.91455078, 605.281921387, 301.70489502, 118.271705627, 109.503433228, 205.742141724, 400.797943115, 285.327972412, 32.4630126953, 2.10784006119, 0.168438330293, 0.00811988860369, 0.000304206128931, 7.17690045349e-06, 4.10743794532e-08, 6.23794571553e-10]}, "erbbands_crest": {"dmean": 2.2084672451, "dmean2": 3.50518083572, "dvar": 4.37591838837, "dvar2": 10.7717866898, "max": 28.1416282654, "mean": 9.21594619751, "median": 8.50235271454, "min": 2.30214500427, "var": 14.1976470947}, "erbbands_flatness_db": {"dmean": 0.0188877303153, "dmean2": 0.0266115404665, "dvar": 0.000354542164132, "dvar2": 0.000686353072524, "max": 0.380724459887, "mean": 0.186536803842, "median": 0.181530728936, "min": 0.0280952099711, "var": 0.00278728222474}, "erbbands_kurtosis": {"dmean": 1.02656507492, "dmean2": 1.60737383366, "dvar": 3.02517151833, "dvar2": 7.64563941956, "max": 46.2033958435, "mean": 1.07134056091, "median": -0.136103153229, "min": -1.76093089581, "var": 10.9561223984}, "erbbands_skewness": {"dmean": 0.34744104743, "dmean2": 0.527539849281, "dvar": 0.118526361883, "dvar2": 0.268878728151, "max": 4.77543306351, "mean": 0.480944603682, "median": 0.503076732159, "min": -3.03546714783, "var": 0.711933732033}, "erbbands_spread": {"dmean": 6.28100633621, "dmean2": 9.62728118896, "dvar": 62.02293396, "dvar2": 142.783935547, "max": 144.351913452, "mean": 32.5161857605, "median": 32.4939422607, "min": 2.21363687515, "var": 334.515838623}, "gfcc": {"cov": [[12464.3378906, 485.838897705, -1418.28613281, 1027.08642578, -482.582305908, 399.90737915, -379.264556885, -113.571220398, -185.017227173, -34.3768615723, 114.71837616, -103.711769104, -132.48046875], [485.838897705, 1195.32580566, -0.460074782372, -224.688217163, 285.454528809, -101.80292511, 209.01020813, 21.4718513489, 71.7269515991, -43.9180831909, 69.4795455933, 1.6292566061, 15.5277881622], [-1418.28613281, -0.460074782372, 814.938720703, 184.407211304, 131.256011963, 151.126541138, -4.93436956406, 5.52663469315, 52.6986808777, 61.0085487366, -28.164440155, 19.2304782867, 55.2639007568], [1027.08642578, -224.688217163, 184.407211304, 831.874145508, 260.85824585, 154.898864746, -191.458892822, -69.6340560913, 36.8697433472, 40.379524231, 1.87452554703, -31.699760437, 26.7273197174], [-482.582305908, 285.454528809, 131.256011963, 260.85824585, 502.84753418, 22.1059799194, 19.3605823517, 21.0024986267, 61.7656364441, 18.9913063049, 4.01975822449, -6.12112140656, 31.7267723083], [399.90737915, -101.80292511, 151.126541138, 154.898864746, 22.1059799194, 288.52255249, 67.0937728882, 12.9308700562, 8.00206851959, 41.9716453552, -3.7669608593, -5.73722934723, 6.2715587616], [-379.264556885, 209.01020813, -4.93436956406, -191.458892822, 19.3605823517, 67.0937728882, 307.255157471, 95.4613723755, 11.7309951782, 8.88338851929, 36.223526001, 22.0785827637, 5.0340218544], [-113.571220398, 21.4718513489, 5.52663469315, -69.6340560913, 21.0024986267, 12.9308700562, 95.4613723755, 130.677963257, 23.2940063477, -0.243180468678, 6.62571907043, 12.9773807526, 12.357708931], [-185.017227173, 71.7269515991, 52.6986808777, 36.8697433472, 61.7656364441, 8.00206851959, 11.7309951782, 23.2940063477, 128.263519287, 50.8309631348, -6.00876760483, 6.30495595932, 24.7545318604], [-34.3768615723, -43.9180831909, 61.0085487366, 40.379524231, 18.9913063049, 41.9716453552, 8.88338851929, -0.243180468678, 50.8309631348, 106.486724854, 24.0833358765, -0.330423384905, 13.3681898117], [114.71837616, 69.4795455933, -28.164440155, 1.87452554703, 4.01975822449, -3.7669608593, 36.223526001, 6.62571907043, -6.00876760483, 24.0833358765, 96.1240386963, 23.7425403595, -1.67196154594], [-103.711769104, 1.6292566061, 19.2304782867, -31.699760437, -6.12112140656, -5.73722934723, 22.0785827637, 12.9773807526, 6.30495595932, -0.330423384905, 23.7425403595, 73.4100799561, 21.9408721924], [-132.48046875, 15.5277881622, 55.2639007568, 26.7273197174, 31.7267723083, 6.2715587616, 5.0340218544, 12.357708931, 24.7545318604, 13.3681898117, -1.67196154594, 21.9408721924, 66.0174026489]], "icov": [[0.000571412325371, -0.00148368731607, 0.00138660159428, -0.00154641433619, 0.0017223105533, -0.00143381697126, 0.00139462552033, -0.00158316502348, 0.00154641922563, -0.00152920768596, 0.000997411785647, -0.000916240853257, 0.000519061577506], [-0.00148368731607, 0.0055275214836, -0.00375063670799, 0.00472068507224, -0.00561220664531, 0.00405087321997, -0.00456882826984, 0.00534314289689, -0.00547884404659, 0.00579501036555, -0.00436456408352, 0.00352333835326, -0.00178905564826], [0.00138660159428, -0.00375063670799, 0.00492650875822, -0.00387289864011, 0.00399144273251, -0.00419926596805, 0.00361880357377, -0.0039500137791, 0.00387619109824, -0.00447940034792, 0.00323443417437, -0.00286713708192, 0.000541231303941], [-0.00154641433619, 0.00472068507224, -0.00387289864011, 0.00689518917352, -0.00630433997139, 0.00235615856946, -0.00224619102664, 0.00513736065477, -0.00513872178271, 0.0052289897576, -0.00458281347528, 0.00374499172904, -0.00224024499767], [0.0017223105533, -0.00561220664531, 0.00399144273251, -0.00630433997139, 0.00878026057035, -0.00374936359003, 0.00384573312476, -0.00585484784096, 0.00476769031957, -0.00548530276865, 0.00419533904642, -0.00309775769711, 0.00138538738247], [-0.00143381697126, 0.00405087321997, -0.00419926596805, 0.00235615856946, -0.00374936359003, 0.00915796868503, -0.0061314990744, 0.00415943749249, -0.0031575197354, 0.00220958259888, -0.00132282963023, 0.00244960910641, -0.000759009912144], [0.00139462552033, -0.00456882826984, 0.00361880357377, -0.00224619102664, 0.00384573312476, -0.0061314990744, 0.0101891150698, -0.00751615827903, 0.00431799096987, -0.00428069895133, 0.00109942571726, -0.00289088231511, 0.00135393964592], [-0.00158316502348, 0.00534314289689, -0.0039500137791, 0.00513736065477, -0.00585484784096, 0.00415943749249, -0.00751615827903, 0.0158049836755, -0.00721688149497, 0.00681569054723, -0.00404160562903, 0.00304427440278, -0.00296198134311], [0.00154641922563, -0.00547884404659, 0.00387619109824, -0.00513872178271, 0.00476769031957, -0.0031575197354, 0.00431799096987, -0.00721688149497, 0.017003538087, -0.0117296371609, 0.00702812196687, -0.00457297870889, -4.48796017736e-05], [-0.00152920768596, 0.00579501036555, -0.00447940034792, 0.0052289897576, -0.00548530276865, 0.00220958259888, -0.00428069895133, 0.00681569054723, -0.0117296371609, 0.0206192806363, -0.00981848686934, 0.00623853923753, -0.00342123839073], [0.000997411785647, -0.00436456408352, 0.00323443417437, -0.00458281347528, 0.00419533904642, -0.00132282963023, 0.00109942571726, -0.00404160562903, 0.00702812196687, -0.00981848686934, 0.0180308818817, -0.0082148546353, 0.00349780684337], [-0.000916240853257, 0.00352333835326, -0.00286713708192, 0.00374499172904, -0.00309775769711, 0.00244960910641, -0.00289088231511, 0.00304427440278, -0.00457297870889, 0.00623853923753, -0.0082148546353, 0.0201508086175, -0.0073305494152], [0.000519061577506, -0.00178905564826, 0.000541231303941, -0.00224024499767, 0.00138538738247, -0.000759009912144, 0.00135393964592, -0.00296198134311, -4.48796017736e-05, -0.00342123839073, 0.00349780684337, -0.0073305494152, 0.020155871287]], "mean": [-52.5906524658, 112.009101868, -120.495223999, 16.1968784332, -59.6279296875, -5.3181977272, -37.1084518433, 10.1116962433, -21.4128818512, -8.68994235992, -12.1794424057, -2.39017653465, -11.8152418137]}, "hfc": {"dmean": 4.29564428329, "dmean2": 6.17508125305, "dvar": 110.763793945, "dvar2": 190.871200562, "max": 352.657775879, "mean": 15.1826543808, "median": 8.36167812347, "min": 1.10968145293e-16, "var": 453.809020996}, "melbands": {"dmean": [0.000230234058108, 0.00037133335718, 0.000220354369958, 0.000230477860896, 0.000156098452862, 0.000206046795938, 0.000158502021804, 0.000170464423718, 0.000152728040121, 0.000110482775199, 0.000124820377096, 7.06759892637e-05, 4.69728984172e-05, 4.18939816882e-05, 4.29155479651e-05, 2.47950119956e-05, 1.37728711707e-05, 9.75181410467e-06, 6.27951476417e-06, 6.43714110993e-06, 7.80347272666e-06, 1.00073029898e-05, 6.01983720117e-06, 4.21648701376e-06, 4.03647209168e-06, 4.68272355647e-06, 4.54141809314e-06, 2.76359696727e-06, 1.49514585246e-06, 1.03214176761e-06, 9.60918555393e-07, 8.61036483002e-07, 1.33578282657e-06, 1.25045585264e-06, 1.4103883359e-06, 1.77417780378e-06, 1.40180338803e-06, 5.73462273223e-07, 3.1614840168e-07, 2.00345951384e-07], "dmean2": [0.000352350878529, 0.000575169338845, 0.000351273571141, 0.000361886195606, 0.000237899483182, 0.000317357917083, 0.000244822324021, 0.000253370701103, 0.000230784731684, 0.000163582590176, 0.000182749587111, 0.000107023828605, 7.26123762433e-05, 6.56370466459e-05, 6.67931744829e-05, 3.92890324292e-05, 2.20629044634e-05, 1.48827703015e-05, 9.48936758505e-06, 1.01888435893e-05, 1.26134946186e-05, 1.54207064043e-05, 9.0765497589e-06, 6.546518307e-06, 6.18718877377e-06, 7.1123708949e-06, 6.78624610373e-06, 4.38549113824e-06, 2.30595924222e-06, 1.54738734182e-06, 1.46810145907e-06, 1.24636187593e-06, 2.072518555e-06, 1.9208600861e-06, 2.11887027035e-06, 2.81649818135e-06, 2.28987164519e-06, 8.74017985097e-07, 4.75172726055e-07, 3.16879550155e-07], "dvar": [3.33587934165e-07, 6.44870681299e-07, 1.21987767443e-07, 1.21516237073e-07, 6.35843733221e-08, 1.88500862919e-07, 1.19633838835e-07, 2.15226052092e-07, 1.325739305e-07, 8.62653450895e-08, 2.07723999779e-07, 4.44335626071e-08, 2.53689833585e-08, 2.30369945342e-08, 3.01872447039e-08, 9.09343444988e-09, 1.78013448426e-09, 8.02714505976e-10, 4.54011772621e-10, 4.82929696233e-10, 3.16278253587e-10, 6.11698580677e-10, 1.41540043574e-10, 8.83643019867e-11, 1.56534257778e-10, 3.4150896e-10, 2.9455599071e-10, 1.3057292747e-10, 5.47147951946e-11, 2.71059494295e-11, 1.42382277843e-11, 1.2592750627e-11, 2.83303571574e-11, 3.33379400475e-11, 5.5659466619e-11, 9.9126172548e-11, 6.01703201153e-11, 1.28319316978e-11, 3.17601717495e-12, 6.01469286703e-13], "dvar2": [8.15519968e-07, 1.59342505412e-06, 3.04381899241e-07, 2.91499191007e-07, 1.51380490365e-07, 4.55713632164e-07, 2.92802695867e-07, 4.85585019305e-07, 3.00703504763e-07, 1.78619188773e-07, 4.32025331065e-07, 1.01854183754e-07, 6.25324148018e-08, 5.75679628412e-08, 6.71235511618e-08, 2.01242613684e-08, 4.36772973345e-09, 1.75368752853e-09, 8.79394723707e-10, 9.82205650146e-10, 7.92978405162e-10, 1.27148636064e-09, 3.33675198583e-10, 2.10796019529e-10, 3.33500865812e-10, 7.58555329661e-10, 5.71904301694e-10, 2.76199146887e-10, 1.05927669414e-10, 4.53528811728e-11, 2.81217861497e-11, 2.21822300112e-11, 5.85510667728e-11, 6.70493729982e-11, 1.03325001333e-10, 2.19636198118e-10, 1.3992330905e-10, 2.91170282329e-11, 6.91867006394e-12, 1.40603902219e-12], "max": [0.00973506830633, 0.0140532134101, 0.00600080145523, 0.00734500633553, 0.00513806240633, 0.00805021636188, 0.00765530765057, 0.0104661183432, 0.0086134718731, 0.00851393956691, 0.0164377167821, 0.00746973091736, 0.00459149107337, 0.00509258266538, 0.00863603688776, 0.00453385943547, 0.00185442017391, 0.000735981098842, 0.000756964378525, 0.00104084028862, 0.000906449160539, 0.00189928314649, 0.000274755002465, 0.000237295666011, 0.000550012395252, 0.000677743460983, 0.000661442929413, 0.000497279688716, 0.000475705310237, 0.000342481536791, 0.000133880967041, 0.000128985091578, 0.000151960135554, 0.000188312027603, 0.000236256048083, 0.000383698177757, 0.000224677234655, 9.42712358665e-05, 6.32586961729e-05, 2.3928751034e-05], "mean": [0.000552353973035, 0.000833537662402, 0.000575085752644, 0.000543381902389, 0.000382586586056, 0.000453369721072, 0.000342087849276, 0.000373526185285, 0.000338156416547, 0.000259886321146, 0.000298223341815, 0.00015230284771, 9.39188466873e-05, 7.61459668865e-05, 8.25916067697e-05, 4.65266493848e-05, 2.34028575505e-05, 1.67784583027e-05, 1.19667683975e-05, 1.41683221955e-05, 1.6786143533e-05, 2.45390056079e-05, 1.39514613693e-05, 8.428086403e-06, 7.70565657149e-06, 9.12419454835e-06, 8.8182023319e-06, 3.6446942886e-06, 2.13918110603e-06, 1.42833187056e-06, 1.27972339214e-06, 1.24242978927e-06, 1.54879546699e-06, 1.52212044213e-06, 1.76145158548e-06, 2.04851335184e-06, 1.50225184825e-06, 7.02565898791e-07, 3.85578971418e-07, 2.22238071501e-07], "median": [7.43848504499e-05, 0.000354526971933, 0.000336169672664, 0.000309190247208, 0.000206744211027, 0.000157128175488, 0.000112409477879, 9.39674937399e-05, 9.14819975151e-05, 5.97628895775e-05, 3.03745364363e-05, 2.78550105577e-05, 1.85940243682e-05, 1.25117867356e-05, 9.21160608414e-06, 6.03081298323e-06, 5.00196438225e-06, 4.96228585689e-06, 4.13324232795e-06, 4.88872638016e-06, 6.75191677146e-06, 8.82261701918e-06, 5.67780080019e-06, 3.40319593306e-06, 2.69303245659e-06, 2.81211487163e-06, 1.84165378414e-06, 7.51552079237e-07, 4.41629708803e-07, 2.40191070588e-07, 2.25496137318e-07, 1.79186514515e-07, 1.53391098934e-07, 1.40026941153e-07, 1.14760439374e-07, 9.0821359322e-08, 6.89570427426e-08, 5.00478272158e-08, 3.46649429162e-08, 2.73118949679e-08], "min": [2.85713922223e-24, 1.17084757009e-24, 1.15643458831e-24, 7.92456286708e-25, 2.43629553715e-24, 3.34755373384e-24, 4.33954987203e-24, 3.3815930819e-24, 3.92840266798e-24, 3.60958295541e-24, 2.3380985261e-24, 3.35360863572e-24, 4.84959735663e-24, 3.64200316646e-24, 4.19183724525e-24, 2.89982468303e-24, 3.62885758834e-24, 5.21058799547e-24, 4.60898294763e-24, 5.03700230872e-24, 4.79138533828e-24, 5.14130983634e-24, 4.65618522875e-24, 7.32086822531e-24, 4.29199733666e-24, 3.95866258344e-24, 6.41596706422e-24, 6.84932109718e-24, 5.40594703207e-24, 5.11219455805e-24, 5.87216382705e-24, 6.51316301078e-24, 6.60846174687e-24, 6.8576885448e-24, 6.30796332882e-24, 5.85887191523e-24, 7.46237409448e-24, 7.3709727257e-24, 7.32841604645e-24, 7.50363230869e-24], "var": [9.77759555099e-07, 1.66302925209e-06, 5.10416953148e-07, 4.67541354965e-07, 2.68149960903e-07, 6.45221462037e-07, 3.56658858891e-07, 7.84317478519e-07, 4.54408422002e-07, 3.73439661416e-07, 9.91329784483e-07, 1.65992787515e-07, 6.32761256725e-08, 5.22463139419e-08, 9.88067512253e-08, 3.0688706687e-08, 4.99326091585e-09, 1.89726701016e-09, 1.613857048e-09, 1.92008164923e-09, 1.80516490644e-09, 5.21083132199e-09, 4.90020024557e-10, 2.19670642787e-10, 3.07053799053e-10, 5.75218039867e-10, 6.61989907336e-10, 2.46834164219e-10, 1.35051650418e-10, 7.42184716462e-11, 3.09324614534e-11, 2.97524921367e-11, 5.20662436776e-11, 6.55165782737e-11, 1.18784038161e-10, 1.70104569319e-10, 9.4091207048e-11, 1.91075089778e-11, 5.06508853956e-12, 8.38406167408e-13]}, "melbands_crest": {"dmean": 2.39066314697, "dmean2": 3.78033900261, "dvar": 5.16985988617, "dvar2": 12.794634819, "max": 29.0474796295, "mean": 12.2027864456, "median": 11.3217658997, "min": 1.71709287167, "var": 20.3315906525}, "melbands_flatness_db": {"dmean": 0.0265871305019, "dmean2": 0.0380800813437, "dvar": 0.000892978510819, "dvar2": 0.00172077561729, "max": 0.437789618969, "mean": 0.2258438766, "median": 0.2258887887, "min": 0.00386405200697, "var": 0.00407846178859}, "melbands_kurtosis": {"dmean": 4.11504507065, "dmean2": 6.41230249405, "dvar": 35.3587112427, "dvar2": 84.0847854614, "max": 148.72567749, "mean": 9.94230556488, "median": 6.39889478683, "min": -1.7629891634, "var": 137.561248779}, "melbands_skewness": {"dmean": 0.513580024242, "dmean2": 0.779317378998, "dvar": 0.278689742088, "dvar2": 0.63642090559, "max": 10.4026584625, "mean": 2.17919564247, "median": 2.08411884308, "min": -1.12036025524, "var": 2.06387472153}, "melbands_spread": {"dmean": 5.55604791641, "dmean2": 8.42415237427, "dvar": 116.336212158, "dvar2": 220.427993774, "max": 201.625091553, "mean": 19.3080596924, "median": 14.2602005005, "min": 2.01523756981, "var": 380.329406738}, "mfcc": {"cov": [[8606.375, -324.8621521, -294.536193848, 368.233337402, 99.4539031982, 395.997589111, 15.3944578171, 36.035320282, -327.561859131, -10.1611585617, 16.8275127411, 34.0703659058, 39.7934570312], [-324.8621521, 1661.29223633, -222.174453735, -84.6697692871, -97.2114639282, -131.192871094, 97.4482345581, 119.99811554, 69.0082397461, -21.088596344, 106.332519531, 1.20641589165, 36.7549362183], [-294.536193848, -222.174453735, 673.95880127, 38.5058898926, 85.5498809814, 135.192382812, 8.33438873291, -31.6201725006, 46.3436851501, 38.5256118774, -50.6160011292, 25.8405647278, 14.8624782562], [368.233337402, -84.6697692871, 38.5058898926, 486.795898438, 364.789855957, 139.383132935, -7.91076898575, -14.2993268967, 4.07533788681, 31.8663253784, -32.5104217529, 3.79137921333, 56.8165931702], [99.4539031982, -97.2114639282, 85.5498809814, 364.789855957, 513.57434082, 176.507034302, -17.6823539734, -39.6763801575, 37.0316772461, 29.0615577698, -42.413394928, 18.9023551941, 30.4480648041], [395.997589111, -131.192871094, 135.192382812, 139.383132935, 176.507034302, 293.453552246, 60.6165809631, -1.34175992012, 42.0192947388, 43.1134490967, 23.1217155457, 29.4243965149, 15.6187429428], [15.3944578171, 97.4482345581, 8.33438873291, -7.91076898575, -17.6823539734, 60.6165809631, 215.56980896, 86.5596847534, 22.5093212128, 20.5759372711, 43.9052772522, 18.7825603485, 2.98381066322], [36.035320282, 119.99811554, -31.6201725006, -14.2993268967, -39.6763801575, -1.34175992012, 86.5596847534, 146.267745972, 43.5991172791, 0.297598361969, 24.090719223, 8.58003616333, 9.79250717163], [-327.561859131, 69.0082397461, 46.3436851501, 4.07533788681, 37.0316772461, 42.0192947388, 22.5093212128, 43.5991172791, 154.714233398, 44.5543403625, 13.6632165909, 12.3450298309, -1.99209976196], [-10.1611585617, -21.088596344, 38.5256118774, 31.8663253784, 29.0615577698, 43.1134490967, 20.5759372711, 0.297598361969, 44.5543403625, 123.111610413, 26.9939098358, 1.4333460331, 11.8259830475], [16.8275127411, 106.332519531, -50.6160011292, -32.5104217529, -42.413394928, 23.1217155457, 43.9052772522, 24.090719223, 13.6632165909, 26.9939098358, 108.196853638, 23.1005725861, 0.853711664677], [34.0703659058, 1.20641589165, 25.8405647278, 3.79137921333, 18.9023551941, 29.4243965149, 18.7825603485, 8.58003616333, 12.3450298309, 1.4333460331, 23.1005725861, 75.4991226196, 14.4074554443], [39.7934570312, 36.7549362183, 14.8624782562, 56.8165931702, 30.4480648041, 15.6187429428, 2.98381066322, 9.79250717163, -1.99209976196, 11.8259830475, 0.853711664677, 14.4074554443, 88.2680969238]], "icov": [[0.000157727045007, -2.54481983575e-06, 0.000105074439489, -0.000129938765895, 0.00013842136832, -0.000361199199688, 0.000132978442707, -0.000219975714572, 0.000446067278972, -0.000105876613816, 0.000109968241304, -0.000121425982798, 7.49812388676e-05], [-2.54481983575e-06, 0.000760980998166, 0.00011700950563, 7.2884693509e-05, -0.000143388941069, 0.000461788120447, -0.000256474915659, -0.000200385242351, -0.0004441117635, 0.000361993559636, -0.000767251069192, 0.000279978907201, -0.000480492482893], [0.000105074439489, 0.00011700950563, 0.00193901231978, 0.000141169759445, 0.00015012716176, -0.00105376623105, -8.26337127364e-05, 0.000271941069514, -0.000159455041285, -0.000477617781144, 0.00136432494037, -0.000692655099556, -0.000245898088906], [-0.000129938765895, 7.2884693509e-05, 0.000141169759445, 0.00507524330169, -0.00347625394352, -0.00020699025481, 7.05066922819e-05, -0.000621130457148, 0.000604931847192, -0.000550787372049, 0.000194597727386, 0.000999180600047, -0.00203762436286], [0.00013842136832, -0.000143388941069, 0.00015012716176, -0.00347625394352, 0.00522727146745, -0.00182053504977, 0.000324100139551, 0.000958584016189, -0.000711674452759, 3.82408034056e-05, 0.00157748081256, -0.001241146354, 0.000777459878009], [-0.000361199199688, 0.000461788120447, -0.00105376623105, -0.00020699025481, -0.00182053504977, 0.00666635250673, -0.00196237512864, 0.00115882430691, -0.00187135091983, 6.62573584123e-05, -0.00228965980932, -0.000190750070033, -0.000330434559146], [0.000132978442707, -0.000256474915659, -8.26337127364e-05, 7.05066922819e-05, 0.000324100139551, -0.00196237512864, 0.00727712316439, -0.00435519125313, 0.00148958328646, -0.0010046181269, -0.00101123470813, -0.000727804319467, 0.00078477547504], [-0.000219975714572, -0.000200385242351, 0.000271941069514, -0.000621130457148, 0.000958584016189, 0.00115882430691, -0.00435519125313, 0.0112523250282, -0.00403220579028, 0.00177615159191, -0.000398907257477, 0.000178887858056, -0.00145450443961], [0.000446067278972, -0.0004441117635, -0.000159455041285, 0.000604931847192, -0.000711674452759, -0.00187135091983, 0.00148958328646, -0.00403220579028, 0.0103294784203, -0.0035948541481, 0.000749651226215, -0.00131443678401, 0.0015169493854], [-0.000105876613816, 0.000361993559636, -0.000477617781144, -0.000550787372049, 3.82408034056e-05, 6.62573584123e-05, -0.0010046181269, 0.00177615159191, -0.0035948541481, 0.0107740974054, -0.00335779925808, 0.00197525485419, -0.00167060829699], [0.000109968241304, -0.000767251069192, 0.00136432494037, 0.000194597727386, 0.00157748081256, -0.00228965980932, -0.00101123470813, -0.000398907257477, 0.000749651226215, -0.00335779925808, 0.0139164896682, -0.00420317938551, 0.000872611242812], [-0.000121425982798, 0.000279978907201, -0.000692655099556, 0.000999180600047, -0.001241146354, -0.000190750070033, -0.000727804319467, 0.000178887858056, -0.00131443678401, 0.00197525485419, -0.00420317938551, 0.0160636790097, -0.00299735390581], [7.49812388676e-05, -0.000480492482893, -0.000245898088906, -0.00203762436286, 0.000777459878009, -0.000330434559146, 0.00078477547504, -0.00145450443961, 0.0015169493854, -0.00167060829699, 0.000872611242812, -0.00299735390581, 0.0135123617947]], "mean": [-692.769897461, 146.650161743, -7.17460250854, 19.7483825684, -3.1866402626, -13.2130861282, -5.9053850174, 6.77859592438, -6.30915498734, -1.05430817604, -4.09238290787, -1.39192521572, -0.71539247036]}, "pitch_salience": {"dmean": 0.0574241317809, "dmean2": 0.0914798229933, "dvar": 0.00289276102558, "dvar2": 0.00699459714815, "max": 0.938012123108, "mean": 0.598060905933, "median": 0.605334281921, "min": 0.112514130771, "var": 0.0147567959502}, "silence_rate_20dB": {"dmean": 0, "dmean2": 0, "dvar": 0, "dvar2": 0, "max": 1, "mean": 1, "median": 1, "min": 1, "var": 0}, "silence_rate_30dB": {"dmean": 0.00192704750225, "dmean2": 0.00385462562554, "dvar": 0.00192342186347, "dvar2": 0.00521676568314, "max": 1, "mean": 0.998761355877, "median": 1, "min": 0, "var": 0.00123705761507}, "silence_rate_60dB": {"dmean": 0.0242257397622, "dmean2": 0.0484581515193, "dvar": 0.0236354023218, "dvar2": 0.0540959611535, "max": 1, "mean": 0.10033030808, "median": 0, "min": 0, "var": 0.0902676284313}, "spectral_centroid": {"dmean": 200.559738159, "dmean2": 301.128967285, "dvar": 106719.070312, "dvar2": 202618.640625, "max": 11752.5830078, "mean": 1141.87243652, "median": 952.179077148, "min": 236.795455933, "var": 563342.25}, "spectral_complexity": {"dmean": 2.39119052887, "dmean2": 3.81194925308, "dvar": 7.682284832, "dvar2": 16.6970882416, "max": 46, "mean": 14.43338871, "median": 14, "min": 0, "var": 44.9974327087}, "spectral_contrast_coeffs": {"dmean": [0.0436168722808, 0.0411010682583, 0.0342187993228, 0.0281993728131, 0.0235050097108, 0.0187633857131], "dmean2": [0.0714477151632, 0.0663898065686, 0.0551476627588, 0.0454118251801, 0.035929415375, 0.0286343190819], "dvar": [0.00128752423916, 0.00124676548876, 0.000817635271233, 0.00053474213928, 0.000442066346295, 0.00028840728919], "dvar2": [0.00339218694717, 0.0031278829556, 0.00195602304302, 0.00131407554727, 0.000927264336497, 0.000645285181236], "max": [-0.28793540597, -0.388480246067, -0.456169217825, -0.570870101452, -0.555036365986, -0.606535851955], "mean": [-0.619893550873, -0.708929121494, -0.752033293247, -0.776101112366, -0.758480429649, -0.787122488022], "median": [-0.622847795486, -0.715623259544, -0.762670576572, -0.780722260475, -0.756342351437, -0.789094626904], "min": [-0.972250580788, -0.977420210838, -0.97783523798, -0.965740442276, -0.965994715691, -0.962560594082], "var": [0.00790135376155, 0.0061729522422, 0.00547086494043, 0.0034698753152, 0.00336061581038, 0.00182394916192]}, "spectral_contrast_valleys": {"dmean": [0.370377331972, 0.303764313459, 0.298480570316, 0.296012401581, 0.303651064634, 0.458761930466], "dmean2": [0.603584110737, 0.495288163424, 0.475361973047, 0.467230767012, 0.434234827757, 0.598382949829], "dvar": [0.137655332685, 0.107397250831, 0.109550990164, 0.113562606275, 0.164822205901, 0.25171521306], "dvar2": [0.30338922143, 0.217527136207, 0.208921596408, 0.22211946547, 0.296628803015, 0.474689811468], "max": [-5.65288209915, -4.94291162491, -4.89424514771, -6.37883996964, -5.882771492, -7.31546449661], "mean": [-7.91130638123, -6.84278106689, -7.63570976257, -8.31731987, -8.33290958405, -11.0334186554], "median": [-7.63288164139, -6.72347736359, -7.56996536255, -8.13244438171, -8.15487480164, -11.040561676], "min": [-27.9625225067, -27.6832065582, -27.7517051697, -27.5410785675, -27.4793224335, -27.4376468658], "var": [2.32549953461, 1.83347594738, 1.93661129475, 1.8243393898, 1.89492988586, 1.86083483696]}, "spectral_decrease": {"dmean": 1.06694486579e-09, "dmean2": 1.59656854404e-09, "dvar": 2.07342622627e-18, "dvar2": 4.35819006801e-18, "max": 1.58870924077e-28, "mean": -5.05002084594e-09, "median": -3.58996898875e-09, "min": -3.10650172253e-08, "var": 2.00057105305e-17}, "spectral_energy": {"dmean": 0.00430766865611, "dmean2": 0.00643739616498, "dvar": 3.35062068189e-05, "dvar2": 6.95531998645e-05, "max": 0.12999433279, "mean": 0.0204369910061, "median": 0.0147153511643, "min": 1.02095631443e-20, "var": 0.000330296490574}, "spectral_energyband_high": {"dmean": 0.000304800312733, "dmean2": 0.000443589611677, "dvar": 1.68634608144e-06, "dvar2": 2.91791980089e-06, "max": 0.0495141707361, "mean": 0.00041475443868, "median": 6.21122890152e-05, "min": 7.28728509759e-21, "var": 4.17243927586e-06}, "spectral_energyband_low": {"dmean": 0.00159164925572, "dmean2": 0.00243200990371, "dvar": 1.03077036329e-05, "dvar2": 2.53570924542e-05, "max": 0.0524445995688, "mean": 0.00406174082309, "median": 0.00192503072321, "min": 2.15820668527e-23, "var": 3.03888973576e-05}, "spectral_energyband_middle_high": {"dmean": 0.00145690573845, "dmean2": 0.00210931058973, "dvar": 1.11245763037e-05, "dvar2": 2.10995003727e-05, "max": 0.113014452159, "mean": 0.00492950016633, "median": 0.00196724804118, "min": 1.24119228415e-21, "var": 8.73341487022e-05}, "spectral_energyband_middle_low": {"dmean": 0.00297641381621, "dmean2": 0.00454343669116, "dvar": 1.85746775969e-05, "dvar2": 4.20746509917e-05, "max": 0.0985225886106, "mean": 0.0117118768394, "median": 0.00726664159447, "min": 2.2723366829e-22, "var": 0.000129087740788}, "spectral_entropy": {"dmean": 0.207111403346, "dmean2": 0.291092276573, "dvar": 0.0554419346154, "dvar2": 0.108190640807, "max": 9.81204223633, "mean": 7.18972492218, "median": 7.13361740112, "min": 5.62055921555, "var": 0.217261984944}, "spectral_flux": {"dmean": 0.0152826756239, "dmean2": 0.0241992920637, "dvar": 0.00030672622961, "dvar2": 0.00071956589818, "max": 0.295945435762, "mean": 0.0556351169944, "median": 0.0497762188315, "min": 6.58106555362e-11, "var": 0.00130672147498}, "spectral_kurtosis": {"dmean": 2.88302493095, "dmean2": 4.60820817947, "dvar": 10.0628175735, "dvar2": 23.9249076843, "max": 58.7667503357, "mean": 7.81906843185, "median": 6.60944414139, "min": -1.30567824841, "var": 32.6778755188}, "spectral_rms": {"dmean": 0.000452159933047, "dmean2": 0.00066819525091, "dvar": 2.63762245822e-07, "dvar2": 5.13605527885e-07, "max": 0.0112616047263, "mean": 0.00400087563321, "median": 0.00378898903728, "min": 3.15603381103e-12, "var": 3.93153231926e-06}, "spectral_rolloff": {"dmean": 415.316162109, "dmean2": 701.389465332, "dvar": 960108.375, "dvar2": 2154314, "max": 19401.4160156, "mean": 1323.05517578, "median": 882.861328125, "min": 64.599609375, "var": 2327591.25}, "spectral_skewness": {"dmean": 0.32054951787, "dmean2": 0.501477718353, "dvar": 0.119125619531, "dvar2": 0.263375729322, "max": 6.1801366806, "mean": 1.96173024178, "median": 1.85593533516, "min": -0.0731356665492, "var": 0.528032302856}, "spectral_spread": {"dmean": 607605.875, "dmean2": 893586.3125, "dvar": 911953494016, "dvar2": 1887065210880.0, "max": 50442260, "mean": 3723948, "median": 3257071.5, "min": 1261360.625, "var": 5008654860290.0}, "spectra