{"lowlevel": {"average_loudness": 0.10216139257, "barkbands": {"dmean": [1.16777455332e-05, 0.00035486870911, 0.000404654070735, 0.000473922089441, 0.000549046089873, 0.000355576572474, 0.000470837723697, 0.000553433143068, 0.000522229180206, 0.000676218245644, 0.000977298943326, 0.000592792348471, 0.000487411569338, 0.000286129419692, 0.000282549386611, 0.000173339154571, 0.000134884394356, 9.31887843763e-05, 6.77264615661e-05, 3.58046854672e-05, 1.46818892972e-05, 9.09411392058e-06, 7.67034271121e-06, 4.37693825006e-06, 2.2391316179e-06, 8.74283955454e-07, 7.74541391024e-08], "dmean2": [1.90413065866e-05, 0.000557484221645, 0.000671397603583, 0.000755755929276, 0.00086562539218, 0.000555936654564, 0.000719492090866, 0.000824499235023, 0.000774846237618, 0.00102080323268, 0.00142040092032, 0.000853011850268, 0.000736682501156, 0.000423929421231, 0.000414263427956, 0.000263340683887, 0.000204541443964, 0.000144750461914, 0.000102878919279, 5.55194419576e-05, 2.25820585911e-05, 1.38875730045e-05, 1.16797473311e-05, 6.69584233037e-06, 3.34045057571e-06, 1.29290424411e-06, 1.20105312362e-07], "dvar": [2.00969374475e-09, 1.13731971396e-06, 4.25568259743e-06, 3.06637753056e-06, 1.63183221957e-06, 6.22996765287e-07, 1.88153626368e-06, 4.84540487378e-06, 6.2441231421e-06, 1.05211966002e-05, 1.62095893756e-05, 8.7492289822e-06, 5.78821618546e-06, 1.46826778291e-06, 1.08253300368e-06, 3.59687788887e-07, 2.84766940695e-07, 1.08024956091e-07, 3.40381873798e-08, 9.9525347963e-09, 1.80692261154e-09, 1.03320962896e-09, 5.71622360557e-10, 1.80983797393e-10, 8.75915312504e-11, 1.57285556107e-11, 9.82212493847e-14], "dvar2": [4.85512208215e-09, 2.83130430034e-06, 1.16441142382e-05, 8.04222327133e-06, 4.03457579523e-06, 1.51532003656e-06, 4.10417396779e-06, 1.01561581687e-05, 1.16153196359e-05, 2.13093298953e-05, 3.1211951864e-05, 1.48077551785e-05, 1.29604059111e-05, 2.84873658529e-06, 2.09838708543e-06, 7.42217821426e-07, 6.12881876805e-07, 2.62999520828e-07, 7.77727464651e-08, 2.33023502716e-08, 4.18299617166e-09, 2.32920105425e-09, 1.20735288434e-09, 3.77243347671e-10, 1.74083317206e-10, 3.18030254909e-11, 2.19017810615e-13], "max": [0.0012828935869, 0.0391421765089, 0.0573540404439, 0.0462092868984, 0.0238648764789, 0.021054930985, 0.0405509918928, 0.0603483505547, 0.119361445308, 0.095928452909, 0.144540309906, 0.137985572219, 0.10380628705, 0.0452007688582, 0.0312326774001, 0.0166902337223, 0.0251748897135, 0.0111741302535, 0.00533558474854, 0.00375804700889, 0.00168738316279, 0.00145435961895, 0.000875271449331, 0.000454766326584, 0.000407235085731, 0.000119317759527, 9.21650371311e-06], "mean": [1.77230249392e-05, 0.00102806696668, 0.000879274506588, 0.000980268698186, 0.00126785994507, 0.000732481246814, 0.000914932636078, 0.00109036872163, 0.000992902903818, 0.00112235790584, 0.00158321019262, 0.00105740258005, 0.00105110323057, 0.000576594378799, 0.00052008475177, 0.000331637653289, 0.000244615308475, 0.0001938057394, 0.000153839879204, 8.21932480903e-05, 3.42766725225e-05, 2.14139781747e-05, 1.72570744326e-05, 9.45705323829e-06, 4.59411467091e-06, 1.50250662045e-06, 1.59048497039e-07], "median": [1.99583087124e-06, 0.000444681179943, 0.000237839209149, 0.00012767672888, 0.000318367237924, 0.000232435471844, 0.000215242718696, 0.000116701557999, 7.91206985014e-05, 4.65349694423e-05, 6.92945395713e-05, 4.23381497967e-05, 3.78696422558e-05, 1.92508869077e-05, 2.51407382166e-05, 1.69180912053e-05, 1.27046869238e-05, 1.23173431348e-05, 1.53424462042e-05, 7.02709667166e-06, 3.14311273542e-06, 1.6775968561e-06, 2.40902659243e-06, 1.86689851489e-06, 6.81801850533e-07, 1.31129226588e-07, 7.02529590058e-08], "min": [2.29041301836e-25, 9.1779440233e-25, 5.45265933196e-25, 6.82329282883e-25, 5.46437480387e-24, 1.05314256133e-23, 8.54561580143e-24, 9.96450914607e-24, 1.37216548447e-23, 8.67469158932e-24, 1.58506926091e-23, 3.40364923838e-23, 3.04726680941e-23, 2.57255982004e-23, 3.07378105552e-23, 3.05655801315e-23, 5.48029938119e-23, 1.05577735676e-22, 1.04584061236e-22, 1.61401420836e-22, 2.40379549337e-22, 3.12019049988e-22, 3.15629836745e-22, 6.27365755088e-22, 8.11921997919e-22, 1.22319050354e-21, 1.99564875648e-21], "var": [2.38075537062e-09, 2.23197139348e-06, 4.14553915107e-06, 5.83576775171e-06, 5.08282255396e-06, 1.95239522327e-06, 4.94761025038e-06, 1.9643763153e-05, 2.70327582257e-05, 2.75107195193e-05, 3.80089659302e-05, 2.63887941401e-05, 2.59165499301e-05, 5.06250535182e-06, 3.30844022756e-06, 1.20187542052e-06, 8.98107089142e-07, 3.23697520344e-07, 1.21932941965e-07, 3.49596369631e-08, 7.91869325667e-09, 4.64178784298e-09, 2.00806371531e-09, 5.53409873483e-10, 2.16754003635e-10, 3.46010373131e-11, 1.62489338933e-13]}, "barkbands_crest": {"dmean": 2.21050238609, "dmean2": 3.49484682083, "dvar": 5.21827745438, "dvar2": 12.0562210083, "max": 26.5076236725, "mean": 11.2073564529, "median": 10.323720932, "min": 2.92841529846, "var": 21.720539093}, "barkbands_flatness_db": {"dmean": 0.016680130735, "dmean2": 0.0245860833675, "dvar": 0.000307773967506, "dvar2": 0.000617354118731, "max": 0.410973161459, "mean": 0.190400332212, "median": 0.186264231801, "min": 0.0451747141778, "var": 0.00379986572079}, "barkbands_kurtosis": {"dmean": 3.39394855499, "dmean2": 5.24233579636, "dvar": 96.1208114624, "dvar2": 231.861526489, "max": 425.237182617, "mean": 7.20209789276, "median": 2.73117446899, "min": -1.85418462753, "var": 251.211807251}, "barkbands_skewness": {"dmean": 0.463710784912, "dmean2": 0.684417247772, "dvar": 0.342862904072, "dvar2": 0.740581333637, "max": 15.6691493988, "mean": 1.23083341122, "median": 1.06603682041, "min": -3.09984183311, "var": 2.47827792168}, "barkbands_spread": {"dmean": 2.72480535507, "dmean2": 4.11774253845, "dvar": 16.8393325806, "dvar2": 35.5871963501, "max": 87.2821502686, "mean": 12.5868120193, "median": 10.1584186554, "min": 0.23784224689, "var": 90.090461731}, "dissonance": {"dmean": 0.0323408953846, "dmean2": 0.0544375702739, "dvar": 0.000985661055893, "dvar2": 0.00271633896045, "max": 0.499901026487, "mean": 0.420855879784, "median": 0.43272125721, "min": 0.161635249853, "var": 0.00298894406296}, "dynamic_complexity": 7.77453374863, "erbbands": {"dmean": [0.00763271702453, 0.0952234491706, 0.403320640326, 1.032756567, 1.88226175308, 1.76358044147, 2.63961529732, 3.1430542469, 5.01895952225, 8.78677845001, 12.6375999451, 12.8717603683, 11.9847192764, 31.3796138763, 28.561164856, 22.0265426636, 21.8062763214, 16.442029953, 14.6632175446, 12.1735372543, 8.54333019257, 5.99587202072, 5.34490442276, 4.18705368042, 2.29522299767, 1.43427312374, 0.82883387804, 0.403103232384, 0.308448344469, 0.279228597879, 0.228238895535, 0.112628616393, 0.0676163360476, 0.0318231806159, 0.0138339400291, 0.00514232413843, 0.00137314398307, 0.000183378317161, 1.41423342939e-05, 4.4167231863e-06], "dmean2": [0.0117570934817, 0.153167933226, 0.664318025112, 1.68921339512, 2.91819906235, 2.82198238373, 4.26620864868, 4.8023018837, 7.8174071312, 12.8409881592, 18.4443626404, 18.4178466797, 17.8701114655, 45.4714927673, 40.2471199036, 29.8974666595, 31.2750415802, 22.9940719604, 20.460149765, 17.205745697, 12.1687517166, 8.70413208008, 8.2954492569, 6.24159622192, 3.46070337296, 2.18401074409, 1.25814139843, 0.605170547962, 0.467605561018, 0.428468555212, 0.351806670427, 0.169219911098, 0.104649983346, 0.0479433201253, 0.0206592977047, 0.00754772871733, 0.0020464991685, 0.000278369057924, 2.14882420551e-05, 6.27414237897e-06], "dvar": [0.000794509949628, 0.0864057838917, 3.36035776138, 22.440788269, 29.0905971527, 17.8508987427, 40.4052124023, 60.337097168, 246.507492065, 727.456054688, 2789.01391602, 3971.17016602, 4060.38720703, 17783.0683594, 11182.3525391, 16360.9003906, 10320.1953125, 3736.33618164, 2545.96118164, 2141.20947266, 787.742431641, 619.073730469, 471.514678955, 154.54145813, 36.7090873718, 14.8715238571, 6.02585411072, 1.50980889797, 1.27371037006, 0.810058295727, 0.569448232651, 0.119236513972, 0.0468282960355, 0.0156407412142, 0.00364443613216, 0.00051762937801, 4.08459418395e-05, 5.85873294767e-07, 2.72702127546e-09, 8.27277482629e-11], "dvar2": [0.00175970327109, 0.22804440558, 9.18422794342, 61.5866928101, 68.1319198608, 44.6766319275, 109.583221436, 135.758605957, 602.43182373, 1432.25170898, 5691.37158203, 6810.51757812, 9130.31835938, 34376.8046875, 22041.1347656, 27201.1894531, 22367.2421875, 6964.06640625, 4604.98095703, 4248.74365234, 1528.94750977, 1179.74401855, 1193.32434082, 346.449401855, 80.3280181885, 35.01404953, 14.0605773926, 3.34281015396, 2.90162754059, 1.79383981228, 1.24429154396, 0.258033961058, 0.101396933198, 0.0330769792199, 0.00711817247793, 0.00103695155121, 8.49763964652e-05, 1.2417152675e-06, 5.81215875428e-09, 1.68098424069e-10], "max": [1.13579642773, 9.05090427399, 47.7621307373, 143.880859375, 159.879959106, 129.177383423, 131.908462524, 253.374252319, 647.112243652, 955.792785645, 1489.27258301, 3536.19702148, 2509.81005859, 5392.16259766, 3717.11767578, 6941.48779297, 5482.87109375, 1720.57116699, 1723.90759277, 1389.72424316, 765.234069824, 1752.80078125, 761.016723633, 423.046783447, 194.947357178, 126.338035583, 92.6287460327, 36.1933898926, 50.2419395447, 34.5191040039, 31.0048828125, 11.4346532822, 8.39067077637, 5.08120441437, 2.35894441605, 0.653264641762, 0.190708473325, 0.0207789391279, 0.00126478855964, 0.000220696791075], "mean": [0.0176016595215, 0.272284537554, 1.00322520733, 2.12260437012, 4.29422426224, 3.67477083206, 5.04302120209, 6.4797577858, 10.1378698349, 18.1341323853, 24.8400115967, 24.8330478668, 22.0671539307, 65.6153030396, 51.3350906372, 42.3733634949, 48.6390419006, 35.2241897583, 28.6368122101, 22.3419189453, 17.8983516693, 13.2911100388, 11.9269371033, 9.59558105469, 5.95331573486, 3.54856801033, 2.01548886299, 1.02369964123, 0.751262068748, 0.609238147736, 0.4978120327, 0.250874191523, 0.139658987522, 0.0644622072577, 0.0273865517229, 0.00935026444495, 0.00221343175508, 0.000294439814752, 3.51632334059e-05, 1.9227481971e-05], "median": [0.00683311698958, 0.116472549736, 0.353043377399, 0.438306570053, 0.540341973305, 1.0300359726, 1.63828444481, 1.84720981121, 2.73620510101, 4.32900238037, 2.97598624229, 2.48369860649, 2.25240588188, 3.42047190666, 3.12439274788, 2.43114423752, 2.27805018425, 1.96840715408, 1.78479385376, 1.36579871178, 1.3388376236, 0.741381347179, 0.74133515358, 0.965277910233, 0.550710618496, 0.324709653854, 0.223557963967, 0.0805130377412, 0.0620169751346, 0.0599877759814, 0.0702359080315, 0.0420843660831, 0.0285009536892, 0.0112818870693, 0.00281932763755, 0.000740402028896, 0.000218374538235, 5.82731154282e-05, 1.58220154844e-05, 9.37023105507e-06], "min": [1.19104415659e-22, 3.69027011004e-22, 1.21867625016e-21, 6.80349026021e-21, 1.33963168439e-20, 2.04380431984e-20, 2.5016777079e-20, 7.9968861866e-20, 1.46105105466e-19, 1.72437663559e-19, 2.71282618982e-19, 3.64377635172e-19, 5.12076342862e-19, 8.32367345186e-19, 1.2315138372e-18, 1.44166589606e-18, 1.82258784141e-18, 2.03049968838e-18, 2.42536696828e-18, 2.07203614925e-18, 3.74649744965e-18, 4.203569332e-18, 5.14719836324e-18, 5.50526706603e-18, 6.56404460162e-18, 7.95907974161e-18, 9.62862965712e-18, 9.78039827437e-18, 9.51961056111e-18, 1.18469568336e-17, 9.65238545713e-18, 1.0959825479e-17, 1.04636626952e-17, 7.36174863304e-18, 5.47796307478e-18, 4.15386115386e-18, 2.32765026137e-18, 9.01065212047e-19, 2.576693199e-19, 2.74525897229e-20], "var": [0.00125849875621, 0.153567999601, 3.76582431793, 25.4515552521, 100.025886536, 44.8462982178, 82.5924758911, 201.742111206, 517.970153809, 2698.98510742, 10088.7578125, 19001.5136719, 8513.98828125, 69053.9765625, 28688.4511719, 48282.5117188, 54066.3359375, 14279.1396484, 8042.26611328, 5553.39501953, 2504.99829102, 2877.32958984, 1382.07702637, 537.381958008, 168.651275635, 60.9401054382, 23.4016933441, 7.43663644791, 6.07093429565, 2.65790772438, 1.87370061874, 0.418767184019, 0.119452126324, 0.0373691916466, 0.00882941111922, 0.00120734272059, 8.15286766738e-05, 1.04625655695e-06, 5.53669998737e-09, 6.52638221244e-10]}, "erbbands_crest": {"dmean": 2.90988922119, "dmean2": 4.52274131775, "dvar": 8.3246383667, "dvar2": 18.7900810242, "max": 33.5672454834, "mean": 13.066198349, "median": 11.7216968536, "min": 2.20829892159, "var": 38.2642097473}, "erbbands_flatness_db": {"dmean": 0.0172227863222, "dmean2": 0.02444794029, "dvar": 0.000338414130965, "dvar2": 0.000602463143878, "max": 0.410860180855, "mean": 0.220458805561, "median": 0.219466388226, "min": 0.0234571322799, "var": 0.0032990667969}, "erbbands_kurtosis": {"dmean": 1.86565613747, "dmean2": 2.81992864609, "dvar": 12.1741170883, "dvar2": 28.1393756866, "max": 126.890075684, "mean": 3.44688820839, "median": 1.58824110031, "min": -1.90422320366, "var": 39.6308326721}, "erbbands_skewness": {"dmean": 0.399038791656, "dmean2": 0.59392875433, "dvar": 0.189467057586, "dvar2": 0.42042273283, "max": 8.4772310257, "mean": 0.789451003075, "median": 0.661605298519, "min": -3.80674242973, "var": 1.29188323021}, "erbbands_spread": {"dmean": 4.66621780396, "dmean2": 6.97912740707, "dvar": 45.5274276733, "dvar2": 93.8715133667, "max": 141.377090454, "mean": 20.8649482727, "median": 17.3428249359, "min": 0.98134547472, "var": 208.616760254}, "gfcc": {"cov": [[28961.4511719, 1607.96044922, -4670.45166016, 2023.89819336, -354.371032715, 1022.00335693, -14.5984582901, 354.186004639, -399.814605713, -470.651733398, -35.0088005066, -311.780609131, 5.2533121109], [1607.96044922, 1083.83410645, 209.21937561, -66.7254104614, 66.9529953003, -86.6309280396, 10.0874567032, -25.8889789581, -4.75586652756, -98.8063049316, -13.957406044, -90.7102813721, -4.86098337173], [-4670.45166016, 209.21937561, 2118.35180664, -116.610946655, -79.2697143555, -170.423706055, -150.705993652, -26.9245605469, 27.0769004822, 39.6965675354, -82.0290145874, 68.0133285522, -59.597240448], [2023.89819336, -66.7254104614, -116.610946655, 760.084594727, 184.353515625, 170.800323486, 70.2285690308, 94.8409957886, 12.4075155258, -90.2028198242, -33.0914764404, 9.36320590973, -1.81744730473], [-354.371032715, 66.9529953003, -79.2697143555, 184.353515625, 432.85925293, 126.744918823, 103.559211731, -5.14268159866, 17.5647888184, -10.0551080704, -13.7585639954, 4.54145717621, 10.2174549103], [1022.00335693, -86.6309280396, -170.423706055, 170.800323486, 126.744918823, 369.863922119, 145.000183105, -9.29725933075, -61.4598579407, -5.71718597412, 29.7297611237, -10.0821847916, 19.1033992767], [-14.5984582901, 10.0874567032, -150.705993652, 70.2285690308, 103.559211731, 145.000183105, 271.579650879, 22.6268482208, -7.71179056168, -4.75434446335, 35.1725692749, -10.4432659149, 16.318195343], [354.186004639, -25.8889789581, -26.9245605469, 94.8409957886, -5.14268159866, -9.29725933075, 22.6268482208, 206.50642395, 71.2612991333, -37.4125099182, 6.66191911697, 8.8601808548, 13.6779308319], [-399.814605713, -4.75586652756, 27.0769004822, 12.4075155258, 17.5647888184, -61.4598579407, -7.71179056168, 71.2612991333, 174.038848877, 53.1625480652, 16.4416007996, 6.78198432922, -16.4069099426], [-470.651733398, -98.8063049316, 39.6965675354, -90.2028198242, -10.0551080704, -5.71718597412, -4.75434446335, -37.4125099182, 53.1625480652, 192.291015625, 42.4395217896, 11.8722867966, -42.679889679], [-35.0088005066, -13.957406044, -82.0290145874, -33.0914764404, -13.7585639954, 29.7297611237, 35.1725692749, 6.66191911697, 16.4416007996, 42.4395217896, 136.059204102, 22.2374649048, -7.47636842728], [-311.780609131, -90.7102813721, 68.0133285522, 9.36320590973, 4.54145717621, -10.0821847916, -10.4432659149, 8.8601808548, 6.78198432922, 11.8722867966, 22.2374649048, 109.000976562, 24.7945384979], [5.2533121109, -4.86098337173, -59.597240448, -1.81744730473, 10.2174549103, 19.1033992767, 16.318195343, 13.6779308319, -16.4069099426, -42.679889679, -7.47636842728, 24.7945384979, 113.351173401]], "icov": [[0.000402187724831, -0.00115853536408, 0.0010165598942, -0.00108697230462, 0.00123295770027, -0.00123296165839, 0.00102271931246, -0.000777222739998, 0.000822564470582, -0.000660145888105, 0.000737505382858, -0.000612646981608, 0.000545094429981], [-0.00115853536408, 0.00451872590929, -0.00309684872627, 0.00324689177796, -0.00388966850005, 0.00393883651122, -0.00309494836256, 0.00250178179704, -0.0025122447405, 0.00269329315051, -0.00258846767247, 0.00289327581413, -0.00165139324963], [0.0010165598942, -0.00309684872627, 0.00312848575413, -0.00270278169774, 0.00318945455365, -0.00308158341795, 0.00273489160463, -0.00198135664687, 0.00206520687789, -0.00182302808389, 0.00233073462732, -0.00218620360829, 0.00174329255242], [-0.00108697230462, 0.00324689177796, -0.00270278169774, 0.0048048091121, -0.00390071142465, 0.00251678493805, -0.00263323821127, 0.0014325591037, -0.00255179149099, 0.00270386436023, -0.00151920993812, 0.00123637367506, -0.000742656353395], [0.00123295770027, -0.00388966850005, 0.00318945455365, -0.00390071142465, 0.00687718717381, -0.00452308775857, 0.00234965421259, -0.00173345638905, 0.00164668110665, -0.00213396549225, 0.00302558718249, -0.00255476310849, 0.00159698154312], [-0.00123296165839, 0.00393883651122, -0.00308158341795, 0.00251678493805, -0.00452308775857, 0.00831585098058, -0.0048180273734, 0.00248570484109, -0.000721410498954, 0.00141699239612, -0.00325909210369, 0.00284451222979, -0.00236198632047], [0.00102271931246, -0.00309494836256, 0.00273489160463, -0.00263323821127, 0.00234965421259, -0.0048180273734, 0.00776730384678, -0.00267280219123, 0.00210506631993, -0.00173295743298, 0.000878360471688, -0.00105258193798, 0.000960490491707], [-0.000777222739998, 0.00250178179704, -0.00198135664687, 0.0014325591037, -0.00173345638905, 0.00248570484109, -0.00267280219123, 0.00843747053295, -0.00508850580081, 0.00344898109324, -0.00194437277969, 0.00102522387169, -0.00156189582776], [0.000822564470582, -0.0025122447405, 0.00206520687789, -0.00255179149099, 0.00164668110665, -0.000721410498954, 0.00210506631993, -0.00508850580081, 0.0106517113745, -0.00459260493517, 0.000983182806522, -0.000980454846285, 0.00127502798568], [-0.000660145888105, 0.00269329315051, -0.00182302808389, 0.00270386436023, -0.00213396549225, 0.00141699239612, -0.00173295743298, 0.00344898109324, -0.00459260493517, 0.00941452011466, -0.00296349334531, 0.000536303385161, 0.00158508715685], [0.000737505382858, -0.00258846767247, 0.00233073462732, -0.00151920993812, 0.00302558718249, -0.00325909210369, 0.000878360471688, -0.00194437277969, 0.000983182806522, -0.00296349334531, 0.0107594244182, -0.0039514391683, 0.00204109097831], [-0.000612646981608, 0.00289327581413, -0.00218620360829, 0.00123637367506, -0.00255476310849, 0.00284451222979, -0.00105258193798, 0.00102522387169, -0.000980454846285, 0.000536303385161, -0.0039514391683, 0.0130491731688, -0.00425344472751], [0.000545094429981, -0.00165139324963, 0.00174329255242, -0.000742656353395, 0.00159698154312, -0.00236198632047, 0.000960490491707, -0.00156189582776, 0.00127502798568, 0.00158508715685, 0.00204109097831, -0.00425344472751, 0.0117814606056]], "mean": [-134.886367798, 120.548614502, -117.515449524, 10.7888832092, -53.5511398315, 4.03635597229, -34.5992774963, 2.90052223206, -18.6626472473, -2.90377283096, -5.02849054337, -5.8848195076, -10.430475235]}, "hfc": {"dmean": 2.96636605263, "dmean2": 4.0011343956, "dvar": 41.108833313, "dvar2": 71.6186523438, "max": 204.011505127, "mean": 12.9082355499, "median": 3.29523134232, "min": 1.05431421789e-16, "var": 449.597961426}, "melbands": {"dmean": [8.00246489234e-05, 0.000179771712283, 0.00020766731177, 0.000122150740935, 8.7803331553e-05, 6.87462234055e-05, 8.42610897962e-05, 0.000101708923467, 0.000101232981251, 8.16465399112e-05, 6.2556231569e-05, 0.00012488833454, 0.000111870460387, 7.11914181011e-05, 4.45149453299e-05, 5.64016809221e-05, 3.08392227453e-05, 2.70817545243e-05, 2.24847826757e-05, 1.3853235032e-05, 1.13869791676e-05, 8.13883070805e-06, 5.0758803809e-06, 4.84834617964e-06, 4.07329162044e-06, 1.98331554202e-06, 1.71343936017e-06, 9.95454684016e-07, 6.31282944141e-07, 4.64998947791e-07, 2.18763730686e-07, 2.00452333843e-07, 1.88698678016e-07, 1.54363632987e-07, 1.39601496585e-07, 1.12981616951e-07, 6.37798507341e-08, 5.42357376787e-08, 3.72121462533e-08, 2.59089656396e-08], "dmean2": [0.000124810278066, 0.000294739264064, 0.000330724433297, 0.000191832019482, 0.000140288291732, 0.000105173545307, 0.000130199754494, 0.000149664760102, 0.000146845210111, 0.000117891926493, 9.41357793636e-05, 0.000181464856723, 0.000156867463375, 0.000100044831925, 6.25983084319e-05, 7.97860921011e-05, 4.42975724582e-05, 3.81963145628e-05, 3.24650318362e-05, 2.01585244213e-05, 1.64618413692e-05, 1.20767545013e-05, 7.7730828707e-06, 7.58252917876e-06, 6.11974428466e-06, 3.01239174405e-06, 2.65140783995e-06, 1.5211455775e-06, 9.65161916611e-07, 7.30926046799e-07, 3.37315071874e-07, 3.09041070068e-07, 2.93819539365e-07, 2.38435376332e-07, 2.15569386341e-07, 1.75724380824e-07, 9.69630349346e-08, 8.45434513508e-08, 5.86502473254e-08, 3.91678227629e-08], "dvar": [6.65658959065e-08, 5.8596361896e-07, 6.24934898497e-07, 9.14249440598e-08, 4.25466168963e-08, 2.6721302504e-08, 5.99470695306e-08, 9.98933842311e-08, 1.82303907081e-07, 1.60263184057e-07, 1.18190023102e-07, 2.93701305054e-07, 1.93915568047e-07, 1.14638538662e-07, 5.14109537164e-08, 7.75407329456e-08, 1.49501975244e-08, 9.75256586599e-09, 7.44515338269e-09, 2.4791932951e-09, 1.59966895286e-09, 1.26680810286e-09, 4.14878298383e-10, 3.40766331819e-10, 1.53167784012e-10, 2.70714527184e-11, 2.23684664541e-11, 9.62596148624e-12, 4.41619787614e-12, 2.3959629853e-12, 5.53615475945e-13, 6.30464539082e-13, 4.16150620908e-13, 2.29466592212e-13, 2.05194436204e-13, 1.35402905793e-13, 4.18308271322e-14, 2.93006179215e-14, 1.57508131294e-14, 1.21008702326e-14], "dvar2": [1.57482134e-07, 1.58655120686e-06, 1.64872551522e-06, 2.22641375558e-07, 1.11649391954e-07, 6.06736065834e-08, 1.40311556152e-07, 1.97471450747e-07, 3.61053594133e-07, 2.85537311129e-07, 2.64326814658e-07, 5.72655892483e-07, 3.6722693153e-07, 1.87882747582e-07, 8.52933439432e-08, 1.62105365575e-07, 2.7850090234e-08, 1.80810406647e-08, 1.37879938578e-08, 4.74293981867e-09, 3.14569570392e-09, 2.61351962294e-09, 9.54042733703e-10, 8.41380742855e-10, 3.46370127025e-10, 5.98156177367e-11, 5.17502464492e-11, 2.23661228427e-11, 1.0162529672e-11, 5.77162796722e-12, 1.36425820727e-12, 1.49934491905e-12, 9.43460695853e-13, 5.21530301584e-13, 4.42509418865e-13, 3.19327219831e-13, 9.25494828886e-14, 6.47844340565e-14, 3.63461939311e-14, 2.61006528077e-14], "max": [0.0104000922292, 0.0199805609882, 0.0219027716666, 0.00650897575542, 0.00507433526218, 0.00493895309046, 0.00866711791605, 0.0121794529259, 0.0143994549289, 0.0236853118986, 0.0127947479486, 0.02154375799, 0.0140826730058, 0.0162952318788, 0.0117236068472, 0.0132123306394, 0.00414894893765, 0.00266325171106, 0.0026433467865, 0.00166596658528, 0.00130273646209, 0.00184953992721, 0.00099690828938, 0.000684830942191, 0.000405755446991, 0.000205762975384, 0.000177467314643, 0.000128044150188, 0.000109710657853, 5.55020633328e-05, 2.78901043202e-05, 4.21763725171e-05, 2.42151236307e-05, 1.63002932823e-05, 1.85972603504e-05, 1.52582506416e-05, 6.52867856843e-06, 6.28255611446e-06, 3.88111720895e-06, 4.84810334456e-06], "mean": [0.000219560781261, 0.000484207790578, 0.000462498312118, 0.000278769352008, 0.000176354136784, 0.000142134813359, 0.000172749292688, 0.000214272979065, 0.00019258489192, 0.000153210159624, 0.000105298386188, 0.000258371670498, 0.000183840049431, 0.000134419227834, 8.16994652268e-05, 0.000115084847494, 5.98267324676e-05, 4.53665816167e-05, 3.9895719965e-05, 2.49338554568e-05, 1.9995144612e-05, 1.48547105709e-05, 1.03445408968e-05, 9.16139106266e-06, 7.96617496235e-06, 4.34290632256e-06, 3.75570107281e-06, 2.0802126528e-06, 1.34328888635e-06, 9.74502313511e-07, 4.69161562933e-07, 4.44252634679e-07, 3.73238236762e-07, 3.11898446625e-07, 2.86066324406e-07, 2.33505502933e-07, 1.28878397732e-07, 1.05811913897e-07, 6.96942592526e-08, 4.93570588844e-08], "median": [9.84297512332e-05, 0.000191580344108, 8.14254817669e-05, 5.71895943722e-05, 5.91314819758e-05, 4.05560167565e-05, 4.54610708402e-05, 4.55401168438e-05, 1.92171628441e-05, 1.2241596778e-05, 7.90863032307e-06, 1.00899451354e-05, 9.21840637602e-06, 5.6748458519e-06, 2.54675205724e-06, 4.24287691203e-06, 2.57002670878e-06, 2.10198004424e-06, 1.86060367469e-06, 1.18930768167e-06, 1.34292929488e-06, 6.82427867105e-07, 5.47382057903e-07, 5.92570359004e-07, 7.4758190749e-07, 3.90629594449e-07, 2.83256326838e-07, 1.77204697138e-07, 1.51375303403e-07, 6.31420320474e-08, 3.16904937847e-08, 3.11366434858e-08, 2.80124314855e-08, 3.21314210794e-08, 3.92245915748e-08, 3.23815463332e-08, 2.15714077711e-08, 2.08071622154e-08, 1.3208313554e-08, 7.35759941861e-09], "min": [1.72424227118e-24, 6.1716675901e-25, 1.73964754137e-24, 1.22716868885e-24, 9.35945007076e-25, 2.04411018267e-24, 2.21430416196e-24, 1.87306265589e-24, 1.80351233975e-24, 1.98538501031e-24, 2.55294538528e-24, 2.80123955241e-24, 3.29474265168e-24, 3.14575581732e-24, 3.34390012456e-24, 3.09218427325e-24, 2.84080289896e-24, 3.04756077842e-24, 1.41594625891e-24, 1.59125817054e-24, 3.36034550785e-24, 3.36315898027e-24, 4.5643271095e-24, 4.33877047746e-24, 3.14647525847e-24, 2.95917404159e-24, 5.30070194326e-24, 4.41813619541e-24, 5.37062815162e-24, 5.06632979059e-24, 5.17330603466e-24, 5.46110536985e-24, 5.2237970769e-24, 5.9311477458e-24, 5.57002852263e-24, 4.64656152014e-24, 5.7329870697e-24, 6.54391359773e-24, 5.80961899018e-24, 5.71500616865e-24], "var": [1.20600361697e-07, 7.07031688307e-07, 1.04441176063e-06, 2.82516680272e-07, 9.44878948417e-08, 8.98611816069e-08, 1.47946025209e-07, 4.33616577311e-07, 6.231007319e-07, 7.62836180002e-07, 2.39709379457e-07, 1.12275972697e-06, 4.39062347368e-07, 3.52549761828e-07, 1.94578987589e-07, 3.28552062001e-07, 5.42804841075e-08, 2.6056889979e-08, 2.30723280481e-08, 8.71100702682e-09, 3.91999499527e-09, 4.01813426976e-09, 1.22165288996e-09, 7.88485665648e-10, 4.49387388413e-10, 1.17727647075e-10, 7.48011860785e-11, 2.89473462561e-11, 1.25631848674e-11, 8.28944204945e-12, 1.78352981255e-12, 2.71349999761e-12, 1.3400358297e-12, 6.36217098969e-13, 6.21067596223e-13, 4.30080314895e-13, 1.19483240034e-13, 6.86356353696e-14, 3.50414616486e-14, 2.60694989359e-14]}, "melbands_crest": {"dmean": 2.59877920151, "dmean2": 4.07817840576, "dvar": 6.71575832367, "dvar2": 16.2227153778, "max": 35.5663528442, "mean": 14.0156888962, "median": 13.1600780487, "min": 1.50677132607, "var": 29.80027771}, "melbands_flatness_db": {"dmean": 0.0178832728416, "dmean2": 0.0262305699289, "dvar": 0.000417426199419, "dvar2": 0.000824389164336, "max": 0.509340167046, "mean": 0.259665369987, "median": 0.249260053039, "min": 0.00314967031591, "var": 0.00719629274681}, "melbands_kurtosis": {"dmean": 4.54653501511, "dmean2": 7.06109189987, "dvar": 110.695739746, "dvar2": 261.487731934, "max": 337.568725586, "mean": 9.65578556061, "median": 4.00890254974, "min": -1.7670725584, "var": 314.108093262}, "melbands_skewness": {"dmean": 0.524772405624, "dmean2": 0.773399114609, "dvar": 0.425295710564, "dvar2": 0.910696387291, "max": 14.3610897064, "mean": 1.60660231113, "median": 1.43801701069, "min": -2.76593017578, "var": 2.64956450462}, "melbands_spread": {"dmean": 3.8823299408, "dmean2": 5.85164213181, "dvar": 35.097114563, "dvar2": 78.3825073242, "max": 170.907485962, "mean": 18.738073349, "median": 13.7254676819, "min": 0.461019694805, "var": 333.401367188}, "mfcc": {"cov": [[18208.7460938, 184.318740845, -3008.51318359, 846.591796875, 167.232498169, 605.350769043, 628.702270508, 832.575439453, 79.5574188232, 412.534393311, -193.256652832, -115.076759338, 75.9396286011], [184.318740845, 1453.42004395, 334.958862305, 22.3211154938, 70.716217041, -73.4340133667, 16.8589096069, -26.3348999023, 2.13962101936, 15.7672967911, -17.7039089203, -14.9865674973, -42.0606040955], [-3008.51318359, 334.958862305, 1495.25256348, 50.5049057007, 45.7059516907, -96.2098846436, -126.155807495, -111.639709473, -10.7482614517, -121.140571594, 27.1514835358, 48.57837677, -65.6785812378], [846.591796875, 22.3211154938, 50.5049057007, 478.804107666, 178.801498413, 62.3104629517, 19.069770813, 133.151672363, 84.0380935669, -19.9995613098, -11.0695762634, 51.4178543091, 27.1700801849], [167.232498169, 70.716217041, 45.7059516907, 178.801498413, 303.414428711, 61.3518180847, 12.0635890961, 75.9475402832, 53.0375480652, -3.92709755898, -25.8695583344, 7.60802936554, 25.1347808838], [605.350769043, -73.4340133667, -96.2098846436, 62.3104629517, 61.3518180847, 362.53314209, 167.860534668, 31.839838028, 13.1236038208, 15.6779813766, 22.6573085785, -30.8724632263, 26.7693519592], [628.702270508, 16.8589096069, -126.155807495, 19.069770813, 12.0635890961, 167.860534668, 280.310180664, 104.55632782, 5.34721946716, 29.8390674591, -26.0823020935, -35.4833221436, 17.0847072601], [832.575439453, -26.3348999023, -111.639709473, 133.151672363, 75.9475402832, 31.839838028, 104.55632782, 239.257171631, 66.9362258911, 17.7607192993, -44.0184516907, -4.78572368622, 40.6700134277], [79.5574188232, 2.13962101936, -10.7482614517, 84.0380935669, 53.0375480652, 13.1236038208, 5.34721946716, 66.9362258911, 150.869430542, 20.2048149109, -9.09605789185, -7.97818231583, -6.64419412613], [412.534393311, 15.7672967911, -121.140571594, -19.9995613098, -3.92709755898, 15.6779813766, 29.8390674591, 17.7607192993, 20.2048149109, 150.977127075, 34.3206481934, -12.5510473251, -8.90691757202], [-193.256652832, -17.7039089203, 27.1514835358, -11.0695762634, -25.8695583344, 22.6573085785, -26.0823020935, -44.0184516907, -9.09605789185, 34.3206481934, 169.913513184, 79.4431915283, -0.682655632496], [-115.076759338, -14.9865674973, 48.57837677, 51.4178543091, 7.60802936554, -30.8724632263, -35.4833221436, -4.78572368622, -7.97818231583, -12.5510473251, 79.4431915283, 160.284255981, 51.7626190186], [75.9396286011, -42.0606040955, -65.6785812378, 27.1700801849, 25.1347808838, 26.7693519592, 17.0847072601, 40.6700134277, -6.64419412613, -8.90691757202, -0.682655632496, 51.7626190186, 138.650894165]], "icov": [[0.00012680060172, -8.17778054625e-05, 0.000244099690462, -0.000227333788644, 0.00011441497918, -0.000180993840331, 7.10821186658e-05, -0.000310747709591, 0.000227038777666, -0.000187825367902, 0.000147422149894, -9.13168623811e-05, 0.000196146997041], [-8.17778054625e-05, 0.000822736765258, -0.000331733230269, 0.000111008921522, -0.000318278936902, 0.000420547206886, -0.000390107918065, 0.000420637778006, -0.000136218135594, -0.00010031547572, -5.07765544171e-05, 0.000130617336254, -4.53195534647e-05], [0.000244099690462, -0.000331733230269, 0.00129833247047, -0.00052104954375, 7.4887269875e-05, -0.000261264416622, 0.000249502889346, -0.000325592234731, 0.000373882969143, 0.000292725482723, 0.000133810841362, -0.0003594016016, 0.000755977525841], [-0.000227333788644, 0.000111008921522, -0.00052104954375, 0.00376512412913, -0.00150365300942, -0.000358164485078, 0.000431400287198, -0.000965187035035, -0.00119840062689, 0.000769048812799, 7.49726532376e-05, -0.00123433105182, 0.000198402660317], [0.00011441497918, -0.000318278936902, 7.4887269875e-05, -0.00150365300942, 0.00476701790467, -0.00111413688865, 0.000854098354466, -0.000978979747742, -0.000298356026178, -0.000424053607276, 0.00088657613378, -0.000169172228198, -0.000270248681773], [-0.000180993840331, 0.000420547206886, -0.000261264416622, -0.000358164485078, -0.00111413688865, 0.0051381830126, -0.00338358082809, 0.0019526979886, -0.000719791976735, 0.000736970512662, -0.00216085207649, 0.00204334943555, -0.00153340946417], [7.10821186658e-05, -0.000390107918065, 0.000249502889346, 0.000431400287198, 0.000854098354466, -0.00338358082809, 0.006887702737, -0.00342030334286, 0.00121537013911, -0.000887647911441, 0.00114370021038, -0.000247985677561, 0.000628801295534], [-0.000310747709591, 0.000420637778006, -0.000325592234731, -0.000965187035035, -0.000978979747742, 0.0019526979886, -0.00342030334286, 0.00853619724512, -0.00286151724868, 1.30417211039e-05, 0.000586925889365, 0.000437860260718, -0.00224613561295], [0.000227038777666, -0.000136218135594, 0.000373882969143, -0.00119840062689, -0.000298356026178, -0.000719791976735, 0.00121537013911, -0.00286151724868, 0.00888187345117, -0.00145046017133, 0.000267495517619, 0.000232080579735, 0.00137604982592], [-0.000187825367902, -0.00010031547572, 0.000292725482723, 0.000769048812799, -0.000424053607276, 0.000736970512662, -0.000887647911441, 1.30417211039e-05, -0.00145046017133, 0.00860192906111, -0.00309685477987, 0.00163634109776, -4.25244361395e-05], [0.000147422149894, -5.07765544171e-05, 0.000133810841362, 7.49726532376e-05, 0.00088657613378, -0.00216085207649, 0.00114370021038, 0.000586925889365, 0.000267495517619, -0.00309685477987, 0.0103071406484, -0.00615345314145, 0.00205783173442], [-9.13168623811e-05, 0.000130617336254, -0.0003594016016, -0.00123433105182, -0.000169172228198, 0.00204334943555, -0.000247985677561, 0.000437860260718, 0.000232080579735, 0.00163634109776, -0.00615345314145, 0.011722387746, -0.00459083355963], [0.000196146997041, -4.53195534647e-05, 0.000755977525841, 0.000198402660317, -0.000270248681773, -0.00153340946417, 0.000628801295534, -0.00224613561295, 0.00137604982592, -4.25244361395e-05, 0.00205783173442, -0.00459083355963, 0.010124062188]], "mean": [-770.222717285, 149.432937622, -1.62175881863, 12.3544540405, 1.53980851173, -2.95291924477, -1.49800026417, -0.210662662983, -8.91474628448, 3.81689572334, -2.49675941467, 1.0053331852, 1.5686404705]}, "pitch_salience": {"dmean": 0.0576562732458, "dmean2": 0.0904804617167, "dvar": 0.00308047654107, "dvar2": 0.00744181824848, "max": 0.857662916183, "mean": 0.533811330795, "median": 0.537081837654, "min": 0.0899561718106, "var": 0.0148811340332}, "silence_rate_20dB": {"dmean": 0, "dmean2": 0, "dvar": 0, "dvar2": 0, "max": 1, "mean": 1, "median": 1, "min": 1, "var": 0}, "silence_rate_30dB": {"dmean": 0.0046102264896, "dmean2": 0.00922141876072, "dvar": 0.0045891078189, "dvar2": 0.0112320603803, "max": 1, "mean": 0.993190169334, "median": 1, "min": 0, "var": 0.00676341727376}, "silence_rate_60dB": {"dmean": 0.0362531431019, "dmean2": 0.0725138857961, "dvar": 0.0349372141063, "dvar2": 0.0752140134573, "max": 1, "mean": 0.348873764277, "median": 0, "min": 0, "var": 0.227154448628}, "spectral_centroid": {"dmean": 130.041137695, "dmean2": 193.187896729, "dvar": 53392.1132812, "dvar2": 114013.757812, "max": 11958.6855469, "mean": 1083.16589355, "median": 890.217346191, "min": 167.625671387, "var": 1392716}, "spectral_complexity": {"dmean": 1.48575019836, "dmean2": 2.34496498108, "dvar": 3.28561210632, "dvar2": 7.31448459625, "max": 47, "mean": 9.89198493958, "median": 8, "min": 0, "var": 64.5767059326}, "spectral_contrast_coeffs": {"dmean": [0.0379492640495, 0.0381722934544, 0.0372876524925, 0.0301463790238, 0.0212609432638, 0.014440801926], "dmean2": [0.0624870471656, 0.0608745068312, 0.0577266439795, 0.0461673885584, 0.0324153825641, 0.02244720608], "dvar": [0.00116625346709, 0.00114041334018, 0.0012863308657, 0.000753676751629, 0.000400528253522, 0.000217212742427], "dvar2": [0.0030670017004, 0.00279657472856, 0.00262912968174, 0.0015704628313, 0.000758975453209, 0.000467217119876], "max": [-0.283169150352, -0.348816037178, -0.357127666473, -0.442762076855, -0.525996208191, -0.622852921486], "mean": [-0.665333449841, -0.712309122086, -0.70828974247, -0.738394796848, -0.774506747723, -0.80506414175], "median": [-0.670313119888, -0.717975378036, -0.72283655405, -0.746717214584, -0.777470648289, -0.807508051395], "min": [-0.983942389488, -0.98550093174, -0.984002649784, -0.971749424934, -0.966510415077, -0.963689684868], "var": [0.00834887195379, 0.00711105857044, 0.00991456676275, 0.00701597379521, 0.00506057171151, 0.0032958611846]}, "spectral_contrast_valleys": {"dmean": [0.362146824598, 0.305714726448, 0.296673595905, 0.264368504286, 0.217148199677, 0.206680074334], "dmean2": [0.596356749535, 0.489911049604, 0.474711805582, 0.413087159395, 0.323192089796, 0.289596050978], "dvar": [0.136976838112, 0.0949732288718, 0.0872956812382, 0.0793883129954, 0.0677615180612, 0.0876846686006], "dvar2": [0.304406583309, 0.207294642925, 0.1814661026, 0.15245513618, 0.112214714289, 0.151200652122], "max": [-5.40306043625, -4.96971607208, -5.52465867996, -5.35654830933, -5.94423532486, -8.72473239899], "mean": [-8.55263900757, -7.84960460663, -8.8735704422, -9.42353630066, -9.49139118195, -11.9177837372], "median": [-7.90993928909, -7.49721717834, -8.4597864151, -9.02501487732, -9.11632156372, -11.6093196869], "min": [-28.3928146362, -28.2708702087, -27.8975505829, -27.6774482727, -27.6030502319, -27.4319381714], "var": [6.14590072632, 5.79284000397, 5.85219335556, 5.91139507294, 5.79070663452, 4.14138841629]}, "spectral_decrease": {"dmean": 8.87057149956e-10, "dmean2": 1.26867782946e-09, "dvar": 3.38493887185e-18, "dvar2": 7.13552218014e-18, "max": 1.86066800266e-28, "mean": -3.64009267173e-09, "median": -1.82930703918e-09, "min": -4.41454623967e-08, "var": 2.38108803145e-17}, "spectral_energy": {"dmean": 0.00358979962766, "dmean2": 0.00510966544971, "dvar": 5.46424016648e-05, "dvar2": 0.000113175512524, "max": 0.178246468306, "mean": 0.0149093512446, "median": 0.00730610173196, "min": 9.96999176723e-21, "var": 0.000407828483731}, "spectral_energyband_high": {"dmean": 4.14892674598e-05, "dmean2": 5.9856716689e-05, "dvar": 1.33547795045e-08, "dvar2": 2.66058446385e-08, "max": 0.00394395785406, "mean": 0.000124439393403, "median": 1.82709009096e-05, "min": 7.04114151202e-21, "var": 7.86085294635e-08}, "spectral_energyband_low": {"dmean": 0.00082717317855, "dmean2": 0.00133706780616, "dvar": 1.36101280077e-05, "dvar2": 3.57921089744e-05, "max": 0.105739720166, "mean": 0.00231483392417, "median": 0.000907995563466, "min": 1.57627914162e-23, "var": 1.68975857378e-05}, "spectral_energyband_middle_high": {"dmean": 0.00196427828632, "dmean2": 0.00272005773149, "dvar": 2.65385533567e-05, "dvar2": 4.67585305159e-05, "max": 0.153859302402, "mean": 0.00680679315701, "median": 0.000759832735639, "min": 1.15478644331e-21, "var": 0.000195158121642}, "spectral_energyband_middle_low": {"dmean": 0.00194990623277, "dmean2": 0.00288257119246, "dvar": 1.80973893293e-05, "dvar2": 3.92756337533e-05, "max": 0.150667667389, "mean": 0.00615767063573, "median": 0.00260010687634, "min": 1.60879333756e-22, "var": 0.000100962985016}, "spectral_entropy": {"dmean": 0.152698099613, "dmean2": 0.221310004592, "dvar": 0.02923322469, "dvar2": 0.0561822392046, "max": 9.82137298584, "mean": 6.82219409943, "median": 6.84106492996, "min": 4.75861787796, "var": 0.461205154657}, "spectral_flux": {"dmean": 0.0177457164973, "dmean2": 0.0277802031487, "dvar": 0.000662962149363, "dvar2": 0.00160593772307, "max": 0.399415314198, "mean": 0.0514040254056, "median": 0.0344107337296, "min": 6.43901321151e-11, "var": 0.00274757063016}, "spectral_kurtosis": {"dmean": 3.06175041199, "dmean2": 5.16693973541, "dvar": 12.1238269806, "dvar2": 32.7243423462, "max": 82.5355072021, "mean": 10.940776825, "median": 8.17208099365, "min": -1.2559325695, "var": 82.0411834717}, "spectral_rms": {"dmean": 0.000391738343751, "dmean2": 0.000545457936823, "dvar": 3.44334978308e-07, "dvar2": 6.48717502827e-07, "max": 0.0131870768964, "mean": 0.00305989128537, "median": 0.00266981357709, "min": 3.11878517803e-12, "var": 5.18276965522e-06}, "spectral_rolloff": {"dmean": 197.71963501, "dmean2": 338.150024414, "dvar": 238594.890625, "dvar2": 517318.40625, "max": 19681.3476562, "mean": 1233.75402832, "median": 904.39453125, "min": 21.533203125, "var": 3917534.25}, "spectral_skewness": {"dmean": 0.296125620604, "dmean2": 0.482517808676, "dvar": 0.090753890574, "dvar2": 0.220934674144, "max": 7.53522872925, "mean": 2.37943816185, "median": 2.13504290581, "min": -0.112070903182, "var": 1.10607850552}, "spectral_spread": {"dmean": 363957.531