{"lowlevel": {"average_loudness": 0.819666981697, "barkbands": {"dmean": [0.000125823062262, 0.00180136109702, 0.000624299573246, 0.000572635617573, 0.000983411679044, 0.000395017734263, 0.000298696453683, 0.000431074848166, 0.000738267146517, 0.000749421888031, 0.000575038779061, 0.000642000115477, 0.00066734891152, 0.000394431262976, 0.000543279806152, 0.000360346573871, 0.000295967940474, 0.00024078595743, 0.00022575163166, 0.000201098577236, 0.000143330893479, 0.00014010828454, 0.000103613128886, 4.89920166729e-05, 1.67590842466e-05, 2.70251825896e-06, 3.20807714616e-07], "dmean2": [0.00019551657897, 0.00286002177745, 0.00100010773167, 0.000948209082708, 0.00161326630041, 0.000620630802587, 0.000473733380204, 0.000660807534587, 0.0010978160426, 0.00115749274846, 0.000872797158081, 0.00097575574182, 0.00100410263985, 0.00062112219166, 0.000853647885378, 0.000564767164178, 0.000457445974462, 0.00036851601908, 0.000345795386238, 0.000282863999018, 0.000191756873392, 0.000186204852071, 0.000140115356771, 6.51182926958e-05, 2.19990288315e-05, 3.47532613887e-06, 4.1130007844e-07], "dvar": [1.558243099e-07, 1.39576704896e-05, 1.28063607008e-06, 1.47640753312e-06, 8.77084312378e-06, 4.6557536848e-07, 5.33572347194e-07, 1.73362332134e-06, 3.65124196833e-06, 3.66601625501e-06, 3.32738545694e-06, 2.75223214885e-06, 3.50608911504e-06, 9.64196146924e-07, 1.6528181277e-06, 8.12942687389e-07, 2.69634455208e-07, 1.7003607411e-07, 1.96412884179e-07, 1.42400409686e-07, 1.47817104335e-07, 1.97463492668e-07, 1.16423123586e-07, 2.47028655309e-08, 3.00689717569e-09, 8.65044910703e-11, 1.31865547127e-12], "dvar2": [3.35201207236e-07, 3.69303415937e-05, 3.33021466759e-06, 3.76500361199e-06, 2.21270784095e-05, 1.18094010304e-06, 1.15866953365e-06, 3.33349544235e-06, 7.13960707799e-06, 8.61373155203e-06, 7.5262860264e-06, 6.58092176309e-06, 7.16222939445e-06, 2.32498359765e-06, 3.96481254938e-06, 1.88477361007e-06, 6.454852155e-07, 4.12760300605e-07, 4.80534879443e-07, 2.93655290307e-07, 2.93351547498e-07, 3.90394092165e-07, 2.52065007089e-07, 5.27786596649e-08, 6.41017017244e-09, 1.79984235849e-10, 2.6626968859e-12], "max": [0.00666282139719, 0.0484914854169, 0.0185984522104, 0.0178528688848, 0.0366044566035, 0.0171185154468, 0.0277011673898, 0.0384962782264, 0.0560738667846, 0.0382256023586, 0.034823667258, 0.0434807501733, 0.0402227565646, 0.0180449075997, 0.0268807075918, 0.0255508515984, 0.0125878974795, 0.00985185150057, 0.00840385723859, 0.00625298591331, 0.00557003030553, 0.00587297417223, 0.00473688077182, 0.00230247084983, 0.00100508506875, 0.000174380547833, 2.24163413804e-05], "mean": [0.000138868766953, 0.00346206338145, 0.0014739659382, 0.000974144611973, 0.00124157115351, 0.000832895806525, 0.000538691878319, 0.000748235208448, 0.0014753023861, 0.00119682576042, 0.00082905695308, 0.00122517964337, 0.00114554131869, 0.000710631546099, 0.000957331096288, 0.000636119104456, 0.000613895826973, 0.000454619119409, 0.000404867867474, 0.000344803731423, 0.000213070816244, 0.000188771198737, 0.000136121438118, 6.53985116514e-05, 2.17889883061e-05, 3.49569995706e-06, 4.33178342973e-07], "median": [1.59499104484e-05, 0.00137276970781, 0.000737419759389, 0.000319745275192, 0.000424853322329, 0.000412680383306, 0.000209508114494, 0.000224279778195, 0.000392523827031, 0.000245893083047, 9.25710628508e-05, 0.000260561704636, 0.000192650797544, 0.000180794420885, 0.000249171804171, 0.000191310595255, 0.000258465734078, 0.000171070729266, 0.000108572567115, 0.000128986677737, 4.44470861112e-05, 2.10621274164e-05, 1.43571805893e-05, 5.70095198782e-06, 1.35636128107e-06, 1.74727972535e-07, 3.51546880495e-08], "min": [1.93175043625e-23, 1.82333586209e-23, 1.12830649056e-23, 5.48246259557e-24, 7.26566074149e-23, 3.5768114646e-23, 5.99432240921e-23, 3.02643898824e-23, 3.62630081126e-23, 1.15259949369e-22, 4.09305592493e-23, 3.25164363055e-23, 9.03152587782e-23, 1.40623632386e-22, 9.79139835359e-23, 9.16634536197e-23, 1.73158591145e-22, 1.01807302404e-22, 2.19566268457e-22, 2.09219657177e-22, 4.40877825403e-22, 4.87548048247e-22, 5.09495597512e-22, 6.33611867383e-22, 1.23354358979e-21, 1.55365420696e-21, 2.18976700323e-21], "var": [1.92046044845e-07, 2.5754181479e-05, 3.94944299842e-06, 2.85251599053e-06, 8.71442716743e-06, 1.62829712735e-06, 1.65881192515e-06, 4.90967204314e-06, 1.35114505611e-05, 7.86039890954e-06, 6.40888811176e-06, 7.29205521566e-06, 9.11165716388e-06, 2.66568258667e-06, 3.48072626366e-06, 2.32225534091e-06, 9.38519860938e-07, 4.61762283521e-07, 4.25037967489e-07, 3.14695682846e-07, 2.74697327995e-07, 3.3703167901e-07, 1.800372047e-07, 3.96193335916e-08, 4.70289363008e-09, 1.37074573914e-10, 2.09529529144e-12]}, "barkbands_crest": {"dmean": 2.51778912544, "dmean2": 4.02506923676, "dvar": 6.20818138123, "dvar2": 14.7035198212, "max": 25.5236530304, "mean": 10.0782585144, "median": 9.15126895905, "min": 2.22318482399, "var": 20.4743118286}, "barkbands_flatness_db": {"dmean": 0.0186684988439, "dmean2": 0.0259475354105, "dvar": 0.000375331554096, "dvar2": 0.000670670997351, "max": 0.37580960989, "mean": 0.147609978914, "median": 0.143075436354, "min": 0.0292817782611, "var": 0.00279334653169}, "barkbands_kurtosis": {"dmean": 2.27851366997, "dmean2": 3.37749695778, "dvar": 28.0420074463, "dvar2": 53.8282699585, "max": 132.978256226, "mean": 3.30420660973, "median": 0.234875202179, "min": -1.87276744843, "var": 94.8610153198}, "barkbands_skewness": {"dmean": 0.50302696228, "dmean2": 0.730414450169, "dvar": 0.369110137224, "dvar2": 0.681715786457, "max": 9.06200122833, "mean": 0.953406572342, "median": 0.603280007839, "min": -2.33022165298, "var": 2.23626494408}, "barkbands_spread": {"dmean": 5.74522590637, "dmean2": 8.12454414368, "dvar": 47.5939254761, "dvar2": 89.3280715942, "max": 91.0466308594, "mean": 23.3795871735, "median": 21.1214351654, "min": 0.719438195229, "var": 190.964126587}, "dissonance": {"dmean": 0.0181820616126, "dmean2": 0.0302874594927, "dvar": 0.000445147597929, "dvar2": 0.0011601340957, "max": 0.499999970198, "mean": 0.467701196671, "median": 0.477144598961, "min": 0.262497723103, "var": 0.000913048221264}, "dynamic_complexity": 5.24056959152, "erbbands": {"dmean": [0.0434809178114, 0.436140775681, 0.786789000034, 1.19430840015, 3.68920087814, 2.68473315239, 2.57009196281, 3.31265997887, 3.82742452621, 5.43484592438, 10.6990270615, 14.630361557, 20.1974697113, 24.5783138275, 19.216791153, 26.0157756805, 28.9920692444, 21.8336830139, 22.4211196899, 22.5233440399, 18.7117671967, 14.4943504333, 12.1659622192, 11.4098033905, 10.761680603, 9.53031730652, 7.29123258591, 4.92712020874, 5.44075059891, 3.98904633522, 2.73902797699, 1.38520050049, 0.653267085552, 0.269578188658, 0.0774959176779, 0.0194576326758, 0.00376981426962, 0.000606317131314, 5.95208002778e-05, 8.01820806373e-06], "dmean2": [0.071857765317, 0.692090570927, 1.24003005028, 1.93097126484, 6.14326381683, 4.40386581421, 3.93182682991, 5.2320227623, 6.04961442947, 8.40398406982, 16.3509216309, 21.9155235291, 30.0429496765, 38.1731414795, 29.1613368988, 39.3066596985, 42.4109764099, 33.7460441589, 34.3438186646, 35.9969215393, 28.6830120087, 22.151386261, 18.7159919739, 17.2122955322, 16.205871582, 13.3788719177, 9.75456809998, 6.56359624863, 7.35064268112, 5.37234163284, 3.71257805824, 1.88532948494, 0.860937535763, 0.357557088137, 0.101159445941, 0.0251095071435, 0.00483862822875, 0.000759580405429, 7.54384236643e-05, 1.04777218439e-05], "dvar": [0.0102944774553, 0.81326842308, 2.01242208481, 5.09605264664, 128.438690186, 60.3288192749, 19.729391098, 45.2703742981, 73.5256271362, 181.244903564, 1094.30004883, 1609.53027344, 2796.00439453, 5318.27197266, 3964.95678711, 4229.375, 7299.43164062, 2543.94042969, 3067.29248047, 3250.59057617, 2061.85791016, 631.816223145, 425.476898193, 464.994842529, 429.485015869, 325.03213501, 330.391235352, 216.764678955, 312.297515869, 167.184234619, 80.8832244873, 20.6642398834, 4.29574298859, 0.818202674389, 0.060512829572, 0.0042010047473, 0.000174570333911, 4.45512887381e-06, 4.12277287865e-08, 1.94135874043e-10], "dvar2": [0.0270206220448, 2.15899038315, 5.03009033203, 12.8063640594, 324.515380859, 157.187774658, 46.6163253784, 107.415122986, 176.746261597, 371.671112061, 2206.93261719, 3156.7878418, 5516.78857422, 12259.6914062, 8874.92382812, 10595.2099609, 14229.1748047, 5881.15136719, 7146.40673828, 8479.44335938, 4494.25, 1479.35900879, 1033.25646973, 1107.98693848, 1020.04663086, 668.816650391, 651.868530273, 447.235198975, 631.34375, 355.327423096, 172.869369507, 46.6414108276, 8.74151420593, 1.79215180874, 0.123209692538, 0.00877839140594, 0.000356829696102, 8.44771238917e-06, 8.10903273418e-08, 3.63423097172e-10], "max": [1.60279417038, 11.7255678177, 20.4364471436, 34.1928787231, 140.525115967, 114.708442688, 137.142562866, 223.021713257, 283.561645508, 507.823638916, 1034.2520752, 1324.83154297, 1619.81079102, 1764.20458984, 1798.50695801, 1951.9934082, 2169.5534668, 999.313659668, 1422.55603027, 1005.70776367, 1598.65734863, 691.54699707, 570.786315918, 778.348876953, 388.007354736, 421.55456543, 283.649993896, 299.776611328, 217.101821899, 188.453704834, 118.070281982, 65.9067764282, 32.1633110046, 19.0035018921, 3.5227804184, 1.10161840916, 0.309330612421, 0.0380193628371, 0.00363500230014, 0.000239916073042], "mean": [0.0642457008362, 0.882983088493, 2.01485133171, 2.517973423, 4.20915031433, 3.64419698715, 5.16014719009, 6.70143985748, 7.33531665802, 9.4932308197, 20.2759017944, 30.0361557007, 38.6706352234, 43.6741409302, 35.1483230591, 54.2214012146, 55.1323928833, 44.2764472961, 43.1618614197, 40.9759483337, 37.3857574463, 32.4188423157, 25.735496521, 21.8368434906, 19.8557777405, 16.7218055725, 11.5304965973, 7.08325195312, 7.18295478821, 5.28818178177, 3.61957454681, 1.81177043915, 0.880811393261, 0.348893076181, 0.102713212371, 0.0251104496419, 0.0049299094826, 0.000805861549452, 8.97466597962e-05, 2.83113113255e-05], "median": [0.0239990279078, 0.325723201036, 0.907030403614, 1.34152305126, 1.09432625771, 1.27809858322, 2.50235509872, 2.69762969017, 3.41365122795, 3.55096435547, 7.13957071304, 9.69515228271, 9.3829832077, 8.64304637909, 8.16414070129, 12.9715900421, 11.4960622787, 12.33360672, 12.1264715195, 12.5929803848, 14.752538681, 14.7975711823, 11.4180021286, 7.01717472076, 6.30624723434, 6.36373281479, 3.18663620949, 1.20101118088, 0.745615541935, 0.648715019226, 0.3611741364, 0.160189419985, 0.0705903843045, 0.0228951387107, 0.00602217298001, 0.00129526399542, 0.000267151655862, 5.01612230437e-05, 1.77607271326e-05, 2.32253169088e-05], "min": [6.20690199538e-22, 2.98454661191e-21, 1.32037146237e-20, 1.31411849393e-20, 4.58670260256e-20, 3.33766679232e-19, 3.47435554511e-19, 3.75359129888e-19, 1.15712682888e-18, 2.92063877511e-19, 7.2585419284e-19, 7.22572922447e-19, 2.30606829201e-18, 3.20380286132e-18, 1.82521600101e-18, 1.68011239155e-18, 3.60043100195e-18, 4.70445614423e-18, 6.66047318153e-18, 7.41483460322e-18, 5.27796775987e-18, 9.28671206938e-18, 6.39734620149e-18, 5.71446931475e-18, 1.22398163394e-17, 1.13569259397e-17, 1.5076031717e-17, 1.91087109111e-17, 1.70874917756e-17, 1.56366864644e-17, 1.3622058304e-17, 1.29404854675e-17, 1.18786386782e-17, 1.1896430506e-17, 8.98523368743e-18, 5.44827308106e-18, 2.7196707992e-18, 1.21859069109e-18, 3.2939606367e-19, 2.88669748663e-20], "var": [0.0122675634921, 1.7337179184, 8.80949878693, 11.0335435867, 122.339927673, 63.2038650513, 60.845905304, 166.458694458, 193.290283203, 537.692565918, 3376.22607422, 5721.75292969, 9547.86621094, 12259.0478516, 9428.99804688, 13009.6308594, 20876.5703125, 8626.66992188, 7392.78710938, 6407.03417969, 7053.35888672, 2512.15380859, 1285.02929688, 1113.69445801, 993.912841797, 726.374084473, 631.847412109, 374.971557617, 510.976379395, 264.665771484, 127.456893921, 31.1895675659, 7.18532085419, 1.22056937218, 0.102738469839, 0.0067349402234, 0.000277348153759, 7.57464749768e-06, 6.89925769848e-08, 6.83247070032e-10]}, "erbbands_crest": {"dmean": 2.79484963417, "dmean2": 4.37245178223, "dvar": 8.27283477783, "dvar2": 18.5247936249, "max": 33.3191261292, "mean": 10.1969718933, "median": 8.83018302917, "min": 1.9219161272, "var": 30.8268222809}, "erbbands_flatness_db": {"dmean": 0.0174188911915, "dmean2": 0.0238115116954, "dvar": 0.000358942372259, "dvar2": 0.000583056476898, "max": 0.375030010939, "mean": 0.193999305367, "median": 0.200290367007, "min": 0.0298844445497, "var": 0.00332924723625}, "erbbands_kurtosis": {"dmean": 1.16282975674, "dmean2": 1.79675638676, "dvar": 4.06591892242, "dvar2": 8.9355134964, "max": 50.0515556335, "mean": 1.07852494717, "median": 0.138212919235, "min": -1.83786153793, "var": 10.4703760147}, "erbbands_skewness": {"dmean": 0.378122508526, "dmean2": 0.551084041595, "dvar": 0.14997844398, "dvar2": 0.304247945547, "max": 6.29105949402, "mean": -0.00282369088382, "median": -0.0816832333803, "min": -3.56079053879, "var": 0.724278151989}, "erbbands_spread": {"dmean": 6.94392585754, "dmean2": 10.1732215881, "dvar": 70.4758758545, "dvar2": 144.44241333, "max": 115.417755127, "mean": 31.4323940277, "median": 25.9177474976, "min": 1.74669957161, "var": 448.045776367}, "gfcc": {"cov": [[15046.5322266, 439.953399658, -2656.12988281, 490.827819824, -923.124389648, 282.590026855, -202.741195679, 59.9916267395, 106.208557129, -104.495101929, 123.440414429, -211.08152771, 35.7937545776], [439.953399658, 1356.46728516, -354.053955078, -222.056045532, 222.740432739, -211.143615723, 180.930419922, -50.5875854492, 90.3530578613, -95.6751785278, 78.1874008179, -121.648239136, 50.8787956238], [-2656.12988281, -354.053955078, 1361.22290039, 224.825454712, 55.8890304565, 68.2379074097, -44.9971923828, -6.17060518265, -78.1819458008, 65.9177474976, -117.107284546, 106.408882141, -49.2267723083], [490.827819824, -222.056045532, 224.825454712, 446.494476318, 13.7082977295, -38.0200691223, -61.9812850952, 1.50829327106, 12.1420879364, 48.1579627991, -23.6158943176, 14.651184082, 24.6993198395], [-923.124389648, 222.740432739, 55.8890304565, 13.7082977295, 353.409759521, -2.81684207916, 84.2130203247, 5.20851039886, 18.7838039398, 32.1842536926, 44.6863555908, -20.6304702759, 0.74587059021], [282.590026855, -211.143615723, 68.2379074097, -38.0200691223, -2.81684207916, 356.017608643, 89.9304199219, 8.81885623932, -3.38733768463, 4.55440139771, 0.803593873978, 14.2200317383, -44.1855278015], [-202.741195679, 180.930419922, -44.9971923828, -61.9812850952, 84.2130203247, 89.9304199219, 231.501846313, 35.4299316406, 12.88829422, -35.2270088196, 14.0827817917, -11.2253293991, -3.67191505432], [59.9916267395, -50.5875854492, -6.17060518265, 1.50829327106, 5.20851039886, 8.81885623932, 35.4299316406, 119.3646698, 32.8424911499, -3.42672586441, 1.51909410954, -5.87177705765, -7.87564706802], [106.208557129, 90.3530578613, -78.1819458008, 12.1420879364, 18.7838039398, -3.38733768463, 12.88829422, 32.8424911499, 133.617263794, 24.9789333344, 0.831481277943, -20.1729621887, 15.0674543381], [-104.495101929, -95.6751785278, 65.9177474976, 48.1579627991, 32.1842536926, 4.55440139771, -35.2270088196, -3.42672586441, 24.9789333344, 117.848358154, 31.5595188141, 9.56629085541, -2.70939993858], [123.440414429, 78.1874008179, -117.107284546, -23.6158943176, 44.6863555908, 0.803593873978, 14.0827817917, 1.51909410954, 0.831481277943, 31.5595188141, 113.744132996, 18.9209861755, 1.52470099926], [-211.08152771, -121.648239136, 106.408882141, 14.651184082, -20.6304702759, 14.2200317383, -11.2253293991, -5.87177705765, -20.1729621887, 9.56629085541, 18.9209861755, 106.484786987, 29.8683948517], [35.7937545776, 50.8787956238, -49.2267723083, 24.6993198395, 0.74587059021, -44.1855278015, -3.67191505432, -7.87564706802, 15.0674543381, -2.70939993858, 1.52470099926, 29.8683948517, 89.2585067749]], "icov": [[0.000385105930036, -0.000796814973, 0.000999167212285, -0.00126985181123, 0.0011118829716, -0.00115606852341, 0.00078464334365, -0.000914800388273, 0.000857396924403, -0.000690606888384, 0.000663647369947, -0.000632191076875, 0.000606701651122], [-0.000796814973, 0.00354414526373, -0.00231273518875, 0.00337699311785, -0.00290613202378, 0.00367520703003, -0.002925950801, 0.00352045590989, -0.00329617038369, 0.0031920033507, -0.00322680734098, 0.00346250156872, -0.00232699722983], [0.000999167212285, -0.00231273518875, 0.00387733662501, -0.00384676200338, 0.00248658796772, -0.00321861286648, 0.00219275965355, -0.00271125137806, 0.00303959520534, -0.00287797162309, 0.00385940540582, -0.00368510955013, 0.00292411027476], [-0.00126985181123, 0.00337699311785, -0.00384676200338, 0.00718466006219, -0.00398938171566, 0.00442002154887, -0.00255399290472, 0.00340562569909, -0.0035955561325, 0.00222029513679, -0.00270261918195, 0.00333392922767, -0.00350365880877], [0.0011118829716, -0.00290613202378, 0.00248658796772, -0.00398938171566, 0.00709023792297, -0.00336012011394, 0.00108598766383, -0.0027895194944, 0.00269169663079, -0.00334262382239, 0.000720189360436, -0.00101682194509, 0.00153401948046], [-0.00115606852341, 0.00367520703003, -0.00321861286648, 0.00442002154887, -0.00336012011394, 0.00789553765208, -0.00492552574724, 0.00417780410498, -0.00380840199068, 0.00260865339078, -0.00290828989819, 0.00222164206207, -0.000498594599776], [0.00078464334365, -0.002925950801, 0.00219275965355, -0.00255399290472, 0.00108598766383, -0.00492552574724, 0.00887041911483, -0.00454401643947, 0.00243299501017, -0.000259757332969, 0.00186757091433, -0.00222482532263, 0.00107986258809], [-0.000914800388273, 0.00352045590989, -0.00271125137806, 0.00340562569909, -0.0027895194944, 0.00417780410498, -0.00454401643947, 0.0132031850517, -0.00599484471604, 0.0037558961194, -0.00354291778058, 0.00298649654724, -0.000820923713036], [0.000857396924403, -0.00329617038369, 0.00303959520534, -0.0035955561325, 0.00269169663079, -0.00380840199068, 0.00243299501017, -0.00599484471604, 0.0127673493698, -0.00591105502099, 0.00425411621109, -0.00144356349483, -5.45230905118e-05], [-0.000690606888384, 0.0031920033507, -0.00287797162309, 0.00222029513679, -0.00334262382239, 0.00260865339078, -0.000259757332969, 0.0037558961194, -0.00591105502099, 0.0149091370404, -0.00729536404833, 0.00332981650718, -0.00164341041818], [0.000663647369947, -0.00322680734098, 0.00385940540582, -0.00270261918195, 0.000720189360436, -0.00290828989819, 0.00186757091433, -0.00354291778058, 0.00425411621109, -0.00729536404833, 0.0165201760828, -0.00798332970589, 0.00421774992719], [-0.000632191076875, 0.00346250156872, -0.00368510955013, 0.00333392922767, -0.00101682194509, 0.00222164206207, -0.00222482532263, 0.00298649654724, -0.00144356349483, 0.00332981650718, -0.00798332970589, 0.0181173533201, -0.00897627137601], [0.000606701651122, -0.00232699722983, 0.00292411027476, -0.00350365880877, 0.00153401948046, -0.000498594599776, 0.00107986258809, -0.000820923713036, -5.45230905118e-05, -0.00164341041818, 0.00421774992719, -0.00897627137601, 0.0174720715731]], "mean": [-52.5911369324, 111.985420227, -145.322616577, 39.5965538025, -46.4138031006, 13.4231777191, -24.0447254181, 5.41088581085, -14.9903926849, -5.43177461624, -9.65021324158, -7.95742988586, -7.07081222534]}, "hfc": {"dmean": 6.69778490067, "dmean2": 8.76522541046, "dvar": 122.954208374, "dvar2": 226.882568359, "max": 156.27494812, "mean": 21.4466133118, "median": 15.6089696884, "min": 1.08789980217e-16, "var": 496.234741211}, "melbands": {"dmean": [0.00045456038788, 0.000464559067041, 0.000272479606792, 0.000241987669142, 8.36063190945e-05, 7.36769798095e-05, 6.0637583374e-05, 6.41094084131e-05, 8.99292790564e-05, 9.98797113425e-05, 0.000105015620647, 0.000100173987448, 6.95585840731e-05, 6.96415008861e-05, 6.48797213216e-05, 6.78260839777e-05, 4.01992401748e-05, 3.5353932617e-05, 4.05660975957e-05, 2.56713246927e-05, 2.37428739638e-05, 1.67934304045e-05, 1.42152830449e-05, 1.26058221213e-05, 9.56795065576e-06, 9.34641229833e-06, 6.8205667958e-06, 6.7763289735e-06, 5.24535062141e-06, 3.33761613547e-06, 2.82218320535e-06, 3.31921478391e-06, 2.50676612268e-06, 2.19921298594e-06, 1.70782698206e-06, 1.1735520502e-06, 7.28733937194e-07, 5.02984107698e-07, 3.12914465894e-07, 2.00699972197e-07], "dmean2": [0.000726780970581, 0.000721024873201, 0.000443815893959, 0.000402034725994, 0.000127431223518, 0.000116260620416, 9.59216777119e-05, 9.79112664936e-05, 0.000136866845423, 0.000149321407662, 0.000156187641551, 0.000156336725922, 0.000104606464447, 0.000102563506516, 0.000100028861198, 0.000100027733424, 6.30354261375e-05, 5.49989526917e-05, 6.33561139693e-05, 4.17753726651e-05, 3.65012965631e-05, 2.60281667579e-05, 2.22973339987e-05, 1.96390028577e-05, 1.46389347719e-05, 1.44939376696e-05, 1.0153358744e-05, 9.71099143499e-06, 7.2587708928e-06, 4.54216205981e-06, 3.9111314436e-06, 4.59150214738e-06, 3.37435017173e-06, 3.05235994347e-06, 2.34926960729e-06, 1.62765161349e-06, 1.0083900861e-06, 6.70255360546e-07, 4.26516436391e-07, 2.73488950597e-07], "dvar": [9.48096101183e-07, 7.16187344096e-07, 3.50597986198e-07, 5.64311733342e-07, 2.15559197159e-08, 2.0019157887e-08, 1.90280360357e-08, 2.5829319128e-08, 6.76728930671e-08, 7.23383806189e-08, 7.2476531443e-08, 8.92528149166e-08, 5.47328120604e-08, 3.1156865532e-08, 2.67456261582e-08, 3.76650817202e-08, 9.702123549e-09, 8.40626501741e-09, 1.071136424e-08, 4.67967664619e-09, 4.00948430013e-09, 9.97728122343e-10, 6.95459301259e-10, 5.50299916746e-10, 3.66852465072e-10, 3.61812663163e-10, 1.55058438311e-10, 1.81013079525e-10, 1.69554051355e-10, 8.87151810347e-11, 7.95925964026e-11, 1.20268531245e-10, 6.48112813417e-11, 5.54243144435e-11, 3.20879538218e-11, 1.58124919408e-11, 5.81952064663e-12, 2.56020985662e-12, 1.14121169112e-12, 4.6524914997e-13], "dvar2": [2.47183788815e-06, 1.82497524293e-06, 8.62007027536e-07, 1.43630825278e-06, 5.17075484652e-08, 4.92476139868e-08, 4.40391971779e-08, 5.1486921393e-08, 1.38103459335e-07, 1.41859388236e-07, 1.43025673083e-07, 2.09655112826e-07, 1.2819634776e-07, 6.69818192023e-08, 6.53013785268e-08, 7.3831252223e-08, 2.25043415014e-08, 2.00380831927e-08, 2.54391334664e-08, 1.23793135742e-08, 8.06490962901e-09, 2.30575203375e-09, 1.76363168514e-09, 1.38901312674e-09, 8.90789997321e-10, 9.06976493908e-10, 3.51126155929e-10, 3.84697412814e-10, 3.53159418376e-10, 1.81665668619e-10, 1.75036624084e-10, 2.49327058999e-10, 1.31891858546e-10, 1.25697341424e-10, 6.88400586535e-11, 3.69980851511e-11, 1.31910237941e-11, 5.21164795347e-12, 2.54995482195e-12, 1.03218041753e-12], "max": [0.0139395212755, 0.0112898936495, 0.00720905279741, 0.00926579907537, 0.00401719007641, 0.00426831142977, 0.00455710059032, 0.00657021487132, 0.00787431839854, 0.00760867400095, 0.00782256480306, 0.00704316562042, 0.0054249712266, 0.00500424625352, 0.00504943402484, 0.00459516048431, 0.00225789076649, 0.00198474922217, 0.00190083356574, 0.00140795635525, 0.0024740092922, 0.000812164274976, 0.000605439650826, 0.000555694510695, 0.000719850242604, 0.000357567623723, 0.000202347044251, 0.000289370742394, 0.000233891623793, 0.000149788480485, 0.000201758462936, 0.000130874788738, 0.000136432339787, 0.000108410451503, 7.52287742216e-05, 7.1752241638e-05, 3.19567589031e-05, 2.04199241125e-05, 2.29850866162e-05, 1.34964266181e-05], "mean": [0.000787343771663, 0.00115237513091, 0.000494920066558, 0.000289993273327, 0.000167287173099, 0.000150649255374, 0.000116917981359, 0.000107645850221, 0.000169615683262, 0.0002054443612, 0.000190168706467, 0.000174593616975, 0.000112967616587, 0.000134715912282, 0.000127215316752, 0.00011650002125, 7.52039413783e-05, 6.17338228039e-05, 6.91945533617e-05, 4.35786350863e-05, 4.49825893156e-05, 3.42356688634e-05, 2.70271266345e-05, 2.28935459745e-05, 1.66102618095e-05, 1.62470059877e-05, 1.14715085147e-05, 1.11962017399e-05, 7.99822009867e-06, 4.82670066049e-06, 3.8539947127e-06, 4.2475076043e-06, 3.34493324772e-06, 2.80220319837e-06, 2.21995423999e-06, 1.49347079059e-06, 9.49292882524e-07, 6.69490077598e-07, 4.05917973012e-07, 2.54210846151e-07], "median": [0.000327900343109, 0.000484645366669, 0.000238158128923, 8.37594125187e-05, 8.31374782138e-05, 6.58303033561e-05, 5.39465545444e-05, 4.08729174524e-05, 5.84415538469e-05, 5.58565989195e-05, 4.13062225562e-05, 2.78822790278e-05, 1.74300748768e-05, 3.02256903524e-05, 2.52296158578e-05, 2.04788502742e-05, 1.75707682502e-05, 1.44269979501e-05, 1.82577387022e-05, 1.16888377306e-05, 1.58643761097e-05, 1.40872634802e-05, 1.12082279884e-05, 7.68275003793e-06, 4.64191498395e-06, 4.0206768972e-06, 4.11079054174e-06, 3.81987956644e-06, 2.12537156585e-06, 9.12916789275e-07, 5.19892410011e-07, 3.88581412381e-07, 3.61647749969e-07, 3.16949382295e-07, 2.14133294207e-07, 1.26052583482e-07, 7.88630316606e-08, 5.18445482101e-08, 2.76605351957e-08, 1.42056348906e-08], "min": [6.43643051053e-24, 6.41373103798e-24, 2.90038477427e-24, 1.23063587058e-23, 1.57471356827e-23, 8.96198526467e-24, 1.83200970329e-23, 3.46186401774e-24, 5.98954672418e-24, 5.37471445111e-24, 1.23601834742e-23, 1.53600069266e-23, 6.0270231392e-24, 4.1997672695e-24, 5.79443775649e-24, 8.83971734639e-24, 9.37202964118e-24, 1.24344271183e-23, 8.2600307988e-24, 8.30023903914e-24, 5.99369573811e-24, 1.16176050383e-23, 4.58953713188e-24, 5.1658512991e-24, 3.52958338772e-24, 1.04198167836e-23, 6.82287059103e-24, 7.20827726375e-24, 7.85669252885e-24, 1.14665649962e-23, 1.08439754594e-23, 1.07081407113e-23, 7.42805391194e-24, 7.57681177942e-24, 8.04773965173e-24, 7.15041037204e-24, 8.19142277701e-24, 8.22331878999e-24, 8.46910970426e-24, 1.01525081104e-23], "var": [1.37455913318e-06, 2.70723739959e-06, 5.44221563814e-07, 5.42114889868e-07, 5.7834281364e-08, 7.24751814118e-08, 5.6431751716e-08, 7.28639975023e-08, 2.26529891734e-07, 2.79152999383e-07, 2.37948583504e-07, 2.10337248063e-07, 1.20061471875e-07, 9.12496105343e-08, 8.49756176535e-08, 9.27408692064e-08, 3.03141689528e-08, 1.81359212093e-08, 2.02312602227e-08, 1.07385220716e-08, 1.37442652814e-08, 3.41709949225e-09, 1.92819493705e-09, 1.40821543315e-09, 7.60408014333e-10, 8.02467703398e-10, 3.09144487787e-10, 3.72860908815e-10, 3.06981523535e-10, 1.54726662038e-10, 1.23717674994e-10, 1.86516926903e-10, 1.07687907203e-10, 7.84940307197e-11, 4.92061322244e-11, 2.24908563995e-11, 8.57972113494e-12, 4.20892400793e-12, 1.64212306947e-12, 6.73344789214e-13]}, "melbands_crest": {"dmean": 2.76233696938, "dmean2": 4.32891845703, "dvar": 7.23205804825, "dvar2": 16.3977928162, "max": 33.8419799805, "mean": 13.6557884216, "median": 12.541302681, "min": 1.73470795155, "var": 34.3440055847}, "melbands_flatness_db": {"dmean": 0.0236261151731, "dmean2": 0.0325062051415, "dvar": 0.000661818427034, "dvar2": 0.00119065574836, "max": 0.48921623826, "mean": 0.201205134392, "median": 0.19205494225, "min": 0.00521696265787, "var": 0.00515466742218}, "melbands_kurtosis": {"dmean": 5.65940666199, "dmean2": 8.60841464996, "dvar": 180.416137695, "dvar2": 383.113220215, "max": 291.495056152, "mean": 11.6062393188, "median": 2.32329940796, "min": -1.82645475864, "var": 601.987854004}, "melbands_skewness": {"dmean": 0.669219315052, "dmean2": 0.966700196266, "dvar": 0.716182768345, "dvar2": 1.36770582199, "max": 13.9250764847, "mean": 2.04442811012, "median": 1.41944181919, "min": -2.20512294769, "var": 4.77253675461}, "melbands_spread": {"dmean": 8.1037530899, "dmean2": 12.12961483, "dvar": 108.302467346, "dvar2": 232.274368286, "max": 138.380050659, "mean": 30.0645751953, "median": 27.8307914734, "min": 0.52395939827, "var": 362.464508057}, "mfcc": {"cov": [[13847.1904297, -133.899291992, -1256.86645508, -18.5363292694, -483.792053223, -57.3876991272, -298.55078125, 39.8272132874, -193.322143555, 48.9621925354, -35.0952377319, 37.410823822, -47.7489356995], [-133.899291992, 1604.38378906, -412.408233643, 43.5207672119, -33.2851104736, -81.9238815308, 57.9680480957, 10.2354688644, 1.6942076683, 42.686882019, -12.1122188568, 10.7834892273, 20.1350269318], [-1256.86645508, -412.408233643, 950.998352051, 98.9683990479, 80.4470748901, 114.641670227, -14.7592344284, 10.854549408, 49.7031326294, -55.8025856018, -15.6458559036, -19.0095005035, -12.5976495743], [-18.5363292694, 43.5207672119, 98.9683990479, 474.696746826, 97.9437942505, -53.2621765137, -32.7978286743, -68.5514297485, 32.6331214905, -7.38304758072, -40.0486450195, 10.4842700958, 11.7421998978], [-483.792053223, -33.2851104736, 80.4470748901, 97.9437942505, 220.214706421, 44.0797157288, 16.5822906494, -35.1844444275, 7.08394289017, 23.3314342499, 17.8721542358, 23.4527225494, 11.4510698318], [-57.3876991272, -81.9238815308, 114.641670227, -53.2621765137, 44.0797157288, 246.884109497, 75.5002441406, 38.1531333923, 27.2189064026, 13.9152746201, 29.1891307831, 12.4023885727, -0.435416013002], [-298.55078125, 57.9680480957, -14.7592344284, -32.7978286743, 16.5822906494, 75.5002441406, 201.932052612, 68.9669342041, -9.88021755219, 21.4340286255, 43.9048500061, -5.83069801331, -1.7688087225], [39.8272132874, 10.2354688644, 10.854549408, -68.5514297485, -35.1844444275, 38.1531333923, 68.9669342041, 170.220565796, 37.7346420288, 14.6761856079, 11.9969987869, -10.9332065582, 3.12768697739], [-193.322143555, 1.6942076683, 49.7031326294, 32.6331214905, 7.08394289017, 27.2189064026, -9.88021755219, 37.7346420288, 125.68019104, 29.194644928, -4.65274333954, 0.130394011736, 0.575461149216], [48.9621925354, 42.686882019, -55.8025856018, -7.38304758072, 23.3314342499, 13.9152746201, 21.4340286255, 14.6761856079, 29.194644928, 117.928794861, 45.1124458313, 4.77456045151, -8.41060066223], [-35.0952377319, -12.1122188568, -15.6458559036, -40.0486450195, 17.8721542358, 29.1891307831, 43.9048500061, 11.9969987869, -4.65274333954, 45.1124458313, 106.364776611, 26.8457374573, -9.63153362274], [37.410823822, 10.7834892273, -19.0095005035, 10.4842700958, 23.4527225494, 12.4023885727, -5.83069801331, -10.9332065582, 0.130394011736, 4.77456045151, 26.8457374573, 89.1335220337, 30.2806529999], [-47.7489356995, 20.1350269318, -12.5976495743, 11.7421998978, 11.4510698318, -0.435416013002, -1.7688087225, 3.12768697739, 0.575461149216, -8.41060066223, -9.63153362274, 30.2806529999, 93.321762085]], "icov": [[0.000103977130493, 4.21729855589e-05, 0.000156975918799, -0.000121031494928, 0.000227495460422, -0.000173937907675, 0.000249682372669, -0.000152504784637, 0.00024285382824, -0.000101280209492, 1.66542595252e-05, -6.3969520852e-05, 7.3488081398e-05], [4.21729855589e-05, 0.000749152328353, 0.000358925928595, -0.000161666510394, 0.000156996276928, 9.49812820181e-05, -0.000224651696044, -4.44645593234e-05, -1.8682987502e-05, -0.000216603162698, 0.000259303342318, -0.000140337258927, -3.99614800699e-05], [0.000156975918799, 0.000358925928595, 0.00163751107175, -0.00048890709877, -3.22059604514e-05, -0.000849303032737, 0.000610192422755, -0.00043293798808, -8.91244635568e-05, 0.000692093861289, -0.000177314665052, 0.000344322412275, 0.000244407943683], [-0.000121031494928, -0.000161666510394, -0.00048890709877, 0.00294661382213, -0.00141181051731, 0.00109706062358, -0.000705518119503, 0.00119148020167, -0.00131725962274, 0.000127331732074, 0.0010387361981, -0.000345513282809, -9.98363175313e-05], [0.000227495460422, 0.000156996276928, -3.22059604514e-05, -0.00141181051731, 0.00643175281584, -0.00136884814128, -4.9757079978e-05, 0.000967680010945, 0.000706926570274, -0.00150777457748, -0.000348730682163, -0.00101413042285, -0.000420329335611], [-0.000173937907675, 9.49812820181e-05, -0.000849303032737, 0.00109706062358, -0.00136884814128, 0.00585717707872, -0.00243412563577, 0.000238141219597, -0.00172190053854, 0.000200914539164, -0.000101752171759, -0.000834156991914, 6.78867363604e-05], [0.000249682372669, -0.000224651696044, 0.000610192422755, -0.000705518119503, -4.9757079978e-05, -0.00243412563577, 0.00813277997077, -0.00337596866302, 0.0024678024929, -0.00022713735234, -0.00259608961642, 0.00145181571133, -0.000165296485648], [-0.000152504784637, -4.44645593234e-05, -0.00043293798808, 0.00119148020167, 0.000967680010945, 0.000238141219597, -0.00337596866302, 0.00873400457203, -0.00334335421212, -6.11594950897e-05, 0.000129744119477, 0.000690321263392, -0.000946631946135], [0.00024285382824, -1.8682987502e-05, -8.91244635568e-05, -0.00131725962274, 0.000706926570274, -0.00172190053854, 0.0024678024929, -0.00334335421212, 0.0110812569037, -0.00341312168166, 0.0013629271416, -0.000494877574965, 0.000271354161669], [-0.000101280209492, -0.000216603162698, 0.000692093861289, 0.000127331732074, -0.00150777457748, 0.000200914539164, -0.00022713735234, -6.11594950897e-05, -0.00341312168166, 0.0120571469888, -0.00517193879932, 0.0013291699579, 0.000398638600018], [1.66542595252e-05, 0.000259303342318, -0.000177314665052, 0.0010387361981, -0.000348730682163, -0.000101752171759, -0.00259608961642, 0.000129744119477, 0.0013629271416, -0.00517193879932, 0.0147629557177, -0.00528412079439, 0.00255039869808], [-6.3969520852e-05, -0.000140337258927, 0.000344322412275, -0.000345513282809, -0.00101413042285, -0.000834156991914, 0.00145181571133, 0.000690321263392, -0.000494877574965, 0.0013291699579, -0.00528412079439, 0.0152084250003, -0.00514485361055], [7.3488081398e-05, -3.99614800699e-05, 0.000244407943683, -9.98363175313e-05, -0.000420329335611, 6.78867363604e-05, -0.000165296485648, -0.000946631946135, 0.000271354161669, 0.000398638600018, 0.00255039869808, -0.00514485361055, 0.0128547344357]], "mean": [-680.606506348, 129.692321777, -26.603351593, 28.2603225708, 2.17146611214, 10.1387815475, 3.37742233276, 9.38630104065, 1.08229243755, 7.64181232452, -1.86077809334, 2.97345113754, -0.210161313415]}, "pitch_salience": {"dmean": 0.0632823854685, "dmean2": 0.101538948715, "dvar": 0.00359175633639, "dvar2": 0.00840030331165, "max": 0.855347037315, "mean": 0.523954510689, "median": 0.530493140221, "min": 0.0996858626604, "var": 0.0139238545671}, "silence_rate_20dB": {"dmean": 0, "dmean2": 0, "dvar": 0, "dvar2": 0, "max": 1, "mean": 1, "median": 1, "min": 1, "var": 0}, "silence_rate_30dB": {"dmean": 0, "dmean2": 0, "dvar": 0, "dvar2": 0, "max": 1, "mean": 1, "median": 1, "min": 1, "var": 0}, "silence_rate_60dB": {"dmean": 0.0290758050978, "dmean2": 0.0581591576338, "dvar": 0.0282272864133, "dvar2": 0.0633485242724, "max": 1, "mean": 0.107462689281, "median": 0, "min": 0, "var": 0.0959092229605}, "spectral_centroid": {"dmean": 268.352752686, "dmean2": 380.457855225, "dvar": 114343.664062, "dvar2": 214941.5625, "max": 11171.359375, "mean": 1585.7109375, "median": 1606.17089844, "min": 165.420166016, "var": 454251.15625}, "spectral_complexity": {"dmean": 3.94470405579, "dmean2": 5.3908867836, "dvar": 25.1952400208, "dvar2": 36.981464386, "max": 60, "mean": 19.1810512543, "median": 17, "min": 0, "var": 163.105941772}, "spectral_contrast_coeffs": {"dmean": [0.0430086478591, 0.0426374189556, 0.0387724526227, 0.0321685634553, 0.0238272156566, 0.0200720708817], "dmean2": [0.0704173445702, 0.0687118470669, 0.0608622692525, 0.0502341687679, 0.0365145877004, 0.0302323307842], "dvar": [0.00127992208581, 0.00125289952848, 0.00107932556421, 0.000766850251239, 0.000444321020041, 0.000420423981268], "dvar2": [0.00342616904527, 0.00317114568315, 0.00245477026328, 0.00170795747545, 0.000922366860323, 0.000899640435819], "max": [-0.410704821348, -0.372979938984, -0.403478264809, -0.523289203644, -0.546586751938, -0.540103673935], "mean": [-0.670005977154, -0.740873157978, -0.738977849483, -0.759437143803, -0.777742028236, -0.74120759964], "median": [-0.667539596558, -0.748393952847, -0.747035324574, -0.764222681522, -0.783181607723, -0.733569562435], "min": [-0.966732144356, -0.964824199677, -0.981839597225, -0.964349329472, -0.959710001945, -0.963024020195], "var": [0.00586308166385, 0.0060151508078, 0.00683544948697, 0.00489907991141, 0.00348314992152, 0.00258088670671]}, "spectral_contrast_valleys": {"dmean": [0.40799215436, 0.355428814888, 0.315001219511, 0.284847944975, 0.328389853239, 0.29951775074], "dmean2": [0.641709089279, 0.561852157116, 0.487376242876, 0.418601036072, 0.417767107487, 0.34346729517], "dvar": [0.149253040552, 0.111526593566, 0.0936966463923, 0.0964721366763, 0.142818704247, 0.149439513683], "dvar2": [0.315528064966, 0.244033440948, 0.187052458525, 0.16708560288, 0.214574158192, 0.214225620031], "max": [-5.65776348114, -4.92771196365, -5.28866624832, -5.70375156403, -5.46044301987, -7.59474086761], "mean": [-7.74802112579, -7.3088965416, -7.66193246841, -7.90150117874, -7.76765203476, -11.097661972], "median": [-7.61430168152, -7.01733589172, -7.36584043503, -7.59222650528, -7.54265499115, -11.1092882156], "min": [-27.6706447601, -27.2424793243, -27.1076583862, -27.3137321472, -27.3186416626, -27.3522472382], "var": [1.27904188633, 1.81997084618, 1.76461100578, 1.83394289017, 1.82320916653, 1.65853607655]}, "spectral_decrease": {"dmean": 1.14004894414e-09, "dmean2": 1.66472990948e-09, "dvar": 2.29724310205e-18, "dvar2": 4.88457265466e-18, "max": 3.71926021396e-29, "mean": -4.79260942043e-09, "median": -4.45964287721e-09, "min": -2.13871871324e-08, "var": 1.17134217586e-17}, "spectral_energy": {"dmean": 0.00468426384032, "dmean2": 0.00670762127265, "dvar": 3.74584742531e-05, "dvar2": 7.48928796384e-05, "max": 0.0854130089283, "mean": 0.0200336817652, "median": 0.0185200273991, "min": 1.01263256718e-20, "var": 0.000211391525227}, "spectral_energyband_high": {"dmean": 0.000541215820704, "dmean2": 0.000689368229359, "dvar": 2.19470143747e-06, "dvar2": 4.18400713897e-06, "max": 0.0170966722071, "mean": 0.000824907794595, "median": 0.000194873689907, "min": 7.33661947411e-21, "var": 4.22856965088e-06}, "spectral_energyband_low": {"dmean": 0.00230905925855, "dmean2": 0.00351898767985, "dvar": 1.7550022676e-05, "dvar2": 4.33307031926e-05, "max": 0.0547316633165, "mean": 0.00555992452428, "median": 0.00284266099334, "min": 3.99033455992e-23, "var": 4.59261864307e-05}, "spectral_energyband_middle_high": {"dmean": 0.00238012126647, "dmean2": 0.00343402754515, "dvar": 1.12010320663e-05, "dvar2": 2.43322774622e-05, "max": 0.0728416293859, "mean": 0.0081206811592, "median": 0.00501882983372, "min": 1.33133376634e-21, "var": 7.93034341768e-05}, "spectral_energyband_middle_low": {"dmean": 0.0023043549154, "dmean2": 0.00353863439523, "dvar": 1.59602259373e-05, "dvar2": 3.67341963283e-05, "max": 0.0586601123214, "mean": 0.00614202860743, "median": 0.00430114427581, "min": 3.31807266075e-22, "var": 4.23848105129e-05}, "spectral_entropy": {"dmean": 0.145235598087, "dmean2": 0.19267116487, "dvar": 0.0245022010058, "dvar2": 0.0414011776447, "max": 9.82028007507, "mean": 7.46250486374, "median": 7.42916822433, "min": 5.90442800522, "var": 0.18638010323}, "spectral_flux": {"dmean": 0.0198847353458, "dmean2": 0.0306353382766, "dvar": 0.000477041467093, "dvar2": 0.00110078067519, "max": 0.249182164669, "mean": 0.0703599452972, "median": 0.065560951829, "min": 6.61003821123e-11, "var": 0.00194684846792}, "spectral_kurtosis": {"dmean": 2.30282020569, "dmean2": 3.94853854179, "dvar": 5.65646409988, "dvar2": 16.2646903992, "max": 29.102230072, "mean": 5.18267250061, "median": 4.55657339096, "min": -1.22422540188, "var": 12.0891265869}, "spectral_rms": {"dmean": 0.000502024136949, "dmean2": 0.000699525815435, "dvar": 3.53478810666e-07, "dvar2": 6.25758559636e-07, "max": 0.00912851374596, "mean": 0.00403627753258, "median": 0.00425068475306, "min": 3.14314199668e-12, "var": 3.25354903907e-06}, "spectral_rolloff": {"dmean": 457.04473877, "dmean2": 721.522399902, "dvar": 591764.625, "dvar2": 1195646.875, "max": 18690.8203125, "mean": 1662.97094727, "median": 1507.32421875, "min": 86.1328125, "var": 1403564.25}, "spectral_skewness": {"dmean": 0.292600214481, "dmean2": 0.459133476019, "dvar": 0.07903675735, "dvar2": 0.18487277627, "max": 3.84743881226, "mean": 1.39473092556, "median": 1.3481014967, "min": -0.212417215109, "var": 0.264788329601}, "spectral_spread": {"dmean": 352419.65625, "dmean2": 495114.9375, "dvar": 297258319872, "dvar2": 551249379328, "max": 40893676, "mean": 3491666.75, "median": 3002553.25, "min": 1443775.25, "var": 2604369444