{"lowlevel": {"average_loudness": 0.880416274071, "barkbands": {"dmean": [0.000194645748707, 0.000469661143143, 0.000589380506426, 0.000471735926112, 0.000434272136772, 0.000333326635882, 0.000483181589516, 0.000419269752456, 0.000674023700412, 0.000322952168062, 0.00039284399827, 0.000275823287666, 0.000418723037001, 0.000503384100739, 0.000448665872682, 0.000370450754417, 0.000372556824004, 0.00014392400044, 0.00010865816148, 6.42368613626e-05, 6.57473574392e-05, 4.60701958218e-05, 2.39720320678e-05, 1.46728725667e-05, 7.76819160819e-06, 3.16116711474e-06, 8.54017798702e-07], "dmean2": [0.000341137434589, 0.000767949561123, 0.000890664407052, 0.00074671395123, 0.000666434178129, 0.000497811415698, 0.000720693496987, 0.000590129988268, 0.000927130342461, 0.00048307448742, 0.00058754789643, 0.000390227971366, 0.000615990313236, 0.000717068905942, 0.000623621745035, 0.000525885261595, 0.000540364300832, 0.000214372033952, 0.000157956950716, 9.36447249842e-05, 9.31777249207e-05, 6.69501168886e-05, 3.35495387844e-05, 2.00450795091e-05, 1.08165995698e-05, 4.41867587142e-06, 1.21204936931e-06], "dvar": [4.76149040196e-08, 5.00667795222e-07, 1.93916457647e-06, 1.05986555354e-06, 5.74960324684e-07, 6.38678670839e-07, 2.03862259696e-06, 2.6486261504e-06, 5.0824887694e-06, 9.74063937065e-07, 2.27891905524e-06, 1.08845961222e-06, 1.79735968686e-06, 2.71431872534e-06, 1.51560197992e-06, 8.04971193702e-07, 1.12957093279e-06, 1.65060427548e-07, 1.74151580268e-07, 3.14230810261e-08, 3.9705206234e-08, 1.96389517981e-08, 9.80660797012e-09, 1.27836852215e-08, 5.99839455884e-10, 1.71083647249e-10, 1.12929825213e-10], "dvar2": [1.51205185261e-07, 1.25321764699e-06, 3.71359737983e-06, 2.66245911007e-06, 1.3617670902e-06, 1.30537557652e-06, 4.21662571171e-06, 4.62333855467e-06, 8.55528287502e-06, 2.00277168005e-06, 4.12236477132e-06, 1.57611327722e-06, 3.4318861708e-06, 5.02923921886e-06, 2.47144566856e-06, 1.48023468682e-06, 2.13078510569e-06, 3.42264399933e-07, 3.11295451638e-07, 6.12761041907e-08, 6.99330655607e-08, 4.13103258268e-08, 1.69799143634e-08, 2.58500012507e-08, 1.20690057948e-09, 2.94025054304e-10, 2.2510965314e-10], "max": [0.0029632137157, 0.019007390365, 0.0264280196279, 0.026692090556, 0.0182745512575, 0.0218847095966, 0.0412499010563, 0.0582903176546, 0.0700808688998, 0.031791832298, 0.0559797137976, 0.0650768354535, 0.0429617874324, 0.0453391484916, 0.0456728115678, 0.0204580761492, 0.0292772352695, 0.00912647601217, 0.0165218301117, 0.00499360216781, 0.00915854051709, 0.00367222679779, 0.00478902179748, 0.00664632068947, 0.00111598474905, 0.000584656081628, 0.000484656222397], "mean": [0.000413508358179, 0.000959911267273, 0.000947074266151, 0.000711039232556, 0.000917812983971, 0.000613764976151, 0.000750089995563, 0.0007065787795, 0.00132872071117, 0.000573477998842, 0.000672418565955, 0.000460424023913, 0.000718973809853, 0.000900766230188, 0.000811998092104, 0.000682683195919, 0.000643696286716, 0.000223954746616, 0.000191295854165, 0.000109439351945, 0.000108579421067, 7.74852596805e-05, 3.99438431486e-05, 2.4626031518e-05, 1.431036344e-05, 5.42378802493e-06, 1.0137227946e-06], "median": [0.00038522738032, 0.000588175724261, 0.00028098130133, 0.000276309583569, 0.000429365201853, 0.000261368957581, 0.000185700890142, 0.000103866434074, 0.000187980520423, 0.00010862002091, 9.47250591707e-05, 5.49426149519e-05, 7.12445835234e-05, 7.06114442437e-05, 0.000122766796267, 0.000103039848909, 8.43100788188e-05, 3.5842309444e-05, 1.92009720195e-05, 1.36946064231e-05, 1.39474477692e-05, 1.2227701518e-05, 7.06112587068e-06, 5.59023101232e-06, 4.12594863519e-06, 1.35072161811e-06, 9.32251325025e-08], "min": [7.30893088626e-25, 1.37146446323e-24, 1.0418249317e-24, 9.46617802085e-25, 1.02869181758e-23, 1.10564070237e-23, 6.14073546654e-24, 5.79974679038e-24, 9.99337672204e-24, 1.87431031829e-23, 1.90605045236e-23, 1.26353973225e-23, 2.43779634502e-23, 2.8022633361e-23, 5.05631946125e-23, 5.64210863681e-23, 6.19372814448e-23, 1.03290455569e-22, 1.40386077968e-22, 1.57293336164e-22, 2.36387812183e-22, 3.42434673972e-22, 3.53379898151e-22, 5.31844569693e-22, 8.17587205665e-22, 1.32118010412e-21, 2.00846238194e-21], "var": [4.85804285688e-08, 1.06540255729e-06, 4.47796855951e-06, 1.61329171533e-06, 2.02353248824e-06, 1.57312445026e-06, 4.55324106952e-06, 9.07905723579e-06, 2.31181438721e-05, 2.05474543691e-06, 6.08625214227e-06, 4.73863065054e-06, 5.20429512108e-06, 7.89649129729e-06, 4.7347139116e-06, 2.50894868259e-06, 3.32932563651e-06, 3.79865582545e-07, 4.82166569782e-07, 9.31223809175e-08, 1.09600918563e-07, 4.61947671226e-08, 2.34076580341e-08, 1.9751160707e-08, 1.21264998043e-09, 3.8022299198e-10, 1.67979699595e-10]}, "barkbands_crest": {"dmean": 2.11131477356, "dmean2": 3.34451770782, "dvar": 3.69174408913, "dvar2": 8.72910308838, "max": 24.936258316, "mean": 8.76600933075, "median": 7.84226751328, "min": 2.31907272339, "var": 14.8158082962}, "barkbands_flatness_db": {"dmean": 0.018263168633, "dmean2": 0.0263567585498, "dvar": 0.000341300998116, "dvar2": 0.000662691134494, "max": 0.43462780118, "mean": 0.131309717894, "median": 0.125968188047, "min": 0.0263215228915, "var": 0.00231408327818}, "barkbands_kurtosis": {"dmean": 2.48364567757, "dmean2": 3.70848274231, "dvar": 67.3277282715, "dvar2": 133.081939697, "max": 515.947509766, "mean": 4.22695446014, "median": 0.776208937168, "min": -1.84417402744, "var": 182.219055176}, "barkbands_skewness": {"dmean": 0.481438905001, "dmean2": 0.682384073734, "dvar": 0.30349612236, "dvar2": 0.594936430454, "max": 18.3707904816, "mean": 1.00852537155, "median": 0.807946443558, "min": -2.83208417892, "var": 2.43793559074}, "barkbands_spread": {"dmean": 4.77809810638, "dmean2": 7.21661329269, "dvar": 38.8059043884, "dvar2": 84.8543624878, "max": 127.242645264, "mean": 21.0370178223, "median": 19.8087177277, "min": 0.667674899101, "var": 145.385116577}, "dissonance": {"dmean": 0.0206857770681, "dmean2": 0.0346946232021, "dvar": 0.000465258955956, "dvar2": 0.001278802054, "max": 0.500000119209, "mean": 0.461184889078, "median": 0.468361079693, "min": 0.219838351011, "var": 0.000888346054126}, "dynamic_complexity": 4.90708827972, "erbbands": {"dmean": [0.0172448102385, 0.105347618461, 0.471563398838, 1.38832759857, 1.53362154961, 1.37360167503, 1.7529040575, 3.03448748589, 6.10568284988, 7.77808189392, 9.94753360748, 16.8192443848, 10.3910903931, 10.9896707535, 13.3516683578, 12.545800209, 18.6384162903, 23.4410839081, 22.6934909821, 20.2299766541, 18.6893901825, 17.4920139313, 9.00100898743, 6.35406732559, 4.33294153214, 3.11931061745, 2.62380504608, 2.22074985504, 1.67738747597, 1.25800812244, 0.623842895031, 0.375647097826, 0.20425902307, 0.113338209689, 0.0449536666274, 0.0149422269315, 0.00593547429889, 0.00142628827598, 0.000151106301928, 8.2908263721e-06], "dmean2": [0.0293954499066, 0.170140758157, 0.719584882259, 2.13489603996, 2.37567710876, 2.13859415054, 2.64980506897, 4.56351327896, 8.86339378357, 11.5370054245, 13.5581197739, 22.8596744537, 15.5698213577, 15.9404115677, 19.8422431946, 17.1846790314, 26.6868667603, 33.2737045288, 30.9292907715, 28.0153579712, 25.991153717, 25.1491146088, 13.1490020752, 9.28685283661, 6.18831300735, 4.48472595215, 3.75531435013, 3.11318087578, 2.43912672997, 1.80288350582, 0.845905721188, 0.497375547886, 0.290304332972, 0.161466941237, 0.0632317587733, 0.0211842488497, 0.00844343192875, 0.00210333266295, 0.000209274789086, 1.08261210698e-05], "dvar": [0.00058329931926, 0.0277443043888, 0.976302683353, 9.94381904602, 8.22981643677, 6.16673612595, 17.0061416626, 46.055480957, 320.316375732, 691.734191895, 1226.52587891, 3496.56860352, 1216.90014648, 1787.41027832, 1645.97351074, 2125.36450195, 3432.09130859, 6196.44287109, 4291.13134766, 2575.23681641, 1994.53430176, 2680.27075195, 525.215209961, 555.935668945, 187.754013062, 83.6993865967, 48.6793251038, 42.8030548096, 22.3312168121, 19.8669719696, 9.34349060059, 10.1141633987, 1.28489053249, 0.156479984522, 0.0191730000079, 0.00231145136058, 0.000653882161714, 0.000146384889376, 3.68738892575e-06, 2.75940914563e-09], "dvar2": [0.00157900631893, 0.0672504156828, 1.9056905508, 21.5165252686, 19.9347610474, 14.5766067505, 34.5922775269, 97.2089385986, 599.363952637, 1537.31616211, 2060.46948242, 5774.59521484, 2527.640625, 3045.29907227, 3207.43774414, 2796.71459961, 6352.40332031, 11791.7509766, 6908.31591797, 4213.99267578, 3584.73144531, 5371.69287109, 1044.21875, 1045.38305664, 354.536071777, 163.596282959, 95.0157699585, 75.7832870483, 48.87840271, 40.6410865784, 15.6737565994, 18.3668861389, 2.81115531921, 0.326824337244, 0.038890298456, 0.00424005230889, 0.00117920502089, 0.000261220266111, 7.37622394809e-06, 5.33183053264e-09], "max": [0.768020093441, 4.52926921844, 18.8878154755, 59.7904129028, 72.7622070313, 67.9930877686, 133.429382324, 194.322250366, 687.556518555, 975.950744629, 1360.12609863, 2222.96044922, 1349.75646973, 1835.28833008, 1224.61865234, 3273.73828125, 1839.35217285, 1645.45202637, 2080.91992188, 2000.36401367, 936.637023926, 1368.30297852, 574.920776367, 775.913146973, 616.036560059, 284.079315186, 263.465209961, 241.03994751, 111.20426178, 151.091552734, 161.08404541, 206.421524048, 66.7614593506, 18.8295097351, 4.61191892624, 1.61467695236, 1.11787652969, 0.629789233208, 0.085607253015, 0.00258182920516], "mean": [0.0332162603736, 0.203177168965, 0.850417077541, 2.19059729576, 2.99183988571, 2.63575839996, 3.37946391106, 5.39622354507, 10.0603971481, 12.9111356735, 18.9606781006, 33.6903114319, 18.9713420868, 20.38422966, 24.8132858276, 22.8368339539, 34.6850624084, 43.4284591675, 45.1939239502, 40.2058944702, 36.9635162354, 31.2151603699, 16.2296390533, 11.1521034241, 7.82895803452, 5.56765222549, 4.40948486328, 3.77415418625, 2.83045840263, 2.00514030457, 1.0791926384, 0.605733633041, 0.358669728041, 0.205987602472, 0.0780299976468, 0.0272213090211, 0.00955839175731, 0.00201418995857, 0.000187107623788, 2.17419365072e-05], "median": [0.0263071618974, 0.106567323208, 0.388405948877, 0.744539618492, 1.18943107128, 1.31648802757, 1.59357213974, 2.28991746902, 2.76806163788, 3.20447850227, 3.32569670677, 5.11626958847, 4.73319149017, 4.13636779785, 4.71344327927, 3.39510416985, 4.16376638412, 4.33965730667, 5.99065542221, 7.34111309052, 6.17341756821, 4.70795965195, 2.75763320923, 1.42989468575, 0.849494934082, 0.670407950878, 0.699307084084, 0.416616976261, 0.460293322802, 0.302284359932, 0.205944389105, 0.107066512108, 0.10169852525, 0.0615928992629, 0.0192500445992, 0.00703349383548, 0.00233990466222, 0.000358454795787, 1.85548833542e-05, 1.04386399471e-05], "min": [2.85518990749e-23, 3.87252600923e-22, 1.49248464495e-21, 4.80522586816e-21, 1.01710523938e-20, 2.41109302977e-20, 4.48433964799e-20, 8.96686531474e-20, 9.69049131566e-20, 1.58290587413e-19, 1.91994656007e-19, 3.30377487617e-19, 5.28092058786e-19, 5.71918982771e-19, 1.01645060025e-18, 8.44026817812e-19, 1.37730586773e-18, 2.22368193018e-18, 2.09305853093e-18, 2.96513044212e-18, 3.47060045532e-18, 4.08003859292e-18, 5.17945385764e-18, 6.30277877796e-18, 6.95112707799e-18, 7.2506103003e-18, 8.07875375109e-18, 9.05013262393e-18, 9.91780372746e-18, 1.0338814671e-17, 1.02863739017e-17, 1.06895566215e-17, 8.32016393132e-18, 7.21219934138e-18, 6.11438922064e-18, 3.7985688828e-18, 2.30256332095e-18, 9.69363137081e-19, 2.45270683849e-19, 2.69882360532e-20], "var": [0.000773383537307, 0.0650290325284, 2.3144724369, 18.4506931305, 26.8385677338, 17.2627029419, 56.7724380493, 98.3421630859, 852.80871582, 1935.45629883, 4298.81347656, 15594.9101563, 2455.10107422, 4996.29980469, 5179.93847656, 10092.7451172, 11194.6005859, 17384.3398438, 14802.1484375, 8769.33984375, 6593.86767578, 6901.76074219, 1562.47033691, 1474.67236328, 524.968688965, 267.643035889, 135.139053345, 116.98336792, 53.8033561707, 43.6141242981, 21.8094787598, 18.1545696259, 2.01907515526, 0.281044214964, 0.0385964363813, 0.0056302761659, 0.00138531951234, 0.000263546302449, 5.66341714148e-06, 4.58259208358e-09]}, "erbbands_crest": {"dmean": 2.56652402878, "dmean2": 3.99510526657, "dvar": 6.01813077927, "dvar2": 13.5162038803, "max": 31.6903476715, "mean": 9.67231941223, "median": 8.65574932098, "min": 2.17579078674, "var": 20.9189243317}, "erbbands_flatness_db": {"dmean": 0.0171282645315, "dmean2": 0.0234982240945, "dvar": 0.000306653906591, "dvar2": 0.000482515781187, "max": 0.350833624601, "mean": 0.168666049838, "median": 0.161153152585, "min": 0.0250004529953, "var": 0.00263456138782}, "erbbands_kurtosis": {"dmean": 0.957918465137, "dmean2": 1.44100058079, "dvar": 1.77558755875, "dvar2": 3.50424814224, "max": 28.034072876, "mean": 0.794899106026, "median": 0.199058413506, "min": -1.7750402689, "var": 5.48989105225}, "erbbands_skewness": {"dmean": 0.363272309303, "dmean2": 0.525846779346, "dvar": 0.118290655315, "dvar2": 0.232038334012, "max": 4.42775011063, "mean": 0.0787762254477, "median": 0.082042247057, "min": -3.75817775726, "var": 0.722026526928}, "erbbands_spread": {"dmean": 6.29711818695, "dmean2": 9.19917964935, "dvar": 52.5700950623, "dvar2": 102.708534241, "max": 166.199981689, "mean": 30.970823288, "median": 27.9497146606, "min": 1.6565977335, "var": 308.588195801}, "gfcc": {"cov": [[34654.3125, 2413.35229492, -5037.19140625, 493.265869141, -1431.95007324, 343.22644043, -1195.45166016, 255.229827881, -440.154663086, 100.007324219, -567.714904785, -102.953659058, -220.273300171], [2413.35229492, 1096.44372559, -150.139877319, -239.892822266, -0.279657632113, 52.5795516968, -167.819763184, -9.65339756012, 26.6389503479, -49.1178665161, -49.2322387695, -36.9228630066, -1.20959985256], [-5037.19140625, -150.139877319, 1494.06481934, 135.341918945, 47.2839546204, 7.31198692322, 176.448104858, -79.5350799561, 8.39670848846, -52.2615852356, 26.4190826416, 29.8278579712, -10.4785461426], [493.265869141, -239.892822266, 135.341918945, 446.07598877, -90.5418014526, -43.1466140747, 22.510515213, 1.48781526089, -63.3926925659, 5.25166606903, -45.0336494446, 14.2917327881, -22.1931190491], [-1431.95007324, -0.279657632113, 47.2839546204, -90.5418014526, 291.162811279, 2.7714381218, -6.47872495651, -17.9397525787, 49.3847007751, -21.1775283813, 4.42206811905, -41.8985137939, 11.2677907944], [343.22644043, 52.5795516968, 7.31198692322, -43.1466140747, 2.7714381218, 163.727935791, 13.4304485321, -14.7648944855, -22.3540763855, -13.7296981812, -4.55588912964, -21.6345691681, -6.14679956436], [-1195.45166016, -167.819763184, 176.448104858, 22.510515213, -6.47872495651, 13.4304485321, 220.07220459, 28.0958576202, -27.5671062469, -11.2476730347, 18.5861625671, 13.4080505371, -8.11058044434], [255.229827881, -9.65339756012, -79.5350799561, 1.48781526089, -17.9397525787, -14.7648944855, 28.0958576202, 91.0048141479, 14.3737564087, 0.215389147401, -3.35169696808, -2.38355469704, -1.83075714111], [-440.154663086, 26.6389503479, 8.39670848846, -63.3926925659, 49.3847007751, -22.3540763855, -27.5671062469, 14.3737564087, 115.604522705, 42.8897132874, 7.6396317482, -13.2385635376, 3.10619592667], [100.007324219, -49.1178665161, -52.2615852356, 5.25166606903, -21.1775283813, -13.7296981812, -11.2476730347, 0.215389147401, 42.8897132874, 94.3861160278, 31.0535869598, 7.73939943314, -8.39430427551], [-567.714904785, -49.2322387695, 26.4190826416, -45.0336494446, 4.42206811905, -4.55588912964, 18.5861625671, -3.35169696808, 7.6396317482, 31.0535869598, 91.0290374756, 36.3504104614, 5.04659128189], [-102.953659058, -36.9228630066, 29.8278579712, 14.2917327881, -41.8985137939, -21.6345691681, 13.4080505371, -2.38355469704, -13.2385635376, 7.73939943314, 36.3504104614, 94.1577224731, 34.2543640137], [-220.273300171, -1.20959985256, -10.4785461426, -22.1931190491, 11.2677907944, -6.14679956436, -8.11058044434, -1.83075714111, 3.10619592667, -8.39430427551, 5.04659128189, 34.2543640137, 76.6197814941]], "icov": [[0.000298907252727, -0.000512794882525, 0.000851117656566, -0.000528515025508, 0.000915527169127, -0.000709780899342, 0.00074269680772, -0.000355114694685, 0.000595643767156, -0.0004071223957, 0.0010877577588, -0.000522951944731, 0.000786494463682], [-0.000512794882525, 0.00216767727397, -0.00152016850188, 0.00167617516126, -0.00129732664209, 0.000963318394497, -0.000293187855277, 0.000428930885391, -0.00108619057573, 0.00127405999228, -0.00116320874076, 0.000767907942645, -0.000998190254904], [0.000851117656566, -0.00152016850188, 0.00336896302179, -0.00199613603763, 0.00259485212155, -0.00208003376611, 0.00118724105414, 0.000244403461693, 0.000577349564992, -4.55255794805e-05, 0.00257448526099, -0.00171954673715, 0.00245926040225], [-0.000528515025508, 0.00167617516126, -0.00199613603763, 0.00459529366344, -0.00114944519009, 0.00206446670927, -0.000598249374889, -4.49751023552e-05, 0.00132221286185, -0.000908448651899, 0.000915260054171, 0.000126527171233, -0.000434636633145], [0.000915527169127, -0.00129732664209, 0.00259485212155, -0.00114944519009, 0.0075155692175, -0.00193836772814, 0.00211130059324, 0.000315383134875, -0.000618926540483, 0.00115801696666, 0.00195985124446, 0.00109921768308, 0.00113521306776], [-0.000709780899342, 0.000963318394497, -0.00208003376611, 0.00206446670927, -0.00193836772814, 0.00872739125043, -0.00246935547329, 0.00192091625649, 0.000375111179892, 0.00076503289165, -0.00266420305707, 0.00329917040654, -0.00217297603376], [0.00074269680772, -0.000293187855277, 0.00118724105414, -0.000598249374889, 0.00211130059324, -0.00246935547329, 0.00863262452185, -0.00419521797448, 0.00364920776337, -0.0011242487235, 0.00236556353047, -0.00189414352644, 0.0028444903437], [-0.000355114694685, 0.000428930885391, 0.000244403461693, -4.49751023552e-05, 0.000315383134875, 0.00192091625649, -0.00419521797448, 0.0146439922974, -0.00497992755845, 0.00320483976975, -0.00174105050974, 0.00129140436184, -0.000889870338142], [0.000595643767156, -0.00108619057573, 0.000577349564992, 0.00132221286185, -0.000618926540483, 0.000375111179892, 0.00364920776337, -0.00497992755845, 0.0170559436083, -0.0098168477416, 0.00448954664171, 0.000361707439879, 0.000321229366818], [-0.0004071223957, 0.00127405999228, -4.55255794805e-05, -0.000908448651899, 0.00115801696666, 0.00076503289165, -0.0011242487235, 0.00320483976975, -0.0098168477416, 0.019075397402, -0.00806889496744, 0.000930408015847, 0.00103231007233], [0.0010877577588, -0.00116320874076, 0.00257448526099, 0.000915260054171, 0.00195985124446, -0.00266420305707, 0.00236556353047, -0.00174105050974, 0.00448954664171, -0.00806889496744, 0.0219013057649, -0.00936186406761, 0.00510971201584], [-0.000522951944731, 0.000767907942645, -0.00171954673715, 0.000126527171233, 0.00109921768308, 0.00329917040654, -0.00189414352644, 0.00129140436184, 0.000361707439879, 0.000930408015847, -0.00936186406761, 0.0195811875165, -0.00980670470744], [0.000786494463682, -0.000998190254904, 0.00245926040225, -0.000434636633145, 0.00113521306776, -0.00217297603376, 0.0028444903437, -0.000889870338142, 0.000321229366818, 0.00103231007233, 0.00510971201584, -0.00980670470744, 0.0195935890079]], "mean": [-80.1720123291, 97.2110214233, -117.632598877, 25.449256897, -47.6082992554, 17.5747509003, -37.0662651062, 9.98471164703, -15.2115364075, 3.57535767555, -19.5917682648, 2.68488049507, -8.09537506104]}, "hfc": {"dmean": 4.7664937973, "dmean2": 5.83843946457, "dvar": 68.4136352539, "dvar2": 92.6909942627, "max": 168.247039795, "mean": 14.3953180313, "median": 5.01161003113, "min": 1.08130677564e-16, "var": 424.334655762}, "melbands": {"dmean": [0.000140556541737, 0.000207809192943, 0.000229980782024, 0.000104241793451, 5.92238684476e-05, 6.77459247527e-05, 9.58613381954e-05, 8.55527687236e-05, 9.55223877099e-05, 9.83847785392e-05, 5.05724892719e-05, 4.32508350059e-05, 5.10761383339e-05, 3.06131114485e-05, 4.49549370387e-05, 3.65418964066e-05, 4.9627309636e-05, 3.98406264139e-05, 3.05386711261e-05, 2.78201896435e-05, 2.33104747167e-05, 2.03066028917e-05, 1.40061492857e-05, 6.66562027618e-06, 5.4066345001e-06, 3.7054569475e-06, 2.67377367891e-06, 2.03694389711e-06, 1.46973786741e-06, 2.04209595722e-06, 1.24154314562e-06, 1.01736657143e-06, 9.115242392e-07, 6.39687300463e-07, 3.91609205508e-07, 2.93747604019e-07, 2.08737446883e-07, 1.55709685146e-07, 1.1598774563e-07, 9.97794344926e-08], "dmean2": [0.000234160848777, 0.000317529396852, 0.000350964168319, 0.000162618554896, 8.91416639206e-05, 0.000101231744338, 0.000140464122524, 0.00012610264821, 0.000130715590785, 0.000135132024297, 7.65463191783e-05, 6.29190617474e-05, 7.59537215345e-05, 4.34302710346e-05, 6.37029879726e-05, 5.26977382833e-05, 7.09513769834e-05, 5.60201660846e-05, 4.28339481005e-05, 3.88422267861e-05, 3.31631890731e-05, 2.91036903945e-05, 2.08185665542e-05, 9.93414505501e-06, 7.98837572802e-06, 5.36319521416e-06, 3.94475137e-06, 2.98824033962e-06, 2.17168758354e-06, 2.99550947602e-06, 1.79058224603e-06, 1.50916571329e-06, 1.37099846143e-06, 9.25464917145e-07, 5.56715974653e-07, 4.18779080746e-07, 2.81536756574e-07, 2.29404307106e-07, 1.73170363382e-07, 1.45994206946e-07], "dvar": [3.93898140771e-08, 1.50854901904e-07, 2.20563578068e-07, 3.5462775827e-08, 1.52360648542e-08, 2.44463347343e-08, 7.67285754932e-08, 8.88669617893e-08, 1.02604701624e-07, 1.11351027954e-07, 2.98388762587e-08, 2.68524349423e-08, 3.10880530208e-08, 1.24720145322e-08, 2.33109958003e-08, 1.34951907427e-08, 2.9285544656e-08, 1.45622109926e-08, 8.24581913861e-09, 4.84314943705e-09, 3.77136011309e-09, 4.27670432401e-09, 1.59981594638e-09, 5.48577405723e-10, 4.87180351616e-10, 2.07946548869e-10, 5.83002812693e-11, 3.96298133198e-11, 1.29166477861e-11, 7.47764627995e-11, 1.64098543781e-11, 9.87434613242e-12, 9.03824758092e-12, 5.20673218082e-12, 3.0953267293e-12, 5.43987641391e-12, 3.35400760984e-12, 8.4033816147e-13, 2.06611895019e-13, 1.20166314507e-13], "dvar2": [1.0269632611e-07, 2.97468631061e-07, 4.88521607167e-07, 8.79899317852e-08, 3.11411980647e-08, 5.05356823055e-08, 1.49948974126e-07, 1.88307339499e-07, 1.71125037696e-07, 1.87932485574e-07, 6.21836022674e-08, 4.6096751305e-08, 5.90129651812e-08, 1.74159087152e-08, 4.03567987917e-08, 2.74998157579e-08, 5.57217774144e-08, 2.5143949145e-08, 1.40452609543e-08, 8.87850060138e-09, 6.93762780557e-09, 8.46039416302e-09, 3.02033176247e-09, 1.10592957014e-09, 9.29206489531e-10, 3.63817309612e-10, 1.19515064512e-10, 7.73035732649e-11, 2.74619927493e-11, 1.29639077251e-10, 3.10053718811e-11, 2.22044171244e-11, 1.98443102228e-11, 1.08110777275e-11, 5.1817673416e-12, 9.35756160059e-12, 6.39043548981e-12, 1.94699031203e-12, 4.40991888189e-13, 2.64846602765e-13], "max": [0.00522274011746, 0.00863375235349, 0.00996331032366, 0.00396619690582, 0.00408186856657, 0.00491517968476, 0.00994234252721, 0.0115933110937, 0.0105137145147, 0.0129122380167, 0.00663590338081, 0.00673717493191, 0.0051231617108, 0.00560845574364, 0.00549443438649, 0.00260625523515, 0.00400669313967, 0.00347902695648, 0.00368833821267, 0.00178447924554, 0.00165732239839, 0.0020213550888, 0.00182390701957, 0.000701310113072, 0.000743123877328, 0.00062176497886, 0.000145967205754, 0.000216811997234, 0.000115866278065, 0.000504003779497, 0.000149875297211, 9.54754505074e-05, 9.13705080166e-05, 7.06597857061e-05, 8.64282410475e-05, 0.0001119045628, 0.000119148484373, 5.4979329434e-05, 2.19604207814e-05, 1.60608360602e-05], "mean": [0.000313429016387, 0.000402082980145, 0.00039735759492, 0.000209329009522, 0.000118106516311, 0.000121571603813, 0.000155190253281, 0.000143121200381, 0.000185224271263, 0.000192290986888, 8.73697354109e-05, 7.72051062086e-05, 9.01817256818e-05, 5.43118512724e-05, 7.51997649786e-05, 6.34184179944e-05, 8.5583429609e-05, 7.39597526263e-05, 5.51573102712e-05, 5.22241571161e-05, 4.25597936555e-05, 3.38338686561e-05, 2.38114662352e-05, 1.04612872747e-05, 8.83359552972e-06, 6.26647943136e-06, 4.52007816421e-06, 3.41733948517e-06, 2.3655888981e-06, 3.13318150802e-06, 1.96353289539e-06, 1.63753441029e-06, 1.39624478379e-06, 9.67407572716e-07, 6.51649031624e-07, 4.54391482663e-07, 3.26907382941e-07, 2.61126132273e-07, 2.01314961146e-07, 1.67783170468e-07], "median": [0.000231334866839, 0.000219740060857, 0.000176266345079, 9.52783448156e-05, 5.81272142881e-05, 5.06255455548e-05, 4.08012456319e-05, 3.09279748762e-05, 2.71810895356e-05, 2.94917808787e-05, 1.74671531568e-05, 1.35152095027e-05, 1.40111851579e-05, 7.78238518251e-06, 7.89216210251e-06, 6.85503300701e-06, 6.08603659202e-06, 7.72410658101e-06, 9.05410161067e-06, 8.10099299997e-06, 5.90298895986e-06, 4.29796682511e-06, 3.3302162592e-06, 1.48677713696e-06, 9.94845322566e-07, 5.82790903536e-07, 5.23077972048e-07, 3.85933731195e-07, 4.282723296e-07, 3.222958469e-07, 1.89339374401e-07, 2.435338331e-07, 2.51493247561e-07, 1.30406860421e-07, 1.25573833998e-07, 7.41176435781e-08, 6.04179746233e-08, 7.25691933212e-08, 6.15191453335e-08, 4.89273510595e-08], "min": [8.06089380872e-25, 6.88743067169e-25, 8.16116542534e-25, 9.96292373287e-25, 1.86613192119e-24, 1.95271749136e-24, 1.40959267457e-24, 1.38811100605e-24, 2.17965719379e-24, 1.78069927123e-24, 2.43781133338e-24, 1.93164879152e-24, 2.76308649195e-24, 2.48826036877e-24, 2.36801410378e-24, 2.06193311432e-24, 3.14707893428e-24, 3.02673721711e-24, 4.02564160746e-24, 3.74914428246e-24, 3.10838116535e-24, 3.02760969727e-24, 3.7450855931e-24, 4.75731759123e-24, 4.64138422602e-24, 3.32241431451e-24, 4.79100944606e-24, 3.94520224982e-24, 4.40641766666e-24, 4.57024356629e-24, 5.13445739609e-24, 4.52427033046e-24, 5.83296335652e-24, 5.6968166139e-24, 4.59274345703e-24, 5.64105124765e-24, 5.24912345626e-24, 5.53223222451e-24, 5.01138326196e-24, 5.35480084085e-24], "var": [7.18846848713e-08, 3.69586274473e-07, 4.29629295695e-07, 1.09381993241e-07, 5.35408126723e-08, 5.41803650833e-08, 1.93136472149e-07, 2.8407703212e-07, 3.86547014841e-07, 4.79540460674e-07, 5.93572231367e-08, 7.36954248737e-08, 8.88255655696e-08, 5.36194804113e-08, 6.92729642537e-08, 3.69172248327e-08, 7.82251561304e-08, 4.46621761796e-08, 2.32521166765e-08, 1.54037014255e-08, 1.13233609156e-08, 1.04367803289e-08, 5.33404076464e-09, 1.31607458265e-09, 1.24507593124e-09, 5.50976486657e-10, 1.53139917414e-10, 1.25843127585e-10, 3.12075365549e-11, 2.04977201879e-10, 3.65662500279e-11, 2.21254681243e-11, 1.76161463888e-11, 1.09903336432e-11, 6.89475473242e-12, 1.10338951517e-11, 5.33372868441e-12, 1.23190195024e-12, 3.46241291931e-13, 1.85970569456e-13]}, "melbands_crest": {"dmean": 2.79369711876, "dmean2": 4.49648427963, "dvar": 7.00884723663, "dvar2": 17.3517837524, "max": 39.5747795105, "mean": 12.1938409805, "median": 11.3041143417, "min": 1.59069681168, "var": 28.0210170746}, "melbands_flatness_db": {"dmean": 0.0225153937936, "dmean2": 0.0318297035992, "dvar": 0.000561131280847, "dvar2": 0.00101642438676, "max": 0.535212159157, "mean": 0.198995232582, "median": 0.197472885251, "min": 0.00269751320593, "var": 0.00539874937385}, "melbands_kurtosis": {"dmean": 6.80052185059, "dmean2": 9.96880149841, "dvar": 3623.91601563, "dvar2": 6371.28613281, "max": 4622.9921875, "mean": 12.8349199295, "median": 2.99801540375, "min": -1.85652637482, "var": 5859.93505859}, "melbands_skewness": {"dmean": 0.615750670433, "dmean2": 0.881236553192, "dvar": 0.917304992676, "dvar2": 1.60305333138, "max": 58.4923973083, "mean": 1.9984498024, "median": 1.59097158909, "min": -2.60702037811, "var": 5.07343912125}, "melbands_spread": {"dmean": 6.92623472214, "dmean2": 10.1193304062, "dvar": 76.7907867432, "dvar2": 143.272796631, "max": 237.878936768, "mean": 29.3174209595, "median": 23.5590591431, "min": 0.138995736837, "var": 609.656677246}, "mfcc": {"cov": [[11556.7666016, 765.219421387, -1690.02404785, -5.32699108124, -98.7422714233, -117.651657104, -217.946151733, -111.042953491, 64.5119400024, -1.97677445412, 54.2234916687, -51.8757247925, -77.3369064331], [765.219421387, 1514.32849121, -4.06370401382, -239.496963501, 217.066055298, 19.5685691833, -78.1742782593, 9.00376605988, 44.0072898865, 0.322717547417, -10.8234138489, -0.9517608881, 13.8560409546], [-1690.02404785, -4.06370401382, 1002.00811768, 194.399658203, -48.5640907288, 93.5523376465, 65.7117233276, 60.5260505676, -19.8201656342, -33.153755188, -48.6973190308, 0.00181396945845, 25.2866668701], [-5.32699108124, -239.496963501, 194.399658203, 402.081359863, -41.0889396667, -4.25689983368, 8.40128707886, 16.1254425049, 17.5094604492, -26.1750011444, -11.2399482727, -3.51897859573, 3.04786229134], [-98.7422714233, 217.066055298, -48.5640907288, -41.0889396667, 256.495025635, 33.5718612671, -60.4223556519, -33.0497970581, 11.7451839447, 17.8065071106, -18.5979213715, -18.1049785614, -15.6414651871], [-117.651657104, 19.5685691833, 93.5523376465, -4.25689983368, 33.5718612671, 132.047210693, 32.7353439331, -1.58725059032, -1.87870001793, 12.7058172226, -9.0941400528, -14.1192445755, -9.40846061707], [-217.946151733, -78.1742782593, 65.7117233276, 8.40128707886, -60.4223556519, 32.7353439331, 153.418273926, 57.1373214722, -12.4152746201, -10.4083080292, -2.75585651398, -12.1809625626, -8.02683639526], [-111.042953491, 9.00376605988, 60.5260505676, 16.1254425049, -33.0497970581, -1.58725059032, 57.1373214722, 96.8519058228, 19.136182785, -13.7818927765, -11.8737239838, -9.63745307922, -5.72830867767], [64.5119400024, 44.0072898865, -19.8201656342, 17.5094604492, 11.7451839447, -1.87870001793, -12.4152746201, 19.136182785, 80.7742462158, 26.5231666565, -7.59579706192, -12.7573766708, -7.49720621109], [-1.97677445412, 0.322717547417, -33.153755188, -26.1750011444, 17.8065071106, 12.7058172226, -10.4083080292, -13.7818927765, 26.5231666565, 89.1200942993, 31.4738063812, -9.03972148895, -15.2970132828], [54.2234916687, -10.8234138489, -48.6973190308, -11.2399482727, -18.5979213715, -9.0941400528, -2.75585651398, -11.8737239838, -7.59579706192, 31.4738063812, 96.5823135376, 33.9235267639, -9.27292537689], [-51.8757247925, -0.9517608881, 0.00181396945845, -3.51897859573, -18.1049785614, -14.1192445755, -12.1809625626, -9.63745307922, -12.7573766708, -9.03972148895, 33.9235267639, 74.251914978, 29.46717453], [-77.3369064331, 13.8560409546, 25.2866668701, 3.04786229134, -15.6414651871, -9.40846061707, -8.02683639526, -5.72830867767, -7.49720621109, -15.2970132828, -9.27292537689, 29.46717453, 75.0815353394]], "icov": [[0.00014372188889, -0.000133790890686, 0.000297512800898, -0.000199248708668, 0.000269939278951, -0.000161738324095, 0.000174567641807, 2.65796388703e-05, 6.83316902723e-05, 4.64308068331e-05, 3.85872735933e-05, 0.000110546789074, 0.000114940085041], [-0.000133790890686, 0.00101670529693, -0.000425376027124, 0.000778408488259, -0.000957087904681, 0.000144950899994, 0.000155907255248, -0.000399439479224, -0.00068739958806, 0.000465592718683, -0.000407029845519, 2.45276132773e-05, -0.000442482996732], [0.000297512800898, -0.000425376027124, 0.00195437809452, -0.00113300071098, 0.000853364937939, -0.00134599383455, 0.000393194000935, -0.000747940910514, 0.000921350554563, -0.000218947025132, 0.000788830278907, -0.000148609629832, -3.00436604448e-05], [-0.000199248708668, 0.000778408488259, -0.00113300071098, 0.00360290147364, -0.000492797407787, 0.00055877736304, -1.02446902019e-05, 0.000145125901327, -0.00179086893331, 0.00145704927854, -0.000740237534046, 0.000350832968252, -0.000247307878453], [0.000269939278951, -0.000957087904681, 0.000853364937939, -0.000492797407787, 0.00602557044476, -0.00197050208226, 0.00216726679355, 0.000816390325781, 0.000421150092734, -0.000729596882593, 0.00149369612336, 0.000459597882582, 0.00138712953776], [-0.000161738324095, 0.000144950899994, -0.00134599383455, 0.00055877736304, -0.00197050208226, 0.0099721327424, -0.00329183810391, 0.00195025163703, -0.000209376230487, -0.00147253228351, 0.000575144134928, 0.000377670308808, 0.000475145032397], [0.000174567641807, 0.000155907255248, 0.000393194000935, -1.02446902019e-05, 0.00216726679355, -0.00329183810391, 0.0109434546903, -0.00627352902666, 0.00286563835107, 6.3713916461e-05, -0.000572665769141, 0.00163539662026, 0.000335898075718], [2.65796388703e-05, -0.000399439479224, -0.000747940910514, 0.000145125901327, 0.000816390325781, 0.00195025163703, -0.00627352902666, 0.0165721103549, -0.00575864315033, 0.0030242705252, 0.000301528343698, 0.000455006374978, 0.00125503155869], [6.83316902723e-05, -0.00068739958806, 0.000921350554563, -0.00179086893331, 0.000421150092734, -0.000209376230487, 0.00286563835107, -0.00575864315033, 0.017783543095, -0.0071221627295, 0.00326670426875, 0.000226096308324, 0.000527565425728], [4.64308068331e-05, 0.000465592718683, -0.000218947025132, 0.00145704927854, -0.000729596882593, -0.00147253228351, 6.3713916461e-05, 0.0030242705252, -0.0071221627295, 0.0177101809531, -0.00772325508296, 0.00449032103643, 5.84240224271e-05], [3.85872735933e-05, -0.000407029845519, 0.000788830278907, -0.000740237534046, 0.00149369612336, 0.000575144134928, -0.000572665769141, 0.000301528343698, 0.00326670426875, -0.00772325508296, 0.017795080319, -0.0101508609951, 0.00515861483291], [0.000110546789074, 2.45276132773e-05, -0.000148609629832, 0.000350832968252, 0.000459597882582, 0.000377670308808, 0.00163539662026, 0.000455006374978, 0.000226096308324, 0.00449032103643, -0.0101508609951, 0.0227707922459, -0.00875530671328], [0.000114940085041, -0.000442482996732, -3.00436604448e-05, -0.000247307878453, 0.00138712953776, 0.000475145032397, 0.000335898075718, 0.00125503155869, 0.000527565425728, 5.84240224271e-05, 0.00515861483291, -0.00875530671328, 0.0181571245193]], "mean": [-707.101928711, 128.051101685, -6.72125673294, 15.8100471497, 10.3233947754, 8.88253116608, -5.75628042221, 4.9381275177, 8.20910167694, 0.89063835144, 0.655909776688, 0.0930626168847, 1.71886515617]}, "pitch_salience": {"dmean": 0.0635387450457, "dmean2": 0.100514084101, "dvar": 0.00321475649253, "dvar2": 0.00754795130342, "max": 0.973377287388, "mean": 0.583962917328, "median": 0.590818047523, "min": 0.0272225476801, "var": 0.0126155503094}, "silence_rate_20dB": {"dmean": 0, "dmean2": 0, "dvar": 0, "dvar2": 0, "max": 1, "mean": 1, "median": 1, "min": 1, "var": 0}, "silence_rate_30dB": {"dmean": 0, "dmean2": 0, "dvar": 0, "dvar2": 0, "max": 1, "mean": 1, "median": 1, "min": 1, "var": 0}, "silence_rate_60dB": {"dmean": 0.0669180005789, "dmean2": 0.133857026696, "dvar": 0.0624407529831, "dvar2": 0.136059612036, "max": 1, "mean": 0.172765821218, "median": 0, "min": 0, "var": 0.142917305231}, "spectral_centroid": {"dmean": 233.971466064, "dmean2": 334.962768555, "dvar": 86680.75, "dvar2": 159824.875, "max": 11862.1191406, "mean": 1513.27197266, "median": 1215.18811035, "min": 181.075820923, "var": 2427053.25}, "spectral_complexity": {"dmean": 2.91925859451, "dmean2": 4.138256073, "dvar": 10.20246315, "dvar2": 18.4578437805, "max": 44, "mean": 12.9209985733, "median": 12, "min": 0, "var": 69.2623901367}, "spectral_contrast_coeffs": {"dmean": [0.0447444692254, 0.045058298856, 0.0389237552881, 0.0330101698637, 0.0255080852658, 0.017376229167], "dmean2": [0.0727077424526, 0.0715354010463, 0.0606266185641, 0.050833363086, 0.037566550076, 0.0249552298337], "dvar": [0.00137976731639, 0.00136616080999, 0.0011144404998, 0.000907649693545, 0.000580562220421, 0.000275880767731], "dvar2": [0.00361625850201, 0.00332687422633, 0.00251834932715, 0.00187232543249, 0.00109579833224, 0.000491161888931], "max": [-0.427347719669, -0.400346577168, -0.483923077583, -0.506147265434, -0.530014514923, -0.586225450039], "mean": [-0.686216056347, -0.743571519852, -0.753549337387, -0.763193845749, -0.780685424805, -0.780686497688], "median": [-0.684683203697, -0.749817848206, -0.758448719978, -0.774521887302, -0.791359007359, -0.78797185421], "min": [-0.984036922455, -0.977354586124, -0.973707973957, -0.970209717751, -0.970731019974, -0.965309500694], "var": [0.00675651524216, 0.00697169965133, 0.00671062804759, 0.0062041413039, 0.00471207778901, 0.00294790160842]}, "spectral_contrast_valleys": {"dmean": [0.349993377924, 0.366419017315, 0.355488926172, 0.324764400721, 0.290077567101, 0.247259050608], "dmean2": [0.572521805763, 0.576069176197, 0.542166888714, 0.46679019928, 0.385566443205, 0.323623538017], "dvar": [0.0921911075711, 0.112109810114, 0.113806933165, 0.107539974153, 0.107595823705, 0.0951792225242], "dvar2": [0.209170177579, 0.226832479239, 0.214983791113, 0.182745024562, 0.174370884895, 0.149952188134], "max": [-5.94859409332, -5.3205165863, -5.09522104263, -5.26463699341, -6.21236515045, -7.74641799927], "mean": [-8.14517211914, -7.69698238373, -8.28792858124, -8.53005409241, -8.77733898163, -11.1683731079], "median": [-7.67642593384, -7.20699739456, -7.81074666977, -8.04503631592, -8.33252334595, -10.8265380859], "min": [-28.2663631439, -27.8746967316, -27.9352893829, -27.7111377716, -27.5548267365, -27.3920211792], "var": [8.78367805481, 9.47246170044, 9.02930927277, 9.10053634644, 8.61369800568, 6.49649047852]}, "spectral_decrease": {"dmean": 9.0810536868e-10, "dmean2": 1.15589593452e-09, "dvar": 1.56127548885e-18, "dvar2": 2.20585598118e-18, "max": 3.997768101e-20, "mean": -3.25982174587e-09, "median": -2.00416105933e-09, "min": -2.44252138515e-08, "var": 1.15370387279e-17}, "spectral_energy": {"dmean": 0.00380352558568, "dmean2": 0.00479900557548, "dvar": 2.78507486655e-05, "dvar2": 3.82266152883e-05, "max": 0.10397066921, "mean": 0.0136090004817, "median": 0.0080889519304, "min": 9.96790523645e-21, "var": 0.00020846525149}, "spectral_energyband_high": {"dmean": 0.000157780435984, "dmean2": 0.000206748765777, "dvar": 1.75762892241e-07, "dvar2": 2.80496720961e-07, "max": 0.0124246925116, "mean": 0.000319550890708, "median": 5.64392139495e-05, "min": 7.03660817452e-21, "var": 6.46985995445e-07}, "spectral_energyband_low": {"dmean": 0.00115601974539, "dmean2": 0.00176342960913, "dvar": 4.16709917772e-06, "dvar2": 8.34623733681e-06, "max": 0.0487451218069, "mean": 0.00267757778056, "median": 0.00166962307412, "min": 8.8776300015e-24, "var": 1.02640942714e-05}, "spectral_energyband_middle_high": {"dmean": 0.00206150161102, "dmean2": 0.00263778143562, "dvar": 1.53612145368e-05, "dvar2": 2.06862077903e-05, "max": 0.0809007808566, "mean": 0.00580877577886, "median": 0.00154816813301, "min": 1.1786235227e-21, "var": 9.29950765567e-05}, "spectral_energyband_middle_low": {"dmean": 0.00195617554709, "dmean2": 0.00270395749249, "dvar": 1.05799026642e-05, "dvar2": 1.98783218366e-05, "max": 0.0755330994725, "mean": 0.00529978843406, "median": 0.00314733898267, "min": 1.54132275853e-22, "var": 5.06261421833e-05}, "spectral_entropy": {"dmean": 0.164494901896, "dmean2": 0.225906834006, "dvar": 0.0265172868967, "dvar2": 0.0460255034268, "max": 9.82848739624, "mean": 7.44913768768, "median": 7.42222929001, "min": 5.56462192535, "var": 0.287456154823}, "spectral_flux": {"dmean": 0.0166325978935, "dmean2": 0.02553611435, "dvar": 0.000349379086401, "dvar2": 0.000783832569141, "max": 0.255753099918, "mean": 0.0555425584316, "median": 0.0461547635496, "min": 6.2474518614e-11, "var": 0.0013828726951}, "spectral_kurtosis": {"dmean": 1.82881820202, "dmean2": 2.92695999146, "dvar": 5.03818035126, "dvar2": 12.6712760925, "max": 38.1172599792, "mean": 6.45355033875, "median": 5.07301139832, "min": -1.27442622185, "var": 22.8319625854}, "spectral_rms": {"dmean": 0.000493699102663, "dmean2": 0.00062374828849, "dvar": 3.06881929646e-07, "dvar2": 4.05211039833e-07, "max": 0.010071484372, "mean": 0.00320159713738, "median": 0.0028092097491, "min": 3.11845883318e-12, "var": 3.02686589748e-06}, "spectral_rolloff": {"dmean": 361.745635986, "dmean2": 574.098815918, "dvar": 535516.875, "dvar2": 1179292.875, "max": 20112.0117188, "mean": 1817.34338379, "median": 1313.52539063, "min": 21.533203125, "var": 7715680.5}, "spectral_skewness": {"dmean": 0.229345843196, "dmean2": 0.345570445061, "dvar": 0.05728726089, "dvar2": 0.119262717664, "max": 4.57396888733, "mean": 1.83515715599, "median": 1.75869178772, "min": -0.0982292145491, "var": 0.454095155001}, "spectral_spread": {"dmean": 427648.5625, "dmean2": 621493.875, "dvar": 509398122496, "dvar2": 998472941568, "max": 43