{"lowlevel": {"average_loudness": 0.901817858219, "barkbands": {"dmean": [0.00236435420811, 0.00388180930167, 0.00122207473032, 0.000788477307651, 0.0012464254396, 0.00119251199067, 0.000645606720354, 0.000631762028206, 0.000504205003381, 0.000507414632011, 0.000423767924076, 0.000395003298763, 0.000331078714225, 0.000279365835013, 0.00052003673045, 0.000456372159533, 0.000254632002907, 0.000310643430566, 0.000348520086845, 0.000195548782358, 0.000123145626276, 7.73764986661e-05, 4.34949615737e-05, 1.05891531348e-05, 1.61260345521e-06, 1.89863421838e-05, 0.000248147000093], "dmean2": [0.00379799096845, 0.00617395062, 0.00209097540937, 0.00132721464615, 0.00203806720674, 0.00192402559333, 0.00105307553895, 0.00103505980223, 0.000810180965345, 0.000821112713311, 0.000695691211149, 0.000636654905975, 0.000537653453648, 0.000452492386103, 0.000835741695482, 0.000726314669009, 0.000410894164816, 0.000491451995913, 0.000541894289199, 0.00031477981247, 0.000199757341761, 0.000124108380987, 6.86546918587e-05, 1.70206876646e-05, 2.69744373327e-06, 2.99242474284e-05, 0.000369782734197], "dvar": [3.26760491589e-05, 6.04799424764e-05, 3.20739286508e-06, 1.83682402621e-06, 4.19879734181e-06, 6.93191486789e-06, 1.59262674515e-06, 3.1481147289e-06, 1.12212740078e-06, 1.64115442658e-06, 9.40207030453e-07, 5.59396028166e-07, 4.16962592453e-07, 5.10769325501e-07, 1.01088255633e-06, 1.26853365146e-06, 2.58807517639e-07, 5.13505767685e-07, 8.21027242637e-07, 2.97286760542e-07, 1.49368091229e-07, 5.3280022172e-08, 1.22682166648e-08, 7.77038156041e-10, 9.15622178771e-12, 1.62312707719e-09, 1.67404408558e-07], "dvar2": [7.90805424913e-05, 0.00014124653535, 9.76392493612e-06, 4.57096530226e-06, 1.01287896541e-05, 1.68116475834e-05, 4.02476280215e-06, 7.87254975876e-06, 2.84645489046e-06, 4.13096404372e-06, 2.3627956125e-06, 1.40621705214e-06, 1.04390323941e-06, 1.26719510263e-06, 2.4576497708e-06, 3.25371070176e-06, 6.55754718082e-07, 1.22473556985e-06, 1.91393201021e-06, 7.67362280385e-07, 3.87904634636e-07, 1.37234962949e-07, 3.08293266471e-08, 1.97137639546e-09, 2.29694908926e-11, 4.00594935002e-09, 3.63777246548e-07], "max": [0.0591233670712, 0.100121073425, 0.0207517668605, 0.0208947472274, 0.0413474999368, 0.0669361650944, 0.0205968283117, 0.0512701496482, 0.0241593644023, 0.0462799072266, 0.0209802947938, 0.0191829334944, 0.00991519261152, 0.0365377292037, 0.0192274190485, 0.0468929447234, 0.009775348939, 0.0148760098964, 0.0184527095407, 0.00684096757323, 0.00398372579366, 0.00317256944254, 0.00177170371171, 0.000472991232527, 4.0237151552e-05, 0.000542817462701, 0.00656751403585], "mean": [0.0024658201728, 0.00503315823153, 0.00156831589993, 0.000992121640593, 0.00189444608986, 0.00168096227571, 0.000910626607947, 0.000752505322453, 0.000693817913998, 0.000645991705824, 0.000521531619597, 0.000531427271198, 0.000416348513681, 0.000383924867492, 0.000745775003452, 0.000680199183989, 0.000383765029255, 0.000459956441773, 0.000462189695099, 0.000218674264033, 0.000135791255161, 8.3454317064e-05, 4.8291276471e-05, 1.1459950656e-05, 1.58056798227e-06, 2.12648374145e-05, 0.000484606076498], "median": [0.000444815028459, 0.00187805620953, 0.000849151285365, 0.000500272202771, 0.00115640321746, 0.000833371304907, 0.00042239355389, 0.000270107324468, 0.000340501079336, 0.000271369732218, 0.000199819565751, 0.000236499734456, 0.000180999428267, 0.000157141606905, 0.000339501566486, 0.000267717638053, 0.000162746771821, 0.000151141401147, 0.000101039302535, 5.62515160709e-05, 3.61556849384e-05, 2.23127717618e-05, 1.51307003762e-05, 3.42663861375e-06, 5.45737862012e-07, 6.52078369967e-06, 0.000219971581828], "min": [2.76673734022e-25, 1.89931141086e-24, 9.43715089777e-25, 1.163655328e-24, 8.61310521845e-24, 1.03808935977e-23, 7.47490357224e-24, 1.38660763438e-23, 1.26468578937e-23, 1.32708255705e-23, 1.16196260999e-23, 3.05699472655e-23, 1.79104068549e-23, 2.00812873795e-23, 5.6037592683e-23, 5.22496246111e-23, 8.42700535785e-23, 6.18860433513e-23, 1.42488651027e-22, 1.23300650804e-22, 2.58771368026e-22, 3.31848236355e-22, 3.67149623024e-22, 6.212820093e-22, 9.26155721292e-22, 1.31136389767e-21, 1.8387786789e-21], "var": [3.50188420271e-05, 7.69398320699e-05, 4.04613410865e-06, 2.43622298512e-06, 6.33578201814e-06, 8.88667000254e-06, 2.16325133806e-06, 3.35565414389e-06, 1.34941069518e-06, 1.68029703218e-06, 1.0663577541e-06, 7.97061886715e-07, 4.72754038583e-07, 5.61140495847e-07, 1.33838398142e-06, 1.56459748268e-06, 3.48263881733e-07, 8.36214326227e-07, 1.28270551158e-06, 2.67162278078e-07, 1.27814999473e-07, 4.50276047559e-08, 1.09779039192e-08, 6.9608185882e-10, 9.0982959014e-12, 1.59404456301e-09, 4.53160311054e-07]}, "barkbands_crest": {"dmean": 2.61719417572, "dmean2": 4.30560350418, "dvar": 5.36551618576, "dvar2": 14.0658178329, "max": 23.3182430267, "mean": 8.15964984894, "median": 7.42214918137, "min": 2.10533475876, "var": 12.2600221634}, "barkbands_flatness_db": {"dmean": 0.0239233411849, "dmean2": 0.036753218621, "dvar": 0.000528975680936, "dvar2": 0.00115933921188, "max": 0.323477834463, "mean": 0.107946313918, "median": 0.101805917919, "min": 0.018081638962, "var": 0.00165170920081}, "barkbands_kurtosis": {"dmean": 3.23440480232, "dmean2": 5.16718482971, "dvar": 33.564994812, "dvar2": 78.2262115479, "max": 110.955337524, "mean": 4.424451828, "median": 2.07642650604, "min": -1.82874405384, "var": 62.1648712158}, "barkbands_skewness": {"dmean": 0.605985879898, "dmean2": 0.931298732758, "dvar": 0.381265580654, "dvar2": 0.853479862213, "max": 9.39050388336, "mean": 1.53952777386, "median": 1.41914081573, "min": -2.29995632172, "var": 1.40993535519}, "barkbands_spread": {"dmean": 8.29084014893, "dmean2": 12.94901371, "dvar": 69.9382858276, "dvar2": 157.769607544, "max": 123.926795959, "mean": 30.7751922607, "median": 28.7251491547, "min": 1.75903975964, "var": 256.856018066}, "dissonance": {"dmean": 0.0156140383333, "dmean2": 0.0264811106026, "dvar": 0.000239534769207, "dvar2": 0.00066634605173, "max": 0.500000119209, "mean": 0.474790096283, "median": 0.4803198874, "min": 0.338301032782, "var": 0.000424750091042}, "dynamic_complexity": 3.13653707504, "erbbands": {"dmean": [0.218022018671, 0.568797945976, 1.25726568699, 2.06473302841, 3.57533574104, 4.42253780365, 4.79741048813, 12.5667095184, 10.0110750198, 11.8292388916, 11.280380249, 11.823138237, 12.8402061462, 17.1965065002, 16.138666153, 16.3321456909, 14.9961357117, 14.2446460724, 19.3141708374, 29.9455108643, 20.1769752502, 14.1897926331, 15.8367958069, 18.6279506683, 15.3458881378, 9.1004743576, 5.97594547272, 4.37729787827, 2.87145781517, 1.99431073666, 1.09643554688, 0.404892325401, 0.0927383452654, 0.0229995902628, 0.00986656080931, 0.014170200564, 0.0396148115396, 0.0411463826895, 0.0222942922264, 0.00494111981243], "dmean2": [0.351289331913, 0.945071458817, 2.12762999535, 3.46361279488, 5.9695148468, 7.24178171158, 7.8398900032, 20.2819519043, 16.2386341095, 19.3403892517, 18.3386516571, 18.9995517731, 20.4507160187, 27.665807724, 26.2232437134, 26.3702983856, 24.2044963837, 22.9660797119, 30.9452648163, 47.6027793884, 31.8493366241, 22.6868400574, 25.0759601593, 28.9599971771, 24.2157726288, 14.6142873764, 9.69723510742, 7.09776878357, 4.62632274628, 3.14856266975, 1.73937082291, 0.64046818018, 0.153062179685, 0.0383511856198, 0.0164150036871, 0.0232866872102, 0.0621280372143, 0.0640491172671, 0.034372318536, 0.00721874833107], "dvar": [0.243136972189, 1.06081533432, 3.24092173576, 9.31979846954, 44.393409729, 62.1186904907, 101.357513428, 831.57244873, 477.721923828, 739.583190918, 1201.52160645, 561.150512695, 1039.26184082, 1711.8001709, 1276.25183105, 887.176025391, 832.985168457, 865.934997559, 1849.1472168, 5688.69824219, 1809.97216797, 832.296447754, 1201.65588379, 2318.36816406, 1654.75036621, 636.796569824, 344.47479248, 188.58770752, 76.2008666992, 29.6094264984, 7.94449567795, 1.0579161644, 0.0803732350469, 0.00249582040124, 0.000331038259901, 0.00147073913831, 0.0074433083646, 0.00808869209141, 0.00168456858955, 6.5035521402e-05], "dvar2": [0.580503225327, 2.73756694794, 9.62623310089, 24.6427612305, 110.686187744, 152.212997437, 250.340057373, 2030.86804199, 1176.96960449, 1890.1920166, 3088.05834961, 1420.16113281, 2574.51147461, 4269.2265625, 3181.67504883, 2212.69311523, 2086.07958984, 2103.17407227, 4472.45361328, 14573.2861328, 4386.453125, 2099.75512695, 2875.16137695, 5316.86376953, 4045.97631836, 1643.16320801, 891.919555664, 491.799865723, 196.633682251, 75.6636657715, 20.0151443481, 2.68393826485, 0.206526741385, 0.0063064978458, 0.000830536999274, 0.0037525575608, 0.0185496043414, 0.0199943110347, 0.0040576942265, 0.000135390306241], "max": [5.70736408234, 13.8248748779, 18.6445980072, 46.8723716736, 116.639732361, 213.497161865, 291.710357666, 647.317504883, 537.790893555, 544.156555176, 1235.52624512, 573.160339355, 1112.36633301, 1338.90405273, 920.983825684, 509.485992432, 446.966217041, 884.66796875, 1546.32104492, 3241.73486328, 925.949768066, 525.510620117, 614.98425293, 837.282165527, 773.356567383, 313.972137451, 206.577255249, 174.303207397, 98.6899337769, 71.7306518555, 41.822479248, 14.491186142, 5.50048112869, 0.739059209824, 0.277025610209, 0.603778898716, 1.15130329132, 1.03258752823, 0.426634043455, 0.146299347281], "mean": [0.247519209981, 0.753028690815, 1.70688986778, 2.86025857925, 4.69993782043, 6.50473499298, 7.16124486923, 17.4520244598, 14.2454299927, 15.8253202438, 14.20657444, 16.4202766418, 17.1302242279, 22.7741603851, 21.8761177063, 22.4618587494, 20.0046482086, 19.9345092773, 28.6396541595, 44.8973808289, 31.9758472443, 22.1873569489, 24.2928562164, 26.2091217041, 19.2790718079, 10.353225708, 6.63010787964, 4.70394992828, 3.08184599876, 2.18756532669, 1.20187902451, 0.45756226778, 0.0893931239843, 0.0224391240627, 0.0100600663573, 0.0142769869417, 0.0447710417211, 0.0483163222671, 0.0301831942052, 0.0122141512111], "median": [0.05911533162, 0.350475221872, 0.947147250175, 1.62353873253, 2.41947770119, 3.76594662666, 4.16739988327, 8.09356021881, 6.44966936111, 6.77449274063, 5.89992618561, 8.24028778076, 7.18212604523, 10.1908731461, 9.2448091507, 10.3257703781, 9.31608963013, 8.70859336853, 13.4698219299, 18.8792934418, 13.855509758, 9.40007019043, 9.12239837646, 5.9431438446, 4.3877325058, 2.78866481781, 1.81338953972, 1.19743788242, 0.792308986187, 0.667595744133, 0.36617320776, 0.143470168114, 0.0231938585639, 0.00731883803383, 0.00387654476799, 0.00471872044727, 0.0133839435875, 0.0139083955437, 0.00971161853522, 0.00716166803613], "min": [9.2600683484e-23, 2.38056360282e-22, 1.72940262215e-21, 3.13550606396e-21, 1.43955615252e-20, 2.26281395795e-20, 3.33073870232e-20, 9.14141787233e-20, 1.4412266373e-19, 1.35854825487e-19, 3.41935372124e-19, 2.85860358959e-19, 5.36094204032e-19, 5.94052578204e-19, 1.15288608067e-18, 1.03840759262e-18, 1.50779464333e-18, 1.89895418954e-18, 2.22496281935e-18, 2.92897437754e-18, 4.23169016411e-18, 5.60819273606e-18, 3.9875610412e-18, 6.03788576732e-18, 7.71357915325e-18, 5.76244868541e-18, 8.01123265205e-18, 1.14329843699e-17, 1.15427777069e-17, 1.14184557696e-17, 1.10682572767e-17, 1.00929302708e-17, 1.02839163481e-17, 8.27726634475e-18, 6.73650017881e-18, 4.3943027056e-18, 2.24860157331e-18, 9.18231381106e-19, 2.37980224123e-19, 2.63114019794e-20], "var": [0.273313254118, 1.26386976242, 4.38635253906, 14.1504507065, 57.5617103577, 88.7854766846, 134.58732605, 1077.86535645, 635.393249512, 902.993591309, 1122.71618652, 704.038574219, 1121.80151367, 1880.3104248, 1611.77087402, 1224.15039062, 974.671020508, 1071.25476074, 2239.3215332, 6459.86474609, 2722.6081543, 1138.91931152, 1927.96289062, 3986.08642578, 2100.82397461, 575.540466309, 295.658813477, 157.531417847, 64.1746520996, 25.586151123, 7.046210289, 0.968618273735, 0.0647787377238, 0.00228027114645, 0.000338601239491, 0.00122841820121, 0.00727840512991, 0.00821920856833, 0.00229043653235, 0.000227701835684]}, "erbbands_crest": {"dmean": 2.38123893738, "dmean2": 3.94661736488, "dvar": 5.05165624619, "dvar2": 12.9272613525, "max": 27.6051006317, "mean": 7.38379096985, "median": 6.60839939117, "min": 2.3263771534, "var": 10.2366552353}, "erbbands_flatness_db": {"dmean": 0.0197328720242, "dmean2": 0.0293935239315, "dvar": 0.000294559402391, "dvar2": 0.000611919094808, "max": 0.26358255744, "mean": 0.141891852021, "median": 0.14038617909, "min": 0.0408277958632, "var": 0.00115051900502}, "erbbands_kurtosis": {"dmean": 0.855349421501, "dmean2": 1.35805952549, "dvar": 1.31966483593, "dvar2": 3.01073336601, "max": 17.7003707886, "mean": 0.307233631611, "median": -0.152323961258, "min": -1.69431602955, "var": 2.64792203903}, "erbbands_skewness": {"dmean": 0.387960672379, "dmean2": 0.597733020782, "dvar": 0.124710939825, "dvar2": 0.28417557478, "max": 3.33032941818, "mean": -0.111522525549, "median": -0.0684656128287, "min": -3.64601349831, "var": 0.56940805912}, "erbbands_spread": {"dmean": 6.5932841301, "dmean2": 10.2024774551, "dvar": 37.8526878357, "dvar2": 84.5116500854, "max": 93.344543457, "mean": 30.8358974457, "median": 29.6765670776, "min": 6.14889764786, "var": 113.663917542}, "gfcc": {"cov": [[23652.2480469, 689.991516113, -1682.70214844, 372.843017578, -164.135284424, -390.586730957, 278.062713623, -469.235351562, 287.961853027, -183.952423096, -43.9304046631, 206.595169067, -288.490875244], [689.991516113, 882.605834961, 28.8328037262, -200.302062988, 19.0140419006, -24.0552368164, -38.4366035461, -18.1056499481, 43.3239784241, -38.5339202881, -10.5534124374, -31.1294498444, 78.6212234497], [-1682.70214844, 28.8328037262, 564.073486328, 46.7241592407, -75.9877243042, 165.504898071, -53.2494087219, 116.36302948, -50.5290794373, 96.0413970947, 20.3220024109, -30.7545604706, 51.5547447205], [372.843017578, -200.302062988, 46.7241592407, 279.536315918, 89.1396942139, 10.1842737198, 74.9730529785, 20.0241394043, 6.10352993011, 13.1116113663, 12.1632347107, 27.2196331024, -41.8613967896], [-164.135284424, 19.0140419006, -75.9877243042, 89.1396942139, 205.331298828, 7.21440172195, 48.3566970825, -10.1442594528, 21.0664787292, -43.7426795959, 8.56467437744, 9.29749298096, -10.1325292587], [-390.586730957, -24.0552368164, 165.504898071, 10.1842737198, 7.21440172195, 194.944137573, -2.15847373009, 72.6777420044, -30.3349075317, 51.8031158447, -0.159074574709, -0.430256903172, 38.7255630493], [278.062713623, -38.4366035461, -53.2494087219, 74.9730529785, 48.3566970825, -2.15847373009, 157.253921509, -21.6686820984, 46.6010475159, -3.77352809906, 11.3391981125, 20.6600837708, -28.0045833588], [-469.235351562, -18.1056499481, 116.36302948, 20.0241394043, -10.1442594528, 72.6777420044, -21.6686820984, 144.229202271, -1.65149402618, 44.9970321655, 3.31678891182, -14.0715618134, 41.5916748047], [287.961853027, 43.3239784241, -50.5290794373, 6.10352993011, 21.0664787292, -30.3349075317, 46.6010475159, -1.65149402618, 104.622131348, 20.7150917053, 4.09590148926, 14.2650203705, -18.8512477875], [-183.952423096, -38.5339202881, 96.0413970947, 13.1116113663, -43.7426795959, 51.8031158447, -3.77352809906, 44.9970321655, 20.7150917053, 103.023147583, 37.59425354, -5.25611066818, 15.9602279663], [-43.9304046631, -10.5534124374, 20.3220024109, 12.1632347107, 8.56467437744, -0.159074574709, 11.3391981125, 3.31678891182, 4.09590148926, 37.59425354, 62.6256866455, 21.537405014, 3.38569545746], [206.595169067, -31.1294498444, -30.7545604706, 27.2196331024, 9.29749298096, -0.430256903172, 20.6600837708, -14.0715618134, 14.2650203705, -5.25611066818, 21.537405014, 66.8137817383, 13.6744699478], [-288.490875244, 78.6212234497, 51.5547447205, -41.8613967896, -10.1325292587, 38.7255630493, -28.0045833588, 41.5916748047, -18.8512477875, 15.9602279663, 3.38569545746, 13.6744699478, 86.217628479]], "icov": [[9.49866371229e-05, -0.000211474907701, 0.000470980681712, -0.000610581191722, 0.000640368380118, -0.00044502565288, 0.000163502001669, 0.000185653028893, -0.000317727448419, 0.000364743056707, -0.000395981711335, 0.000190010672668, 1.97078643396e-05], [-0.000211474907701, 0.00229062070139, -0.00150417932309, 0.00212562526576, -0.00156892556697, 0.000845051370561, -0.000187216632185, 0.000423421355663, -0.00147725839633, 0.00130777363665, -0.000579739687964, 0.00165002373978, -0.00249795406125], [0.000470980681712, -0.00150417932309, 0.00580286001787, -0.00515895476565, 0.00540333613753, -0.00506478222087, 0.00187003181782, 0.000527761061676, -0.00199620379135, 0.00263932696544, -0.00459018535912, 0.00370190525427, -0.00109632790554], [-0.000610581191722, 0.00212562526576, -0.00515895476565, 0.013169368729, -0.0104323280975, 0.00741125131026, -0.00462082773447, -0.0042106048204, 0.00797866564244, -0.0105754863471, 0.0104860253632, -0.0100362859666, 0.00635525211692], [0.000640368380118, -0.00156892556697, 0.00540333613753, -0.0104323280975, 0.0162413492799, -0.00942666642368, 0.00262538576499, 0.00314321927726, -0.0101168295369, 0.0160935372114, -0.0148828430101, 0.0109216338024, -0.0055824816227], [-0.00044502565288, 0.000845051370561, -0.00506478222087, 0.00741125131026, -0.00942666642368, 0.0152196688578, -0.004304792732, -0.00494186906144, 0.0105753205717, -0.0146501809359, 0.0139278778806, -0.0105079459026, 0.00355295999907], [0.000163502001669, -0.000187216632185, 0.00187003181782, -0.00462082773447, 0.00262538576499, -0.004304792732, 0.0103821353987, 0.00249783392064, -0.00704104267061, 0.00551937147975, -0.00587753532454, 0.00312224705704, -0.00106020155363], [0.000185653028893, 0.000423421355663, 0.000527761061676, -0.0042106048204, 0.00314321927726, -0.00494186906144, 0.00249783392064, 0.0128688821569, -0.0061258263886, 0.00334168039262, -0.00455745169893, 0.00771410856396, -0.0079349540174], [-0.000317727448419, -0.00147725839633, -0.00199620379135, 0.00797866564244, -0.0101168295369, 0.0105753205717, -0.00704104267061, -0.0061258263886, 0.0258885025978, -0.022132018581, 0.0184915680438, -0.0171633418649, 0.0118340915069], [0.000364743056707, 0.00130777363665, 0.00263932696544, -0.0105754863471, 0.0160935372114, -0.0146501809359, 0.00551937147975, 0.00334168039262, -0.022132018581, 0.0423321910203, -0.0329109802842, 0.0230062212795, -0.0130646219477], [-0.000395981711335, -0.000579739687964, -0.00459018535912, 0.0104860253632, -0.0148828430101, 0.0139278778806, -0.00587753532454, -0.00455745169893, 0.0184915680438, -0.0329109802842, 0.0452560633421, -0.0259523335844, 0.0117986733094], [0.000190010672668, 0.00165002373978, 0.00370190525427, -0.0100362859666, 0.0109216338024, -0.0105079459026, 0.00312224705704, 0.00771410856396, -0.0171633418649, 0.0230062212795, -0.0259523335844, 0.037453148514, -0.0175918787718], [1.97078643396e-05, -0.00249795406125, -0.00109632790554, 0.00635525211692, -0.0055824816227, 0.00355295999907, -0.00106020155363, -0.0079349540174, 0.0118340915069, -0.0130646219477, 0.0117986733094, -0.0175918787718, 0.0262479446828]], "mean": [-24.0783081055, 90.2373275757, -104.676582336, 4.587870121, -13.6679821014, -23.3378925323, -2.68304920197, -20.4517612457, 3.97289252281, -11.9036502838, -5.80011987686, 1.49593365192, -9.86516857147]}, "hfc": {"dmean": 22.9126625061, "dmean2": 34.544467926, "dvar": 817.961730957, "dvar2": 1801.63305664, "max": 442.340606689, "mean": 72.5580215454, "median": 63.4832954407, "min": 1.07624720962e-16, "var": 2360.33251953}, "melbands": {"dmean": [0.00151708477642, 0.000630883150734, 0.000379939563572, 0.000283296569251, 0.000175019187736, 0.000265743408818, 0.000145042125951, 0.000134297384648, 8.68714269018e-05, 7.68300524214e-05, 6.58963399474e-05, 7.23974444554e-05, 5.70055781282e-05, 4.39123323304e-05, 3.9391383325e-05, 3.21336592606e-05, 2.67829527729e-05, 2.93456178042e-05, 4.07410698244e-05, 3.88092194044e-05, 2.2021253244e-05, 1.53590917762e-05, 1.4434815057e-05, 1.56338246597e-05, 1.58707680384e-05, 1.26947670651e-05, 8.89056263986e-06, 5.64122456126e-06, 4.04051525038e-06, 3.00484475702e-06, 2.48719106821e-06, 1.74905233052e-06, 1.28601959659e-06, 1.0615925703e-06, 6.92835669724e-07, 4.07540142078e-07, 1.88873698903e-07, 7.01176929851e-08, 3.40476198346e-08, 1.40852982611e-08], "dmean2": [0.00239379471168, 0.00105027284008, 0.000635237025563, 0.000465637858724, 0.000285072543193, 0.000428485189332, 0.00023519883689, 0.000220957197598, 0.000141271113534, 0.000123585021356, 0.000105111284938, 0.000117056646559, 9.29889574763e-05, 7.04342164681e-05, 6.4610321715e-05, 5.21952024428e-05, 4.34991452494e-05, 4.74912048958e-05, 6.53774550301e-05, 6.18940975983e-05, 3.54670337401e-05, 2.49757758866e-05, 2.3214288376e-05, 2.49347176577e-05, 2.49545591942e-05, 2.01206948987e-05, 1.43532906804e-05, 9.19451940717e-06, 6.61462172502e-06, 4.9505165407e-06, 4.06319941249e-06, 2.83421104541e-06, 2.07276707442e-06, 1.68335577655e-06, 1.10759106065e-06, 6.49952028198e-07, 3.01573379602e-07, 1.17359753915e-07, 5.70893305962e-08, 2.36165629275e-08], "dvar": [1.06834577309e-05, 7.93603248894e-07, 3.29790253772e-07, 2.26323578545e-07, 1.18071589839e-07, 3.55482370651e-07, 9.43474347537e-08, 1.07114765058e-07, 6.37458938968e-08, 2.63285873103e-08, 2.846908842e-08, 3.13754568992e-08, 1.72218701522e-08, 7.56744000796e-09, 5.39130295962e-09, 4.1229921699e-09, 3.16774251274e-09, 5.62946844695e-09, 6.80791778507e-09, 1.01194608249e-08, 2.20313345345e-09, 9.60129420413e-10, 9.39874289507e-10, 1.48912493447e-09, 1.76101544458e-09, 1.24787880029e-09, 5.50752277118e-10, 2.74278599832e-10, 1.59302626646e-10, 9.44247249834e-11, 5.87839568689e-11, 2.79699804984e-11, 1.48469552624e-11, 7.71849945069e-12, 3.10639187984e-12, 1.10454679257e-12, 2.3238531867e-13, 4.98929239937e-14, 1.03895460418e-14, 6.9655447368e-16], "dvar2": [2.48418436968e-05, 2.20882657231e-06, 8.44484702611e-07, 5.5049315506e-07, 2.88944022486e-07, 8.61484750203e-07, 2.3139422467e-07, 2.69273101594e-07, 1.64156617188e-07, 6.71821211995e-08, 7.06966289954e-08, 7.87717056028e-08, 4.35070504068e-08, 1.87758644188e-08, 1.3702576851e-08, 1.02978647831e-08, 7.79565922926e-09, 1.39596982862e-08, 1.67557629993e-08, 2.62848676158e-08, 5.47623590919e-09, 2.47140907739e-09, 2.35380648306e-09, 3.65752517162e-09, 4.07234779232e-09, 2.96548807732e-09, 1.40978506646e-09, 7.16810111268e-10, 4.13984124759e-10, 2.48612491704e-10, 1.53883586429e-10, 7.24899029692e-11, 3.86022463994e-11, 1.9645639282e-11, 7.8126663125e-12, 2.82398995681e-12, 5.90022768057e-13, 1.28774825547e-13, 2.69611434144e-14, 1.75199098376e-15], "max": [0.0372544080019, 0.0109214484692, 0.00904679019004, 0.0113554187119, 0.00820250343531, 0.0148161053658, 0.00765349203721, 0.00675283372402, 0.00860763434321, 0.00357537413947, 0.00595794757828, 0.00530808791518, 0.00324161187746, 0.00226752483286, 0.00120181101374, 0.00103316269815, 0.00198250752874, 0.00338365044445, 0.0020876491908, 0.00459510181099, 0.0010671907803, 0.00053153448971, 0.000504830793943, 0.000946985383052, 0.000805745949037, 0.000982966623269, 0.000399921700591, 0.000225422190852, 0.0001570834429, 0.000115957569506, 0.000104566614027, 5.75634476263e-05, 6.0614762333e-05, 3.5587221646e-05, 2.53287489613e-05, 1.43726174429e-05, 6.40052167e-06, 4.42603322881e-06, 1.66813083524e-06, 3.56954274139e-07], "mean": [0.00189742655493, 0.000922963954508, 0.000546927331015, 0.000409389525885, 0.000270902120974, 0.000374842318706, 0.000208714176551, 0.000174872839125, 0.000109609136416, 0.000104501355963, 8.54436511872e-05, 9.27501459955e-05, 7.29502498871e-05, 6.03201115155e-05, 5.20555877301e-05, 4.01532197429e-05, 3.60926896974e-05, 4.12047411373e-05, 5.82889115321e-05, 5.71332238906e-05, 3.2665910112e-05, 2.23882070713e-05, 2.14198735193e-05, 2.23653460125e-05, 2.14114370465e-05, 1.59917817655e-05, 1.02357089418e-05, 6.10173719906e-06, 4.33902778241e-06, 3.27830639435e-06, 2.56310772784e-06, 1.84152759175e-06, 1.35491802666e-06, 1.15789055144e-06, 7.43066323139e-07, 4.48604339454e-07, 2.03935414334e-07, 6.26451139851e-08, 2.98346876093e-08, 1.3781010999e-08], "median": [0.000588518683799, 0.000545525574125, 0.000329364556819, 0.000244341848884, 0.000161834614119, 0.000178976668394, 9.67314117588e-05, 6.95856360835e-05, 4.73124200653e-05, 5.07306431246e-05, 3.42419043591e-05, 3.96658215323e-05, 2.86294562102e-05, 2.71526041615e-05, 2.44198054133e-05, 1.71068732016e-05, 1.51140302478e-05, 1.80866227311e-05, 2.57540505118e-05, 2.17375145439e-05, 1.40378424476e-05, 9.44799739955e-06, 8.62386059453e-06, 6.99362453815e-06, 4.37471317127e-06, 3.26999406752e-06, 2.42347869062e-06, 1.64008554293e-06, 1.13465603135e-06, 8.47384285407e-07, 6.22988011401e-07, 4.60267358449e-07, 3.63403756864e-07, 3.62677212706e-07, 2.17083481857e-07, 1.38974087349e-07, 5.5055949133e-08, 1.19414247379e-08, 6.62588117706e-09, 4.77853712155e-09], "min": [7.7085905006e-25, 1.41763521011e-24, 5.98835357206e-25, 2.09074586445e-24, 1.05756408726e-24, 1.86942935977e-24, 2.13072513792e-24, 1.7047079058e-24, 2.32765361328e-24, 1.80885135035e-24, 2.56495480649e-24, 2.25524959282e-24, 2.29081104799e-24, 4.22580125709e-24, 2.35848328353e-24, 2.61323171338e-24, 3.30468565174e-24, 2.76735679324e-24, 4.16432769333e-24, 3.12754871041e-24, 4.22151261478e-24, 4.74776014693e-24, 3.66602792533e-24, 2.46479432064e-24, 4.4086576372e-24, 4.89927232226e-24, 4.75939702858e-24, 2.96749021325e-24, 4.43109086919e-24, 4.24096513584e-24, 5.06071033994e-24, 5.28435437872e-24, 5.96345041657e-24, 5.45829189743e-24, 5.4315282135e-24, 5.63784689465e-24, 5.56577537906e-24, 6.20956555267e-24, 6.83995495166e-24, 6.65705597306e-24], "var": [1.32583782033e-05, 1.16616251944e-06, 4.79306152101e-07, 3.18943563116e-07, 1.69970945763e-07, 4.62210380192e-07, 1.2704514063e-07, 1.28657831056e-07, 6.00211720325e-08, 3.2042745346e-08, 3.00800486741e-08, 3.36373595644e-08, 1.99595664441e-08, 1.10896856143e-08, 6.46308162544e-09, 4.61342830604e-09, 3.83810094817e-09, 6.13562178842e-09, 8.81796413665e-09, 1.16992193711e-08, 3.02289970833e-09, 1.22168675176e-09, 1.27120913795e-09, 2.27325958058e-09, 2.91085267001e-09, 1.72141256805e-09, 5.53673884518e-10, 2.30678684487e-10, 1.33577482408e-10, 7.88788964701e-11, 4.80085068921e-11, 2.34287346468e-11, 1.22005608741e-11, 6.73329621226e-12, 2.75401750016e-12, 9.7536442898e-13, 2.1405728752e-13, 3.92208374068e-14, 8.0532191091e-15, 6.94421168263e-16]}, "melbands_crest": {"dmean": 4.39868068695, "dmean2": 7.18405675888, "dvar": 16.0132274628, "dvar2": 39.9485740662, "max": 36.8009300232, "mean": 13.5309553146, "median": 12.0170717239, "min": 1.63176441193, "var": 40.444858551}, "melbands_flatness_db": {"dmean": 0.0327638499439, "dmean2": 0.0496623329818, "dvar": 0.000937414646614, "dvar2": 0.00204665446654, "max": 0.485338389874, "mean": 0.203886374831, "median": 0.200761541724, "min": 0.00314875110053, "var": 0.0036921533756}, "melbands_kurtosis": {"dmean": 5.19997024536, "dmean2": 8.29240226746, "dvar": 88.1850967407, "dvar2": 207.248016357, "max": 260.171112061, "mean": 7.65259027481, "median": 4.08642196655, "min": -1.84020209312, "var": 151.015655518}, "melbands_skewness": {"dmean": 0.720947563648, "dmean2": 1.12128865719, "dvar": 0.524364650249, "dvar2": 1.18643796444, "max": 13.0621109009, "mean": 2.11906099319, "median": 1.87840199471, "min": -1.35239136219, "var": 1.69355452061}, "melbands_spread": {"dmean": 9.47629928589, "dmean2": 14.8059577942, "dvar": 127.711509705, "dvar2": 285.136108398, "max": 165.594421387, "mean": 28.498003006, "median": 22.8951530457, "min": 1.17873477936, "var": 474.329467773}, "mfcc": {"cov": [[9878.46679688, 904.636108398, -1045.63378906, 749.724060059, -362.259552002, 402.21005249, -273.401306152, 303.479644775, -198.070053101, 204.024459839, -79.9182128906, 73.7222976685, 13.3395662308], [904.636108398, 1245.05908203, -27.9927959442, -49.9363479614, 27.9803104401, -4.24580097198, -80.630279541, -8.58707332611, 38.6174888611, -33.3869094849, -29.5256462097, -20.9115581512, 23.4964694977], [-1045.63378906, -27.9927959442, 592.995422363, -133.387115479, 61.3822212219, -51.9599990845, 102.552345276, -98.2724075317, 71.7340774536, 18.2823619843, 17.9312782288, 42.1445846558, -17.9056739807], [749.724060059, -49.9363479614, -133.387115479, 325.331787109, -8.94012451172, 68.5842514038, -12.1185922623, 82.3747024536, -46.691608429, 44.8326454163, 10.3116397858, -2.24609017372, 4.16983222961], [-362.259552002, 27.9803104401, 61.3822212219, -8.94012451172, 184.973297119, -14.1037406921, 50.9227218628, 1.87468147278, 37.9318733215, -29.8417701721, 13.4610404968, -7.58758735657, 23.7622203827], [402.21005249, -4.24580097198, -51.9599990845, 68.5842514038, -14.1037406921, 152.063491821, 19.0549621582, 44.8416366577, -16.7501277924, 28.9809074402, -12.9630203247, 26.3364543915, 7.75118589401], [-273.401306152, -80.630279541, 102.552345276, -12.1185922623, 50.9227218628, 19.0549621582, 135.736923218, 4.58402681351, 28.670759201, -6.26253318787, 15.0291957855, 11.3321495056, -2.64871358871], [303.479644775, -8.58707332611, -98.2724075317, 82.3747024536, 1.87468147278, 44.8416366577, 4.58402681351, 111.079284668, 8.73478031158, 9.06489658356, -15.4885587692, -2.56166386604, 12.8772382736], [-198.070053101, 38.6174888611, 71.7340774536, -46.691608429, 37.9318733215, -16.7501277924, 28.670759201, 8.73478031158, 104.592948914, 9.28220748901, 3.31044316292, 6.02061843872, 9.22779178619], [204.024459839, -33.3869094849, 18.2823619843, 44.8326454163, -29.8417701721, 28.9809074402, -6.26253318787, 9.06489658356, 9.28220748901, 93.3587493896, 32.7919197083, 17.8166923523, -13.9153738022], [-79.9182128906, -29.5256462097, 17.9312782288, 10.3116397858, 13.4610404968, -12.9630203247, 15.0291957855, -15.4885587692, 3.31044316292, 32.7919197083, 81.3380966187, 10.4376983643, -2.69440960884], [73.7222976685, -20.9115581512, 42.1445846558, -2.24609017372, -7.58758735657, 26.3364543915, 11.3321495056, -2.56166386604, 6.02061843872, 17.8166923523, 10.4376983643, 70.2231292725, 7.98611593246], [13.3395662308, 23.4964694977, -17.9056739807, 4.16983222961, 23.7622203827, 7.75118589401, -2.64871358871, 12.8772382736, 9.22779178619, -13.9153738022, -2.69440960884, 7.98611593246, 65.5500488281]], "icov": [[0.000186181729077, -0.000156263631652, 0.000240973327891, -0.000276049686363, 0.000195923334104, -0.000139666735777, -3.2000716601e-06, -1.16761038953e-05, 6.41030783299e-05, -0.000290543364827, 0.000203754680115, -0.000286338530714, 2.17238939513e-05], [-0.000156263631652, 0.00102204177529, -0.000237888132688, 0.000289201532723, -0.000333792442689, -0.000208486046176, 0.000774062995333, 0.000138549265102, -0.000583507644478, 0.000613741693087, -0.000149708619574, 0.000472844752949, -0.00011954511865], [0.000240973327891, -0.000237888132688, 0.00318431761116, -2.4955101253e-05, -0.000333765376126, 0.000692719419021, -0.00202688598074, 0.00231420458294, -0.0008627208299, -0.00193721894175, 0.00149582501035, -0.00182285811752, 0.000403976417147], [-0.000276049686363, 0.000289201532723, -2.4955101253e-05, 0.00520694628358, -0.00100815738551, -0.000416301510995, 4.94731029903e-05, -0.0030199449975, 0.00240987795405, -0.00186086667236, -0.000775700260419, 0.000895845878404, -0.000250894896453], [0.000195923334104, -0.000333792442689, -0.000333765376126, -0.00100815738551, 0.00774231087416, -0.000213785751839, -0.00184261472896, -0.000152801745571, -0.00211659166962, 0.00282964878716, -0.001992151374, 0.00106841418892, -0.00208644242957], [-0.000139666735777, -0.000208486046176, 0.000692719419021, -0.000416301510995, -0.000213785751839, 0.0103025482967, -0.00307718035765, -0.00207607029006, 0.00243598362431, -0.0039482745342, 0.0034273841884, -0.00339468475431, -0.00116502598394], [-3.2000716601e-06, 0.000774062995333, -0.00202688598074, 4.94731029903e-05, -0.00184261472896, -0.00307718035765, 0.0115480739623, -0.00176994188223, -0.00211099721491, 0.00360680557787, -0.00324251502752, 5.7960637605e-06, 0.00194139813539], [-1.16761038953e-05, 0.000138549265102, 0.00231420458294, -0.0030199449975, -0.000152801745571, -0.00207607029006, -0.00176994188223, 0.0152975944802, -0.00397915858775, -0.00102681259159, 0.00331024546176, 0.000462801894173, -0.0015769933816], [6.41030783299e-05, -0.000583507644478, -0.0008627208299, 0.00240987795405, -0.00211659166962, 0.00243598362431, -0.00211099721491, -0.00397915858775, 0.0141966780648, -0.00458016525954, 0.00139684986789, -0.000645097810775, -0.00185205065645], [-0.000290543364827, 0.000613741693087, -0.00193721894175, -0.00186086667236, 0.00282964878716, -0.0039482745342, 0.00360680557787, -0.00102681259159, -0.00458016525954, 0.0196111910045, -0.00883323233575, -0.000941628066357, 0.0037764988374], [0.000203754680115, -0.000149708619574, 0.00149582501035, -0.000775700260419, -0.001992151374, 0.0034273841884, -0.00324251502752, 0.00331024546176, 0.00139684986789, -0.00883323233575, 0.0181044917554, -0.00249146786518, -0.00101838598493], [-0.000286338530714, 0.000472844752949, -0.00182285811752, 0.000895845878404, 0.00106841418892, -0.00339468475431, 5.7960637605e-06, 0.000462801894173, -0.000645097810775, -0.000941628066357, -0.00249146786518, 0.0182346124202, -0.00317577086389], [2.17238939513e-05, -0.00011954511865, 0.000403976417147, -0.000250894896453, -0.00208644242957, -0.00116502598394, 0.00194139813539, -0.0015769933816, -0.00185205065645, 0.0037764988374, -0.00101838598493, -0.00317577086389, 0.0181100852787]], "mean": [-674.591796875, 148.587127686, -29.0007648468, 37.2358283997, -2.45746278763, 16.0049495697, -10.4748382568, 11.4392337799, -4.98053836823, 6.48016214371, -4.53808641434, 0.35927888751, 2.24892115593]}, "pitch_salience": {"dmean": 0.0770778432488, "dmean2": 0.124360643327, "dvar": 0.00469609722495, "dvar2": 0.0119804143906, "max": 0.9749558568, "mean": 0.603852510452, "median": 0.621212780476, "min": 0.147680014372, "var": 0.0120238792151}, "silence_rate_20dB": {"dmean": 0, "dmean2": 0, "dvar": 0, "dvar2": 0, "max": 1, "mean": 1, "median": 1, "min": 1, "var": 0}, "silence_rate_30dB": {"dmean": 0.00554815819487, "dmean2": 0.0110975475982, "dvar": 0.00551715027541, "dvar2": 0.0154125178233, "max": 1, "mean": 0.996671497822, "median": 1, "min": 0, "var": 0.00331775215454}, "silence_rate_60dB": {"dmean": 0.00510430522263, "dmean2": 0.0102097438648, "dvar": 0.00507862167433, "dvar2": 0.0116598308086, "max": 1, "mean": 0.0540330633521, "median": 0, "min": 0, "var": 0.0511139109731}, "spectral_centroid": {"dmean": 311.743621826, "dmean2": 469.485626221, "dvar": 126322.476562, "dvar2": 252420.609375, "max": 11896.1523438, "mean": 1499.85693359, "median": 1305.0559082, "min": 195.352645874, "var": 1247083.75}, "spectral_complexity": {"dmean": 4.93430995941, "dmean2": 7.13305950165, "dvar": 34.5527877808, "dvar2": 60.0675773621, "max": 64, "mean": 21.4963932037, "median": 20, "min": 0, "var": 155.339141846}, "spectral_contrast_coeffs": {"dmean": [0.0543365143239, 0.0473575517535, 0.0380806960166, 0.029323766008, 0.0232214778662, 0.0497643761337], "dmean2": [0.0895507410169, 0.0783862620592, 0.0633603185415, 0.0483645088971, 0.0371765606105, 0.0758455246687], "dvar": [0.00183678290341, 0.0014292083215, 0.000927975692321, 0.000578272680286, 0.000404670834541, 0.00175579753704], "dvar2": [0.00492554996163, 0.00391811784357, 0.00256793922745, 0.00150777527597, 0.000975175236817, 0.0040597198531], "max": [-0.370905339718, -0.507954001427, -0.601287126541, -0.581269204617, -0.579948067665, -0.392600119114], "mean": [-0.690240323544, -0.774251461029, -0.805001676083, -0.806508719921, -0.803242564201, -0.700671374798], "median": [-0.693701565266, -0.777596354485, -0.80802834034, -0.812416315079, -0.809206068516, -0.700602650642], "min": [-0.978922665119, -0.976116895676, -0.978542923927, -0.970481693745, -0.969981133938, -0.965146064758], "var": [0.00658636307344, 0.0038509008009, 0.00248380634002, 0.00236914213747, 0.00214408570901, 0.00653370143846]}, "spectral_contrast_valleys": {"dmean": [0.404552131891, 0.378340035677, 0.346871703863, 0.345087110996, 0.358122199774, 0.621656477451], "dmean2": [0.650126814842, 0.594368696213, 0.519864976406, 0.511896967888, 0.478876411915, 0.960350990295], "dvar": [0.127887532115, 0.111447036266, 0.102581523359, 0.128699466586, 0.172979548573, 0.284831643105], "dvar2": [0.275012135506, 0.226806715131, 0.183990746737, 0.229627355933, 0.289162307978, 0.671392500401], "max": [-5.23982572556, -4.6431555748, -4.9503030777, -5.36004686356, -5.21307945251, -9.11799144745], "mean": [-7.37573432922, -6.81990003586, -7.29247951508, -7.4943985939, -7.73242902756, -11.6354408264], "median": [-7.00509023666, -6.51834583282, -6.98104381561, -7.17756032944, -7.43563985825, -11.3840999603], "min": [-27.8920459747, -27.9439716339, -28.1080970764, -27.6479206085, -27.564031601, -27.3679008484], "var": [4.84802770615, 4.86979722977, 4.70147228241, 4.71360492706, 4.77946090698, 3.32248258591]}, "spectral_decrease": {"dmean": 2.46339326715e-09, "dmean2": 3.64739660697e-09, "dvar": 1.33832165196e-17, "dvar2": 2.77423969741e-17, "max": 9.31384747105e-10, "mean": -4.73156580583e-09, "median": -3.40668382393e-09, "min": -4.23387369608e-08, "var": 2.41821371714e-17}, "spectral_energy": {"dmean": 0.0102190617472, "dmean2": 0.0149323586375, "dvar": 0.000222838410991, "dvar2": 0.00044844992226, "max": 0.187761843204, "mean": 0.0244392547756, "median": 0.019213816151, "min": 1.00547535462e-20, "var": 0.000438762421254}, "spectral_energyband_high": {"dmean": 0.000513092149049, "dmean2": 0.000794859894086, "dvar": 1.55221505338e-06, "dvar2": 3.90794457417e-06, "max": 0.0128876725212, "mean": 0.000702190038282, "median": 0.000270913238637, "min": 7.10178822964e-21, "var": 1.57774957188e-06}, "spectral_energyband_low": {"dmean": 0.00602485379204, "dmean2": 0.00945078767836, "dvar": 0.000123672696645, "dvar2": 0.000282703054836, "max": 0.120849855244, "mean": 0.00898182671517, "median": 0.00452670175582, "min": 1.0489147402e-23, "var": 0.000177639070898}, "spectral_energyband_middle_high": {"dmean": 0.00266592903063, "dmean2": 0.00387537735514, "dvar": 2.27708715101e-05, "dvar2": 4.89046688017e-05, "max": 0.110571831465, "mean": 0.00527595356107, "median": 0.00296851084568, "min": 1.10301465068e-21, "var": 4.14103305957e-05}, "spectral_energyband_middle_low": {"dmean": 0.00338981417008, "dmean2": 0.00525108678266, "dvar": 2.77176477539e-05, "dvar2": 6.23508094577e-05, "max": 0.115670591593, "mean": 0.00708173355088, "median": 0.00518952636048, "min": 1.48275545301e-22, "var": 4.6938588639e-05}, "spectral_entropy": {"dmean": 0.156716838479, "dmean2": 0.228755995631, "dvar": 0.0267595183104, "dvar2": 0.0520430877805, "max": 9.82207870483, "mean": 7.63025045395, "median": 7.64076566696, "min": 6.09509849548, "var": 0.13018143177}, "spectral_flux": {"dmean": 0.0230504255742, "dmean2": 0.0353351458907, "dvar": 0.000771948776674, "dvar2": 0.00159907282796, "max": 0.336686521769, "mean": 0.0912407413125, "median": 0.0840978398919, "min": 6.10639108722e-11, "var": 0.00219190027565}, "spectral_kurtosis": {"dmean": 3.15249991417, "dmean2": 4.59202194214, "dvar": 11.3458814621, "dvar2": 23.6930503845, "max": 52.6681785583, "mean": 15.3164234161, "median": 14.5704612732, "min": -1.25123429298, "var": 35.5973510742}, "spectral_rms": {"dmean": 0.000900146667846, "dmean2": 0.00128837733064, "dvar": 1.08343874672e-06, "dvar2": 2.01207149075e-06, "max": 0.0135344853625, "mean": 0.00447321869433, "median": 0.00432957103476, "min": 3.13201461294e-12, "var": 3.83343467547e-06}, "spectral_rolloff": {"dmean": 4905.82519531, "dmean2": 9206.68554688, "dvar": 54320544, "dvar2": 123957280, "max": 22028.4667969, "mean": 9801.40820312, "median": 3660.64453125, "min": 21.533203125, "var": 84964200}, "spectral_skewness": {"dmean": 0.288137644529, "dmean2": 0.408690363169, "dvar": 0.0921512693167, "dvar2": 0.175015240908, "max": 5.37170410156, "mean": 2.42875695229, "median": 2.41328883171, "min": -0.105339720845, "var": 0.37149643898}, "spectral_spread": {"dmean": 433999.8125, "dmean2": 649906, "dvar": 364922077184, "dvar2": 738164604928, "max": 42404328, "mean": 3915537.75, "median": 3488615.75, "min": 1722844.75, "var": 12477033087000.0}, "spectral_strongpeak":