{"lowlevel": {"average_loudness": 0.876007199287, "barkbands": {"dmean": [0.000694372691214, 0.00433421414346, 0.00185688189231, 0.000959770870395, 0.00138942280319, 0.00107676524203, 0.00116926757619, 0.000921403057873, 0.00090720190201, 0.000779130205046, 0.00070962466998, 0.000548306212295, 0.000391568406485, 0.000463594828034, 0.000404160527978, 0.000290948810289, 0.000235329309362, 0.000174192726263, 0.000114865870273, 6.64963081363e-05, 2.25925796258e-05, 7.08847846909e-06, 2.19017715608e-06, 2.15323711927e-06, 1.87071952951e-06, 2.18335185309e-06, 5.6489931012e-05], "dmean2": [0.00122291198932, 0.00733017083257, 0.00308478856459, 0.00164731056429, 0.00234829587862, 0.00174303108361, 0.00182623381261, 0.00154028227553, 0.00147797504906, 0.00128814927302, 0.0011724580545, 0.000883232103661, 0.000620258797426, 0.000755814544391, 0.000667583139148, 0.000466327212052, 0.000372547103325, 0.000272289442364, 0.000176370784175, 9.96570888674e-05, 3.36441407853e-05, 1.08146505227e-05, 3.70558109353e-06, 3.67980487681e-06, 3.19356922773e-06, 3.72485851585e-06, 7.9058110714e-05], "dvar": [8.34563252283e-07, 2.50902321568e-05, 9.48020078795e-06, 3.44620934811e-06, 8.08876757219e-06, 7.58436908654e-06, 1.20376398627e-05, 4.29251031164e-06, 4.02797786592e-06, 2.5480073873e-06, 4.09408903579e-06, 1.54761096383e-06, 7.73465558268e-07, 1.1908397255e-06, 4.70948549491e-07, 2.20312983856e-07, 1.43937128882e-07, 1.44269236557e-07, 1.73658520453e-07, 1.46523788658e-07, 1.29047448283e-08, 1.13107068156e-09, 1.20717411761e-11, 9.93099526225e-12, 9.34034533745e-12, 8.9590695973e-12, 3.13799226603e-08], "dvar2": [2.46779927693e-06, 6.84231272317e-05, 2.44504881266e-05, 9.21230912354e-06, 2.11505102925e-05, 1.73545631696e-05, 2.55142549577e-05, 1.12201032607e-05, 9.87019211607e-06, 6.54196401229e-06, 1.02198573586e-05, 3.80872529604e-06, 1.70914154296e-06, 2.95804306916e-06, 1.24437542581e-06, 5.46823059722e-07, 3.49051731519e-07, 3.29576579361e-07, 3.58732904715e-07, 3.32063819997e-07, 3.14177732719e-08, 2.34086661166e-09, 3.02989230927e-11, 2.50243801375e-11, 2.34606448851e-11, 2.25191809644e-11, 5.97687659365e-08], "max": [0.0102090695873, 0.0688931643963, 0.0471231490374, 0.0325376391411, 0.042817927897, 0.0740027204156, 0.119262777269, 0.0457078441978, 0.0445202514529, 0.0355326011777, 0.0635740160942, 0.0348480194807, 0.0295680202544, 0.0438745319843, 0.014402105473, 0.0106470687315, 0.00709647731856, 0.0125304060057, 0.0200384184718, 0.0141692208126, 0.00530145224184, 0.00135303568095, 5.17025837325e-05, 4.84551892441e-05, 4.39999530499e-05, 4.55969056929e-05, 0.00665856059641], "mean": [0.000743482203688, 0.00677075888962, 0.00232449523173, 0.00110863230657, 0.00176906271372, 0.00156731635798, 0.00192987872288, 0.00129226385616, 0.00142372970004, 0.00123583956156, 0.00107593100984, 0.000902443483938, 0.000677185307723, 0.00082285318058, 0.000773983658291, 0.000572260527406, 0.000452743901405, 0.000355165859219, 0.000223765382543, 0.000119217656902, 4.16280963691e-05, 1.26871100292e-05, 2.69429574473e-06, 2.50230664278e-06, 1.7067590079e-06, 3.02831904264e-06, 0.000154796493007], "median": [0.000419443967985, 0.00489568337798, 0.00114427471999, 0.000539334490895, 0.000869776704349, 0.000704705307726, 0.000621869054157, 0.000628149777185, 0.000574573699851, 0.000589259783737, 0.000396004703362, 0.000439239112893, 0.000331766845193, 0.000447329308372, 0.000439744180767, 0.000325083266944, 0.000263747002464, 0.000209192075999, 0.000124421203509, 5.53377903998e-05, 2.08301426028e-05, 6.73391832606e-06, 1.45617968883e-06, 1.50196865434e-06, 5.53254608349e-07, 2.12905524677e-06, 9.02515748749e-05], "min": [5.70336968144e-24, 9.64494790426e-24, 5.20062073793e-24, 2.09801462605e-24, 3.58009281042e-23, 2.77511863235e-23, 2.51049397951e-23, 1.13309329853e-23, 4.2452574858e-23, 8.87961398667e-24, 4.74372070578e-23, 4.1934952731e-23, 2.8942192741e-23, 6.49874279121e-23, 8.08927948928e-23, 9.31919757532e-23, 9.812967704e-23, 1.59445235117e-22, 1.78367395526e-22, 2.40282235456e-22, 2.85348659903e-22, 4.37710921211e-22, 4.63917612546e-22, 6.69450739697e-22, 1.08768323365e-21, 1.51112458248e-21, 1.9956901559e-21], "var": [9.09366349333e-07, 4.35228757851e-05, 1.22912533698e-05, 3.60347621609e-06, 9.26348093344e-06, 1.24348443933e-05, 3.80772289645e-05, 6.11855966781e-06, 8.06609386927e-06, 4.38708320871e-06, 6.0723673414e-06, 2.8126999041e-06, 1.96311088985e-06, 2.15677664528e-06, 1.09032509954e-06, 5.91600723965e-07, 3.26501435666e-07, 3.19530130355e-07, 3.00109320506e-07, 1.82110383662e-07, 1.54079913273e-08, 1.57263857492e-09, 1.34634317583e-11, 1.08310652114e-11, 9.62641945323e-12, 1.03089385986e-11, 7.28959932417e-08]}, "barkbands_crest": {"dmean": 3.17649054527, "dmean2": 5.29336023331, "dvar": 7.38320493698, "dvar2": 19.44480896, "max": 26.0166149139, "mean": 9.5886888504, "median": 8.67233848572, "min": 2.40876674652, "var": 17.7502479553}, "barkbands_flatness_db": {"dmean": 0.0224528256804, "dmean2": 0.0366319417953, "dvar": 0.00033799619996, "dvar2": 0.000890721043106, "max": 0.293393313885, "mean": 0.131618693471, "median": 0.128416091204, "min": 0.0536218546331, "var": 0.000964632781688}, "barkbands_kurtosis": {"dmean": 1.91772580147, "dmean2": 3.1543982029, "dvar": 8.59054470062, "dvar2": 22.6495761871, "max": 74.7606506348, "mean": 2.45619082451, "median": 1.36869168282, "min": -1.82502543926, "var": 15.7903690338}, "barkbands_skewness": {"dmean": 0.486094087362, "dmean2": 0.776431202888, "dvar": 0.204652249813, "dvar2": 0.509532213211, "max": 7.43035459518, "mean": 1.2780418396, "median": 1.17706668377, "min": -2.29289007187, "var": 0.728344142437}, "barkbands_spread": {"dmean": 4.76424503326, "dmean2": 7.518907547, "dvar": 22.0710296631, "dvar2": 48.551448822, "max": 134.381835938, "mean": 22.0993747711, "median": 21.1892356873, "min": 2.45127677917, "var": 87.4533462524}, "dissonance": {"dmean": 0.0155364749953, "dmean2": 0.0267886705697, "dvar": 0.00021450787608, "dvar2": 0.000588935508858, "max": 0.500000178814, "mean": 0.47693964839, "median": 0.4816801548, "min": 0.342099785805, "var": 0.000349347945303}, "dynamic_complexity": 2.99293684959, "erbbands": {"dmean": [0.119096979499, 1.04818785191, 2.19985723495, 2.37965846062, 4.31337547302, 4.47822237015, 5.45604419708, 10.8078327179, 17.34075737, 15.9561481476, 20.5825557709, 19.6122093201, 21.5541439056, 25.8258304596, 26.1288127899, 19.7486820221, 16.7839851379, 19.5480976105, 23.5875911713, 16.9544467926, 14.3640003204, 13.5769853592, 9.33854484558, 7.91014575958, 4.1883764267, 3.13789749146, 1.24857592583, 0.707632780075, 0.294254869223, 0.113373249769, 0.0593879781663, 0.0519095361233, 0.0312645621598, 0.0211484599859, 0.0131857218221, 0.00734759448096, 0.00524148810655, 0.00474256183952, 0.00606589671224, 0.00121223728638], "dmean2": [0.198534443974, 1.78666186333, 3.68017721176, 3.98207783699, 7.36819648743, 7.61666059494, 9.18095016479, 17.3790874481, 26.8283119202, 25.9132575989, 34.0899581909, 31.9056472778, 35.3057479858, 42.4678268433, 42.4024009705, 31.8370704651, 26.2415008545, 31.4569740295, 38.7022819519, 27.4180812836, 22.9609661102, 21.5666236877, 14.4233264923, 12.1867170334, 6.25154304504, 4.7320728302, 1.86561059952, 1.051456213, 0.448041856289, 0.180475592613, 0.100753091276, 0.0890750214458, 0.053353972733, 0.0360937342048, 0.0225040670484, 0.0125345541164, 0.00900812726468, 0.00691521540284, 0.00839475356042, 0.00173530855682], "dvar": [0.0198762565851, 1.52238404751, 11.0591907501, 19.0260314941, 83.4567260742, 94.7441101074, 101.043312073, 907.348999023, 3028.484375, 1641.81896973, 2844.73022461, 1773.33117676, 2527.93994141, 4048.41040039, 4804.91699219, 2383.49658203, 1581.33093262, 1298.81335449, 2615.46337891, 759.170715332, 524.831115723, 459.162719727, 441.72946167, 596.511657715, 260.332946777, 377.927703857, 33.6837425232, 15.4487800598, 2.37153720856, 0.0724689811468, 0.00898776948452, 0.00493956916034, 0.00259576784447, 0.00119331211317, 0.000463790114736, 0.000142762713949, 3.43381507264e-05, 0.000634976429865, 0.000995549722575, 1.01179930425e-05], "dvar2": [0.05312795192, 4.14440870285, 28.7458629608, 49.9493179321, 222.850372314, 243.150512695, 259.160949707, 2110.59228516, 6529.88574219, 3635.18383789, 7445.52050781, 4356.41503906, 6314.18212891, 10559.015625, 11507.8652344, 5968.96044922, 3333.95043945, 2974.64428711, 6829.15625, 1934.9420166, 1341.52038574, 1121.82055664, 1044.94140625, 1252.73718262, 488.041168213, 878.61529541, 78.6071777344, 37.5808982849, 4.94230794907, 0.155803307891, 0.0225366931409, 0.0125098200515, 0.00651966873556, 0.00299722887576, 0.00116490561049, 0.000358494988177, 8.79556828295e-05, 0.00129312544595, 0.00201436062343, 1.91496565094e-05], "max": [1.69480502605, 17.2846126556, 45.5512733459, 73.4164276123, 213.052200317, 213.139129639, 244.838653564, 816.686767578, 2082.35009766, 1375.83679199, 1267.93981934, 1203.85437012, 1297.83154297, 1863.45812988, 2286.70507812, 1772.94555664, 1551.69250488, 1228.23730469, 1934.16638184, 510.659790039, 586.276916504, 383.774871826, 832.22076416, 979.553161621, 762.479858398, 793.417785645, 269.126190186, 170.937606812, 59.7391548157, 10.3311519623, 1.35162746906, 1.11016619205, 0.738090455532, 0.497789502144, 0.309989273548, 0.173079833388, 0.090182133019, 1.26776325703, 1.01246619225, 0.14533649385], "mean": [0.186552837491, 1.54325532913, 2.9424226284, 3.17751073837, 5.27492666245, 5.33512401581, 7.165558815, 15.9431943893, 29.4064331055, 24.4799442291, 30.2623023987, 31.5443115234, 35.6828384399, 41.8439865112, 44.2816543579, 35.4109191895, 32.16796875, 37.3386802673, 45.4611358643, 35.6728439331, 30.1588802338, 27.2355117798, 19.5254039764, 16.1397476196, 8.71420860291, 5.67624235153, 2.37814950943, 1.27278339863, 0.53124153614, 0.192924529314, 0.0726984292269, 0.0659929066896, 0.0295881927013, 0.0193694438785, 0.0120718376711, 0.00706513039768, 0.0081101898104, 0.00981435365975, 0.0131689123809, 0.00345042767003], "median": [0.129020869732, 1.08413076401, 1.68923902512, 1.76442408562, 2.2488951683, 2.55469632149, 3.55639219284, 6.36494255066, 8.62570953369, 11.7169361115, 14.1665439606, 13.2192001343, 16.6869010925, 19.6340904236, 18.1061534882, 18.4989871979, 16.3920555115, 20.6270751953, 26.557559967, 20.5034732819, 18.1054649353, 16.4822425842, 11.1943149567, 9.37167549133, 4.83411502838, 2.58126449585, 1.18489217758, 0.629893898964, 0.27626106143, 0.119121804833, 0.0393368080258, 0.0447111278772, 0.0104669500142, 0.00633541075513, 0.00393958762288, 0.00257854093798, 0.00647340808064, 0.00521761458367, 0.006021827925, 0.00208994676359], "min": [3.17699454351e-22, 1.59657692398e-21, 6.89621526817e-21, 1.13213778981e-20, 1.88480728141e-20, 1.20391097525e-19, 1.8577406393e-19, 1.74591150735e-19, 3.7321298394e-19, 2.75629737444e-19, 1.92825494309e-19, 7.25733424471e-19, 7.08402439674e-19, 8.09087380822e-19, 1.88619947808e-18, 1.93711575351e-18, 1.59986987507e-18, 3.18525974673e-18, 4.75251368345e-18, 5.41935443325e-18, 5.30407564795e-18, 5.32058906811e-18, 8.57491570765e-18, 1.09915660534e-17, 1.15656691032e-17, 1.09502822962e-17, 8.47872618294e-18, 1.37276669343e-17, 1.56489188113e-17, 1.29039579988e-17, 1.26537449625e-17, 1.50348066896e-17, 1.03672622395e-17, 9.49957045641e-18, 8.59076945127e-18, 4.92176186782e-18, 3.00437892141e-18, 1.0155822674e-18, 2.69132983365e-19, 3.28055274983e-20], "var": [0.0358617790043, 2.47105836868, 14.524315834, 21.7352390289, 109.494216919, 101.057632446, 131.440109253, 1475.76037598, 10370.9873047, 3151.38793945, 3960.6105957, 3626.43505859, 4325.53613281, 5776.39550781, 9044.10253906, 4117.03027344, 4626.15722656, 3255.33422852, 4709.5390625, 2076.9453125, 1422.60717773, 1071.83679199, 967.018371582, 1059.39599609, 498.316223145, 452.395568848, 44.0262069702, 18.2109050751, 3.19950890541, 0.106175981462, 0.00974700506777, 0.00566536094993, 0.00267759058625, 0.00123044964857, 0.000478370930068, 0.00014765355445, 4.59471448266e-05, 0.00091785780387, 0.0016597174108, 2.71468325082e-05]}, "erbbands_crest": {"dmean": 2.45337939262, "dmean2": 4.08492136002, "dvar": 5.71154212952, "dvar2": 14.5614671707, "max": 31.5042686462, "mean": 7.66987705231, "median": 6.67121267319, "min": 2.51773071289, "var": 12.5260868073}, "erbbands_flatness_db": {"dmean": 0.0210829321295, "dmean2": 0.0338604673743, "dvar": 0.000283675646642, "dvar2": 0.000729159452021, "max": 0.341405361891, "mean": 0.173614725471, "median": 0.169762194157, "min": 0.0516986958683, "var": 0.00133299501613}, "erbbands_kurtosis": {"dmean": 0.682122647762, "dmean2": 1.10568547249, "dvar": 0.800888001919, "dvar2": 1.8932980299, "max": 29.9964065552, "mean": 0.0400249511003, "median": -0.231539368629, "min": -1.64459729195, "var": 1.55519032478}, "erbbands_skewness": {"dmean": 0.329388707876, "dmean2": 0.525647163391, "dvar": 0.0745619609952, "dvar2": 0.185383230448, "max": 2.85468697548, "mean": -0.115998975933, "median": -0.147454082966, "min": -3.57878351212, "var": 0.32192710042}, "erbbands_spread": {"dmean": 4.92743873596, "dmean2": 7.88159513474, "dvar": 20.0773983002, "dvar2": 49.123550415, "max": 81.7782516479, "mean": 25.8386116028, "median": 25.1722564697, "min": 3.49271345139, "var": 73.9948806763}, "gfcc": {"cov": [[7617.47363281, 339.350830078, -448.072296143, 78.0766296387, 129.451095581, -230.399902344, -0.737771093845, -146.001678467, -115.406364441, -43.8682670593, 17.4795818329, -25.8965625763, 76.0721511841], [339.350830078, 558.577209473, 11.1736936569, -3.54434347153, 99.7868652344, -71.3712463379, 63.7538337708, -103.531234741, 46.9990844727, -32.9153327942, 5.11862039566, 14.3353586197, -42.2854728699], [-448.072296143, 11.1736936569, 474.161346436, 232.13092041, -50.085849762, 187.277359009, -141.645004272, 101.304450989, -53.133682251, 47.9460754395, 0.865928411484, 9.78835487366, -20.9040164948], [78.0766296387, -3.54434347153, 232.13092041, 295.509216309, 83.349357605, 29.9699573517, 16.7455348969, 0.00253500253893, -17.8778343201, 15.5363388062, 8.72535705566, 21.8036212921, -22.4788017273], [129.451095581, 99.7868652344, -50.085849762, 83.349357605, 183.607467651, -46.3383216858, 112.081802368, -73.4908065796, 19.4261455536, -28.6720466614, 6.37898111343, 8.58116436005, -8.70271587372], [-230.399902344, -71.3712463379, 187.277359009, 29.9699573517, -46.3383216858, 280.800872803, -100.511070251, 110.630737305, -67.4258117676, 22.6193599701, -3.95002746582, -9.02836894989, 9.27180194855], [-0.737771093845, 63.7538337708, -141.645004272, 16.7455348969, 112.081802368, -100.511070251, 219.043670654, -49.5728111267, 62.9621505737, -25.1244983673, -3.68156003952, 18.3915634155, -15.2468938828], [-146.001678467, -103.531234741, 101.304450989, 0.00253500253893, -73.4908065796, 110.630737305, -49.5728111267, 169.730895996, 20.881816864, 31.9317741394, 3.60366153717, -13.2658653259, 15.0634469986], [-115.406364441, 46.9990844727, -53.133682251, -17.8778343201, 19.4261455536, -67.4258117676, 62.9621505737, 20.881816864, 107.528907776, 29.8587265015, 5.84772634506, 7.53242588043, -13.6183166504], [-43.8682670593, -32.9153327942, 47.9460754395, 15.5363388062, -28.6720466614, 22.6193599701, -25.1244983673, 31.9317741394, 29.8587265015, 66.7529373169, 29.5960712433, 5.51834583282, 0.0792254060507], [17.4795818329, 5.11862039566, 0.865928411484, 8.72535705566, 6.37898111343, -3.95002746582, -3.68156003952, 3.60366153717, 5.84772634506, 29.5960712433, 56.9264640808, 30.6180496216, 5.15405845642], [-25.8965625763, 14.3353586197, 9.78835487366, 21.8036212921, 8.58116436005, -9.02836894989, 18.3915634155, -13.2658653259, 7.53242588043, 5.51834583282, 30.6180496216, 57.1760025024, 14.5351905823], [76.0721511841, -42.2854728699, -20.9040164948, -22.4788017273, -8.70271587372, 9.27180194855, -15.2468938828, 15.0634469986, -13.6183166504, 0.0792254060507, 5.15405845642, 14.5351905823, 54.6589355469]], "icov": [[0.000228412900469, -0.000492542225402, 0.00107477803249, -0.000741841038689, -0.000193145810044, 0.000366540130926, 0.000472906715004, -0.000934711133596, 0.00140701537021, -0.0013306546025, 0.0010790284723, -0.000621441809926, 0.000119599688333], [-0.000492542225402, 0.00425164029002, -0.00498497858644, 0.00335733476095, -1.66436821019e-05, -0.00151193491183, -0.00152516749222, 0.00562252243981, -0.00755538977683, 0.00771920382977, -0.00637565646321, 0.00364306429401, -0.000533423386514], [0.00107477803249, -0.00498497858644, 0.0159463267773, -0.0109393587336, -0.000327154702973, 0.000541935849469, 0.00693513266742, -0.0105694644153, 0.0124149546027, -0.014232381247, 0.0140488687903, -0.0105660771951, 0.00554960174486], [-0.000741841038689, 0.00335733476095, -0.0109393587336, 0.0147285182029, -0.00743593648076, 0.00295490282588, -0.00346652185544, 0.00129854644183, 0.000520494650118, -0.000519863911904, -2.38862630795e-05, -0.00278400536627, 0.0033662756905], [-0.000193145810044, -1.66436821019e-05, -0.000327154702973, -0.00743593648076, 0.0197499282658, -0.00771579891443, -0.00632664654404, 0.0128021650016, -0.0152478870004, 0.0181034449488, -0.0185026451945, 0.0163959432393, -0.0102074593306], [0.000366540130926, -0.00151193491183, 0.000541935849469, 0.00295490282588, -0.00771579891443, 0.0121331475675, 0.00230495678261, -0.0125002898276, 0.016821205616, -0.0147312646732, 0.0133848823607, -0.0108243077993, 0.00637264084071], [0.000472906715004, -0.00152516749222, 0.00693513266742, -0.00346652185544, -0.00632664654404, 0.00230495678261, 0.0127426851541, -0.0060226470232, 0.00260975514539, -0.00509181898087, 0.00969995278865, -0.00991807691753, 0.00558500410989], [-0.000934711133596, 0.00562252243981, -0.0105694644153, 0.00129854644183, 0.0128021650016, -0.0125002898276, -0.0060226470232, 0.0292639490217, -0.0302032213658, 0.0264263469726, -0.0269819889218, 0.0239617750049, -0.0148348966613], [0.00140701537021, -0.00755538977683, 0.0124149546027, 0.000520494650118, -0.0152478870004, 0.016821205616, 0.00260975514539, -0.0302032213658, 0.0535494759679, -0.047337654978, 0.0389102213085, -0.0308131426573, 0.018864845857], [-0.0013306546025, 0.00771920382977, -0.014232381247, -0.000519863911904, 0.0181034449488, -0.0147312646732, -0.00509181898087, 0.0264263469726, -0.047337654978, 0.0682877078652, -0.0531133711338, 0.0353440828621, -0.0174388419837], [0.0010790284723, -0.00637565646321, 0.0140488687903, -2.38862630795e-05, -0.0185026451945, 0.0133848823607, 0.00969995278865, -0.0269819889218, 0.0389102213085, -0.0531133711338, 0.0702821016312, -0.0474198907614, 0.0196086615324], [-0.000621441809926, 0.00364306429401, -0.0105660771951, -0.00278400536627, 0.0163959432393, -0.0108243077993, -0.00991807691753, 0.0239617750049, -0.0308131426573, 0.0353440828621, -0.0474198907614, 0.0560370385647, -0.024584736675], [0.000119599688333, -0.000533423386514, 0.00554960174486, 0.0033662756905, -0.0102074593306, 0.00637264084071, 0.00558500410989, -0.0148348966613, 0.018864845857, -0.0174388419837, 0.0196086615324, -0.024584736675, 0.0335771888494]], "mean": [-12.7157363892, 119.280158997, -120.105148315, -4.79556560516, -2.55278015137, -21.5245170593, -0.0278178006411, -5.28033304214, -0.175381064415, -4.57221651077, -5.1874871254, -2.82345128059, -7.90950012207]}, "hfc": {"dmean": 5.15390586853, "dmean2": 7.34685134888, "dvar": 74.394821167, "dvar2": 145.167877197, "max": 263.422973633, "mean": 20.0528659821, "median": 14.5487442017, "min": 1.14776484834e-16, "var": 356.181335449}, "melbands": {"dmean": [0.00111914018635, 0.00118904619012, 0.000458525551949, 0.00030278621125, 0.000195650602109, 0.000239496235736, 0.00025147627457, 0.000176171786734, 0.000171569728991, 0.000124834739836, 0.000111226509034, 0.000108173589979, 9.33393021114e-05, 6.38470810372e-05, 4.86510289193e-05, 3.78584081773e-05, 3.87984000554e-05, 4.2891868361e-05, 3.02790922433e-05, 2.13821349462e-05, 1.80319402716e-05, 1.63378263096e-05, 9.34870604397e-06, 8.98694997886e-06, 6.86986322762e-06, 3.73185071112e-06, 2.95714744425e-06, 2.01532657229e-06, 8.83068707935e-07, 6.00915029736e-07, 3.63521309055e-07, 1.87142788377e-07, 1.0496393088e-07, 4.94093619352e-08, 3.45047226347e-08, 3.41304939866e-08, 2.91112254303e-08, 2.22176872455e-08, 1.95255527302e-08, 1.72528071829e-08], "dmean2": [0.00187517702579, 0.00200468604453, 0.000767964462284, 0.000516291416716, 0.000327829067828, 0.000384487764677, 0.000388460262911, 0.00028899020981, 0.000282973167486, 0.000203673072974, 0.000182595773367, 0.000178517657332, 0.000153054657858, 0.000102383455669, 7.81255585025e-05, 5.97837060923e-05, 6.33806266706e-05, 7.06951832399e-05, 5.02478214912e-05, 3.43538085872e-05, 2.94432411465e-05, 2.64021564362e-05, 1.45380536196e-05, 1.43232564369e-05, 1.07705918708e-05, 5.78191475142e-06, 4.47252295999e-06, 3.09678785015e-06, 1.3516329318e-06, 9.26943926061e-07, 5.41189024261e-07, 2.9068453955e-07, 1.63009644893e-07, 8.17686398591e-08, 5.87804684926e-08, 5.85144839249e-08, 4.9837954208e-08, 3.79138107576e-08, 3.33221201743e-08, 2.94460864581e-08], "dvar": [1.6844073798e-06, 2.3526199584e-06, 7.50837784835e-07, 4.03739079502e-07, 1.31582709173e-07, 4.13314438674e-07, 5.79677418955e-07, 1.66968987969e-07, 2.11890380797e-07, 7.23055038065e-08, 6.51976463928e-08, 6.63275088186e-08, 7.0067379454e-08, 2.01560510504e-08, 1.32671429398e-08, 7.33255367535e-09, 5.2747228807e-09, 1.10041646906e-08, 2.79150991211e-09, 1.51379730973e-09, 8.71760885701e-10, 6.68330502052e-10, 3.8525727053e-10, 3.66646879524e-10, 4.72772820892e-10, 1.99466901329e-10, 2.30946053947e-10, 1.61017532641e-10, 1.27072657952e-11, 1.26263765068e-11, 3.13013135377e-12, 1.09330220658e-12, 1.41198711794e-13, 6.39264870897e-15, 3.08655989595e-15, 2.26287880002e-15, 1.68625212145e-15, 1.31566705433e-15, 1.01695125048e-15, 7.94259988844e-16], "dvar2": [4.54196469946e-06, 6.29139412922e-06, 1.97262761503e-06, 1.06610980311e-06, 3.3497815366e-07, 9.49484842749e-07, 1.24496705212e-06, 3.77058768208e-07, 5.41112740393e-07, 1.7900852356e-07, 1.63827863275e-07, 1.72478181071e-07, 1.70392283394e-07, 4.92970428922e-08, 3.35347429825e-08, 1.56333417323e-08, 1.2520434467e-08, 2.85854167004e-08, 7.43548911331e-09, 3.74961839356e-09, 2.27969798594e-09, 1.68787872568e-09, 9.04326225015e-10, 8.42639791276e-10, 9.98707228028e-10, 4.53038079273e-10, 4.86301166003e-10, 3.85861897989e-10, 2.90427334959e-11, 3.29384713948e-11, 7.05171381357e-12, 2.34707197254e-12, 2.92035709851e-13, 1.53371933887e-14, 7.74926048894e-15, 5.71808437527e-15, 4.25834125177e-15, 3.30373194385e-15, 2.55439810607e-15, 1.99499086616e-15], "max": [0.0161646958441, 0.0183605458587, 0.0141583848745, 0.0103767178953, 0.00666373828426, 0.0172998458147, 0.0286076199263, 0.0141473403201, 0.0120451953262, 0.00760242203251, 0.00628473330289, 0.00693110050634, 0.00818327907473, 0.00350458198227, 0.00338243087754, 0.00351275899448, 0.00245842849836, 0.0042991116643, 0.00092880113516, 0.00107132573612, 0.000793029845227, 0.000442606949946, 0.000635358679574, 0.000579516869038, 0.000897529302165, 0.000759895599913, 0.000746155914385, 0.000572466640733, 0.000137324168463, 0.000182136500371, 6.58128919895e-05, 4.19429925387e-05, 1.89176134882e-05, 1.89962236163e-06, 7.98861094609e-07, 7.42386930597e-07, 6.367187666e-07, 5.25009966168e-07, 4.59904839545e-07, 4.05837226936e-07], "mean": [0.00186158984434, 0.00176369096152, 0.000639114237856, 0.000377888733055, 0.000253362028161, 0.000359859957825, 0.000428626546636, 0.000263515685219, 0.000250412034802, 0.00019618839724, 0.000178220623638, 0.000169139733771, 0.000149628001964, 0.000106994099042, 8.2057347754e-05, 6.6946609877e-05, 6.81750971125e-05, 7.4887102528e-05, 5.66932903894e-05, 4.06195067626e-05, 3.37465753546e-05, 3.00023384625e-05, 1.80591487151e-05, 1.74462602445e-05, 1.28017845782e-05, 6.99303154761e-06, 5.28012924406e-06, 3.35760933012e-06, 1.57604745255e-06, 1.0065166407e-06, 6.29016426501e-07, 3.15687742614e-07, 1.8126971213e-07, 7.49391873001e-08, 3.88308585286e-08, 4.39920846418e-08, 3.50069555566e-08, 2.04018970607e-08, 1.78459096389e-08, 1.57379549393e-08], "median": [0.00136474706233, 0.00121883070096, 0.000364120438462, 0.000178161877557, 0.000124571553897, 0.000146178208524, 0.000134318019263, 0.000131715176394, 0.000111725719762, 7.93878862169e-05, 8.18000917207e-05, 7.77696841396e-05, 5.69701951463e-05, 4.85276250402e-05, 4.19248644903e-05, 3.16221921821e-05, 3.62211358151e-05, 4.11853543483e-05, 3.10896830342e-05, 2.19365247176e-05, 1.9777489797e-05, 1.80300157808e-05, 9.04331318452e-06, 1.05183680716e-05, 7.07300432623e-06, 3.75365107175e-06, 2.66323831966e-06, 1.39423991641e-06, 7.73504439167e-07, 4.744768205e-07, 3.09498886963e-07, 1.54816930831e-07, 1.02623523901e-07, 4.72954475583e-08, 1.87603070856e-08, 2.94271096379e-08, 2.22743388179e-08, 6.74246258825e-09, 5.81682746414e-09, 5.09379116664e-09], "min": [3.49681962774e-24, 2.92689799487e-24, 3.19573350833e-24, 3.93064894941e-24, 7.9152283746e-24, 4.41991665447e-24, 5.83142704991e-24, 2.84134780463e-24, 1.0530572263e-24, 5.16982518591e-24, 3.42812601455e-24, 2.70336893256e-24, 7.63237046412e-24, 6.28015361533e-24, 5.19039788946e-24, 3.41438405758e-24, 5.87715376671e-24, 6.66540527688e-24, 5.10661336715e-24, 8.7890377664e-24, 5.57298004571e-24, 4.89861559556e-24, 5.54377444284e-24, 7.25281635046e-24, 7.8869626995e-24, 7.37609164411e-24, 8.40125741122e-24, 5.20301926952e-24, 4.56047589056e-24, 6.25192580556e-24, 7.83896840203e-24, 9.03901595435e-24, 6.91262481824e-24, 6.75977118494e-24, 5.76376329462e-24, 6.59382758821e-24, 8.47435326269e-24, 6.82743415137e-24, 7.41094273005e-24, 7.31232959487e-24], "var": [3.17467311106e-06, 3.40574797519e-06, 8.8056367531e-07, 4.67719360131e-07, 1.64094359434e-07, 7.20625507711e-07, 1.95613165488e-06, 3.20047945479e-07, 3.13988010703e-07, 1.43389314644e-07, 1.10029105826e-07, 9.51461132104e-08, 1.16702366881e-07, 3.9991647327e-08, 2.33931132243e-08, 2.07633714666e-08, 1.17923395493e-08, 1.73904730616e-08, 6.15837114637e-09, 3.57492302427e-09, 1.92413462941e-09, 1.35249900168e-09, 8.84121664768e-10, 7.6174500041e-10, 7.93570209545e-10, 3.32762650768e-10, 3.07667696875e-10, 1.82304754626e-10, 1.70619369327e-11, 1.28766459301e-11, 4.16351068205e-12, 1.39867793996e-12, 1.95712559657e-13, 8.94999576024e-15, 3.26685615273e-15, 2.55849372213e-15, 1.87656464871e-15, 1.35598222273e-15, 1.04825197662e-15, 8.18802133216e-16]}, "melbands_crest": {"dmean": 3.78868174553, "dmean2": 6.30953407288, "dvar": 9.39026737213, "dvar2": 24.9143333435, "max": 38.2698783875, "mean": 13.9778528214, "median": 13.5178661346, "min": 1.717892766, "var": 26.5563373566}, "melbands_flatness_db": {"dmean": 0.0299150645733, "dmean2": 0.0485416091979, "dvar": 0.000588007562328, "dvar2": 0.00154541234951, "max": 0.429045826197, "mean": 0.238152176142, "median": 0.235190778971, "min": 0.00562014197931, "var": 0.00189167971257}, "melbands_kurtosis": {"dmean": 3.97335457802, "dmean2": 6.57007551193, "dvar": 35.0134773254, "dvar2": 91.9860992432, "max": 98.7957458496, "mean": 5.82208967209, "median": 3.33536529541, "min": -1.78086864948, "var": 67.1518478394}, "melbands_skewness": {"dmean": 0.672788143158, "dmean2": 1.08739984035, "dvar": 0.396898806095, "dvar2": 1.01293480396, "max": 8.85098266602, "mean": 1.9631882906, "median": 1.77422428131, "min": -0.809151291847, "var": 1.40310096741}, "melbands_spread": {"dmean": 6.41307926178, "dmean2": 10.2973527908, "dvar": 48.686088562, "dvar2": 110.202232361, "max": 212.010391235, "mean": 23.1645889282, "median": 21.1594924927, "min": 1.69928252697, "var": 158.667800903}, "mfcc": {"cov": [[4044.84619141, 598.762939453, -569.97442627, 256.481079102, -51.1348342896, 23.9528427124, 29.6080322266, -62.3661880493, 5.46411466599, -99.9786224365, -32.2369117737, -40.5961456299, -0.56422740221], [598.762939453, 668.045166016, -172.172958374, 78.8003463745, -14.7574710846, 48.2389068604, -30.800359726, 9.35637664795, -22.3059768677, 15.3567838669, -18.9785785675, 6.80441570282, -12.723526001], [-569.97442627, -172.172958374, 603.538391113, -34.1687049866, 183.015930176, 10.2188215256, 21.8492794037, 13.6952962875, -19.7046642303, 24.6806106567, 24.7921638489, 18.3929290771, 4.50517511368], [256.481079102, 78.8003463745, -34.1687049866, 378.967559814, 6.15974473953, 77.4033432007, 16.2109947205, 11.7757387161, -7.61026287079, -16.872171402, 21.7896556854, 13.42283535, 1.36830496788], [-51.1348342896, -14.7574710846, 183.015930176, 6.15974473953, 163.928710938, 41.4823722839, 31.7983188629, 10.1778736115, -15.034573555, 3.77763056755, -0.000691731111147, 8.27349948883, 1.4652838707], [23.9528427124, 48.2389068604, 10.2188215256, 77.4033432007, 41.4823722839, 134.089782715, 55.3326797485, 13.885345459, -14.0020074844, -13.8483228683, -11.2901773453, 1.09195971489, 1.95533597469], [29.6080322266, -30.800359726, 21.8492794037, 16.2109947205, 31.7983188629, 55.3326797485, 96.2254714966, 37.8139877319, 3.74623680115, -10.0097513199, -7.6034784317, -1.77460098267, 9.65743541718], [-62.3661880493, 9.35637664795, 13.6952962875, 11.7757387161, 10.1778736115, 13.885345459, 37.8139877319, 81.5636367798, 31.826335907, 16.5670375824, 2.77024388313, 4.46902990341, 4.95255470276], [5.46411466599, -22.3059768677, -19.7046642303, -7.61026287079, -15.034573555, -14.0020074844, 3.74623680115, 31.826335907, 76.0767593384, 33.3350448608, 11.8187646866, -3.38680386543, 3.22074961662], [-99.9786224365, 15.3567838669, 24.6806106567, -16.872171402, 3.77763056755, -13.8483228683, -10.0097513199, 16.5670375824, 33.3350448608, 73.9555282593, 31.1885147095, 11.0459699631, -3.78946113586], [-32.2369117737, -18.9785785675, 24.7921638489, 21.7896556854, -0.000691731111147, -11.2901773453, -7.6034784317, 2.77024388313, 11.8187646866, 31.1885147095, 61.4798202515, 25.2025680542, 6.2082195282], [-40.5961456299, 6.80441570282, 18.3929290771, 13.42283535, 8.27349948883, 1.09195971489, -1.77460098267, 4.46902990341, -3.38680386543, 11.0459699631, 25.2025680542, 51.9918212891, 20.9101295471], [-0.56422740221, -12.723526001, 4.50517511368, 1.36830496788, 1.4652838707, 1.95533597469, 9.65743541718, 4.95255470276, 3.22074961662, -3.78946113586, 6.2082195282, 20.9101295471, 50.1616210938]], "icov": [[0.000380242941901, -0.000349981099134, 0.000324074615492, -0.00020216908888, -0.000377681397367, 0.000415395654272, -0.000547572155483, 0.000603096734267, -0.000505629112013, 0.000638839555904, -0.00031814238173, 0.000270854390692, -6.01760584686e-05], [-0.000349981099134, 0.00228368118405, 0.000435726164142, -8.64910834935e-05, -0.000112359084596, -0.00124412833247, 0.00191316159908, -0.00153883127496, 0.00170526199508, -0.00197471957654, 0.00139134866185, -0.000700785079971, 0.000235178478761], [0.000324074615492, 0.000435726164142, 0.00322302267887, -4.2903026042e-05, -0.00354947685264, 0.000604288652539, 0.000119990319945, -0.000248894531978, 0.000775393564254, -0.000397755327867, -0.000887943606358, 0.000282441760646, -0.000180206596269], [-0.00020216908888, -8.64910834935e-05, -4.2903026042e-05, 0.00346503802575, 0.000281494634692, -0.0024006946478, 0.001066366327, -0.00098055228591, -2.45057399297e-05, 0.00148218113463, -0.00228839647025, -0.000253389764111, 0.00036438141251], [-0.000377681397367, -0.000112359084596, -0.00354947685264, 0.000281494634692, 0.0110614430159, -0.00245537306182, -0.00147375499364, -0.000236897540162, 0.00129716424271, -0.00135992839932, 0.0014265992213, -0.00138411880471, 0.000572474207729], [0.000415395654272, -0.00124412833247, 0.000604288652539, -0.0024006946478, -0.00245537306182, 0.0131298815832, -0.00770587893203, 0.00201023719274, 0.000554349215236, 0.000294475117698, 0.00170016998891, -0.000489675439894, 0.000525690207724], [-0.000547572155483, 0.00191316159908, 0.000119990319945, 0.001066366327, -0.00147375499364, -0.00770587893203, 0.0199877843261, -0.00942033901811, 0.00159883510787, 0.00142662227154, -0.000179420036147, 0.00195650733076, -0.0029236630071], [0.000603096734267, -0.00153883127496, -0.000248894531978, -0.00098055228591, -0.000236897540162, 0.00201023719274, -0.00942033901811, 0.0206897538155, -0.00848934892565, -0.000989052467048, 0.00165435962845, -0.00250765075907, 0.000675981282257], [-0.000505629112013, 0.00170526199508, 0.000775393564254, -2.45057399297e-05, 0.00129716424271, 0.000554349215236, 0.00159883510787, -0.00848934892565, 0.0225100517273, -0.0100988019258, -0.000157951726578, 0.0047043422237, -0.00332097499631], [0.000638839555904, -0.00197471957654, -0.000397755327867, 0.00148218113463, -0.00135992839932, 0.000294475117698, 0.00142662227154, -0.000989052467048, -0.0100988019258, 0.0254737474024, -0.011185134761, -0.00134555238765, 0.00387087929994], [-0.00031814238173, 0.00139134866185, -0.000887943606358, -0.00228839647025, 0.0014265992213, 0.00170016998891, -0.000179420036147, 0.00165435962845, -0.000157951726578, -0.011185134761, 0.0282909572124, -0.011585123837, 0.000747835321818], [0.000270854390692, -0.000700785079971, 0.000282441760646, -0.000253389764111, -0.00138411880471, -0.000489675439894, 0.00195650733076, -0.00250765075907, 0.0047043422237, -0.00134555238765, -0.011585123837, 0.0311345942318, -0.0122112315148], [-6.01760584686e-05, 0.000235178478761, -0.000180206596269, 0.00036438141251, 0.000572474207729, 0.000525690207724, -0.0029236630071, 0.000675981282257, -0.00332097499631, 0.00387087929994, 0.000747835321818, -0.0122112315148, 0.0259631238878]], "mean": [-667.688232422, 179.798751831, -48.0380744934, 31.9755725861, 3.65211510658, 5.86832761765, 3.48553395271, 7.45571756363, 4.96850442886, 7.23559188843, 3.44710874557, 3.61146521568, 1.08434152603]}, "pitch_salience": {"dmean": 0.086613997817, "dmean2": 0.143675297499, "dvar": 0.00528402579948, "dvar2": 0.0141502143815, "max": 0.862419843674, "mean": 0.576348483562, "median": 0.587500095367, "min": 0.0684975981712, "var": 0.0136911645532}, "silence_rate_20dB": {"dmean": 0, "dmean2": 0, "dvar": 0, "dvar2": 0, "max": 1, "mean": 1, "median": 1, "min": 1, "var": 0}, "silence_rate_30dB": {"dmean": 0.00132996414322, "dmean2": 0.0026602819562, "dvar": 0.00132819113787, "dvar2": 0.00291935750283, "max": 1, "mean": 0.997606396675, "median": 1, "min": 0, "var": 0.00238788151182}, "silence_rate_60dB": {"dmean": 0.00159595685545, "dmean2": 0.00305932434276, "dvar": 0.00159371411428, "dvar2": 0.00384822348133, "max": 1, "mean": 0.0232712756842, "median": 0, "min": 0, "var": 0.0227298550308}, "spectral_centroid": {"dmean": 192.568603516, "dmean2": 294.09185791, "dvar": 36251.59375, "dvar2": 72394.4453125, "max": 11127.4814453, "mean": 1273.72998047, "median": 1225.12792969, "min": 308.506530762, "var": 243328.875}, "spectral_complexity": {"dmean": 3.41082596779, "dmean2": 5.23024749756, "dvar": 9.44205093384, "dvar2": 18.3314666748, "max": 57, "mean": 23.9039897919, "median": 24, "min": 0, "var": 80.3888168335}, "spectral_contrast_coeffs": {"dmean": [0.0517452694476, 0.0504605285823, 0.0381356887519, 0.0278436709195, 0.0211789309978, 0.0543797574937], "dmean2": [0.0863406434655, 0.0849066078663, 0.0637492015958, 0.0466542430222, 0.0350309498608, 0.0892287641764], "dvar": [0.00167615956161, 0.00159286463168, 0.000910522532649, 0.000465532677481, 0.000276000093436, 0.00213956064545], "dvar2": [0.00457133119926, 0.00445947097614, 0.00247299089096, 0.00130226439796, 0.000732156739105, 0.0057353139855], "max": [-0.392847895622, -0.440119564533, -0.566547334194, -0.651962161064, -0.63465732336, -0.443217098713], "mean": [-0.712797880173, -0.771392285824, -0.799973964691, -0.807598054409, -0.785901427269, -0.744691669941], "median": [-0.718964040279, -0.779559254646, -0.805999994278, -0.810449957848, -0.786387443542, -0.754854023457], "min": [-0.968600690365, -0.969448924065, -0.968481421471, -0.962252497673, -0.960937976837, -0.964183986187], "var": [0.00421338155866, 0.00436216685921, 0.00238114478998, 0.0012879294809, 0.000963034282904, 0.00479121040553]}, "spectral_contrast_valleys": {"dmean": [0.405375212431, 0.34263253212, 0.275332152843, 0.230449855328, 0.20877058804, 0.838563024998], "dmean2": [0.679785430431, 0.575894415379, 0.454285591841, 0.365847826004, 0.309947162867, 1.39014685154], "dvar": [0.107349701226, 0.0829701721668, 0.0591611675918, 0.0494279526174, 0.0528050512075, 0.510329544544], "dvar2": [0.284429043531, 0.214387461543, 0.137970075011, 0.101390741765, 0.0965609624982, 1.37841451168], "max": [-5.3299279213, -4.64593601227, -4.65443897247, -5.5437374115, -5.22610044479, -9.13332653046], "mean": [-6.95265007019, -6.36252164841, -6.7028799057, -7.00770330429, -7.51632452011, -11.5347032547], "median": [-6.77204227448, -6.26224517822, -6.62791252136, -6.89739131927, -7.41529321671, -11.4193096161], "min": [-28.1079273224, -27.6969432831, -27.2720527649, -27.4569530487, -27.3480014801, -27.3069763184], "var": [1.26655983925, 1.03913724422, 1.09975302219, 1.07045722008, 1.06465625763, 1.36959803104]}, "spectral_decrease": {"dmean": 2.14029793888e-09, "dmean2": 3.43692696525e-09, "dvar": 5.80164918823e-18, "dvar2": 1.44312874429e-17, "max": 3.9689162351e-19, "mean": -6.5136567251e-09, "median": -5.54924994844e-09, "min": -3.85147913562e-08, "var": 1.76695920076e-17}, "spectral_energy": {"dmean": 0.00838319864124, "dmean2": 0.0133794592693, "dvar": 8.87603091542e-05, "dvar2": 0.000218664252316, "max": 0.153268009424, "mean": 0.026402791962, "median": 0.0223715975881, "min": 1.034401069e-20, "var": 0.000292246695608}, "spectral_energyband_high": {"dmean": 9.83374629868e-05, "dmean2": 0.000139529001899, "dvar": 1.96920439066e-07, "dvar2": 4.28327837199e-07, "max": 0.0185907464474, "mean": 0.00023914052872, "median": 0.000133805122459, "min": 7.39622736921e-21, "var": 3.10497370037e-07}, "spectral_energyband_low": {"dmean": 0.0055998689495, "dmean2": 0.00940832216293, "dvar": 4.11639848608e-05, "dvar2": 0.000111256667878, "max": 0.0799347162247, "mean": 0.0101390834898, "median": 0.00796615798026, "min": 2.06440402389e-23, "var": 7.27919032215e-05}, "spectral_energyband_middle_high": {"dmean": 0.00209378101863, "dmean2": 0.00308238645084, "dvar": 1.13837650133e-05, "dvar2": 2.49999502557e-05, "max": 0.07944637537, "mean": 0.00699052773416, "median": 0.00467435177416, "min": 1.46825033307e-21, "var": 5.54207981622e-05}, "spectral_energyband_middle_low": {"dmean": 0.00415377086028, "dmean2": 0.00662212399766, "dvar": 4.2158888391e-05, "dvar2": 0.000100648627267, "max": 0.123567588627, "mean": 0.00943151209503, "median": 0.00613832566887, "min": 1.99722693268e-22, "var": 0.000110882188892}, "spectral_entropy": {"dmean": 0.113059438765, "dmean2": 0.180194869637, "dvar": 0.00936546549201, "dvar2": 0.0232837628573, "max": 9.80551147461, "mean": 7.49684524536, "median": 7.51144886017, "min": 6.52105855942, "var": 0.0417713150382}, "spectral_flux": {"dmean": 0.019398810342, "dmean2": 0.0314803048968, "dvar": 0.000386437139241, "dvar2": 0.00091331906151, "max": 0.291383981705, "mean": 0.0920219495893, "median": 0.0872120112181, "min": 6.45677955546e-11, "var": 0.00125337764621}, "spectral_kurtosis": {"dmean": 2.81051778793, "dmean2": 4.53118228912, "dvar": 6.26759672165, "dvar2": 16.6525974274, "max": 40.1075897217, "mean": 15.7704381943, "median": 15.0623893738, "min": -1.2610270977, "var": 23.0370349884}, "spectral_rms": {"dmean": 0.000781149370596, "dmean2": 0.00124234030955, "dvar": 5.40993823961e-07, "dvar2": 1.33772903155e-06, "max": 0.0122282365337, "mean": 0.00481441570446, "median": 0.00467182509601, "min": 3.17674640933e-12, "var": 2.58030468103e-06}, "spectral_rolloff": {"dmean": 345.734527588, "dmean2": 565.467041016, "dvar": 310061.03125, "dvar2": 616861.8125, "max": 22028.4667969, "mean": 1250.46789551, "median": 1162.79296875, "min": 21.533203125, "var": 1094309.125}, "spectral_skewness": {"dmean": 0.19881631434, "dmean2": 0.31562268734, "dvar": 0.0287101753056, "dvar2": 0.0707759708166, "max": 4.21181631088, "mean": 2.37185120583, "median": 2.33961772919, "min": -0.0204413775355, "var": 0.163352429867}, "spectral_spread": {"dmean": 378051.6875, "dmean2": 618609.625, "dvar": 303128248320, "dvar2": 737299595264, "max": 46144416, "mean": 2744223.75, "median": 2619625.75, "min": 1477993.12