{"lowlevel": {"average_loudness": 0.906716704369, "barkbands": {"dmean": [6.47771012154e-05, 0.00385091966018, 0.00196681614034, 0.00127632089425, 0.000882228720002, 0.000512462109327, 0.000493940198794, 0.000444764009444, 0.000526885967702, 0.000491270446219, 0.000239206667175, 0.000354320713086, 0.000360727804946, 0.000316826946801, 0.00037832534872, 0.00055992428679, 0.000687252380885, 0.000311997049721, 0.000350243004505, 0.000219290755922, 0.000141519325553, 9.3490954896e-05, 5.93754266447e-05, 5.23247326782e-05, 4.89545454911e-05, 2.02926185011e-05, 2.04557500183e-06], "dmean2": [9.12764153327e-05, 0.00616826210171, 0.00344852264971, 0.00213815248571, 0.00154373503756, 0.000860495725647, 0.000808304175735, 0.000685023667756, 0.000815187115222, 0.000752909574658, 0.000373505288735, 0.000558608851861, 0.000564362271689, 0.000495460408274, 0.000614831049461, 0.000887319620233, 0.00112556759268, 0.000524538103491, 0.000592242693529, 0.000371096743038, 0.00023502825934, 0.000148947481648, 8.72738964972e-05, 7.54946231609e-05, 6.89774606144e-05, 2.89805466309e-05, 2.90844673145e-06], "dvar": [2.3312860975e-08, 7.78198664193e-05, 3.54203802999e-05, 1.68986516655e-05, 7.37481650503e-06, 1.80253300641e-06, 2.03538729693e-06, 1.85506178241e-06, 2.63064725914e-06, 1.85404496733e-06, 8.16072542875e-07, 1.25791245864e-06, 1.04169509996e-06, 5.55254530354e-07, 5.07448646658e-07, 1.23275447095e-06, 1.77345077645e-06, 2.65059242111e-07, 3.96944244585e-07, 1.67911650806e-07, 7.75936541686e-08, 4.47405277271e-08, 4.60544811176e-08, 5.33330037911e-08, 4.58698288242e-08, 5.43329337077e-09, 3.09181395763e-11], "dvar2": [4.59518680884e-08, 0.000179006427061, 9.98802061076e-05, 4.47840029665e-05, 2.0735697035e-05, 4.9855520956e-06, 5.7108081819e-06, 4.69213591714e-06, 6.05772675044e-06, 4.31739272244e-06, 1.94933772946e-06, 3.23895756082e-06, 2.72743545793e-06, 1.25640360693e-06, 1.30123976305e-06, 2.81784377876e-06, 4.52365793535e-06, 7.28243662707e-07, 1.05680908291e-06, 4.54674363937e-07, 2.08041441851e-07, 1.12574873867e-07, 1.16505468384e-07, 1.19843804214e-07, 9.16986877542e-08, 1.24932393319e-08, 7.27522070365e-11], "max": [0.00187736621592, 0.0818844288588, 0.0735481828451, 0.0568632446229, 0.0320726931095, 0.0202349722385, 0.03964490816, 0.0357749275863, 0.0427124202251, 0.0445752516389, 0.0354954116046, 0.0328338220716, 0.0417151674628, 0.0235447883606, 0.0222337637097, 0.0381081812084, 0.0408615320921, 0.0127985049039, 0.0135168042034, 0.00804291665554, 0.00477080931887, 0.00381418410689, 0.0116298394278, 0.0103462683037, 0.00970914214849, 0.00224627228454, 0.000231087877182], "mean": [6.94097616361e-05, 0.004340486601, 0.0015518902801, 0.00117739813868, 0.000918947160244, 0.000712714041583, 0.000747951096855, 0.000830242934171, 0.000861692882609, 0.00078873813618, 0.000350859860191, 0.000612396630459, 0.00055566377705, 0.000503523042426, 0.000629826332442, 0.000943654915318, 0.00119821331464, 0.000528713164385, 0.000609771930613, 0.000391237146687, 0.000276423554169, 0.000185588607565, 0.000126476719743, 0.000108707063191, 9.6773605037e-05, 3.618390474e-05, 3.03455021822e-06], "median": [5.17690477864e-06, 0.000442263524747, 0.000158631431987, 0.000113551301183, 0.000286717317067, 0.000311943003908, 0.000291594828013, 0.000219313733396, 0.000266642426141, 0.00029974791687, 8.82249587448e-05, 0.000190393679077, 0.000201997841941, 0.000238724664086, 0.000341169070452, 0.000483934301883, 0.000710781896487, 0.000336511002388, 0.000369872956071, 0.000214879095438, 0.000138730028993, 5.06454780407e-05, 4.01870820497e-05, 2.99703606288e-05, 2.88421979349e-05, 8.54788595461e-06, 5.32879312232e-07], "min": [9.80030501196e-11, 1.58918322946e-10, 1.07416435772e-13, 1.53736293579e-14, 1.98255555852e-13, 6.12431858157e-14, 1.6060780093e-13, 4.15653134741e-13, 1.04847371291e-13, 1.61123826954e-13, 1.31314067692e-13, 2.43994711588e-13, 1.62291837955e-13, 2.64764609976e-13, 3.95414143052e-13, 3.42180602429e-13, 4.79706443839e-13, 5.7363532327e-13, 6.87004056074e-13, 9.44321227117e-13, 1.92221022086e-12, 1.65158501025e-12, 1.74264140444e-12, 1.5340052362e-12, 2.08039011365e-12, 2.288615044e-12, 2.80159792934e-12], "var": [3.00800202524e-08, 9.93768044282e-05, 2.30573714362e-05, 1.4421180822e-05, 5.46427008885e-06, 1.81075085948e-06, 2.73971613751e-06, 4.54314749732e-06, 4.9227683121e-06, 3.62602941095e-06, 1.4845837768e-06, 2.78088418781e-06, 1.76038236077e-06, 1.03740489976e-06, 8.97988741144e-07, 2.49821437137e-06, 3.28087480739e-06, 4.0970709847e-07, 6.03995090387e-07, 2.61994330231e-07, 1.36481716595e-07, 9.43759559391e-08, 6.57144667571e-08, 1.07018131246e-07, 1.18331314525e-07, 1.18041425523e-08, 5.15473670692e-11]}, "barkbands_crest": {"dmean": 2.95041394234, "dmean2": 4.6842956543, "dvar": 8.233045578, "dvar2": 18.3523731232, "max": 26.8985691071, "mean": 8.91672706604, "median": 7.48762798309, "min": 2.18671178818, "var": 23.1352558136}, "barkbands_flatness_db": {"dmean": 0.0211417134851, "dmean2": 0.033945851028, "dvar": 0.000466387195047, "dvar2": 0.00119472621009, "max": 0.514248907566, "mean": 0.111083567142, "median": 0.103201240301, "min": 0.0223566945642, "var": 0.00236801779829}, "barkbands_kurtosis": {"dmean": 2.831387043, "dmean2": 4.71642589569, "dvar": 290.766326904, "dvar2": 717.191101074, "max": 1292.99023438, "mean": 5.95316362381, "median": -0.361668109894, "min": -1.93576395512, "var": 3978.79394531}, "barkbands_skewness": {"dmean": 0.587615609169, "dmean2": 0.888633847237, "dvar": 0.575387477875, "dvar2": 1.20329356194, "max": 35.5746536255, "mean": 0.635770976543, "median": 0.321756482124, "min": -5.8613448143, "var": 6.13215780258}, "barkbands_spread": {"dmean": 6.90425491333, "dmean2": 10.5002241135, "dvar": 51.0775642395, "dvar2": 123.020751953, "max": 112.17855835, "mean": 28.8332271576, "median": 26.8962287903, "min": 0.4355507195, "var": 164.10635376}, "dissonance": {"dmean": 0.0122454268858, "dmean2": 0.0205250848085, "dvar": 0.000210125101148, "dvar2": 0.000566384929698, "max": 0.500000059605, "mean": 0.477310866117, "median": 0.484242290258, "min": 0.198110103607, "var": 0.000558870495297}, "dynamic_complexity": 3.70195817947, "erbbands": {"dmean": [0.101244620979, 0.962707996368, 2.18891811371, 3.72326302528, 3.18825817108, 2.79387545586, 3.5667078495, 4.31742191315, 7.41482686996, 6.18745756149, 10.6782150269, 13.5056314468, 12.342414856, 13.6401338577, 10.4112911224, 15.9602165222, 17.1786994934, 14.7544708252, 19.3160095215, 16.8650302887, 37.0896339417, 29.6858558655, 19.8503303528, 18.4113121033, 14.8259439468, 10.2588863373, 6.79165029526, 4.86496782303, 3.4348628521, 2.38875436783, 1.63000500202, 1.19721865654, 0.876404941082, 0.602205395699, 0.341733664274, 0.137457624078, 0.026792075485, 0.00366297410801, 0.00035961708636, 2.35080588027e-05], "dmean2": [0.141670539975, 1.5986303091, 3.74551796913, 6.25004434586, 5.62210988998, 4.76050281525, 6.14066505432, 7.25911045074, 12.2984085083, 9.68067169189, 16.3430557251, 20.7060928345, 18.3687782288, 21.2776527405, 16.0470180511, 24.9592399597, 26.5653953552, 23.0261669159, 30.7838821411, 26.7585201263, 59.1667671204, 48.6307983398, 32.9347000122, 31.2987651825, 25.0477542877, 17.1632156372, 11.2408695221, 8.11701488495, 5.51262521744, 3.6768951416, 2.39940333366, 1.73519849777, 1.27217328548, 0.863248705864, 0.482625424862, 0.196071699262, 0.038369115442, 0.00520471250638, 0.000510222336743, 3.29726535711e-05], "dvar": [0.0570868775249, 5.00272130966, 38.9862632751, 128.069290161, 117.426635742, 65.9094543457, 110.851669312, 135.937133789, 437.345123291, 370.605773926, 1007.92681885, 1846.6472168, 1690.01416016, 1969.75732422, 1444.14758301, 2616.95043945, 2444.86035156, 1292.26782227, 1281.77368164, 1241.39294434, 5713.11083984, 2547.23266602, 1066.00817871, 1167.86181641, 691.93951416, 367.859558105, 180.115524292, 96.9924850464, 62.9084129333, 42.7915306091, 36.1289100647, 25.9165935516, 14.816195488, 7.38100671768, 2.09129095078, 0.288575559855, 0.00918531231582, 0.00012825174781, 8.50351568715e-07, 2.2635580077e-09], "dvar2": [0.105790644884, 12.6823511124, 106.96295166, 343.738769531, 330.030761719, 180.720596313, 314.915130615, 370.918762207, 1230.83374023, 940.256774902, 2533.19604492, 4450.60302734, 3568.78076172, 4789.37744141, 3713.36279297, 6826.65527344, 6386.65527344, 2967.45776367, 3144.3371582, 2976.13256836, 13426.7402344, 6503.34277344, 2855.69555664, 3113.26977539, 1902.18920898, 980.526245117, 483.85446167, 261.499481201, 162.362289429, 104.678962708, 88.244972229, 61.1949729919, 33.0437850952, 14.6129236221, 4.45612764359, 0.671814262867, 0.0212250407785, 0.000311982701533, 1.92014522327e-06, 4.93058571749e-09], "max": [2.40697908401, 21.8764915466, 72.8073348999, 155.883148193, 139.153396606, 107.742279053, 154.071762085, 189.925964355, 623.848327637, 726.79876709, 699.155456543, 1201.11462402, 1658.32653809, 1656.05859375, 967.475708008, 1650.23620605, 1944.04748535, 1284.35229492, 1050.89709473, 1436.61547852, 2452.47924805, 1078.09216309, 699.612243652, 789.000610352, 464.508544922, 426.815643311, 205.073287964, 176.951507568, 133.076278687, 250.697311401, 324.381103516, 229.516296387, 155.863540649, 139.092834473, 68.3450393677, 15.5318918228, 3.13902568817, 0.336777120829, 0.0337482318282, 0.0015734868357], "mean": [0.115334302187, 0.993402183056, 1.8663122654, 3.43447136879, 2.88388609886, 3.110932827, 4.2563252449, 5.99761247635, 10.8045253754, 10.706161499, 21.013715744, 22.5238838196, 21.2523460388, 21.9039669037, 17.227640152, 28.6561603546, 27.8251743317, 25.3904933929, 33.4791488647, 31.2999897003, 66.2793731689, 57.1168403625, 36.8304023743, 31.0994968414, 26.6705169678, 18.8806152344, 13.1498098373, 9.33099555969, 6.78515672684, 4.91094589233, 3.44927144051, 2.44602203369, 1.73725140095, 1.16383838654, 0.641576230526, 0.247830018401, 0.0464900881052, 0.00563584920019, 0.000557952036615, 4.83030198666e-05], "median": [0.0099239256233, 0.0941068455577, 0.205380022526, 0.359603345394, 0.566066265106, 0.943508386612, 1.6451587677, 2.47794342041, 4.14831733704, 4.3500585556, 6.52506875992, 7.11804389954, 8.19289016724, 8.02853393555, 5.68684387207, 9.98504638672, 11.4726839066, 12.8401985168, 17.6213130951, 18.662815094, 36.4954948425, 37.4301643372, 24.7576942444, 18.8702278137, 16.9154319763, 10.4884433746, 6.8386516571, 4.32936763763, 1.97547495365, 1.35118436813, 1.07712066174, 0.71951842308, 0.458229213953, 0.329928636551, 0.185583204031, 0.0631911158562, 0.0102226212621, 0.00115738459863, 9.96845628833e-05, 2.48771975748e-05], "min": [3.97418240539e-08, 1.12581499678e-08, 1.60460333909e-09, 7.51030848622e-10, 5.19598253312e-10, 1.13753140241e-09, 4.32298169484e-10, 7.76365804978e-10, 1.75385872492e-09, 4.314009594e-09, 8.36700397855e-09, 4.51208093111e-09, 4.30195701284e-09, 6.40245367833e-09, 7.02375357875e-09, 1.23592114321e-08, 1.04858779437e-08, 1.49062557853e-08, 2.00415133378e-08, 1.49316754516e-08, 2.27238743378e-08, 3.10212371346e-08, 3.3988701631e-08, 4.3974090147e-08, 4.15222345396e-08, 5.07620576684e-08, 6.66749642164e-08, 6.2396729561e-08, 6.26938856385e-08, 4.1664513617e-08, 5.29770538549e-08, 3.47070745477e-08, 2.64309356623e-08, 2.4755214767e-08, 1.429157237e-08, 9.10223363348e-09, 3.72846953312e-09, 1.83259385445e-09, 3.86480597525e-10, 4.42888260788e-11], "var": [0.0797721222043, 5.49523830414, 28.247303009, 107.150856018, 82.0840454102, 56.7310409546, 88.6187133789, 138.587692261, 541.413879395, 618.879333496, 2712.90112305, 3269.66162109, 3855.21948242, 3109.71264648, 2412.58959961, 5680.70849609, 3998.68017578, 2337.18408203, 2554.26733398, 2159.69970703, 11929.1640625, 5075.79638672, 1865.95202637, 1674.63769531, 1071.38928223, 609.977661133, 313.473205566, 168.004943848, 124.159713745, 78.5684204102, 54.1019248962, 44.0224685669, 32.0303535461, 19.122045517, 4.90081548691, 0.618523359299, 0.0187116172165, 0.000200648355531, 1.63276581588e-06, 5.10091391348e-09]}, "erbbands_crest": {"dmean": 2.65344429016, "dmean2": 4.31899404526, "dvar": 6.32810020447, "dvar2": 16.0385971069, "max": 33.6666297913, "mean": 8.86559486389, "median": 7.77635717392, "min": 2.19775533676, "var": 17.5397396088}, "erbbands_flatness_db": {"dmean": 0.0226911325008, "dmean2": 0.0299784056842, "dvar": 0.000537086511031, "dvar2": 0.000838949345052, "max": 0.383821696043, "mean": 0.171672612429, "median": 0.16600677371, "min": 0.0244731530547, "var": 0.00286640273407}, "erbbands_kurtosis": {"dmean": 1.18002128601, "dmean2": 1.84845781326, "dvar": 4.06500291824, "dvar2": 9.4369802475, "max": 139.932937622, "mean": 1.18519389629, "median": 0.460190415382, "min": -1.8266056776, "var": 10.5673456192}, "erbbands_skewness": {"dmean": 0.358198732138, "dmean2": 0.549613833427, "dvar": 0.116791158915, "dvar2": 0.273082733154, "max": 4.8194861412, "mean": -0.401035666466, "median": -0.51924175024, "min": -9.19131088257, "var": 0.843572616577}, "erbbands_spread": {"dmean": 7.16193151474, "dmean2": 10.8261051178, "dvar": 70.4644927979, "dvar2": 158.755615234, "max": 146.665847778, "mean": 29.5155124664, "median": 26.2687149048, "min": 1.29183268547, "var": 237.756393433}, "gfcc": {"cov": [[17953.3144531, 186.722106934, -147.340774536, 413.829620361, -717.224609375, 549.395690918, -509.687408447, 31.5138244629, -361.284851074, 51.6951904297, -329.75189209, -79.9213790894, -275.903411865], [186.722106934, 1082.64916992, -360.205718994, 50.7553024292, 295.441162109, -254.069244385, 112.879432678, -1.49432337284, 88.9104614258, -90.2036819458, 77.2094726562, -37.3580436707, 70.6679458618], [-147.340774536, -360.205718994, 1474.32312012, 201.596984863, 103.080871582, 381.858215332, 81.8169326782, 131.922821045, -39.1721839905, 125.526527405, -93.6806030273, 70.9879989624, -115.110023499], [413.829620361, 50.7553024292, 201.596984863, 555.860595703, 258.549530029, 47.4224205017, 41.5712127686, 10.9712686539, 36.7635002136, 5.23508834839, -19.9434833527, -7.99796295166, -14.0649652481], [-717.224609375, 295.441162109, 103.080871582, 258.549530029, 541.593505859, -32.5770874023, 96.2350769043, 72.1822280884, 72.6277618408, -3.20552945137, 21.2223739624, 14.6809005737, 22.5037689209], [549.395690918, -254.069244385, 381.858215332, 47.4224205017, -32.5770874023, 337.532501221, 69.5960464478, 72.9753189087, -6.52138376236, 71.403465271, -9.718998909, 34.0607337952, -39.0024986267], [-509.687408447, 112.879432678, 81.8169326782, 41.5712127686, 96.2350769043, 69.5960464478, 200.788589478, 66.7339401245, 40.1913566589, 6.28682518005, 33.1671180725, 24.6799945831, 11.4147806168], [31.5138244629, -1.49432337284, 131.922821045, 10.9712686539, 72.1822280884, 72.9753189087, 66.7339401245, 141.677078247, 47.9099960327, 31.105134964, 15.5221338272, 25.6996879578, 8.71188545227], [-361.284851074, 88.9104614258, -39.1721839905, 36.7635002136, 72.6277618408, -6.52138376236, 40.1913566589, 47.9099960327, 121.88117981, 30.0857887268, 37.7606964111, 2.48355102539, 29.840555191], [51.6951904297, -90.2036819458, 125.526527405, 5.23508834839, -3.20552945137, 71.403465271, 6.28682518005, 31.105134964, 30.0857887268, 113.053993225, 34.4306106567, 21.5047092438, 1.28248882294], [-329.75189209, 77.2094726562, -93.6806030273, -19.9434833527, 21.2223739624, -9.718998909, 33.1671180725, 15.5221338272, 37.7606964111, 34.4306106567, 110.536224365, 36.6597213745, 34.1176376343], [-79.9213790894, -37.3580436707, 70.9879989624, -7.99796295166, 14.6809005737, 34.0607337952, 24.6799945831, 25.6996879578, 2.48355102539, 21.5047092438, 36.6597213745, 79.6770324707, 24.5739860535], [-275.903411865, 70.6679458618, -115.110023499, -14.0649652481, 22.5037689209, -39.0024986267, 11.4147806168, 8.71188545227, 29.840555191, 1.28248882294, 34.1176376343, 24.5739860535, 87.4219284058]], "icov": [[0.000129600666696, -0.000317030091537, 0.00019371714734, -0.000268059171503, 0.000294647121336, -0.00044377395534, 0.000507936230861, -0.000426527636591, 0.000404173624702, -0.000335858640028, 0.000517441309057, -0.000370040128473, 0.00034863158362], [-0.000317030091537, 0.00245009339415, -0.000501078029629, 0.000803906936198, -0.00142037915066, 0.0020146984607, -0.00213625677861, 0.00122889305931, -0.00138249550946, 0.00180407159496, -0.00239954586141, 0.00208307616413, -0.00129424920306], [0.00019371714734, -0.000501078029629, 0.00164697307628, -0.000652115268167, 0.00022410028032, -0.00148634577636, 0.000644794257823, -0.00115907448344, 0.00101374194492, -0.00167218281422, 0.00229823892005, -0.00197574566118, 0.00172756600659], [-0.000268059171503, 0.000803906936198, -0.000652115268167, 0.00313844066113, -0.00195702561177, 0.000498286157381, -0.00107793905772, 0.00190979940817, -0.00157454656437, 0.000950270041358, -0.00083925598301, 0.00125655147713, -0.000675218587276], [0.000294647121336, -0.00142037915066, 0.00022410028032, -0.00195702561177, 0.00394379673526, -0.000357066222932, 0.000667322718073, -0.00217978889123, 0.000450103892945, -0.000788330857176, 0.00138640066143, -0.00151683064178, 0.000757128291298], [-0.00044377395534, 0.0020146984607, -0.00148634577636, 0.000498286157381, -0.000357066222932, 0.007457989268, -0.00379848969169, 1.07280784505e-05, -0.000811175268609, -0.000481010007206, -0.00186797301285, 0.00102112151217, -0.000266027636826], [0.000507936230861, -0.00213625677861, 0.000644794257823, -0.00107793905772, 0.000667322718073, -0.00379848969169, 0.00958925671875, -0.00359820667654, 0.000702681427356, 0.000354126037564, 0.000479667418404, -0.00226941355504, 0.00145121710375], [-0.000426527636591, 0.00122889305931, -0.00115907448344, 0.00190979940817, -0.00217978889123, 1.07280784505e-05, -0.00359820667654, 0.0127306431532, -0.00512275099754, 0.000732234329917, -0.000930191425141, -0.00033998399158, -0.00159490352962], [0.000404173624702, -0.00138249550946, 0.00101374194492, -0.00157454656437, 0.000450103892945, -0.000811175268609, 0.000702681427356, -0.00512275099754, 0.0143279209733, -0.00444903597236, -0.000508573313709, 0.00192296761088, -0.00175188365392], [-0.000335858640028, 0.00180407159496, -0.00167218281422, 0.000950270041358, -0.000788330857176, -0.000481010007206, 0.000354126037564, 0.000732234329917, -0.00444903597236, 0.0153423817828, -0.00708659458905, 0.00170218385756, -0.00111736240797], [0.000517441309057, -0.00239954586141, 0.00229823892005, -0.00083925598301, 0.00138640066143, -0.00186797301285, 0.000479667418404, -0.000930191425141, -0.000508573313709, -0.00708659458905, 0.0187329966575, -0.00897896569222, 0.000794337887783], [-0.000370040128473, 0.00208307616413, -0.00197574566118, 0.00125655147713, -0.00151683064178, 0.00102112151217, -0.00226941355504, -0.00033998399158, 0.00192296761088, 0.00170218385756, -0.00897896569222, 0.0215659011155, -0.0073141134344], [0.00034863158362, -0.00129424920306, 0.00172756600659, -0.000675218587276, 0.000757128291298, -0.000266027636826, 0.00145121710375, -0.00159490352962, -0.00175188365392, -0.00111736240797, 0.000794337887783, -0.0073141134344, 0.0177675709128]], "mean": [-23.8075046539, 65.0259246826, -145.048828125, 32.975894928, -49.7413597107, 6.28140354156, -36.3275985718, 16.2300434113, -19.8308258057, 5.43246078491, -15.3916749954, 0.757612705231, -8.80286026001]}, "hfc": {"dmean": 7.28425168991, "dmean2": 11.0165882111, "dvar": 135.908157349, "dvar2": 322.984985352, "max": 212.941726685, "mean": 22.8969612122, "median": 18.4663848877, "min": 4.04784259445e-07, "var": 386.773803711}, "melbands": {"dmean": [0.000965048151556, 0.00116545998026, 0.00061800586991, 0.000205861608265, 0.000122823388665, 9.86981540336e-05, 0.000110520137241, 7.05875063431e-05, 9.01080857147e-05, 8.143971354e-05, 6.2334453105e-05, 5.81623280596e-05, 3.35485456162e-05, 3.97743824578e-05, 4.18519994128e-05, 3.19549399137e-05, 2.96770831483e-05, 3.17256090057e-05, 2.48307678703e-05, 2.66369497695e-05, 5.06055730511e-05, 3.38233840012e-05, 3.30404327542e-05, 1.43158522405e-05, 1.66124700627e-05, 1.2592733583e-05, 9.34428408073e-06, 6.73701197229e-06, 4.8500610319e-06, 3.85115845347e-06, 2.80867357105e-06, 2.09208133128e-06, 1.82564599527e-06, 1.28494127694e-06, 1.04215985175e-06, 8.57287830058e-07, 7.43125895042e-07, 6.74728028116e-07, 5.75404328629e-07, 5.27917904947e-07], "dmean2": [0.00146896776278, 0.00195206003264, 0.00104709900916, 0.000355702330125, 0.000211287566344, 0.000165490433574, 0.000182375952136, 0.000109827473352, 0.000138272866025, 0.000125199556351, 9.31295508053e-05, 9.09438313101e-05, 5.16276122653e-05, 6.28410125501e-05, 6.51574810036e-05, 5.02089715155e-05, 4.64091572212e-05, 5.05046155013e-05, 4.01481956942e-05, 4.23751480412e-05, 8.08583718026e-05, 5.54799808015e-05, 5.45535403944e-05, 2.44496513915e-05, 2.82577548205e-05, 2.13005077967e-05, 1.58716884471e-05, 1.13113428597e-05, 8.08529057394e-06, 6.49097955829e-06, 4.70183840662e-06, 3.40852488989e-06, 2.91349897452e-06, 1.99695568881e-06, 1.57745603246e-06, 1.28646752273e-06, 1.09914890345e-06, 1.02397621049e-06, 8.5986312115e-07, 7.62349600336e-07], "dvar": [4.9630648391e-06, 8.57891973283e-06, 3.56808845936e-06, 3.97267484686e-07, 1.3698324608e-07, 6.94922093203e-08, 9.75433636086e-08, 4.80496318289e-08, 6.65233557129e-08, 7.13989152246e-08, 4.30446860378e-08, 3.46344180002e-08, 1.56980117794e-08, 1.61260551579e-08, 9.85382087038e-09, 1.09146354177e-08, 5.72420111311e-09, 3.83468101717e-09, 2.40307462818e-09, 2.38245223549e-09, 1.153055873e-08, 4.03178290753e-09, 4.32674296391e-09, 6.06388439461e-10, 9.98109817019e-10, 5.42652034419e-10, 2.90104329448e-10, 1.64190314123e-10, 9.20770959478e-11, 6.26172932949e-11, 3.03744668306e-11, 2.37945895626e-11, 2.01123475513e-11, 1.53291147137e-11, 1.35148775851e-11, 1.06296473359e-11, 1.11711213197e-11, 9.15817682107e-12, 6.14802089446e-12, 6.07061536456e-12], "dvar2": [1.00439192465e-05, 2.28120698011e-05, 9.674339708e-06, 1.09986876851e-06, 3.889165896e-07, 1.90174091586e-07, 2.75739239441e-07, 1.22353057463e-07, 1.66924849054e-07, 1.68815617485e-07, 9.11708184503e-08, 8.49286792004e-08, 3.83421117078e-08, 4.03786231118e-08, 2.45306672753e-08, 2.99519165026e-08, 1.30790001052e-08, 9.07476760403e-09, 5.95692029037e-09, 5.60641000291e-09, 2.70447966244e-08, 1.02822355075e-08, 1.12540705643e-08, 1.67596925227e-09, 2.6432591671e-09, 1.47188783384e-09, 7.96253174506e-10, 4.40361774823e-10, 2.46561215889e-10, 1.72126812803e-10, 8.16252274105e-11, 6.3038414766e-11, 5.07618669321e-11, 3.90771720538e-11, 3.32359695321e-11, 2.60913703837e-11, 2.65998507942e-11, 2.16360904887e-11, 1.33070516412e-11, 1.24884156835e-11], "max": [0.0205464549363, 0.0308738537133, 0.0248264539987, 0.00753076607361, 0.00569344870746, 0.00421764003113, 0.00917198043317, 0.00753079308197, 0.00632737437263, 0.00807980354875, 0.00834480579942, 0.00642444891855, 0.00436665443704, 0.00373138370924, 0.00278438464738, 0.00558701436967, 0.00282257935032, 0.00210163416341, 0.00168877281249, 0.00151580979582, 0.00370719796047, 0.00166153488681, 0.00194647954777, 0.000448857841548, 0.000831683631986, 0.000408506311942, 0.000359711761121, 0.000307849171804, 0.000205422184081, 0.000162676878972, 9.75234434009e-05, 9.6348754596e-05, 9.15951604838e-05, 0.000159662988153, 0.000194376800209, 0.0001535898773, 0.000153965156642, 0.00013765663607, 0.000106799401692, 0.000128644722281], "mean": [0.0011375475442, 0.00113243609667, 0.000561713473871, 0.000213799692574, 0.000144460223964, 0.000137814960908, 0.000164671233506, 0.000124038459035, 0.000173032225575, 0.000132627494168, 0.000103828722786, 9.03269828996e-05, 5.20909270563e-05, 6.89897788106e-05, 6.9985690061e-05, 5.00671267218e-05, 4.73661784781e-05, 5.23242451891e-05, 4.18196577812e-05, 4.62453208456e-05, 8.59424180817e-05, 5.92793512624e-05, 5.25436225871e-05, 2.27866603382e-05, 2.54976839642e-05, 2.12171889871e-05, 1.59134488058e-05, 1.14814101835e-05, 8.65569836606e-06, 6.67436870572e-06, 4.9770210353e-06, 3.84403983844e-06, 3.36961943503e-06, 2.49337426794e-06, 2.06262006941e-06, 1.68579811088e-06, 1.39722544645e-06, 1.24758389575e-06, 1.07145297079e-06, 9.51278650518e-07], "median": [0.000110834283987, 0.000126391882077, 6.79873774061e-05, 5.65101290704e-05, 5.728816177e-05, 5.65525042475e-05, 6.43193416181e-05, 4.90942038596e-05, 5.59983309358e-05, 3.99201890104e-05, 3.71016940335e-05, 3.08394628519e-05, 1.49194347614e-05, 2.12779268622e-05, 2.89636773232e-05, 1.98196357815e-05, 2.2019361495e-05, 2.59404459939e-05, 2.36690484599e-05, 2.64428708761e-05, 4.32820052083e-05, 3.51157868863e-05, 2.93650082313e-05, 1.38606383189e-05, 1.3808172298e-05, 1.24812149807e-05, 9.35821663006e-06, 5.84390681979e-06, 4.14996702602e-06, 3.27047814608e-06, 1.96183395929e-06, 1.10231644612e-06, 7.78660137257e-07, 7.10384313152e-07, 6.41838482807e-07, 5.14017187925e-07, 3.73292294853e-07, 3.12192497631e-07, 2.72186554184e-07, 2.65338428562e-07], "min": [4.5280598715e-10, 5.00976078113e-14, 3.63945933937e-14, 4.32734089447e-14, 1.78848736764e-14, 1.49967606828e-14, 2.73519678044e-14, 5.67679854947e-14, 5.78413185404e-14, 1.6233537206e-14, 2.08318181905e-14, 2.6075877094e-14, 1.65221840116e-14, 2.83390000512e-14, 2.36418466049e-14, 1.32784103537e-14, 2.38919923749e-14, 2.26610146392e-14, 2.63721183969e-14, 9.2603892897e-15, 2.09073701413e-14, 2.08660925317e-14, 2.55264186795e-14, 2.69052256874e-14, 3.02156167925e-14, 2.78405804541e-14, 3.09282933736e-14, 3.33781362738e-14, 3.78050048948e-14, 3.33187152185e-14, 2.57338130026e-14, 3.16508768521e-14, 2.95112682392e-14, 2.18394265617e-14, 2.84177893619e-14, 2.78730658617e-14, 1.87686543011e-14, 1.69445112509e-14, 1.98462563928e-14, 2.1435008987e-14], "var": [6.97851282894e-06, 7.72595194576e-06, 2.86162662633e-06, 3.15298933629e-07, 1.04482744234e-07, 7.21193913478e-08, 1.26516098931e-07, 8.41294109932e-08, 1.65182385103e-07, 1.29343064259e-07, 9.69124442918e-08, 5.46391127898e-08, 2.83682819457e-08, 3.58198484207e-08, 1.78521766259e-08, 1.72156440215e-08, 9.95055415842e-09, 7.34529637114e-09, 4.1476120316e-09, 4.56775284263e-09, 2.40201618595e-08, 7.40163663693e-09, 6.69287825161e-09, 8.40607861097e-10, 1.38333178246e-09, 7.92091836566e-10, 4.25221913236e-10, 2.54104598474e-10, 1.56844093269e-10, 8.88707302193e-11, 5.33320575202e-11, 4.12818876305e-11, 3.93864281467e-11, 2.24789371145e-11, 1.94828597699e-11, 1.64308826961e-11, 1.81356197421e-11, 1.68634741587e-11, 1.47623441249e-11, 1.41887222457e-11]}, "melbands_crest": {"dmean": 3.62928414345, "dmean2": 5.64601612091, "dvar": 12.2072267532, "dvar2": 27.15234375, "max": 39.9612693787, "mean": 12.2459411621, "median": 10.9019899368, "min": 2.74678039551, "var": 40.6644592285}, "melbands_flatness_db": {"dmean": 0.0258978698403, "dmean2": 0.0406368896365, "dvar": 0.000910388072953, "dvar2": 0.0020753107965, "max": 0.488136291504, "mean": 0.146312117577, "median": 0.138938993216, "min": 0.0180798117071, "var": 0.00360923190601}, "melbands_kurtosis": {"dmean": 6.54206037521, "dmean2": 10.5877914429, "dvar": 840.061218262, "dvar2": 2051.35839844, "max": 2195.99707031, "mean": 13.7178201675, "median": 1.09621977806, "min": -1.95806074142, "var": 11732.8388672}, "melbands_skewness": {"dmean": 0.786507606506, "dmean2": 1.17025601864, "dvar": 1.09640455246, "dvar2": 2.21519708633, "max": 45.1795921326, "mean": 1.72371852398, "median": 1.15145325661, "min": -4.17438983917, "var": 9.53161239624}, "melbands_spread": {"dmean": 11.6800260544, "dmean2": 18.0942382812, "dvar": 185.218994141, "dvar2": 407.633300781, "max": 232.593933105, "mean": 43.5993881226, "median": 42.7149620056, "min": 0.420206099749, "var": 557.094299316}, "mfcc": {"cov": [[10831.1816406, 214.718948364, 206.104156494, 150.236816406, -8.72321891785, 253.390167236, -28.8174629211, 56.7244377136, -6.66323328018, 50.7108688354, 5.46143579483, -57.8002891541, -26.3134498596], [214.718948364, 1124.88269043, -402.001312256, 192.668228149, 77.1695404053, -119.830024719, 29.7922592163, 43.2077789307, 40.6006469727, 8.54853916168, -4.24050045013, 45.0583648682, -12.0441989899], [206.104156494, -402.001312256, 1185.61291504, -80.9206542969, 71.8705291748, 228.190994263, 127.605453491, 70.0586242676, 57.7404632568, 42.2053222656, 76.0843505859, -24.07006073, 65.2430343628], [150.236816406, 192.668228149, -80.9206542969, 570.414611816, 250.991851807, 75.1792526245, 47.4093513489, 57.581035614, 46.9297103882, 38.2485160828, -6.51330471039, 10.7237644196, -4.62769889832], [-8.72321891785, 77.1695404053, 71.8705291748, 250.991851807, 336.206237793, 92.7575454712, 59.6377372742, 52.4462013245, 56.6295051575, 52.1756973267, 14.5781393051, 22.5829601288, 13.7884969711], [253.390167236, -119.830024719, 228.190994263, 75.1792526245, 92.7575454712, 206.202468872, 84.5450592041, 48.4066200256, 32.5440330505, 30.9750518799, 37.311832428, 3.35975003242, 16.9376392365], [-28.8174629211, 29.7922592163, 127.605453491, 47.4093513489, 59.6377372742, 84.5450592041, 157.143371582, 81.9062271118, 38.1047363281, 24.4138622284, 29.5299510956, 23.8329753876, 22.6499652863], [56.7244377136, 43.2077789307, 70.0586242676, 57.581035614, 52.4462013245, 48.4066200256, 81.9062271118, 144.543716431, 57.182434082, 19.3561458588, 26.4690418243, 26.6650276184, 11.0773448944], [-6.66323328018, 40.6006469727, 57.7404632568, 46.9297103882, 56.6295051575, 32.5440330505, 38.1047363281, 57.182434082, 104.283744812, 46.898651123, 18.6081466675, 11.6293153763, 5.9329533577], [50.7108688354, 8.54853916168, 42.2053222656, 38.2485160828, 52.1756973267, 30.9750518799, 24.4138622284, 19.3561458588, 46.898651123, 96.6010742188, 36.7153053284, 13.4837236404, 9.5657787323], [5.46143579483, -4.24050045013, 76.0843505859, -6.51330471039, 14.5781393051, 37.311832428, 29.5299510956, 26.4690418243, 18.6081466675, 36.7153053284, 81.2540588379, 33.7610816956, 11.5929317474], [-57.8002891541, 45.0583648682, -24.07006073, 10.7237644196, 22.5829601288, 3.35975003242, 23.8329753876, 26.6650276184, 11.6293153763, 13.4837236404, 33.7610816956, 86.2542037964, 36.651058197], [-26.3134498596, -12.0441989899, 65.2430343628, -4.62769889832, 13.7884969711, 16.9376392365, 22.6499652863, 11.0773448944, 5.9329533577, 9.5657787323, 11.5929317474, 36.651058197, 77.537361145]], "icov": [[0.000100953700894, -5.52531018911e-05, -1.68440237758e-05, -1.74622546183e-05, 7.35687863198e-05, -0.000222771501285, 0.000161345597007, -9.81423581834e-05, 9.91889319266e-05, -0.000106855906779, 7.55110595492e-05, 3.4805823816e-05, 1.91291364899e-05], [-5.52531018911e-05, 0.00123902771156, 0.000332603056449, -0.00032139843097, -0.000204575932003, 0.00103228143416, -0.000736974820029, 3.69694353139e-05, -0.000528196978848, 0.000284553825622, -0.000386594212614, -0.000188118166989, 4.75825072499e-05], [-1.68440237758e-05, 0.000332603056449, 0.00138374173548, 0.000327349669533, -0.000266950810328, -0.000806205673143, -0.00048443567357, -7.02123070369e-05, -0.000484146090457, 0.000359467638191, -0.00107933441177, 0.00136504729744, -0.00121489283629], [-1.74622546183e-05, -0.00032139843097, 0.000327349669533, 0.00292601808906, -0.00193787191529, -0.000795344240032, 0.000174585118657, -0.000548871001229, 0.000127288571093, -0.000283238536213, 0.00072802574141, 0.000195098575205, 0.000213238177821], [7.35687863198e-05, -0.000204575932003, -0.000266950810328, -0.00193787191529, 0.00529995607212, -0.00143052695785, -2.57326664723e-05, -4.29605279351e-06, -0.000742017175071, -0.00143029994797, 0.00107051664963, -0.00113433576189, 8.96459241631e-05], [-0.000222771501285, 0.00103228143416, -0.000806205673143, -0.000795344240032, -0.00143052695785, 0.00947536341846, -0.00365727907047, 0.000302375323372, -0.000436279544374, 0.000362942548236, -0.00265522208065, 0.00127278163563, -0.000290676864097], [0.000161345597007, -0.000736974820029, -0.00048443567357, 0.000174585118657, -2.57326664723e-05, -0.00365727907047, 0.0116812577471, -0.00499520543963, 0.000575740181375, -0.000767824822105, 0.000167101316038, -0.000724383920897, -0.00116874591913], [-9.81423581834e-05, 3.69694353139e-05, -7.02123070369e-05, -0.000548871001229, -4.29605279351e-06, 0.000302375323372, -0.00499520543963, 0.0122932055965, -0.00537278596312, 0.00234235706739, -0.00145557883661, -0.00191347813234, 0.000880633015186], [9.91889319266e-05, -0.000528196978848, -0.000484146090457, 0.000127288571093, -0.000742017175071, -0.000436279544374, 0.000575740181375, -0.00537278596312, 0.0160424094647, -0.00684479996562, 0.00167917367071, -0.000104023834865, 0.000608275411651], [-0.000106855906779, 0.000284553825622, 0.000359467638191, -0.000283238536213, -0.00143029994797, 0.000362942548236, -0.000767824822105, 0.00234235706739, -0.00684479996562, 0.0166780110449, -0.00710500311106, 0.00145842658821, -0.00140761770308], [7.55110595492e-05, -0.000386594212614, -0.00107933441177, 0.00072802574141, 0.00107051664963, -0.00265522208065, 0.000167101316038, -0.00145557883661, 0.00167917367071, -0.00710500311106, 0.0206826794893, -0.00844675954431, 0.00311440275982], [3.4805823816e-05, -0.000188118166989, 0.00136504729744, 0.000195098575205, -0.00113433576189, 0.00127278163563, -0.000724383920897, -0.00191347813234, -0.000104023834865, 0.00145842658821, -0.00844675954431, 0.0200921297073, -0.0091520966962], [1.91291364899e-05, 4.75825072499e-05, -0.00121489283629, 0.000213238177821, 8.96459241631e-05, -0.000290676864097, -0.00116874591913, 0.000880633015186, 0.000608275411651, -0.00140761770308, 0.00311440275982, -0.0091520966962, 0.0181965939701]], "mean": [-653.408630371, 95.0717315674, -31.5310592651, 25.1004199982, 3.65392994881, -2.68073749542, -2.79339170456, 2.96974158287, 3.30487442017, 3.61903786659, -0.129692718387, 4.15345048904, 1.11843919754]}, "pitch_salience": {"dmean": 0.0773331075907, "dmean2": 0.123128190637, "dvar": 0.00589906657115, "dvar2": 0.0133953616023, "max": 0.905173242092, "mean": 0.565976262093, "median": 0.587671458721, "min": 0.00391865381971, "var": 0.0175634473562}, "silence_rate_20dB": {"dmean": 0, "dmean2": 0, "dvar": 0, "dvar2": 0, "max": 1, "mean": 1, "median": 1, "min": 1, "var": 0}, "silence_rate_30dB": {"dmean": 0.00227586762048, "dmean2": 0.00455210544169, "dvar": 0.00227111647837, "dvar2": 0.00680867442861, "max": 1, "mean": 0.998862147331, "median": 1, "min": 0, "var": 0.0011362680234}, "silence_rate_60dB": {"dmean": 0.0247094202787, "dmean2": 0.0494228564203, "dvar": 0.0240986663848, "dvar2": 0.0533197745681, "max": 1, "mean": 0.0976105332375, "median": 0, "min": 0, "var": 0.0880794376135}, "spectral_centroid": {"dmean": 256.44720459, "dmean2": 405.586273193, "dvar": 89637.8359375, "dvar2": 224367.5, "max": 10410.4746094, "mean": 2157.2590332, "median": 2270.24511719, "min": 249.856338501, "var": 361144.125}, "spectral_complexity": {"dmean": 4.2596116066, "dmean2": 6.48593711853, "dvar": 25.4039764404, "dvar2": 53.1635818481, "max": 62, "mean": 22.948797226, "median": 23, "min": 0, "var": 142.224029541}, "spectral_contrast_coeffs": {"dmean": [0.049010194838, 0.0446645766497, 0.0407295078039, 0.0333992429078, 0.0249661020935, 0.0225434806198], "dmean2": [0.0743069350719, 0.0720093399286, 0.0634901300073, 0.0523927807808, 0.0396384559572, 0.0345261469483], "dvar": [0.00186712690629, 0.00143655098509, 0.00110441318247, 0.000752520223614, 0.000463814008981, 0.000533614133019], "dvar2": [0.00423339894041, 0.00355398864485, 0.00260679330677, 0.00176743103657, 0.00107359292451, 0.00116461073048], "max": [-0.263883143663, -0.290317058563, -0.436647981405, -0.493476569653, -0.524034202099, -0.58358502388], "mean": [-0.692144334316, -0.738911390305, -0.751568436623, -0.758249878883, -0.761669993401, -0.747488677502], "median": [-0.694846272469, -0.7458319664, -0.757472515106, -0.760356128216, -0.763145506382, -0.741240561008], "min": [-0.964160680771, -0.964942276478, -0.967081487179, -0.9608502388, -0.964348137379, -0.959644794464], "var": [0.00808991771191, 0.00637445226312, 0.00539278471842, 0.00345882051624, 0.00282529206015, 0.00243679597043]}, "spectral_contrast_valleys": {"dmean": [0.570942997932, 0.381527841091, 0.347301036119, 0.303657710552, 0.271403938532, 0.335119962692], "dmean2": [0.800140023232, 0.591385781765, 0.526974081993, 0.458566337824, 0.406870663166, 0.409336894751], "dvar": [0.41932529211, 0.13914771378, 0.111337214708, 0.100386284292, 0.126244023442, 0.173253417015], "dvar2": [0.728179693222, 0.290341407061, 0.223283544183, 0.196016743779, 0.258827656507, 0.262467592955], "max": [-5.18375873566, -4.9502081871, -4.92568778992, -5.84692192078, -5.18255996704, -7.14657974243], "mean": [-8.08769035339, -7.26261281967, -7.73672389984, -7.74493598938, -7.3496131897, -10.3192777634], "median": [-7.88123989105, -7.01445960999, -7.47498035431, -7.45050525665, -7.11102390289, -9.94414138794], "min": [-27.0788726807, -27.3619213104, -26.9633140564, -27.1852035522, -27.0457286835, -27.2478485107], "var": [2.51542162895, 1.78757786751, 1.77399373055, 1.78582131863, 1.76331698895, 2.16460680962]}, "spectral_decrease": {"dmean": 2.15849360607e-09, "dmean2": 3.34507443966e-09, "dvar": 1.59548068931e-17, "dvar2": 3.72101772252e-17, "max": -8.50544322337e-16, "mean": -4.5253543135e-09, "median": -2.88429391482e-09, "min": -4.16889882615e-08, "var": 2.55558161624e-17}, "spectral_energy": {"dmean": 0.00863950420171, "dmean2": 0.0132968127728, "dvar": 0.000242488415097, "dvar2": 0.000562344910577, "max": 0.161823451519, "mean": 0.0191564913839, "median": 0.0128448372707, "min": 3.24686810771e-09, "var": 0.000409353029681}, "spectral_energyband_high": {"dmean": 0.000411483866628, "dmean2": 0.000616374949459, "dvar": 8.47978242291e-07, "dvar2": 1.91655362869e-06, "max": 0.0235413536429, "mean": 0.00100877357181, "median": 0.000465507502668, "min": 1.49368260816e-11, "var": 2.22937114813e-06}, "spectral_energyband_low": {"dmean": 0.00558523647487, "dmean2": 0.00889805424958, "dvar": 0.000155272544362, "dvar2": 0.000369749643141, "max": 0.120787754655, "mean": 0.00676676258445, "median": 0.000927652989049, "min": 1.96428806554e-09, "var": 0.000202176088351}, "spectral_energyband_middle_high": {"dmean": 0.00231118150987, "dmean2": 0.00359137332998, "dvar": 1.06257002699e-05, "dvar2": 2.54835686064e-05, "max": 0.0555126443505, "mean": 0.00682554626837, "median": 0.00557822734118, "min": 7.76484779252e-12, "var": 3.43987594533e-05}, "spectral_energyband_middle_low": {"dmean": 0.0032935810741, "dmean2": 0.00534277176484, "dvar": 6.04528140684e-05, "dvar2": 0.000160523079103, "max": 0.0814829841256, "mean": 0.00551839219406, "median": 0.00295643461868, "min": 1.88375530452e-12, "var": 6.63893588353e-05}, "spectral_entropy": {"dmean": 0.134801536798, "dmean2": 0.201566174626, "dvar": 0.0212004389614, "dvar2": 0.04460856691, "max": 9.80813884735, "mean": 7.71607685089, "median": 7.74281787872, "min": 5.56678724289, "var": 0.126397490501}, "spectral_flux": {"dmean": 0.0277466941625, "dmean2": 0.0436990596354, "dvar": 0.00144850811921, "dvar2": 0.00304614868946, "max": 0.365607768297, "mean": 0.0789446309209, "median": 0.0656199753284, "min": 5.09951860295e-06, "var": 0.00302395084873}, "spectral_kurtosis": {"dmean": 1.61866724491, "dmean2": 2.72879242897, "dvar": 4.52350902557, "dvar2": 13.0492448807, "max": 37.4886398315, "mean": 5.07085180283, "median": 4.35317420959, "min": -1.21484768391, "var": 10.0199165344}, "spectral_rms": {"dmean": 0.00082763453247, "dmean2": 0.00121962022968, "dvar": 1.34984088618e-06, "dvar2": 2.76602077065e-06, "max": 0.0125648928806, "mean": 0.00383303384297, "median": 0.00353999249637, "min": 1.77979666205e-06, "var": 3.99723239752e-06}, "spectral_rolloff": {"dmean": 586.512939453, "dmean2": 978.635559082, "dvar": 846863.125, "dvar2": 1833221.25, "max": 12833.7890625, "mean": 2499.62329102, "median": 2605.51757812, "min": 21.533203125, "var": 1972662.625}, "spectral_skewness": {"dmean": 0.209660306573, "dmean2": 0.343133956194, "dvar": 0.0489095710218, "dvar2": 0.131119981408, "max": 4.03588151932, "mean": 1.38452398777, "median": 1.36331987381, "min": 0.0565766915679, "var": 0.12893371284}, "spectral_spread": {"dmean": 501551.71875, "dmean2": 682340.1875, "dvar": 412436168704, "dvar2": 700450471936, "max": 40599904, "mean": 4061640.5, "median": 3811900, "min": 1267871.75, "var