{"lowlevel": {"average_loudness": 0.0766042545438, "barkbands": {"dmean": [6.58415010548e-05, 0.000188494406757, 0.000215830790694, 0.00028582039522, 0.00148074934259, 0.000762673094869, 0.000672280904837, 0.000799209170509, 0.000505275733303, 0.000986044411547, 0.000337012053933, 0.000363313884009, 0.000413878122345, 0.000106653635157, 6.96469796821e-05, 8.0400663137e-05, 3.75291201635e-05, 5.89597111684e-05, 3.02870794258e-05, 7.27421547708e-06, 2.34358230955e-06, 3.74750101173e-07, 9.54392405106e-08, 1.99347542917e-08, 4.82177187067e-09, 2.81585776918e-09, 3.2885396628e-09], "dmean2": [0.000106110936031, 0.00029029964935, 0.00032805322553, 0.000435864349129, 0.00232624518685, 0.00116905453615, 0.000989343156107, 0.00118531822227, 0.000749627244659, 0.001633218606, 0.000509733043145, 0.000519515306223, 0.000550138007384, 0.000155182671733, 0.000105412436824, 0.000113685302495, 5.47033523617e-05, 7.6781725511e-05, 4.68621547043e-05, 1.09250631795e-05, 3.53535779141e-06, 5.84834822348e-07, 1.42120470059e-07, 3.03436706872e-08, 7.28363147573e-09, 4.09230827003e-09, 4.53170567738e-09], "dvar": [1.68088032382e-08, 1.973995154e-07, 1.77706752424e-07, 4.00875450168e-07, 9.41906455409e-06, 2.68561757366e-06, 3.28602982336e-06, 7.24506571714e-06, 5.21171750734e-06, 2.11935257539e-05, 1.68272981682e-06, 3.71154919776e-06, 4.73427553516e-06, 3.09058009407e-07, 1.21580086443e-07, 2.87392623477e-07, 3.9005858099e-08, 2.7277604886e-07, 2.84718826293e-08, 2.18334439417e-09, 5.29610466593e-10, 8.65801007277e-12, 1.91151456642e-13, 4.14781276952e-15, 8.68202947584e-17, 2.23969440976e-17, 2.84559097356e-17], "dvar2": [4.75370320885e-08, 4.8512072226e-07, 4.496918109e-07, 9.49851653331e-07, 2.39130076807e-05, 6.37578796159e-06, 7.0446249083e-06, 1.54080844368e-05, 1.17155814223e-05, 6.24653257546e-05, 3.75096374228e-06, 6.8828348958e-06, 6.97872383171e-06, 5.51827326944e-07, 2.51498448733e-07, 5.31011153271e-07, 7.68136061424e-08, 3.57992092859e-07, 6.79519089886e-08, 4.39683089937e-09, 1.33181632389e-09, 2.05225940408e-11, 3.84630370089e-13, 8.94839910314e-15, 1.65539103188e-16, 4.14382017384e-17, 4.69859300533e-17], "max": [0.00458798417822, 0.0141599718481, 0.009910707362, 0.0159014984965, 0.0841786712408, 0.0400821082294, 0.0740522071719, 0.0947297289968, 0.119724079967, 0.141550049186, 0.0484521687031, 0.0862100869417, 0.121966719627, 0.0305334124714, 0.0150407282636, 0.0319422706962, 0.0113444747403, 0.0333175994456, 0.00807520002127, 0.0037242565304, 0.00151366111822, 0.000152849257574, 1.98428988369e-05, 2.84302245745e-06, 3.91662041466e-07, 1.44450979178e-07, 1.09944075177e-07], "mean": [8.26058676466e-05, 0.000510038807988, 0.000575334881432, 0.000635220145341, 0.00332835316658, 0.0016163662076, 0.00147616956383, 0.00169586122502, 0.00106357759796, 0.00184213207103, 0.000674325099681, 0.000712215085514, 0.000888333655894, 0.000234956038184, 0.000136077956995, 0.00018646211538, 8.13910228317e-05, 0.000142156015499, 6.1355480284e-05, 1.47265263877e-05, 4.23893652624e-06, 7.58019723435e-07, 2.04215410804e-07, 5.03619013159e-08, 1.39163605084e-08, 8.4511926346e-09, 9.60060919653e-09], "median": [3.77913565899e-05, 0.000106740953925, 0.000252155616181, 0.000238434498897, 0.00129613943864, 0.000720338721294, 0.000375804957002, 0.00022846700449, 0.000116281611554, 6.42663289909e-05, 2.83402059722e-05, 3.1805033359e-05, 4.85698437842e-05, 1.72230938915e-05, 1.31721562866e-05, 8.84720793692e-06, 6.2591943788e-06, 5.94655148234e-06, 5.72967883272e-06, 1.91485651158e-06, 8.98942403182e-07, 3.03912628397e-07, 9.40732576282e-08, 2.93214679203e-08, 9.36758492998e-09, 5.50942669264e-09, 6.07714367717e-09], "min": [4.45637534032e-25, 1.74017824754e-24, 7.85292295701e-25, 1.23600718504e-24, 6.47287351777e-24, 3.14897634197e-24, 9.5553277834e-24, 4.95736601148e-24, 1.50672764219e-23, 9.37308119277e-24, 7.7972526485e-24, 1.72542970406e-23, 2.89614188589e-23, 2.86735508929e-23, 3.25618778491e-23, 4.7141993219e-23, 7.72363867318e-23, 8.25802377888e-23, 1.30399098908e-22, 1.55301607529e-22, 1.62282976053e-22, 3.26101921086e-22, 3.68082978004e-22, 4.89163786842e-22, 8.40081479714e-22, 1.232521428e-21, 1.95671209681e-21], "var": [2.35752910527e-08, 1.0748801742e-06, 8.321260907e-07, 1.38424820761e-06, 3.09087699861e-05, 8.5827869043e-06, 1.23954359879e-05, 2.52971458394e-05, 1.54251447384e-05, 5.31774530828e-05, 5.50798540644e-06, 1.16038536362e-05, 2.35269217228e-05, 1.33977869154e-06, 2.89921587182e-07, 1.26929046473e-06, 1.4833892692e-07, 9.72412294686e-07, 6.369374006e-08, 1.21896528427e-08, 1.12979647859e-09, 1.86621967879e-11, 5.51236899009e-13, 1.19499408199e-14, 3.03474620235e-16, 8.54722087356e-17, 1.16492785343e-16]}, "barkbands_crest": {"dmean": 2.3491127491, "dmean2": 3.76799917221, "dvar": 4.70170307159, "dvar2": 12.2417449951, "max": 25.6451511383, "mean": 11.4283733368, "median": 10.5442428589, "min": 3.30734395981, "var": 19.1232700348}, "barkbands_flatness_db": {"dmean": 0.0177505798638, "dmean2": 0.0273720659316, "dvar": 0.000277822226053, "dvar2": 0.00066772045102, "max": 0.480534285307, "mean": 0.256039887667, "median": 0.25500652194, "min": 0.0416314266622, "var": 0.00318983150646}, "barkbands_kurtosis": {"dmean": 3.4589009285, "dmean2": 5.46008110046, "dvar": 57.8029251099, "dvar2": 152.497406006, "max": 195.448654175, "mean": 7.03004312515, "median": 2.81485676765, "min": -1.94430375099, "var": 187.591644287}, "barkbands_skewness": {"dmean": 0.483256489038, "dmean2": 0.749169647694, "dvar": 0.300807982683, "dvar2": 0.746264219284, "max": 10.758849144, "mean": 1.21977162361, "median": 1.10002231598, "min": -2.784678936, "var": 2.01064705849}, "barkbands_spread": {"dmean": 2.03690958023, "dmean2": 3.09835457802, "dvar": 8.74127197266, "dvar2": 18.2101459503, "max": 79.2398757935, "mean": 9.19155883789, "median": 7.62094068527, "min": 0.247684836388, "var": 50.4305000305}, "dissonance": {"dmean": 0.0334511250257, "dmean2": 0.0555229969323, "dvar": 0.00111978477798, "dvar2": 0.0030873962678, "max": 0.499922960997, "mean": 0.417001247406, "median": 0.426512211561, "min": 0.176365748048, "var": 0.00277140014805}, "dynamic_complexity": 5.59375286102, "erbbands": {"dmean": [0.00403117528185, 0.0494114905596, 0.209680080414, 0.566923856735, 3.17657923698, 5.7311668396, 5.57923603058, 6.48622322083, 8.41121101379, 11.7440853119, 17.0625095367, 10.1085577011, 17.8870754242, 27.195438385, 13.3233709335, 13.4689826965, 17.0041904449, 6.25046014786, 4.57104873657, 2.39114093781, 4.40718603134, 1.73169124126, 2.10182309151, 2.96547555923, 0.712909340858, 0.338877826929, 0.129539519548, 0.0581215955317, 0.0161174349487, 0.00564999971539, 0.00232586706989, 0.000691266905051, 0.000218966291868, 7.35365392757e-05, 2.99014136544e-05, 1.34961446747e-05, 5.83497103435e-06, 2.06410868486e-06, 2.26387260227e-06, 4.76552349937e-06], "dmean2": [0.00620405934751, 0.0770027562976, 0.324656635523, 0.868086099625, 4.92467260361, 9.20976543427, 8.54252433777, 9.86712646484, 12.4877109528, 16.8736553192, 25.4919185638, 14.8036346436, 28.4745426178, 43.7373580933, 19.6485652924, 18.4219512939, 22.4863796234, 8.11659431458, 6.5721244812, 3.38295936584, 6.26760339737, 2.33724951744, 2.73928976059, 3.93476605415, 1.02633357048, 0.507891178131, 0.195876568556, 0.0893055349588, 0.0249147396535, 0.00869273580611, 0.00345080345869, 0.00104102492332, 0.000332723546308, 0.000111590314191, 4.57506430394e-05, 1.98005855054e-05, 8.37369498186e-06, 2.89951890409e-06, 3.24830512e-06, 7.00010332366e-06], "dvar": [7.19981471775e-05, 0.0140426531434, 0.16888487339, 1.11273956299, 49.9066467285, 169.898117065, 124.788208008, 264.231323242, 501.44317627, 1150.53051758, 4239.44335938, 1797.10705566, 4671.13427734, 16612.8945313, 2852.45141602, 5712.22607422, 9575.50585938, 947.907470703, 496.416900635, 181.904769897, 815.344238281, 68.0404586792, 245.019943237, 631.044921875, 8.67810821533, 5.0194067955, 1.07985675335, 0.365468561649, 0.0176858045161, 0.000781261478551, 0.000125017963001, 6.26852488494e-06, 3.21807476666e-07, 2.16283666532e-08, 3.2142928319e-09, 5.53429635453e-10, 9.12640241157e-11, 1.26077022086e-11, 1.70358397528e-11, 8.13305117697e-11], "dvar2": [0.000146692909766, 0.0357856974006, 0.45294457674, 2.73899173737, 122.786132813, 446.87286377, 319.426147461, 607.161621094, 1079.20837402, 2266.10375977, 10076.4628906, 3993.51489258, 12763.0292969, 45928.7695313, 5850.26416016, 9007.18652344, 13792.5625, 1336.00305176, 877.819824219, 367.523742676, 1592.36364746, 107.8229599, 314.429077148, 884.619995117, 14.6388597488, 9.29426288605, 2.60708260536, 0.923496186733, 0.0412129871547, 0.00173921510577, 0.000232829872402, 1.13808018796e-05, 6.60757052628e-07, 4.00353563634e-08, 6.63710464366e-09, 1.0423419905e-09, 1.65061894708e-10, 2.12089963647e-11, 3.50391694826e-11, 1.78344436441e-10], "max": [0.363434135914, 3.91917443275, 8.95306015015, 23.4769363403, 189.644180298, 401.664916992, 254.923309326, 514.667602539, 747.485534668, 1367.42138672, 2454.39160156, 2407.66308594, 2224.98583984, 4617.83740234, 2837.1784668, 4210.85351563, 6488.46630859, 1770.15063477, 1047.87121582, 754.055969238, 1491.79748535, 568.816162109, 920.349853516, 1497.63317871, 152.250076294, 206.301879883, 70.1562423706, 29.293548584, 7.5434718132, 1.24549472332, 0.531972169876, 0.126296192408, 0.026501538232, 0.00653630495071, 0.0021039841231, 0.000951064634137, 0.000301840133034, 9.99827316264e-05, 0.000148173974594, 0.00030965229962], "mean": [0.0103600630537, 0.136381298304, 0.570697069168, 1.56122207642, 6.73668718338, 11.4026594162, 11.9396286011, 14.2603359222, 19.0716896057, 27.3987216949, 37.5920448303, 23.9216423035, 35.8350143433, 51.9806213379, 30.1497516632, 30.5661201477, 38.9019737244, 17.3199901581, 10.7715978622, 5.88044071198, 10.6672058105, 4.53996181488, 5.27367401123, 7.72515630722, 1.65683412552, 0.73737514019, 0.260627746582, 0.110861733556, 0.0332068316638, 0.0122186308727, 0.00515464507043, 0.00173316989094, 0.000580387015361, 0.000212345592445, 9.2698559456e-05, 4.53075335827e-05, 2.08437541005e-05, 7.04033664078e-06, 9.41566941037e-06, 1.8468228518e-05], "median": [0.00258211418986, 0.0355367027223, 0.300462692976, 0.775731444359, 2.25074720383, 4.30403614044, 5.41863203049, 5.91699838638, 5.94600820541, 5.71285676956, 5.62569713593, 3.0222837925, 2.35854578018, 2.5154364109, 1.76959216595, 1.76375484467, 2.38284707069, 1.5696502924, 0.949679374695, 0.618554294109, 0.651516377926, 0.438203036785, 0.344325214624, 0.378390878439, 0.25551122427, 0.108318462968, 0.0511556081474, 0.0270793735981, 0.01270044595, 0.00549453869462, 0.00235123070888, 0.000941212056205, 0.000363785249647, 0.000142278018757, 6.23042578809e-05, 3.03343203996e-05, 1.3612318071e-05, 4.32387560068e-06, 5.50462391402e-06, 9.85894530459e-06], "min": [7.07392652075e-23, 1.79947742666e-22, 9.93578413305e-22, 2.78485438761e-21, 8.20588047694e-21, 2.2030540361e-20, 2.38610409734e-20, 2.0980964486e-20, 9.97507505059e-20, 1.59222251276e-19, 1.84928930913e-19, 3.24699047809e-19, 5.56261901342e-19, 8.45502249531e-19, 5.63044730666e-19, 1.17769850052e-18, 1.61373424932e-18, 1.85379281643e-18, 2.38774534646e-18, 3.42484888884e-18, 3.28871460556e-18, 4.98826842984e-18, 5.33525249883e-18, 6.33200389619e-18, 5.76357820054e-18, 6.73041543822e-18, 8.25499533394e-18, 7.50458369968e-18, 9.70291378485e-18, 9.34586458216e-18, 1.08208492099e-17, 1.06036348898e-17, 8.22231342794e-18, 7.84853036146e-18, 6.09860165146e-18, 3.76342900961e-18, 2.22384922745e-18, 9.47979794464e-19, 2.49444378726e-19, 2.61505589711e-20], "var": [0.000659547862597, 0.0666093975306, 0.68342602253, 4.66247940063, 165.034408569, 444.091583252, 319.344512939, 941.569641113, 1651.13061523, 5124.46337891, 12894.7919922, 6632.45898438, 14487.3662109, 39558.828125, 11156.1171875, 21590.1015625, 45510.796875, 6924.15478516, 1933.67272949, 686.813049316, 3454.89111328, 384.382110596, 892.031433105, 2466.77001953, 35.1143913269, 34.0564498901, 2.85279917717, 0.962781727314, 0.0406035594642, 0.00216220249422, 0.000378444354283, 2.19674093387e-05, 9.79464857664e-07, 7.81729312394e-08, 1.23408439023e-08, 2.54033682978e-09, 4.9396686741e-10, 6.35046876196e-11, 1.5610533699e-10, 6.99389102188e-10]}, "erbbands_crest": {"dmean": 2.71597313881, "dmean2": 4.32645654678, "dvar": 6.51452064514, "dvar2": 16.3306179047, "max": 32.0888519287, "mean": 12.1495094299, "median": 11.4469165802, "min": 2.42623782158, "var": 22.3739414215}, "erbbands_flatness_db": {"dmean": 0.015915248543, "dmean2": 0.0238621179014, "dvar": 0.000225110867177, "dvar2": 0.00050253723748, "max": 0.453118413687, "mean": 0.28796812892, "median": 0.293895363808, "min": 0.0792564377189, "var": 0.00344371167012}, "erbbands_kurtosis": {"dmean": 1.99580478668, "dmean2": 3.12749457359, "dvar": 14.8605060577, "dvar2": 37.0573158264, "max": 88.3099746704, "mean": 3.69142985344, "median": 0.803681254387, "min": -1.8873500824, "var": 71.5337982178}, "erbbands_skewness": {"dmean": 0.401736497879, "dmean2": 0.609730541706, "dvar": 0.170742303133, "dvar2": 0.38502818346, "max": 8.00789642334, "mean": 0.810584664345, "median": 0.61737370491, "min": -5.20527505875, "var": 1.7481982708}, "erbbands_spread": {"dmean": 3.81970262527, "dmean2": 5.83441877365, "dvar": 25.2479228973, "dvar2": 54.6014595032, "max": 108.970954895, "mean": 19.487443924, "median": 16.6445293427, "min": 1.27298820019, "var": 175.490936279}, "gfcc": {"cov": [[23081.25, 4706.3828125, -3957.10961914, -917.930297852, -552.360107422, -932.113037109, -224.568191528, -191.53036499, -311.708740234, -530.013793945, 47.2363128662, -345.961120605, -321.310668945], [4706.3828125, 1464.36181641, -572.07989502, -348.922332764, -43.9969482422, -193.07862854, -33.0645866394, -97.0206451416, -66.9515304565, -183.518569946, 19.6157550812, -103.753227234, -78.5448226929], [-3957.10961914, -572.07989502, 1558.97436523, 520.65826416, -7.97540235519, 198.335769653, -72.405708313, -160.851348877, -27.8908863068, 39.9307098389, -68.4290008545, 85.7848052979, 84.5149612427], [-917.930297852, -348.922332764, 520.65826416, 763.479858398, 121.804679871, 2.61157751083, -198.702377319, -74.9007339478, 33.6586952209, 90.1265716553, -44.2665748596, 20.841796875, 22.8603534698], [-552.360107422, -43.9969482422, -7.97540235519, 121.804679871, 388.085418701, 10.6346683502, -136.161911011, -28.0376167297, 63.3962135315, 14.2955322266, 9.46662521362, -26.5842647552, -33.246006012], [-932.113037109, -193.07862854, 198.335769653, 2.61157751083, 10.6346683502, 310.37991333, 158.929458618, -5.39290571213, -26.0340557098, 62.9309921265, -5.78070259094, 30.2017211914, 28.3456554413], [-224.568191528, -33.0645866394, -72.405708313, -198.702377319, -136.161911011, 158.929458618, 393.691345215, 185.688278198, -54.3887901306, -37.0970115662, 33.7053489685, 35.3810310364, 13.914940834], [-191.53036499, -97.0206451416, -160.851348877, -74.9007339478, -28.0376167297, -5.39290571213, 185.688278198, 273.266143799, 83.976524353, -7.97051334381, 21.5565872192, 35.1884689331, -12.5486373901], [-311.708740234, -66.9515304565, -27.8908863068, 33.6586952209, 63.3962135315, -26.0340557098, -54.3887901306, 83.976524353, 181.681015015, 108.937431335, 1.2691450119, -14.4439344406, 3.97283196449], [-530.013793945, -183.518569946, 39.9307098389, 90.1265716553, 14.2955322266, 62.9309921265, -37.0970115662, -7.97051334381, 108.937431335, 201.093429565, 35.5127372742, -17.4529266357, 14.0462741852], [47.2363128662, 19.6157550812, -68.4290008545, -44.2665748596, 9.46662521362, -5.78070259094, 33.7053489685, 21.5565872192, 1.2691450119, 35.5127372742, 111.273925781, 43.4800338745, -28.1923351288], [-345.961120605, -103.753227234, 85.7848052979, 20.841796875, -26.5842647552, 30.2017211914, 35.3810310364, 35.1884689331, -14.4439344406, -17.4529266357, 43.4800338745, 118.953796387, 45.4872283936], [-321.310668945, -78.5448226929, 84.5149612427, 22.8603534698, -33.246006012, 28.3456554413, 13.914940834, -12.5486373901, 3.97283196449, 14.0462741852, -28.1923351288, 45.4872283936, 129.416259766]], "icov": [[0.000507513119373, -0.00139814743306, 0.00114898697939, -0.000801611400675, 0.000865251815412, -0.000141038704896, 0.000341358536389, 6.48261411698e-05, 0.000507944787387, -0.000248071592068, 0.00068593659671, -0.000716035021469, 0.000437914568465], [-0.00139814743306, 0.00511777075008, -0.00275969225913, 0.0021446319297, -0.00191018672194, 0.000324268854456, -0.00134398601949, 0.00139112153556, -0.00325225526467, 0.00318698980846, -0.00349964597262, 0.00338695314713, -0.00142306333873], [0.00114898697939, -0.00275969225913, 0.00384025787935, -0.00262914551422, 0.00241814111359, -0.000953375943936, 0.000206509954296, 0.00182838004548, -0.000480042479467, 0.000920132210013, 0.00142162106931, -0.00204301788472, 0.00106205057818], [-0.000801611400675, 0.0021446319297, -0.00262914551422, 0.00378671172075, -0.00229450268671, 0.00100172229577, 0.000654063711409, -0.00163492036518, 0.00171039358247, -0.00254145008512, 0.00104353704955, -0.000191613013158, -0.000160229537869], [0.000865251815412, -0.00191018672194, 0.00241814111359, -0.00229450268671, 0.00617576064542, -0.00366652105004, 0.00363563816063, -0.000398988602683, -0.00240249140188, 0.00474328128621, -0.00396610051394, 0.00292338314466, -0.000557539809961], [-0.000141038704896, 0.000324268854456, -0.000953375943936, 0.00100172229577, -0.00366652105004, 0.010274506174, -0.00810978934169, 0.00479555176571, 0.00167772755958, -0.00796687789261, 0.00866901315749, -0.0076469136402, 0.00382636277936], [0.000341358536389, -0.00134398601949, 0.000206509954296, 0.000654063711409, 0.00363563816063, -0.00810978934169, 0.014755054377, -0.0125166010112, 0.0071853431873, 0.00224632374011, -0.00730811292306, 0.00753254583105, -0.00501240417361], [6.48261411698e-05, 0.00139112153556, 0.00182838004548, -0.00163492036518, -0.000398988602683, 0.00479555176571, -0.0125166010112, 0.0186433494091, -0.013847171329, 0.00472212675959, 0.00332215917297, -0.00690684653819, 0.00516457203776], [0.000507944787387, -0.00325225526467, -0.000480042479467, 0.00171039358247, -0.00240249140188, 0.00167772755958, 0.0071853431873, -0.013847171329, 0.023985337466, -0.0163404624909, 0.00730709824711, -0.00233873119578, -0.000350233895006], [-0.000248071592068, 0.00318698980846, 0.000920132210013, -0.00254145008512, 0.00474328128621, -0.00796687789261, 0.00224632374011, 0.00472212675959, -0.0163404624909, 0.024568522349, -0.0178675260395, 0.0134745966643, -0.00644710566849], [0.00068593659671, -0.00349964597262, 0.00142162106931, 0.00104353704955, -0.00396610051394, 0.00866901315749, -0.00730811292306, 0.00332215917297, 0.00730709824711, -0.0178675260395, 0.0302996542305, -0.0218031071126, 0.0126354573295], [-0.000716035021469, 0.00338695314713, -0.00204301788472, -0.000191613013158, 0.00292338314466, -0.0076469136402, 0.00753254583105, -0.00690684653819, -0.00233873119578, 0.0134745966643, -0.0218031071126, 0.0279599800706, -0.0133755523711], [0.000437914568465, -0.00142306333873, 0.00106205057818, -0.000160229537869, -0.000557539809961, 0.00382636277936, -0.00501240417361, 0.00516457203776, -0.000350233895006, -0.00644710566849, 0.0126354573295, -0.0133755523711, 0.0155079746619]], "mean": [-176.957000732, 186.754699707, -132.502075195, 8.49197101593, -41.9598731995, -26.6869354248, -19.6963710785, -16.9179191589, -15.4885463715, -10.7234020233, -2.90655589104, -8.42302417755, -6.82506227493]}, "hfc": {"dmean": 2.69280958176, "dmean2": 3.72755789757, "dvar": 48.4609107971, "dvar2": 87.7858047485, "max": 283.075561523, "mean": 10.0497636795, "median": 3.60331392288, "min": 1.0715118984e-16, "var": 420.450500488}, "melbands": {"dmean": [4.53788488812e-05, 9.37608929235e-05, 0.000146118807606, 0.000356119300704, 0.000196694963961, 0.000145536803757, 0.000128828032757, 0.000142635806696, 0.000137662966154, 6.06764115219e-05, 0.000101604804513, 0.000125976337586, 4.57088717667e-05, 3.75815325242e-05, 4.73465370305e-05, 3.10920368065e-05, 1.07926471173e-05, 8.43649922899e-06, 3.50903451363e-06, 4.31967100667e-06, 5.31791010872e-06, 2.09156155506e-06, 1.06596075966e-06, 3.25940345647e-06, 2.51912115345e-06, 6.40465088964e-07, 3.57726065658e-07, 2.0399104983e-07, 8.68433929213e-08, 6.94095518838e-08, 2.45034357249e-08, 1.05984687693e-08, 5.13072695441e-09, 2.71866928969e-09, 1.62609126164e-09, 6.96411761592e-10, 3.62829433165e-10, 1.78166661979e-10, 9.45765341043e-11, 5.58218471447e-11], "dmean2": [6.9159148552e-05, 0.000145802521729, 0.000226928488701, 0.00056052103173, 0.000305213266984, 0.000221502195927, 0.000189480706467, 0.000204827883863, 0.000202783805435, 9.03189502424e-05, 0.000163236443768, 0.000203701361897, 6.80970624671e-05, 5.43509377167e-05, 6.66531195748e-05, 4.05952523579e-05, 1.47422579175e-05, 1.20283584693e-05, 5.24884626429e-06, 5.90668514633e-06, 7.58620262786e-06, 2.92071354124e-06, 1.52865607106e-06, 4.28014527643e-06, 3.37814549312e-06, 9.62907165558e-07, 5.52844539925e-07, 3.05190980043e-07, 1.33140545699e-07, 1.07073795164e-07, 3.86859326795e-08, 1.69031544317e-08, 7.94592480702e-09, 4.27775814771e-09, 2.48443110529e-09, 1.07247144499e-09, 5.63165958312e-10, 2.80077072645e-10, 1.47004769468e-10, 8.71638872191e-11], "dvar": [9.83044490255e-09, 3.39254349058e-08, 8.52466470747e-08, 6.13157283169e-07, 1.40734229603e-07, 1.15690440339e-07, 1.12177467315e-07, 1.64867699937e-07, 3.1697106806e-07, 6.37677501913e-08, 1.6503717859e-07, 3.71650116904e-07, 3.12601891039e-08, 4.08481604097e-08, 7.05439262561e-08, 4.61904114957e-08, 2.66788036107e-09, 1.86077120379e-09, 2.54956444845e-10, 9.1942475855e-10, 1.12333964353e-09, 1.19327367432e-10, 2.19430758286e-11, 9.05896024861e-10, 4.23227952684e-10, 6.334916966e-12, 4.77182269393e-12, 2.1810745484e-12, 3.05459135633e-13, 6.80866387576e-13, 5.04074863447e-14, 8.5129868988e-15, 8.35122658164e-16, 1.70809223072e-16, 6.97771977663e-17, 9.03102888768e-18, 1.64775587772e-18, 2.17512880636e-19, 3.99791188825e-20, 1.17206072504e-20], "dvar2": [2.22945395478e-08, 9.19606080174e-08, 2.14939731791e-07, 1.55930320034e-06, 3.63493739997e-07, 2.70054044904e-07, 2.37101716039e-07, 3.13862329904e-07, 7.63824630212e-07, 1.45204609225e-07, 4.65138612071e-07, 1.05006199647e-06, 6.97736481925e-08, 8.7287396866e-08, 1.47073890844e-07, 6.13176993625e-08, 4.28215196635e-09, 3.02799874063e-09, 5.23491361371e-10, 1.52204071568e-09, 2.27225971372e-09, 2.01294203528e-10, 3.98206363716e-11, 1.12991482837e-09, 6.12321859883e-10, 1.20436638093e-11, 9.99508375371e-12, 3.88734010259e-12, 7.53450145156e-13, 1.73044217844e-12, 1.32473527048e-13, 2.07339689444e-14, 1.88562896004e-15, 4.10177637002e-16, 1.3807689214e-16, 1.6227766569e-17, 3.6910937194e-18, 4.87038257805e-19, 7.89094696835e-20, 2.42788754271e-20], "max": [0.00331459590234, 0.00425117975101, 0.00752940075472, 0.0234311278909, 0.0069299004972, 0.00996268168092, 0.0138401696458, 0.0178207457066, 0.0218862853944, 0.0130155896768, 0.0133720403537, 0.0213128216565, 0.00706329010427, 0.0106724100187, 0.0117856031284, 0.0152453258634, 0.00319035141729, 0.00255364389159, 0.000836340419482, 0.00190728565212, 0.00161661114544, 0.000744942284655, 0.000256786413956, 0.00187454058323, 0.00124055589549, 0.000121638389828, 0.000133227717015, 0.000136864589876, 3.04219047393e-05, 5.39917928108e-05, 1.11882509373e-05, 4.97099927088e-06, 1.86865258911e-06, 5.68863981698e-07, 4.2358982455e-07, 1.70379450992e-07, 5.70770346542e-08, 1.96860945323e-08, 8.37680680377e-09, 4.63990668109e-09], "mean": [0.000126178914797, 0.000263311114395, 0.00037572538713, 0.000733403896447, 0.000433639652329, 0.000318575446727, 0.0002922534768, 0.000323282380123, 0.00029904540861, 0.000136253700475, 0.000195332671865, 0.000234176259255, 9.89240943454e-05, 7.84187286627e-05, 9.684998804e-05, 7.19829258742e-05, 2.68636304099e-05, 1.88758458535e-05, 7.47492958908e-06, 1.03694592326e-05, 1.25273818412e-05, 4.91279888593e-06, 2.58151999333e-06, 7.67307210481e-06, 6.37293896943e-06, 1.39561609558e-06, 6.85732857164e-07, 4.21262228656e-07, 1.61881786198e-07, 1.17524628251e-07, 4.39140386277e-08, 1.96045935041e-08, 1.0019124197e-08, 5.33042232576e-09, 3.29785265762e-09, 1.54499568694e-09, 8.1454665235e-10, 4.23383911263e-10, 2.31619209923e-10, 1.41763323303e-10], "median": [3.20583458233e-05, 0.000135672278702, 0.000196975437575, 0.000257449311903, 0.000200482929358, 0.000138212868478, 8.55935795698e-05, 6.15416865912e-05, 3.98665688408e-05, 1.55019642989e-05, 1.0723189007e-05, 1.00432243926e-05, 4.9597265388e-06, 3.48585308529e-06, 4.81087636217e-06, 4.19319076173e-06, 1.97113445211e-06, 1.31685590077e-06, 8.6136333266e-07, 5.42171562756e-07, 6.60023943055e-07, 3.79519320859e-07, 2.36234029671e-07, 2.8177760214e-07, 2.69137757414e-07, 1.84815505122e-07, 9.58360075742e-08, 5.03157835396e-08, 3.18388124754e-08, 2.10703117176e-08, 1.28905170982e-08, 7.44006367626e-09, 4.26225810202e-09, 2.45260145526e-09, 1.42648781676e-09, 8.05693400885e-10, 4.58347998444e-10, 2.62293714526e-10, 1.52981308177e-10, 9.44857664331e-11], "min": [7.39241011941e-25, 3.53954147475e-25, 9.29404659918e-25, 1.64283537564e-24, 8.3947007938e-25, 3.97663574379e-25, 1.7999044844e-24, 1.52082945778e-24, 1.46169042926e-24, 2.14813588974e-24, 2.22208548593e-24, 2.15338023704e-24, 1.36378914244e-24, 2.55366758744e-24, 2.48210587321e-24, 3.10811709417e-24, 3.05681391963e-24, 2.59990114737e-24, 2.1367037175e-24, 3.76557941056e-24, 3.09987546986e-24, 3.5393218756e-24, 3.78434877808e-24, 4.16603715491e-24, 4.2661514924e-24, 3.94225703763e-24, 3.52578068373e-24, 3.74647990475e-24, 4.38329812568e-24, 4.66563933227e-24, 3.62286263989e-24, 4.88229761331e-24, 5.86715140486e-24, 3.80532380068e-24, 5.42293515166e-24, 5.64053809363e-24, 6.29179720229e-24, 4.38186594871e-24, 6.67432334941e-24, 5.91672302971e-24], "var": [6.94570303494e-08, 1.39653224096e-07, 3.24557589693e-07, 1.79925916655e-06, 3.95656570618e-07, 4.0562099457e-07, 3.99978631549e-07, 7.18854039405e-07, 8.98179905562e-07, 2.30852691629e-07, 4.68533926323e-07, 8.72427904142e-07, 1.13100014687e-07, 1.24858885897e-07, 2.2802288413e-07, 2.21473612783e-07, 1.71843126395e-08, 7.39047356646e-09, 7.39056371657e-10, 4.26264046283e-09, 4.40934355694e-09, 5.63242008589e-10, 1.21469556635e-10, 3.04630520809e-09, 1.67461611245e-09, 2.29468822416e-11, 1.63687431665e-11, 1.5568922887e-11, 7.79017096057e-13, 1.39235476447e-12, 1.18462423031e-13, 1.65863264285e-14, 1.92969690791e-15, 4.00418864537e-16, 1.92469655478e-16, 2.7500749393e-17, 3.95850259987e-18, 5.67228816999e-19, 1.09403347256e-19, 3.42695822525e-20]}, "melbands_crest": {"dmean": 2.73369336128, "dmean2": 4.36578989029, "dvar": 6.65830039978, "dvar2": 17.5677719116, "max": 38.4426422119, "mean": 13.4200983047, "median": 12.6772766113, "min": 1.5667206049, "var": 25.411272049}, "melbands_flatness_db": {"dmean": 0.0187033265829, "dmean2": 0.0284046009183, "dvar": 0.000324750115396, "dvar2": 0.000744202465285, "max": 0.595576167107, "mean": 0.338410407305, "median": 0.340912520885, "min": 0.00399085087702, "var": 0.005769376643}, "melbands_kurtosis": {"dmean": 4.31942129135, "dmean2": 6.81787061691, "dvar": 74.3098678589, "dvar2": 188.781341553, "max": 269.04296875, "mean": 9.89209365845, "median": 4.47129487991, "min": -1.86934113503, "var": 274.139923096}, "melbands_skewness": {"dmean": 0.501957952976, "dmean2": 0.780275523663, "dvar": 0.323302745819, "dvar2": 0.788390159607, "max": 10.6833229065, "mean": 1.70081758499, "median": 1.51716291904, "min": -2.62714767456, "var": 2.2891933918}, "melbands_spread": {"dmean": 2.80191302299, "dmean2": 4.29415559769, "dvar": 20.3509502411, "dvar2": 45.2862091064, "max": 163.96144104, "mean": 13.8656692505, "median": 10.1154260635, "min": 0.434268146753, "var": 346.16192627}, "mfcc": {"cov": [[6786.10253906, 2966.31542969, -2032.48303223, -277.137359619, -417.486724854, -555.200012207, -63.8574066162, 151.638442993, -190.513549805, -65.7749862671, 146.772186279, -33.9958534241, -74.6181869507], [2966.31542969, 1954.32458496, -464.84387207, -238.014526367, -128.740249634, -223.344345093, 21.6367340088, 50.5268096924, -103.165603638, -119.532150269, 36.9689712524, -25.6277046204, -68.0443878174], [-2032.48303223, -464.84387207, 1326.00939941, 297.112792969, 99.5743484497, 267.311981201, 50.2675971985, -64.590171814, 23.3368587494, -73.627456665, -130.186035156, -14.1741800308, -10.7375888824], [-277.137359619, -238.014526367, 297.112792969, 527.977844238, 290.533905029, 48.2182388306, -109.120162964, -77.1607971191, -24.4319896698, -2.91602134705, -37.1689605713, -40.0727920532, 5.90531110764], [-417.486724854, -128.740249634, 99.5743484497, 290.533905029, 570.871154785, 142.699356079, -186.980316162, -151.847290039, -51.3134498596, -9.98892211914, 16.4851741791, -46.9935073853, -25.564283371], [-555.200012207, -223.344345093, 267.311981201, 48.2182388306, 142.699356079, 308.629058838, 53.3070144653, -99.790473938, -5.38869762421, 9.65436840057, -31.1327838898, -9.67604827881, -20.2599964142], [-63.8574066162, 21.6367340088, 50.2675971985, -109.120162964, -186.980316162, 53.3070144653, 276.799163818, 142.805831909, 16.5460720062, -13.9386339188, -14.5589666367, 27.7408599854, 19.2201194763], [151.638442993, 50.5268096924, -64.590171814, -77.1607971191, -151.847290039, -99.790473938, 142.805831909, 271.422363281, 59.1360549927, -54.606300354, 10.1953105927, 27.7107830048, 25.9905700684], [-190.513549805, -103.165603638, 23.3368587494, -24.4319896698, -51.3134498596, -5.38869762421, 16.5460720062, 59.1360549927, 171.464736938, 87.7147979736, -17.693983078, 12.0099458694, 24.5899219513], [-65.7749862671, -119.532150269, -73.627456665, -2.91602134705, -9.98892211914, 9.65436840057, -13.9386339188, -54.606300354, 87.7147979736, 188.100646973, 64.0533828735, 0.133660569787, 9.88941383362], [146.772186279, 36.9689712524, -130.186035156, -37.1689605713, 16.4851741791, -31.1327838898, -14.5589666367, 10.1953105927, -17.693983078, 64.0533828735, 162.456726074, 71.9672698975, -1.52931749821], [-33.9958534241, -25.6277046204, -14.1741800308, -40.0727920532, -46.9935073853, -9.67604827881, 27.7408599854, 27.7107830048, 12.0099458694, 0.133660569787, 71.9672698975, 139.576187134, 68.4877548218], [-74.6181869507, -68.0443878174, -10.7375888824, 5.90531110764, -25.564283371, -20.2599964142, 19.2201194763, 25.9905700684, 24.5899219513, 9.88941383362, -1.52931749821, 68.4877548218, 135.813217163]], "icov": [[0.0449279509485, -0.0630063191056, 0.0633687078953, -0.0616386495531, 0.0595116354525, -0.058054305613, 0.0547781474888, -0.0491732880473, 0.0432491116226, -0.0352367386222, 0.0292701479048, -0.0210144780576, 0.0106691112742], [-0.0630063191056, 0.0890418216586, -0.0887220576406, 0.0866126641631, -0.0835171639919, 0.0820131674409, -0.0773450285196, 0.0696252807975, -0.0610343068838, 0.0504064783454, -0.0416527800262, 0.029934996739, -0.0148350009695], [0.0633687078953, -0.0887220576406, 0.0906284451485, -0.0877664461732, 0.0844057798386, -0.0827925354242, 0.0770381689072, -0.0688706859946, 0.0601480379701, -0.0485431067646, 0.041270531714, -0.0297000445426, 0.0152472229674], [-0.0616386495531, 0.0866126641631, -0.0877664461732, 0.0880944207311, -0.0836253762245, 0.0807419419289, -0.0747533217072, 0.0665748566389, -0.0576877035201, 0.0464211963117, -0.0383701659739, 0.0282808858901, -0.014727152884], [0.0595116354525, -0.0835171639919, 0.0844057798386, -0.0836253762245, 0.083258189261, -0.0797167941928, 0.0748366415501, -0.0646327733994, 0.0561968013644, -0.0442613475025, 0.0357280522585, -0.0253968220204, 0.0129783144221], [-0.058054305613, 0.0820131674409, -0.0827925354242, 0.0807419419289, -0.0797167941928, 0.0829881876707, -0.0759814977646, 0.0682531520724, -0.0578412339091, 0.0469417199492, -0.0380716212094, 0.0269904304296, -0.0127818863839], [0.0547781474888, -0.0773450285196, 0.0770381689072, -0.0747533217072, 0.0748366415501, -0.0759814977646, 0.0775019824505, -0.0685725584626, 0.0588526651263, -0.0492751076818, 0.0406606681645, -0.0290227942169, 0.0136187653989], [-0.0491732880473, 0.0696252807975, -0.0688706859946, 0.0665748566389, -0.0646327733994, 0.0682531520724, -0.0685725584626, 0.0691336244345, -0.059426818043, 0.0522006005049, -0.0427585020661, 0.0301224347204, -0.0146961780265], [0.0432491116226, -0.0610343068838, 0.0601480379701, -0.0576877035201, 0.0561968013644, -0.0578412339091, 0.0588526651263, -0.059426818043, 0.0617207437754, -0.051987465471, 0.0427411347628, -0.0301543902606, 0.0137378005311], [-0.0352367386222, 0.0504064783454, -0.0485431067646, 0.0464211963117, -0.0442613475025, 0.0469417199492, -0.0492751076818, 0.0522006005049, -0.051987465471, 0.0527580194175, -0.0419830232859, 0.0299431141466, -0.0143081191927], [0.0292701479048, -0.0416527800262, 0.041270531714, -0.0383701659739, 0.0357280522585, -0.0380716212094, 0.0406606681645, -0.0427585020661, 0.0427411347628, -0.0419830232859, 0.0441863760352, -0.0314783044159, 0.0153082804754], [-0.0210144780576, 0.029934996739, -0.0297000445426, 0.0282808858901, -0.0253968220204, 0.0269904304296, -0.0290227942169, 0.0301224347204, -0.0301543902606, 0.0299431141466, -0.0314783044159, 0.0323703549802, -0.0159359332174], [0.0106691112742, -0.0148350009695, 0.0152472229674, -0.014727152884, 0.0129783144221, -0.0127818863839, 0.0136187653989, -0.0146961780265, 0.0137378005311, -0.0143081191927, 0.0153082804754, -0.0159359332174, 0.0158224739134]], "mean": [-799.729736328, 206.606781006, -17.8703746796, 26.3127498627, -3.86303591728, -8.14692497253, 0.36893722415, -8.7548418045, -8.7557926178, -6.5952835083, -0.373383015394, -3.79917049408, -3.14593577385]}, "pitch_salience": {"dmean": 0.0608686394989, "dmean2": 0.0979684889317, "dvar": 0.00304775265977, "dvar2": 0.00792176648974, "max": 0.862523078918, "mean": 0.582677781582, "median": 0.58953088522, "min": 0.0563935935497, "var": 0.0121701713651}, "silence_rate_20dB": {"dmean": 0, "dmean2": 0, "dvar": 0, "dvar2": 0, "max": 1, "mean": 1, "median": 1, "min": 1, "var": 0}, "silence_rate_30dB": {"dmean": 0.00506457313895, "dmean2": 0.0101304296404, "dvar": 0.00503934454173, "dvar2": 0.0112926019356, "max": 1, "mean": 0.986074209213, "median": 1, "min": 0, "var": 0.0137306423858}, "silence_rate_60dB": {"dmean": 0.0336794108152, "dmean2": 0.0673673525453, "dvar": 0.0325423702598, "dvar2": 0.0714423283935, "max": 1, "mean": 0.221167236567, "median": 0, "min": 0, "var": 0.172244101763}, "spectral_centroid": {"dmean": 101.292205811, "dmean2": 149.587219238, "dvar": 41967.8125, "dvar2": 81409.609375, "max": 11714.9101563, "mean": 892.845092773, "median": 616.804260254, "min": 175.137924194, "var": 2190222.25}, "spectral_complexity": {"dmean": 1.30210185051, "dmean2": 2.07217931747, "dvar": 1.84584641457, "dvar2": 3.95158052444, "max": 47, "mean": 9.05532360077, "median": 8, "min": 0, "var": 30.340133667}, "spectral_contrast_coeffs": {"dmean": [0.0427020527422, 0.0409615561366, 0.0349126011133, 0.0274264290929, 0.0190503112972, 0.0145702352747], "dmean2": [0.0696050524712, 0.0658902525902, 0.0563289299607, 0.0441202633083, 0.0298806019127, 0.0243943147361], "dvar": [0.00122671062127, 0.00116697128396, 0.000850088486914, 0.000510387937538, 0.000311346433591, 0.000156249981956], "dvar2": [0.00326698948629, 0.00304365996271, 0.00214164145291, 0.0012703492539, 0.000634487019852, 0.000413119851146], "max": [-0.224520236254, -0.394351840019, -0.4125905931, -0.471672564745, -0.484490573406, -0.536241471767], "mean": [-0.59133374691, -0.678771555424, -0.738625347614, -0.76953369379, -0.801227211952, -0.748285651207], "median": [-0.583598017693, -0.678223252296, -0.749440670013, -0.770643055439, -0.815211594105, -0.749276638031], "min": [-0.978472352028, -0.97599542141, -0.978557288647, -0.970002412796, -0.969174742699, -0.96419942379], "var": [0.0143407927826, 0.00830555148423, 0.010116267018, 0.0060521075502, 0.00575729366392, 0.00164460600354]}, "spectral_contrast_valleys": {"dmean": [0.359522461891, 0.311200916767, 0.300323873758, 0.246762260795, 0.172958672047, 0.171046003699], "dmean2": [0.59934669733, 0.507233798504, 0.487815886736, 0.394312828779, 0.271208494902, 0.273680686951], "dvar": [0.143162593246, 0.116676412523, 0.10532861948, 0.082832403481, 0.0667983964086, 0.0502926744521], "dvar2": [0.341559410095, 0.257820606232, 0.237309426069, 0.171957954764, 0.128139048815, 0.107234351337], "max": [-5.87581729889, -5.01879072189, -5.08708095551, -5.76243638992, -5.82324552536, -11.4800271988], "mean": [-8.63528251648, -7.71862459183, -8.7278175354, -9.23198032379, -9.49149608612, -13.619758606], "median": [-8.23366832733, -7.26052236557, -8.34598064423, -8.88701248169, -9.1719045639, -13.4059705734], "min": [-28.4940910339, -28.3128414154, -27.9846324921, -27.645904541, -27.4952640533, -27.4260845184], "var": [7.61939811707, 8.59092235565, 7.68372392654, 7.18042945862, 6.61900997162, 3.81646704674]}, "spectral_decrease": {"dmean": 1.04211839158e-09, "dmean2": 1.54478108083e-09, "dvar": 3.58585607956e-18, "dvar2": 8.18416054937e-18, "max": 2.0200864927e-28, "mean": -3.98794153256e-09, "median": -2.20027973619e-09, "min": -6.21070128659e-08, "var": 2.9706342124e-17}, "spectral_energy": {"dmean": 0.00415992317721, "dmean2": 0.0061438921839, "dvar": 5.92017931922e-05, "dvar2": 0.000133143010316, "max": 0.257726728916, "mean": 0.0159629285336, "median": 0.00862951949239, "min": 9.92194582146e-21, "var": 0.00049817468971}, "spectral_energyband_high": {"dmean": 4.93543848279e-06, "dmean2": 7.39276356398e-06, "dvar": 1.48073786566e-09, "dvar2": 3.22376547679e-09, "max": 0.0027775017079, "mean": 1.08461290438e-05, "median": 2.35046786656e-06, "min": 7.13862038512e-21, "var": 6.89091805839e-09}, "spectral_energyband_low": {"dmean": 0.000438881746959, "dmean2": 0.000671537360176, "dvar": 5.46243825283e-07, "dvar2": 1.40930467296e-06, "max": 0.0180998630822, "mean": 0.00139933044557, "median": 0.000827891228255, "min": 9.03439954033e-24, "var": 3.00040869661e-06}, "spectral_energyband_middle_high": {"dmean": 0.00172953074798, "dmean2": 0.00252979388461, "dvar": 3.09278220811e-05, "dvar2": 7.64333817642e-05, "max": 0.166506648064, "mean": 0.00490457518026, "median": 0.000709207030013, "min": 1.10023422523e-21, "var": 0.00016748435155}, "spectral_energyband_middle_low": {"dmean": 0.00300703942776, "dmean2": 0.00457100057974, "dvar": 2.72439174296e-05, "dvar2": 6.34112293483e-05, "max": 0.14457654953, "mean": 0.0100256260484, "median": 0.00581467570737, "min": 1.6350033358e-22, "var": 0.000156934926054}, "spectral_entropy": {"dmean": 0.148425355554, "dmean2": 0.225702255964, "dvar": 0.0207431335002, "dvar2": 0.0473580807447, "max": 9.83142280579, "mean": 6.518034935, "median": 6.5042514801, "min": 4.49453496933, "var": 0.45228856802}, "spectral_flux": {"dmean": 0.0134800225496, "dmean2": 0.0220785122365, "dvar": 0.000312802527333, "dvar2": 0.000829229946248, "max": 0.409190326929, "mean": 0.047848995775, "median": 0.0369697213173, "min": 6.10465011874e-11, "var": 0.00158282485791}, "spectral_kurtosis": {"dmean": 8.70678138733, "dmean2": 15.3512125015, "dvar": 69.8347473145, "dvar2": 212.625167847, "max": 100.569335938, "mean": 17.1277751923, "median": 13.9500951767, "min": -1.26767289639, "var": 173.990371704}, "spectral_rms": {"dmean": 0.000454545923276, "dmean2": 0.000667316839099, "dvar": 2.97817308592e-07, "dvar2": 6.83921427935e-07, "max": 0.0158568825573, "mean": 0.00331623037346, "median": 0.00290155876428, "min": 3.11126146547e-12, "var": 4.57623400507e-06}, "spectral_rolloff": {"dmean": 137.679351807, "dmean2": 239.1849823, "dvar": 151714.21875, "dvar2": 320240.4375, "max": 20133.5449219, "mean": 1110.421875, "median": 645.99609375, "min": 21.533203125, "var": 6356116}, "spectral_skewness": {"dmean": 0.636973202229, "dmean2": 1.1070690155, "dvar": 0.310030847788, "dvar2": 0.933445513248, "max": 7.83621120453, "mean": 2.56702566147, "median": 2.4703168869, "min": -0.481812685728, "var": 1.41810178757}, "spectral_spread": {"dmean": 260877.4375, "dmean2": 433676.9375, "dvar": 376619106304, "dvar2": 787365167104, "max": 42709464, "mean": 2739843.5, "median": 1848125.25, "min": 783