{"lowlevel": {"average_loudness": 0.848394572735, "barkbands": {"dmean": [7.43503405829e-05, 0.00163478218019, 0.00145733577665, 0.00102993950713, 0.00158806168474, 0.000812982791103, 0.000676909461617, 0.000722695549484, 0.000777043867856, 0.000524200033396, 0.000348569301423, 0.000533360231202, 0.000596315192524, 0.000342546089087, 0.000248987053055, 0.000214814412175, 0.000200523121748, 0.00017565744929, 0.000198781533982, 0.00016001543554, 0.00017150437634, 0.000185884695384, 0.000164014985785, 0.000109080952825, 0.000101622405055, 4.98441731906e-05, 1.99323062589e-06], "dmean2": [0.000116370887554, 0.00270892912522, 0.00257148966193, 0.00175836670678, 0.00270402361639, 0.00132283684798, 0.00109930196777, 0.00122397451196, 0.00125484820455, 0.000856354599819, 0.00057033932535, 0.000859307358041, 0.000978668802418, 0.000567882787436, 0.000409161642892, 0.000346323795384, 0.000323528656736, 0.000279885047348, 0.000316470308462, 0.000255224818829, 0.000255252147326, 0.000268473144388, 0.000231321217143, 0.000148576888023, 0.000136111179017, 6.89974185661e-05, 3.05177286464e-06], "dvar": [1.42240619283e-08, 1.69869872479e-05, 1.61288317031e-05, 3.92190031562e-06, 1.27593621073e-05, 2.45466071647e-06, 2.47459411185e-06, 3.16726163874e-06, 2.71171734312e-06, 1.72696798018e-06, 1.01737794012e-06, 1.53921303081e-06, 2.08257188206e-06, 9.0096978056e-07, 2.76396519894e-07, 2.65614858108e-07, 1.65294778753e-07, 1.33859728635e-07, 1.41242168183e-07, 9.72872200578e-08, 1.29672073967e-07, 1.55078325292e-07, 1.17746168371e-07, 5.52020367195e-08, 5.42729523545e-08, 1.74538588027e-08, 3.20966135614e-11], "dvar2": [3.56792959622e-08, 4.3852651288e-05, 4.58593385702e-05, 1.11100089271e-05, 3.47584027622e-05, 6.08480650044e-06, 5.54384450879e-06, 8.38885716803e-06, 6.7563050834e-06, 4.3530358198e-06, 2.5464880764e-06, 3.48015441887e-06, 5.24992719875e-06, 2.35990796682e-06, 6.58159137856e-07, 6.12588564763e-07, 3.88814356711e-07, 3.12015146164e-07, 3.25026803694e-07, 2.21329855776e-07, 2.55101298308e-07, 2.94112425081e-07, 2.22633161684e-07, 9.94269555576e-08, 9.61667652177e-08, 3.35166632226e-08, 7.23462609264e-11], "max": [0.0015132118715, 0.065233618021, 0.0410398505628, 0.0230223350227, 0.043217562139, 0.0277977064252, 0.0638850778341, 0.0281895194203, 0.0394355393946, 0.0253628194332, 0.0276786442846, 0.0435025207698, 0.0472828298807, 0.0279501713812, 0.0129332523793, 0.0137534243986, 0.0127011863515, 0.00569202983752, 0.00577672664076, 0.0045032040216, 0.00603211065754, 0.00576677406207, 0.00609143776819, 0.00396302202716, 0.0049982056953, 0.00240462366492, 0.000105935461761], "mean": [9.82911296887e-05, 0.00213283719495, 0.00145133794285, 0.00131736032199, 0.00203765975311, 0.00125769269653, 0.000933747855015, 0.000853669364005, 0.00113661645446, 0.000692909467034, 0.000518033804838, 0.000807121046819, 0.000860636646394, 0.000501421513036, 0.000374462542823, 0.000343497697031, 0.000322244712152, 0.000276888400549, 0.000336968863849, 0.000274626363534, 0.000327378656948, 0.000365949963452, 0.00033164746128, 0.000233399463468, 0.000201144852326, 8.3632847236e-05, 2.5773535981e-06], "median": [5.32044359716e-05, 0.00111094349995, 0.00046380533604, 0.000681950128637, 0.00105903856456, 0.000538644962944, 0.000373657443561, 0.000261818873696, 0.000431307329563, 0.000212663435377, 0.000133387744427, 0.000237422311329, 0.000234325620113, 0.000125036851387, 0.000150523206685, 0.000104994134745, 0.000133880967041, 0.000108557920612, 0.000163837554283, 0.000111572509923, 0.000138484494528, 0.000136566464789, 0.000123995007016, 6.574413419e-05, 5.12594124302e-05, 1.94627009478e-05, 5.76122317852e-07], "min": [1.05385253615e-23, 3.4628545115e-23, 5.41868114034e-23, 5.2682516766e-23, 2.33430883831e-23, 1.54414394601e-23, 5.57618573977e-23, 8.74243233743e-23, 7.13987403025e-23, 3.56587438146e-23, 6.44432211725e-23, 6.90437696194e-23, 9.67327305946e-23, 7.90982877947e-23, 2.51525308269e-22, 1.54462108064e-22, 1.8781438983e-22, 4.207329937e-22, 3.21895563278e-22, 3.60268080114e-22, 3.94847147873e-22, 6.78760712017e-22, 3.89215211125e-22, 7.97681405127e-22, 1.19438256545e-21, 1.42746695633e-21, 2.23379296432e-21], "var": [1.81247798992e-08, 1.5973842892e-05, 1.15406201076e-05, 3.78440313398e-06, 1.16553947009e-05, 4.64869617645e-06, 4.08367304772e-06, 3.37393998961e-06, 4.80131211589e-06, 2.17112892642e-06, 2.08068036045e-06, 3.58925262844e-06, 3.40640076502e-06, 1.70471139427e-06, 4.75081264995e-07, 6.1192179146e-07, 3.04826556885e-07, 2.26202857334e-07, 2.52385945032e-07, 1.87836718624e-07, 2.96175159065e-07, 3.77329115508e-07, 3.06645830506e-07, 1.79312749538e-07, 1.64324035268e-07, 3.6530607872e-08, 4.59216449589e-11]}, "barkbands_crest": {"dmean": 2.48960208893, "dmean2": 4.11712789536, "dvar": 5.09276819229, "dvar2": 13.2074165344, "max": 25.966627121, "mean": 7.90139722824, "median": 7.14519023895, "min": 1.95888972282, "var": 12.5617103577}, "barkbands_flatness_db": {"dmean": 0.0196360740811, "dmean2": 0.0300264004618, "dvar": 0.000462239724584, "dvar2": 0.000949483772274, "max": 0.428767591715, "mean": 0.0962995439768, "median": 0.0855089500546, "min": 0.0168686788529, "var": 0.00261235865764}, "barkbands_kurtosis": {"dmean": 2.27559423447, "dmean2": 3.66233229637, "dvar": 38.9335594177, "dvar2": 92.1829147339, "max": 237.768966675, "mean": 2.69182562828, "median": 0.415322571993, "min": -1.89984881878, "var": 76.7638015747}, "barkbands_skewness": {"dmean": 0.49121466279, "dmean2": 0.773737728596, "dvar": 0.31202813983, "dvar2": 0.703315794468, "max": 12.7767467499, "mean": 1.19631063938, "median": 0.991333305836, "min": -2.96158885956, "var": 1.24357891083}, "barkbands_spread": {"dmean": 7.14876699448, "dmean2": 10.9005022049, "dvar": 59.7670211792, "dvar2": 120.858222961, "max": 117.902793884, "mean": 31.2748851776, "median": 28.8599700928, "min": 0.427138507366, "var": 290.603179932}, "dissonance": {"dmean": 0.0182598326355, "dmean2": 0.0304597411305, "dvar": 0.000345128908521, "dvar2": 0.00090233690571, "max": 0.500000059605, "mean": 0.467224538326, "median": 0.475124418736, "min": 0.228259250522, "var": 0.000769350910559}, "dynamic_complexity": 3.9156961441, "erbbands": {"dmean": [0.0320136845112, 0.434602677822, 1.54290318489, 2.67644429207, 3.28543138504, 7.44062137604, 5.60778856277, 7.06963729858, 8.83323669434, 10.4783792496, 18.0115184784, 17.5601902008, 18.2966117859, 13.1296644211, 14.1571960449, 21.5869960785, 27.7476882935, 17.8347148895, 12.7140865326, 12.7040424347, 11.3459558487, 10.204990387, 8.99977016449, 10.4654016495, 9.2778263092, 7.52563762665, 7.35480642319, 6.58184766769, 6.71899700165, 5.96046590805, 4.6728978157, 2.6531791687, 1.77375030518, 1.25666511059, 0.694955587387, 0.272675305605, 0.0849772244692, 0.01221418567, 0.000255782186287, 1.7306441805e-05], "dmean2": [0.0502405576408, 0.738930523396, 2.68536400795, 4.65289020538, 5.58697652817, 12.6949186325, 9.33657741547, 11.5337762833, 14.3600072861, 16.9964637756, 30.382982254, 28.1400680542, 30.2361507416, 20.6651744843, 22.6645889282, 34.3776054382, 45.3659515381, 29.0627803802, 20.5557174683, 20.7830448151, 18.011505127, 16.2151031494, 14.2323970795, 16.7995681763, 14.6456832886, 11.9922485352, 11.2113351822, 9.74149417877, 9.74875164032, 8.51006889343, 6.61907720566, 3.68216276169, 2.44692373276, 1.71915972233, 0.954145371914, 0.381964117289, 0.118694275618, 0.0174799915403, 0.000359939993359, 2.34539456869e-05], "dvar": [0.00537877064198, 1.2490773201, 17.6730766296, 35.6127548218, 28.6656246185, 348.947998047, 108.834884644, 206.670211792, 465.215026855, 590.829772949, 1861.08654785, 1726.19628906, 2283.1328125, 972.665405273, 1267.99963379, 2608.62768555, 4836.80175781, 2391.42163086, 1002.74194336, 713.664367676, 735.230529785, 395.748504639, 339.391723633, 447.652770996, 307.282714844, 219.757247925, 228.26234436, 194.06741333, 210.896026611, 159.376998901, 89.9428253174, 34.8674812317, 14.5784835815, 8.29822921753, 2.73190069199, 0.47784653306, 0.0535192340612, 0.0011263510678, 4.75834241342e-07, 1.14257836525e-09], "dvar2": [0.0119374310598, 3.35373950005, 49.4767379761, 102.391098022, 79.0299911499, 949.08404541, 280.924346924, 516.526062012, 1039.99963379, 1397.50549316, 4996.87207031, 4253.07275391, 5919.74902344, 2202.34204102, 2990.04418945, 5733.44775391, 12363.7041016, 6169.65185547, 2450.18554688, 1748.00915527, 1677.7677002, 929.146179199, 769.809326172, 1030.73266602, 715.86706543, 504.751800537, 477.640106201, 370.839324951, 410.206176758, 309.589111328, 174.078140259, 65.4502334595, 27.5740718842, 15.597202301, 5.17459106445, 0.905125558376, 0.10416688025, 0.00231853593141, 9.55856307883e-07, 2.09352180036e-09], "max": [0.829840779305, 17.9268245697, 44.2213554382, 60.5210952759, 57.0202293396, 210.678848267, 224.037780762, 225.886383057, 951.715698242, 463.93548584, 675.055541992, 1177.51220703, 1116.59484863, 764.061706543, 861.891540527, 2102.50756836, 2540.57250977, 1375.99438477, 870.115234375, 671.978393555, 980.720703125, 383.317230225, 328.113525391, 295.498138428, 297.911773682, 212.58442688, 305.688995361, 251.086639404, 208.018890381, 214.684204102, 177.543243408, 129.123352051, 64.0100402832, 58.7117347717, 34.2317390442, 11.9884176254, 4.06479978561, 0.573089778423, 0.0120456032455, 0.000564304296859], "mean": [0.0460876375437, 0.53211337328, 1.64367890358, 3.29182267189, 4.61503124237, 8.49962520599, 8.32068634033, 10.5825405121, 12.2802066803, 14.8199281693, 22.7083282471, 25.8408355713, 24.6400108337, 20.133398056, 23.1927566528, 35.0885162354, 41.6942138672, 28.2705993652, 19.8427734375, 19.7590332031, 19.8556480408, 17.3882598877, 15.2582292557, 16.6825695038, 16.5040855408, 13.1185913086, 13.5700292587, 12.4793539047, 12.8350143433, 11.9199581146, 9.29550552368, 5.46183347702, 3.64746332169, 2.44040584564, 1.30591320992, 0.475373864174, 0.136683121324, 0.0188734643161, 0.000411412183894, 4.0189082938e-05], "median": [0.0221603866667, 0.257131069899, 0.633777499199, 1.70901060104, 2.8934006691, 3.47416877747, 4.25961637497, 4.26589584351, 4.92003250122, 5.62541151047, 8.03723812103, 9.73496627808, 7.6656627655, 7.61011123657, 7.5639796257, 12.4335708618, 11.5589065552, 8.01716995239, 7.58853292465, 7.59859323502, 6.90345716476, 7.00710535049, 6.59373188019, 6.88058567047, 8.24729728699, 5.55451917648, 5.77624559402, 5.02532482147, 4.49503135681, 4.30741119385, 3.60641336441, 1.5532220602, 1.04751968384, 0.635320842266, 0.318710923195, 0.111388944089, 0.0311467107385, 0.0044119078666, 0.000106431747554, 2.31789908867e-05], "min": [5.97164777001e-22, 9.38682378083e-21, 5.03776063629e-20, 1.35219576626e-19, 1.26007046424e-19, 5.21721617771e-20, 1.14650593321e-19, 1.45556400376e-19, 7.26690989427e-19, 8.04963730372e-19, 2.25614359934e-18, 2.15928426513e-18, 1.07270818768e-18, 1.63370125193e-18, 2.6898172305e-18, 2.57488524068e-18, 3.80304351632e-18, 4.39956357429e-18, 9.04302796964e-18, 1.20953922588e-17, 8.72236726928e-18, 1.17955657565e-17, 1.97251804975e-17, 1.79239616265e-17, 1.86334824143e-17, 1.74524008485e-17, 1.63037811586e-17, 1.62844201692e-17, 2.40270044106e-17, 1.59029741015e-17, 1.149542658e-17, 1.89192716616e-17, 1.20829969573e-17, 1.18413551665e-17, 9.65552543474e-18, 5.67547726145e-18, 2.41927726462e-18, 1.19630903033e-18, 3.18031506782e-19, 3.16858383728e-20], "var": [0.00648823007941, 1.09035301208, 13.4771642685, 27.787935257, 30.6297473907, 300.776519775, 165.138198853, 358.078277588, 750.489379883, 902.889099121, 2070.01538086, 2870.48901367, 2861.87475586, 1715.48681641, 2894.58349609, 6410.31103516, 7818.11621094, 5022.38378906, 1691.19763184, 1175.64904785, 2077.82421875, 801.231628418, 619.670898438, 728.711242676, 588.66192627, 416.441101074, 489.331359863, 443.600952148, 486.365631104, 404.009887695, 231.319839478, 100.352478027, 45.2047195435, 24.3573970795, 7.30148363113, 1.06439602375, 0.105909578502, 0.00206902297214, 9.10881112759e-07, 2.88092505407e-09]}, "erbbands_crest": {"dmean": 2.67438697815, "dmean2": 4.40887308121, "dvar": 7.05772686005, "dvar2": 17.7868041992, "max": 31.7064819336, "mean": 7.85396003723, "median": 6.64078140259, "min": 2.11701107025, "var": 18.343460083}, "erbbands_flatness_db": {"dmean": 0.0159879401326, "dmean2": 0.0232774503529, "dvar": 0.000256421481026, "dvar2": 0.000475361797726, "max": 0.334651142359, "mean": 0.131334841251, "median": 0.122446618974, "min": 0.0455572381616, "var": 0.00161167560145}, "erbbands_kurtosis": {"dmean": 0.902325630188, "dmean2": 1.43843281269, "dvar": 2.18632030487, "dvar2": 4.85385608673, "max": 33.6819763184, "mean": 0.353096395731, "median": -0.32112967968, "min": -1.77450978756, "var": 5.36833143234}, "erbbands_skewness": {"dmean": 0.362212508917, "dmean2": 0.558745861053, "dvar": 0.127243429422, "dvar2": 0.273044794798, "max": 4.59576034546, "mean": 0.279510289431, "median": 0.215415179729, "min": -3.25394868851, "var": 0.556399226189}, "erbbands_spread": {"dmean": 9.44026088715, "dmean2": 14.8369112015, "dvar": 92.0861740112, "dvar2": 200.815093994, "max": 172.195388794, "mean": 45.1944007874, "median": 43.2327880859, "min": 3.52426981926, "var": 393.304046631}, "gfcc": {"cov": [[10009.9648438, -1654.41870117, -410.231170654, -67.2539215088, -273.311523438, 296.782470703, -198.197250366, 384.518859863, -59.4313545227, 250.936141968, -162.511428833, 254.947433472, -223.082183838], [-1654.41870117, 1280.10913086, -68.4587936401, -77.9954681396, 190.518814087, -140.942947388, 124.823928833, -169.603805542, 70.008430481, -137.187011719, 91.2307510376, -107.259277344, 64.6020584106], [-410.231170654, -68.4587936401, 733.250366211, 189.438919067, -4.75373601913, 93.8938522339, 20.7664699554, 63.5072631836, -23.8034973145, 72.2659988403, -33.6685943604, 21.0960235596, 28.3875522614], [-67.2539215088, -77.9954681396, 189.438919067, 304.938964844, 66.0375747681, 9.82885456085, 5.78801679611, 12.6944789886, 11.2248973846, 14.6404771805, -19.0608615875, 5.11334562302, 18.0527667999], [-273.311523438, 190.518814087, -4.75373601913, 66.0375747681, 241.533462524, 31.2530326843, 51.2027053833, 14.5259342194, 22.4470081329, -9.27607536316, -1.24338877201, 3.18992686272, 10.7247028351], [296.782470703, -140.942947388, 93.8938522339, 9.82885456085, 31.2530326843, 183.330749512, 68.3954849243, 59.8454551697, -10.6811237335, 27.3106822968, 0.393166691065, 20.7766494751, -15.5010004044], [-198.197250366, 124.823928833, 20.7664699554, 5.78801679611, 51.2027053833, 68.3954849243, 162.754928589, 52.1577644348, 9.36849975586, -11.3937072754, 5.14937543869, 0.863364875317, -9.44288730621], [384.518859863, -169.603805542, 63.5072631836, 12.6944789886, 14.5259342194, 59.8454551697, 52.1577644348, 162.603897095, 35.4607582092, 45.3353881836, -21.5087528229, 37.649066925, -15.8730764389], [-59.4313545227, 70.008430481, -23.8034973145, 11.2248973846, 22.4470081329, -10.6811237335, 9.36849975586, 35.4607582092, 94.4797973633, 31.7845191956, 13.2331829071, 2.89760684967, 4.08769845963], [250.936141968, -137.187011719, 72.2659988403, 14.6404771805, -9.27607536316, 27.3106822968, -11.3937072754, 45.3353881836, 31.7845191956, 108.333885193, 23.2802944183, 27.9142074585, -3.15484571457], [-162.511428833, 91.2307510376, -33.6685943604, -19.0608615875, -1.24338877201, 0.393166691065, 5.14937543869, -21.5087528229, 13.2331829071, 23.2802944183, 90.397895813, 17.147195816, 7.69771194458], [254.947433472, -107.259277344, 21.0960235596, 5.11334562302, 3.18992686272, 20.7766494751, 0.863364875317, 37.649066925, 2.89760684967, 27.9142074585, 17.147195816, 93.8285751343, 20.9972248077], [-223.082183838, 64.6020584106, 28.3875522614, 18.0527667999, 10.7247028351, -15.5010004044, -9.44288730621, -15.8730764389, 4.08769845963, -3.15484571457, 7.69771194458, 20.9972248077, 79.5033950806]], "icov": [[0.000181010225788, -0.0001222481078, 0.000298533064779, -0.000190149759874, 0.000278554594843, -0.000434487155871, 0.000455112574855, -0.000377226620913, 0.000367485132301, -0.000485561904497, 0.000541808316484, -0.000520383415278, 0.000447088503279], [-0.0001222481078, 0.00319801620208, -0.00142652750947, 0.00187962304335, -0.00253653642721, 0.00285600731149, -0.00332390610129, 0.00276666809805, -0.00354515644722, 0.00364946643822, -0.00355186592788, 0.00266404612921, -0.00183507939801], [0.000298533064779, -0.00142652750947, 0.0030090182554, -0.00218680175021, 0.00179022306111, -0.00245447526686, 0.00176498945802, -0.00195398554206, 0.00294291856699, -0.00354094849899, 0.00282030878589, -0.00137237610761, 0.000315997080179], [-0.000190149759874, 0.00187962304335, -0.00218680175021, 0.00552244065329, -0.00283989822492, 0.00229972414672, -0.00205853255466, 0.00212616682984, -0.00291761127301, 0.0023480784148, -0.00167380261701, 0.00165443005972, -0.00155425281264], [0.000278554594843, -0.00253653642721, 0.00179022306111, -0.00283989822492, 0.00721010938287, -0.00342333363369, 0.00170879706275, -0.00218503992073, 0.00183351431042, -0.00264656916261, 0.00345041416585, -0.00268780393526, 0.00115148618352], [-0.000434487155871, 0.00285600731149, -0.00245447526686, 0.00229972414672, -0.00342333363369, 0.0111884744838, -0.00628465460613, 0.0014391214354, -0.00130062876269, 0.00221816310659, -0.00423009414226, 0.00238315807655, -0.00106647610664], [0.000455112574855, -0.00332390610129, 0.00176498945802, -0.00205853255466, 0.00170879706275, -0.00628465460613, 0.0130926417187, -0.0064571807161, 0.003487191163, -0.00116473250091, 0.00215167505667, -0.0022974985186, 0.00279809907079], [-0.000377226620913, 0.00276666809805, -0.00195398554206, 0.00212616682984, -0.00218503992073, 0.0014391214354, -0.0064571807161, 0.0142894918099, -0.00737839750946, 0.000513409788255, 0.00121246371418, -0.00161641684826, 0.000278901745332], [0.000367485132301, -0.00354515644722, 0.00294291856699, -0.00291761127301, 0.00183351431042, -0.00130062876269, 0.003487191163, -0.00737839750946, 0.0189936552197, -0.00879397243261, 0.00240576406941, -0.000956834293902, 0.000657919736113], [-0.000485561904497, 0.00364946643822, -0.00354094849899, 0.0023480784148, -0.00264656916261, 0.00221816310659, -0.00116473250091, 0.000513409788255, -0.00879397243261, 0.0199715420604, -0.0093462318182, 0.00186641630717, -0.00118644046597], [0.000541808316484, -0.00355186592788, 0.00282030878589, -0.00167380261701, 0.00345041416585, -0.00423009414226, 0.00215167505667, 0.00121246371418, 0.00240576406941, -0.0093462318182, 0.0197634566575, -0.00722432695329, 0.00248676654883], [-0.000520383415278, 0.00266404612921, -0.00137237610761, 0.00165443005972, -0.00268780393526, 0.00238315807655, -0.0022974985186, -0.00161641684826, -0.000956834293902, 0.00186641630717, -0.00722432695329, 0.01797545515, -0.00720358500257], [0.000447088503279, -0.00183507939801, 0.000315997080179, -0.00155425281264, 0.00115148618352, -0.00106647610664, 0.00279809907079, 0.000278901745332, 0.000657919736113, -0.00118644046597, 0.00248676654883, -0.00720358500257, 0.0171693842858]], "mean": [-1.66230559349, 68.9288406372, -111.278877258, 34.2982902527, -67.4758911133, 21.3061695099, -39.2020301819, 7.4084277153, -29.2215747833, 5.16095876694, -19.4702949524, 1.88223803043, -15.9998598099]}, "hfc": {"dmean": 8.68095016479, "dmean2": 11.4659814835, "dvar": 277.451812744, "dvar2": 470.980102539, "max": 250.705215454, "mean": 23.7035427094, "median": 13.8832473755, "min": 1.02561164621e-16, "var": 873.393127441}, "melbands": {"dmean": [0.000367778673535, 0.000721082556993, 0.000464357872261, 0.000367133674445, 0.000226453747018, 0.000157664646395, 0.000135898662847, 0.000118793148431, 0.000150956766447, 0.000108260399429, 9.14403353818e-05, 5.47657400602e-05, 4.93635889143e-05, 5.94716366322e-05, 6.60673103994e-05, 5.16472973686e-05, 3.4081236663e-05, 2.24513205467e-05, 1.78825084731e-05, 1.603272176e-05, 1.41162927321e-05, 1.11461031338e-05, 1.03237207441e-05, 8.5667024905e-06, 9.09806203708e-06, 7.62971740187e-06, 6.04387560088e-06, 5.03259980178e-06, 4.94498681292e-06, 4.48647506346e-06, 4.00911039833e-06, 3.98627844334e-06, 3.88575290344e-06, 3.41697841577e-06, 3.09431493406e-06, 2.08291498893e-06, 1.58523198479e-06, 1.29643422042e-06, 1.24479265651e-06, 1.06553125079e-06], "dmean2": [0.000592152879108, 0.00123290927149, 0.000800148991402, 0.000623709231149, 0.000379556644475, 0.000257315230556, 0.000220817630179, 0.000194069260033, 0.000252104451647, 0.000173301712493, 0.000151209489559, 8.64955291036e-05, 8.03312359494e-05, 9.56256335485e-05, 0.000107887404738, 8.42687586555e-05, 5.63737849006e-05, 3.68148612324e-05, 2.90412535833e-05, 2.6345371225e-05, 2.25461571972e-05, 1.79170656338e-05, 1.6542546291e-05, 1.38503673952e-05, 1.48652798089e-05, 1.22118653962e-05, 9.63747334026e-06, 8.16435112938e-06, 7.74090767663e-06, 6.95516428095e-06, 6.03989610681e-06, 5.94773518969e-06, 5.77101127419e-06, 5.01583690493e-06, 4.53137454315e-06, 2.96987695947e-06, 2.27438613365e-06, 1.84842826911e-06, 1.77678271029e-06, 1.49093091295e-06], "dvar": [7.83565951679e-07, 3.48940807271e-06, 9.48109800447e-07, 6.4668830646e-07, 2.02486887702e-07, 9.80206280587e-08, 1.05658443772e-07, 7.36292946613e-08, 1.14564770115e-07, 6.14493629314e-08, 5.7679489629e-08, 1.71104677094e-08, 1.89719333576e-08, 2.34949411038e-08, 1.9991221123e-08, 1.87462436685e-08, 9.84108705637e-09, 3.72925912373e-09, 1.4922731939e-09, 1.37528688438e-09, 1.24911525567e-09, 5.55033574656e-10, 4.19156792608e-10, 3.18960746704e-10, 3.44928696716e-10, 1.94120594599e-10, 1.46906875553e-10, 9.78729319812e-11, 9.90863502359e-11, 9.34769137095e-11, 6.93946913821e-11, 7.37014546615e-11, 7.49802095412e-11, 5.21385885854e-11, 3.81563634855e-11, 2.16766951611e-11, 1.29245763397e-11, 8.45584019471e-12, 7.23529612959e-12, 6.45400269686e-12], "dvar2": [1.91342428479e-06, 9.61673231359e-06, 2.71848762168e-06, 1.74311276169e-06, 5.47663944417e-07, 2.43151191626e-07, 2.33153869544e-07, 1.76560334353e-07, 3.03748294073e-07, 1.49847735997e-07, 1.49143190242e-07, 3.89524110744e-08, 4.74502854786e-08, 5.15628926223e-08, 5.08252284703e-08, 4.59685836063e-08, 2.57642867041e-08, 9.42063671516e-09, 3.35512373439e-09, 3.48647599679e-09, 2.90062507347e-09, 1.3451385561e-09, 9.96929538921e-10, 7.56242457545e-10, 8.16777867563e-10, 4.61102322991e-10, 3.3961949919e-10, 2.35081482058e-10, 2.18316725809e-10, 2.03025041223e-10, 1.38386649362e-10, 1.51402904103e-10, 1.54315851764e-10, 1.07541031635e-10, 7.81349915324e-11, 4.30573042498e-11, 2.60419949494e-11, 1.72216373107e-11, 1.45343199282e-11, 1.26052493096e-11], "max": [0.013170526363, 0.0237897168845, 0.0100253811106, 0.00943256169558, 0.00692238006741, 0.00548261078075, 0.0147225707769, 0.00580744864419, 0.00485234428197, 0.00685172108933, 0.00549172284082, 0.00288258469664, 0.00379241933115, 0.00609295768663, 0.00356259779073, 0.00378255872056, 0.00317930057645, 0.00167221971788, 0.00135063158814, 0.000712981913239, 0.00136152177583, 0.000629876099993, 0.000401389901526, 0.000233496568399, 0.000274543272099, 0.000215565116378, 0.000212406943319, 0.000135874041007, 0.000210300568142, 0.000195776417968, 0.000149622414028, 0.000126322483993, 0.000128983563627, 0.000118467956781, 0.000114650181786, 0.000105236438685, 6.39606587356e-05, 5.12792103109e-05, 4.90997772431e-05, 5.45802686247e-05], "mean": [0.000508138153236, 0.000832024030387, 0.000610339397099, 0.000465746823465, 0.000322223990224, 0.000240357665461, 0.000189624275663, 0.000162571668625, 0.000194883265067, 0.000156922164024, 0.00012004718883, 7.95740052126e-05, 7.56029476179e-05, 8.92536627362e-05, 0.0001005812519, 7.37838199711e-05, 5.07957229274e-05, 3.20029248542e-05, 2.71771896223e-05, 2.32845613937e-05, 2.38798929786e-05, 1.77519959834e-05, 1.59999908647e-05, 1.34972742671e-05, 1.33036965053e-05, 1.29454210764e-05, 1.00566521724e-05, 8.19612432679e-06, 8.54658173921e-06, 7.71148370404e-06, 7.12172868589e-06, 7.12367864253e-06, 7.20502157492e-06, 6.38031497147e-06, 5.80996584176e-06, 3.91281582779e-06, 3.08243238578e-06, 2.52385598287e-06, 2.36265145759e-06, 1.95435109163e-06], "median": [0.000270639866358, 0.00037408908247, 0.000348668138031, 0.000240732333623, 0.000165008517797, 9.87736784737e-05, 7.69066755311e-05, 6.10859060544e-05, 7.06036953488e-05, 5.85274865443e-05, 3.37267338182e-05, 2.86770609819e-05, 2.23291735892e-05, 2.54303322436e-05, 2.96976122627e-05, 2.08750607271e-05, 1.21407047118e-05, 1.09022157631e-05, 1.01262749013e-05, 8.42325061967e-06, 7.73115698394e-06, 6.67271342536e-06, 6.20592527412e-06, 5.40286282558e-06, 4.99508269058e-06, 6.5296876528e-06, 4.15008480559e-06, 3.3452020034e-06, 3.59598516297e-06, 3.04747777591e-06, 2.76817809208e-06, 2.49644972428e-06, 2.28548083214e-06, 2.18407762986e-06, 2.17528031499e-06, 1.204207706e-06, 7.95688777089e-07, 6.9674928227e-07, 6.46083833544e-07, 4.74414150631e-07], "min": [7.57332264764e-24, 2.27525802416e-23, 2.45014959125e-23, 5.42985503952e-24, 3.66919086313e-24, 3.01495656556e-24, 1.19060638612e-23, 1.0580207194e-23, 1.76990205313e-23, 1.23066142967e-23, 4.96058653612e-24, 6.24179564825e-24, 9.51270799527e-24, 7.95780319765e-24, 5.60426074718e-24, 1.05724377029e-23, 7.67905130818e-24, 1.09471994866e-23, 2.46274785768e-23, 1.12271433449e-23, 9.28824156899e-24, 1.29167137988e-23, 1.23183501804e-23, 2.03694677345e-23, 1.32451434149e-23, 1.34093889885e-23, 1.52742041036e-23, 9.55583344324e-24, 1.07150077455e-23, 9.69218331754e-24, 8.64916641701e-24, 1.43239769671e-23, 1.17802121478e-23, 7.12945980412e-24, 5.32597468008e-24, 1.01068748736e-23, 1.18388339794e-23, 8.07296821234e-24, 8.24545659357e-24, 1.03421321282e-23], "var": [8.211666227e-07, 2.90795219371e-06, 7.86583029821e-07, 5.94493030803e-07, 2.43982526626e-07, 1.78187448796e-07, 1.757873207e-07, 1.04330609929e-07, 1.44181754536e-07, 1.02143538072e-07, 7.20082411476e-08, 2.78992011715e-08, 3.83515299518e-08, 5.51904904e-08, 3.86319705115e-08, 2.88543393623e-08, 1.97908747168e-08, 5.56993029477e-09, 2.72450684236e-09, 2.17041917772e-09, 3.98555233261e-09, 9.99537341784e-10, 7.25963789083e-10, 5.26614196694e-10, 5.13915299205e-10, 3.57641721793e-10, 2.66011046524e-10, 1.7190186774e-10, 1.95647331669e-10, 1.83054668645e-10, 1.48068154959e-10, 1.53951296156e-10, 1.66354485742e-10, 1.21536974929e-10, 8.9941318282e-11, 5.30090416007e-11, 3.4387017539e-11, 2.27883996395e-11, 2.05780392726e-11, 1.71994259113e-11]}, "melbands_crest": {"dmean": 3.1928627491, "dmean2": 5.30840015411, "dvar": 8.28996181488, "dvar2": 21.3275203705, "max": 31.5103111267, "mean": 11.4491491318, "median": 10.543387413, "min": 2.23194551468, "var": 20.3006134033}, "melbands_flatness_db": {"dmean": 0.025828152895, "dmean2": 0.0395580306649, "dvar": 0.000821433379315, "dvar2": 0.00169927417301, "max": 0.546708166599, "mean": 0.15331941843, "median": 0.143118619919, "min": 0.00745822489262, "var": 0.00461670337245}, "melbands_kurtosis": {"dmean": 6.19842386246, "dmean2": 10.1072816849, "dvar": 168.269287109, "dvar2": 386.274993896, "max": 386.721832275, "mean": 11.2046937943, "median": 5.42212057114, "min": -1.85248064995, "var": 420.427581787}, "melbands_skewness": {"dmean": 0.706882715225, "dmean2": 1.12195360661, "dvar": 0.646251440048, "dvar2": 1.50782048702, "max": 15.0037050247, "mean": 2.37219619751, "median": 2.07679629326, "min": -0.97183150053, "var": 2.38933753967}, "melbands_spread": {"dmean": 9.41246414185, "dmean2": 14.6167345047, "dvar": 135.154937744, "dvar2": 285.122192383, "max": 240.118499756, "mean": 33.4083557129, "median": 29.9134464264, "min": 0.499749839306, "var": 509.262084961}, "mfcc": {"cov": [[9197.44824219, -1225.53723145, -564.170532227, -276.018157959, -174.825180054, -99.2695846558, -145.794113159, 138.067733765, -18.2580451965, 52.8667297363, 166.341705322, 98.7690734863, -5.52460432053], [-1225.53723145, 1105.19799805, -112.777359009, 18.8816585541, 15.4254074097, 24.9588737488, 31.1706809998, -2.88261389732, -23.5387382507, -15.8034629822, -7.64195251465, -19.9570713043, 0.910663723946], [-564.170532227, -112.777359009, 659.718139648, 99.4522399902, 36.2069244385, 52.8306083679, 50.8773994446, -16.355386734, 54.3791885376, 5.0551776886, -0.327573508024, 12.1665296555, -6.3400053978], [-276.018157959, 18.8816585541, 99.4522399902, 277.776153564, 89.8476715088, 31.9084339142, -0.664415121078, -2.58965349197, 38.5312614441, -3.75359487534, -16.8593082428, 4.90278291702, 8.68581199646], [-174.825180054, 15.4254074097, 36.2069244385, 89.8476715088, 176.440002441, 42.9486351013, 9.25085639954, -3.76765775681, 31.7403812408, -0.830118060112, -3.20227885246, 11.3285121918, 3.98225140572], [-99.2695846558, 24.9588737488, 52.8306083679, 31.9084339142, 42.9486351013, 123.989334106, 58.5174217224, 18.1972808838, 9.17892837524, 2.14254140854, 8.09941005707, 4.08489370346, -4.01029157639], [-145.794113159, 31.1706809998, 50.8773994446, -0.664415121078, 9.25085639954, 58.5174217224, 144.416763306, 60.1219978333, 25.6719245911, 11.1923599243, 12.7304534912, 11.0133037567, -3.58456468582], [138.067733765, -2.88261389732, -16.355386734, -2.58965349197, -3.76765775681, 18.1972808838, 60.1219978333, 138.050811768, 52.166721344, 5.71348762512, 33.4972229004, 11.6474227905, 0.736464500427], [-18.2580451965, -23.5387382507, 54.3791885376, 38.5312614441, 31.7403812408, 9.17892837524, 25.6719245911, 52.166721344, 127.172660828, 21.5891551971, 19.4868240356, 17.4504089355, -10.3897733688], [52.8667297363, -15.8034629822, 5.0551776886, -3.75359487534, -0.830118060112, 2.14254140854, 11.1923599243, 5.71348762512, 21.5891551971, 90.1822280884, 28.6853084564, 7.5224108696, 0.668201267719], [166.341705322, -7.64195251465, -0.327573508024, -16.8593082428, -3.20227885246, 8.09941005707, 12.7304534912, 33.4972229004, 19.4868240356, 28.6853084564, 96.7760772705, 42.3340530396, -0.230841219425], [98.7690734863, -19.9570713043, 12.1665296555, 4.90278291702, 11.3285121918, 4.08489370346, 11.0133037567, 11.6474227905, 17.4504089355, 7.5224108696, 42.3340530396, 82.990196228, 20.8700885773], [-5.52460432053, 0.910663723946, -6.3400053978, 8.68581199646, 3.98225140572, -4.01029157639, -3.58456468582, 0.736464500427, -10.3897733688, 0.668201267719, -0.230841219425, 20.8700885773, 78.6507492065]], "icov": [[0.000151973625179, 0.000173345324583, 0.000132470246172, 5.76521888433e-05, 7.47760641389e-05, -5.6158285588e-05, 0.00017532716447, -0.00017062551342, 4.69348669867e-05, -2.88347291644e-05, -0.00014397551422, -0.000115831804578, 5.26769108546e-05], [0.000173345324583, 0.00114864867646, 0.000361270533176, -6.94203772582e-05, 3.91402718378e-05, -0.000166172612808, -0.000151836691657, -1.35372365548e-05, 0.000141670971061, 0.000156883208547, -0.000328704307321, 0.00017234851839, -1.08989725049e-05], [0.000132470246172, 0.000361270533176, 0.00192638102453, -0.000515039660968, 0.000280285195913, -0.000500921101775, -0.000614714750554, 0.000802675029263, -0.00079150829697, 0.000183062147698, -0.000284864916466, -8.69146315381e-05, 5.81337699259e-05], [5.76521888433e-05, -6.94203772582e-05, -0.000515039660968, 0.00475352630019, -0.00193152634893, -0.0006397315301, 0.000836745311972, -0.000221928916289, -0.000935298856348, 3.01250038319e-05, 0.000962977937888, -0.000243767965003, -0.000512527301908], [7.47760641389e-05, 3.91402718378e-05, 0.000280285195913, -0.00193152634893, 0.0076179667376, -0.00239686551504, 0.000371559959603, 0.000925809203181, -0.00169275817461, 0.000288973504212, 0.000242480426095, -0.000835627550259, -0.000262581801508], [-5.6158285588e-05, -0.000166172612808, -0.000500921101775, -0.0006397315301, -0.00239686551504, 0.0113537255675, -0.00452796882018, 0.000198673806153, 0.00104467698839, 0.000313406955684, -0.00113825651351, 0.000694303074852, 0.000468056474347], [0.00017532716447, -0.000151836691657, -0.000614714750554, 0.000836745311972, 0.000371559959603, -0.00452796882018, 0.0112408092245, -0.00478501711041, 0.000237544329138, -0.00144811475184, 0.00153832347132, -0.00172851141542, 0.000686401850544], [-0.00017062551342, -1.35372365548e-05, 0.000802675029263, -0.000221928916289, 0.000925809203181, 0.000198673806153, -0.00478501711041, 0.0120364651084, -0.00468146288767, 0.00205713417381, -0.00382208381779, 0.0020231041126, -0.00147409900092], [4.69348669867e-05, 0.000141670971061, -0.00079150829697, -0.000935298856348, -0.00169275817461, 0.00104467698839, 0.000237544329138, -0.00468146288767, 0.0115689029917, -0.00256398343481, 0.000579686602578, -0.00213283626363, 0.00235246890225], [-2.88347291644e-05, 0.000156883208547, 0.000183062147698, 3.01250038319e-05, 0.000288973504212, 0.000313406955684, -0.00144811475184, 0.00205713417381, -0.00256398343481, 0.0131182884797, -0.00466997781768, 0.00188596756198, -0.00104062817991], [-0.00014397551422, -0.000328704307321, -0.000284864916466, 0.000962977937888, 0.000242480426095, -0.00113825651351, 0.00153832347132, -0.00382208381779, 0.000579686602578, -0.00466997781768, 0.0169301442802, -0.0084852296859, 0.00231747678481], [-0.000115831804578, 0.00017234851839, -8.69146315381e-05, -0.000243767965003, -0.000835627550259, 0.000694303074852, -0.00172851141542, 0.0020231041126, -0.00213283626363, 0.00188596756198, -0.0084852296859, 0.0181844774634, -0.00515818037093], [5.26769108546e-05, -1.08989725049e-05, 5.81337699259e-05, -0.000512527301908, -0.000262581801508, 0.000468056474347, 0.000686401850544, -0.00147409900092, 0.00235246890225, -0.00104062817991, 0.00231747678481, -0.00515818037093, 0.0145569322631]], "mean": [-643.858276367, 97.9063796997, 10.3827056885, 16.2168827057, -1.84112155437, 9.20806980133, 0.116016849875, 2.03627228737, -3.72067165375, -0.0812040790915, -0.11390274018, -1.35755479336, -1.40437841415]}, "pitch_salience": {"dmean": 0.0707096233964, "dmean2": 0.116584815085, "dvar": 0.00405023992062, "dvar2": 0.0106673547998, "max": 0.930769145489, "mean": 0.612193584442, "median": 0.626728415489, "min": 0.106742411852, "var": 0.0114124305546}, "silence_rate_20dB": {"dmean": 0, "dmean2": 0, "dvar": 0, "dvar2": 0, "max": 1, "mean": 1, "median": 1, "min": 1, "var": 0}, "silence_rate_30dB": {"dmean": 0, "dmean2": 0, "dvar": 0, "dvar2": 0, "max": 1, "mean": 1, "median": 1, "min": 1, "var": 0}, "silence_rate_60dB": {"dmean": 0.0318170525134, "dmean2": 0.0636420100927, "dvar": 0.030802719295, "dvar2": 0.0685438141227, "max": 1, "mean": 0.102149866521, "median": 0, "min": 0, "var": 0.0917175412178}, "spectral_centroid": {"dmean": 300.89642334, "dmean2": 467.862823486, "dvar": 107232.773438, "dvar2": 223754.703125, "max": 10581.8007813, "mean": 1635.31433105, "median": 1629.52770996, "min": 177.180221558, "var": 485147.65625}, "spectral_complexity": {"dmean": 4.54610967636, "dmean2": 6.6013674736, "dvar": 34.4119720459, "dvar2": 58.8725471497, "max": 63, "mean": 19.4730949402, "median": 16, "min": 0, "var": 179.172103882}, "spectral_contrast_coeffs": {"dmean": [0.053333863616, 0.0482209995389, 0.0407151989639, 0.033001549542, 0.022087726742, 0.0184422805905], "dmean2": [0.0882454887033, 0.0787663906813, 0.0663463696837, 0.0547031611204, 0.0360443517566, 0.0296456646174], "dvar": [0.00228902208619, 0.00155296071898, 0.00110957631841, 0.000809658959042, 0.000393093680032, 0.000322961481288], "dvar2": [0.00617144396529, 0.00406571477652, 0.00287059322, 0.00201196037233, 0.000918254430871, 0.000748874736018], "max": [-0.297694325447, -0.423893392086, -0.464196324348, -0.506252765656, -0.617394447327, -0.644193470478], "mean": [-0.654570996761, -0.744972884655, -0.772197365761, -0.784399926662, -0.799871861935, -0.764193952084], "median": [-0.663829505444, -0.75195902586, -0.780474066734, -0.793187439442, -0.804699838161, -0.761398077011], "min": [-0.979613304138, -0.945137560368, -0.959905862808, -0.972462356091, -0.964548945427, -0.955078363419], "var": [0.00658526970074, 0.00530084129423, 0.00449958117679, 0.00367706804536, 0.00173941429239, 0.00130508129951]}, "spectral_contrast_valleys": {"dmean": [0.395197808743, 0.395419836044, 0.366954505444, 0.365649342537, 0.33997926116, 0.299288034439], "dmean2": [0.62012052536, 0.632703244686, 0.562401354313, 0.546861052513, 0.482084333897, 0.371966868639], "dvar": [0.16521833837, 0.17675422132, 0.168196976185, 0.197287470102, 0.213095158339, 0.163448736072], "dvar2": [0.326421380043, 0.344945549965, 0.296440601349, 0.335609525442, 0.352489352226, 0.229802370071], "max": [-5.50428581238, -4.48867797852, -4.86908006668, -5.38155508041, -5.360683918, -7.39955377579], "mean": [-7.47460603714, -6.89556980133, -7.43026733398, -7.77075052261, -7.57571268082, -9.74119472504], "median": [-7.21214962006, -6.76557350159, -7.29319286346, -7.6148018837, -7.40720319748, -9.53178977966], "min": [-27.0765075684, -27.5908908844, -27.0040645599, -26.9023036957, -27.111333847, -27.3048305511], "var": [1.08431637287, 1.0371928215, 1.17747724056, 1.2951939106, 1.34349954128, 1.67839086056]}, "spectral_decrease": {"dmean": 1.81367043606e-09, "dmean2": 2.83884982188e-09, "dvar": 8.40735952123e-18, "dvar2": 2.01155419178e-17, "max": -1.85379303461e-28, "mean": -4.21908197268e-09, "median": -3.02159564036e-09, "min": -3.28112577108e-08, "var": 1.53906564804e-17}, "spectral_energy": {"dmean": 0.00745880929753, "dmean2": 0.0114711262286, "dvar": 0.000142642558785, "dvar2": 0.000330405979184, "max": 0.139473766088, "mean": 0.0180737283081, "median": 0.012927939184, "min": 1.00022615046e-20, "var": 0.00028467134689}, "spectral_energyband_high": {"dmean": 0.000719989591744, "dmean2": 0.00091905426234, "dvar": 2.28154294746e-06, "dvar2": 3.67589177586e-06, "max": 0.0252553261817, "mean": 0.00168435636442, "median": 0.000687381427269, "min": 7.04878727813e-21, "var": 7.16772410669e-06}, "spectral_energyband_low": {"dmean": 0.00312443519942, "dmean2": 0.00517174042761, "dvar": 5.1044527936e-05, "dvar2": 0.000133902751259, "max": 0.09455730021, "mean": 0.00433690333739, "median": 0.00228077336214, "min": 1.189391209e-22, "var": 5.14310377184e-05}, "spectral_energyband_middle_high": {"dmean": 0.00205264287069, "dmean2": 0.00308972131461, "dvar": 1.24950429381e-05, "dvar2": 2.55386512436e-05, "max": 0.0687884613872, "mean": 0.00501250289381, "median": 0.00268057011999, "min": 1.93157214737e-21, "var": 4.19689422415e-05}, "spectral_energyband_middle_low": {"dmean": 0.00386364152655, "dmean2": 0.00632181717083, "dvar": 4.24135687354e-05, "dvar2": 0.000108408443339, "max": 0.0666811019182, "mean": 0.00782698672265, "median": 0.00536575214937, "min": 3.19885520448e-22, "var": 6.64244507789e-05}, "spectral_entropy": {"dmean": 0.154782429338, "dmean2": 0.222243860364, "dvar": 0.0376878269017, "dvar2": 0.0645354390144, "max": 9.8059797287, "mean": 7.85748052597, "median": 7.94269227982, "min": 5.0792016983, "var": 0.208835601807}, "spectral_flux": {"dmean": 0.02204750292, "dmean2": 0.0340588241816, "dvar": 0.000874413526617, "dvar2": 0.00180143327452, "max": 0.303410559893, "mean": 0.07704577595, "median": 0.0669538155198, "min": 1.00011304793e-10, "var": 0.00227764621377}, "spectral_kurtosis": {"dmean": 1.02419579029, "dmean2": 1.63102328777, "dvar": 4.48185062408, "dvar2": 10.0179328918, "max": 66.8709259033, "mean": 3.02207326889, "median": 2.40496397018, "min": -1.31782472134, "var": 11.7013044357}, "spectral_rms": {"dmean": 0.000767785182688, "dmean2": 0.00114601303358, "dvar": 1.01411274045e-06, "dvar2": 2.19137177737e-06, "max": 0.0116649884731, "mean": 0.00378776621073, "median": 0.00355142564513, "min": 3.12382845286e-12, "var": 3.28577402797e-06}, "spectral_rolloff": {"dmean": 756.1953125, "dmean2": 1183.71655273, "dvar": 1216369.875, "dvar2": 2344601.25, "max": 19056.8847656, "mean": 2348.65649414, "median": 1636.5234375, "min": 64.599609375, "var": 4289486}, "spectral_skewness": {"dmean": 0.179964974523, "dmean2": 0.278861343861, "dvar": 0.0636107698083, "dvar2": 0.134038552642, "max": 6.74424600601, "mean": 1.33850300312, "median": 1.27561795712, "min": -0.101649083197, "var": 0.227784946561}, "spectral_spread": {"dmean": 555059.3125, "dmean2": 806168.875, "dvar": 577049526272, "dvar2": 902209667072, "max": 41994124, "mean": 5619908, "median": 5449046, "min": 1195200.375, "var": 2696627879940.0}, "spectral_strongpeak": {"dmean": 0.475127547979, "dmean2": 0.804215550