{"lowlevel": {"average_loudness": 0.899993598461, "barkbands": {"dmean": [4.67789286631e-05, 0.00127138139214, 0.000896579003893, 0.000632440962363, 0.000802987604402, 0.000936848286074, 0.00166332616936, 0.00167952873744, 0.0017545777373, 0.00104144634679, 0.000943444320001, 0.000593612610828, 0.000516229833011, 0.00048588521895, 0.000362746563042, 0.000349974376149, 0.000190881139133, 0.000131071486976, 0.000112963120046, 0.000132699307869, 7.56070148782e-05, 5.23658163729e-05, 5.72162025492e-05, 5.7925190049e-05, 8.87165952008e-05, 5.28815326106e-05, 2.90023558591e-06], "dmean2": [7.78465910116e-05, 0.00227482011542, 0.00159822811838, 0.00110321107786, 0.00128320837393, 0.00150113226846, 0.00265165395103, 0.00269834743813, 0.00281094643287, 0.00165139406454, 0.00149151438382, 0.000962460646406, 0.00082998315338, 0.000793314422481, 0.000583727261983, 0.000549972523004, 0.000301375373965, 0.000206398690352, 0.000175769688212, 0.000198913156055, 0.000116073148092, 7.55523578846e-05, 8.17195541458e-05, 8.6095140432e-05, 0.000132983623189, 7.46491496102e-05, 4.54704468211e-06], "dvar": [4.65120031379e-09, 1.29195950649e-05, 5.16918635185e-06, 2.05283913601e-06, 1.18286357065e-06, 2.39071346186e-06, 5.73944544158e-06, 8.91219315236e-06, 1.08824215204e-05, 5.48135722056e-06, 4.15339127358e-06, 1.41446639645e-06, 1.13615260489e-06, 1.09697816697e-06, 5.77631908527e-07, 5.35236040378e-07, 1.7338281566e-07, 5.60441044684e-08, 5.20448644181e-08, 6.89684327426e-08, 2.23833165336e-08, 8.40555269832e-09, 1.63754485527e-08, 2.83215317864e-08, 5.99941003543e-08, 1.01351789183e-08, 3.91220458806e-11], "dvar2": [1.17641745234e-08, 3.56200434908e-05, 1.4761923012e-05, 5.59978479941e-06, 2.92923732559e-06, 5.90751824348e-06, 1.44315336001e-05, 2.26319207286e-05, 2.68714029517e-05, 1.26271634144e-05, 9.63074307947e-06, 3.53286395693e-06, 2.76980335912e-06, 2.79264645542e-06, 1.46770059928e-06, 1.22321023355e-06, 4.02885575568e-07, 1.31501280975e-07, 1.25565591702e-07, 1.39915130148e-07, 5.20750162991e-08, 1.82345356592e-08, 3.73967559142e-08, 7.42791357311e-08, 1.55701229687e-07, 2.10551096558e-08, 9.24284399018e-11], "max": [0.00106385303661, 0.0297788009048, 0.0248702727258, 0.0256618000567, 0.0192855559289, 0.0256608631462, 0.0298612229526, 0.0549621284008, 0.064940109849, 0.0583379417658, 0.0609580390155, 0.0278336945921, 0.0224728379399, 0.0277562383562, 0.0135774808004, 0.011814782396, 0.0118281450123, 0.00631754472852, 0.00496715307236, 0.00713476212695, 0.00425858097151, 0.00199391739443, 0.00550076970831, 0.00562554365024, 0.00616828352213, 0.00164058746304, 0.000109200169391], "mean": [8.31997240311e-05, 0.00127396348398, 0.00114793959074, 0.000675102812238, 0.00149441498797, 0.00166318542324, 0.00274013332091, 0.00265386141837, 0.00282633816823, 0.00180488813203, 0.00149502081331, 0.000983993522823, 0.000830578850582, 0.000784545554779, 0.000568884541281, 0.000627931789495, 0.000352427858161, 0.00024518542341, 0.000202679235372, 0.000269204872893, 0.000138435192639, 9.0055342298e-05, 0.000103302081698, 8.96221463336e-05, 0.000112723915663, 6.9901921961e-05, 3.24796610585e-06], "median": [6.60725709167e-05, 0.000475443579489, 0.000650647329167, 0.000216939923121, 0.00105035607703, 0.000983696198091, 0.00157782051247, 0.000951905385591, 0.00115997763351, 0.000498613924719, 0.000432832574006, 0.000398110831156, 0.000330709066475, 0.000305514287902, 0.000243374874117, 0.00021464456222, 0.000123530466226, 0.000106759762275, 9.00412269402e-05, 8.75462865224e-05, 5.66213420825e-05, 4.23874807893e-05, 4.08132764278e-05, 3.58195757144e-05, 3.77723590645e-05, 1.81985396921e-05, 5.61578360703e-07], "min": [4.84528070976e-24, 1.48244161259e-23, 3.73066600461e-24, 5.15540441414e-24, 2.86683002347e-23, 2.50882869414e-23, 3.09391625681e-23, 4.26915981346e-24, 2.94303272473e-23, 2.06583328208e-23, 2.82541356377e-23, 3.21534277605e-23, 3.25686368094e-23, 3.49348945143e-23, 5.18850383443e-23, 9.73730647686e-23, 6.0903034311e-23, 1.36699648917e-22, 1.97804562199e-22, 2.53712081186e-22, 3.671628254e-22, 3.89825600139e-22, 4.73813588612e-22, 7.19317957043e-22, 9.26979468781e-22, 1.41840320959e-21, 1.89341823967e-21], "var": [5.59333113159e-09, 8.74390934769e-06, 3.58926058652e-06, 1.93923960978e-06, 2.35498964685e-06, 4.5637407311e-06, 1.03046895674e-05, 1.80239130714e-05, 2.11935494008e-05, 1.54588815349e-05, 1.13477799459e-05, 3.38886161444e-06, 2.07840912481e-06, 2.07484436032e-06, 9.65834033195e-07, 1.48818651269e-06, 4.70190713031e-07, 1.46911602883e-07, 1.04104373122e-07, 2.27078132298e-07, 4.99971228862e-08, 1.75577934414e-08, 3.03113587563e-08, 2.89261574693e-08, 5.66761109155e-08, 1.7203017677e-08, 4.98078245315e-11]}, "barkbands_crest": {"dmean": 2.62274456024, "dmean2": 4.30786514282, "dvar": 5.27321481705, "dvar2": 13.4520988464, "max": 24.5331630707, "mean": 8.76221179962, "median": 7.99983215332, "min": 2.39178419113, "var": 12.6837749481}, "barkbands_flatness_db": {"dmean": 0.0234135724604, "dmean2": 0.0333997793496, "dvar": 0.000465977704152, "dvar2": 0.000964953622315, "max": 0.334349006414, "mean": 0.111249268055, "median": 0.104720659554, "min": 0.0226071123034, "var": 0.00181682163384}, "barkbands_kurtosis": {"dmean": 1.84593498707, "dmean2": 2.98802566528, "dvar": 7.32377147675, "dvar2": 19.2290248871, "max": 65.3159332275, "mean": 2.53014707565, "median": 1.54559659958, "min": -1.85010969639, "var": 13.3974628448}, "barkbands_skewness": {"dmean": 0.422170072794, "dmean2": 0.666958153248, "dvar": 0.17046405375, "dvar2": 0.418215543032, "max": 7.93281507492, "mean": 1.08134615421, "median": 0.999599218369, "min": -2.08792805672, "var": 0.504417061806}, "barkbands_spread": {"dmean": 5.46862888336, "dmean2": 8.17021942139, "dvar": 39.7678146362, "dvar2": 80.3117980957, "max": 99.1435852051, "mean": 19.4294490814, "median": 17.2304973602, "min": 1.75416207314, "var": 120.713363647}, "dissonance": {"dmean": 0.0277218297124, "dmean2": 0.0459268204868, "dvar": 0.000591702992097, "dvar2": 0.00155795039609, "max": 0.499980181456, "mean": 0.445282906294, "median": 0.453323930502, "min": 0.212919056416, "var": 0.00145669304766}, "dynamic_complexity": 3.41048002243, "erbbands": {"dmean": [0.0202952884138, 0.344602048397, 1.06691920757, 1.47246086597, 2.34090352058, 3.01479959488, 5.24706935883, 8.54485988617, 18.9390449524, 31.6307315826, 37.4030761719, 40.6962547302, 30.8323745728, 26.520816803, 35.1857833862, 19.2174110413, 22.5109558105, 21.3363456726, 18.4682922363, 22.1086502075, 15.5658569336, 11.0784568787, 7.04040288925, 5.43065547943, 5.82636451721, 6.1307015419, 3.95930695534, 2.48761940002, 1.61774778366, 2.07449269295, 1.51248645782, 0.963749647141, 1.11087107658, 1.13659107685, 0.578668773174, 0.278216272593, 0.0939413681626, 0.0125337783247, 0.000336099648848, 1.75080895133e-05], "dmean2": [0.0361750647426, 0.615992903709, 1.89510524273, 2.58757686615, 3.84447431564, 4.90223646164, 8.54853248596, 13.6512470245, 30.0690898895, 51.0065155029, 59.6941604614, 65.3412246704, 48.5570755005, 42.0422821045, 55.2806549072, 30.8102970123, 36.3035469055, 34.7291526794, 29.5596199036, 35.4382019043, 24.0252342224, 17.1645317078, 10.9652738571, 8.36013126373, 8.93431472778, 9.19314002991, 6.07639980316, 3.7285387516, 2.32816052437, 2.95001721382, 2.17804980278, 1.37501811981, 1.71317970753, 1.80015230179, 0.842032194138, 0.394975394011, 0.137267306447, 0.017870074138, 0.000496620370541, 2.52387526416e-05], "dvar": [0.00316624366678, 0.941849470139, 7.50877141953, 11.6073951721, 18.6928386688, 19.7152881622, 80.7713088989, 213.765335083, 920.369445801, 2576.07592773, 4405.59814453, 6483.39941406, 5450.95849609, 2924.80908203, 5472.36767578, 1261.46484375, 2353.16943359, 1931.55395508, 1572.73950195, 2082.73193359, 1225.54711914, 634.814819336, 162.732025146, 112.041534424, 147.424453735, 167.167419434, 62.1261711121, 25.2369384766, 8.29580688477, 14.1266336441, 15.0681371689, 3.19998455048, 13.7293806076, 22.3653392792, 1.28289365768, 0.274070590734, 0.0349465087056, 0.000616254110355, 6.15119631675e-07, 6.68787636382e-10], "dvar2": [0.00864195358008, 2.60813379288, 21.3018627167, 32.2920761108, 45.5461463928, 53.0687255859, 205.154388428, 528.764038086, 2320.61474609, 6656.55615234, 11278.4541016, 16098.8945312, 12028.7402344, 6897.43945312, 12160.0703125, 3076.22851562, 5859.49169922, 4730.08837891, 3823.43505859, 5225.89111328, 2626.9921875, 1458.4329834, 381.472961426, 273.388061523, 348.779327393, 326.863220215, 147.313049316, 58.4076309204, 18.0828037262, 28.5473594666, 36.0755996704, 6.7471575737, 36.9465255737, 61.1868209839, 2.89164352417, 0.56921505928, 0.075722053647, 0.00129553466104, 1.49087486534e-06, 1.46730616546e-09], "max": [0.499497920275, 8.37483596802, 25.6388950348, 60.9709014893, 59.3544235229, 81.5077285767, 196.585479736, 289.491760254, 494.652770996, 897.792602539, 1463.42224121, 1447.81640625, 2093.56542969, 1451.57763672, 2328.58642578, 839.449768066, 1021.71258545, 1115.03308105, 767.36932373, 973.838562012, 782.157653809, 823.192138672, 268.877532959, 225.73979187, 293.68548584, 496.421478271, 285.979492188, 176.685272217, 46.7112998962, 87.074180603, 188.428817749, 42.7450065613, 111.974967957, 131.408538818, 15.4953508377, 7.6050863266, 2.88656425476, 0.391227126122, 0.0179418865591, 0.000446965917945], "mean": [0.0198966041207, 0.352517515421, 1.34551823139, 1.71387088299, 3.1065325737, 5.48659324646, 9.47394752502, 15.3233222961, 31.0353164673, 51.2539215088, 62.9162483215, 66.4942016602, 57.5012702942, 49.0989990234, 61.5889282227, 36.390953064, 39.3698425293, 36.5861053467, 32.5752449036, 38.4539909363, 30.3170528412, 22.0151252747, 14.2880630493, 10.8325157166, 11.2673397064, 12.8749341965, 7.70741653442, 4.42390108109, 2.87534785271, 3.7179813385, 2.69070458412, 1.63876819611, 1.62289488316, 1.32268047333, 0.768342256546, 0.37538921833, 0.118977047503, 0.0164025574923, 0.000429670762969, 4.22430821345e-05], "median": [0.00433647027239, 0.157764181495, 0.761615812778, 0.878270089626, 1.64735841751, 3.56617021561, 6.16347408295, 8.88013935089, 18.4848098755, 26.8729419708, 28.6578159332, 29.1136608124, 18.8048229218, 20.7624835968, 24.3643550873, 15.9480981827, 16.4316577911, 16.1964378357, 13.3479423523, 16.2082443237, 9.89729213715, 7.97184801102, 6.52165842056, 4.88872861862, 4.80909395218, 4.46141958237, 2.98089408875, 1.97549784184, 1.42498290539, 1.50687372684, 1.07076478004, 0.736253023148, 0.622870385647, 0.414232194424, 0.245516851544, 0.108617573977, 0.0280109439045, 0.00360943260603, 0.000104204817035, 3.27979287249e-05], "min": [6.84620900936e-22, 2.08428107834e-21, 6.08098313416e-21, 1.81909392098e-20, 4.83425514167e-20, 1.17085296057e-19, 2.68827779568e-19, 1.60654372335e-19, 2.47393642891e-19, 3.48070699974e-19, 2.88024625333e-19, 5.36558872741e-19, 5.7224158321e-19, 1.19466056276e-18, 1.27339812751e-18, 1.7452266018e-18, 1.57839657656e-18, 1.7320473399e-18, 2.47970218798e-18, 4.56122320372e-18, 6.65812026628e-18, 4.68436723587e-18, 7.80233480579e-18, 1.12267210939e-17, 1.44906922458e-17, 1.20084100815e-17, 1.18751670012e-17, 1.40751448302e-17, 1.1552656725e-17, 1.36421281872e-17, 1.43397764517e-17, 1.54705522014e-17, 1.30770306527e-17, 9.66341508342e-18, 6.66084375844e-18, 4.41592603399e-18, 2.82222217e-18, 9.95205603586e-19, 2.75823297708e-19, 3.12980392995e-20], "var": [0.00232606078498, 0.625800132751, 5.09804058075, 9.22785568237, 21.8423786163, 38.5328941345, 143.41986084, 408.438842773, 1480.8137207, 4611.29589844, 8811.40332031, 12073.9287109, 15691.8652344, 7187.63867188, 16048.8730469, 3672.0246582, 4408.35009766, 3864.65209961, 3320.67089844, 4318.99267578, 4031.58764648, 1834.98779297, 492.763031006, 271.311035156, 354.278076172, 562.265319824, 156.80355835, 47.6643753052, 17.5883235931, 36.2242851257, 22.7583751678, 6.56750869751, 11.9609022141, 16.0561065674, 1.87345039845, 0.471358865499, 0.052711263299, 0.00102562748361, 7.4099119729e-07, 1.36027067388e-09]}, "erbbands_crest": {"dmean": 3.18711161613, "dmean2": 5.12926912308, "dvar": 7.96551322937, "dvar2": 19.363817215, "max": 32.4363136292, "mean": 10.2473812103, "median": 9.24012088776, "min": 2.39313793182, "var": 20.1617126465}, "erbbands_flatness_db": {"dmean": 0.0243209041655, "dmean2": 0.0337275862694, "dvar": 0.000539458706044, "dvar2": 0.0010059659835, "max": 0.341980367899, "mean": 0.165056049824, "median": 0.162325784564, "min": 0.0248166359961, "var": 0.00177110009827}, "erbbands_kurtosis": {"dmean": 1.31762182713, "dmean2": 2.0910654068, "dvar": 5.14959573746, "dvar2": 12.484416008, "max": 91.3767242432, "mean": 1.37334597111, "median": 0.699945688248, "min": -1.74181437492, "var": 7.94146585464}, "erbbands_skewness": {"dmean": 0.405461400747, "dmean2": 0.634148657322, "dvar": 0.135074093938, "dvar2": 0.320352494717, "max": 7.50668907166, "mean": 0.826231837273, "median": 0.779483616352, "min": -1.64038527012, "var": 0.471932560205}, "erbbands_spread": {"dmean": 7.02477502823, "dmean2": 10.2988729477, "dvar": 68.9350357056, "dvar2": 132.756698608, "max": 128.885040283, "mean": 28.1776885986, "median": 25.4485378265, "min": 2.11252164841, "var": 204.135360718}, "gfcc": {"cov": [[13394.0517578, -362.087615967, -686.698730469, 195.130233765, -345.146911621, 62.4592971802, -307.695587158, 191.573547363, -168.689239502, -16.9226913452, -151.395599365, 17.8200492859, -241.057907104], [-362.087615967, 1144.15710449, -151.297592163, -67.3268814087, 105.620201111, -111.672782898, -0.476839631796, -96.0850219727, 130.149581909, -97.0179443359, 111.232543945, -122.070549011, 54.1729316711], [-686.698730469, -151.297592163, 773.953979492, -7.12415075302, 17.4307880402, 43.8280830383, -16.1047954559, -6.81561183929, -34.6454544067, 114.41342926, -71.5099716187, 78.3128204346, -49.2512702942], [195.130233765, -67.3268814087, -7.12415075302, 258.486724854, 22.5717697144, 22.6461410522, 33.8558578491, 19.1330928802, -2.91348409653, -18.8450393677, 19.8018054962, 14.9629049301, 26.4810581207], [-345.146911621, 105.620201111, 17.4307880402, 22.5717697144, 158.098022461, 25.5398349762, 25.6852340698, 14.5017328262, 22.1671161652, -7.84325408936, 7.61761713028, 13.8593797684, 14.035071373], [62.4592971802, -111.672782898, 43.8280830383, 22.6461410522, 25.5398349762, 176.404006958, 78.1949081421, 0.70547246933, -30.6347255707, 14.6368179321, 3.37132430077, 25.3860721588, -2.80237460136], [-307.695587158, -0.476839631796, -16.1047954559, 33.8558578491, 25.6852340698, 78.1949081421, 145.157867432, 3.70737457275, -19.8069171906, -2.19954562187, 24.1177959442, 3.76255345345, 6.8213224411], [191.573547363, -96.0850219727, -6.81561183929, 19.1330928802, 14.5017328262, 0.70547246933, 3.70737457275, 95.5012054443, 26.3071479797, 3.17340731621, -13.8866758347, 8.17760467529, -9.23344421387], [-168.689239502, 130.149581909, -34.6454544067, -2.91348409653, 22.1671161652, -30.6347255707, -19.8069171906, 26.3071479797, 111.172744751, 0.637361824512, 14.8602075577, -20.4752120972, 4.28860902786], [-16.9226913452, -97.0179443359, 114.41342926, -18.8450393677, -7.84325408936, 14.6368179321, -2.19954562187, 3.17340731621, 0.637361824512, 86.573059082, -8.31723594666, 18.4407405853, -16.7583274841], [-151.395599365, 111.232543945, -71.5099716187, 19.8018054962, 7.61761713028, 3.37132430077, 24.1177959442, -13.8866758347, 14.8602075577, -8.31723594666, 92.4305419922, 1.72278404236, 1.70669865608], [17.8200492859, -122.070549011, 78.3128204346, 14.9629049301, 13.8593797684, 25.3860721588, 3.76255345345, 8.17760467529, -20.4752120972, 18.4407405853, 1.72278404236, 92.1424713135, 5.08824300766], [-241.057907104, 54.1729316711, -49.2512702942, 26.4810581207, 14.035071373, -2.80237460136, 6.8213224411, -9.23344421387, 4.28860902786, -16.7583274841, 1.70669865608, 5.08824300766, 79.6471862793]], "icov": [[0.000133934387122, -0.000214735599002, 0.000260407658061, -0.000268677307758, 0.000346921646269, -0.000322912121192, 0.000460746319732, -0.000440998701379, 0.000419638527092, -0.000286564609269, 0.000435771071352, -0.000319822080201, 0.000566898030229], [-0.000214735599002, 0.00244099297561, -0.000842188543174, 0.00115819263738, -0.0019227854209, 0.00147547328379, -0.00117328215856, 0.00274809845723, -0.00257801008411, 0.00233975541778, -0.00275405542925, 0.00260410807095, -0.00188246450853], [0.000260407658061, -0.000842188543174, 0.00254649249837, -0.000939858902711, 0.000542928522918, -0.000905760971364, 0.00106839707587, -0.000529257406015, 0.00123800057918, -0.00300843035802, 0.00277133681811, -0.00231128698215, 0.00235633598641], [-0.000268677307758, 0.00115819263738, -0.000939858902711, 0.00518137123436, -0.00131393235642, 0.000773290172219, -0.0016379696317, 0.000334503798513, -0.00116041151341, 0.0022659949027, -0.00268845981918, 0.00106668157969, -0.00293827452697], [0.000346921646269, -0.0019227854209, 0.000542928522918, -0.00131393235642, 0.00906180031598, -0.00226726336405, 0.000491786166094, -0.00307805719785, 0.000362245802535, -0.000653130176943, 0.00225260714069, -0.00323698366992, 0.00105640979018], [-0.000322912121192, 0.00147547328379, -0.000905760971364, 0.000773290172219, -0.00226726336405, 0.00940296053886, -0.00548372371122, 0.00222397176549, -0.000659353914671, 0.000522513815667, -0.00139239034615, 0.000278631574474, -0.0011827518465], [0.000460746319732, -0.00117328215856, 0.00106839707587, -0.0016379696317, 0.000491786166094, -0.00548372371122, 0.011867868714, -0.00316088064574, 0.00368679990061, -0.00147044623736, -0.000816125771962, 7.30873534849e-06, 0.00124441203661], [-0.000440998701379, 0.00274809845723, -0.000529257406015, 0.000334503798513, -0.00307805719785, 0.00222397176549, -0.00316088064574, 0.0165106337517, -0.00724659487605, 0.00239983899519, 0.000337962788763, 0.000537682848517, 1.66184072441e-05], [0.000419638527092, -0.00257801008411, 0.00123800057918, -0.00116041151341, 0.000362245802535, -0.000659353914671, 0.00368679990061, -0.00724659487605, 0.0151576111093, -0.00414087017998, 0.000100412769825, 0.000387311447412, 0.00121767702512], [-0.000286564609269, 0.00233975541778, -0.00300843035802, 0.0022659949027, -0.000653130176943, 0.000522513815667, -0.00147044623736, 0.00239983899519, -0.00414087017998, 0.0177823919803, -0.00305702560581, 0.000754096487071, -0.000552972953301], [0.000435771071352, -0.00275405542925, 0.00277133681811, -0.00268845981918, 0.00225260714069, -0.00139239034615, -0.000816125771962, 0.000337962788763, 0.000100412769825, -0.00305702560581, 0.0174197293818, -0.00555995851755, 0.00479609519243], [-0.000319822080201, 0.00260410807095, -0.00231128698215, 0.00106668157969, -0.00323698366992, 0.000278631574474, 7.30873534849e-06, 0.000537682848517, 0.000387311447412, 0.000754096487071, -0.00555995851755, 0.0168163664639, -0.00469849351794], [0.000566898030229, -0.00188246450853, 0.00235633598641, -0.00293827452697, 0.00105640979018, -0.0011827518465, 0.00124441203661, 1.66184072441e-05, 0.00121767702512, -0.000552972953301, 0.00479609519243, -0.00469849351794, 0.0176685620099]], "mean": [-1.59045791626, 84.0268554688, -121.462806702, 4.44086027145, -68.1319580078, 12.3087015152, -42.0950737, 13.3284893036, -26.3041248322, 9.03731060028, -20.2392787933, -0.238098084927, -13.547949791]}, "hfc": {"dmean": 6.98849058151, "dmean2": 10.0452280045, "dvar": 83.541809082, "dvar2": 169.703659058, "max": 159.561508179, "mean": 23.0291843414, "median": 17.6824092865, "min": 1.08601336715e-16, "var": 365.163360596}, "melbands": {"dmean": [0.000272353267064, 0.000532533973455, 0.000286501337541, 0.000178457426955, 0.000168872094946, 0.000189709389815, 0.000297029444482, 0.000356415373972, 0.000317095895298, 0.000245773786446, 0.000159777890076, 0.00011574675591, 0.000138823554153, 7.16491849744e-05, 5.42284469702e-05, 5.00128262502e-05, 4.13197813032e-05, 3.5056444176e-05, 2.74418889603e-05, 2.8048254535e-05, 1.85002299986e-05, 1.30140333567e-05, 7.48229831515e-06, 6.73431986797e-06, 4.67269683213e-06, 4.53990332971e-06, 4.85236341774e-06, 4.40382427769e-06, 2.93701896226e-06, 2.03149761546e-06, 1.37759229801e-06, 9.66257289292e-07, 1.05523042748e-06, 1.28802150812e-06, 1.00973841199e-06, 6.26117355296e-07, 6.03708599556e-07, 7.93030721979e-07, 8.00693044312e-07, 1.12605391678e-06], "dmean2": [0.00048704087385, 0.000941917067394, 0.000496208202094, 0.000286951020826, 0.000276549981209, 0.000302690343233, 0.000471369974548, 0.000576680875383, 0.000509187986609, 0.000393415131839, 0.000252568541327, 0.000183646174264, 0.000219787514652, 0.000113903217425, 8.89573420864e-05, 7.92219652794e-05, 6.74508410157e-05, 5.64570145798e-05, 4.41899319412e-05, 4.46141930297e-05, 2.8879418096e-05, 2.04860571102e-05, 1.17264244182e-05, 1.07841779027e-05, 7.32142007109e-06, 7.10175436325e-06, 7.31464342607e-06, 6.72344913255e-06, 4.60794490209e-06, 3.12232918986e-06, 2.09892755265e-06, 1.44078501307e-06, 1.56040266575e-06, 1.85759745364e-06, 1.48184415139e-06, 9.09851394226e-07, 8.83045743194e-07, 1.23744052871e-06, 1.23799031826e-06, 1.83726001524e-06], "dvar": [5.91022057961e-07, 1.93400342141e-06, 3.85583945217e-07, 6.14001578469e-08, 7.30580609343e-08, 9.89391821804e-08, 2.08218693842e-07, 3.08534737314e-07, 2.91430950483e-07, 2.41436737269e-07, 1.42060258668e-07, 5.81674868272e-08, 8.87794087134e-08, 2.57751562316e-08, 1.28130324129e-08, 1.24978747351e-08, 8.7165723528e-09, 6.78592337877e-09, 4.16277812221e-09, 3.63198671138e-09, 2.09243844473e-09, 9.13073339159e-10, 2.43911835174e-10, 1.40628508838e-10, 9.27031298947e-11, 9.30282517686e-11, 1.1383345655e-10, 9.757771674e-11, 3.97314438294e-11, 2.04842844076e-11, 7.15965307874e-12, 3.20430878012e-12, 3.95344390905e-12, 6.26525871114e-12, 1.06178564205e-11, 1.18327667543e-12, 1.31520998519e-12, 1.03010759644e-11, 9.1800629598e-12, 3.49297639424e-11], "dvar2": [1.61858815773e-06, 5.41390136277e-06, 1.04726620975e-06, 1.49888776946e-07, 1.84944553894e-07, 2.43330589456e-07, 5.25215511971e-07, 7.99088354597e-07, 7.55316875711e-07, 5.88902253185e-07, 3.17653245929e-07, 1.37845958648e-07, 2.04634915235e-07, 6.26993283959e-08, 3.42099717443e-08, 2.9900963483e-08, 2.14864215309e-08, 1.69624296831e-08, 1.08295123979e-08, 8.75475869577e-09, 4.52048176669e-09, 2.15793538594e-09, 5.74630010242e-10, 3.45916933986e-10, 2.27927746121e-10, 2.26510185608e-10, 2.41117903421e-10, 1.9542606422e-10, 9.75114988755e-11, 4.73853803418e-11, 1.660961646e-11, 7.26849743587e-12, 8.71035969047e-12, 1.32455704391e-11, 2.67870274573e-11, 2.4461058179e-12, 2.85118261466e-12, 2.79948130649e-11, 2.49517091017e-11, 9.67332117185e-11], "max": [0.00641783233732, 0.0121031766757, 0.0107327885926, 0.00345313292928, 0.0057393736206, 0.00583978835493, 0.00708521250635, 0.00946843717247, 0.0108918221667, 0.0107902828604, 0.0106689762324, 0.00657257018611, 0.00979434419423, 0.00541271548718, 0.00368648441508, 0.00268920790404, 0.002509388607, 0.0016578338109, 0.0013595065102, 0.00106653443072, 0.00113888806663, 0.00097182096215, 0.000386070256354, 0.000243948292336, 0.000212155064219, 0.000238893800997, 0.000355858763214, 0.000348897039657, 0.000196716428036, 0.000174606611836, 6.49365101708e-05, 2.94557485176e-05, 5.67496281292e-05, 5.86909191043e-05, 0.000172566011315, 2.29281740758e-05, 2.59436073975e-05, 0.000120888835227, 0.000138703660923, 0.000168117883732], "mean": [0.000273184181424, 0.000636698270682, 0.000347783934558, 0.00030309840804, 0.000324356980855, 0.00034032939584, 0.000493011611979, 0.000575492507778, 0.00052439852152, 0.000391447800212, 0.000288492446998, 0.000205175529118, 0.000226596996072, 0.000118985146401, 9.07722351258e-05, 7.99631234258e-05, 6.58147619106e-05, 5.64944457437e-05, 4.31088628829e-05, 4.79850932606e-05, 3.26735353156e-05, 2.3296865038e-05, 1.4114752048e-05, 1.22570500025e-05, 8.20178502181e-06, 7.87075259723e-06, 8.88019621925e-06, 8.52410448715e-06, 5.30655961484e-06, 3.34887840836e-06, 2.25936378229e-06, 1.56516978222e-06, 1.74587239599e-06, 2.220123406e-06, 1.69792770066e-06, 1.05894389435e-06, 9.56427697929e-07, 1.12690372589e-06, 1.08515303054e-06, 1.17378624509e-06], "median": [8.55272664921e-05, 0.000374724855646, 0.000179175724043, 0.000199070113013, 0.000222814574954, 0.000199530069949, 0.000298732280498, 0.000282244960545, 0.000242424808675, 0.000155497109517, 8.20342829684e-05, 7.81005219324e-05, 7.58455717005e-05, 4.61791823909e-05, 3.16694859066e-05, 3.27797970385e-05, 2.62499961536e-05, 1.93818304979e-05, 1.76861321961e-05, 1.88560443348e-05, 8.17709315015e-06, 7.71321447246e-06, 5.10533391207e-06, 5.61641763852e-06, 3.28294868268e-06, 3.47017748936e-06, 2.84503767034e-06, 2.50318657891e-06, 1.75659522483e-06, 1.28409851641e-06, 9.80817162599e-07, 7.69484131524e-07, 7.02584486589e-07, 8.44726343985e-07, 6.10553797742e-07, 4.62263415102e-07, 3.85173535733e-07, 4.24033061108e-07, 3.86869288604e-07, 3.09791090558e-07], "min": [5.39315762464e-24, 3.89573712118e-24, 3.55724282321e-24, 6.5566919611e-24, 9.21653805701e-24, 3.62891911949e-24, 4.26319208071e-24, 3.51929782481e-24, 2.85790067022e-24, 3.39005637612e-24, 2.51143118571e-24, 4.53801780945e-24, 3.96175294604e-24, 4.13084133677e-24, 6.30214114091e-24, 3.04653604811e-24, 2.78419069053e-24, 3.25274566924e-24, 3.98994131276e-24, 5.50504728885e-24, 7.91317891396e-24, 4.24072966086e-24, 6.56264312777e-24, 7.1334112084e-24, 7.54021967747e-24, 8.59028583905e-24, 8.13134549705e-24, 7.5392990768e-24, 7.28596507455e-24, 5.50907521264e-24, 6.90391263841e-24, 4.97721927388e-24, 9.57277186459e-24, 7.1786263489e-24, 6.89792045097e-24, 7.92278566207e-24, 1.00234457332e-23, 8.28212679275e-24, 8.55886866464e-24, 7.63232944335e-24], "var": [4.12801909988e-07, 1.29107945668e-06, 3.36825735303e-07, 1.06802765742e-07, 1.38315840559e-07, 1.93286979311e-07, 3.44097315974e-07, 5.71035400299e-07, 5.71389875859e-07, 4.50483867098e-07, 4.13690429468e-07, 1.41226891515e-07, 2.45612483241e-07, 5.9782408357e-08, 3.28103553215e-08, 2.11717612331e-08, 1.59290198809e-08, 1.3258432574e-08, 6.45042730341e-09, 8.29279667158e-09, 6.44009157114e-09, 2.30630847753e-09, 6.80676459641e-10, 3.61865259979e-10, 1.95291671723e-10, 1.78573905663e-10, 3.36130956402e-10, 2.92726926032e-10, 8.95971907777e-11, 3.53949924925e-11, 1.30280231048e-11, 5.64855063764e-12, 8.47116127245e-12, 1.45737467233e-11, 1.26433022038e-11, 2.66729520415e-12, 2.52383595793e-12, 8.19899790422e-12, 7.19563818252e-12, 2.31252066107e-11]}, "melbands_crest": {"dmean": 3.10463476181, "dmean2": 5.14777517319, "dvar": 7.69120693207, "dvar2": 19.7690410614, "max": 33.6710243225, "mean": 10.8823890686, "median": 10.0163421631, "min": 1.85492563248, "var": 17.9893245697}, "melbands_flatness_db": {"dmean": 0.0265611056238, "dmean2": 0.0385624952614, "dvar": 0.000626347609796, "dvar2": 0.00133376999293, "max": 0.428317457438, "mean": 0.172761797905, "median": 0.16362272203, "min": 0.00494577083737, "var": 0.00299761071801}, "melbands_kurtosis": {"dmean": 3.06821513176, "dmean2": 4.94581508636, "dvar": 29.9847164154, "dvar2": 78.4558486938, "max": 152.831512451, "mean": 5.32674741745, "median": 3.6031627655, "min": -1.32090187073, "var": 54.0587844849}, "melbands_skewness": {"dmean": 0.495075583458, "dmean2": 0.771348774433, "dvar": 0.282404899597, "dvar2": 0.667327940464, "max": 11.5049695969, "mean": 1.44161355495, "median": 1.33280169964, "min": -1.27982735634, "var": 0.824454605579}, "melbands_spread": {"dmean": 5.83842515945, "dmean2": 9.16333961487, "dvar": 39.864730835, "dvar2": 93.0244750977, "max": 157.441207886, "mean": 22.8937110901, "median": 21.1970272064, "min": 2.56900215149, "var": 145.305328369}, "mfcc": {"cov": [[8961.00878906, -121.368690491, -584.251708984, 8.14168357849, -96.2774429321, -143.419448853, -31.7821559906, 83.1895217896, -86.2562332153, 112.268058777, -20.19805336, -106.985519409, -72.1407928467], [-121.368690491, 1164.79187012, -55.7748603821, -15.9541664124, 62.0306892395, -29.654466629, -76.6749801636, -61.3514785767, -10.1429033279, -3.42130827904, 2.67385053635, 38.6321220398, 29.647518158], [-584.251708984, -55.7748603821, 544.355407715, 29.4825191498, 11.9822301865, 73.8359146118, 10.4437084198, -47.8716239929, 39.693397522, -50.5834465027, 28.9399700165, 25.715921402, 19.6422042847], [8.14168357849, -15.9541664124, 29.4825191498, 199.667251587, 36.876865387, -11.6029701233, -2.89963722229, 14.3806829453, 8.47090244293, -5.53902482986, -15.8538208008, 15.638376236, 14.5927553177], [-96.2774429321, 62.0306892395, 11.9822301865, 36.876865387, 139.178512573, -7.81557893753, -31.4206733704, 14.0307159424, 22.5991535187, -3.42908406258, 0.875824809074, 13.5935316086, 19.0246315002], [-143.419448853, -29.654466629, 73.8359146118, -11.6029701233, -7.81557893753, 154.74256897, 78.4952468872, 14.6187181473, 4.32350254059, -7.35374450684, 10.3785123825, -11.5877189636, -11.3601808548], [-31.7821559906, -76.6749801636, 10.4437084198, -2.89963722229, -31.4206733704, 78.4952468872, 152.944320679, 37.892906189, -7.53561306, -1.95412218571, 9.84858226776, -15.3564825058, -26.7128257751], [83.1895217896, -61.3514785767, -47.8716239929, 14.3806829453, 14.0307159424, 14.6187181473, 37.892906189, 110.856262207, 0.09031368047, 11.2227668762, 5.66629457474, -6.78200101852, 2.27930498123], [-86.2562332153, -10.1429033279, 39.693397522, 8.47090244293, 22.5991535187, 4.32350254059, -7.53561306, 0.09031368047, 104.197814941, 3.47129702568, -6.50732278824, 2.6876039505, -1.54755079746], [112.268058777, -3.42130827904, -50.5834465027, -5.53902482986, -3.42908406258, -7.35374450684, -1.95412218571, 11.2227668762, 3.47129702568, 86.0792236328, 13.658914566, -5.88402557373, -5.81350183487], [-20.19805336, 2.67385053635, 28.9399700165, -15.8538208008, 0.875824809074, 10.3785123825, 9.84858226776, 5.66629457474, -6.50732278824, 13.658914566, 83.8955154419, 24.9732551575, -4.15605115891], [-106.985519409, 38.6321220398, 25.715921402, 15.638376236, 13.5935316086, -11.5877189636, -15.3564825058, -6.78200101852, 2.6876039505, -5.88402557373, 24.9732551575, 78.0883865356, 19.4792156219], [-72.1407928467, 29.647518158, 19.6422042847, 14.5927553177, 19.0246315002, -11.3601808548, -26.7128257751, 2.27930498123, -1.54755079746, -5.81350183487, -4.15605115891, 19.4792156219, 77.7528457642]], "icov": [[0.000124429061543, 9.61209298111e-06, 0.0001057275731, -4.85131131427e-05, 7.44628778193e-05, 6.01927276875e-05, 4.95849672006e-05, -5.42065827176e-05, 4.92694161949e-05, -6.74197362969e-05, -4.85394230054e-05, 0.000134665591759, 6.29857750027e-05], [9.61209298111e-06, 0.000953051145189, 0.000186760575161, 0.000118018513604, -0.000436814560089, -0.000133096647914, 0.000253015081398, 0.000554100144655, 0.000143332435982, 8.04972660262e-06, -1.23000627354e-05, -0.00034571296419, -0.000176290079253], [0.0001057275731, 0.000186760575161, 0.0025332281366, -0.000494762964081, 3.12235060846e-05, -0.00120911200065, 0.000187910394743, 0.00121855200268, -0.000887121248525, 0.00124638958368, -0.00118959520478, -5.79324550927e-05, -0.000649211520795], [-4.85131131427e-05, 0.000118018513604, -0.000494762964081, 0.00570050440729, -0.00141931208782, 0.00067481957376, -0.000579194864258, -0.000713189831004, 7.94661827968e-05, -0.000170002007508, 0.00171838514507, -0.0014144332381, -0.000332033290761], [7.44628778193e-05, -0.000436814560089, 3.12235060846e-05, -0.00141931208782, 0.00888641085476, -0.000565211463254, 0.00212005083449, -0.00189175002743, -0.00168466975447, 0.000488465593662, -0.000565280206501, -0.000276852428215, -0.00093681976432], [6.01927276875e-05, -0.000133096647914, -0.00120911200065, 0.00067481957376, -0.000565211463254, 0.00971786864102, -0.00491135334596, -0.000174515676918, -0.000256663362961, 0.000117481307825, -0.000438240240328, 0.00116621144116, -0.000150613617734], [4.95849672006e-05, 0.000253015081398, 0.000187910394743, -0.000579194864258, 0.00212005083449, -0.00491135334596, 0.0109581947327, -0.00316374097019, 0.000542405294254, 0.000635349308141, -0.000711470085662, 0.00039930533967, 0.00255223177373], [-5.42065827176e-05, 0.000554100144655, 0.00121855200268, -0.000713189831004, -0.00189175002743, -0.000174515676918, -0.00316374097019, 0.0115579394624, -0.000315874931403, -0.000764490221627, -0.00119544821791, 0.00085413211491, -0.00176526547875], [4.92694161949e-05, 0.000143332435982, -0.000887121248525, 7.94661827968e-05, -0.00168466975447, -0.000256663362961, 0.000542405294254, -0.000315874931403, 0.0105750737712, -0.00126003206242, 0.00161048257723, -0.000650041969493, 0.00113577477168], [-6.74197362969e-05, 8.04972660262e-06, 0.00124638958368, -0.000170002007508, 0.000488465593662, 0.000117481307825, 0.000635349308141, -0.000764490221627, -0.00126003206242, 0.0132519584149, -0.00322589557618, 0.00154272664804, 0.000196584849618], [-4.85394230054e-05, -1.23000627354e-05, -0.00118959520478, 0.00171838514507, -0.000565280206501, -0.000438240240328, -0.000711470085662, -0.00119544821791, 0.00161048257723, -0.00322589557618, 0.0153711233288, -0.00591035978869, 0.00189574237447], [0.000134665591759, -0.00034571296419, -5.79324550927e-05, -0.0014144332381, -0.000276852428215, 0.00116621144116, 0.00039930533967, 0.00085413211491, -0.000650041969493, 0.00154272664804, -0.00591035978869, 0.0167450588197, -0.00352146290243], [6.29857750027e-05, -0.000176290079253, -0.000649211520795, -0.000332033290761, -0.00093681976432, -0.000150613617734, 0.00255223177373, -0.00176526547875, 0.00113577477168, 0.000196584849618, 0.00189574237447, -0.00352146290243, 0.0153699172661]], "mean": [-644.198791504, 125.971458435, -3.69396185875, -1.01018023491, -6.86802101135, -4.47840595245, -3.90872836113, -3.43970894814, 0.235117956996, 3.12066960335, -1.74101364613, -0.39469781518, 2.61019778252]}, "pitch_salience": {"dmean": 0.065564930439, "dmean2": 0.106399938464, "dvar": 0.00297263939865, "dvar2": 0.00774206314236, "max": 0.856293618679, "mean": 0.592496931553, "median": 0.598954439163, "min": 0.168070092797, "var": 0.00793889909983}, "silence_rate_20dB": {"dmean": 0, "dmean2": 0, "dvar": 0, "dvar2": 0, "max": 1, "mean": 1, "median": 1, "min": 1, "var": 0}, "silence_rate_30dB": {"dmean": 0, "dmean2": 0, "dvar": 0, "dvar2": 0, "max": 1, "mean": 1, "median": 1, "min": 1, "var": 0}, "silence_rate_60dB": {"dmean": 0.011786038056, "dmean2": 0.0235756393522, "dvar": 0.0116456076503, "dvar2": 0.0287575088441, "max": 1, "mean": 0.0672307014465, "median": 0, "min": 0, "var": 0.062707491219}, "spectral_centroid": {"dmean": 202.55770874, "dmean2": 306.455230713, "dvar": 55345.8476562, "dvar2": 102649.101562, "max": 11281.7412109, "mean": 1239.0612793, "median": 1188.95239258, "min": 312.705291748, "var": 324294.96875}, "spectral_complexity": {"dmean": 3.07283163071, "dmean2": 4.68369340897, "dvar": 10.7179260254, "dvar2": 20.8769817352, "max": 52, "mean": 19.2891674042, "median": 19, "min": 0, "var": 79.6391830444}, "spectral_contrast_coeffs": {"dmean": [0.0492129139602, 0.050783932209, 0.044235792011, 0.0363998636603, 0.0289829354733, 0.0206809621304], "dmean2": [0.0805528685451, 0.0832789614797, 0.0707289278507, 0.0590594932437, 0.0459018014371, 0.0323982015252], "dvar": [0.00158608716447, 0.00160669884644, 0.00118512520567, 0.000828858814202, 0.000539299391676, 0.000320359336911], "dvar2": [0.0041718040593, 0.00425386056304, 0.00303372740746, 0.00212143757381, 0.00130430422723, 0.000763438583817], "max": [-0.363150268793, -0.454482913017, -0.500502824783, -0.559008657932, -0.549763023853, -0.612914323807], "mean": [-0.629838824272, -0.706385850906, -0.730420947075, -0.747939705849, -0.760185420513, -0.77772206068], "median": [-0.631278514862, -0.7073777318, -0.732946872711, -0.749254107475, -0.764923214912, -0.778535366058], "min": [-0.972200810909, -0.975025594234, -0.962382256985, -0.965278446674, -0.960934102535, -0.962701797485], "var": [0.00654048845172, 0.00528640951961, 0.00432967441157, 0.00287346728146, 0.00297250901349, 0.00162634975277]}, "spectral_contrast_valleys": {"dmean": [0.48865121603, 0.358160614967, 0.353644877672, 0.336625605822, 0.328653752804, 0.469549179077], "dmean2": [0.796587944031, 0.577189743519, 0.547142982483, 0.517780065536, 0.475456655025, 0.574835658073], "dvar": [0.202482566237, 0.116210624576, 0.10848030448, 0.111598700285, 0.119651809335, 0.213686019182], "dvar2": [0.460077941418, 0.242132917047, 0.219621434808, 0.21462726593, 0.212581008673, 0.349990516901], "max": [-5.63101387024, -4.28280544281, -5.15171337128, -5.61623191833, -5.85185432434, -8.03989124298], "mean": [-7.96573352814, -6.52246999741, -7.1474814415, -7.79287385941, -8.06735134125, -10.2829532623], "median": [-7.76436805725, -6.28081035614, -6.96822404861, -7.56314611435, -7.85871219635, -10.0546722412], "min": [-27.8995227814, -27.7589073181, -27.4296970367, -27.3890247345, -27.4350509644, -27.3926391602], "var": [1.77013480663, 1.74257624149, 1.62407040596, 1.70336341858, 1.65671086311, 1.69740664959]}, "spectral_decrease": {"dmean": 1.921792947e-09, "dmean2": 3.03834246651e-09, "dvar": 5.72555063983e-18, "dvar2": 1.42364218886e-17, "max": 1.6691264456e-28, "mean": -5.62816460103e-09, "median": -5.05657160588e-09, "min": -3.0168632037e-08, "var": 1.45287342821e-17}, "spectral_energy": {"dmean": 0.00777346082032, "dmean2": 0.0121939079836, "dvar": 9.22348699532e-05, "dvar2": 0.000225944357226, "max": 0.121006779373, "mean": 0.0233307350427, "median": 0.0208113510162, "min": 1.02842444674e-20, "var": 0.000251954799751}, "spectral_energyband_high": {"dmean": 0.000376159412554, "dmean2": 0.00051803374663, "dvar": 3.66830306575e-07, "dvar2": 7.62735680837e-07, "max": 0.0089263273403, "mean": 0.000746522855479, "median": 0.00037762732245, "min": 7.39730415803e-21, "var": 8.92865671176e-07}, "spectral_energyband_low": {"dmean": 0.00228637154214, "dmean2": 0.00400095107034, "dvar": 3.38412064593e-05, "dvar2": 9.27633809624e-05, "max": 0.0592319965363, "mean": 0.00275111780502, "median": 0.00170047895517, "min": 3.76498287394e-23, "var": 2.37052208831e-05}, "spectral_energyband_middle_high": {"dmean": 0.00256739044562, "dmean2": 0.00390286976472, "dvar": 1.38311361297e-05, "dvar2": 3.1453804695e-05, "max": 0.0717252939939, "mean": 0.00780046684667, "median": 0.00482876272872, "min": 1.45432306321e-21, "var": 7.42605334381e-05}, "spectral_energyband_middle_low": {"dmean": 0.00495806103572, "dmean2": 0.0078523280099, "dvar": 3.46479682776e-05, "dvar2": 8.5337436758e-05, "max": 0.0955527126789, "mean": 0.0124863293022, "median": 0.0107519896701, "min": 2.71928659157e-22, "var": 8.67174894665e-05}, "spectral_entropy": {"dmean": 0.211843177676, "dmean2": 0.287831008434, "dvar": 0.0519690923393, "dvar2": 0.0917230919003, "max": 9.81199264526, "mean": 7.47104883194, "median": 7.52880239487, "min": 5.33030939102, "var": 0.186053171754}, "spectral_flux": {"dmean": 0.0226746927947, "dmean2": 0.0352240204811, "dvar": 0.00058021460427, "dvar2": 0.00117591652088, "max": 0.261330366135, "mean": 0.0830380544066, "median": 0.0778570473194, "min": 6.70686839399e-11, "var": 0.0018309771549}, "spectral_kurtosis": {"dmean": 2.30098891258, "dmean2": 3.45871448517, "dvar": 10.2743911743, "dvar2": 21.912279129, "max": 51.7610473633, "mean": 5.95231342316, "median": 4.86832475662, "min": -1.23387277126, "var": 18.1791477203}, "spectral_rms": {"dmean": 0.000754915818106, "dmean2": 0.00115968065802, "dvar": 6.49006778985e-07, "dvar2": 1.52345512561e-06, "max": 0.0108653297648, "mean": 0.00444200262427, "median": 0.00450596911833, "min": 3.16755562751e-12, "var": 3.03037472804e-06}, "spectral_rolloff": {"dmean": 421.184783936, "dmean2": 702.705505371, "dvar": 860693.0625, "dvar2": 1874913.5, "max": 19466.015625, "mean": 1526.5234375, "median": 1291.9921875, "min": 43.06640625, "var": 1848852.625}, "spectral_skewness": {"dmean": 0.281700253487, "dmean2": 0.410622954369, "dvar": 0.104484498501, "dvar2": 0.204529374838, "max": 5.81141281128, "mean": 1.92825961113, "median": 1.83365368843, "min": -0.0641206502914, "var": 0.305661946535}, "spectral_spread": {"dmean": 902252.5625, "dmean2": 1183340.625, "dvar": 1348439506940.0, "dvar2": 2303987810300.0, "max": 43836408, "mean": 4928590, "median": 4579887, "min": 1430645.625, "var": 44262