{"lowlevel": {"average_loudness": 0.821111559868, "barkbands": {"dmean": [1.97284061869e-05, 0.000592889380641, 0.000576267600991, 0.0005500499974, 0.00155501300469, 0.00188165635336, 0.00121655734256, 0.00201023137197, 0.00158879254013, 0.000925809319597, 0.000465413177153, 0.000804628012702, 0.000581954955123, 0.000437059265096, 0.000366334919818, 0.000209997189813, 0.000231623867876, 0.000121852186567, 8.52274679346e-05, 3.79043412977e-05, 2.28360859182e-05, 1.14641952678e-05, 5.95080064159e-06, 4.200524927e-06, 3.11610983772e-06, 1.14931617645e-06, 6.67732891202e-08], "dmean2": [3.58897013939e-05, 0.00095869397046, 0.0009293408948, 0.000941448146477, 0.00257862801664, 0.00308334920555, 0.00196872465312, 0.00306448154151, 0.00241948734038, 0.00140267540701, 0.00074745825259, 0.00117719685659, 0.000878608843777, 0.000681492325384, 0.000582281674724, 0.000333329604473, 0.000371594476746, 0.000191520375665, 0.000135545327794, 5.99572304054e-05, 3.52522147296e-05, 1.72605850821e-05, 8.81846790435e-06, 6.29696114629e-06, 4.63682499685e-06, 1.71968508766e-06, 1.07912264014e-07], "dvar": [7.0077116332e-10, 8.72991279266e-07, 1.15501677556e-06, 1.15238788112e-06, 7.1194517659e-06, 9.73478836386e-06, 8.09326684248e-06, 2.39265864366e-05, 1.64711600519e-05, 4.84459042127e-06, 1.36467906486e-06, 3.55271981789e-06, 1.98453335543e-06, 9.73560304374e-07, 7.14985333161e-07, 1.38735941846e-07, 2.09961982023e-07, 4.30806963436e-08, 2.57619134914e-08, 4.53933646227e-09, 2.27962115851e-09, 6.79238554291e-10, 2.1777865622e-10, 7.19366302637e-11, 5.3302317421e-11, 1.47132878797e-11, 1.27942144726e-13], "dvar2": [2.19629359144e-09, 2.28049543693e-06, 2.77216099676e-06, 3.14841577165e-06, 1.76426692633e-05, 2.42574114964e-05, 1.82631119969e-05, 5.13315899298e-05, 3.47423338098e-05, 9.62069043453e-06, 3.14914200317e-06, 6.16832676315e-06, 3.77182504963e-06, 2.09703671317e-06, 1.46335889895e-06, 3.28166606778e-07, 5.05696448272e-07, 9.36696622489e-08, 5.98610583324e-08, 1.13669500479e-08, 5.45991074574e-09, 1.2837918506e-09, 3.63962887606e-10, 1.46699610792e-10, 1.07760668444e-10, 2.70812764575e-11, 2.92524820556e-13], "max": [0.000353556068148, 0.0113380486146, 0.0173390638083, 0.0204755179584, 0.0504547543824, 0.0445402078331, 0.0709810703993, 0.0879166424274, 0.101438812912, 0.0426416248083, 0.0366962403059, 0.0529271923006, 0.0405611544847, 0.0252473782748, 0.0380789153278, 0.00834040623158, 0.0107882171869, 0.00645866338164, 0.00365501712076, 0.0015510058729, 0.00162007741164, 0.000886447262019, 0.000507777847815, 0.000296552898362, 0.000181172246812, 0.000117827905342, 1.36712515086e-05], "mean": [1.91643393919e-05, 0.000908084155526, 0.000810625730082, 0.000689563748892, 0.00242778100073, 0.00309694651514, 0.00197635986842, 0.00356207136065, 0.00320110470057, 0.00166550569702, 0.00072006409755, 0.00155830336735, 0.000979879754595, 0.000731978740077, 0.000654032453895, 0.000386558909668, 0.000412236870034, 0.000227873242693, 0.000158635681146, 8.28962001833e-05, 5.37045452802e-05, 2.63353540504e-05, 1.33900311994e-05, 9.11637198442e-06, 5.6906210375e-06, 1.59338583217e-06, 7.61062963761e-08], "median": [1.05012750282e-05, 0.000386483967304, 0.000292669807095, 0.000286023772787, 0.00125671189744, 0.00146689929534, 0.000637064804323, 0.000662532285787, 0.000706679536961, 0.000530551653355, 0.000220582456677, 0.000436399859609, 0.000339633057592, 0.000254254904576, 0.000241621906753, 0.000173665990587, 0.000187822501175, 0.000123628793517, 8.2565296907e-05, 4.20113938162e-05, 2.64627251454e-05, 1.27732873807e-05, 6.40112693873e-06, 4.36791469838e-06, 1.96473820324e-06, 3.09441418267e-07, 1.21951568843e-08], "min": [6.94330992974e-24, 2.10070819161e-23, 1.96513897406e-23, 2.46027288548e-23, 1.08483533219e-22, 3.66900279869e-23, 4.13717849308e-23, 3.4105744905e-23, 2.44762996952e-23, 3.88733456925e-23, 1.35983704002e-22, 1.47422124019e-22, 2.9518354658e-23, 1.07823894041e-22, 8.80879384113e-23, 1.1753061922e-22, 1.32583877584e-22, 4.57084991634e-22, 3.28156266344e-22, 3.3645773364e-22, 3.31099285501e-22, 3.25208551888e-22, 6.24063040602e-22, 8.48719115351e-22, 1.03638975579e-21, 1.96908870595e-21, 2.48085339559e-21], "var": [6.61325605389e-10, 1.6771831497e-06, 1.92107540897e-06, 1.49725519805e-06, 1.31828310259e-05, 2.15487489186e-05, 2.21407699428e-05, 6.38650890323e-05, 7.61886622058e-05, 1.39493931783e-05, 2.98967188428e-06, 1.59922765306e-05, 5.26208532392e-06, 2.2538945359e-06, 2.47391335506e-06, 3.46543771457e-07, 4.43820795226e-07, 1.0851582033e-07, 5.68140947621e-08, 1.38092293156e-08, 7.90297161046e-09, 2.00403560413e-09, 6.68431476836e-10, 2.12834014301e-10, 1.34413424835e-10, 3.19931199588e-11, 1.93115814139e-13]}, "barkbands_crest": {"dmean": 2.73681139946, "dmean2": 4.44059848785, "dvar": 5.88631916046, "dvar2": 14.9227771759, "max": 26.3644046783, "mean": 9.97618675232, "median": 8.90325832367, "min": 2.46988296509, "var": 21.4263725281}, "barkbands_flatness_db": {"dmean": 0.0192260891199, "dmean2": 0.0291490275413, "dvar": 0.000303715176415, "dvar2": 0.00065153860487, "max": 0.364497452974, "mean": 0.167799025774, "median": 0.165350541472, "min": 0.0257895421237, "var": 0.00227222684771}, "barkbands_kurtosis": {"dmean": 2.00979948044, "dmean2": 3.22490668297, "dvar": 10.4749736786, "dvar2": 25.2082977295, "max": 77.5521850586, "mean": 2.74213600159, "median": 1.25821304321, "min": -1.72593379021, "var": 27.9730033875}, "barkbands_skewness": {"dmean": 0.467775970697, "dmean2": 0.738101959229, "dvar": 0.200955048203, "dvar2": 0.485723316669, "max": 6.270154953, "mean": 0.929426729679, "median": 0.878014564514, "min": -1.96177554131, "var": 0.852569818497}, "barkbands_spread": {"dmean": 3.22494983673, "dmean2": 4.97533130646, "dvar": 12.0394363403, "dvar2": 26.9045543671, "max": 62.4004936218, "mean": 13.029791832, "median": 11.535320282, "min": 0.735779345036, "var": 54.1445350647}, "dissonance": {"dmean": 0.0264729950577, "dmean2": 0.0449177622795, "dvar": 0.000666221778374, "dvar2": 0.00186771992594, "max": 0.500000119209, "mean": 0.4497808218, "median": 0.460885763168, "min": 0.254976481199, "var": 0.00164482102264}, "dynamic_complexity": 2.47097921371, "erbbands": {"dmean": [0.00877047330141, 0.162449717522, 0.58887887001, 1.23444235325, 4.04352235794, 4.58871364594, 12.7115116119, 14.0540971756, 15.4818620682, 23.067029953, 49.5702133179, 36.9862594604, 26.7157993317, 26.9844665527, 16.0108184814, 35.5652885437, 24.40051651, 22.6947383881, 19.0987071991, 13.7965326309, 11.4122400284, 10.0483407974, 7.35102081299, 4.61267328262, 3.40366649628, 1.85587787628, 1.15275096893, 0.69937068224, 0.448776364326, 0.26678353548, 0.162093415856, 0.100309424102, 0.066505946219, 0.0415437221527, 0.0188722684979, 0.00646783132106, 0.00194387626834, 0.000288362964056, 9.04046919459e-06, 6.93248375683e-06], "dmean2": [0.0137153407559, 0.26201620698, 0.933034360409, 2.0978884697, 6.81919527054, 7.67826032639, 21.1052055359, 22.7166004181, 25.2244167328, 35.6084022522, 76.1326065063, 55.2609367371, 40.6206207275, 40.6065292358, 24.3697891235, 51.5931816101, 36.7906494141, 35.1159934998, 29.888759613, 21.2348117828, 18.1193161011, 15.9561338425, 11.3150224686, 7.3042345047, 5.44530534744, 2.91262578964, 1.80430161953, 1.07424795628, 0.678012609482, 0.400128901005, 0.242342099547, 0.150866210461, 0.10042976588, 0.0620428584516, 0.0283859409392, 0.00976813863963, 0.00299773667939, 0.000439495925093, 1.36963217301e-05, 1.04512582766e-05], "dvar": [0.000203775955015, 0.0639936700463, 1.13190829754, 6.19192457199, 62.7027435303, 66.5871047974, 560.050109863, 550.529602051, 1150.26501465, 3120.7824707, 14214.1660156, 9031.59863281, 4285.37890625, 3942.9987793, 1101.26513672, 7245.95263672, 4053.13476563, 2509.56640625, 1683.83972168, 911.980224609, 353.553924561, 345.438934326, 152.883758545, 80.4297027588, 46.3330955505, 11.8684396744, 5.74308395386, 2.24442839622, 1.03243994713, 0.449373990297, 0.138240337372, 0.0438479557633, 0.0168703757226, 0.00760720437393, 0.00260255578905, 0.000404206861276, 4.9945570936e-05, 1.52890970639e-06, 1.15472964524e-09, 6.14188977455e-11], "dvar2": [0.000462250754936, 0.167427420616, 2.53605341911, 17.3606281281, 152.029037476, 173.037643433, 1440.37609863, 1325.04589844, 2749.36376953, 6533.31982422, 31159.5839844, 18364.2128906, 9279.53710938, 7663.39941406, 2281.80883789, 12696.7255859, 7997.97607422, 5349.98632813, 3631.92236328, 1858.18652344, 853.516235352, 803.646057129, 314.808197021, 191.75, 109.568504333, 28.7117271423, 14.2833614349, 5.08566331863, 2.01313138008, 0.795155882835, 0.241090118885, 0.0901602730155, 0.0350542776287, 0.0158276334405, 0.00524760968983, 0.000742785341572, 9.98766918201e-05, 2.91415062748e-06, 2.53784215865e-09, 1.22916246625e-10], "max": [0.240121021867, 3.14607214928, 16.2814865112, 49.1653366089, 215.03767395, 147.04548645, 407.081176758, 376.910827637, 960.589294434, 1490.48718262, 2189.58422852, 2685.80834961, 1417.58959961, 1417.61828613, 1058.17431641, 2700.21557617, 2079.33740234, 1515.515625, 1062.1328125, 1448.10974121, 309.500091553, 462.270904541, 424.223876953, 221.282272339, 220.633773804, 102.922843933, 82.3142318726, 46.7675743103, 34.6918869019, 20.8823451996, 11.3907089233, 7.05083608627, 4.24441432953, 2.30471038818, 1.43141818047, 0.544780790806, 0.251820623875, 0.0491175837815, 0.00122307031415, 0.000119994620036], "mean": [0.0144487693906, 0.252426683903, 0.905236899853, 1.71243751049, 5.39024686813, 6.95673751831, 19.885925293, 23.6610202789, 25.7277069092, 42.8778953552, 91.7178878784, 77.4685440063, 46.6735954285, 50.9102020264, 31.3995609283, 70.5777206421, 45.293182373, 41.5756721497, 35.1250648499, 27.3430213928, 22.3867740631, 19.8257160187, 14.92715168, 9.21116065979, 6.82933759689, 4.13470125198, 2.70669484138, 1.61081182957, 1.02120995522, 0.613734006882, 0.362010747194, 0.21740591526, 0.137502625585, 0.0773616582155, 0.0324714258313, 0.0098213320598, 0.00246601994149, 0.000370778376237, 2.19056510105e-05, 2.89465879177e-05], "median": [0.00574537692592, 0.10988779366, 0.368905961514, 0.891002655029, 2.17223501205, 3.59778237343, 7.88729524612, 11.0607194901, 10.5815620422, 12.7714366913, 20.2750415802, 19.9174175262, 20.7353134155, 17.3285217285, 14.3479194641, 22.1588783264, 18.7092075348, 16.9189167023, 14.9868116379, 12.3032999039, 11.3974885941, 10.2368488312, 8.62266540527, 5.14162111282, 3.69761395454, 2.15244245529, 1.3765630722, 0.817574203014, 0.499231696129, 0.28539159894, 0.174205109477, 0.103664562106, 0.0652403607965, 0.0298613198102, 0.00951641052961, 0.00219448585995, 0.00042821248644, 6.87730716891e-05, 1.47385562741e-05, 2.49750555668e-05], "min": [8.04297183953e-22, 4.17290081592e-21, 1.2000849418e-20, 9.01051330922e-20, 1.98656251673e-19, 2.87818321318e-19, 6.02808750277e-19, 1.93741532214e-19, 5.52864308675e-19, 7.75144748169e-19, 4.50178262529e-19, 3.81991851781e-19, 1.06651829176e-18, 2.52831952168e-18, 6.19984979921e-18, 5.43404309298e-18, 1.64378417001e-18, 3.27957715492e-18, 5.62711490616e-18, 5.78435904548e-18, 7.1268028693e-18, 8.94581274097e-18, 1.85149739023e-17, 2.31284199132e-17, 1.53914902785e-17, 1.40330909678e-17, 1.3659264888e-17, 1.38953273455e-17, 1.34785590113e-17, 1.39436512369e-17, 1.63379040132e-17, 1.75780545466e-17, 1.43348596902e-17, 1.05283995043e-17, 8.43442735242e-18, 7.47935634536e-18, 3.50726937187e-18, 1.22657556894e-18, 3.80971602043e-19, 3.36511064171e-20], "var": [0.000496152730193, 0.122654661536, 2.19087195396, 7.40445566177, 116.487289429, 113.591789246, 1080.58520508, 1358.04138184, 2305.6171875, 12297.0761719, 35709.6523438, 44984.40625, 8209.06152344, 13606.7939453, 3337.79882813, 33135.875, 10253.6806641, 6707.47949219, 4188.95214844, 3059.34179688, 927.728088379, 799.80645752, 452.356048584, 178.827133179, 106.799163818, 36.6947898865, 19.5055389404, 6.04095125198, 2.96665000916, 1.37226188183, 0.431896269321, 0.125155881047, 0.049188002944, 0.0197050143033, 0.00601126486436, 0.000911911658477, 9.31517643039e-05, 3.11938879349e-06, 2.03998995474e-09, 3.40463879311e-10]}, "erbbands_crest": {"dmean": 3.2119743824, "dmean2": 5.20714759827, "dvar": 8.37435436249, "dvar2": 20.8239746094, "max": 31.8461818695, "mean": 11.3393774033, "median": 10.0069608688, "min": 3.06716132164, "var": 28.8374252319}, "erbbands_flatness_db": {"dmean": 0.0183914005756, "dmean2": 0.0268934946507, "dvar": 0.000288027164061, "dvar2": 0.000546687049791, "max": 0.390688925982, "mean": 0.224789455533, "median": 0.222493857145, "min": 0.0795103311539, "var": 0.00213024788536}, "erbbands_kurtosis": {"dmean": 1.25970852375, "dmean2": 1.99362897873, "dvar": 3.44620251656, "dvar2": 7.91879796982, "max": 48.8058242798, "mean": 1.30322051048, "median": 0.370932787657, "min": -1.72389864922, "var": 11.8445997238}, "erbbands_skewness": {"dmean": 0.406003326178, "dmean2": 0.631448686123, "dvar": 0.139262199402, "dvar2": 0.338034212589, "max": 5.99618768692, "mean": 0.550098657608, "median": 0.450600326061, "min": -2.60885930061, "var": 0.684886693954}, "erbbands_spread": {"dmean": 4.73109197617, "dmean2": 7.2143945694, "dvar": 24.0255527496, "dvar2": 49.5054359436, "max": 99.0253753662, "mean": 21.2646598816, "median": 20.0545749664, "min": 1.69925308228, "var": 122.252685547}, "gfcc": {"cov": [[2323.53686523, -541.194030762, -138.046157837, 113.824668884, 54.6056861877, 93.6253662109, 16.7684192657, 125.348075867, -144.423599243, 112.564933777, -146.530181885, 131.632522583, -82.3015594482], [-541.194030762, 865.484863281, 341.054229736, -10.9344348907, 72.5430297852, -121.004676819, 61.8159255981, -59.8336448669, 91.2534561157, -106.527183533, 86.4244308472, -109.32976532, 37.3167800903], [-138.046157837, 341.054229736, 734.210083008, 175.660339355, -17.8882274628, -29.3288173676, -30.1395301819, 1.15280497074, -26.7899990082, 30.5385017395, -38.0426597595, -8.69624423981, -36.9288520813], [113.824668884, -10.9344348907, 175.660339355, 301.565979004, 80.4974060059, 18.5829124451, -60.9168777466, 6.29810285568, -9.98370361328, 36.6666259766, -21.9294605255, 21.8357582092, 19.4661941528], [54.6056861877, 72.5430297852, -17.8882274628, 80.4974060059, 156.420440674, 40.6467857361, 1.6566618681, 10.0605163574, 22.9511222839, 1.02177500725, 0.111724466085, -2.16961860657, 11.225028038], [93.6253662109, -121.004676819, -29.3288173676, 18.5829124451, 40.6467857361, 175.912704468, 77.7292861938, 24.8594226837, -34.1734542847, 24.3247661591, -5.5650601387, 14.3513250351, -15.3385686874], [16.7684192657, 61.8159255981, -30.1395301819, -60.9168777466, 1.6566618681, 77.7292861938, 187.571044922, 44.492980957, -5.16058254242, -12.3986635208, 24.605173111, -8.4147233963, -13.0202999115], [125.348075867, -59.8336448669, 1.15280497074, 6.29810285568, 10.0605163574, 24.8594226837, 44.492980957, 87.5880813599, 16.1446437836, 12.9999818802, -11.6125478745, 14.5601301193, -9.63025760651], [-144.423599243, 91.2534561157, -26.7899990082, -9.98370361328, 22.9511222839, -34.1734542847, -5.16058254242, 16.1446437836, 104.862686157, 13.7523784637, 12.4454069138, -27.0077075958, 22.1006011963], [112.564933777, -106.527183533, 30.5385017395, 36.6666259766, 1.02177500725, 24.3247661591, -12.3986635208, 12.9999818802, 13.7523784637, 89.7492294312, 1.0577583313, 19.4183387756, -6.00445652008], [-146.530181885, 86.4244308472, -38.0426597595, -21.9294605255, 0.111724466085, -5.5650601387, 24.605173111, -11.6125478745, 12.4454069138, 1.0577583313, 80.20287323, 12.9187545776, 16.8285694122], [131.632522583, -109.32976532, -8.69624423981, 21.8357582092, -2.16961860657, 14.3513250351, -8.4147233963, 14.5601301193, -27.0077075958, 19.4183387756, 12.9187545776, 84.4757232666, 19.8122234344], [-82.3015594482, 37.3167800903, -36.9288520813, 19.4661941528, 11.225028038, -15.3385686874, -13.0202999115, -9.63025760651, 22.1006011963, -6.00445652008, 16.8285694122, 19.8122234344, 70.7053146362]], "icov": [[0.00084595970111, -0.000789658282883, 0.000931004760787, -0.000401590659749, 6.89003209118e-05, 0.000234078819631, -3.78866679966e-05, -0.0010653801728, 0.00155596458353, -0.00188786385115, 0.00242046336643, -0.00170503440313, 0.00114104244858], [-0.000789658282883, 0.00882823765278, -0.0062566017732, 0.00234864722006, -0.00579134142026, 0.00379303190857, -0.00385896372609, 0.004820226226, -0.00522506004199, 0.00918910931796, -0.0107090901583, 0.00847511459142, -0.00521709956229], [0.000931004760787, -0.0062566017732, 0.00642106356099, -0.003126102034, 0.0045286626555, -0.00176940718666, 0.00207824679092, -0.0034909080714, 0.00437349826097, -0.00735031161457, 0.00872380565852, -0.00629608053714, 0.00510117737576], [-0.000401590659749, 0.00234864722006, -0.003126102034, 0.00649847835302, -0.00448182784021, 0.00045250414405, 0.000938663550187, 0.000189222337212, 0.000216746688238, 0.000833349418826, -0.00280407280661, 0.00283477618359, -0.00424447935075], [6.89003209118e-05, -0.00579134142026, 0.0045286626555, -0.00448182784021, 0.0132603049278, -0.00561283202842, 0.00305637065321, -0.00266734370962, -0.000679549004417, -0.00309569621459, 0.00577224092558, -0.00516037084162, 0.00363431172445], [0.000234078819631, 0.00379303190857, -0.00176940718666, 0.00045250414405, -0.00561283202842, 0.011880626902, -0.00634202966467, 0.00150988227688, 0.00250119855627, -0.000682584010065, -0.00190347468015, 0.00277515221387, -0.0014362949878], [-3.78866679966e-05, -0.00385896372609, 0.00207824679092, 0.000938663550187, 0.00305637065321, -0.00634202966467, 0.0116640944034, -0.00725808087736, 0.00272479909472, -0.0015049003996, -0.000356796168489, -0.000439334340626, 0.00134644890204], [-0.0010653801728, 0.004820226226, -0.0034909080714, 0.000189222337212, -0.00266734370962, 0.00150988227688, -0.00725808087736, 0.0211037080735, -0.0103890607134, 0.00584241794422, -0.00179251434747, -0.0018977324944, 0.0013312229421], [0.00155596458353, -0.00522506004199, 0.00437349826097, 0.000216746688238, -0.000679549004417, 0.00250119855627, 0.00272479909472, -0.0103890607134, 0.0227629877627, -0.0130166187882, 0.00537861976773, 0.00317963166162, -0.00386099121533], [-0.00188786385115, 0.00918910931796, -0.00735031161457, 0.000833349418826, -0.00309569621459, -0.000682584010065, -0.0015049003996, 0.00584241794422, -0.0130166187882, 0.0266743712127, -0.0140759060159, 0.00506800692528, -0.00198973156512], [0.00242046336643, -0.0107090901583, 0.00872380565852, -0.00280407280661, 0.00577224092558, -0.00190347468015, -0.000356796168489, -0.00179251434747, 0.00537861976773, -0.0140759060159, 0.0322341509163, -0.0167139135301, 0.006293438375], [-0.00170503440313, 0.00847511459142, -0.00629608053714, 0.00283477618359, -0.00516037084162, 0.00277515221387, -0.000439334340626, -0.0018977324944, 0.00317963166162, 0.00506800692528, -0.0167139135301, 0.0295236911625, -0.0143027994782], [0.00114104244858, -0.00521709956229, 0.00510117737576, -0.00424447935075, 0.00363431172445, -0.0014362949878, 0.00134644890204, 0.0013312229421, -0.00386099121533, -0.00198973156512, 0.006293438375, -0.0143027994782, 0.0251461770386]], "mean": [-29.1841926575, 130.520965576, -154.190353394, 13.0458564758, -63.0296630859, 2.51475572586, -37.6084823608, 2.46057891846, -18.2089977264, -4.10878610611, -8.34723567963, -7.68305063248, -5.26243972778]}, "hfc": {"dmean": 4.32942152023, "dmean2": 6.15674304962, "dvar": 23.8893642426, "dvar2": 40.6406745911, "max": 84.3141708374, "mean": 18.6020565033, "median": 15.6119766235, "min": 1.20731735258e-16, "var": 173.940063477}, "melbands": {"dmean": [0.000126145823742, 0.000265626993496, 0.000269382348051, 0.000328271795297, 0.000376216019504, 0.000325082655763, 0.000241571789957, 0.000287516566459, 0.000410747597925, 0.000217541848542, 0.000135528374813, 0.000115725124488, 5.80508058192e-05, 8.97834615898e-05, 7.85746087786e-05, 4.98298322782e-05, 4.44314027845e-05, 3.25481705659e-05, 2.58054897131e-05, 1.67500147654e-05, 1.46183811012e-05, 1.13606038212e-05, 1.04240780274e-05, 6.31451712252e-06, 3.84532950193e-06, 3.44006457453e-06, 1.65122230555e-06, 1.25584779198e-06, 8.59962653976e-07, 6.08697291682e-07, 3.999086573e-07, 2.84753042479e-07, 2.21288743774e-07, 1.41202491477e-07, 1.10068555159e-07, 7.27303799408e-08, 6.19400921664e-08, 5.14924423101e-08, 4.36797229497e-08, 3.44549775377e-08], "dmean2": [0.000201086440939, 0.000422856770456, 0.000454174150946, 0.000557493476663, 0.000616790843196, 0.000527086318471, 0.000392524292693, 0.000435857451521, 0.000627949892078, 0.000325359462295, 0.000206479511689, 0.000174626242369, 9.18336154427e-05, 0.000130581785925, 0.000116214330774, 7.66126104281e-05, 6.89122025506e-05, 5.13134182256e-05, 3.98386873712e-05, 2.64935079031e-05, 2.34844337683e-05, 1.81823488674e-05, 1.61387888511e-05, 9.93720186671e-06, 6.15801809545e-06, 5.57840439797e-06, 2.64726418209e-06, 1.98238058147e-06, 1.3726311181e-06, 9.71329427557e-07, 6.21539925305e-07, 4.37289685351e-07, 3.43247393175e-07, 2.15412043758e-07, 1.66959708281e-07, 1.1448380377e-07, 9.44788354218e-08, 7.86318210544e-08, 6.71843665145e-08, 5.1939483825e-08], "dvar": [4.0574185789e-08, 1.88110917065e-07, 2.25186454372e-07, 4.04285117384e-07, 4.51886762676e-07, 2.8628701898e-07, 2.76287323686e-07, 4.44585566584e-07, 8.81223229499e-07, 3.09162800249e-07, 1.133850418e-07, 7.72931727511e-08, 1.77363190801e-08, 4.67779237567e-08, 3.42162742584e-08, 1.14259162132e-08, 1.02519894796e-08, 5.32170263412e-09, 4.99096719508e-09, 1.15661047406e-09, 6.77270572957e-10, 4.26850610413e-10, 5.71694025453e-10, 1.42984027396e-10, 6.67886787542e-11, 4.73035222104e-11, 1.08724236211e-11, 5.88631704143e-12, 4.15470305729e-12, 1.45893074097e-12, 7.72068552753e-13, 3.83401914817e-13, 2.82816820093e-13, 1.41477853196e-13, 6.99402490675e-14, 2.28334434422e-14, 1.74500052673e-14, 1.05739493496e-14, 7.37598662161e-15, 5.74060528727e-15], "dvar2": [1.00272906423e-07, 4.34926135995e-07, 5.92559501911e-07, 1.04071943952e-06, 1.13741396035e-06, 6.94224638664e-07, 6.4568439484e-07, 9.20246861824e-07, 1.92847892322e-06, 6.28477437203e-07, 2.4185922598e-07, 1.48457289129e-07, 4.03699118579e-08, 8.13119740428e-08, 6.1963362441e-08, 2.42894699909e-08, 2.19171738536e-08, 1.14922809047e-08, 9.34905486361e-09, 2.7272215597e-09, 1.67748004376e-09, 1.04959207992e-09, 1.25440258181e-09, 3.17815940232e-10, 1.62486274435e-10, 1.14772490123e-10, 2.78323301905e-11, 1.34047573389e-11, 1.06851923143e-11, 3.63339198138e-12, 1.79446821985e-12, 7.91397763295e-13, 5.86749507488e-13, 2.53594318938e-13, 1.23335166407e-13, 5.14502550536e-14, 3.77418399539e-14, 2.29674694655e-14, 1.61038259686e-14, 1.22377151815e-14], "max": [0.00279688462615, 0.00631293654442, 0.00927763152868, 0.012223020196, 0.0122912060469, 0.00836022756994, 0.0154835181311, 0.0137280886993, 0.0153144719079, 0.0165604446083, 0.00696506118402, 0.00641043810174, 0.0028073170688, 0.00599414296448, 0.00430698599666, 0.0027458530385, 0.00313917943276, 0.00202904874459, 0.00419095950201, 0.000785201205872, 0.000416346330894, 0.000483095354866, 0.000742217293009, 0.000354252202669, 0.000205277465284, 0.00015989523672, 7.50235485611e-05, 9.45356296143e-05, 7.3951894592e-05, 2.51050350926e-05, 2.677813427e-05, 1.85175576917e-05, 1.88921330846e-05, 1.2190270354e-05, 8.95659013622e-06, 4.03627518608e-06, 4.5075912567e-06, 3.66869289792e-06, 1.80002109573e-06, 2.17478782361e-06], "mean": [0.000200496971956, 0.000434544374002, 0.000397342984797, 0.000449030223535, 0.000611287425272, 0.000549324671738, 0.000400463934056, 0.000527459487785, 0.000774056185037, 0.000436281057773, 0.000226250806008, 0.000214239291381, 9.65383587754e-05, 0.000174832661287, 0.000144893390825, 8.41470027808e-05, 7.60462426115e-05, 5.46406627109e-05, 4.71222265332e-05, 2.9847078622e-05, 2.59491989709e-05, 2.03812924155e-05, 1.82954372576e-05, 1.14249669423e-05, 6.79145341564e-06, 5.96901372774e-06, 3.40973292623e-06, 2.54213682638e-06, 1.80290896878e-06, 1.27619409795e-06, 8.12344580936e-07, 5.99681186486e-07, 4.47815125426e-07, 2.96917477272e-07, 2.23149143608e-07, 1.518860131e-07, 1.24007385693e-07, 1.02181530792e-07, 7.70184982457e-08, 6.13988149212e-08], "median": [8.48366398714e-05, 0.000202239883947, 0.000207255376154, 0.000207631586818, 0.000259967811871, 0.000257971783867, 0.000153941306053, 0.000138057526783, 0.000156792768394, 0.000101480829471, 8.82490130607e-05, 6.38758574496e-05, 3.75114541384e-05, 4.75696906506e-05, 4.91468381369e-05, 3.1842100725e-05, 2.56750026892e-05, 2.12994164031e-05, 1.57686918101e-05, 1.27525436255e-05, 1.17128429338e-05, 9.74864906311e-06, 8.72670443641e-06, 5.36248080607e-06, 3.40243855135e-06, 3.0536111808e-06, 1.67812390828e-06, 1.23290510601e-06, 8.69212726684e-07, 6.10847621374e-07, 3.85306577755e-07, 2.82643782157e-07, 2.10625614727e-07, 1.30851390168e-07, 1.04796946232e-07, 7.36873460028e-08, 5.89118762662e-08, 4.85124687089e-08, 3.12934602675e-08, 2.2427956381e-08], "min": [6.83501273808e-24, 6.32987117945e-24, 1.65782937319e-23, 1.65810752554e-23, 2.01884304677e-23, 4.72219750373e-24, 8.5400835199e-24, 8.69857514209e-24, 2.93608960492e-24, 2.99671967916e-24, 5.67808353398e-24, 9.33242014627e-24, 2.31034860826e-23, 1.75741769822e-23, 7.75940073568e-24, 1.50196246873e-24, 7.07555772733e-24, 9.87564475396e-24, 7.90467026024e-24, 7.70371346666e-24, 8.31330888661e-24, 8.0267811952e-24, 1.50613142112e-23, 1.84217717373e-23, 1.90753713962e-23, 1.19718808931e-23, 1.0787904804e-23, 8.9163638608e-24, 1.06450689153e-23, 6.36958401514e-24, 7.9571121555e-24, 7.25289444769e-24, 6.67242613894e-24, 8.7212288607e-24, 7.69516773648e-24, 1.29153932456e-23, 9.7985754101e-24, 8.73540469117e-24, 1.13708532914e-23, 8.29859899732e-24], "var": [8.7060762155e-08, 3.83532693604e-07, 3.65075578657e-07, 5.85634779782e-07, 9.50070329964e-07, 7.06397145223e-07, 5.83991266012e-07, 1.58946591e-06, 2.46200488618e-06, 1.42392093494e-06, 2.2257938781e-07, 2.66568434881e-07, 3.99767792203e-08, 2.20938488837e-07, 1.10273241205e-07, 2.6992291069e-08, 2.68933959546e-08, 1.12508296013e-08, 2.10391402078e-08, 2.55043963726e-09, 1.54359924842e-09, 9.12602104997e-10, 1.23289412013e-09, 3.50168977148e-10, 1.31797753267e-10, 8.67234339896e-11, 2.84544002943e-11, 1.66542057922e-11, 1.18356513826e-11, 4.11155397922e-12, 1.76358081784e-12, 1.04316110871e-12, 6.84932091512e-13, 3.88609066801e-13, 1.93544073997e-13, 6.02346338498e-14, 4.25962433728e-14, 2.93806964164e-14, 1.67965617001e-14, 1.41234341388e-14]}, "melbands_crest": {"dmean": 3.27858829498, "dmean2": 5.40427875519, "dvar": 8.65879631042, "dvar2": 21.9561500549, "max": 34.0360984802, "mean": 12.224442482, "median": 11.2863225937, "min": 2.31658911705, "var": 27.2648181915}, "melbands_flatness_db": {"dmean": 0.0208080317825, "dmean2": 0.0316219329834, "dvar": 0.000373899092665, "dvar2": 0.000794348539785, "max": 0.442815572023, "mean": 0.214460715652, "median": 0.216233670712, "min": 0.00909970141947, "var": 0.00332447583787}, "melbands_kurtosis": {"dmean": 2.86592435837, "dmean2": 4.62311935425, "dvar": 17.3493709564, "dvar2": 42.8017082214, "max": 79.7638549805, "mean": 4.72340536118, "median": 2.76036548615, "min": -1.55984318256, "var": 42.9411354065}, "melbands_skewness": {"dmean": 0.516360342503, "dmean2": 0.807625174522, "dvar": 0.232878386974, "dvar2": 0.564988493919, "max": 6.42249011993, "mean": 1.30611860752, "median": 1.2464338541, "min": -1.57940244675, "var": 1.05472326279}, "melbands_spread": {"dmean": 4.8373336792, "dmean2": 7.60118103027, "dvar": 24.2636146545, "dvar2": 56.1339530945, "max": 131.459960938, "mean": 18.8354263306, "median": 16.4893493652, "min": 1.19941926003, "var": 116.769851685}, "mfcc": {"cov": [[2137.33105469, -623.648681641, -325.150604248, 31.2168941498, -16.9987030029, 51.7687263489, 71.5008239746, 53.4214477539, 54.618221283, -4.19325351715, 11.6933422089, -33.0233230591, -16.5252342224], [-623.648681641, 796.581604004, 248.725997925, 70.3215789795, 30.8967132568, -49.8171577454, 1.6485710144, 10.5941066742, -17.3213272095, 0.33908239007, 27.4492816925, 18.5685272217, -15.9479084015], [-325.150604248, 248.725997925, 611.112365723, 184.122909546, 45.139957428, 18.3459033966, 14.5216464996, -31.6693763733, 0.251564830542, -16.833278656, 8.64586734772, 7.96357822418, 5.51178598404], [31.2168941498, 70.3215789795, 184.122909546, 259.524475098, 110.528076172, 5.02504062653, -22.5924491882, -20.3175048828, 16.5796051025, -0.630688309669, -15.4741039276, -4.56542110443, 13.6835803986], [-16.9987030029, 30.8967132568, 45.139957428, 110.528076172, 184.477981567, 30.9977493286, -39.418006897, -18.165594101, 15.5223693848, 8.34670066833, -16.7724475861, -4.16290235519, 3.16084766388], [51.7687263489, -49.8171577454, 18.3459033966, 5.02504062653, 30.9977493286, 122.733375549, 64.1387176514, 9.96163463593, 15.023349762, 16.4858207703, 5.35330200195, 4.35294008255, 1.51475119591], [71.5008239746, 1.6485710144, 14.5216464996, -22.5924491882, -39.418006897, 64.1387176514, 148.221908569, 66.2204208374, 1.16800618172, 7.39089441299, 20.2797794342, 4.65675973892, 5.34707736969], [53.4214477539, 10.5941066742, -31.6693763733, -20.3175048828, -18.165594101, 9.96163463593, 66.2204208374, 97.610710144, 26.91015625, -2.10191130638, 9.08950805664, 7.37633037567, 6.02803325653], [54.618221283, -17.3213272095, 0.251564830542, 16.5796051025, 15.5223693848, 15.023349762, 1.16800618172, 26.91015625, 77.888671875, 31.4383926392, 1.37989592552, 4.94740867615, 1.67487049103], [-4.19325351715, 0.33908239007, -16.833278656, -0.630688309669, 8.34670066833, 16.4858207703, 7.39089441299, -2.10191130638, 31.4383926392, 83.2774047852, 30.9320602417, -11.6936807632, -9.32657051086], [11.6933422089, 27.4492816925, 8.64586734772, -15.4741039276, -16.7724475861, 5.35330200195, 20.2797794342, 9.08950805664, 1.37989592552, 30.9320602417, 71.6811828613, 19.3444385529, -13.8063831329], [-33.0233230591, 18.5685272217, 7.96357822418, -4.56542110443, -4.16290235519, 4.35294008255, 4.65675973892, 7.37633037567, 4.94740867615, -11.6936807632, 19.3444385529, 64.8251266479, 23.965921402], [-16.5252342224, -15.9479084015, 5.51178598404, 13.6835803986, 3.16084766388, 1.51475119591, 5.34707736969, 6.02803325653, 1.67487049103, -9.32657051086, -13.8063831329, 23.965921402, 67.5097045898]], "icov": [[0.000726150698029, 0.000503190094605, 0.000386686471757, -0.000569139258005, 7.94674560893e-05, 9.28088848013e-05, -0.000509244040586, 0.000128887462779, -0.000676338095218, 0.000757375441026, -0.000752911786549, 0.000500474823639, 0.000193195912289], [0.000503190094605, 0.00196611182764, -0.000461209594505, -0.000290365074761, -0.000448098784545, 0.00112929905299, -0.000562283210456, -0.000576246820856, 0.000307324895402, -0.000146863007103, -0.000448639068054, -0.000492549617775, 0.000830959994346], [0.000386686471757, -0.000461209594505, 0.00280752545223, -0.00210791453719, 0.000623023603112, -0.000470393977594, -0.00106418074574, 0.00167392275762, -0.00127882452216, 0.00181613489985, -0.00138140656054, 0.000683454156388, -0.000142565026181], [-0.000569139258005, -0.000290365074761, -0.00210791453719, 0.00737811345607, -0.00398516375571, 0.00146141462028, -0.000533410522621, 0.000901262217667, -0.00093823595671, -0.000236681677052, 0.000755314715207, 0.00049128558021, -0.001445070724], [7.94674560893e-05, -0.000448098784545, 0.000623023603112, -0.00398516375571, 0.00942268967628, -0.00474078347906, 0.00452597253025, -0.00179210898932, 0.000684643571731, -0.0010587326251, 0.00125084572937, -0.000100808691059, 0.000265569135081], [9.28088848013e-05, 0.00112929905299, -0.000470393977594, 0.00146141462028, -0.00474078347906, 0.0150723261759, -0.00992738269269, 0.00516742281616, -0.00329751800746, -0.000853836245369, 0.000999446609057, -0.00190908915829, 0.00108632538468], [-0.000509244040586, -0.000562283210456, -0.00106418074574, -0.000533410522621, 0.00452597253025, -0.00992738269269, 0.0183161254972, -0.0124404383823, 0.00652846228331, -0.00284811435267, -0.000887485512067, 0.000830967677757, -0.00142347253859], [0.000128887462779, -0.000576246820856, 0.00167392275762, 0.000901262217667, -0.00179210898932, 0.00516742281616, -0.0124404383823, 0.0220486167818, -0.0111869983375, 0.00666281022131, -0.00325931166299, 0.00158297654707, -0.00146986683831], [-0.000676338095218, 0.000307324895402, -0.00127882452216, -0.00093823595671, 0.000684643571731, -0.00329751800746, 0.00652846228331, -0.0111869983375, 0.0231191050261, -0.0125002097338, 0.00689930701628, -0.0060887564905, 0.00199736305512], [0.000757375441026, -0.000146863007103, 0.00181613489985, -0.000236681677052, -0.0010587326251, -0.000853836245369, -0.00284811435267, 0.00666281022131, -0.0125002097338, 0.0241800304502, -0.0141510497779, 0.0103312116116, -0.0031611956656], [-0.000752911786549, -0.000448639068054, -0.00138140656054, 0.000755314715207, 0.00125084572937, 0.000999446609057, -0.000887485512067, -0.00325931166299, 0.00689930701628, -0.0141510497779, 0.0266698282212, -0.0136216375977, 0.00811349321157], [0.000500474823639, -0.000492549617775, 0.000683454156388, 0.00049128558021, -0.000100808691059, -0.00190908915829, 0.000830967677757, 0.00158297654707, -0.0060887564905, 0.0103312116116, -0.0136216375977, 0.026023875922, -0.0107547258958], [0.000193195912289, 0.000830959994346, -0.000142565026181, -0.001445070724, 0.000265569135081, 0.00108632538468, -0.00142347253859, -0.00146986683831, 0.00199736305512, -0.0031611956656, 0.00811349321157, -0.0107547258958, 0.0205589346588]], "mean": [-659.640625, 155.701309204, -29.9752254486, 9.82811355591, -6.70591068268, -4.0558385849, -7.23988819122, -1.96003305912, -4.77321434021, -1.02902638912, -1.04639160633, 0.947588801384, -3.46517634392]}, "pitch_salience": {"dmean": 0.0700764656067, "dmean2": 0.114629276097, "dvar": 0.00371640198864, "dvar2": 0.00948332529515, "max": 0.8647159338, "mean": 0.594415307045, "median": 0.597930312157, "min": 0.0988553389907, "var": 0.0135422525927}, "silence_rate_20dB": {"dmean": 0, "dmean2": 0, "dvar": 0, "dvar2": 0, "max": 1, "mean": 1, "median": 1, "min": 1, "var": 0}, "silence_rate_30dB": {"dmean": 0.000334224605467, "dmean2": 0.000668560911436, "dvar": 0.000334114098223, "dvar2": 0.00100239913445, "max": 1, "mean": 0.999832928181, "median": 1, "min": 0, "var": 0.000167052043253}, "silence_rate_60dB": {"dmean": 0.00668449187651, "dmean2": 0.01320407819, "dvar": 0.00663948943838, "dvar2": 0.0160391051322, "max": 1, "mean": 0.0138680031523, "median": 0, "min": 0, "var": 0.0136741390452}, "spectral_centroid": {"dmean": 172.174987793, "dmean2": 262.246459961, "dvar": 43811.5585938, "dvar2": 78777.6796875, "max": 11294.5673828, "mean": 1079.71435547, "median": 967.294799805, "min": 240.516616821, "var": 235489.625}, "spectral_complexity": {"dmean": 2.74615645409, "dmean2": 4.34698295593, "dvar": 6.17633628845, "dvar2": 13.8598423004, "max": 41, "mean": 18.1393489838, "median": 17, "min": 0, "var": 43.2784194946}, "spectral_contrast_coeffs": {"dmean": [0.0573776811361, 0.0536291748285, 0.0418865159154, 0.0324034392834, 0.023964015767, 0.0163852348924], "dmean2": [0.096324801445, 0.088615976274, 0.0673670843244, 0.0516134537756, 0.0380726382136, 0.0260277781636], "dvar": [0.00222256756388, 0.00183990236837, 0.00111823051702, 0.000670149107464, 0.00039357462083, 0.000177288442501], "dvar2": [0.00611897278577, 0.00483388034627, 0.00273104710504, 0.00155036302749, 0.000888374401256, 0.000417674600612], "max": [-0.358285427094, -0.400807917118, -0.45167440176, -0.51948428154, -0.631128311157, -0.669004619122], "mean": [-0.629792690277, -0.70289427042, -0.743012487888, -0.764171242714, -0.776162028313, -0.764016985893], "median": [-0.636575222015, -0.710288882256, -0.755627453327, -0.770732223988, -0.777993559837, -0.763361513615], "min": [-0.975941956043, -0.965239465237, -0.959229886532, -0.96473544836, -0.964158594608, -0.959167063236], "var": [0.00624713301659, 0.00841252505779, 0.00628723949194, 0.00351472990587, 0.00171454681549, 0.000854815123603]}, "spectral_contrast_valleys": {"dmean": [0.426248639822, 0.34303021431, 0.28788626194, 0.249050378799, 0.215875223279, 0.242610812187], "dmean2": [0.714182436466, 0.576330065727, 0.477028489113, 0.40010073781, 0.318210095167, 0.333208113909], "dvar": [0.135207474232, 0.105388522148, 0.0797121077776, 0.0672878921032, 0.0642378404737, 0.0770378038287], "dvar2": [0.314474582672, 0.214982286096, 0.144447132945, 0.10608009249, 0.0817295759916, 0.105215415359], "max": [-5.8582367897, -4.56800413132, -5.29046392441, -5.59024763107, -6.40555906296, -8.8998260498], "mean": [-7.78629827499, -6.36996507645, -6.9880657196, -7.45423650742, -7.82124042511, -10.9186553955], "median": [-7.6501750946, -6.34708929062, -6.97497987747, -7.47126197815, -7.79751443863, -10.9416427612], "min": [-27.1351776123, -27.1868858337, -27.4432964325, -27.0774688721, -27.144493103, -27.324224472], "var": [0.709390163422, 0.30087697506, 0.334909081459, 0.388155788183, 0.371801733971, 0.407449156046]}, "spectral_decrease": {"dmean": 1.50742640592e-09, "dmean2": 2.29851404576e-09, "dvar": 3.01650828432e-18, "dvar2": 6.17269924997e-18, "max": 7.38740805275e-29, "mean": -6.01241012532e-09, "median": -5.10400610665e-09, "min": -2.59426915505e-08, "var": 1.55574640684e-17}, "spectral_energy": {"dmean": 0.00600305711851, "dmean2": 0.00911403074861, "dvar": 4.75606029795e-05, "dvar2": 9.60991819738e-05, "max": 0.104336448014, "mean": 0.0243795327842, "median": 0.0207595527172, "min": 1.06719126781e-20, "var": 0.000252885336522}, "spectral_energyband_high": {"dmean": 5.26205803908e-05, "dmean2": 7.61663613957e-05, "dvar": 1.0311459242e-08, "dvar2": 1.92356672812e-08, "max": 0.00266038090922, "mean": 0.000148073566379, "median": 7.9668177932e-05, "min": 7.42541941313e-21, "var": 4.52398580819e-08}, "spectral_energyband_low": {"dmean": 0.0011329613626, "dmean2": 0.00181832711678, "dvar": 3.07669847643e-06, "dvar2": 7.62509898777e-06, "max": 0.030410984531, "mean": 0.00203734147362, "median": 0.00108236109372, "min": 6.55400281316e-23, "var": 6.56883139527e-06}, "spectral_energyband_middle_high": {"dmean": 0.00226895324886, "dmean2": 0.00320933316834, "dvar": 1.04808741526e-05, "dvar2": 1.81066588993e-05, "max": 0.0646240711212, "mean": 0.00728299561888, "median": 0.00504164211452, "min": 1.73523105468e-21, "var": 6.23209416517e-05}, "spectral_energyband_middle_low": {"dmean": 0.0055212858133, "dmean2": 0.00852606538683, "dvar": 4.70309132652e-05, "dvar2": 0.00010366448987, "max": 0.102044194937, "mean": 0.0154088698328, "median": 0.0114351091906, "min": 2.72652189758e-22, "var": 0.00018235083553}, "spectral_entropy": {"dmean": 0.142968475819, "dmean2": 0.211361855268, "dvar": 0.0197327490896, "dvar2": 0.0388226397336, "max": 9.80035400391, "mean": 7.194272995, "median": 7.22969341278, "min": 5.39832353592, "var": 0.162636086345}, "spectral_flux": {"dmean": 0.0200726650655, "dmean2": 0.0318757072091, "dvar": 0.000469718972454, "dvar2": 0.0010761473095, "max": 0.267582297325, "mean": 0.0800462663174, "median": 0.0732683390379, "min": 1.03304947929e-10, "var": 0.00116631749552}, "spectral_kurtosis": {"dmean": 3.09087491035, "dmean2": 5.37897825241, "dvar": 9.39377880096, "dvar2": 27.8601322174, "max": 50.7817230225, "mean": 8.22863197327, "median": 7.12844800949, "min": -1.19542014599, "var": 20.8818511963}, "spectral_rms": {"dmean": 0.000605517358053, "dmean2": 0.00091620819876, "dvar": 3.85327837193e-07, "dvar2": 7.58215605856e-07, "max": 0.0100891850889, "mean": 0.00462029175833, "median": 0.00450035789981, "min": 3.22670449387e-12, "var": 2.43788372245e-06}, "spectral_rolloff": {"dmean": 261.655426025, "dmean2": 439.700866699, "dvar": 161524.421875, "dvar2": 331846.03125, "max": 19078.4179688, "mean": 1258.09448242, "median": 1162.79296875, "min": 215.33203125, "var": 495531.53125}, "spectral_skewness": {"dmean": 0.296988457441, "dmean2": 0.495095312595, "dvar": 0.0717679932714, "dvar2": 0.194278135896, "max": 5.50557136536, "mean": 1.98852586746, "median": 1.89574992657, "min": -0.0198056716472, "var": 0.274233728647}, "spectral_spread": {"dmean": 304692.46875, "dmean2": 458378.125, "dvar": 298008248320, "dvar2": 345693061120, "max": 40448204, "mean": 2