{"lowlevel": {"average_loudness": 0.288504093885, "barkbands": {"dmean": [5.96403879172e-07, 0.00022043264471, 0.000211711972952, 0.000172760876012, 0.000542734400369, 0.000564704358112, 0.000488288933411, 0.000377722200938, 0.000692432513461, 0.000208897647099, 0.000219200752326, 0.00010321100126, 6.74716211506e-05, 0.000106661580503, 0.000131239561597, 7.53224667278e-05, 5.33006750629e-05, 7.36908696126e-05, 8.69191208039e-05, 0.000141135664308, 7.60958209867e-05, 2.70007130894e-05, 2.24795694521e-05, 3.25987093674e-05, 1.50100422616e-05, 1.24433336168e-06, 5.21631875472e-07], "dmean2": [9.73068608801e-07, 0.000287891394692, 0.000286133174086, 0.000230700214161, 0.000808481534477, 0.000784459640272, 0.000718078343198, 0.000593086180743, 0.00103640323505, 0.000288833223749, 0.000303149863612, 0.000163374352269, 0.000102790239907, 0.000151360349264, 0.00018294059555, 0.000101695710327, 7.39634560887e-05, 9.77735180641e-05, 0.000123011588585, 0.000187077050214, 0.000108964217361, 3.88135158573e-05, 2.94502715406e-05, 4.05355385737e-05, 2.07303983188e-05, 1.68787460098e-06, 7.22321146895e-07], "dvar": [4.16780976051e-12, 6.24788299319e-07, 4.87015597628e-07, 2.05330124459e-07, 1.87841692423e-06, 2.36600294556e-06, 3.36063681061e-06, 3.29418594447e-06, 8.31045326777e-06, 9.01714088286e-07, 1.46193360706e-06, 2.77198665799e-07, 1.64563843441e-07, 2.9114409017e-07, 4.61074534996e-07, 1.04599124029e-07, 4.48276367138e-08, 6.98412563338e-08, 1.24405715951e-07, 2.82528674234e-07, 1.84985992746e-07, 3.92524519555e-08, 2.0692063174e-08, 5.32761283978e-08, 1.01548991438e-08, 4.37577786505e-11, 1.24083018166e-11], "dvar2": [9.82586234599e-12, 1.180432605e-06, 9.35730838592e-07, 3.96239613565e-07, 4.30834688814e-06, 4.25216876465e-06, 6.72036367177e-06, 7.23658013158e-06, 1.61182815646e-05, 1.67549183061e-06, 2.91020569421e-06, 6.77126649862e-07, 4.03565053375e-07, 6.46837406748e-07, 8.53731478401e-07, 1.99070925078e-07, 8.80950210558e-08, 1.31396760139e-07, 2.30444612725e-07, 5.08587561399e-07, 3.39327641541e-07, 7.32501277412e-08, 2.84572880815e-08, 6.43043165383e-08, 1.85217565729e-08, 7.59816931595e-11, 1.9504948004e-11], "max": [5.89751907683e-05, 0.0130875827745, 0.013260114938, 0.0180368404835, 0.0379580631852, 0.0490911975503, 0.0502200312912, 0.0581266991794, 0.0817278847098, 0.0273672938347, 0.0417653173208, 0.0136423688382, 0.0112626524642, 0.0168360285461, 0.0307025518268, 0.00996660813689, 0.00867607817054, 0.0109362527728, 0.0145934531465, 0.0129295662045, 0.0166596975178, 0.00942951068282, 0.00834120530635, 0.0116978092119, 0.00330993067473, 0.000341449427651, 0.000170599189005], "mean": [9.05446256638e-07, 0.000555458536837, 0.000525586365256, 0.000423439778388, 0.00112636620179, 0.00132571824361, 0.000975980423391, 0.000556844403036, 0.00117573852185, 0.000355775235221, 0.00043461509631, 0.000162954791449, 0.000114285176096, 0.000199857575353, 0.000345039297827, 0.000129761567223, 0.000113962210889, 0.000165281700902, 0.000216524073039, 0.000320418621413, 0.000115669266961, 3.92502552131e-05, 3.90818386222e-05, 5.89162082179e-05, 2.51475921687e-05, 2.04808748094e-06, 8.41095470605e-07], "median": [1.24457628203e-07, 6.47470296826e-05, 6.7493521783e-05, 6.33010495221e-05, 0.000285644520773, 0.000254606478848, 0.000132061482873, 0.000116973445984, 8.47072515171e-05, 3.11400654027e-05, 1.505623095e-05, 9.26759094e-06, 5.21513720741e-06, 4.53550956081e-06, 5.80065352551e-06, 5.25339828528e-06, 5.77005357627e-06, 5.3964995459e-06, 5.76209731662e-06, 5.16270119988e-06, 2.57867623077e-06, 9.90881972029e-07, 8.15720227365e-07, 7.49968364744e-07, 3.12107658829e-07, 1.06228746688e-07, 3.91363599306e-08], "min": [6.37477412825e-25, 2.83723034514e-24, 1.6225685529e-24, 3.75250236472e-25, 8.59239051994e-24, 6.31094088431e-24, 3.63333200739e-24, 8.39180212441e-24, 9.84170559124e-24, 1.2981428792e-23, 7.55941108557e-24, 1.69031182537e-23, 2.39333709104e-23, 3.38784141247e-23, 3.45932167682e-23, 4.64832912077e-23, 5.68936897809e-23, 9.60531111476e-23, 1.42820313395e-22, 1.51305351779e-22, 2.24625530054e-22, 3.00475074071e-22, 3.2111927366e-22, 5.48839637574e-22, 8.19631882644e-22, 1.25577406875e-21, 1.97714180197e-21], "var": [8.23282934881e-12, 1.78607251655e-06, 1.60995602982e-06, 1.27191719912e-06, 7.18356704965e-06, 8.76162084751e-06, 1.10919581857e-05, 5.26446183358e-06, 2.21597492782e-05, 2.23588790504e-06, 5.11520011059e-06, 5.31606076493e-07, 2.93244909244e-07, 9.37053869166e-07, 3.61335560228e-06, 2.91163786414e-07, 2.14865494286e-07, 2.59792926727e-07, 6.89229409545e-07, 1.06722950477e-06, 4.07822113857e-07, 8.05803495041e-08, 6.1915727656e-08, 1.61742519822e-07, 2.15901039269e-08, 1.02577210614e-10, 2.84880747464e-11]}, "barkbands_crest": {"dmean": 2.39848971367, "dmean2": 3.8110640049, "dvar": 5.32790470123, "dvar2": 12.885219574, "max": 25.7910461426, "mean": 11.1965703964, "median": 10.4143199921, "min": 2.2667093277, "var": 19.5949001312}, "barkbands_flatness_db": {"dmean": 0.0241512861103, "dmean2": 0.0354138724506, "dvar": 0.000677375530358, "dvar2": 0.00142904405948, "max": 0.406919598579, "mean": 0.198963075876, "median": 0.196021586657, "min": 0.0197491757572, "var": 0.00442185765132}, "barkbands_kurtosis": {"dmean": 4.41441488266, "dmean2": 6.85260725021, "dvar": 58.9184455872, "dvar2": 138.994415283, "max": 251.872848511, "mean": 9.28976631165, "median": 4.5623998642, "min": -1.88865232468, "var": 217.788635254}, "barkbands_skewness": {"dmean": 0.593836843967, "dmean2": 0.881032824516, "dvar": 0.425153493881, "dvar2": 0.900404155254, "max": 11.1651926041, "mean": 1.62581932545, "median": 1.45805418491, "min": -4.01052427292, "var": 2.57143473625}, "barkbands_spread": {"dmean": 3.81856536865, "dmean2": 5.85707521439, "dvar": 38.0124588013, "dvar2": 84.9946136475, "max": 103.441070557, "mean": 12.3582935333, "median": 7.97220182419, "min": 0.278675973415, "var": 133.44380188}, "dissonance": {"dmean": 0.0310246814042, "dmean2": 0.0514568947256, "dvar": 0.000919673242606, "dvar2": 0.0024672888685, "max": 0.499988079071, "mean": 0.428056895733, "median": 0.438426434994, "min": 0.204297587276, "var": 0.00245450390503}, "dynamic_complexity": 5.94664764404, "erbbands": {"dmean": [0.00296471943147, 0.0614051185548, 0.228552594781, 0.421327292919, 0.998812437057, 1.96966469288, 3.43244791031, 4.44255876541, 6.38279390335, 7.41096353531, 10.705997467, 16.0294036865, 7.68117904663, 7.69883012772, 5.95939874649, 4.4889087677, 2.91546869278, 4.72566652298, 5.27578353882, 6.4974899292, 3.8712785244, 2.61085557938, 3.52493047714, 4.62037420273, 3.53992629051, 6.43609523773, 4.92345476151, 1.59593880177, 0.996591925621, 0.780356585979, 0.665265500546, 0.566405773163, 0.624788761139, 0.267819643021, 0.0519475005567, 0.00856081023812, 0.00188582739793, 0.000566862698179, 0.000102548925497, 5.77448872718e-06], "dmean2": [0.00384952011518, 0.080183044076, 0.30227252841, 0.522375047207, 1.52585494518, 2.97986555099, 4.82386684418, 6.36946630478, 9.15407752991, 11.4207868576, 16.5904445648, 23.8966388702, 11.3287124634, 9.9792842865, 8.25110816956, 6.97094964981, 4.40819978714, 6.82562112808, 6.93261861801, 8.87897872925, 5.12821483612, 3.42770719528, 4.61174058914, 6.12785673141, 4.85247182846, 8.43667984009, 6.85381698608, 2.18689489365, 1.43305528164, 1.13011217117, 0.881088197231, 0.759580612183, 0.774589896202, 0.357078701258, 0.0721084699035, 0.011716062203, 0.00256661954336, 0.000769311620388, 0.000143904253491, 7.62171703172e-06], "dvar": [0.000101552526758, 0.0486111082137, 0.604182422161, 1.26538491249, 6.6910367012, 29.8659610748, 122.334938049, 159.287887573, 688.960266113, 832.201782227, 2121.67797852, 5106.61523438, 1268.74267578, 1460.27294922, 1034.0357666, 473.893676758, 320.805999756, 557.163208008, 799.912841797, 1086.48571777, 295.069854736, 108.432281494, 183.854293823, 302.506622314, 192.633834839, 613.447265625, 598.212402344, 100.966705322, 54.2836380005, 43.3894996643, 17.3538646698, 13.3936052322, 22.6181030273, 3.48692083359, 0.124472685158, 0.00264062033966, 8.84645050974e-05, 1.31189253807e-05, 5.10017969191e-07, 3.76763981125e-10], "dvar2": [0.00018191417621, 0.0905354246497, 1.07674062252, 2.07026457787, 15.7702236176, 70.4113693237, 247.404495239, 299.262481689, 1349.58654785, 2042.21191406, 4706.07519531, 10383.2109375, 2754.97216797, 2551.95727539, 2129.27246094, 1142.02355957, 799.323059082, 1228.19897461, 1408.28405762, 2033.32788086, 542.268371582, 198.573471069, 345.830078125, 499.948791504, 383.408203125, 1054.63366699, 1086.30847168, 176.590606689, 107.83795929, 78.583656311, 23.0860805511, 18.9155082703, 31.3346748352, 6.1229019165, 0.223714381456, 0.00468403287232, 0.000156053589308, 2.11024689634e-05, 7.90022454566e-07, 5.96237392791e-10], "max": [0.18989546597, 3.64908742905, 14.3360671997, 32.246421814, 79.6014099121, 148.358322144, 589.798828125, 474.802093506, 987.744995117, 1017.54370117, 1353.9017334, 2043.39978027, 1345.4864502, 1395.97131348, 1365.73059082, 603.748596191, 584.320007324, 844.423278809, 1742.90136719, 1751.38293457, 616.091430664, 419.518981934, 601.968444824, 676.021606445, 538.747497559, 825.232910156, 955.559692383, 551.778686523, 350.822357178, 285.628082275, 271.107269287, 178.931533813, 224.162078857, 67.0334396362, 10.883980751, 2.83801174164, 0.332001179457, 0.184904828668, 0.0347965024412, 0.000807531818282], "mean": [0.00789663847536, 0.154625102878, 0.567450582981, 1.2135258913, 1.93633782864, 3.91642522812, 8.91997146606, 9.87977313995, 13.1152935028, 13.4463024139, 17.4612922668, 27.0901069641, 13.950252533, 14.9847946167, 12.3894300461, 7.75632667542, 5.24154853821, 9.68631076813, 10.6830272675, 18.3987579346, 7.73764944077, 6.21367645264, 8.72253704071, 11.4775419235, 9.00562000275, 14.828953743, 10.063000679, 2.51949620247, 1.40233790874, 1.2043170929, 1.17413842678, 1.03084170818, 1.07197833061, 0.461596637964, 0.08439976722, 0.0138292582706, 0.0031970271375, 0.000908972986508, 0.0001697128464, 1.71065312315e-05], "median": [0.00082510226639, 0.0181361492723, 0.0776238813996, 0.183340460062, 0.530204176903, 0.942527353764, 1.90241575241, 1.96502113342, 1.97695052624, 3.23246216774, 3.44124317169, 2.40751791, 1.32585597038, 1.03561007977, 0.718216955662, 0.427828371525, 0.259394645691, 0.297308951616, 0.272679835558, 0.311267018318, 0.360670566559, 0.301145136356, 0.304209798574, 0.313893705606, 0.279043138027, 0.26285341382, 0.163423195481, 0.0723047927022, 0.0387903042138, 0.0274802334607, 0.0232833046466, 0.0174334105104, 0.0102158309892, 0.00466466322541, 0.00158557505347, 0.000565906986594, 0.000175651613972, 4.4503074605e-05, 9.32729562919e-06, 5.28353257323e-06], "min": [5.95597682724e-23, 5.21506528598e-22, 2.45256325319e-21, 2.86082858427e-21, 7.8088992142e-21, 2.24325242893e-20, 3.31846185569e-20, 6.56086574653e-20, 1.26147292312e-19, 1.99341286467e-19, 2.82885507284e-19, 3.32215095198e-19, 4.00657001357e-19, 6.65418671227e-19, 7.69831456902e-19, 1.09118967731e-18, 1.31682024999e-18, 2.09137087568e-18, 3.02245840126e-18, 3.14431926949e-18, 3.05550757546e-18, 4.3344210331e-18, 5.81549701887e-18, 6.20403450593e-18, 6.83275132848e-18, 7.61005584522e-18, 8.41313241473e-18, 1.10523472848e-17, 1.02390641338e-17, 1.14244164331e-17, 1.06570045829e-17, 1.0448653503e-17, 1.01539960524e-17, 8.3155399917e-18, 5.84472751376e-18, 4.01441215107e-18, 2.35583768151e-18, 9.18093241944e-19, 2.28575258106e-19, 2.72588517449e-20], "var": [0.000393699330743, 0.140995189548, 2.00096917152, 10.2850961685, 17.0675468445, 93.8804321289, 780.597900391, 480.411895752, 2213.3046875, 1648.11694336, 4075.39941406, 12601.4833984, 3013.59960938, 4622.19970703, 3321.65185547, 1000.7255249, 548.506958008, 2340.82592773, 2853.53149414, 10634.9931641, 887.76550293, 582.735656738, 727.14251709, 1405.46655273, 976.368408203, 2396.41040039, 1619.52636719, 229.694839478, 97.8123168945, 96.1030502319, 51.5847969055, 38.1258049011, 61.7762413025, 7.66321468353, 0.262359976768, 0.00574121112004, 0.000206279408303, 2.95049067063e-05, 1.16487740343e-06, 1.24080890007e-09]}, "erbbands_crest": {"dmean": 3.08922600746, "dmean2": 4.90437269211, "dvar": 8.4433889389, "dvar2": 21.2586364746, "max": 32.7766571045, "mean": 12.9059267044, "median": 11.8139657974, "min": 2.41157722473, "var": 34.6359825134}, "erbbands_flatness_db": {"dmean": 0.0220305565745, "dmean2": 0.0322423875332, "dvar": 0.000536044302862, "dvar2": 0.00115162704606, "max": 0.413162648678, "mean": 0.213614657521, "median": 0.211872637272, "min": 0.0492889136076, "var": 0.0027680597268}, "erbbands_kurtosis": {"dmean": 2.7110080719, "dmean2": 4.24920463562, "dvar": 17.9919548035, "dvar2": 42.944065094, "max": 104.294906616, "mean": 4.6514339447, "median": 1.83159804344, "min": -1.86800730228, "var": 65.3767089844}, "erbbands_skewness": {"dmean": 0.49415192008, "dmean2": 0.74717181921, "dvar": 0.274178057909, "dvar2": 0.606516838074, "max": 7.56306791306, "mean": 1.12735795975, "median": 1.05387735367, "min": -4.83937215805, "var": 1.62949955463}, "erbbands_spread": {"dmean": 7.61012411118, "dmean2": 11.8310461044, "dvar": 109.904510498, "dvar2": 264.091125488, "max": 129.429946899, "mean": 25.4300765991, "median": 21.8255939484, "min": 1.19085550308, "var": 302.902313232}, "gfcc": {"cov": [[31151.4609375, -142.970001221, -4110.50390625, 954.962768555, -1935.95715332, -147.406494141, -1227.30200195, 291.319915771, -782.954833984, 38.5380935669, 15.2427768707, -448.511352539, 208.042373657], [-142.970001221, 2334.84985352, 521.049621582, -203.66633606, 312.037994385, -106.206176758, 184.463317871, -8.51257228851, 94.7919464111, -79.8953323364, 11.2764549255, 2.88477468491, -128.076629639], [-4110.50390625, 521.049621582, 1519.21887207, 126.962738037, 225.120056152, 101.300567627, 159.527618408, -100.271865845, 212.61529541, 37.3401145935, 3.87561154366, 68.4540176392, -81.7462387085], [954.962768555, -203.66633606, 126.962738037, 458.86907959, -8.75767421722, 47.358959198, -63.3408546448, -3.62235617638, 47.6330566406, 20.5092868805, -37.8351097107, 5.87819385529, 12.813908577], [-1935.95715332, 312.037994385, 225.120056152, -8.75767421722, 464.643493652, 85.6006698608, 170.59223938, 42.4245834351, 61.0370292664, -25.5118408203, -7.7774348259, 10.011888504, 2.52830576897], [-147.406494141, -106.206176758, 101.300567627, 47.358959198, 85.6006698608, 313.614196777, 169.251800537, 22.3956737518, 12.7560110092, 7.09675693512, -19.4979457855, -5.83478593826, -11.5921401978], [-1227.30200195, 184.463317871, 159.527618408, -63.3408546448, 170.59223938, 169.251800537, 308.003753662, 70.1797103882, 37.3170585632, -17.6695384979, -44.8843002319, -5.64431619644, -25.9696331024], [291.319915771, -8.51257228851, -100.271865845, -3.62235617638, 42.4245834351, 22.3956737518, 70.1797103882, 166.791503906, 38.1629371643, -14.4064006805, -23.9003353119, -27.4591846466, 10.9209289551], [-782.954833984, 94.7919464111, 212.61529541, 47.6330566406, 61.0370292664, 12.7560110092, 37.3170585632, 38.1629371643, 147.782745361, 23.4640216827, -17.4266643524, 23.9242343903, -16.6321125031], [38.5380935669, -79.8953323364, 37.3401145935, 20.5092868805, -25.5118408203, 7.09675693512, -17.6695384979, -14.4064006805, 23.4640216827, 107.168815613, 58.5712280273, 5.09365415573, -2.56965446472], [15.2427768707, 11.2764549255, 3.87561154366, -37.8351097107, -7.7774348259, -19.4979457855, -44.8843002319, -23.9003353119, -17.4266643524, 58.5712280273, 159.163665771, 23.8267345428, 11.237988472], [-448.511352539, 2.88477468491, 68.4540176392, 5.87819385529, 10.011888504, -5.83478593826, -5.64431619644, -27.4591846466, 23.9242343903, 5.09365415573, 23.8267345428, 116.377593994, 19.4063663483], [208.042373657, -128.076629639, -81.7462387085, 12.813908577, 2.52830576897, -11.5921401978, -25.9696331024, 10.9209289551, -16.6321125031, -2.56965446472, 11.237988472, 19.4063663483, 98.0836334229]], "icov": [[0.000185580836842, -0.000332882103976, 0.000415281509049, -0.000531371333636, 0.000622708525043, -0.00055164139485, 0.000602937594522, -0.000519158726092, 0.000532063073479, -0.000322310806951, 7.99303743406e-05, 0.000262592831859, -0.00025591335725], [-0.000332882103976, 0.00121999159455, -0.000868436356541, 0.00111117470078, -0.00139474624302, 0.00147360796109, -0.0014352427097, 0.00107364950236, -0.00117675226647, 0.00116020231508, -0.000477712339489, -0.000375457602786, 0.00110060116276], [0.000415281509049, -0.000868436356541, 0.0020626115147, -0.00150170596316, 0.00123439903837, -0.0012811885681, 0.000777678971644, 9.58887976594e-05, -0.000390939996578, -0.000576979538891, -0.000143148179632, 0.000553144025616, -0.000262057292275], [-0.000531371333636, 0.00111117470078, -0.00150170596316, 0.00432720966637, -0.00198178947903, 0.000676172436215, -0.000238343825913, 0.00114217214286, -0.00200558220968, 0.000318435428198, 0.000880675972439, -0.000801627000328, 0.000427822611528], [0.000622708525043, -0.00139474624302, 0.00123439903837, -0.00198178947903, 0.00521741062403, -0.00197990890592, 0.000536213221494, -0.00174238253385, 0.000976045033894, -0.000168385478901, -0.000419762916863, 0.00108340894803, -0.00189203687478], [-0.00055164139485, 0.00147360796109, -0.0012811885681, 0.000676172436215, -0.00197990890592, 0.00704475538805, -0.0053738723509, 0.0022001392208, -0.00124980206601, 0.000802766357083, -0.000719057454262, -0.000482288131025, 0.0011408990249], [0.000602937594522, -0.0014352427097, 0.000777678971644, -0.000238343825913, 0.000536213221494, -0.0053738723509, 0.00967775844038, -0.00458140252158, 0.00264044408686, -0.00191805709619, 0.00236254162155, 3.24317079503e-05, 7.02183824615e-05], [-0.000519158726092, 0.00107364950236, 9.58887976594e-05, 0.00114217214286, -0.00174238253385, 0.0022001392208, -0.00458140252158, 0.0109712323174, -0.00608329661191, 0.00272010196932, -0.00111846090294, 0.00199966598302, -0.000923598126974], [0.000532063073479, -0.00117675226647, -0.000390939996578, -0.00200558220968, 0.000976045033894, -0.00124980206601, 0.00264044408686, -0.00608329661191, 0.0138098364696, -0.00514454254881, 0.00299885054119, -0.00240646931343, 0.000814133614767], [-0.000322310806951, 0.00116020231508, -0.000576979538891, 0.000318435428198, -0.000168385478901, 0.000802766357083, -0.00191805709619, 0.00272010196932, -0.00514454254881, 0.01495366171, -0.00631684996188, 0.00119012594223, 0.000972341920715], [7.99303743406e-05, -0.000477712339489, -0.000143148179632, 0.000880675972439, -0.000419762916863, -0.000719057454262, 0.00236254162155, -0.00111846090294, 0.00299885054119, -0.00631684996188, 0.00992185156792, -0.00203720969148, -0.00074249174213], [0.000262592831859, -0.000375457602786, 0.000553144025616, -0.000801627000328, 0.00108340894803, -0.000482288131025, 3.24317079503e-05, 0.00199966598302, -0.00240646931343, 0.00119012594223, -0.00203720969148, 0.0110639948398, -0.0031130425632], [-0.00025591335725, 0.00110060116276, -0.000262057292275, 0.000427822611528, -0.00189203687478, 0.0011408990249, 7.02183824615e-05, -0.000923598126974, 0.000814133614767, 0.000972341920715, -0.00074249174213, -0.0031130425632, 0.0130706140772]], "mean": [-153.041534424, 115.120765686, -107.847991943, 17.9766902924, -68.8355484009, -11.8281059265, -34.074256897, 6.90152740479, -21.0913448334, -5.07790994644, -11.2206249237, -9.20561313629, -6.91409540176]}, "hfc": {"dmean": 2.78100562096, "dmean2": 3.4637491703, "dvar": 56.7352828979, "dvar2": 84.7101516724, "max": 235.879882813, "mean": 9.42131137848, "median": 1.71462082863, "min": 1.08607173302e-16, "var": 370.426422119}, "melbands": {"dmean": [4.45359437435e-05, 0.000106653271359, 8.42693261802e-05, 0.000102004851215, 0.000113727648568, 0.000103607875644, 9.79943506536e-05, 7.81976559665e-05, 9.94723886834e-05, 9.63001803029e-05, 3.71066562366e-05, 3.07038208121e-05, 2.68718922598e-05, 1.28574702103e-05, 9.24103915168e-06, 5.99431132287e-06, 1.00489132819e-05, 8.85895133251e-06, 1.06530969788e-05, 6.20045238975e-06, 4.72314241051e-06, 2.69470410785e-06, 3.38481140716e-06, 3.9256715354e-06, 4.1152607082e-06, 3.40578276337e-06, 2.56304474533e-06, 5.2154491641e-06, 4.27206668974e-06, 1.43250883866e-06, 8.15048679215e-07, 5.92523917931e-07, 5.15400074619e-07, 4.19126848783e-07, 4.10517856153e-07, 3.41433491258e-07, 3.66032338661e-07, 4.49435191285e-07, 4.0251566702e-07, 1.82900194545e-07], "dmean2": [5.77684149903e-05, 0.000137268434628, 0.000114233480417, 0.000154779307195, 0.000161206102348, 0.000146401347592, 0.00014018107322, 0.000121079923701, 0.000151377127622, 0.000144879362779, 5.44810536667e-05, 3.94332491851e-05, 3.66662025044e-05, 2.01349921554e-05, 1.34398642331e-05, 9.03156069398e-06, 1.45281710502e-05, 1.18641464724e-05, 1.46807115016e-05, 8.62584420247e-06, 6.46070475341e-06, 3.6762792206e-06, 4.56698853668e-06, 5.24697088622e-06, 5.49362084712e-06, 4.79559503219e-06, 3.63118238056e-06, 6.76407989886e-06, 5.98283213549e-06, 2.10907478504e-06, 1.13650378353e-06, 8.66417394718e-07, 7.58972760195e-07, 6.13528527538e-07, 5.49772153136e-07, 4.6565750722e-07, 4.95877998219e-07, 5.70945076106e-07, 5.37716232429e-07, 2.5648066071e-07], "dvar": [2.44190516696e-08, 1.27102964598e-07, 3.94403123494e-08, 6.07034706945e-08, 1.13938163793e-07, 7.84755087579e-08, 1.36776776571e-07, 8.66595613047e-08, 1.56371100957e-07, 1.93925970393e-07, 3.13772261507e-08, 2.30533458989e-08, 2.2356820395e-08, 4.13011447264e-09, 2.62673238716e-09, 1.53707679917e-09, 2.69753197557e-09, 2.55766763324e-09, 3.56647733568e-09, 6.94427904069e-10, 5.2415388696e-10, 1.30337893256e-10, 1.88496107612e-10, 2.93112173422e-10, 2.72465550122e-10, 2.13762021972e-10, 1.29186855657e-10, 4.27258173286e-10, 4.50269488361e-10, 8.88068091287e-11, 2.73885549656e-11, 1.81744185673e-11, 2.28608069974e-11, 1.16238277684e-11, 6.41734798981e-12, 4.26714349619e-12, 6.10113739044e-12, 1.27415716866e-11, 9.51498515395e-12, 1.60821302022e-12], "dvar2": [4.68749306037e-08, 2.19831022719e-07, 8.06874993486e-08, 1.34575188326e-07, 2.49476869385e-07, 1.40794753634e-07, 2.58745814108e-07, 1.99226263931e-07, 3.26858042854e-07, 3.98972019866e-07, 6.83078837938e-08, 3.81757061518e-08, 4.43022045715e-08, 1.06457545002e-08, 5.51017986794e-09, 3.77557318743e-09, 5.96850258106e-09, 4.52855886124e-09, 6.50976383909e-09, 1.31631738842e-09, 9.78271019747e-10, 2.47038722812e-10, 3.13565645671e-10, 6.13123829485e-10, 4.57820087396e-10, 4.46088388451e-10, 2.66631605683e-10, 7.12765402255e-10, 8.01361921265e-10, 1.78248110716e-10, 4.82725942552e-11, 3.94284362104e-11, 4.3504051056e-11, 2.16874955494e-11, 8.91014172166e-12, 6.84699909617e-12, 8.96183561389e-12, 1.8242046762e-11, 1.66260269441e-11, 3.00632283824e-12], "max": [0.00260441424325, 0.00634368415922, 0.00608512479812, 0.00833194516599, 0.0163011215627, 0.0108186062425, 0.0126678422093, 0.00984379369766, 0.0120789520442, 0.0130830118433, 0.00652560545132, 0.00563436094671, 0.00641667004675, 0.00181610090658, 0.00207963748835, 0.00134541152511, 0.0019261778798, 0.0029913126491, 0.00290257320739, 0.000771572871599, 0.000979011994787, 0.00044455844909, 0.000538038322702, 0.00083757849643, 0.000660024001263, 0.000544542795978, 0.000415436748881, 0.000568487215787, 0.000986641389318, 0.000380850193324, 0.000307950482238, 0.000162358046509, 0.000241840971285, 0.000147563026985, 0.000164142111316, 0.000113393078209, 0.000106966559542, 0.000171559440787, 0.000144320947584, 4.04356687795e-05], "mean": [0.000115040696983, 0.000275808037259, 0.000220916728722, 0.000197544475668, 0.00029168598121, 0.000234293518588, 0.000205127798836, 0.000136456641485, 0.000163059288752, 0.000162511772942, 6.49089197395e-05, 5.81446365686e-05, 5.40276050742e-05, 2.11247170228e-05, 1.56105215865e-05, 9.36914238991e-06, 1.95835873456e-05, 1.52521888594e-05, 2.69679458142e-05, 1.4401091903e-05, 8.37929474073e-06, 5.49741071154e-06, 7.87936096458e-06, 8.45867816679e-06, 9.47309126786e-06, 8.31758370623e-06, 5.62595141673e-06, 1.13944379336e-05, 8.67582002684e-06, 2.13429802898e-06, 1.1538892295e-06, 7.87614453657e-07, 7.06075070411e-07, 6.34884088413e-07, 7.01795727309e-07, 5.84392807923e-07, 6.46278181193e-07, 7.51434470203e-07, 6.66146490857e-07, 3.0468896739e-07], "median": [1.32628456413e-05, 3.72941831301e-05, 4.35825895693e-05, 5.39113862033e-05, 6.41613296466e-05, 4.39505201939e-05, 2.9542541597e-05, 3.36730045092e-05, 2.45441642619e-05, 1.20917593449e-05, 4.95979338666e-06, 3.72956696992e-06, 2.37822109739e-06, 1.23857523704e-06, 7.04171043253e-07, 4.72824098097e-07, 4.96724396726e-07, 3.75866733293e-07, 3.91554550561e-07, 3.75770554228e-07, 4.2056132088e-07, 3.03746389818e-07, 2.53837811215e-07, 2.73169177945e-07, 2.25644882335e-07, 2.21870806172e-07, 1.55427386517e-07, 1.62500043643e-07, 1.0319495658e-07, 5.15936200429e-08, 3.18129842469e-08, 2.01386640697e-08, 1.54007633313e-08, 1.26719266191e-08, 1.22934187274e-08, 1.22080825449e-08, 9.44309785922e-09, 7.18900095009e-09, 5.05467490086e-09, 3.21277093818e-09], "min": [8.35231332521e-25, 1.60082616585e-24, 6.62053979897e-25, 1.95887376187e-24, 1.26196189211e-24, 1.1752954637e-24, 1.75218983811e-24, 2.10811184842e-24, 1.98484621831e-24, 2.14868769794e-24, 1.94721242553e-24, 1.71643432316e-24, 1.51233372165e-24, 2.17241387296e-24, 2.23478318828e-24, 2.86856547802e-24, 3.34628800652e-24, 3.56228995528e-24, 2.35692764983e-24, 2.37858129003e-24, 3.03607752744e-24, 2.94250324129e-24, 4.06364143169e-24, 4.14025165851e-24, 3.84037880716e-24, 3.91843659373e-24, 3.52343658355e-24, 4.81152614049e-24, 4.83652277599e-24, 5.01599257623e-24, 5.60008925071e-24, 5.13750752678e-24, 5.13543834463e-24, 5.2741879338e-24, 4.53804660288e-24, 5.86365556776e-24, 5.87436908771e-24, 5.80958112486e-24, 5.90529835165e-24, 6.84997821832e-24], "var": [7.25367712562e-08, 4.3144581241e-07, 2.34965881418e-07, 1.65896835824e-07, 7.33361844141e-07, 2.65285422074e-07, 4.92447668421e-07, 1.63815926157e-07, 3.70468484334e-07, 4.7308768103e-07, 7.30233935542e-08, 7.50637809688e-08, 7.68582211208e-08, 8.57260573639e-09, 5.42248512758e-09, 2.00443972531e-09, 1.09816573612e-08, 7.87255149959e-09, 2.60705341759e-08, 3.96532051639e-09, 1.33569566518e-09, 4.66068961202e-10, 1.00122377056e-09, 8.09810385416e-10, 1.12271258956e-09, 1.23124799245e-09, 4.44346642814e-10, 1.58208290912e-09, 1.37545985712e-09, 1.54958171295e-10, 6.40780137284e-11, 2.85956831131e-11, 4.15904186091e-11, 2.55382902326e-11, 1.83143413629e-11, 1.15363387246e-11, 1.65262525886e-11, 3.44753635362e-11, 2.01021473772e-11, 3.31985784349e-12]}, "melbands_crest": {"dmean": 2.81844973564, "dmean2": 4.37510061264, "dvar": 6.83588171005, "dvar2": 16.6964244843, "max": 33.874835968, "mean": 14.0735054016, "median": 13.1160335541, "min": 1.55284523964, "var": 32.4437599182}, "melbands_flatness_db": {"dmean": 0.0286500249058, "dmean2": 0.0409302152693, "dvar": 0.0011043054983, "dvar2": 0.0022378989961, "max": 0.536523282528, "mean": 0.259753167629, "median": 0.265103399754, "min": 0.00149578950368, "var": 0.00923926755786}, "melbands_kurtosis": {"dmean": 6.33047771454, "dmean2": 9.83573818207, "dvar": 120.097038269, "dvar2": 284.802307129, "max": 225.245071411, "mean": 12.8874855042, "median": 6.98061418533, "min": -1.91369211674, "var": 306.244689941}, "melbands_skewness": {"dmean": 0.676378428936, "dmean2": 1.01845312119, "dvar": 0.573273301125, "dvar2": 1.28291869164, "max": 10.7364044189, "mean": 2.01918625832, "median": 1.79226005077, "min": -2.25684976578, "var": 2.66484880447}, "melbands_spread": {"dmean": 5.48350381851, "dmean2": 8.12000370026, "dvar": 155.141372681, "dvar2": 265.680358887, "max": 240.456634521, "mean": 19.1512489319, "median": 9.67152786255, "min": 0.610348820686, "var": 796.882568359}, "mfcc": {"cov": [[12404.1748047, -1824.51135254, -1347.85217285, 90.8705215454, -219.492477417, -490.410064697, 127.517608643, -398.349243164, -249.828704834, 299.645233154, -435.849121094, -42.2137031555, -163.25680542], [-1824.51135254, 2759.16699219, 405.397644043, 159.355865479, 152.279586792, 13.4908475876, 96.2140045166, 141.945831299, 35.7131614685, -30.4585647583, 149.867630005, 20.7260856628, 81.9462661743], [-1347.85217285, 405.397644043, 1072.81396484, 166.133758545, 66.791305542, 199.53086853, -81.6866073608, 20.3392009735, 35.6620101929, -52.2984008789, 108.830574036, 108.872451782, 38.2927627563], [90.8705215454, 159.355865479, 166.133758545, 365.005096436, 109.843566895, 27.8425235748, -73.7444000244, 11.981710434, 38.9275474548, -13.4246768951, -3.00674962997, 33.004825592, 5.51775979996], [-219.492477417, 152.279586792, 66.791305542, 109.843566895, 244.178710938, 30.9582271576, 5.74771690369, 26.9734573364, 22.7814464569, 25.0563240051, -13.9198312759, 20.4576396942, 27.8171329498], [-490.410064697, 13.4908475876, 199.53086853, 27.8425235748, 30.9582271576, 309.194824219, 62.3285369873, 84.0383987427, 59.054107666, -2.40814399719, 55.2950325012, -11.7576436996, 20.8456516266], [127.517608643, 96.2140045166, -81.6866073608, -73.7444000244, 5.74771690369, 62.3285369873, 250.401977539, 64.9390106201, 36.1638679504, 59.6395645142, 20.5448818207, -17.4324245453, 7.10129117966], [-398.349243164, 141.945831299, 20.3392009735, 11.981710434, 26.9734573364, 84.0383987427, 64.9390106201, 220.621765137, 126.122489929, 29.9535388947, 29.9010162354, -25.5004234314, 17.7942466736], [-249.828704834, 35.7131614685, 35.6620101929, 38.9275474548, 22.7814464569, 59.054107666, 36.1638679504, 126.122489929, 212.831497192, 52.0335121155, 14.3278112411, -24.808177948, -1.35346388817], [299.645233154, -30.4585647583, -52.2984008789, -13.4246768951, 25.0563240051, -2.40814399719, 59.6395645142, 29.9535388947, 52.0335121155, 141.903182983, 26.8930912018, -6.85911417007, -18.6574001312], [-435.849121094, 149.867630005, 108.830574036, -3.00674962997, -13.9198312759, 55.2950325012, 20.5448818207, 29.9010162354, 14.3278112411, 26.8930912018, 143.112442017, 33.6214103699, 7.15175533295], [-42.2137031555, 20.7260856628, 108.872451782, 33.004825592, 20.4576396942, -11.7576436996, -17.4324245453, -25.5004234314, -24.808177948, -6.85911417007, 33.6214103699, 118.334938049, 32.0689315796], [-163.25680542, 81.9462661743, 38.2927627563, 5.51775979996, 27.8171329498, 20.8456516266, 7.10129117966, 17.7942466736, -1.35346388817, -18.6574001312, 7.15175533295, 32.0689315796, 106.006965637]], "icov": [[0.000135746973683, 4.80570597574e-05, 0.000104901868326, -0.00021118191944, 0.000198646666831, 3.54034127668e-05, -0.000127001010696, 0.000117883595522, 0.000149933417561, -0.000390883476939, 0.000364197854651, -0.000121870063595, 2.00540707738e-05], [4.80570597574e-05, 0.000493809464388, -0.000155910820467, -0.00024251609284, -0.000193508167285, 0.000413850037148, -0.000373965798644, -0.000229099823628, 0.000176652552909, 0.000177040783456, -0.00045670667896, 0.000356520758942, -0.00024949683575], [0.000104901868326, -0.000155910820467, 0.00153349374887, -0.000396378658479, 0.000113808455353, -0.00098313682247, 0.000479008711409, 0.000364854786312, -0.000216085099964, 3.10271316266e-05, -0.000143637254951, -0.00126438646112, 0.000213790423004], [-0.00021118191944, -0.00024251609284, -0.000396378658479, 0.00409814994782, -0.00176611274946, -0.000335111166351, 0.00131708953995, -6.48967761663e-05, -0.00106759439223, 0.000868431234267, -0.000152788561536, -0.000649079098366, 0.00058999407338], [0.000198646666831, -0.000193508167285, 0.000113808455353, -0.00176611274946, 0.00576993869618, -0.000552307115868, -0.000204282114282, -0.000184557837201, 0.000543131667655, -0.00229533831589, 0.00218665972352, -0.000970484165009, -0.0011054611532], [3.54034127668e-05, 0.000413850037148, -0.00098313682247, -0.000335111166351, -0.000552307115868, 0.00504802213982, -0.00150748121087, -0.00102777464781, -0.000215731168282, 0.00105166528374, -0.00171858270187, 0.00178796052933, -0.000709646206815], [-0.000127001010696, -0.000373965798644, 0.000479008711409, 0.00131708953995, -0.000204282114282, -0.00150748121087, 0.00579172838479, -0.00101374590304, 4.81139031763e-05, -0.00178944447543, 2.59362950601e-05, -0.000303508568322, -0.000240126842982], [0.000117883595522, -0.000229099823628, 0.000364854786312, -6.48967761663e-05, -0.000184557837201, -0.00102777464781, -0.00101374590304, 0.00821280479431, -0.00413575163111, 7.39140741643e-05, -0.000634741270915, 0.000933029106818, -0.00110914965626], [0.000149933417561, 0.000176652552909, -0.000216085099964, -0.00106759439223, 0.000543131667655, -0.000215731168282, 4.81139031763e-05, -0.00413575163111, 0.00824825186282, -0.00285205780528, 0.000925983127672, 0.000787500466686, 0.000121515484352], [-0.000390883476939, 0.000177040783456, 3.10271316266e-05, 0.000868431234267, -0.00229533831589, 0.00105166528374, -0.00178944447543, 7.39140741643e-05, -0.00285205780528, 0.0111788855866, -0.00378049304709, 0.000461151386844, 0.00175436004065], [0.000364197854651, -0.00045670667896, -0.000143637254951, -0.000152788561536, 0.00218665972352, -0.00171858270187, 2.59362950601e-05, -0.000634741270915, 0.000925983127672, -0.00378049304709, 0.0111302016303, -0.00362974405289, 0.000536342908163], [-0.000121870063595, 0.000356520758942, -0.00126438646112, -0.000649079098366, -0.000970484165009, 0.00178796052933, -0.000303508568322, 0.000933029106818, 0.000787500466686, 0.000461151386844, -0.00362974405289, 0.0123947681859, -0.00361951603554], [2.00540707738e-05, -0.00024949683575, 0.000213790423004, 0.00058999407338, -0.0011054611532, -0.000709646206815, -0.000240126842982, -0.00110914965626, 0.000121515484352, 0.00175436004065, 0.000536342908163, -0.00361951603554, 0.0115501582623]], "mean": [-784.000244141, 144.574752808, 8.97037792206, 24.0879383087, -8.61965656281, -17.452457428, -4.61011886597, -3.91065430641, -3.84679198265, 2.8178153038, -6.78300428391, -1.01195752621, -2.01064538956]}, "pitch_salience": {"dmean": 0.0641197934747, "dmean2": 0.100722424686, "dvar": 0.0035349256359, "dvar2": 0.00843531638384, "max": 0.994183182716, "mean": 0.555979669094, "median": 0.559877693653, "min": 0.123486228287, "var": 0.0153759699315}, "silence_rate_20dB": {"dmean": 0, "dmean2": 0, "dvar": 0, "dvar2": 0, "max": 1, "mean": 1, "median": 1, "min": 1, "var": 0}, "silence_rate_30dB": {"dmean": 0, "dmean2": 0, "dvar": 0, "dvar2": 0, "max": 1, "mean": 1, "median": 1, "min": 1, "var": 0}, "silence_rate_60dB": {"dmean": 0.0618493556976, "dmean2": 0.123717650771, "dvar": 0.0580210052431, "dvar2": 0.121282503009, "max": 1, "mean": 0.453084349632, "median": 0, "min": 0, "var": 0.247797966003}, "spectral_centroid": {"dmean": 207.304504395, "dmean2": 305.325500488, "dvar": 132636.640625, "dvar2": 237372.875, "max": 11784.2558594, "mean": 1210.88537598, "median": 703.088623047, "min": 153.071380615, "var": 2696185}, "spectral_complexity": {"dmean": 1.46325778961, "dmean2": 2.2746899128, "dvar": 3.74938201904, "dvar2": 6.66205406189, "max": 50, "mean": 7.62100124359, "median": 6, "min": 0, "var": 31.9818305969}, "spectral_contrast_coeffs": {"dmean": [0.0413547120988, 0.0420345440507, 0.0361451916397, 0.0289530716836, 0.0226399973035, 0.018566083163], "dmean2": [0.066505305469, 0.0665050670505, 0.0569049827754, 0.0453586243093, 0.0337641909719, 0.0283412020653], "dvar": [0.00121584488079, 0.00137317425106, 0.001050582272, 0.000748711230699, 0.000562208646443, 0.000365213607438], "dvar2": [0.00299995276146, 0.00324247800745, 0.00236629717983, 0.00160250999033, 0.0010285313474, 0.000764101801906], "max": [-0.272290825844, -0.367328375578, -0.35418727994, -0.482852309942, -0.504902780056, -0.611791849136], "mean": [-0.642557740211, -0.706556499004, -0.745026469231, -0.78843909502, -0.797361552715, -0.798420131207], "median": [-0.649387300014, -0.718475580215, -0.757924616337, -0.811196863651, -0.820960998535, -0.801368176937], "min": [-0.981420457363, -0.984543442726, -0.977163374424, -0.978971302509, -0.985200822353, -0.965899825096], "var": [0.0099399285391, 0.00967906787992, 0.00853356253356, 0.00750563945621, 0.00695519708097, 0.00220685778186]}, "spectral_contrast_valleys": {"dmean": [0.363561302423, 0.325178235769, 0.315951675177, 0.334762990475, 0.320807248354, 0.356032043695], "dmean2": [0.592856585979, 0.532044410706, 0.511699080467, 0.531474232674, 0.469741016626, 0.482627928257], "dvar": [0.15187895298, 0.130704164505, 0.133794695139, 0.180624440312, 0.175490140915, 0.21383240819], "dvar2": [0.321422666311, 0.280522465706, 0.275518894196, 0.378495454788, 0.331813693047, 0.397260755301], "max": [-6.0215139389, -4.80896186829, -5.94586753845, -6.1331820488, -5.66080999374, -7.26823377609], "mean": [-8.91837501526, -7.89029455185, -9.03166294098, -9.7835149765, -9.39918231964, -12.0312776566], "median": [-8.57657623291, -7.43868398666, -8.6603679657, -9.41690921783, -9.0489282608, -11.8918771744], "min": [-28.3417854309, -28.11079216, -27.8613605499, -27.849697113, -27.5744457245, -27.4399967194], "var": [8.2218170166, 8.65058422089, 7.8097243309, 7.39559268951, 7.94123029709, 6.43928050995]}, "spectral_decrease": {"dmean": 6.28564200689e-10, "dmean2": 8.49524950386e-10, "dvar": 1.29355610545e-18, "dvar2": 2.35092981214e-18, "max": 2.0143585363e-28, "mean": -2.2921065046e-09, "median": -9.51423384521e-10, "min": -2.42118218807e-08, "var": 9.16617282898e-18}, "spectral_energy": {"dmean": 0.0025800333824, "dmean2": 0.00345514412038, "dvar": 2.1863505026e-05, "dvar2": 3.91504327126e-05, "max": 0.0984023585916, "mean": 0.00950545165688, "median": 0.00382645614445, "min": 9.99379825144e-21, "var": 0.000163309596246}, "spectral_energyband_high": {"dmean": 0.00023678780417, "dmean2": 0.000304459390463, "dvar": 9.77919398792e-07, "dvar2": 1.53142855197e-06, "max": 0.0339036546648, "mean": 0.000511369900778, "median": 1.15463399197e-05, "min": 7.14376360676e-21, "var": 3.25943915414e-06}, "spectral_energyband_low": {"dmean": 0.000453748565633, "dmean2": 0.000557553896215, "dvar": 1.80751794687e-06, "dvar2": 3.0215244351e-06, "max": 0.0201305374503, "mean": 0.00135423697066, "median": 0.000193077081349, "min": 1.07191121888e-23, "var": 8.03928742243e-06}, "spectral_energyband_middle_high": {"dmean": 0.00065917376196, "dmean2": 0.00083982560318, "dvar": 4.17874252889e-06, "dvar2": 6.58145245325e-06, "max": 0.0660424306989, "mean": 0.00223317067139, "median": 0.000167409918504, "min": 1.22375535319e-21, "var": 3.74888513761e-05}, "spectral_energyband_middle_low": {"dmean": 0.00195606681518, "dmean2": 0.0027754069306, "dvar": 1.53050095832e-05, "dvar2": 3.06064794131e-05, "max": 0.0883578360081, "mean": 0.00573123665527, "median": 0.00237378664315, "min": 1.44058989099e-22, "var": 7.43288474041e-05}, "spectral_entropy": {"dmean": 0.246647700667, "dmean2": 0.358407348394, "dvar": 0.0810228586197, "dvar2": 0.168346822262, "max": 9.82566452026, "mean": 6.92022752762, "median": 6.86641740799, "min": 4.87864780426, "var": 0.538225769997}, "spectral_flux": {"dmean": 0.012339961715, "dmean2": 0.0192684903741, "dvar": 0.000306033267407, "dvar2": 0.000684273021761, "max": 0.310867875814, "mean": 0.0373355560005, "median": 0.0251634605229, "min": 6.29939295171e-11, "var": 0.00126217259094}, "spectral_kurtosis": {"dmean": 3.60090398788, "dmean2": 5.80538082123, "dvar": 19.0741348267, "dvar2": 45.7087936401, "max": 63.9698066711, "mean": 8.87211036682, "median": 6.27862262726, "min": -1.26613616943, "var": 65.4208526611}, "spectral_rms": {"dmean": 0.000373274844605, "dmean2": 0.000489945698064, "dvar": 2.42205004497e-07, "dvar2": 4.01910000392e-07, "max": 0.00979807693511, "mean": 0.00249136402272, "median": 0.00193213042803, "min": 3.12250659357e-12, "var": 3.06669994643e-06}, "spectral_rolloff": {"dmean": 311.140686035, "dmean2": 506.221496582, "dvar": 626034.75, "dvar2": 1166195.875, "max": 19659.8144531, "mean": 1536.38720703, "median": 645.99609375, "min": 107.666015625, "var": 8317065}, "spectral_skewness": {"dmean": 0.402714252472, "dmean2": 0.62405192852, "dvar": 0.194939225912, "dvar2": 0.417667478323, "max": 6.42361116409, "mean": 2.06416869164, "median": 1.88295125961, "min": -0.403281986713, "var": 1.03696334362}, "spectral_spread": {"dmean": 554263.3125, "dmean2": 837492.75, "dvar": 846396719104, "dvar2": 1713171464190.0, "