{"lowlevel": {"average_loudness": 0.873532533646, "barkbands": {"dmean": [0.000331784802256, 0.0040025357157, 0.00236472557299, 0.00242272322066, 0.00130667281337, 0.00106690160464, 0.000691443274263, 0.000564431480598, 0.000791032449342, 0.000449578219559, 0.000275685975794, 0.000638323079329, 0.000317261758028, 0.00037391812657, 0.000236607113038, 0.000166984464158, 0.000152487278683, 0.000159342729603, 0.000160303563462, 0.000142238932312, 0.000176118031959, 0.000210805956158, 0.000212659520912, 0.000155646514031, 0.000101127385278, 8.67357157404e-05, 2.02085939236e-05], "dmean2": [0.000496799708344, 0.00653310446069, 0.0042589106597, 0.00381756643765, 0.00219630892389, 0.00169964961242, 0.00107699388172, 0.000862769898959, 0.00118800788186, 0.000687429099344, 0.000434690096881, 0.00100538681727, 0.00049562897766, 0.000589367176872, 0.000375373841962, 0.0002642297477, 0.000243887741817, 0.000251203920925, 0.000249394972343, 0.000223292328883, 0.00025330792414, 0.000297956983559, 0.000292070122669, 0.000214668078115, 0.000143810611917, 0.000129797583213, 2.9994700526e-05], "dvar": [4.7204403586e-07, 7.95556043158e-05, 4.85675409436e-05, 4.64707627543e-05, 9.09263144422e-06, 3.83812221116e-06, 2.63354991148e-06, 3.49336210093e-06, 4.5820224841e-06, 2.42681471718e-06, 4.56417893702e-07, 3.11510711981e-06, 8.75566570357e-07, 8.95363655218e-07, 3.87563659388e-07, 1.60465532417e-07, 7.83585178965e-08, 8.40748910491e-08, 8.70294485367e-08, 1.08204631033e-07, 2.0106679699e-07, 2.75865318144e-07, 2.99446810459e-07, 2.16317985746e-07, 1.69090299096e-07, 1.3253469433e-07, 6.72350486397e-09], "dvar2": [9.92684931589e-07, 0.000186846358702, 0.000139156312798, 0.000109475877252, 2.46175513894e-05, 9.29314501263e-06, 6.43441126158e-06, 7.69737107476e-06, 9.7370821095e-06, 5.44393287782e-06, 1.07754192413e-06, 7.43401778891e-06, 2.03207923732e-06, 2.13868747778e-06, 9.06233935893e-07, 3.67565633042e-07, 1.86459644169e-07, 1.99118389332e-07, 1.99375492116e-07, 2.58846625911e-07, 4.0175086724e-07, 5.51026289486e-07, 6.05914351581e-07, 4.31603353945e-07, 3.59649476422e-07, 2.93121217965e-07, 1.35515927369e-08], "max": [0.00979566853493, 0.114073105156, 0.0909744054079, 0.0846597999334, 0.0509996414185, 0.0349698513746, 0.0289604272693, 0.040049508214, 0.0608187802136, 0.0452028475702, 0.0173767823726, 0.0353857651353, 0.0231317542493, 0.0155855752528, 0.0166714116931, 0.0165102705359, 0.00635843817145, 0.00421884050593, 0.00450854469091, 0.00572864338756, 0.00659055169672, 0.00817463174462, 0.0144072333351, 0.0160133577883, 0.0172232240438, 0.0184501670301, 0.00348849687725], "mean": [0.000452453212347, 0.00640342617407, 0.00247409101576, 0.00255183130503, 0.00205929577351, 0.00176749529783, 0.00114080484491, 0.000871000811458, 0.00138372718357, 0.000653240364045, 0.000423882098403, 0.000922211445868, 0.000436163099948, 0.000523043388966, 0.000358304998372, 0.000274757214356, 0.000256967323367, 0.000284359208308, 0.000285805319436, 0.000245732604526, 0.000293607037747, 0.000355129392119, 0.000340211787261, 0.000262544606812, 0.000161298565217, 0.000110930675874, 2.3827473342e-05], "median": [0.000121663309983, 0.00386265525594, 0.000958675460424, 0.000480039627291, 0.00108335958794, 0.000847862334922, 0.000587066228036, 0.000236442880123, 0.000379290810088, 0.000130222222651, 0.000119289601571, 0.000249776639976, 0.000107894229586, 0.00014910675236, 0.000123967867694, 0.000118058283988, 0.000107706211566, 0.000127905848785, 0.000129732186906, 8.67211056175e-05, 6.72866372042e-05, 5.41427834833e-05, 5.27530246472e-05, 3.67987559002e-05, 2.32311522268e-05, 1.38867671922e-05, 1.27313546727e-06], "min": [1.13934328571e-23, 1.50169297412e-23, 8.14556944803e-24, 1.81625709765e-23, 2.8265618297e-23, 3.72950180369e-23, 1.2768122381e-23, 1.96988523458e-23, 6.58081714196e-23, 4.7266128371e-23, 5.49516088956e-23, 3.62687762635e-23, 6.11386449752e-23, 6.41971344354e-23, 7.39696379926e-23, 8.46828550238e-23, 1.86823429072e-22, 2.41414534845e-22, 3.01983300391e-22, 4.15224876559e-22, 4.69609578454e-22, 5.58855066114e-22, 6.45856705194e-22, 7.8004797838e-22, 1.05260934185e-21, 1.56345244e-21, 2.2156190227e-21], "var": [7.78544006153e-07, 9.56470976234e-05, 3.19064129144e-05, 5.15187202836e-05, 1.05185217762e-05, 7.40134419175e-06, 3.75860395252e-06, 7.48303000364e-06, 1.45091762533e-05, 5.45480725123e-06, 9.81471998784e-07, 5.32602598469e-06, 1.36171024678e-06, 1.36580649723e-06, 6.69395433306e-07, 3.54236220801e-07, 1.56480595592e-07, 1.67446799537e-07, 1.72468034521e-07, 1.9424730624e-07, 3.77298476906e-07, 5.86091005061e-07, 5.92982758008e-07, 5.03496721649e-07, 3.77515277705e-07, 1.96875518554e-07, 1.26980994608e-08]}, "barkbands_crest": {"dmean": 2.71486592293, "dmean2": 4.40321731567, "dvar": 6.67435646057, "dvar2": 17.3792743683, "max": 26.279586792, "mean": 9.89556121826, "median": 9.20050430298, "min": 2.22705054283, "var": 15.6768512726}, "barkbands_flatness_db": {"dmean": 0.0202336665243, "dmean2": 0.0308200009167, "dvar": 0.000429425796028, "dvar2": 0.000971040863078, "max": 0.363596856594, "mean": 0.110302239656, "median": 0.101639933884, "min": 0.015474839136, "var": 0.00231473497115}, "barkbands_kurtosis": {"dmean": 2.39572477341, "dmean2": 3.80060458183, "dvar": 21.4514007568, "dvar2": 49.75963974, "max": 159.384017944, "mean": 3.06425189972, "median": 1.17703044415, "min": -1.93371737003, "var": 39.3198242188}, "barkbands_skewness": {"dmean": 0.516624510288, "dmean2": 0.789433896542, "dvar": 0.329312890768, "dvar2": 0.751026153564, "max": 11.8904275894, "mean": 1.4206751585, "median": 1.29515111446, "min": -3.21824932098, "var": 1.12604880333}, "barkbands_spread": {"dmean": 7.45404577255, "dmean2": 11.1779689789, "dvar": 91.1453018188, "dvar2": 192.95149231, "max": 148.079681396, "mean": 32.1104545593, "median": 25.5467834473, "min": 1.34276497364, "var": 601.174865723}, "dissonance": {"dmean": 0.0161689594388, "dmean2": 0.0267207641155, "dvar": 0.000274864112725, "dvar2": 0.00073201127816, "max": 0.499999970198, "mean": 0.469726651907, "median": 0.476629793644, "min": 0.276735544205, "var": 0.00063876475906}, "dynamic_complexity": 5.58356237411, "erbbands": {"dmean": [0.155166164041, 0.847071170807, 2.41816115379, 6.01842975616, 5.74752569199, 4.15317583084, 6.59385681152, 9.26900291443, 10.3680791855, 10.2762975693, 12.5356092453, 15.6663703918, 19.876996994, 9.75109195709, 13.2268590927, 21.8890113831, 14.269774437, 17.4949245453, 12.4023590088, 11.4390907288, 9.03093719482, 8.77942466736, 8.48170375824, 8.46500587463, 6.98772573471, 6.84379959106, 6.85927343369, 6.92247056961, 6.80726909637, 8.66321086884, 5.26401853561, 3.97432637215, 2.30724167824, 1.17488265038, 0.742194712162, 0.426183074713, 0.151207730174, 0.0291079971939, 0.00379644054919, 0.000141315991641], "dmean2": [0.251664042473, 1.42945420742, 4.34456157684, 9.7217092514, 9.69672870636, 6.87068319321, 10.4162321091, 14.8885593414, 16.5835418701, 15.4283876419, 19.1279087067, 23.4287586212, 30.0007762909, 15.1109743118, 20.5496711731, 34.2656745911, 22.1135406494, 27.0374355316, 19.5645046234, 17.940820694, 14.3034124374, 13.9359645844, 13.2809257507, 13.1105670929, 10.8899812698, 10.7549791336, 10.0815229416, 9.91336250305, 9.72059726715, 11.9908771515, 7.17737770081, 5.54548740387, 3.22780489922, 1.66429722309, 1.08232331276, 0.637356698513, 0.230784729123, 0.0439358130097, 0.00561879016459, 0.000210677404539], "dvar": [0.127558916807, 3.97702288628, 50.3333740234, 247.965866089, 266.838439941, 80.2125244141, 166.662826538, 346.24407959, 657.551391602, 799.210998535, 1830.53649902, 2104.39697266, 4069.37036133, 874.927429199, 1028.58093262, 3872.87841797, 1578.27563477, 2025.11474609, 924.071960449, 912.410339355, 464.095489502, 253.754623413, 234.824707031, 250.615875244, 208.562423706, 268.423431396, 300.488372803, 310.512695313, 302.283325195, 452.078552246, 191.2421875, 133.766067505, 52.9658164978, 18.8849315643, 11.7713079453, 2.43553948402, 0.539859950542, 0.0206128042191, 0.000238036023802, 2.59722469309e-07], "dvar2": [0.298197060823, 10.3212528229, 143.769241333, 606.699951172, 701.391357422, 204.304962158, 401.818237305, 841.267883301, 1701.29956055, 1725.86987305, 4029.22949219, 4520.60449219, 8268.89453125, 2097.16601563, 2343.31835938, 9185.49414063, 3745.86523438, 4697.39697266, 2227.10693359, 2073.87207031, 1127.08898926, 599.709106445, 546.806640625, 570.21673584, 494.942626953, 653.451782227, 628.535095215, 615.151611328, 630.23840332, 888.716674805, 389.988983154, 284.483581543, 105.357803345, 36.949344635, 27.7698535919, 5.58923959732, 1.18958866596, 0.0392826423049, 0.000474172236864, 5.650592243e-07], "max": [4.73783922195, 22.2063827515, 79.8547515869, 183.883560181, 263.609832764, 181.669448853, 240.919021606, 346.144836426, 509.332183838, 853.529968262, 919.026550293, 1797.99108887, 1948.0793457, 944.240539551, 773.598693848, 1373.3770752, 971.588745117, 934.137451172, 798.359436035, 981.384399414, 1118.61804199, 344.449310303, 252.224884033, 303.049377441, 260.171966553, 270.530731201, 298.417572021, 256.331512451, 295.070617676, 322.04006958, 383.482116699, 398.568450928, 282.470306396, 210.185653687, 150.817001343, 65.6590423584, 40.3089408875, 8.2864484787, 0.695101976395, 0.0139463339001], "mean": [0.236340165138, 1.24569141865, 2.59884548187, 6.76206541061, 6.44347000122, 6.69679498672, 10.8438596725, 15.4981822968, 16.2257003784, 18.0795192719, 20.4694499969, 28.0169696808, 31.6808776855, 15.9762077332, 22.3373622894, 32.5782928467, 22.1035060883, 26.2833995819, 19.0926780701, 18.7557849884, 15.7074317932, 15.6681137085, 15.6292514801, 15.6858158112, 12.7474861145, 11.7075862885, 11.5491333008, 11.3575057983, 11.3098421097, 14.1517658234, 8.54028224945, 6.39508199692, 3.82105612755, 1.89318084717, 1.12991547585, 0.581402122974, 0.182049453259, 0.0350597985089, 0.00451412424445, 0.000180386487045], "median": [0.110050752759, 0.803459584713, 1.08526861668, 1.78244400024, 2.26373171806, 3.49815392494, 5.66318702698, 7.15035247803, 8.17150783539, 7.86768198013, 6.17750310898, 7.9420838356, 7.12815713882, 5.28628921509, 7.51193904877, 9.02685928345, 6.48236131668, 7.78138875961, 7.04374027252, 7.08146429062, 7.03848266602, 6.97816991806, 7.33776140213, 6.95327186584, 5.73039913177, 4.23447179794, 3.25714087486, 2.29677200317, 1.78282535076, 2.06180119514, 1.35416269302, 0.886762917042, 0.507294178009, 0.245478764176, 0.170143067837, 0.0799433663487, 0.0198501255363, 0.00336392479949, 0.000227360011195, 3.47267123288e-05], "min": [3.37380259137e-22, 1.9408417805e-21, 7.28356359263e-21, 3.26533650397e-20, 8.09013464479e-20, 1.04083671188e-19, 2.37966885836e-19, 2.51629867453e-19, 3.49023456943e-19, 4.24613832107e-19, 3.55443619268e-19, 1.6023603091e-18, 1.3816757595e-18, 1.90352622358e-18, 2.03953725696e-18, 1.74661523126e-18, 3.51946242769e-18, 3.91804271457e-18, 3.24642706469e-18, 3.89255810708e-18, 7.14093607725e-18, 9.94217743139e-18, 1.30233003089e-17, 1.60719406309e-17, 1.4085160333e-17, 2.00492251938e-17, 1.70161060888e-17, 2.00117489489e-17, 1.48330490664e-17, 1.78019342881e-17, 1.93476304505e-17, 1.43146384329e-17, 1.40927042202e-17, 8.5786256127e-18, 8.31383599963e-18, 5.58852734418e-18, 2.98364625974e-18, 1.16953567544e-18, 3.06896957804e-19, 3.28834084917e-20], "var": [0.156953677535, 3.81589102745, 33.1270980835, 260.901550293, 238.886184692, 121.436454773, 272.283874512, 640.92767334, 726.257263184, 1619.45837402, 3687.35424805, 7746.71191406, 10001.6494141, 1617.45227051, 2260.30371094, 6648.15966797, 2749.70019531, 3301.30102539, 1480.82702637, 1716.66333008, 1086.59460449, 534.769836426, 482.705444336, 533.53302002, 378.032684326, 453.141784668, 533.816040039, 596.674133301, 600.010192871, 969.263549805, 383.297912598, 269.239318848, 123.922050476, 46.2093276978, 21.8151779175, 3.84418773651, 0.754268050194, 0.0386732816696, 0.000439982599346, 4.23326866894e-07]}, "erbbands_crest": {"dmean": 2.47135210037, "dmean2": 3.92786717415, "dvar": 6.22455501556, "dvar2": 14.5697555542, "max": 30.674331665, "mean": 7.82312631607, "median": 6.553647995, "min": 2.13329648972, "var": 18.9347572327}, "erbbands_flatness_db": {"dmean": 0.0170910060406, "dmean2": 0.0244130715728, "dvar": 0.000307675916702, "dvar2": 0.000606450019404, "max": 0.308910518885, "mean": 0.125771984458, "median": 0.122032418847, "min": 0.0258486513048, "var": 0.00154446985107}, "erbbands_kurtosis": {"dmean": 0.901217997074, "dmean2": 1.38206148148, "dvar": 2.32364368439, "dvar2": 5.03557443619, "max": 52.3709220886, "mean": 0.30130019784, "median": -0.268588721752, "min": -1.73914921284, "var": 4.94876337051}, "erbbands_skewness": {"dmean": 0.367308586836, "dmean2": 0.540400743484, "dvar": 0.135189265013, "dvar2": 0.277172923088, "max": 6.36120700836, "mean": 0.180822208524, "median": 0.173192903399, "min": -4.27186346054, "var": 0.660721540451}, "erbbands_spread": {"dmean": 9.79998207092, "dmean2": 14.463344574, "dvar": 113.81477356, "dvar2": 249.134857178, "max": 145.293243408, "mean": 45.1469497681, "median": 40.6245384216, "min": 2.98961234093, "var": 450.41317749}, "gfcc": {"cov": [[34207.8515625, 2577.08837891, -1378.48974609, 665.614257813, -1046.39111328, 369.981170654, -594.637084961, 60.0610923767, -250.047653198, 45.3835296631, -358.780090332, -38.7430000305, -314.196289063], [2577.08837891, 2402.66674805, -582.717590332, -69.8415908813, 245.344207764, -171.618362427, 66.8301391602, 46.666015625, 107.302131653, -47.7828483582, 126.889068604, -37.8097381592, 74.4200363159], [-1378.48974609, -582.717590332, 758.953674316, 89.4514541626, 21.8749465942, 33.1408119202, 20.1292953491, -36.3696289063, 7.98496103287, 28.245557785, -35.9555282593, 34.3924407959, -7.78808546066], [665.614257813, -69.8415908813, 89.4514541626, 403.972320557, -36.3789825439, 31.6716995239, -33.2803077698, -13.361038208, 9.43835830688, -15.5383005142, -11.7503261566, -9.31625747681, 0.343205899], [-1046.39111328, 245.344207764, 21.8749465942, -36.3789825439, 316.368713379, -36.1310691833, 76.3548965454, 26.770111084, 57.4681015015, 4.54292440414, 24.7509288788, 6.19178819656, 27.5858898163], [369.981170654, -171.618362427, 33.1408119202, 31.6716995239, -36.1310691833, 202.00100708, 30.472530365, 24.6917457581, -33.9077682495, -0.0724487230182, -6.13620042801, 1.08005321026, -16.5907478333], [-594.637084961, 66.8301391602, 20.1292953491, -33.2803077698, 76.3548965454, 30.472530365, 150.204528809, 26.4851589203, 16.0919265747, -8.64046859741, 17.3866519928, -4.14353656769, -2.33299064636], [60.0610923767, 46.666015625, -36.3696289063, -13.361038208, 26.770111084, 24.6917457581, 26.4851589203, 107.620178223, 26.001001358, 10.7354660034, 14.4373626709, 1.52165913582, 7.00386190414], [-250.047653198, 107.302131653, 7.98496103287, 9.43835830688, 57.4681015015, -33.9077682495, 16.0919265747, 26.001001358, 108.216575623, 22.9185009003, 10.8990268707, -5.68586444855, 18.3218917847], [45.3835296631, -47.7828483582, 28.245557785, -15.5383005142, 4.54292440414, -0.0724487230182, -8.64046859741, 10.7354660034, 22.9185009003, 75.2340698242, 23.1277294159, 14.3263435364, 4.55410718918], [-358.780090332, 126.889068604, -35.9555282593, -11.7503261566, 24.7509288788, -6.13620042801, 17.3866519928, 14.4373626709, 10.8990268707, 23.1277294159, 95.09375, 27.5389556885, 20.8513965607], [-38.7430000305, -37.8097381592, 34.3924407959, -9.31625747681, 6.19178819656, 1.08005321026, -4.14353656769, 1.52165913582, -5.68586444855, 14.3263435364, 27.5389556885, 71.1618652344, 25.1720504761], [-314.196289063, 74.4200363159, -7.78808546066, 0.343205899, 27.5858898163, -16.5907478333, -2.33299064636, 7.00386190414, 18.3218917847, 4.55410718918, 20.8513965607, 25.1720504761, 74.4924697876]], "icov": [[6.04319102422e-05, -0.000127049657749, 6.22374354862e-05, -0.000105954801256, 0.000175792156369, -0.000141721466207, 0.000142444609082, -8.05359668448e-05, 8.21785215521e-05, -0.000260765227722, 0.000413526664488, -0.000281431915937, 0.000279260828393], [-0.000127049657749, 0.000933684234042, 0.000311664625769, 0.000191923551029, -0.000730645901058, 0.00063256471185, -0.00039158956497, 0.000207627250347, -0.000529273878783, 0.00108150928281, -0.00161246897187, 0.0010037960019, -0.000881066953298], [6.22374354862e-05, 0.000311664625769, 0.00192118645646, -0.000516689091455, -0.000216699671, -0.000126447353978, -0.000387727341149, 0.000611203256994, -0.000341131148161, -0.000783922150731, 0.00100056629162, -0.00120863132179, 0.00039703049697], [-0.000105954801256, 0.000191923551029, -0.000516689091455, 0.00296038854867, -7.30064712116e-05, -0.000431779481005, 0.000603053485975, 0.000397340452764, -0.000976110866759, 0.00148023373913, -0.00105047842953, 0.000994378933683, -0.000686280895025], [0.000175792156369, -0.000730645901058, -0.000216699671, -7.30064712116e-05, 0.00485799508169, 0.000130836153403, -0.00146850431338, -0.000565195339732, -0.00106647284701, -0.000736411253456, 0.00126996089239, -0.00113106798381, 2.0414856408e-05], [-0.000141721466207, 0.00063256471185, -0.000126447353978, -0.000431779481005, 0.000130836153403, 0.00668468885124, -0.00215520011261, -0.00169730221387, 0.00199201423675, -2.89330855594e-05, -0.0007850205875, 0.000592994212639, -0.000177331909072], [0.000142444609082, -0.00039158956497, -0.000387727341149, 0.000603053485975, -0.00146850431338, -0.00215520011261, 0.00934310909361, -0.00135776365642, -0.000799745845143, 0.00170081772376, -0.00104691518936, 0.000255465391092, 0.001732226694], [-8.05359668448e-05, 0.000207627250347, 0.000611203256994, 0.000397340452764, -0.000565195339732, -0.00169730221387, -0.00135776365642, 0.0113094355911, -0.00286870636046, -0.000454276043456, -0.00117403944023, 0.000159576520673, -0.000751552754082], [8.21785215521e-05, -0.000529273878783, -0.000341131148161, -0.000976110866759, -0.00106647284701, 0.00199201423675, -0.000799745845143, -0.00286870636046, 0.013452402316, -0.00484137888998, 0.00122383760754, 0.00222485000268, -0.00217963242903], [-0.000260765227722, 0.00108150928281, -0.000783922150731, 0.00148023373913, -0.000736411253456, -2.89330855594e-05, 0.00170081772376, -0.000454276043456, -0.00484137888998, 0.0185827612877, -0.00643864879385, -0.000499735877384, 0.000118979092804], [0.000413526664488, -0.00161246897187, 0.00100056629162, -0.00105047842953, 0.00126996089239, -0.0007850205875, -0.00104691518936, -0.00117403944023, 0.00122383760754, -0.00643864879385, 0.0178451016545, -0.00702989660203, 0.000370047724573], [-0.000281431915937, 0.0010037960019, -0.00120863132179, 0.000994378933683, -0.00113106798381, 0.000592994212639, 0.000255465391092, 0.000159576520673, 0.00222485000268, -0.000499735877384, -0.00702989660203, 0.0208546444774, -0.00737285474315], [0.000279260828393, -0.000881066953298, 0.00039703049697, -0.000686280895025, 2.0414856408e-05, -0.000177331909072, 0.001732226694, -0.000751552754082, -0.00217963242903, 0.000118979092804, 0.000370047724573, -0.00737285474315, 0.018521418795]], "mean": [-32.5664787292, 75.0659790039, -99.6548309326, 33.0659103394, -53.2338256836, 15.4273767471, -33.0604286194, 10.0689373016, -19.9428520203, 6.46527957916, -11.8853960037, 6.24913311005, -12.4868831635]}, "hfc": {"dmean": 9.8295955658, "dmean2": 13.3044786453, "dvar": 390.431182861, "dvar2": 730.505432129, "max": 541.07989502, "mean": 23.9807872772, "median": 12.9697036743, "min": 1.13168207495e-16, "var": 1098.21569824}, "melbands": {"dmean": [0.00119883904699, 0.00116742087994, 0.00102568790317, 0.000325318105752, 0.00021647180256, 0.00020900767413, 0.000149788698764, 0.000115332950372, 0.000105153209006, 0.000105318518763, 0.000101100587926, 4.2094339733e-05, 4.21308432124e-05, 6.56556148897e-05, 5.43089336134e-05, 2.9296041248e-05, 3.45633852703e-05, 2.26904630836e-05, 1.96719320229e-05, 1.13945825433e-05, 1.1156364053e-05, 9.46898671828e-06, 1.03657466752e-05, 6.92765479471e-06, 7.53094582251e-06, 5.80192090638e-06, 5.12677024744e-06, 4.73635145681e-06, 4.37268545284e-06, 4.70378608952e-06, 4.03800640925e-06, 3.65596997653e-06, 5.18586966791e-06, 4.92273193231e-06, 3.18109778163e-06, 2.864750968e-06, 2.38709185396e-06, 1.83503436801e-06, 1.19268565868e-06, 9.55566747507e-07], "dmean2": [0.00194012140855, 0.00205479632132, 0.00166479614563, 0.000544733426068, 0.000340909726219, 0.000334670738084, 0.000237867221585, 0.000173986016307, 0.000160771116498, 0.000157883230713, 0.000152987398906, 6.51427835692e-05, 6.6543740104e-05, 0.000101690355223, 8.58159764903e-05, 4.58778195025e-05, 5.38238236913e-05, 3.62536920875e-05, 3.13029122481e-05, 1.78760856215e-05, 1.7939346435e-05, 1.52263946802e-05, 1.65993351402e-05, 1.0929691598e-05, 1.18431535157e-05, 9.09811933525e-06, 8.26737687021e-06, 7.54286520532e-06, 6.60744581182e-06, 7.03857858753e-06, 5.89320143263e-06, 5.46686760572e-06, 7.48455931898e-06, 6.99737574905e-06, 4.44048328063e-06, 4.1901912482e-06, 3.39854864251e-06, 2.60523438556e-06, 1.72396710241e-06, 1.40310555707e-06], "dvar": [7.14631141818e-06, 1.03655183921e-05, 7.29674502509e-06, 6.73758449921e-07, 1.6717001472e-07, 1.66355945908e-07, 1.27235693981e-07, 1.01029876021e-07, 1.12832594823e-07, 8.91931293268e-08, 1.02782259148e-07, 1.93736156007e-08, 9.65909929818e-09, 4.08961184917e-08, 3.06851859477e-08, 7.21770643253e-09, 8.21579249077e-09, 3.95196408931e-09, 3.2533673533e-09, 7.42622574545e-10, 7.71205210803e-10, 3.10009712345e-10, 4.21466361811e-10, 1.37440947512e-10, 2.0551525759e-10, 1.33277069936e-10, 1.35625080611e-10, 1.3306813984e-10, 1.15310608284e-10, 1.58808244333e-10, 1.07235796631e-10, 9.71453958942e-11, 1.67210051361e-10, 1.52067872183e-10, 6.85483128593e-11, 8.2926103484e-11, 4.9427018034e-11, 3.18666031063e-11, 1.66440281696e-11, 1.41039749324e-11], "dvar2": [1.6393029e-05, 2.90174521069e-05, 1.80648712558e-05, 1.78999960099e-06, 4.05011718385e-07, 4.05368808742e-07, 3.26928983441e-07, 2.20888168201e-07, 2.51423330155e-07, 1.91527604443e-07, 2.09795928185e-07, 4.59205189429e-08, 2.23095995011e-08, 9.69546434249e-08, 7.48563024899e-08, 1.65505600336e-08, 1.92627958029e-08, 9.71443814279e-09, 7.65716290374e-09, 1.57541413248e-09, 1.8489071385e-09, 7.56857188033e-10, 1.03313568811e-09, 3.26200927381e-10, 4.83454720701e-10, 3.16014853174e-10, 3.4049199571e-10, 3.25951293734e-10, 2.48949250103e-10, 3.40078992744e-10, 2.2489266005e-10, 2.23808582778e-10, 3.45901668419e-10, 3.11040526668e-10, 1.44597972485e-10, 1.90703772218e-10, 1.05383833604e-10, 6.59300392059e-11, 3.18685008938e-11, 2.92374215116e-11], "max": [0.0363830812275, 0.0335492677987, 0.0308298934251, 0.0147811956704, 0.0073167681694, 0.00766671961173, 0.00681489706039, 0.00811440404505, 0.00771906133741, 0.0102575737983, 0.00952668394893, 0.00383679918014, 0.00220916327089, 0.00540628144518, 0.00465679727495, 0.00260363263078, 0.00172737112734, 0.0017009441508, 0.00150646374095, 0.000880613108166, 0.00136179674882, 0.00040491274558, 0.000366218708223, 0.000155295914738, 0.000272127828794, 0.00017766719975, 0.000267776777036, 0.00019459235773, 0.000164017576026, 0.000175472509, 0.000156242327648, 0.00018681230722, 0.000193686719285, 0.000191327315406, 0.000200291338842, 0.000310464994982, 0.000216545115109, 0.000208511031815, 0.000184084914508, 0.000169907681993], "mean": [0.0019479538314, 0.00145575450733, 0.00115011224989, 0.000453296175692, 0.000372287817299, 0.000349220528733, 0.00024145077623, 0.000198974725208, 0.000169118589838, 0.000184716423973, 0.000157014728757, 6.45282270852e-05, 6.83306134306e-05, 9.59140306804e-05, 7.36509609851e-05, 4.29592873843e-05, 4.93008374178e-05, 3.11651165248e-05, 2.92291897495e-05, 1.89277543541e-05, 1.78553818841e-05, 1.53525761561e-05, 1.65240362549e-05, 1.24083180708e-05, 1.29365898829e-05, 9.86134000414e-06, 8.4016000983e-06, 7.55833843868e-06, 7.03446721673e-06, 7.21982678442e-06, 6.28636280453e-06, 5.58945657758e-06, 8.3017785073e-06, 7.66932316765e-06, 4.92719618705e-06, 4.2965943976e-06, 3.7507493289e-06, 2.91016999654e-06, 1.88762555808e-06, 1.48045694459e-06], "median": [0.0010985552799, 0.000851220858749, 0.000327854009811, 0.000217935172259, 0.000201653601835, 0.000167298087035, 0.000123856443679, 7.89964324213e-05, 4.7274013923e-05, 4.97295513924e-05, 3.35870136041e-05, 1.88422945939e-05, 2.17957076529e-05, 2.57432075159e-05, 1.61918233061e-05, 1.16520786833e-05, 1.3749559912e-05, 9.55594896368e-06, 9.26458960748e-06, 7.86913460615e-06, 7.51763445805e-06, 6.3700440478e-06, 6.92616367814e-06, 5.55895621801e-06, 5.25749146618e-06, 4.40323719886e-06, 3.25010478264e-06, 2.4012342692e-06, 1.97741974262e-06, 1.54080044013e-06, 1.15229408948e-06, 8.92184345958e-07, 1.10989287805e-06, 1.10245946416e-06, 7.68455095113e-07, 6.06783430612e-07, 4.88766204398e-07, 3.78063759854e-07, 2.34631983176e-07, 1.87049977285e-07], "min": [6.14023690645e-24, 3.14357067261e-24, 7.56076634861e-24, 7.07020215064e-24, 7.04458941477e-24, 5.97015455098e-24, 4.92266875342e-24, 4.88633855329e-24, 3.6972048916e-24, 1.04520204523e-23, 6.85783527293e-24, 7.82655094252e-24, 7.22356144379e-24, 3.95170128038e-24, 4.53834084799e-24, 8.63289221654e-24, 6.79456547289e-24, 4.15911963364e-24, 5.85281464677e-24, 4.99584191327e-24, 9.70989955575e-24, 9.44455593509e-24, 9.75126663276e-24, 1.28555589348e-23, 1.2872940696e-23, 1.08013824926e-23, 8.37468542048e-24, 1.2787580424e-23, 9.21330214958e-24, 9.90462434818e-24, 1.22351174663e-23, 6.61034751886e-24, 1.01272061857e-23, 9.58185323133e-24, 1.24391113743e-23, 7.78057612896e-24, 8.43095171341e-24, 9.03837776587e-24, 9.2608475852e-24, 6.51027893531e-24], "var": [9.08965739654e-06, 7.49202627048e-06, 7.49830132918e-06, 6.94573429882e-07, 2.95391572536e-07, 3.05370036813e-07, 1.49746284706e-07, 2.15562423023e-07, 2.34963465573e-07, 3.00643989704e-07, 2.52615365071e-07, 3.5928465536e-08, 2.1901893632e-08, 7.0477469194e-08, 4.66112552999e-08, 1.22846977035e-08, 1.24543300117e-08, 5.80514525339e-09, 5.6020641459e-09, 1.68190938954e-09, 1.66119529244e-09, 5.76393155427e-10, 6.97910174097e-10, 3.00129032738e-10, 4.00670802092e-10, 2.33278424355e-10, 2.19252394018e-10, 2.15949300109e-10, 1.97313387851e-10, 2.57951632276e-10, 1.9358641079e-10, 1.59547389189e-10, 3.37814332063e-10, 2.99844815643e-10, 1.31244390356e-10, 1.25282811902e-10, 1.00014621585e-10, 6.93328380819e-11, 4.00441242665e-11, 3.19716787767e-11]}, "melbands_crest": {"dmean": 3.65048646927, "dmean2": 5.82886266708, "dvar": 11.6113166809, "dvar2": 29.1087284088, "max": 34.7694587708, "mean": 14.5350160599, "median": 13.7857465744, "min": 1.71332764626, "var": 28.3905181885}, "melbands_flatness_db": {"dmean": 0.0258259307593, "dmean2": 0.0392436943948, "dvar": 0.000730834261049, "dvar2": 0.00161934620701, "max": 0.505944609642, "mean": 0.183175459504, "median": 0.173290714622, "min": 0.00423610489815, "var": 0.00461350148544}, "melbands_kurtosis": {"dmean": 6.6845870018, "dmean2": 10.6072416306, "dvar": 140.595962524, "dvar2": 343.822570801, "max": 224.855072021, "mean": 12.2967882156, "median": 7.96557617188, "min": -1.85798108578, "var": 231.031723022}, "melbands_skewness": {"dmean": 0.755144119263, "dmean2": 1.15390527248, "dvar": 0.715790688992, "dvar2": 1.68816077709, "max": 12.389878273, "mean": 2.68796348572, "median": 2.50455331802, "min": -1.33514344692, "var": 2.1869134903}, "melbands_spread": {"dmean": 8.57741165161, "dmean2": 13.2769079208, "dvar": 171.107116699, "dvar2": 371.796386719, "max": 259.899536133, "mean": 29.7547016144, "median": 23.1618232727, "min": 0.872515022755, "var": 842.52532959}, "mfcc": {"cov": [[18918.2792969, 1132.09143066, -37.4433403015, 307.001464844, -160.437774658, 196.284973145, -134.92338562, 165.925552368, -135.316772461, 130.290649414, -17.2555580139, -1.63883817196, -86.9523773193], [1132.09143066, 2168.16308594, -480.627197266, 137.215057373, 91.3266906738, -73.656539917, 34.0601654053, 79.7710647583, 11.1869478226, 61.4970245361, 53.5161437988, 23.2626533508, 85.2098388672], [-37.4433403015, -480.627197266, 623.091125488, 61.4155197144, 8.28690719604, 84.0514755249, -8.53851127625, -17.8953380585, 7.57957220078, -37.7261962891, -5.13661241531, 0.654246747494, -7.94179058075], [307.001464844, 137.215057373, 61.4155197144, 313.499786377, 77.2023239136, 25.5012340546, -28.6479301453, 6.65381813049, 20.3736343384, -5.36312007904, -5.55985689163, 8.70175170898, 33.9685974121], [-160.437774658, 91.3266906738, 8.28690719604, 77.2023239136, 165.504547119, 21.2015037537, 1.46927177906, 11.7135019302, 30.5204601288, 13.2524137497, -1.7012745142, 5.77460861206, 19.2540359497], [196.284973145, -73.656539917, 84.0514755249, 25.5012340546, 21.2015037537, 131.119934082, 32.0342178345, 17.6390228271, 9.78858280182, -5.3905954361, 5.46979856491, 2.20392155647, -12.0853881836], [-134.92338562, 34.0601654053, -8.53851127625, -28.6479301453, 1.46927177906, 32.0342178345, 132.742202759, 45.9762039185, 2.49662399292, -1.40042471886, 13.5533876419, 20.9719676971, -9.40463447571], [165.925552368, 79.7710647583, -17.8953380585, 6.65381813049, 11.7135019302, 17.6390228271, 45.9762039185, 96.8834991455, 22.0206680298, 10.5841436386, 11.6944265366, 4.82351350784, -1.12109792233], [-135.316772461, 11.1869478226, 7.57957220078, 20.3736343384, 30.5204601288, 9.78858280182, 2.49662399292, 22.0206680298, 84.5066986084, 25.7712974548, 5.94675254822, -2.42680430412, 1.91838026047], [130.290649414, 61.4970245361, -37.7261962891, -5.36312007904, 13.2524137497, -5.3905954361, -1.40042471886, 10.5841436386, 25.7712974548, 79.6551437378, 24.0065021515, 1.03749680519, -2.51294326782], [-17.2555580139, 53.5161437988, -5.13661241531, -5.55985689163, -1.7012745142, 5.46979856491, 13.5533876419, 11.6944265366, 5.94675254822, 24.0065021515, 72.6317596436, 13.9742393494, -0.0459730923176], [-1.63883817196, 23.2626533508, 0.654246747494, 8.70175170898, 5.77460861206, 2.20392155647, 20.9719676971, 4.82351350784, -2.42680430412, 1.03749680519, 13.9742393494, 65.8224563599, 20.7560806274], [-86.9523773193, 85.2098388672, -7.94179058075, 33.9685974121, 19.2540359497, -12.0853881836, -9.40463447571, -1.12109792233, 1.91838026047, -2.51294326782, -0.0459730923176, 20.7560806274, 75.3994674683]], "icov": [[6.46224943921e-05, -4.23141464125e-05, -1.75060577021e-05, -6.45783657092e-05, 0.000115824856039, -0.000143987082993, 0.000156019843416, -0.000166590980371, 0.000181222785613, -0.00017638746067, 0.000108595821075, -6.98619114701e-05, 0.000122729295981], [-4.23141464125e-05, 0.000677473726682, 0.000486929202452, -0.00027561240131, -0.000275305414107, 0.000276007544016, -0.000254321697867, -0.000244707771344, 7.34911373002e-05, -5.55874357815e-05, -0.000463212432805, 0.000202251540031, -0.000619462516624], [-1.75060577021e-05, 0.000486929202452, 0.00222130352631, -0.000482247705804, -4.49127401225e-05, -0.00102563458495, 0.000103254373244, 0.000253464007983, -0.000320563704008, 0.000817109888885, -0.000470765546197, 7.79187303124e-07, -0.000220633679419], [-6.45783657092e-05, -0.00027561240131, -0.000482247705804, 0.00419171294197, -0.00156579457689, -0.000576529826503, 0.00108829687815, -0.00022465577058, -0.000601885840297, 0.000751944608055, 0.000180566697964, -0.000344107742421, -0.0011271770345], [0.000115824856039, -0.000275305414107, -4.49127401225e-05, -0.00156579457689, 0.00775779411197, -0.00128227926325, 2.88800620183e-05, -0.000192709179828, -0.00167862558737, -0.00124382483773, 0.00101290445309, -0.000279172993032, -0.000961721758358], [-0.000143987082993, 0.000276007544016, -0.00102563458495, -0.000576529826503, -0.00128227926325, 0.00987936463207, -0.00248502613977, -0.000414712354541, -0.000779745925684, 0.000953633396421, -0.000916599063203, 0.000354616262484, 0.00122201070189], [0.000156019843416, -0.000254321697867, 0.000103254373244, 0.00108829687815, 2.88800620183e-05, -0.00248502613977, 0.0110405208543, -0.00494164228439, 0.000929767498747, 0.000654147996102, -0.000356486620149, -0.0036192026455, 0.00188007706311], [-0.000166590980371, -0.000244707771344, 0.000253464007983, -0.00022465577058, -0.000192709179828, -0.000414712354541, -0.00494164228439, 0.0141980033368, -0.00354342604987, 4.98067674926e-05, -0.00109349458944, 0.000889852410182, -0.000364002684364], [0.000181222785613, 7.34911373002e-05, -0.000320563704008, -0.000601885840297, -0.00167862558737, -0.000779745925684, 0.000929767498747, -0.00354342604987, 0.0153841078281, -0.00499686365947, 0.000588541966863, 0.000727827951778, -2.76642531389e-05], [-0.00017638746067, -5.55874357815e-05, 0.000817109888885, 0.000751944608055, -0.00124382483773, 0.000953633396421, 0.000654147996102, 4.98067674926e-05, -0.00499686365947, 0.0168392900378, -0.00531167723238, 0.000202069815714, 0.000789015321061], [0.000108595821075, -0.000463212432805, -0.000470765546197, 0.000180566697964, 0.00101290445309, -0.000916599063203, -0.000356486620149, -0.00109349458944, 0.000588541966863, -0.00531167723238, 0.0168209671974, -0.00344052445143, 0.000816852378193], [-6.98619114701e-05, 0.000202251540031, 7.79187303124e-07, -0.000344107742421, -0.000279172993032, 0.000354616262484, -0.0036192026455, 0.000889852410182, 0.000727827951778, 0.000202069815714, -0.00344052445143, 0.018802119419, -0.00565384840593], [0.000122729295981, -0.000619462516624, -0.000220633679419, -0.0011271770345, -0.000961721758358, 0.00122201070189, 0.00188007706311, -0.000364002684364, -2.76642531389e-05, 0.000789015321061, 0.000816852378193, -0.00565384840593, 0.0168433059007]], "mean": [-669.08581543, 108.713035583, 9.89040565491, 23.3281669617, 4.3624124527, 8.12185192108, -0.0996100306511, 6.80418205261, -3.09717178345, 2.94416475296, 1.92713439465, 2.35873389244, 1.66864490509]}, "pitch_salience": {"dmean": 0.0709957480431, "dmean2": 0.115980021656, "dvar": 0.00463212840259, "dvar2": 0.0122855007648, "max": 0.855192124844, "mean": 0.548831701279, "median": 0.554431378841, "min": 0.104848831892, "var": 0.0108059654012}, "silence_rate_20dB": {"dmean": 0, "dmean2": 0, "dvar": 0, "dvar2": 0, "max": 1, "mean": 1, "median": 1, "min": 1, "var": 0}, "silence_rate_30dB": {"dmean": 0.0163850486279, "dmean2": 0.0327742919326, "dvar": 0.016115680337, "dvar2": 0.0439881049097, "max": 1, "mean": 0.989504694939, "median": 1, "min": 0, "var": 0.0103844739497}, "silence_rate_60dB": {"dmean": 0.0117767537013, "dmean2": 0.023556523025, "dvar": 0.0116370236501, "dvar2": 0.0260740034282, "max": 1, "mean": 0.118904389441, "median": 0, "min": 0, "var": 0.10476808995}, "spectral_centroid": {"dmean": 281.554077148, "dmean2": 433.396697998, "dvar": 123670.585938, "dvar2": 255646.65625, "max": 11153.5732422, "mean": 1554.21142578, "median": 1449.35620117, "min": 255.144195557, "var": 628305.6875}, "spectral_complexity": {"dmean": 3.94470047951, "dmean2": 5.64614009857, "dvar": 29.6671447754, "dvar2": 50.545463562, "max": 64, "mean": 18.2942523956, "median": 16, "min": 0, "var": 153.388580322}, "spectral_contrast_coeffs": {"dmean": [0.0492958389223, 0.0449871569872, 0.037347804755, 0.0310410857201, 0.0202090889215, 0.0184280071408], "dmean2": [0.0807776376605, 0.0725019276142, 0.0596505962312, 0.0500196404755, 0.0332918539643, 0.028217850253], "dvar": [0.00229837954976, 0.00143484876025, 0.000981482560746, 0.000688275729772, 0.000301104126265, 0.00034867762588], "dvar2": [0.00565668521449, 0.00369650078937, 0.00233163079247, 0.00169882271439, 0.000750532955863, 0.000727887032554], "max": [-0.347459435463, -0.404132187366, -0.394426137209, -0.524001061916, -0.57612913847, -0.636602044106], "mean": [-0.700082540512, -0.746036529541, -0.773673713207, -0.786790549755, -0.802169263363, -0.77106398344], "median": [-0.710485100746, -0.748442471027, -0.780101001263, -0.790434420109, -0.801578223705, -0.766487360001], "min": [-0.969987034798, -0.969742000103, -0.966730892658, -0.964104175568, -0.961375832558, -0.963599026203], "var": [0.00804166030139, 0.00565741118044, 0.00543388072401, 0.00363539438695, 0.00206097983755, 0.00211462611333]}, "spectral_contrast_valleys": {"dmean": [0.35507953167, 0.337993353605, 0.319590836763, 0.297793507576, 0.284321606159, 0.343193978071], "dmean2": [0.570647835732, 0.538200736046, 0.49566167593, 0.441668599844, 0.393718719482, 0.417902767658], "dvar": [0.124759048223, 0.110741443932, 0.111040584743, 0.111695289612, 0.14149749279, 0.203224271536], "dvar2": [0.250646710396, 0.219151332974, 0.20517835021, 0.186076253653, 0.232912257314, 0.313846677542], "max": [-5.18268823624, -4.92788267136, -5.43676710129, -5.93126630783, -5.39455223083, -6.74245500565], "mean": [-7.41356039047, -7.10796403885, -7.79862785339, -8.14309692383, -7.89103603363, -10.2638025284], "median": [-6.81596469879, -6.60272073746, -7.3809838295, -7.73207521439, -7.50501728058, -9.95887851715], "min": [-27.055141449, -27.3161354065, -27.7364673615, -27.3712482452, -27.3706569672, -27.279378891], "var": [3.97641444206, 3.58193826675, 3.29598069191, 3.15641951561, 2.99990010262, 3.07285928726]}, "spectral_decrease": {"dmean": 2.6828643751e-09, "dmean2": 4.01320532362e-09, "dvar": 2.17510715491e-17, "dvar2": 4.96512416445e-17, "max": 5.77390565915e-11, "mean": -6.13129991223e-09, "median": -4.49262183011e-09, "min": -5.15767446529e-08, "var": 3.81158539692e-17}, "spectral_energy": {"dmean": 0.0107982521877, "dmean2": 0.0159573741257, "dvar": 0.000341222039424, "dvar2": 0.000768165162299, "max": 0.200701460242, "mean": 0.0253161694854, "median": 0.0184365492314, "min": 1.051227409e-20, "var": 0.000633806688711}, "spectral_energyband_high": {"dmean": 0.000899643113371, "dmean2": 0.00118461973034, "dvar": 4.56037332697e-06, "dvar2": 8.32957448438e-06, "max": 0.0471056215465, "mean": 0.00167924247216, "median": 0.000366960855899, "min": 7.65147398049e-21, "var": 1.1801722394e-05}, "spectral_energyband_low": {"dmean": 0.00677717570215, "dmean2": 0.0108396960422, "dvar": 0.000206913813599, "dvar2": 0.000498742621858, "max": 0.15943698585, "mean": 0.0108869895339, "median": 0.0064747990109, "min": 4.71598624962e-23, "var": 0.00024254420714}, "spectral_energyband_middle_high": {"dmean": 0.00172397645656, "dmean2": 0.00253284815699, "dvar": 9.07692538021e-06, "dvar2": 1.9270572011e-05, "max": 0.051569968462, "mean": 0.00438678776845, "median": 0.00223550596274, "min": 1.45812645824e-21, "var": 3.30137299898e-05}, "spectral_energyband_middle_low": {"dmean": 0.00505214603618, "dmean2": 0.00761423166841, "dvar": 9.4068069302e-05, "dvar2": 0.000214981992031, "max": 0.118020296097, "mean": 0.0100152529776, "median": 0.00613110233098, "min": 2.28644075858e-22, "var": 0.000160023497301}, "spectral_entropy": {"dmean": 0.145159199834, "dmean2": 0.207519948483, "dvar": 0.0298359375447, "dvar2": 0.0556282065809, "max": 9.80339622498, "mean": 7.81129217148, "median": 7.82051753998, "min": 5.69431447983, "var": 0.204582154751}, "spectral_flux": {"dmean": 0.0269479565322, "dmean2": 0.0403233915567, "dvar": 0.00145759852603, "dvar2": 0.00288132322021, "max": 0.381817311049, "mean": 0.0798305124044, "median": 0.0665497630835, "min": 1.04479161434e-10, "var": 0.00368671794422}, "spectral_kurtosis": {"dmean": 1.2862290144, "dmean2": 2.05140447617, "dvar": 4.78627729416, "dvar2": 12.8593530655, "max": 58.7657623291, "mean": 3.92712903023, "median": 3.26924467087, "min": -1.24409079552, "var": 12.6445274353}, "spectral_rms": {"dmean": 0.0008827035781, "dmean2": 0.00125693180598, "dvar": 1.49161292029e-06, "dvar2": 3.13649070449e-06, "max": 0.0139930807054, "mean": 0.00436592381448, "median": 0.00424109399319, "min": 3.20247994789e-12, "var": 5.6373287407e-06}, "spectral_rolloff": {"dmean": 722.679260254, "dmean2": 1171.92614746, "dvar": 1671828, "dvar2": 3519110.75, "max": 19121.484375, "mean": 2246.00097656, "median": 1248.92578125, "min": 64.599609375, "var": 9023535}, "spectral_skewness": {"dmean": 0.19795678556, "dmean2": 0.297983825207, "dvar": 0.0602592006326, "dvar2": 0.137310728431, "max": 5.86939191818, "mean": 1.4489120245, "median": 1.41755068302, "min": -0.221730709076, "var": 0.285530865192}, "spectral_spread": {"dmean": 647990.5, "dmean2": 901024.5625, "dvar": 944667885568, "dvar2": 1544196325380.0, "max": 42647944, "mean": 5431102, "median": 5062868.5, "min": 1295439, "va