{"lowlevel": {"average_loudness": 0.934744358063, "barkbands": {"dmean": [4.84510273964e-05, 0.00385946291499, 0.00315542239696, 0.00115684221964, 0.00146477064118, 0.000772996107116, 0.000664652092382, 0.000454406253994, 0.000832446559798, 0.000537228595931, 0.000488302554004, 0.000414390611695, 0.000495714484714, 0.000469018035801, 0.000667891465127, 0.000446289079264, 0.000314802135108, 0.000145356345456, 0.00026556692319, 0.000222343252972, 0.000153792148922, 6.43339590169e-05, 3.93051523133e-05, 3.81289501092e-05, 4.39692048531e-05, 9.23608095036e-05, 7.56862718845e-05], "dmean2": [7.27359001758e-05, 0.00703388312832, 0.00578137114644, 0.00204725074582, 0.00253880955279, 0.00129834318068, 0.00102748617064, 0.000717245624401, 0.00127041712403, 0.000820287503302, 0.00072578038089, 0.000642658502329, 0.000787691562437, 0.000738698930945, 0.00103771220893, 0.000712723936886, 0.000492819468491, 0.00023259948648, 0.000406355480663, 0.000345594045939, 0.000236830455833, 9.72457564785e-05, 5.59285181225e-05, 5.20896646776e-05, 6.00725034019e-05, 0.000140194693813, 0.000117715710076], "dvar": [1.48137822009e-08, 7.84660660429e-05, 9.53029593802e-05, 4.95691801916e-06, 1.45072299347e-05, 5.30201850779e-06, 4.93555717185e-06, 2.63734773398e-06, 5.8567115957e-06, 4.93301922688e-06, 3.46383421856e-06, 1.59989144777e-06, 1.51113567881e-06, 1.78349182534e-06, 2.62899902737e-06, 1.18915227176e-06, 6.86063685862e-07, 9.09804498406e-08, 3.73912058649e-07, 2.62869804146e-07, 1.00734361297e-07, 1.95902032374e-08, 1.37453151083e-08, 8.74309957766e-09, 1.25341053092e-08, 6.99178031027e-08, 4.5020865258e-08], "dvar2": [3.11437204914e-08, 0.000236533494899, 0.000273429555818, 1.38947634696e-05, 4.02866608056e-05, 1.40476140587e-05, 1.10959881567e-05, 5.53237896384e-06, 1.22808014567e-05, 1.08240265035e-05, 6.81014626025e-06, 3.54054418494e-06, 3.63722574548e-06, 4.14226042267e-06, 5.55251017431e-06, 2.62731168732e-06, 1.65369351635e-06, 2.22785175197e-07, 8.67283119987e-07, 6.04236277013e-07, 2.3677452532e-07, 4.42040857251e-08, 2.73534990214e-08, 1.69654903459e-08, 2.40127739914e-08, 1.5436766887e-07, 1.02993439555e-07], "max": [0.00116722343955, 0.0950396507978, 0.0832109227777, 0.0325385667384, 0.0583150349557, 0.0310336593539, 0.0703129023314, 0.0668033435941, 0.078542329371, 0.097732283175, 0.074531622231, 0.0446834601462, 0.034641366452, 0.0470614917576, 0.0472772791982, 0.0325164161623, 0.0285284351557, 0.00916567072272, 0.0178389213979, 0.00976619962603, 0.00580060295761, 0.00326311774552, 0.00420327251777, 0.00187574338634, 0.00268211425282, 0.00418109912425, 0.00298583018593], "mean": [5.14322746312e-05, 0.00433866586536, 0.0028369941283, 0.00168716558255, 0.00188326823991, 0.000909592607059, 0.00113946502097, 0.000673653266858, 0.00157640397083, 0.000979494652711, 0.000786239805166, 0.000659378187265, 0.00086424080655, 0.000730757194106, 0.0011854309123, 0.000783799623605, 0.000557007035241, 0.00023819906346, 0.000458405324025, 0.0003626885009, 0.000242310532485, 0.0001077285051, 6.5514286689e-05, 6.05947898293e-05, 5.69388103031e-05, 9.39889941947e-05, 6.86720159138e-05], "median": [9.14975316846e-06, 0.00208995630965, 0.000679226592183, 0.000942019163631, 0.000814753002487, 0.000276920967735, 0.000267113471637, 0.000228145392612, 0.000511417223606, 0.000254823709838, 0.000216316548176, 0.000253478181548, 0.000304516055621, 0.000257576582953, 0.000317957019433, 0.000255175546044, 0.000226340111112, 0.000121940072859, 0.000171659863554, 0.00013184985437, 9.14967968129e-05, 3.43611172866e-05, 1.33283783725e-05, 7.94700645201e-06, 4.12656663684e-06, 2.09429117604e-06, 6.60526325191e-07], "min": [6.99934341009e-26, 1.44263391637e-24, 1.15722798517e-24, 1.1997183015e-24, 5.22361761104e-24, 6.28298641484e-24, 1.45924799757e-23, 6.62770719194e-24, 1.42653551355e-23, 1.24522798294e-23, 1.6846124631e-23, 1.55593299892e-23, 2.2844749172e-23, 3.78373662201e-23, 4.26626863824e-23, 3.25241261216e-23, 4.77522023727e-23, 1.04039778766e-22, 1.03871196035e-22, 1.96401513126e-22, 2.85548361619e-22, 3.09288354322e-22, 3.64958962601e-22, 5.50993720095e-22, 9.03365643336e-22, 1.23316725896e-21, 1.89266295268e-21], "var": [1.66402553958e-08, 6.31095681456e-05, 5.84436311328e-05, 5.92021069679e-06, 1.21287839647e-05, 4.81986262457e-06, 1.18601510621e-05, 5.92886044615e-06, 1.64812099683e-05, 1.27767352751e-05, 7.90092508396e-06, 3.04045192934e-06, 4.59764578409e-06, 2.84449720311e-06, 7.87001135905e-06, 3.08696280626e-06, 1.39732776461e-06, 1.34513982175e-07, 7.56533552249e-07, 4.37951257481e-07, 1.61778388019e-07, 4.27819308868e-08, 3.27562084124e-08, 2.09560706566e-08, 2.45108875419e-08, 8.87913103043e-08, 4.83658553208e-08]}, "barkbands_crest": {"dmean": 2.50859880447, "dmean2": 4.17834568024, "dvar": 5.98575592041, "dvar2": 16.0101070404, "max": 25.8071956635, "mean": 8.94353199005, "median": 8.1643705368, "min": 2.15792775154, "var": 14.5357933044}, "barkbands_flatness_db": {"dmean": 0.0222265291959, "dmean2": 0.0350035987794, "dvar": 0.000598399376031, "dvar2": 0.00162160268519, "max": 0.377789884806, "mean": 0.121500536799, "median": 0.121564738452, "min": 0.0141667695716, "var": 0.00203742505983}, "barkbands_kurtosis": {"dmean": 2.52977752686, "dmean2": 4.48805952072, "dvar": 40.4050483704, "dvar2": 121.280311584, "max": 87.0210571289, "mean": 1.78668105602, "median": 0.124876260757, "min": -1.91040241718, "var": 34.5513191223}, "barkbands_skewness": {"dmean": 0.606683254242, "dmean2": 0.999575853348, "dvar": 0.68011456728, "dvar2": 1.89693701267, "max": 8.74318599701, "mean": 0.919744551182, "median": 0.804569482803, "min": -3.070728302, "var": 1.41024017334}, "barkbands_spread": {"dmean": 6.46296787262, "dmean2": 10.1628503799, "dvar": 60.1568603516, "dvar2": 155.320037842, "max": 159.772018433, "mean": 26.5263462067, "median": 25.1999931335, "min": 1.09138929844, "var": 146.644729614}, "dissonance": {"dmean": 0.0143970567733, "dmean2": 0.0243295058608, "dvar": 0.000254040263826, "dvar2": 0.00070138607407, "max": 0.500000119209, "mean": 0.47332650423, "median": 0.478914231062, "min": 0.151185303926, "var": 0.000486501696287}, "dynamic_complexity": 3.37239694595, "erbbands": {"dmean": [0.0699693411589, 1.03919351101, 3.55389976501, 3.7380669117, 4.85604763031, 4.90391159058, 3.62060523033, 7.49805831909, 8.08315467834, 10.7503871918, 10.9330015182, 20.2217178345, 15.4425544739, 16.9844264984, 16.6521129608, 18.6307125092, 23.6511955261, 20.4268417358, 26.3769416809, 40.8290557861, 19.358997345, 15.059343338, 8.27044010162, 8.57412528992, 14.4581985474, 9.73722362518, 8.65258026123, 4.16002082825, 2.52742409706, 1.57483565807, 1.06686675549, 0.824862837791, 0.649246156216, 0.4876986444, 0.328396439552, 0.325874775648, 0.181429371238, 0.0648790746927, 0.0133420396596, 0.000703115016222], "dmean2": [0.123381249607, 1.8964548111, 6.48731899261, 6.74104738235, 8.42022418976, 8.49623394012, 6.09350013733, 12.7126016617, 12.8281555176, 16.3549976349, 16.5538787842, 30.4654140472, 23.5957603455, 25.5132198334, 24.6637592316, 28.6952648163, 36.8151130676, 31.7814216614, 40.9274215698, 63.8935623169, 30.739812851, 23.5639648438, 13.1084508896, 13.1673030853, 21.9720993042, 15.0156641006, 13.431678772, 6.32797145844, 3.85879659653, 2.28401398659, 1.53101909161, 1.15151691437, 0.884924709797, 0.662147402763, 0.457713901997, 0.492503702641, 0.277770280838, 0.0999968722463, 0.0208456460387, 0.0010933711892], "dvar": [0.0262491200119, 6.23812246323, 115.391204834, 83.2522277832, 118.11857605, 153.696533203, 106.339447021, 535.864501953, 905.88482666, 1063.26477051, 1590.82189941, 3427.77172852, 5822.03271484, 3585.03076172, 4914.328125, 3149.62109375, 3175.86938477, 3851.44799805, 4970.36328125, 10397.1865234, 3273.16162109, 1568.28625488, 265.975463867, 347.5440979, 1247.65356445, 516.393920898, 408.042480469, 54.1243057251, 28.0584621429, 18.3459644318, 10.4294490814, 4.70486307144, 2.54542326927, 1.54057621956, 0.742801308632, 0.886048853397, 0.27235648036, 0.034873187542, 0.00141754106153, 3.73262014364e-06], "dvar2": [0.0741695091128, 18.5636672974, 330.095672607, 237.661483765, 324.027404785, 427.017272949, 284.391571045, 1443.30114746, 2104.76367188, 2328.35693359, 3052.14648438, 6903.24609375, 12939.2080078, 7851.04296875, 9726.31054688, 6918.13330078, 7222.94775391, 8768.11914062, 10607.2753906, 22771.984375, 6983.44580078, 3743.97070312, 646.683105469, 773.014770508, 2867.6550293, 1155.58251953, 940.053039551, 122.346862793, 64.0923156738, 39.1022987366, 20.7313289642, 9.68227672577, 4.93731689453, 2.96508359909, 1.44695925713, 1.94313216209, 0.60982298851, 0.0786582306027, 0.00326507841237, 8.56379210745e-06], "max": [2.28480792046, 22.9289569855, 84.8394699097, 96.3677139282, 190.625686646, 140.375259399, 169.859939575, 293.851043701, 1183.66674805, 1073.95056152, 1842.0546875, 1594.77514648, 3834.97485352, 1850.74035645, 3377.43652344, 2174.15063477, 1934.10400391, 1852.99304199, 2431.28588867, 2846.43701172, 2197.51928711, 1543.57922363, 434.771026611, 559.736022949, 1043.54492188, 479.351013184, 405.889404297, 122.580215454, 110.771789551, 154.273422241, 119.172554016, 52.7540168762, 35.997379303, 35.2104187012, 16.530292511, 15.7285308838, 7.49889087677, 3.35347962379, 0.492785334587, 0.0265031941235], "mean": [0.081618629396, 1.1273214817, 3.3322429657, 4.62883138657, 6.33712053299, 6.62871170044, 4.77961969376, 8.42193317413, 12.3428964615, 18.1990451813, 19.4066295624, 38.330581665, 31.0177345276, 32.673286438, 28.4809970856, 32.3011131287, 44.3543701172, 34.4380607605, 46.0447311401, 77.5765380859, 36.9445800781, 28.0646457672, 15.4128856659, 15.951883316, 24.7241477966, 16.722070694, 13.5315799713, 7.18743753433, 4.16606521606, 2.65030860901, 1.76564443111, 1.33024537563, 0.977287888527, 0.664105415344, 0.400158256292, 0.347972750664, 0.178371489048, 0.061663184315, 0.0120953945443, 0.000646036991384], "median": [0.0323824733496, 0.524879813194, 1.08276343346, 2.68974971771, 3.55081391335, 2.72712278366, 1.889295578, 2.42235088348, 3.05211496353, 4.89308738708, 7.44120311737, 11.9884557724, 10.2942581177, 9.45434379578, 9.50507736206, 13.237909317, 18.0307006836, 13.4235572815, 17.2226715088, 20.2106552124, 13.7925224304, 12.3884353638, 8.35122871399, 8.0820646286, 8.8255777359, 6.62283802032, 4.17555189133, 3.0577147007, 1.42379915714, 0.658857703209, 0.338331401348, 0.189777031541, 0.118779301643, 0.0531685426831, 0.0245555303991, 0.0112840738147, 0.0033802811522, 0.000814845785499, 0.000113847185276, 3.41528939316e-05], "min": [7.12712982455e-23, 5.78281340196e-22, 1.34274405242e-21, 4.64346520637e-21, 9.51757890213e-21, 8.99229821052e-21, 3.66206783538e-20, 4.14629839662e-20, 1.50513771335e-19, 1.39210606759e-19, 2.11270290725e-19, 3.40546380779e-19, 5.8215498096e-19, 6.51016060895e-19, 9.38633377325e-19, 7.79741856122e-19, 1.20155356221e-18, 1.51049559483e-18, 3.08821409008e-18, 3.76281648236e-18, 3.68009676675e-18, 3.99015921551e-18, 5.16128276753e-18, 5.63984728374e-18, 7.81997856826e-18, 8.71458763562e-18, 1.05069490567e-17, 1.11222680348e-17, 1.14340663221e-17, 1.18519935364e-17, 1.07127755813e-17, 1.12593450972e-17, 8.5758777187e-18, 8.3883616641e-18, 6.76021461979e-18, 4.15668804361e-18, 2.25064243468e-18, 8.90180652559e-19, 2.35683453755e-19, 2.51316485554e-20], "var": [0.0238846410066, 4.70387077332, 72.374710083, 60.5223884583, 102.565559387, 156.099838257, 94.0109176636, 459.423614502, 1615.09033203, 2568.33398438, 4604.18652344, 10574.6123047, 15976.5527344, 10484.8164062, 10258.8535156, 6441.61181641, 10889.1074219, 6678.45263672, 11494.7304688, 32753.203125, 8062.19238281, 3121.16821289, 481.062866211, 737.186462402, 2341.171875, 856.142883301, 696.366455078, 111.355613708, 58.4392852783, 40.47681427, 24.5950431824, 11.0522136688, 5.56959581375, 3.29267382622, 1.30196201801, 1.21491038799, 0.322680562735, 0.0399003699422, 0.00151583144907, 3.91302273783e-06]}, "erbbands_crest": {"dmean": 2.82961940765, "dmean2": 4.5064239502, "dvar": 7.63476467133, "dvar2": 17.3221435547, "max": 33.7685127258, "mean": 9.95849990845, "median": 8.23173522949, "min": 2.26724123955, "var": 31.3414516449}, "erbbands_flatness_db": {"dmean": 0.0223365668207, "dmean2": 0.0301841627806, "dvar": 0.000556703074835, "dvar2": 0.000938882527407, "max": 0.361707627773, "mean": 0.166409611702, "median": 0.16876244545, "min": 0.0299578793347, "var": 0.0028186282143}, "erbbands_kurtosis": {"dmean": 0.954844474792, "dmean2": 1.48545217514, "dvar": 2.17686676979, "dvar2": 4.8648557663, "max": 41.5663337708, "mean": 0.80229383707, "median": 0.0206173658371, "min": -1.70386040211, "var": 6.95195960999}, "erbbands_skewness": {"dmean": 0.326727479696, "dmean2": 0.505834639072, "dvar": 0.0942164286971, "dvar2": 0.21606375277, "max": 5.66248655319, "mean": -0.109704904258, "median": -0.152721703053, "min": -3.88801836967, "var": 0.546859502792}, "erbbands_spread": {"dmean": 8.06366062164, "dmean2": 12.4044542313, "dvar": 92.2210617065, "dvar2": 212.837768555, "max": 123.788085938, "mean": 31.8611984253, "median": 29.6696910858, "min": 2.02896118164, "var": 243.476760864}, "gfcc": {"cov": [[21431.5996094, -468.495330811, -711.801147461, 90.6746826172, -724.221679688, 173.92489624, -595.149658203, 1.05549061298, -347.299316406, 191.607147217, -219.793182373, 89.7847900391, -220.679290771], [-468.495330811, 1891.625, -830.661865234, 366.817443848, 209.078598022, -100.754989624, 295.483093262, -65.1770782471, 82.8235702515, -89.6943130493, 40.9447364807, -127.921409607, 64.2862472534], [-711.801147461, -830.661865234, 1289.45715332, -273.2137146, 112.032981873, 116.780418396, -119.194351196, 91.1014709473, -51.2588119507, -3.95022320747, 2.93261218071, 128.462966919, -100.475486755], [90.6746826172, 366.817443848, -273.2137146, 395.432434082, 58.0930175781, 9.61747550964, 69.4640655518, -28.7239704132, 46.1208496094, -16.3183135986, -4.57161855698, -65.5391464233, 44.33776474], [-724.221679688, 209.078598022, 112.032981873, 58.0930175781, 405.796356201, 3.71694588661, 127.309455872, 24.7315158844, 26.7005767822, 24.6709690094, -11.4638767242, -31.8277435303, 33.0576515198], [173.92489624, -100.754989624, 116.780418396, 9.61747550964, 3.71694588661, 192.426956177, 15.1861810684, 31.4670734406, -10.0918741226, -10.0543775558, 5.89568948746, 17.0048542023, -20.9196166992], [-595.149658203, 295.483093262, -119.194351196, 69.4640655518, 127.309455872, 15.1861810684, 238.764297485, 25.9437599182, 23.8309383392, -8.52811336517, 10.4505062103, -23.3946914673, 21.2975769043], [1.05549061298, -65.1770782471, 91.1014709473, -28.7239704132, 24.7315158844, 31.4670734406, 25.9437599182, 111.100250244, 21.9933929443, -1.00157618523, -1.85321712494, 4.41522598267, -9.71653270721], [-347.299316406, 82.8235702515, -51.2588119507, 46.1208496094, 26.7005767822, -10.0918741226, 23.8309383392, 21.9933929443, 108.804885864, 24.5507507324, -1.65370714664, -20.3960437775, 14.7785587311], [191.607147217, -89.6943130493, -3.95022320747, -16.3183135986, 24.6709690094, -10.0543775558, -8.52811336517, -1.00157618523, 24.5507507324, 86.1302947998, 10.9805240631, -5.46132564545, 0.827691674232], [-219.793182373, 40.9447364807, 2.93261218071, -4.57161855698, -11.4638767242, 5.89568948746, 10.4505062103, -1.85321712494, -1.65370714664, 10.9805240631, 78.4470214844, 22.1297187805, -10.1224822998], [89.7847900391, -127.921409607, 128.462966919, -65.5391464233, -31.8277435303, 17.0048542023, -23.3946914673, 4.41522598267, -20.3960437775, -5.46132564545, 22.1297187805, 88.2381820679, -4.98507785797], [-220.679290771, 64.2862472534, -100.475486755, 44.33776474, 33.0576515198, -20.9196166992, 21.2975769043, -9.71653270721, 14.7785587311, 0.827691674232, -10.1224822998, -4.98507785797, 78.9571304321]], "icov": [[7.30445171939e-05, -4.16508664784e-05, 7.79871406849e-05, -9.60583784035e-05, 7.38587550586e-05, -8.26850373414e-05, 0.000176611123607, -0.000179593349458, 0.000329289177898, -0.000395167648094, 0.000370933383238, -0.000248848344199, 0.000243029920966], [-4.16508664784e-05, 0.00125751853921, 0.000620013684966, -0.000269726413535, -0.000767191522755, 0.000426354905358, -0.000747464306187, 0.000584059685934, -0.000871727475896, 0.00200476287864, -0.00119486311451, 0.000427993305493, 0.000523824885022], [7.79871406849e-05, 0.000620013684966, 0.00185523252003, 0.000233301660046, -0.0012532324763, -0.000406297243899, 0.000715856964234, -0.000617904646788, 9.86565009953e-06, 0.000816551793832, 0.000213649851503, -0.00174913217779, 0.00199746363796], [-9.60583784035e-05, -0.000269726413535, 0.000233301660046, 0.00389276538044, -0.000368237699149, -0.000880384468473, -0.000217543114559, 0.0011306371307, -0.00154698744882, 0.00136628176551, -0.000835620157886, 0.00203152210452, -0.0015228377888], [7.38587550586e-05, -0.000767191522755, -0.0012532324763, -0.000368237699149, 0.004314632155, -1.13923588287e-05, -0.00160153722391, -0.000493469648063, 0.000901026069187, -0.00282823015004, 0.00132114824373, 0.00111709500197, -0.00189421896357], [-8.26850373414e-05, 0.000426354905358, -0.000406297243899, -0.000880384468473, -1.13923588287e-05, 0.00628837198019, -0.00103654281702, -0.00110184936784, 0.000147333674249, 0.0010777170537, -0.000737374590244, -0.000450692372397, 0.00105211732443], [0.000176611123607, -0.000747464306187, 0.000715856964234, -0.000217543114559, -0.00160153722391, -0.00103654281702, 0.00694696279243, -0.00214741402306, 0.000697366311215, -0.000431820313679, 3.04945206153e-05, -0.000756279798225, 0.000223254610319], [-0.000179593349458, 0.000584059685934, -0.000617904646788, 0.0011306371307, -0.000493469648063, -0.00110184936784, -0.00214741402306, 0.0118680661544, -0.00410328106955, 0.00247431709431, -0.000843612418976, 0.00107077753637, 0.000257243198575], [0.000329289177898, -0.000871727475896, 9.86565009953e-06, -0.00154698744882, 0.000901026069187, 0.000147333674249, 0.000697366311215, -0.00410328106955, 0.0136012770236, -0.00630888296291, 0.0022779898718, 6.69847577228e-05, -0.000703287194483], [-0.000395167648094, 0.00200476287864, 0.000816551793832, 0.00136628176551, -0.00282823015004, 0.0010777170537, -0.000431820313679, 0.00247431709431, -0.00630888296291, 0.0185473952442, -0.00604311004281, 0.00286331959069, -0.000181776995305], [0.000370933383238, -0.00119486311451, 0.000213649851503, -0.000835620157886, 0.00132114824373, -0.000737374590244, 3.04945206153e-05, -0.000843612418976, 0.0022779898718, -0.00604311004281, 0.0177368242294, -0.00647657038644, 0.00339211267419], [-0.000248848344199, 0.000427993305493, -0.00174913217779, 0.00203152210452, 0.00111709500197, -0.000450692372397, -0.000756279798225, 0.00107077753637, 6.69847577228e-05, 0.00286331959069, -0.00647657038644, 0.0180665142834, -0.00439414847642], [0.000243029920966, 0.000523824885022, 0.00199746363796, -0.0015228377888, -0.00189421896357, 0.00105211732443, 0.000223254610319, 0.000257243198575, -0.000703287194483, -0.000181776995305, 0.00339211267419, -0.00439414847642, 0.0176490806043]], "mean": [-19.9648265839, 95.3738098145, -129.591796875, 27.5854988098, -34.5813484192, 5.51652097702, -20.3059272766, 2.8822247982, -19.7784347534, 1.47021770477, -19.8517017365, -7.26416349411, -10.705329895]}, "hfc": {"dmean": 9.18595504761, "dmean2": 12.559715271, "dvar": 206.194061279, "dvar2": 373.962768555, "max": 208.82144165, "mean": 23.1509952545, "median": 15.409113884, "min": 1.08850423959e-16, "var": 557.659912109}, "melbands": {"dmean": [0.000834945589304, 0.00171544693876, 0.000669207423925, 0.000377999502234, 0.000132457673317, 0.000161289397511, 0.000126198297949, 0.000111202563858, 0.000103705046058, 0.00012253690511, 7.64658470871e-05, 6.84174447088e-05, 6.70742665534e-05, 4.00838980568e-05, 5.89198680245e-05, 4.63932155981e-05, 3.894969268e-05, 4.46301819466e-05, 4.62523785245e-05, 4.3315536459e-05, 2.30656187341e-05, 1.85273547686e-05, 1.30085618366e-05, 6.01502824793e-06, 7.56543067837e-06, 1.04751834442e-05, 1.02505227915e-05, 6.41208862362e-06, 6.3784973463e-06, 4.1140256144e-06, 2.0334614419e-06, 1.64971959293e-06, 1.05904746306e-06, 8.49437412853e-07, 6.72494707032e-07, 5.3768997077e-07, 4.95874644457e-07, 4.82195900986e-07, 4.33623625895e-07, 4.13562673884e-07], "dmean2": [0.00151027191896, 0.00312680960633, 0.00119446287863, 0.00065664050635, 0.000223159382585, 0.000271724682534, 0.000198958965484, 0.000172003899934, 0.000154898472829, 0.000185249082278, 0.000116789473395, 0.00010358831787, 9.91194538074e-05, 6.15402896074e-05, 9.19021476875e-05, 7.20990356058e-05, 6.08426998951e-05, 6.97871073498e-05, 7.21659380361e-05, 6.83700418449e-05, 3.68243527191e-05, 2.92306031042e-05, 2.08643650694e-05, 9.69141456153e-06, 1.17635972856e-05, 1.60478557518e-05, 1.58522670972e-05, 1.00750439742e-05, 1.01074883787e-05, 6.45899581286e-06, 3.1045135529e-06, 2.57724855146e-06, 1.61122147802e-06, 1.24613563912e-06, 9.87742737379e-07, 7.7632466855e-07, 7.06323987743e-07, 6.81472329234e-07, 6.02366185376e-07, 5.72797091536e-07], "dvar": [3.37948313245e-06, 2.35661555053e-05, 2.12333452509e-06, 9.26799714307e-07, 1.25323396105e-07, 2.34421051459e-07, 2.03653854669e-07, 1.17645591047e-07, 1.28331095084e-07, 1.32414825771e-07, 1.44676604918e-07, 6.18358271254e-08, 6.61790480194e-08, 1.86655935153e-08, 2.55685161932e-08, 1.36466429268e-08, 1.63807474252e-08, 1.55854227302e-08, 1.24882992836e-08, 1.02752046871e-08, 5.01183228252e-09, 3.28312066422e-09, 9.03423835741e-10, 1.23646815009e-10, 3.02363661886e-10, 6.77732869825e-10, 6.1587301925e-10, 2.4588017733e-10, 2.53911641712e-10, 8.34382632431e-11, 1.34408525976e-11, 1.20876702744e-11, 7.72061147652e-12, 6.08523951715e-12, 4.69427795247e-12, 2.27127301342e-12, 1.71001234006e-12, 1.48535036267e-12, 1.20371464532e-12, 1.15154858305e-12], "dvar2": [1.01096047729e-05, 6.78345313645e-05, 6.0040815697e-06, 2.57345686805e-06, 3.37963996344e-07, 6.24154779416e-07, 4.66654597631e-07, 2.64506894609e-07, 2.47461940717e-07, 2.65294318069e-07, 3.22417122334e-07, 1.37275520729e-07, 1.25703479625e-07, 4.19969019561e-08, 5.70391449628e-08, 3.07999563631e-08, 3.80202713757e-08, 3.36388978894e-08, 2.70732485319e-08, 2.30388632616e-08, 1.09148245997e-08, 7.949991776e-09, 2.19006790481e-09, 2.94541363521e-10, 6.81253442547e-10, 1.55549773062e-09, 1.4035124174e-09, 5.80515413517e-10, 5.97948246472e-10, 2.00023830832e-10, 2.96408592115e-11, 2.82423216758e-11, 1.81577114455e-11, 1.28134967914e-11, 9.28263976102e-12, 4.98382932146e-12, 3.63517375923e-12, 3.0599813048e-12, 2.42567684688e-12, 2.27014414211e-12], "max": [0.0246303491294, 0.0365553312004, 0.0161490887403, 0.0155222825706, 0.00579242967069, 0.00613790610805, 0.0168159101158, 0.0113602736965, 0.0164613798261, 0.0115167545155, 0.0189538765699, 0.00743070663884, 0.0114117283374, 0.00558479130268, 0.00567532563582, 0.00424993317574, 0.00420409068465, 0.00396024342626, 0.00276328180917, 0.00229089288041, 0.00257859146222, 0.00230525317602, 0.000796041800641, 0.000281099783024, 0.000510088459123, 0.000865370908286, 0.000606594898272, 0.00032396838651, 0.0004224673321, 0.000232834907365, 8.05655508884e-05, 9.14217307582e-05, 8.7245090981e-05, 8.54242462083e-05, 8.83463362698e-05, 4.44632059953e-05, 3.22392334056e-05, 2.88319315587e-05, 3.59280202247e-05, 2.98889790429e-05], "mean": [0.000982656958513, 0.00172254047357, 0.000871821772307, 0.000491358572617, 0.000188242906006, 0.00018555475981, 0.000203092422453, 0.000180018949322, 0.000182676507393, 0.000232011530898, 0.000146935766679, 0.000127761188196, 0.000110322245746, 6.33315357845e-05, 0.000104410370113, 8.12551515992e-05, 6.07795300311e-05, 7.13715198799e-05, 8.64376997924e-05, 8.06289244792e-05, 3.87514774047e-05, 3.11972798954e-05, 2.11440601561e-05, 9.82192977972e-06, 1.28924411911e-05, 1.76954508788e-05, 1.63288059412e-05, 1.00054767245e-05, 9.15684631764e-06, 6.19480442765e-06, 3.41765576195e-06, 2.53561643149e-06, 1.68864642092e-06, 1.37376014209e-06, 1.06936715838e-06, 8.28179167911e-07, 7.77672426011e-07, 7.01326825947e-07, 6.10953861724e-07, 5.37604080364e-07], "median": [0.000480938761029, 0.000691907131113, 0.000524324248545, 0.000232416263316, 8.06138268672e-05, 5.35393155587e-05, 4.93331426696e-05, 5.18548185937e-05, 6.37492194073e-05, 7.30503088562e-05, 4.39377035946e-05, 3.31421251758e-05, 3.30151706294e-05, 2.22729613597e-05, 4.568220902e-05, 3.00313986372e-05, 2.13569765037e-05, 2.23252864089e-05, 2.43907252298e-05, 2.18709101318e-05, 1.21847460832e-05, 1.16899254863e-05, 9.19476406125e-06, 5.28491545992e-06, 6.01938700129e-06, 6.12594340055e-06, 5.59897762287e-06, 3.61504135071e-06, 2.30959358305e-06, 2.26248766921e-06, 1.30964838263e-06, 8.15174928448e-07, 4.46930869202e-07, 3.02167279642e-07, 1.928897575e-07, 1.3529034959e-07, 9.95675577542e-08, 8.69379164214e-08, 5.63987150315e-08, 3.74509454559e-08], "min": [1.07618702248e-24, 6.35495547712e-25, 1.11669177591e-24, 1.58849035344e-24, 9.98154972492e-25, 7.73601229174e-25, 2.66132422404e-24, 1.57132257078e-24, 1.99645450374e-24, 2.13064901284e-24, 2.57030150849e-24, 2.35766267098e-24, 2.91660020461e-24, 1.91732406356e-24, 2.02033312613e-24, 2.18284202248e-24, 2.91793061853e-24, 4.71881723475e-24, 3.06866971017e-24, 2.4650826493e-24, 3.81896005029e-24, 2.21356973246e-24, 3.65277506212e-24, 4.71933196649e-24, 3.85980608467e-24, 4.50124466393e-24, 4.41303384307e-24, 4.9922052645e-24, 3.65860158877e-24, 5.90183840772e-24, 4.99372263845e-24, 5.20001370947e-24, 5.84024690926e-24, 5.84393010082e-24, 5.16389452963e-24, 4.97905495321e-24, 5.8449142048e-24, 5.74488861417e-24, 5.23983856341e-24, 6.84393396606e-24], "var": [2.98346526506e-06, 1.55756461027e-05, 1.68942415257e-06, 7.6692458606e-07, 1.19339276239e-07, 2.1140094475e-07, 4.13586178638e-07, 2.38979282585e-07, 3.79303287446e-07, 3.90998508237e-07, 3.96916078671e-07, 1.79163592406e-07, 1.52570223122e-07, 3.45350414932e-08, 5.75860568119e-08, 3.80922742238e-08, 2.68256155067e-08, 3.21703410577e-08, 3.65561163562e-08, 3.1165910741e-08, 1.18476330968e-08, 6.04004535276e-09, 1.68917579924e-09, 1.99408781154e-10, 6.01726224403e-10, 1.35109068378e-09, 1.04626574071e-09, 3.59160257091e-10, 4.26374435758e-10, 1.22673024516e-10, 3.06080369383e-11, 2.34909626473e-11, 1.46646098043e-11, 1.34748557798e-11, 1.12809770206e-11, 4.1986691901e-12, 3.97275354974e-12, 2.88047623948e-12, 2.60921189169e-12, 2.26883919638e-12]}, "melbands_crest": {"dmean": 3.27228331566, "dmean2": 5.51965475082, "dvar": 11.6102600098, "dvar2": 31.4713783264, "max": 34.2481155396, "mean": 12.3565397263, "median": 11.5004863739, "min": 1.65019059181, "var": 24.303440094}, "melbands_flatness_db": {"dmean": 0.0284000691026, "dmean2": 0.046034861356, "dvar": 0.00111263047438, "dvar2": 0.00301573215984, "max": 0.515622913837, "mean": 0.185831651092, "median": 0.181136071682, "min": 0.00314030703157, "var": 0.00399429211393}, "melbands_kurtosis": {"dmean": 7.30483961105, "dmean2": 12.9441795349, "dvar": 407.087219238, "dvar2": 1183.56835938, "max": 309.795928955, "mean": 7.90372610092, "median": 2.90558838844, "min": -1.80383038521, "var": 337.075622559}, "melbands_skewness": {"dmean": 0.84763687849, "dmean2": 1.40170717239, "dvar": 1.55835866928, "dvar2": 4.20849943161, "max": 12.98391819, "mean": 1.96691834927, "median": 1.6598751545, "min": -2.66996049881, "var": 2.72902584076}, "melbands_spread": {"dmean": 8.91220188141, "dmean2": 14.2093772888, "dvar": 95.4962921143, "dvar2": 234.741897583, "max": 173.303131104, "mean": 33.1624298096, "median": 29.2165222168, "min": 0.893861114979, "var": 427.241516113}, "mfcc": {"cov": [[8521.45703125, -76.9720535278, 52.7885894775, 25.9007835388, -108.840919495, 53.3521194458, -114.346588135, -181.25177002, -71.3320846558, -14.2310609818, -18.6181316376, 5.36551618576, 41.8441467285], [-76.9720535278, 1448.55639648, -466.20098877, 342.465148926, 0.0576758049428, 94.9769058228, 133.18548584, 79.2703018188, 76.2626800537, 27.6147289276, 27.4742107391, 32.5414466858, 0.656161785126], [52.7885894775, -466.20098877, 765.990722656, -232.981628418, 129.585006714, -49.4552764893, -36.8751792908, 76.1071472168, -86.4984436035, -57.7096710205, 30.0097427368, -33.4444389343, 17.4424877167], [25.9007835388, 342.465148926, -232.981628418, 372.729980469, 23.7400722504, 73.0240936279, 48.4792060852, -1.78699207306, 73.1623535156, 50.8055725098, -30.9097557068, 26.5450954437, 5.66554498672], [-108.840919495, 0.0576758049428, 129.585006714, 23.7400722504, 237.752868652, 30.7165775299, 34.3680610657, 8.83673000336, 27.6786899567, 28.2594547272, -14.6271018982, 2.76901483536, 24.3334617615], [53.3521194458, 94.9769058228, -49.4552764893, 73.0240936279, 30.7165775299, 151.498260498, 61.424659729, 18.4463405609, 34.2140693665, 8.96417808533, 6.29387998581, 13.03652668, 1.24581754208], [-114.346588135, 133.18548584, -36.8751792908, 48.4792060852, 34.3680610657, 61.424659729, 170.190383911, 53.3525543213, 32.5333518982, 8.50285148621, 15.009013176, 10.2294845581, 3.11910438538], [-181.25177002, 79.2703018188, 76.1071472168, -1.78699207306, 8.83673000336, 18.4463405609, 53.3525543213, 142.227523804, 17.5095767975, -8.13489627838, 27.3185882568, -6.78842496872, 1.86186003685], [-71.3320846558, 76.2626800537, -86.4984436035, 73.1623535156, 27.6786899567, 34.2140693665, 32.5333518982, 17.5095767975, 133.549407959, 47.5743789673, -12.2192573547, 12.7549514771, 4.75758838654], [-14.2310609818, 27.6147289276, -57.7096710205, 50.8055725098, 28.2594547272, 8.96417808533, 8.50285148621, -8.13489627838, 47.5743789673, 102.212257385, 9.29795646667, -4.22597122192, 6.23534059525], [-18.6181316376, 27.4742107391, 30.0097427368, -30.9097557068, -14.6271018982, 6.29387998581, 15.009013176, 27.3185882568, -12.2192573547, 9.29795646667, 98.2616882324, 11.5027351379, -3.27629494667], [5.36551618576, 32.5414466858, -33.4444389343, 26.5450954437, 2.76901483536, 13.03652668, 10.2294845581, -6.78842496872, 12.7549514771, -4.22597122192, 11.5027351379, 86.0004348755, 16.2481021881], [41.8441467285, 0.656161785126, 17.4424877167, 5.66554498672, 24.3334617615, 1.24581754208, 3.11910438538, 1.86186003685, 4.75758838654, 6.23534059525, -3.27629494667, 16.2481021881, 75.496635437]], "icov": [[0.000124997008243, -1.63443164638e-05, -6.26925757388e-05, -2.60045035247e-05, 0.000102626770968, -0.000110571949335, 4.62610005343e-05, 0.000189866361325, 2.75770617009e-05, -1.44859850479e-05, 1.26397594613e-06, 1.79311864485e-05, -9.48945089476e-05], [-1.63443164638e-05, 0.00113721203525, 0.000690310669597, -0.000734804023523, -0.000364830280887, 9.75444854703e-05, -0.000264660280664, -0.000796333828475, 0.000176484929398, 0.00047771082609, -0.00060121511342, 0.000120847857033, -6.12923176959e-05], [-6.26925757388e-05, 0.000690310669597, 0.00270850909874, 0.000643558683805, -0.00185205973685, 0.000285056157736, 0.000499699206557, -0.00192234036513, 0.000980116426945, 0.00095042824978, -0.000696332252119, 0.000452673411928, -0.000294214172754], [-2.60045035247e-05, -0.000734804023523, 0.000643558683805, 0.00451892521232, -0.00031705328729, -0.00122121954337, 3.22480664181e-05, -0.000133990426548, -0.000503630668391, -0.0014675311977, 0.00167556526139, -0.000920830178075, 8.11449353932e-05], [0.000102626770968, -0.000364830280887, -0.00185205973685, -0.00031705328729, 0.00605608895421, -0.000938387762289, -0.00105200742837, 0.00117669149768, -0.00080409750808, -0.00188192294445, 0.00145186774898, -0.000266618531896, -0.00119755545165], [-0.000110571949335, 9.75444854703e-05, 0.000285056157736, -0.00122121954337, -0.000938387762289, 0.00868991389871, -0.00236981548369, -0.000176096480573, -0.00112002203241, 0.000985049875453, -0.000992591376416, -0.000280920387013, 0.000354137591785], [4.62610005343e-05, -0.000264660280664, 0.000499699206557, 3.22480664181e-05, -0.00105200742837, -0.00236981548369, 0.0082537131384, -0.00261142081581, -0.0004585867282, 0.000203393647098, -0.00063327269163, -0.000354460178642, 2.12792110688e-05], [0.000189866361325, -0.000796333828475, -0.00192234036513, -0.000133990426548, 0.00117669149768, -0.000176096480573, -0.00261142081581, 0.0105386944488, -0.00237044831738, 0.00136623054277, -0.00216261390597, 0.00152806437109, -0.000558666244615], [2.75770617009e-05, 0.000176484929398, 0.000980116426945, -0.000503630668391, -0.00080409750808, -0.00112002203241, -0.0004585867282, -0.00237044831738, 0.0111652184278, -0.00455511268228, 0.00220683449879, -0.00169724528678, 0.000283244327875], [-1.44859850479e-05, 0.00047771082609, 0.00095042824978, -0.0014675311977, -0.00188192294445, 0.000985049875453, 0.000203393647098, 0.00136623054277, -0.00455511268228, 0.0141067663208, -0.00390611682087, 0.00275518698618, -0.00119787710719], [1.26397594613e-06, -0.00060121511342, -0.000696332252119, 0.00167556526139, 0.00145186774898, -0.000992591376416, -0.00063327269163, -0.00216261390597, 0.00220683449879, -0.00390611682087, 0.0130965672433, -0.00302543258294, 0.00107059394941], [1.79311864485e-05, 0.000120847857033, 0.000452673411928, -0.000920830178075, -0.000266618531896, -0.000280920387013, -0.000354460178642, 0.00152806437109, -0.00169724528678, 0.00275518698618, -0.00302543258294, 0.0136454282328, -0.00316754961386], [-9.48945089476e-05, -6.12923176959e-05, -0.000294214172754, 8.11449353932e-05, -0.00119755545165, 0.000354137591785, 2.12792110688e-05, -0.000558666244615, 0.000283244327875, -0.00119787710719, 0.00107059394941, -0.00316754961386, 0.0145629299805]], "mean": [-655.506530762, 130.758026123, -27.1232337952, 30.1017665863, 1.82149016857, 11.6094894409, 5.8776268959, 1.979367733, 6.42781066895, 6.31758928299, -1.11037039757, -0.858541667461, -2.15356206894]}, "pitch_salience": {"dmean": 0.072445243597, "dmean2": 0.1206234321, "dvar": 0.00521857617423, "dvar2": 0.0143997585401, "max": 0.884768605232, "mean": 0.537041306496, "median": 0.542773485184, "min": 0.119401186705, "var": 0.0123930368572}, "silence_rate_20dB": {"dmean": 0, "dmean2": 0, "dvar": 0, "dvar2": 0, "max": 1, "mean": 1, "median": 1, "min": 1, "var": 0}, "silence_rate_30dB": {"dmean": 0.00250747427344, "dmean2": 0.0050154319033, "dvar": 0.00250105233863, "dvar2": 0.00672668498009, "max": 1, "mean": 0.99836063385, "median": 1, "min": 0, "var": 0.00163663644344}, "silence_rate_60dB": {"dmean": 0.0165879055858, "dmean2": 0.0331790111959, "dvar": 0.0163122918457, "dvar2": 0.0388277173042, "max": 1, "mean": 0.0534233376384, "median": 0, "min": 0, "var": 0.05056835711}, "spectral_centroid": {"dmean": 274.928436279, "dmean2": 437.476287842, "dvar": 96681.5703125, "dvar2": 226412.21875, "max": 11749.8955078, "mean": 1719.65844727, "median": 1593.25952148, "min": 189.682907104, "var": 1142423.125}, "spectral_complexity": {"dmean": 3.69505262375, "dmean2": 5.50752305984, "dvar": 18.5393791199, "dvar2": 34.8000259399, "max": 54, "mean": 19.9709739685, "median": 19, "min": 0, "var": 81.1958618164}, "spectral_contrast_coeffs": {"dmean": [0.0506659187376, 0.0433029085398, 0.0377429872751, 0.0341922976077, 0.0255626961589, 0.0250515528023], "dmean2": [0.0838591456413, 0.0705197751522, 0.0590280890465, 0.0540182515979, 0.0397630557418, 0.0390312597156], "dvar": [0.002249868121, 0.00135403266177, 0.00104167161044, 0.000845556962304, 0.000516521569807, 0.000806292053312], "dvar2": [0.00589152658358, 0.00340760243125, 0.00238168961369, 0.00194015935995, 0.00113069615327, 0.00184466701467], "max": [-0.343938171864, -0.377973854542, -0.456102907658, -0.51532459259, -0.53401696682, -0.551135718822], "mean": [-0.661009609699, -0.751261532307, -0.737067580223, -0.731768548489, -0.760944843292, -0.730619192123], "median": [-0.665566384792, -0.759483397007, -0.742152750492, -0.733171582222, -0.762812018394, -0.734924197197], "min": [-0.991505563259, -0.974497437477, -0.978942990303, -0.971238195896, -0.969461083412, -0.964517831802], "var": [0.00596206774935, 0.00518001569435, 0.00462887668982, 0.00411625532433, 0.0027047097683, 0.00396523671225]}, "spectral_contrast_valleys": {"dmean": [0.403911352158, 0.361441165209, 0.322066158056, 0.31274831295, 0.296348303556, 0.411838710308], "dmean2": [0.656064331532, 0.576903700829, 0.502126455307, 0.476677507162, 0.431158661842, 0.504012942314], "dvar": [0.163001507521, 0.130797341466, 0.106598190963, 0.113058276474, 0.130188211799, 0.303235441446], "dvar2": [0.363805115223, 0.278952926397, 0.223312467337, 0.224864035845, 0.24504929781, 0.507853388786], "max": [-5.34510183334, -4.59240818024, -5.32825136185, -5.45317840576, -5.68297386169, -7.97424840927], "mean": [-7.51210451126, -7.1731710434, -7.65076446533, -7.88959980011, -7.85112476349, -10.9550256729], "median": [-7.15579605103, -6.90167999268, -7.36975812912, -7.5851688385, -7.52751398087, -10.737613678], "min": [-27.9979953766, -28.0454807281, -27.8294715881, -27.5972671509, -27.5200862885, -27.3907871246], "var": [4.64810466766, 4.67761325836, 4.46550273895, 4.424264431, 4.52022027969, 4.26494455338]}, "spectral_decrease": {"dmean": 2.83934564749e-09, "dmean2": 4.8257380314e-09, "dvar": 2.59460849384e-17, "dvar2": 7.18015932753e-17, "max": 2.48131843272e-16, "mean": -5.64305624451e-09, "median": -4.10308942378e-09, "min": -4.65905927172e-08, "var": 2.91014348682e-17}, "spectral_energy": {"dmean": 0.0112978378311, "dmean2": 0.0188938267529, "dvar": 0.000389055931009, "dvar2": 0.00105776439887, "max": 0.18326164782, "mean": 0.0233979895711, "median": 0.0171871595085, "min": 9.96646574831e-21, "var": 0.000471776613267}, "spectral_energyband_high": {"dmean": 0.000520055065863, "dmean2": 0.000710639695171, "dvar": 8.71258237112e-07, "dvar2": 1.62707215168e-06, "max": 0.017044024542, "mean": 0.000872453092597, "median": 0.000316849676892, "min": 7.01529373346e-21, "var": 1.86724537343e-06}, "spectral_energyband_low": {"dmean": 0.00706470618024, "dmean2": 0.0128693403676, "dvar": 0.000322795356624, "dvar2": 0.000949090463109, "max": 0.13880944252, "mean": 0.00808986183256, "median": 0.00388735998422, "min": 2.24708022817e-23, "var": 0.000234161809203}, "spectral_energyband_middle_high": {"dmean": 0.00258112512529, "dmean2": 0.00377736194059, "dvar": 2.00297927222e-05, "dvar2": 4.08831510867e-05, "max": 0.0956761315465, "mean": 0.00725092878565, "median": 0.00422766106203, "min": 1.23678304394e-21, "var": 6.86704879627e-05}, "spectral_energyband_middle_low": {"dmean": 0.00411926256493, "dmean2": 0.00674657011405, "dvar": 6.41996812192e-05, "dvar2": 0.000161948308232, "max": 0.107234850526, "mean": 0.0082385186106, "median": 0.00511619960889, "min": 1.46760023595e-22, "var": 9.9368771771e-05}, "spectral_entropy": {"dmean": 0.15061186254, "dmean2": 0.217382565141, "dvar": 0.0251419022679, "dvar2": 0.0501013733447, "max": 9.82798099518, "mean": 7.53940820694, "median": 7.51326179504, "min": 5.45025110245, "var": 0.179338797927}, "spectral_flux": {"dmean": 0.03170671314, "dmean2": 0.0501373894513, "dvar": 0.00189554900862, "dvar2": 0.00381862628274, "max": 0.424553185701, "mean": 0.0821185112, "median": 0.0637419521809, "min": 6.51267789697e-11, "var": 0.00366093544289}, "spectral_kurtosis": {"dmean": 1.96912479401, "dmean2": 3.34641289711, "dvar": 4.6205368042, "dvar2": 13.1846904755, "max": 48.9956512451, "mean": 5.1930603981, "median": 4.5853099823, "min": -1.26345789433, "var": 10.7533378601}, "spectral_rms": {"dmean": 0.000999013660476, "dmean2": 0.00159949320368, "dvar": 2.10267785405e-06, "dvar2": 5.38594395039e-06, "max": 0.0133713064715, "mean": 0.00433102902025, "median": 0.00409486982971, "min": 3.11823375281e-12, "var": 4.06938079323e-06}, "spectral_rolloff": {"dmean": 585.986999512, "dmean2": 997.310546875, "dvar": 1109913, "dvar2": 2773676, "max": 21640.8691406, "mean": 1962.25097656, "median": 1679.58984375, "min": 86.1328125, "var": 4360481}, "spectral_skewness": {"dmean": 0.265425682068, "dmean2": 0.435821294785, "dvar": 0.0683173984289, "dvar2": 0.178839415312, "max": 5.84395694733, "mean": 1.44943344593, "median": 1.43976449966, "min": -0.10216524452, "var": 0.250673979521}, "spectral_spread": {"dmean": 640801.25, "dmean2": 831835.875, "dvar": 955871068160, "dvar2": 1673274064900.0, "max": 42407968, "mean": 4318437.5, "median": 3433592.5, "min": 1458422.25, "var": 