{"lowlevel": {"average_loudness": 0.92254447937, "barkbands": {"dmean": [6.2353328758e-06, 0.000425792124588, 0.000288964947686, 0.000445772893727, 0.00116536521818, 0.000448187405709, 0.000962468620855, 0.000797237793449, 0.000783189490903, 0.000489248719532, 0.000275266822428, 0.000307407957735, 0.000454536260804, 0.000487635930767, 0.000514564162586, 0.000414282287238, 0.000243010930717, 0.000393881346099, 0.000218705026782, 0.000246041774517, 7.52406485844e-05, 3.42450584867e-05, 3.34476280841e-05, 2.89363615593e-05, 1.04850732896e-05, 1.42488465826e-06, 2.73212151569e-07], "dmean2": [1.07975465653e-05, 0.000683380581904, 0.000445266603492, 0.000726807804313, 0.00198714062572, 0.000698232790455, 0.00146912492346, 0.0012292402098, 0.00122756604105, 0.000702573917806, 0.000427007122198, 0.000471969658975, 0.000705925340299, 0.000743569165934, 0.000763656338677, 0.000614194490481, 0.00035514702904, 0.000577817030717, 0.00030558052822, 0.000355647120159, 0.000109566375613, 4.78511501569e-05, 4.69337173854e-05, 4.28026542068e-05, 1.57364684128e-05, 2.07002040042e-06, 4.03505168833e-07], "dvar": [1.0388541416e-10, 6.33599938737e-07, 3.32978061124e-07, 5.81884194162e-07, 2.82952805719e-06, 9.20164268337e-07, 4.71547537018e-06, 3.86445344702e-06, 4.3815666686e-06, 1.45832268572e-06, 7.6234533708e-07, 5.70143640743e-07, 1.38485677326e-06, 1.79801043032e-06, 1.95960137717e-06, 1.16777482617e-06, 3.30419993588e-07, 8.74777299487e-07, 2.46366624879e-07, 5.03779858718e-07, 5.04163395476e-08, 5.33825028626e-09, 9.80608128032e-09, 1.2377380898e-08, 1.63655788921e-09, 2.7183057888e-11, 1.50289850009e-12], "dvar2": [2.34952141076e-10, 1.52535835696e-06, 7.0344873393e-07, 1.36045571253e-06, 7.45345641917e-06, 1.93316304831e-06, 1.02434905784e-05, 8.46692728373e-06, 9.92239256448e-06, 3.01997533825e-06, 1.76889511749e-06, 1.31821059313e-06, 3.39581470143e-06, 4.02339992434e-06, 4.14424948758e-06, 2.34870276472e-06, 6.86622342982e-07, 1.72785087216e-06, 4.9805407798e-07, 9.60380361903e-07, 1.05892368651e-07, 1.07840936181e-08, 1.84779782586e-08, 2.6095399619e-08, 3.46917072847e-09, 5.82412937322e-11, 3.56966886605e-12], "max": [0.000142358054291, 0.010157296434, 0.00982948765159, 0.0110263563693, 0.024487785995, 0.0304689574987, 0.0472081229091, 0.0372433699667, 0.0369875058532, 0.0287795793265, 0.0191590543836, 0.0183324255049, 0.0233970563859, 0.0266377497464, 0.0237654745579, 0.0184808634222, 0.0170740317553, 0.0229173228145, 0.0152130164206, 0.0188258867711, 0.00495049869642, 0.00180990132503, 0.0019547464326, 0.00314506632276, 0.00105849397369, 0.00018941469898, 3.47595450876e-05], "mean": [1.02819831227e-05, 0.000909096270334, 0.000432676402852, 0.000571084965486, 0.00155173905659, 0.000699944212101, 0.00133550178725, 0.000964499893598, 0.0010084916139, 0.000697540526744, 0.000351914903149, 0.000401494617108, 0.000582770677283, 0.000661495141685, 0.000612459320109, 0.000555223203264, 0.000380189041607, 0.000608998001553, 0.000352743430994, 0.000372184964363, 0.000114898764878, 5.70858173887e-05, 5.14407838637e-05, 3.93272566725e-05, 1.40002230182e-05, 1.84034445283e-06, 3.71926006437e-07], "median": [7.90408739704e-06, 0.000200708425837, 0.000172895059222, 0.000209178717341, 0.000898868602235, 0.000260303320829, 0.000400674762204, 0.000223727911361, 0.000171635925653, 0.000177680616616, 7.23881312297e-05, 0.000117746028991, 0.000140261327033, 0.000120848322695, 0.00011971717322, 0.000142483229865, 0.000125910679344, 0.000168247162946, 0.00013965475955, 8.17499312689e-05, 3.5621211282e-05, 2.50126704486e-05, 1.34159090521e-05, 7.30924375603e-06, 2.7697076348e-06, 3.92416836803e-07, 1.08145464139e-07], "min": [2.81054337793e-24, 1.32975537557e-23, 1.47433606679e-24, 3.49991117363e-24, 1.63779467278e-23, 5.37276557024e-24, 1.02442258124e-23, 2.34018553651e-23, 2.40239684299e-23, 2.59340120961e-23, 1.95071828117e-23, 2.81170000579e-23, 4.65475707497e-23, 6.16113746059e-23, 7.74822462769e-23, 1.08594238803e-22, 8.27261455019e-23, 1.1010756432e-22, 1.93219689997e-22, 2.30502531176e-22, 3.46799106884e-22, 3.69766546015e-22, 4.21720395118e-22, 5.64080379776e-22, 9.3584237785e-22, 1.39411184729e-21, 1.84442394425e-21], "var": [1.14817835795e-10, 2.31768080994e-06, 6.63526577682e-07, 9.7317433756e-07, 3.9115088839e-06, 2.02891919798e-06, 8.36807703308e-06, 6.2103390519e-06, 6.93243191563e-06, 2.89826198241e-06, 1.01579962575e-06, 8.14780435121e-07, 1.96995802071e-06, 3.16078103424e-06, 2.82178689304e-06, 2.00443264475e-06, 6.62782497329e-07, 1.75991908691e-06, 4.40355933051e-07, 1.01821899534e-06, 8.84042563598e-08, 1.01741619574e-08, 1.95560350136e-08, 1.99041281235e-08, 2.71353695069e-09, 3.85952277082e-11, 1.61233147059e-12]}, "barkbands_crest": {"dmean": 2.78811979294, "dmean2": 4.64061880112, "dvar": 5.77130889893, "dvar2": 15.2629423141, "max": 24.6337299347, "mean": 8.69018554688, "median": 7.94289731979, "min": 2.36147928238, "var": 12.9566116333}, "barkbands_flatness_db": {"dmean": 0.019177980721, "dmean2": 0.0286166407168, "dvar": 0.000266588089289, "dvar2": 0.000570494681597, "max": 0.334299504757, "mean": 0.121055394411, "median": 0.118101127446, "min": 0.0220791473985, "var": 0.00135625922121}, "barkbands_kurtosis": {"dmean": 1.47124505043, "dmean2": 2.33142447472, "dvar": 4.0935587883, "dvar2": 9.09908294678, "max": 37.4618186951, "mean": 1.10958099365, "median": 0.228168100119, "min": -1.85501003265, "var": 10.2548093796}, "barkbands_skewness": {"dmean": 0.497003406286, "dmean2": 0.759108364582, "dvar": 0.199828311801, "dvar2": 0.439547657967, "max": 5.6876001358, "mean": 0.867556035519, "median": 0.842424452305, "min": -2.92153000832, "var": 0.879625737667}, "barkbands_spread": {"dmean": 5.83297872543, "dmean2": 9.01170063019, "dvar": 38.6619377136, "dvar2": 82.7464447021, "max": 92.3274612427, "mean": 22.9692153931, "median": 21.1272182465, "min": 1.39408886433, "var": 114.648262024}, "dissonance": {"dmean": 0.0164004918188, "dmean2": 0.0274412222207, "dvar": 0.000277207262116, "dvar2": 0.000722764176317, "max": 0.500000119209, "mean": 0.471539646387, "median": 0.477588325739, "min": 0.29269194603, "var": 0.000564581132494}, "dynamic_complexity": 4.29141759872, "erbbands": {"dmean": [0.00633593462408, 0.116734415293, 0.352200090885, 0.816199421883, 3.27170586586, 4.1582865715, 3.01908516884, 4.05879688263, 8.95872879028, 20.224319458, 14.7059230804, 20.0719108582, 12.1993322372, 13.5065393448, 12.0111675262, 11.9999647141, 20.8022842407, 18.8721847534, 26.667383194, 27.2190589905, 19.4454250336, 13.4185504913, 20.0187072754, 13.8948640823, 11.2424058914, 11.4563264847, 5.5727725029, 1.71993410587, 1.19872999191, 1.12339794636, 0.935749828815, 0.708647072315, 0.422175168991, 0.172422066331, 0.0472235158086, 0.0103024933487, 0.0019511426799, 0.000382699567126, 4.90648453706e-05, 8.40927532408e-06], "dmean2": [0.010991143994, 0.184423089027, 0.533622801304, 1.30453073978, 5.6533203125, 7.0737786293, 4.81888580322, 6.28850269318, 13.8300075531, 30.6314353943, 22.4205760956, 31.5559978485, 17.6983833313, 19.3479938507, 18.2972240448, 18.0581893921, 31.7412166595, 28.2589969635, 39.5769500732, 39.8555450439, 28.1606388092, 19.2073917389, 29.4964313507, 19.208984375, 15.5222377777, 16.2519550323, 8.10234260559, 2.45047354698, 1.69529378414, 1.57474780083, 1.30567085743, 1.04997014999, 0.629602611065, 0.260047018528, 0.0703648775816, 0.0150436833501, 0.00289538921788, 0.00057089299662, 7.19074814697e-05, 1.10624332592e-05], "dvar": [0.000159826973686, 0.0466071665287, 0.467830747366, 1.87153720856, 23.3603420258, 41.8760681152, 28.5639820099, 78.0483093262, 434.93157959, 2553.66235352, 1169.13513184, 3306.94140625, 1265.24438477, 779.304199219, 1404.4855957, 788.837219238, 2874.7355957, 2519.22729492, 4746.87890625, 6446.85205078, 2385.57763672, 779.268981934, 1979.9029541, 1580.12817383, 461.750244141, 1183.96520996, 358.326049805, 15.510602951, 6.31140613556, 8.14261817932, 7.95521450043, 6.95944452286, 2.81080913544, 0.438995152712, 0.0340017005801, 0.0016222926788, 4.92914950883e-05, 2.51250412475e-06, 4.22172732328e-08, 2.10184203375e-10], "dvar2": [0.00046087813098, 0.109583780169, 0.989792048931, 4.2909989357, 63.1097679138, 106.223373413, 67.2287368774, 158.354278564, 960.13092041, 5379.83740234, 2466.64941406, 7478.07470703, 2830.16064453, 1571.29089355, 3318.72729492, 1770.29711914, 6923.19042969, 5657.79003906, 9887.91210938, 13492.5869141, 4690.37255859, 1601.15026855, 4040.06738281, 2908.21728516, 903.784118652, 2264.05444336, 714.129211426, 32.3867301941, 13.0117378235, 16.0722064972, 14.6743774414, 14.0977401733, 6.10714197159, 0.940988600254, 0.0740640535951, 0.00344381271861, 0.000111154193291, 5.76466072744e-06, 9.72956684109e-08, 4.61242155581e-10], "max": [0.160021305084, 2.65514826775, 10.794137001, 20.7607822418, 64.0345458984, 133.959716797, 153.969497681, 313.477783203, 423.667785645, 797.817932129, 672.138916016, 1149.37133789, 897.511291504, 504.09954834, 948.095336914, 612.133361816, 1139.64599609, 1122.02832031, 1431.19213867, 1610.55444336, 1127.94824219, 645.185852051, 758.524475098, 1046.25708008, 336.78237915, 1011.43505859, 466.83770752, 112.427207947, 55.8033561707, 54.4159164429, 60.7329826355, 64.2871398926, 50.1998710632, 16.1273822784, 4.68293714523, 1.46537327766, 0.188978984952, 0.0499070733786, 0.00613955687732, 0.000491891230922], "mean": [0.0111029017717, 0.251861780882, 0.610455989838, 1.20143556595, 3.89781999588, 5.42867469788, 4.69609594345, 6.23157262802, 12.8422718048, 26.7388057709, 19.1468429565, 25.4108448029, 18.2698440552, 19.7057743073, 16.5439186096, 17.1222267151, 27.793050766, 26.7708568573, 36.5818901062, 35.2280502319, 28.3595924377, 21.9006633759, 31.0018768311, 22.7873821259, 18.9179363251, 17.3715190887, 8.6689825058, 2.88529348373, 2.0059633255, 1.81401026249, 1.42178356647, 0.984324157238, 0.556634902954, 0.229807913303, 0.062071736902, 0.0131549825892, 0.00256769312546, 0.000506027427036, 7.17623624951e-05, 2.01016609935e-05], "median": [0.00254309829324, 0.0588926561177, 0.242089733481, 0.54517364502, 2.16884255409, 2.82250261307, 2.29638791084, 2.40097594261, 4.52539873123, 7.05664825439, 5.2867064476, 4.61986541748, 4.50879621506, 5.53250980377, 4.24632501602, 5.70153903961, 7.09827566147, 6.08159685135, 7.32812929153, 7.80565929413, 8.39783096313, 7.77916622162, 9.10165596008, 7.52931642532, 7.22327756882, 3.97079443932, 1.91068100929, 1.24256718159, 0.921836912632, 0.62656712532, 0.337644696236, 0.186530292034, 0.100945308805, 0.0452402718365, 0.0117843262851, 0.00264183408581, 0.000577831000555, 0.000119947195344, 2.46400250035e-05, 1.32647237479e-05], "min": [2.59310065361e-22, 1.95838301781e-21, 1.9323221837e-21, 1.71136802492e-20, 3.69982636852e-20, 3.99502063352e-20, 1.03654209354e-19, 2.71533215933e-20, 1.8598420658e-19, 3.83152282782e-19, 5.21881276554e-19, 4.95106319005e-19, 7.77382788714e-19, 8.25281560963e-19, 8.38118731986e-19, 1.51583763062e-18, 2.03946260391e-18, 3.01370083332e-18, 4.13044242995e-18, 3.575699956e-18, 6.55994923041e-18, 5.5956559867e-18, 5.80453935729e-18, 1.06392069648e-17, 1.09146275031e-17, 1.00179016806e-17, 9.28563094432e-18, 1.28115792952e-17, 1.41702160067e-17, 1.04089719947e-17, 1.13096575308e-17, 1.31732483016e-17, 9.77024297799e-18, 9.93198656625e-18, 6.69377960889e-18, 4.21889988389e-18, 2.70280107099e-18, 1.0272044652e-18, 2.85572887847e-19, 2.7015710728e-20], "var": [0.000362134800525, 0.172617897391, 1.023416996, 3.4432182312, 26.1914844513, 61.5219306946, 54.446647644, 169.159408569, 816.498291016, 4087.06591797, 1930.95568848, 5076.45703125, 2178.48535156, 1543.02368164, 1786.1887207, 1225.01708984, 4268.01367188, 4473.29589844, 7903.82617188, 9622.39550781, 4666.20947266, 1639.16052246, 3797.84521484, 3102.20361328, 1037.18762207, 2346.74731445, 709.560302734, 27.9739570618, 11.9559307098, 15.3862667084, 16.1385154724, 11.8922319412, 4.26615476608, 0.710967898369, 0.0548928417265, 0.00240485044196, 6.44632527838e-05, 2.95274958262e-06, 4.88232885232e-08, 4.42482578356e-10]}, "erbbands_crest": {"dmean": 2.53528571129, "dmean2": 4.13273143768, "dvar": 5.64753246307, "dvar2": 14.3153400421, "max": 26.3174667358, "mean": 7.85138225555, "median": 7.04242563248, "min": 2.37665295601, "var": 12.910785675}, "erbbands_flatness_db": {"dmean": 0.0180726498365, "dmean2": 0.0259115528315, "dvar": 0.000285194109892, "dvar2": 0.000523218826856, "max": 0.396223336458, "mean": 0.18109446764, "median": 0.176686197519, "min": 0.0679055526853, "var": 0.00183143035974}, "erbbands_kurtosis": {"dmean": 0.771590471268, "dmean2": 1.21345448494, "dvar": 0.993542850018, "dvar2": 2.22614049911, "max": 20.0986328125, "mean": -0.0375604256988, "median": -0.468225628138, "min": -1.77606236935, "var": 2.11510396004}, "erbbands_skewness": {"dmean": 0.374730050564, "dmean2": 0.570619642735, "dvar": 0.108679607511, "dvar2": 0.24702706933, "max": 3.13056516647, "mean": -0.0543755181134, "median": -0.00880166795105, "min": -2.95849490166, "var": 0.511946558952}, "erbbands_spread": {"dmean": 7.42958545685, "dmean2": 11.4263982773, "dvar": 49.0630989075, "dvar2": 112.811836243, "max": 89.5968322754, "mean": 33.9623603821, "median": 33.4120674133, "min": 3.59033083916, "var": 175.683822632}, "gfcc": {"cov": [[15667, -178.711730957, -936.612121582, 580.79876709, -403.687316895, 270.033325195, -355.887664795, 211.729980469, -125.1275177, 48.2794151306, -127.526664734, -130.247756958, -46.0522537231], [-178.711730957, 1033.12402344, 48.6692962646, -27.3770980835, 171.24559021, -52.3412055969, 172.481002808, -14.0582075119, 68.0382995605, -67.0444107056, 62.3074569702, 1.42636346817, -11.0654506683], [-936.612121582, 48.6692962646, 648.614440918, 220.726913452, 23.7482814789, 126.419723511, 33.5209236145, 13.5903043747, 0.405941039324, 19.2005767822, 3.46312117577, 25.0663757324, 3.6253900528], [580.79876709, -27.3770980835, 220.726913452, 413.383880615, 18.917552948, 67.6907119751, -51.2456512451, 13.085729599, 4.64959096909, 13.7735567093, 1.3911293745, -20.6748790741, 38.1492767334], [-403.687316895, 171.24559021, 23.7482814789, 18.917552948, 238.094741821, -16.2483901978, 29.2444515228, 14.8568029404, 46.5846366882, 12.591553688, 1.20690274239, 8.58498096466, 30.7681446075], [270.033325195, -52.3412055969, 126.419723511, 67.6907119751, -16.2483901978, 241.326599121, 92.6215057373, 31.5767211914, -2.49296498299, 18.4885749817, 0.123715557158, -21.2685546875, -2.76226687431], [-355.887664795, 172.481002808, 33.5209236145, -51.2456512451, 29.2444515228, 92.6215057373, 230.258499146, 61.1529350281, 5.41567993164, -20.1029014587, 29.1598987579, 5.55930042267, -5.91095972061], [211.729980469, -14.0582075119, 13.5903043747, 13.085729599, 14.8568029404, 31.5767211914, 61.1529350281, 120.727867126, 33.0311431885, 11.839849472, 11.3450899124, -3.35880851746, 3.35469245911], [-125.1275177, 68.0382995605, 0.405941039324, 4.64959096909, 46.5846366882, -2.49296498299, 5.41567993164, 33.0311431885, 98.1026153564, 33.2294960022, 22.3116111755, 1.00091421604, 3.11608290672], [48.2794151306, -67.0444107056, 19.2005767822, 13.7735567093, 12.591553688, 18.4885749817, -20.1029014587, 11.839849472, 33.2294960022, 81.5746841431, 20.7185249329, 1.68495118618, 2.16963553429], [-127.526664734, 62.3074569702, 3.46312117577, 1.3911293745, 1.20690274239, 0.123715557158, 29.1598987579, 11.3450899124, 22.3116111755, 20.7185249329, 83.2747116089, 24.3622188568, -3.53753590584], [-130.247756958, 1.42636346817, 25.0663757324, -20.6748790741, 8.58498096466, -21.2685546875, 5.55930042267, -3.35880851746, 1.00091421604, 1.68495118618, 24.3622188568, 72.4166107178, 17.9789543152], [-46.0522537231, -11.0654506683, 3.6253900528, 38.1492767334, 30.7681446075, -2.76226687431, -5.91095972061, 3.35469245911, 3.11608290672, 2.16963553429, -3.53753590584, 17.9789543152, 69.3210830688]], "icov": [[0.00012999145838, -0.000199579852051, 0.000385088671464, -0.000316661811667, 0.000225454859901, -0.000386272033211, 0.000429290521424, -0.000526874617208, 0.000366075255442, -0.000279247848084, 0.000344880274497, -0.00036246603122, 0.000259162421571], [-0.000199579852051, 0.00202052900568, -0.000840016116854, 0.000397362164222, -0.00127502635587, 0.0013915700838, -0.00212838291191, 0.00203263200819, -0.00195284956135, 0.00218106526881, -0.00173735036515, 0.00140261300839, -7.62050767662e-05], [0.000385088671464, -0.000840016116854, 0.00341187417507, -0.00220632134005, 0.000582373642828, -0.00209720199928, 0.00114046584349, -0.00155340437777, 0.00133295217529, -0.00146743806545, 0.00189284502994, -0.00302813341841, 0.00185584218707], [-0.000316661811667, 0.000397362164222, -0.00220632134005, 0.00459266919643, -0.000742390926462, 2.37355961872e-05, 0.000787535740528, 0.000458420836367, -0.000596069148742, 0.00134120171424, -0.00230142660439, 0.00307782576419, -0.00311448448338], [0.000225454859901, -0.00127502635587, 0.000582373642828, -0.000742390926462, 0.0061394800432, -0.00010206632578, 0.000116950417578, -0.000999464537017, -0.001171621494, -0.00198886729777, 0.00233564549126, -0.00106340576895, -0.00183647614904], [-0.000386272033211, 0.0013915700838, -0.00209720199928, 2.37355961872e-05, -0.00010206632578, 0.00802573002875, -0.00523991044611, 0.00223380303942, -0.00122729572468, -0.000983949750662, -0.000459621078335, 0.00330940471031, -0.000923472107388], [0.000429290521424, -0.00212838291191, 0.00114046584349, 0.000787535740528, 0.000116950417578, -0.00523991044611, 0.0106082744896, -0.00616260385141, 0.00311807263643, 0.0013544036774, -0.0013000232866, -0.00179809157271, 0.000611938943621], [-0.000526874617208, 0.00203263200819, -0.00155340437777, 0.000458420836367, -0.000999464537017, 0.00223380303942, -0.00616260385141, 0.0139955738559, -0.00597891816869, 0.00116348266602, -0.00147407175973, 0.00246399943717, -0.00134868733585], [0.000366075255442, -0.00195284956135, 0.00133295217529, -0.000596069148742, -0.001171621494, -0.00122729572468, 0.00311807263643, -0.00597891816869, 0.0168210845441, -0.00656089605764, -0.000938994460739, -0.000630771915894, 0.000781018519774], [-0.000279247848084, 0.00218106526881, -0.00146743806545, 0.00134120171424, -0.00198886729777, -0.000983949750662, 0.0013544036774, 0.00116348266602, -0.00656089605764, 0.0192909818143, -0.00634870165959, 0.00221981550567, -0.000804541108664], [0.000344880274497, -0.00173735036515, 0.00189284502994, -0.00230142660439, 0.00233564549126, -0.000459621078335, -0.0013000232866, -0.00147407175973, -0.000938994460739, -0.00634870165959, 0.0187296755612, -0.00799665879458, 0.00329553172924], [-0.00036246603122, 0.00140261300839, -0.00302813341841, 0.00307782576419, -0.00106340576895, 0.00330940471031, -0.00179809157271, 0.00246399943717, -0.000630771915894, 0.00221981550567, -0.00799665879458, 0.0208085011691, -0.00706709455699], [0.000259162421571, -7.62050767662e-05, 0.00185584218707, -0.00311448448338, -0.00183647614904, -0.000923472107388, 0.000611938943621, -0.00134868733585, 0.000781018519774, -0.000804541108664, 0.00329553172924, -0.00706709455699, 0.019089480862]], "mean": [-57.9167861938, 101.622093201, -150.406539917, 33.75207901, -59.7788772583, -1.17666757107, -38.4269180298, 1.77613806725, -20.5738945007, -6.53576231003, -10.412279129, -9.27848243713, -11.4924983978]}, "hfc": {"dmean": 7.01465415955, "dmean2": 8.80830860138, "dvar": 113.77281189, "dvar2": 176.110107422, "max": 161.952438354, "mean": 15.3687601089, "median": 7.69407510757, "min": 1.13858393763e-16, "var": 372.159240723}, "melbands": {"dmean": [8.97963982425e-05, 0.000169580831425, 0.000195460903342, 0.000296288839309, 0.000111728295451, 8.84035835043e-05, 0.000153108601808, 0.000217332824832, 0.000121697637951, 0.000119748299767, 6.20530918241e-05, 5.98544393142e-05, 4.13528941863e-05, 3.55899028364e-05, 3.85933417419e-05, 4.4893255108e-05, 3.68464534404e-05, 4.76984969282e-05, 3.87847539969e-05, 3.36598823196e-05, 2.25876538025e-05, 1.43349489008e-05, 1.62281376106e-05, 2.09730260394e-05, 1.08618414743e-05, 8.22244510346e-06, 8.82479344e-06, 7.84567146184e-06, 4.47471984444e-06, 1.59556930157e-06, 8.67180801833e-07, 7.08839536401e-07, 6.86247062731e-07, 6.32396847777e-07, 5.56331542612e-07, 5.23165851973e-07, 4.25389174552e-07, 3.29560833734e-07, 2.15962472794e-07, 1.27474081069e-07], "dmean2": [0.000150026986375, 0.000255857914453, 0.00032145367004, 0.000506634300109, 0.000179685943294, 0.000137491428177, 0.00023468247673, 0.000328152265865, 0.000188139922102, 0.000187870798982, 9.06116692931e-05, 8.60281579662e-05, 6.35526448605e-05, 5.50773729628e-05, 5.89655792282e-05, 6.91258828738e-05, 5.61402375752e-05, 7.18558876542e-05, 5.75329358981e-05, 5.00638816447e-05, 3.36198500008e-05, 2.11398182728e-05, 2.42986625381e-05, 3.10466130031e-05, 1.53094533744e-05, 1.14979229693e-05, 1.27956554934e-05, 1.13629166663e-05, 6.69261726216e-06, 2.32894376495e-06, 1.26725353766e-06, 1.03093668713e-06, 9.7323436421e-07, 9.08565539248e-07, 7.91268007561e-07, 7.53347592308e-07, 6.37867572095e-07, 4.96079451295e-07, 3.27239632725e-07, 1.97373282163e-07], "dvar": [2.96966398139e-08, 9.59460351169e-08, 8.79352697325e-08, 1.85609124514e-07, 3.21223438959e-08, 3.60108707298e-08, 1.24415805658e-07, 2.74846229331e-07, 7.64540217801e-08, 1.22472158637e-07, 3.39360930468e-08, 1.66099116683e-08, 1.72066290105e-08, 7.88892151604e-09, 9.6298400365e-09, 1.47460861299e-08, 1.05735029621e-08, 1.79488814922e-08, 1.18778489266e-08, 9.36974853261e-09, 3.49444029268e-09, 1.18139797944e-09, 1.00090491451e-09, 2.9581075367e-09, 1.1606164918e-09, 2.37813296833e-10, 4.95953889068e-10, 6.76383782316e-10, 2.7397736857e-10, 2.08286894676e-11, 3.70992386117e-12, 2.15283563545e-12, 2.69517155989e-12, 2.92236720933e-12, 2.68996890734e-12, 3.55869869163e-12, 2.71598043534e-12, 1.80413605062e-12, 6.74746608413e-13, 2.57712715101e-13], "dvar2": [7.74701618411e-08, 2.06801772151e-07, 2.1498843239e-07, 4.94157404773e-07, 7.55117142148e-08, 7.35563077114e-08, 2.7545257808e-07, 5.83080861816e-07, 1.63241153928e-07, 2.75191752053e-07, 7.51720179437e-08, 3.36325562955e-08, 3.968676765e-08, 1.87662738682e-08, 2.21954739033e-08, 3.69488084573e-08, 2.4059316317e-08, 3.87655276768e-08, 2.57096619549e-08, 1.97124414569e-08, 7.08291691964e-09, 2.54808640854e-09, 2.14691642242e-09, 5.95086380173e-09, 2.19812523738e-09, 4.62788224409e-10, 1.03044539568e-09, 1.32087263349e-09, 5.55130552637e-10, 4.39668128294e-11, 8.44668172212e-12, 4.69443190917e-12, 5.60584478143e-12, 5.97762204319e-12, 5.11977613082e-12, 7.0765129867e-12, 5.95457884389e-12, 4.01396060487e-12, 1.45993839847e-12, 5.82396164715e-13], "max": [0.00225625582971, 0.00439886143431, 0.00406739767641, 0.00663758162409, 0.00409224210307, 0.00648610293865, 0.00798024889082, 0.00820357259363, 0.00514256581664, 0.00717862462625, 0.00470817182213, 0.00256571290083, 0.00306553347036, 0.00214787386358, 0.0019523629453, 0.00302775297314, 0.00234579481184, 0.00277901324444, 0.00190286000725, 0.00148522970267, 0.0016377363354, 0.000810619036201, 0.000501860107761, 0.00123827229254, 0.00101187918335, 0.000422309356509, 0.000402513076551, 0.000740051153116, 0.000429659616202, 0.000112097004603, 4.45889781986e-05, 2.40201043198e-05, 5.04406743858e-05, 3.80411838705e-05, 3.18162092299e-05, 5.4545715102e-05, 3.87660475099e-05, 4.22013945354e-05, 1.96571436391e-05, 1.50268670041e-05], "mean": [0.000183398879017, 0.000340492406394, 0.000274914986221, 0.000375537900254, 0.000177229783731, 0.000135365058668, 0.000218420565943, 0.000286136521026, 0.000154985420522, 0.000150664869579, 9.04431799427e-05, 8.48842682899e-05, 5.44942886336e-05, 4.64598779217e-05, 5.14909952471e-05, 5.76454694965e-05, 4.85216987727e-05, 6.25444808975e-05, 4.64461663796e-05, 4.25360703957e-05, 3.13927957905e-05, 2.1793814085e-05, 2.41588277277e-05, 3.06679612549e-05, 1.6904928998e-05, 1.35592927109e-05, 1.32841814775e-05, 1.13489431897e-05, 6.6222987698e-06, 2.42218538915e-06, 1.37384927257e-06, 1.11605129405e-06, 1.09372899715e-06, 9.64714217844e-07, 8.33078274809e-07, 7.20156208445e-07, 5.5785216091e-07, 4.20748619945e-07, 2.77926204717e-07, 1.65094618865e-07], "median": [4.07379266107e-05, 0.00011931215704, 0.000144696503412, 0.000212274346268, 9.55927025643e-05, 5.08136181452e-05, 7.26451253286e-05, 7.40926989238e-05, 3.95015194954e-05, 2.44709135586e-05, 2.04622847377e-05, 2.30063160416e-05, 1.2101352695e-05, 1.34313613671e-05, 1.43144588947e-05, 1.38366558531e-05, 9.53530889092e-06, 1.10160290205e-05, 9.26284792513e-06, 9.52008304012e-06, 9.16701992537e-06, 7.11881966708e-06, 8.32295609143e-06, 7.27160386305e-06, 5.33402999281e-06, 5.52874462301e-06, 3.80992287319e-06, 1.99954342861e-06, 1.17498404961e-06, 8.00095506293e-07, 6.47974445656e-07, 5.16715090271e-07, 4.22672684408e-07, 3.00926359387e-07, 1.96184686274e-07, 1.39633016261e-07, 9.97939935132e-08, 7.30313800545e-08, 5.26191819006e-08, 3.19690620643e-08], "min": [3.16222210543e-24, 2.85266500039e-24, 3.41786648405e-24, 3.34995029327e-24, 3.83603533902e-24, 6.09840065441e-25, 3.19113602697e-24, 4.47273207537e-24, 3.22064336913e-24, 3.31810713397e-24, 3.83045414811e-24, 3.30962885139e-24, 2.16582747605e-24, 5.30860317408e-24, 2.92100007631e-24, 4.97347691774e-24, 5.45934975991e-24, 6.45784532309e-24, 5.5464096327e-24, 5.05831338607e-24, 7.99495539084e-24, 4.13717312882e-24, 6.25979074878e-24, 4.18883799609e-24, 7.88042146487e-24, 6.80381881131e-24, 9.1548940993e-24, 5.207284246e-24, 4.52654579974e-24, 7.58134930735e-24, 6.65361259521e-24, 8.49202374697e-24, 6.35455582047e-24, 4.78993856738e-24, 5.01602649725e-24, 7.26531900694e-24, 8.15878365706e-24, 6.40531980858e-24, 7.51412573645e-24, 8.09153247603e-24], "var": [9.43932931818e-08, 2.66933824378e-07, 1.42349080079e-07, 2.39420984371e-07, 6.34643768649e-08, 7.85057494568e-08, 2.32353244201e-07, 4.45964815299e-07, 1.21222839766e-07, 1.86996047091e-07, 5.92797206878e-08, 3.2425262475e-08, 2.28635368416e-08, 1.09544240345e-08, 1.39090543527e-08, 2.04477359489e-08, 1.75496808197e-08, 2.90271380265e-08, 1.66828453274e-08, 1.41910101448e-08, 6.62138655017e-09, 2.20296070275e-09, 1.75081760201e-09, 5.53202106346e-09, 2.09212203117e-09, 5.22937637637e-10, 8.64417981639e-10, 1.28295662982e-09, 5.24108867417e-10, 3.48127221494e-11, 5.85071921466e-12, 3.77218091832e-12, 4.61525566028e-12, 5.20081287064e-12, 5.27513623061e-12, 6.20630760326e-12, 4.12882965664e-12, 2.61131762914e-12, 1.02156770456e-12, 3.98422126454e-13]}, "melbands_crest": {"dmean": 3.58671951294, "dmean2": 6.00452232361, "dvar": 9.21838855743, "dvar2": 24.3301486969, "max": 31.1184825897, "mean": 11.6203575134, "median": 10.8667554855, "min": 1.63507699966, "var": 19.9584980011}, "melbands_flatness_db": {"dmean": 0.0247165132314, "dmean2": 0.0362070612609, "dvar": 0.000471193139674, "dvar2": 0.000965722312685, "max": 0.377598434687, "mean": 0.165977105498, "median": 0.162677183747, "min": 0.00388217600994, "var": 0.00256721978076}, "melbands_kurtosis": {"dmean": 3.50328588486, "dmean2": 5.52365732193, "dvar": 21.7478275299, "dvar2": 48.0453338623, "max": 94.1286468506, "mean": 5.4082570076, "median": 3.11318588257, "min": -1.79743313789, "var": 61.9514770508}, "melbands_skewness": {"dmean": 0.615800857544, "dmean2": 0.95244204998, "dvar": 0.318482905626, "dvar2": 0.703261733055, "max": 8.20655727386, "mean": 1.78043723106, "median": 1.67399561405, "min": -1.77082073689, "var": 1.35246229172}, "melbands_spread": {"dmean": 9.93347549438, "dmean2": 15.244799614, "dvar": 169.599945068, "dvar2": 343.736633301, "max": 217.860427856, "mean": 32.0684814453, "median": 26.8977355957, "min": 2.28417181969, "var": 485.929779053}, "mfcc": {"cov": [[9078.41601563, 196.569656372, -542.838256836, 206.465957642, -74.8030700684, -28.2735767365, -40.2536239624, 47.035774231, -35.7123260498, 225.136734009, -49.8799858093, -31.3825778961, -46.4703178406], [196.569656372, 1195.65344238, -178.354248047, 79.8464202881, -13.3161048889, 2.65018725395, 41.5646438599, 99.6489105225, 14.0486335754, -45.5467720032, 88.4207763672, -0.0687768608332, 36.2469329834], [-542.838256836, -178.354248047, 638.350280762, 96.581703186, 49.7341995239, 120.411270142, 75.0620498657, 29.3762741089, 37.8553504944, -19.1445884705, 1.20872068405, 45.2578392029, 31.5735397339], [206.465957642, 79.8464202881, 96.581703186, 309.732666016, 122.117935181, 9.6333656311, -12.9037122726, -8.95549583435, 21.2859249115, -9.64841938019, -32.0119743347, 2.96205687523, 27.5052566528], [-74.8030700684, -13.3161048889, 49.7341995239, 122.117935181, 215.491851807, 33.2473678589, -36.0195121765, -37.1909408569, 29.9361686707, 20.4162654877, -13.0314788818, -0.0794906616211, 7.70845603943], [-28.2735767365, 2.65018725395, 120.411270142, 9.6333656311, 33.2473678589, 165.571395874, 62.4212493896, 15.3061552048, 24.4256877899, 18.303030014, 12.092259407, 7.6735329628, -14.2018957138], [-40.2536239624, 41.5646438599, 75.0620498657, -12.9037122726, -36.0195121765, 62.4212493896, 165.363067627, 76.5390472412, 38.9862365723, 22.5347957611, 15.2536802292, 19.1263923645, 0.250453591347], [47.035774231, 99.6489105225, 29.3762741089, -8.95549583435, -37.1909408569, 15.3061552048, 76.5390472412, 127.171485901, 33.0566864014, 13.0051279068, 23.6829528809, 12.1939935684, 15.8816804886], [-35.7123260498, 14.0486335754, 37.8553504944, 21.2859249115, 29.9361686707, 24.4256877899, 38.9862365723, 33.0566864014, 110.056213379, 32.0019073486, -0.0494746416807, 2.43061828613, -5.51128530502], [225.136734009, -45.5467720032, -19.1445884705, -9.64841938019, 20.4162654877, 18.303030014, 22.5347957611, 13.0051279068, 32.0019073486, 106.267028809, 29.9958171844, 8.28753852844, 3.19209361076], [-49.8799858093, 88.4207763672, 1.20872068405, -32.0119743347, -13.0314788818, 12.092259407, 15.2536802292, 23.6829528809, -0.0494746416807, 29.9958171844, 87.6539154053, 23.028301239, 14.5042200089], [-31.3825778961, -0.0687768608332, 45.2578392029, 2.96205687523, -0.0794906616211, 7.6735329628, 19.1263923645, 12.1939935684, 2.43061828613, 8.28753852844, 23.028301239, 70.8054046631, 25.0295696259], [-46.4703178406, 36.2469329834, 31.5735397339, 27.5052566528, 7.70845603943, -14.2018957138, 0.250453591347, 15.8816804886, -5.51128530502, 3.19209361076, 14.5042200089, 25.0295696259, 74.7275238037]], "icov": [[0.000136937887874, -2.27913897106e-05, 0.000112491805339, -0.000194255670067, 0.000170318424352, -8.88928188942e-05, 0.000111833425763, -0.000124755941215, 0.000150455103721, -0.000430353626143, 0.000226775737246, -7.36793590477e-05, 0.000122000914416], [-2.27913897106e-05, 0.00122582959011, 0.000579343817662, -0.000567859271541, -1.88594276551e-05, -0.000309705705149, -0.000178408372449, -0.00070640433114, -0.000334811047651, 0.00137182732578, -0.00170756422449, 0.000409680651501, -0.000439803814515], [0.000112491805339, 0.000579343817662, 0.00249372469261, -0.000914109928999, 9.52844202402e-05, -0.00163724669255, -0.000413581496105, -0.00037081798655, -0.000485881813802, 0.00115350680426, -0.000517249456607, -0.000787695636973, -0.0008899057284], [-0.000194255670067, -0.000567859271541, -0.000914109928999, 0.00523210223764, -0.00281590363011, 0.00068510643905, -0.000211629419937, 0.000150277337525, -0.00026321579935, 0.000504461117089, 0.00191550829913, 6.51607551845e-05, -0.00143006222788], [0.000170318424352, -1.88594276551e-05, 9.52844202402e-05, -0.00281590363011, 0.00767968967557, -0.00195594201796, 0.00212506554089, 0.00157578685321, -0.00175639952067, -0.00197397125885, 0.000507163698785, -0.000199365822482, -0.000471551436931], [-8.88928188942e-05, -0.000309705705149, -0.00163724669255, 0.00068510643905, -0.00195594201796, 0.00904357153922, -0.00330103933811, 0.000895446748473, 0.000171889812918, -0.000654952076729, -0.000911109091248, 0.000248471304076, 0.00241005118005], [0.000111833425763, -0.000178408372449, -0.000413581496105, -0.000211629419937, 0.00212506554089, -0.00330103933811, 0.0110178664327, -0.00508416257799, -0.00135873048566, -0.00181630917359, 0.00137170788366, -0.00194737210404, 0.000969150860328], [-0.000124755941215, -0.00070640433114, -0.00037081798655, 0.000150277337525, 0.00157578685321, 0.000895446748473, -0.00508416257799, 0.0132722565904, -0.00289412378334, 0.000293595134281, -0.00175392359961, 0.000704349367879, -0.00255110650323], [0.000150455103721, -0.000334811047651, -0.000485881813802, -0.00026321579935, -0.00175639952067, 0.000171889812918, -0.00135873048566, -0.00289412378334, 0.0124708786607, -0.00403619464487, 0.00214966689236, -0.000173041044036, 0.00212450395338], [-0.000430353626143, 0.00137182732578, 0.00115350680426, 0.000504461117089, -0.00197397125885, -0.000654952076729, -0.00181630917359, 0.000293595134281, -0.00403619464487, 0.0150512261316, -0.00648670550436, 0.000561118475161, -0.00145276449621], [0.000226775737246, -0.00170756422449, -0.000517249456607, 0.00191550829913, 0.000507163698785, -0.000911109091248, 0.00137170788366, -0.00175392359961, 0.00214966689236, -0.00648670550436, 0.0179452635348, -0.00444036023691, -0.000934705312829], [-7.36793590477e-05, 0.000409680651501, -0.000787695636973, 6.51607551845e-05, -0.000199365822482, 0.000248471304076, -0.00194737210404, 0.000704349367879, -0.000173041044036, 0.000561118475161, -0.00444036023691, 0.0182236805558, -0.00528988754377], [0.000122000914416, -0.000439803814515, -0.0008899057284, -0.00143006222788, -0.000471551436931, 0.00241005118005, 0.000969150860328, -0.00255110650323, 0.00212450395338, -0.00145276449621, -0.000934705312829, -0.00528988754377, 0.0177910998464]], "mean": [-680.702575684, 120.618774414, -26.5680599213, 25.9899463654, -1.85365891457, -3.30408430099, -5.76774263382, 0.351527988911, -7.90129995346, 1.33442270756, -1.35689795017, -2.55015707016, -2.45309710503]}, "pitch_salience": {"dmean": 0.0680331215262, "dmean2": 0.112252622843, "dvar": 0.00303905457258, "dvar2": 0.00797322113067, "max": 0.882858157158, "mean": 0.625890791416, "median": 0.637244641781, "min": 0.185242548585, "var": 0.00833443272859}, "silence_rate_20dB": {"dmean": 0, "dmean2": 0, "dvar": 0, "dvar2": 0, "max": 1, "mean": 1, "median": 1, "min": 1, "var": 0}, "silence_rate_30dB": {"dmean": 0, "dmean2": 0, "dvar": 0, "dvar2": 0, "max": 1, "mean": 1, "median": 1, "min": 1, "var": 0}, "silence_rate_60dB": {"dmean": 0.086808770895, "dmean2": 0.17364436388, "dvar": 0.0792742520571, "dvar2": 0.173770457506, "max": 1, "mean": 0.163397684693, "median": 0, "min": 0, "var": 0.136695176363}, "spectral_centroid": {"dmean": 325.778381348, "dmean2": 490.203063965, "dvar": 119174.25, "dvar2": 248627.40625, "max": 11470.5283203, "mean": 1658.08398438, "median": 1554.09082031, "min": 343.873321533, "var": 561816}, "spectral_complexity": {"dmean": 4.65183830261, "dmean2": 6.03893089294, "dvar": 23.0168170929, "dvar2": 33.1325073242, "max": 57, "mean": 16.6698074341, "median": 14, "min": 0, "var": 110.937530518}, "spectral_contrast_coeffs": {"dmean": [0.0585644990206, 0.051650647074, 0.0411102026701, 0.035480696708, 0.0280511006713, 0.0182687751949], "dmean2": [0.0987567305565, 0.0824063792825, 0.0645564049482, 0.0539417825639, 0.0416815802455, 0.027291841805], "dvar": [0.00220306171104, 0.00182267848868, 0.00118805840611, 0.000938787066843, 0.000612382078543, 0.000255552848103], "dvar2": [0.00599014619365, 0.00426887255162, 0.00265808147378, 0.00193172425497, 0.00126969267149, 0.000520183122717], "max": [-0.332246631384, -0.406063050032, -0.508042633533, -0.505082607269, -0.506335139275, -0.632541120052], "mean": [-0.62657147646, -0.749910414219, -0.787285685539, -0.786903679371, -0.785169959068, -0.754747271538], "median": [-0.629065275192, -0.761617124081, -0.800438165665, -0.803780019283, -0.797558665276, -0.752154350281], "min": [-0.969481468201, -0.976409554482, -0.968056976795, -0.971680045128, -0.965593218803, -0.963401973248], "var": [0.00648954231292, 0.00622733170167, 0.00477977981791, 0.00470392173156, 0.00360315619037, 0.00122508732602]}, "spectral_contrast_valleys": {"dmean": [0.444834262133, 0.385370701551, 0.357980370522, 0.329576939344, 0.321390211582, 0.363894999027], "dmean2": [0.727319598198, 0.603769004345, 0.53140515089, 0.46314266324, 0.415685504675, 0.439113229513], "dvar": [0.179128021002, 0.149240389466, 0.141158178449, 0.119004160166, 0.128310233355, 0.14746080339], "dvar2": [0.406190663576, 0.293746888638, 0.260692805052, 0.199981689453, 0.197910606861, 0.23180860281], "max": [-5.99899482727, -5.18389892578, -5.18866443634, -5.48304176331, -5.26928138733, -7.89068031311], "mean": [-8.22740268707, -7.03003787994, -7.60519981384, -7.76751279831, -7.64804363251, -10.9008760452], "median": [-7.95127725601, -6.85759210587, -7.45971679688, -7.57451581955, -7.4214849472, -10.7067337036], "min": [-27.7927303314, -27.6042423248, -27.5859127045, -27.4476070404, -27.4277591705, -27.3257102966], "var": [2.36302518845, 1.91572451591, 1.95288324356, 1.97993588448, 2.13315343857, 2.12397623062]}, "spectral_decrease": {"dmean": 1.32310606915e-09, "dmean2": 1.71721803444e-09, "dvar": 2.52022576619e-18, "dvar2": 4.00988002849e-18, "max": 1.21324089254e-28, "mean": -3.16496562291e-09, "median": -2.11365946967e-09, "min": -1.85824120535e-08, "var": 8.89939798244e-18}, "spectral_energy": {"dmean": 0.00556180579588, "dmean2": 0.00714770844206, "dvar": 4.55816661997e-05, "dvar2": 7.10860986146e-05, "max": 0.0744761154056, "mean": 0.0133392615244, "median": 0.00874643214047, "min": 1.04921543757e-20, "var": 0.000162097479915}, "spectral_energyband_high": {"dmean": 0.000275872967904, "dmean2": 0.000391480250983, "dvar": 5.17296257385e-07, "dvar2": 9.96618155114e-07, "max": 0.0164719484746, "mean": 0.000472206098493, "median": 0.000135323527502, "min": 7.53192053258e-21, "var": 1.12679867925e-06}, "spectral_energyband_low": {"dmean": 0.000721112359315, "dmean2": 0.00109387759585, "dvar": 1.41683199217e-06, "dvar2": 2.93107382277e-06, "max": 0.0154212573543, "mean": 0.00158998963889, "median": 0.000647070235573, "min": 4.65954135859e-23, "var": 4.90315869683e-06}, "spectral_energyband_middle_high": {"dmean": 0.0026591673959, "dmean2": 0.00337549764663, "dvar": 1.60859781317e-05, "dvar2": 2.56401744991e-05, "max": 0.0486707612872, "mean": 0.00533462176099, "median": 0.00211533647962, "min": 1.48177289835e-21, "var": 5.20708708791e-05}, "spectral_energyband_middle_low": {"dmean": 0.00321652460843, "dmean2": 0.00470477808267, "dvar": 1.72615600604e-05, "dvar2": 3.51724374923e-05, "max": 0.0583600513637, "mean": 0.00625321315601, "median": 0.00394565658644, "min": 1.87351309546e-22, "var": 4.41515585408e-05}, "spectral_entropy": {"dmean": 0.146844625473, "dmean2": 0.206434413791, "dvar": 0.0194906666875, "dvar2": 0.0354784280062, "max": 9.82536411285, "mean": 7.61096525192, "median": 7.62945508957, "min": 5.81361913681, "var": 0.124730937183}, "spectral_flux": {"dmean": 0.0195140745491, "dmean2": 0.0290166698396, "dvar": 0.000417451403337, "dvar2": 0.00081780430628, "max": 0.233705058694, "mean": 0.0669879838824, "median": 0.0600099489093, "min": 6.50119472145e-11, "var": 0.00150201504584}, "spectral_kurtosis": {"dmean": 1.94790756702, "dmean2": 3.37078738213, "dvar": 4.7135219574, "dvar2": 14.1162481308, "max": 36.8344612122, "mean": 4.73927974701, "median": 4.0831580162, "min": -1.22006833553, "var": 10.2442493439}, "spectral_rms": {"dmean": 0.000726924452465, "dmean2": 0.000916835560929, "dvar": 5.24334666352e-07, "dvar2": 7.60379123221e-07, "max": 0.00852406118065, "mean": 0.00320159341209, "median": 0.00292114797048, "min": 3.19941360731e-12, "var": 2.76373589259e-06}, "spectral_rolloff": {"dmean": 567.880615234, "dmean2": 908.467895508, "dvar": 735852.75, "dvar2": 1416227, "max": 19207.6171875, "mean": 1964.86950684, "median": 1679.58984375, "min": 107.666015625, "var": 2358058.25}, "spectral_skewness": {"dmean": 0.237007305026, "dmean2": 0.388277947903, "dvar": 0.0480544455349, "dvar2": 0.130211740732, "max": 4.19659423828, "mean": 1.33092451096, "median": 1.29459834099, "min": -0.0678543448448, "var": 0.147888198495}, "spectral_spread": {"dmean": 397160.65625, "dmean2": 583234.625, "dvar": 639541182464, "dvar2": 1181005250560.0, "max": 41432140, "mean"