{"lowlevel": {"average_loudness": 0.888114690781, "barkbands": {"dmean": [3.14880198857e-05, 0.00111163733527, 0.000692200555932, 0.000525213952642, 0.000993201159872, 0.000548665819224, 0.000841568573378, 0.000714966387022, 0.000658084754832, 0.00093643181026, 0.000550306634977, 0.00047304853797, 0.000678315409459, 0.000397851341404, 0.000450926891062, 0.000253247271758, 0.000352242350345, 0.000590179115534, 0.000263227528194, 0.000182400312042, 5.2619176131e-05, 0.000115946895676, 8.42187364469e-05, 2.86529357254e-05, 0.000144154808368, 1.26509112306e-05, 2.40828143205e-07], "dmean2": [5.16144282301e-05, 0.00183841388207, 0.00122971914243, 0.000903155945707, 0.00158587878104, 0.000849480158649, 0.00135283032432, 0.00118032610044, 0.00107306893915, 0.00154466100503, 0.000914578558877, 0.000786550866906, 0.00111319392454, 0.000642843195237, 0.000753630069084, 0.00041521890671, 0.000582738721278, 0.000967587693594, 0.000429937907029, 0.000297257385682, 8.04016526672e-05, 0.000177575435373, 0.000124026599224, 4.11843575421e-05, 0.000216571192141, 1.85887547559e-05, 4.16851605678e-07], "dvar": [7.4313777354e-09, 2.34951176026e-06, 1.34227161652e-06, 7.85319173247e-07, 1.74917079221e-06, 1.2361329027e-06, 2.68860821961e-06, 1.5445207282e-06, 1.45615547353e-06, 2.91194123747e-06, 1.99740929929e-06, 1.11474344067e-06, 2.6694697226e-06, 7.36316053462e-07, 1.03176455468e-06, 3.39696839546e-07, 6.09121059369e-07, 1.08070764782e-06, 1.69469430489e-07, 8.93178793149e-08, 5.57085799713e-09, 9.47279090724e-08, 4.34943849825e-08, 2.9428672832e-09, 1.85414833709e-07, 9.96209892357e-10, 4.27337717079e-13], "dvar2": [1.83560704414e-08, 6.21413937552e-06, 3.84283157473e-06, 2.21699087888e-06, 4.34957655671e-06, 2.94967640002e-06, 6.55251096759e-06, 4.10873508372e-06, 3.75881040782e-06, 7.69245525589e-06, 5.32850435775e-06, 2.92457548312e-06, 6.97624955137e-06, 1.90780428966e-06, 2.79520486401e-06, 9.59271346801e-07, 1.67757741565e-06, 3.03018373415e-06, 4.59432413891e-07, 2.3161253182e-07, 1.19609264715e-08, 2.31514846405e-07, 9.70481792706e-08, 6.01792971011e-09, 4.38898211996e-07, 2.29013541464e-09, 1.17859205468e-12], "max": [0.00110623985529, 0.0179526824504, 0.0133312968537, 0.0134924668819, 0.0196905937046, 0.0201200842857, 0.0288449525833, 0.0194367431104, 0.0187831483781, 0.0254033394158, 0.0313974954188, 0.0232094265521, 0.0368486903608, 0.0132103515789, 0.0167531315237, 0.0149503452703, 0.0186923388392, 0.0186759270728, 0.00972112361342, 0.00751236453652, 0.00138675095513, 0.00384063017555, 0.00264176214114, 0.00112483825069, 0.00725631881505, 0.000334711367032, 9.04051557882e-06], "mean": [2.93444663839e-05, 0.00196228339337, 0.000960448232945, 0.000662190082949, 0.00191564497072, 0.000954407907557, 0.00129548006225, 0.00101781764533, 0.000975612085313, 0.00131062383298, 0.000793851504568, 0.000737234659027, 0.00108960748184, 0.000611083058175, 0.000699780415744, 0.000437409064034, 0.000653315277305, 0.00121421390213, 0.000591287622228, 0.00041512347525, 0.000119381031254, 0.000165629287949, 0.000126852712128, 5.66179842281e-05, 0.000169378574356, 1.97135032067e-05, 2.5181628871e-07], "median": [4.30372347182e-06, 0.00160516961478, 0.000493743689731, 0.000377295393264, 0.0013135697227, 0.000468081329018, 0.000531726400368, 0.000431197229773, 0.000349860813003, 0.000477092136862, 0.000220533183892, 0.00023511229665, 0.000231270081713, 0.000197541536181, 0.000217953667743, 0.000208148499951, 0.000303533277474, 0.000571031996515, 0.000421234406531, 0.000232536578551, 8.84677137947e-05, 6.64705512463e-05, 4.44156321464e-05, 3.01837972074e-05, 2.86001231871e-05, 6.18558078713e-06, 7.05563536485e-08], "min": [1.96340527473e-25, 2.99572374226e-24, 3.17576487502e-24, 8.96942047592e-25, 4.00071005298e-24, 4.97422791333e-24, 7.89993630595e-24, 4.93787325851e-24, 9.81750097208e-24, 1.44568558534e-23, 2.03739989516e-23, 2.41794907796e-23, 3.19026520342e-23, 4.47540860153e-23, 3.26138164511e-23, 6.66219413968e-23, 6.52914675267e-23, 7.1812709262e-23, 1.36320528676e-22, 1.42966915306e-22, 2.26874730267e-22, 2.9658678498e-22, 3.69541701724e-22, 5.89428336062e-22, 8.00141489948e-22, 1.19038499704e-21, 1.84715186312e-21], "var": [6.77081901657e-09, 3.33768571181e-06, 1.78676452833e-06, 8.14960515072e-07, 3.8273269638e-06, 2.74722765425e-06, 5.67993220102e-06, 2.47352750193e-06, 2.63721813099e-06, 4.73021918879e-06, 3.0849309951e-06, 2.19073763219e-06, 6.09280959907e-06, 1.44743523833e-06, 1.79440303327e-06, 6.71425880228e-07, 1.3496722886e-06, 2.78003221865e-06, 4.4113934905e-07, 2.71857629741e-07, 1.26337855733e-08, 1.03804431717e-07, 5.79814383173e-08, 5.5421152112e-09, 1.98860249156e-07, 1.3457239767e-09, 3.39776682267e-13]}, "barkbands_crest": {"dmean": 2.22710967064, "dmean2": 3.73334789276, "dvar": 3.87471365929, "dvar2": 10.4061717987, "max": 23.893321991, "mean": 7.55927705765, "median": 6.87847805023, "min": 2.13575172424, "var": 9.122590065}, "barkbands_flatness_db": {"dmean": 0.0165313072503, "dmean2": 0.0249565113336, "dvar": 0.000307514768792, "dvar2": 0.000603937893175, "max": 0.512364566326, "mean": 0.109763883054, "median": 0.103703096509, "min": 0.0122315920889, "var": 0.00215973216109}, "barkbands_kurtosis": {"dmean": 1.47210991383, "dmean2": 2.35841178894, "dvar": 44.1862678528, "dvar2": 116.230003357, "max": 283.531158447, "mean": 1.32585680485, "median": -0.185755491257, "min": -1.82977509499, "var": 62.6876449585}, "barkbands_skewness": {"dmean": 0.377759844065, "dmean2": 0.595583558083, "dvar": 0.180300623178, "dvar2": 0.443980872631, "max": 12.6437387466, "mean": 0.727756142616, "median": 0.599731087685, "min": -2.35388445854, "var": 1.12052035332}, "barkbands_spread": {"dmean": 6.1762638092, "dmean2": 9.71587371826, "dvar": 42.0392417908, "dvar2": 93.3707122803, "max": 92.1970291138, "mean": 28.571062088, "median": 27.8240795135, "min": 0.643555521965, "var": 128.12272644}, "dissonance": {"dmean": 0.0160684343427, "dmean2": 0.0271175634116, "dvar": 0.000226025877055, "dvar2": 0.000636184879113, "max": 0.500000059605, "mean": 0.471368014812, "median": 0.475322842598, "min": 0.246521517634, "var": 0.000389811524656}, "dynamic_complexity": 3.025649786, "erbbands": {"dmean": [0.0293999444693, 0.268119484186, 0.741681754589, 1.22680068016, 2.5155236721, 3.88367295265, 4.78764772415, 4.01860380173, 8.58827877045, 17.8295230865, 13.224852562, 13.347661972, 28.8542861938, 21.7110958099, 19.7146205902, 21.2229576111, 28.0773448944, 23.7360267639, 23.225353241, 15.2209949493, 14.7124910355, 17.0419540405, 23.8946609497, 23.7296180725, 11.808347702, 9.03152942657, 2.5158803463, 2.46238684654, 5.21887111664, 1.92582964897, 2.97638082504, 0.838464379311, 0.421631813049, 0.589732170105, 1.74656438828, 0.185376897454, 0.0176213104278, 0.00161261996254, 5.52239071112e-05, 9.32766761252e-06], "dmean2": [0.0489845909178, 0.449090719223, 1.30494773388, 2.12354230881, 4.19287157059, 6.27083206177, 7.47434139252, 6.20495223999, 13.5627212524, 28.9198493958, 21.6983032227, 21.6408653259, 47.013381958, 35.9050102234, 32.7561950684, 35.228061676, 45.9478225708, 38.6258544922, 38.4481124878, 25.1454696655, 24.3332653046, 27.6748180389, 38.5962333679, 39.4369621277, 19.0785274506, 14.733877182, 3.97685813904, 3.72363853455, 8.0936384201, 2.87493038177, 4.43253231049, 1.21594178677, 0.609231472015, 0.872325837612, 2.67439007759, 0.272743284702, 0.0256094299257, 0.00246636429802, 8.34735037643e-05, 1.36690341606e-05], "dvar": [0.00326859368943, 0.116713523865, 1.25468552113, 4.98211288452, 13.3542985916, 32.8420448303, 81.3035888672, 77.4407730103, 319.444000244, 1245.39941406, 597.132324219, 739.000915527, 3656.63208008, 2061.54345703, 2117.40454102, 2184.72509766, 4656.8359375, 2868.99731445, 3317.45849609, 1032.23583984, 1362.27160645, 1466.49487305, 1877.9588623, 1599.23742676, 367.316070557, 256.50970459, 10.9612827301, 19.2046432495, 212.328109741, 18.8129272461, 59.8962745667, 3.01667523384, 0.620297074318, 2.37962961197, 30.0193920135, 0.276336818933, 0.0019599548541, 1.80579936568e-05, 2.20293614461e-08, 2.29007979247e-10], "dvar2": [0.00865319464356, 0.318662792444, 3.52957344055, 14.1755428314, 35.8784561157, 83.2962036133, 195.725708008, 175.486755371, 760.750976562, 3171.84008789, 1572.84484863, 1864.85461426, 9516.80957031, 5552.67724609, 5638.97070312, 5594.72363281, 12047.921875, 7662.49658203, 9012.11621094, 2854.31347656, 3884.13671875, 4066.35229492, 5131.18896484, 4402.984375, 998.316955566, 671.231140137, 26.3159770966, 41.2124404907, 525.716064453, 42.0760803223, 136.339767456, 6.2729716301, 1.28349113464, 5.66632270813, 71.9345703125, 0.637529969215, 0.00448384694755, 4.40488511231e-05, 5.44056533158e-08, 5.02600239205e-10], "max": [0.61361771822, 3.69894003868, 15.8151063919, 37.1585731506, 53.9648590088, 96.1952514648, 178.540985107, 195.793289185, 476.270568848, 646.499633789, 378.655609131, 542.706115723, 1083.79064941, 844.685668945, 1088.12866211, 1165.91210938, 1609.06628418, 758.676879883, 1058.96777344, 565.991271973, 1034.86010742, 1118.78881836, 851.624633789, 575.514831543, 406.784393311, 422.400543213, 55.4834594727, 65.9563674927, 200.31741333, 54.3355369568, 113.267829895, 43.4247970581, 9.23175048828, 23.2713069916, 96.4945526123, 8.61621856689, 0.595783233643, 0.0625309869647, 0.00209432072006, 0.000226744057727], "mean": [0.0435136705637, 0.487705081701, 1.18777441978, 1.71562635899, 4.32931661606, 6.40146350861, 7.83874893188, 7.2302312851, 13.6338729858, 26.7190189362, 19.790096283, 21.129360199, 42.0555496216, 33.2725296021, 31.8285903931, 35.5404205322, 46.6459884644, 39.4447021484, 37.9082946777, 27.1062507629, 27.9898033142, 35.5568962097, 53.7622108459, 50.7623748779, 28.6773281097, 20.7812099457, 6.46187973022, 5.01271629333, 7.00589418411, 3.22659420967, 4.25444746017, 1.54459512234, 0.824047803879, 0.826453745365, 1.9306961298, 0.243241578341, 0.02744676359, 0.00232089683414, 8.37218394736e-05, 2.98847462545e-05], "median": [0.0247280225158, 0.415235161781, 0.690327763557, 1.07249617577, 2.67565870285, 3.98881530762, 4.02783155441, 3.58787727356, 6.24046993256, 10.2818489075, 8.93405342102, 8.57949733734, 14.8891820908, 12.5308914185, 14.610868454, 12.5550413132, 13.0874853134, 12.360118866, 12.2349281311, 12.6136951447, 13.4283657074, 17.8546028137, 28.5028781891, 29.5800857544, 19.4107456207, 11.0646858215, 4.90520763397, 3.22013092041, 2.50692987442, 1.53838181496, 1.37436771393, 0.799824953079, 0.398524880409, 0.243398368359, 0.239299833775, 0.0555716082454, 0.00842937920243, 0.000718924740795, 3.31508927047e-05, 2.59612934315e-05], "min": [2.56604635332e-23, 7.35769834237e-22, 3.61815666176e-21, 6.4333887323e-21, 9.40066290021e-21, 1.61186902166e-20, 5.0425166017e-20, 5.63424509965e-20, 1.00798058097e-19, 1.41623596003e-19, 1.79886076008e-19, 2.69253906831e-19, 5.03683613271e-19, 7.76452107127e-19, 9.7280203708e-19, 1.30235544601e-18, 1.58569303335e-18, 1.80334637959e-18, 2.17462515677e-18, 3.19501199936e-18, 4.53741363697e-18, 4.4388327331e-18, 5.13753813446e-18, 6.7579911583e-18, 6.16007109714e-18, 7.60120666703e-18, 8.73516540772e-18, 1.02558310848e-17, 9.7170552646e-18, 1.121104933e-17, 1.01816950224e-17, 1.06720857398e-17, 1.0187990694e-17, 7.62265132441e-18, 6.30297275182e-18, 4.17566728917e-18, 2.32586086291e-18, 9.54750681368e-19, 2.35426743421e-19, 2.72820257268e-20], "var": [0.00340522849001, 0.185169860721, 2.373939991, 4.88151264191, 24.5590057373, 55.2338294983, 147.507385254, 190.069992065, 604.940551758, 2397.17529297, 936.583435059, 1364.8927002, 5984.42919922, 3339.57055664, 3475.27832031, 4558.65283203, 9844.85058594, 6041.39648438, 6080.48486328, 1919.97509766, 2863.25170898, 3729.46508789, 5499.51318359, 3856.03540039, 1064.12731934, 746.974731445, 34.1569099426, 33.6372718811, 219.222885132, 26.2786102295, 74.8610153198, 4.9274392128, 1.22746026516, 2.81353378296, 30.692697525, 0.322682350874, 0.00268363952637, 2.08272795135e-05, 2.41351099106e-08, 5.07774100544e-10]}, "erbbands_crest": {"dmean": 2.81594991684, "dmean2": 4.71597480774, "dvar": 6.58298158646, "dvar2": 17.6030101776, "max": 27.535484314, "mean": 8.60409069061, "median": 7.84797668457, "min": 2.25128388405, "var": 13.1141910553}, "erbbands_flatness_db": {"dmean": 0.0162432361394, "dmean2": 0.0241290573031, "dvar": 0.000253180623986, "dvar2": 0.000483897980303, "max": 0.336827605963, "mean": 0.156743586063, "median": 0.153840303421, "min": 0.0612296648324, "var": 0.00160393794067}, "erbbands_kurtosis": {"dmean": 0.773930072784, "dmean2": 1.24460685253, "dvar": 2.55405306816, "dvar2": 4.85259389877, "max": 52.842830658, "mean": 0.0778272598982, "median": -0.345478177071, "min": -1.81759214401, "var": 6.6749792099}, "erbbands_skewness": {"dmean": 0.347902536392, "dmean2": 0.551455318928, "dvar": 0.0906960293651, "dvar2": 0.220759525895, "max": 5.23023271561, "mean": 0.0414408184588, "median": 0.0503803044558, "min": -3.22210764885, "var": 0.477637529373}, "erbbands_spread": {"dmean": 7.36107778549, "dmean2": 11.5316286087, "dvar": 62.5139350891, "dvar2": 141.90196228, "max": 144.215240479, "mean": 36.3329086304, "median": 32.9083404541, "min": 3.28247356415, "var": 286.536621094}, "gfcc": {"cov": [[29720.3457031, 850.453796387, -3544.36010742, 703.339172363, -1251.5657959, 418.764556885, -876.000244141, 590.371398926, -803.530944824, 130.300979614, -330.069274902, 91.6201858521, -359.916229248], [850.453796387, 769.041503906, -177.277709961, 51.5808639526, 49.7684135437, -82.0617675781, 71.370880127, -18.2641639709, 34.8207550049, -53.72631073, 91.4629898071, -68.5246734619, 50.0388526917], [-3544.36010742, -177.277709961, 1256.57080078, 53.5682640076, 56.6120452881, 38.311756134, -11.7556915283, -100.117607117, 132.32975769, 42.7771186829, -95.9162445068, 46.8794403076, 23.3140792847], [703.339172363, 51.5808639526, 53.5682640076, 237.824630737, 14.0531978607, -39.8643569946, -96.1149215698, 4.70956945419, 40.2235107422, 17.1319999695, -27.6526317596, 5.40907001495, 33.8363494873], [-1251.5657959, 49.7684135437, 56.6120452881, 14.0531978607, 235.175415039, -16.3015995026, 79.5756072998, -11.7609519958, 51.5810050964, -4.49833011627, 51.5539932251, -34.3882446289, 44.6092758179], [418.764556885, -82.0617675781, 38.311756134, -39.8643569946, -16.3015995026, 192.380889893, 57.2547302246, 1.70732033253, -66.4321594238, 19.7997512817, -28.5912284851, -2.6265938282, -37.1011543274], [-876.000244141, 71.370880127, -11.7556915283, -96.1149215698, 79.5756072998, 57.2547302246, 201.990921021, 13.5174856186, -18.5582733154, -27.5166320801, 65.2716064453, -29.3034286499, 4.81913757324], [590.371398926, -18.2641639709, -100.117607117, 4.70956945419, -11.7609519958, 1.70732033253, 13.5174856186, 93.4711074829, 15.1745738983, 10.4544038773, -2.53100919724, 12.5405006409, -5.20651960373], [-803.530944824, 34.8207550049, 132.32975769, 40.2235107422, 51.5810050964, -66.4321594238, -18.5582733154, 15.1745738983, 141.467147827, 32.6276473999, 1.42460370064, -0.578160822392, 38.7514457703], [130.300979614, -53.72631073, 42.7771186829, 17.1319999695, -4.49833011627, 19.7997512817, -27.5166320801, 10.4544038773, 32.6276473999, 75.3319778442, 5.25854492188, 6.75105524063, -8.94365310669], [-330.069274902, 91.4629898071, -95.9162445068, -27.6526317596, 51.5539932251, -28.5912284851, 65.2716064453, -2.53100919724, 1.42460370064, 5.25854492188, 105.169868469, 3.31150269508, 12.7435131073], [91.6201858521, -68.5246734619, 46.8794403076, 5.40907001495, -34.3882446289, -2.6265938282, -29.3034286499, 12.5405006409, -0.578160822392, 6.75105524063, 3.31150269508, 82.8661651611, 19.3602790833], [-359.916229248, 50.0388526917, 23.3140792847, 33.8363494873, 44.6092758179, -37.1011543274, 4.81913757324, -5.20651960373, 38.7514457703, -8.94365310669, 12.7435131073, 19.3602790833, 79.9641342163]], "icov": [[0.000230730423937, -0.00050361972535, 0.000504508963786, -0.000565745867789, 0.000436539208749, -0.000514118932188, 0.000689712062012, -0.00101852824446, 0.00102750316728, -0.000790460850112, 0.000673898030072, -0.000371433445252, 0.000252191413892], [-0.00050361972535, 0.00310573354363, -0.000997210619971, 0.000495065120049, -7.37504815334e-05, 0.000874066201504, -0.00161775725428, 0.00244409800507, -0.00321560516022, 0.00358274695463, -0.00376098160632, 0.00291554746218, -0.00157315074466], [0.000504508963786, -0.000997210619971, 0.00259844283573, -0.00175827450585, 0.000618699123152, -0.00104924861807, -0.000130700980662, 0.000404306105338, 0.000451305968454, -0.00244872504845, 0.0038650133647, -0.00296910107136, 0.00169375713449], [-0.000565745867789, 0.000495065120049, -0.00175827450585, 0.00795618072152, -0.00219678948633, 0.000756001798436, 0.00271909730509, 0.000282494700514, -0.00181136711035, 0.00143235898577, -0.00181033636909, 0.00230463221669, -0.00351083627902], [0.000436539208749, -7.37504815334e-05, 0.000618699123152, -0.00219678948633, 0.0082193063572, -0.00185010104906, -0.000238064749283, -0.00157285144087, -0.000341696781106, 0.000111692679639, -0.00274874037132, 0.00355909089558, -0.00301711936481], [-0.000514118932188, 0.000874066201504, -0.00104924861807, 0.000756001798436, -0.00185010104906, 0.0126959364861, -0.0084704356268, 0.00372655014507, 0.00381401088089, -0.00685692345724, 0.00673429574817, -0.00215483619832, 0.00163408613298], [0.000689712062012, -0.00161775725428, -0.000130700980662, 0.00271909730509, -0.000238064749283, -0.0084704356268, 0.0180333983153, -0.00977545883507, 0.00283722439781, 0.0057962811552, -0.0095791881904, 0.0059533524327, -0.00315772998147], [-0.00101852824446, 0.00244409800507, 0.000404306105338, 0.000282494700514, -0.00157285144087, 0.00372655014507, -0.00977545883507, 0.0216554738581, -0.0091915782541, 0.000209091187571, 0.00335242296569, -0.00540281180292, 0.00350592145696], [0.00102750316728, -0.00321560516022, 0.000451305968454, -0.00181136711035, -0.000341696781106, 0.00381401088089, 0.00283722439781, -0.0091915782541, 0.0210983045399, -0.0127212889493, 0.00603071134537, 0.00037349955528, -0.00423617009073], [-0.000790460850112, 0.00358274695463, -0.00244872504845, 0.00143235898577, 0.000111692679639, -0.00685692345724, 0.0057962811552, 0.000209091187571, -0.0127212889493, 0.0283874608576, -0.0145104955882, 0.00487332046032, 0.00120107340626], [0.000673898030072, -0.00376098160632, 0.0038650133647, -0.00181033636909, -0.00274874037132, 0.00673429574817, -0.0095791881904, 0.00335242296569, 0.00603071134537, -0.0145104955882, 0.0276305936277, -0.0116415573284, 0.00434910831973], [-0.000371433445252, 0.00291554746218, -0.00296910107136, 0.00230463221669, 0.00355909089558, -0.00215483619832, 0.0059533524327, -0.00540281180292, 0.00037349955528, 0.00487332046032, -0.0116415573284, 0.0233278349042, -0.010730269365], [0.000252191413892, -0.00157315074466, 0.00169375713449, -0.00351083627902, -0.00301711936481, 0.00163408613298, -0.00315772998147, 0.00350592145696, -0.00423617009073, 0.00120107340626, 0.00434910831973, -0.010730269365, 0.022568853572]], "mean": [-14.9214344025, 82.7169952393, -129.428512573, 37.898109436, -57.9330596924, 13.0619087219, -38.6237602234, 18.7872924805, -29.0897483826, 2.81472206116, -14.1672105789, 1.15474593639, -13.5276136398]}, "hfc": {"dmean": 6.75760030746, "dmean2": 9.91697978973, "dvar": 88.564704895, "dvar2": 193.757125854, "max": 125.119132996, "mean": 24.2343215942, "median": 20.7511901855, "min": 1.07918667865e-16, "var": 354.253936768}, "melbands": {"dmean": [0.00028579699574, 0.000357960816473, 0.000241889982135, 0.000216952656046, 0.000168961720192, 9.62621270446e-05, 0.000140104646562, 0.000188805177459, 0.000104605176602, 9.14339907467e-05, 0.000145628349856, 9.06597269932e-05, 7.47223602957e-05, 5.59098189115e-05, 6.92200264893e-05, 5.48089083168e-05, 4.60727642349e-05, 3.80629462597e-05, 2.59467124124e-05, 1.88337762665e-05, 1.91038234334e-05, 1.96352120838e-05, 2.04649950319e-05, 3.09690876747e-05, 1.97686058527e-05, 1.10480677904e-05, 8.37941661302e-06, 5.42489078725e-06, 2.04228081202e-06, 1.20587628771e-06, 1.61348259553e-06, 3.50789832737e-06, 1.65652670603e-06, 9.70988480731e-07, 2.10492339647e-06, 8.01995895472e-07, 4.6132032594e-07, 2.94919232147e-07, 2.92666328505e-07, 4.97168798574e-07], "dmean2": [0.000470611412311, 0.000617498648353, 0.00041700139991, 0.000352170492988, 0.000264482165221, 0.000149113766383, 0.000222818562179, 0.000307445909129, 0.000170832645381, 0.00014855673362, 0.000237327054492, 0.000150231426232, 0.000123563411762, 9.39989768085e-05, 0.000112960973638, 8.96567144082e-05, 7.46640071156e-05, 6.28460766166e-05, 4.30577638326e-05, 3.12415395456e-05, 3.17810590786e-05, 3.23341300827e-05, 3.27371308231e-05, 5.12942388013e-05, 3.29178146785e-05, 1.82629482879e-05, 1.37172628456e-05, 8.86516045284e-06, 3.31258570441e-06, 1.8734394871e-06, 2.4968710477e-06, 5.55659698875e-06, 2.56825478573e-06, 1.4998674942e-06, 3.18856587e-06, 1.1835411442e-06, 6.94406253388e-07, 4.38377270484e-07, 4.33448775539e-07, 7.7146859212e-07], "dvar": [2.03817492661e-07, 2.17619302134e-07, 1.63186342661e-07, 8.89450717523e-08, 7.99384167749e-08, 4.16293666206e-08, 7.72653336867e-08, 1.24755587194e-07, 3.90797083583e-08, 3.25643938481e-08, 8.96407215123e-08, 3.73803104026e-08, 3.43197399388e-08, 1.63771947115e-08, 2.67160782386e-08, 1.6043992801e-08, 1.12950164777e-08, 8.68242544527e-09, 3.29418692324e-09, 1.3706444868e-09, 2.69451283508e-09, 2.90289525751e-09, 1.19320830994e-09, 4.29613011832e-09, 1.16695386687e-09, 3.92151977557e-10, 1.95279167836e-10, 8.94960702769e-11, 8.79551986799e-12, 3.13037399821e-12, 9.34722004658e-12, 1.04577006776e-10, 1.66918354139e-11, 5.23203485744e-12, 3.16708569092e-11, 3.24970042195e-12, 9.78784869994e-13, 2.87701123775e-13, 3.62341667087e-13, 2.04861453322e-12], "dvar2": [5.31011551175e-07, 6.12289625224e-07, 4.65622946422e-07, 2.26588966257e-07, 1.9314281019e-07, 9.61118971077e-08, 1.85122743801e-07, 3.22041245227e-07, 1.0178819565e-07, 8.3616200186e-08, 2.33578177244e-07, 1.01089540294e-07, 9.07344883672e-08, 4.38721556861e-08, 6.92062727126e-08, 4.24743085148e-08, 3.00778246753e-08, 2.35080701572e-08, 8.85097062309e-09, 3.74653907897e-09, 7.62312524216e-09, 8.10115885486e-09, 3.00666203046e-09, 1.22579724149e-08, 3.19641957347e-09, 1.08720643599e-09, 5.15204823248e-10, 2.31219904334e-10, 2.28747940728e-11, 7.03965184756e-12, 2.09943225998e-11, 2.65028610169e-10, 3.99763520897e-11, 1.23184015072e-11, 7.38693897717e-11, 7.00668906575e-12, 2.16538896189e-12, 6.14530941325e-13, 8.04320206358e-13, 5.17354735441e-12], "max": [0.00529456231743, 0.00684490054846, 0.00567014608532, 0.0042033419013, 0.00577638857067, 0.00490139378235, 0.00616143364459, 0.00587610760704, 0.00345776230097, 0.00355009827763, 0.00528664235026, 0.00364594184794, 0.003537629731, 0.00304335844703, 0.00401275511831, 0.0020626957994, 0.0015644171508, 0.0016667736927, 0.00126510730479, 0.000956389354542, 0.00137443898711, 0.00162679061759, 0.000699805736076, 0.00148624624126, 0.000507134129293, 0.00046730984468, 0.000329439964844, 0.000237728294451, 6.09679154877e-05, 4.26118276664e-05, 4.56847155874e-05, 0.000149395025801, 7.05849815859e-05, 3.84183476854e-05, 8.34226666484e-05, 2.94365509035e-05, 3.10320756398e-05, 5.76501133764e-06, 8.87825353857e-06, 2.34562539845e-05], "mean": [0.000479540758533, 0.000646933913231, 0.00036856677616, 0.000397515803343, 0.000283842760837, 0.00017195858527, 0.00022389399237, 0.000282028893707, 0.000151888016262, 0.000139257215778, 0.000209823163459, 0.000133133988129, 0.000111811881652, 8.64274479682e-05, 0.000109724634967, 8.92851239769e-05, 7.07222934579e-05, 5.87643189647e-05, 4.17737937823e-05, 3.14836179314e-05, 3.36944140145e-05, 3.59180194209e-05, 4.04039565183e-05, 6.08552363701e-05, 3.87269865314e-05, 2.24643245019e-05, 1.843715836e-05, 1.1708510101e-05, 4.37555127064e-06, 2.57401620729e-06, 2.88070077659e-06, 4.45170871899e-06, 2.43361478169e-06, 1.53460189267e-06, 2.84787165583e-06, 1.33223534249e-06, 8.13315011783e-07, 5.67474273794e-07, 5.00763633227e-07, 6.49038497613e-07], "median": [0.000354705407517, 0.000468702201033, 0.000252847035881, 0.000265682960162, 0.000156117021106, 8.5367479187e-05, 9.90732514765e-05, 0.000111891218694, 6.35764299659e-05, 5.07072363689e-05, 7.30796309654e-05, 4.40087969764e-05, 3.9330268919e-05, 2.8984650271e-05, 2.78110255749e-05, 2.21423979383e-05, 1.90193113667e-05, 1.621708725e-05, 1.55793422891e-05, 1.47871123772e-05, 1.41033879117e-05, 1.55157467816e-05, 2.04844200198e-05, 2.55416853179e-05, 2.2569705834e-05, 1.4021811694e-05, 1.06901707113e-05, 6.05169361734e-06, 2.99377006741e-06, 1.85647400031e-06, 1.69239729075e-06, 1.41977159274e-06, 1.09704478746e-06, 6.87903479957e-07, 8.27590156405e-07, 5.97658754486e-07, 4.28724291623e-07, 2.80857307189e-07, 2.07960326293e-07, 1.80421551477e-07], "min": [5.18092485328e-25, 2.17655440663e-24, 1.54393627838e-24, 1.14497086164e-24, 2.25364051379e-24, 1.13918752513e-24, 1.68133159059e-24, 1.53255084615e-24, 1.81407913157e-24, 1.35667292682e-24, 2.22626506822e-24, 2.36947527139e-24, 2.64477865541e-24, 2.38054377875e-24, 2.72127528625e-24, 2.41946578138e-24, 3.42696836117e-24, 3.39918546895e-24, 3.18326950602e-24, 3.43337154514e-24, 5.06529874939e-24, 4.03984347034e-24, 3.12949364698e-24, 4.59791996229e-24, 4.78466582109e-24, 4.67440121034e-24, 4.53845523283e-24, 3.74725929932e-24, 5.01015027237e-24, 3.3537703522e-24, 5.20739389767e-24, 4.10142076931e-24, 6.14388144383e-24, 5.94440810318e-24, 4.55979944234e-24, 6.7297510832e-24, 5.94507784609e-24, 6.6571277594e-24, 6.28205555897e-24, 5.44249022464e-24], "var": [2.56213041894e-07, 4.45926019665e-07, 1.66091027154e-07, 1.80491483093e-07, 1.51369448531e-07, 1.01843546929e-07, 1.56761956305e-07, 2.31924715877e-07, 6.07171202205e-08, 5.91195927768e-08, 1.46614922869e-07, 5.96863500846e-08, 5.40389315518e-08, 2.99163289696e-08, 5.33087103349e-08, 3.72598130127e-08, 2.20556799491e-08, 1.60585624798e-08, 5.47798251205e-09, 2.62344812541e-09, 5.40377254055e-09, 6.14111117514e-09, 3.1311209181e-09, 1.03121990946e-08, 2.50409293301e-09, 8.72669603247e-10, 5.4320614673e-10, 2.53861459631e-10, 2.25489210637e-11, 6.63878500784e-12, 1.43207468453e-11, 1.01507913186e-10, 1.91445435893e-11, 6.60323141652e-12, 3.74066368158e-11, 4.77167610979e-12, 1.44127190651e-12, 5.65778489597e-13, 5.84778807409e-13, 2.04784865281e-12]}, "melbands_crest": {"dmean": 2.73740363121, "dmean2": 4.59186124802, "dvar": 5.93429470062, "dvar2": 15.7912883759, "max": 31.847454071, "mean": 10.3565740585, "median": 9.48143959045, "min": 1.51751840115, "var": 18.0688381195}, "melbands_flatness_db": {"dmean": 0.0196149852127, "dmean2": 0.0298786088824, "dvar": 0.000455055444036, "dvar2": 0.000932151742745, "max": 0.678351938725, "mean": 0.152017310262, "median": 0.141976356506, "min": 0.00105806195643, "var": 0.00431608967483}, "melbands_kurtosis": {"dmean": 3.42582082748, "dmean2": 5.46990346909, "dvar": 92.75390625, "dvar2": 241.53578186, "max": 291.002655029, "mean": 6.26828718185, "median": 2.08492636681, "min": -1.7734234333, "var": 264.159179688}, "melbands_skewness": {"dmean": 0.496260255575, "dmean2": 0.787408173084, "dvar": 0.303487360477, "dvar2": 0.76686167717, "max": 11.8468122482, "mean": 1.69967162609, "median": 1.4081287384, "min": -0.940902888775, "var": 1.8874464035}, "melbands_spread": {"dmean": 8.21855258942, "dmean2": 13.2496204376, "dvar": 63.6089935303, "dvar2": 162.832366943, "max": 162.089065552, "mean": 38.0489120483, "median": 35.4743537903, "min": 0.500227451324, "var": 442.386016846}, "mfcc": {"cov": [[11126.6650391, 592.305480957, -1245.59326172, 45.8268508911, -154.182632446, -181.317581177, 96.6637268066, 188.975997925, -195.337417603, 58.0634155273, 101.018005371, -100.590202332, -84.5745010376], [592.305480957, 756.696228027, -63.4873085022, 106.768615723, -1.58821475506, -15.9112005234, 81.0592269897, 29.7618923187, -15.1444015503, 47.3979568481, 3.90638017654, 22.8142566681, -18.0012321472], [-1245.59326172, -63.4873085022, 844.677612305, 76.8042984009, 78.0785980225, 123.738960266, -131.389343262, -39.3291816711, 91.3792724609, -72.3666610718, -25.8474464417, 22.7582187653, 49.7305831909], [45.8268508911, 106.768615723, 76.8042984009, 262.719116211, 127.969360352, -39.444103241, -86.270690918, -30.1227016449, 35.3486557007, 12.9168291092, -48.8722419739, 14.3311948776, 34.7975616455], [-154.182632446, -1.58821475506, 78.0785980225, 127.969360352, 170.792098999, 25.3989067078, -68.9090576172, -35.5248908997, 42.7180709839, 19.4405632019, -23.3431987762, -1.02461957932, 15.6142187119], [-181.317581177, -15.9112005234, 123.738960266, -39.444103241, 25.3989067078, 139.119598389, 48.3447761536, -5.59966611862, 6.4507856369, 6.12084054947, 16.2643356323, -17.5717773438, -15.7036495209], [96.6637268066, 81.0592269897, -131.389343262, -86.270690918, -68.9090576172, 48.3447761536, 222.751037598, 57.4908332825, -48.6122436523, 28.5895385742, 34.3008918762, -11.3300886154, -43.5094947815], [188.975997925, 29.7618923187, -39.3291816711, -30.1227016449, -35.5248908997, -5.59966611862, 57.4908332825, 82.486038208, 12.3341283798, -8.76847076416, 2.41714692116, -1.17190146446, 0.480513691902], [-195.337417603, -15.1444015503, 91.3792724609, 35.3486557007, 42.7180709839, 6.4507856369, -48.6122436523, 12.3341283798, 95.2865447998, 23.5506763458, -17.9722595215, -1.98134231567, 15.0257730484], [58.0634155273, 47.3979568481, -72.3666610718, 12.9168291092, 19.4405632019, 6.12084054947, 28.5895385742, -8.76847076416, 23.5506763458, 95.0583343506, 28.8944988251, -12.2103433609, -20.492931366], [101.018005371, 3.90638017654, -25.8474464417, -48.8722419739, -23.3431987762, 16.2643356323, 34.3008918762, 2.41714692116, -17.9722595215, 28.8944988251, 84.0866241455, 18.933511734, -19.4200382233], [-100.590202332, 22.8142566681, 22.7582187653, 14.3311948776, -1.02461957932, -17.5717773438, -11.3300886154, -1.17190146446, -1.98134231567, -12.2103433609, 18.933511734, 71.4402923584, 29.4129295349], [-84.5745010376, -18.0012321472, 49.7305831909, 34.7975616455, 15.6142187119, -15.7036495209, -43.5094947815, 0.480513691902, 15.0257730484, -20.492931366, -19.4200382233, 29.4129295349, 75.8566360474]], "icov": [[0.000130772750708, -8.60715299495e-05, 0.000210031706956, -0.000177573354449, 0.000115470385936, -0.000169143720996, 0.000307960464852, -0.000425302743679, 0.000231532278121, 6.2202278059e-05, -0.000280547363218, 0.000282130233245, -2.05859359994e-05], [-8.60715299495e-05, 0.00173151458148, -0.000185150129255, -0.00106711126864, 0.000517346779816, -7.80407353886e-05, -0.000590398383792, -0.000501599453855, 0.000468167476356, -0.00108818640001, 0.000651448091958, -0.0011452329345, 0.0006918462459], [0.000210031706956, -0.000185150129255, 0.00253847334534, -0.00124801544007, 0.00102169218007, -0.00280103948899, 0.00114712957293, 0.000434215267887, -0.00215408066288, 0.00262250611559, -0.00131508416962, 0.000174063912709, -0.000305414316244], [-0.000177573354449, -0.00106711126864, -0.00124801544007, 0.00934243854135, -0.00646341545507, 0.0038369752001, 0.000125356134959, 0.000409185944591, 0.00132852210663, -0.00244753458537, 0.0039242063649, -0.0014906085562, -0.00106637494173], [0.000115470385936, 0.000517346779816, 0.00102169218007, -0.00646341545507, 0.0131413331255, -0.00543579319492, 0.00221993704326, 0.0017536705127, -0.00277295638807, -0.000741348718293, -9.03237887542e-05, -0.000124018508359, 0.00035250390647], [-0.000169143720996, -7.80407353886e-05, -0.00280103948899, 0.0038369752001, -0.00543579319492, 0.0144085437059, -0.00602509547025, 0.00381421856582, -0.00170176755637, 0.00118653441314, -0.00210561370477, 0.00350463367067, -0.000749520317186], [0.000307960464852, -0.000590398383792, 0.00114712957293, 0.000125356134959, 0.00221993704326, -0.00602509547025, 0.0125149041414, -0.00995813310146, 0.00775851169601, -0.00586498016492, 0.00185168511234, -0.00192209484521, 0.00302884215489], [-0.000425302743679, -0.000501599453855, 0.000434215267887, 0.000409185944591, 0.0017536705127, 0.00381421856582, -0.00995813310146, 0.0247254725546, -0.0132481837645, 0.00940732751042, -0.00338229513727, 0.00258868932724, -0.00320932012983], [0.000231532278121, 0.000468167476356, -0.00215408066288, 0.00132852210663, -0.00277295638807, -0.00170176755637, 0.00775851169601, -0.0132481837645, 0.0242046955973, -0.0134547771886, 0.00697664823383, -0.0024161261972, 0.000218071421841], [6.2202278059e-05, -0.00108818640001, 0.00262250611559, -0.00244753458537, -0.000741348718293, 0.00118653441314, -0.00586498016492, 0.00940732751042, -0.0134547771886, 0.0236498191953, -0.011418887414, 0.00634976383299, -0.00014198498684], [-0.000280547363218, 0.000651448091958, -0.00131508416962, 0.0039242063649, -9.03237887542e-05, -0.00210561370477, 0.00185168511234, -0.00338229513727, 0.00697664823383, -0.011418887414, 0.0230087526143, -0.0113255614415, 0.00538509525359], [0.000282130233245, -0.0011452329345, 0.000174063912709, -0.0014906085562, -0.000124018508359, 0.00350463367067, -0.00192209484521, 0.00258868932724, -0.0024161261972, 0.00634976383299, -0.0113255614415, 0.0235752053559, -0.00960195343941], [-2.05859359994e-05, 0.0006918462459, -0.000305414316244, -0.00106637494173, 0.00035250390647, -0.000749520317186, 0.00302884215489, -0.00320932012983, 0.000218071421841, -0.00014198498684, 0.00538509525359, -0.00960195343941, 0.020563447848]], "mean": [-640.296020508, 108.349082947, -12.427116394, 26.7045841217, 1.81895709038, -2.08528208733, 2.53067731857, 8.720079422, -5.31325674057, 2.90329885483, 2.32296085358, -1.64504027367, -1.49598383904]}, "pitch_salience": {"dmean": 0.0586697347462, "dmean2": 0.0966924875975, "dvar": 0.00238634832203, "dvar2": 0.00634553609416, "max": 0.970442473888, "mean": 0.56639289856, "median": 0.566563308239, "min": 0.184015780687, "var": 0.00666363444179}, "silence_rate_20dB": {"dmean": 0, "dmean2": 0, "dvar": 0, "dvar2": 0, "max": 1, "mean": 1, "median": 1, "min": 1, "var": 0}, "silence_rate_30dB": {"dmean": 0, "dmean2": 0, "dvar": 0, "dvar2": 0, "max": 1, "mean": 1, "median": 1, "min": 1, "var": 0}, "silence_rate_60dB": {"dmean": 0.00939880125225, "dmean2": 0.0188006479293, "dvar": 0.00930987671018, "dvar2": 0.0220105070621, "max": 1, "mean": 0.062864549458, "median": 0, "min": 0, "var": 0.0589128099382}, "spectral_centroid": {"dmean": 250.937225342, "dmean2": 399.932403564, "dvar": 65584.5859375, "dvar2": 145576.203125, "max": 11733.7373047, "mean": 1968.48925781, "median": 1878.54199219, "min": 138.835922241, "var": 1636110.25}, "spectral_complexity": {"dmean": 3.10581755638, "dmean2": 4.684278965, "dvar": 8.43513393402, "dvar2": 16.3774719238, "max": 49, "mean": 21.2051200867, "median": 22, "min": 0, "var": 88.4534912109}, "spectral_contrast_coeffs": {"dmean": [0.0495232306421, 0.0474931448698, 0.0423083268106, 0.0329375453293, 0.0224291197956, 0.014332360588], "dmean2": [0.0820001363754, 0.0778831914067, 0.0689855739474, 0.0537204295397, 0.0359661132097, 0.0235259383917], "dvar": [0.00167437037453, 0.00142828619573, 0.00110660807695, 0.000697221315932, 0.000329376634909, 0.000158028429723], "dvar2": [0.0046406313777, 0.00384995224886, 0.00289900507778, 0.00183306308463, 0.000816907268018, 0.000405251223128], "max": [-0.411521077156, -0.443644046783, -0.473691046238, -0.551074981689, -0.59355443716, -0.637716174126], "mean": [-0.676824808121, -0.739002764225, -0.741931974888, -0.750623643398, -0.753574609756, -0.767713308334], "median": [-0.679852128029, -0.743113040924, -0.74248278141, -0.749191045761, -0.754645705223, -0.762838244438], "min": [-0.97738802433, -0.976621329784, -0.979588925838, -0.974942445755, -0.96689748764, -0.97544747591], "var": [0.00602470850572, 0.00534483790398, 0.00568458391353, 0.00448095332831, 0.00380484713241, 0.00141304184217]}, "spectral_contrast_valleys": {"dmean": [0.381230741739, 0.331330984831, 0.303774923086, 0.264105290174, 0.209646269679, 0.267618864775], "dmean2": [0.622774899006, 0.535136461258, 0.475662857294, 0.395104885101, 0.296421408653, 0.339699864388], "dvar": [0.124639190733, 0.108543545008, 0.0965180471539, 0.0900915637612, 0.0830841958523, 0.141315057874], "dvar2": [0.259705901146, 0.215232253075, 0.174552559853, 0.153372302651, 0.122191570699, 0.211811229587], "max": [-5.89258384705, -5.32341194153, -5.53192663193, -5.96742486954, -6.0161280632, -8.12163925171], "mean": [-7.63355302811, -7.13894987106, -7.71072244644, -8.07245063782, -7.6865568161, -10.337597847], "median": [-7.18252849579, -6.70211553574, -7.26835727692, -7.6131362915, -7.15716266632, -9.98807907104], "min": [-28.5167617798, -28.0933742523, -27.7616043091, -27.8934555054, -27.5104808807, -27.4047279358], "var": [7.03456020355, 7.30229187012, 7.06674528122, 6.88419342041, 7.20275878906, 5.62046480179]}, "spectral_decrease": {"dmean": 1.12879738889e-09, "dmean2": 1.75047287776e-09, "dvar": 1.28193566541e-18, "dvar2": 3.00804043639e-18, "max": 1.99288971373e-28, "mean": -4.44764225449e-09, "median": -4.34863700605e-09, "min": -1.54029624611e-08, "var": 6.27767508714e-18}, "spectral_energy": {"dmean": 0.00469248555601, "dmean2": 0.00719187036157, "dvar": 2.23122297029e-05, "dvar2": 5.10518184456e-05, "max": 0.0651044398546, "mean": 0.0189845785499, "median": 0.0184953026474, "min": 1.01587642381e-20, "var": 0.000118237730931}, "spectral_energyband_high": {"dmean": 0.000424952013418, "dmean2": 0.000599599152338, "dvar": 9.20051036246e-07, "dvar2": 2.02641035685e-06, "max": 0.0111096603796, "mean": 0.000776939326897, "median": 0.000412851048168, "min": 7.13728348677e-21, "var": 1.33946991809e-06}, "spectral_energyband_low": {"dmean": 0.00156156835146, "dmean2": 0.00258926441893, "dvar": 4.00074895879e-06, "dvar2": 1.02576113932e-05, "max": 0.0251625813544, "mean": 0.0032732556574, "median": 0.00268946983851, "min": 1.32137309736e-23, "var": 7.83239920565e-06}, "spectral_energyband_middle_high": {"dmean": 0.00237755407579, "dmean2": 0.00370594090782, "dvar": 8.83999473444e-06, "dvar2": 2.29927663895e-05, "max": 0.0533755533397, "mean": 0.00810612272471, "median": 0.00625880993903, "min": 9.9452332983e-22, "var": 5.17827174917e-05}, "spectral_energyband_middle_low": {"dmean": 0.00290538929403, "dmean2": 0.00461888452992, "dvar": 1.02395779322e-05, "dvar2": 2.55431277765e-05, "max": 0.0512252449989, "mean": 0.00742271123454, "median": 0.00637795217335, "min": 1.50152403167e-22, "var": 2.81192642433e-05}, "spectral_entropy": {"dmean": 0.134975507855, "dmean2": 0.194280698895, "dvar": 0.0259397849441, "dvar2": 0.0440462939441, "max": 9.82636547089, "mean": 7.67903614044, "median": 7.66460180283, "min": 4.65273284912, "var": 0.212847277522}, "spectral_flux": {"dmean": 0.0142450165004, "dmean2": 0.0222588554025, "dvar": 0.000176899076905, "dvar2": 0.000388143700548, "max": 0.175374120474, "mean": 0.0754127949476, "median": 0.0772425457835, "min": 6.50181367079e-11, "var": 0.00099699490238}, "spectral_kurtosis": {"dmean": 1.33222711086, "dmean2": 2.15207600594, "dvar": 5.04593038559, "dvar2": 11.2013282776, "max": 75.4747772217, "mean": 4.57579708099, "median": 4.04717540741, "min": -1.25929951668, "var": 20.9143829346}, "spectral_rms": {"dmean": 0.000518100045156, "dmean2": 0.000785514188465, "dvar": 2.22623668833e-07, "dvar2": 4.78626418499e-07, "max": 0.00796972587705, "mean": 0.00405969005078, "median": 0.00424784608185, "min": 3.14817247792e-12, "var": 2.04042066798e-06}, "spectral_rolloff": {"dmean": 618.285461426, "dmean2": 1050.47875977, "dvar": 1058960.875, "dvar2": 2515008.75, "max": 19745.9472656, "mean": 2465.48046875, "median": 2239.453125, "min": 64.599609375, "var": 6061294}, "spectral_skewness": {"dmean": 0.168177053332, "dmean2": 0.270365059376, "dvar": 0.0531994439662, "dvar2": 0.112593717873, "max": 7.56731557846, "mean": 1.44477140903, "median": 1.41862285137, "min": -0.0800941288471, "var": 0.277262747288}, "spectral_spread": {"dmean": 539569.1875, "dmean2": 771671.4375, "dvar": 814389788672, "dvar2": 1690879393790.0, "max": 42982392, "mean": 4918769.5, "median": 4102281, "min": 1316184.25, "var": 22290091737100.0}, "spectral_strongpeak": {"dmean": 0.890026509762, "dmean