{"lowlevel": {"average_loudness": 0.892366290092, "barkbands": {"dmean": [2.9612405342e-05, 0.00259559322149, 0.00342357205227, 0.00257057277486, 0.00147122121416, 0.000622324703727, 0.000610137823969, 0.000870160816703, 0.000442410993855, 0.000281435553916, 0.000350784655893, 0.000436018570326, 0.000554231635761, 0.00042639914318, 0.000258366082562, 0.000313625700073, 0.000240883178776, 0.000195719476324, 0.000185304728802, 0.000270001328317, 0.000300791813061, 0.000224341696594, 0.000208161465707, 0.000212363680475, 0.00011371418077, 7.99955814728e-05, 9.42681538163e-07], "dmean2": [5.09957972099e-05, 0.00405044248328, 0.00598122971132, 0.00456299353391, 0.00248920544982, 0.00102770095691, 0.00101544521749, 0.00137033220381, 0.000687195162755, 0.000449175538961, 0.000567755661905, 0.00072021613596, 0.000841476081405, 0.000676926632877, 0.000411323475419, 0.000489700993057, 0.000384062645026, 0.000308481830871, 0.00029713838012, 0.000441235781182, 0.000461519375676, 0.00033995785634, 0.000333503558068, 0.000329914386384, 0.000178209433216, 0.00012829543266, 1.74467584202e-06], "dvar": [6.96362478791e-09, 3.86807878385e-05, 7.99576228019e-05, 5.55833503313e-05, 1.01690211523e-05, 3.3351386719e-06, 3.82879261451e-06, 1.3241009583e-05, 2.10269377021e-06, 6.12011319845e-07, 1.37168456149e-06, 2.24681753025e-06, 1.95840766537e-06, 1.33366143018e-06, 4.52208041679e-07, 6.15962449046e-07, 2.57560401451e-07, 1.15835412373e-07, 1.16361938751e-07, 4.4907579877e-07, 2.54448764281e-07, 1.410700321e-07, 1.71410206917e-07, 1.49358228896e-07, 7.57480478342e-08, 3.44761161841e-08, 2.21720454496e-11], "dvar2": [1.99763015019e-08, 9.17315483093e-05, 0.00020298032905, 0.00015158658789, 2.71237458946e-05, 8.16981628304e-06, 8.71808242664e-06, 2.9772570997e-05, 4.89449985253e-06, 1.43938871133e-06, 3.33368143401e-06, 5.6334843066e-06, 4.34495359514e-06, 3.1465997381e-06, 1.10156213395e-06, 1.44653836287e-06, 6.1829319975e-07, 2.60429033005e-07, 2.87047271286e-07, 1.11262295377e-06, 5.4072296507e-07, 3.20559138345e-07, 4.2753362095e-07, 3.87451677852e-07, 1.82718522979e-07, 8.67911893465e-08, 6.27796564734e-11], "max": [0.00256238202564, 0.0711006969213, 0.0934020578861, 0.107744283974, 0.0454820878804, 0.0649750307202, 0.0553685054183, 0.114749729633, 0.0469954535365, 0.0265224166214, 0.0260609071702, 0.041668202728, 0.0267457533628, 0.0308557618409, 0.0146603714675, 0.0316806398332, 0.0103492736816, 0.0053191697225, 0.00658113788813, 0.0155092244968, 0.0113044865429, 0.00739411078393, 0.00816177856177, 0.00898583140224, 0.00719039421529, 0.00283130886964, 0.000114460257464], "mean": [3.44917752955e-05, 0.00304457801394, 0.00320847355761, 0.00212435307913, 0.00151436973829, 0.000718470197171, 0.000718147435691, 0.000992029672489, 0.000615608121734, 0.00038805467193, 0.000433810288087, 0.000624805572443, 0.000782252755016, 0.000579268264119, 0.000352615577867, 0.000450827647001, 0.000314722041367, 0.000287817441858, 0.000288753595669, 0.000337387231411, 0.000479483860545, 0.000322492705891, 0.000269308366114, 0.00028776191175, 0.000147901082528, 7.70615588408e-05, 5.87900899518e-07], "median": [3.82282541977e-06, 0.000415925635025, 0.000221091526328, 0.000240547247813, 0.000436526926933, 0.000251506105997, 0.000218885150389, 0.000191081373487, 0.000116014809464, 8.67330891197e-05, 8.20302666398e-05, 0.000311803625664, 0.000112752662972, 0.000105739491119, 0.000107655563625, 0.000115494178317, 0.000106761806819, 0.000121096280054, 0.000117979332572, 8.35664250189e-05, 0.000198204841581, 0.000152311244165, 8.45492468216e-05, 0.000154710520292, 3.29381909978e-05, 2.51451947406e-05, 1.1647093956e-08], "min": [1.30418610594e-23, 2.11986709864e-23, 5.5764317066e-24, 3.95173559583e-24, 5.63914378198e-23, 3.31042134106e-23, 2.84652916139e-23, 3.69916726199e-23, 6.22096088511e-23, 4.65635877815e-23, 6.63192333793e-23, 7.7194116409e-23, 1.09802407678e-22, 6.19578991134e-23, 1.23369931724e-22, 1.38887545171e-22, 2.42835746652e-22, 1.57593368365e-22, 2.87059768626e-22, 4.01086116244e-22, 2.87462428475e-22, 3.25962273773e-22, 5.64602113446e-22, 1.0461575956e-21, 1.00616434195e-21, 1.86997889763e-21, 2.7085907989e-21], "var": [1.09896483025e-08, 5.44526374142e-05, 7.64078940847e-05, 4.1478939238e-05, 8.96349592949e-06, 3.56413124791e-06, 4.78209813082e-06, 1.53585860971e-05, 3.18591469295e-06, 1.09491327294e-06, 1.86772638244e-06, 2.25752660299e-06, 4.10840857512e-06, 2.38348707171e-06, 6.34305934e-07, 1.06475602024e-06, 3.29085793283e-07, 1.91368826563e-07, 1.9737174739e-07, 5.89349951952e-07, 8.10490007552e-07, 3.00658513197e-07, 2.97759299883e-07, 1.7990734591e-07, 1.70897152429e-07, 3.05819654045e-08, 1.31078004353e-11]}, "barkbands_crest": {"dmean": 2.91661834717, "dmean2": 4.67890310287, "dvar": 6.72262096405, "dvar2": 15.9336767197, "max": 26.2662944794, "mean": 8.88562011719, "median": 7.8322057724, "min": 2.01541256905, "var": 19.2620601654}, "barkbands_flatness_db": {"dmean": 0.0253364779055, "dmean2": 0.0380623228848, "dvar": 0.000541503657587, "dvar2": 0.00113564007916, "max": 0.379777312279, "mean": 0.111804381013, "median": 0.105681940913, "min": 0.0139038767666, "var": 0.001988241449}, "barkbands_kurtosis": {"dmean": 2.5408642292, "dmean2": 4.07275009155, "dvar": 32.118812561, "dvar2": 78.9457015991, "max": 244.171203613, "mean": 1.98815655708, "median": 0.0924708619714, "min": -1.95051693916, "var": 58.5797805786}, "barkbands_skewness": {"dmean": 0.65976703167, "dmean2": 1.00504803658, "dvar": 0.500909626484, "dvar2": 1.0895203352, "max": 12.2703762054, "mean": 0.939644038677, "median": 0.747383058071, "min": -3.59257173538, "var": 1.64195907116}, "barkbands_spread": {"dmean": 10.2869462967, "dmean2": 15.7245779037, "dvar": 99.9276199341, "dvar2": 224.665328979, "max": 155.68119812, "mean": 34.6547889709, "median": 32.0605926514, "min": 0.685101747513, "var": 337.188873291}, "dissonance": {"dmean": 0.0156684815884, "dmean2": 0.0258219577372, "dvar": 0.000277867628029, "dvar2": 0.000704193837009, "max": 0.500000119209, "mean": 0.474475055933, "median": 0.481413036585, "min": 0.309870302677, "var": 0.000548052834347}, "dynamic_complexity": 3.70036673546, "erbbands": {"dmean": [0.053954295814, 0.663950204849, 2.89439606667, 7.27611637115, 6.54042863846, 4.09664201736, 5.27373456955, 4.99809932709, 6.36718893051, 13.932144165, 17.7278366089, 9.39637088776, 9.1356344223, 9.4436416626, 14.5694599152, 18.1691017151, 22.9607467651, 24.5065288544, 14.6064987183, 14.3910636902, 14.742149353, 12.7866640091, 10.0997924805, 10.0678815842, 9.79423141479, 13.1656713486, 12.6894845963, 10.2852172852, 7.49261236191, 8.10569286346, 5.86723041534, 5.27214336395, 2.60691785812, 1.30369079113, 0.864525258541, 0.416870474815, 0.146761119366, 0.00865271594375, 0.000220308545977, 2.27934197028e-05], "dmean2": [0.0756623223424, 1.02053129673, 4.77444934845, 12.9411745071, 11.2419633865, 6.87940359116, 8.68102169037, 8.35189247131, 10.7982578278, 22.3850479126, 27.8403682709, 14.5182609558, 14.0349311829, 15.2716531754, 23.3389644623, 29.3005218506, 33.7680740356, 39.0013198853, 23.1960964203, 22.3946418762, 23.1581916809, 20.2699661255, 15.7472238541, 16.0260829926, 15.5602779388, 21.7044849396, 19.6778507233, 15.889582634, 11.2328643799, 12.9215402603, 9.31598949432, 8.22932910919, 4.14641046524, 2.01442718506, 1.36787128448, 0.669879376888, 0.236208096147, 0.0141896018758, 0.000361548969522, 3.50743721356e-05], "dvar": [0.0175941213965, 2.49857926369, 57.4415435791, 402.748626709, 299.970184326, 73.5841827393, 289.922180176, 173.153335571, 270.792663574, 2908.3659668, 6426.48828125, 1135.38256836, 644.302185059, 707.83380127, 2960.45947266, 3365.18969727, 3851.06103516, 4102.42919922, 1600.07678223, 1381.71691895, 934.422058105, 808.10925293, 323.046600342, 325.389953613, 417.538208008, 1053.0255127, 599.815795898, 259.118164063, 149.321731567, 222.506652832, 132.294631958, 83.2060089111, 31.8672180176, 11.6635808945, 4.15732336044, 0.897371172905, 0.131290763617, 0.000637249904685, 5.88696593695e-07, 1.6294711136e-09], "dvar2": [0.0312577858567, 5.92197322845, 126.922348022, 1110.41027832, 793.61541748, 191.111358643, 715.104187012, 433.764007568, 716.973754883, 6284.21386719, 14832.6884766, 2511.24365234, 1465.33203125, 1753.90527344, 7370.12548828, 8328.75488281, 8226.32910156, 9669.28125, 3933.796875, 3235.97021484, 2358.85986328, 1997.98461914, 734.346618652, 777.132873535, 1036.11828613, 2618.82397461, 1296.63513184, 570.710510254, 316.029998779, 540.77545166, 339.657806396, 214.405853271, 81.9045562744, 28.1667385101, 10.2834396362, 2.23366856575, 0.332542955875, 0.00162973732222, 1.57750480412e-06, 3.96532895408e-09], "max": [2.16411685944, 18.9060344696, 78.6667251587, 268.052612305, 221.628967285, 142.429428101, 512.431030273, 468.799194336, 482.768249512, 1351.45532227, 2739.74365234, 1476.55029297, 896.455993652, 554.273925781, 1664.33068848, 1958.1270752, 1189.05895996, 1464.64758301, 879.59967041, 1553.03686523, 587.107666016, 682.856994629, 296.895324707, 357.023864746, 548.955200195, 768.140014648, 626.520629883, 344.394775391, 298.593658447, 266.583374023, 199.959609985, 162.494827271, 179.921157837, 96.6310882568, 54.3945884705, 14.2598295212, 6.73633813858, 0.539147853851, 0.0221854727715, 0.000599537044764], "mean": [0.0736670270562, 0.764014601707, 3.08185386658, 6.41805076599, 5.87717819214, 4.38813686371, 5.69941043854, 5.81185483932, 7.41873168945, 17.3808994293, 20.8294010162, 13.2473535538, 13.6724739075, 13.7615261078, 19.1916923523, 29.3151550293, 35.7627601624, 34.8523674011, 21.0461406708, 21.6639480591, 22.502532959, 17.7714233398, 15.43110466, 15.348277092, 14.7516565323, 16.2633056641, 19.6668434143, 16.0823078156, 11.45129776, 10.3180084229, 7.70054292679, 7.51118421555, 3.21735072136, 1.78706765175, 1.01145064831, 0.41159889102, 0.139372736216, 0.0074460124597, 0.00020209045033, 3.64212719433e-05], "median": [0.0102031882852, 0.102703690529, 0.249665752053, 0.714315831661, 0.847648978233, 1.31906569004, 1.76164519787, 2.17966294289, 2.76252746582, 4.24232149124, 4.31806468964, 2.63430833817, 3.24924612045, 3.84963965416, 5.1381483078, 15.778213501, 6.83402872086, 6.74985361099, 6.78222179413, 6.27360153198, 6.87454509735, 6.35448789597, 6.76637411118, 6.25059938431, 5.97699165344, 4.24335813522, 6.67142724991, 6.9655008316, 5.52419376373, 3.92738056183, 2.71186375618, 4.27897310257, 1.33592689037, 0.382366240025, 0.248677060008, 0.126418322325, 0.044162414968, 0.00138567725662, 5.03917945025e-05, 1.87547884707e-05], "min": [8.60809866539e-22, 3.69869973884e-21, 8.67765211488e-21, 9.21995947929e-21, 5.05508683895e-20, 2.03887096297e-19, 3.01185327373e-19, 3.76451111694e-19, 4.28313087204e-19, 4.38278804128e-19, 8.86910497405e-19, 1.17249636165e-18, 1.54364465108e-18, 2.40238520253e-18, 3.1489012297e-18, 3.72471240745e-18, 5.00120553462e-18, 3.24802435045e-18, 4.53492837282e-18, 6.65449183852e-18, 9.09701556668e-18, 1.51505855056e-17, 9.53688043794e-18, 1.54039674708e-17, 1.36110303321e-17, 1.85798066644e-17, 1.09897603182e-17, 1.28614566318e-17, 1.23050229871e-17, 1.28675388908e-17, 1.68897410153e-17, 1.93906140639e-17, 1.78401765022e-17, 1.31189637467e-17, 7.04505012782e-18, 5.28066023276e-18, 3.72426779787e-18, 1.18714159439e-18, 4.09830641145e-19, 4.0439716312e-20], "var": [0.0367268100381, 3.33130264282, 66.2487335205, 320.74520874, 235.342285156, 72.1243438721, 284.886657715, 184.283447266, 258.567626953, 4025.35107422, 6840.9765625, 1673.38354492, 1233.5690918, 1120.42687988, 3268.05200195, 3657.55395508, 8697.40625, 7227.75634766, 2254.97802734, 2457.38427734, 1935.81494141, 1010.82373047, 530.976257324, 552.404296875, 592.115112305, 1360.65429688, 2056.73193359, 670.294128418, 374.83682251, 392.741271973, 202.874664307, 103.852279663, 39.029460907, 34.0926170349, 5.56559324265, 0.829682290554, 0.112444639206, 0.000502408016473, 4.22573748438e-07, 2.13468376309e-09]}, "erbbands_crest": {"dmean": 3.11485362053, "dmean2": 4.88546276093, "dvar": 9.41215133667, "dvar2": 21.087480545, "max": 30.3188896179, "mean": 9.05802536011, "median": 7.75688791275, "min": 2.14464235306, "var": 23.6564464569}, "erbbands_flatness_db": {"dmean": 0.0197897963226, "dmean2": 0.0278163272887, "dvar": 0.000369383109501, "dvar2": 0.000667956948746, "max": 0.386041015387, "mean": 0.142667084932, "median": 0.134392350912, "min": 0.0173981841654, "var": 0.00179639086127}, "erbbands_kurtosis": {"dmean": 1.05703771114, "dmean2": 1.67394280434, "dvar": 1.97515439987, "dvar2": 4.66713476181, "max": 24.2077026367, "mean": 0.440966904163, "median": -0.133150324225, "min": -1.81093871593, "var": 3.89063930511}, "erbbands_skewness": {"dmean": 0.427378505468, "dmean2": 0.645847678185, "dvar": 0.160209402442, "dvar2": 0.351087272167, "max": 4.71764183044, "mean": 0.0627935677767, "median": 0.0366412624717, "min": -3.50512719154, "var": 0.670254230499}, "erbbands_spread": {"dmean": 12.1665019989, "dmean2": 18.3485374451, "dvar": 161.001281738, "dvar2": 337.147247314, "max": 152.696655273, "mean": 44.0000114441, "median": 41.1751823425, "min": 4.05567455292, "var": 485.115692139}, "gfcc": {"cov": [[16467.1914063, 1341.92687988, -306.297393799, 651.146484375, -597.704589844, 72.6941833496, -612.398498535, 63.4155960083, -241.680084229, 98.0574111938, -444.830078125, -131.560638428, -320.18057251], [1341.92687988, 1135.21166992, -36.4170265198, 45.539894104, 85.6440353394, -63.4938621521, 32.8300247192, 41.8208312988, 69.8010787964, -30.190486908, 2.72552680969, -55.724193573, 20.3790359497], [-306.297393799, -36.4170265198, 940.307434082, 328.03112793, 94.493522644, 124.84287262, 9.86965179443, -50.3844985962, -65.0599746704, -10.0747346878, -88.8122711182, 17.7167854309, -47.412437439], [651.146484375, 45.539894104, 328.03112793, 544.874023438, 242.199172974, 89.0450668335, 24.3419818878, 10.7686243057, -23.1578674316, -19.567741394, -64.6360015869, -41.5096511841, 4.63902521133], [-597.704589844, 85.6440353394, 94.493522644, 242.199172974, 414.31942749, 83.5967025757, 80.4659729004, 20.4235286713, 27.5202312469, 2.54993605614, 5.32310914993, -41.6636543274, 36.0691566467], [72.6941833496, -63.4938621521, 124.84287262, 89.0450668335, 83.5967025757, 256.429626465, 109.103652954, -6.66483640671, -33.3872146606, 16.1819763184, 7.59574317932, -6.1704158783, -23.8636894226], [-612.398498535, 32.8300247192, 9.86965179443, 24.3419818878, 80.4659729004, 109.103652954, 234.820526123, 64.6613082886, 9.08859539032, -3.597219944, 35.0604705811, -13.0714416504, 5.12086009979], [63.4155960083, 41.8208312988, -50.3844985962, 10.7686243057, 20.4235286713, -6.66483640671, 64.6613082886, 138.590301514, 67.7793273926, 0.458701878786, -2.11803007126, -8.23764228821, 21.7654724121], [-241.680084229, 69.8010787964, -65.0599746704, -23.1578674316, 27.5202312469, -33.3872146606, 9.08859539032, 67.7793273926, 140.294555664, 37.5226325989, 8.30539512634, -5.00038814545, 41.1277542114], [98.0574111938, -30.190486908, -10.0747346878, -19.567741394, 2.54993605614, 16.1819763184, -3.597219944, 0.458701878786, 37.5226325989, 98.1973648071, 42.0815887451, 18.9460048676, 4.58968162537], [-444.830078125, 2.72552680969, -88.8122711182, -64.6360015869, 5.32310914993, 7.59574317932, 35.0604705811, -2.11803007126, 8.30539512634, 42.0815887451, 126.126922607, 42.3858566284, 12.9482498169], [-131.560638428, -55.724193573, 17.7167854309, -41.5096511841, -41.6636543274, -6.1704158783, -13.0714416504, -8.23764228821, -5.00038814545, 18.9460048676, 42.3858566284, 97.5666351318, 38.0482444763], [-320.18057251, 20.3790359497, -47.412437439, 4.63902521133, 36.0691566467, -23.8636894226, 5.12086009979, 21.7654724121, 41.1277542114, 4.58968162537, 12.9482498169, 38.0482444763, 110.615325928]], "icov": [[0.000209329926292, -0.000367166358046, 0.000358559074812, -0.000512260885444, 0.000450808292953, -0.000422017241362, 0.00065036083106, -0.000651879061479, 0.000742973701563, -0.000915487995371, 0.000881858344655, -0.000373145128833, 0.000495711283293], [-0.000367166358046, 0.00162688654382, -0.000677257485222, 0.000837611441966, -0.000878178980201, 0.00103600975126, -0.0012801104458, 0.0012244717218, -0.00182174541987, 0.00208835024387, -0.00192452187184, 0.00125314900652, -0.000974813301582], [0.000358559074812, -0.000677257485222, 0.00228990288451, -0.00181528250687, 0.000771334394813, -0.00105777243152, 0.000807765754871, -0.000490534934215, 0.00117406737991, -0.00182852998842, 0.00288435770199, -0.00234388210811, 0.00190761894919], [-0.000512260885444, 0.000837611441966, -0.00181528250687, 0.00467326492071, -0.00280421902426, 0.000622132618446, -0.000938215351198, 0.000578229955863, -0.000746724545024, 0.00208020070568, -0.0014040870592, 0.00177434750367, -0.00188750994857], [0.000450808292953, -0.000878178980201, 0.000771334394813, -0.00280421902426, 0.00506119942293, -0.00154756032862, 0.000691222026944, -0.000761839153711, 0.000754063541535, -0.00179779226892, 0.000585684960242, 0.00125450419728, -0.000657253374811], [-0.000422017241362, 0.00103600975126, -0.00105777243152, 0.000622132618446, -0.00154756032862, 0.00700436066836, -0.0044155344367, 0.00227163988166, -0.000430021289503, 5.51100092707e-05, -0.00112215674017, 0.000288901734166, 7.08353982191e-05], [0.00065036083106, -0.0012801104458, 0.000807765754871, -0.000938215351198, 0.000691222026944, -0.0044155344367, 0.00954925827682, -0.00597935775295, 0.0032541223336, -0.00139596185181, -0.000135074471473, 0.000608112663031, 0.000715044559911], [-0.000651879061479, 0.0012244717218, -0.000490534934215, 0.000578229955863, -0.000761839153711, 0.00227163988166, -0.00597935775295, 0.0141679309309, -0.00837578717619, 0.00427246745676, -0.0013867354719, 0.00012735259952, -0.00106402777601], [0.000742973701563, -0.00182174541987, 0.00117406737991, -0.000746724545024, 0.000754063541535, -0.000430021289503, 0.0032541223336, -0.00837578717619, 0.0162893552333, -0.00912932492793, 0.00382285309024, 0.0013393771369, -0.00240640016273], [-0.000915487995371, 0.00208835024387, -0.00182852998842, 0.00208020070568, -0.00179779226892, 5.51100092707e-05, -0.00139596185181, 0.00427246745676, -0.00912932492793, 0.0191500261426, -0.0088503677398, 0.000482502655359, -0.000613789074123], [0.000881858344655, -0.00192452187184, 0.00288435770199, -0.0014040870592, 0.000585684960242, -0.00112215674017, -0.000135074471473, -0.0013867354719, 0.00382285309024, -0.0088503677398, 0.0174995083362, -0.00813505891711, 0.00374400429428], [-0.000373145128833, 0.00125314900652, -0.00234388210811, 0.00177434750367, 0.00125450419728, 0.000288901734166, 0.000608112663031, 0.00012735259952, 0.0013393771369, 0.000482502655359, -0.00813505891711, 0.0193060990423, -0.00899641402066], [0.000495711283293, -0.000974813301582, 0.00190761894919, -0.00188750994857, -0.000657253374811, 7.08353982191e-05, 0.000715044559911, -0.00106402777601, -0.00240640016273, -0.000613789074123, 0.00374400429428, -0.00899641402066, 0.015533875674]], "mean": [-21.2557106018, 46.9210243225, -121.122306824, 40.4725341797, -67.1751022339, 27.4174118042, -40.0045585632, 7.92776012421, -28.006187439, 8.97372341156, -16.8426380157, 4.39746999741, -17.4410839081]}, "hfc": {"dmean": 12.0444450378, "dmean2": 18.0159053802, "dvar": 344.356201172, "dvar2": 820.253112793, "max": 251.56350708, "mean": 22.9283351898, "median": 13.9576349258, "min": 1.24417678537e-16, "var": 698.944091797}, "melbands": {"dmean": [0.000603951979429, 0.00117880490143, 0.00119501538575, 0.000362705963198, 0.000180265167728, 0.000112163943413, 0.000104747909063, 0.000165267105331, 0.000132344124722, 5.8546767832e-05, 4.64551449113e-05, 3.90854293073e-05, 5.06176038471e-05, 4.69769111078e-05, 4.81749702885e-05, 5.85070993111e-05, 4.64341683255e-05, 2.55842805927e-05, 1.85385379154e-05, 2.30345958698e-05, 1.6949206838e-05, 1.46482689161e-05, 1.18494481285e-05, 8.97528025234e-06, 8.64357571118e-06, 7.32828857508e-06, 8.45449540066e-06, 9.09353184397e-06, 7.46956266084e-06, 8.73063072504e-06, 5.30175020685e-06, 4.33955256085e-06, 4.75954084322e-06, 4.38170036432e-06, 3.69364602193e-06, 2.86760177914e-06, 3.75987269763e-06, 2.19491812459e-06, 1.11571102934e-06, 1.15524187549e-06], "dmean2": [0.000901023682673, 0.00185033120215, 0.00208311178721, 0.000617437064648, 0.000297501275782, 0.000187294994248, 0.000175876310095, 0.000262191373622, 0.000206709970371, 9.03128529899e-05, 7.1443420893e-05, 6.39868740109e-05, 8.2155711425e-05, 7.67788369558e-05, 7.43154960219e-05, 8.89920193003e-05, 7.44879362173e-05, 4.0834878746e-05, 2.90552306978e-05, 3.60004887625e-05, 2.70593336609e-05, 2.36377036344e-05, 1.87499063031e-05, 1.43498054967e-05, 1.38410623549e-05, 1.19152027764e-05, 1.35534191941e-05, 1.51521553562e-05, 1.19057694974e-05, 1.36190737976e-05, 8.38085179566e-06, 6.75791716276e-06, 7.38489779906e-06, 7.14979159966e-06, 5.97350253884e-06, 4.49150547865e-06, 6.00396697337e-06, 3.60075932804e-06, 1.75835998562e-06, 1.81606492333e-06], "dvar": [2.02978208108e-06, 8.78935043147e-06, 1.06091565613e-05, 7.08726531684e-07, 2.57685115912e-07, 8.64421139113e-08, 7.83329525689e-08, 3.84088735927e-07, 3.40638138141e-07, 4.25779234092e-08, 1.66121605361e-08, 1.23382948303e-08, 3.01188443075e-08, 2.91581283562e-08, 2.30880026209e-08, 2.15221795941e-08, 1.66231206578e-08, 5.15258324896e-09, 1.86908244437e-09, 4.38359393229e-09, 1.35670041868e-09, 1.12051112833e-09, 6.49727882607e-10, 2.58098070693e-10, 2.57321608466e-10, 1.84990550656e-10, 3.87473358954e-10, 6.08650352341e-10, 2.85168305636e-10, 1.92669227794e-10, 7.7988913938e-11, 6.18856424439e-11, 7.83945686145e-11, 7.74043190654e-11, 5.69710459364e-11, 2.55550268446e-11, 4.37628301653e-11, 2.12748239165e-11, 1.12571774818e-11, 1.01563497196e-11], "dvar2": [4.24905420005e-06, 1.74593442352e-05, 2.85186251858e-05, 1.86858255802e-06, 6.35160006368e-07, 2.15494253553e-07, 1.97784160605e-07, 8.39245842599e-07, 7.92767480107e-07, 9.43405140674e-08, 3.76199160712e-08, 3.09947694177e-08, 7.48069268752e-08, 7.23823347926e-08, 5.2425956909e-08, 4.8489958715e-08, 3.99561699282e-08, 1.27116388526e-08, 4.42105063669e-09, 1.03991277811e-08, 3.48972295505e-09, 2.83158185788e-09, 1.56093360459e-09, 6.16308115653e-10, 6.19063078577e-10, 4.65017357953e-10, 9.85323600489e-10, 1.53311996431e-09, 6.43909814357e-10, 4.27522489632e-10, 1.74242190121e-10, 1.38867403687e-10, 1.88390580913e-10, 1.82928255876e-10, 1.4705017759e-10, 6.71005542796e-11, 1.12168982436e-10, 5.61307042513e-11, 2.70796319396e-11, 2.50887817466e-11], "max": [0.0196018163115, 0.0295072458684, 0.0451644062996, 0.0119415232912, 0.0134726092219, 0.00936714559793, 0.0065152887255, 0.0145759163424, 0.0184124410152, 0.00924829300493, 0.00464316643775, 0.00212589860894, 0.00375830731355, 0.005017939955, 0.00394872389734, 0.00289916992188, 0.00340137560852, 0.00178254791535, 0.000987372011878, 0.00291940942407, 0.000793930026703, 0.000817224092316, 0.00055791210616, 0.000344572705217, 0.000329009868437, 0.000314651755616, 0.000473428750411, 0.000595732417423, 0.00045083698933, 0.000262648274656, 0.000206716620596, 0.000204233248951, 0.000173485619598, 0.000201495335205, 0.000132222470711, 0.000105787374196, 0.000110332672193, 0.00011691085092, 0.000104890044895, 0.000118437375932], "mean": [0.000765882374253, 0.00143962854054, 0.00110929796938, 0.000351351627614, 0.00019888440147, 0.000129285050207, 0.000123756646644, 0.000203135423362, 0.000155638015713, 8.24647722766e-05, 6.81871460984e-05, 5.43800961168e-05, 6.35859905742e-05, 6.7343848059e-05, 7.55793953431e-05, 7.92966020526e-05, 6.27464978606e-05, 3.35356198775e-05, 2.65466696874e-05, 3.10727846227e-05, 2.51276906056e-05, 1.85401386261e-05, 1.58142647706e-05, 1.30272937895e-05, 1.22783221741e-05, 1.09854445327e-05, 1.07958130684e-05, 1.05048229671e-05, 1.12738061944e-05, 1.34167448778e-05, 7.71445320424e-06, 6.34294610791e-06, 6.24626090939e-06, 5.42634825251e-06, 4.52458380096e-06, 3.97447001887e-06, 5.10925246999e-06, 2.53819212048e-06, 1.37223548791e-06, 1.57159809078e-06], "median": [0.000106297615275, 0.000155241621542, 0.000133688925416, 7.50755571062e-05, 6.4959131123e-05, 4.70007762488e-05, 4.47193597211e-05, 4.77383946418e-05, 2.92025306408e-05, 1.50855494212e-05, 1.49307707034e-05, 1.36324042614e-05, 1.33421008286e-05, 3.28566420649e-05, 2.67278592219e-05, 1.24869930005e-05, 1.02986923594e-05, 8.64872708917e-06, 7.94492189016e-06, 7.1528479566e-06, 7.38433345759e-06, 5.98422548137e-06, 5.98286760578e-06, 5.43121359442e-06, 4.43754652224e-06, 4.33524701293e-06, 3.40604469784e-06, 2.35198217524e-06, 2.76272453448e-06, 6.24803533356e-06, 2.782976253e-06, 2.84933662442e-06, 2.78136576526e-06, 1.79292101166e-06, 1.34158915444e-06, 1.97874101104e-06, 2.92367644761e-06, 1.08746087335e-06, 3.06961709384e-07, 2.85882293838e-07], "min": [7.26011568041e-24, 4.7957919153e-24, 1.90188605564e-24, 9.40276681749e-24, 1.07780858523e-23, 7.84720489874e-24, 6.09062504969e-24, 5.40956159273e-24, 7.08598173533e-24, 8.33816116057e-24, 6.95174679712e-24, 9.02634921479e-24, 9.0360506262e-24, 8.85652087253e-24, 1.32196908178e-23, 7.95458543402e-24, 5.93339954925e-24, 5.95835555842e-24, 1.0717568388e-23, 6.84414380306e-24, 1.06788581945e-23, 1.6900456637e-23, 8.60275378565e-24, 8.74602118123e-24, 1.33528955037e-23, 9.7501519723e-24, 1.13535417389e-23, 1.3082362756e-23, 6.69478403471e-24, 6.39255091154e-24, 7.37977404682e-24, 7.09482723266e-24, 6.127861651e-24, 8.27792216413e-24, 1.08037474976e-23, 9.78132223325e-24, 1.22230187066e-23, 1.26500575136e-23, 1.08118372661e-23, 1.14808433786e-23], "var": [3.56837176696e-06, 1.19869282571e-05, 8.93413198355e-06, 5.94344271576e-07, 2.61304137439e-07, 9.31215851097e-08, 8.24073538297e-08, 5.19044306202e-07, 3.62039372703e-07, 6.61761845322e-08, 3.22732702784e-08, 1.91852738141e-08, 3.75293360833e-08, 2.82906551519e-08, 3.7111185236e-08, 3.79342637302e-08, 2.82380909766e-08, 6.81810252701e-09, 3.02701685939e-09, 6.41604547269e-09, 2.83058843031e-09, 1.27589361298e-09, 8.13239697806e-10, 4.07061995222e-10, 4.10055378541e-10, 3.03955194347e-10, 4.56461091147e-10, 7.14110270916e-10, 9.19901321783e-10, 4.882191873e-10, 1.81810760891e-10, 1.39439848557e-10, 1.27090157842e-10, 1.4249361413e-10, 8.18055276297e-11, 3.84051922209e-11, 4.88985622826e-11, 2.21200557871e-11, 1.92310559838e-11, 3.13811164554e-11]}, "melbands_crest": {"dmean": 3.84615659714, "dmean2": 6.21525526047, "dvar": 11.5930681229, "dvar2": 27.028087616, "max": 39.4811248779, "mean": 13.0264463425, "median": 11.9012088776, "min": 1.90109491348, "var": 35.337688446}, "melbands_flatness_db": {"dmean": 0.0344790667295, "dmean2": 0.0520571917295, "dvar": 0.00105775776319, "dvar2": 0.00207832106389, "max": 0.478202015162, "mean": 0.139089390635, "median": 0.130574285984, "min": 0.00427633849904, "var": 0.00386988371611}, "melbands_kurtosis": {"dmean": 8.43237686157, "dmean2": 13.341427803, "dvar": 367.940856934, "dvar2": 860.546813965, "max": 525.927856445, "mean": 11.6805801392, "median": 3.93810200691, "min": -1.84038257599, "var": 655.693725586}, "melbands_skewness": {"dmean": 0.940097212791, "dmean2": 1.42887341976, "dvar": 1.27827441692, "dvar2": 2.51160740852, "max": 18.2766513824, "mean": 2.33051252365, "median": 1.80162227154, "min": -1.70664930344, "var": 4.10803127289}, "melbands_spread": {"dmean": 16.1758136749, "dmean2": 24.9075679779, "dvar": 396.415222168, "dvar2": 892.435974121, "max": 236.317672729, "mean": 43.7474517822, "median": 35.6460456848, "min": 0.437459677458, "var": 1064.28735352}, "mfcc": {"cov": [[9805.63769531, 759.588745117, 140.031234741, 378.729400635, 72.9209594727, 73.4933853149, -177.67779541, -71.3672027588, -0.270578742027, 100.708976746, -9.53562545776, -59.6336097717, -125.241142273], [759.588745117, 1012.95727539, -56.2112960815, 34.3269004822, -4.20657777786, -32.1706123352, -26.8466377258, 38.9523391724, 20.1797275543, 36.9893608093, 38.055015564, 33.2979698181, -72.0402450562], [140.031234741, -56.2112960815, 758.445251465, 170.33442688, 71.9399795532, 149.490432739, 28.754781723, 23.2860412598, 12.6335420609, -57.9050216675, -62.0616455078, 59.3005371094, -9.88061618805], [378.729400635, 34.3269004822, 170.33442688, 474.569061279, 241.548675537, 97.1050262451, 62.2248497009, 34.7646484375, 90.0925445557, 26.7672805786, -53.6673355103, 5.4569144249, 32.9997329712], [72.9209594727, -4.20657777786, 71.9399795532, 241.548675537, 317.262786865, 118.049034119, 31.7789459229, 3.28393054008, 58.8359985352, 19.79479599, -29.7864589691, -8.08603954315, 25.4735603333], [73.4933853149, -32.1706123352, 149.490432739, 97.1050262451, 118.049034119, 257.794158936, 129.356216431, 29.9463443756, 20.2385978699, 20.9930229187, -9.51333713531, 26.8781166077, -0.452990800142], [-177.67779541, -26.8466377258, 28.754781723, 62.2248497009, 31.7789459229, 129.356216431, 231.273406982, 84.4809799194, 13.4199542999, 17.4021682739, 31.4871330261, 13.4590587616, 3.02082276344], [-71.3672027588, 38.9523391724, 23.2860412598, 34.7646484375, 3.28393054008, 29.9463443756, 84.4809799194, 134.186508179, 53.3801765442, 28.3236541748, 9.13481426239, 4.30320358276, -6.50639247894], [-0.270578742027, 20.1797275543, 12.6335420609, 90.0925445557, 58.8359985352, 20.2385978699, 13.4199542999, 53.3801765442, 138.251846313, 66.9030914307, -14.9507551193, -19.8147029877, 12.1108932495], [100.708976746, 36.9893608093, -57.9050216675, 26.7672805786, 19.79479599, 20.9930229187, 17.4021682739, 28.3236541748, 66.9030914307, 122.656234741, 39.2149162292, -18.23320961, -5.12454509735], [-9.53562545776, 38.055015564, -62.0616455078, -53.6673355103, -29.7864589691, -9.51333713531, 31.4871330261, 9.13481426239, -14.9507551193, 39.2149162292, 95.458656311, 29.6365623474, -7.49593114853], [-59.6336097717, 33.2979698181, 59.3005371094, 5.4569144249, -8.08603954315, 26.8781166077, 13.4590587616, 4.30320358276, -19.8147029877, -18.23320961, 29.6365623474, 112.334754944, 40.3374404907], [-125.241142273, -72.0402450562, -9.88061618805, 32.9997329712, 25.4735603333, -0.452990800142, 3.02082276344, -6.50639247894, 12.1108932495, -5.12454509735, -7.49593114853, 40.3374404907, 88.8961715698]], "icov": [[0.000121365766972, -8.28291085782e-05, -3.16185651172e-06, -0.000179984912393, 0.000119978911243, -0.000153810702614, 0.00020015091286, 1.29668205773e-05, 0.000119033116789, -7.30717729311e-05, -9.56842122832e-05, 0.000141606389661, 3.65551713912e-05], [-8.28291085782e-05, 0.00125148182269, 0.000205328891752, -0.00010549997387, -0.000158236129209, 0.000336845376296, 9.52237678575e-05, -0.000307743059238, -0.000211261591176, -0.000215070816921, 0.000129411870148, -0.00128795520868, 0.00159249233548], [-3.16185651172e-06, 0.000205328891752, 0.00192721560597, -0.00071874196874, 0.000430133019108, -0.00117546785623, 0.000620467530098, -0.000349942129105, -0.000374301831471, 0.000983042526059, 0.000653939438052, -0.00131274794694, 0.00122548802756], [-0.000179984912393, -0.00010549997387, -0.00071874196874, 0.00468641845509, -0.0032353065908, 0.00155485817231, -0.00201705074869, 0.00037268907181, -0.00106426200364, -0.00120409775991, 0.00267737102695, -0.00129354861565, -0.000239495871938], [0.000119978911243, -0.000158236129209, 0.000430133019108, -0.0032353065908, 0.00670543592423, -0.00351941701956, 0.00191291887313, 0.000368770299247, -0.00104751612525, 0.00151737593114, -0.0020298215095, 0.00232353713363, -0.00168311398011], [-0.000153810702614, 0.000336845376296, -0.00117546785623, 0.00155485817231, -0.00351941701956, 0.00935314409435, -0.00598963629454, 0.00194200885016, 0.000519486318808, -0.0038373270072, 0.00479398854077, -0.00428905850276, 0.00280873593874], [0.00020015091286, 9.52237678575e-05, 0.000620467530098, -0.00201705074869, 0.00191291887313, -0.00598963629454, 0.0104633821175, -0.00568249309435, 0.00125338649377, 0.00264544016682, -0.00575553346425, 0.00333940214477, -0.00219212844968], [1.29668205773e-05, -0.000307743059238, -0.000349942129105, 0.00037268907181, 0.000368770299247, 0.00194200885016, -0.00568249309435, 0.0129112647846, -0.0051310537383, -0.000602720479947, 0.00137817359064, -0.00222389027476, 0.00242355652153], [0.000119033116789, -0.000211261591176, -0.000374301831471, -0.00106426200364, -0.00104751612525, 0.000519486318808, 0.00125338649377, -0.0051310537383, 0.0151982745156, -0.00847198441625, 0.00431123701856, 0.00130716059357, -0.00255389628001], [-7.30717729311e-05, -0.000215070816921, 0.000983042526059, -0.00120409775991, 0.00151737593114, -0.0038373270072, 0.00264544016682, -0.000602720479947, -0.00847198441625, 0.0180816650391, -0.0111595354974, 0.00518826162443, -0.001408050186], [-9.56842122832e-05, 0.000129411870148, 0.000653939438052, 0.00267737102695, -0.0020298215095, 0.00479398854077, -0.00575553346425, 0.00137817359064, 0.00431123701856, -0.0111595354974, 0.0227861367166, -0.0101709794253, 0.0052573014982], [0.000141606389661, -0.00128795520868, -0.00131274794694, -0.00129354861565, 0.00232353713363, -0.00428905850276, 0.00333940214477, -0.00222389027476, 0.00130716059357, 0.00518826162443, -0.0101709794253, 0.0185686107725, -0.0106361974031], [3.65551713912e-05, 0.00159249233548, 0.00122548802756, -0.000239495871938, -0.00168311398011, 0.00280873593874, -0.00219212844968, 0.00242355652153, -0.00255389628001, -0.001408050186, 0.0052573014982, -0.0106361974031, 0.0191010609269]], "mean": [-655.432434082, 74.0675964355, 2.33932757378, 16.1345367432, -1.17816901207, 14.1862068176, -0.817236363888, 3.58009195328, -5.40829801559, 0.534319102764, -1.89226305485, 9.74536991119, -2.50644350052]}, "pitch_salience": {"dmean": 0.0892984643579, "dmean2": 0.145158454776, "dvar": 0.00629932014272, "dvar2": 0.0168641842902, "max": 0.886510431767, "mean": 0.570113480091, "median": 0.585562348366, "min": 0.0348340794444, "var": 0.0158814787865}, "silence_rate_20dB": {"dmean": 0, "dmean2": 0, "dvar": 0, "dvar2": 0, "max": 1, "mean": 1, "median": 1, "min": 1, "var": 0}, "silence_rate_30dB": {"dmean": 0.00967606250197, "dmean2": 0.0193541608751, "dvar": 0.00958257261664, "dvar2": 0.026133293286, "max": 1, "mean": 0.993164360523, "median": 1, "min": 0, "var": 0.0067886011675}, "silence_rate_60dB": {"dmean": 0.0740429088473, "dmean2": 0.148101404309, "dvar": 0.0685661658645, "dvar2": 0.152891263366, "max": 1, "mean": 0.169313281775, "median": 0, "min": 0, "var": 0.14065694809}, "spectral_centroid": {"dmean": 431.900360107, "dmean2": 666.191467285, "dvar": 202037.25, "dvar2": 443331.25, "max": 11101.2626953, "mean": 2033.97937012, "median": 1937.12475586, "min": 296.815093994, "var": 651368.375}, "spectral_complexity": {"dmean": 5.41691207886, "dmean2": 7.99074363708, "dvar": 48.4398880005, "dvar2": 88.0553970337, "max": 59, "mean": 17.1518554688, "median": 14, "min": 0, "var": 158.228851318}, "spectral_contrast_coeffs": {"dmean": [0.0699957236648, 0.0516026355326, 0.0432643853128, 0.0350251160562, 0.0238594654948, 0.0193230416626], "dmean2": [0.111132197082, 0.082260414958, 0.068682551384, 0.0547475032508, 0.0383220128715, 0.0303594786674], "dvar": [0.003859361168, 0.00197829841636, 0.00135064672213, 0.000890638912097, 0.000441237469204, 0.000293788965791], "dvar2": [0.0090105207637, 0.00456538796425, 0.00320740812458, 0.00201058620587, 0.00104436394759, 0.000657347030938], "max": [-0.29098123312, -0.322075068951, -0.456677317619, -0.490945160389, -0.598904848099, -0.610231995583], "mean": [-0.670364499092, -0.754124581814, -0.769561231136, -0.772985160351, -0.805303990841, -0.74447619915], "median": [-0.682044327259, -0.76198220253, -0.776399374008, -0.782615303993, -0.811333715916, -0.743243336678], "min": [-0.96966791153, -0.9706351161, -0.975967884064, -0.96214401722, -0.958639681339, -0.959602057934], "var": [0.00967121962458, 0.00701799988747, 0.00475479988381, 0.00405662413687, 0.00181849219371, 0.00158151681535]}, "spectral_contrast_valleys": {"dmean": [0.508802235126, 0.505671858788, 0.4198551476, 0.405288726091, 0.422233104706, 0.505788981915], "dmean2": [0.754974067211, 0.783383131027, 0.646667480469, 0.587960541248, 0.602157533169, 0.658071398735], "dvar": [0.19481433928, 0.253220111132, 0.189844027162, 0.188532248139, 0.216616600752, 0.235463023186], "dvar2": [0.366408795118, 0.534659743309, 0.378205120564, 0.335270792246, 0.395531147718, 0.534866273403], "max": [-5.14460277557, -4.89161777496, -4.78479862213, -5.54009103775, -5.44323635101, -7.43123245239], "mean": [-7.98132944107, -7.35774517059, -7.78052473068, -7.91228199005, -7.54176950455, -9.7560634613], "median": [-7.76124000549, -7.13984155655, -7.57639932632, -7.74805259705, -7.47970342636, -9.61389350891], "min": [-27.2555236816, -27.4075317383, -26.7879486084, -27.2040405273, -27.3333644867, -27.2409629822], "var": [2.2607421875, 1.91492640972, 1.636059165, 1.60295414925, 1.54542243481, 1.52408468723]}, "spectral_decrease": {"dmean": 2.5270237014e-09, "dmean2": 3.90629173452e-09, "dvar": 1.99404658325e-17, "dvar2": 4.3390301662e-17, "max": 1.22819856761e-16, "mean": -4.58790960778e-09, "median": -2.2457988802e-09, "min": -5.24688914538e-08, "var": 3.63263215058e-17}, "spectral_energy": {"dmean": 0.0103703876957, "dmean2": 0.0159785542637, "dvar": 0.000313268421451, "dvar2": 0.000683159567416, "max": 0.213027715683, "mean": 0.0193954128772, "median": 0.0102104935795, "min": 1.0618886685e-20, "var": 0.000586771522649}, "spectral_energyband_high": {"dmean": 0.00113736453932, "dmean2": 0.00173055124469, "dvar": 3.69742224393e-06, "dvar2": 8.58813291416e-06, "max": 0.0315124467015, "mean": 0.00176271854434, "median": 0.000814409286249, "min": 7.63989345192e-21, "var": 8.06461594038e-06}, "spectral_energyband_low": {"dmean": 0.00570817943662, "dmean2": 0.00903643667698, "dvar": 0.000177300229552, "dvar2": 0.000387243781006, "max": 0.135415807366, "mean": 0.00759369553998, "median": 0.00112982024439, "min": 3.71377317942e-23, "var": 0.000261226115981}, "spectral_energyband_middle_high": {"dmean": 0.00216214265674, "dmean2": 0.00325650349259, "dvar": 1.21250732263e-05, "dvar2": 2.69907905022e-05, "max": 0.0564218685031, "mean": 0.00461381021887, "median": 0.00253553874791, "min": 1.49898233445e-21, "var": 3.23820931953e-05}, "spectral_energyband_middle_low": {"dmean": 0.00529704848304, "dmean2": 0.00878554303199, "dvar": 0.000114395457786, "dvar2": 0.000293460820103, "max": 0.132083386183, "mean": 0.00679179467261, "median": 0.00302986823954, "min": 2.34356463797e-22, "var": 0.000121446886624}, "spectral_entropy": {"dmean": 0.181119576097, "dmean2": 0.267035543919, "dvar": 0.028567276895, "dvar2": 0.0588883310556, "max": 9.81004142761, "mean": 7.97411489487, "median": 7.98883485794, "min": 5.86474895477, "var": 0.097259066999}, "spectral_flux": {"dmean": 0.03053567186, "dmean2": 0.0479107871652, "dvar": 0.0016264008591, "dvar2": 0.00352161517367, "max": 0.424981534481, "mean": 0.0854886099696, "median": 0.0680622011423, "min": 1.03047979871e-10, "var": 0.00375003833324}, "spectral_kurtosis": {"dmean": 0.918499052525, "dmean2": 1.49109363556, "dvar": 1.38465642929, "dvar2": 3.79421544075, "max": 32.5377006531, "mean": 2.29819464684, "median": 2.08468317986, "min": -1.18939447403, "var": 2.70173835754}, "spectral_rms": {"dmean": 0.00101227499545, "dmean2": 0.0014802434016, "dvar": 1.79263145128e-06, "dvar2": 3.47531454281e-06, "max": 0.0144163770601, "mean": 0.00367885641754, "median": 0.00315617769957, "min": 3.21867814519e-12, "var": 5.38837275599e-06}, "spectral_rolloff": {"dmean": 1192.53173828, "dmean2": 1896.41479492, "dvar": 2315498.25, "dvar2": 4573419, "max": 19789.0136719, "mean": 3133.33618164, "median": 2304.05273438, "min": 21.533203125, "var": 6974069}, "spectral_skewness": {"dmean": 0.188552573323, "dmean2": 0.296856492758, "dvar": 0.0330513902009, "dvar2": 0.0777498483658, "max": 3.9130449295, "mean": 1.13999855518, "median": 1.13987457752, "min": 0.0286227799952, "var": 0.102551907301}, "spectral_spread": {"dmean": 700040.875, "dmean2": 996734.9375, "dvar": 551426654208, "dvar2": 1036697927680.0, "max": 40735572, "mean": 5612318, "median": 5426645.5, "min": 1369110.625, "var": 2444932415490.0}, "spectral_strongpeak": {"dmean": 0.57930803299, "dmean2": 0.95415711