{"lowlevel": {"average_loudness": 0.875125825405, "barkbands": {"dmean": [0.00173511879984, 0.00513203069568, 0.00258871982805, 0.00200229347683, 0.00273615517654, 0.0031743014697, 0.00166623375844, 0.000905679597054, 0.000881058280356, 0.000709784741048, 0.000386394473026, 0.00039065562305, 0.00023819062335, 0.000123334582895, 0.000121371158457, 0.000112084060675, 9.3549482699e-05, 8.01408386906e-05, 7.26230064174e-05, 5.33345883014e-05, 4.26781880378e-05, 2.34895578615e-05, 6.41864608042e-06, 2.13296789298e-06, 1.80360893864e-06, 6.64938443151e-06, 0.000231245954637], "dmean2": [0.00297739706002, 0.00864903349429, 0.00432612514123, 0.00345019274391, 0.00454393029213, 0.0051268292591, 0.00270536867902, 0.00148478208575, 0.00139929552097, 0.00113936129492, 0.000631777162198, 0.000642849016003, 0.000383877340937, 0.000198720023036, 0.000199904010515, 0.000179782146006, 0.000146572943777, 0.000126433369587, 0.000113087262434, 8.18801127025e-05, 6.5198095399e-05, 3.65312480426e-05, 1.0252915672e-05, 3.52426286554e-06, 2.98402574117e-06, 1.04963437479e-05, 0.000337568344548], "dvar": [1.322908156e-05, 0.000128049287014, 1.87274981727e-05, 1.118237833e-05, 2.1194713554e-05, 4.26629994763e-05, 1.89578549907e-05, 3.44679529007e-06, 3.50784216607e-06, 3.09856295644e-06, 6.25343318461e-07, 8.27579640372e-07, 1.9642769189e-07, 4.2216278473e-08, 4.63895055702e-08, 4.0978690663e-08, 3.44852928436e-08, 2.77241731794e-08, 1.93926528169e-08, 1.05887609791e-08, 6.39305142158e-09, 2.28172725159e-09, 1.36146677265e-10, 1.41980316393e-11, 1.11100868089e-11, 1.35369798704e-10, 1.32587928192e-07], "dvar2": [3.66479471268e-05, 0.00034169916762, 4.91771097586e-05, 3.02505668515e-05, 5.3293962992e-05, 0.000106879830128, 4.55516528746e-05, 8.798529052e-06, 8.61075932335e-06, 7.74692944105e-06, 1.60676347605e-06, 2.0585528091e-06, 4.91987464102e-07, 1.05871031053e-07, 1.21692337984e-07, 1.04744351859e-07, 8.15441509872e-08, 6.83747671815e-08, 4.61632509996e-08, 2.47405722575e-08, 1.44707374972e-08, 5.37276578783e-09, 3.24006960151e-10, 3.49523535115e-11, 2.73502279852e-11, 3.15343362534e-10, 2.78187087588e-07], "max": [0.0614526644349, 0.207429364324, 0.0625327154994, 0.0582243725657, 0.0690514817834, 0.114848539233, 0.142861321568, 0.0400664247572, 0.0376301407814, 0.0411743558943, 0.0114258397371, 0.014969128184, 0.0069363610819, 0.00609831465408, 0.00348996627145, 0.00315084005706, 0.00266695488244, 0.00485920486972, 0.00277260877192, 0.00135217665229, 0.00103356968611, 0.000803065137006, 0.000138160816277, 5.15301289852e-05, 4.84804331791e-05, 0.000153567700181, 0.00435308925807], "mean": [0.00202127406374, 0.00590356020257, 0.00289644370787, 0.00231016566977, 0.00353622925468, 0.00421738717705, 0.00222051842138, 0.00120133755263, 0.00127623451408, 0.000971834931988, 0.000471412640763, 0.000469999562483, 0.000329577742377, 0.000195029948372, 0.000180886476301, 0.00015777121007, 0.000117954652524, 0.00010294115782, 0.000100234581623, 6.7187116656e-05, 4.90399106639e-05, 2.42611095018e-05, 6.5437475314e-06, 2.2042506771e-06, 1.83828910849e-06, 7.27124552213e-06, 0.000402695382945], "median": [0.000299389881548, 0.00170205312315, 0.00135880196467, 0.00108757882845, 0.00182106881402, 0.00105979759246, 0.00048056821106, 0.000453510379884, 0.000338088197168, 0.000267258437816, 0.000188841062482, 0.000174042332219, 0.000163462304045, 0.000107409228804, 8.9720597316e-05, 8.18124754005e-05, 5.2344519645e-05, 4.67639547423e-05, 4.80861563119e-05, 2.44929651672e-05, 1.43170327647e-05, 6.03773469265e-06, 2.00833869712e-06, 7.9236667716e-07, 5.99633267484e-07, 2.45170531343e-06, 0.000238354725298], "min": [5.57448621783e-23, 2.2221656342e-23, 2.45145910036e-23, 2.84443647118e-23, 5.90407167295e-23, 1.63404363918e-23, 2.74876215842e-23, 3.42411229026e-23, 5.8825206241e-23, 2.55711360797e-23, 9.72602261047e-23, 2.49158119708e-23, 1.6068724297e-22, 7.01153330295e-23, 1.51698444323e-22, 1.6889172455e-22, 1.14482965554e-22, 1.56069983294e-22, 2.94605847962e-22, 3.16751761035e-22, 5.90146464543e-22, 4.78794746668e-22, 6.50148815337e-22, 1.03150936998e-21, 1.23894449757e-21, 1.69934159429e-21, 2.41755024882e-21], "var": [1.75537188625e-05, 0.000137531285873, 1.99890728254e-05, 1.22209412439e-05, 2.62651428784e-05, 6.99706797604e-05, 3.82919133699e-05, 5.06815194967e-06, 6.40499274596e-06, 5.67667120777e-06, 6.91694651778e-07, 8.70930136898e-07, 2.43760098328e-07, 8.24421775292e-08, 7.27523854493e-08, 4.90843667933e-08, 3.9762941384e-08, 2.93484205827e-08, 2.35545360994e-08, 1.43701130995e-08, 8.60250892742e-09, 2.44458542298e-09, 1.43134601394e-10, 1.55084330794e-11, 1.21169758255e-11, 1.55328985785e-10, 2.44904128976e-07]}, "barkbands_crest": {"dmean": 3.0876429081, "dmean2": 5.19153308868, "dvar": 6.33828115463, "dvar2": 16.8339214325, "max": 25.3742904663, "mean": 9.60411453247, "median": 8.96115684509, "min": 2.69093894958, "var": 12.3786745071}, "barkbands_flatness_db": {"dmean": 0.0309682544321, "dmean2": 0.0483753941953, "dvar": 0.000637248100247, "dvar2": 0.00148061371874, "max": 0.3908200562, "mean": 0.15128365159, "median": 0.149157270789, "min": 0.0462538860738, "var": 0.00182527583092}, "barkbands_kurtosis": {"dmean": 6.02533626556, "dmean2": 9.7679643631, "dvar": 69.5635757446, "dvar2": 174.626480103, "max": 217.218780518, "mean": 10.8461380005, "median": 8.35744285583, "min": -1.65983653069, "var": 110.370994568}, "barkbands_skewness": {"dmean": 0.735728800297, "dmean2": 1.18066465855, "dvar": 0.437154114246, "dvar2": 1.09135377407, "max": 11.2838754654, "mean": 2.49613213539, "median": 2.37551617622, "min": -2.07187891006, "var": 1.09936654568}, "barkbands_spread": {"dmean": 7.0429558754, "dmean2": 11.1218423843, "dvar": 70.8451385498, "dvar2": 162.555587769, "max": 110.897521973, "mean": 18.3129844666, "median": 15.0569286346, "min": 0.813102781773, "var": 153.864990234}, "dissonance": {"dmean": 0.0231934059411, "dmean2": 0.039518840611, "dvar": 0.000491925748065, "dvar2": 0.00132911535911, "max": 0.500000119209, "mean": 0.462088853121, "median": 0.470208376646, "min": 0.213099166751, "var": 0.000893125135917}, "dynamic_complexity": 4.72951936722, "erbbands": {"dmean": [0.206329837441, 1.03983724117, 2.53082180023, 5.36753082275, 8.18983459473, 9.72170543671, 13.2846069336, 29.9844913483, 29.4412307739, 18.4046897888, 19.562921524, 19.1358127594, 24.9417629242, 13.6735467911, 17.3968544006, 14.516913414, 10.9038639069, 7.16797685623, 5.60496425629, 6.49725055695, 5.68369007111, 5.03745126724, 4.34702062607, 3.91833019257, 3.51225423813, 2.49327969551, 1.88601088524, 1.53985953331, 0.941328585148, 0.390101134777, 0.159241914749, 0.0620530806482, 0.0300349686295, 0.0200727451593, 0.0129280788824, 0.00814678892493, 0.0131360357627, 0.0346990376711, 0.0266856700182, 0.0061758174561], "dmean2": [0.354773849249, 1.75525724888, 4.20585346222, 9.08263015747, 13.8329105377, 16.1891822815, 21.8536891937, 48.6936950684, 47.6002159119, 29.7356700897, 31.9692935944, 30.6824417114, 39.8847160339, 21.5917758942, 28.0482959747, 23.6192855835, 17.5186805725, 11.3584127426, 8.9767999649, 10.5757274628, 8.99671077728, 7.87663841248, 6.89963340759, 6.07664299011, 5.47553491592, 3.80364131927, 2.88600230217, 2.36376404762, 1.45844006538, 0.610179305077, 0.254971683025, 0.101594351232, 0.0500200130045, 0.0333066694438, 0.0213327687234, 0.0133564658463, 0.020645333454, 0.0528771393001, 0.0393595956266, 0.00872993003577], "dvar": [0.21471169591, 5.59773683548, 17.819103241, 87.6258621216, 159.188858032, 357.881408691, 821.637512207, 4228.09423828, 5899.80078125, 2402.07836914, 1382.09436035, 1825.75024414, 3926.16430664, 980.433776855, 1524.81225586, 1056.47937012, 431.444824219, 143.744842529, 83.7480010986, 142.0103302, 103.535934448, 103.78288269, 89.3891372681, 55.3768768311, 47.0016899109, 23.0272006989, 13.030497551, 8.92129802704, 3.68172574043, 0.535640060902, 0.0798217356205, 0.0114335119724, 0.00307228649035, 0.00140504958108, 0.000559717882425, 0.000201862683753, 0.000555249920581, 0.00451900670305, 0.00236516376026, 7.40795367165e-05], "dvar2": [0.593488991261, 14.8487586975, 45.2810592651, 231.251159668, 428.94909668, 914.739257812, 2076.71289062, 10644.484375, 14188.4199219, 6243.1328125, 3532.94482422, 4596.65966797, 9497.640625, 2402.77368164, 3866.55737305, 2610.00366211, 1077.19116211, 352.790771484, 213.799514771, 373.784118652, 255.097198486, 249.92755127, 224.433746338, 128.67137146, 113.426132202, 53.843952179, 29.5596370697, 20.7126865387, 8.73733901978, 1.22916781902, 0.189558878541, 0.0277215130627, 0.00755540141836, 0.00346279633231, 0.00137562758755, 0.000495471002068, 0.00128361117095, 0.0103099206463, 0.00514906877652, 0.000143503391882], "max": [9.95480728149, 40.7699699402, 48.4542884827, 174.413589478, 203.232055664, 246.670043945, 436.456573486, 1105.44250488, 2496.49658203, 1701.5213623, 981.373718262, 975.480529785, 1376.86303711, 753.784362793, 621.403808594, 602.837646484, 290.45526123, 354.639373779, 157.481582642, 166.95463562, 144.326400757, 150.455001831, 307.984680176, 164.189025879, 93.8993453979, 69.2095870972, 50.3269271851, 48.5016136169, 30.9816417694, 10.4566764832, 3.62517905235, 1.32123064995, 0.775052726269, 0.538014233112, 0.34759414196, 0.203778117895, 0.340514838696, 0.855427145958, 0.601749122143, 0.10523622483], "mean": [0.227410495281, 1.10821795464, 2.97739219666, 6.49973726273, 10.6970806122, 11.188337326, 15.9500999451, 40.0546379089, 40.4882774353, 24.8643665314, 28.0169639587, 28.3068332672, 34.8783340454, 20.3320388794, 21.4518299103, 18.7026462555, 15.4691848755, 11.5712108612, 9.14135837555, 9.72151374817, 8.26031208038, 6.48772907257, 5.51689958572, 5.56449556351, 4.59313488007, 3.14632058144, 2.25257897377, 1.69575369358, 0.971174657345, 0.405020236969, 0.162698760629, 0.0650998800993, 0.0300660822541, 0.0202439166605, 0.0133873233572, 0.00886770710349, 0.0145590696484, 0.0374218598008, 0.0355458632112, 0.0153908031061], "median": [0.0465520471334, 0.357818305492, 1.4820356369, 3.18422794342, 5.59463119507, 4.72004413605, 5.64866542816, 9.06585979462, 8.22731781006, 7.5049200058, 11.5959320068, 8.15323638916, 9.55726051331, 7.82806396484, 8.63321971893, 7.60636615753, 7.83125782013, 6.56508541107, 5.15036678314, 4.86497783661, 4.41136550903, 3.00306582451, 2.48393440247, 2.76422452927, 2.06420087814, 1.1562230587, 0.71519112587, 0.447088629007, 0.242245003581, 0.11496783793, 0.0509821735322, 0.0230479389429, 0.00994811020792, 0.00652488693595, 0.00451299035922, 0.00338464789093, 0.00490536401048, 0.00973034091294, 0.014020784758, 0.0111540099606], "min": [5.18493307132e-22, 6.43719020882e-21, 2.4764280197e-20, 7.23729527738e-20, 1.50948312576e-19, 1.95357791432e-19, 1.05692673189e-19, 1.61383583744e-19, 3.64127904176e-19, 6.70417065175e-19, 6.73341975821e-19, 1.65516441748e-18, 1.21046043625e-18, 7.64658786339e-19, 4.63030147026e-18, 2.037931079e-18, 6.65435287218e-18, 4.1001477672e-18, 5.54942486226e-18, 1.01107981993e-17, 6.8485620587e-18, 6.64513394425e-18, 8.4761594415e-18, 1.19668492188e-17, 1.70457638224e-17, 1.54912449516e-17, 2.09991015066e-17, 1.93065063392e-17, 1.77237756464e-17, 1.96319340814e-17, 1.9154179375e-17, 1.57429659382e-17, 1.99791348717e-17, 1.2942296993e-17, 1.05021836692e-17, 7.06863801017e-18, 3.07419048357e-18, 1.30725008049e-18, 3.38900136264e-19, 3.28940745979e-20], "var": [0.228705018759, 5.35768175125, 19.9245948792, 97.3795394897, 223.892166138, 365.676147461, 978.130126953, 6931.06982422, 12102.1455078, 3408.09619141, 2160.39941406, 3173.1105957, 6597.02880859, 1927.86767578, 1588.25183105, 1216.81518555, 530.027099609, 265.732299805, 146.052642822, 197.537109375, 129.960098267, 115.817382812, 89.6403656006, 69.9731445312, 54.6737709045, 31.4911727905, 18.1904163361, 11.0992937088, 3.9406375885, 0.593821287155, 0.084783628583, 0.0125411581248, 0.00328826415353, 0.00150855747052, 0.000620245875325, 0.000234283521422, 0.000635493139271, 0.00538086658344, 0.0035131892655, 0.000235503946897]}, "erbbands_crest": {"dmean": 2.98130941391, "dmean2": 4.92208480835, "dvar": 6.90586423874, "dvar2": 17.9353504181, "max": 30.0279769897, "mean": 8.73552703857, "median": 7.65001487732, "min": 2.43416070938, "var": 17.328868866}, "erbbands_flatness_db": {"dmean": 0.025342989713, "dmean2": 0.0390356108546, "dvar": 0.000421617995016, "dvar2": 0.0009876874974, "max": 0.337016135454, "mean": 0.155248433352, "median": 0.150621950626, "min": 0.0263585653156, "var": 0.00160997197963}, "erbbands_kurtosis": {"dmean": 1.17859470844, "dmean2": 1.88783061504, "dvar": 2.43884754181, "dvar2": 6.11576032639, "max": 27.6290550232, "mean": 0.935823202133, "median": 0.141530275345, "min": -1.84684991837, "var": 5.24763441086}, "erbbands_skewness": {"dmean": 0.395834326744, "dmean2": 0.62461233139, "dvar": 0.121533863246, "dvar2": 0.295822054148, "max": 4.60413122177, "mean": 0.598162710667, "median": 0.523691773415, "min": -2.30300354958, "var": 0.519600689411}, "erbbands_spread": {"dmean": 7.40300035477, "dmean2": 11.589258194, "dvar": 46.6903381348, "dvar2": 112.498504639, "max": 119.801254272, "mean": 28.711101532, "median": 28.4005775452, "min": 3.23831510544, "var": 150.115402222}, "gfcc": {"cov": [[9234.5703125, -456.570159912, -153.845840454, -175.325119019, 108.194244385, -339.060302734, 196.171386719, -246.125, 96.2489318848, -31.0631008148, 56.7663078308, -18.293504715, 35.2400093079], [-456.570159912, 547.452697754, -12.9273309708, -120.191848755, 61.8746833801, -47.208984375, 4.87697029114, 15.6148586273, 33.0295639038, -12.1080102921, 30.0079402924, -33.655128479, 44.3899993896], [-153.845840454, -12.9273309708, 344.762695312, 99.3004837036, -33.3395347595, 144.292739868, -89.1283035278, 93.5545196533, -21.9389190674, 38.9204216003, 10.476228714, 2.25358986855, 26.0821475983], [-175.325119019, -120.191848755, 99.3004837036, 232.899642944, 78.7970733643, 57.9367179871, 53.8031463623, -48.3216972351, -17.5788516998, -4.06245756149, -26.3755874634, 37.4099617004, -45.6369743347], [108.194244385, 61.8746833801, -33.3395347595, 78.7970733643, 261.487091064, 44.451751709, 95.1410980225, -73.7262649536, -11.3777694702, -28.0110588074, 2.98791599274, -17.0004844666, -15.1033296585], [-339.060302734, -47.208984375, 144.292739868, 57.9367179871, 44.451751709, 245.15965271, -59.5066146851, 88.5123062134, -56.0192642212, 12.5717964172, 5.45809555054, -15.2639360428, 14.7483282089], [196.171386719, 4.87697029114, -89.1283035278, 53.8031463623, 95.1410980225, -59.5066146851, 207.999511719, -67.5449295044, 54.9525642395, -23.9532089233, -23.8120040894, 32.8632202148, -42.4641075134], [-246.125, 15.6148586273, 93.5545196533, -48.3216972351, -73.7262649536, 88.5123062134, -67.5449295044, 173.569381714, 22.99584198, 40.5358352661, 21.7012767792, -23.6053142548, 49.020401001], [96.2489318848, 33.0295639038, -21.9389190674, -17.5788516998, -11.3777694702, -56.0192642212, 54.9525642395, 22.99584198, 105.71472168, 37.900932312, 13.8178386688, 18.1160755157, 1.1389336586], [-31.0631008148, -12.1080102921, 38.9204216003, -4.06245756149, -28.0110588074, 12.5717964172, -23.9532089233, 40.5358352661, 37.900932312, 72.1266555786, 44.6562805176, 17.9886569977, 21.9679336548], [56.7663078308, 30.0079402924, 10.476228714, -26.3755874634, 2.98791599274, 5.45809555054, -23.8120040894, 21.7012767792, 13.8178386688, 44.6562805176, 76.157951355, 30.2919425964, 39.3130187988], [-18.293504715, -33.655128479, 2.25358986855, 37.4099617004, -17.0004844666, -15.2639360428, 32.8632202148, -23.6053142548, 18.1160755157, 17.9886569977, 30.2919425964, 92.4804534912, 15.4424352646], [35.2400093079, 44.3899993896, 26.0821475983, -45.6369743347, -15.1033296585, 14.7483282089, -42.4641075134, 49.020401001, 1.1389336586, 21.9679336548, 39.3130187988, 15.4424352646, 84.2436141968]], "icov": [[0.000152655717102, 0.000291103497148, -0.000251227495028, 0.000309907540213, -7.12872351869e-05, 0.000146475082147, -0.000200216672965, 0.000367347180145, -0.000257891282672, 0.000321161845932, -0.000399073120207, 0.000359154422767, -0.00028454780113], [0.000291103497148, 0.003140024608, -0.00141536199953, 0.00219261739403, -0.00130930892192, 0.00091204472119, -0.000361837621313, 0.000702832359821, -0.001601969474, 0.00237238244154, -0.00184211065061, 0.00120408448856, -0.00109415117186], [-0.000251227495028, -0.00141536199953, 0.00637477869168, -0.0044606262818, 0.00154085119721, -0.0023410085123, 0.00190731557086, -0.00179649121128, 0.000106131839857, -0.00181876088027, 0.00103324628435, -1.82920011866e-05, -0.000852350960486], [0.000309907540213, 0.00219261739403, -0.0044606262818, 0.0117193860933, -0.0045009618625, 0.000598500715569, -0.0011849704897, 0.00126226141583, 0.0015681933146, -0.00283442391083, 0.00466158799827, -0.00567267136648, 0.0037836227566], [-7.12872351869e-05, -0.00130930892192, 0.00154085119721, -0.0045009618625, 0.0105125932023, -0.00509725930169, -0.00434175459668, 0.00592902582139, -0.00232669804245, 0.00375911151059, -0.00720390072092, 0.00821726582944, -0.00415040133521], [0.000146475082147, 0.00091204472119, -0.0023410085123, 0.000598500715569, -0.00509725930169, 0.0108299935237, 0.000842996756546, -0.00751273566857, 0.00681466469541, -0.00280450470746, 0.00214739819057, -0.00313545181416, 0.00270566972904], [-0.000200216672965, -0.000361837621313, 0.00190731557086, -0.0011849704897, -0.00434175459668, 0.000842996756546, 0.0119628775865, -0.00151319790166, -0.00592148164287, 0.00291097909212, 0.00387564557604, -0.00632807286456, 0.00369889778085], [0.000367347180145, 0.000702832359821, -0.00179649121128, 0.00126226141583, 0.00592902582139, -0.00751273566857, -0.00151319790166, 0.0181776341051, -0.00867913942784, 0.00136474892497, -0.00364110409282, 0.00892250891775, -0.00842085573822], [-0.000257891282672, -0.001601969474, 0.000106131839857, 0.0015681933146, -0.00232669804245, 0.00681466469541, -0.00592148164287, -0.00867913942784, 0.024746844545, -0.0167247522622, 0.00690972013399, -0.00520748225972, 0.00398077769205], [0.000321161845932, 0.00237238244154, -0.00181876088027, -0.00283442391083, 0.00375911151059, -0.00280450470746, 0.00291097909212, 0.00136474892497, -0.0167247522622, 0.0393717512488, -0.0229524821043, 0.00492114573717, -0.00075053126784], [-0.000399073120207, -0.00184211065061, 0.00103324628435, 0.00466158799827, -0.00720390072092, 0.00214739819057, 0.00387564557604, -0.00364110409282, 0.00690972013399, -0.0229524821043, 0.0377240329981, -0.0146340820938, -0.00328207598068], [0.000359154422767, 0.00120408448856, -1.82920011866e-05, -0.00567267136648, 0.00821726582944, -0.00313545181416, -0.00632807286456, 0.00892250891775, -0.00520748225972, 0.00492114573717, -0.0146340820938, 0.0255420636386, -0.00927738752216], [-0.00028454780113, -0.00109415117186, -0.000852350960486, 0.0037836227566, -0.00415040133521, 0.00270566972904, 0.00369889778085, -0.00842085573822, 0.00398077769205, -0.00075053126784, -0.00328207598068, -0.00927738752216, 0.0238003060222]], "mean": [-37.2875022888, 115.954849243, -86.9678649902, -7.85872268677, -14.0874881744, -29.5380039215, 1.50578558445, -18.9528007507, -4.92294597626, -9.5138130188, -6.67176103592, -5.27111434937, -7.78647994995]}, "hfc": {"dmean": 96.9519882202, "dmean2": 140.760971069, "dvar": 24825.3320312, "dvar2": 51585.9804688, "max": 2604.37280273, "mean": 218.430221558, "median": 119.687332153, "min": 1.16904628644e-16, "var": 74404.8515625}, "melbands": {"dmean": [0.00160501443315, 0.00131689396221, 0.000929774192628, 0.000637052988168, 0.000440969772171, 0.000658538425341, 0.000421557284426, 0.00019680596597, 0.000159249611897, 0.000119688927953, 0.00012634662562, 5.91245916439e-05, 5.62174391234e-05, 5.08771481691e-05, 2.59345506493e-05, 2.32372221944e-05, 1.30085818455e-05, 9.35205207497e-06, 9.64115406532e-06, 8.5482661234e-06, 6.79614595356e-06, 5.70919519305e-06, 4.14279793404e-06, 3.97745952796e-06, 3.22733080793e-06, 2.81528627966e-06, 2.3578948003e-06, 1.51051870034e-06, 1.24087603126e-06, 1.00090881006e-06, 8.9379898327e-07, 6.0058971485e-07, 3.26833600184e-07, 1.73641282686e-07, 9.76358052185e-08, 5.9000633712e-08, 2.98424929213e-08, 2.1329016775e-08, 1.82801223048e-08, 1.64567790506e-08], "dmean2": [0.00271454453468, 0.00217242678627, 0.00156319921371, 0.001068270416, 0.000718133174814, 0.0010679847328, 0.000678165059071, 0.000318613107083, 0.000260635890299, 0.000190640930668, 0.000201965071028, 9.34776180657e-05, 9.1323054221e-05, 8.36350154714e-05, 4.16482798755e-05, 3.77149735868e-05, 2.07996199606e-05, 1.52531247295e-05, 1.59747396538e-05, 1.39511876114e-05, 1.08528620331e-05, 8.96200981515e-06, 6.62402999296e-06, 6.34510161035e-06, 5.06262949784e-06, 4.42586178906e-06, 3.73542320631e-06, 2.31851936405e-06, 1.92141555999e-06, 1.55090606313e-06, 1.38951168083e-06, 9.43225415995e-07, 5.11710254614e-07, 2.75596761412e-07, 1.57554879365e-07, 9.58226280545e-08, 4.94632601544e-08, 3.57130396367e-08, 3.03905345334e-08, 2.73099765025e-08], "dvar": [1.23010177049e-05, 5.57714747629e-06, 2.21249479182e-06, 1.18110426683e-06, 8.01847704679e-07, 1.94609697246e-06, 1.11700535399e-06, 2.48086081456e-07, 9.2937320062e-08, 6.71114719353e-08, 9.93805215899e-08, 2.27521876894e-08, 1.41440006374e-08, 1.41459670644e-08, 2.67074362625e-09, 1.9481356528e-09, 4.89720319852e-10, 2.59010091153e-10, 3.46306816557e-10, 2.43109116171e-10, 1.54396065377e-10, 1.3298508128e-10, 8.24920132203e-11, 7.10653619285e-11, 3.79120866645e-11, 2.89812392834e-11, 2.3536207705e-11, 8.48474675935e-12, 6.14240255881e-12, 3.48979005416e-12, 3.40539142024e-12, 1.65926398055e-12, 4.040693561e-13, 1.10522471708e-13, 3.16800994888e-14, 1.06534061222e-14, 3.04571787306e-15, 1.59626207058e-15, 1.16538085724e-15, 9.50360484787e-16], "dvar2": [3.32331146637e-05, 1.39949197546e-05, 5.83204064242e-06, 3.02396006191e-06, 1.99528972189e-06, 4.88441310154e-06, 2.67166819867e-06, 6.41898509457e-07, 2.37081266619e-07, 1.66736327856e-07, 2.40952374497e-07, 5.55922348155e-08, 3.59972922581e-08, 3.53307214596e-08, 6.61273080738e-09, 4.88924367659e-09, 1.23652876827e-09, 6.75552502827e-10, 9.28216004059e-10, 6.33846586329e-10, 3.83124726389e-10, 3.19088783174e-10, 2.09691264352e-10, 1.7797889551e-10, 8.95879204155e-11, 7.04266159279e-11, 5.80723767685e-11, 1.98035563642e-11, 1.43536779684e-11, 7.97309007011e-12, 8.19413460695e-12, 4.01675567807e-12, 9.4972770967e-13, 2.5990564952e-13, 7.66382196962e-14, 2.57679501245e-14, 7.62542850722e-15, 3.94674366498e-15, 2.86383639412e-15, 2.34778495913e-15], "max": [0.0715425089002, 0.0359565839171, 0.0240142680705, 0.0190302822739, 0.0121107576415, 0.0244855862111, 0.0341656245291, 0.0170150417835, 0.00711103528738, 0.00526792835444, 0.00665451912209, 0.00391775323078, 0.00189521943685, 0.00204513478093, 0.00101813883521, 0.00072950188769, 0.000735781446565, 0.000346493179677, 0.000349301408278, 0.00020928675076, 0.000186346573173, 0.000187737197848, 0.000264465925284, 0.000242946101935, 0.000137082490255, 9.50771063799e-05, 5.10102618136e-05, 5.22680347785e-05, 4.35404544987e-05, 2.10474445339e-05, 3.10435170832e-05, 2.19886023842e-05, 8.48151557875e-06, 4.59243119622e-06, 2.31204808188e-06, 1.29287820982e-06, 7.40382859021e-07, 5.6077891486e-07, 4.90186323532e-07, 4.40851437133e-07], "mean": [0.00193159736227, 0.00158021040261, 0.00124682695605, 0.000808491895441, 0.000538610736839, 0.000890566443559, 0.000581539527047, 0.000262916000793, 0.000226252275752, 0.000174631626578, 0.00017385292449, 8.47277915454e-05, 6.87947904225e-05, 6.04779597779e-05, 3.62535211025e-05, 3.13591372105e-05, 2.00570520974e-05, 1.41162345244e-05, 1.38721070471e-05, 1.19231417557e-05, 9.26641496335e-06, 7.12579230822e-06, 4.92682647746e-06, 5.0195840231e-06, 4.47248157798e-06, 3.70434395336e-06, 2.82728046841e-06, 1.8797464918e-06, 1.45856938616e-06, 1.13144449188e-06, 9.41313999192e-07, 6.04472745636e-07, 3.34239672384e-07, 1.76529709961e-07, 9.79140324375e-08, 6.00973635301e-08, 3.03787430767e-08, 2.08266683899e-08, 1.82095742929e-08, 1.65700804189e-08], "median": [0.000485572556499, 0.000778985675424, 0.000693853653502, 0.000412243418396, 0.000203739502467, 0.00020574577502, 0.000123224017443, 8.70095245773e-05, 9.00319137145e-05, 4.6709945309e-05, 4.55248955404e-05, 2.91136038868e-05, 2.75459206023e-05, 2.22917351493e-05, 1.61961252161e-05, 1.56755304488e-05, 1.08264521259e-05, 7.52826235839e-06, 6.45063119009e-06, 6.01575857218e-06, 4.72113333672e-06, 3.12734118779e-06, 2.1337959879e-06, 2.22026665142e-06, 2.18724539991e-06, 1.72329487214e-06, 1.07439836938e-06, 6.46329908705e-07, 4.63482194846e-07, 3.21019200555e-07, 2.27755066362e-07, 1.43872668446e-07, 8.77923014286e-08, 5.05903443582e-08, 2.98786559938e-08, 1.96771630101e-08, 1.05471285039e-08, 6.42260999939e-09, 5.71889424705e-09, 5.28156096635e-09], "min": [9.2157594513e-24, 1.15730249308e-23, 1.40825460871e-23, 1.37519739247e-23, 4.71041783826e-24, 3.69683531026e-24, 5.50799131775e-24, 7.40802552242e-24, 4.83946286058e-24, 1.06958597247e-23, 5.47655047751e-24, 2.01004795765e-24, 1.3027911632e-23, 7.17046479398e-24, 9.51807303829e-24, 1.44756575642e-23, 6.7770567051e-24, 7.73125338972e-24, 1.34882656127e-23, 1.5499163568e-23, 5.48908113856e-24, 6.32233085249e-24, 8.08532966273e-24, 7.59256690942e-24, 9.21801243805e-24, 1.36711125265e-23, 1.35114739005e-23, 8.11107256065e-24, 1.16019808592e-23, 1.70549613562e-23, 7.69268755779e-24, 1.04771677603e-23, 9.22951639663e-24, 1.17038859109e-23, 1.23484728341e-23, 7.54970257441e-24, 1.00129388948e-23, 1.50992994415e-23, 1.25640740415e-23, 9.58976866166e-24], "var": [1.41957316373e-05, 6.22838706477e-06, 2.78476545645e-06, 1.43098691296e-06, 9.77642457656e-07, 3.2672346606e-06, 2.3070010684e-06, 3.57281862762e-07, 1.44391279377e-07, 1.22544975056e-07, 1.69535013583e-07, 4.64225351493e-08, 1.54370649597e-08, 1.46103831256e-08, 3.66546126784e-09, 2.23066343175e-09, 9.20636400448e-10, 4.03813149585e-10, 5.18938669813e-10, 2.88914170365e-10, 1.86008472514e-10, 1.48980369707e-10, 7.8972425821e-11, 7.29609081485e-11, 4.67175187424e-11, 3.39706526797e-11, 2.56902311924e-11, 1.21727454505e-11, 8.24159056972e-12, 4.66714991307e-12, 3.80796652891e-12, 1.67826690045e-12, 4.34846576065e-13, 1.16050791481e-13, 3.21871943974e-14, 1.12287193703e-14, 3.13838730089e-15, 1.67165710849e-15, 1.24719809895e-15, 1.01659539077e-15]}, "melbands_crest": {"dmean": 4.38870286942, "dmean2": 7.33170032501, "dvar": 12.8521528244, "dvar2": 34.6965179443, "max": 37.2602996826, "mean": 14.4446058273, "median": 13.6339855194, "min": 1.76014041901, "var": 26.3682003021}, "melbands_flatness_db": {"dmean": 0.0388520471752, "dmean2": 0.060946341604, "dvar": 0.000988697516732, "dvar2": 0.00230187224224, "max": 0.538338780403, "mean": 0.269428044558, "median": 0.26875692606, "min": 0.00602451479062, "var": 0.00273593585007}, "melbands_kurtosis": {"dmean": 7.05379056931, "dmean2": 11.6527690887, "dvar": 115.591796875, "dvar2": 308.056365967, "max": 368.969818115, "mean": 11.3614215851, "median": 7.96536302567, "min": -1.26407837868, "var": 167.189163208}, "melbands_skewness": {"dmean": 0.815581738949, "dmean2": 1.31822836399, "dvar": 0.556056320667, "dvar2": 1.45051729679, "max": 18.2052288055, "mean": 2.45287251472, "median": 2.33780431747, "min": -0.902733683586, "var": 1.621565938}, "melbands_spread": {"dmean": 4.76390838623, "dmean2": 7.72091960907, "dvar": 32.3482894897, "dvar2": 76.1579208374, "max": 136.573486328, "mean": 12.296336174, "median": 10.7721138, "min": 0.617995202541, "var": 57.6704673767}, "mfcc": {"cov": [[7786.18115234, 304.511535645, -800.056152344, 440.268798828, -485.42779541, 195.088348389, -221.764205933, 11.1014556885, -108.382537842, -39.833240509, -14.2945566177, -7.98657512665, 34.7428741455], [304.511535645, 624.848144531, -118.447967529, -35.7664260864, 23.4136886597, -71.2474060059, 2.81455636024, -36.304359436, 19.3851566315, 18.7592639923, 17.0956077576, -29.7768878937, -1.49589264393], [-800.056152344, -118.447967529, 482.709411621, -105.288780212, 116.36063385, -65.7428741455, 11.2108898163, -0.564068496227, 25.2483596802, 19.9896144867, 12.4160327911, 24.0262966156, -3.66105866432], [440.268798828, -35.7664260864, -105.288780212, 271.595306396, -64.7174530029, 126.335884094, -10.8768844604, 32.0023536682, -11.8054847717, -20.7019634247, -2.98107981682, 12.1435174942, 11.295712471], [-485.42779541, 23.4136886597, 116.36063385, -64.7174530029, 232.895904541, 29.2418651581, 93.0590438843, -7.8938126564, 11.0449504852, 3.21421909332, 2.98075079918, 11.2978076935, 0.26041162014], [195.088348389, -71.2474060059, -65.7428741455, 126.335884094, 29.2418651581, 211.660919189, 65.0921859741, 53.6646766663, -11.3036231995, -30.5499019623, -10.4725351334, 25.2892055511, 11.5873394012], [-221.764205933, 2.81455636024, 11.2108898163, -10.8768844604, 93.0590438843, 65.0921859741, 125.863563538, 31.7559680939, 14.9715452194, -13.6748209, -4.91287994385, 10.1311435699, 0.272586941719], [11.1014556885, -36.304359436, -0.564068496227, 32.0023536682, -7.8938126564, 53.6646766663, 31.7559680939, 83.5940475464, 30.1667728424, 2.28250694275, 2.07866811752, 10.7882175446, 1.27587544918], [-108.382537842, 19.3851566315, 25.2483596802, -11.8054847717, 11.0449504852, -11.3036231995, 14.9715452194, 30.1667728424, 70.1457519531, 34.3988876343, 16.4897842407, 3.4005048275, -5.29563903809], [-39.833240509, 18.7592639923, 19.9896144867, -20.7019634247, 3.21421909332, -30.5499019623, -13.6748209, 2.28250694275, 34.3988876343, 74.2256698608, 35.4806594849, 0.26909968257, -4.96305465698], [-14.2945566177, 17.0956077576, 12.4160327911, -2.98107981682, 2.98075079918, -10.4725351334, -4.91287994385, 2.07866811752, 16.4897842407, 35.4806594849, 55.9035224915, 23.4566726685, 3.37667751312], [-7.98657512665, -29.7768878937, 24.0262966156, 12.1435174942, 11.2978076935, 25.2892055511, 10.1311435699, 10.7882175446, 3.4005048275, 0.26909968257, 23.4566726685, 53.0076332092, 24.1524391174], [34.7428741455, -1.49589264393, -3.66105866432, 11.295712471, 0.26041162014, 11.5873394012, 0.272586941719, 1.27587544918, -5.29563903809, -4.96305465698, 3.37667751312, 24.1524391174, 45.708366394]], "icov": [[0.000180934322998, -0.000100174482213, 0.000180006230948, -9.53468043008e-05, 0.000198886860744, -0.000158990485943, 0.000224160772632, -3.90486529795e-05, 0.000178954578587, -0.000108511419967, 9.00520535652e-05, -0.000148704290041, 1.69733066286e-05], [-0.000100174482213, 0.00204465049319, 0.0005947923637, -3.76298921765e-05, -0.000677467673086, 0.000858133309521, -0.000374434137484, 0.000636097043753, -0.00100557284895, 0.000599233084358, -0.00134001288097, 0.00157484703232, -0.000813806196675], [0.000180006230948, 0.0005947923637, 0.00324281863868, 0.000262385146925, -0.00176549470052, 0.00117500603665, 0.00115890719462, -0.000845778733492, -0.000356425967766, -9.43514678511e-05, 0.000549575430341, -0.00196516606957, 0.000752683670726], [-9.53468043008e-05, -3.76298921765e-05, 0.000262385146925, 0.0063670030795, 0.00129462429322, -0.00436572032049, 0.00175284210127, 8.44406622491e-06, -0.000736992689781, 0.000955073046498, -0.00110159208998, 0.000685472332407, -0.00065503094811], [0.000198886860744, -0.000677467673086, -0.00176549470052, 0.00129462429322, 0.00875261239707, -0.00230186246336, -0.00570061663166, 0.00377697567455, -0.000164771627169, -0.00145627418533, 0.00029633421218, -0.000312542862957, -0.000206407552469], [-0.000158990485943, 0.000858133309521, 0.00117500603665, -0.00436572032049, -0.00230186246336, 0.0115388911217, -0.00381893175654, -0.00483842939138, 0.00320894923061, 0.000182401825441, 0.00178968498949, -0.00373857212253, 0.000802542548627], [0.000224160772632, -0.000374434137484, 0.00115890719462, 0.00175284210127, -0.00570061663166, -0.00381893175654, 0.0164039097726, -0.00423523411155, -0.00271356385201, 0.00359106063843, -0.000115090144391, -0.000524373550434, 0.000859123363625], [-3.90486529795e-05, 0.000636097043753, -0.000845778733492, 8.44406622491e-06, 0.00377697567455, -0.00483842939138, -0.00423523411155, 0.0209387931973, -0.00989061128348, 0.000852368655615, 0.000415881630033, -0.00073918158887, -6.69792716508e-05], [0.000178954578587, -0.00100557284895, -0.000356425967766, -0.000736992689781, -0.000164771627169, 0.00320894923061, -0.00271356385201, -0.00989061128348, 0.0255455952138, -0.0110107408836, 0.00150283938274, -0.002540464513, 0.00245981407352], [-0.000108511419967, 0.000599233084358, -9.43514678511e-05, 0.000955073046498, -0.00145627418533, 0.000182401825441, 0.00359106063843, 0.000852368655615, -0.0110107408836, 0.0276964958757, -0.0176059305668, 0.00867336150259, -0.00177540699951], [9.00520535652e-05, -0.00134001288097, 0.000549575430341, -0.00110159208998, 0.00029633421218, 0.00178968498949, -0.000115090144391, 0.000415881630033, 0.00150283938274, -0.0176059305668, 0.037748824805, -0.0213966276497, 0.00651746010408], [-0.000148704290041, 0.00157484703232, -0.00196516606957, 0.000685472332407, -0.000312542862957, -0.00373857212253, -0.000524373550434, -0.00073918158887, -0.002540464513, 0.00867336150259, -0.0213966276497, 0.0405203253031, -0.0183719079942], [1.69733066286e-05, -0.000813806196675, 0.000752683670726, -0.00065503094811, -0.000206407552469, 0.000802542548627, 0.000859123363625, -6.69792716508e-05, 0.00245981407352, -0.00177540699951, 0.00651746010408, -0.0183719079942, 0.0311734434217]], "mean": [-704.313354492, 180.474182129, -14.9810647964, 34.6029891968, -5.09712934494, 7.53593730927, 1.26740753651, 2.11217236519, -0.0524721294641, 0.0181780382991, 1.07688784599, -1.43198466301, 1.04918038845]}, "pitch_salience": {"dmean": 0.0848184376955, "dmean2": 0.13831242919, "dvar": 0.00489402236417, "dvar2": 0.0125094167888, "max": 0.868579268456, "mean": 0.567093908787, "median": 0.573875546455, "min": 0.117817662656, "var": 0.0126196080819}, "silence_rate_20dB": {"dmean": 0, "dmean2": 0, "dvar": 0, "dvar2": 0, "max": 1, "mean": 1, "median": 1, "min": 1, "var": 0}, "silence_rate_30dB": {"dmean": 0.0571276731789, "dmean2": 0.114270530641, "dvar": 0.0538654178381, "dvar2": 0.116098247468, "max": 1, "mean": 0.931721568108, "median": 1, "min": 0, "var": 0.0636204555631}, "silence_rate_60dB": {"dmean": 0.0244453307241, "dmean2": 0.0488971583545, "dvar": 0.02384544909, "dvar2": 0.053678508848, "max": 1, "mean": 0.103613175452, "median": 0, "min": 0, "var": 0.0928831398487}, "spectral_centroid": {"dmean": 217.812744141, "dmean2": 342.284118652, "dvar": 72202.7265625, "dvar2": 146026.109375, "max": 10608.1728516, "mean": 776.161437988, "median": 681.372558594, "min": 193.64302063, "var": 152439.953125}, "spectral_complexity": {"dmean": 4.18599700928, "dmean2": 5.9997344017, "dvar": 22.7901420593, "dvar2": 41.8315162659, "max": 51, "mean": 14.8540115356, "median": 14, "min": 0, "var": 75.0922775269}, "spectral_contrast_coeffs": {"dmean": [0.0591227374971, 0.0530706606805, 0.0396154001355, 0.0263773463666, 0.0195886306465, 0.0564979463816], "dmean2": [0.0992951914668, 0.0880026444793, 0.0650090202689, 0.0442761965096, 0.0325865857303, 0.0850876569748], "dvar": [0.00222754804417, 0.00176174624357, 0.000966863532085, 0.000411569839343, 0.000246063893428, 0.002257428132], "dvar2": [0.00599574111402, 0.0048126289621, 0.00258380104788, 0.00116459093988, 0.000659559271298, 0.00492893252522], "max": [-0.349386155605, -0.407814472914, -0.542005956173, -0.676589608192, -0.706270933151, -0.461616098881], "mean": [-0.663686931133, -0.760057270527, -0.800145864487, -0.826451182365, -0.829746484756, -0.751840472221], "median": [-0.665830612183, -0.772396802902, -0.809376418591, -0.827146649361, -0.828975915909, -0.764431357384], "min": [-0.972586750984, -0.96228659153, -0.962580144405, -0.968659996986, -0.960501432419, -0.95473074913], "var": [0.00671941787004, 0.00578546384349, 0.0033708428964, 0.00114088994451, 0.000745047465898, 0.00557623477653]}, "spectral_contrast_valleys": {"dmean": [0.462471157312, 0.443184256554, 0.405344963074, 0.359546333551, 0.410278171301, 0.702374339104], "dmean2": [0.731463134289, 0.664553821087, 0.586112260818, 0.511116623878, 0.540986597538, 1.11799383163], "dvar": [0.168126687407, 0.167178690434, 0.151556506753, 0.133070796728, 0.169175371528, 0.365855127573], "dvar2": [0.354574620724, 0.317458212376, 0.264517843723, 0.222322285175, 0.25866484642, 0.888945937157], "max": [-4.93825674057, -4.16455173492, -4.9663977623, -5.84223937988, -5.8820271492, -9.10069084167], "mean": [-7.06944847107, -6.46245479584, -7.13696718216, -7.72456789017, -7.97153329849, -11.5651035309], "median": [-6.94972038269, -6.33409309387, -6.98809146881, -7.53708076477, -7.83418989182, -11.4195671082], "min": [-26.9811153412, -27.1088275909, -27.1964225769, -26.9917163849, -27.4424724579, -27.2998523712], "var": [0.961356699467, 0.988834381104, 0.93770891428, 0.91234254837, 0.973283469677, 1.25043666363]}, "spectral_decrease": {"dmean": 3.50091644563e-09, "dmean2": 5.58248292037e-09, "dvar": 2.36469513151e-17, "dvar2": 5.91008040698e-17, "max": 1.44010581238e-08, "mean": -4.92660312545e-09, "median": -3.04439629062e-09, "min": -5.12351832072e-08, "var": 3.34534173593e-17}, "spectral_energy": {"dmean": 0.0161324571818, "dmean2": 0.0233005620539, "dvar": 0.000475507171359, "dvar2": 0.000960213830695, "max": 0.309694647789, "mean": 0.0384063981473, "median": 0.026457099244, "min": 1.06896833288e-20, "var": 0.00143994612154}, "spectral_energyband_high": {"dmean": 0.000288428156637, "dmean2": 0.000419362419052, "dvar": 2.40416795805e-07, "dvar2": 5.06760557073e-07, "max": 0.00611471291631, "mean": 0.000419815973146, "median": 0.000199431058718, "min": 8.04356809216e-21, "var": 3.75843796974e-07}, "spectral_energyband_low": {"dmean": 0.00828194059432, "dmean2": 0.0135013014078, "dvar": 0.000199581845663, "dvar2": 0.000505063158926, "max": 0.23428504169, "mean": 0.0116228610277, "median": 0.00574997998774, "min": 8.51280376316e-23, "var": 0.000276106322417}, "spectral_energyband_middle_high": {"dmean": 0.00160792563111, "dmean2": 0.00242762546986, "dvar": 7.45244415157e-06, "dvar2": 1.68297938217e-05, "max": 0.0421355515718, "mean": 0.00290487450548, "median": 0.0016588147264, "min": 1.50118518751e-21, "var": 1.39074081744e-05}, "spectral_energyband_middle_low": {"dmean": 0.00788132008165, "dmean2": 0.0120677389205, "dvar": 0.00012015318498, "dvar2": 0.000277080340311, "max": 0.156568646431, "mean": 0.0151627501473, "median": 0.0090746358037, "min": 2.43623320136e-22, "var": 0.000289615330985}, "spectral_entropy": {"dmean": 0.232047200203, "dmean2": 0.354378163815, "dvar": 0.0394659936428, "dvar2": 0.0874547362328, "max": 9.78047657013, "mean": 7.30555772781, "median": 7.334400177, "min": 5.16767120361, "var": 0.12328325212}, "spectral_flux": {"dmean": 0.0299114119262, "dmean2": 0.0440709292889, "dvar": 0.00108460034244, "dvar2": 0.00206271652132, "max": 0.456221073866, "mean": 0.109252758324, "median": 0.100475676358, "min": 1.03390927764e-10, "var": 0.00404874188825}, "spectral_kurtosis": {"dmean": 5.04370832443, "dmean2": 7.80040740967, "dvar": 21.2095966339, "dvar2": 50.0838775635, "max": 66.9404983521, "mean": 19.4070243835, "median": 18.4816436768, "min": -1.17638993263, "var": 50.7199897766}, "spectral_rms": {"dmean": 0.00120120239444, "dmean2": 0.00167155032977, "dvar": 1.59977321346e-06, "dvar2": 2.85061832983e-06, "max": 0.0173822063953, "mean": 0.00536143966019, "median": 0.00508053181693, "min": 3.22939006266e-12, "var": 8.72465443535e-06}, "spectral_rolloff": {"dmean": 3283.17993164, "dmean2": 6333.47998047, "dvar": 47209312, "dvar2": 119034800, "max": 22050, "mean": 13611.8339844, "median": 21404.0039062, "min": 21.533203125, "var": 100137056}, "spectral_skewness": {"dmean": 0.413820803165, "dmean2": 0.617231249809, "dvar": 0.130243554711, "dvar2": 0.280550420284, "max": 6.13881540298, "mean": 3.00399494171, "median": 2.98808288574, "min": 0.0679681450129, "var": 0.399781733751}, "spectral_spread": {"dmean": 545988.375, "dmean2": 864638, "dvar": 352734347264, "dvar2": 646690242560, "max": 40270256, "mean": 3635499.75, "median": 3547072, "min": 1397166, "var": 844285739008}, "spectral_strongpeak": {"dm