{"lowlevel": {"average_loudness": 0.907730579376, "barkbands": {"dmean": [0.000132854867843, 0.00278980401345, 0.000907422276214, 0.000688449828885, 0.000843989138957, 0.000775193504523, 0.000591922726016, 0.000600325525738, 0.000934668118134, 0.00102376495488, 0.000513851933647, 0.000737468944862, 0.000648955523502, 0.000585394562222, 0.000570175412577, 0.000350748508936, 0.000261059438344, 0.000184069664101, 0.00012448967027, 7.86123346188e-05, 5.67126116948e-05, 4.58501235698e-05, 4.56324160041e-05, 5.27274169144e-05, 6.36244076304e-05, 3.58429060725e-05, 5.14957127962e-06], "dmean2": [0.000182156538358, 0.00423939572647, 0.00151811575051, 0.00110465136822, 0.00138678937219, 0.001182117383, 0.000868627394084, 0.00090227794135, 0.00148236087989, 0.00161598483101, 0.000794146035332, 0.00115028768778, 0.00102877244353, 0.000898470229004, 0.000908401852939, 0.000550827826373, 0.000412440334912, 0.000287832459435, 0.00019444298232, 0.000123809979414, 9.27728324314e-05, 7.49020109652e-05, 7.32575208531e-05, 8.13501683297e-05, 9.43170089158e-05, 4.89777303301e-05, 7.18368346497e-06], "dvar": [1.16143965556e-07, 5.29313547304e-05, 3.56021246262e-06, 1.88060073469e-06, 1.86555928394e-06, 1.73011994775e-06, 1.57328236128e-06, 1.91067988453e-06, 5.06624792251e-06, 6.20460514256e-06, 4.00945918955e-06, 4.70364284411e-06, 3.10870927933e-06, 3.15130841955e-06, 2.56941461885e-06, 1.2253777868e-06, 6.25776522156e-07, 1.51219879285e-07, 5.42900622236e-08, 1.7978360134e-08, 9.84447456887e-09, 8.80605632858e-09, 6.28040197626e-09, 1.12327862567e-08, 2.51293670317e-08, 4.02743705052e-09, 6.56130844101e-11], "dvar2": [2.10280234114e-07, 0.00011515787628, 9.66532934399e-06, 4.6088957788e-06, 4.85421151097e-06, 3.83099313694e-06, 3.72591762243e-06, 4.43566796093e-06, 1.1571691175e-05, 1.46464080899e-05, 9.15772125154e-06, 1.02665480881e-05, 6.89087300998e-06, 6.83905955157e-06, 6.02802583671e-06, 2.99686735161e-06, 1.42525811953e-06, 3.69525224642e-07, 1.30157062017e-07, 4.27970014982e-08, 2.54475622796e-08, 2.31772911974e-08, 1.63094817651e-08, 2.51598351042e-08, 5.77045078387e-08, 7.70446728637e-09, 1.32472879888e-10], "max": [0.00427717389539, 0.0608347281814, 0.0276052355766, 0.0238061957061, 0.0294422656298, 0.0321353785694, 0.0398214310408, 0.0393479429185, 0.0427939482033, 0.0498399809003, 0.0561605207622, 0.060100119561, 0.0563209764659, 0.0553340017796, 0.0356954969466, 0.0255372021347, 0.0330347977579, 0.0104105463251, 0.00647422904149, 0.00303880264983, 0.00284459185787, 0.00324863148853, 0.00184550671838, 0.00469276169315, 0.00829560589045, 0.00292844907381, 0.000256160157733], "mean": [0.000184003263712, 0.00370287895203, 0.00174557417631, 0.00158739602193, 0.00189909059554, 0.0014855414629, 0.00126675341744, 0.00111333746463, 0.00137589965016, 0.00151707325131, 0.000776044034865, 0.00116891332436, 0.000999119714834, 0.000865219975822, 0.000884239620063, 0.000578558247071, 0.000468175363494, 0.000350289075868, 0.000250864948612, 0.000165898163687, 0.000116467177577, 9.42219339777e-05, 9.46217842284e-05, 0.00010476323223, 0.000105983650428, 5.52014316781e-05, 6.37815628579e-06], "median": [8.73989483807e-06, 0.00111580174416, 0.000846087001264, 0.000770514074247, 0.00121673149988, 0.000742536387406, 0.000533935904969, 0.000404108228395, 0.000444317614892, 0.000409858126659, 0.000117711213534, 0.000289215706289, 0.000261914246948, 0.000243163958658, 0.000271809782134, 0.0001369285892, 0.000159193979925, 0.00012649288692, 0.000103023368865, 6.55489930068e-05, 4.77306566609e-05, 3.52931492671e-05, 4.32774977526e-05, 4.84680203954e-05, 4.5184227929e-05, 1.91719718714e-05, 1.92709057956e-06], "min": [3.86206873496e-25, 1.27498421072e-24, 5.53117022051e-25, 5.60884836778e-25, 2.93936278603e-24, 7.29963918948e-24, 4.84288415033e-24, 1.020357581e-23, 1.75471064314e-23, 1.33618632744e-23, 1.60290098836e-23, 1.60557002035e-23, 2.1210742136e-23, 3.33309951436e-23, 3.18927092313e-23, 5.64778591097e-23, 5.70527809374e-23, 8.24370690009e-23, 1.08953732184e-22, 1.65861249119e-22, 2.8179537795e-22, 3.40550520721e-22, 4.30042183471e-22, 6.14721917743e-22, 9.70531860892e-22, 1.38820606852e-21, 2.01749492766e-21], "var": [2.01931953825e-07, 6.18148987996e-05, 5.75767580813e-06, 4.71819703307e-06, 4.49299204774e-06, 5.13429904458e-06, 4.59850980405e-06, 4.49864865004e-06, 9.06396053324e-06, 1.24187308757e-05, 8.29660257295e-06, 1.15098309834e-05, 6.70602730679e-06, 6.46019270789e-06, 4.90207730763e-06, 2.64037385023e-06, 1.75102695721e-06, 4.23913121494e-07, 1.51113283664e-07, 6.26387972602e-08, 2.92464097384e-08, 2.14319957337e-08, 1.75757328691e-08, 2.95175475173e-08, 5.30183363878e-08, 9.28375243348e-09, 1.20244925128e-10]}, "barkbands_crest": {"dmean": 2.47429132462, "dmean2": 3.98376512527, "dvar": 6.39021253586, "dvar2": 15.4721984863, "max": 24.7692241669, "mean": 8.9731092453, "median": 8.11437416077, "min": 2.3614730835, "var": 14.2023687363}, "barkbands_flatness_db": {"dmean": 0.0198834650218, "dmean2": 0.0292935650796, "dvar": 0.000413050467614, "dvar2": 0.000902135565411, "max": 0.404250055552, "mean": 0.115406475961, "median": 0.108756378293, "min": 0.0239382367581, "var": 0.00202058441937}, "barkbands_kurtosis": {"dmean": 2.60099577904, "dmean2": 4.10359287262, "dvar": 77.8117446899, "dvar2": 157.623703003, "max": 507.453552246, "mean": 4.24829912186, "median": 1.14499521255, "min": -1.92596518993, "var": 231.652236938}, "barkbands_skewness": {"dmean": 0.481188505888, "dmean2": 0.718028485775, "dvar": 0.346431702375, "dvar2": 0.738755524158, "max": 12.4798746109, "mean": 1.31067550182, "median": 1.12174332142, "min": -17.8349533081, "var": 1.85131335258}, "barkbands_spread": {"dmean": 5.15860319138, "dmean2": 7.79182243347, "dvar": 36.3203849792, "dvar2": 81.1638336182, "max": 152.036117554, "mean": 22.5657043457, "median": 20.9057559967, "min": 0.451132297516, "var": 161.32421875}, "dissonance": {"dmean": 0.0236848127097, "dmean2": 0.0399834513664, "dvar": 0.00047427523532, "dvar2": 0.00130663148593, "max": 0.499999910593, "mean": 0.45175999403, "median": 0.458016008139, "min": 0.219282478094, "var": 0.00101189711131}, "dynamic_complexity": 3.4692094326, "erbbands": {"dmean": [0.0913462266326, 0.646209657192, 1.0686365366, 1.75191354752, 2.28648209572, 3.21320104599, 4.93094205856, 6.61149454117, 8.14667606354, 7.3531088829, 16.9265060425, 18.9752254486, 26.692407608, 30.8871822357, 21.9846572876, 31.9404773712, 27.7813854218, 31.9319381714, 26.4769992828, 21.4295005798, 19.4995918274, 11.556388855, 9.29229164124, 7.64485406876, 5.32431936264, 4.03363609314, 2.71934127808, 1.89101791382, 1.66000318527, 1.62073659897, 1.29658436775, 1.02995944023, 0.95071554184, 0.683337569237, 0.474563837051, 0.209722802043, 0.0554938390851, 0.010137617588, 0.000894964265171, 3.19268110616e-05], "dmean2": [0.137991935015, 1.02802538872, 1.78154957294, 2.8043589592, 3.74885392189, 5.32406377792, 7.54203271866, 10.1526870728, 12.0726995468, 10.961186409, 25.5443916321, 30.2483825684, 41.671875, 48.7695007324, 33.3195800781, 49.3583374023, 43.5444488525, 49.2140159607, 41.5235671997, 33.3289413452, 30.0865516663, 17.8509044647, 14.4921979904, 11.8633613586, 8.31869888306, 6.37930822372, 4.43448066711, 3.10783195496, 2.70601248741, 2.63989639282, 2.09980940819, 1.62263262272, 1.46967875957, 1.03974127769, 0.698015749454, 0.295557320118, 0.0751483738422, 0.0138584347442, 0.00124463008251, 4.27676968684e-05], "dvar": [0.0536264702678, 3.19331288338, 5.81173372269, 10.2390708923, 26.8580360413, 27.9671401978, 63.4835510254, 169.69770813, 268.80166626, 443.106994629, 1542.48046875, 2485.47290039, 4562.77197266, 7267.76611328, 6183.45556641, 7675.55126953, 6230.03662109, 8168.31494141, 6069.27978516, 4584.96533203, 3925.36962891, 1344.82299805, 417.410430908, 271.980316162, 90.6170578003, 53.4604606628, 25.59649086, 11.0802412033, 10.5451393127, 11.006357193, 4.83131361008, 3.17725849152, 4.66492176056, 2.9068403244, 1.41545462608, 0.169109851122, 0.00934561435133, 0.0002970751666, 1.95941743186e-06, 1.87916371353e-09], "dvar2": [0.109029963613, 7.94732952118, 15.728477478, 25.5247077942, 69.3941040039, 74.2402038574, 147.429885864, 388.390441895, 627.375488281, 983.77947998, 3649.66235352, 5724.49072266, 10106.4384766, 17963.0585938, 13794.8574219, 15710.7822266, 13858.1660156, 17496.0839844, 14103.0292969, 10655.4941406, 9491.01757812, 2697.18017578, 1022.34301758, 670.168029785, 220.326141357, 130.853286743, 65.6349945068, 29.7302761078, 27.713716507, 29.0190429688, 12.5634202957, 7.72508716583, 10.3875961304, 6.54646110535, 3.29652118683, 0.353695839643, 0.0177247859538, 0.000592342752498, 3.9964120333e-06, 3.81517040182e-09], "max": [2.09653329849, 15.3153276443, 29.54570961, 64.8367385864, 163.981109619, 107.767211914, 179.953384399, 350.085876465, 427.388885498, 1069.68359375, 1126.97937012, 1114.79077148, 1967.87915039, 1988.86767578, 2219.47094727, 2851.78588867, 2577.46313477, 3170.71289062, 2381.55834961, 2132.30224609, 1467.98754883, 2236.03540039, 590.972045898, 489.355438232, 214.729904175, 170.305877686, 175.754943848, 60.1553382874, 109.262199402, 105.696907043, 43.4961471558, 51.7901954651, 109.188117981, 79.8491210938, 59.3516387939, 17.9561309814, 3.98464536667, 0.834233283997, 0.0438264384866, 0.000969264423475], "mean": [0.120478443801, 0.776706159115, 1.90650725365, 4.34319639206, 5.18351984024, 6.42615461349, 9.81435966492, 11.8180170059, 18.1062679291, 14.9280872345, 31.0743904114, 29.0194702148, 41.2877235413, 48.8917198181, 36.6781845093, 52.0883979797, 45.8200111389, 52.1467208862, 44.7391166687, 35.4709854126, 35.8672828674, 22.9426422119, 19.0747070312, 16.0481681824, 11.5580978394, 8.713514328, 5.65462493896, 3.7933986187, 3.42664790154, 3.29249930382, 2.64427089691, 2.05544066429, 1.80757856369, 1.19627606869, 0.735688567162, 0.322380155325, 0.0849005281925, 0.0139665324241, 0.00111488590483, 6.14582750131e-05], "median": [0.0195719208568, 0.277769982815, 0.924872219563, 2.40594911575, 3.09701991081, 4.00594186783, 5.16105747223, 5.16646957397, 7.63289117813, 6.8582906723, 11.4522237778, 11.1535491943, 15.2303056717, 14.0833292007, 10.4452791214, 16.169708252, 13.7254400253, 17.1751327515, 13.4890871048, 11.9147129059, 10.0667800903, 8.06474304199, 7.09641456604, 6.34071874619, 4.90466737747, 3.50667023659, 2.30736470222, 1.55585241318, 1.28234803677, 1.27890884876, 1.22548389435, 0.960073947906, 0.835646629333, 0.557804405689, 0.278906196356, 0.111905381083, 0.0288689602166, 0.00464983703569, 0.000353737123078, 4.22391676693e-05], "min": [7.75571438867e-23, 2.80403675852e-22, 2.2268382656e-21, 2.76181853846e-21, 6.84002999442e-21, 7.99231520592e-21, 4.38950532946e-20, 6.81165462979e-20, 5.39521413643e-20, 1.62342415321e-19, 2.6602159519e-19, 5.06572386464e-19, 5.381520743e-19, 7.48691822372e-19, 8.73688945891e-19, 1.03119674903e-18, 1.10659291769e-18, 1.69784962543e-18, 2.44386810346e-18, 2.87925730721e-18, 3.8854575887e-18, 4.15915676415e-18, 4.83249998074e-18, 6.19256688751e-18, 6.42569078595e-18, 8.99008923762e-18, 1.08153823732e-17, 1.05203526913e-17, 1.06784136715e-17, 9.80468264279e-18, 1.13936891549e-17, 1.12058777968e-17, 9.03163107516e-18, 8.72466352267e-18, 6.13429201335e-18, 4.14560216904e-18, 2.36524231149e-18, 1.02152245817e-18, 2.47480703651e-19, 2.58022238447e-20], "var": [0.0711479410529, 2.9119155407, 7.48822546005, 29.7603664398, 52.3017082214, 60.861000061, 204.696990967, 428.017059326, 973.34576416, 865.11730957, 3409.81518555, 4044.96972656, 9352.43457031, 13440.2089844, 12019.9550781, 20148.3730469, 13868.3935547, 19677.625, 14364.3476562, 8512.94824219, 9584.5703125, 4548.37158203, 1275.58056641, 784.745544434, 287.074157715, 178.822662354, 74.0420455933, 29.2437591553, 27.7020931244, 25.5959854126, 13.058177948, 8.70841026306, 11.2269916534, 6.61087083817, 2.69850373268, 0.339445382357, 0.0230198781937, 0.000646134314593, 3.4831962239e-06, 3.83772791324e-09]}, "erbbands_crest": {"dmean": 2.90741658211, "dmean2": 4.67635774612, "dvar": 6.97905921936, "dvar2": 17.6206359863, "max": 31.5802822113, "mean": 9.81411361694, "median": 8.75868606567, "min": 2.23637008667, "var": 20.4519939423}, "erbbands_flatness_db": {"dmean": 0.0204435512424, "dmean2": 0.0278311166912, "dvar": 0.00035700891749, "dvar2": 0.000658314442262, "max": 0.320645660162, "mean": 0.147128015757, "median": 0.143319115043, "min": 0.0167080238461, "var": 0.00190957344603}, "erbbands_kurtosis": {"dmean": 1.066639781, "dmean2": 1.66682839394, "dvar": 1.86688101292, "dvar2": 4.42184734344, "max": 28.7296772003, "mean": 1.07103466988, "median": 0.404169082642, "min": -1.91500508785, "var": 5.19662189484}, "erbbands_skewness": {"dmean": 0.358995944262, "dmean2": 0.560293316841, "dvar": 0.111299395561, "dvar2": 0.266102224588, "max": 4.19834709167, "mean": 0.426403462887, "median": 0.394452691078, "min": -2.92140078545, "var": 0.538071155548}, "erbbands_spread": {"dmean": 7.85103797913, "dmean2": 11.9157018661, "dvar": 83.1071472168, "dvar2": 181.376617432, "max": 200.049697876, "mean": 33.9714813232, "median": 30.9379959106, "min": 2.6550347805, "var": 315.582305908}, "gfcc": {"cov": [[22047.8710938, 763.562255859, -1877.96398926, 285.56817627, -520.916564941, 353.478820801, -513.957458496, 339.321685791, -496.857208252, 111.790328979, -386.494598389, 55.7195739746, -265.424621582], [763.562255859, 1102.95996094, -21.9752311707, 157.007400513, 124.395195007, 86.4249420166, 36.977973938, 1.37836551666, 64.1920852661, -92.1264724731, 59.6707725525, -128.68031311, 18.8614673615], [-1877.96398926, -21.9752311707, 1189.45458984, 224.670257568, 143.173156738, 76.5560073853, 128.87638855, 45.2683944702, 95.386505127, 39.2197990417, -50.1930618286, 33.2124137878, -26.8086566925], [285.56817627, 157.007400513, 224.670257568, 430.86126709, 107.157318115, 75.3468093872, 54.6679344177, 35.9053268433, 26.7028694153, -33.7512702942, -24.262140274, -22.9914283752, -13.1029281616], [-520.916564941, 124.395195007, 143.173156738, 107.157318115, 373.425079346, 123.682296753, 113.911659241, 44.3701972961, 34.2733726501, -2.25739955902, 15.5325450897, -13.5164394379, -7.01893234253], [353.478820801, 86.4249420166, 76.5560073853, 75.3468093872, 123.682296753, 213.791778564, 102.123413086, 30.3647155762, 8.69871520996, 20.516626358, 0.360255718231, -19.0945529938, -17.3074493408], [-513.957458496, 36.977973938, 128.87638855, 54.6679344177, 113.911659241, 102.123413086, 184.43019104, 44.0692176819, 38.866317749, 13.5991344452, 18.1343097687, -6.82995843887, -10.6785726547], [339.321685791, 1.37836551666, 45.2683944702, 35.9053268433, 44.3701972961, 30.3647155762, 44.0692176819, 128.892044067, 43.2687187195, 13.3808002472, -7.94310092926, 14.9957828522, 5.76800107956], [-496.857208252, 64.1920852661, 95.386505127, 26.7028694153, 34.2733726501, 8.69871520996, 38.866317749, 43.2687187195, 116.974258423, 31.5947246552, 18.8894233704, -0.751970946789, 15.779127121], [111.790328979, -92.1264724731, 39.2197990417, -33.7512702942, -2.25739955902, 20.516626358, 13.5991344452, 13.3808002472, 31.5947246552, 110.349624634, 33.2747344971, 23.331401825, -13.9102945328], [-386.494598389, 59.6707725525, -50.1930618286, -24.262140274, 15.5325450897, 0.360255718231, 18.1343097687, -7.94310092926, 18.8894233704, 33.2747344971, 107.078483582, 19.0375843048, 22.2153205872], [55.7195739746, -128.68031311, 33.2124137878, -22.9914283752, -13.5164394379, -19.0945529938, -6.82995843887, 14.9957828522, -0.751970946789, 23.331401825, 19.0375843048, 94.4630355835, 29.4639568329], [-265.424621582, 18.8614673615, -26.8086566925, -13.1029281616, -7.01893234253, -17.3074493408, -10.6785726547, 5.76800107956, 15.779127121, -13.9102945328, 22.2153205872, 29.4639568329, 79.842086792]], "icov": [[0.000154509514687, -0.000316080811899, 0.000285967835225, -0.000203537230846, 0.000228497592616, -0.000380188517738, 0.000399001553888, -0.000620450649876, 0.000697621551808, -0.000716837239452, 0.000806754920632, -0.000712893612217, 0.00046264033881], [-0.000316080811899, 0.00212395680137, -0.000608002301306, 0.000148963968968, -0.000602017971687, 0.000160167270224, -0.000290111987852, 0.00119003257714, -0.00232167169452, 0.00297037442215, -0.00320220389403, 0.00334706576541, -0.00124304159544], [0.000285967835225, -0.000608002301306, 0.00167925434653, -0.000864522648044, 0.000228896707995, -0.00056878029136, 0.000120940472698, -0.000705015612766, 0.000465502322186, -0.00173173984513, 0.00245330529287, -0.00220169941895, 0.00121637049597], [-0.000203537230846, 0.000148963968968, -0.000864522648044, 0.00328640383668, -0.000635411997791, -0.000156844456797, -0.000355910888175, 0.000330527574988, -0.00118827261031, 0.00205186428502, -0.000865857989993, 0.000925550062675, -0.000132428351208], [0.000228497592616, -0.000602017971687, 0.000228896707995, -0.000635411997791, 0.00415514828637, -0.00196976726875, -0.000531784025952, -0.00138429529034, 0.000762370822486, -0.000347555993358, 0.000497724453453, -0.00110083888285, 0.00089811370708], [-0.000380188517738, 0.000160167270224, -0.00056878029136, -0.000156844456797, -0.00196976726875, 0.00886748544872, -0.0045676836744, 0.00112096313387, 0.000479209062178, -0.00132859009318, -0.000440449424786, 0.00252545252442, -0.00159687187988], [0.000399001553888, -0.000290111987852, 0.000120940472698, -0.000355910888175, -0.000531784025952, -0.0045676836744, 0.0104629173875, -0.00326378410682, -0.000185425757081, -3.31450719386e-05, -0.000635689182673, -0.00116466183681, 0.00261296983808], [-0.000620450649876, 0.00119003257714, -0.000705015612766, 0.000330527574988, -0.00138429529034, 0.00112096313387, -0.00326378410682, 0.012777117081, -0.00635381462052, 0.00231851497665, -0.00068503577495, 0.000216405416722, -0.00199410528876], [0.000697621551808, -0.00232167169452, 0.000465502322186, -0.00118827261031, 0.000762370822486, 0.000479209062178, -0.000185425757081, -0.00635381462052, 0.0168300569057, -0.00842020940036, 0.00340074347332, -0.000653712661006, -0.00206406787038], [-0.000716837239452, 0.00297037442215, -0.00173173984513, 0.00205186428502, -0.000347555993358, -0.00132859009318, -3.31450719386e-05, 0.00231851497665, -0.00842020940036, 0.019038984552, -0.00968750566244, 0.000981674995273, 0.00349433836527], [0.000806754920632, -0.00320220389403, 0.00245330529287, -0.000865857989993, 0.000497724453453, -0.000440449424786, -0.000635689182673, -0.00068503577495, 0.00340074347332, -0.00968750566244, 0.0188265629113, -0.00692587718368, -0.00100952177308], [-0.000712893612217, 0.00334706576541, -0.00220169941895, 0.000925550062675, -0.00110083888285, 0.00252545252442, -0.00116466183681, 0.000216405416722, -0.000653712661006, 0.000981674995273, -0.00692587718368, 0.0207202322781, -0.00888778176159], [0.00046264033881, -0.00124304159544, 0.00121637049597, -0.000132428351208, 0.00089811370708, -0.00159687187988, 0.00261296983808, -0.00199410528876, -0.00206406787038, 0.00349433836527, -0.00100952177308, -0.00888778176159, 0.0195468235761]], "mean": [-8.58292198181, 73.678237915, -110.989181519, 14.9852199554, -57.1440887451, 17.3670768738, -42.1438293457, 10.7197933197, -26.3303699493, 2.45602059364, -16.3926734924, -0.976691782475, -11.9966020584]}, "hfc": {"dmean": 5.94933414459, "dmean2": 8.23654270172, "dvar": 61.9885177612, "dvar2": 121.185127258, "max": 133.023773193, "mean": 21.1579704285, "median": 14.9281759262, "min": 1.10874448891e-16, "var": 377.521728516}, "melbands": {"dmean": [0.000762139097787, 0.000635185511783, 0.000302980450215, 0.000197833884158, 0.000156629583216, 0.000146723294165, 0.00012624777446, 7.96711392468e-05, 0.000143061857671, 0.000127433086163, 0.000135843525641, 0.000130890999571, 7.87675235188e-05, 8.72380260262e-05, 7.05138736521e-05, 6.05333152635e-05, 6.0805814428e-05, 4.29147512477e-05, 3.47334243997e-05, 2.49055192398e-05, 2.46531890298e-05, 1.27595058075e-05, 1.15281054605e-05, 1.00269016912e-05, 6.39520794721e-06, 5.04126001033e-06, 3.05991829919e-06, 2.73953060059e-06, 2.07072980629e-06, 1.29912484681e-06, 1.22407857361e-06, 9.24501421196e-07, 1.03376555671e-06, 9.35988907713e-07, 8.14377187908e-07, 7.16434954029e-07, 6.50980155115e-07, 7.2835211995e-07, 6.59868987896e-07, 5.90568049574e-07], "dmean2": [0.0011666547507, 0.00103549193591, 0.000490448263008, 0.000324312626617, 0.000242614289164, 0.00022523770167, 0.000186769015272, 0.000120190496091, 0.000218413726543, 0.000202763694688, 0.000211948296055, 0.000206875585718, 0.000120793491078, 0.000136992428452, 0.000109470827738, 9.49827008299e-05, 9.36857104534e-05, 6.72690221108e-05, 5.4365635151e-05, 3.866336192e-05, 3.81038444175e-05, 1.97966055566e-05, 1.85185781447e-05, 1.58907732839e-05, 1.00119741546e-05, 7.97186930868e-06, 4.87414308736e-06, 4.34865387433e-06, 3.37412529916e-06, 2.18186301026e-06, 2.02060869015e-06, 1.51650942826e-06, 1.72009561084e-06, 1.52686845922e-06, 1.33562912197e-06, 1.15854913929e-06, 1.04309708604e-06, 1.14880140245e-06, 1.03760714865e-06, 9.10944834231e-07], "dvar": [3.85455086871e-06, 2.45470050686e-06, 3.28854753207e-07, 1.18454785536e-07, 5.71190916787e-08, 7.64243779372e-08, 6.11061352629e-08, 4.16751575472e-08, 1.1310414294e-07, 1.02064461771e-07, 1.15780224519e-07, 1.34693848963e-07, 9.35272979063e-08, 7.00345381688e-08, 3.71856891945e-08, 2.25264056297e-08, 3.26538867057e-08, 1.74210814663e-08, 1.11489981691e-08, 5.45458478385e-09, 6.49214904058e-09, 2.05517713958e-09, 1.42084000121e-09, 4.19221629633e-10, 2.27098145844e-10, 9.51454331988e-11, 3.19060403098e-11, 2.70664792662e-11, 1.78880816409e-11, 6.06020095217e-12, 5.36284862004e-12, 3.08656594207e-12, 5.22660170352e-12, 3.34867138359e-12, 1.93585317047e-12, 1.53752889327e-12, 1.470061811e-12, 3.520855699e-12, 2.16570446472e-12, 2.43918123546e-12], "dvar2": [7.7084532677e-06, 6.36223558104e-06, 8.34992704313e-07, 3.09813970034e-07, 1.35843365001e-07, 1.737341222e-07, 1.43127266483e-07, 9.27445640286e-08, 2.74876867934e-07, 2.33607323707e-07, 2.55498065371e-07, 3.32623045551e-07, 2.10127524269e-07, 1.57491584218e-07, 7.9117704388e-08, 5.00590076058e-08, 6.93095643101e-08, 4.00355020247e-08, 2.56496353046e-08, 1.26477672779e-08, 1.51970738216e-08, 3.72400088544e-09, 3.74049946572e-09, 1.06995357019e-09, 5.60007096251e-10, 2.36076352911e-10, 8.02495916941e-11, 6.47050815705e-11, 4.55633031304e-11, 1.62603645826e-11, 1.49576340897e-11, 8.20663589168e-12, 1.39526766876e-11, 8.85579543725e-12, 5.12688329291e-12, 3.9741825282e-12, 3.62580711982e-12, 8.54105501602e-12, 4.6330504537e-12, 5.78372115825e-12], "max": [0.0154866110533, 0.0157808847725, 0.0114686498418, 0.0078657399863, 0.00508240330964, 0.00681095989421, 0.00581506546587, 0.0098630124703, 0.00954382959753, 0.00662837643176, 0.00956400018185, 0.00867826957256, 0.00885479245335, 0.00739776249975, 0.00580446049571, 0.00321123027243, 0.00583331147209, 0.00484793819487, 0.00318660889752, 0.00250910921022, 0.00213813106529, 0.00308300741017, 0.00122804706916, 0.000460463721538, 0.0004768432118, 0.000247881573159, 0.000151049185661, 0.000116987044748, 0.000147527767695, 6.30659269518e-05, 5.21543588548e-05, 5.1673156122e-05, 8.32175574033e-05, 5.17506778124e-05, 2.72285597021e-05, 2.59685493802e-05, 4.03719204769e-05, 9.90051048575e-05, 6.83216421749e-05, 7.31975087547e-05], "mean": [0.00104953825939, 0.00101883639582, 0.000750139646698, 0.000430295447586, 0.000319885642966, 0.000266321992967, 0.000279764877632, 0.000158273600391, 0.00025066305534, 0.000189124621102, 0.000207328572287, 0.00020180332649, 0.000123052988783, 0.000138827832416, 0.000112152229121, 9.39654273679e-05, 9.45305873756e-05, 6.82109748595e-05, 5.4156909755e-05, 3.97065741709e-05, 4.23091951234e-05, 2.29534016398e-05, 2.04408352147e-05, 1.83979664143e-05, 1.19566093417e-05, 9.74285103439e-06, 6.26891369393e-06, 5.45865304957e-06, 3.88920443584e-06, 2.27885857385e-06, 2.25690928346e-06, 1.8124159169e-06, 1.91902836377e-06, 1.79843993919e-06, 1.55091947818e-06, 1.36791732075e-06, 1.19760602502e-06, 1.31632623379e-06, 1.14157353437e-06, 9.67027403931e-07], "median": [0.000252657482633, 0.000497518805787, 0.000494550564326, 0.000249100703513, 0.000186842677067, 0.000118591175124, 0.000122778888908, 7.76343877078e-05, 8.72530290508e-05, 6.38834826532e-05, 7.22737459e-05, 5.01597751281e-05, 2.35729130509e-05, 3.4062024497e-05, 3.09969291266e-05, 2.93584325846e-05, 2.57377123489e-05, 1.75414043042e-05, 1.67714642885e-05, 1.18703492262e-05, 1.08402655314e-05, 7.68687095842e-06, 5.68302129977e-06, 6.37365337752e-06, 4.03399917559e-06, 3.68457176592e-06, 2.47386606134e-06, 2.03371200769e-06, 1.40795589232e-06, 9.48947501911e-07, 8.44252213028e-07, 6.94897892117e-07, 6.73168301546e-07, 7.090895906e-07, 7.15080716418e-07, 6.07819799825e-07, 5.60529997529e-07, 5.67000256524e-07, 5.42528312053e-07, 4.35516568587e-07], "min": [9.8966939295e-25, 7.50314498986e-25, 7.33735453076e-25, 4.54501717505e-25, 1.68435135014e-24, 1.8135509892e-24, 1.04959955035e-24, 9.85185408957e-25, 2.51033545791e-24, 2.68491984257e-24, 2.20747597918e-24, 2.19302818892e-24, 3.38052851411e-24, 1.94819002141e-24, 2.64977963912e-24, 2.78075638458e-24, 2.79649652622e-24, 3.13643858117e-24, 3.21108986914e-24, 4.00763309628e-24, 4.10515957557e-24, 3.60981645824e-24, 4.15683233144e-24, 3.2463726592e-24, 4.1896126575e-24, 3.52717815082e-24, 4.40017067715e-24, 5.19045547631e-24, 6.15703254398e-24, 5.97062747309e-24, 5.61293427283e-24, 5.41924486034e-24, 5.98028904703e-24, 5.67145236921e-24, 5.39267839164e-24, 5.62231067355e-24, 5.83206602724e-24, 5.79383901106e-24, 5.81831420951e-24, 6.73936808649e-24], "var": [5.02201010022e-06, 2.59245575762e-06, 7.54045686335e-07, 2.72656137668e-07, 1.77244245947e-07, 2.07285353326e-07, 2.20187885702e-07, 8.20492545017e-08, 2.22593655508e-07, 1.75583693363e-07, 2.38509045403e-07, 2.51795626127e-07, 1.8727301665e-07, 1.66326458384e-07, 8.60917452883e-08, 4.76633132962e-08, 7.76252306878e-08, 4.08269436036e-08, 2.03620569295e-08, 1.05036290776e-08, 1.50661794152e-08, 6.85085499441e-09, 3.55205642677e-09, 1.11754461241e-09, 5.5862364734e-10, 2.46279885374e-10, 9.13722847384e-11, 8.37193925296e-11, 4.54035697928e-11, 1.23101060595e-11, 1.23440077604e-11, 7.97012282561e-12, 9.83731238829e-12, 7.70306648329e-12, 4.68968830783e-12, 4.30794332498e-12, 3.20619507506e-12, 6.64382351218e-12, 5.31850561855e-12, 4.85686057344e-12]}, "melbands_crest": {"dmean": 2.99137830734, "dmean2": 4.69436645508, "dvar": 8.02612304688, "dvar2": 18.4374275208, "max": 37.3815422058, "mean": 12.7233057022, "median": 11.8536014557, "min": 1.54326474667, "var": 24.9455718994}, "melbands_flatness_db": {"dmean": 0.0224852599204, "dmean2": 0.0336848273873, "dvar": 0.000627342320513, "dvar2": 0.00135888822842, "max": 0.475965708494, "mean": 0.177329853177, "median": 0.169770762324, "min": 0.00315388827585, "var": 0.00386320916004}, "melbands_kurtosis": {"dmean": 5.79480791092, "dmean2": 9.03429889679, "dvar": 240.282577515, "dvar2": 567.822875977, "max": 396.480865479, "mean": 10.8939619064, "median": 4.44249010086, "min": -1.7693310976, "var": 542.002319336}, "melbands_skewness": {"dmean": 0.644071877003, "dmean2": 0.959542632103, "dvar": 0.608482003212, "dvar2": 1.29612183571, "max": 16.4950561523, "mean": 2.1166164875, "median": 1.82193982601, "min": -1.53390395641, "var": 2.6661901474}, "melbands_spread": {"dmean": 6.07498931885, "dmean2": 9.30673408508, "dvar": 46.7041473389, "dvar2": 104.234550476, "max": 219.103866577, "mean": 26.2065887451, "median": 23.6745529175, "min": 0.653960764408, "var": 322.250793457}, "mfcc": {"cov": [[9088.92382812, 611.932006836, -806.480834961, 7.78993463516, 71.7850494385, 30.5777397156, 124.741508484, 113.036643982, -23.225528717, 113.614448547, -38.927318573, -126.838554382, -36.5897026062], [611.932006836, 968.710754395, 68.3207321167, 32.6134033203, 146.787322998, 40.6600837708, 62.9935150146, 35.9624023438, 28.9088306427, 50.8952674866, 30.9417591095, 8.31403160095, -2.1202776432], [-806.480834961, 68.3207321167, 817.541687012, 206.514190674, 69.0327453613, 95.6168136597, 7.78486585617, 44.413269043, 90.3481826782, -4.76991224289, 43.0218467712, 65.1713104248, -16.8566741943], [7.78993463516, 32.6134033203, 206.514190674, 322.078948975, 128.910018921, 65.6080093384, 37.8460159302, 72.1017150879, 46.3590316772, 16.3076763153, 4.32880067825, 22.702009201, -1.6395676136], [71.7850494385, 146.787322998, 69.0327453613, 128.910018921, 238.740859985, 81.1971664429, 66.3274230957, 62.0886993408, 52.6093788147, 32.11353302, 14.8086471558, 2.35503292084, 2.96516990662], [30.5777397156, 40.6600837708, 95.6168136597, 65.6080093384, 81.1971664429, 206.335128784, 100.174247742, 49.1375083923, 30.9346561432, 47.0546569824, 28.9777908325, 10.4018478394, 9.17185211182], [124.741508484, 62.9935150146, 7.78486585617, 37.8460159302, 66.3274230957, 100.174247742, 164.771102905, 69.8183288574, 16.6181488037, 49.0893630981, 28.0683746338, -0.255017071962, 11.9009599686], [113.036643982, 35.9624023438, 44.413269043, 72.1017150879, 62.0886993408, 49.1375083923, 69.8183288574, 126.979957581, 67.2711105347, 23.4703369141, 9.89563465118, 9.51957035065, 1.88779473305], [-23.225528717, 28.9088306427, 90.3481826782, 46.3590316772, 52.6093788147, 30.9346561432, 16.6181488037, 67.2711105347, 115.624900818, 42.4707336426, 9.64745235443, 16.28191185, 7.42798566818], [113.614448547, 50.8952674866, -4.76991224289, 16.3076763153, 32.11353302, 47.0546569824, 49.0893630981, 23.4703369141, 42.4707336426, 106.751708984, 40.0385398865, -3.59504461288, 9.67223262787], [-38.927318573, 30.9417591095, 43.0218467712, 4.32880067825, 14.8086471558, 28.9777908325, 28.0683746338, 9.89563465118, 9.64745235443, 40.0385398865, 84.9745330811, 41.0219192505, 3.29035377502], [-126.838554382, 8.31403160095, 65.1713104248, 22.702009201, 2.35503292084, 10.4018478394, -0.255017071962, 9.51957035065, 16.28191185, -3.59504461288, 41.0219192505, 91.9362869263, 34.3010406494], [-36.5897026062, -2.1202776432, -16.8566741943, -1.6395676136, 2.96516990662, 9.17185211182, 11.9009599686, 1.88779473305, 7.42798566818, 9.67223262787, 3.29035377502, 34.3010406494, 76.8881454468]], "icov": [[0.000134360336233, -9.56304866122e-05, 0.000160868599778, -9.22294930206e-05, 6.78037977195e-05, -4.64158511022e-05, 1.50377718455e-05, -0.00012937647989, 3.04245586449e-05, -8.37784682517e-05, 3.39322650689e-05, 6.82690733811e-05, 7.40668037906e-05], [-9.56304866122e-05, 0.00125644064974, -0.000262252637185, 0.000381759891752, -0.000922022736631, 0.000292182958219, -0.000195072512724, -4.08283494835e-06, 0.000309645751258, -0.00051667552907, 0.000106124622107, -0.000343550957041, 0.000154585708515], [0.000160868599778, -0.000262252637185, 0.0020455357153, -0.00128943892196, 0.000579176587053, -0.00083147699479, 1.08191743493e-05, 0.000843895017169, -0.00190490414388, 0.00127924454864, -0.000959264056291, -0.000366924359696, 0.000772583589423], [-9.22294930206e-05, 0.000381759891752, -0.00128943892196, 0.00531055778265, -0.00257158605382, -8.14510131022e-05, 0.000801506335847, -0.00250439648516, 0.00193159258924, -0.00161826575641, 0.00207624374889, -0.00176233879756, 0.000557828112505], [6.78037977195e-05, -0.000922022736631, 0.000579176587053, -0.00257158605382, 0.00715001532808, -0.00138070841786, -0.00117280439008, 0.000279042200418, -0.00264550675638, 0.00136448140256, -0.00132232531905, 0.00161781709176, -0.000438593531726], [-4.64158511022e-05, 0.000292182958219, -0.00083147699479, -8.14510131022e-05, -0.00138070841786, 0.00796816218644, -0.00402454379946, 0.000369888148271, 6.84186961735e-05, -0.00147535651922, 4.76522291137e-06, -0.000426563987276, -0.000112393572635], [1.50377718455e-05, -0.000195072512724, 1.08191743493e-05, 0.000801506335847, -0.00117280439008, -0.00402454379946, 0.0129123069346, -0.0074265524745, 0.00515517499298, -0.00359441479668, -0.00124713394325, 0.00131586613134, -0.00184923759662], [-0.00012937647989, -4.08283494835e-06, 0.000843895017169, -0.00250439648516, 0.000279042200418, 0.000369888148271, -0.0074265524745, 0.0179395526648, -0.0108878323808, 0.00440160557628, -0.00106490799226, 2.09058980545e-05, 0.00125847372692], [3.04245586449e-05, 0.000309645751258, -0.00190490414388, 0.00193159258924, -0.00264550675638, 6.84186961735e-05, 0.00515517499298, -0.0108878323808, 0.0197755545378, -0.00968829169869, 0.0050642658025, -0.00410047871992, 0.00013068386761], [-8.37784682517e-05, -0.00051667552907, 0.00127924454864, -0.00161826575641, 0.00136448140256, -0.00147535651922, -0.00359441479668, 0.00440160557628, -0.00968829169869, 0.019708417356, -0.0114425448701, 0.00814644899219, -0.00392438191921], [3.39322650689e-05, 0.000106124622107, -0.000959264056291, 0.00207624374889, -0.00132232531905, 4.76522291137e-06, -0.00124713394325, -0.00106490799226, 0.0050642658025, -0.0114425448701, 0.0243330337107, -0.0142387663946, 0.00638366583735], [6.82690733811e-05, -0.000343550957041, -0.000366924359696, -0.00176233879756, 0.00161781709176, -0.000426563987276, 0.00131586613134, 2.09058980545e-05, -0.00410047871992, 0.00814644899219, -0.0142387663946, 0.0230664163828, -0.0106203230098], [7.40668037906e-05, 0.000154585708515, 0.000772583589423, 0.000557828112505, -0.000438593531726, -0.000112393572635, -0.00184923759662, 0.00125847372692, 0.00013068386761, -0.00392438191921, 0.00638366583735, -0.0106203230098, 0.0184581037611]], "mean": [-648.600891113, 112.144462585, 1.83117699623, 4.98958587646, 5.92338609695, 0.123756848276, -0.419769108295, 0.976868867874, -2.2723736763, 1.75142431259, -0.625890493393, -1.97035205364, -2.86882066727]}, "pitch_salience": {"dmean": 0.0669998005033, "dmean2": 0.106815442443, "dvar": 0.00399399688467, "dvar2": 0.00981734879315, "max": 0.842528223991, "mean": 0.552912771702, "median": 0.556774556637, "min": 0.101811617613, "var": 0.0102609861642}, "silence_rate_20dB": {"dmean": 0, "dmean2": 0, "dvar": 0, "dvar2": 0, "max": 1, "mean": 1, "median": 1, "min": 1, "var": 0}, "silence_rate_30dB": {"dmean": 0, "dmean2": 0, "dvar": 0, "dvar2": 0, "max": 1, "mean": 1, "median": 1, "min": 1, "var": 0}, "silence_rate_60dB": {"dmean": 0.0180198419839, "dmean2": 0.0360433347523, "dvar": 0.0176950786263, "dvar2": 0.040013499558, "max": 1, "mean": 0.0681243017316, "median": 0, "min": 0, "var": 0.063481464982}, "spectral_centroid": {"dmean": 199.622589111, "dmean2": 305.356719971, "dvar": 60315.6210938, "dvar2": 139311.078125, "max": 11693.6533203, "mean": 1380.75476074, "median": 1266.77099609, "min": 184.427581787, "var": 1142875.875}, "spectral_complexity": {"dmean": 2.48329615593, "dmean2": 3.86777353287, "dvar": 6.3571844101, "dvar2": 13.6900892258, "max": 48, "mean": 16.6088676453, "median": 17, "min": 0, "var": 61.0951194763}, "spectral_contrast_coeffs": {"dmean": [0.0459153018892, 0.0448407679796, 0.0434602759778, 0.0355085097253, 0.0248440466821, 0.0173754692078], "dmean2": [0.0735897794366, 0.0726030468941, 0.0704166814685, 0.0568590722978, 0.0383600480855, 0.0280063301325], "dvar": [0.00153430830687, 0.00136383378413, 0.00127303483896, 0.000862271990627, 0.00047573397751, 0.000362185761333], "dvar2": [0.00380704784766, 0.00344052445143, 0.00321592809632, 0.0020513064228, 0.00103576376569, 0.000967660802417], "max": [-0.317667484283, -0.385758012533, -0.442495942116, -0.444105118513, -0.555301427841, -0.666725873947], "mean": [-0.637587547302, -0.70487254858, -0.714373528957, -0.733825266361, -0.769264340401, -0.805079638958], "median": [-0.639156699181, -0.705578029156, -0.717769622803, -0.735001683235, -0.773308098316, -0.809562206268], "min": [-0.979982793331, -0.981740176678, -0.977859973907, -0.971052289009, -0.968474924564, -0.96550822258], "var": [0.00787207204849, 0.00566112948582, 0.00602968316525, 0.00569025194272, 0.00382094923407, 0.00156340922695]}, "spectral_contrast_valleys": {"dmean": [0.422407656908, 0.343003749847, 0.344515353441, 0.311317265034, 0.274319499731, 0.310236036777], "dmean2": [0.651339828968, 0.551834583282, 0.541140317917, 0.483321875334, 0.405424356461, 0.395134299994], "dvar": [0.18756736815, 0.105600014329, 0.110426515341, 0.105647705495, 0.098833322525, 0.10791952163], "dvar2": [0.370523273945, 0.247192442417, 0.239322677255, 0.219385057688, 0.202701345086, 0.220001623034], "max": [-5.44114160538, -5.15531253815, -5.22941923141, -5.98339748383, -6.09522819519, -7.86665296555], "mean": [-7.80343103409, -7.15380334854, -7.72021389008, -8.1703004837, -8.10311985016, -9.99531364441], "median": [-7.29382896423, -6.84157848358, -7.39067792892, -7.84345817566, -7.80089139938, -9.75281429291], "min": [-28.5235843658, -27.9751300812, -27.8229618073, -27.6817398071, -27.4564819336, -27.393163681], "var": [5.06632089615, 4.58645963669, 4.52062082291, 4.35286808014, 4.24853467941, 3.55257439613]}, "spectral_decrease": {"dmean": 1.66309055416e-09, "dmean2": 2.34406161148e-09, "dvar": 5.1826765533e-18, "dvar2": 9.58308674695e-18, "max": 1.07516231924e-15, "mean": -5.57555024372e-09, "median": -4.5615067279e-09, "min": -2.4553724387e-08, "var": 1.78682361229e-17}, "spectral_energy": {"dmean": 0.00669099437073, "dmean2": 0.00938340369612, "dvar": 8.06428215583e-05, "dvar2": 0.000148267805343, "max": 0.0977416336536, "mean": 0.0229624863714, "median": 0.0186790768057, "min": 1.00552010638e-20, "var": 0.000299800070934}, "spectral_energyband_high": {"dmean": 0.000263441121206, "dmean2": 0.000383993145078, "dvar": 1.74689290589e-07, "dvar2": 3.93116721398e-07, "max": 0.01216271054, "mean": 0.000656720425468, "median": 0.000345965789165, "min": 6.74112496177e-21, "var": 6.89113505814e-07}, "spectral_energyband_low": {"dmean": 0.00336804054677, "dmean2": 0.00488262530416, "dvar": 5.48719362996e-05, "dvar2": 0.000109385415271, "max": 0.0647165626287, "mean": 0.00663909316063, "median": 0.00352338491939, "min": 1.08686715389e-23, "var": 9.08369547687e-05}, "spectral_energyband_middle_high": {"dmean": 0.00278033572249, "dmean2": 0.00399932079017, "dvar": 2.3240556402e-05, "dvar2": 4.53563261544e-05, "max": 0.0782718732953, "mean": 0.00772212119773, "median": 0.00402243528515, "min": 1.06604082841e-21, "var": 0.000104862774606}, "spectral_energyband_middle_low": {"dmean": 0.00297077535652, "dmean2": 0.00454559922218, "dvar": 1.54979370564e-05, "dvar2": 3.63450453733e-05, "max": 0.0585597865283, "mean": 0.00912224594504, "median": 0.00773345446214, "min": 1.41600254808e-22, "var": 4.78285328427e-05}, "spectral_entropy": {"dmean": 0.179433912039, "dmean2": 0.253347665071, "dvar": 0.0357453040779, "dvar2": 0.0726435482502, "max": 9.82308959961, "mean": 7.57494497299, "median": 7.58710765839, "min": 5.97516441345, "var": 0.194398954511}, "spectral_flux": {"dmean": 0.0222586598247, "dmean2": 0.0333698578179, "dvar": 0.000633904826827, "dvar2": 0.00125782808755, "max": 0.305537074804, "mean": 0.0742762610316, "median": 0.0655033811927, "min": 6.41419625746e-11, "var": 0.00199617980979}, "spectral_kurtosis": {"dmean": 1.20546722412, "dmean2": 1.95442759991, "dvar": 1.76314914227, "dvar2": 4.48600101471, "max": 18.218788147, "mean": 4.44925928116, "median": 4.12527942657, "min": -1.48613893986, "var": 5.78268194199}, "spectral_rms": {"dmean": 0.000649303314276, "dmean2": 0.000888239359483, "dvar": 5.55815290681e-07, "dvar2": 9.41654548114e-07, "max": 0.0097651258111, "mean": 0.00436271214858, "median": 0.00426889769733, "min": 3.13208443556e-12, "var": 3.36907237397e-06}, "spectral_rolloff": {"dmean": 400.257720947, "dmean2": 653.257080078, "dvar": 546109, "dvar2": 1131587.125, "max": 21447.0703125, "mean": 1760.48706055, "median": 1421.19140625, "min": 64.599609375, "var": 5134517}, "spectral_skewness": {"dmean": 0.189857676625, "dmean2": 0.303822487593, "dvar": 0.0417893789709, "dvar2": 0.103565707803, "max": 3.48304438591, "mean": 1.72935390472, "median": 1.7279766798, "min": -0.0708954483271, "var": 0.178815469146}, "spectral_spread": {"dmean": 772905.75, "dmean2": 1046452.9375, "dvar": 820324532224, "dvar2": 1574374080510.0, "max": 42606096, "mean": 5786596.5, "median": 5186508.5, "min": 2251110.5, "var": 13880600297500.0}, "spectral_strongpeak": {"dmean": 0.718946218491, "dmean2": 1.18137264252, "dvar": 1.64415979