{"lowlevel": {"average_loudness": 0.886016368866, "barkbands": {"dmean": [0.000117537718324, 0.00487949186936, 0.00315971206874, 0.000909178168513, 0.00110496312845, 0.000690234242938, 0.000665715662763, 0.000788015429862, 0.00201796973124, 0.00146439753007, 0.000633174902759, 0.000776256434619, 0.000497443194035, 0.000506815849803, 0.000528094300535, 0.000218330955249, 0.000226155374548, 0.000149693296407, 0.000217541120946, 0.000149935251102, 0.000142567660077, 0.000162617885508, 0.000131741573568, 0.000114099901111, 7.65345102991e-05, 6.68763241265e-05, 3.66352287529e-05], "dmean2": [0.000196931985556, 0.00888381898403, 0.00588047225028, 0.00167132692877, 0.00183331046719, 0.00113144516945, 0.00107295042835, 0.00128796265926, 0.00323458039202, 0.00241563748568, 0.00104345090222, 0.00128776580095, 0.000813367019873, 0.000815546663944, 0.000881484476849, 0.000353052746505, 0.00036932414514, 0.000247919524554, 0.000356139411451, 0.000250316370511, 0.000223690381972, 0.000253816338954, 0.000196209075511, 0.000161819698405, 0.000104533733975, 9.94580695988e-05, 5.61032684345e-05], "dvar": [9.19174567571e-08, 0.000230324178119, 9.55289287958e-05, 6.44733472654e-06, 4.41245310867e-06, 2.4483542802e-06, 2.13048019759e-06, 4.36970685769e-06, 2.90571369987e-05, 1.57444119395e-05, 2.07204880098e-06, 3.88360876968e-06, 1.56332646384e-06, 1.58793056926e-06, 1.10632538508e-06, 4.00456741545e-07, 1.35527969292e-07, 7.17031269915e-08, 1.51959383743e-07, 8.2480880792e-08, 7.8006344495e-08, 1.03411210262e-07, 7.3289413649e-08, 4.95693441849e-08, 1.886512635e-08, 4.62847822291e-08, 1.07186650666e-08], "dvar2": [2.30280235769e-07, 0.000641140446533, 0.000273774494417, 1.86145753105e-05, 1.17096969916e-05, 5.82600659982e-06, 5.5983623497e-06, 1.11251038106e-05, 7.70677143009e-05, 4.58567155874e-05, 5.34571154276e-06, 1.03571401269e-05, 4.03831472795e-06, 4.20961714553e-06, 3.0048508961e-06, 1.15428304071e-06, 3.57111360927e-07, 1.93007380744e-07, 3.93072951965e-07, 2.17712610606e-07, 1.88731405615e-07, 2.59803385916e-07, 1.58026409736e-07, 1.02208765895e-07, 3.37354890689e-08, 1.1942724143e-07, 2.56685002142e-08], "max": [0.0025695131626, 0.115919724107, 0.0683046281338, 0.0283069666475, 0.030162487179, 0.0362475179136, 0.040314540267, 0.0480030402541, 0.0872591137886, 0.101749382913, 0.0304383989424, 0.0380967594683, 0.0382850244641, 0.0454331338406, 0.0414323285222, 0.0288196448237, 0.00603616470471, 0.00652748299763, 0.0086708702147, 0.00522294733673, 0.00790979899466, 0.00530604412779, 0.00359025876969, 0.00510608777404, 0.00378601578996, 0.00496327271685, 0.00205265474506], "mean": [0.000101543351775, 0.00335104134865, 0.00228392472491, 0.000807086820714, 0.00145610270556, 0.000965083425399, 0.000972936220933, 0.00104149489198, 0.00285968557, 0.00213424791582, 0.000880477484316, 0.00115296302829, 0.000766861252487, 0.000788948673289, 0.000858219107613, 0.000356736942194, 0.00041307110223, 0.000256615894614, 0.000408575404435, 0.000252417899901, 0.000280069099972, 0.000335746415658, 0.000246140174568, 0.000218195171328, 0.000155054687639, 0.000101604193333, 4.0512142732e-05], "median": [3.11975645673e-06, 0.000319599581417, 0.000402295088861, 0.000177317298949, 0.000697668234352, 0.000303401087876, 0.00038158649113, 0.000221501220949, 0.000511531368829, 0.000549250748008, 0.000316905876389, 0.000415862101363, 0.00033569522202, 0.000357833283488, 0.000397763331421, 0.000183237949386, 0.000226232514251, 0.000156549896928, 0.000246783194598, 0.000138966570375, 0.000139273455716, 0.000203777541174, 0.000129778723931, 0.000106426290586, 5.14888888574e-05, 1.91146900761e-05, 2.78766469819e-06], "min": [5.83656178943e-11, 1.65236088701e-11, 3.61001755832e-13, 5.00247846619e-13, 1.13945680148e-12, 4.7029470162e-13, 2.58213752029e-13, 1.78250155521e-13, 2.41565583725e-13, 2.61196202471e-13, 2.12177497794e-13, 1.54984640573e-13, 1.23901512964e-13, 1.03442319814e-13, 9.5768384271e-14, 6.409933348e-14, 5.00712915141e-13, 4.72608172215e-13, 3.41974820857e-13, 5.81103633095e-13, 5.39790488783e-13, 9.55959270077e-13, 6.98863872588e-13, 1.5274529688e-12, 1.18805573018e-12, 3.24133385063e-12, 2.85046942647e-12], "var": [8.56274766647e-08, 0.000143768425914, 5.49013821001e-05, 4.02898240282e-06, 4.88461864734e-06, 5.32248532181e-06, 3.44966292687e-06, 6.63823766445e-06, 5.16056388733e-05, 2.56877683569e-05, 3.4470058381e-06, 6.48508148515e-06, 2.66363554147e-06, 2.83048962046e-06, 1.84031841854e-06, 4.88362445594e-07, 2.70071780051e-07, 1.03425094267e-07, 2.93182807809e-07, 1.17866086669e-07, 1.69604192024e-07, 1.75737909558e-07, 1.23752471382e-07, 1.00368765743e-07, 6.03528462761e-08, 5.0208598168e-08, 1.18586784836e-08]}, "barkbands_crest": {"dmean": 3.0256857872, "dmean2": 5.01278114319, "dvar": 7.7258515358, "dvar2": 20.4611721039, "max": 25.6627979279, "mean": 8.66596412659, "median": 7.58891963959, "min": 1.95166265965, "var": 18.1469116211}, "barkbands_flatness_db": {"dmean": 0.0223580505699, "dmean2": 0.0350809842348, "dvar": 0.00053501635557, "dvar2": 0.00135600368958, "max": 0.260686814785, "mean": 0.0885898843408, "median": 0.0834246277809, "min": 0.0110922213644, "var": 0.00144072400872}, "barkbands_kurtosis": {"dmean": 2.19589567184, "dmean2": 3.82031369209, "dvar": 21.865272522, "dvar2": 60.941532135, "max": 64.4476165771, "mean": 1.44750165939, "median": 0.286717414856, "min": -1.79287230968, "var": 17.3473796844}, "barkbands_skewness": {"dmean": 0.561841487885, "dmean2": 0.917386412621, "dvar": 0.534621477127, "dvar2": 1.38299489021, "max": 7.47854852676, "mean": 0.94497013092, "median": 0.783108949661, "min": -2.49224758148, "var": 0.756508111954}, "barkbands_spread": {"dmean": 7.48495388031, "dmean2": 11.7810754776, "dvar": 63.8807029724, "dvar2": 151.536254883, "max": 103.811584473, "mean": 28.0671386719, "median": 25.3554382324, "min": 3.55062556267, "var": 207.35546875}, "dissonance": {"dmean": 0.0182502344251, "dmean2": 0.0311725735664, "dvar": 0.000321055704262, "dvar2": 0.000887036090717, "max": 0.5, "mean": 0.471278935671, "median": 0.476898252964, "min": 0.318497031927, "var": 0.000528823700733}, "dynamic_complexity": 3.05030298233, "erbbands": {"dmean": [0.108753070235, 1.2378616333, 3.70203280449, 3.41801285744, 2.45952439308, 4.36515522003, 5.57938194275, 6.19107198715, 7.13101148605, 14.5347824097, 19.4509983063, 43.2338180542, 38.3137893677, 44.2044868469, 32.9493141174, 21.6174068451, 21.3016910553, 23.4985771179, 31.5873317719, 15.5385408401, 10.8051300049, 11.6995029449, 8.44620037079, 8.01141929626, 11.5391254425, 6.81644010544, 6.2598567009, 5.58984613419, 5.79755973816, 5.39414739609, 3.55578660965, 2.82007241249, 1.68090093136, 0.917111933231, 0.541735053062, 0.257370918989, 0.124778315425, 0.0440539009869, 0.00668495660648, 0.000255741266301], "dmean2": [0.189728170633, 2.31568336487, 6.93188714981, 6.30818462372, 4.23428678513, 7.30050802231, 9.62205982208, 9.90546226501, 11.5133428574, 23.3269119263, 31.8749771118, 69.9984893799, 62.2682037354, 71.695930481, 54.4402618408, 35.6092414856, 34.3613739014, 38.0928344727, 52.6199188232, 25.416721344, 17.4103832245, 19.112165451, 13.7005548477, 13.3194026947, 18.6962051392, 11.412987709, 10.1068639755, 8.72014522552, 9.10674667358, 8.26795387268, 5.29124975204, 4.10538244247, 2.36346817017, 1.27513957024, 0.756625056267, 0.362909942865, 0.189435198903, 0.067589327693, 0.0102826924995, 0.000399826385546], "dvar": [0.1024736166, 15.72813797, 135.334838867, 101.126663208, 26.7597560883, 71.5465621948, 189.466140747, 230.850357056, 201.481140137, 1379.60253906, 2630.16601562, 17172.2324219, 10877.9873047, 12624.1445312, 5080.54785156, 2173.16308594, 2593.78735352, 4411.83251953, 4243.17431641, 1415.59838867, 492.304992676, 364.940490723, 200.586975098, 211.384887695, 444.751617432, 189.139144897, 168.16355896, 124.369781494, 133.885848999, 130.736602783, 54.4737129211, 30.4589633942, 10.3839788437, 2.65550732613, 1.0538071394, 0.281173765659, 0.209911003709, 0.0241843983531, 0.000376038020477, 5.1454367167e-07], "dvar2": [0.269985795021, 44.7472686768, 388.011138916, 291.701171875, 73.8670959473, 191.129730225, 527.483947754, 496.917694092, 526.70123291, 3559.87011719, 6962.27246094, 44630.0625, 29157.9453125, 35114.0664062, 13564.9140625, 5781.27246094, 6589.93603516, 12345.0566406, 11611.6376953, 3614.11132812, 1340.00866699, 952.386291504, 533.452514648, 581.2109375, 1117.10742188, 503.544372559, 441.652008057, 293.703033447, 335.823577881, 306.80267334, 121.425735474, 63.4745788574, 22.1647529602, 4.98847150803, 1.99860644341, 0.555566132069, 0.558663249016, 0.0638148486614, 0.000899582984857, 1.24063456042e-06], "max": [2.46949887276, 29.683588028, 84.1232147217, 84.3952789307, 67.3905334473, 106.948738098, 202.034072876, 443.465118408, 324.201599121, 1387.89074707, 1288.53527832, 2746.33935547, 4071.40844727, 2957.36376953, 1343.17919922, 1235.9876709, 1714.91809082, 2498.43139648, 2477.83007812, 1149.44396973, 584.80847168, 342.086578369, 300.646606445, 268.615112305, 513.036499023, 244.034317017, 294.409210205, 394.085083008, 221.8175354, 213.820388794, 96.6885452271, 112.496543884, 72.1312637329, 42.0278587341, 26.0771083832, 10.8577384949, 11.0184698105, 3.22563171387, 0.419942140579, 0.0150065235794], "mean": [0.0793420448899, 0.820392072201, 2.59627652168, 2.80884456635, 2.99755358696, 5.38683366776, 6.42778110504, 9.10304737091, 10.9025259018, 20.6510848999, 26.4846591949, 60.3194465637, 59.9608917236, 67.4588012695, 51.6650657654, 36.0737571716, 35.2935409546, 38.822467804, 52.6771965027, 27.7410850525, 19.8444042206, 22.3623828888, 16.2174968719, 15.2914094925, 21.9779033661, 12.2048034668, 11.3872108459, 10.9053020477, 11.8233442307, 10.5766429901, 6.56409406662, 5.28543519974, 3.11060476303, 1.77169668674, 1.06027257442, 0.46593734622, 0.175272941589, 0.0530859231949, 0.00733908172697, 0.000275335507467], "median": [0.00480839377269, 0.0953336209059, 0.464542090893, 0.658984661102, 1.2663025856, 2.32898688316, 2.37084507942, 2.68363571167, 4.76196098328, 7.55789041519, 7.57220172882, 11.8368339539, 16.8462486267, 22.6328125, 19.5245399475, 17.7055625916, 16.8642959595, 18.862537384, 27.2044067383, 13.62458992, 11.3975372314, 13.3216362, 10.639957428, 9.87351417542, 12.8794822693, 7.12365579605, 5.58845710754, 5.63401985168, 6.93218040466, 6.25989246368, 3.30383419991, 2.56621170044, 1.45253372192, 0.691308379173, 0.306967318058, 0.104144282639, 0.0306601114571, 0.00643949024379, 0.000453784537967, 4.29215288023e-05], "min": [1.14826581576e-09, 1.12400921903e-09, 5.12294318078e-10, 9.49306855347e-10, 3.52025764094e-09, 3.70142716477e-09, 3.40846240121e-09, 3.98036492655e-09, 3.36299432746e-09, 3.82694587131e-09, 5.27891508284e-09, 5.64619329069e-09, 6.9169945327e-09, 8.86380036036e-09, 7.91479326523e-09, 5.1525361755e-09, 5.43903588834e-09, 5.04958030945e-09, 7.47666017986e-09, 2.94877233742e-09, 8.74973515863e-09, 2.707423441e-08, 2.42240059123e-08, 2.3363268653e-08, 1.59273962907e-08, 2.79548668658e-08, 1.84183850394e-08, 2.69428444e-08, 3.98017512282e-08, 2.94150712676e-08, 1.64966706961e-08, 2.76330300863e-08, 2.74392206734e-08, 1.12236069327e-08, 1.25756383085e-08, 1.07868105559e-08, 5.28275334588e-09, 2.11370876357e-09, 3.24294757714e-10, 4.85300584441e-11], "var": [0.0732092633843, 9.18841934204, 77.2328720093, 59.439289093, 25.0737380981, 76.0968475342, 168.693878174, 636.433898926, 363.909667969, 2147.80908203, 3811.52563477, 27434.6425781, 21014.734375, 21593.6582031, 9380.93652344, 3693.1159668, 4717.97851562, 7864.92431641, 6452.39111328, 2392.97558594, 810.439025879, 725.019226074, 347.352844238, 320.091369629, 929.977661133, 271.987182617, 284.055023193, 255.70274353, 232.288848877, 197.30670166, 90.8969268799, 60.7886276245, 20.6290817261, 7.09540605545, 3.24816083908, 0.700287342072, 0.19358330965, 0.0215556435287, 0.000411483604694, 5.26402573087e-07]}, "erbbands_crest": {"dmean": 3.00742387772, "dmean2": 4.96088171005, "dvar": 7.97527360916, "dvar2": 20.8245372772, "max": 30.0048923492, "mean": 9.03409099579, "median": 7.89426231384, "min": 2.37850952148, "var": 20.4887142181}, "erbbands_flatness_db": {"dmean": 0.0198498927057, "dmean2": 0.0282720178366, "dvar": 0.000333213625709, "dvar2": 0.000652025919408, "max": 0.306261211634, "mean": 0.141591414809, "median": 0.139295101166, "min": 0.0367145650089, "var": 0.00181743106805}, "erbbands_kurtosis": {"dmean": 0.909883916378, "dmean2": 1.51357161999, "dvar": 1.50260281563, "dvar2": 4.07174348831, "max": 18.357213974, "mean": 0.449822992086, "median": -0.00424814224243, "min": -1.70733988285, "var": 2.74123048782}, "erbbands_skewness": {"dmean": 0.366763710976, "dmean2": 0.593118131161, "dvar": 0.109260968864, "dvar2": 0.286168307066, "max": 3.74511051178, "mean": 0.495095014572, "median": 0.417239755392, "min": -2.5848429203, "var": 0.403420120478}, "erbbands_spread": {"dmean": 8.62115573883, "dmean2": 13.6061601639, "dvar": 95.411491394, "dvar2": 226.753219604, "max": 130.682540894, "mean": 36.3397483826, "median": 33.5082168579, "min": 3.97684288025, "var": 266.82232666}, "gfcc": {"cov": [[3879.00561523, -534.50982666, 345.63369751, -54.1474723816, 54.1234931946, -42.2911720276, 88.8091888428, 68.565788269, 15.2415971756, 22.5324001312, -137.806518555, -20.7284965515, -58.8770179749], [-534.50982666, 1014.58654785, -198.177581787, 233.376037598, 23.0915374756, 42.2162246704, -67.9506378174, -23.8754348755, 0.00426301918924, -71.1591949463, 35.271030426, -67.6095199585, 1.61044812202], [345.63369751, -198.177581787, 765.387756348, 119.628211975, 219.727935791, -0.673527777195, 44.9744987488, -25.4249954224, -23.1665382385, 29.0737285614, 1.21025836468, 10.6984825134, -13.2149658203], [-54.1474723816, 233.376037598, 119.628211975, 298.713989258, 46.1638450623, 37.7849502563, -37.3729820251, -4.45591449738, -14.9996843338, -13.835360527, 9.87461090088, -23.9941902161, -4.99659061432], [54.1234931946, 23.0915374756, 219.727935791, 46.1638450623, 250.0025177, 65.7881698608, 82.2832717896, 9.30554485321, 9.96929073334, 7.46726989746, -0.753052294254, -5.2470202446, -1.55292010307], [-42.2911720276, 42.2162246704, -0.673527777195, 37.7849502563, 65.7881698608, 167.739883423, 83.1142349243, 29.0375804901, 0.609648108482, 8.71345806122, 15.5251226425, -1.54311954975, -2.18531179428], [88.8091888428, -67.9506378174, 44.9744987488, -37.3729820251, 82.2832717896, 83.1142349243, 181.277496338, 51.972492218, 29.8500137329, 6.97889184952, 7.95468235016, -0.842397153378, -12.0552501678], [68.565788269, -23.8754348755, -25.4249954224, -4.45591449738, 9.30554485321, 29.0375804901, 51.972492218, 97.067237854, 51.1102523804, 22.0191078186, -10.5789728165, -10.4658699036, -3.89164066315], [15.2415971756, 0.00426301918924, -23.1665382385, -14.9996843338, 9.96929073334, 0.609648108482, 29.8500137329, 51.1102523804, 113.990814209, 29.5916652679, 1.86322891712, -13.5480222702, 1.40234100819], [22.5324001312, -71.1591949463, 29.0737285614, -13.835360527, 7.46726989746, 8.71345806122, 6.97889184952, 22.0191078186, 29.5916652679, 78.1936264038, 28.8183307648, 18.0025234222, -1.82597506046], [-137.806518555, 35.271030426, 1.21025836468, 9.87461090088, -0.753052294254, 15.5251226425, 7.95468235016, -10.5789728165, 1.86322891712, 28.8183307648, 96.562538147, 39.101890564, 2.29601264], [-20.7284965515, -67.6095199585, 10.6984825134, -23.9941902161, -5.2470202446, -1.54311954975, -0.842397153378, -10.4658699036, -13.5480222702, 18.0025234222, 39.101890564, 77.9819259644, 28.8262462616], [-58.8770179749, 1.61044812202, -13.2149658203, -4.99659061432, -1.55292010307, -2.18531179428, -12.0552501678, -3.89164066315, 1.40234100819, -1.82597506046, 2.29601264, 28.8262462616, 72.3829040527]], "icov": [[0.000305959401885, 0.000104028680653, -0.000108513013402, -4.32396336691e-05, 5.09812962264e-05, 8.53817764437e-05, -0.00012040011643, -0.000132334331283, 4.73265663459e-06, -5.8268167777e-05, 0.000456803507404, -0.000145067548146, 0.000241985268076], [0.000104028680653, 0.00177327950951, 0.000704922538716, -0.00123827217612, -0.000751500017941, -7.82441857154e-05, 0.000568604562432, 0.000135579277412, -0.000327236542944, 0.00138282228727, -0.00142278370913, 0.00152611581143, -0.000349526759237], [-0.000108513013402, 0.000704922538716, 0.002455804497, -0.00138311833143, -0.0021267470438, 0.00103361625224, -0.000349070498487, 0.000844827212859, 0.000417394796386, -0.000703072932083, -0.000196510765818, 7.67013334553e-05, 0.000171658306499], [-4.32396336691e-05, -0.00123827217612, -0.00138311833143, 0.00545331975445, 0.000131584500195, -0.00174175482243, 0.00209457823075, -0.00137154140975, 0.000458743161289, 0.000644067651592, -0.000757896865252, 0.000901394465473, 1.40742658914e-05], [5.09812962264e-05, -0.000751500017941, -0.0021267470438, 0.000131584500195, 0.00716496119276, -0.00168673752341, -0.0024635582231, 0.000974208931439, -0.000706587394234, -0.000611540162936, 0.00127549131867, -0.000170559054823, -0.000550409778953], [8.53817764437e-05, -7.82441857154e-05, 0.00103361625224, -0.00174175482243, -0.00168673752341, 0.00951535906643, -0.0042723082006, -0.00111236935481, 0.00220973719843, -0.0016983312089, -0.000739035138395, 0.000547287985682, -0.000660763354972], [-0.00012040011643, 0.000568604562432, -0.000349070498487, 0.00209457823075, -0.0024635582231, -0.0042723082006, 0.0109309488907, -0.00438921106979, -0.00129916612059, 0.0034102445934, -0.00234040641226, 1.93782398128e-05, 0.00155070098117], [-0.000132334331283, 0.000135579277412, 0.000844827212859, -0.00137154140975, 0.000974208931439, -0.00111236935481, -0.00438921106979, 0.0175580717623, -0.00580384489149, -0.00407426897436, 0.00371164595708, -5.51492994418e-05, 6.31008006167e-05], [4.73265663459e-06, -0.000327236542944, 0.000417394796386, 0.000458743161289, -0.000706587394234, 0.00220973719843, -0.00129916612059, -0.00580384489149, 0.0135542461649, -0.00439906958491, -0.00126077781897, 0.00382603961043, -0.00221514701843], [-5.8268167777e-05, 0.00138282228727, -0.000703072932083, 0.000644067651592, -0.000611540162936, -0.0016983312089, 0.0034102445934, -0.00407426897436, -0.00439906958491, 0.0199852399528, -0.00621516257524, -0.00199842825532, 0.00170486350544], [0.000456803507404, -0.00142278370913, -0.000196510765818, -0.000757896865252, 0.00127549131867, -0.000739035138395, -0.00234040641226, 0.00371164595708, -0.00126077781897, -0.00621516257524, 0.0181438401341, -0.00990000087768, 0.00336459768005], [-0.000145067548146, 0.00152611581143, 7.67013334553e-05, 0.000901394465473, -0.000170559054823, 0.000547287985682, 1.93782398128e-05, -5.51492994418e-05, 0.00382603961043, -0.00199842825532, -0.00990000087768, 0.0239336099476, -0.0094045875594], [0.000241985268076, -0.000349526759237, 0.000171658306499, 1.40742658914e-05, -0.000550409778953, -0.000660763354972, 0.00155070098117, 6.31008006167e-05, -0.00221514701843, 0.00170486350544, 0.00336459768005, -0.0094045875594, 0.0180067829788]], "mean": [23.7253665924, 50.9614028931, -126.965995789, 17.7756252289, -64.3272628784, 21.1129283905, -34.0842781067, 7.92389059067, -24.2490062714, 1.43192863464, -19.0435295105, 0.87835174799, -13.9934568405]}, "hfc": {"dmean": 9.87979316711, "dmean2": 13.8866672516, "dvar": 208.355361938, "dvar2": 442.70715332, "max": 213.994262695, "mean": 27.722574234, "median": 20.9503250122, "min": 1.5622417493e-07, "var": 610.500915527}, "melbands": {"dmean": [0.00115897750948, 0.00188627443276, 0.00056620669784, 0.000221102134674, 0.000203737057745, 0.000132297776872, 0.000117026029329, 0.000164742872585, 0.000178431000677, 0.00028821171145, 0.000201069080504, 0.000197151122848, 0.000104881488369, 9.53061680775e-05, 4.66754936497e-05, 4.77385074191e-05, 4.45689802291e-05, 5.4119474953e-05, 3.02388561977e-05, 1.67149701156e-05, 1.30434473249e-05, 1.25279984786e-05, 1.24927182696e-05, 7.35051025913e-06, 6.71703082844e-06, 9.98764880933e-06, 6.66744290356e-06, 4.34904995927e-06, 4.5469523684e-06, 3.08574817609e-06, 3.66446397493e-06, 3.46115666616e-06, 3.69741155737e-06, 3.00262991004e-06, 2.35644984059e-06, 1.63245601925e-06, 1.90697892322e-06, 1.30203716253e-06, 9.27849782784e-07, 7.71271629674e-07], "dmean2": [0.00206223875284, 0.00353601598181, 0.00103745947126, 0.000367375847418, 0.000349007052137, 0.000213036415516, 0.000188136677025, 0.000264397793217, 0.000293660996249, 0.00046631260193, 0.000327131798258, 0.000321264640661, 0.000173305015778, 0.000158837356139, 7.55595756345e-05, 7.70458791521e-05, 7.25301215425e-05, 9.02366518858e-05, 4.98062508996e-05, 2.68346393568e-05, 2.11447986658e-05, 2.04788175324e-05, 2.05296255444e-05, 1.21531738841e-05, 1.13289088404e-05, 1.62503165484e-05, 1.09994771265e-05, 7.32561056793e-06, 7.47099647924e-06, 4.91815580972e-06, 5.80141795581e-06, 5.55360657017e-06, 5.86386340728e-06, 4.63606420453e-06, 3.59247724191e-06, 2.44872126132e-06, 2.81447069028e-06, 1.88673129742e-06, 1.32703405598e-06, 1.09465588594e-06], "dvar": [1.23402778627e-05, 3.58393772331e-05, 2.61076638708e-06, 1.36679389584e-07, 2.48676485626e-07, 9.94965745349e-08, 5.24159986526e-08, 1.57918293553e-07, 2.26478107379e-07, 7.0514613526e-07, 2.88777670221e-07, 2.67629303607e-07, 4.91012031034e-08, 6.09358963288e-08, 1.3090901696e-08, 1.5647676932e-08, 1.49821044459e-08, 1.28816077805e-08, 3.80761111529e-09, 3.30873906051e-09, 6.24657436887e-10, 4.56509746671e-10, 4.83407480711e-10, 1.63503571793e-10, 1.62464250386e-10, 3.77975845067e-10, 1.32227548355e-10, 9.24973639349e-11, 9.25700627263e-11, 3.62724364433e-11, 5.16391825134e-11, 4.86109798248e-11, 5.11146368287e-11, 4.08060737978e-11, 2.39260833368e-11, 1.11040412976e-11, 1.4093795575e-11, 6.50023134277e-12, 3.10471071595e-12, 1.91649669225e-12], "dvar2": [3.36151606461e-05, 0.000102663798316, 7.50866229282e-06, 3.57354622338e-07, 6.86720682097e-07, 2.19545782443e-07, 1.36566782771e-07, 4.03173203267e-07, 6.11811969975e-07, 1.83141139587e-06, 7.78468404405e-07, 7.51352899897e-07, 1.30056704961e-07, 1.63972018186e-07, 3.34272058922e-08, 4.05973032969e-08, 4.14817478145e-08, 3.54477229791e-08, 1.00931121239e-08, 8.91123708158e-09, 1.59076074535e-09, 1.19634024909e-09, 1.30948019095e-09, 4.28450303014e-10, 4.52960835506e-10, 9.80533987338e-10, 3.36316779981e-10, 2.45557213452e-10, 2.45539644173e-10, 8.88274245825e-11, 1.23421411979e-10, 1.23114823891e-10, 1.29325189446e-10, 9.4554641894e-11, 5.50946580025e-11, 2.48416703874e-11, 2.98978654334e-11, 1.46490979069e-11, 6.46652046146e-12, 3.73586534971e-12], "max": [0.0275798682123, 0.0442324914038, 0.0140949292108, 0.00451448420063, 0.00750741129741, 0.0087826391682, 0.00462896190584, 0.0135420933366, 0.00977070257068, 0.0174984894693, 0.0201490856707, 0.0130609944463, 0.00478188646957, 0.00487797148526, 0.0040172948502, 0.00299452571198, 0.00430451333523, 0.00408115657046, 0.00174688140396, 0.00293357949704, 0.000504672061652, 0.000360888021532, 0.00057426316198, 0.000160625029821, 0.000252921949141, 0.000513600476552, 0.000230196601478, 0.00020605638565, 0.000244328082772, 0.000156374255312, 0.000237647109316, 0.00016520783538, 0.000128285755636, 0.000106498715468, 7.54698339733e-05, 4.06160870625e-05, 9.49445893639e-05, 6.17084515397e-05, 4.70976119686e-05, 3.78685108444e-05], "mean": [0.000823272042908, 0.00130055798218, 0.000493478844874, 0.000299937557429, 0.000239436718402, 0.000193339554244, 0.000177988709765, 0.000230833757087, 0.000232270627748, 0.0004059249477, 0.000305761554046, 0.000288970564725, 0.000156389229232, 0.00014218884462, 7.57883826736e-05, 7.42590782465e-05, 6.95633862051e-05, 8.67568742251e-05, 5.05751813762e-05, 2.68500862148e-05, 2.19411540456e-05, 2.21384125325e-05, 2.10609268834e-05, 1.21550792755e-05, 1.14878012027e-05, 1.80798506335e-05, 1.1746877135e-05, 6.9728635026e-06, 7.63722528063e-06, 5.44671183889e-06, 6.63008859192e-06, 6.46137777949e-06, 7.01924227542e-06, 5.38468930245e-06, 4.07667948821e-06, 2.81719280792e-06, 3.40024871548e-06, 2.28037129091e-06, 1.66605730101e-06, 1.42620717725e-06], "median": [6.83888574713e-05, 0.000233662314713, 0.000137230279506, 0.000146081423736, 9.36115902732e-05, 5.82793363719e-05, 7.64915166656e-05, 7.63553834986e-05, 5.70251431782e-05, 7.02518154867e-05, 8.11261998024e-05, 8.434283518e-05, 5.70063530176e-05, 4.52762833447e-05, 3.53605173586e-05, 3.37488745572e-05, 3.06572364934e-05, 4.31289190601e-05, 2.34949093283e-05, 1.20264303405e-05, 1.20782679005e-05, 1.26008417283e-05, 1.12902753244e-05, 7.0706319093e-06, 6.73128306516e-06, 1.01203495433e-05, 6.81156006976e-06, 3.54991152562e-06, 3.40570250046e-06, 2.66108008873e-06, 3.31391902364e-06, 3.55629890691e-06, 4.13274256061e-06, 3.04140985463e-06, 1.92622246686e-06, 1.3741383782e-06, 1.56254577632e-06, 1.08326435111e-06, 6.75791170579e-07, 5.45219961623e-07], "min": [1.02530674922e-11, 1.41782514006e-13, 2.41316786432e-13, 2.6519327641e-13, 1.29400261123e-13, 8.89928186481e-14, 5.36010919352e-14, 3.680949046e-14, 4.47997385987e-14, 3.45867303168e-14, 3.68738683522e-14, 3.84445384869e-14, 2.67323699797e-14, 2.06605684573e-14, 1.00300254484e-14, 1.27842547204e-14, 7.8779934033e-15, 1.35488247751e-14, 4.06174575175e-15, 2.75446030019e-15, 1.25631384636e-14, 2.90261961873e-14, 2.23132940618e-14, 2.43228424597e-14, 1.85396064277e-14, 1.20568101198e-14, 1.16490823403e-14, 2.16191827488e-14, 1.10758223001e-14, 1.33728621506e-14, 1.53887963299e-14, 2.12157731433e-14, 2.00832680699e-14, 1.59699541053e-14, 7.96777889571e-15, 1.42298350295e-14, 1.59904811018e-14, 2.36772746049e-14, 8.16242960808e-15, 9.87331418879e-15], "var": [8.1911775851e-06, 2.0471516109e-05, 1.57161139214e-06, 1.74893045823e-07, 2.20806725792e-07, 2.62347953139e-07, 9.54289447463e-08, 2.51979798804e-07, 3.20159671219e-07, 1.19577634905e-06, 5.52073004201e-07, 4.47009597337e-07, 8.69097860345e-08, 1.03515780836e-07, 2.26010090643e-08, 2.74281148904e-08, 2.70945115233e-08, 1.9013192798e-08, 7.16996684247e-09, 4.12600575928e-09, 1.01918984363e-09, 8.05448430174e-10, 8.57022841583e-10, 2.54391785415e-10, 2.25544624644e-10, 6.87519430276e-10, 2.51262344264e-10, 1.21020762855e-10, 1.42490297339e-10, 7.05045327676e-11, 1.01589348045e-10, 7.93734244997e-11, 8.08375033579e-11, 5.87865311985e-11, 3.79232235892e-11, 1.77037325771e-11, 2.82591675754e-11, 1.14403677504e-11, 6.56249490513e-12, 4.8221327105e-12]}, "melbands_crest": {"dmean": 3.77910280228, "dmean2": 6.17000675201, "dvar": 11.2448921204, "dvar2": 27.6822605133, "max": 36.4825630188, "mean": 11.8651132584, "median": 10.8216457367, "min": 2.77134013176, "var": 26.1544914246}, "melbands_flatness_db": {"dmean": 0.0285078845918, "dmean2": 0.0449949763715, "dvar": 0.00106097734533, "dvar2": 0.00261676171795, "max": 0.355243623257, "mean": 0.129823863506, "median": 0.123881623149, "min": 0.0156783629209, "var": 0.00221249251626}, "melbands_kurtosis": {"dmean": 6.64526319504, "dmean2": 11.6733627319, "dvar": 312.531921387, "dvar2": 862.167297363, "max": 270.699890137, "mean": 6.97743082047, "median": 3.27555394173, "min": -1.7916418314, "var": 228.909561157}, "melbands_skewness": {"dmean": 0.80191385746, "dmean2": 1.31083488464, "dvar": 1.49277091026, "dvar2": 3.82214212418, "max": 14.1045427322, "mean": 1.75840854645, "median": 1.4348487854, "min": -1.587906003, "var": 1.94330513477}, "melbands_spread": {"dmean": 10.3450527191, "dmean2": 16.4809074402, "dvar": 120.10660553, "dvar2": 279.294250488, "max": 232.435440063, "mean": 33.9312896729, "median": 31.6714820862, "min": 1.78152453899, "var": 324.592285156}, "mfcc": {"cov": [[3407.76293945, -297.443023682, 49.4877624512, 18.8909664154, -64.9183197021, -47.4086112976, -37.9498443604, 32.9319000244, 101.175804138, 69.9884414673, -17.2124233246, -24.3294658661, -38.8447761536], [-297.443023682, 580.874145508, -33.6190071106, 88.5384368896, 92.3786773682, 40.1317481995, 18.2914409637, 17.7769126892, -20.6781272888, -7.86725330353, 13.6800489426, -12.526725769, -6.76622915268], [49.4877624512, -33.6190071106, 415.493865967, 149.624465942, 116.349601746, 49.3670578003, 51.1968040466, -18.7462310791, -4.8720331192, -16.9299163818, -8.1624879837, 28.4265785217, 14.1060295105], [18.8909664154, 88.5384368896, 149.624465942, 227.546127319, 103.957252502, 30.1480979919, 11.6593017578, -0.657478928566, -3.4920630455, -1.95570266247, -9.38685894012, 0.667446315289, 8.5048828125], [-64.9183197021, 92.3786773682, 116.349601746, 103.957252502, 182.707443237, 61.3456497192, 35.0646972656, -0.960208058357, 17.0920028687, 1.25721871853, -4.81251764297, 10.9884805679, 10.977971077], [-47.4086112976, 40.1317481995, 49.3670578003, 30.1480979919, 61.3456497192, 128.273010254, 86.126121521, 31.1051006317, 15.9565219879, 1.47915613651, 9.37031173706, 19.0057983398, 4.3816204071], [-37.9498443604, 18.2914409637, 51.1968040466, 11.6593017578, 35.0646972656, 86.126121521, 158.891983032, 51.0299491882, 19.6727180481, -2.40772342682, 15.3431863785, 27.699420929, 10.4279346466], [32.9319000244, 17.7769126892, -18.7462310791, -0.657478928566, -0.960208058357, 31.1051006317, 51.0299491882, 93.0444335938, 39.6468925476, 20.9241333008, 22.2532272339, 5.95476150513, 0.210883900523], [101.175804138, -20.6781272888, -4.8720331192, -3.4920630455, 17.0920028687, 15.9565219879, 19.6727180481, 39.6468925476, 117.040802002, 52.5992240906, 14.2415599823, 6.95012760162, -16.2177963257], [69.9884414673, -7.86725330353, -16.9299163818, -1.95570266247, 1.25721871853, 1.47915613651, -2.40772342682, 20.9241333008, 52.5992240906, 91.1789703369, 36.7917861938, 10.3144044876, -6.96208286285], [-17.2124233246, 13.6800489426, -8.1624879837, -9.38685894012, -4.81251764297, 9.37031173706, 15.3431863785, 22.2532272339, 14.2415599823, 36.7917861938, 83.4231414795, 32.2923240662, 9.58579063416], [-24.3294658661, -12.526725769, 28.4265785217, 0.667446315289, 10.9884805679, 19.0057983398, 27.699420929, 5.95476150513, 6.95012760162, 10.3144044876, 32.2923240662, 82.5111541748, 33.3592529297], [-38.8447761536, -6.76622915268, 14.1060295105, 8.5048828125, 10.977971077, 4.3816204071, 10.4279346466, 0.210883900523, -16.2177963257, -6.96208286285, 9.58579063416, 33.3592529297, 72.2220611572]], "icov": [[0.000323708372889, 0.000150587002281, -4.86711178382e-05, -0.00012294271437, 0.000122214507428, 5.61733213544e-05, 6.12694129813e-05, -0.000121047225548, -0.000187844212633, -0.000158820126671, 0.000118250660307, 4.98517765664e-05, 8.55083417264e-05], [0.000150587002281, 0.00224083592184, 0.000763585267123, -0.000880545412656, -0.00114342058077, -0.000160996089107, -1.55217567226e-05, -0.00047561750398, 0.000662059464958, 0.000224670569878, -0.000676782568917, 0.000317807338433, 0.000546042690985], [-4.86711178382e-05, 0.000763585267123, 0.00392028735951, -0.00216630310751, -0.00144823244773, 2.49848781095e-05, -0.00111336889677, 0.00112812593579, 0.000141468190122, 0.000647739390843, -0.000166040394106, -0.000972525624093, 0.000476310553495], [-0.00012294271437, -0.000880545412656, -0.00216630310751, 0.00739640463144, -0.00267684878781, 5.87747854297e-05, 0.000879012979567, -0.001096728025, 0.000847100571264, -0.00082338572247, 0.000756303023081, 0.000618567632046, -0.000592153286561], [0.000122214507428, -0.00114342058077, -0.00144823244773, -0.00267684878781, 0.0100177749991, -0.00353392609395, 0.000212303260923, 0.00187496782746, -0.00236766925082, -0.000100178098364, 0.000756405410357, 0.000184698859812, -0.00151479954366], [5.61733213544e-05, -0.000160996089107, 2.49848781095e-05, 5.87747854297e-05, -0.00353392609395, 0.0142541527748, -0.00643724249676, -0.00129744911101, 0.000268790143309, -6.7116561695e-05, 3.75713207177e-05, -0.00106969918124, 0.00115195172839], [6.12694129813e-05, -1.55217567226e-05, -0.00111336889677, 0.000879012979567, 0.000212303260923, -0.00643724249676, 0.0119940657169, -0.0047607049346, -0.000299873878248, 0.00169866043143, -0.000141480122693, -0.00187348097097, -0.000233628728893], [-0.000121047225548, -0.00047561750398, 0.00112812593579, -0.001096728025, 0.00187496782746, -0.00129744911101, -0.0047607049346, 0.0168872456998, -0.00492718210444, -6.03990520176e-06, -0.00317088840529, 0.00219087162986, -0.00146716693416], [-0.000187844212633, 0.000662059464958, 0.000141468190122, 0.000847100571264, -0.00236766925082, 0.000268790143309, -0.000299873878248, -0.00492718210444, 0.0145181305707, -0.00744465831667, 0.00229808967561, -0.0018346485449, 0.00331974308938], [-0.000158820126671, 0.000224670569878, 0.000647739390843, -0.00082338572247, -0.000100178098364, -6.7116561695e-05, 0.00169866043143, -6.03990520176e-06, -0.00744465831667, 0.0186146982014, -0.00749622657895, 0.000173566615558, 0.000717599643394], [0.000118250660307, -0.000676782568917, -0.000166040394106, 0.000756303023081, 0.000756405410357, 3.75713207177e-05, -0.000141480122693, -0.00317088840529, 0.00229808967561, -0.00749622657895, 0.0184757262468, -0.00639898562804, 0.000152878608787], [4.98517765664e-05, 0.000317807338433, -0.000972525624093, 0.000618567632046, 0.000184698859812, -0.00106969918124, -0.00187348097097, 0.00219087162986, -0.0018346485449, 0.000173566615558, -0.00639898562804, 0.0190185587853, -0.00785594899207], [8.55083417264e-05, 0.000546042690985, 0.000476310553495, -0.000592153286561, -0.00151479954366, 0.00115195172839, -0.000233628728893, -0.00146716693416, 0.00331974308938, 0.000717599643394, 0.000152878608787, -0.00785594899207, 0.0185414161533]], "mean": [-617.931518555, 89.2046432495, -7.96865749359, 2.20128655434, -5.81475687027, 7.17839956284, -0.881850421429, 6.27095651627, -1.38316404819, 2.83247089386, 0.352246999741, -5.87413549423, -2.54168820381]}, "pitch_salience": {"dmean": 0.0762590765953, "dmean2": 0.125531464815, "dvar": 0.00460241641849, "dvar2": 0.0122969737276, "max": 0.86129373312, "mean": 0.578118562698, "median": 0.587333023548, "min": 0.0642137601972, "var": 0.0107097942382}, "silence_rate_20dB": {"dmean": 0, "dmean2": 0, "dvar": 0, "dvar2": 0, "max": 1, "mean": 1, "median": 1, "min": 1, "var": 0}, "silence_rate_30dB": {"dmean": 0.00691715162247, "dmean2": 0.0138364778832, "dvar": 0.00686960062012, "dvar2": 0.0189902689308, "max": 1, "mean": 0.995756030083, "median": 1, "min": 0, "var": 0.00422564381734}, "silence_rate_60dB": {"dmean": 0.041188493371, "dmean2": 0.0822327062488, "dvar": 0.0394899919629, "dvar2": 0.0861694738269, "max": 1, "mean": 0.0721471235156, "median": 0, "min": 0, "var": 0.0669476166368}, "spectral_centroid": {"dmean": 286.330780029, "dmean2": 451.708221436, "dvar": 73813.1875, "dvar2": 172168.234375, "max": 5138.24316406, "mean": 1731.15124512, "median": 1677.54492188, "min": 437.54083252, "var": 279795.78125}, "spectral_complexity": {"dmean": 4.4071688652, "dmean2": 6.39433956146, "dvar": 25.4840106964, "dvar2": 46.4718933105, "max": 60, "mean": 21.3487892151, "median": 21, "min": 0, "var": 97.9783401489}, "spectral_contrast_coeffs": {"dmean": [0.0573713071644, 0.0519307404757, 0.0441682636738, 0.0337967909873, 0.0231766346842, 0.0176744051278], "dmean2": [0.0954254940152, 0.0849511399865, 0.0713422596455, 0.0544933490455, 0.0365524329245, 0.028235014528], "dvar": [0.00213993922807, 0.00172554235905, 0.00131674401928, 0.000726865953766, 0.000365045765648, 0.000275114027318], "dvar2": [0.00580691592768, 0.00446787849069, 0.00325278914534, 0.00179817317985, 0.00082773208851, 0.000732130894903], "max": [-0.34489428997, -0.414859443903, -0.445400625467, -0.539679765701, -0.599770009518, -0.641609549522], "mean": [-0.660384893417, -0.745090067387, -0.740304350853, -0.764974713326, -0.77852332592, -0.763464510441], "median": [-0.664085149765, -0.754046976566, -0.755606949329, -0.769611060619, -0.783851981163, -0.763891935349], "min": [-0.939350903034, -0.966052770615, -0.951117753983, -0.936513841152, -0.930277585983, -0.910462617874], "var": [0.00614044070244, 0.00563467247412, 0.00667328387499, 0.00284177204594, 0.00182922463864, 0.00105474155862]}, "spectral_contrast_valleys": {"dmean": [0.553273499012, 0.412957489491, 0.340914040804, 0.295210570097, 0.268890082836, 0.280889540911], "dmean2": [0.857704639435, 0.650348782539, 0.524306952953, 0.439102113247, 0.395170003176, 0.317410767078], "dvar": [0.285419613123, 0.169194787741, 0.108092069626, 0.0907683223486, 0.118574097753, 0.104534097016], "dvar2": [0.586523532867, 0.362215310335, 0.211974546313, 0.162876367569, 0.23324996233, 0.141160905361], "max": [-4.83734083176, -4.6117682457, -5.22870635986, -5.83873653412, -5.39199304581, -7.64174985886], "mean": [-7.77190732956, -6.83528614044, -6.96354675293, -7.39417028427, -7.3698091507, -9.50139808655], "median": [-7.79002475739, -6.80353832245, -6.93253803253, -7.34502983093, -7.33223390579, -9.46923446655], "min": [-19.3782939911, -18.1876544952, -17.6648464203, -18.5106258392, -16.9736213684, -18.3716697693], "var": [0.80201292038, 0.481401830912, 0.416714012623, 0.394599676132, 0.416751027107, 0.541264712811]}, "spectral_decrease": {"dmean": 3.54087070775e-09, "dmean2": 6.0241078792e-09, "dvar": 5.13935718734e-17, "dvar2": 1.41164128709e-16, "max": -2.12492855916e-17, "mean": -5.55632073684e-09, "median": -3.55456197809e-09, "min": -5.34251363149e-08, "var": 4.54702076075e-17}, "spectral_energy": {"dmean": 0.0140882097185, "dmean2": 0.0236825514585, "dvar": 0.000759333313908, "dvar2": 0.00207785819657, "max": 0.208301708102, "mean": 0.0234853830189, "median": 0.0154583994299, "min": 9.43699354772e-11, "var": 0.000718130730093}, "spectral_energyband_high": {"dmean": 0.000636499200482, "dmean2": 0.000864856643602, "dvar": 1.44781222389e-06, "dvar2": 2.86588101517e-06, "max": 0.0213378332555, "mean": 0.00148932018783, "median": 0.000815830659121, "min": 1.12539786518e-11, "var": 3.54552639692e-06}, "spectral_energyband_low": {"dmean": 0.00840102694929, "dmean2": 0.0152583150193, "dvar": 0.000660356425215, "dvar2": 0.00184482848272, "max": 0.189769655466, "mean": 0.00621689064428, "median": 0.00118166767061, "min": 4.40870881468e-11, "var": 0.000408549123676}, "spectral_energyband_middle_high": {"dmean": 0.00320520834066, "dmean2": 0.00501301884651, "dvar": 2.51974706771e-05, "dvar2": 6.76607087371e-05, "max": 0.139346271753, "mean": 0.00796556472778, "median": 0.00553318392485, "min": 2.5172444424e-12, "var": 6.84527476551e-05}, "spectral_energyband_middle_low": {"dmean": 0.00477238511667, "dmean2": 0.00774328783154, "dvar": 5.68062750972e-05, "dvar2": 0.000148949897266, "max": 0.110002145171, "mean": 0.00842435192317, "median": 0.00517958775163, "min": 3.25958942997e-12, "var": 9.68872773228e-05}, "spectral_entropy": {"dmean": 0.134515300393, "dmean2": 0.193786740303, "dvar": 0.0147935571149, "dvar2": 0.030129943043, "max": 8.81517028809, "mean": 7.89736795425, "median": 7.89955329895, "min": 6.64199829102, "var": 0.0825767889619}, "spectral_flux": {"dmean": 0.0326631404459, "dmean2": 0.0512391850352, "dvar": 0.00278496253304, "dvar2": 0.00519578205422, "max": 0.424382448196, "mean": 0.0931087359786, "median": 0.0749787017703, "min": 6.04142769589e-05, "var": 0.00449934601784}, "spectral_kurtosis": {"dmean": 0.761249423027, "dmean2": 1.24533450603, "dvar": 0.617885708809, "dvar2": 1.66997349262, "max": 13.1964111328, "mean": 3.00881004333, "median": 2.8327896595, "min": -0.832503795624, "var": 1.782304883}, "spectral_rms": {"dmean": 0.00116970308591, "dmean2": 0.00183697347529, "dvar": 3.01888871945e-06, "dvar2": 7.75830994826e-06, "max": 0.0142555665225, "mean": 0.00425617210567, "median": 0.00388347310945, "min": 3.03427469817e-07, "var": 4.7975513553e-06}, "spectral_rolloff": {"dmean": 846.97442627, "dmean2": 1359.40393066, "dvar": 1453245.625, "dvar2": 3188394.75, "max": 15008.6425781, "mean": 2484.74438477, "median": 1830.32226562, "min": 21.533203125, "var": 3515855.25}, "spectral_skewness": {"dmean": 0.139354050159, "dmean2": 0.224944993854, "dvar": 0.0181582607329, "dvar2": 0.0465589500964, "max": 2.99644446373, "mean": 1.39747273922, "median": 1.3902566433, "min": -0.00299574900419, "var": 0.0686287507415}, "spectral_spread": {"dmean": 526884.1875, "dmean2": 734964.8125, "dvar": 326025510912, "dvar2": 611784261632, "max": 11066598, "mean": 5437390.5, "median": 5183637, "min": 2652339.75, "var": 16789