{"lowlevel": {"average_loudness": 0.931915223598, "barkbands": {"dmean": [8.24094695417e-06, 0.00116260035429, 0.00154152105097, 0.0012293108739, 0.0019939141348, 0.000888253096491, 0.000528732605744, 0.000685049919412, 0.000578998296987, 0.000536364677828, 0.000455398636404, 0.000307282287395, 0.000364662642824, 0.000334557815222, 0.000401288474677, 0.00047113650362, 0.000370266789105, 0.000322884880006, 0.000119282522064, 0.000154684195877, 0.000110789645987, 0.000115452297905, 7.56641093176e-05, 0.000117786883493, 4.91453574796e-05, 2.66224797087e-05, 1.86747809039e-06], "dmean2": [1.27146595332e-05, 0.00195847754367, 0.00264179846272, 0.00216216873378, 0.00325344223529, 0.00136662961449, 0.000823397538625, 0.00103011541069, 0.000882579362951, 0.000830783683341, 0.00071448815288, 0.000483885058202, 0.000580863736104, 0.000516895554028, 0.000644069281407, 0.000753342814278, 0.0005994127132, 0.000527374679223, 0.000187152792932, 0.000237923042732, 0.000166358673596, 0.000169907725649, 0.000115436028864, 0.000175258115632, 7.19994932297e-05, 3.85805069527e-05, 2.89840477308e-06], "dvar": [3.49560796975e-10, 3.51706898982e-06, 5.00395026393e-06, 6.96970619174e-06, 1.19647911561e-05, 2.18185891754e-06, 9.62302578955e-07, 1.98335260393e-06, 1.83859981462e-06, 1.72557497535e-06, 9.5205530215e-07, 4.12788239146e-07, 9.60463580668e-07, 4.6978217938e-07, 5.01408976561e-07, 7.16991280569e-07, 6.02431441621e-07, 4.90593436098e-07, 3.84121072727e-08, 7.11499126282e-08, 3.32866783026e-08, 5.92402642496e-08, 2.63396344735e-08, 7.3869010464e-08, 1.35871989215e-08, 3.20000892451e-09, 3.00960020794e-11], "dvar2": [6.4425276225e-10, 9.45277224673e-06, 1.38575451274e-05, 1.93484538613e-05, 3.03187698592e-05, 4.78155334349e-06, 2.12973782254e-06, 4.3047134568e-06, 4.09019821745e-06, 3.99489454139e-06, 2.24952327699e-06, 1.01380578599e-06, 2.49412323683e-06, 1.10141786536e-06, 1.29556951833e-06, 1.89331990441e-06, 1.6821418285e-06, 1.43682609632e-06, 9.48362313125e-08, 1.66719928529e-07, 7.71053976223e-08, 1.23722756484e-07, 5.78994416855e-08, 1.31818922e-07, 3.14903374488e-08, 6.95348889579e-09, 7.31070273763e-11], "max": [0.00059648102615, 0.0181443784386, 0.0348308309913, 0.0415332242846, 0.0785937458277, 0.0287214014679, 0.0172731168568, 0.0248796474189, 0.0294777750969, 0.0291794892401, 0.0168461110443, 0.0151997786015, 0.0402677580714, 0.0149605004117, 0.0133346663788, 0.0160784143955, 0.017960479483, 0.0156134450808, 0.00560526689515, 0.00575274415314, 0.0046789413318, 0.0133070098236, 0.00694320444018, 0.0134117584676, 0.00394234620035, 0.000796416134108, 0.000102308113128], "mean": [1.07511623355e-05, 0.00209181057289, 0.00274805910885, 0.00143330916762, 0.00386543595232, 0.00182892917655, 0.00103439309169, 0.00132388609927, 0.00100342207588, 0.000965348328464, 0.00078738539014, 0.000494795851409, 0.000651888316497, 0.000584780587815, 0.000687544117682, 0.000938391429372, 0.00084666343173, 0.000693021225743, 0.000254965765635, 0.000350146001438, 0.000246973097092, 0.000235050727497, 0.000136607588502, 0.000215086503886, 7.06526188878e-05, 3.26189583575e-05, 1.89464697087e-06], "median": [3.123635679e-06, 0.00167309097014, 0.00150579749607, 0.000689122127369, 0.00253648217767, 0.000862443470396, 0.000443164492026, 0.000389744003769, 0.000304473913275, 0.000304599176161, 0.000307580281515, 0.000231680096476, 0.000286633643555, 0.00027366890572, 0.000334597949404, 0.00041906198021, 0.000296965008602, 0.000261756125838, 0.000144809207995, 0.000144568344695, 0.000131272900035, 0.000128762127133, 6.63373648422e-05, 0.000115837989142, 2.73945825029e-05, 8.31840316096e-06, 2.64064226485e-07], "min": [7.12997532472e-25, 8.28887234235e-24, 2.41644266918e-24, 3.41139151374e-24, 1.70339255913e-23, 1.38120598822e-23, 9.42488332183e-24, 7.89877352497e-24, 3.64021253109e-23, 3.82530832954e-23, 2.77103927483e-23, 3.81784002558e-23, 7.06196928269e-23, 6.29206123404e-23, 5.14963949753e-23, 6.30166324898e-23, 7.47227098563e-23, 9.04568624662e-23, 1.8495512877e-22, 2.36709263535e-22, 3.04216117541e-22, 2.81748854089e-22, 4.1306198404e-22, 5.84038333486e-22, 1.00976013404e-21, 1.4288902886e-21, 2.11410905775e-21], "var": [8.50160331023e-10, 4.29903820987e-06, 1.36460903377e-05, 5.9507287915e-06, 2.45443716267e-05, 6.8856420512e-06, 2.784757271e-06, 5.80551704843e-06, 4.45529258286e-06, 4.17401088271e-06, 2.27149666898e-06, 6.34991806692e-07, 2.91863034363e-06, 9.91126853478e-07, 9.58213263402e-07, 1.88791500477e-06, 2.51904066317e-06, 1.39298379054e-06, 1.09213104338e-07, 2.86684866069e-07, 1.10570660183e-07, 1.60039320463e-07, 7.96028061245e-08, 2.7164944072e-07, 2.23180727232e-08, 4.53696680225e-09, 3.10413222904e-11]}, "barkbands_crest": {"dmean": 2.06532907486, "dmean2": 3.37699604034, "dvar": 4.02697563171, "dvar2": 10.0190267563, "max": 24.5727672577, "mean": 8.25282287598, "median": 7.40942287445, "min": 2.21245265007, "var": 12.8711261749}, "barkbands_flatness_db": {"dmean": 0.0177614167333, "dmean2": 0.0263270735741, "dvar": 0.000300474261167, "dvar2": 0.000632778566796, "max": 0.305063217878, "mean": 0.11142475903, "median": 0.104682475328, "min": 0.0199985094368, "var": 0.00166507333051}, "barkbands_kurtosis": {"dmean": 1.68196105957, "dmean2": 2.64047527313, "dvar": 10.0291471481, "dvar2": 22.1309890747, "max": 77.6225357056, "mean": 1.95972430706, "median": 0.247747659683, "min": -1.90485310555, "var": 28.7979373932}, "barkbands_skewness": {"dmean": 0.437814414501, "dmean2": 0.674299299717, "dvar": 0.218412861228, "dvar2": 0.48268699646, "max": 7.2508764267, "mean": 1.04998934269, "median": 0.915264129639, "min": -2.01850628853, "var": 1.15620005131}, "barkbands_spread": {"dmean": 5.58740472794, "dmean2": 8.60657310486, "dvar": 40.5759429932, "dvar2": 92.8503799438, "max": 132.700973511, "mean": 27.8079967499, "median": 26.7970962524, "min": 1.70941269398, "var": 197.677185059}, "dissonance": {"dmean": 0.0142930038273, "dmean2": 0.0237019620836, "dvar": 0.000211077407585, "dvar2": 0.00056609098101, "max": 0.499999970198, "mean": 0.46890988946, "median": 0.474813789129, "min": 0.267105579376, "var": 0.000583429995459}, "dynamic_complexity": 2.4411714077, "erbbands": {"dmean": [0.0142930746078, 0.334522992373, 1.65365314484, 2.7229180336, 6.66912078857, 6.4351067543, 5.34526157379, 7.58041667938, 8.22499656677, 10.7515592575, 14.2360944748, 14.2612514496, 14.6340150833, 14.8259105682, 17.4528541565, 14.2499752045, 14.9196710587, 18.1646957397, 14.300740242, 26.029258728, 24.0985679626, 16.333152771, 16.8767166138, 7.3261013031, 6.9592051506, 6.87683391571, 4.61149311066, 4.35179042816, 4.0218667984, 3.4094145298, 2.09374308586, 2.60466337204, 1.73405754566, 0.631970643997, 0.324411958456, 0.191648378968, 0.0278037060052, 0.00392917823046, 0.000289236690151, 1.86651941476e-05], "dmean2": [0.0233944412321, 0.563752233982, 2.82601857185, 4.79360580444, 10.9107637405, 10.7093439102, 8.47284603119, 11.6731309891, 12.5019264221, 16.4942703247, 21.1883144379, 21.3273849487, 22.5457992554, 22.4730434418, 27.4039669037, 22.1140213013, 23.4804782867, 28.0727500916, 22.6544971466, 41.7317733765, 38.3288803101, 26.1316814423, 27.323015213, 11.6221590042, 10.7666454315, 10.6871213913, 6.93482589722, 6.49093103409, 5.90425205231, 5.09767198563, 3.22189354897, 3.9214527607, 2.61420249939, 0.943598330021, 0.471120327711, 0.277971833944, 0.0406623706222, 0.00591649580747, 0.000440408388386, 2.75306756521e-05], "dvar": [0.000675194372889, 0.268240481615, 5.23969125748, 35.4881515503, 143.219177246, 162.23236084, 120.366172791, 171.355636597, 222.168563843, 529.788391113, 912.354614258, 1308.39440918, 1153.60571289, 1561.9822998, 1318.90405273, 770.571166992, 1678.34667969, 1052.76293945, 1055.80871582, 2049.96679688, 1838.00537109, 1336.05725098, 1324.23840332, 265.29083252, 123.848251343, 156.139358521, 51.61901474, 59.205783844, 61.0297012329, 57.3825531006, 23.4795627594, 46.8846168518, 14.5461177826, 2.89971184731, 0.499830514193, 0.158771932125, 0.00413730973378, 0.000115252885735, 6.84662893491e-07, 1.61183644209e-09], "dvar2": [0.00168942450546, 0.72966504097, 14.7177639008, 99.2245941162, 356.027099609, 421.754516602, 282.524230957, 368.11126709, 479.439453125, 1200.63623047, 1940.60913086, 2871.81005859, 2798.82080078, 3434.43847656, 3081.84643555, 1922.22741699, 4299.07568359, 2465.171875, 2572.17553711, 5434.83935547, 4921.02978516, 3760.13378906, 3750.98632812, 767.160339355, 291.646575928, 378.999267578, 115.531455994, 130.697265625, 125.664527893, 123.660324097, 51.3451690674, 88.5612792969, 29.4834060669, 7.00055837631, 1.12859833241, 0.336041867733, 0.00951836444438, 0.000274431396974, 1.65778442351e-06, 3.83858278497e-09], "max": [0.318507909775, 5.0952167511, 34.2724113464, 104.98915863, 336.301483154, 259.984924316, 220.488769531, 333.171447754, 273.980957031, 597.691650391, 672.084289551, 909.912536621, 828.757263184, 1179.54162598, 721.377441406, 510.331329346, 1594.62463379, 719.812255859, 788.557861328, 1003.53417969, 866.426269531, 916.737609863, 1000.77539062, 501.498504639, 266.262084961, 291.188201904, 194.550170898, 234.881484985, 283.30456543, 444.835510254, 251.000061035, 375.619567871, 213.277542114, 68.2582931519, 14.729218483, 6.44532108307, 0.955217838287, 0.178391486406, 0.0183680094779, 0.000761599920224], "mean": [0.0236414950341, 0.62323486805, 3.16850113869, 3.6842880249, 11.8438520432, 10.8663539886, 9.99250888824, 15.3740558624, 17.601896286, 20.2033061981, 28.7497844696, 25.8152389526, 27.45495224, 27.8538703918, 31.6072158813, 25.264831543, 29.0162258148, 33.4087562561, 25.7859325409, 50.4451980591, 53.4087905884, 44.3859977722, 39.3619613647, 16.2064533234, 16.097234726, 15.5556573868, 10.726603508, 9.58775424957, 8.35904312134, 6.23148727417, 3.95523500443, 4.81524419785, 2.96639060974, 0.970680594444, 0.439280211926, 0.240274533629, 0.032821726054, 0.00422517163679, 0.000318336853525, 4.3894720875e-05], "median": [0.0147988153622, 0.490974754095, 1.83628618717, 2.23897242546, 7.07654428482, 5.84722471237, 4.74909639359, 7.00115537643, 7.3264837265, 8.11094760895, 8.77942752838, 8.20728588104, 10.4981899261, 9.34304332733, 14.3822422028, 12.4923667908, 13.6982269287, 17.2885704041, 13.2603979111, 24.513961792, 25.9545822144, 17.3124523163, 16.0428981781, 8.76110839844, 8.36810970306, 6.41429901123, 5.72472286224, 5.02145814896, 4.42737817764, 3.35697650909, 1.99052679539, 2.53593707085, 1.53865122795, 0.424516409636, 0.148453548551, 0.065557859838, 0.0079499296844, 0.000713122019079, 6.83310863678e-05, 3.3501204598e-05], "min": [1.66771468386e-22, 1.13919935962e-21, 3.715278894e-21, 1.13798710381e-20, 5.89401406244e-20, 6.30297344975e-20, 7.59803455863e-20, 1.27721300695e-19, 2.04608462415e-19, 3.81825614327e-19, 2.30502640633e-19, 5.94721095236e-19, 1.00487079545e-18, 1.31825602873e-18, 2.19005021404e-18, 1.51829683858e-18, 2.93078652347e-18, 2.89105786583e-18, 2.74951464852e-18, 2.30951701477e-18, 4.36953815883e-18, 4.67017033502e-18, 6.03184031782e-18, 6.55004084744e-18, 9.05769553627e-18, 1.05635364824e-17, 9.62280051534e-18, 1.53005847835e-17, 1.10393158815e-17, 1.13789165363e-17, 1.30848293116e-17, 1.07512146644e-17, 1.28386396818e-17, 8.96768008765e-18, 7.99703161529e-18, 4.92305847343e-18, 2.58553643184e-18, 1.13007440393e-18, 2.76055657912e-19, 3.12836217999e-20], "var": [0.000798294495326, 0.368560582399, 15.4534797668, 28.849237442, 314.080810547, 275.071166992, 266.634216309, 575.954650879, 767.971313477, 1281.49731445, 2921.20166016, 3093.91601562, 2450.22827148, 3794.32617188, 2958.34912109, 1487.79772949, 5042.23632812, 2221.49536133, 1847.015625, 5096.59814453, 5403.77246094, 7005.46386719, 4363.3984375, 638.244018555, 444.211334229, 607.396789551, 194.082382202, 189.901046753, 168.562973022, 138.202545166, 76.7596893311, 168.009719849, 44.940536499, 4.79140377045, 0.801167607307, 0.236311241984, 0.00525210378692, 0.000130948712467, 7.26125279016e-07, 2.14389728193e-09]}, "erbbands_crest": {"dmean": 2.43526744843, "dmean2": 3.9350066185, "dvar": 5.40830278397, "dvar2": 13.1898984909, "max": 30.7297286987, "mean": 8.99314308167, "median": 8.01782512665, "min": 2.16920661926, "var": 17.5783481598}, "erbbands_flatness_db": {"dmean": 0.0169997103512, "dmean2": 0.0241437908262, "dvar": 0.000286169612082, "dvar2": 0.000539915869012, "max": 0.29451879859, "mean": 0.150899171829, "median": 0.146828815341, "min": 0.0281381551176, "var": 0.00144703651313}, "erbbands_kurtosis": {"dmean": 0.869404315948, "dmean2": 1.36864256859, "dvar": 2.11734580994, "dvar2": 5.26837921143, "max": 39.8384895325, "mean": 0.598891198635, "median": 0.000208616256714, "min": -1.78892278671, "var": 4.49221563339}, "erbbands_skewness": {"dmean": 0.321545004845, "dmean2": 0.495764374733, "dvar": 0.107308842242, "dvar2": 0.243322536349, "max": 5.80679893494, "mean": 0.0265827067196, "median": 0.021904848516, "min": -3.57437205315, "var": 0.656374156475}, "erbbands_spread": {"dmean": 7.9347243309, "dmean2": 12.159444809, "dvar": 80.6831970215, "dvar2": 185.381530762, "max": 126.53742218, "mean": 37.5163917542, "median": 35.8115348816, "min": 3.90169501305, "var": 263.860565186}, "gfcc": {"cov": [[9415.15136719, 204.372650146, -660.127319336, 149.495574951, -570.446655273, 214.379058838, -348.889862061, 66.4526062012, -259.045318604, 89.5964050293, -202.506515503, -4.88154125214, -184.212387085], [204.372650146, 868.566833496, -45.5048103333, -90.3579483032, 7.60354852676, 5.20454311371, 7.83204746246, -70.1755142212, 77.1733474731, -78.6016464233, 47.3920135498, -83.8820953369, 9.78127098083], [-660.127319336, -45.5048103333, 678.916687012, -16.528459549, 42.6570625305, 181.439651489, 8.57755661011, -54.1799430847, -52.713886261, 49.8063468933, -12.9444408417, -11.7488212585, -83.0901794434], [149.495574951, -90.3579483032, -16.528459549, 278.121002197, 55.4689941406, -50.3969650269, -25.5579891205, 9.65042591095, -10.5593423843, -21.6320934296, 22.89112854, 10.8952884674, 5.73991823196], [-570.446655273, 7.60354852676, 42.6570625305, 55.4689941406, 210.326583862, -3.09863638878, 43.2842788696, 13.911190033, -0.653918147087, -28.8367519379, -7.70468759537, -2.04583144188, 1.98031139374], [214.379058838, 5.20454311371, 181.439651489, -50.3969650269, -3.09863638878, 313.031311035, 86.7309265137, -14.5907831192, -38.6221885681, 20.4639034271, -34.7941856384, -32.6799659729, -42.8146286011], [-348.889862061, 7.83204746246, 8.57755661011, -25.5579891205, 43.2842788696, 86.7309265137, 151.143615723, 31.1366767883, 3.60993885994, -12.2612133026, -11.7379970551, -16.4148178101, 1.64784812927], [66.4526062012, -70.1755142212, -54.1799430847, 9.65042591095, 13.911190033, -14.5907831192, 31.1366767883, 105.398460388, 36.1192245483, 3.52620100975, -9.29173374176, 4.5830450058, -2.62307190895], [-259.045318604, 77.1733474731, -52.713886261, -10.5593423843, -0.653918147087, -38.6221885681, 3.60993885994, 36.1192245483, 111.144142151, 9.37549781799, 4.30229949951, -6.3850941658, 14.8790941238], [89.5964050293, -78.6016464233, 49.8063468933, -21.6320934296, -28.8367519379, 20.4639034271, -12.2612133026, 3.52620100975, 9.37549781799, 85.8311767578, 12.9584302902, 14.6282405853, -16.5589828491], [-202.506515503, 47.3920135498, -12.9444408417, 22.89112854, -7.70468759537, -34.7941856384, -11.7379970551, -9.29173374176, 4.30229949951, 12.9584302902, 101.45880127, 23.4513015747, 11.0435390472], [-4.88154125214, -83.8820953369, -11.7488212585, 10.8952884674, -2.04583144188, -32.6799659729, -16.4148178101, 4.5830450058, -6.3850941658, 14.6282405853, 23.4513015747, 78.4637451172, 31.2607898712], [-184.212387085, 9.78127098083, -83.0901794434, 5.73991823196, 1.98031139374, -42.8146286011, 1.64784812927, -2.62307190895, 14.8790941238, -16.5589828491, 11.0435390472, 31.2607898712, 86.7592926025]], "icov": [[0.000365626823623, -0.00057045678841, 0.000598086451646, -0.000593697652221, 0.000828822609037, -0.000584341119975, 0.000944020051975, -0.00102278566919, 0.00144941417966, -0.00085761025548, 0.00122734345496, -0.000792847829871, 0.000813760212623], [-0.00057045678841, 0.0028720612172, -0.000870639341883, 0.00167801126372, -0.0014902894618, 0.000605809036642, -0.00125800655223, 0.00315669621341, -0.00416190549731, 0.00341981952079, -0.00355333602056, 0.00304325856268, -0.00130531284958], [0.000598086451646, -0.000870639341883, 0.00311324722134, -0.000946963380557, 0.000633774558082, -0.00202643219382, 0.00188705767505, -0.000621375686023, 0.0024314140901, -0.00216340762563, 0.00200995453633, -0.00185794918798, 0.0029268800281], [-0.000593697652221, 0.00167801126372, -0.000946963380557, 0.00543001294136, -0.00259518972598, 0.00107094505802, -0.000399496464524, 0.00139729247894, -0.00239795842208, 0.00306642614305, -0.00365436100401, 0.00192123581655, -0.00130892894231], [0.000828822609037, -0.0014902894618, 0.000633774558082, -0.00259518972598, 0.00780825782567, -0.000551648961846, 2.34591207118e-05, -0.00271140271798, 0.00326271052472, -0.00047215790255, 0.00343953026459, -0.00240116450004, 0.00195130379871], [-0.000584341119975, 0.000605809036642, -0.00202643219382, 0.00107094505802, -0.000551648961846, 0.00635101553053, -0.00481782015413, 0.00211850274354, -0.000742748961784, -0.000159177463502, -0.000527802447323, 0.00201667100191, -0.000580752559472], [0.000944020051975, -0.00125800655223, 0.00188705767505, -0.000399496464524, 2.34591207118e-05, -0.00481782015413, 0.0126358177513, -0.00587504310533, 0.0036973755341, -0.000760564871598, 0.00204405933619, -0.000225868730922, 0.000226158328587], [-0.00102278566919, 0.00315669621341, -0.000621375686023, 0.00139729247894, -0.00271140271798, 0.00211850274354, -0.00587504310533, 0.0171162262559, -0.00963549502194, 0.00323792896233, -0.00276354909874, 0.000688199070282, 0.000895624165423], [0.00144941417966, -0.00416190549731, 0.0024314140901, -0.00239795842208, 0.00326271052472, -0.000742748961784, 0.0036973755341, -0.00963549502194, 0.0193124543875, -0.00786423869431, 0.00568990735337, -0.00127393112052, 0.000153093031258], [-0.00085761025548, 0.00341981952079, -0.00216340762563, 0.00306642614305, -0.00047215790255, -0.000159177463502, -0.000760564871598, 0.00323792896233, -0.00786423869431, 0.0195995382965, -0.00636507431045, -0.000640325830318, 0.00169372209348], [0.00122734345496, -0.00355333602056, 0.00200995453633, -0.00365436100401, 0.00343953026459, -0.000527802447323, 0.00204405933619, -0.00276354909874, 0.00568990735337, -0.00636507431045, 0.0169935449958, -0.00703737093136, 0.00289386883378], [-0.000792847829871, 0.00304325856268, -0.00185794918798, 0.00192123581655, -0.00240116450004, 0.00201667100191, -0.000225868730922, 0.000688199070282, -0.00127393112052, -0.000640325830318, -0.00703737093136, 0.0221334956586, -0.009840907529], [0.000813760212623, -0.00130531284958, 0.0029268800281, -0.00130892894231, 0.00195130379871, -0.000580752559472, 0.000226158328587, 0.000895624165423, 0.000153093031258, 0.00169372209348, 0.00289386883378, -0.009840907529, 0.0194569658488]], "mean": [12.5457620621, 81.8461914062, -124.939208984, 38.7027397156, -60.0453987122, 19.1465320587, -45.7062606812, 6.26886463165, -22.240945816, -2.72150850296, -18.7090301514, -3.31033492088, -9.61155700684]}, "hfc": {"dmean": 6.34883260727, "dmean2": 8.82610797882, "dvar": 72.050201416, "dvar2": 139.312713623, "max": 198.649932861, "mean": 24.2598514557, "median": 20.0629463196, "min": 1.13490927048e-16, "var": 378.499023438}, "melbands": {"dmean": [0.000222378293984, 0.000688178057317, 0.000562573492061, 0.000478167552501, 0.000200285358005, 0.000174239918124, 0.000121617420518, 0.000123034449643, 0.000115143266157, 8.74772667885e-05, 7.45300931158e-05, 6.23736486887e-05, 6.29021742498e-05, 3.72939794033e-05, 3.61199381587e-05, 3.52625138476e-05, 3.54966905434e-05, 2.39457694988e-05, 2.81000466202e-05, 3.85017483495e-05, 3.09623792418e-05, 1.98005418497e-05, 2.21921945922e-05, 1.1319357327e-05, 5.98317683398e-06, 5.47353693037e-06, 6.27455483482e-06, 4.520155926e-06, 3.12827501148e-06, 2.99396083392e-06, 2.71244198302e-06, 2.31621834246e-06, 2.51238998317e-06, 1.74060767222e-06, 1.25645419757e-06, 1.30392766096e-06, 1.88026433534e-06, 1.53849464368e-06, 6.41962344616e-07, 5.26488690866e-07], "dmean2": [0.000369575951481, 0.00117050774861, 0.000963341444731, 0.000789904908743, 0.000317904021358, 0.000266770919552, 0.0001846094965, 0.000187990503036, 0.000172509739059, 0.00013188511366, 0.000115149967314, 9.49846362346e-05, 9.87732928479e-05, 5.8309709857e-05, 5.73567813262e-05, 5.62878267374e-05, 5.49000396859e-05, 3.83613114536e-05, 4.47768070444e-05, 6.12231597188e-05, 4.97410765092e-05, 3.18525926559e-05, 3.6266133975e-05, 1.83253159776e-05, 9.57269367063e-06, 8.76077683643e-06, 9.73395526671e-06, 7.13008921593e-06, 4.7960907068e-06, 4.67660493086e-06, 4.11463406635e-06, 3.46075080415e-06, 3.84328086511e-06, 2.64941309069e-06, 1.96986002265e-06, 2.04637103707e-06, 2.87372836283e-06, 2.36537948695e-06, 9.78295133791e-07, 8.04463525128e-07], "dvar": [1.40655160408e-07, 8.84543339907e-07, 1.15177419957e-06, 7.29920770937e-07, 1.46998260675e-07, 8.43254710503e-08, 4.64364546815e-08, 6.83163605686e-08, 6.01650569365e-08, 4.48189254598e-08, 3.0307429455e-08, 2.98450189007e-08, 1.78693913e-08, 5.35456656792e-09, 1.38971989472e-08, 4.30769064863e-09, 4.66665239784e-09, 3.63997365582e-09, 2.61703747562e-09, 5.08516739828e-09, 3.62210306193e-09, 2.19888240949e-09, 2.52929099887e-09, 5.27346166734e-10, 1.85031726052e-10, 1.03336728063e-10, 1.21749596516e-10, 8.04553437761e-11, 2.74155021601e-11, 2.56949687222e-11, 2.47894274552e-11, 1.83072758342e-11, 5.49129838823e-11, 1.22345761994e-11, 8.20701926557e-12, 1.23214008441e-11, 2.43198117894e-11, 1.19197976142e-11, 1.74052775231e-12, 2.89451188712e-12], "dvar2": [3.62189865655e-07, 2.44838861363e-06, 3.12840734296e-06, 1.88766443898e-06, 3.47144009538e-07, 1.80796561722e-07, 9.9991595448e-08, 1.54163146249e-07, 1.31346666876e-07, 9.76559917376e-08, 7.32703711037e-08, 6.5709294006e-08, 4.23079029588e-08, 1.29034427587e-08, 3.66900536619e-08, 1.0888487445e-08, 1.09608455645e-08, 8.96903351588e-09, 6.81158551785e-09, 1.33354687293e-08, 9.85311920942e-09, 6.21319884431e-09, 7.33912219886e-09, 1.47096557157e-09, 5.34370714345e-10, 2.66836414076e-10, 2.90294455141e-10, 2.00073235757e-10, 6.35375502211e-11, 6.46752235101e-11, 5.46902592657e-11, 3.89688697977e-11, 1.24840346394e-10, 2.70997963653e-11, 1.83294178446e-11, 2.7375893219e-11, 4.74935507588e-11, 2.50416042069e-11, 3.90533265449e-12, 7.30946032867e-12], "max": [0.00379055691883, 0.0130031891167, 0.0161477532238, 0.0197062399238, 0.00700442865491, 0.00662301108241, 0.00406958675012, 0.00619420735165, 0.00499430345371, 0.00524723855779, 0.00427804840729, 0.00501494016498, 0.00237253610976, 0.00181809638161, 0.00470805540681, 0.00163013767451, 0.00165116542485, 0.00168765347917, 0.00124762393534, 0.00164564326406, 0.00123203103431, 0.00120481476188, 0.00118815153837, 0.00062394712586, 0.00041846150998, 0.000357362208888, 0.000176199697307, 0.000240353285335, 0.000123303107102, 0.000120706572488, 0.000162910073414, 0.000148670151248, 0.000475887180073, 0.000125285354443, 0.000149688014062, 0.000175035340362, 0.000248766533332, 0.000207437056815, 4.15316935687e-05, 7.82140123192e-05], "mean": [0.000389896536944, 0.00139059463982, 0.00091349874856, 0.000869228038937, 0.000376524199964, 0.000358974095434, 0.000260207569227, 0.000229812940233, 0.000227804644965, 0.000153136643348, 0.000135488822707, 0.000112220666779, 0.000109224085463, 6.37637858745e-05, 6.661205407e-05, 6.2980572693e-05, 6.13258016529e-05, 3.89415363315e-05, 4.9225105613e-05, 7.50443869038e-05, 6.2717081164e-05, 4.61215058749e-05, 4.92429862788e-05, 2.36171072174e-05, 1.14145077532e-05, 1.11986300908e-05, 1.27723069454e-05, 9.69036955212e-06, 6.86227531332e-06, 5.71119198867e-06, 5.62911645829e-06, 4.6029740588e-06, 4.57381338492e-06, 2.95820791507e-06, 2.19708954319e-06, 2.32271190725e-06, 3.27289239976e-06, 2.53872758549e-06, 9.99111193778e-07, 7.52252390157e-07], "median": [0.000315641664201, 0.000939969962928, 0.000643488368951, 0.000544775102753, 0.00018452918448, 0.000162061871379, 0.000110365443106, 9.20782113099e-05, 6.52708404232e-05, 4.80734561279e-05, 4.8090780183e-05, 3.23377898894e-05, 4.41255579062e-05, 3.46125452779e-05, 2.49220083788e-05, 3.28329879267e-05, 2.84608904622e-05, 1.72024392668e-05, 2.28854423767e-05, 3.56707969331e-05, 2.49867316597e-05, 1.59764622367e-05, 1.67607977346e-05, 1.05721210275e-05, 5.33651382284e-06, 5.83718247071e-06, 5.28038526681e-06, 3.65706910088e-06, 3.2865675621e-06, 3.00928718389e-06, 2.7171365673e-06, 2.30706655202e-06, 2.40723579736e-06, 1.51048220687e-06, 1.04947810087e-06, 1.13544115266e-06, 1.70905502728e-06, 1.30599016757e-06, 4.56161700413e-07, 3.00360852634e-07], "min": [3.09734598737e-24, 1.78179539346e-24, 3.44904542246e-24, 3.52133466367e-24, 2.68577003741e-24, 2.6800916194e-24, 2.59592016081e-24, 3.49515670896e-24, 2.11490019373e-24, 4.45910371437e-24, 5.07280515533e-24, 5.71900293243e-24, 7.01669608203e-24, 5.14906078917e-24, 5.17319835515e-24, 5.04621344308e-24, 5.53196322294e-24, 4.18453357656e-24, 3.95933863724e-24, 2.79157521746e-24, 4.7849300895e-24, 4.25696520715e-24, 3.174578231e-24, 4.61442056585e-24, 4.55590483605e-24, 6.89441238653e-24, 5.84756201643e-24, 6.69255944696e-24, 4.81369826899e-24, 6.77327490592e-24, 8.23042879333e-24, 5.27690279861e-24, 5.479856988e-24, 6.62055774556e-24, 6.85909192836e-24, 7.58971438839e-24, 5.84217172987e-24, 8.16915165593e-24, 8.09991333428e-24, 6.89675924772e-24], "var": [1.62793867275e-07, 2.34218487094e-06, 1.30069440729e-06, 1.38366908686e-06, 3.40084199024e-07, 2.92154624049e-07, 1.62871202747e-07, 1.70718990944e-07, 1.79930026434e-07, 1.07217296375e-07, 6.51100364735e-08, 7.24935489416e-08, 4.1287194108e-08, 8.68214122818e-09, 4.10068778933e-08, 1.02809316616e-08, 9.34323907131e-09, 6.36536690024e-09, 5.37734567985e-09, 1.30812027876e-08, 9.78161285303e-09, 9.01349483939e-09, 9.08106656539e-09, 1.37381028775e-09, 3.88825804887e-10, 2.68004451964e-10, 3.74322128849e-10, 2.93091828585e-10, 9.14427283893e-11, 5.97111041167e-11, 7.80746925444e-11, 4.89080963229e-11, 1.18730539289e-10, 2.60385931566e-11, 2.32093164132e-11, 4.02320503301e-11, 7.8014941729e-11, 3.42609447757e-11, 3.83401903975e-12, 3.88300502863e-12]}, "melbands_crest": {"dmean": 2.96066880226, "dmean2": 4.93758821487, "dvar": 7.33463573456, "dvar2": 19.7573623657, "max": 30.6538982391, "mean": 12.3094167709, "median": 11.3383197784, "min": 1.87125265598, "var": 23.8908901215}, "melbands_flatness_db": {"dmean": 0.0223313551396, "dmean2": 0.0337494239211, "dvar": 0.000513348670211, "dvar2": 0.0011366904946, "max": 0.405129134655, "mean": 0.160583183169, "median": 0.150868237019, "min": 0.0043957750313, "var": 0.00314629869536}, "melbands_kurtosis": {"dmean": 4.75657892227, "dmean2": 7.49401903152, "dvar": 79.6023330688, "dvar2": 185.021026611, "max": 160.516189575, "mean": 8.58400726318, "median": 4.04049253464, "min": -1.70706224442, "var": 195.044296265}, "melbands_skewness": {"dmean": 0.615301847458, "dmean2": 0.950909554958, "dvar": 0.502455174923, "dvar2": 1.13050639629, "max": 10.4343881607, "mean": 2.15193104744, "median": 1.87758457661, "min": -1.26743865013, "var": 2.08203959465}, "melbands_spread": {"dmean": 7.83402633667, "dmean2": 12.2311201096, "dvar": 97.7822875977, "dvar2": 222.722793579, "max": 217.612258911, "mean": 33.4488792419, "median": 29.4965553284, "min": 1.61276400089, "var": 458.198272705}, "mfcc": {"cov": [[5771.92480469, -118.08429718, -105.470611572, -79.398147583, -120.070953369, -0.0222171228379, -70.1599121094, -32.8353500366, -20.7432861328, -57.7338676453, -25.5605888367, 91.7105331421, -108.583770752], [-118.08429718, 825.107116699, 56.881111145, -109.031471252, 30.6414222717, 51.7803688049, -20.7844047546, 9.40268039703, -9.99101448059, 24.8850517273, 34.2444953918, -18.8164920807, -34.4135437012], [-105.470611572, 56.881111145, 529.366760254, -112.700210571, 43.0577812195, 162.533309937, 64.6262130737, -21.6168766022, -35.7495613098, 13.1796197891, 35.9479064941, 16.4448318481, -13.7575473785], [-79.398147583, -109.031471252, -112.700210571, 322.622528076, 77.5407867432, -96.3550491333, -32.7866973877, 1.92770409584, -14.1035528183, -46.5775032043, -30.0937423706, 23.8076534271, 24.6084213257], [-120.070953369, 30.6414222717, 43.0577812195, 77.5407867432, 153.131530762, 26.5741615295, 9.88240146637, 11.7522497177, -8.78901481628, -5.7228603363, -6.87859869003, 10.84329319, 1.9076757431], [-0.0222171228379, 51.7803688049, 162.533309937, -96.3550491333, 26.5741615295, 214.786056519, 96.799041748, 16.2849826813, 15.2126817703, 21.155500412, 15.1653547287, -13.4511241913, -14.1034679413], [-70.1599121094, -20.7844047546, 64.6262130737, -32.7866973877, 9.88240146637, 96.799041748, 163.281402588, 48.0346031189, -5.86986255646, 25.8340644836, 3.8483042717, -17.9294834137, -5.36760902405], [-32.8353500366, 9.40268039703, -21.6168766022, 1.92770409584, 11.7522497177, 16.2849826813, 48.0346031189, 98.1841278076, 42.1433830261, 12.5471849442, 6.31144094467, 1.24022912979, -4.28933048248], [-20.7432861328, -9.99101448059, -35.7495613098, -14.1035528183, -8.78901481628, 15.2126817703, -5.86986255646, 42.1433830261, 118.590698242, 24.9590606689, 4.27171468735, -3.34577178955, -5.89588689804], [-57.7338676453, 24.8850517273, 13.1796197891, -46.5775032043, -5.7228603363, 21.155500412, 25.8340644836, 12.5471849442, 24.9590606689, 96.0383987427, 26.9388999939, -19.3154850006, -2.77415013313], [-25.5605888367, 34.2444953918, 35.9479064941, -30.0937423706, -6.87859869003, 15.1653547287, 3.8483042717, 6.31144094467, 4.27171468735, 26.9388999939, 76.531829834, 26.0119781494, -6.70259141922], [91.7105331421, -18.8164920807, 16.4448318481, 23.8076534271, 10.84329319, -13.4511241913, -17.9294834137, 1.24022912979, -3.34577178955, -19.3154850006, 26.0119781494, 106.746406555, 22.0702362061], [-108.583770752, -34.4135437012, -13.7575473785, 24.6084213257, 1.9076757431, -14.1034679413, -5.36760902405, -4.28933048248, -5.89588689804, -2.77415013313, -6.70259141922, 22.0702362061, 74.4431915283]], "icov": [[0.000194310938241, 3.57060525857e-05, 6.86109051458e-05, 3.33770331054e-05, 0.000158872135216, -0.000133496738272, 0.000121536395454, -1.69031791302e-05, 0.000109889930172, -1.95715674636e-05, 0.000212944345549, -0.000326517445501, 0.000403953134082], [3.57060525857e-05, 0.00139675464015, 7.14356210665e-05, 0.000511998892762, -0.000497033062857, -0.000344174855854, 0.000745741766877, -0.000520904315636, 0.000508887285832, -0.000137588183861, -0.000437988317572, 0.000235816303757, 0.000438841729192], [6.86109051458e-05, 7.14356210665e-05, 0.00283171911724, 0.000661722093355, -0.000757203262765, -0.00184327387251, -5.0972612371e-05, 0.000729051593225, 0.000878299993929, 6.09750313743e-05, -0.000646551896352, -0.000681253382936, 0.000361790065654], [3.33770331054e-05, 0.000511998892762, 0.000661722093355, 0.00515881786123, -0.00310067343526, 0.00206605927087, -0.000537774059922, 8.10084820841e-05, -8.73024546308e-05, 0.0016343772877, 0.000322789273923, -0.000353390205419, -0.000673076778185], [0.000158872135216, -0.000497033062857, -0.000757203262765, -0.00310067343526, 0.00916073285043, -0.00228810217232, 0.00105930597056, -0.00165977934375, 0.00119354506023, -0.00115019583609, 0.00156178942416, -0.00113973487169, 0.000729695311747], [-0.000133496738272, -0.000344174855854, -0.00184327387251, 0.00206605927087, -0.00228810217232, 0.00982721243054, -0.00545697845519, 0.00201388099231, -0.00302088260651, 0.00135286699515, -0.000864417059347, 0.000819177017547, -0.000243974311161], [0.000121536395454, 0.000745741766877, -5.0972612371e-05, -0.000537774059922, 0.00105930597056, -0.00545697845519, 0.0119758220389, -0.00668973056599, 0.00432081567124, -0.00273314723745, 0.00112386303954, 0.000770208367612, 0.000220623755013], [-1.69031791302e-05, -0.000520904315636, 0.000729051593225, 8.10084820841e-05, -0.00165977934375, 0.00201388099231, -0.00668973056599, 0.0162919946015, -0.0065075638704, 0.00109750661068, -0.00133700168226, -0.000856800179463, 0.000382076657843], [0.000109889930172, 0.000508887285832, 0.000878299993929, -8.73024546308e-05, 0.00119354506023, -0.00302088260651, 0.00432081567124, -0.0065075638704, 0.012473879382, -0.00346486247145, 0.00119572260883, -0.00056655012304, 0.00105483003426], [-1.95715674636e-05, -0.000137588183861, 6.09750313743e-05, 0.0016343772877, -0.00115019583609, 0.00135286699515, -0.00273314723745, 0.00109750661068, -0.00346486247145, 0.0148055301979, -0.00616605579853, 0.003900666954, -0.00190349272452], [0.000212944345549, -0.000437988317572, -0.000646551896352, 0.000322789273923, 0.00156178942416, -0.000864417059347, 0.00112386303954, -0.00133700168226, 0.00119572260883, -0.00616605579853, 0.0187581349164, -0.00660548917949, 0.00319431908429], [-0.000326517445501, 0.000235816303757, -0.000681253382936, -0.000353390205419, -0.00113973487169, 0.000819177017547, 0.000770208367612, -0.000856800179463, -0.00056655012304, 0.003900666954, -0.00660548917949, 0.013497825712, -0.00468171807006], [0.000403953134082, 0.000438841729192, 0.000361790065654, -0.000673076778185, 0.000729695311747, -0.000243974311161, 0.000220623755013, 0.000382076657843, 0.00105483003426, -0.00190349272452, 0.00319431908429, -0.00468171807006, 0.0161757059395]], "mean": [-621.304870605, 105.409721375, -2.171677351, 19.2134494781, 9.29585647583, 7.69251298904, -5.83685731888, 3.57082986832, 0.197457417846, -0.242953419685, -6.46788644791, 1.40628540516, -3.07771396637]}, "pitch_salience": {"dmean": 0.058774292469, "dmean2": 0.0956152826548, "dvar": 0.00292711611837, "dvar2": 0.00748001970351, "max": 0.875358939171, "mean": 0.551251828671, "median": 0.55340462923, "min": 0.16803111136, "var": 0.00889962073416}, "silence_rate_20dB": {"dmean": 0, "dmean2": 0, "dvar": 0, "dvar2": 0, "max": 1, "mean": 1, "median": 1, "min": 1, "var": 0}, "silence_rate_30dB": {"dmean": 0, "dmean2": 0, "dvar": 0, "dvar2": 0, "max": 1, "mean": 1, "median": 1, "min": 1, "var": 0}, "silence_rate_60dB": {"dmean": 0.0119840214029, "dmean2": 0.0239712353796, "dvar": 0.0118415141478, "dvar2": 0.0271253641695, "max": 1, "mean": 0.0376780703664, "median": 0, "min": 0, "var": 0.0362577438354}, "spectral_centroid": {"dmean": 235.907791138, "dmean2": 358.764526367, "dvar": 84455.125, "dvar2": 177779.171875, "max": 11148.4404297, "mean": 1559.39929199, "median": 1490.63085938, "min": 255.84085083, "var": 581415.8125}, "spectral_complexity": {"dmean": 3.78109192848, "dmean2": 5.42149400711, "dvar": 16.3737792969, "dvar2": 28.1980724335, "max": 58, "mean": 21.9122619629, "median": 22, "min": 0, "var": 98.2905273438}, "spectral_contrast_coeffs": {"dmean": [0.0509789250791, 0.0466595888138, 0.0382965654135, 0.0313285291195, 0.0228495411575, 0.0176975857466], "dmean2": [0.0840791836381, 0.074377015233, 0.0605251453817, 0.0501680523157, 0.0359341092408, 0.0276965610683], "dvar": [0.00188696931582, 0.0015222618822, 0.000963909144048, 0.000621929124463, 0.000367661443306, 0.000248855096288], "dvar2": [0.00509567186236, 0.00376376137137, 0.00229168171063, 0.00153249374125, 0.000784377392847, 0.000560091808438], "max": [-0.30947124958, -0.45640823245, -0.520129323006, -0.550266027451, -0.558013677597, -0.595830082893], "mean": [-0.616569459438, -0.713012814522, -0.757384359837, -0.758955180645, -0.767809808254, -0.756401538849], "median": [-0.616540789604, -0.716678380966, -0.764868497849, -0.765096724033, -0.775061607361, -0.75504219532], "min": [-0.969213962555, -0.979337275028, -0.974779009819, -0.959929049015, -0.968574106693, -0.961820363998], "var": [0.00649851700291, 0.00639291387051, 0.00419667176902, 0.00300318957306, 0.0028602136299, 0.00128948211204]}, "spectral_contrast_valleys": {"dmean": [0.394390195608, 0.358404934406, 0.326722204685, 0.284166663885, 0.262116700411, 0.350287586451], "dmean2": [0.648687839508, 0.577775359154, 0.508281826973, 0.424509733915, 0.359490036964, 0.457624614239], "dvar": [0.130189418793, 0.112861685455, 0.105672255158, 0.0865874961019, 0.0862620770931, 0.161683768034], "dvar2": [0.31374925375, 0.260816991329, 0.218551814556, 0.161155357957, 0.144112721086, 0.297031670809], "max": [-5.63486051559, -4.95417547226, -5.21561193466, -5.53231191635, -5.6607670784, -7.36185693741], "mean": [-7.41661071777, -6.9121260643, -7.32078695297, -7.47971057892, -7.52793931961, -9.86146640778], "median": [-7.20069217682, -6.77707386017, -7.15649318695, -7.33554697037, -7.37932920456, -9.68922805786], "min": [-28.2394695282, -27.732509613, -27.6090717316, -27.5289173126, -27.3822879791, -27.3429679871], "var": [1.41657233238, 1.51290869713, 1.52326369286, 1.43521499634, 1.40262234211, 1.38747549057]}, "spectral_decrease": {"dmean": 1.47142453777e-09, "dmean2": 2.29051200229e-09, "dvar": 3.07154702113e-18, "dvar2": 7.39185718016e-18, "max": 1.99992186847e-15, "mean": -5.65237234795e-09, "median": -5.38343369882e-09, "min": -2.86654646686e-08, "var": 9.72879543904e-18}, "spectral_energy": {"dmean": 0.00596067029983, "dmean2": 0.00916830822825, "dvar": 4.89322119392e-05, "dvar2": 0.000115529095638, "max": 0.111163139343, "mean": 0.0235337708145, "median": 0.0224073845893, "min": 1.04558214366e-20, "var": 0.000165698569617}, "spectral_energyband_high": {"dmean": 0.0004593138583, "dmean2": 0.000636690063402, "dvar": 5.85377506468e-07, "dvar2": 1.09189772957e-06, "max": 0.0265516918153, "mean": 0.00108767230995, "median": 0.000640473677777, "min": 7.16437365183e-21, "var": 2.34981939684e-06}, "spectral_energyband_low": {"dmean": 0.0026664447505, "dmean2": 0.00451307650656, "dvar": 1.57665363076e-05, "dvar2": 4.19574025727e-05, "max": 0.0503074601293, "mean": 0.00537764141336, "median": 0.00393441459164, "min": 2.07614858505e-23, "var": 2.96380821965e-05}, "spectral_energyband_middle_high": {"dmean": 0.00199094810523, "dmean2": 0.00292163807899, "dvar": 7.26401094653e-06, "dvar2": 1.59164610523e-05, "max": 0.0429704450071, "mean": 0.00690024206415, "median": 0.0051729567349, "min": 1.37200940361e-21, "var": 3.81517565984e-05}, "spectral_energyband_middle_low": {"dmean": 0.00392836565152, "dmean2": 0.00622853729874, "dvar": 2.69829142781e-05, "dvar2": 6.67645217618e-05, "max": 0.0985724851489, "mean": 0.010840809904, "median": 0.00933518633246, "min": 2.43293538412e-22, "var": 6.59815559629e-05}, "spectral_entropy": {"dmean": 0.160806834698, "dmean2": 0.228110775352, "dvar": 0.0288635753095, "dvar2": 0.0552391223609, "max": 9.8156375885, "mean": 7.65917396545, "median": 7.69951820374, "min": 5.93731689453, "var": 0.153716415167}, "spectral_flux": {"dmean": 0.019494201988, "dmean2": 0.0290031060576, "dvar": 0.000418786425143, "dvar2": 0.000847247953061, "max": 0.278111964464, "mean": 0.0752293169498, "median": 0.0701723247766, "min": 6.62479168745e-11, "var": 0.00122600619216}, "spectral_kurtosis": {"dmean": 1.13768553734, "dmean2": 1.84819412231, "dvar": 1.58767461777, "dvar2": 4.10219717026, "max": 22.7062149048, "mean": 3.62328743935, "median": 3.16187000275, "min": -1.23756062984, "var": 4.24077129364}, "spectral_rms": {"dmean": 0.000598459446337, "dmean2": 0.00090496550547, "dvar": 4.0661359435e-07, "dvar2": 9.13483631848e-07, "max": 0.0104140210897, "mean": 0.00457158684731, "median": 0.0046755601652, "min": 3.19386943108e-12, "var": 2.06041067941e-06}, "spectral_rolloff": {"dmean": 440.365509033, "dmean2": 734.214355469, "dvar": 598487.875, "dvar2": 1390325.75, "max": 19982.8125, "mean": 1966.49316406, "median": 1916.45507812, "min": 129.19921875, "var": 2737865.25}, "spectral_skewness": {"dmean": 0.17258630693, "dmean2": 0.267360210419, "dvar": 0.0297768693417, "dvar2": 0.0675024911761, "max": 3.59474849701, "mean": 1.44159352779, "median": 1.40547931194, "min": -0.11042650789, "var": 0.137233018875}, "spectral_spread": {"dmean": 586657.3125, "dmean2": 850534.4375, "dvar": 630143516672, "dvar2": 1322016964610.0, "max": 42482132, "mean": 4760656, "median": 4564941, "min": 1911510.125, "var": 3486880890880.0}, "spectral_strongpeak":